i01,e01,c1,p01,l3,0.0
i01,e01,c1,p02,l3,0.0
i01,e01,c1,p03,l3,0.0
i01,e01,c1,p04,l3,8.0
i01,e01,c1,p05,l3,0.0
i01,e01,c1,p06,l3,0.0
i01,e01,c1,p07,l3,0.0
i01,e01,c1,p08,l3,0.0
i01,e01,c1,p09,l3,0.0
i01,e01,c1,p10,l3,2.0
i01,e01,c1,p11,l3,0.0
i01,e01,c1,p12,l3,0.0
i01,e01,c1,p13,l3,0.0
i01,e01,c1,p14,l3,1.0
i01,e01,c1,p15,l3,0.0
i01,e01,c1,p16,l3,0.0
i01,e01,c1,p17,l3,0.0
i01,e01,c1,p18,l3,0.0
i01,e01,c1,p19,l3,0.0
i01,e01,c1,p20,l3,0.0
i01,e01,c1,p21,l3,7.0
i01,e01,c1,p22,l3,0.0
i01,e01,c1,p23,l3,0.0
i01,e01,c1,p24,l3,0.0
i01,e01,c1,p25,l3,0.0
i01,e01,c1,p26,l3,0.0
i01,e01,c1,p27,l3,0.0
i01,e01,c1,p28,l3,0.0
i01,e01,c1,p29,l3,0.0
i01,e01,c1,p30,l3,0.0
i01,e01,c1,p31,l3,0.0
i01,e01,c1,p32,l3,0.0
i01,e01,c1,p33,l3,0.0
i01,e01,c1,p34,l3,0.0
i01,e01,c1,p35,l3,5.0
i01,e01,c4,p01,l3,0.0
i01,e01,c4,p03,l3,0.0
i01,e01,c4,p04,l3,0.0
i01,e01,c4,p06,l3,0.0
i01,e01,c4,p07,l3,0.0
i01,e01,c4,p08,l3,0.0
i01,e01,c4,p09,l3,0.0
i01,e01,c4,p10,l3,0.0
i01,e01,c4,p11,l3,0.0
i01,e01,c4,p13,l3,0.0
i01,e01,c4,p15,l3,0.0
i01,e01,c4,p16,l3,0.0
i01,e01,c4,p17,l3,0.0
i01,e01,c4,p19,l3,0.0
i01,e01,c4,p21,l3,0.0
i01,e01,c4,p22,l3,0.0
i01,e01,c4,p23,l3,0.0
i01,e01,c4,p35,l3,7.0
i01,e01,c7,p35,l3,0.0
i01,e04,c1,p01,l1,0.0
i01,e04,c1,p01,l3,1.0
i01,e04,c1,p02,l1,0.0
i01,e04,c1,p02,l3,0.0
i01,e04,c1,p03,l1,0.0
i01,e04,c1,p03,l3,0.0
i01,e04,c1,p04,l1,0.0
i01,e04,c1,p04,l3,0.0
i01,e04,c1,p05,l1,0.0
i01,e04,c1,p05,l3,0.0
i01,e04,c1,p06,l1,0.0
i01,e04,c1,p06,l3,0.0
i01,e04,c1,p07,l1,0.0
i01,e04,c1,p07,l3,0.0
i01,e04,c1,p08,l1,0.0
i01,e04,c1,p08,l3,0.0
i01,e04,c1,p09,l1,0.0
i01,e04,c1,p09,l3,0.0
i01,e04,c1,p10,l1,0.0
i01,e04,c1,p10,l3,7.0
i01,e04,c1,p11,l1,0.0
i01,e04,c1,p11,l3,0.0
i01,e04,c1,p12,l1,0.0
i01,e04,c1,p12,l3,0.0
i01,e04,c1,p13,l1,0.0
i01,e04,c1,p13,l3,0.0
i01,e04,c1,p14,l1,0.0
i01,e04,c1,p14,l3,0.0
i01,e04,c1,p15,l1,0.0
i01,e04,c1,p15,l3,0.0
i01,e04,c1,p16,l1,0.0
i01,e04,c1,p16,l3,0.0
i01,e04,c1,p17,l1,0.0
i01,e04,c1,p17,l3,0.0
i01,e04,c1,p18,l1,0.0
i01,e04,c1,p18,l3,0.0
i01,e04,c1,p19,l1,0.0
i01,e04,c1,p19,l3,0.0
i01,e04,c1,p20,l1,0.0
i01,e04,c1,p20,l3,0.0
i01,e04,c1,p21,l1,0.0
i01,e04,c1,p21,l3,0.0
i01,e04,c1,p22,l1,0.0
i01,e04,c1,p22,l3,0.0
i01,e04,c1,p23,l1,0.0
i01,e04,c1,p23,l3,0.0
i01,e04,c1,p24,l1,0.0
i01,e04,c1,p24,l3,0.0
i01,e04,c1,p25,l1,0.0
i01,e04,c1,p25,l3,0.0
i01,e04,c1,p26,l1,0.0
i01,e04,c1,p26,l3,0.0
i01,e04,c1,p27,l3,0.0
i01,e04,c1,p28,l1,0.0
i01,e04,c1,p28,l3,0.0
i01,e04,c1,p29,l1,0.0
i01,e04,c1,p29,l3,0.0
i01,e04,c1,p30,l1,0.0
i01,e04,c1,p30,l3,0.0
i01,e04,c1,p31,l1,0.0
i01,e04,c1,p31,l3,0.0
i01,e04,c1,p32,l1,0.0
i01,e04,c1,p32,l3,0.0
i01,e04,c1,p33,l1,0.0
i01,e04,c1,p33,l3,0.0
i01,e04,c1,p34,l3,0.0
i01,e04,c1,p35,l1,0.0
i01,e04,c1,p35,l3,7.0
i01,e04,c4,p01,l1,0.0
i01,e04,c4,p01,l3,0.0
i01,e04,c4,p04,l1,0.0
i01,e04,c4,p04,l3,0.0
i01,e04,c4,p07,l3,0.0
i01,e04,c4,p08,l3,0.0
i01,e04,c4,p09,l3,0.0
i01,e04,c4,p10,l1,0.0
i01,e04,c4,p10,l3,0.0
i01,e04,c4,p11,l1,0.0
i01,e04,c4,p11,l3,0.0
i01,e04,c4,p13,l3,0.0
i01,e04,c4,p15,l3,0.0
i01,e04,c4,p16,l1,0.0
i01,e04,c4,p16,l3,0.0
i01,e04,c4,p19,l3,0.0
i01,e04,c4,p21,l3,0.0
i01,e04,c4,p22,l1,0.0
i01,e04,c4,p22,l3,0.0
i01,e04,c4,p23,l3,0.0
i01,e04,c4,p35,l1,0.0
i01,e04,c4,p35,l3,0.0
i01,e04,c7,p35,l3,0.0
i01,e05,c1,p01,l1,0.0
i01,e05,c1,p01,l3,0.0
i01,e05,c1,p02,l1,0.0
i01,e05,c1,p02,l3,0.0
i01,e05,c1,p03,l1,0.0
i01,e05,c1,p03,l3,0.0
i01,e05,c1,p04,l1,0.0
i01,e05,c1,p04,l3,0.0
i01,e05,c1,p05,l1,0.0
i01,e05,c1,p05,l3,0.0
i01,e05,c1,p06,l1,0.0
i01,e05,c1,p06,l3,0.0
i01,e05,c1,p07,l1,0.0
i01,e05,c1,p07,l3,0.0
i01,e05,c1,p08,l1,0.0
i01,e05,c1,p08,l3,0.0
i01,e05,c1,p09,l1,0.0
i01,e05,c1,p09,l3,0.0
i01,e05,c1,p10,l1,0.0
i01,e05,c1,p10,l3,0.0
i01,e05,c1,p11,l1,0.0
i01,e05,c1,p11,l3,0.0
i01,e05,c1,p12,l1,0.0
i01,e05,c1,p12,l3,0.0
i01,e05,c1,p13,l1,0.0
i01,e05,c1,p13,l3,0.0
i01,e05,c1,p14,l1,0.0
i01,e05,c1,p14,l3,0.0
i01,e05,c1,p15,l1,0.0
i01,e05,c1,p15,l3,0.0
i01,e05,c1,p16,l1,0.0
i01,e05,c1,p16,l3,0.0
i01,e05,c1,p17,l1,0.0
i01,e05,c1,p17,l3,0.0
i01,e05,c1,p18,l1,0.0
i01,e05,c1,p18,l3,0.0
i01,e05,c1,p19,l1,0.0
i01,e05,c1,p19,l3,0.0
i01,e05,c1,p20,l1,0.0
i01,e05,c1,p20,l3,0.0
i01,e05,c1,p21,l1,0.0
i01,e05,c1,p21,l3,0.0
i01,e05,c1,p22,l1,0.0
i01,e05,c1,p22,l3,0.0
i01,e05,c1,p23,l1,0.0
i01,e05,c1,p23,l3,0.0
i01,e05,c1,p24,l3,0.0
i01,e05,c1,p25,l3,0.0
i01,e05,c1,p26,l3,0.0
i01,e05,c1,p28,l1,0.0
i01,e05,c1,p28,l3,0.0
i01,e05,c1,p29,l1,0.0
i01,e05,c1,p29,l3,0.0
i01,e05,c1,p31,l1,0.0
i01,e05,c1,p31,l3,0.0
i01,e05,c1,p32,l1,0.0
i01,e05,c1,p32,l3,0.0
i01,e05,c1,p33,l3,0.0
i01,e05,c1,p35,l1,0.0
i01,e05,c1,p35,l3,0.0
i01,e05,c4,p01,l3,0.0
i01,e05,c4,p07,l1,0.0
i01,e05,c4,p12,l3,0.0
i01,e05,c4,p35,l3,0.0
i01,e06,c1,p01,l3,0.0
i01,e06,c1,p02,l3,0.0
i01,e06,c1,p03,l3,0.0
i01,e06,c1,p04,l3,0.0
i01,e06,c1,p05,l3,0.0
i01,e06,c1,p07,l3,0.0
i01,e06,c1,p08,l3,0.0
i01,e06,c1,p09,l3,0.0
i01,e06,c1,p10,l3,0.0
i01,e06,c1,p11,l3,0.0
i01,e06,c1,p12,l3,0.0
i01,e06,c1,p13,l3,0.0
i01,e06,c1,p14,l3,0.0
i01,e06,c1,p15,l3,0.0
i01,e06,c1,p16,l3,0.0
i01,e06,c1,p17,l3,0.0
i01,e06,c1,p18,l3,0.0
i01,e06,c1,p19,l3,0.0
i01,e06,c1,p21,l3,0.0
i01,e06,c1,p22,l3,0.0
i01,e06,c1,p23,l3,0.0
i01,e06,c1,p24,l3,0.0
i01,e06,c1,p25,l3,0.0
i01,e06,c1,p29,l3,0.0
i01,e06,c1,p31,l3,0.0
i01,e06,c1,p32,l3,0.0
i01,e06,c1,p35,l3,0.0
i01,e06,c4,p35,l3,0.0
i01,e07,c1,p01,l2,0.0
i01,e07,c1,p01,l3,0.0
i01,e07,c1,p02,l2,0.0
i01,e07,c1,p02,l3,0.0
i01,e07,c1,p03,l2,0.0
i01,e07,c1,p03,l3,0.0
i01,e07,c1,p04,l2,0.0
i01,e07,c1,p04,l3,0.0
i01,e07,c1,p05,l2,0.0
i01,e07,c1,p05,l3,0.0
i01,e07,c1,p06,l2,0.0
i01,e07,c1,p06,l3,0.0
i01,e07,c1,p07,l2,0.0
i01,e07,c1,p07,l3,0.0
i01,e07,c1,p08,l2,0.0
i01,e07,c1,p08,l3,0.0
i01,e07,c1,p09,l2,0.0
i01,e07,c1,p09,l3,0.0
i01,e07,c1,p10,l2,0.0
i01,e07,c1,p10,l3,0.0
i01,e07,c1,p11,l2,0.0
i01,e07,c1,p11,l3,0.0
i01,e07,c1,p12,l2,0.0
i01,e07,c1,p12,l3,0.0
i01,e07,c1,p13,l2,0.0
i01,e07,c1,p13,l3,0.0
i01,e07,c1,p14,l2,0.0
i01,e07,c1,p14,l3,0.0
i01,e07,c1,p15,l2,0.0
i01,e07,c1,p15,l3,0.0
i01,e07,c1,p16,l2,0.0
i01,e07,c1,p16,l3,0.0
i01,e07,c1,p17,l2,0.0
i01,e07,c1,p17,l3,0.0
i01,e07,c1,p18,l2,0.0
i01,e07,c1,p18,l3,0.0
i01,e07,c1,p19,l2,0.0
i01,e07,c1,p19,l3,0.0
i01,e07,c1,p20,l2,0.0
i01,e07,c1,p20,l3,0.0
i01,e07,c1,p21,l2,0.0
i01,e07,c1,p21,l3,0.0
i01,e07,c1,p22,l2,0.0
i01,e07,c1,p22,l3,0.0
i01,e07,c1,p23,l2,0.0
i01,e07,c1,p23,l3,0.0
i01,e07,c1,p24,l2,0.0
i01,e07,c1,p24,l3,0.0
i01,e07,c1,p25,l3,0.0
i01,e07,c1,p26,l2,0.0
i01,e07,c1,p26,l3,0.0
i01,e07,c1,p28,l2,0.0
i01,e07,c1,p28,l3,0.0
i01,e07,c1,p29,l2,0.0
i01,e07,c1,p29,l3,0.0
i01,e07,c1,p31,l2,0.0
i01,e07,c1,p32,l3,0.0
i01,e07,c1,p35,l2,0.0
i01,e07,c1,p35,l3,0.0
i01,e07,c4,p04,l2,0.0
i01,e07,c4,p16,l2,0.0
i01,e07,c4,p35,l2,0.0
i01,e07,c4,p35,l3,0.0
i01,e08,c1,p01,l2,0.0
i01,e08,c1,p01,l3,1.0
i01,e08,c1,p02,l2,0.0
i01,e08,c1,p02,l3,0.0
i01,e08,c1,p03,l2,0.0
i01,e08,c1,p03,l3,0.0
i01,e08,c1,p04,l2,0.0
i01,e08,c1,p04,l3,0.0
i01,e08,c1,p05,l2,0.0
i01,e08,c1,p05,l3,0.0
i01,e08,c1,p06,l2,0.0
i01,e08,c1,p06,l3,0.0
i01,e08,c1,p07,l2,0.0
i01,e08,c1,p07,l3,0.0
i01,e08,c1,p08,l2,0.0
i01,e08,c1,p08,l3,0.0
i01,e08,c1,p09,l2,0.0
i01,e08,c1,p09,l3,0.0
i01,e08,c1,p10,l2,0.0
i01,e08,c1,p10,l3,37.0
i01,e08,c1,p11,l2,0.0
i01,e08,c1,p11,l3,0.0
i01,e08,c1,p12,l2,0.0
i01,e08,c1,p12,l3,1.0
i01,e08,c1,p13,l2,0.0
i01,e08,c1,p13,l3,0.0
i01,e08,c1,p14,l2,0.0
i01,e08,c1,p14,l3,0.0
i01,e08,c1,p15,l2,0.0
i01,e08,c1,p15,l3,0.0
i01,e08,c1,p16,l2,0.0
i01,e08,c1,p16,l3,0.0
i01,e08,c1,p17,l2,0.0
i01,e08,c1,p17,l3,0.0
i01,e08,c1,p18,l2,0.0
i01,e08,c1,p18,l3,0.0
i01,e08,c1,p19,l2,0.0
i01,e08,c1,p19,l3,3.0
i01,e08,c1,p20,l2,0.0
i01,e08,c1,p20,l3,0.0
i01,e08,c1,p21,l2,0.0
i01,e08,c1,p21,l3,4.0
i01,e08,c1,p22,l2,0.0
i01,e08,c1,p22,l3,1.0
i01,e08,c1,p23,l2,0.0
i01,e08,c1,p23,l3,2.0
i01,e08,c1,p24,l2,0.0
i01,e08,c1,p24,l3,0.0
i01,e08,c1,p25,l2,0.0
i01,e08,c1,p25,l3,0.0
i01,e08,c1,p26,l2,0.0
i01,e08,c1,p26,l3,0.0
i01,e08,c1,p27,l3,0.0
i01,e08,c1,p28,l2,0.0
i01,e08,c1,p28,l3,0.0
i01,e08,c1,p29,l2,0.0
i01,e08,c1,p29,l3,0.0
i01,e08,c1,p30,l2,0.0
i01,e08,c1,p30,l3,0.0
i01,e08,c1,p31,l2,0.0
i01,e08,c1,p31,l3,0.0
i01,e08,c1,p32,l2,0.0
i01,e08,c1,p32,l3,0.0
i01,e08,c1,p33,l2,0.0
i01,e08,c1,p33,l3,0.0
i01,e08,c1,p34,l3,0.0
i01,e08,c1,p35,l2,0.0
i01,e08,c1,p35,l3,26.0
i01,e08,c4,p01,l2,0.0
i01,e08,c4,p01,l3,0.0
i01,e08,c4,p02,l2,0.0
i01,e08,c4,p03,l3,0.0
i01,e08,c4,p04,l2,0.0
i01,e08,c4,p04,l3,0.0
i01,e08,c4,p06,l3,0.0
i01,e08,c4,p07,l3,0.0
i01,e08,c4,p08,l2,0.0
i01,e08,c4,p08,l3,0.0
i01,e08,c4,p09,l3,0.0
i01,e08,c4,p10,l2,0.0
i01,e08,c4,p10,l3,0.0
i01,e08,c4,p11,l2,0.0
i01,e08,c4,p11,l3,0.0
i01,e08,c4,p12,l3,0.0
i01,e08,c4,p13,l2,0.0
i01,e08,c4,p13,l3,0.0
i01,e08,c4,p15,l2,0.0
i01,e08,c4,p15,l3,0.0
i01,e08,c4,p16,l2,0.0
i01,e08,c4,p16,l3,0.0
i01,e08,c4,p17,l3,0.0
i01,e08,c4,p18,l3,0.0
i01,e08,c4,p19,l2,0.0
i01,e08,c4,p19,l3,0.0
i01,e08,c4,p21,l2,0.0
i01,e08,c4,p21,l3,0.0
i01,e08,c4,p22,l2,0.0
i01,e08,c4,p22,l3,0.0
i01,e08,c4,p23,l3,0.0
i01,e08,c4,p35,l2,0.0
i01,e08,c4,p35,l3,0.0
i01,e08,c7,p35,l2,0.0
i01,e08,c7,p35,l3,0.0
i01,e08,c8,p04,l3,0.0
i01,e09,c1,p01,l2,0.0
i01,e09,c1,p01,l3,0.0
i01,e09,c1,p02,l2,0.0
i01,e09,c1,p02,l3,0.0
i01,e09,c1,p03,l2,0.0
i01,e09,c1,p03,l3,0.0
i01,e09,c1,p04,l2,0.0
i01,e09,c1,p04,l3,2.0
i01,e09,c1,p05,l2,0.0
i01,e09,c1,p05,l3,0.0
i01,e09,c1,p06,l2,0.0
i01,e09,c1,p06,l3,0.0
i01,e09,c1,p07,l2,0.0
i01,e09,c1,p07,l3,0.0
i01,e09,c1,p08,l2,0.0
i01,e09,c1,p08,l3,0.0
i01,e09,c1,p09,l2,0.0
i01,e09,c1,p09,l3,0.0
i01,e09,c1,p10,l2,0.0
i01,e09,c1,p10,l3,3.0
i01,e09,c1,p11,l2,0.0
i01,e09,c1,p11,l3,0.0
i01,e09,c1,p12,l2,0.0
i01,e09,c1,p12,l3,0.0
i01,e09,c1,p13,l2,0.0
i01,e09,c1,p13,l3,0.0
i01,e09,c1,p14,l2,0.0
i01,e09,c1,p14,l3,0.0
i01,e09,c1,p15,l2,0.0
i01,e09,c1,p15,l3,0.0
i01,e09,c1,p16,l2,0.0
i01,e09,c1,p16,l3,0.0
i01,e09,c1,p17,l2,0.0
i01,e09,c1,p17,l3,0.0
i01,e09,c1,p18,l2,0.0
i01,e09,c1,p18,l3,0.0
i01,e09,c1,p19,l2,0.0
i01,e09,c1,p19,l3,2.0
i01,e09,c1,p20,l2,0.0
i01,e09,c1,p20,l3,0.0
i01,e09,c1,p21,l2,0.0
i01,e09,c1,p21,l3,0.0
i01,e09,c1,p22,l2,0.0
i01,e09,c1,p22,l3,0.0
i01,e09,c1,p23,l2,0.0
i01,e09,c1,p23,l3,0.0
i01,e09,c1,p24,l2,0.0
i01,e09,c1,p24,l3,0.0
i01,e09,c1,p25,l2,0.0
i01,e09,c1,p25,l3,0.0
i01,e09,c1,p26,l2,0.0
i01,e09,c1,p26,l3,0.0
i01,e09,c1,p27,l3,0.0
i01,e09,c1,p28,l2,0.0
i01,e09,c1,p28,l3,0.0
i01,e09,c1,p29,l2,0.0
i01,e09,c1,p29,l3,0.0
i01,e09,c1,p30,l2,0.0
i01,e09,c1,p30,l3,0.0
i01,e09,c1,p31,l2,0.0
i01,e09,c1,p31,l3,0.0
i01,e09,c1,p32,l2,0.0
i01,e09,c1,p32,l3,0.0
i01,e09,c1,p33,l2,0.0
i01,e09,c1,p33,l3,0.0
i01,e09,c1,p34,l3,0.0
i01,e09,c1,p35,l2,0.0
i01,e09,c1,p35,l3,6.0
i01,e09,c4,p01,l2,0.0
i01,e09,c4,p01,l3,0.0
i01,e09,c4,p03,l3,0.0
i01,e09,c4,p04,l2,0.0
i01,e09,c4,p04,l3,0.0
i01,e09,c4,p06,l3,0.0
i01,e09,c4,p07,l2,0.0
i01,e09,c4,p07,l3,0.0
i01,e09,c4,p08,l3,0.0
i01,e09,c4,p09,l3,0.0
i01,e09,c4,p10,l2,0.0
i01,e09,c4,p10,l3,0.0
i01,e09,c4,p11,l2,0.0
i01,e09,c4,p11,l3,0.0
i01,e09,c4,p13,l3,0.0
i01,e09,c4,p15,l3,0.0
i01,e09,c4,p16,l2,0.0
i01,e09,c4,p16,l3,0.0
i01,e09,c4,p17,l3,0.0
i01,e09,c4,p19,l2,0.0
i01,e09,c4,p19,l3,0.0
i01,e09,c4,p21,l3,0.0
i01,e09,c4,p22,l2,0.0
i01,e09,c4,p22,l3,0.0
i01,e09,c4,p23,l3,0.0
i01,e09,c4,p35,l2,0.0
i01,e09,c4,p35,l3,0.0
i01,e09,c7,p35,l3,0.0
i01,e10,c1,p01,l3,0.0
i01,e10,c1,p02,l3,0.0
i01,e10,c1,p03,l3,0.0
i01,e10,c1,p04,l3,0.0
i01,e10,c1,p05,l3,0.0
i01,e10,c1,p06,l3,0.0
i01,e10,c1,p07,l3,0.0
i01,e10,c1,p08,l3,0.0
i01,e10,c1,p09,l3,0.0
i01,e10,c1,p10,l3,0.0
i01,e10,c1,p11,l3,0.0
i01,e10,c1,p12,l3,0.0
i01,e10,c1,p13,l3,0.0
i01,e10,c1,p14,l3,0.0
i01,e10,c1,p15,l3,0.0
i01,e10,c1,p16,l3,0.0
i01,e10,c1,p17,l3,0.0
i01,e10,c1,p18,l3,0.0
i01,e10,c1,p19,l3,0.0
i01,e10,c1,p20,l3,0.0
i01,e10,c1,p21,l3,0.0
i01,e10,c1,p22,l3,0.0
i01,e10,c1,p23,l3,0.0
i01,e10,c1,p24,l3,0.0
i01,e10,c1,p25,l3,0.0
i01,e10,c1,p28,l3,0.0
i01,e10,c1,p29,l3,0.0
i01,e10,c1,p31,l3,0.0
i01,e10,c1,p32,l3,0.0
i01,e10,c1,p35,l3,0.0
i01,e10,c4,p32,l3,0.0
i01,e10,c4,p35,l3,0.0
i01,e11,c1,p01,l2,0.0
i01,e11,c1,p01,l3,0.0
i01,e11,c1,p02,l2,0.0
i01,e11,c1,p02,l3,0.0
i01,e11,c1,p03,l2,0.0
i01,e11,c1,p03,l3,0.0
i01,e11,c1,p04,l2,0.0
i01,e11,c1,p04,l3,0.0
i01,e11,c1,p05,l2,0.0
i01,e11,c1,p05,l3,0.0
i01,e11,c1,p06,l2,0.0
i01,e11,c1,p06,l3,0.0
i01,e11,c1,p07,l2,0.0
i01,e11,c1,p07,l3,0.0
i01,e11,c1,p08,l2,0.0
i01,e11,c1,p08,l3,0.0
i01,e11,c1,p09,l2,0.0
i01,e11,c1,p09,l3,0.0
i01,e11,c1,p10,l2,0.0
i01,e11,c1,p10,l3,1.0
i01,e11,c1,p11,l2,0.0
i01,e11,c1,p11,l3,0.0
i01,e11,c1,p12,l2,0.0
i01,e11,c1,p12,l3,0.0
i01,e11,c1,p13,l2,0.0
i01,e11,c1,p13,l3,0.0
i01,e11,c1,p14,l2,0.0
i01,e11,c1,p14,l3,0.0
i01,e11,c1,p15,l2,0.0
i01,e11,c1,p15,l3,0.0
i01,e11,c1,p16,l2,0.0
i01,e11,c1,p16,l3,0.0
i01,e11,c1,p17,l2,0.0
i01,e11,c1,p17,l3,0.0
i01,e11,c1,p18,l2,0.0
i01,e11,c1,p18,l3,0.0
i01,e11,c1,p19,l2,0.0
i01,e11,c1,p19,l3,0.0
i01,e11,c1,p20,l2,0.0
i01,e11,c1,p20,l3,0.0
i01,e11,c1,p21,l2,0.0
i01,e11,c1,p21,l3,0.0
i01,e11,c1,p22,l2,0.0
i01,e11,c1,p22,l3,0.0
i01,e11,c1,p23,l2,0.0
i01,e11,c1,p23,l3,0.0
i01,e11,c1,p24,l2,0.0
i01,e11,c1,p24,l3,0.0
i01,e11,c1,p25,l2,0.0
i01,e11,c1,p25,l3,0.0
i01,e11,c1,p26,l3,0.0
i01,e11,c1,p28,l2,0.0
i01,e11,c1,p28,l3,0.0
i01,e11,c1,p29,l2,0.0
i01,e11,c1,p29,l3,0.0
i01,e11,c1,p30,l3,0.0
i01,e11,c1,p31,l2,0.0
i01,e11,c1,p31,l3,0.0
i01,e11,c1,p32,l2,0.0
i01,e11,c1,p32,l3,0.0
i01,e11,c1,p33,l3,0.0
i01,e11,c1,p35,l2,0.0
i01,e11,c1,p35,l3,4.0
i01,e11,c4,p01,l3,0.0
i01,e11,c4,p02,l3,0.0
i01,e11,c4,p03,l2,0.0
i01,e11,c4,p03,l3,0.0
i01,e11,c4,p04,l3,0.0
i01,e11,c4,p07,l3,0.0
i01,e11,c4,p08,l2,0.0
i01,e11,c4,p08,l3,0.0
i01,e11,c4,p09,l3,0.0
i01,e11,c4,p10,l2,0.0
i01,e11,c4,p10,l3,0.0
i01,e11,c4,p11,l3,0.0
i01,e11,c4,p12,l3,0.0
i01,e11,c4,p13,l3,0.0
i01,e11,c4,p15,l3,0.0
i01,e11,c4,p16,l3,0.0
i01,e11,c4,p18,l3,0.0
i01,e11,c4,p19,l3,0.0
i01,e11,c4,p21,l3,0.0
i01,e11,c4,p22,l3,0.0
i01,e11,c4,p23,l3,0.0
i01,e11,c4,p26,l3,0.0
i01,e11,c4,p32,l3,0.0
i01,e11,c4,p35,l2,0.0
i01,e11,c4,p35,l3,0.0
i01,e11,c7,p35,l3,0.0
i01,e12,c1,p01,l3,0.0
i01,e12,c1,p02,l3,0.0
i01,e12,c1,p03,l3,0.0
i01,e12,c1,p04,l3,0.0
i01,e12,c1,p05,l3,0.0
i01,e12,c1,p06,l3,0.0
i01,e12,c1,p07,l3,0.0
i01,e12,c1,p08,l3,0.0
i01,e12,c1,p09,l3,0.0
i01,e12,c1,p10,l3,0.0
i01,e12,c1,p11,l3,0.0
i01,e12,c1,p12,l3,0.0
i01,e12,c1,p13,l3,0.0
i01,e12,c1,p14,l3,0.0
i01,e12,c1,p15,l3,0.0
i01,e12,c1,p16,l3,0.0
i01,e12,c1,p17,l3,0.0
i01,e12,c1,p18,l3,0.0
i01,e12,c1,p19,l3,0.0
i01,e12,c1,p20,l3,0.0
i01,e12,c1,p21,l3,0.0
i01,e12,c1,p22,l3,0.0
i01,e12,c1,p23,l3,0.0
i01,e12,c1,p24,l3,0.0
i01,e12,c1,p25,l3,0.0
i01,e12,c1,p26,l3,0.0
i01,e12,c1,p28,l3,0.0
i01,e12,c1,p29,l3,0.0
i01,e12,c1,p30,l3,0.0
i01,e12,c1,p31,l3,0.0
i01,e12,c1,p32,l3,0.0
i01,e12,c1,p33,l3,0.0
i01,e12,c1,p34,l3,0.0
i01,e12,c1,p35,l3,0.0
i01,e12,c4,p01,l3,0.0
i01,e12,c4,p02,l3,0.0
i01,e12,c4,p04,l3,0.0
i01,e12,c4,p05,l3,0.0
i01,e12,c4,p11,l3,0.0
i01,e12,c4,p13,l3,0.0
i01,e12,c4,p16,l3,0.0
i01,e12,c4,p19,l3,0.0
i01,e12,c4,p23,l3,0.0
i01,e12,c4,p35,l3,0.0
i02,e01,c1,p01,l3,57.0
i02,e01,c1,p02,l3,0.0
i02,e01,c1,p03,l3,34.0
i02,e01,c1,p04,l3,3.0
i02,e01,c1,p05,l3,22.0
i02,e01,c1,p06,l3,2.0
i02,e01,c1,p07,l3,4.0
i02,e01,c1,p08,l3,0.0
i02,e01,c1,p09,l3,5.0
i02,e01,c1,p10,l3,75.0
i02,e01,c1,p11,l3,48.0
i02,e01,c1,p12,l3,14.0
i02,e01,c1,p13,l3,19.0
i02,e01,c1,p14,l3,16.0
i02,e01,c1,p15,l3,5.0
i02,e01,c1,p16,l3,6.0
i02,e01,c1,p17,l3,31.0
i02,e01,c1,p18,l3,15.0
i02,e01,c1,p19,l3,257.0
i02,e01,c1,p20,l3,3.0
i02,e01,c1,p21,l3,8.0
i02,e01,c1,p22,l3,11.0
i02,e01,c1,p23,l3,18.0
i02,e01,c1,p24,l3,1.0
i02,e01,c1,p25,l3,6.0
i02,e01,c1,p26,l3,0.0
i02,e01,c1,p28,l3,6.0
i02,e01,c1,p29,l3,20.0
i02,e01,c1,p30,l3,0.0
i02,e01,c1,p31,l3,0.0
i02,e01,c1,p32,l3,0.0
i02,e01,c1,p33,l3,0.0
i02,e01,c1,p34,l3,0.0
i02,e01,c1,p35,l3,4.0
i02,e01,c4,p02,l3,0.0
i02,e01,c4,p03,l3,0.0
i02,e01,c4,p04,l3,0.0
i02,e01,c4,p05,l3,0.0
i02,e01,c4,p07,l3,0.0
i02,e01,c4,p08,l3,0.0
i02,e01,c4,p09,l3,0.0
i02,e01,c4,p10,l3,0.0
i02,e01,c4,p11,l3,0.0
i02,e01,c4,p12,l3,0.0
i02,e01,c4,p13,l3,0.0
i02,e01,c4,p14,l3,0.0
i02,e01,c4,p15,l3,0.0
i02,e01,c4,p16,l3,0.0
i02,e01,c4,p17,l3,0.0
i02,e01,c4,p18,l3,2.0
i02,e01,c4,p19,l3,0.0
i02,e01,c4,p20,l3,0.0
i02,e01,c4,p22,l3,0.0
i02,e01,c4,p23,l3,0.0
i02,e01,c4,p24,l3,0.0
i02,e01,c4,p25,l3,0.0
i02,e01,c4,p28,l3,2.0
i02,e01,c4,p29,l3,0.0
i02,e01,c4,p32,l3,0.0
i02,e01,c4,p35,l3,0.0
i02,e01,c7,p12,l3,0.0
i02,e01,c7,p35,l3,0.0
i02,e04,c1,p01,l1,0.0
i02,e04,c1,p01,l3,26.0
i02,e04,c1,p02,l1,0.0
i02,e04,c1,p02,l3,2.0
i02,e04,c1,p03,l1,0.0
i02,e04,c1,p03,l3,31.0
i02,e04,c1,p04,l1,0.0
i02,e04,c1,p04,l3,7.0
i02,e04,c1,p05,l1,0.0
i02,e04,c1,p05,l3,9.0
i02,e04,c1,p06,l1,0.0
i02,e04,c1,p06,l3,3.0
i02,e04,c1,p07,l1,0.0
i02,e04,c1,p07,l3,8.0
i02,e04,c1,p08,l1,0.0
i02,e04,c1,p08,l3,0.0
i02,e04,c1,p09,l1,0.0
i02,e04,c1,p09,l3,6.0
i02,e04,c1,p10,l1,0.0
i02,e04,c1,p10,l3,95.0
i02,e04,c1,p11,l1,0.0
i02,e04,c1,p11,l3,58.0
i02,e04,c1,p12,l1,0.0
i02,e04,c1,p12,l3,16.0
i02,e04,c1,p13,l1,0.0
i02,e04,c1,p13,l3,63.0
i02,e04,c1,p14,l1,0.0
i02,e04,c1,p14,l3,32.0
i02,e04,c1,p15,l1,0.0
i02,e04,c1,p15,l3,8.0
i02,e04,c1,p16,l1,0.0
i02,e04,c1,p16,l3,22.0
i02,e04,c1,p17,l1,0.0
i02,e04,c1,p17,l3,23.0
i02,e04,c1,p18,l1,0.0
i02,e04,c1,p18,l3,20.0
i02,e04,c1,p19,l1,0.0
i02,e04,c1,p19,l3,319.0
i02,e04,c1,p20,l1,0.0
i02,e04,c1,p20,l3,2.0
i02,e04,c1,p21,l1,0.0
i02,e04,c1,p21,l3,19.0
i02,e04,c1,p22,l1,0.0
i02,e04,c1,p22,l3,9.0
i02,e04,c1,p23,l1,0.0
i02,e04,c1,p23,l3,18.0
i02,e04,c1,p24,l1,0.0
i02,e04,c1,p24,l3,0.0
i02,e04,c1,p25,l1,0.0
i02,e04,c1,p25,l3,19.0
i02,e04,c1,p26,l1,0.0
i02,e04,c1,p26,l3,0.0
i02,e04,c1,p28,l1,0.0
i02,e04,c1,p28,l3,1.0
i02,e04,c1,p29,l1,0.0
i02,e04,c1,p29,l3,32.0
i02,e04,c1,p30,l1,0.0
i02,e04,c1,p30,l3,0.0
i02,e04,c1,p31,l1,0.0
i02,e04,c1,p31,l3,0.0
i02,e04,c1,p32,l1,0.0
i02,e04,c1,p32,l3,4.0
i02,e04,c1,p33,l3,0.0
i02,e04,c1,p34,l3,0.0
i02,e04,c1,p35,l1,0.0
i02,e04,c1,p35,l3,3.0
i02,e04,c4,p02,l3,0.0
i02,e04,c4,p03,l1,0.0
i02,e04,c4,p03,l3,0.0
i02,e04,c4,p04,l1,0.0
i02,e04,c4,p04,l3,0.0
i02,e04,c4,p05,l3,0.0
i02,e04,c4,p07,l1,0.0
i02,e04,c4,p07,l3,3.0
i02,e04,c4,p08,l3,0.0
i02,e04,c4,p09,l1,0.0
i02,e04,c4,p09,l3,0.0
i02,e04,c4,p10,l1,0.0
i02,e04,c4,p10,l3,0.0
i02,e04,c4,p11,l1,0.0
i02,e04,c4,p11,l3,0.0
i02,e04,c4,p13,l3,0.0
i02,e04,c4,p14,l1,0.0
i02,e04,c4,p14,l3,0.0
i02,e04,c4,p15,l1,0.0
i02,e04,c4,p15,l3,0.0
i02,e04,c4,p16,l3,0.0
i02,e04,c4,p17,l1,0.0
i02,e04,c4,p17,l3,0.0
i02,e04,c4,p18,l1,0.0
i02,e04,c4,p18,l3,1.0
i02,e04,c4,p19,l1,0.0
i02,e04,c4,p19,l3,1.0
i02,e04,c4,p20,l3,0.0
i02,e04,c4,p22,l3,0.0
i02,e04,c4,p23,l1,0.0
i02,e04,c4,p23,l3,0.0
i02,e04,c4,p24,l3,0.0
i02,e04,c4,p25,l1,0.0
i02,e04,c4,p25,l3,0.0
i02,e04,c4,p28,l1,0.0
i02,e04,c4,p28,l3,0.0
i02,e04,c4,p29,l1,0.0
i02,e04,c4,p29,l3,0.0
i02,e04,c4,p32,l3,0.0
i02,e04,c4,p35,l1,0.0
i02,e04,c4,p35,l3,0.0
i02,e04,c7,p12,l1,0.0
i02,e04,c7,p12,l3,0.0
i02,e04,c7,p35,l3,0.0
i02,e05,c1,p01,l1,0.0
i02,e05,c1,p01,l3,0.0
i02,e05,c1,p02,l1,0.0
i02,e05,c1,p02,l3,0.0
i02,e05,c1,p03,l1,0.0
i02,e05,c1,p03,l3,0.0
i02,e05,c1,p04,l1,0.0
i02,e05,c1,p04,l3,0.0
i02,e05,c1,p05,l1,0.0
i02,e05,c1,p05,l3,0.0
i02,e05,c1,p06,l1,0.0
i02,e05,c1,p06,l3,0.0
i02,e05,c1,p07,l1,0.0
i02,e05,c1,p07,l3,0.0
i02,e05,c1,p08,l1,0.0
i02,e05,c1,p08,l3,0.0
i02,e05,c1,p09,l1,0.0
i02,e05,c1,p09,l3,0.0
i02,e05,c1,p10,l1,0.0
i02,e05,c1,p10,l3,0.0
i02,e05,c1,p11,l1,0.0
i02,e05,c1,p11,l3,0.0
i02,e05,c1,p12,l1,0.0
i02,e05,c1,p12,l3,0.0
i02,e05,c1,p13,l1,0.0
i02,e05,c1,p13,l3,0.0
i02,e05,c1,p14,l1,0.0
i02,e05,c1,p14,l3,0.0
i02,e05,c1,p15,l1,0.0
i02,e05,c1,p15,l3,0.0
i02,e05,c1,p16,l1,0.0
i02,e05,c1,p16,l3,0.0
i02,e05,c1,p17,l1,0.0
i02,e05,c1,p17,l3,0.0
i02,e05,c1,p18,l1,0.0
i02,e05,c1,p18,l3,0.0
i02,e05,c1,p19,l1,0.0
i02,e05,c1,p19,l3,0.0
i02,e05,c1,p20,l1,0.0
i02,e05,c1,p20,l3,0.0
i02,e05,c1,p21,l1,0.0
i02,e05,c1,p21,l3,0.0
i02,e05,c1,p22,l1,0.0
i02,e05,c1,p22,l3,0.0
i02,e05,c1,p23,l1,0.0
i02,e05,c1,p23,l3,0.0
i02,e05,c1,p24,l1,0.0
i02,e05,c1,p24,l3,0.0
i02,e05,c1,p25,l1,0.0
i02,e05,c1,p25,l3,0.0
i02,e05,c1,p26,l3,0.0
i02,e05,c1,p28,l1,0.0
i02,e05,c1,p28,l3,0.0
i02,e05,c1,p29,l1,0.0
i02,e05,c1,p29,l3,0.0
i02,e05,c1,p31,l3,0.0
i02,e05,c1,p32,l1,0.0
i02,e05,c1,p32,l3,0.0
i02,e05,c1,p35,l1,0.0
i02,e05,c1,p35,l3,0.0
i02,e05,c4,p07,l1,0.0
i02,e05,c4,p07,l3,0.0
i02,e05,c4,p09,l1,0.0
i02,e05,c4,p09,l3,0.0
i02,e05,c4,p15,l3,0.0
i02,e05,c4,p18,l3,0.0
i02,e05,c4,p19,l3,0.0
i02,e05,c4,p25,l3,0.0
i02,e05,c4,p28,l3,0.0
i02,e05,c4,p35,l3,0.0
i02,e06,c1,p01,l3,0.0
i02,e06,c1,p02,l3,0.0
i02,e06,c1,p03,l3,0.0
i02,e06,c1,p04,l3,0.0
i02,e06,c1,p05,l3,0.0
i02,e06,c1,p06,l3,0.0
i02,e06,c1,p07,l3,0.0
i02,e06,c1,p08,l3,0.0
i02,e06,c1,p09,l3,0.0
i02,e06,c1,p10,l3,0.0
i02,e06,c1,p11,l3,0.0
i02,e06,c1,p12,l3,0.0
i02,e06,c1,p13,l3,0.0
i02,e06,c1,p14,l3,0.0
i02,e06,c1,p15,l3,0.0
i02,e06,c1,p16,l3,0.0
i02,e06,c1,p17,l3,0.0
i02,e06,c1,p18,l3,0.0
i02,e06,c1,p19,l3,0.0
i02,e06,c1,p20,l3,0.0
i02,e06,c1,p21,l3,0.0
i02,e06,c1,p22,l3,0.0
i02,e06,c1,p23,l3,0.0
i02,e06,c1,p24,l3,0.0
i02,e06,c1,p25,l3,0.0
i02,e06,c1,p26,l3,0.0
i02,e06,c1,p28,l3,0.0
i02,e06,c1,p29,l3,0.0
i02,e06,c1,p31,l3,0.0
i02,e06,c1,p32,l3,0.0
i02,e06,c1,p35,l3,0.0
i02,e06,c4,p19,l3,0.0
i02,e07,c1,p01,l2,0.0
i02,e07,c1,p01,l3,0.0
i02,e07,c1,p02,l2,0.0
i02,e07,c1,p02,l3,0.0
i02,e07,c1,p03,l3,0.0
i02,e07,c1,p04,l2,0.0
i02,e07,c1,p04,l3,0.0
i02,e07,c1,p05,l3,0.0
i02,e07,c1,p06,l3,0.0
i02,e07,c1,p07,l3,0.0
i02,e07,c1,p08,l2,0.0
i02,e07,c1,p08,l3,0.0
i02,e07,c1,p09,l2,0.0
i02,e07,c1,p09,l3,0.0
i02,e07,c1,p10,l2,0.0
i02,e07,c1,p10,l3,0.0
i02,e07,c1,p11,l2,0.0
i02,e07,c1,p11,l3,0.0
i02,e07,c1,p12,l3,0.0
i02,e07,c1,p13,l2,0.0
i02,e07,c1,p13,l3,0.0
i02,e07,c1,p14,l2,0.0
i02,e07,c1,p14,l3,0.0
i02,e07,c1,p15,l2,0.0
i02,e07,c1,p15,l3,0.0
i02,e07,c1,p16,l2,0.0
i02,e07,c1,p16,l3,0.0
i02,e07,c1,p17,l2,0.0
i02,e07,c1,p17,l3,0.0
i02,e07,c1,p18,l2,0.0
i02,e07,c1,p18,l3,0.0
i02,e07,c1,p19,l2,0.0
i02,e07,c1,p19,l3,0.0
i02,e07,c1,p20,l3,0.0
i02,e07,c1,p21,l3,0.0
i02,e07,c1,p22,l2,0.0
i02,e07,c1,p22,l3,0.0
i02,e07,c1,p23,l2,0.0
i02,e07,c1,p23,l3,0.0
i02,e07,c1,p24,l3,0.0
i02,e07,c1,p25,l3,0.0
i02,e07,c1,p28,l3,0.0
i02,e07,c1,p29,l2,0.0
i02,e07,c1,p29,l3,0.0
i02,e07,c1,p35,l2,0.0
i02,e07,c1,p35,l3,0.0
i02,e07,c4,p15,l3,0.0
i02,e07,c4,p35,l3,0.0
i02,e08,c1,p01,l2,0.0
i02,e08,c1,p01,l3,111.0
i02,e08,c1,p02,l2,0.0
i02,e08,c1,p02,l3,18.0
i02,e08,c1,p03,l2,0.0
i02,e08,c1,p03,l3,40.0
i02,e08,c1,p04,l2,0.0
i02,e08,c1,p04,l3,57.0
i02,e08,c1,p05,l2,0.0
i02,e08,c1,p05,l3,244.0
i02,e08,c1,p06,l2,0.0
i02,e08,c1,p06,l3,51.0
i02,e08,c1,p07,l2,0.0
i02,e08,c1,p07,l3,29.0
i02,e08,c1,p08,l2,0.0
i02,e08,c1,p08,l3,4.0
i02,e08,c1,p09,l2,0.0
i02,e08,c1,p09,l3,24.0
i02,e08,c1,p10,l2,0.0
i02,e08,c1,p10,l3,229.0
i02,e08,c1,p11,l2,0.0
i02,e08,c1,p11,l3,67.0
i02,e08,c1,p12,l2,0.0
i02,e08,c1,p12,l3,104.0
i02,e08,c1,p13,l2,0.0
i02,e08,c1,p13,l3,67.0
i02,e08,c1,p14,l2,0.0
i02,e08,c1,p14,l3,59.0
i02,e08,c1,p15,l2,0.0
i02,e08,c1,p15,l3,59.0
i02,e08,c1,p16,l2,0.0
i02,e08,c1,p16,l3,67.0
i02,e08,c1,p17,l2,0.0
i02,e08,c1,p17,l3,27.0
i02,e08,c1,p18,l2,0.0
i02,e08,c1,p18,l3,31.0
i02,e08,c1,p19,l2,0.0
i02,e08,c1,p19,l3,855.0
i02,e08,c1,p20,l2,0.0
i02,e08,c1,p20,l3,23.0
i02,e08,c1,p21,l2,0.0
i02,e08,c1,p21,l3,26.0
i02,e08,c1,p22,l2,0.0
i02,e08,c1,p22,l3,27.0
i02,e08,c1,p23,l2,0.0
i02,e08,c1,p23,l3,14.0
i02,e08,c1,p24,l2,0.0
i02,e08,c1,p24,l3,4.0
i02,e08,c1,p25,l2,0.0
i02,e08,c1,p25,l3,7.0
i02,e08,c1,p26,l2,0.0
i02,e08,c1,p26,l3,0.0
i02,e08,c1,p28,l2,0.0
i02,e08,c1,p28,l3,1.0
i02,e08,c1,p29,l2,0.0
i02,e08,c1,p29,l3,215.0
i02,e08,c1,p30,l2,0.0
i02,e08,c1,p30,l3,0.0
i02,e08,c1,p31,l2,0.0
i02,e08,c1,p31,l3,3.0
i02,e08,c1,p32,l2,0.0
i02,e08,c1,p32,l3,6.0
i02,e08,c1,p33,l3,0.0
i02,e08,c1,p34,l3,0.0
i02,e08,c1,p35,l2,0.0
i02,e08,c1,p35,l3,14.0
i02,e08,c4,p02,l3,0.0
i02,e08,c4,p03,l2,0.0
i02,e08,c4,p03,l3,0.0
i02,e08,c4,p04,l2,0.0
i02,e08,c4,p04,l3,0.0
i02,e08,c4,p05,l3,0.0
i02,e08,c4,p07,l2,0.0
i02,e08,c4,p07,l3,0.0
i02,e08,c4,p08,l3,0.0
i02,e08,c4,p09,l2,0.0
i02,e08,c4,p09,l3,0.0
i02,e08,c4,p10,l2,0.0
i02,e08,c4,p10,l3,0.0
i02,e08,c4,p11,l2,0.0
i02,e08,c4,p11,l3,6.0
i02,e08,c4,p13,l2,0.0
i02,e08,c4,p13,l3,0.0
i02,e08,c4,p14,l2,0.0
i02,e08,c4,p14,l3,0.0
i02,e08,c4,p15,l2,0.0
i02,e08,c4,p15,l3,0.0
i02,e08,c4,p16,l3,0.0
i02,e08,c4,p17,l2,0.0
i02,e08,c4,p17,l3,6.0
i02,e08,c4,p18,l2,0.0
i02,e08,c4,p18,l3,9.0
i02,e08,c4,p19,l2,0.0
i02,e08,c4,p19,l3,0.0
i02,e08,c4,p20,l3,0.0
i02,e08,c4,p22,l3,0.0
i02,e08,c4,p23,l2,0.0
i02,e08,c4,p23,l3,0.0
i02,e08,c4,p24,l3,0.0
i02,e08,c4,p25,l2,0.0
i02,e08,c4,p25,l3,0.0
i02,e08,c4,p28,l2,0.0
i02,e08,c4,p28,l3,6.0
i02,e08,c4,p29,l2,0.0
i02,e08,c4,p29,l3,0.0
i02,e08,c4,p32,l3,0.0
i02,e08,c4,p35,l2,0.0
i02,e08,c4,p35,l3,0.0
i02,e08,c7,p12,l2,0.0
i02,e08,c7,p12,l3,0.0
i02,e08,c7,p35,l2,0.0
i02,e08,c7,p35,l3,0.0
i02,e09,c1,p01,l2,0.0
i02,e09,c1,p01,l3,30.0
i02,e09,c1,p02,l2,0.0
i02,e09,c1,p02,l3,1.0
i02,e09,c1,p03,l2,0.0
i02,e09,c1,p03,l3,81.0
i02,e09,c1,p04,l2,0.0
i02,e09,c1,p04,l3,13.0
i02,e09,c1,p05,l2,0.0
i02,e09,c1,p05,l3,26.0
i02,e09,c1,p06,l2,0.0
i02,e09,c1,p06,l3,1.0
i02,e09,c1,p07,l2,0.0
i02,e09,c1,p07,l3,8.0
i02,e09,c1,p08,l2,0.0
i02,e09,c1,p08,l3,2.0
i02,e09,c1,p09,l2,0.0
i02,e09,c1,p09,l3,4.0
i02,e09,c1,p10,l2,0.0
i02,e09,c1,p10,l3,90.0
i02,e09,c1,p11,l2,0.0
i02,e09,c1,p11,l3,62.0
i02,e09,c1,p12,l2,0.0
i02,e09,c1,p12,l3,7.0
i02,e09,c1,p13,l2,0.0
i02,e09,c1,p13,l3,29.0
i02,e09,c1,p14,l2,0.0
i02,e09,c1,p14,l3,16.0
i02,e09,c1,p15,l2,0.0
i02,e09,c1,p15,l3,18.0
i02,e09,c1,p16,l2,0.0
i02,e09,c1,p16,l3,8.0
i02,e09,c1,p17,l2,0.0
i02,e09,c1,p17,l3,28.0
i02,e09,c1,p18,l2,0.0
i02,e09,c1,p18,l3,17.0
i02,e09,c1,p19,l2,0.0
i02,e09,c1,p19,l3,292.0
i02,e09,c1,p20,l2,0.0
i02,e09,c1,p20,l3,4.0
i02,e09,c1,p21,l2,0.0
i02,e09,c1,p21,l3,11.0
i02,e09,c1,p22,l2,0.0
i02,e09,c1,p22,l3,7.0
i02,e09,c1,p23,l2,0.0
i02,e09,c1,p23,l3,14.0
i02,e09,c1,p24,l2,0.0
i02,e09,c1,p24,l3,2.0
i02,e09,c1,p25,l2,0.0
i02,e09,c1,p25,l3,9.0
i02,e09,c1,p26,l2,0.0
i02,e09,c1,p26,l3,0.0
i02,e09,c1,p28,l2,0.0
i02,e09,c1,p28,l3,2.0
i02,e09,c1,p29,l2,0.0
i02,e09,c1,p29,l3,29.0
i02,e09,c1,p30,l2,0.0
i02,e09,c1,p30,l3,0.0
i02,e09,c1,p31,l2,0.0
i02,e09,c1,p31,l3,0.0
i02,e09,c1,p32,l2,0.0
i02,e09,c1,p32,l3,4.0
i02,e09,c1,p33,l3,0.0
i02,e09,c1,p34,l3,0.0
i02,e09,c1,p35,l2,0.0
i02,e09,c1,p35,l3,13.0
i02,e09,c4,p02,l3,0.0
i02,e09,c4,p03,l2,0.0
i02,e09,c4,p03,l3,0.0
i02,e09,c4,p04,l2,0.0
i02,e09,c4,p04,l3,0.0
i02,e09,c4,p05,l3,0.0
i02,e09,c4,p07,l2,0.0
i02,e09,c4,p07,l3,0.0
i02,e09,c4,p08,l2,0.0
i02,e09,c4,p08,l3,0.0
i02,e09,c4,p09,l2,0.0
i02,e09,c4,p09,l3,0.0
i02,e09,c4,p10,l2,0.0
i02,e09,c4,p10,l3,0.0
i02,e09,c4,p11,l2,0.0
i02,e09,c4,p11,l3,0.0
i02,e09,c4,p12,l3,0.0
i02,e09,c4,p13,l3,0.0
i02,e09,c4,p14,l2,0.0
i02,e09,c4,p14,l3,0.0
i02,e09,c4,p15,l2,0.0
i02,e09,c4,p15,l3,0.0
i02,e09,c4,p16,l3,0.0
i02,e09,c4,p17,l2,0.0
i02,e09,c4,p17,l3,1.0
i02,e09,c4,p18,l2,0.0
i02,e09,c4,p18,l3,2.0
i02,e09,c4,p19,l2,0.0
i02,e09,c4,p19,l3,0.0
i02,e09,c4,p20,l3,0.0
i02,e09,c4,p22,l3,0.0
i02,e09,c4,p23,l2,0.0
i02,e09,c4,p23,l3,0.0
i02,e09,c4,p24,l3,0.0
i02,e09,c4,p25,l2,0.0
i02,e09,c4,p25,l3,0.0
i02,e09,c4,p28,l2,0.0
i02,e09,c4,p28,l3,2.0
i02,e09,c4,p29,l2,0.0
i02,e09,c4,p29,l3,0.0
i02,e09,c4,p32,l3,0.0
i02,e09,c4,p35,l2,0.0
i02,e09,c4,p35,l3,0.0
i02,e09,c7,p12,l2,0.0
i02,e09,c7,p12,l3,0.0
i02,e09,c7,p35,l3,0.0
i02,e11,c1,p01,l2,0.0
i02,e11,c1,p01,l3,0.0
i02,e11,c1,p02,l2,0.0
i02,e11,c1,p02,l3,0.0
i02,e11,c1,p03,l2,0.0
i02,e11,c1,p03,l3,0.0
i02,e11,c1,p04,l2,0.0
i02,e11,c1,p04,l3,1.0
i02,e11,c1,p05,l2,0.0
i02,e11,c1,p05,l3,3.0
i02,e11,c1,p06,l2,0.0
i02,e11,c1,p06,l3,0.0
i02,e11,c1,p07,l2,0.0
i02,e11,c1,p07,l3,3.0
i02,e11,c1,p08,l2,0.0
i02,e11,c1,p08,l3,0.0
i02,e11,c1,p09,l2,0.0
i02,e11,c1,p09,l3,0.0
i02,e11,c1,p10,l2,0.0
i02,e11,c1,p10,l3,0.0
i02,e11,c1,p11,l2,0.0
i02,e11,c1,p11,l3,0.0
i02,e11,c1,p12,l2,0.0
i02,e11,c1,p12,l3,0.0
i02,e11,c1,p13,l2,0.0
i02,e11,c1,p13,l3,0.0
i02,e11,c1,p14,l2,0.0
i02,e11,c1,p14,l3,0.0
i02,e11,c1,p15,l2,0.0
i02,e11,c1,p15,l3,0.0
i02,e11,c1,p16,l2,0.0
i02,e11,c1,p16,l3,0.0
i02,e11,c1,p17,l2,0.0
i02,e11,c1,p17,l3,0.0
i02,e11,c1,p18,l2,0.0
i02,e11,c1,p18,l3,0.0
i02,e11,c1,p19,l2,0.0
i02,e11,c1,p19,l3,0.0
i02,e11,c1,p20,l2,0.0
i02,e11,c1,p20,l3,0.0
i02,e11,c1,p21,l2,0.0
i02,e11,c1,p21,l3,0.0
i02,e11,c1,p22,l2,0.0
i02,e11,c1,p22,l3,0.0
i02,e11,c1,p23,l2,0.0
i02,e11,c1,p23,l3,0.0
i02,e11,c1,p24,l2,0.0
i02,e11,c1,p24,l3,0.0
i02,e11,c1,p25,l2,0.0
i02,e11,c1,p25,l3,0.0
i02,e11,c1,p26,l2,0.0
i02,e11,c1,p26,l3,0.0
i02,e11,c1,p28,l2,0.0
i02,e11,c1,p28,l3,0.0
i02,e11,c1,p29,l2,0.0
i02,e11,c1,p29,l3,0.0
i02,e11,c1,p30,l2,0.0
i02,e11,c1,p30,l3,0.0
i02,e11,c1,p31,l2,0.0
i02,e11,c1,p31,l3,0.0
i02,e11,c1,p32,l2,0.0
i02,e11,c1,p32,l3,0.0
i02,e11,c1,p33,l3,0.0
i02,e11,c1,p34,l3,0.0
i02,e11,c1,p35,l2,0.0
i02,e11,c1,p35,l3,0.0
i02,e11,c4,p04,l2,0.0
i02,e11,c4,p04,l3,0.0
i02,e11,c4,p05,l3,0.0
i02,e11,c4,p07,l2,0.0
i02,e11,c4,p07,l3,0.0
i02,e11,c4,p08,l3,0.0
i02,e11,c4,p09,l2,0.0
i02,e11,c4,p09,l3,0.0
i02,e11,c4,p10,l2,0.0
i02,e11,c4,p10,l3,0.0
i02,e11,c4,p11,l3,0.0
i02,e11,c4,p13,l3,0.0
i02,e11,c4,p14,l3,0.0
i02,e11,c4,p15,l3,0.0
i02,e11,c4,p16,l3,0.0
i02,e11,c4,p17,l2,0.0
i02,e11,c4,p17,l3,0.0
i02,e11,c4,p18,l2,0.0
i02,e11,c4,p18,l3,0.0
i02,e11,c4,p19,l3,0.0
i02,e11,c4,p22,l3,0.0
i02,e11,c4,p23,l2,0.0
i02,e11,c4,p23,l3,0.0
i02,e11,c4,p24,l3,0.0
i02,e11,c4,p25,l2,0.0
i02,e11,c4,p25,l3,0.0
i02,e11,c4,p28,l2,0.0
i02,e11,c4,p28,l3,0.0
i02,e11,c4,p29,l3,0.0
i02,e11,c4,p32,l3,0.0
i02,e11,c4,p35,l2,0.0
i02,e11,c4,p35,l3,0.0
i02,e12,c1,p01,l3,0.0
i02,e12,c1,p02,l3,0.0
i02,e12,c1,p03,l3,0.0
i02,e12,c1,p04,l3,0.0
i02,e12,c1,p06,l3,0.0
i02,e12,c1,p07,l3,0.0
i02,e12,c1,p09,l3,0.0
i02,e12,c1,p10,l3,0.0
i02,e12,c1,p11,l3,0.0
i02,e12,c1,p12,l3,0.0
i02,e12,c1,p13,l3,0.0
i02,e12,c1,p15,l3,0.0
i02,e12,c1,p16,l3,0.0
i02,e12,c1,p17,l3,0.0
i02,e12,c1,p19,l3,0.0
i02,e12,c1,p21,l3,0.0
i02,e12,c1,p23,l3,0.0
i02,e12,c1,p35,l3,0.0
i03,e01,c3,p01,l3,0.0
i03,e01,c3,p03,l3,0.0
i03,e01,c3,p04,l3,0.0
i03,e01,c3,p05,l3,0.0
i03,e01,c3,p06,l3,0.0
i03,e01,c3,p09,l3,0.0
i03,e01,c3,p10,l3,0.0
i03,e01,c3,p11,l3,0.0
i03,e01,c3,p12,l3,0.0
i03,e01,c3,p15,l3,0.0
i03,e01,c3,p16,l3,0.0
i03,e01,c3,p18,l3,0.0
i03,e01,c3,p19,l3,0.0
i03,e01,c3,p20,l3,0.0
i03,e01,c3,p21,l3,0.0
i03,e01,c3,p23,l3,0.0
i03,e01,c3,p29,l3,0.0
i03,e01,c3,p35,l3,0.0
i03,e01,c5,p01,l3,2.0
i03,e01,c5,p02,l3,0.0
i03,e01,c5,p03,l3,0.0
i03,e01,c5,p04,l3,4.0
i03,e01,c5,p05,l3,2.0
i03,e01,c5,p06,l3,0.0
i03,e01,c5,p07,l3,0.0
i03,e01,c5,p08,l3,0.0
i03,e01,c5,p09,l3,0.0
i03,e01,c5,p10,l3,0.0
i03,e01,c5,p11,l3,0.0
i03,e01,c5,p12,l3,0.0
i03,e01,c5,p13,l3,0.0
i03,e01,c5,p14,l3,0.0
i03,e01,c5,p15,l3,0.0
i03,e01,c5,p16,l3,0.0
i03,e01,c5,p17,l3,0.0
i03,e01,c5,p18,l3,1.0
i03,e01,c5,p19,l3,0.0
i03,e01,c5,p20,l3,0.0
i03,e01,c5,p21,l3,0.0
i03,e01,c5,p22,l3,0.0
i03,e01,c5,p23,l3,1.0
i03,e01,c5,p24,l3,0.0
i03,e01,c5,p25,l3,0.0
i03,e01,c5,p26,l3,0.0
i03,e01,c5,p28,l3,0.0
i03,e01,c5,p29,l3,0.0
i03,e01,c5,p30,l3,0.0
i03,e01,c5,p31,l3,0.0
i03,e01,c5,p32,l3,0.0
i03,e01,c5,p33,l3,0.0
i03,e01,c5,p35,l3,0.0
i03,e02,c3,p10,l3,0.0
i03,e02,c3,p11,l3,0.0
i03,e02,c3,p19,l3,0.0
i03,e02,c5,p01,l1,0.0
i03,e02,c5,p01,l3,0.0
i03,e02,c5,p02,l1,0.0
i03,e02,c5,p02,l3,0.0
i03,e02,c5,p03,l3,0.0
i03,e02,c5,p04,l3,0.0
i03,e02,c5,p05,l1,0.0
i03,e02,c5,p05,l3,0.0
i03,e02,c5,p06,l1,0.0
i03,e02,c5,p06,l3,0.0
i03,e02,c5,p07,l1,0.0
i03,e02,c5,p07,l3,0.0
i03,e02,c5,p10,l1,0.0
i03,e02,c5,p10,l3,0.0
i03,e02,c5,p11,l1,0.0
i03,e02,c5,p11,l3,0.0
i03,e02,c5,p12,l1,0.0
i03,e02,c5,p12,l3,0.0
i03,e02,c5,p13,l3,0.0
i03,e02,c5,p14,l1,0.0
i03,e02,c5,p14,l3,0.0
i03,e02,c5,p15,l1,0.0
i03,e02,c5,p15,l3,0.0
i03,e02,c5,p16,l1,0.0
i03,e02,c5,p16,l3,0.0
i03,e02,c5,p17,l1,0.0
i03,e02,c5,p17,l3,0.0
i03,e02,c5,p18,l1,0.0
i03,e02,c5,p18,l3,0.0
i03,e02,c5,p19,l1,0.0
i03,e02,c5,p19,l3,0.0
i03,e02,c5,p20,l3,0.0
i03,e02,c5,p21,l1,0.0
i03,e02,c5,p21,l3,0.0
i03,e02,c5,p22,l1,0.0
i03,e02,c5,p22,l3,0.0
i03,e02,c5,p24,l1,0.0
i03,e02,c5,p24,l3,0.0
i03,e02,c5,p29,l3,0.0
i03,e02,c5,p35,l1,0.0
i03,e02,c5,p35,l3,0.0
i03,e03,c5,p07,l3,0.0
i03,e03,c5,p12,l3,0.0
i03,e03,c5,p16,l3,0.0
i03,e03,c5,p35,l3,0.0
i03,e04,c3,p01,l1,0.0
i03,e04,c3,p01,l3,0.0
i03,e04,c3,p03,l1,0.0
i03,e04,c3,p03,l3,0.0
i03,e04,c3,p04,l3,0.0
i03,e04,c3,p05,l1,0.0
i03,e04,c3,p05,l3,0.0
i03,e04,c3,p06,l1,0.0
i03,e04,c3,p06,l3,0.0
i03,e04,c3,p07,l3,0.0
i03,e04,c3,p09,l3,0.0
i03,e04,c3,p10,l1,0.0
i03,e04,c3,p10,l3,0.0
i03,e04,c3,p11,l1,0.0
i03,e04,c3,p11,l3,0.0
i03,e04,c3,p12,l3,0.0
i03,e04,c3,p15,l3,0.0
i03,e04,c3,p16,l1,0.0
i03,e04,c3,p16,l3,0.0
i03,e04,c3,p18,l1,0.0
i03,e04,c3,p18,l3,0.0
i03,e04,c3,p19,l1,0.0
i03,e04,c3,p19,l3,0.0
i03,e04,c3,p20,l3,0.0
i03,e04,c3,p21,l1,0.0
i03,e04,c3,p21,l3,0.0
i03,e04,c3,p22,l3,0.0
i03,e04,c3,p23,l1,0.0
i03,e04,c3,p23,l3,0.0
i03,e04,c3,p24,l3,0.0
i03,e04,c3,p29,l1,0.0
i03,e04,c3,p29,l3,0.0
i03,e04,c3,p35,l3,0.0
i03,e04,c5,p01,l1,0.0
i03,e04,c5,p01,l3,1.0
i03,e04,c5,p02,l1,0.0
i03,e04,c5,p02,l3,0.0
i03,e04,c5,p03,l1,0.0
i03,e04,c5,p03,l3,0.0
i03,e04,c5,p04,l1,0.0
i03,e04,c5,p04,l3,9.0
i03,e04,c5,p05,l1,0.0
i03,e04,c5,p05,l3,7.0
i03,e04,c5,p06,l1,0.0
i03,e04,c5,p06,l3,0.0
i03,e04,c5,p07,l1,0.0
i03,e04,c5,p07,l3,0.0
i03,e04,c5,p08,l1,0.0
i03,e04,c5,p08,l3,0.0
i03,e04,c5,p09,l1,0.0
i03,e04,c5,p09,l3,0.0
i03,e04,c5,p10,l1,0.0
i03,e04,c5,p10,l3,0.0
i03,e04,c5,p11,l1,0.0
i03,e04,c5,p11,l3,0.0
i03,e04,c5,p12,l1,0.0
i03,e04,c5,p12,l3,0.0
i03,e04,c5,p13,l1,0.0
i03,e04,c5,p13,l3,0.0
i03,e04,c5,p14,l1,0.0
i03,e04,c5,p14,l3,0.0
i03,e04,c5,p15,l1,0.0
i03,e04,c5,p15,l3,0.0
i03,e04,c5,p16,l1,0.0
i03,e04,c5,p16,l3,0.0
i03,e04,c5,p17,l1,0.0
i03,e04,c5,p17,l3,0.0
i03,e04,c5,p18,l1,0.0
i03,e04,c5,p18,l3,0.0
i03,e04,c5,p19,l1,0.0
i03,e04,c5,p19,l3,1.0
i03,e04,c5,p20,l1,0.0
i03,e04,c5,p20,l3,0.0
i03,e04,c5,p21,l1,0.0
i03,e04,c5,p21,l3,0.0
i03,e04,c5,p22,l1,0.0
i03,e04,c5,p22,l3,1.0
i03,e04,c5,p23,l1,0.0
i03,e04,c5,p23,l3,1.0
i03,e04,c5,p24,l1,0.0
i03,e04,c5,p24,l3,0.0
i03,e04,c5,p25,l3,0.0
i03,e04,c5,p26,l3,0.0
i03,e04,c5,p28,l1,0.0
i03,e04,c5,p28,l3,0.0
i03,e04,c5,p29,l1,0.0
i03,e04,c5,p29,l3,0.0
i03,e04,c5,p30,l3,0.0
i03,e04,c5,p31,l1,0.0
i03,e04,c5,p31,l3,0.0
i03,e04,c5,p32,l1,0.0
i03,e04,c5,p32,l3,0.0
i03,e04,c5,p33,l3,0.0
i03,e04,c5,p35,l1,0.0
i03,e04,c5,p35,l3,0.0
i03,e05,c3,p03,l3,0.0
i03,e05,c3,p04,l3,0.0
i03,e05,c3,p09,l3,0.0
i03,e05,c3,p11,l3,0.0
i03,e05,c3,p19,l3,0.0
i03,e05,c3,p21,l3,0.0
i03,e05,c3,p29,l3,0.0
i03,e05,c5,p01,l1,0.0
i03,e05,c5,p01,l3,0.0
i03,e05,c5,p02,l1,0.0
i03,e05,c5,p02,l3,0.0
i03,e05,c5,p03,l1,0.0
i03,e05,c5,p03,l3,0.0
i03,e05,c5,p04,l1,0.0
i03,e05,c5,p04,l3,0.0
i03,e05,c5,p05,l1,0.0
i03,e05,c5,p05,l3,0.0
i03,e05,c5,p06,l1,0.0
i03,e05,c5,p06,l3,0.0
i03,e05,c5,p07,l1,0.0
i03,e05,c5,p07,l3,0.0
i03,e05,c5,p08,l1,0.0
i03,e05,c5,p08,l3,0.0
i03,e05,c5,p09,l1,0.0
i03,e05,c5,p09,l3,0.0
i03,e05,c5,p10,l1,0.0
i03,e05,c5,p10,l3,0.0
i03,e05,c5,p11,l1,0.0
i03,e05,c5,p11,l3,0.0
i03,e05,c5,p12,l1,0.0
i03,e05,c5,p12,l3,0.0
i03,e05,c5,p13,l1,0.0
i03,e05,c5,p13,l3,0.0
i03,e05,c5,p14,l1,0.0
i03,e05,c5,p14,l3,0.0
i03,e05,c5,p15,l1,0.0
i03,e05,c5,p15,l3,0.0
i03,e05,c5,p16,l1,0.0
i03,e05,c5,p16,l3,0.0
i03,e05,c5,p17,l1,0.0
i03,e05,c5,p17,l3,0.0
i03,e05,c5,p18,l1,0.0
i03,e05,c5,p18,l3,0.0
i03,e05,c5,p19,l1,0.0
i03,e05,c5,p19,l3,0.0
i03,e05,c5,p20,l3,0.0
i03,e05,c5,p21,l1,0.0
i03,e05,c5,p21,l3,0.0
i03,e05,c5,p22,l1,0.0
i03,e05,c5,p22,l3,0.0
i03,e05,c5,p23,l1,0.0
i03,e05,c5,p23,l3,0.0
i03,e05,c5,p24,l1,0.0
i03,e05,c5,p24,l3,0.0
i03,e05,c5,p25,l3,0.0
i03,e05,c5,p28,l1,0.0
i03,e05,c5,p28,l3,0.0
i03,e05,c5,p29,l1,0.0
i03,e05,c5,p29,l3,0.0
i03,e05,c5,p33,l3,0.0
i03,e05,c5,p35,l1,0.0
i03,e05,c5,p35,l3,0.0
i03,e07,c5,p01,l3,0.0
i03,e07,c5,p03,l3,0.0
i03,e07,c5,p04,l2,0.0
i03,e07,c5,p04,l3,0.0
i03,e07,c5,p05,l3,0.0
i03,e07,c5,p06,l3,0.0
i03,e07,c5,p07,l3,0.0
i03,e07,c5,p09,l3,0.0
i03,e07,c5,p10,l3,0.0
i03,e07,c5,p12,l3,0.0
i03,e07,c5,p13,l3,0.0
i03,e07,c5,p15,l3,0.0
i03,e07,c5,p16,l3,0.0
i03,e07,c5,p17,l3,0.0
i03,e07,c5,p19,l3,0.0
i03,e07,c5,p22,l3,0.0
i03,e07,c5,p23,l3,0.0
i03,e07,c5,p24,l3,0.0
i03,e07,c5,p35,l3,0.0
i03,e08,c3,p01,l2,0.0
i03,e08,c3,p01,l3,0.0
i03,e08,c3,p03,l2,0.0
i03,e08,c3,p03,l3,0.0
i03,e08,c3,p05,l3,0.0
i03,e08,c3,p06,l2,0.0
i03,e08,c3,p06,l3,0.0
i03,e08,c3,p07,l3,0.0
i03,e08,c3,p09,l3,0.0
i03,e08,c3,p10,l2,0.0
i03,e08,c3,p10,l3,0.0
i03,e08,c3,p11,l2,0.0
i03,e08,c3,p11,l3,0.0
i03,e08,c3,p15,l3,0.0
i03,e08,c3,p16,l2,0.0
i03,e08,c3,p16,l3,0.0
i03,e08,c3,p18,l2,0.0
i03,e08,c3,p18,l3,0.0
i03,e08,c3,p19,l2,0.0
i03,e08,c3,p19,l3,0.0
i03,e08,c3,p20,l3,0.0
i03,e08,c3,p21,l3,0.0
i03,e08,c3,p23,l2,0.0
i03,e08,c3,p23,l3,0.0
i03,e08,c3,p24,l3,0.0
i03,e08,c3,p29,l2,0.0
i03,e08,c3,p29,l3,0.0
i03,e08,c3,p35,l3,0.0
i03,e08,c5,p01,l2,0.0
i03,e08,c5,p01,l3,0.0
i03,e08,c5,p02,l2,0.0
i03,e08,c5,p02,l3,0.0
i03,e08,c5,p03,l2,0.0
i03,e08,c5,p03,l3,0.0
i03,e08,c5,p04,l2,0.0
i03,e08,c5,p04,l3,0.0
i03,e08,c5,p05,l2,0.0
i03,e08,c5,p05,l3,0.0
i03,e08,c5,p06,l2,0.0
i03,e08,c5,p06,l3,0.0
i03,e08,c5,p07,l2,0.0
i03,e08,c5,p07,l3,0.0
i03,e08,c5,p08,l2,0.0
i03,e08,c5,p08,l3,0.0
i03,e08,c5,p09,l2,0.0
i03,e08,c5,p09,l3,0.0
i03,e08,c5,p10,l2,0.0
i03,e08,c5,p10,l3,0.0
i03,e08,c5,p11,l2,0.0
i03,e08,c5,p11,l3,0.0
i03,e08,c5,p12,l2,0.0
i03,e08,c5,p12,l3,0.0
i03,e08,c5,p13,l2,0.0
i03,e08,c5,p13,l3,0.0
i03,e08,c5,p14,l2,0.0
i03,e08,c5,p14,l3,0.0
i03,e08,c5,p15,l2,0.0
i03,e08,c5,p15,l3,0.0
i03,e08,c5,p16,l2,0.0
i03,e08,c5,p16,l3,0.0
i03,e08,c5,p17,l2,0.0
i03,e08,c5,p17,l3,0.0
i03,e08,c5,p18,l2,0.0
i03,e08,c5,p18,l3,0.0
i03,e08,c5,p19,l2,0.0
i03,e08,c5,p19,l3,0.0
i03,e08,c5,p20,l2,0.0
i03,e08,c5,p20,l3,0.0
i03,e08,c5,p21,l2,0.0
i03,e08,c5,p21,l3,0.0
i03,e08,c5,p22,l2,0.0
i03,e08,c5,p22,l3,0.0
i03,e08,c5,p23,l2,0.0
i03,e08,c5,p23,l3,0.0
i03,e08,c5,p24,l2,0.0
i03,e08,c5,p24,l3,0.0
i03,e08,c5,p25,l3,0.0
i03,e08,c5,p26,l3,0.0
i03,e08,c5,p28,l2,0.0
i03,e08,c5,p28,l3,0.0
i03,e08,c5,p29,l2,0.0
i03,e08,c5,p29,l3,0.0
i03,e08,c5,p30,l2,0.0
i03,e08,c5,p30,l3,0.0
i03,e08,c5,p31,l3,0.0
i03,e08,c5,p32,l2,0.0
i03,e08,c5,p32,l3,0.0
i03,e08,c5,p33,l3,0.0
i03,e08,c5,p35,l2,0.0
i03,e08,c5,p35,l3,0.0
i03,e09,c3,p01,l3,0.0
i03,e09,c3,p03,l2,0.0
i03,e09,c3,p03,l3,0.0
i03,e09,c3,p04,l3,0.0
i03,e09,c3,p05,l2,0.0
i03,e09,c3,p05,l3,0.0
i03,e09,c3,p06,l2,0.0
i03,e09,c3,p06,l3,0.0
i03,e09,c3,p09,l3,0.0
i03,e09,c3,p10,l2,0.0
i03,e09,c3,p10,l3,0.0
i03,e09,c3,p11,l2,0.0
i03,e09,c3,p11,l3,0.0
i03,e09,c3,p12,l3,0.0
i03,e09,c3,p15,l3,0.0
i03,e09,c3,p16,l2,0.0
i03,e09,c3,p16,l3,0.0
i03,e09,c3,p18,l3,0.0
i03,e09,c3,p19,l2,0.0
i03,e09,c3,p19,l3,0.0
i03,e09,c3,p20,l3,0.0
i03,e09,c3,p21,l2,0.0
i03,e09,c3,p21,l3,0.0
i03,e09,c3,p23,l2,0.0
i03,e09,c3,p23,l3,0.0
i03,e09,c3,p29,l3,0.0
i03,e09,c3,p35,l3,0.0
i03,e09,c5,p01,l2,0.0
i03,e09,c5,p01,l3,2.0
i03,e09,c5,p02,l2,0.0
i03,e09,c5,p02,l3,0.0
i03,e09,c5,p03,l2,0.0
i03,e09,c5,p03,l3,0.0
i03,e09,c5,p04,l2,0.0
i03,e09,c5,p04,l3,1.0
i03,e09,c5,p05,l2,0.0
i03,e09,c5,p05,l3,0.0
i03,e09,c5,p06,l2,0.0
i03,e09,c5,p06,l3,0.0
i03,e09,c5,p07,l2,0.0
i03,e09,c5,p07,l3,0.0
i03,e09,c5,p08,l2,0.0
i03,e09,c5,p08,l3,0.0
i03,e09,c5,p09,l2,0.0
i03,e09,c5,p09,l3,0.0
i03,e09,c5,p10,l2,0.0
i03,e09,c5,p10,l3,0.0
i03,e09,c5,p11,l2,0.0
i03,e09,c5,p11,l3,0.0
i03,e09,c5,p12,l2,0.0
i03,e09,c5,p12,l3,0.0
i03,e09,c5,p13,l2,0.0
i03,e09,c5,p13,l3,0.0
i03,e09,c5,p14,l2,0.0
i03,e09,c5,p14,l3,0.0
i03,e09,c5,p15,l2,0.0
i03,e09,c5,p15,l3,1.0
i03,e09,c5,p16,l2,0.0
i03,e09,c5,p16,l3,0.0
i03,e09,c5,p17,l2,0.0
i03,e09,c5,p17,l3,0.0
i03,e09,c5,p18,l2,0.0
i03,e09,c5,p18,l3,0.0
i03,e09,c5,p19,l2,0.0
i03,e09,c5,p19,l3,0.0
i03,e09,c5,p20,l2,0.0
i03,e09,c5,p20,l3,0.0
i03,e09,c5,p21,l2,0.0
i03,e09,c5,p21,l3,0.0
i03,e09,c5,p22,l2,0.0
i03,e09,c5,p22,l3,0.0
i03,e09,c5,p23,l2,0.0
i03,e09,c5,p23,l3,0.0
i03,e09,c5,p24,l2,0.0
i03,e09,c5,p24,l3,3.0
i03,e09,c5,p25,l3,0.0
i03,e09,c5,p26,l3,0.0
i03,e09,c5,p28,l2,0.0
i03,e09,c5,p28,l3,2.0
i03,e09,c5,p29,l2,0.0
i03,e09,c5,p29,l3,0.0
i03,e09,c5,p30,l3,0.0
i03,e09,c5,p31,l2,0.0
i03,e09,c5,p31,l3,0.0
i03,e09,c5,p32,l2,0.0
i03,e09,c5,p32,l3,0.0
i03,e09,c5,p33,l3,0.0
i03,e09,c5,p35,l2,0.0
i03,e09,c5,p35,l3,0.0
i03,e10,c3,p01,l3,0.0
i03,e10,c3,p03,l1,0.0
i03,e10,c3,p03,l3,0.0
i03,e10,c3,p04,l3,0.0
i03,e10,c3,p05,l1,0.0
i03,e10,c3,p05,l3,0.0
i03,e10,c3,p06,l1,0.0
i03,e10,c3,p06,l3,0.0
i03,e10,c3,p07,l3,0.0
i03,e10,c3,p09,l3,0.0
i03,e10,c3,p10,l1,0.0
i03,e10,c3,p10,l3,0.0
i03,e10,c3,p11,l1,0.0
i03,e10,c3,p11,l3,0.0
i03,e10,c3,p12,l3,0.0
i03,e10,c3,p15,l1,0.0
i03,e10,c3,p15,l3,0.0
i03,e10,c3,p16,l1,0.0
i03,e10,c3,p16,l3,0.0
i03,e10,c3,p18,l1,0.0
i03,e10,c3,p18,l3,0.0
i03,e10,c3,p19,l1,0.0
i03,e10,c3,p19,l3,0.0
i03,e10,c3,p20,l1,0.0
i03,e10,c3,p20,l3,0.0
i03,e10,c3,p21,l1,0.0
i03,e10,c3,p21,l3,0.0
i03,e10,c3,p22,l3,0.0
i03,e10,c3,p23,l1,0.0
i03,e10,c3,p23,l3,0.0
i03,e10,c3,p29,l1,0.0
i03,e10,c3,p29,l3,0.0
i03,e10,c3,p35,l1,0.0
i03,e10,c3,p35,l3,0.0
i03,e10,c5,p01,l1,0.0
i03,e10,c5,p01,l2,0.0
i03,e10,c5,p01,l3,0.0
i03,e10,c5,p02,l1,0.0
i03,e10,c5,p02,l3,0.0
i03,e10,c5,p03,l1,0.0
i03,e10,c5,p03,l2,0.0
i03,e10,c5,p03,l3,0.0
i03,e10,c5,p04,l1,0.0
i03,e10,c5,p04,l3,1.0
i03,e10,c5,p05,l1,0.0
i03,e10,c5,p05,l2,0.0
i03,e10,c5,p05,l3,0.0
i03,e10,c5,p06,l1,0.0
i03,e10,c5,p06,l2,0.0
i03,e10,c5,p06,l3,0.0
i03,e10,c5,p07,l1,0.0
i03,e10,c5,p07,l2,0.0
i03,e10,c5,p07,l3,0.0
i03,e10,c5,p08,l1,0.0
i03,e10,c5,p08,l2,0.0
i03,e10,c5,p08,l3,0.0
i03,e10,c5,p09,l1,0.0
i03,e10,c5,p09,l3,0.0
i03,e10,c5,p10,l1,0.0
i03,e10,c5,p10,l2,0.0
i03,e10,c5,p10,l3,4.0
i03,e10,c5,p11,l1,0.0
i03,e10,c5,p11,l2,0.0
i03,e10,c5,p11,l3,0.0
i03,e10,c5,p12,l1,0.0
i03,e10,c5,p12,l2,0.0
i03,e10,c5,p12,l3,0.0
i03,e10,c5,p13,l1,0.0
i03,e10,c5,p13,l2,0.0
i03,e10,c5,p13,l3,0.0
i03,e10,c5,p14,l1,0.0
i03,e10,c5,p14,l2,0.0
i03,e10,c5,p14,l3,0.0
i03,e10,c5,p15,l1,0.0
i03,e10,c5,p15,l2,0.0
i03,e10,c5,p15,l3,0.0
i03,e10,c5,p16,l1,0.0
i03,e10,c5,p16,l2,0.0
i03,e10,c5,p16,l3,0.0
i03,e10,c5,p17,l1,0.0
i03,e10,c5,p17,l2,0.0
i03,e10,c5,p17,l3,0.0
i03,e10,c5,p18,l1,0.0
i03,e10,c5,p18,l2,0.0
i03,e10,c5,p18,l3,3.0
i03,e10,c5,p19,l1,0.0
i03,e10,c5,p19,l2,0.0
i03,e10,c5,p19,l3,0.0
i03,e10,c5,p20,l1,0.0
i03,e10,c5,p20,l3,0.0
i03,e10,c5,p21,l1,0.0
i03,e10,c5,p21,l2,0.0
i03,e10,c5,p21,l3,0.0
i03,e10,c5,p22,l1,0.0
i03,e10,c5,p22,l2,0.0
i03,e10,c5,p22,l3,0.0
i03,e10,c5,p23,l1,0.0
i03,e10,c5,p23,l2,0.0
i03,e10,c5,p23,l3,0.0
i03,e10,c5,p24,l1,0.0
i03,e10,c5,p24,l2,0.0
i03,e10,c5,p24,l3,0.0
i03,e10,c5,p25,l1,0.0
i03,e10,c5,p25,l3,0.0
i03,e10,c5,p26,l1,0.0
i03,e10,c5,p26,l3,0.0
i03,e10,c5,p28,l1,0.0
i03,e10,c5,p28,l3,0.0
i03,e10,c5,p29,l1,0.0
i03,e10,c5,p29,l2,0.0
i03,e10,c5,p29,l3,0.0
i03,e10,c5,p30,l3,0.0
i03,e10,c5,p31,l1,0.0
i03,e10,c5,p31,l3,0.0
i03,e10,c5,p32,l3,0.0
i03,e10,c5,p33,l1,0.0
i03,e10,c5,p33,l3,0.0
i03,e10,c5,p35,l1,0.0
i03,e10,c5,p35,l2,0.0
i03,e10,c5,p35,l3,0.0
i03,e11,c5,p01,l2,0.0
i03,e11,c5,p01,l3,0.0
i03,e11,c5,p02,l3,0.0
i03,e11,c5,p04,l3,0.0
i03,e11,c5,p05,l2,0.0
i03,e11,c5,p05,l3,0.0
i03,e11,c5,p06,l3,0.0
i03,e11,c5,p07,l2,0.0
i03,e11,c5,p07,l3,0.0
i03,e11,c5,p08,l3,0.0
i03,e11,c5,p10,l2,0.0
i03,e11,c5,p10,l3,0.0
i03,e11,c5,p11,l3,0.0
i03,e11,c5,p12,l2,0.0
i03,e11,c5,p12,l3,0.0
i03,e11,c5,p14,l3,0.0
i03,e11,c5,p15,l2,0.0
i03,e11,c5,p15,l3,0.0
i03,e11,c5,p16,l2,0.0
i03,e11,c5,p16,l3,0.0
i03,e11,c5,p17,l3,0.0
i03,e11,c5,p18,l2,0.0
i03,e11,c5,p18,l3,0.0
i03,e11,c5,p19,l2,0.0
i03,e11,c5,p19,l3,0.0
i03,e11,c5,p21,l2,0.0
i03,e11,c5,p21,l3,0.0
i03,e11,c5,p23,l2,0.0
i03,e11,c5,p23,l3,0.0
i03,e11,c5,p24,l3,0.0
i03,e11,c5,p29,l2,0.0
i03,e11,c5,p29,l3,0.0
i03,e11,c5,p35,l2,0.0
i03,e11,c5,p35,l3,0.0
i03,e12,c3,p29,l3,0.0
i03,e12,c5,p01,l3,0.0
i03,e12,c5,p02,l3,0.0
i03,e12,c5,p03,l3,0.0
i03,e12,c5,p04,l3,0.0
i03,e12,c5,p05,l3,0.0
i03,e12,c5,p06,l3,0.0
i03,e12,c5,p07,l3,0.0
i03,e12,c5,p08,l3,0.0
i03,e12,c5,p09,l3,0.0
i03,e12,c5,p10,l3,0.0
i03,e12,c5,p11,l3,0.0
i03,e12,c5,p12,l3,0.0
i03,e12,c5,p13,l3,0.0
i03,e12,c5,p14,l3,0.0
i03,e12,c5,p15,l3,0.0
i03,e12,c5,p16,l3,0.0
i03,e12,c5,p17,l3,0.0
i03,e12,c5,p18,l3,0.0
i03,e12,c5,p19,l3,0.0
i03,e12,c5,p20,l3,0.0
i03,e12,c5,p21,l3,0.0
i03,e12,c5,p22,l3,0.0
i03,e12,c5,p23,l3,0.0
i03,e12,c5,p24,l3,0.0
i03,e12,c5,p29,l3,0.0
i03,e12,c5,p32,l3,0.0
i03,e12,c5,p35,l3,0.0
i04,e01,c3,p03,l3,0.0
i04,e01,c3,p10,l3,0.0
i04,e01,c3,p21,l3,0.0
i04,e01,c3,p24,l3,0.0
i04,e01,c3,p35,l3,0.0
i04,e01,c5,p10,l3,0.0
i04,e02,c3,p10,l3,0.0
i04,e02,c3,p24,l3,0.0
i04,e04,c3,p03,l1,0.0
i04,e04,c3,p03,l3,0.0
i04,e04,c3,p10,l1,0.0
i04,e04,c3,p10,l3,0.0
i04,e04,c3,p21,l1,0.0
i04,e04,c3,p21,l3,0.0
i04,e04,c3,p24,l1,0.0
i04,e04,c3,p24,l3,0.0
i04,e04,c3,p35,l1,0.0
i04,e04,c3,p35,l3,0.0
i04,e04,c5,p10,l1,0.0
i04,e05,c3,p10,l3,0.0
i04,e05,c3,p24,l3,0.0
i04,e05,c3,p35,l3,0.0
i04,e08,c3,p03,l3,0.0
i04,e08,c3,p10,l2,0.0
i04,e08,c3,p10,l3,0.0
i04,e08,c3,p21,l2,0.0
i04,e08,c3,p21,l3,0.0
i04,e08,c3,p24,l2,0.0
i04,e08,c3,p24,l3,0.0
i04,e08,c3,p35,l3,0.0
i04,e08,c5,p10,l2,0.0
i04,e09,c3,p03,l2,0.0
i04,e09,c3,p03,l3,0.0
i04,e09,c3,p10,l2,0.0
i04,e09,c3,p10,l3,0.0
i04,e09,c3,p21,l2,0.0
i04,e09,c3,p21,l3,0.0
i04,e09,c3,p24,l2,0.0
i04,e09,c3,p24,l3,0.0
i04,e09,c3,p35,l2,0.0
i04,e09,c3,p35,l3,0.0
i04,e09,c5,p10,l2,0.0
i04,e11,c3,p03,l2,0.0
i04,e11,c3,p10,l2,0.0
i04,e11,c3,p10,l3,0.0
i04,e11,c3,p21,l3,0.0
i04,e11,c3,p24,l2,0.0
i04,e11,c3,p24,l3,0.0
i04,e11,c3,p35,l2,0.0
i04,e11,c3,p35,l3,0.0
i05,e01,c1,p01,l3,0.0
i05,e01,c1,p02,l3,0.0
i05,e01,c1,p03,l3,1.0
i05,e01,c1,p04,l3,1.0
i05,e01,c1,p05,l3,0.0
i05,e01,c1,p06,l3,0.0
i05,e01,c1,p07,l3,0.0
i05,e01,c1,p08,l3,0.0
i05,e01,c1,p09,l3,1.0
i05,e01,c1,p10,l3,21.0
i05,e01,c1,p11,l3,1.0
i05,e01,c1,p12,l3,0.0
i05,e01,c1,p13,l3,16.0
i05,e01,c1,p14,l3,0.0
i05,e01,c1,p15,l3,2.0
i05,e01,c1,p16,l3,5.0
i05,e01,c1,p17,l3,0.0
i05,e01,c1,p18,l3,0.0
i05,e01,c1,p19,l3,21.0
i05,e01,c1,p20,l3,0.0
i05,e01,c1,p21,l3,3.0
i05,e01,c1,p22,l3,2.0
i05,e01,c1,p23,l3,0.0
i05,e01,c1,p24,l3,1.0
i05,e01,c1,p25,l3,0.0
i05,e01,c1,p26,l3,0.0
i05,e01,c1,p27,l3,0.0
i05,e01,c1,p28,l3,1.0
i05,e01,c1,p29,l3,3.0
i05,e01,c1,p30,l3,0.0
i05,e01,c1,p31,l3,0.0
i05,e01,c1,p32,l3,3.0
i05,e01,c1,p33,l3,0.0
i05,e01,c1,p34,l3,0.0
i05,e01,c1,p35,l3,9.0
i05,e01,c4,p01,l3,0.0
i05,e01,c4,p02,l3,0.0
i05,e01,c4,p03,l3,0.0
i05,e01,c4,p04,l3,0.0
i05,e01,c4,p05,l3,0.0
i05,e01,c4,p06,l3,0.0
i05,e01,c4,p07,l3,0.0
i05,e01,c4,p08,l3,0.0
i05,e01,c4,p09,l3,0.0
i05,e01,c4,p10,l3,0.0
i05,e01,c4,p11,l3,0.0
i05,e01,c4,p12,l3,0.0
i05,e01,c4,p13,l3,0.0
i05,e01,c4,p14,l3,0.0
i05,e01,c4,p15,l3,0.0
i05,e01,c4,p16,l3,0.0
i05,e01,c4,p17,l3,0.0
i05,e01,c4,p18,l3,0.0
i05,e01,c4,p19,l3,0.0
i05,e01,c4,p20,l3,0.0
i05,e01,c4,p21,l3,0.0
i05,e01,c4,p22,l3,0.0
i05,e01,c4,p23,l3,0.0
i05,e01,c4,p24,l3,0.0
i05,e01,c4,p25,l3,0.0
i05,e01,c4,p26,l3,0.0
i05,e01,c4,p28,l3,0.0
i05,e01,c4,p29,l3,0.0
i05,e01,c4,p30,l3,0.0
i05,e01,c4,p31,l3,0.0
i05,e01,c4,p32,l3,0.0
i05,e01,c4,p33,l3,0.0
i05,e01,c4,p35,l3,0.0
i05,e01,c7,p01,l3,0.0
i05,e01,c7,p03,l3,0.0
i05,e01,c7,p05,l3,0.0
i05,e01,c7,p10,l3,0.0
i05,e01,c7,p11,l3,0.0
i05,e01,c7,p12,l3,0.0
i05,e01,c7,p14,l3,0.0
i05,e01,c7,p17,l3,0.0
i05,e01,c7,p19,l3,0.0
i05,e01,c7,p21,l3,0.0
i05,e01,c7,p24,l3,0.0
i05,e01,c7,p35,l3,0.0
i05,e03,c1,p01,l3,0.0
i05,e03,c1,p02,l3,0.0
i05,e03,c1,p03,l3,2.0
i05,e03,c1,p04,l3,3.0
i05,e03,c1,p05,l3,0.0
i05,e03,c1,p06,l3,2.0
i05,e03,c1,p07,l3,0.0
i05,e03,c1,p08,l3,1.0
i05,e03,c1,p09,l3,0.0
i05,e03,c1,p10,l3,3.0
i05,e03,c1,p11,l3,1.0
i05,e03,c1,p12,l3,0.0
i05,e03,c1,p13,l3,0.0
i05,e03,c1,p14,l3,1.0
i05,e03,c1,p15,l3,0.0
i05,e03,c1,p16,l3,0.0
i05,e03,c1,p17,l3,1.0
i05,e03,c1,p18,l3,0.0
i05,e03,c1,p19,l3,2.0
i05,e03,c1,p20,l3,0.0
i05,e03,c1,p21,l3,1.0
i05,e03,c1,p22,l3,0.0
i05,e03,c1,p23,l3,0.0
i05,e03,c1,p24,l3,0.0
i05,e03,c1,p25,l3,1.0
i05,e03,c1,p26,l3,0.0
i05,e03,c1,p27,l3,0.0
i05,e03,c1,p28,l3,0.0
i05,e03,c1,p29,l3,0.0
i05,e03,c1,p30,l3,0.0
i05,e03,c1,p31,l3,0.0
i05,e03,c1,p32,l3,0.0
i05,e03,c1,p33,l3,0.0
i05,e03,c1,p34,l3,0.0
i05,e03,c1,p35,l3,6.0
i05,e03,c4,p01,l3,0.0
i05,e03,c4,p02,l3,0.0
i05,e03,c4,p03,l3,0.0
i05,e03,c4,p04,l3,0.0
i05,e03,c4,p05,l3,0.0
i05,e03,c4,p06,l3,0.0
i05,e03,c4,p07,l3,0.0
i05,e03,c4,p08,l3,0.0
i05,e03,c4,p09,l3,0.0
i05,e03,c4,p10,l3,0.0
i05,e03,c4,p11,l3,0.0
i05,e03,c4,p12,l3,0.0
i05,e03,c4,p13,l3,0.0
i05,e03,c4,p14,l3,0.0
i05,e03,c4,p15,l3,0.0
i05,e03,c4,p16,l3,0.0
i05,e03,c4,p17,l3,0.0
i05,e03,c4,p18,l3,0.0
i05,e03,c4,p19,l3,0.0
i05,e03,c4,p20,l3,0.0
i05,e03,c4,p21,l3,0.0
i05,e03,c4,p22,l3,0.0
i05,e03,c4,p23,l3,0.0
i05,e03,c4,p24,l3,0.0
i05,e03,c4,p25,l3,0.0
i05,e03,c4,p26,l3,0.0
i05,e03,c4,p28,l3,0.0
i05,e03,c4,p29,l3,0.0
i05,e03,c4,p30,l3,0.0
i05,e03,c4,p31,l3,0.0
i05,e03,c4,p32,l3,0.0
i05,e03,c4,p33,l3,0.0
i05,e03,c4,p35,l3,0.0
i05,e03,c7,p01,l3,0.0
i05,e03,c7,p02,l3,0.0
i05,e03,c7,p03,l3,0.0
i05,e03,c7,p05,l3,0.0
i05,e03,c7,p06,l3,0.0
i05,e03,c7,p10,l3,0.0
i05,e03,c7,p11,l3,0.0
i05,e03,c7,p12,l3,0.0
i05,e03,c7,p13,l3,0.0
i05,e03,c7,p15,l3,0.0
i05,e03,c7,p17,l3,0.0
i05,e03,c7,p18,l3,0.0
i05,e03,c7,p19,l3,0.0
i05,e03,c7,p21,l3,0.0
i05,e03,c7,p24,l3,0.0
i05,e03,c7,p26,l3,0.0
i05,e03,c7,p29,l3,0.0
i05,e03,c7,p35,l3,0.0
i05,e03,c8,p35,l3,0.0
i05,e04,c1,p01,l1,0.0
i05,e04,c1,p01,l3,0.0
i05,e04,c1,p02,l1,0.0
i05,e04,c1,p02,l3,0.0
i05,e04,c1,p03,l1,0.0
i05,e04,c1,p03,l3,1.0
i05,e04,c1,p04,l1,0.0
i05,e04,c1,p04,l3,0.0
i05,e04,c1,p05,l1,0.0
i05,e04,c1,p05,l3,0.0
i05,e04,c1,p06,l1,0.0
i05,e04,c1,p06,l3,0.0
i05,e04,c1,p07,l1,0.0
i05,e04,c1,p07,l3,0.0
i05,e04,c1,p08,l1,0.0
i05,e04,c1,p08,l3,1.0
i05,e04,c1,p09,l1,0.0
i05,e04,c1,p09,l3,1.0
i05,e04,c1,p10,l1,0.0
i05,e04,c1,p10,l3,1.0
i05,e04,c1,p11,l1,0.0
i05,e04,c1,p11,l3,2.0
i05,e04,c1,p12,l1,0.0
i05,e04,c1,p12,l3,0.0
i05,e04,c1,p13,l1,0.0
i05,e04,c1,p13,l3,2.0
i05,e04,c1,p14,l1,0.0
i05,e04,c1,p14,l3,0.0
i05,e04,c1,p15,l1,0.0
i05,e04,c1,p15,l3,0.0
i05,e04,c1,p16,l1,0.0
i05,e04,c1,p16,l3,5.0
i05,e04,c1,p17,l1,0.0
i05,e04,c1,p17,l3,0.0
i05,e04,c1,p18,l1,0.0
i05,e04,c1,p18,l3,0.0
i05,e04,c1,p19,l1,0.0
i05,e04,c1,p19,l3,27.0
i05,e04,c1,p20,l1,0.0
i05,e04,c1,p20,l3,0.0
i05,e04,c1,p21,l1,0.0
i05,e04,c1,p21,l3,3.0
i05,e04,c1,p22,l1,0.0
i05,e04,c1,p22,l3,0.0
i05,e04,c1,p23,l1,0.0
i05,e04,c1,p23,l3,0.0
i05,e04,c1,p24,l1,0.0
i05,e04,c1,p24,l3,3.0
i05,e04,c1,p25,l1,0.0
i05,e04,c1,p25,l3,0.0
i05,e04,c1,p26,l1,0.0
i05,e04,c1,p26,l3,0.0
i05,e04,c1,p27,l1,0.0
i05,e04,c1,p27,l3,0.0
i05,e04,c1,p28,l1,0.0
i05,e04,c1,p28,l3,0.0
i05,e04,c1,p29,l1,0.0
i05,e04,c1,p29,l3,1.0
i05,e04,c1,p30,l1,0.0
i05,e04,c1,p30,l3,0.0
i05,e04,c1,p31,l1,0.0
i05,e04,c1,p31,l3,0.0
i05,e04,c1,p32,l1,0.0
i05,e04,c1,p32,l3,13.0
i05,e04,c1,p33,l1,0.0
i05,e04,c1,p33,l3,0.0
i05,e04,c1,p34,l1,0.0
i05,e04,c1,p34,l3,0.0
i05,e04,c1,p35,l1,0.0
i05,e04,c1,p35,l3,2.0
i05,e04,c4,p01,l1,0.0
i05,e04,c4,p01,l3,0.0
i05,e04,c4,p02,l1,0.0
i05,e04,c4,p02,l3,0.0
i05,e04,c4,p03,l1,0.0
i05,e04,c4,p03,l3,0.0
i05,e04,c4,p04,l1,0.0
i05,e04,c4,p04,l3,0.0
i05,e04,c4,p05,l1,0.0
i05,e04,c4,p05,l3,0.0
i05,e04,c4,p06,l3,0.0
i05,e04,c4,p07,l1,0.0
i05,e04,c4,p07,l3,0.0
i05,e04,c4,p08,l1,0.0
i05,e04,c4,p08,l3,0.0
i05,e04,c4,p09,l1,0.0
i05,e04,c4,p09,l3,0.0
i05,e04,c4,p10,l1,0.0
i05,e04,c4,p10,l3,0.0
i05,e04,c4,p11,l1,0.0
i05,e04,c4,p11,l3,0.0
i05,e04,c4,p12,l1,0.0
i05,e04,c4,p12,l3,0.0
i05,e04,c4,p13,l1,0.0
i05,e04,c4,p13,l3,0.0
i05,e04,c4,p14,l1,0.0
i05,e04,c4,p14,l3,0.0
i05,e04,c4,p15,l1,0.0
i05,e04,c4,p15,l3,0.0
i05,e04,c4,p16,l1,0.0
i05,e04,c4,p16,l3,0.0
i05,e04,c4,p17,l1,0.0
i05,e04,c4,p17,l3,0.0
i05,e04,c4,p18,l1,0.0
i05,e04,c4,p18,l3,0.0
i05,e04,c4,p19,l1,0.0
i05,e04,c4,p19,l3,0.0
i05,e04,c4,p20,l1,0.0
i05,e04,c4,p20,l3,0.0
i05,e04,c4,p21,l1,0.0
i05,e04,c4,p21,l3,0.0
i05,e04,c4,p22,l3,0.0
i05,e04,c4,p23,l1,0.0
i05,e04,c4,p23,l3,0.0
i05,e04,c4,p24,l1,0.0
i05,e04,c4,p24,l3,0.0
i05,e04,c4,p25,l3,0.0
i05,e04,c4,p26,l3,0.0
i05,e04,c4,p28,l3,0.0
i05,e04,c4,p29,l3,0.0
i05,e04,c4,p30,l3,0.0
i05,e04,c4,p31,l3,0.0
i05,e04,c4,p32,l1,0.0
i05,e04,c4,p32,l3,0.0
i05,e04,c4,p33,l3,0.0
i05,e04,c4,p35,l1,0.0
i05,e04,c4,p35,l3,0.0
i05,e04,c7,p01,l3,0.0
i05,e04,c7,p03,l3,0.0
i05,e04,c7,p05,l3,0.0
i05,e04,c7,p10,l1,0.0
i05,e04,c7,p10,l3,0.0
i05,e04,c7,p11,l3,0.0
i05,e04,c7,p12,l3,0.0
i05,e04,c7,p13,l3,0.0
i05,e04,c7,p14,l3,0.0
i05,e04,c7,p17,l1,0.0
i05,e04,c7,p17,l3,0.0
i05,e04,c7,p19,l3,0.0
i05,e04,c7,p24,l3,0.0
i05,e04,c7,p35,l1,0.0
i05,e04,c7,p35,l3,0.0
i05,e05,c1,p01,l1,0.0
i05,e05,c1,p01,l3,0.0
i05,e05,c1,p02,l1,0.0
i05,e05,c1,p02,l3,0.0
i05,e05,c1,p03,l1,0.0
i05,e05,c1,p03,l3,0.0
i05,e05,c1,p04,l1,0.0
i05,e05,c1,p04,l3,0.0
i05,e05,c1,p05,l1,0.0
i05,e05,c1,p05,l3,0.0
i05,e05,c1,p06,l1,0.0
i05,e05,c1,p06,l3,0.0
i05,e05,c1,p07,l1,0.0
i05,e05,c1,p07,l3,0.0
i05,e05,c1,p08,l1,0.0
i05,e05,c1,p08,l3,0.0
i05,e05,c1,p09,l1,0.0
i05,e05,c1,p09,l3,0.0
i05,e05,c1,p10,l1,0.0
i05,e05,c1,p10,l3,0.0
i05,e05,c1,p11,l1,0.0
i05,e05,c1,p11,l3,0.0
i05,e05,c1,p12,l1,0.0
i05,e05,c1,p12,l3,0.0
i05,e05,c1,p13,l1,0.0
i05,e05,c1,p13,l3,0.0
i05,e05,c1,p14,l1,0.0
i05,e05,c1,p14,l3,0.0
i05,e05,c1,p15,l1,0.0
i05,e05,c1,p15,l3,0.0
i05,e05,c1,p16,l1,0.0
i05,e05,c1,p16,l3,0.0
i05,e05,c1,p17,l1,0.0
i05,e05,c1,p17,l3,0.0
i05,e05,c1,p18,l1,0.0
i05,e05,c1,p18,l3,0.0
i05,e05,c1,p19,l1,0.0
i05,e05,c1,p19,l3,0.0
i05,e05,c1,p20,l1,0.0
i05,e05,c1,p20,l3,0.0
i05,e05,c1,p21,l1,0.0
i05,e05,c1,p21,l3,0.0
i05,e05,c1,p22,l1,0.0
i05,e05,c1,p22,l3,0.0
i05,e05,c1,p23,l1,0.0
i05,e05,c1,p23,l3,0.0
i05,e05,c1,p24,l1,0.0
i05,e05,c1,p24,l3,0.0
i05,e05,c1,p25,l1,0.0
i05,e05,c1,p25,l3,0.0
i05,e05,c1,p26,l1,0.0
i05,e05,c1,p26,l3,0.0
i05,e05,c1,p27,l3,0.0
i05,e05,c1,p28,l1,0.0
i05,e05,c1,p28,l3,0.0
i05,e05,c1,p29,l1,0.0
i05,e05,c1,p29,l3,0.0
i05,e05,c1,p30,l1,0.0
i05,e05,c1,p30,l3,0.0
i05,e05,c1,p31,l1,0.0
i05,e05,c1,p31,l3,0.0
i05,e05,c1,p32,l1,0.0
i05,e05,c1,p32,l3,0.0
i05,e05,c1,p33,l1,0.0
i05,e05,c1,p33,l3,0.0
i05,e05,c1,p34,l3,0.0
i05,e05,c1,p35,l1,0.0
i05,e05,c1,p35,l3,0.0
i05,e05,c4,p01,l3,0.0
i05,e05,c4,p02,l1,0.0
i05,e05,c4,p02,l3,0.0
i05,e05,c4,p03,l1,0.0
i05,e05,c4,p03,l3,0.0
i05,e05,c4,p04,l3,0.0
i05,e05,c4,p05,l1,0.0
i05,e05,c4,p05,l3,0.0
i05,e05,c4,p06,l3,0.0
i05,e05,c4,p07,l1,0.0
i05,e05,c4,p07,l3,0.0
i05,e05,c4,p08,l3,0.0
i05,e05,c4,p09,l1,0.0
i05,e05,c4,p09,l3,0.0
i05,e05,c4,p10,l1,0.0
i05,e05,c4,p10,l3,0.0
i05,e05,c4,p11,l3,0.0
i05,e05,c4,p12,l1,0.0
i05,e05,c4,p12,l3,0.0
i05,e05,c4,p13,l3,0.0
i05,e05,c4,p15,l1,0.0
i05,e05,c4,p15,l3,0.0
i05,e05,c4,p16,l3,0.0
i05,e05,c4,p17,l3,0.0
i05,e05,c4,p18,l3,0.0
i05,e05,c4,p19,l3,0.0
i05,e05,c4,p21,l3,0.0
i05,e05,c4,p22,l3,0.0
i05,e05,c4,p23,l3,0.0
i05,e05,c4,p24,l3,0.0
i05,e05,c4,p28,l3,0.0
i05,e05,c4,p29,l1,0.0
i05,e05,c4,p29,l3,0.0
i05,e05,c4,p35,l1,0.0
i05,e05,c4,p35,l3,0.0
i05,e05,c7,p05,l3,0.0
i05,e05,c7,p10,l1,0.0
i05,e05,c7,p10,l3,0.0
i05,e05,c7,p35,l1,0.0
i05,e05,c7,p35,l3,0.0
i05,e06,c1,p01,l3,1.0
i05,e06,c1,p02,l3,0.0
i05,e06,c1,p03,l3,3.0
i05,e06,c1,p04,l3,2.0
i05,e06,c1,p05,l3,0.0
i05,e06,c1,p06,l3,2.0
i05,e06,c1,p07,l3,0.0
i05,e06,c1,p08,l3,0.0
i05,e06,c1,p09,l3,1.0
i05,e06,c1,p10,l3,12.0
i05,e06,c1,p11,l3,5.0
i05,e06,c1,p12,l3,1.0
i05,e06,c1,p13,l3,3.0
i05,e06,c1,p14,l3,2.0
i05,e06,c1,p15,l3,2.0
i05,e06,c1,p16,l3,1.0
i05,e06,c1,p17,l3,1.0
i05,e06,c1,p18,l3,0.0
i05,e06,c1,p19,l3,9.0
i05,e06,c1,p20,l3,1.0
i05,e06,c1,p21,l3,4.0
i05,e06,c1,p22,l3,1.0
i05,e06,c1,p23,l3,0.0
i05,e06,c1,p24,l3,6.0
i05,e06,c1,p25,l3,1.0
i05,e06,c1,p26,l3,0.0
i05,e06,c1,p27,l3,0.0
i05,e06,c1,p28,l3,1.0
i05,e06,c1,p29,l3,6.0
i05,e06,c1,p30,l3,0.0
i05,e06,c1,p31,l3,1.0
i05,e06,c1,p32,l3,0.0
i05,e06,c1,p33,l3,0.0
i05,e06,c1,p34,l3,0.0
i05,e06,c1,p35,l3,15.0
i05,e06,c4,p01,l3,0.0
i05,e06,c4,p02,l3,0.0
i05,e06,c4,p03,l3,0.0
i05,e06,c4,p04,l3,0.0
i05,e06,c4,p05,l3,0.0
i05,e06,c4,p06,l3,0.0
i05,e06,c4,p07,l3,0.0
i05,e06,c4,p08,l3,0.0
i05,e06,c4,p09,l3,0.0
i05,e06,c4,p10,l3,0.0
i05,e06,c4,p11,l3,0.0
i05,e06,c4,p12,l3,0.0
i05,e06,c4,p13,l3,0.0
i05,e06,c4,p14,l3,0.0
i05,e06,c4,p15,l3,0.0
i05,e06,c4,p16,l3,0.0
i05,e06,c4,p17,l3,0.0
i05,e06,c4,p18,l3,0.0
i05,e06,c4,p19,l3,1.0
i05,e06,c4,p20,l3,0.0
i05,e06,c4,p21,l3,0.0
i05,e06,c4,p22,l3,0.0
i05,e06,c4,p23,l3,0.0
i05,e06,c4,p24,l3,0.0
i05,e06,c4,p25,l3,0.0
i05,e06,c4,p26,l3,0.0
i05,e06,c4,p28,l3,0.0
i05,e06,c4,p29,l3,0.0
i05,e06,c4,p30,l3,0.0
i05,e06,c4,p31,l3,0.0
i05,e06,c4,p32,l3,0.0
i05,e06,c4,p35,l3,0.0
i05,e06,c7,p01,l3,0.0
i05,e06,c7,p02,l3,0.0
i05,e06,c7,p03,l3,0.0
i05,e06,c7,p04,l3,0.0
i05,e06,c7,p05,l3,0.0
i05,e06,c7,p06,l3,0.0
i05,e06,c7,p09,l3,0.0
i05,e06,c7,p10,l3,0.0
i05,e06,c7,p11,l3,0.0
i05,e06,c7,p12,l3,0.0
i05,e06,c7,p13,l3,0.0
i05,e06,c7,p15,l3,0.0
i05,e06,c7,p16,l3,0.0
i05,e06,c7,p17,l3,0.0
i05,e06,c7,p18,l3,0.0
i05,e06,c7,p19,l3,0.0
i05,e06,c7,p21,l3,0.0
i05,e06,c7,p23,l3,0.0
i05,e06,c7,p26,l3,0.0
i05,e06,c7,p29,l3,0.0
i05,e06,c7,p35,l3,0.0
i05,e07,c1,p01,l2,0.0
i05,e07,c1,p01,l3,1.0
i05,e07,c1,p02,l2,0.0
i05,e07,c1,p02,l3,0.0
i05,e07,c1,p03,l2,0.0
i05,e07,c1,p03,l3,5.0
i05,e07,c1,p04,l2,0.0
i05,e07,c1,p04,l3,0.0
i05,e07,c1,p05,l2,0.0
i05,e07,c1,p05,l3,5.0
i05,e07,c1,p06,l2,0.0
i05,e07,c1,p06,l3,0.0
i05,e07,c1,p07,l2,0.0
i05,e07,c1,p07,l3,1.0
i05,e07,c1,p08,l2,0.0
i05,e07,c1,p08,l3,7.0
i05,e07,c1,p09,l2,0.0
i05,e07,c1,p09,l3,0.0
i05,e07,c1,p10,l2,0.0
i05,e07,c1,p10,l3,21.0
i05,e07,c1,p11,l2,0.0
i05,e07,c1,p11,l3,3.0
i05,e07,c1,p12,l2,0.0
i05,e07,c1,p12,l3,2.0
i05,e07,c1,p13,l2,0.0
i05,e07,c1,p13,l3,6.0
i05,e07,c1,p14,l2,0.0
i05,e07,c1,p14,l3,4.0
i05,e07,c1,p15,l2,0.0
i05,e07,c1,p15,l3,4.0
i05,e07,c1,p16,l2,0.0
i05,e07,c1,p16,l3,0.0
i05,e07,c1,p17,l2,0.0
i05,e07,c1,p17,l3,4.0
i05,e07,c1,p18,l2,0.0
i05,e07,c1,p18,l3,0.0
i05,e07,c1,p19,l2,0.0
i05,e07,c1,p19,l3,12.0
i05,e07,c1,p20,l2,0.0
i05,e07,c1,p20,l3,0.0
i05,e07,c1,p21,l2,0.0
i05,e07,c1,p21,l3,6.0
i05,e07,c1,p22,l2,0.0
i05,e07,c1,p22,l3,2.0
i05,e07,c1,p23,l2,0.0
i05,e07,c1,p23,l3,1.0
i05,e07,c1,p24,l2,0.0
i05,e07,c1,p24,l3,5.0
i05,e07,c1,p25,l2,0.0
i05,e07,c1,p25,l3,0.0
i05,e07,c1,p26,l2,0.0
i05,e07,c1,p26,l3,0.0
i05,e07,c1,p27,l2,0.0
i05,e07,c1,p27,l3,0.0
i05,e07,c1,p28,l2,0.0
i05,e07,c1,p28,l3,3.0
i05,e07,c1,p29,l2,0.0
i05,e07,c1,p29,l3,3.0
i05,e07,c1,p30,l2,0.0
i05,e07,c1,p30,l3,0.0
i05,e07,c1,p31,l2,0.0
i05,e07,c1,p31,l3,0.0
i05,e07,c1,p32,l2,0.0
i05,e07,c1,p32,l3,0.0
i05,e07,c1,p33,l2,0.0
i05,e07,c1,p33,l3,0.0
i05,e07,c1,p34,l2,0.0
i05,e07,c1,p34,l3,0.0
i05,e07,c1,p35,l2,0.0
i05,e07,c1,p35,l3,20.0
i05,e07,c4,p01,l2,0.0
i05,e07,c4,p01,l3,0.0
i05,e07,c4,p02,l2,0.0
i05,e07,c4,p02,l3,0.0
i05,e07,c4,p03,l2,0.0
i05,e07,c4,p03,l3,0.0
i05,e07,c4,p04,l2,0.0
i05,e07,c4,p04,l3,0.0
i05,e07,c4,p05,l2,0.0
i05,e07,c4,p05,l3,0.0
i05,e07,c4,p06,l2,0.0
i05,e07,c4,p06,l3,0.0
i05,e07,c4,p07,l2,0.0
i05,e07,c4,p07,l3,0.0
i05,e07,c4,p08,l2,0.0
i05,e07,c4,p08,l3,0.0
i05,e07,c4,p09,l2,0.0
i05,e07,c4,p09,l3,0.0
i05,e07,c4,p10,l2,0.0
i05,e07,c4,p10,l3,0.0
i05,e07,c4,p11,l2,0.0
i05,e07,c4,p11,l3,0.0
i05,e07,c4,p12,l2,0.0
i05,e07,c4,p12,l3,0.0
i05,e07,c4,p13,l2,0.0
i05,e07,c4,p13,l3,0.0
i05,e07,c4,p14,l2,0.0
i05,e07,c4,p14,l3,0.0
i05,e07,c4,p15,l2,0.0
i05,e07,c4,p15,l3,0.0
i05,e07,c4,p16,l2,0.0
i05,e07,c4,p16,l3,0.0
i05,e07,c4,p17,l2,0.0
i05,e07,c4,p17,l3,0.0
i05,e07,c4,p18,l2,0.0
i05,e07,c4,p18,l3,0.0
i05,e07,c4,p19,l2,0.0
i05,e07,c4,p19,l3,0.0
i05,e07,c4,p20,l2,0.0
i05,e07,c4,p20,l3,0.0
i05,e07,c4,p21,l2,0.0
i05,e07,c4,p21,l3,0.0
i05,e07,c4,p22,l2,0.0
i05,e07,c4,p22,l3,0.0
i05,e07,c4,p23,l2,0.0
i05,e07,c4,p23,l3,0.0
i05,e07,c4,p24,l2,0.0
i05,e07,c4,p24,l3,0.0
i05,e07,c4,p25,l2,0.0
i05,e07,c4,p25,l3,0.0
i05,e07,c4,p26,l3,0.0
i05,e07,c4,p28,l2,0.0
i05,e07,c4,p28,l3,0.0
i05,e07,c4,p29,l2,0.0
i05,e07,c4,p29,l3,0.0
i05,e07,c4,p30,l3,0.0
i05,e07,c4,p31,l3,0.0
i05,e07,c4,p32,l2,0.0
i05,e07,c4,p32,l3,0.0
i05,e07,c4,p35,l2,0.0
i05,e07,c4,p35,l3,0.0
i05,e07,c7,p01,l3,0.0
i05,e07,c7,p03,l3,0.0
i05,e07,c7,p04,l3,0.0
i05,e07,c7,p05,l3,0.0
i05,e07,c7,p10,l2,0.0
i05,e07,c7,p10,l3,0.0
i05,e07,c7,p11,l3,0.0
i05,e07,c7,p12,l3,0.0
i05,e07,c7,p17,l2,0.0
i05,e07,c7,p17,l3,0.0
i05,e07,c7,p18,l3,0.0
i05,e07,c7,p23,l2,0.0
i05,e07,c7,p24,l3,0.0
i05,e07,c7,p35,l2,0.0
i05,e07,c7,p35,l3,0.0
i05,e08,c1,p01,l2,0.0
i05,e08,c1,p01,l3,2.0
i05,e08,c1,p02,l2,0.0
i05,e08,c1,p02,l3,0.0
i05,e08,c1,p03,l2,0.0
i05,e08,c1,p03,l3,8.0
i05,e08,c1,p04,l2,0.0
i05,e08,c1,p04,l3,1.0
i05,e08,c1,p05,l2,0.0
i05,e08,c1,p05,l3,0.0
i05,e08,c1,p06,l2,0.0
i05,e08,c1,p06,l3,0.0
i05,e08,c1,p07,l2,0.0
i05,e08,c1,p07,l3,0.0
i05,e08,c1,p08,l2,0.0
i05,e08,c1,p08,l3,0.0
i05,e08,c1,p09,l2,0.0
i05,e08,c1,p09,l3,0.0
i05,e08,c1,p10,l2,0.0
i05,e08,c1,p10,l3,2.0
i05,e08,c1,p11,l2,0.0
i05,e08,c1,p11,l3,15.0
i05,e08,c1,p12,l2,0.0
i05,e08,c1,p12,l3,2.0
i05,e08,c1,p13,l2,0.0
i05,e08,c1,p13,l3,11.0
i05,e08,c1,p14,l2,0.0
i05,e08,c1,p14,l3,0.0
i05,e08,c1,p15,l2,0.0
i05,e08,c1,p15,l3,0.0
i05,e08,c1,p16,l2,0.0
i05,e08,c1,p16,l3,2.0
i05,e08,c1,p17,l2,0.0
i05,e08,c1,p17,l3,2.0
i05,e08,c1,p18,l2,0.0
i05,e08,c1,p18,l3,0.0
i05,e08,c1,p19,l2,0.0
i05,e08,c1,p19,l3,35.0
i05,e08,c1,p20,l2,0.0
i05,e08,c1,p20,l3,0.0
i05,e08,c1,p21,l2,0.0
i05,e08,c1,p21,l3,3.0
i05,e08,c1,p22,l2,0.0
i05,e08,c1,p22,l3,2.0
i05,e08,c1,p23,l2,0.0
i05,e08,c1,p23,l3,0.0
i05,e08,c1,p24,l2,0.0
i05,e08,c1,p24,l3,0.0
i05,e08,c1,p25,l2,0.0
i05,e08,c1,p25,l3,0.0
i05,e08,c1,p26,l2,0.0
i05,e08,c1,p26,l3,0.0
i05,e08,c1,p27,l2,0.0
i05,e08,c1,p27,l3,0.0
i05,e08,c1,p28,l2,0.0
i05,e08,c1,p28,l3,0.0
i05,e08,c1,p29,l2,0.0
i05,e08,c1,p29,l3,2.0
i05,e08,c1,p30,l2,0.0
i05,e08,c1,p30,l3,0.0
i05,e08,c1,p31,l2,0.0
i05,e08,c1,p31,l3,0.0
i05,e08,c1,p32,l2,0.0
i05,e08,c1,p32,l3,0.0
i05,e08,c1,p33,l2,0.0
i05,e08,c1,p33,l3,0.0
i05,e08,c1,p34,l2,0.0
i05,e08,c1,p34,l3,0.0
i05,e08,c1,p35,l2,0.0
i05,e08,c1,p35,l3,51.0
i05,e08,c4,p01,l2,0.0
i05,e08,c4,p01,l3,0.0
i05,e08,c4,p02,l2,0.0
i05,e08,c4,p02,l3,0.0
i05,e08,c4,p03,l2,0.0
i05,e08,c4,p03,l3,0.0
i05,e08,c4,p04,l2,0.0
i05,e08,c4,p04,l3,0.0
i05,e08,c4,p05,l2,0.0
i05,e08,c4,p05,l3,0.0
i05,e08,c4,p06,l2,0.0
i05,e08,c4,p06,l3,0.0
i05,e08,c4,p07,l2,0.0
i05,e08,c4,p07,l3,0.0
i05,e08,c4,p08,l2,0.0
i05,e08,c4,p08,l3,0.0
i05,e08,c4,p09,l2,0.0
i05,e08,c4,p09,l3,0.0
i05,e08,c4,p10,l2,0.0
i05,e08,c4,p10,l3,0.0
i05,e08,c4,p11,l2,0.0
i05,e08,c4,p11,l3,0.0
i05,e08,c4,p12,l2,0.0
i05,e08,c4,p12,l3,0.0
i05,e08,c4,p13,l2,0.0
i05,e08,c4,p13,l3,0.0
i05,e08,c4,p14,l2,0.0
i05,e08,c4,p14,l3,0.0
i05,e08,c4,p15,l2,0.0
i05,e08,c4,p15,l3,0.0
i05,e08,c4,p16,l2,0.0
i05,e08,c4,p16,l3,0.0
i05,e08,c4,p17,l2,0.0
i05,e08,c4,p17,l3,0.0
i05,e08,c4,p18,l2,0.0
i05,e08,c4,p18,l3,0.0
i05,e08,c4,p19,l2,0.0
i05,e08,c4,p19,l3,0.0
i05,e08,c4,p20,l2,0.0
i05,e08,c4,p20,l3,0.0
i05,e08,c4,p21,l2,0.0
i05,e08,c4,p21,l3,0.0
i05,e08,c4,p22,l2,0.0
i05,e08,c4,p22,l3,0.0
i05,e08,c4,p23,l2,0.0
i05,e08,c4,p23,l3,0.0
i05,e08,c4,p24,l2,0.0
i05,e08,c4,p24,l3,0.0
i05,e08,c4,p25,l3,0.0
i05,e08,c4,p26,l2,0.0
i05,e08,c4,p26,l3,0.0
i05,e08,c4,p28,l3,0.0
i05,e08,c4,p29,l2,0.0
i05,e08,c4,p29,l3,0.0
i05,e08,c4,p31,l2,0.0
i05,e08,c4,p32,l2,0.0
i05,e08,c4,p32,l3,0.0
i05,e08,c4,p35,l2,0.0
i05,e08,c4,p35,l3,0.0
i05,e08,c7,p01,l3,0.0
i05,e08,c7,p03,l2,0.0
i05,e08,c7,p03,l3,0.0
i05,e08,c7,p05,l3,0.0
i05,e08,c7,p10,l2,0.0
i05,e08,c7,p10,l3,0.0
i05,e08,c7,p11,l3,0.0
i05,e08,c7,p12,l2,0.0
i05,e08,c7,p12,l3,0.0
i05,e08,c7,p17,l2,0.0
i05,e08,c7,p17,l3,0.0
i05,e08,c7,p19,l3,0.0
i05,e08,c7,p24,l3,0.0
i05,e08,c7,p26,l3,0.0
i05,e08,c7,p29,l3,0.0
i05,e08,c7,p35,l2,0.0
i05,e08,c7,p35,l3,0.0
i05,e09,c1,p01,l2,0.0
i05,e09,c1,p01,l3,0.0
i05,e09,c1,p02,l2,0.0
i05,e09,c1,p02,l3,0.0
i05,e09,c1,p03,l2,0.0
i05,e09,c1,p03,l3,3.0
i05,e09,c1,p04,l2,0.0
i05,e09,c1,p04,l3,0.0
i05,e09,c1,p05,l2,0.0
i05,e09,c1,p05,l3,0.0
i05,e09,c1,p06,l2,0.0
i05,e09,c1,p06,l3,0.0
i05,e09,c1,p07,l2,0.0
i05,e09,c1,p07,l3,0.0
i05,e09,c1,p08,l2,0.0
i05,e09,c1,p08,l3,0.0
i05,e09,c1,p09,l2,0.0
i05,e09,c1,p09,l3,0.0
i05,e09,c1,p10,l2,0.0
i05,e09,c1,p10,l3,11.0
i05,e09,c1,p11,l2,0.0
i05,e09,c1,p11,l3,1.0
i05,e09,c1,p12,l2,0.0
i05,e09,c1,p12,l3,0.0
i05,e09,c1,p13,l2,0.0
i05,e09,c1,p13,l3,7.0
i05,e09,c1,p14,l2,0.0
i05,e09,c1,p14,l3,0.0
i05,e09,c1,p15,l2,0.0
i05,e09,c1,p15,l3,0.0
i05,e09,c1,p16,l2,0.0
i05,e09,c1,p16,l3,3.0
i05,e09,c1,p17,l2,0.0
i05,e09,c1,p17,l3,2.0
i05,e09,c1,p18,l2,0.0
i05,e09,c1,p18,l3,0.0
i05,e09,c1,p19,l2,0.0
i05,e09,c1,p19,l3,22.0
i05,e09,c1,p20,l2,0.0
i05,e09,c1,p20,l3,0.0
i05,e09,c1,p21,l2,0.0
i05,e09,c1,p21,l3,6.0
i05,e09,c1,p22,l2,0.0
i05,e09,c1,p22,l3,0.0
i05,e09,c1,p23,l2,0.0
i05,e09,c1,p23,l3,0.0
i05,e09,c1,p24,l2,0.0
i05,e09,c1,p24,l3,2.0
i05,e09,c1,p25,l2,0.0
i05,e09,c1,p25,l3,0.0
i05,e09,c1,p26,l2,0.0
i05,e09,c1,p26,l3,0.0
i05,e09,c1,p27,l2,0.0
i05,e09,c1,p27,l3,0.0
i05,e09,c1,p28,l2,0.0
i05,e09,c1,p28,l3,0.0
i05,e09,c1,p29,l2,0.0
i05,e09,c1,p29,l3,3.0
i05,e09,c1,p30,l2,0.0
i05,e09,c1,p30,l3,0.0
i05,e09,c1,p31,l2,0.0
i05,e09,c1,p31,l3,0.0
i05,e09,c1,p32,l2,0.0
i05,e09,c1,p32,l3,0.0
i05,e09,c1,p33,l2,0.0
i05,e09,c1,p33,l3,0.0
i05,e09,c1,p34,l2,0.0
i05,e09,c1,p34,l3,0.0
i05,e09,c1,p35,l2,0.0
i05,e09,c1,p35,l3,8.0
i05,e09,c4,p01,l2,0.0
i05,e09,c4,p01,l3,0.0
i05,e09,c4,p02,l2,0.0
i05,e09,c4,p02,l3,0.0
i05,e09,c4,p03,l2,0.0
i05,e09,c4,p03,l3,0.0
i05,e09,c4,p04,l2,0.0
i05,e09,c4,p04,l3,0.0
i05,e09,c4,p05,l2,0.0
i05,e09,c4,p05,l3,0.0
i05,e09,c4,p06,l3,0.0
i05,e09,c4,p07,l2,0.0
i05,e09,c4,p07,l3,0.0
i05,e09,c4,p08,l2,0.0
i05,e09,c4,p08,l3,0.0
i05,e09,c4,p09,l2,0.0
i05,e09,c4,p09,l3,0.0
i05,e09,c4,p10,l2,0.0
i05,e09,c4,p10,l3,0.0
i05,e09,c4,p11,l2,0.0
i05,e09,c4,p11,l3,0.0
i05,e09,c4,p12,l2,0.0
i05,e09,c4,p12,l3,0.0
i05,e09,c4,p13,l2,0.0
i05,e09,c4,p13,l3,0.0
i05,e09,c4,p14,l2,0.0
i05,e09,c4,p14,l3,0.0
i05,e09,c4,p15,l2,0.0
i05,e09,c4,p15,l3,0.0
i05,e09,c4,p16,l2,0.0
i05,e09,c4,p16,l3,0.0
i05,e09,c4,p17,l2,0.0
i05,e09,c4,p17,l3,0.0
i05,e09,c4,p18,l3,0.0
i05,e09,c4,p19,l2,0.0
i05,e09,c4,p19,l3,0.0
i05,e09,c4,p20,l2,0.0
i05,e09,c4,p20,l3,0.0
i05,e09,c4,p21,l2,0.0
i05,e09,c4,p21,l3,0.0
i05,e09,c4,p22,l2,0.0
i05,e09,c4,p22,l3,0.0
i05,e09,c4,p23,l2,0.0
i05,e09,c4,p23,l3,0.0
i05,e09,c4,p24,l2,0.0
i05,e09,c4,p24,l3,0.0
i05,e09,c4,p25,l3,0.0
i05,e09,c4,p26,l3,0.0
i05,e09,c4,p28,l2,0.0
i05,e09,c4,p28,l3,0.0
i05,e09,c4,p29,l2,0.0
i05,e09,c4,p29,l3,0.0
i05,e09,c4,p30,l3,0.0
i05,e09,c4,p31,l3,0.0
i05,e09,c4,p32,l2,0.0
i05,e09,c4,p32,l3,0.0
i05,e09,c4,p33,l3,0.0
i05,e09,c4,p35,l2,0.0
i05,e09,c4,p35,l3,0.0
i05,e09,c7,p01,l3,0.0
i05,e09,c7,p03,l3,0.0
i05,e09,c7,p04,l3,0.0
i05,e09,c7,p05,l3,0.0
i05,e09,c7,p10,l2,0.0
i05,e09,c7,p10,l3,0.0
i05,e09,c7,p11,l3,0.0
i05,e09,c7,p12,l3,0.0
i05,e09,c7,p14,l3,0.0
i05,e09,c7,p17,l3,0.0
i05,e09,c7,p19,l3,0.0
i05,e09,c7,p24,l3,0.0
i05,e09,c7,p35,l2,0.0
i05,e09,c7,p35,l3,0.0
i05,e11,c1,p01,l2,0.0
i05,e11,c1,p01,l3,0.0
i05,e11,c1,p02,l2,0.0
i05,e11,c1,p02,l3,0.0
i05,e11,c1,p03,l2,0.0
i05,e11,c1,p03,l3,6.0
i05,e11,c1,p04,l2,0.0
i05,e11,c1,p04,l3,0.0
i05,e11,c1,p05,l2,0.0
i05,e11,c1,p05,l3,0.0
i05,e11,c1,p06,l2,0.0
i05,e11,c1,p06,l3,0.0
i05,e11,c1,p07,l2,0.0
i05,e11,c1,p07,l3,0.0
i05,e11,c1,p08,l2,0.0
i05,e11,c1,p08,l3,0.0
i05,e11,c1,p09,l2,0.0
i05,e11,c1,p09,l3,0.0
i05,e11,c1,p10,l2,0.0
i05,e11,c1,p10,l3,0.0
i05,e11,c1,p11,l2,0.0
i05,e11,c1,p11,l3,0.0
i05,e11,c1,p12,l2,0.0
i05,e11,c1,p12,l3,0.0
i05,e11,c1,p13,l2,0.0
i05,e11,c1,p13,l3,0.0
i05,e11,c1,p14,l2,0.0
i05,e11,c1,p14,l3,0.0
i05,e11,c1,p15,l2,0.0
i05,e11,c1,p15,l3,0.0
i05,e11,c1,p16,l2,0.0
i05,e11,c1,p16,l3,0.0
i05,e11,c1,p17,l2,0.0
i05,e11,c1,p17,l3,0.0
i05,e11,c1,p18,l2,0.0
i05,e11,c1,p18,l3,0.0
i05,e11,c1,p19,l2,0.0
i05,e11,c1,p19,l3,0.0
i05,e11,c1,p20,l2,0.0
i05,e11,c1,p20,l3,0.0
i05,e11,c1,p21,l2,0.0
i05,e11,c1,p21,l3,0.0
i05,e11,c1,p22,l2,0.0
i05,e11,c1,p22,l3,0.0
i05,e11,c1,p23,l2,0.0
i05,e11,c1,p23,l3,0.0
i05,e11,c1,p24,l2,0.0
i05,e11,c1,p24,l3,0.0
i05,e11,c1,p25,l2,0.0
i05,e11,c1,p25,l3,0.0
i05,e11,c1,p26,l2,0.0
i05,e11,c1,p26,l3,0.0
i05,e11,c1,p27,l2,0.0
i05,e11,c1,p27,l3,0.0
i05,e11,c1,p28,l2,0.0
i05,e11,c1,p28,l3,0.0
i05,e11,c1,p29,l2,0.0
i05,e11,c1,p29,l3,0.0
i05,e11,c1,p30,l2,0.0
i05,e11,c1,p30,l3,0.0
i05,e11,c1,p31,l2,0.0
i05,e11,c1,p31,l3,0.0
i05,e11,c1,p32,l2,0.0
i05,e11,c1,p32,l3,0.0
i05,e11,c1,p33,l2,0.0
i05,e11,c1,p33,l3,0.0
i05,e11,c1,p34,l2,0.0
i05,e11,c1,p34,l3,0.0
i05,e11,c1,p35,l2,0.0
i05,e11,c1,p35,l3,0.0
i05,e11,c4,p01,l2,0.0
i05,e11,c4,p01,l3,0.0
i05,e11,c4,p02,l2,0.0
i05,e11,c4,p02,l3,0.0
i05,e11,c4,p03,l2,0.0
i05,e11,c4,p03,l3,0.0
i05,e11,c4,p04,l2,0.0
i05,e11,c4,p04,l3,0.0
i05,e11,c4,p05,l2,0.0
i05,e11,c4,p05,l3,0.0
i05,e11,c4,p06,l3,0.0
i05,e11,c4,p07,l3,0.0
i05,e11,c4,p08,l3,0.0
i05,e11,c4,p09,l3,0.0
i05,e11,c4,p10,l2,0.0
i05,e11,c4,p10,l3,0.0
i05,e11,c4,p11,l2,0.0
i05,e11,c4,p11,l3,0.0
i05,e11,c4,p12,l3,0.0
i05,e11,c4,p13,l3,0.0
i05,e11,c4,p14,l3,0.0
i05,e11,c4,p15,l2,0.0
i05,e11,c4,p15,l3,0.0
i05,e11,c4,p16,l3,0.0
i05,e11,c4,p17,l2,0.0
i05,e11,c4,p17,l3,0.0
i05,e11,c4,p18,l3,0.0
i05,e11,c4,p19,l2,0.0
i05,e11,c4,p19,l3,0.0
i05,e11,c4,p21,l3,0.0
i05,e11,c4,p22,l3,0.0
i05,e11,c4,p23,l3,0.0
i05,e11,c4,p24,l3,0.0
i05,e11,c4,p29,l3,0.0
i05,e11,c4,p32,l3,0.0
i05,e11,c4,p35,l2,0.0
i05,e11,c4,p35,l3,0.0
i05,e11,c7,p17,l3,0.0
i05,e11,c7,p35,l3,0.0
i05,e12,c1,p01,l3,7.0
i05,e12,c1,p02,l3,1.0
i05,e12,c1,p03,l3,9.0
i05,e12,c1,p04,l3,3.0
i05,e12,c1,p05,l3,8.0
i05,e12,c1,p06,l3,1.0
i05,e12,c1,p07,l3,5.0
i05,e12,c1,p08,l3,5.0
i05,e12,c1,p09,l3,0.0
i05,e12,c1,p10,l3,47.0
i05,e12,c1,p11,l3,12.0
i05,e12,c1,p12,l3,9.0
i05,e12,c1,p13,l3,8.0
i05,e12,c1,p14,l3,1.0
i05,e12,c1,p15,l3,7.0
i05,e12,c1,p16,l3,1.0
i05,e12,c1,p17,l3,15.0
i05,e12,c1,p18,l3,1.0
i05,e12,c1,p19,l3,41.0
i05,e12,c1,p20,l3,0.0
i05,e12,c1,p21,l3,10.0
i05,e12,c1,p22,l3,4.0
i05,e12,c1,p23,l3,1.0
i05,e12,c1,p24,l3,6.0
i05,e12,c1,p25,l3,0.0
i05,e12,c1,p26,l3,0.0
i05,e12,c1,p27,l3,0.0
i05,e12,c1,p28,l3,1.0
i05,e12,c1,p29,l3,4.0
i05,e12,c1,p30,l3,0.0
i05,e12,c1,p31,l3,0.0
i05,e12,c1,p32,l3,6.0
i05,e12,c1,p33,l3,0.0
i05,e12,c1,p34,l3,0.0
i05,e12,c1,p35,l3,56.0
i05,e12,c4,p01,l3,0.0
i05,e12,c4,p02,l3,0.0
i05,e12,c4,p03,l3,0.0
i05,e12,c4,p04,l3,0.0
i05,e12,c4,p05,l3,0.0
i05,e12,c4,p06,l3,0.0
i05,e12,c4,p07,l3,0.0
i05,e12,c4,p08,l3,0.0
i05,e12,c4,p09,l3,0.0
i05,e12,c4,p10,l3,0.0
i05,e12,c4,p11,l3,0.0
i05,e12,c4,p12,l3,0.0
i05,e12,c4,p13,l3,0.0
i05,e12,c4,p14,l3,0.0
i05,e12,c4,p15,l3,0.0
i05,e12,c4,p16,l3,0.0
i05,e12,c4,p17,l3,0.0
i05,e12,c4,p18,l3,0.0
i05,e12,c4,p19,l3,0.0
i05,e12,c4,p20,l3,0.0
i05,e12,c4,p21,l3,3.0
i05,e12,c4,p22,l3,0.0
i05,e12,c4,p23,l3,0.0
i05,e12,c4,p24,l3,0.0
i05,e12,c4,p25,l3,0.0
i05,e12,c4,p26,l3,0.0
i05,e12,c4,p28,l3,0.0
i05,e12,c4,p29,l3,0.0
i05,e12,c4,p31,l3,0.0
i05,e12,c4,p32,l3,0.0
i05,e12,c4,p33,l3,0.0
i05,e12,c4,p35,l3,0.0
i05,e12,c7,p01,l3,0.0
i05,e12,c7,p02,l3,0.0
i05,e12,c7,p03,l3,0.0
i05,e12,c7,p04,l3,0.0
i05,e12,c7,p05,l3,0.0
i05,e12,c7,p06,l3,0.0
i05,e12,c7,p10,l3,0.0
i05,e12,c7,p11,l3,0.0
i05,e12,c7,p12,l3,0.0
i05,e12,c7,p13,l3,0.0
i05,e12,c7,p15,l3,0.0
i05,e12,c7,p16,l3,0.0
i05,e12,c7,p17,l3,0.0
i05,e12,c7,p18,l3,0.0
i05,e12,c7,p19,l3,0.0
i05,e12,c7,p24,l3,0.0
i05,e12,c7,p26,l3,0.0
i05,e12,c7,p35,l3,0.0
i05,e13,c1,p01,l3,0.0
i05,e13,c1,p02,l3,0.0
i05,e13,c1,p03,l3,0.0
i05,e13,c1,p04,l3,0.0
i05,e13,c1,p05,l3,0.0
i05,e13,c1,p06,l3,0.0
i05,e13,c1,p07,l3,0.0
i05,e13,c1,p08,l3,0.0
i05,e13,c1,p09,l3,0.0
i05,e13,c1,p10,l3,0.0
i05,e13,c1,p11,l3,0.0
i05,e13,c1,p12,l3,0.0
i05,e13,c1,p13,l3,0.0
i05,e13,c1,p14,l3,0.0
i05,e13,c1,p15,l3,0.0
i05,e13,c1,p16,l3,0.0
i05,e13,c1,p17,l3,0.0
i05,e13,c1,p18,l3,0.0
i05,e13,c1,p19,l3,0.0
i05,e13,c1,p20,l3,0.0
i05,e13,c1,p21,l3,0.0
i05,e13,c1,p22,l3,0.0
i05,e13,c1,p23,l3,0.0
i05,e13,c1,p24,l3,0.0
i05,e13,c1,p25,l3,0.0
i05,e13,c1,p26,l3,0.0
i05,e13,c1,p27,l3,0.0
i05,e13,c1,p28,l3,0.0
i05,e13,c1,p29,l3,0.0
i05,e13,c1,p30,l3,0.0
i05,e13,c1,p31,l3,0.0
i05,e13,c1,p32,l3,0.0
i05,e13,c1,p33,l3,0.0
i05,e13,c1,p34,l3,0.0
i05,e13,c1,p35,l3,0.0
i05,e13,c4,p01,l3,0.0
i05,e13,c4,p02,l3,0.0
i05,e13,c4,p03,l3,0.0
i05,e13,c4,p04,l3,0.0
i05,e13,c4,p05,l3,0.0
i05,e13,c4,p06,l3,0.0
i05,e13,c4,p07,l3,0.0
i05,e13,c4,p08,l3,0.0
i05,e13,c4,p09,l3,0.0
i05,e13,c4,p10,l3,0.0
i05,e13,c4,p11,l3,0.0
i05,e13,c4,p12,l3,0.0
i05,e13,c4,p13,l3,0.0
i05,e13,c4,p14,l3,0.0
i05,e13,c4,p15,l3,0.0
i05,e13,c4,p16,l3,0.0
i05,e13,c4,p17,l3,0.0
i05,e13,c4,p18,l3,0.0
i05,e13,c4,p19,l3,0.0
i05,e13,c4,p20,l3,0.0
i05,e13,c4,p21,l3,0.0
i05,e13,c4,p22,l3,0.0
i05,e13,c4,p24,l3,0.0
i05,e13,c4,p25,l3,0.0
i05,e13,c4,p26,l3,0.0
i05,e13,c4,p28,l3,0.0
i05,e13,c4,p29,l3,0.0
i05,e13,c4,p32,l3,0.0
i05,e13,c4,p35,l3,0.0
i05,e13,c7,p06,l3,0.0
i05,e13,c7,p10,l3,0.0
i05,e13,c7,p12,l3,0.0
i05,e13,c7,p15,l3,0.0
i05,e13,c7,p17,l3,0.0
i05,e13,c7,p35,l3,0.0
i06,e01,c3,p01,l2,0.0
i06,e01,c3,p01,l3,0.0
i06,e01,c3,p02,l3,0.0
i06,e01,c3,p02,l4,0.0
i06,e01,c3,p03,l3,0.0
i06,e01,c3,p03,l4,0.0
i06,e01,c3,p04,l2,0.0
i06,e01,c3,p04,l3,0.0
i06,e01,c3,p04,l4,0.0
i06,e01,c3,p05,l3,0.0
i06,e01,c3,p05,l4,0.0
i06,e01,c3,p06,l3,0.0
i06,e01,c3,p06,l4,0.0
i06,e01,c3,p07,l3,0.0
i06,e01,c3,p07,l4,0.0
i06,e01,c3,p08,l3,0.0
i06,e01,c3,p09,l3,0.0
i06,e01,c3,p10,l2,0.0
i06,e01,c3,p10,l3,0.0
i06,e01,c3,p10,l4,0.0
i06,e01,c3,p11,l2,0.0
i06,e01,c3,p11,l3,0.0
i06,e01,c3,p12,l3,0.0
i06,e01,c3,p13,l3,0.0
i06,e01,c3,p14,l2,0.0
i06,e01,c3,p14,l3,0.0
i06,e01,c3,p15,l3,0.0
i06,e01,c3,p15,l4,0.0
i06,e01,c3,p16,l3,0.0
i06,e01,c3,p16,l4,0.0
i06,e01,c3,p17,l3,0.0
i06,e01,c3,p17,l4,0.0
i06,e01,c3,p18,l2,0.0
i06,e01,c3,p18,l3,1.0
i06,e01,c3,p18,l4,0.0
i06,e01,c3,p19,l2,0.0
i06,e01,c3,p19,l3,1.0
i06,e01,c3,p19,l4,0.0
i06,e01,c3,p20,l3,0.0
i06,e01,c3,p21,l2,0.0
i06,e01,c3,p21,l3,0.0
i06,e01,c3,p21,l4,0.0
i06,e01,c3,p22,l3,0.0
i06,e01,c3,p22,l4,0.0
i06,e01,c3,p23,l3,0.0
i06,e01,c3,p23,l4,0.0
i06,e01,c3,p24,l3,0.0
i06,e01,c3,p25,l3,0.0
i06,e01,c3,p25,l4,0.0
i06,e01,c3,p26,l3,0.0
i06,e01,c3,p27,l3,0.0
i06,e01,c3,p28,l3,0.0
i06,e01,c3,p29,l3,0.0
i06,e01,c3,p30,l3,0.0
i06,e01,c3,p31,l3,0.0
i06,e01,c3,p32,l3,0.0
i06,e01,c3,p32,l4,0.0
i06,e01,c3,p33,l3,0.0
i06,e01,c3,p35,l2,0.0
i06,e01,c3,p35,l3,0.0
i06,e01,c3,p35,l4,0.0
i06,e01,c5,p01,l2,0.0
i06,e01,c5,p01,l3,57.0
i06,e01,c5,p01,l4,0.0
i06,e01,c5,p02,l2,0.0
i06,e01,c5,p02,l3,19.0
i06,e01,c5,p02,l4,0.0
i06,e01,c5,p03,l2,0.0
i06,e01,c5,p03,l3,67.0
i06,e01,c5,p03,l4,0.0
i06,e01,c5,p04,l2,0.0
i06,e01,c5,p04,l3,17.0
i06,e01,c5,p04,l4,0.0
i06,e01,c5,p05,l2,0.0
i06,e01,c5,p05,l3,61.0
i06,e01,c5,p05,l4,0.0
i06,e01,c5,p06,l2,0.0
i06,e01,c5,p06,l3,50.0
i06,e01,c5,p06,l4,0.0
i06,e01,c5,p07,l2,0.0
i06,e01,c5,p07,l3,34.0
i06,e01,c5,p07,l4,0.0
i06,e01,c5,p08,l2,0.0
i06,e01,c5,p08,l3,20.0
i06,e01,c5,p08,l4,0.0
i06,e01,c5,p09,l2,0.0
i06,e01,c5,p09,l3,16.0
i06,e01,c5,p09,l4,0.0
i06,e01,c5,p10,l2,0.0
i06,e01,c5,p10,l3,118.0
i06,e01,c5,p10,l4,0.0
i06,e01,c5,p11,l2,0.0
i06,e01,c5,p11,l3,68.0
i06,e01,c5,p11,l4,0.0
i06,e01,c5,p12,l2,0.0
i06,e01,c5,p12,l3,52.0
i06,e01,c5,p12,l4,0.0
i06,e01,c5,p13,l2,0.0
i06,e01,c5,p13,l3,69.0
i06,e01,c5,p13,l4,0.0
i06,e01,c5,p14,l2,0.0
i06,e01,c5,p14,l3,57.0
i06,e01,c5,p14,l4,0.0
i06,e01,c5,p15,l2,0.0
i06,e01,c5,p15,l3,72.0
i06,e01,c5,p15,l4,0.0
i06,e01,c5,p16,l2,0.0
i06,e01,c5,p16,l3,137.0
i06,e01,c5,p16,l4,0.0
i06,e01,c5,p17,l2,0.0
i06,e01,c5,p17,l3,108.0
i06,e01,c5,p17,l4,0.0
i06,e01,c5,p18,l2,0.0
i06,e01,c5,p18,l3,48.0
i06,e01,c5,p18,l4,0.0
i06,e01,c5,p19,l2,0.0
i06,e01,c5,p19,l3,331.0
i06,e01,c5,p19,l4,0.0
i06,e01,c5,p20,l2,0.0
i06,e01,c5,p20,l3,19.0
i06,e01,c5,p20,l4,0.0
i06,e01,c5,p21,l2,0.0
i06,e01,c5,p21,l3,120.0
i06,e01,c5,p21,l4,0.0
i06,e01,c5,p22,l2,0.0
i06,e01,c5,p22,l3,89.0
i06,e01,c5,p22,l4,0.0
i06,e01,c5,p23,l2,0.0
i06,e01,c5,p23,l3,56.0
i06,e01,c5,p23,l4,0.0
i06,e01,c5,p24,l2,0.0
i06,e01,c5,p24,l3,110.0
i06,e01,c5,p24,l4,0.0
i06,e01,c5,p25,l2,0.0
i06,e01,c5,p25,l3,29.0
i06,e01,c5,p25,l4,0.0
i06,e01,c5,p26,l2,0.0
i06,e01,c5,p26,l3,3.0
i06,e01,c5,p26,l4,0.0
i06,e01,c5,p27,l3,0.0
i06,e01,c5,p28,l2,0.0
i06,e01,c5,p28,l3,11.0
i06,e01,c5,p28,l4,0.0
i06,e01,c5,p29,l2,0.0
i06,e01,c5,p29,l3,92.0
i06,e01,c5,p29,l4,0.0
i06,e01,c5,p30,l2,0.0
i06,e01,c5,p30,l3,1.0
i06,e01,c5,p30,l4,0.0
i06,e01,c5,p31,l2,0.0
i06,e01,c5,p31,l3,3.0
i06,e01,c5,p31,l4,0.0
i06,e01,c5,p32,l2,0.0
i06,e01,c5,p32,l3,47.0
i06,e01,c5,p32,l4,0.0
i06,e01,c5,p33,l2,0.0
i06,e01,c5,p33,l3,0.0
i06,e01,c5,p33,l4,0.0
i06,e01,c5,p34,l3,0.0
i06,e01,c5,p35,l2,0.0
i06,e01,c5,p35,l3,79.0
i06,e01,c5,p35,l4,0.0
i06,e01,c8,p35,l3,0.0
i06,e02,c3,p01,l1,0.0
i06,e02,c3,p01,l3,0.0
i06,e02,c3,p02,l1,0.0
i06,e02,c3,p02,l3,0.0
i06,e02,c3,p03,l1,0.0
i06,e02,c3,p03,l3,0.0
i06,e02,c3,p04,l1,0.0
i06,e02,c3,p04,l3,0.0
i06,e02,c3,p05,l1,0.0
i06,e02,c3,p05,l3,0.0
i06,e02,c3,p06,l1,0.0
i06,e02,c3,p06,l3,0.0
i06,e02,c3,p07,l1,0.0
i06,e02,c3,p07,l3,0.0
i06,e02,c3,p08,l1,0.0
i06,e02,c3,p08,l3,0.0
i06,e02,c3,p09,l1,0.0
i06,e02,c3,p09,l3,0.0
i06,e02,c3,p10,l1,0.0
i06,e02,c3,p10,l3,0.0
i06,e02,c3,p11,l1,0.0
i06,e02,c3,p11,l3,0.0
i06,e02,c3,p12,l1,0.0
i06,e02,c3,p12,l3,0.0
i06,e02,c3,p13,l1,0.0
i06,e02,c3,p13,l3,0.0
i06,e02,c3,p14,l1,0.0
i06,e02,c3,p14,l3,0.0
i06,e02,c3,p15,l1,0.0
i06,e02,c3,p15,l3,0.0
i06,e02,c3,p16,l1,0.0
i06,e02,c3,p16,l3,0.0
i06,e02,c3,p17,l1,0.0
i06,e02,c3,p17,l3,0.0
i06,e02,c3,p18,l1,0.0
i06,e02,c3,p18,l3,0.0
i06,e02,c3,p19,l1,0.0
i06,e02,c3,p19,l3,0.0
i06,e02,c3,p20,l1,0.0
i06,e02,c3,p20,l3,0.0
i06,e02,c3,p21,l1,0.0
i06,e02,c3,p21,l3,0.0
i06,e02,c3,p22,l1,0.0
i06,e02,c3,p22,l3,0.0
i06,e02,c3,p23,l1,0.0
i06,e02,c3,p23,l3,0.0
i06,e02,c3,p24,l1,0.0
i06,e02,c3,p24,l3,0.0
i06,e02,c3,p25,l1,0.0
i06,e02,c3,p25,l3,0.0
i06,e02,c3,p26,l1,0.0
i06,e02,c3,p28,l1,0.0
i06,e02,c3,p28,l3,0.0
i06,e02,c3,p29,l1,0.0
i06,e02,c3,p29,l3,0.0
i06,e02,c3,p30,l1,0.0
i06,e02,c3,p31,l1,0.0
i06,e02,c3,p31,l3,0.0
i06,e02,c3,p32,l1,0.0
i06,e02,c3,p32,l3,0.0
i06,e02,c3,p33,l1,0.0
i06,e02,c3,p35,l1,0.0
i06,e02,c3,p35,l3,0.0
i06,e02,c5,p01,l1,0.0
i06,e02,c5,p01,l3,0.0
i06,e02,c5,p02,l1,0.0
i06,e02,c5,p02,l3,0.0
i06,e02,c5,p03,l1,0.0
i06,e02,c5,p03,l3,0.0
i06,e02,c5,p04,l1,1.0
i06,e02,c5,p04,l3,0.0
i06,e02,c5,p05,l1,0.0
i06,e02,c5,p05,l3,0.0
i06,e02,c5,p06,l1,0.0
i06,e02,c5,p06,l3,0.0
i06,e02,c5,p07,l1,0.0
i06,e02,c5,p07,l3,0.0
i06,e02,c5,p08,l1,0.0
i06,e02,c5,p08,l3,0.0
i06,e02,c5,p09,l1,0.0
i06,e02,c5,p09,l3,0.0
i06,e02,c5,p10,l1,0.0
i06,e02,c5,p10,l3,0.0
i06,e02,c5,p11,l1,0.0
i06,e02,c5,p11,l3,0.0
i06,e02,c5,p12,l1,0.0
i06,e02,c5,p12,l3,0.0
i06,e02,c5,p13,l1,1.0
i06,e02,c5,p13,l3,0.0
i06,e02,c5,p14,l1,0.0
i06,e02,c5,p14,l3,0.0
i06,e02,c5,p15,l1,1.0
i06,e02,c5,p15,l3,0.0
i06,e02,c5,p16,l1,1.0
i06,e02,c5,p16,l3,0.0
i06,e02,c5,p17,l1,0.0
i06,e02,c5,p17,l3,0.0
i06,e02,c5,p18,l1,0.0
i06,e02,c5,p18,l3,0.0
i06,e02,c5,p19,l1,1.0
i06,e02,c5,p19,l3,0.0
i06,e02,c5,p20,l1,0.0
i06,e02,c5,p20,l3,0.0
i06,e02,c5,p21,l1,0.0
i06,e02,c5,p21,l3,0.0
i06,e02,c5,p22,l1,0.0
i06,e02,c5,p22,l3,0.0
i06,e02,c5,p23,l1,0.0
i06,e02,c5,p23,l3,0.0
i06,e02,c5,p24,l1,0.0
i06,e02,c5,p24,l3,0.0
i06,e02,c5,p25,l1,0.0
i06,e02,c5,p25,l3,0.0
i06,e02,c5,p26,l1,0.0
i06,e02,c5,p26,l3,0.0
i06,e02,c5,p28,l1,0.0
i06,e02,c5,p28,l3,0.0
i06,e02,c5,p29,l1,1.0
i06,e02,c5,p29,l3,0.0
i06,e02,c5,p30,l1,0.0
i06,e02,c5,p30,l3,0.0
i06,e02,c5,p31,l1,0.0
i06,e02,c5,p31,l3,0.0
i06,e02,c5,p32,l1,0.0
i06,e02,c5,p32,l3,0.0
i06,e02,c5,p33,l1,0.0
i06,e02,c5,p33,l3,0.0
i06,e02,c5,p35,l1,1.0
i06,e02,c5,p35,l3,0.0
i06,e02,c8,p35,l3,0.0
i06,e04,c3,p01,l1,0.0
i06,e04,c3,p01,l3,0.0
i06,e04,c3,p01,l4,0.0
i06,e04,c3,p02,l1,1.0
i06,e04,c3,p02,l3,0.0
i06,e04,c3,p02,l4,0.0
i06,e04,c3,p03,l1,0.0
i06,e04,c3,p03,l3,0.0
i06,e04,c3,p03,l4,0.0
i06,e04,c3,p04,l1,0.0
i06,e04,c3,p04,l2,0.0
i06,e04,c3,p04,l3,0.0
i06,e04,c3,p04,l4,0.0
i06,e04,c3,p05,l1,0.0
i06,e04,c3,p05,l3,0.0
i06,e04,c3,p05,l4,0.0
i06,e04,c3,p06,l1,1.0
i06,e04,c3,p06,l3,0.0
i06,e04,c3,p06,l4,0.0
i06,e04,c3,p07,l1,0.0
i06,e04,c3,p07,l2,0.0
i06,e04,c3,p07,l3,0.0
i06,e04,c3,p07,l4,0.0
i06,e04,c3,p08,l1,0.0
i06,e04,c3,p08,l3,0.0
i06,e04,c3,p08,l4,0.0
i06,e04,c3,p09,l1,0.0
i06,e04,c3,p09,l2,0.0
i06,e04,c3,p09,l3,0.0
i06,e04,c3,p09,l4,0.0
i06,e04,c3,p10,l1,1.0
i06,e04,c3,p10,l2,0.0
i06,e04,c3,p10,l3,0.0
i06,e04,c3,p10,l4,0.0
i06,e04,c3,p11,l1,0.0
i06,e04,c3,p11,l2,0.0
i06,e04,c3,p11,l3,0.0
i06,e04,c3,p11,l4,0.0
i06,e04,c3,p12,l1,0.0
i06,e04,c3,p12,l3,0.0
i06,e04,c3,p12,l4,0.0
i06,e04,c3,p13,l1,0.0
i06,e04,c3,p13,l2,0.0
i06,e04,c3,p13,l3,0.0
i06,e04,c3,p13,l4,0.0
i06,e04,c3,p14,l1,0.0
i06,e04,c3,p14,l3,0.0
i06,e04,c3,p14,l4,0.0
i06,e04,c3,p15,l1,0.0
i06,e04,c3,p15,l3,0.0
i06,e04,c3,p15,l4,0.0
i06,e04,c3,p16,l1,0.0
i06,e04,c3,p16,l3,0.0
i06,e04,c3,p16,l4,0.0
i06,e04,c3,p17,l1,0.0
i06,e04,c3,p17,l3,0.0
i06,e04,c3,p17,l4,0.0
i06,e04,c3,p18,l1,0.0
i06,e04,c3,p18,l3,0.0
i06,e04,c3,p18,l4,0.0
i06,e04,c3,p19,l1,4.0
i06,e04,c3,p19,l2,0.0
i06,e04,c3,p19,l3,0.0
i06,e04,c3,p19,l4,0.0
i06,e04,c3,p20,l1,0.0
i06,e04,c3,p20,l3,0.0
i06,e04,c3,p20,l4,0.0
i06,e04,c3,p21,l1,0.0
i06,e04,c3,p21,l2,0.0
i06,e04,c3,p21,l3,0.0
i06,e04,c3,p21,l4,0.0
i06,e04,c3,p22,l1,0.0
i06,e04,c3,p22,l3,0.0
i06,e04,c3,p22,l4,0.0
i06,e04,c3,p23,l1,0.0
i06,e04,c3,p23,l3,0.0
i06,e04,c3,p23,l4,0.0
i06,e04,c3,p24,l1,1.0
i06,e04,c3,p24,l3,0.0
i06,e04,c3,p24,l4,0.0
i06,e04,c3,p25,l1,0.0
i06,e04,c3,p25,l3,0.0
i06,e04,c3,p25,l4,0.0
i06,e04,c3,p26,l1,0.0
i06,e04,c3,p26,l3,0.0
i06,e04,c3,p26,l4,0.0
i06,e04,c3,p27,l1,0.0
i06,e04,c3,p27,l3,0.0
i06,e04,c3,p28,l1,0.0
i06,e04,c3,p28,l3,0.0
i06,e04,c3,p28,l4,0.0
i06,e04,c3,p29,l1,0.0
i06,e04,c3,p29,l3,0.0
i06,e04,c3,p29,l4,0.0
i06,e04,c3,p30,l1,0.0
i06,e04,c3,p30,l3,0.0
i06,e04,c3,p30,l4,0.0
i06,e04,c3,p31,l1,0.0
i06,e04,c3,p31,l3,0.0
i06,e04,c3,p31,l4,0.0
i06,e04,c3,p32,l1,0.0
i06,e04,c3,p32,l3,0.0
i06,e04,c3,p32,l4,0.0
i06,e04,c3,p33,l1,0.0
i06,e04,c3,p33,l3,0.0
i06,e04,c3,p35,l1,1.0
i06,e04,c3,p35,l2,0.0
i06,e04,c3,p35,l3,0.0
i06,e04,c3,p35,l4,0.0
i06,e04,c5,p01,l1,68.0
i06,e04,c5,p01,l2,0.0
i06,e04,c5,p01,l3,0.0
i06,e04,c5,p01,l4,0.0
i06,e04,c5,p02,l1,51.0
i06,e04,c5,p02,l2,0.0
i06,e04,c5,p02,l3,0.0
i06,e04,c5,p02,l4,0.0
i06,e04,c5,p03,l1,91.0
i06,e04,c5,p03,l2,0.0
i06,e04,c5,p03,l3,0.0
i06,e04,c5,p03,l4,0.0
i06,e04,c5,p04,l1,71.0
i06,e04,c5,p04,l2,0.0
i06,e04,c5,p04,l3,0.0
i06,e04,c5,p04,l4,0.0
i06,e04,c5,p05,l1,107.0
i06,e04,c5,p05,l2,0.0
i06,e04,c5,p05,l3,0.0
i06,e04,c5,p05,l4,0.0
i06,e04,c5,p06,l1,89.0
i06,e04,c5,p06,l2,0.0
i06,e04,c5,p06,l3,0.0
i06,e04,c5,p06,l4,0.0
i06,e04,c5,p07,l1,66.0
i06,e04,c5,p07,l2,0.0
i06,e04,c5,p07,l3,0.0
i06,e04,c5,p07,l4,0.0
i06,e04,c5,p08,l1,21.0
i06,e04,c5,p08,l2,0.0
i06,e04,c5,p08,l3,0.0
i06,e04,c5,p08,l4,0.0
i06,e04,c5,p09,l1,36.0
i06,e04,c5,p09,l2,0.0
i06,e04,c5,p09,l3,0.0
i06,e04,c5,p09,l4,0.0
i06,e04,c5,p10,l1,258.0
i06,e04,c5,p10,l2,0.0
i06,e04,c5,p10,l3,0.0
i06,e04,c5,p10,l4,0.0
i06,e04,c5,p11,l1,100.0
i06,e04,c5,p11,l2,0.0
i06,e04,c5,p11,l3,0.0
i06,e04,c5,p11,l4,0.0
i06,e04,c5,p12,l1,54.0
i06,e04,c5,p12,l2,0.0
i06,e04,c5,p12,l3,0.0
i06,e04,c5,p12,l4,0.0
i06,e04,c5,p13,l1,81.0
i06,e04,c5,p13,l2,0.0
i06,e04,c5,p13,l3,0.0
i06,e04,c5,p13,l4,0.0
i06,e04,c5,p14,l1,34.0
i06,e04,c5,p14,l2,0.0
i06,e04,c5,p14,l3,0.0
i06,e04,c5,p14,l4,0.0
i06,e04,c5,p15,l1,60.0
i06,e04,c5,p15,l2,0.0
i06,e04,c5,p15,l3,0.0
i06,e04,c5,p15,l4,0.0
i06,e04,c5,p16,l1,181.0
i06,e04,c5,p16,l2,0.0
i06,e04,c5,p16,l3,0.0
i06,e04,c5,p16,l4,0.0
i06,e04,c5,p17,l1,229.0
i06,e04,c5,p17,l2,0.0
i06,e04,c5,p17,l3,0.0
i06,e04,c5,p17,l4,0.0
i06,e04,c5,p18,l1,96.0
i06,e04,c5,p18,l2,0.0
i06,e04,c5,p18,l3,0.0
i06,e04,c5,p18,l4,0.0
i06,e04,c5,p19,l1,594.0
i06,e04,c5,p19,l2,0.0
i06,e04,c5,p19,l3,0.0
i06,e04,c5,p19,l4,0.0
i06,e04,c5,p20,l1,32.0
i06,e04,c5,p20,l2,0.0
i06,e04,c5,p20,l3,0.0
i06,e04,c5,p20,l4,0.0
i06,e04,c5,p21,l1,228.0
i06,e04,c5,p21,l2,0.0
i06,e04,c5,p21,l3,0.0
i06,e04,c5,p21,l4,0.0
i06,e04,c5,p22,l1,158.0
i06,e04,c5,p22,l2,0.0
i06,e04,c5,p22,l3,0.0
i06,e04,c5,p22,l4,0.0
i06,e04,c5,p23,l1,66.0
i06,e04,c5,p23,l2,0.0
i06,e04,c5,p23,l3,0.0
i06,e04,c5,p23,l4,0.0
i06,e04,c5,p24,l1,158.0
i06,e04,c5,p24,l2,0.0
i06,e04,c5,p24,l3,0.0
i06,e04,c5,p24,l4,0.0
i06,e04,c5,p25,l1,29.0
i06,e04,c5,p25,l2,0.0
i06,e04,c5,p25,l3,0.0
i06,e04,c5,p25,l4,0.0
i06,e04,c5,p26,l1,15.0
i06,e04,c5,p26,l2,0.0
i06,e04,c5,p26,l3,0.0
i06,e04,c5,p26,l4,0.0
i06,e04,c5,p27,l1,0.0
i06,e04,c5,p27,l3,0.0
i06,e04,c5,p27,l4,0.0
i06,e04,c5,p28,l1,33.0
i06,e04,c5,p28,l2,0.0
i06,e04,c5,p28,l3,0.0
i06,e04,c5,p28,l4,0.0
i06,e04,c5,p29,l1,173.0
i06,e04,c5,p29,l2,0.0
i06,e04,c5,p29,l3,0.0
i06,e04,c5,p29,l4,0.0
i06,e04,c5,p30,l1,1.0
i06,e04,c5,p30,l2,0.0
i06,e04,c5,p30,l3,0.0
i06,e04,c5,p30,l4,0.0
i06,e04,c5,p31,l1,3.0
i06,e04,c5,p31,l2,0.0
i06,e04,c5,p31,l3,0.0
i06,e04,c5,p31,l4,0.0
i06,e04,c5,p32,l1,79.0
i06,e04,c5,p32,l2,0.0
i06,e04,c5,p32,l3,0.0
i06,e04,c5,p32,l4,0.0
i06,e04,c5,p33,l1,0.0
i06,e04,c5,p33,l3,0.0
i06,e04,c5,p33,l4,0.0
i06,e04,c5,p34,l1,0.0
i06,e04,c5,p34,l3,0.0
i06,e04,c5,p35,l1,159.0
i06,e04,c5,p35,l2,0.0
i06,e04,c5,p35,l3,0.0
i06,e04,c5,p35,l4,0.0
i06,e04,c8,p10,l3,0.0
i06,e04,c8,p35,l1,0.0
i06,e04,c8,p35,l3,0.0
i06,e05,c3,p01,l1,0.0
i06,e05,c3,p01,l3,0.0
i06,e05,c3,p02,l1,0.0
i06,e05,c3,p02,l3,0.0
i06,e05,c3,p03,l1,0.0
i06,e05,c3,p03,l3,0.0
i06,e05,c3,p04,l1,0.0
i06,e05,c3,p04,l3,0.0
i06,e05,c3,p05,l1,0.0
i06,e05,c3,p05,l3,0.0
i06,e05,c3,p06,l1,0.0
i06,e05,c3,p06,l3,0.0
i06,e05,c3,p07,l1,0.0
i06,e05,c3,p07,l3,0.0
i06,e05,c3,p08,l1,0.0
i06,e05,c3,p08,l3,0.0
i06,e05,c3,p09,l1,0.0
i06,e05,c3,p09,l3,0.0
i06,e05,c3,p10,l1,0.0
i06,e05,c3,p10,l3,0.0
i06,e05,c3,p11,l1,0.0
i06,e05,c3,p11,l3,0.0
i06,e05,c3,p12,l1,0.0
i06,e05,c3,p12,l3,0.0
i06,e05,c3,p13,l1,0.0
i06,e05,c3,p13,l3,0.0
i06,e05,c3,p14,l1,0.0
i06,e05,c3,p14,l3,0.0
i06,e05,c3,p15,l1,0.0
i06,e05,c3,p15,l3,0.0
i06,e05,c3,p16,l1,0.0
i06,e05,c3,p16,l3,0.0
i06,e05,c3,p17,l1,0.0
i06,e05,c3,p17,l3,0.0
i06,e05,c3,p18,l1,0.0
i06,e05,c3,p18,l3,0.0
i06,e05,c3,p19,l1,0.0
i06,e05,c3,p19,l3,0.0
i06,e05,c3,p20,l1,0.0
i06,e05,c3,p20,l3,0.0
i06,e05,c3,p21,l1,0.0
i06,e05,c3,p21,l3,0.0
i06,e05,c3,p22,l1,0.0
i06,e05,c3,p22,l3,0.0
i06,e05,c3,p23,l1,0.0
i06,e05,c3,p23,l3,0.0
i06,e05,c3,p24,l1,0.0
i06,e05,c3,p24,l3,0.0
i06,e05,c3,p25,l1,0.0
i06,e05,c3,p25,l3,0.0
i06,e05,c3,p26,l1,0.0
i06,e05,c3,p26,l3,0.0
i06,e05,c3,p27,l1,0.0
i06,e05,c3,p28,l1,0.0
i06,e05,c3,p28,l3,0.0
i06,e05,c3,p29,l1,0.0
i06,e05,c3,p29,l3,0.0
i06,e05,c3,p30,l1,0.0
i06,e05,c3,p30,l3,0.0
i06,e05,c3,p31,l1,0.0
i06,e05,c3,p31,l3,0.0
i06,e05,c3,p32,l1,0.0
i06,e05,c3,p32,l3,0.0
i06,e05,c3,p33,l1,0.0
i06,e05,c3,p35,l1,0.0
i06,e05,c3,p35,l3,0.0
i06,e05,c5,p01,l1,0.0
i06,e05,c5,p01,l3,0.0
i06,e05,c5,p02,l1,3.0
i06,e05,c5,p02,l3,0.0
i06,e05,c5,p03,l1,0.0
i06,e05,c5,p03,l3,0.0
i06,e05,c5,p04,l1,2.0
i06,e05,c5,p04,l3,0.0
i06,e05,c5,p05,l1,3.0
i06,e05,c5,p05,l3,0.0
i06,e05,c5,p06,l1,1.0
i06,e05,c5,p06,l3,0.0
i06,e05,c5,p07,l1,3.0
i06,e05,c5,p07,l3,0.0
i06,e05,c5,p08,l1,0.0
i06,e05,c5,p08,l3,0.0
i06,e05,c5,p09,l1,0.0
i06,e05,c5,p09,l3,0.0
i06,e05,c5,p10,l1,4.0
i06,e05,c5,p10,l3,0.0
i06,e05,c5,p11,l1,3.0
i06,e05,c5,p11,l3,0.0
i06,e05,c5,p12,l1,0.0
i06,e05,c5,p12,l3,0.0
i06,e05,c5,p13,l1,1.0
i06,e05,c5,p13,l3,0.0
i06,e05,c5,p14,l1,1.0
i06,e05,c5,p14,l3,0.0
i06,e05,c5,p15,l1,0.0
i06,e05,c5,p15,l3,0.0
i06,e05,c5,p16,l1,2.0
i06,e05,c5,p16,l3,0.0
i06,e05,c5,p17,l1,2.0
i06,e05,c5,p17,l3,0.0
i06,e05,c5,p18,l1,0.0
i06,e05,c5,p18,l3,0.0
i06,e05,c5,p19,l1,4.0
i06,e05,c5,p19,l3,0.0
i06,e05,c5,p20,l1,0.0
i06,e05,c5,p20,l3,0.0
i06,e05,c5,p21,l1,4.0
i06,e05,c5,p21,l3,0.0
i06,e05,c5,p22,l1,1.0
i06,e05,c5,p22,l3,0.0
i06,e05,c5,p23,l1,1.0
i06,e05,c5,p23,l3,0.0
i06,e05,c5,p24,l1,0.0
i06,e05,c5,p24,l3,0.0
i06,e05,c5,p25,l1,1.0
i06,e05,c5,p25,l3,0.0
i06,e05,c5,p26,l1,0.0
i06,e05,c5,p26,l3,0.0
i06,e05,c5,p27,l1,0.0
i06,e05,c5,p28,l1,0.0
i06,e05,c5,p28,l3,0.0
i06,e05,c5,p29,l1,2.0
i06,e05,c5,p29,l3,0.0
i06,e05,c5,p30,l1,0.0
i06,e05,c5,p30,l3,0.0
i06,e05,c5,p31,l1,0.0
i06,e05,c5,p31,l3,0.0
i06,e05,c5,p32,l1,1.0
i06,e05,c5,p32,l3,0.0
i06,e05,c5,p33,l1,0.0
i06,e05,c5,p33,l3,0.0
i06,e05,c5,p34,l1,0.0
i06,e05,c5,p35,l1,3.0
i06,e05,c5,p35,l3,0.0
i06,e05,c8,p10,l1,0.0
i06,e05,c8,p10,l3,0.0
i06,e05,c8,p32,l3,0.0
i06,e05,c8,p35,l1,0.0
i06,e05,c8,p35,l3,0.0
i06,e06,c5,p01,l1,0.0
i06,e06,c5,p01,l3,0.0
i06,e06,c5,p03,l1,0.0
i06,e06,c5,p03,l3,0.0
i06,e06,c5,p04,l3,0.0
i06,e06,c5,p05,l1,0.0
i06,e06,c5,p05,l3,0.0
i06,e06,c5,p06,l1,0.0
i06,e06,c5,p06,l3,0.0
i06,e06,c5,p07,l1,0.0
i06,e06,c5,p07,l3,0.0
i06,e06,c5,p09,l3,0.0
i06,e06,c5,p10,l1,0.0
i06,e06,c5,p10,l3,0.0
i06,e06,c5,p11,l1,0.0
i06,e06,c5,p12,l1,0.0
i06,e06,c5,p15,l1,0.0
i06,e06,c5,p15,l3,0.0
i06,e06,c5,p16,l3,0.0
i06,e06,c5,p17,l1,0.0
i06,e06,c5,p17,l3,0.0
i06,e06,c5,p19,l1,0.0
i06,e06,c5,p19,l3,0.0
i06,e06,c5,p21,l1,0.0
i06,e06,c5,p21,l3,0.0
i06,e06,c5,p25,l3,0.0
i06,e06,c5,p32,l1,0.0
i06,e06,c5,p32,l3,0.0
i06,e06,c5,p35,l1,0.0
i06,e07,c3,p01,l2,0.0
i06,e07,c3,p01,l3,0.0
i06,e07,c3,p02,l2,0.0
i06,e07,c3,p02,l3,0.0
i06,e07,c3,p03,l2,0.0
i06,e07,c3,p03,l3,0.0
i06,e07,c3,p04,l2,0.0
i06,e07,c3,p04,l3,0.0
i06,e07,c3,p05,l2,0.0
i06,e07,c3,p05,l3,0.0
i06,e07,c3,p06,l2,0.0
i06,e07,c3,p06,l3,0.0
i06,e07,c3,p07,l2,0.0
i06,e07,c3,p07,l3,0.0
i06,e07,c3,p08,l2,0.0
i06,e07,c3,p08,l3,0.0
i06,e07,c3,p09,l2,0.0
i06,e07,c3,p09,l3,0.0
i06,e07,c3,p10,l2,0.0
i06,e07,c3,p10,l3,0.0
i06,e07,c3,p11,l2,0.0
i06,e07,c3,p11,l3,0.0
i06,e07,c3,p12,l2,0.0
i06,e07,c3,p12,l3,0.0
i06,e07,c3,p13,l2,0.0
i06,e07,c3,p13,l3,0.0
i06,e07,c3,p14,l2,0.0
i06,e07,c3,p14,l3,0.0
i06,e07,c3,p15,l2,0.0
i06,e07,c3,p15,l3,0.0
i06,e07,c3,p16,l2,0.0
i06,e07,c3,p16,l3,0.0
i06,e07,c3,p17,l2,0.0
i06,e07,c3,p17,l3,0.0
i06,e07,c3,p18,l2,0.0
i06,e07,c3,p18,l3,0.0
i06,e07,c3,p19,l2,2.0
i06,e07,c3,p19,l3,0.0
i06,e07,c3,p20,l2,0.0
i06,e07,c3,p20,l3,0.0
i06,e07,c3,p21,l2,0.0
i06,e07,c3,p21,l3,0.0
i06,e07,c3,p22,l2,0.0
i06,e07,c3,p22,l3,0.0
i06,e07,c3,p23,l2,0.0
i06,e07,c3,p23,l3,0.0
i06,e07,c3,p24,l2,0.0
i06,e07,c3,p24,l3,0.0
i06,e07,c3,p25,l2,0.0
i06,e07,c3,p25,l3,0.0
i06,e07,c3,p26,l2,0.0
i06,e07,c3,p26,l3,0.0
i06,e07,c3,p28,l2,0.0
i06,e07,c3,p28,l3,0.0
i06,e07,c3,p29,l2,0.0
i06,e07,c3,p29,l3,0.0
i06,e07,c3,p30,l3,0.0
i06,e07,c3,p31,l2,0.0
i06,e07,c3,p31,l3,0.0
i06,e07,c3,p32,l2,0.0
i06,e07,c3,p32,l3,0.0
i06,e07,c3,p35,l2,0.0
i06,e07,c3,p35,l3,0.0
i06,e07,c5,p01,l1,0.0
i06,e07,c5,p01,l2,7.0
i06,e07,c5,p01,l3,0.0
i06,e07,c5,p02,l2,2.0
i06,e07,c5,p02,l3,0.0
i06,e07,c5,p03,l1,0.0
i06,e07,c5,p03,l2,6.0
i06,e07,c5,p03,l3,0.0
i06,e07,c5,p04,l2,7.0
i06,e07,c5,p04,l3,0.0
i06,e07,c5,p05,l2,18.0
i06,e07,c5,p05,l3,0.0
i06,e07,c5,p06,l2,11.0
i06,e07,c5,p06,l3,0.0
i06,e07,c5,p07,l2,2.0
i06,e07,c5,p07,l3,0.0
i06,e07,c5,p08,l2,1.0
i06,e07,c5,p08,l3,0.0
i06,e07,c5,p09,l2,2.0
i06,e07,c5,p09,l3,0.0
i06,e07,c5,p10,l2,11.0
i06,e07,c5,p10,l3,0.0
i06,e07,c5,p11,l1,0.0
i06,e07,c5,p11,l2,8.0
i06,e07,c5,p11,l3,0.0
i06,e07,c5,p12,l2,9.0
i06,e07,c5,p12,l3,0.0
i06,e07,c5,p13,l2,15.0
i06,e07,c5,p13,l3,0.0
i06,e07,c5,p14,l2,8.0
i06,e07,c5,p14,l3,0.0
i06,e07,c5,p15,l2,14.0
i06,e07,c5,p15,l3,0.0
i06,e07,c5,p16,l2,23.0
i06,e07,c5,p16,l3,0.0
i06,e07,c5,p17,l2,11.0
i06,e07,c5,p17,l3,0.0
i06,e07,c5,p18,l2,5.0
i06,e07,c5,p18,l3,0.0
i06,e07,c5,p19,l1,0.0
i06,e07,c5,p19,l2,22.0
i06,e07,c5,p19,l3,0.0
i06,e07,c5,p20,l2,2.0
i06,e07,c5,p20,l3,0.0
i06,e07,c5,p21,l2,8.0
i06,e07,c5,p21,l3,0.0
i06,e07,c5,p22,l2,2.0
i06,e07,c5,p22,l3,0.0
i06,e07,c5,p23,l2,0.0
i06,e07,c5,p23,l3,0.0
i06,e07,c5,p24,l2,7.0
i06,e07,c5,p24,l3,0.0
i06,e07,c5,p25,l2,1.0
i06,e07,c5,p25,l3,0.0
i06,e07,c5,p26,l2,0.0
i06,e07,c5,p26,l3,0.0
i06,e07,c5,p28,l1,0.0
i06,e07,c5,p28,l2,4.0
i06,e07,c5,p28,l3,0.0
i06,e07,c5,p29,l2,5.0
i06,e07,c5,p29,l3,0.0
i06,e07,c5,p30,l2,0.0
i06,e07,c5,p30,l3,0.0
i06,e07,c5,p31,l2,0.0
i06,e07,c5,p31,l3,0.0
i06,e07,c5,p32,l2,1.0
i06,e07,c5,p32,l3,0.0
i06,e07,c5,p33,l2,0.0
i06,e07,c5,p33,l3,0.0
i06,e07,c5,p35,l1,0.0
i06,e07,c5,p35,l2,25.0
i06,e07,c5,p35,l3,0.0
i06,e08,c3,p01,l1,0.0
i06,e08,c3,p01,l2,104.0
i06,e08,c3,p01,l3,0.0
i06,e08,c3,p01,l4,0.0
i06,e08,c3,p02,l1,0.0
i06,e08,c3,p02,l2,3.0
i06,e08,c3,p02,l3,0.0
i06,e08,c3,p02,l4,0.0
i06,e08,c3,p03,l1,0.0
i06,e08,c3,p03,l2,0.0
i06,e08,c3,p03,l3,0.0
i06,e08,c3,p03,l4,0.0
i06,e08,c3,p04,l1,0.0
i06,e08,c3,p04,l2,0.0
i06,e08,c3,p04,l3,0.0
i06,e08,c3,p04,l4,0.0
i06,e08,c3,p05,l1,0.0
i06,e08,c3,p05,l2,0.0
i06,e08,c3,p05,l3,0.0
i06,e08,c3,p05,l4,0.0
i06,e08,c3,p06,l1,0.0
i06,e08,c3,p06,l2,0.0
i06,e08,c3,p06,l3,0.0
i06,e08,c3,p06,l4,0.0
i06,e08,c3,p07,l2,0.0
i06,e08,c3,p07,l3,0.0
i06,e08,c3,p07,l4,0.0
i06,e08,c3,p08,l2,0.0
i06,e08,c3,p08,l3,0.0
i06,e08,c3,p08,l4,0.0
i06,e08,c3,p09,l1,0.0
i06,e08,c3,p09,l2,0.0
i06,e08,c3,p09,l3,0.0
i06,e08,c3,p09,l4,0.0
i06,e08,c3,p10,l1,0.0
i06,e08,c3,p10,l2,1.0
i06,e08,c3,p10,l3,0.0
i06,e08,c3,p10,l4,0.0
i06,e08,c3,p11,l1,0.0
i06,e08,c3,p11,l2,1.0
i06,e08,c3,p11,l3,0.0
i06,e08,c3,p11,l4,0.0
i06,e08,c3,p12,l1,0.0
i06,e08,c3,p12,l2,3.0
i06,e08,c3,p12,l3,0.0
i06,e08,c3,p12,l4,0.0
i06,e08,c3,p13,l1,0.0
i06,e08,c3,p13,l2,0.0
i06,e08,c3,p13,l3,0.0
i06,e08,c3,p13,l4,0.0
i06,e08,c3,p14,l1,0.0
i06,e08,c3,p14,l2,0.0
i06,e08,c3,p14,l3,0.0
i06,e08,c3,p14,l4,0.0
i06,e08,c3,p15,l1,0.0
i06,e08,c3,p15,l2,0.0
i06,e08,c3,p15,l3,0.0
i06,e08,c3,p15,l4,0.0
i06,e08,c3,p16,l1,0.0
i06,e08,c3,p16,l2,0.0
i06,e08,c3,p16,l3,0.0
i06,e08,c3,p16,l4,0.0
i06,e08,c3,p17,l1,0.0
i06,e08,c3,p17,l2,0.0
i06,e08,c3,p17,l3,0.0
i06,e08,c3,p17,l4,0.0
i06,e08,c3,p18,l1,0.0
i06,e08,c3,p18,l2,0.0
i06,e08,c3,p18,l3,0.0
i06,e08,c3,p18,l4,0.0
i06,e08,c3,p19,l1,0.0
i06,e08,c3,p19,l2,9.0
i06,e08,c3,p19,l3,0.0
i06,e08,c3,p19,l4,0.0
i06,e08,c3,p20,l2,0.0
i06,e08,c3,p20,l3,0.0
i06,e08,c3,p20,l4,0.0
i06,e08,c3,p21,l1,0.0
i06,e08,c3,p21,l2,0.0
i06,e08,c3,p21,l3,0.0
i06,e08,c3,p21,l4,0.0
i06,e08,c3,p22,l1,0.0
i06,e08,c3,p22,l2,4.0
i06,e08,c3,p22,l3,0.0
i06,e08,c3,p22,l4,0.0
i06,e08,c3,p23,l1,0.0
i06,e08,c3,p23,l2,0.0
i06,e08,c3,p23,l3,0.0
i06,e08,c3,p23,l4,0.0
i06,e08,c3,p24,l1,0.0
i06,e08,c3,p24,l2,3.0
i06,e08,c3,p24,l3,0.0
i06,e08,c3,p24,l4,0.0
i06,e08,c3,p25,l2,0.0
i06,e08,c3,p25,l3,0.0
i06,e08,c3,p25,l4,0.0
i06,e08,c3,p26,l2,0.0
i06,e08,c3,p26,l3,0.0
i06,e08,c3,p26,l4,0.0
i06,e08,c3,p27,l2,0.0
i06,e08,c3,p27,l4,0.0
i06,e08,c3,p28,l2,0.0
i06,e08,c3,p28,l3,0.0
i06,e08,c3,p28,l4,0.0
i06,e08,c3,p29,l2,0.0
i06,e08,c3,p29,l3,0.0
i06,e08,c3,p29,l4,0.0
i06,e08,c3,p30,l2,0.0
i06,e08,c3,p30,l3,0.0
i06,e08,c3,p30,l4,0.0
i06,e08,c3,p31,l2,0.0
i06,e08,c3,p31,l3,0.0
i06,e08,c3,p31,l4,0.0
i06,e08,c3,p32,l2,0.0
i06,e08,c3,p32,l3,0.0
i06,e08,c3,p32,l4,0.0
i06,e08,c3,p33,l2,0.0
i06,e08,c3,p33,l3,0.0
i06,e08,c3,p33,l4,0.0
i06,e08,c3,p35,l1,0.0
i06,e08,c3,p35,l2,2.0
i06,e08,c3,p35,l3,0.0
i06,e08,c3,p35,l4,0.0
i06,e08,c5,p01,l1,0.0
i06,e08,c5,p01,l2,654.0
i06,e08,c5,p01,l3,0.0
i06,e08,c5,p01,l4,0.0
i06,e08,c5,p02,l1,0.0
i06,e08,c5,p02,l2,168.0
i06,e08,c5,p02,l3,0.0
i06,e08,c5,p02,l4,0.0
i06,e08,c5,p03,l1,0.0
i06,e08,c5,p03,l2,330.0
i06,e08,c5,p03,l3,0.0
i06,e08,c5,p03,l4,0.0
i06,e08,c5,p04,l1,0.0
i06,e08,c5,p04,l2,657.0
i06,e08,c5,p04,l3,0.0
i06,e08,c5,p04,l4,0.0
i06,e08,c5,p05,l1,0.0
i06,e08,c5,p05,l2,501.0
i06,e08,c5,p05,l3,0.0
i06,e08,c5,p05,l4,0.0
i06,e08,c5,p06,l1,0.0
i06,e08,c5,p06,l2,361.0
i06,e08,c5,p06,l3,0.0
i06,e08,c5,p06,l4,0.0
i06,e08,c5,p07,l1,0.0
i06,e08,c5,p07,l2,314.0
i06,e08,c5,p07,l3,0.0
i06,e08,c5,p07,l4,0.0
i06,e08,c5,p08,l1,0.0
i06,e08,c5,p08,l2,1128.0
i06,e08,c5,p08,l3,0.0
i06,e08,c5,p08,l4,0.0
i06,e08,c5,p09,l1,0.0
i06,e08,c5,p09,l2,48.0
i06,e08,c5,p09,l3,0.0
i06,e08,c5,p09,l4,0.0
i06,e08,c5,p10,l1,0.0
i06,e08,c5,p10,l2,1842.0
i06,e08,c5,p10,l3,0.0
i06,e08,c5,p10,l4,0.0
i06,e08,c5,p11,l1,0.0
i06,e08,c5,p11,l2,506.0
i06,e08,c5,p11,l3,0.0
i06,e08,c5,p11,l4,0.0
i06,e08,c5,p12,l1,0.0
i06,e08,c5,p12,l2,457.0
i06,e08,c5,p12,l3,0.0
i06,e08,c5,p12,l4,0.0
i06,e08,c5,p13,l1,0.0
i06,e08,c5,p13,l2,523.0
i06,e08,c5,p13,l3,0.0
i06,e08,c5,p13,l4,0.0
i06,e08,c5,p14,l1,0.0
i06,e08,c5,p14,l2,486.0
i06,e08,c5,p14,l3,0.0
i06,e08,c5,p14,l4,0.0
i06,e08,c5,p15,l1,0.0
i06,e08,c5,p15,l2,1601.0
i06,e08,c5,p15,l3,0.0
i06,e08,c5,p15,l4,0.0
i06,e08,c5,p16,l1,0.0
i06,e08,c5,p16,l2,878.0
i06,e08,c5,p16,l3,0.0
i06,e08,c5,p16,l4,0.0
i06,e08,c5,p17,l1,0.0
i06,e08,c5,p17,l2,687.0
i06,e08,c5,p17,l3,0.0
i06,e08,c5,p17,l4,0.0
i06,e08,c5,p18,l1,0.0
i06,e08,c5,p18,l2,787.0
i06,e08,c5,p18,l3,0.0
i06,e08,c5,p18,l4,0.0
i06,e08,c5,p19,l1,0.0
i06,e08,c5,p19,l2,7686.0
i06,e08,c5,p19,l3,0.0
i06,e08,c5,p19,l4,0.0
i06,e08,c5,p20,l1,0.0
i06,e08,c5,p20,l2,50.0
i06,e08,c5,p20,l3,0.0
i06,e08,c5,p20,l4,0.0
i06,e08,c5,p21,l1,0.0
i06,e08,c5,p21,l2,916.0
i06,e08,c5,p21,l3,0.0
i06,e08,c5,p21,l4,0.0
i06,e08,c5,p22,l1,0.0
i06,e08,c5,p22,l2,597.0
i06,e08,c5,p22,l3,0.0
i06,e08,c5,p22,l4,0.0
i06,e08,c5,p23,l1,0.0
i06,e08,c5,p23,l2,254.0
i06,e08,c5,p23,l3,0.0
i06,e08,c5,p23,l4,0.0
i06,e08,c5,p24,l1,0.0
i06,e08,c5,p24,l2,695.0
i06,e08,c5,p24,l3,0.0
i06,e08,c5,p24,l4,0.0
i06,e08,c5,p25,l1,0.0
i06,e08,c5,p25,l2,146.0
i06,e08,c5,p25,l3,0.0
i06,e08,c5,p25,l4,0.0
i06,e08,c5,p26,l1,0.0
i06,e08,c5,p26,l2,35.0
i06,e08,c5,p26,l3,0.0
i06,e08,c5,p26,l4,0.0
i06,e08,c5,p27,l2,0.0
i06,e08,c5,p27,l3,0.0
i06,e08,c5,p27,l4,0.0
i06,e08,c5,p28,l1,0.0
i06,e08,c5,p28,l2,112.0
i06,e08,c5,p28,l3,0.0
i06,e08,c5,p28,l4,0.0
i06,e08,c5,p29,l1,0.0
i06,e08,c5,p29,l2,839.0
i06,e08,c5,p29,l3,0.0
i06,e08,c5,p29,l4,0.0
i06,e08,c5,p30,l1,0.0
i06,e08,c5,p30,l2,0.0
i06,e08,c5,p30,l3,0.0
i06,e08,c5,p30,l4,0.0
i06,e08,c5,p31,l1,0.0
i06,e08,c5,p31,l2,55.0
i06,e08,c5,p31,l3,0.0
i06,e08,c5,p31,l4,0.0
i06,e08,c5,p32,l1,0.0
i06,e08,c5,p32,l2,343.0
i06,e08,c5,p32,l3,0.0
i06,e08,c5,p32,l4,0.0
i06,e08,c5,p33,l1,0.0
i06,e08,c5,p33,l2,1.0
i06,e08,c5,p33,l3,0.0
i06,e08,c5,p33,l4,0.0
i06,e08,c5,p34,l2,0.0
i06,e08,c5,p34,l3,0.0
i06,e08,c5,p34,l4,0.0
i06,e08,c5,p35,l1,0.0
i06,e08,c5,p35,l2,722.0
i06,e08,c5,p35,l3,0.0
i06,e08,c5,p35,l4,0.0
i06,e08,c8,p05,l3,0.0
i06,e08,c8,p07,l2,0.0
i06,e08,c8,p10,l2,0.0
i06,e08,c8,p10,l3,0.0
i06,e08,c8,p10,l4,0.0
i06,e08,c8,p13,l4,0.0
i06,e08,c8,p17,l2,0.0
i06,e08,c8,p29,l2,0.0
i06,e08,c8,p35,l2,0.0
i06,e08,c8,p35,l3,0.0
i06,e08,c8,p35,l4,0.0
i06,e09,c3,p01,l2,0.0
i06,e09,c3,p01,l3,0.0
i06,e09,c3,p02,l2,0.0
i06,e09,c3,p02,l3,0.0
i06,e09,c3,p03,l2,0.0
i06,e09,c3,p03,l3,0.0
i06,e09,c3,p03,l4,0.0
i06,e09,c3,p04,l2,0.0
i06,e09,c3,p04,l3,0.0
i06,e09,c3,p04,l4,0.0
i06,e09,c3,p05,l2,0.0
i06,e09,c3,p05,l3,0.0
i06,e09,c3,p05,l4,0.0
i06,e09,c3,p06,l2,0.0
i06,e09,c3,p06,l3,0.0
i06,e09,c3,p07,l2,0.0
i06,e09,c3,p07,l3,0.0
i06,e09,c3,p07,l4,0.0
i06,e09,c3,p08,l2,0.0
i06,e09,c3,p08,l3,0.0
i06,e09,c3,p09,l2,0.0
i06,e09,c3,p09,l3,0.0
i06,e09,c3,p10,l2,0.0
i06,e09,c3,p10,l3,0.0
i06,e09,c3,p10,l4,0.0
i06,e09,c3,p11,l2,0.0
i06,e09,c3,p11,l3,0.0
i06,e09,c3,p12,l2,0.0
i06,e09,c3,p12,l3,0.0
i06,e09,c3,p13,l2,0.0
i06,e09,c3,p13,l3,0.0
i06,e09,c3,p13,l4,0.0
i06,e09,c3,p14,l2,0.0
i06,e09,c3,p14,l3,0.0
i06,e09,c3,p14,l4,0.0
i06,e09,c3,p15,l2,1.0
i06,e09,c3,p15,l3,0.0
i06,e09,c3,p15,l4,0.0
i06,e09,c3,p16,l2,0.0
i06,e09,c3,p16,l3,0.0
i06,e09,c3,p16,l4,0.0
i06,e09,c3,p17,l2,0.0
i06,e09,c3,p17,l3,0.0
i06,e09,c3,p18,l2,1.0
i06,e09,c3,p18,l3,0.0
i06,e09,c3,p18,l4,0.0
i06,e09,c3,p19,l2,4.0
i06,e09,c3,p19,l3,0.0
i06,e09,c3,p19,l4,0.0
i06,e09,c3,p20,l2,0.0
i06,e09,c3,p20,l3,0.0
i06,e09,c3,p20,l4,0.0
i06,e09,c3,p21,l2,0.0
i06,e09,c3,p21,l3,0.0
i06,e09,c3,p22,l2,0.0
i06,e09,c3,p22,l3,0.0
i06,e09,c3,p23,l2,0.0
i06,e09,c3,p23,l3,0.0
i06,e09,c3,p24,l2,0.0
i06,e09,c3,p24,l3,0.0
i06,e09,c3,p24,l4,0.0
i06,e09,c3,p25,l2,0.0
i06,e09,c3,p25,l3,0.0
i06,e09,c3,p26,l2,0.0
i06,e09,c3,p26,l3,0.0
i06,e09,c3,p28,l2,0.0
i06,e09,c3,p28,l3,0.0
i06,e09,c3,p29,l2,0.0
i06,e09,c3,p29,l3,0.0
i06,e09,c3,p30,l2,0.0
i06,e09,c3,p30,l3,0.0
i06,e09,c3,p31,l2,0.0
i06,e09,c3,p31,l3,0.0
i06,e09,c3,p32,l2,0.0
i06,e09,c3,p32,l3,0.0
i06,e09,c3,p32,l4,0.0
i06,e09,c3,p33,l2,0.0
i06,e09,c3,p33,l3,0.0
i06,e09,c3,p35,l2,0.0
i06,e09,c3,p35,l3,0.0
i06,e09,c3,p35,l4,0.0
i06,e09,c5,p01,l2,49.0
i06,e09,c5,p01,l3,0.0
i06,e09,c5,p01,l4,0.0
i06,e09,c5,p02,l2,12.0
i06,e09,c5,p02,l3,0.0
i06,e09,c5,p02,l4,0.0
i06,e09,c5,p03,l2,75.0
i06,e09,c5,p03,l3,0.0
i06,e09,c5,p03,l4,0.0
i06,e09,c5,p04,l2,41.0
i06,e09,c5,p04,l3,0.0
i06,e09,c5,p04,l4,0.0
i06,e09,c5,p05,l2,65.0
i06,e09,c5,p05,l3,0.0
i06,e09,c5,p05,l4,0.0
i06,e09,c5,p06,l2,22.0
i06,e09,c5,p06,l3,0.0
i06,e09,c5,p06,l4,0.0
i06,e09,c5,p07,l2,27.0
i06,e09,c5,p07,l3,0.0
i06,e09,c5,p07,l4,0.0
i06,e09,c5,p08,l2,10.0
i06,e09,c5,p08,l3,0.0
i06,e09,c5,p08,l4,0.0
i06,e09,c5,p09,l2,8.0
i06,e09,c5,p09,l3,0.0
i06,e09,c5,p09,l4,0.0
i06,e09,c5,p10,l2,128.0
i06,e09,c5,p10,l3,0.0
i06,e09,c5,p10,l4,0.0
i06,e09,c5,p11,l2,68.0
i06,e09,c5,p11,l3,0.0
i06,e09,c5,p11,l4,0.0
i06,e09,c5,p12,l2,25.0
i06,e09,c5,p12,l3,0.0
i06,e09,c5,p12,l4,0.0
i06,e09,c5,p13,l2,62.0
i06,e09,c5,p13,l3,0.0
i06,e09,c5,p13,l4,0.0
i06,e09,c5,p14,l2,41.0
i06,e09,c5,p14,l3,0.0
i06,e09,c5,p14,l4,0.0
i06,e09,c5,p15,l2,41.0
i06,e09,c5,p15,l3,0.0
i06,e09,c5,p15,l4,0.0
i06,e09,c5,p16,l2,97.0
i06,e09,c5,p16,l3,0.0
i06,e09,c5,p16,l4,0.0
i06,e09,c5,p17,l2,87.0
i06,e09,c5,p17,l3,0.0
i06,e09,c5,p17,l4,0.0
i06,e09,c5,p18,l2,46.0
i06,e09,c5,p18,l3,0.0
i06,e09,c5,p18,l4,0.0
i06,e09,c5,p19,l2,332.0
i06,e09,c5,p19,l3,0.0
i06,e09,c5,p19,l4,0.0
i06,e09,c5,p20,l2,25.0
i06,e09,c5,p20,l3,0.0
i06,e09,c5,p20,l4,0.0
i06,e09,c5,p21,l2,91.0
i06,e09,c5,p21,l3,0.0
i06,e09,c5,p21,l4,0.0
i06,e09,c5,p22,l2,53.0
i06,e09,c5,p22,l3,0.0
i06,e09,c5,p22,l4,0.0
i06,e09,c5,p23,l2,30.0
i06,e09,c5,p23,l3,0.0
i06,e09,c5,p23,l4,0.0
i06,e09,c5,p24,l2,71.0
i06,e09,c5,p24,l3,0.0
i06,e09,c5,p24,l4,0.0
i06,e09,c5,p25,l2,15.0
i06,e09,c5,p25,l3,0.0
i06,e09,c5,p25,l4,0.0
i06,e09,c5,p26,l2,2.0
i06,e09,c5,p26,l3,0.0
i06,e09,c5,p26,l4,0.0
i06,e09,c5,p27,l2,0.0
i06,e09,c5,p27,l3,0.0
i06,e09,c5,p28,l2,9.0
i06,e09,c5,p28,l3,0.0
i06,e09,c5,p28,l4,0.0
i06,e09,c5,p29,l2,86.0
i06,e09,c5,p29,l3,0.0
i06,e09,c5,p29,l4,0.0
i06,e09,c5,p30,l2,1.0
i06,e09,c5,p30,l3,0.0
i06,e09,c5,p30,l4,0.0
i06,e09,c5,p31,l2,3.0
i06,e09,c5,p31,l3,0.0
i06,e09,c5,p31,l4,0.0
i06,e09,c5,p32,l2,36.0
i06,e09,c5,p32,l3,0.0
i06,e09,c5,p32,l4,0.0
i06,e09,c5,p33,l2,0.0
i06,e09,c5,p33,l3,0.0
i06,e09,c5,p33,l4,0.0
i06,e09,c5,p34,l2,0.0
i06,e09,c5,p34,l3,0.0
i06,e09,c5,p35,l2,91.0
i06,e09,c5,p35,l3,0.0
i06,e09,c5,p35,l4,0.0
i06,e09,c8,p07,l3,0.0
i06,e10,c3,p01,l1,1.0
i06,e10,c3,p01,l2,0.0
i06,e10,c3,p01,l3,184.0
i06,e10,c3,p01,l4,13.0
i06,e10,c3,p02,l1,0.0
i06,e10,c3,p02,l2,0.0
i06,e10,c3,p02,l3,19.0
i06,e10,c3,p02,l4,0.0
i06,e10,c3,p03,l1,0.0
i06,e10,c3,p03,l2,15.0
i06,e10,c3,p03,l3,129.0
i06,e10,c3,p03,l4,6.0
i06,e10,c3,p04,l1,0.0
i06,e10,c3,p04,l2,0.0
i06,e10,c3,p04,l3,132.0
i06,e10,c3,p04,l4,6.0
i06,e10,c3,p05,l1,0.0
i06,e10,c3,p05,l2,0.0
i06,e10,c3,p05,l3,94.0
i06,e10,c3,p05,l4,0.0
i06,e10,c3,p06,l1,0.0
i06,e10,c3,p06,l2,0.0
i06,e10,c3,p06,l3,85.0
i06,e10,c3,p06,l4,11.0
i06,e10,c3,p07,l1,1.0
i06,e10,c3,p07,l2,0.0
i06,e10,c3,p07,l3,113.0
i06,e10,c3,p07,l4,4.0
i06,e10,c3,p08,l1,0.0
i06,e10,c3,p08,l2,0.0
i06,e10,c3,p08,l3,9.0
i06,e10,c3,p08,l4,0.0
i06,e10,c3,p09,l1,0.0
i06,e10,c3,p09,l2,0.0
i06,e10,c3,p09,l3,166.0
i06,e10,c3,p09,l4,0.0
i06,e10,c3,p10,l1,0.0
i06,e10,c3,p10,l2,0.0
i06,e10,c3,p10,l3,374.0
i06,e10,c3,p10,l4,18.0
i06,e10,c3,p11,l1,0.0
i06,e10,c3,p11,l2,0.0
i06,e10,c3,p11,l3,229.0
i06,e10,c3,p11,l4,17.0
i06,e10,c3,p12,l1,0.0
i06,e10,c3,p12,l2,0.0
i06,e10,c3,p12,l3,86.0
i06,e10,c3,p12,l4,0.0
i06,e10,c3,p13,l1,0.0
i06,e10,c3,p13,l2,0.0
i06,e10,c3,p13,l3,99.0
i06,e10,c3,p13,l4,12.0
i06,e10,c3,p14,l1,0.0
i06,e10,c3,p14,l2,0.0
i06,e10,c3,p14,l3,105.0
i06,e10,c3,p14,l4,6.0
i06,e10,c3,p15,l1,0.0
i06,e10,c3,p15,l2,0.0
i06,e10,c3,p15,l3,192.0
i06,e10,c3,p15,l4,13.0
i06,e10,c3,p16,l1,0.0
i06,e10,c3,p16,l2,0.0
i06,e10,c3,p16,l3,0.0
i06,e10,c3,p16,l4,0.0
i06,e10,c3,p17,l1,0.0
i06,e10,c3,p17,l2,0.0
i06,e10,c3,p17,l3,208.0
i06,e10,c3,p17,l4,7.0
i06,e10,c3,p18,l1,0.0
i06,e10,c3,p18,l2,0.0
i06,e10,c3,p18,l3,118.0
i06,e10,c3,p18,l4,0.0
i06,e10,c3,p19,l1,0.0
i06,e10,c3,p19,l2,0.0
i06,e10,c3,p19,l3,744.0
i06,e10,c3,p19,l4,12.0
i06,e10,c3,p20,l1,0.0
i06,e10,c3,p20,l2,0.0
i06,e10,c3,p20,l3,17.0
i06,e10,c3,p20,l4,5.0
i06,e10,c3,p21,l1,1.0
i06,e10,c3,p21,l2,0.0
i06,e10,c3,p21,l3,225.0
i06,e10,c3,p21,l4,0.0
i06,e10,c3,p22,l1,0.0
i06,e10,c3,p22,l2,0.0
i06,e10,c3,p22,l3,276.0
i06,e10,c3,p22,l4,12.0
i06,e10,c3,p23,l1,0.0
i06,e10,c3,p23,l2,0.0
i06,e10,c3,p23,l3,0.0
i06,e10,c3,p23,l4,0.0
i06,e10,c3,p24,l1,0.0
i06,e10,c3,p24,l2,0.0
i06,e10,c3,p24,l3,124.0
i06,e10,c3,p24,l4,10.0
i06,e10,c3,p25,l1,0.0
i06,e10,c3,p25,l2,0.0
i06,e10,c3,p25,l3,176.0
i06,e10,c3,p25,l4,13.0
i06,e10,c3,p26,l1,0.0
i06,e10,c3,p26,l2,0.0
i06,e10,c3,p26,l3,0.0
i06,e10,c3,p26,l4,0.0
i06,e10,c3,p28,l1,0.0
i06,e10,c3,p28,l2,0.0
i06,e10,c3,p28,l3,38.0
i06,e10,c3,p28,l4,17.0
i06,e10,c3,p29,l1,1.0
i06,e10,c3,p29,l2,0.0
i06,e10,c3,p29,l3,69.0
i06,e10,c3,p29,l4,8.0
i06,e10,c3,p30,l1,0.0
i06,e10,c3,p30,l2,0.0
i06,e10,c3,p30,l3,42.0
i06,e10,c3,p30,l4,2.0
i06,e10,c3,p31,l1,0.0
i06,e10,c3,p31,l2,0.0
i06,e10,c3,p31,l3,0.0
i06,e10,c3,p31,l4,0.0
i06,e10,c3,p32,l1,0.0
i06,e10,c3,p32,l2,0.0
i06,e10,c3,p32,l3,0.0
i06,e10,c3,p32,l4,0.0
i06,e10,c3,p33,l1,0.0
i06,e10,c3,p33,l2,0.0
i06,e10,c3,p33,l3,0.0
i06,e10,c3,p33,l4,0.0
i06,e10,c3,p35,l1,0.0
i06,e10,c3,p35,l2,0.0
i06,e10,c3,p35,l3,183.0
i06,e10,c3,p35,l4,11.0
i06,e10,c5,p01,l1,134.0
i06,e10,c5,p01,l2,83.0
i06,e10,c5,p01,l3,32334.0
i06,e10,c5,p01,l4,1786.0
i06,e10,c5,p02,l1,36.0
i06,e10,c5,p02,l2,7.0
i06,e10,c5,p02,l3,11551.0
i06,e10,c5,p02,l4,720.0
i06,e10,c5,p03,l1,124.0
i06,e10,c5,p03,l2,92.0
i06,e10,c5,p03,l3,32704.0
i06,e10,c5,p03,l4,2061.0
i06,e10,c5,p04,l1,73.0
i06,e10,c5,p04,l2,34.0
i06,e10,c5,p04,l3,23812.0
i06,e10,c5,p04,l4,1327.0
i06,e10,c5,p05,l1,84.0
i06,e10,c5,p05,l2,59.0
i06,e10,c5,p05,l3,40092.0
i06,e10,c5,p05,l4,2090.0
i06,e10,c5,p06,l1,62.0
i06,e10,c5,p06,l2,57.0
i06,e10,c5,p06,l3,27137.0
i06,e10,c5,p06,l4,1466.0
i06,e10,c5,p07,l1,65.0
i06,e10,c5,p07,l2,39.0
i06,e10,c5,p07,l3,20893.0
i06,e10,c5,p07,l4,1272.0
i06,e10,c5,p08,l1,23.0
i06,e10,c5,p08,l2,34.0
i06,e10,c5,p08,l3,6153.0
i06,e10,c5,p08,l4,424.0
i06,e10,c5,p09,l1,35.0
i06,e10,c5,p09,l2,54.0
i06,e10,c5,p09,l3,8486.0
i06,e10,c5,p09,l4,855.0
i06,e10,c5,p10,l1,326.0
i06,e10,c5,p10,l2,166.0
i06,e10,c5,p10,l3,114442.0
i06,e10,c5,p10,l4,5789.0
i06,e10,c5,p11,l1,106.0
i06,e10,c5,p11,l2,88.0
i06,e10,c5,p11,l3,38072.0
i06,e10,c5,p11,l4,2383.0
i06,e10,c5,p12,l1,61.0
i06,e10,c5,p12,l2,47.0
i06,e10,c5,p12,l3,27241.0
i06,e10,c5,p12,l4,1651.0
i06,e10,c5,p13,l1,118.0
i06,e10,c5,p13,l2,32.0
i06,e10,c5,p13,l3,33809.0
i06,e10,c5,p13,l4,2213.0
i06,e10,c5,p14,l1,76.0
i06,e10,c5,p14,l2,21.0
i06,e10,c5,p14,l3,36765.0
i06,e10,c5,p14,l4,1436.0
i06,e10,c5,p15,l1,132.0
i06,e10,c5,p15,l2,54.0
i06,e10,c5,p15,l3,58656.0
i06,e10,c5,p15,l4,3311.0
i06,e10,c5,p16,l1,146.0
i06,e10,c5,p16,l2,100.0
i06,e10,c5,p16,l3,55124.0
i06,e10,c5,p16,l4,2694.0
i06,e10,c5,p17,l1,120.0
i06,e10,c5,p17,l2,35.0
i06,e10,c5,p17,l3,36092.0
i06,e10,c5,p17,l4,2254.0
i06,e10,c5,p18,l1,67.0
i06,e10,c5,p18,l2,105.0
i06,e10,c5,p18,l3,29107.0
i06,e10,c5,p18,l4,1493.0
i06,e10,c5,p19,l1,442.0
i06,e10,c5,p19,l2,228.0
i06,e10,c5,p19,l3,127697.0
i06,e10,c5,p19,l4,6974.0
i06,e10,c5,p20,l1,19.0
i06,e10,c5,p20,l2,22.0
i06,e10,c5,p20,l3,7290.0
i06,e10,c5,p20,l4,438.0
i06,e10,c5,p21,l1,114.0
i06,e10,c5,p21,l2,59.0
i06,e10,c5,p21,l3,54411.0
i06,e10,c5,p21,l4,3186.0
i06,e10,c5,p22,l1,68.0
i06,e10,c5,p22,l2,49.0
i06,e10,c5,p22,l3,14272.0
i06,e10,c5,p22,l4,916.0
i06,e10,c5,p23,l1,51.0
i06,e10,c5,p23,l2,43.0
i06,e10,c5,p23,l3,14424.0
i06,e10,c5,p23,l4,954.0
i06,e10,c5,p24,l1,70.0
i06,e10,c5,p24,l2,32.0
i06,e10,c5,p24,l3,29504.0
i06,e10,c5,p24,l4,1956.0
i06,e10,c5,p25,l1,29.0
i06,e10,c5,p25,l2,18.0
i06,e10,c5,p25,l3,11155.0
i06,e10,c5,p25,l4,789.0
i06,e10,c5,p26,l1,3.0
i06,e10,c5,p26,l2,4.0
i06,e10,c5,p26,l3,1492.0
i06,e10,c5,p26,l4,189.0
i06,e10,c5,p27,l1,0.0
i06,e10,c5,p27,l2,0.0
i06,e10,c5,p27,l3,0.0
i06,e10,c5,p27,l4,0.0
i06,e10,c5,p28,l1,33.0
i06,e10,c5,p28,l2,13.0
i06,e10,c5,p28,l3,7355.0
i06,e10,c5,p28,l4,576.0
i06,e10,c5,p29,l1,58.0
i06,e10,c5,p29,l2,78.0
i06,e10,c5,p29,l3,29278.0
i06,e10,c5,p29,l4,1929.0
i06,e10,c5,p30,l1,4.0
i06,e10,c5,p30,l2,0.0
i06,e10,c5,p30,l3,677.0
i06,e10,c5,p30,l4,67.0
i06,e10,c5,p31,l1,8.0
i06,e10,c5,p31,l2,1.0
i06,e10,c5,p31,l3,4238.0
i06,e10,c5,p31,l4,216.0
i06,e10,c5,p32,l1,46.0
i06,e10,c5,p32,l2,94.0
i06,e10,c5,p32,l3,13003.0
i06,e10,c5,p32,l4,1112.0
i06,e10,c5,p33,l1,2.0
i06,e10,c5,p33,l2,0.0
i06,e10,c5,p33,l3,171.0
i06,e10,c5,p33,l4,13.0
i06,e10,c5,p34,l1,0.0
i06,e10,c5,p34,l2,0.0
i06,e10,c5,p34,l3,0.0
i06,e10,c5,p34,l4,0.0
i06,e10,c5,p35,l1,85.0
i06,e10,c5,p35,l2,87.0
i06,e10,c5,p35,l3,49424.0
i06,e10,c5,p35,l4,2378.0
i06,e10,c8,p10,l3,0.0
i06,e10,c8,p12,l3,0.0
i06,e10,c8,p12,l4,0.0
i06,e10,c8,p13,l3,0.0
i06,e10,c8,p13,l4,0.0
i06,e10,c8,p14,l3,0.0
i06,e10,c8,p14,l4,0.0
i06,e10,c8,p17,l3,0.0
i06,e10,c8,p18,l3,0.0
i06,e10,c8,p19,l3,0.0
i06,e10,c8,p21,l3,0.0
i06,e10,c8,p35,l3,0.0
i06,e10,c8,p35,l4,0.0
i06,e11,c3,p01,l2,43.0
i06,e11,c3,p01,l3,0.0
i06,e11,c3,p02,l2,0.0
i06,e11,c3,p03,l2,0.0
i06,e11,c3,p03,l3,0.0
i06,e11,c3,p04,l2,1.0
i06,e11,c3,p04,l3,0.0
i06,e11,c3,p05,l1,0.0
i06,e11,c3,p05,l2,0.0
i06,e11,c3,p05,l3,0.0
i06,e11,c3,p06,l2,4.0
i06,e11,c3,p06,l3,0.0
i06,e11,c3,p07,l2,0.0
i06,e11,c3,p07,l3,0.0
i06,e11,c3,p08,l2,0.0
i06,e11,c3,p08,l3,0.0
i06,e11,c3,p09,l2,0.0
i06,e11,c3,p09,l3,0.0
i06,e11,c3,p10,l1,0.0
i06,e11,c3,p10,l2,1.0
i06,e11,c3,p10,l3,0.0
i06,e11,c3,p11,l2,1.0
i06,e11,c3,p11,l3,0.0
i06,e11,c3,p12,l1,0.0
i06,e11,c3,p12,l2,0.0
i06,e11,c3,p12,l3,0.0
i06,e11,c3,p13,l2,0.0
i06,e11,c3,p13,l3,0.0
i06,e11,c3,p14,l2,0.0
i06,e11,c3,p14,l3,0.0
i06,e11,c3,p15,l2,0.0
i06,e11,c3,p15,l3,0.0
i06,e11,c3,p16,l2,0.0
i06,e11,c3,p16,l3,0.0
i06,e11,c3,p17,l2,0.0
i06,e11,c3,p17,l3,0.0
i06,e11,c3,p18,l2,31.0
i06,e11,c3,p18,l3,0.0
i06,e11,c3,p19,l1,0.0
i06,e11,c3,p19,l2,23.0
i06,e11,c3,p19,l3,0.0
i06,e11,c3,p20,l2,0.0
i06,e11,c3,p21,l2,0.0
i06,e11,c3,p21,l3,0.0
i06,e11,c3,p22,l2,0.0
i06,e11,c3,p22,l3,0.0
i06,e11,c3,p23,l2,0.0
i06,e11,c3,p23,l3,0.0
i06,e11,c3,p24,l2,3.0
i06,e11,c3,p24,l3,0.0
i06,e11,c3,p25,l2,2.0
i06,e11,c3,p25,l3,0.0
i06,e11,c3,p26,l2,0.0
i06,e11,c3,p28,l2,0.0
i06,e11,c3,p29,l2,0.0
i06,e11,c3,p29,l3,0.0
i06,e11,c3,p30,l2,0.0
i06,e11,c3,p31,l2,0.0
i06,e11,c3,p32,l2,0.0
i06,e11,c3,p32,l3,0.0
i06,e11,c3,p33,l2,0.0
i06,e11,c3,p35,l1,0.0
i06,e11,c3,p35,l2,1.0
i06,e11,c3,p35,l3,0.0
i06,e11,c5,p01,l1,0.0
i06,e11,c5,p01,l2,294.0
i06,e11,c5,p01,l3,0.0
i06,e11,c5,p02,l1,0.0
i06,e11,c5,p02,l2,168.0
i06,e11,c5,p02,l3,0.0
i06,e11,c5,p03,l1,0.0
i06,e11,c5,p03,l2,297.0
i06,e11,c5,p03,l3,0.0
i06,e11,c5,p04,l1,0.0
i06,e11,c5,p04,l2,157.0
i06,e11,c5,p04,l3,0.0
i06,e11,c5,p05,l1,0.0
i06,e11,c5,p05,l2,227.0
i06,e11,c5,p05,l3,0.0
i06,e11,c5,p06,l1,0.0
i06,e11,c5,p06,l2,185.0
i06,e11,c5,p06,l3,0.0
i06,e11,c5,p07,l1,0.0
i06,e11,c5,p07,l2,167.0
i06,e11,c5,p07,l3,0.0
i06,e11,c5,p08,l1,0.0
i06,e11,c5,p08,l2,20.0
i06,e11,c5,p08,l3,0.0
i06,e11,c5,p09,l1,0.0
i06,e11,c5,p09,l2,139.0
i06,e11,c5,p09,l3,0.0
i06,e11,c5,p10,l1,0.0
i06,e11,c5,p10,l2,1067.0
i06,e11,c5,p10,l3,0.0
i06,e11,c5,p11,l1,0.0
i06,e11,c5,p11,l2,445.0
i06,e11,c5,p11,l3,0.0
i06,e11,c5,p12,l1,0.0
i06,e11,c5,p12,l2,174.0
i06,e11,c5,p12,l3,0.0
i06,e11,c5,p13,l1,0.0
i06,e11,c5,p13,l2,254.0
i06,e11,c5,p13,l3,0.0
i06,e11,c5,p14,l1,0.0
i06,e11,c5,p14,l2,144.0
i06,e11,c5,p14,l3,0.0
i06,e11,c5,p15,l1,0.0
i06,e11,c5,p15,l2,386.0
i06,e11,c5,p15,l3,0.0
i06,e11,c5,p16,l1,0.0
i06,e11,c5,p16,l2,301.0
i06,e11,c5,p16,l3,0.0
i06,e11,c5,p17,l1,0.0
i06,e11,c5,p17,l2,234.0
i06,e11,c5,p17,l3,0.0
i06,e11,c5,p18,l1,0.0
i06,e11,c5,p18,l2,150.0
i06,e11,c5,p18,l3,0.0
i06,e11,c5,p19,l1,0.0
i06,e11,c5,p19,l2,1319.0
i06,e11,c5,p19,l3,0.0
i06,e11,c5,p20,l1,0.0
i06,e11,c5,p20,l2,90.0
i06,e11,c5,p20,l3,0.0
i06,e11,c5,p21,l1,0.0
i06,e11,c5,p21,l2,452.0
i06,e11,c5,p21,l3,0.0
i06,e11,c5,p22,l1,0.0
i06,e11,c5,p22,l2,151.0
i06,e11,c5,p22,l3,0.0
i06,e11,c5,p23,l1,0.0
i06,e11,c5,p23,l2,119.0
i06,e11,c5,p23,l3,0.0
i06,e11,c5,p24,l1,0.0
i06,e11,c5,p24,l2,243.0
i06,e11,c5,p24,l3,0.0
i06,e11,c5,p25,l1,0.0
i06,e11,c5,p25,l2,144.0
i06,e11,c5,p25,l3,0.0
i06,e11,c5,p26,l1,0.0
i06,e11,c5,p26,l2,9.0
i06,e11,c5,p26,l3,0.0
i06,e11,c5,p27,l2,0.0
i06,e11,c5,p27,l3,0.0
i06,e11,c5,p28,l1,0.0
i06,e11,c5,p28,l2,41.0
i06,e11,c5,p28,l3,0.0
i06,e11,c5,p29,l1,0.0
i06,e11,c5,p29,l2,346.0
i06,e11,c5,p29,l3,0.0
i06,e11,c5,p30,l1,0.0
i06,e11,c5,p30,l2,2.0
i06,e11,c5,p30,l3,0.0
i06,e11,c5,p31,l1,0.0
i06,e11,c5,p31,l2,7.0
i06,e11,c5,p31,l3,0.0
i06,e11,c5,p32,l1,0.0
i06,e11,c5,p32,l2,172.0
i06,e11,c5,p32,l3,0.0
i06,e11,c5,p33,l2,0.0
i06,e11,c5,p33,l3,0.0
i06,e11,c5,p34,l2,0.0
i06,e11,c5,p35,l1,0.0
i06,e11,c5,p35,l2,1285.0
i06,e11,c5,p35,l3,0.0
i06,e11,c8,p13,l2,0.0
i06,e11,c8,p35,l2,0.0
i06,e12,c3,p01,l3,0.0
i06,e12,c3,p01,l4,0.0
i06,e12,c3,p02,l3,0.0
i06,e12,c3,p02,l4,0.0
i06,e12,c3,p03,l3,0.0
i06,e12,c3,p03,l4,0.0
i06,e12,c3,p04,l3,0.0
i06,e12,c3,p04,l4,0.0
i06,e12,c3,p05,l3,0.0
i06,e12,c3,p05,l4,0.0
i06,e12,c3,p06,l3,0.0
i06,e12,c3,p06,l4,0.0
i06,e12,c3,p07,l3,0.0
i06,e12,c3,p07,l4,0.0
i06,e12,c3,p08,l3,0.0
i06,e12,c3,p08,l4,0.0
i06,e12,c3,p09,l3,0.0
i06,e12,c3,p09,l4,0.0
i06,e12,c3,p10,l3,4.0
i06,e12,c3,p10,l4,0.0
i06,e12,c3,p11,l3,0.0
i06,e12,c3,p11,l4,0.0
i06,e12,c3,p12,l3,0.0
i06,e12,c3,p12,l4,0.0
i06,e12,c3,p13,l3,0.0
i06,e12,c3,p13,l4,0.0
i06,e12,c3,p14,l3,0.0
i06,e12,c3,p14,l4,0.0
i06,e12,c3,p15,l3,0.0
i06,e12,c3,p15,l4,0.0
i06,e12,c3,p16,l3,0.0
i06,e12,c3,p16,l4,0.0
i06,e12,c3,p17,l3,0.0
i06,e12,c3,p17,l4,0.0
i06,e12,c3,p18,l3,1.0
i06,e12,c3,p18,l4,0.0
i06,e12,c3,p19,l3,4.0
i06,e12,c3,p19,l4,0.0
i06,e12,c3,p20,l3,0.0
i06,e12,c3,p20,l4,0.0
i06,e12,c3,p21,l3,0.0
i06,e12,c3,p21,l4,0.0
i06,e12,c3,p22,l3,0.0
i06,e12,c3,p22,l4,0.0
i06,e12,c3,p23,l3,0.0
i06,e12,c3,p23,l4,0.0
i06,e12,c3,p24,l3,0.0
i06,e12,c3,p24,l4,0.0
i06,e12,c3,p25,l3,0.0
i06,e12,c3,p25,l4,0.0
i06,e12,c3,p26,l3,0.0
i06,e12,c3,p26,l4,0.0
i06,e12,c3,p27,l3,0.0
i06,e12,c3,p28,l3,0.0
i06,e12,c3,p28,l4,0.0
i06,e12,c3,p29,l3,0.0
i06,e12,c3,p29,l4,0.0
i06,e12,c3,p30,l3,0.0
i06,e12,c3,p30,l4,0.0
i06,e12,c3,p31,l3,0.0
i06,e12,c3,p31,l4,0.0
i06,e12,c3,p32,l3,0.0
i06,e12,c3,p32,l4,0.0
i06,e12,c3,p33,l3,0.0
i06,e12,c3,p33,l4,0.0
i06,e12,c3,p35,l3,0.0
i06,e12,c3,p35,l4,0.0
i06,e12,c5,p01,l3,48.0
i06,e12,c5,p01,l4,0.0
i06,e12,c5,p02,l3,34.0
i06,e12,c5,p02,l4,0.0
i06,e12,c5,p03,l3,43.0
i06,e12,c5,p03,l4,0.0
i06,e12,c5,p04,l3,53.0
i06,e12,c5,p04,l4,0.0
i06,e12,c5,p05,l3,131.0
i06,e12,c5,p05,l4,0.0
i06,e12,c5,p06,l3,36.0
i06,e12,c5,p06,l4,0.0
i06,e12,c5,p07,l3,79.0
i06,e12,c5,p07,l4,0.0
i06,e12,c5,p08,l3,24.0
i06,e12,c5,p08,l4,0.0
i06,e12,c5,p09,l3,10.0
i06,e12,c5,p09,l4,0.0
i06,e12,c5,p10,l3,270.0
i06,e12,c5,p10,l4,0.0
i06,e12,c5,p11,l3,166.0
i06,e12,c5,p11,l4,0.0
i06,e12,c5,p12,l3,40.0
i06,e12,c5,p12,l4,0.0
i06,e12,c5,p13,l3,76.0
i06,e12,c5,p13,l4,0.0
i06,e12,c5,p14,l3,51.0
i06,e12,c5,p14,l4,0.0
i06,e12,c5,p15,l3,118.0
i06,e12,c5,p15,l4,0.0
i06,e12,c5,p16,l3,112.0
i06,e12,c5,p16,l4,0.0
i06,e12,c5,p17,l3,84.0
i06,e12,c5,p17,l4,0.0
i06,e12,c5,p18,l3,66.0
i06,e12,c5,p18,l4,0.0
i06,e12,c5,p19,l3,425.0
i06,e12,c5,p19,l4,0.0
i06,e12,c5,p20,l3,16.0
i06,e12,c5,p20,l4,0.0
i06,e12,c5,p21,l3,112.0
i06,e12,c5,p21,l4,0.0
i06,e12,c5,p22,l3,24.0
i06,e12,c5,p22,l4,0.0
i06,e12,c5,p23,l3,40.0
i06,e12,c5,p23,l4,0.0
i06,e12,c5,p24,l3,64.0
i06,e12,c5,p24,l4,0.0
i06,e12,c5,p25,l3,9.0
i06,e12,c5,p25,l4,0.0
i06,e12,c5,p26,l3,0.0
i06,e12,c5,p26,l4,0.0
i06,e12,c5,p27,l3,0.0
i06,e12,c5,p27,l4,0.0
i06,e12,c5,p28,l3,20.0
i06,e12,c5,p28,l4,0.0
i06,e12,c5,p29,l3,41.0
i06,e12,c5,p29,l4,0.0
i06,e12,c5,p30,l3,0.0
i06,e12,c5,p30,l4,0.0
i06,e12,c5,p31,l3,4.0
i06,e12,c5,p31,l4,0.0
i06,e12,c5,p32,l3,49.0
i06,e12,c5,p32,l4,0.0
i06,e12,c5,p33,l3,13.0
i06,e12,c5,p33,l4,0.0
i06,e12,c5,p34,l3,0.0
i06,e12,c5,p34,l4,0.0
i06,e12,c5,p35,l3,139.0
i06,e12,c5,p35,l4,0.0
i06,e13,c3,p10,l3,0.0
i06,e13,c5,p01,l3,0.0
i06,e13,c5,p03,l3,0.0
i06,e13,c5,p10,l3,0.0
i06,e13,c5,p17,l3,0.0
i06,e13,c5,p35,l3,0.0
i07,e01,c3,p01,l3,0.0
i07,e01,c3,p03,l3,0.0
i07,e01,c3,p06,l3,0.0
i07,e01,c3,p10,l3,0.0
i07,e01,c3,p12,l3,0.0
i07,e01,c3,p13,l3,0.0
i07,e01,c3,p14,l3,0.0
i07,e01,c3,p15,l3,0.0
i07,e01,c3,p16,l3,0.0
i07,e01,c3,p17,l3,0.0
i07,e01,c3,p18,l3,0.0
i07,e01,c3,p19,l3,0.0
i07,e01,c3,p21,l3,0.0
i07,e01,c3,p24,l3,0.0
i07,e01,c3,p25,l3,0.0
i07,e01,c3,p28,l3,0.0
i07,e01,c3,p29,l3,0.0
i07,e01,c3,p35,l3,0.0
i07,e01,c5,p01,l3,0.0
i07,e01,c5,p02,l3,0.0
i07,e01,c5,p03,l3,0.0
i07,e01,c5,p04,l3,0.0
i07,e01,c5,p05,l3,0.0
i07,e01,c5,p06,l3,1.0
i07,e01,c5,p07,l3,0.0
i07,e01,c5,p08,l3,0.0
i07,e01,c5,p09,l3,0.0
i07,e01,c5,p10,l3,0.0
i07,e01,c5,p11,l3,0.0
i07,e01,c5,p12,l3,0.0
i07,e01,c5,p13,l3,0.0
i07,e01,c5,p14,l3,0.0
i07,e01,c5,p15,l3,0.0
i07,e01,c5,p16,l3,0.0
i07,e01,c5,p17,l3,0.0
i07,e01,c5,p18,l3,0.0
i07,e01,c5,p19,l3,0.0
i07,e01,c5,p20,l3,0.0
i07,e01,c5,p21,l3,1.0
i07,e01,c5,p22,l3,0.0
i07,e01,c5,p23,l3,0.0
i07,e01,c5,p24,l3,0.0
i07,e01,c5,p25,l3,0.0
i07,e01,c5,p26,l3,0.0
i07,e01,c5,p28,l3,0.0
i07,e01,c5,p29,l3,0.0
i07,e01,c5,p30,l3,0.0
i07,e01,c5,p31,l3,0.0
i07,e01,c5,p32,l3,1.0
i07,e01,c5,p33,l3,0.0
i07,e01,c5,p35,l3,9.0
i07,e02,c3,p10,l3,0.0
i07,e02,c3,p15,l3,0.0
i07,e02,c3,p19,l1,0.0
i07,e02,c3,p19,l3,0.0
i07,e02,c3,p35,l3,0.0
i07,e02,c5,p01,l1,0.0
i07,e02,c5,p01,l3,0.0
i07,e02,c5,p02,l1,0.0
i07,e02,c5,p02,l3,0.0
i07,e02,c5,p03,l1,0.0
i07,e02,c5,p03,l3,0.0
i07,e02,c5,p04,l1,0.0
i07,e02,c5,p04,l3,0.0
i07,e02,c5,p05,l1,0.0
i07,e02,c5,p05,l3,0.0
i07,e02,c5,p06,l1,0.0
i07,e02,c5,p06,l3,0.0
i07,e02,c5,p07,l1,0.0
i07,e02,c5,p07,l3,0.0
i07,e02,c5,p08,l1,0.0
i07,e02,c5,p08,l3,0.0
i07,e02,c5,p09,l3,0.0
i07,e02,c5,p10,l1,0.0
i07,e02,c5,p10,l3,0.0
i07,e02,c5,p11,l1,0.0
i07,e02,c5,p11,l3,0.0
i07,e02,c5,p12,l1,0.0
i07,e02,c5,p12,l3,0.0
i07,e02,c5,p13,l1,0.0
i07,e02,c5,p13,l3,0.0
i07,e02,c5,p14,l3,0.0
i07,e02,c5,p15,l1,0.0
i07,e02,c5,p15,l3,0.0
i07,e02,c5,p16,l1,0.0
i07,e02,c5,p16,l3,0.0
i07,e02,c5,p17,l1,0.0
i07,e02,c5,p17,l3,0.0
i07,e02,c5,p18,l1,0.0
i07,e02,c5,p18,l3,0.0
i07,e02,c5,p19,l1,0.0
i07,e02,c5,p19,l3,0.0
i07,e02,c5,p20,l3,0.0
i07,e02,c5,p21,l1,0.0
i07,e02,c5,p21,l3,0.0
i07,e02,c5,p22,l1,0.0
i07,e02,c5,p22,l3,0.0
i07,e02,c5,p23,l1,0.0
i07,e02,c5,p23,l3,0.0
i07,e02,c5,p24,l1,0.0
i07,e02,c5,p24,l3,0.0
i07,e02,c5,p25,l3,0.0
i07,e02,c5,p28,l3,0.0
i07,e02,c5,p29,l1,0.0
i07,e02,c5,p29,l3,0.0
i07,e02,c5,p31,l1,0.0
i07,e02,c5,p31,l3,0.0
i07,e02,c5,p32,l3,0.0
i07,e02,c5,p35,l1,0.0
i07,e02,c5,p35,l3,0.0
i07,e03,c3,p19,l3,0.0
i07,e03,c3,p25,l3,0.0
i07,e03,c3,p35,l3,0.0
i07,e03,c5,p01,l3,0.0
i07,e03,c5,p02,l3,0.0
i07,e03,c5,p03,l3,0.0
i07,e03,c5,p04,l3,0.0
i07,e03,c5,p05,l3,0.0
i07,e03,c5,p06,l3,0.0
i07,e03,c5,p07,l3,0.0
i07,e03,c5,p08,l3,0.0
i07,e03,c5,p09,l3,0.0
i07,e03,c5,p10,l3,0.0
i07,e03,c5,p11,l3,0.0
i07,e03,c5,p12,l3,0.0
i07,e03,c5,p13,l3,0.0
i07,e03,c5,p14,l3,0.0
i07,e03,c5,p15,l3,0.0
i07,e03,c5,p16,l3,0.0
i07,e03,c5,p17,l3,0.0
i07,e03,c5,p18,l3,0.0
i07,e03,c5,p19,l3,0.0
i07,e03,c5,p20,l3,0.0
i07,e03,c5,p21,l3,0.0
i07,e03,c5,p22,l3,0.0
i07,e03,c5,p23,l3,0.0
i07,e03,c5,p24,l3,0.0
i07,e03,c5,p25,l3,0.0
i07,e03,c5,p26,l3,0.0
i07,e03,c5,p28,l3,0.0
i07,e03,c5,p29,l3,0.0
i07,e03,c5,p31,l3,0.0
i07,e03,c5,p32,l3,0.0
i07,e03,c5,p35,l3,0.0
i07,e04,c3,p01,l1,0.0
i07,e04,c3,p01,l3,0.0
i07,e04,c3,p03,l3,0.0
i07,e04,c3,p05,l3,0.0
i07,e04,c3,p06,l1,0.0
i07,e04,c3,p07,l3,0.0
i07,e04,c3,p09,l3,0.0
i07,e04,c3,p10,l3,0.0
i07,e04,c3,p11,l3,0.0
i07,e04,c3,p12,l1,0.0
i07,e04,c3,p12,l3,0.0
i07,e04,c3,p14,l3,0.0
i07,e04,c3,p15,l3,0.0
i07,e04,c3,p16,l1,0.0
i07,e04,c3,p16,l3,0.0
i07,e04,c3,p17,l1,0.0
i07,e04,c3,p17,l3,0.0
i07,e04,c3,p18,l3,0.0
i07,e04,c3,p19,l1,0.0
i07,e04,c3,p19,l3,0.0
i07,e04,c3,p21,l3,0.0
i07,e04,c3,p24,l1,0.0
i07,e04,c3,p24,l3,0.0
i07,e04,c3,p25,l3,0.0
i07,e04,c3,p28,l3,0.0
i07,e04,c3,p29,l3,0.0
i07,e04,c3,p35,l3,0.0
i07,e04,c5,p01,l1,0.0
i07,e04,c5,p01,l3,0.0
i07,e04,c5,p02,l1,0.0
i07,e04,c5,p02,l3,0.0
i07,e04,c5,p03,l1,0.0
i07,e04,c5,p03,l3,0.0
i07,e04,c5,p04,l1,0.0
i07,e04,c5,p04,l3,0.0
i07,e04,c5,p05,l1,0.0
i07,e04,c5,p05,l3,0.0
i07,e04,c5,p06,l1,0.0
i07,e04,c5,p06,l3,0.0
i07,e04,c5,p07,l1,0.0
i07,e04,c5,p07,l3,0.0
i07,e04,c5,p08,l1,0.0
i07,e04,c5,p08,l3,0.0
i07,e04,c5,p09,l1,0.0
i07,e04,c5,p09,l3,0.0
i07,e04,c5,p10,l1,0.0
i07,e04,c5,p10,l3,0.0
i07,e04,c5,p11,l1,0.0
i07,e04,c5,p11,l3,4.0
i07,e04,c5,p12,l1,0.0
i07,e04,c5,p12,l3,0.0
i07,e04,c5,p13,l1,0.0
i07,e04,c5,p13,l3,0.0
i07,e04,c5,p14,l1,0.0
i07,e04,c5,p14,l3,0.0
i07,e04,c5,p15,l1,0.0
i07,e04,c5,p15,l3,0.0
i07,e04,c5,p16,l1,0.0
i07,e04,c5,p16,l3,0.0
i07,e04,c5,p17,l1,0.0
i07,e04,c5,p17,l3,4.0
i07,e04,c5,p18,l1,0.0
i07,e04,c5,p18,l3,0.0
i07,e04,c5,p19,l1,0.0
i07,e04,c5,p19,l3,3.0
i07,e04,c5,p20,l1,0.0
i07,e04,c5,p20,l3,0.0
i07,e04,c5,p21,l1,0.0
i07,e04,c5,p21,l3,0.0
i07,e04,c5,p22,l1,0.0
i07,e04,c5,p22,l3,0.0
i07,e04,c5,p23,l1,0.0
i07,e04,c5,p23,l3,0.0
i07,e04,c5,p24,l1,0.0
i07,e04,c5,p24,l3,1.0
i07,e04,c5,p25,l1,0.0
i07,e04,c5,p25,l3,0.0
i07,e04,c5,p26,l1,0.0
i07,e04,c5,p26,l3,0.0
i07,e04,c5,p28,l1,0.0
i07,e04,c5,p28,l3,2.0
i07,e04,c5,p29,l1,0.0
i07,e04,c5,p29,l3,0.0
i07,e04,c5,p30,l1,0.0
i07,e04,c5,p30,l3,0.0
i07,e04,c5,p31,l1,0.0
i07,e04,c5,p31,l3,0.0
i07,e04,c5,p32,l1,0.0
i07,e04,c5,p32,l3,0.0
i07,e04,c5,p33,l3,0.0
i07,e04,c5,p35,l1,0.0
i07,e04,c5,p35,l3,8.0
i07,e05,c3,p06,l3,0.0
i07,e05,c3,p12,l3,0.0
i07,e05,c3,p19,l3,0.0
i07,e05,c3,p35,l3,0.0
i07,e05,c5,p01,l1,0.0
i07,e05,c5,p01,l3,0.0
i07,e05,c5,p02,l1,0.0
i07,e05,c5,p02,l3,0.0
i07,e05,c5,p03,l1,0.0
i07,e05,c5,p03,l3,0.0
i07,e05,c5,p04,l1,0.0
i07,e05,c5,p04,l3,0.0
i07,e05,c5,p05,l1,0.0
i07,e05,c5,p05,l3,0.0
i07,e05,c5,p06,l1,0.0
i07,e05,c5,p06,l3,0.0
i07,e05,c5,p07,l1,0.0
i07,e05,c5,p07,l3,0.0
i07,e05,c5,p08,l3,0.0
i07,e05,c5,p09,l1,0.0
i07,e05,c5,p09,l3,0.0
i07,e05,c5,p10,l1,0.0
i07,e05,c5,p10,l3,0.0
i07,e05,c5,p11,l1,0.0
i07,e05,c5,p11,l3,0.0
i07,e05,c5,p12,l1,0.0
i07,e05,c5,p12,l3,0.0
i07,e05,c5,p13,l1,0.0
i07,e05,c5,p13,l3,0.0
i07,e05,c5,p14,l1,0.0
i07,e05,c5,p14,l3,0.0
i07,e05,c5,p15,l1,0.0
i07,e05,c5,p15,l3,0.0
i07,e05,c5,p16,l1,0.0
i07,e05,c5,p16,l3,0.0
i07,e05,c5,p17,l3,0.0
i07,e05,c5,p18,l1,0.0
i07,e05,c5,p18,l3,0.0
i07,e05,c5,p19,l1,0.0
i07,e05,c5,p19,l3,0.0
i07,e05,c5,p20,l3,0.0
i07,e05,c5,p21,l1,0.0
i07,e05,c5,p21,l3,0.0
i07,e05,c5,p22,l3,0.0
i07,e05,c5,p23,l1,0.0
i07,e05,c5,p23,l3,0.0
i07,e05,c5,p24,l1,0.0
i07,e05,c5,p24,l3,0.0
i07,e05,c5,p25,l1,0.0
i07,e05,c5,p25,l3,0.0
i07,e05,c5,p26,l3,0.0
i07,e05,c5,p28,l1,0.0
i07,e05,c5,p28,l3,0.0
i07,e05,c5,p29,l1,0.0
i07,e05,c5,p29,l3,0.0
i07,e05,c5,p31,l1,0.0
i07,e05,c5,p31,l3,0.0
i07,e05,c5,p32,l1,0.0
i07,e05,c5,p32,l3,0.0
i07,e05,c5,p35,l1,0.0
i07,e05,c5,p35,l3,0.0
i07,e07,c3,p04,l3,0.0
i07,e07,c3,p10,l3,0.0
i07,e07,c3,p35,l3,0.0
i07,e07,c5,p01,l3,0.0
i07,e07,c5,p02,l3,0.0
i07,e07,c5,p03,l2,0.0
i07,e07,c5,p03,l3,0.0
i07,e07,c5,p04,l2,0.0
i07,e07,c5,p04,l3,0.0
i07,e07,c5,p05,l2,0.0
i07,e07,c5,p05,l3,0.0
i07,e07,c5,p06,l3,0.0
i07,e07,c5,p07,l2,0.0
i07,e07,c5,p07,l3,0.0
i07,e07,c5,p08,l2,0.0
i07,e07,c5,p08,l3,0.0
i07,e07,c5,p09,l3,0.0
i07,e07,c5,p10,l2,0.0
i07,e07,c5,p10,l3,0.0
i07,e07,c5,p11,l2,0.0
i07,e07,c5,p11,l3,0.0
i07,e07,c5,p12,l3,0.0
i07,e07,c5,p13,l2,0.0
i07,e07,c5,p13,l3,0.0
i07,e07,c5,p14,l3,0.0
i07,e07,c5,p15,l2,0.0
i07,e07,c5,p15,l3,0.0
i07,e07,c5,p16,l3,0.0
i07,e07,c5,p17,l3,0.0
i07,e07,c5,p18,l3,0.0
i07,e07,c5,p19,l3,0.0
i07,e07,c5,p20,l3,0.0
i07,e07,c5,p21,l2,0.0
i07,e07,c5,p21,l3,0.0
i07,e07,c5,p22,l3,0.0
i07,e07,c5,p23,l3,0.0
i07,e07,c5,p24,l3,0.0
i07,e07,c5,p25,l3,0.0
i07,e07,c5,p26,l3,0.0
i07,e07,c5,p28,l2,0.0
i07,e07,c5,p28,l3,0.0
i07,e07,c5,p29,l3,0.0
i07,e07,c5,p31,l3,0.0
i07,e07,c5,p32,l3,0.0
i07,e07,c5,p35,l3,0.0
i07,e08,c3,p01,l2,0.0
i07,e08,c3,p01,l3,0.0
i07,e08,c3,p02,l2,0.0
i07,e08,c3,p02,l3,0.0
i07,e08,c3,p03,l3,0.0
i07,e08,c3,p05,l3,0.0
i07,e08,c3,p06,l2,0.0
i07,e08,c3,p06,l3,0.0
i07,e08,c3,p07,l2,0.0
i07,e08,c3,p07,l3,0.0
i07,e08,c3,p09,l3,0.0
i07,e08,c3,p10,l2,0.0
i07,e08,c3,p10,l3,0.0
i07,e08,c3,p11,l2,0.0
i07,e08,c3,p11,l3,0.0
i07,e08,c3,p12,l2,0.0
i07,e08,c3,p12,l3,0.0
i07,e08,c3,p13,l2,0.0
i07,e08,c3,p13,l3,0.0
i07,e08,c3,p14,l3,0.0
i07,e08,c3,p15,l3,0.0
i07,e08,c3,p16,l2,0.0
i07,e08,c3,p16,l3,0.0
i07,e08,c3,p17,l2,0.0
i07,e08,c3,p17,l3,0.0
i07,e08,c3,p18,l2,0.0
i07,e08,c3,p18,l3,0.0
i07,e08,c3,p19,l2,0.0
i07,e08,c3,p19,l3,0.0
i07,e08,c3,p21,l2,0.0
i07,e08,c3,p21,l3,0.0
i07,e08,c3,p22,l3,0.0
i07,e08,c3,p24,l2,0.0
i07,e08,c3,p24,l3,0.0
i07,e08,c3,p25,l3,0.0
i07,e08,c3,p28,l3,0.0
i07,e08,c3,p35,l2,0.0
i07,e08,c3,p35,l3,0.0
i07,e08,c5,p01,l2,0.0
i07,e08,c5,p01,l3,0.0
i07,e08,c5,p02,l2,0.0
i07,e08,c5,p02,l3,0.0
i07,e08,c5,p03,l2,0.0
i07,e08,c5,p03,l3,0.0
i07,e08,c5,p04,l2,0.0
i07,e08,c5,p04,l3,0.0
i07,e08,c5,p05,l2,0.0
i07,e08,c5,p05,l3,0.0
i07,e08,c5,p06,l2,0.0
i07,e08,c5,p06,l3,0.0
i07,e08,c5,p07,l2,0.0
i07,e08,c5,p07,l3,0.0
i07,e08,c5,p08,l2,0.0
i07,e08,c5,p08,l3,0.0
i07,e08,c5,p09,l2,0.0
i07,e08,c5,p09,l3,0.0
i07,e08,c5,p10,l2,0.0
i07,e08,c5,p10,l3,3.0
i07,e08,c5,p11,l2,0.0
i07,e08,c5,p11,l3,0.0
i07,e08,c5,p12,l2,0.0
i07,e08,c5,p12,l3,13.0
i07,e08,c5,p13,l2,0.0
i07,e08,c5,p13,l3,2.0
i07,e08,c5,p14,l2,0.0
i07,e08,c5,p14,l3,0.0
i07,e08,c5,p15,l2,0.0
i07,e08,c5,p15,l3,0.0
i07,e08,c5,p16,l2,0.0
i07,e08,c5,p16,l3,0.0
i07,e08,c5,p17,l2,0.0
i07,e08,c5,p17,l3,9.0
i07,e08,c5,p18,l2,0.0
i07,e08,c5,p18,l3,0.0
i07,e08,c5,p19,l2,0.0
i07,e08,c5,p19,l3,2.0
i07,e08,c5,p20,l2,0.0
i07,e08,c5,p20,l3,0.0
i07,e08,c5,p21,l2,0.0
i07,e08,c5,p21,l3,0.0
i07,e08,c5,p22,l2,0.0
i07,e08,c5,p22,l3,0.0
i07,e08,c5,p23,l2,0.0
i07,e08,c5,p23,l3,0.0
i07,e08,c5,p24,l2,0.0
i07,e08,c5,p24,l3,0.0
i07,e08,c5,p25,l2,0.0
i07,e08,c5,p25,l3,0.0
i07,e08,c5,p26,l2,0.0
i07,e08,c5,p26,l3,0.0
i07,e08,c5,p28,l2,0.0
i07,e08,c5,p28,l3,0.0
i07,e08,c5,p29,l2,0.0
i07,e08,c5,p29,l3,0.0
i07,e08,c5,p30,l3,0.0
i07,e08,c5,p31,l2,0.0
i07,e08,c5,p31,l3,0.0
i07,e08,c5,p32,l2,0.0
i07,e08,c5,p32,l3,0.0
i07,e08,c5,p33,l2,0.0
i07,e08,c5,p33,l3,0.0
i07,e08,c5,p35,l2,0.0
i07,e08,c5,p35,l3,15.0
i07,e09,c3,p01,l3,0.0
i07,e09,c3,p03,l3,0.0
i07,e09,c3,p05,l3,0.0
i07,e09,c3,p07,l3,0.0
i07,e09,c3,p09,l3,0.0
i07,e09,c3,p10,l3,0.0
i07,e09,c3,p11,l3,0.0
i07,e09,c3,p12,l2,0.0
i07,e09,c3,p12,l3,0.0
i07,e09,c3,p13,l3,0.0
i07,e09,c3,p14,l3,0.0
i07,e09,c3,p15,l2,0.0
i07,e09,c3,p17,l3,0.0
i07,e09,c3,p19,l2,0.0
i07,e09,c3,p19,l3,0.0
i07,e09,c3,p21,l3,0.0
i07,e09,c3,p24,l3,0.0
i07,e09,c3,p25,l3,0.0
i07,e09,c3,p35,l3,0.0
i07,e09,c5,p01,l2,0.0
i07,e09,c5,p01,l3,0.0
i07,e09,c5,p02,l2,0.0
i07,e09,c5,p02,l3,0.0
i07,e09,c5,p03,l2,0.0
i07,e09,c5,p03,l3,0.0
i07,e09,c5,p04,l2,0.0
i07,e09,c5,p04,l3,0.0
i07,e09,c5,p05,l2,0.0
i07,e09,c5,p05,l3,0.0
i07,e09,c5,p06,l2,0.0
i07,e09,c5,p06,l3,0.0
i07,e09,c5,p07,l2,0.0
i07,e09,c5,p07,l3,0.0
i07,e09,c5,p08,l2,0.0
i07,e09,c5,p08,l3,0.0
i07,e09,c5,p09,l2,0.0
i07,e09,c5,p09,l3,0.0
i07,e09,c5,p10,l2,0.0
i07,e09,c5,p10,l3,0.0
i07,e09,c5,p11,l2,0.0
i07,e09,c5,p11,l3,0.0
i07,e09,c5,p12,l2,0.0
i07,e09,c5,p12,l3,0.0
i07,e09,c5,p13,l2,0.0
i07,e09,c5,p13,l3,0.0
i07,e09,c5,p14,l2,0.0
i07,e09,c5,p14,l3,0.0
i07,e09,c5,p15,l2,0.0
i07,e09,c5,p15,l3,0.0
i07,e09,c5,p16,l2,0.0
i07,e09,c5,p16,l3,0.0
i07,e09,c5,p17,l2,0.0
i07,e09,c5,p17,l3,0.0
i07,e09,c5,p18,l2,0.0
i07,e09,c5,p18,l3,0.0
i07,e09,c5,p19,l2,0.0
i07,e09,c5,p19,l3,0.0
i07,e09,c5,p20,l2,0.0
i07,e09,c5,p20,l3,0.0
i07,e09,c5,p21,l2,0.0
i07,e09,c5,p21,l3,0.0
i07,e09,c5,p22,l2,0.0
i07,e09,c5,p22,l3,0.0
i07,e09,c5,p23,l2,0.0
i07,e09,c5,p23,l3,0.0
i07,e09,c5,p24,l2,0.0
i07,e09,c5,p24,l3,0.0
i07,e09,c5,p25,l2,0.0
i07,e09,c5,p25,l3,0.0
i07,e09,c5,p26,l2,0.0
i07,e09,c5,p26,l3,0.0
i07,e09,c5,p28,l2,0.0
i07,e09,c5,p28,l3,0.0
i07,e09,c5,p29,l2,0.0
i07,e09,c5,p29,l3,0.0
i07,e09,c5,p30,l3,0.0
i07,e09,c5,p31,l2,0.0
i07,e09,c5,p31,l3,0.0
i07,e09,c5,p32,l2,0.0
i07,e09,c5,p32,l3,0.0
i07,e09,c5,p33,l3,0.0
i07,e09,c5,p35,l2,0.0
i07,e09,c5,p35,l3,8.0
i07,e10,c3,p01,l3,0.0
i07,e10,c3,p06,l3,0.0
i07,e10,c3,p10,l3,0.0
i07,e10,c3,p11,l3,0.0
i07,e10,c3,p12,l3,0.0
i07,e10,c3,p19,l3,0.0
i07,e10,c5,p01,l3,0.0
i07,e10,c5,p02,l3,0.0
i07,e10,c5,p03,l3,0.0
i07,e10,c5,p04,l3,0.0
i07,e10,c5,p05,l3,0.0
i07,e10,c5,p06,l3,0.0
i07,e10,c5,p07,l3,0.0
i07,e10,c5,p08,l3,0.0
i07,e10,c5,p09,l3,0.0
i07,e10,c5,p10,l3,0.0
i07,e10,c5,p11,l3,0.0
i07,e10,c5,p12,l3,0.0
i07,e10,c5,p13,l3,0.0
i07,e10,c5,p14,l3,0.0
i07,e10,c5,p15,l3,0.0
i07,e10,c5,p16,l3,0.0
i07,e10,c5,p17,l3,0.0
i07,e10,c5,p18,l3,0.0
i07,e10,c5,p19,l3,0.0
i07,e10,c5,p20,l3,0.0
i07,e10,c5,p21,l3,0.0
i07,e10,c5,p22,l3,0.0
i07,e10,c5,p23,l3,0.0
i07,e10,c5,p24,l3,0.0
i07,e10,c5,p25,l3,0.0
i07,e10,c5,p26,l3,0.0
i07,e10,c5,p28,l3,0.0
i07,e10,c5,p29,l3,0.0
i07,e10,c5,p31,l3,0.0
i07,e10,c5,p32,l3,0.0
i07,e10,c5,p35,l3,0.0
i07,e11,c3,p05,l3,0.0
i07,e11,c3,p07,l2,0.0
i07,e11,c3,p10,l3,0.0
i07,e11,c3,p11,l2,0.0
i07,e11,c3,p11,l3,0.0
i07,e11,c3,p14,l3,0.0
i07,e11,c3,p15,l3,0.0
i07,e11,c3,p19,l3,0.0
i07,e11,c3,p21,l3,0.0
i07,e11,c3,p24,l3,0.0
i07,e11,c3,p28,l3,0.0
i07,e11,c3,p35,l2,0.0
i07,e11,c3,p35,l3,0.0
i07,e11,c5,p01,l2,0.0
i07,e11,c5,p01,l3,0.0
i07,e11,c5,p02,l2,0.0
i07,e11,c5,p02,l3,0.0
i07,e11,c5,p03,l2,0.0
i07,e11,c5,p03,l3,0.0
i07,e11,c5,p04,l2,0.0
i07,e11,c5,p04,l3,0.0
i07,e11,c5,p05,l2,0.0
i07,e11,c5,p05,l3,0.0
i07,e11,c5,p06,l2,0.0
i07,e11,c5,p06,l3,0.0
i07,e11,c5,p07,l2,0.0
i07,e11,c5,p07,l3,0.0
i07,e11,c5,p08,l2,0.0
i07,e11,c5,p08,l3,0.0
i07,e11,c5,p09,l2,0.0
i07,e11,c5,p09,l3,0.0
i07,e11,c5,p10,l2,0.0
i07,e11,c5,p10,l3,0.0
i07,e11,c5,p11,l2,0.0
i07,e11,c5,p11,l3,0.0
i07,e11,c5,p12,l2,0.0
i07,e11,c5,p12,l3,0.0
i07,e11,c5,p13,l2,0.0
i07,e11,c5,p13,l3,0.0
i07,e11,c5,p14,l2,0.0
i07,e11,c5,p14,l3,0.0
i07,e11,c5,p15,l2,0.0
i07,e11,c5,p15,l3,0.0
i07,e11,c5,p16,l2,0.0
i07,e11,c5,p16,l3,0.0
i07,e11,c5,p17,l2,0.0
i07,e11,c5,p17,l3,0.0
i07,e11,c5,p18,l2,0.0
i07,e11,c5,p18,l3,0.0
i07,e11,c5,p19,l2,0.0
i07,e11,c5,p19,l3,0.0
i07,e11,c5,p20,l2,0.0
i07,e11,c5,p20,l3,0.0
i07,e11,c5,p21,l2,0.0
i07,e11,c5,p21,l3,0.0
i07,e11,c5,p22,l2,0.0
i07,e11,c5,p22,l3,0.0
i07,e11,c5,p23,l2,0.0
i07,e11,c5,p23,l3,0.0
i07,e11,c5,p24,l2,0.0
i07,e11,c5,p24,l3,0.0
i07,e11,c5,p25,l2,0.0
i07,e11,c5,p25,l3,0.0
i07,e11,c5,p26,l3,0.0
i07,e11,c5,p28,l2,0.0
i07,e11,c5,p28,l3,0.0
i07,e11,c5,p29,l2,0.0
i07,e11,c5,p29,l3,0.0
i07,e11,c5,p30,l3,0.0
i07,e11,c5,p31,l2,0.0
i07,e11,c5,p31,l3,0.0
i07,e11,c5,p32,l2,0.0
i07,e11,c5,p32,l3,0.0
i07,e11,c5,p35,l2,0.0
i07,e11,c5,p35,l3,13.0
i07,e12,c3,p01,l3,0.0
i07,e12,c3,p02,l3,0.0
i07,e12,c3,p03,l3,0.0
i07,e12,c3,p04,l3,0.0
i07,e12,c3,p05,l3,0.0
i07,e12,c3,p06,l3,0.0
i07,e12,c3,p07,l3,0.0
i07,e12,c3,p09,l3,0.0
i07,e12,c3,p10,l3,0.0
i07,e12,c3,p11,l3,0.0
i07,e12,c3,p12,l3,0.0
i07,e12,c3,p13,l3,0.0
i07,e12,c3,p14,l3,0.0
i07,e12,c3,p15,l3,0.0
i07,e12,c3,p16,l3,0.0
i07,e12,c3,p17,l3,0.0
i07,e12,c3,p18,l3,0.0
i07,e12,c3,p19,l3,0.0
i07,e12,c3,p21,l3,0.0
i07,e12,c3,p24,l3,0.0
i07,e12,c3,p25,l3,0.0
i07,e12,c3,p28,l3,0.0
i07,e12,c3,p35,l3,0.0
i07,e12,c5,p01,l3,0.0
i07,e12,c5,p02,l3,0.0
i07,e12,c5,p03,l3,0.0
i07,e12,c5,p04,l3,0.0
i07,e12,c5,p05,l3,1.0
i07,e12,c5,p06,l3,3.0
i07,e12,c5,p07,l3,0.0
i07,e12,c5,p08,l3,0.0
i07,e12,c5,p09,l3,0.0
i07,e12,c5,p10,l3,7.0
i07,e12,c5,p11,l3,0.0
i07,e12,c5,p12,l3,4.0
i07,e12,c5,p13,l3,2.0
i07,e12,c5,p14,l3,1.0
i07,e12,c5,p15,l3,2.0
i07,e12,c5,p16,l3,0.0
i07,e12,c5,p17,l3,0.0
i07,e12,c5,p18,l3,2.0
i07,e12,c5,p19,l3,4.0
i07,e12,c5,p20,l3,0.0
i07,e12,c5,p21,l3,0.0
i07,e12,c5,p22,l3,0.0
i07,e12,c5,p23,l3,0.0
i07,e12,c5,p24,l3,0.0
i07,e12,c5,p25,l3,0.0
i07,e12,c5,p26,l3,0.0
i07,e12,c5,p28,l3,0.0
i07,e12,c5,p29,l3,1.0
i07,e12,c5,p30,l3,0.0
i07,e12,c5,p31,l3,0.0
i07,e12,c5,p32,l3,4.0
i07,e12,c5,p33,l3,0.0
i07,e12,c5,p35,l3,15.0
i08,e01,c1,p01,l3,0.0
i08,e01,c1,p03,l3,0.0
i08,e01,c1,p04,l3,0.0
i08,e01,c1,p10,l3,0.0
i08,e01,c1,p12,l3,0.0
i08,e01,c1,p19,l3,0.0
i08,e01,c1,p35,l3,0.0
i08,e04,c1,p01,l3,0.0
i08,e04,c1,p03,l3,0.0
i08,e04,c1,p04,l3,0.0
i08,e04,c1,p10,l3,0.0
i08,e04,c1,p12,l3,0.0
i08,e04,c1,p21,l3,0.0
i08,e04,c1,p35,l3,0.0
i08,e07,c1,p10,l3,0.0
i08,e08,c1,p01,l3,0.0
i08,e08,c1,p03,l3,0.0
i08,e08,c1,p04,l3,0.0
i08,e08,c1,p10,l3,0.0
i08,e08,c1,p12,l3,0.0
i08,e08,c1,p35,l3,0.0
i08,e09,c1,p01,l3,0.0
i08,e09,c1,p03,l3,0.0
i08,e09,c1,p04,l3,0.0
i08,e09,c1,p10,l3,0.0
i08,e09,c1,p12,l3,0.0
i08,e09,c1,p19,l3,0.0
i08,e09,c1,p35,l3,0.0
i08,e11,c1,p01,l3,0.0
i08,e11,c1,p03,l3,0.0
i08,e11,c1,p10,l3,0.0
i08,e11,c1,p35,l3,0.0
i08,e12,c1,p10,l3,0.0
i09,e01,c3,p01,l3,0.0
i09,e01,c3,p02,l3,0.0
i09,e01,c3,p03,l3,0.0
i09,e01,c3,p05,l3,0.0
i09,e01,c3,p06,l3,0.0
i09,e01,c3,p08,l3,0.0
i09,e01,c3,p10,l3,0.0
i09,e01,c3,p11,l3,0.0
i09,e01,c3,p12,l3,0.0
i09,e01,c3,p13,l3,0.0
i09,e01,c3,p14,l3,0.0
i09,e01,c3,p15,l3,0.0
i09,e01,c3,p16,l3,0.0
i09,e01,c3,p17,l3,0.0
i09,e01,c3,p18,l3,0.0
i09,e01,c3,p19,l3,0.0
i09,e01,c3,p21,l3,0.0
i09,e01,c3,p22,l3,0.0
i09,e01,c3,p23,l3,0.0
i09,e01,c3,p24,l3,0.0
i09,e01,c3,p25,l3,0.0
i09,e01,c3,p29,l3,0.0
i09,e01,c3,p32,l3,0.0
i09,e01,c3,p35,l3,0.0
i09,e01,c5,p01,l3,0.0
i09,e01,c5,p02,l3,0.0
i09,e01,c5,p03,l3,0.0
i09,e01,c5,p04,l3,0.0
i09,e01,c5,p05,l3,0.0
i09,e01,c5,p06,l3,0.0
i09,e01,c5,p07,l3,0.0
i09,e01,c5,p08,l3,0.0
i09,e01,c5,p09,l3,0.0
i09,e01,c5,p10,l3,0.0
i09,e01,c5,p11,l3,0.0
i09,e01,c5,p12,l3,0.0
i09,e01,c5,p13,l3,0.0
i09,e01,c5,p14,l3,0.0
i09,e01,c5,p15,l3,0.0
i09,e01,c5,p16,l3,0.0
i09,e01,c5,p17,l3,0.0
i09,e01,c5,p18,l3,0.0
i09,e01,c5,p19,l3,0.0
i09,e01,c5,p20,l3,0.0
i09,e01,c5,p21,l3,0.0
i09,e01,c5,p22,l3,0.0
i09,e01,c5,p23,l3,0.0
i09,e01,c5,p24,l3,0.0
i09,e01,c5,p25,l3,0.0
i09,e01,c5,p26,l3,0.0
i09,e01,c5,p28,l3,2.0
i09,e01,c5,p29,l3,0.0
i09,e01,c5,p30,l3,0.0
i09,e01,c5,p31,l3,0.0
i09,e01,c5,p32,l3,0.0
i09,e01,c5,p35,l3,0.0
i09,e04,c3,p01,l3,0.0
i09,e04,c3,p02,l3,0.0
i09,e04,c3,p03,l3,0.0
i09,e04,c3,p05,l1,0.0
i09,e04,c3,p05,l3,0.0
i09,e04,c3,p06,l3,0.0
i09,e04,c3,p08,l1,0.0
i09,e04,c3,p08,l3,0.0
i09,e04,c3,p10,l1,0.0
i09,e04,c3,p10,l3,0.0
i09,e04,c3,p11,l3,0.0
i09,e04,c3,p12,l3,0.0
i09,e04,c3,p13,l3,0.0
i09,e04,c3,p15,l1,0.0
i09,e04,c3,p15,l3,0.0
i09,e04,c3,p16,l3,0.0
i09,e04,c3,p17,l3,0.0
i09,e04,c3,p18,l3,0.0
i09,e04,c3,p19,l3,0.0
i09,e04,c3,p20,l1,0.0
i09,e04,c3,p20,l3,0.0
i09,e04,c3,p21,l3,0.0
i09,e04,c3,p23,l3,0.0
i09,e04,c3,p24,l3,0.0
i09,e04,c3,p25,l3,0.0
i09,e04,c3,p27,l1,0.0
i09,e04,c3,p27,l3,0.0
i09,e04,c3,p28,l3,0.0
i09,e04,c3,p29,l3,0.0
i09,e04,c3,p35,l1,0.0
i09,e04,c3,p35,l3,0.0
i09,e04,c5,p01,l1,0.0
i09,e04,c5,p01,l3,0.0
i09,e04,c5,p02,l1,0.0
i09,e04,c5,p02,l3,0.0
i09,e04,c5,p03,l1,0.0
i09,e04,c5,p03,l3,0.0
i09,e04,c5,p04,l1,0.0
i09,e04,c5,p04,l3,0.0
i09,e04,c5,p05,l1,0.0
i09,e04,c5,p05,l3,0.0
i09,e04,c5,p06,l1,0.0
i09,e04,c5,p06,l3,0.0
i09,e04,c5,p07,l1,0.0
i09,e04,c5,p07,l3,0.0
i09,e04,c5,p08,l1,0.0
i09,e04,c5,p08,l3,0.0
i09,e04,c5,p09,l1,0.0
i09,e04,c5,p09,l3,0.0
i09,e04,c5,p10,l1,0.0
i09,e04,c5,p10,l3,0.0
i09,e04,c5,p11,l1,0.0
i09,e04,c5,p11,l3,0.0
i09,e04,c5,p12,l1,0.0
i09,e04,c5,p12,l3,0.0
i09,e04,c5,p13,l1,0.0
i09,e04,c5,p13,l3,0.0
i09,e04,c5,p14,l1,0.0
i09,e04,c5,p14,l3,0.0
i09,e04,c5,p15,l1,0.0
i09,e04,c5,p15,l3,1.0
i09,e04,c5,p16,l1,0.0
i09,e04,c5,p16,l3,0.0
i09,e04,c5,p17,l1,0.0
i09,e04,c5,p17,l3,1.0
i09,e04,c5,p18,l1,0.0
i09,e04,c5,p18,l3,0.0
i09,e04,c5,p19,l1,0.0
i09,e04,c5,p19,l3,0.0
i09,e04,c5,p20,l1,0.0
i09,e04,c5,p20,l3,0.0
i09,e04,c5,p21,l1,0.0
i09,e04,c5,p21,l3,2.0
i09,e04,c5,p22,l1,0.0
i09,e04,c5,p22,l3,1.0
i09,e04,c5,p23,l1,0.0
i09,e04,c5,p23,l3,0.0
i09,e04,c5,p24,l1,0.0
i09,e04,c5,p24,l3,0.0
i09,e04,c5,p25,l1,0.0
i09,e04,c5,p25,l3,0.0
i09,e04,c5,p26,l1,0.0
i09,e04,c5,p26,l3,0.0
i09,e04,c5,p28,l1,0.0
i09,e04,c5,p28,l3,0.0
i09,e04,c5,p29,l1,0.0
i09,e04,c5,p29,l3,0.0
i09,e04,c5,p30,l3,0.0
i09,e04,c5,p31,l1,0.0
i09,e04,c5,p31,l3,0.0
i09,e04,c5,p32,l1,0.0
i09,e04,c5,p32,l3,0.0
i09,e04,c5,p35,l1,0.0
i09,e04,c5,p35,l3,0.0
i09,e05,c3,p01,l3,0.0
i09,e05,c3,p03,l3,0.0
i09,e05,c3,p05,l3,0.0
i09,e05,c3,p10,l1,0.0
i09,e05,c3,p10,l3,0.0
i09,e05,c3,p13,l3,0.0
i09,e05,c3,p17,l3,0.0
i09,e05,c3,p23,l3,0.0
i09,e05,c3,p24,l3,0.0
i09,e05,c3,p35,l1,0.0
i09,e05,c3,p35,l3,0.0
i09,e05,c5,p01,l1,0.0
i09,e05,c5,p01,l3,0.0
i09,e05,c5,p02,l3,0.0
i09,e05,c5,p03,l1,0.0
i09,e05,c5,p03,l3,0.0
i09,e05,c5,p04,l3,0.0
i09,e05,c5,p05,l1,0.0
i09,e05,c5,p05,l3,0.0
i09,e05,c5,p06,l1,0.0
i09,e05,c5,p06,l3,0.0
i09,e05,c5,p07,l3,0.0
i09,e05,c5,p08,l3,0.0
i09,e05,c5,p09,l3,0.0
i09,e05,c5,p10,l1,0.0
i09,e05,c5,p10,l3,0.0
i09,e05,c5,p11,l3,0.0
i09,e05,c5,p12,l1,0.0
i09,e05,c5,p12,l3,0.0
i09,e05,c5,p13,l1,0.0
i09,e05,c5,p13,l3,0.0
i09,e05,c5,p14,l1,0.0
i09,e05,c5,p14,l3,0.0
i09,e05,c5,p15,l1,0.0
i09,e05,c5,p15,l3,0.0
i09,e05,c5,p16,l1,0.0
i09,e05,c5,p16,l3,0.0
i09,e05,c5,p17,l1,0.0
i09,e05,c5,p17,l3,0.0
i09,e05,c5,p18,l1,0.0
i09,e05,c5,p18,l3,0.0
i09,e05,c5,p19,l1,0.0
i09,e05,c5,p19,l3,0.0
i09,e05,c5,p20,l3,0.0
i09,e05,c5,p21,l3,0.0
i09,e05,c5,p22,l3,6.0
i09,e05,c5,p23,l1,0.0
i09,e05,c5,p23,l3,0.0
i09,e05,c5,p24,l1,0.0
i09,e05,c5,p24,l3,0.0
i09,e05,c5,p25,l3,0.0
i09,e05,c5,p28,l1,0.0
i09,e05,c5,p28,l3,0.0
i09,e05,c5,p29,l3,0.0
i09,e05,c5,p32,l3,0.0
i09,e05,c5,p35,l1,0.0
i09,e05,c5,p35,l3,0.0
i09,e09,c3,p01,l3,0.0
i09,e09,c3,p02,l3,0.0
i09,e09,c3,p03,l2,0.0
i09,e09,c3,p03,l3,0.0
i09,e09,c3,p05,l2,0.0
i09,e09,c3,p05,l3,0.0
i09,e09,c3,p06,l3,0.0
i09,e09,c3,p10,l2,0.0
i09,e09,c3,p10,l3,0.0
i09,e09,c3,p11,l3,0.0
i09,e09,c3,p12,l3,0.0
i09,e09,c3,p13,l3,0.0
i09,e09,c3,p15,l2,0.0
i09,e09,c3,p15,l3,0.0
i09,e09,c3,p16,l3,0.0
i09,e09,c3,p17,l3,0.0
i09,e09,c3,p18,l3,0.0
i09,e09,c3,p19,l3,0.0
i09,e09,c3,p21,l2,0.0
i09,e09,c3,p21,l3,0.0
i09,e09,c3,p22,l3,0.0
i09,e09,c3,p23,l3,0.0
i09,e09,c3,p24,l3,0.0
i09,e09,c3,p25,l3,0.0
i09,e09,c3,p27,l3,0.0
i09,e09,c3,p29,l3,0.0
i09,e09,c3,p32,l3,0.0
i09,e09,c3,p35,l2,0.0
i09,e09,c3,p35,l3,0.0
i09,e09,c5,p01,l2,0.0
i09,e09,c5,p01,l3,0.0
i09,e09,c5,p02,l2,0.0
i09,e09,c5,p02,l3,0.0
i09,e09,c5,p03,l2,0.0
i09,e09,c5,p03,l3,0.0
i09,e09,c5,p04,l2,0.0
i09,e09,c5,p04,l3,0.0
i09,e09,c5,p05,l2,0.0
i09,e09,c5,p05,l3,0.0
i09,e09,c5,p06,l2,0.0
i09,e09,c5,p06,l3,0.0
i09,e09,c5,p07,l2,0.0
i09,e09,c5,p07,l3,0.0
i09,e09,c5,p08,l2,0.0
i09,e09,c5,p08,l3,0.0
i09,e09,c5,p09,l2,0.0
i09,e09,c5,p09,l3,0.0
i09,e09,c5,p10,l2,0.0
i09,e09,c5,p10,l3,0.0
i09,e09,c5,p11,l2,0.0
i09,e09,c5,p11,l3,0.0
i09,e09,c5,p12,l2,0.0
i09,e09,c5,p12,l3,0.0
i09,e09,c5,p13,l2,0.0
i09,e09,c5,p13,l3,0.0
i09,e09,c5,p14,l2,0.0
i09,e09,c5,p14,l3,0.0
i09,e09,c5,p15,l2,0.0
i09,e09,c5,p15,l3,0.0
i09,e09,c5,p16,l2,0.0
i09,e09,c5,p16,l3,0.0
i09,e09,c5,p17,l2,0.0
i09,e09,c5,p17,l3,0.0
i09,e09,c5,p18,l2,0.0
i09,e09,c5,p18,l3,0.0
i09,e09,c5,p19,l2,0.0
i09,e09,c5,p19,l3,0.0
i09,e09,c5,p20,l2,0.0
i09,e09,c5,p20,l3,0.0
i09,e09,c5,p21,l2,0.0
i09,e09,c5,p21,l3,0.0
i09,e09,c5,p22,l2,0.0
i09,e09,c5,p22,l3,0.0
i09,e09,c5,p23,l2,0.0
i09,e09,c5,p23,l3,0.0
i09,e09,c5,p24,l2,0.0
i09,e09,c5,p24,l3,0.0
i09,e09,c5,p25,l2,0.0
i09,e09,c5,p25,l3,0.0
i09,e09,c5,p26,l2,0.0
i09,e09,c5,p26,l3,0.0
i09,e09,c5,p28,l2,0.0
i09,e09,c5,p28,l3,1.0
i09,e09,c5,p29,l2,0.0
i09,e09,c5,p29,l3,0.0
i09,e09,c5,p30,l3,0.0
i09,e09,c5,p31,l3,0.0
i09,e09,c5,p32,l2,0.0
i09,e09,c5,p32,l3,0.0
i09,e09,c5,p35,l2,0.0
i09,e09,c5,p35,l3,1.0
i10,e02,c3,p01,l1,0.0
i10,e02,c3,p01,l3,0.0
i10,e02,c3,p02,l1,0.0
i10,e02,c3,p02,l3,0.0
i10,e02,c3,p03,l1,0.0
i10,e02,c3,p03,l3,0.0
i10,e02,c3,p04,l1,0.0
i10,e02,c3,p04,l3,0.0
i10,e02,c3,p05,l1,0.0
i10,e02,c3,p05,l3,0.0
i10,e02,c3,p06,l3,0.0
i10,e02,c3,p07,l1,0.0
i10,e02,c3,p07,l3,0.0
i10,e02,c3,p08,l1,0.0
i10,e02,c3,p08,l3,0.0
i10,e02,c3,p09,l1,0.0
i10,e02,c3,p09,l3,0.0
i10,e02,c3,p10,l1,0.0
i10,e02,c3,p10,l3,0.0
i10,e02,c3,p11,l1,0.0
i10,e02,c3,p11,l3,0.0
i10,e02,c3,p12,l1,0.0
i10,e02,c3,p12,l3,0.0
i10,e02,c3,p13,l1,0.0
i10,e02,c3,p13,l3,0.0
i10,e02,c3,p14,l1,0.0
i10,e02,c3,p14,l3,0.0
i10,e02,c3,p15,l1,0.0
i10,e02,c3,p15,l3,0.0
i10,e02,c3,p16,l1,0.0
i10,e02,c3,p16,l3,0.0
i10,e02,c3,p17,l1,0.0
i10,e02,c3,p17,l3,0.0
i10,e02,c3,p18,l1,0.0
i10,e02,c3,p18,l3,0.0
i10,e02,c3,p19,l1,0.0
i10,e02,c3,p19,l3,0.0
i10,e02,c3,p20,l3,0.0
i10,e02,c3,p21,l1,0.0
i10,e02,c3,p21,l3,0.0
i10,e02,c3,p22,l1,0.0
i10,e02,c3,p22,l3,0.0
i10,e02,c3,p23,l1,0.0
i10,e02,c3,p23,l3,0.0
i10,e02,c3,p24,l1,0.0
i10,e02,c3,p24,l3,0.0
i10,e02,c3,p25,l1,0.0
i10,e02,c3,p25,l3,0.0
i10,e02,c3,p26,l1,0.0
i10,e02,c3,p26,l3,0.0
i10,e02,c3,p28,l1,0.0
i10,e02,c3,p28,l3,0.0
i10,e02,c3,p29,l1,0.0
i10,e02,c3,p29,l3,0.0
i10,e02,c3,p30,l3,0.0
i10,e02,c3,p31,l3,0.0
i10,e02,c3,p32,l3,0.0
i10,e02,c3,p35,l1,0.0
i10,e02,c3,p35,l3,0.0
i10,e05,c3,p01,l1,0.0
i10,e05,c3,p01,l3,0.0
i10,e05,c3,p02,l1,0.0
i10,e05,c3,p02,l3,0.0
i10,e05,c3,p03,l1,0.0
i10,e05,c3,p03,l3,0.0
i10,e05,c3,p04,l1,0.0
i10,e05,c3,p04,l3,0.0
i10,e05,c3,p05,l1,0.0
i10,e05,c3,p05,l3,0.0
i10,e05,c3,p06,l1,0.0
i10,e05,c3,p06,l3,0.0
i10,e05,c3,p07,l1,0.0
i10,e05,c3,p07,l3,0.0
i10,e05,c3,p08,l1,0.0
i10,e05,c3,p08,l3,0.0
i10,e05,c3,p09,l1,0.0
i10,e05,c3,p09,l3,0.0
i10,e05,c3,p10,l1,0.0
i10,e05,c3,p10,l3,0.0
i10,e05,c3,p11,l1,0.0
i10,e05,c3,p11,l3,0.0
i10,e05,c3,p12,l1,0.0
i10,e05,c3,p12,l3,0.0
i10,e05,c3,p13,l1,0.0
i10,e05,c3,p13,l3,0.0
i10,e05,c3,p14,l1,0.0
i10,e05,c3,p14,l3,0.0
i10,e05,c3,p15,l1,0.0
i10,e05,c3,p15,l3,0.0
i10,e05,c3,p16,l1,0.0
i10,e05,c3,p16,l3,0.0
i10,e05,c3,p17,l1,0.0
i10,e05,c3,p17,l3,0.0
i10,e05,c3,p18,l1,0.0
i10,e05,c3,p18,l3,0.0
i10,e05,c3,p19,l1,0.0
i10,e05,c3,p19,l3,0.0
i10,e05,c3,p20,l1,0.0
i10,e05,c3,p20,l3,0.0
i10,e05,c3,p21,l1,0.0
i10,e05,c3,p21,l3,0.0
i10,e05,c3,p22,l1,0.0
i10,e05,c3,p22,l3,0.0
i10,e05,c3,p23,l1,0.0
i10,e05,c3,p23,l3,0.0
i10,e05,c3,p24,l1,0.0
i10,e05,c3,p24,l3,0.0
i10,e05,c3,p25,l1,0.0
i10,e05,c3,p25,l3,0.0
i10,e05,c3,p26,l1,0.0
i10,e05,c3,p26,l3,0.0
i10,e05,c3,p27,l3,0.0
i10,e05,c3,p28,l1,0.0
i10,e05,c3,p28,l3,0.0
i10,e05,c3,p29,l1,0.0
i10,e05,c3,p29,l3,0.0
i10,e05,c3,p30,l1,0.0
i10,e05,c3,p30,l3,0.0
i10,e05,c3,p31,l1,0.0
i10,e05,c3,p31,l3,0.0
i10,e05,c3,p32,l1,0.0
i10,e05,c3,p32,l3,0.0
i10,e05,c3,p35,l1,0.0
i10,e05,c3,p35,l3,1.0
i10,e05,c5,p01,l3,0.0
i10,e05,c5,p02,l3,0.0
i10,e05,c5,p03,l1,0.0
i10,e05,c5,p03,l3,0.0
i10,e05,c5,p05,l1,0.0
i10,e05,c5,p05,l3,0.0
i10,e05,c5,p06,l1,0.0
i10,e05,c5,p07,l3,0.0
i10,e05,c5,p08,l3,0.0
i10,e05,c5,p10,l3,0.0
i10,e05,c5,p11,l3,0.0
i10,e05,c5,p12,l1,0.0
i10,e05,c5,p13,l3,0.0
i10,e05,c5,p15,l1,0.0
i10,e05,c5,p15,l3,0.0
i10,e05,c5,p16,l3,0.0
i10,e05,c5,p19,l1,0.0
i10,e05,c5,p19,l3,0.0
i10,e05,c5,p23,l3,0.0
i10,e05,c5,p24,l3,0.0
i10,e05,c5,p28,l1,0.0
i10,e05,c5,p35,l1,0.0
i10,e05,c5,p35,l3,0.0
i10,e05,c8,p10,l3,0.0
i10,e05,c8,p35,l3,0.0
i10,e13,c3,p01,l3,0.0
i10,e13,c3,p02,l3,0.0
i10,e13,c3,p03,l3,0.0
i10,e13,c3,p04,l3,0.0
i10,e13,c3,p05,l3,0.0
i10,e13,c3,p06,l3,0.0
i10,e13,c3,p07,l3,0.0
i10,e13,c3,p08,l3,0.0
i10,e13,c3,p09,l3,0.0
i10,e13,c3,p10,l3,2.0
i10,e13,c3,p11,l3,0.0
i10,e13,c3,p12,l3,0.0
i10,e13,c3,p13,l3,0.0
i10,e13,c3,p14,l3,0.0
i10,e13,c3,p15,l3,0.0
i10,e13,c3,p16,l3,0.0
i10,e13,c3,p17,l3,0.0
i10,e13,c3,p18,l3,0.0
i10,e13,c3,p19,l3,0.0
i10,e13,c3,p20,l3,0.0
i10,e13,c3,p21,l3,0.0
i10,e13,c3,p22,l3,0.0
i10,e13,c3,p23,l3,0.0
i10,e13,c3,p24,l3,0.0
i10,e13,c3,p25,l3,0.0
i10,e13,c3,p26,l3,0.0
i10,e13,c3,p27,l3,0.0
i10,e13,c3,p28,l3,0.0
i10,e13,c3,p29,l3,0.0
i10,e13,c3,p30,l3,0.0
i10,e13,c3,p31,l3,0.0
i10,e13,c3,p32,l3,0.0
i10,e13,c3,p35,l3,0.0
i10,e13,c5,p15,l3,0.0
i10,e13,c5,p19,l3,0.0
i10,e13,c5,p35,l3,0.0
i100,e01,c3,p10,l3,0.0
i100,e01,c5,p01,l3,0.0
i100,e01,c5,p10,l3,0.0
i100,e01,c5,p35,l3,0.0
i100,e02,c5,p35,l3,0.0
i100,e04,c5,p10,l3,0.0
i100,e04,c5,p35,l3,0.0
i100,e05,c5,p10,l3,0.0
i100,e05,c5,p35,l3,0.0
i100,e08,c5,p10,l3,0.0
i100,e08,c5,p35,l3,0.0
i100,e09,c3,p10,l3,0.0
i100,e09,c5,p10,l3,0.0
i100,e09,c5,p35,l3,0.0
i100,e11,c3,p10,l3,0.0
i100,e11,c5,p10,l3,0.0
i100,e11,c5,p35,l3,0.0
i100,e13,c3,p10,l3,0.0
i100,e13,c5,p01,l3,0.0
i100,e13,c5,p10,l3,0.0
i100,e13,c5,p35,l3,0.0
i101,e01,c1,p01,l3,0.0
i101,e01,c1,p02,l3,0.0
i101,e01,c1,p03,l3,0.0
i101,e01,c1,p04,l3,0.0
i101,e01,c1,p08,l3,0.0
i101,e01,c1,p10,l3,0.0
i101,e01,c1,p11,l3,0.0
i101,e01,c1,p12,l3,0.0
i101,e01,c1,p13,l3,0.0
i101,e01,c1,p17,l3,0.0
i101,e01,c1,p19,l3,0.0
i101,e01,c1,p21,l3,0.0
i101,e01,c1,p24,l3,0.0
i101,e01,c1,p32,l3,0.0
i101,e01,c1,p35,l3,0.0
i101,e04,c1,p01,l3,0.0
i101,e04,c1,p03,l3,0.0
i101,e04,c1,p04,l1,0.0
i101,e04,c1,p04,l3,0.0
i101,e04,c1,p10,l1,0.0
i101,e04,c1,p10,l3,0.0
i101,e04,c1,p11,l3,0.0
i101,e04,c1,p12,l3,0.0
i101,e04,c1,p17,l3,0.0
i101,e04,c1,p19,l3,0.0
i101,e04,c1,p21,l3,0.0
i101,e04,c1,p25,l3,0.0
i101,e04,c1,p32,l3,0.0
i101,e04,c1,p35,l1,0.0
i101,e04,c1,p35,l3,0.0
i101,e05,c1,p10,l3,0.0
i101,e05,c1,p35,l3,0.0
i101,e07,c1,p10,l2,0.0
i101,e07,c1,p10,l3,0.0
i101,e07,c1,p35,l3,0.0
i101,e08,c1,p03,l3,0.0
i101,e08,c1,p04,l3,0.0
i101,e08,c1,p06,l3,0.0
i101,e08,c1,p10,l2,0.0
i101,e08,c1,p10,l3,0.0
i101,e08,c1,p11,l3,0.0
i101,e08,c1,p12,l3,0.0
i101,e08,c1,p17,l3,0.0
i101,e08,c1,p19,l2,0.0
i101,e08,c1,p19,l3,0.0
i101,e08,c1,p21,l3,0.0
i101,e08,c1,p24,l2,0.0
i101,e08,c1,p24,l3,0.0
i101,e08,c1,p25,l3,0.0
i101,e08,c1,p32,l3,0.0
i101,e08,c1,p35,l2,0.0
i101,e08,c1,p35,l3,0.0
i101,e09,c1,p01,l3,0.0
i101,e09,c1,p03,l3,0.0
i101,e09,c1,p04,l2,0.0
i101,e09,c1,p04,l3,0.0
i101,e09,c1,p08,l3,0.0
i101,e09,c1,p10,l2,0.0
i101,e09,c1,p10,l3,0.0
i101,e09,c1,p11,l2,0.0
i101,e09,c1,p11,l3,0.0
i101,e09,c1,p12,l3,0.0
i101,e09,c1,p14,l3,0.0
i101,e09,c1,p15,l3,0.0
i101,e09,c1,p17,l3,0.0
i101,e09,c1,p19,l3,0.0
i101,e09,c1,p21,l3,0.0
i101,e09,c1,p24,l2,0.0
i101,e09,c1,p24,l3,0.0
i101,e09,c1,p32,l3,0.0
i101,e09,c1,p35,l2,0.0
i101,e09,c1,p35,l3,0.0
i101,e12,c1,p01,l3,0.0
i101,e12,c1,p02,l3,0.0
i101,e12,c1,p03,l3,0.0
i101,e12,c1,p04,l3,0.0
i101,e12,c1,p05,l3,0.0
i101,e12,c1,p07,l3,0.0
i101,e12,c1,p10,l3,0.0
i101,e12,c1,p11,l3,0.0
i101,e12,c1,p12,l3,0.0
i101,e12,c1,p15,l3,0.0
i101,e12,c1,p16,l3,0.0
i101,e12,c1,p17,l3,0.0
i101,e12,c1,p18,l3,0.0
i101,e12,c1,p19,l3,0.0
i101,e12,c1,p21,l3,0.0
i101,e12,c1,p24,l3,0.0
i101,e12,c1,p32,l3,0.0
i101,e12,c1,p35,l3,0.0
i102,e01,c3,p18,l3,0.0
i102,e01,c5,p10,l3,0.0
i102,e01,c5,p18,l3,0.0
i102,e01,c5,p19,l3,0.0
i102,e01,c5,p35,l3,0.0
i102,e04,c3,p18,l3,0.0
i102,e04,c5,p18,l1,0.0
i102,e04,c5,p18,l3,0.0
i102,e04,c5,p19,l3,0.0
i102,e04,c5,p35,l3,0.0
i102,e05,c5,p18,l3,0.0
i102,e08,c3,p18,l3,0.0
i102,e08,c5,p10,l3,0.0
i102,e08,c5,p17,l3,0.0
i102,e08,c5,p18,l2,0.0
i102,e08,c5,p18,l3,0.0
i102,e08,c5,p19,l3,0.0
i102,e08,c5,p23,l3,0.0
i102,e08,c5,p35,l2,0.0
i102,e08,c5,p35,l3,0.0
i102,e09,c5,p18,l2,0.0
i102,e09,c5,p18,l3,0.0
i102,e09,c5,p19,l3,0.0
i102,e09,c5,p35,l3,0.0
i102,e11,c5,p18,l3,0.0
i103,e02,c5,p01,l3,0.0
i103,e02,c5,p04,l3,0.0
i103,e02,c5,p06,l3,0.0
i103,e02,c5,p10,l3,0.0
i103,e02,c5,p11,l3,0.0
i103,e02,c5,p13,l3,0.0
i103,e02,c5,p16,l3,0.0
i103,e02,c5,p19,l3,0.0
i103,e02,c5,p24,l3,0.0
i103,e02,c5,p35,l1,0.0
i103,e02,c5,p35,l3,0.0
i103,e05,c3,p19,l3,0.0
i103,e05,c3,p31,l3,0.0
i103,e05,c5,p01,l1,0.0
i103,e05,c5,p01,l3,0.0
i103,e05,c5,p02,l3,0.0
i103,e05,c5,p03,l3,0.0
i103,e05,c5,p04,l1,0.0
i103,e05,c5,p04,l3,0.0
i103,e05,c5,p05,l1,0.0
i103,e05,c5,p05,l3,0.0
i103,e05,c5,p06,l1,0.0
i103,e05,c5,p06,l3,0.0
i103,e05,c5,p07,l3,0.0
i103,e05,c5,p08,l3,0.0
i103,e05,c5,p09,l1,0.0
i103,e05,c5,p09,l3,0.0
i103,e05,c5,p10,l1,0.0
i103,e05,c5,p10,l3,0.0
i103,e05,c5,p11,l1,0.0
i103,e05,c5,p11,l3,0.0
i103,e05,c5,p12,l1,0.0
i103,e05,c5,p12,l3,0.0
i103,e05,c5,p13,l1,0.0
i103,e05,c5,p13,l3,0.0
i103,e05,c5,p14,l3,0.0
i103,e05,c5,p15,l1,0.0
i103,e05,c5,p15,l3,0.0
i103,e05,c5,p16,l1,0.0
i103,e05,c5,p16,l3,0.0
i103,e05,c5,p17,l1,0.0
i103,e05,c5,p17,l3,0.0
i103,e05,c5,p18,l1,0.0
i103,e05,c5,p18,l3,0.0
i103,e05,c5,p19,l1,0.0
i103,e05,c5,p19,l3,0.0
i103,e05,c5,p20,l3,0.0
i103,e05,c5,p21,l3,0.0
i103,e05,c5,p22,l3,0.0
i103,e05,c5,p23,l3,0.0
i103,e05,c5,p24,l3,0.0
i103,e05,c5,p25,l3,0.0
i103,e05,c5,p26,l3,0.0
i103,e05,c5,p28,l3,0.0
i103,e05,c5,p29,l1,0.0
i103,e05,c5,p29,l3,0.0
i103,e05,c5,p30,l3,0.0
i103,e05,c5,p32,l3,0.0
i103,e05,c5,p35,l1,0.0
i103,e05,c5,p35,l3,0.0
i104,e02,c5,p01,l3,0.0
i104,e02,c5,p03,l3,0.0
i104,e02,c5,p04,l3,0.0
i104,e02,c5,p05,l3,0.0
i104,e02,c5,p06,l3,0.0
i104,e02,c5,p08,l3,0.0
i104,e02,c5,p09,l3,0.0
i104,e02,c5,p10,l3,0.0
i104,e02,c5,p11,l3,0.0
i104,e02,c5,p12,l3,0.0
i104,e02,c5,p13,l3,0.0
i104,e02,c5,p14,l3,0.0
i104,e02,c5,p15,l3,0.0
i104,e02,c5,p17,l3,0.0
i104,e02,c5,p19,l3,0.0
i104,e02,c5,p21,l3,0.0
i104,e02,c5,p23,l3,0.0
i104,e02,c5,p24,l3,0.0
i104,e02,c5,p25,l3,0.0
i104,e02,c5,p35,l3,0.0
i104,e05,c5,p01,l3,0.0
i104,e05,c5,p02,l3,0.0
i104,e05,c5,p03,l3,0.0
i104,e05,c5,p04,l3,0.0
i104,e05,c5,p05,l3,0.0
i104,e05,c5,p07,l3,0.0
i104,e05,c5,p08,l3,0.0
i104,e05,c5,p09,l3,0.0
i104,e05,c5,p10,l3,0.0
i104,e05,c5,p11,l3,0.0
i104,e05,c5,p12,l3,0.0
i104,e05,c5,p13,l3,0.0
i104,e05,c5,p14,l3,0.0
i104,e05,c5,p15,l3,0.0
i104,e05,c5,p16,l3,0.0
i104,e05,c5,p17,l3,0.0
i104,e05,c5,p18,l3,0.0
i104,e05,c5,p19,l3,0.0
i104,e05,c5,p21,l3,0.0
i104,e05,c5,p23,l3,0.0
i104,e05,c5,p24,l3,0.0
i104,e05,c5,p25,l3,0.0
i104,e05,c5,p28,l3,0.0
i104,e05,c5,p29,l3,0.0
i104,e05,c5,p32,l3,0.0
i104,e05,c5,p35,l3,0.0
i104,e07,c5,p08,l3,0.0
i104,e07,c5,p10,l3,0.0
i104,e07,c5,p11,l3,0.0
i104,e07,c5,p15,l3,0.0
i104,e12,c5,p01,l3,0.0
i104,e12,c5,p17,l3,0.0
i104,e12,c5,p32,l3,0.0
i105,e01,c5,p10,l3,0.0
i105,e02,c5,p09,l3,0.0
i105,e02,c5,p10,l3,0.0
i105,e02,c5,p29,l3,0.0
i105,e04,c5,p01,l3,0.0
i105,e04,c5,p10,l3,0.0
i105,e05,c3,p10,l3,0.0
i105,e05,c5,p01,l3,0.0
i105,e05,c5,p02,l3,0.0
i105,e05,c5,p03,l3,0.0
i105,e05,c5,p04,l3,0.0
i105,e05,c5,p05,l3,0.0
i105,e05,c5,p07,l3,0.0
i105,e05,c5,p08,l3,0.0
i105,e05,c5,p09,l3,0.0
i105,e05,c5,p10,l3,0.0
i105,e05,c5,p11,l3,0.0
i105,e05,c5,p12,l3,0.0
i105,e05,c5,p13,l3,0.0
i105,e05,c5,p14,l3,0.0
i105,e05,c5,p15,l3,0.0
i105,e05,c5,p16,l3,0.0
i105,e05,c5,p17,l3,0.0
i105,e05,c5,p18,l3,0.0
i105,e05,c5,p19,l3,0.0
i105,e05,c5,p21,l3,0.0
i105,e05,c5,p23,l3,0.0
i105,e05,c5,p24,l3,0.0
i105,e05,c5,p25,l3,0.0
i105,e05,c5,p28,l3,0.0
i105,e05,c5,p29,l3,0.0
i105,e05,c5,p32,l3,0.0
i105,e05,c5,p35,l3,0.0
i105,e07,c5,p10,l3,0.0
i105,e08,c5,p01,l3,0.0
i105,e08,c5,p04,l3,0.0
i105,e08,c5,p10,l3,0.0
i105,e08,c5,p16,l3,0.0
i105,e08,c5,p19,l3,0.0
i105,e08,c5,p21,l3,0.0
i105,e08,c5,p35,l3,0.0
i105,e09,c5,p10,l3,0.0
i105,e12,c5,p01,l3,0.0
i105,e12,c5,p03,l3,0.0
i105,e12,c5,p04,l3,0.0
i105,e12,c5,p05,l3,0.0
i105,e12,c5,p10,l3,0.0
i105,e12,c5,p11,l3,0.0
i105,e12,c5,p14,l3,0.0
i105,e12,c5,p15,l3,0.0
i105,e12,c5,p21,l3,0.0
i105,e12,c5,p24,l3,0.0
i105,e12,c5,p28,l3,0.0
i105,e12,c5,p29,l3,0.0
i105,e12,c5,p32,l3,0.0
i105,e12,c5,p35,l3,0.0
i106,e01,c3,p35,l3,0.0
i106,e01,c5,p35,l3,0.0
i106,e04,c3,p35,l1,0.0
i106,e04,c3,p35,l3,0.0
i106,e04,c5,p35,l1,0.0
i106,e04,c5,p35,l3,0.0
i106,e05,c3,p35,l1,0.0
i106,e05,c3,p35,l3,0.0
i106,e05,c5,p35,l3,0.0
i106,e09,c3,p35,l3,0.0
i106,e09,c5,p35,l2,0.0
i106,e09,c5,p35,l3,0.0
i107,e01,c2,p35,l3,0.0
i107,e04,c2,p35,l3,0.0
i107,e09,c2,p35,l3,0.0
i108,e01,c5,p01,l3,0.0
i108,e01,c5,p03,l3,0.0
i108,e01,c5,p06,l3,0.0
i108,e01,c5,p07,l3,0.0
i108,e01,c5,p09,l3,0.0
i108,e01,c5,p10,l3,0.0
i108,e01,c5,p16,l3,0.0
i108,e01,c5,p18,l3,0.0
i108,e01,c5,p21,l3,0.0
i108,e02,c5,p18,l3,0.0
i108,e04,c5,p01,l3,0.0
i108,e04,c5,p03,l3,0.0
i108,e04,c5,p04,l3,0.0
i108,e04,c5,p06,l3,0.0
i108,e04,c5,p07,l3,0.0
i108,e04,c5,p09,l3,0.0
i108,e04,c5,p10,l3,0.0
i108,e04,c5,p12,l3,0.0
i108,e04,c5,p16,l3,0.0
i108,e04,c5,p19,l3,0.0
i108,e04,c5,p21,l3,0.0
i108,e04,c5,p25,l3,0.0
i108,e04,c5,p31,l3,0.0
i108,e05,c5,p01,l3,0.0
i108,e05,c5,p03,l3,0.0
i108,e05,c5,p04,l3,0.0
i108,e05,c5,p07,l3,0.0
i108,e05,c5,p10,l3,0.0
i108,e05,c5,p14,l3,0.0
i108,e05,c5,p17,l3,0.0
i108,e05,c5,p18,l3,0.0
i108,e08,c5,p01,l3,0.0
i108,e08,c5,p03,l3,0.0
i108,e08,c5,p04,l3,0.0
i108,e08,c5,p09,l3,0.0
i108,e08,c5,p10,l3,0.0
i108,e08,c5,p13,l3,0.0
i108,e08,c5,p25,l3,0.0
i108,e08,c5,p35,l3,0.0
i108,e09,c5,p01,l3,0.0
i108,e09,c5,p04,l3,0.0
i108,e09,c5,p05,l3,0.0
i108,e09,c5,p06,l3,0.0
i108,e09,c5,p07,l3,0.0
i108,e09,c5,p10,l3,0.0
i108,e09,c5,p21,l3,0.0
i108,e13,c5,p01,l3,0.0
i108,e13,c5,p02,l3,0.0
i108,e13,c5,p03,l3,0.0
i108,e13,c5,p04,l3,0.0
i108,e13,c5,p05,l3,0.0
i108,e13,c5,p06,l3,0.0
i108,e13,c5,p07,l3,0.0
i108,e13,c5,p08,l3,0.0
i108,e13,c5,p09,l3,0.0
i108,e13,c5,p10,l3,0.0
i108,e13,c5,p11,l3,0.0
i108,e13,c5,p12,l3,0.0
i108,e13,c5,p13,l3,0.0
i108,e13,c5,p14,l3,0.0
i108,e13,c5,p15,l3,0.0
i108,e13,c5,p16,l3,0.0
i108,e13,c5,p17,l3,0.0
i108,e13,c5,p18,l3,0.0
i108,e13,c5,p19,l3,0.0
i108,e13,c5,p21,l3,0.0
i108,e13,c5,p22,l3,0.0
i108,e13,c5,p23,l3,0.0
i108,e13,c5,p24,l3,0.0
i108,e13,c5,p25,l3,0.0
i108,e13,c5,p28,l3,0.0
i108,e13,c5,p29,l3,0.0
i108,e13,c5,p31,l3,0.0
i108,e13,c5,p35,l3,0.0
i109,e01,c3,p10,l3,0.0
i109,e01,c3,p35,l3,0.0
i109,e01,c5,p10,l3,0.0
i109,e04,c3,p10,l3,0.0
i109,e04,c3,p35,l3,0.0
i109,e04,c5,p10,l3,0.0
i109,e05,c3,p10,l3,0.0
i109,e08,c3,p10,l3,0.0
i109,e08,c3,p35,l3,0.0
i109,e08,c5,p10,l3,0.0
i109,e09,c3,p10,l3,0.0
i109,e09,c3,p35,l3,0.0
i109,e09,c5,p10,l3,0.0
i109,e11,c3,p10,l3,0.0
i109,e11,c3,p35,l3,0.0
i11,e01,c4,p01,l3,0.0
i11,e01,c4,p02,l3,0.0
i11,e01,c4,p03,l3,0.0
i11,e01,c4,p04,l3,0.0
i11,e01,c4,p05,l3,0.0
i11,e01,c4,p06,l3,0.0
i11,e01,c4,p07,l3,0.0
i11,e01,c4,p08,l3,0.0
i11,e01,c4,p09,l3,0.0
i11,e01,c4,p10,l3,0.0
i11,e01,c4,p11,l3,0.0
i11,e01,c4,p12,l3,0.0
i11,e01,c4,p13,l3,0.0
i11,e01,c4,p14,l3,0.0
i11,e01,c4,p15,l3,0.0
i11,e01,c4,p16,l3,0.0
i11,e01,c4,p17,l3,0.0
i11,e01,c4,p18,l3,0.0
i11,e01,c4,p19,l3,0.0
i11,e01,c4,p20,l3,0.0
i11,e01,c4,p21,l3,1.0
i11,e01,c4,p22,l3,0.0
i11,e01,c4,p23,l3,0.0
i11,e01,c4,p24,l3,0.0
i11,e01,c4,p25,l3,0.0
i11,e01,c4,p26,l3,0.0
i11,e01,c4,p28,l3,0.0
i11,e01,c4,p29,l3,0.0
i11,e01,c4,p30,l3,0.0
i11,e01,c4,p31,l3,0.0
i11,e01,c4,p32,l3,0.0
i11,e01,c4,p35,l3,0.0
i11,e04,c4,p01,l3,0.0
i11,e04,c4,p02,l3,0.0
i11,e04,c4,p03,l3,0.0
i11,e04,c4,p04,l3,0.0
i11,e04,c4,p05,l3,0.0
i11,e04,c4,p06,l3,0.0
i11,e04,c4,p07,l3,0.0
i11,e04,c4,p08,l3,0.0
i11,e04,c4,p09,l3,0.0
i11,e04,c4,p10,l3,0.0
i11,e04,c4,p11,l3,0.0
i11,e04,c4,p12,l3,0.0
i11,e04,c4,p13,l3,0.0
i11,e04,c4,p14,l3,0.0
i11,e04,c4,p15,l3,0.0
i11,e04,c4,p16,l3,0.0
i11,e04,c4,p17,l3,0.0
i11,e04,c4,p18,l3,0.0
i11,e04,c4,p19,l3,0.0
i11,e04,c4,p20,l3,0.0
i11,e04,c4,p21,l3,0.0
i11,e04,c4,p22,l3,0.0
i11,e04,c4,p23,l3,0.0
i11,e04,c4,p24,l3,0.0
i11,e04,c4,p25,l3,0.0
i11,e04,c4,p26,l3,0.0
i11,e04,c4,p28,l3,0.0
i11,e04,c4,p29,l3,0.0
i11,e04,c4,p30,l3,0.0
i11,e04,c4,p31,l3,0.0
i11,e04,c4,p32,l3,0.0
i11,e04,c4,p35,l3,0.0
i11,e05,c4,p01,l3,0.0
i11,e05,c4,p02,l3,0.0
i11,e05,c4,p03,l3,0.0
i11,e05,c4,p04,l3,0.0
i11,e05,c4,p05,l3,0.0
i11,e05,c4,p06,l3,0.0
i11,e05,c4,p07,l3,0.0
i11,e05,c4,p08,l3,0.0
i11,e05,c4,p09,l3,0.0
i11,e05,c4,p10,l3,0.0
i11,e05,c4,p11,l3,0.0
i11,e05,c4,p12,l3,0.0
i11,e05,c4,p13,l3,0.0
i11,e05,c4,p14,l3,0.0
i11,e05,c4,p15,l3,0.0
i11,e05,c4,p16,l3,0.0
i11,e05,c4,p17,l3,0.0
i11,e05,c4,p18,l3,0.0
i11,e05,c4,p19,l3,0.0
i11,e05,c4,p20,l3,0.0
i11,e05,c4,p21,l3,0.0
i11,e05,c4,p22,l3,0.0
i11,e05,c4,p23,l3,0.0
i11,e05,c4,p24,l3,0.0
i11,e05,c4,p25,l3,0.0
i11,e05,c4,p26,l3,0.0
i11,e05,c4,p28,l3,0.0
i11,e05,c4,p29,l3,0.0
i11,e05,c4,p30,l3,0.0
i11,e05,c4,p31,l3,0.0
i11,e05,c4,p32,l3,0.0
i11,e05,c4,p34,l3,0.0
i11,e05,c4,p35,l3,0.0
i11,e09,c4,p01,l3,0.0
i11,e09,c4,p02,l3,0.0
i11,e09,c4,p03,l3,0.0
i11,e09,c4,p04,l3,0.0
i11,e09,c4,p05,l3,0.0
i11,e09,c4,p06,l3,0.0
i11,e09,c4,p07,l3,0.0
i11,e09,c4,p08,l3,0.0
i11,e09,c4,p09,l3,0.0
i11,e09,c4,p10,l3,0.0
i11,e09,c4,p11,l3,0.0
i11,e09,c4,p12,l3,0.0
i11,e09,c4,p13,l3,0.0
i11,e09,c4,p14,l3,0.0
i11,e09,c4,p15,l3,0.0
i11,e09,c4,p16,l3,0.0
i11,e09,c4,p17,l3,0.0
i11,e09,c4,p18,l3,0.0
i11,e09,c4,p19,l3,0.0
i11,e09,c4,p20,l3,0.0
i11,e09,c4,p21,l3,0.0
i11,e09,c4,p22,l3,0.0
i11,e09,c4,p23,l3,0.0
i11,e09,c4,p24,l3,0.0
i11,e09,c4,p25,l3,0.0
i11,e09,c4,p26,l3,0.0
i11,e09,c4,p28,l3,0.0
i11,e09,c4,p29,l3,0.0
i11,e09,c4,p30,l3,0.0
i11,e09,c4,p31,l3,0.0
i11,e09,c4,p32,l3,0.0
i11,e09,c4,p35,l3,0.0
i110,e01,c1,p01,l3,0.0
i110,e01,c1,p10,l3,0.0
i110,e01,c1,p19,l3,0.0
i110,e01,c1,p33,l3,0.0
i110,e01,c1,p35,l3,0.0
i110,e01,c4,p33,l3,0.0
i110,e03,c1,p01,l3,0.0
i110,e03,c1,p10,l3,0.0
i110,e03,c1,p14,l3,0.0
i110,e03,c1,p19,l3,0.0
i110,e03,c1,p33,l3,0.0
i110,e03,c1,p35,l3,0.0
i110,e03,c4,p33,l3,0.0
i110,e04,c1,p01,l3,0.0
i110,e04,c1,p10,l3,0.0
i110,e04,c1,p14,l3,0.0
i110,e04,c1,p19,l3,0.0
i110,e04,c1,p33,l3,0.0
i110,e04,c4,p33,l3,0.0
i110,e05,c1,p10,l3,0.0
i110,e05,c1,p33,l3,0.0
i110,e06,c1,p01,l3,0.0
i110,e06,c1,p10,l3,0.0
i110,e06,c1,p14,l3,0.0
i110,e06,c1,p19,l3,0.0
i110,e06,c1,p33,l3,0.0
i110,e08,c1,p01,l3,0.0
i110,e08,c1,p10,l3,0.0
i110,e08,c1,p14,l3,0.0
i110,e08,c1,p19,l3,0.0
i110,e08,c1,p33,l3,0.0
i110,e08,c4,p33,l3,0.0
i110,e09,c1,p01,l3,0.0
i110,e09,c1,p10,l3,0.0
i110,e09,c1,p14,l3,0.0
i110,e09,c1,p19,l3,0.0
i110,e09,c1,p33,l3,0.0
i110,e09,c4,p33,l3,0.0
i110,e10,c1,p01,l3,0.0
i110,e10,c1,p10,l3,0.0
i110,e10,c1,p14,l3,0.0
i110,e10,c1,p15,l3,0.0
i110,e10,c1,p19,l3,0.0
i110,e10,c1,p33,l3,0.0
i110,e10,c1,p35,l3,0.0
i110,e10,c4,p33,l3,0.0
i110,e11,c1,p10,l3,0.0
i110,e11,c1,p14,l3,0.0
i110,e11,c1,p19,l3,0.0
i110,e11,c1,p33,l3,0.0
i110,e11,c4,p33,l3,0.0
i111,e01,c1,p01,l3,0.0
i111,e01,c1,p02,l3,0.0
i111,e01,c1,p03,l3,0.0
i111,e01,c1,p04,l3,0.0
i111,e01,c1,p05,l3,0.0
i111,e01,c1,p07,l3,0.0
i111,e01,c1,p08,l3,0.0
i111,e01,c1,p09,l3,0.0
i111,e01,c1,p10,l3,0.0
i111,e01,c1,p11,l3,0.0
i111,e01,c1,p12,l3,0.0
i111,e01,c1,p13,l3,0.0
i111,e01,c1,p14,l3,0.0
i111,e01,c1,p15,l3,0.0
i111,e01,c1,p17,l3,0.0
i111,e01,c1,p18,l3,0.0
i111,e01,c1,p19,l3,0.0
i111,e01,c1,p21,l3,0.0
i111,e01,c1,p22,l3,0.0
i111,e01,c1,p23,l3,0.0
i111,e01,c1,p24,l3,0.0
i111,e01,c1,p28,l3,0.0
i111,e01,c1,p29,l3,0.0
i111,e01,c1,p35,l3,0.0
i111,e01,c4,p07,l3,0.0
i111,e01,c4,p23,l3,0.0
i111,e04,c1,p01,l3,0.0
i111,e04,c1,p02,l1,0.0
i111,e04,c1,p02,l3,0.0
i111,e04,c1,p03,l3,0.0
i111,e04,c1,p04,l3,0.0
i111,e04,c1,p05,l3,0.0
i111,e04,c1,p07,l1,0.0
i111,e04,c1,p07,l3,0.0
i111,e04,c1,p08,l3,0.0
i111,e04,c1,p09,l1,0.0
i111,e04,c1,p09,l3,0.0
i111,e04,c1,p10,l1,0.0
i111,e04,c1,p10,l3,0.0
i111,e04,c1,p11,l1,0.0
i111,e04,c1,p11,l3,0.0
i111,e04,c1,p12,l1,0.0
i111,e04,c1,p12,l3,0.0
i111,e04,c1,p13,l3,0.0
i111,e04,c1,p14,l3,0.0
i111,e04,c1,p15,l1,0.0
i111,e04,c1,p15,l3,0.0
i111,e04,c1,p17,l3,0.0
i111,e04,c1,p18,l1,0.0
i111,e04,c1,p18,l3,0.0
i111,e04,c1,p19,l1,0.0
i111,e04,c1,p19,l3,0.0
i111,e04,c1,p21,l1,0.0
i111,e04,c1,p21,l3,0.0
i111,e04,c1,p22,l1,0.0
i111,e04,c1,p22,l3,0.0
i111,e04,c1,p23,l1,0.0
i111,e04,c1,p23,l3,0.0
i111,e04,c1,p25,l3,0.0
i111,e04,c1,p26,l3,0.0
i111,e04,c1,p28,l3,0.0
i111,e04,c1,p29,l1,0.0
i111,e04,c1,p29,l3,0.0
i111,e04,c1,p35,l1,0.0
i111,e04,c1,p35,l3,0.0
i111,e04,c4,p07,l3,0.0
i111,e04,c4,p23,l3,0.0
i111,e05,c1,p01,l3,0.0
i111,e05,c1,p07,l3,0.0
i111,e05,c1,p10,l3,0.0
i111,e05,c1,p11,l1,0.0
i111,e05,c1,p11,l3,0.0
i111,e05,c1,p12,l3,0.0
i111,e05,c1,p21,l3,0.0
i111,e05,c1,p22,l3,0.0
i111,e05,c1,p29,l3,0.0
i111,e05,c1,p35,l3,0.0
i111,e08,c1,p01,l3,0.0
i111,e08,c1,p02,l3,0.0
i111,e08,c1,p03,l3,0.0
i111,e08,c1,p04,l3,0.0
i111,e08,c1,p05,l3,0.0
i111,e08,c1,p07,l2,0.0
i111,e08,c1,p07,l3,0.0
i111,e08,c1,p08,l3,0.0
i111,e08,c1,p09,l2,0.0
i111,e08,c1,p09,l3,0.0
i111,e08,c1,p10,l2,0.0
i111,e08,c1,p10,l3,0.0
i111,e08,c1,p11,l2,0.0
i111,e08,c1,p11,l3,0.0
i111,e08,c1,p12,l2,0.0
i111,e08,c1,p12,l3,0.0
i111,e08,c1,p13,l3,0.0
i111,e08,c1,p14,l3,0.0
i111,e08,c1,p15,l3,0.0
i111,e08,c1,p17,l2,0.0
i111,e08,c1,p17,l3,0.0
i111,e08,c1,p18,l3,0.0
i111,e08,c1,p19,l2,0.0
i111,e08,c1,p19,l3,0.0
i111,e08,c1,p21,l2,0.0
i111,e08,c1,p21,l3,0.0
i111,e08,c1,p22,l2,0.0
i111,e08,c1,p22,l3,0.0
i111,e08,c1,p23,l3,0.0
i111,e08,c1,p24,l3,0.0
i111,e08,c1,p25,l3,0.0
i111,e08,c1,p29,l2,0.0
i111,e08,c1,p29,l3,0.0
i111,e08,c1,p35,l2,0.0
i111,e08,c1,p35,l3,0.0
i111,e08,c4,p07,l3,0.0
i111,e08,c4,p23,l3,0.0
i111,e09,c1,p01,l3,0.0
i111,e09,c1,p02,l3,0.0
i111,e09,c1,p03,l2,0.0
i111,e09,c1,p03,l3,0.0
i111,e09,c1,p04,l3,0.0
i111,e09,c1,p07,l2,0.0
i111,e09,c1,p07,l3,0.0
i111,e09,c1,p08,l3,0.0
i111,e09,c1,p09,l2,0.0
i111,e09,c1,p09,l3,0.0
i111,e09,c1,p10,l2,0.0
i111,e09,c1,p10,l3,0.0
i111,e09,c1,p11,l2,0.0
i111,e09,c1,p11,l3,0.0
i111,e09,c1,p12,l2,0.0
i111,e09,c1,p12,l3,0.0
i111,e09,c1,p13,l3,0.0
i111,e09,c1,p14,l3,0.0
i111,e09,c1,p15,l2,0.0
i111,e09,c1,p15,l3,0.0
i111,e09,c1,p17,l3,0.0
i111,e09,c1,p18,l2,0.0
i111,e09,c1,p18,l3,0.0
i111,e09,c1,p19,l2,0.0
i111,e09,c1,p19,l3,0.0
i111,e09,c1,p21,l2,0.0
i111,e09,c1,p21,l3,0.0
i111,e09,c1,p22,l2,0.0
i111,e09,c1,p22,l3,0.0
i111,e09,c1,p23,l2,0.0
i111,e09,c1,p23,l3,0.0
i111,e09,c1,p24,l3,0.0
i111,e09,c1,p25,l3,0.0
i111,e09,c1,p29,l2,0.0
i111,e09,c1,p29,l3,0.0
i111,e09,c1,p35,l2,0.0
i111,e09,c1,p35,l3,0.0
i111,e11,c1,p01,l3,0.0
i111,e11,c1,p02,l2,0.0
i111,e11,c1,p03,l3,0.0
i111,e11,c1,p07,l3,0.0
i111,e11,c1,p09,l3,0.0
i111,e11,c1,p10,l3,0.0
i111,e11,c1,p11,l2,0.0
i111,e11,c1,p11,l3,0.0
i111,e11,c1,p12,l3,0.0
i111,e11,c1,p15,l3,0.0
i111,e11,c1,p19,l2,0.0
i111,e11,c1,p19,l3,0.0
i111,e11,c1,p21,l2,0.0
i111,e11,c1,p23,l2,0.0
i111,e11,c1,p23,l3,0.0
i111,e11,c1,p24,l3,0.0
i111,e11,c1,p25,l3,0.0
i111,e11,c1,p29,l2,0.0
i111,e11,c1,p29,l3,0.0
i111,e11,c1,p35,l2,0.0
i112,e02,c3,p03,l3,0.0
i112,e02,c5,p01,l3,0.0
i112,e02,c5,p02,l3,0.0
i112,e02,c5,p03,l3,0.0
i112,e02,c5,p10,l3,0.0
i112,e02,c5,p12,l3,0.0
i112,e02,c5,p19,l3,0.0
i112,e02,c5,p21,l3,0.0
i112,e02,c5,p29,l3,0.0
i112,e05,c5,p01,l1,0.0
i112,e05,c5,p01,l3,0.0
i112,e05,c5,p02,l1,0.0
i112,e05,c5,p02,l3,0.0
i112,e05,c5,p03,l3,0.0
i112,e05,c5,p04,l3,0.0
i112,e05,c5,p05,l1,0.0
i112,e05,c5,p05,l3,0.0
i112,e05,c5,p06,l3,0.0
i112,e05,c5,p07,l3,0.0
i112,e05,c5,p08,l3,0.0
i112,e05,c5,p09,l1,0.0
i112,e05,c5,p09,l3,0.0
i112,e05,c5,p10,l1,0.0
i112,e05,c5,p10,l3,0.0
i112,e05,c5,p11,l1,0.0
i112,e05,c5,p11,l3,0.0
i112,e05,c5,p12,l1,0.0
i112,e05,c5,p12,l3,0.0
i112,e05,c5,p13,l3,0.0
i112,e05,c5,p14,l3,0.0
i112,e05,c5,p15,l1,0.0
i112,e05,c5,p15,l3,0.0
i112,e05,c5,p18,l3,0.0
i112,e05,c5,p19,l1,0.0
i112,e05,c5,p19,l3,0.0
i112,e05,c5,p21,l1,0.0
i112,e05,c5,p21,l3,0.0
i112,e05,c5,p22,l1,0.0
i112,e05,c5,p22,l3,0.0
i112,e05,c5,p23,l3,0.0
i112,e05,c5,p24,l1,0.0
i112,e05,c5,p24,l3,0.0
i112,e05,c5,p28,l3,0.0
i112,e05,c5,p29,l1,0.0
i112,e05,c5,p29,l3,0.0
i112,e05,c5,p35,l1,0.0
i112,e05,c5,p35,l3,0.0
i113,e01,c5,p10,l3,0.0
i113,e01,c5,p35,l3,0.0
i113,e04,c5,p01,l3,0.0
i113,e04,c5,p10,l3,0.0
i113,e04,c5,p11,l3,0.0
i113,e04,c5,p18,l3,0.0
i113,e04,c5,p35,l3,0.0
i113,e05,c5,p10,l3,0.0
i113,e05,c5,p18,l3,0.0
i113,e05,c5,p35,l3,0.0
i113,e08,c5,p01,l3,0.0
i113,e08,c5,p10,l3,0.0
i113,e08,c5,p35,l3,0.0
i113,e09,c5,p10,l3,0.0
i113,e09,c5,p11,l3,0.0
i113,e09,c5,p18,l3,0.0
i113,e09,c5,p35,l3,0.0
i113,e11,c5,p10,l3,0.0
i114,e01,c3,p35,l3,0.0
i114,e01,c5,p09,l3,0.0
i114,e01,c5,p10,l3,0.0
i114,e01,c5,p19,l3,0.0
i114,e01,c5,p35,l3,0.0
i114,e04,c3,p35,l3,0.0
i114,e04,c5,p10,l3,0.0
i114,e04,c5,p19,l3,0.0
i114,e04,c5,p35,l3,0.0
i114,e05,c5,p12,l3,0.0
i114,e05,c5,p35,l3,0.0
i114,e09,c3,p35,l3,0.0
i114,e09,c5,p10,l3,0.0
i114,e09,c5,p35,l3,0.0
i115,e02,c5,p35,l3,0.0
i115,e05,c5,p10,l3,0.0
i115,e05,c5,p35,l3,0.0
i115,e13,c5,p10,l3,0.0
i115,e13,c5,p35,l3,0.0
i116,e01,c1,p05,l3,0.0
i116,e01,c1,p10,l3,0.0
i116,e01,c1,p11,l3,0.0
i116,e01,c1,p19,l3,0.0
i116,e01,c1,p35,l3,0.0
i116,e01,c4,p10,l3,0.0
i116,e04,c1,p05,l3,0.0
i116,e04,c1,p10,l3,0.0
i116,e04,c1,p11,l3,0.0
i116,e04,c1,p29,l3,0.0
i116,e04,c1,p35,l3,0.0
i116,e04,c4,p10,l3,0.0
i116,e09,c1,p05,l3,0.0
i116,e09,c1,p10,l3,0.0
i116,e09,c1,p19,l3,0.0
i116,e09,c1,p35,l3,0.0
i116,e09,c4,p10,l3,0.0
i117,e01,c1,p10,l3,0.0
i117,e01,c1,p35,l3,0.0
i117,e04,c1,p10,l1,0.0
i117,e04,c1,p10,l3,0.0
i117,e04,c1,p35,l3,0.0
i117,e07,c1,p10,l2,0.0
i117,e07,c1,p10,l3,0.0
i117,e07,c1,p35,l3,0.0
i117,e08,c1,p10,l3,0.0
i117,e08,c1,p35,l3,0.0
i117,e09,c1,p10,l2,0.0
i117,e09,c1,p10,l3,0.0
i117,e09,c1,p35,l3,0.0
i117,e10,c1,p10,l2,0.0
i117,e10,c1,p10,l3,0.0
i117,e11,c1,p10,l2,0.0
i117,e11,c1,p10,l3,0.0
i117,e11,c1,p35,l3,0.0
i117,e12,c1,p10,l3,0.0
i118,e02,c5,p10,l3,0.0
i118,e02,c5,p12,l3,0.0
i118,e02,c5,p21,l3,0.0
i118,e02,c5,p35,l3,0.0
i118,e05,c5,p01,l3,0.0
i118,e05,c5,p08,l3,0.0
i118,e05,c5,p10,l3,0.0
i118,e05,c5,p11,l3,0.0
i118,e05,c5,p12,l3,0.0
i118,e05,c5,p21,l3,0.0
i118,e05,c5,p28,l3,0.0
i119,e01,c5,p10,l3,0.0
i119,e01,c5,p35,l3,0.0
i119,e04,c5,p35,l3,0.0
i119,e05,c3,p35,l3,0.0
i119,e05,c5,p01,l3,0.0
i119,e05,c5,p10,l3,0.0
i119,e05,c5,p21,l3,0.0
i119,e05,c5,p35,l3,0.0
i119,e09,c5,p10,l3,0.0
i119,e09,c5,p35,l3,0.0
i12,e01,c3,p01,l3,0.0
i12,e01,c3,p03,l3,0.0
i12,e01,c3,p05,l3,0.0
i12,e01,c3,p10,l3,0.0
i12,e01,c3,p12,l3,0.0
i12,e01,c3,p13,l3,0.0
i12,e01,c3,p14,l3,0.0
i12,e01,c3,p16,l3,0.0
i12,e01,c3,p17,l3,0.0
i12,e01,c3,p18,l3,0.0
i12,e01,c3,p19,l3,0.0
i12,e01,c3,p21,l3,0.0
i12,e01,c3,p22,l3,0.0
i12,e01,c3,p28,l3,0.0
i12,e01,c3,p29,l3,0.0
i12,e01,c3,p33,l3,0.0
i12,e01,c3,p35,l3,0.0
i12,e01,c5,p01,l3,2.0
i12,e01,c5,p02,l3,0.0
i12,e01,c5,p03,l3,0.0
i12,e01,c5,p04,l3,0.0
i12,e01,c5,p05,l3,0.0
i12,e01,c5,p06,l3,1.0
i12,e01,c5,p07,l3,0.0
i12,e01,c5,p08,l3,0.0
i12,e01,c5,p09,l3,0.0
i12,e01,c5,p10,l3,1.0
i12,e01,c5,p11,l3,0.0
i12,e01,c5,p12,l3,0.0
i12,e01,c5,p13,l3,3.0
i12,e01,c5,p14,l3,0.0
i12,e01,c5,p15,l3,0.0
i12,e01,c5,p16,l3,0.0
i12,e01,c5,p17,l3,0.0
i12,e01,c5,p18,l3,1.0
i12,e01,c5,p19,l3,5.0
i12,e01,c5,p20,l3,0.0
i12,e01,c5,p21,l3,2.0
i12,e01,c5,p22,l3,1.0
i12,e01,c5,p23,l3,0.0
i12,e01,c5,p24,l3,0.0
i12,e01,c5,p25,l3,0.0
i12,e01,c5,p26,l3,0.0
i12,e01,c5,p27,l3,0.0
i12,e01,c5,p28,l3,0.0
i12,e01,c5,p29,l3,0.0
i12,e01,c5,p30,l3,0.0
i12,e01,c5,p31,l3,0.0
i12,e01,c5,p32,l3,0.0
i12,e01,c5,p33,l3,0.0
i12,e01,c5,p35,l3,0.0
i12,e04,c3,p01,l1,0.0
i12,e04,c3,p01,l3,0.0
i12,e04,c3,p03,l1,0.0
i12,e04,c3,p03,l3,0.0
i12,e04,c3,p05,l3,0.0
i12,e04,c3,p10,l1,0.0
i12,e04,c3,p10,l3,0.0
i12,e04,c3,p11,l3,0.0
i12,e04,c3,p12,l3,0.0
i12,e04,c3,p13,l3,0.0
i12,e04,c3,p14,l3,0.0
i12,e04,c3,p16,l1,0.0
i12,e04,c3,p16,l3,0.0
i12,e04,c3,p17,l3,0.0
i12,e04,c3,p18,l1,0.0
i12,e04,c3,p18,l3,0.0
i12,e04,c3,p19,l1,0.0
i12,e04,c3,p19,l3,0.0
i12,e04,c3,p21,l1,0.0
i12,e04,c3,p21,l3,0.0
i12,e04,c3,p22,l3,0.0
i12,e04,c3,p24,l3,0.0
i12,e04,c3,p28,l3,0.0
i12,e04,c3,p29,l1,0.0
i12,e04,c3,p33,l3,0.0
i12,e04,c3,p35,l3,0.0
i12,e04,c5,p01,l1,0.0
i12,e04,c5,p01,l3,3.0
i12,e04,c5,p02,l1,0.0
i12,e04,c5,p02,l3,0.0
i12,e04,c5,p03,l1,0.0
i12,e04,c5,p03,l3,0.0
i12,e04,c5,p04,l1,0.0
i12,e04,c5,p04,l3,0.0
i12,e04,c5,p05,l1,0.0
i12,e04,c5,p05,l3,2.0
i12,e04,c5,p06,l1,0.0
i12,e04,c5,p06,l3,1.0
i12,e04,c5,p07,l1,0.0
i12,e04,c5,p07,l3,0.0
i12,e04,c5,p08,l1,0.0
i12,e04,c5,p08,l3,0.0
i12,e04,c5,p09,l1,0.0
i12,e04,c5,p09,l3,0.0
i12,e04,c5,p10,l1,0.0
i12,e04,c5,p10,l3,1.0
i12,e04,c5,p11,l1,0.0
i12,e04,c5,p11,l3,1.0
i12,e04,c5,p12,l1,0.0
i12,e04,c5,p12,l3,0.0
i12,e04,c5,p13,l1,0.0
i12,e04,c5,p13,l3,7.0
i12,e04,c5,p14,l1,0.0
i12,e04,c5,p14,l3,1.0
i12,e04,c5,p15,l1,0.0
i12,e04,c5,p15,l3,0.0
i12,e04,c5,p16,l1,0.0
i12,e04,c5,p16,l3,4.0
i12,e04,c5,p17,l1,0.0
i12,e04,c5,p17,l3,3.0
i12,e04,c5,p18,l1,0.0
i12,e04,c5,p18,l3,0.0
i12,e04,c5,p19,l1,0.0
i12,e04,c5,p19,l3,19.0
i12,e04,c5,p20,l1,0.0
i12,e04,c5,p20,l3,0.0
i12,e04,c5,p21,l1,0.0
i12,e04,c5,p21,l3,1.0
i12,e04,c5,p22,l1,0.0
i12,e04,c5,p22,l3,1.0
i12,e04,c5,p23,l1,0.0
i12,e04,c5,p23,l3,0.0
i12,e04,c5,p24,l1,0.0
i12,e04,c5,p24,l3,0.0
i12,e04,c5,p25,l1,0.0
i12,e04,c5,p25,l3,0.0
i12,e04,c5,p26,l1,0.0
i12,e04,c5,p26,l3,0.0
i12,e04,c5,p27,l1,0.0
i12,e04,c5,p27,l3,0.0
i12,e04,c5,p28,l1,0.0
i12,e04,c5,p28,l3,0.0
i12,e04,c5,p29,l1,0.0
i12,e04,c5,p29,l3,0.0
i12,e04,c5,p30,l3,0.0
i12,e04,c5,p31,l1,0.0
i12,e04,c5,p31,l3,0.0
i12,e04,c5,p32,l1,0.0
i12,e04,c5,p32,l3,0.0
i12,e04,c5,p33,l1,0.0
i12,e04,c5,p33,l3,0.0
i12,e04,c5,p35,l1,0.0
i12,e04,c5,p35,l3,0.0
i12,e05,c3,p10,l3,0.0
i12,e05,c3,p12,l3,0.0
i12,e05,c5,p01,l1,0.0
i12,e05,c5,p01,l3,0.0
i12,e05,c5,p03,l1,0.0
i12,e05,c5,p03,l3,0.0
i12,e05,c5,p04,l1,0.0
i12,e05,c5,p04,l3,0.0
i12,e05,c5,p05,l1,0.0
i12,e05,c5,p05,l3,0.0
i12,e05,c5,p06,l3,0.0
i12,e05,c5,p07,l3,0.0
i12,e05,c5,p08,l3,0.0
i12,e05,c5,p09,l3,0.0
i12,e05,c5,p10,l1,0.0
i12,e05,c5,p10,l3,0.0
i12,e05,c5,p11,l1,0.0
i12,e05,c5,p11,l3,0.0
i12,e05,c5,p12,l1,0.0
i12,e05,c5,p12,l3,0.0
i12,e05,c5,p13,l1,0.0
i12,e05,c5,p13,l3,0.0
i12,e05,c5,p14,l3,0.0
i12,e05,c5,p15,l1,0.0
i12,e05,c5,p15,l3,0.0
i12,e05,c5,p16,l1,0.0
i12,e05,c5,p16,l3,0.0
i12,e05,c5,p17,l1,0.0
i12,e05,c5,p17,l3,0.0
i12,e05,c5,p18,l1,0.0
i12,e05,c5,p18,l3,0.0
i12,e05,c5,p19,l1,0.0
i12,e05,c5,p19,l3,0.0
i12,e05,c5,p21,l1,0.0
i12,e05,c5,p21,l3,0.0
i12,e05,c5,p22,l1,0.0
i12,e05,c5,p22,l3,0.0
i12,e05,c5,p23,l3,0.0
i12,e05,c5,p24,l1,0.0
i12,e05,c5,p25,l3,0.0
i12,e05,c5,p28,l3,0.0
i12,e05,c5,p29,l3,0.0
i12,e05,c5,p32,l3,0.0
i12,e05,c5,p35,l1,0.0
i12,e05,c5,p35,l3,0.0
i12,e07,c5,p10,l3,0.0
i12,e07,c5,p13,l3,0.0
i12,e07,c5,p16,l3,0.0
i12,e07,c5,p19,l3,0.0
i12,e07,c5,p28,l2,0.0
i12,e08,c3,p01,l2,0.0
i12,e08,c3,p01,l3,0.0
i12,e08,c3,p03,l2,0.0
i12,e08,c3,p03,l3,0.0
i12,e08,c3,p05,l3,0.0
i12,e08,c3,p10,l2,0.0
i12,e08,c3,p10,l3,0.0
i12,e08,c3,p11,l3,0.0
i12,e08,c3,p12,l3,0.0
i12,e08,c3,p13,l3,0.0
i12,e08,c3,p14,l3,0.0
i12,e08,c3,p16,l2,0.0
i12,e08,c3,p16,l3,0.0
i12,e08,c3,p17,l3,0.0
i12,e08,c3,p18,l2,0.0
i12,e08,c3,p18,l3,0.0
i12,e08,c3,p19,l2,0.0
i12,e08,c3,p19,l3,0.0
i12,e08,c3,p21,l2,0.0
i12,e08,c3,p21,l3,0.0
i12,e08,c3,p22,l3,0.0
i12,e08,c3,p24,l3,0.0
i12,e08,c3,p28,l3,0.0
i12,e08,c3,p29,l2,0.0
i12,e08,c3,p31,l3,0.0
i12,e08,c3,p33,l3,0.0
i12,e08,c3,p35,l3,0.0
i12,e08,c5,p01,l2,0.0
i12,e08,c5,p01,l3,1.0
i12,e08,c5,p02,l2,0.0
i12,e08,c5,p02,l3,0.0
i12,e08,c5,p03,l2,0.0
i12,e08,c5,p03,l3,0.0
i12,e08,c5,p04,l2,0.0
i12,e08,c5,p04,l3,0.0
i12,e08,c5,p05,l2,0.0
i12,e08,c5,p05,l3,1.0
i12,e08,c5,p06,l2,0.0
i12,e08,c5,p06,l3,1.0
i12,e08,c5,p07,l2,0.0
i12,e08,c5,p07,l3,0.0
i12,e08,c5,p08,l2,0.0
i12,e08,c5,p08,l3,0.0
i12,e08,c5,p09,l2,0.0
i12,e08,c5,p09,l3,0.0
i12,e08,c5,p10,l2,0.0
i12,e08,c5,p10,l3,0.0
i12,e08,c5,p11,l2,0.0
i12,e08,c5,p11,l3,0.0
i12,e08,c5,p12,l2,0.0
i12,e08,c5,p12,l3,0.0
i12,e08,c5,p13,l2,0.0
i12,e08,c5,p13,l3,7.0
i12,e08,c5,p14,l2,0.0
i12,e08,c5,p14,l3,0.0
i12,e08,c5,p15,l2,0.0
i12,e08,c5,p15,l3,0.0
i12,e08,c5,p16,l2,0.0
i12,e08,c5,p16,l3,4.0
i12,e08,c5,p17,l2,0.0
i12,e08,c5,p17,l3,4.0
i12,e08,c5,p18,l2,0.0
i12,e08,c5,p18,l3,0.0
i12,e08,c5,p19,l2,0.0
i12,e08,c5,p19,l3,17.0
i12,e08,c5,p20,l2,0.0
i12,e08,c5,p20,l3,0.0
i12,e08,c5,p21,l2,0.0
i12,e08,c5,p21,l3,0.0
i12,e08,c5,p22,l2,0.0
i12,e08,c5,p22,l3,0.0
i12,e08,c5,p23,l2,0.0
i12,e08,c5,p23,l3,0.0
i12,e08,c5,p24,l2,0.0
i12,e08,c5,p24,l3,0.0
i12,e08,c5,p25,l2,0.0
i12,e08,c5,p25,l3,0.0
i12,e08,c5,p26,l2,0.0
i12,e08,c5,p26,l3,0.0
i12,e08,c5,p28,l2,0.0
i12,e08,c5,p28,l3,0.0
i12,e08,c5,p29,l2,0.0
i12,e08,c5,p29,l3,0.0
i12,e08,c5,p30,l3,0.0
i12,e08,c5,p31,l2,0.0
i12,e08,c5,p31,l3,0.0
i12,e08,c5,p32,l2,0.0
i12,e08,c5,p32,l3,0.0
i12,e08,c5,p33,l2,0.0
i12,e08,c5,p33,l3,0.0
i12,e08,c5,p35,l2,0.0
i12,e08,c5,p35,l3,0.0
i12,e09,c3,p01,l2,0.0
i12,e09,c3,p01,l3,0.0
i12,e09,c3,p03,l2,0.0
i12,e09,c3,p03,l3,0.0
i12,e09,c3,p05,l2,0.0
i12,e09,c3,p05,l3,0.0
i12,e09,c3,p10,l2,0.0
i12,e09,c3,p10,l3,0.0
i12,e09,c3,p12,l3,0.0
i12,e09,c3,p13,l3,0.0
i12,e09,c3,p14,l3,0.0
i12,e09,c3,p16,l2,0.0
i12,e09,c3,p16,l3,0.0
i12,e09,c3,p17,l3,0.0
i12,e09,c3,p18,l2,0.0
i12,e09,c3,p18,l3,0.0
i12,e09,c3,p19,l2,0.0
i12,e09,c3,p19,l3,0.0
i12,e09,c3,p21,l2,0.0
i12,e09,c3,p21,l3,0.0
i12,e09,c3,p22,l3,0.0
i12,e09,c3,p28,l3,0.0
i12,e09,c3,p29,l2,0.0
i12,e09,c3,p33,l3,0.0
i12,e09,c3,p35,l3,0.0
i12,e09,c5,p01,l2,0.0
i12,e09,c5,p01,l3,0.0
i12,e09,c5,p02,l2,0.0
i12,e09,c5,p02,l3,0.0
i12,e09,c5,p03,l2,0.0
i12,e09,c5,p03,l3,0.0
i12,e09,c5,p04,l2,0.0
i12,e09,c5,p04,l3,0.0
i12,e09,c5,p05,l2,0.0
i12,e09,c5,p05,l3,0.0
i12,e09,c5,p06,l2,0.0
i12,e09,c5,p06,l3,3.0
i12,e09,c5,p07,l2,0.0
i12,e09,c5,p07,l3,0.0
i12,e09,c5,p08,l2,0.0
i12,e09,c5,p08,l3,0.0
i12,e09,c5,p09,l2,0.0
i12,e09,c5,p09,l3,0.0
i12,e09,c5,p10,l2,0.0
i12,e09,c5,p10,l3,0.0
i12,e09,c5,p11,l2,0.0
i12,e09,c5,p11,l3,0.0
i12,e09,c5,p12,l2,0.0
i12,e09,c5,p12,l3,0.0
i12,e09,c5,p13,l2,0.0
i12,e09,c5,p13,l3,6.0
i12,e09,c5,p14,l2,0.0
i12,e09,c5,p14,l3,0.0
i12,e09,c5,p15,l2,0.0
i12,e09,c5,p15,l3,0.0
i12,e09,c5,p16,l2,0.0
i12,e09,c5,p16,l3,0.0
i12,e09,c5,p17,l2,0.0
i12,e09,c5,p17,l3,0.0
i12,e09,c5,p18,l2,0.0
i12,e09,c5,p18,l3,0.0
i12,e09,c5,p19,l2,0.0
i12,e09,c5,p19,l3,3.0
i12,e09,c5,p20,l2,0.0
i12,e09,c5,p20,l3,0.0
i12,e09,c5,p21,l2,0.0
i12,e09,c5,p21,l3,0.0
i12,e09,c5,p22,l2,0.0
i12,e09,c5,p22,l3,1.0
i12,e09,c5,p23,l2,0.0
i12,e09,c5,p23,l3,0.0
i12,e09,c5,p24,l2,0.0
i12,e09,c5,p24,l3,0.0
i12,e09,c5,p25,l2,0.0
i12,e09,c5,p25,l3,0.0
i12,e09,c5,p26,l2,0.0
i12,e09,c5,p26,l3,0.0
i12,e09,c5,p27,l2,0.0
i12,e09,c5,p27,l3,0.0
i12,e09,c5,p28,l2,0.0
i12,e09,c5,p28,l3,0.0
i12,e09,c5,p29,l2,0.0
i12,e09,c5,p29,l3,0.0
i12,e09,c5,p30,l3,0.0
i12,e09,c5,p31,l2,0.0
i12,e09,c5,p31,l3,0.0
i12,e09,c5,p32,l2,0.0
i12,e09,c5,p32,l3,0.0
i12,e09,c5,p33,l2,0.0
i12,e09,c5,p33,l3,0.0
i12,e09,c5,p35,l2,0.0
i12,e09,c5,p35,l3,0.0
i12,e11,c5,p01,l3,0.0
i12,e11,c5,p13,l3,0.0
i12,e12,c3,p01,l3,0.0
i12,e12,c3,p03,l3,0.0
i12,e12,c3,p10,l3,0.0
i12,e12,c3,p16,l3,0.0
i12,e12,c3,p19,l3,0.0
i12,e12,c3,p35,l3,0.0
i12,e12,c5,p01,l3,0.0
i12,e12,c5,p02,l3,0.0
i12,e12,c5,p03,l3,0.0
i12,e12,c5,p04,l3,0.0
i12,e12,c5,p05,l3,0.0
i12,e12,c5,p06,l3,0.0
i12,e12,c5,p07,l3,0.0
i12,e12,c5,p08,l3,0.0
i12,e12,c5,p09,l3,0.0
i12,e12,c5,p10,l3,0.0
i12,e12,c5,p11,l3,0.0
i12,e12,c5,p12,l3,0.0
i12,e12,c5,p13,l3,0.0
i12,e12,c5,p14,l3,0.0
i12,e12,c5,p15,l3,0.0
i12,e12,c5,p16,l3,0.0
i12,e12,c5,p17,l3,0.0
i12,e12,c5,p18,l3,0.0
i12,e12,c5,p19,l3,0.0
i12,e12,c5,p20,l3,0.0
i12,e12,c5,p21,l3,0.0
i12,e12,c5,p22,l3,0.0
i12,e12,c5,p23,l3,0.0
i12,e12,c5,p24,l3,0.0
i12,e12,c5,p25,l3,0.0
i12,e12,c5,p28,l3,0.0
i12,e12,c5,p29,l3,0.0
i12,e12,c5,p31,l3,0.0
i12,e12,c5,p32,l3,0.0
i12,e12,c5,p33,l3,0.0
i12,e12,c5,p35,l3,0.0
i120,e01,c5,p10,l3,0.0
i120,e01,c5,p35,l3,0.0
i120,e03,c5,p10,l3,0.0
i120,e03,c5,p35,l3,0.0
i120,e04,c5,p10,l3,0.0
i120,e04,c5,p35,l3,0.0
i120,e05,c5,p10,l3,0.0
i120,e05,c5,p35,l3,0.0
i120,e08,c5,p10,l3,0.0
i120,e08,c5,p35,l3,0.0
i120,e09,c5,p10,l3,0.0
i120,e12,c5,p10,l3,0.0
i120,e12,c5,p35,l3,0.0
i121,e01,c3,p01,l3,0.0
i121,e01,c5,p01,l3,0.0
i121,e01,c5,p02,l3,0.0
i121,e01,c5,p03,l3,0.0
i121,e01,c5,p07,l3,0.0
i121,e01,c5,p10,l3,0.0
i121,e01,c5,p11,l3,0.0
i121,e01,c5,p12,l3,0.0
i121,e01,c5,p14,l3,0.0
i121,e01,c5,p15,l3,0.0
i121,e01,c5,p17,l3,0.0
i121,e01,c5,p19,l3,0.0
i121,e01,c5,p21,l3,0.0
i121,e01,c5,p35,l3,0.0
i121,e04,c3,p01,l3,0.0
i121,e04,c5,p02,l3,0.0
i121,e04,c5,p03,l3,0.0
i121,e04,c5,p04,l1,0.0
i121,e04,c5,p05,l3,0.0
i121,e04,c5,p07,l3,0.0
i121,e04,c5,p09,l3,0.0
i121,e04,c5,p10,l1,0.0
i121,e04,c5,p10,l3,0.0
i121,e04,c5,p11,l1,0.0
i121,e04,c5,p11,l3,0.0
i121,e04,c5,p14,l3,0.0
i121,e04,c5,p15,l1,0.0
i121,e04,c5,p19,l3,0.0
i121,e04,c5,p21,l1,0.0
i121,e04,c5,p21,l3,0.0
i121,e04,c5,p22,l3,0.0
i121,e04,c5,p29,l3,0.0
i121,e04,c5,p35,l1,0.0
i121,e04,c5,p35,l3,0.0
i121,e05,c5,p01,l3,0.0
i121,e05,c5,p02,l1,0.0
i121,e05,c5,p02,l3,0.0
i121,e05,c5,p10,l3,0.0
i121,e05,c5,p14,l3,0.0
i121,e08,c3,p01,l3,0.0
i121,e08,c5,p01,l2,0.0
i121,e08,c5,p01,l3,0.0
i121,e08,c5,p02,l2,0.0
i121,e08,c5,p02,l3,0.0
i121,e08,c5,p03,l2,0.0
i121,e08,c5,p03,l3,0.0
i121,e08,c5,p04,l2,0.0
i121,e08,c5,p07,l3,0.0
i121,e08,c5,p09,l3,0.0
i121,e08,c5,p10,l2,0.0
i121,e08,c5,p10,l3,0.0
i121,e08,c5,p11,l2,0.0
i121,e08,c5,p11,l3,0.0
i121,e08,c5,p12,l3,0.0
i121,e08,c5,p13,l3,0.0
i121,e08,c5,p14,l2,0.0
i121,e08,c5,p14,l3,0.0
i121,e08,c5,p15,l2,0.0
i121,e08,c5,p17,l3,0.0
i121,e08,c5,p18,l3,0.0
i121,e08,c5,p19,l3,0.0
i121,e08,c5,p20,l3,0.0
i121,e08,c5,p21,l2,0.0
i121,e08,c5,p21,l3,0.0
i121,e08,c5,p22,l3,0.0
i121,e08,c5,p29,l3,0.0
i121,e08,c5,p35,l2,0.0
i121,e08,c5,p35,l3,0.0
i121,e09,c3,p01,l3,0.0
i121,e09,c5,p01,l2,0.0
i121,e09,c5,p01,l3,0.0
i121,e09,c5,p02,l3,0.0
i121,e09,c5,p03,l3,0.0
i121,e09,c5,p04,l2,0.0
i121,e09,c5,p05,l3,0.0
i121,e09,c5,p07,l3,0.0
i121,e09,c5,p10,l2,0.0
i121,e09,c5,p10,l3,0.0
i121,e09,c5,p11,l2,0.0
i121,e09,c5,p11,l3,0.0
i121,e09,c5,p12,l3,0.0
i121,e09,c5,p13,l3,0.0
i121,e09,c5,p14,l3,0.0
i121,e09,c5,p19,l3,0.0
i121,e09,c5,p22,l3,0.0
i121,e09,c5,p35,l3,0.0
i121,e12,c5,p01,l3,0.0
i121,e12,c5,p02,l3,0.0
i121,e12,c5,p03,l3,0.0
i121,e12,c5,p07,l3,0.0
i121,e12,c5,p09,l3,0.0
i121,e12,c5,p10,l3,0.0
i121,e12,c5,p11,l3,0.0
i121,e12,c5,p12,l3,0.0
i121,e12,c5,p13,l3,0.0
i121,e12,c5,p14,l3,0.0
i121,e12,c5,p17,l3,0.0
i121,e12,c5,p19,l3,0.0
i121,e12,c5,p20,l3,0.0
i121,e12,c5,p21,l3,0.0
i121,e12,c5,p22,l3,0.0
i121,e12,c5,p28,l3,0.0
i121,e12,c5,p29,l3,0.0
i121,e12,c5,p35,l3,0.0
i122,e05,c5,p05,l3,0.0
i122,e05,c5,p11,l3,0.0
i122,e05,c5,p15,l3,0.0
i122,e05,c5,p35,l3,0.0
i123,e01,c3,p02,l3,0.0
i123,e01,c3,p03,l3,0.0
i123,e01,c3,p11,l3,0.0
i123,e01,c3,p29,l3,0.0
i123,e01,c3,p35,l3,0.0
i123,e01,c5,p01,l3,0.0
i123,e01,c5,p02,l3,0.0
i123,e01,c5,p03,l3,0.0
i123,e01,c5,p04,l3,0.0
i123,e01,c5,p05,l3,0.0
i123,e01,c5,p06,l3,0.0
i123,e01,c5,p07,l3,0.0
i123,e01,c5,p08,l3,0.0
i123,e01,c5,p09,l3,0.0
i123,e01,c5,p10,l3,0.0
i123,e01,c5,p11,l3,0.0
i123,e01,c5,p12,l3,0.0
i123,e01,c5,p14,l3,0.0
i123,e01,c5,p15,l3,0.0
i123,e01,c5,p16,l3,0.0
i123,e01,c5,p17,l3,0.0
i123,e01,c5,p18,l3,0.0
i123,e01,c5,p19,l3,0.0
i123,e01,c5,p20,l3,0.0
i123,e01,c5,p21,l3,0.0
i123,e01,c5,p22,l3,0.0
i123,e01,c5,p23,l3,0.0
i123,e01,c5,p24,l3,0.0
i123,e01,c5,p25,l3,0.0
i123,e01,c5,p28,l3,0.0
i123,e01,c5,p29,l3,0.0
i123,e01,c5,p32,l3,0.0
i123,e01,c5,p35,l3,0.0
i123,e04,c3,p01,l3,0.0
i123,e04,c3,p02,l3,0.0
i123,e04,c3,p03,l3,0.0
i123,e04,c3,p07,l3,0.0
i123,e04,c3,p11,l3,0.0
i123,e04,c3,p29,l3,0.0
i123,e04,c3,p35,l3,0.0
i123,e04,c5,p01,l3,0.0
i123,e04,c5,p02,l3,0.0
i123,e04,c5,p03,l3,0.0
i123,e04,c5,p04,l3,0.0
i123,e04,c5,p05,l3,0.0
i123,e04,c5,p06,l3,0.0
i123,e04,c5,p07,l3,0.0
i123,e04,c5,p08,l3,0.0
i123,e04,c5,p09,l3,0.0
i123,e04,c5,p10,l3,0.0
i123,e04,c5,p11,l3,0.0
i123,e04,c5,p12,l3,0.0
i123,e04,c5,p14,l3,0.0
i123,e04,c5,p15,l3,0.0
i123,e04,c5,p16,l3,0.0
i123,e04,c5,p17,l3,0.0
i123,e04,c5,p19,l3,0.0
i123,e04,c5,p20,l3,0.0
i123,e04,c5,p21,l3,0.0
i123,e04,c5,p22,l3,0.0
i123,e04,c5,p23,l3,0.0
i123,e04,c5,p24,l3,0.0
i123,e04,c5,p25,l3,0.0
i123,e04,c5,p28,l3,0.0
i123,e04,c5,p29,l3,0.0
i123,e04,c5,p35,l3,0.0
i123,e09,c3,p01,l3,0.0
i123,e09,c3,p02,l3,0.0
i123,e09,c3,p03,l3,0.0
i123,e09,c3,p05,l3,0.0
i123,e09,c3,p11,l3,0.0
i123,e09,c3,p16,l3,0.0
i123,e09,c3,p29,l3,0.0
i123,e09,c3,p35,l3,0.0
i123,e09,c5,p01,l3,0.0
i123,e09,c5,p02,l3,0.0
i123,e09,c5,p03,l3,0.0
i123,e09,c5,p04,l3,0.0
i123,e09,c5,p05,l3,0.0
i123,e09,c5,p06,l3,0.0
i123,e09,c5,p07,l3,0.0
i123,e09,c5,p08,l3,0.0
i123,e09,c5,p09,l3,0.0
i123,e09,c5,p10,l3,0.0
i123,e09,c5,p11,l3,0.0
i123,e09,c5,p12,l3,0.0
i123,e09,c5,p14,l3,0.0
i123,e09,c5,p15,l3,0.0
i123,e09,c5,p16,l3,0.0
i123,e09,c5,p17,l3,0.0
i123,e09,c5,p18,l3,0.0
i123,e09,c5,p19,l3,0.0
i123,e09,c5,p20,l3,0.0
i123,e09,c5,p21,l3,0.0
i123,e09,c5,p22,l3,0.0
i123,e09,c5,p23,l3,0.0
i123,e09,c5,p24,l3,0.0
i123,e09,c5,p25,l3,0.0
i123,e09,c5,p28,l3,0.0
i123,e09,c5,p29,l3,0.0
i123,e09,c5,p32,l3,0.0
i123,e09,c5,p35,l3,0.0
i124,e05,c5,p10,l3,0.0
i124,e08,c3,p01,l3,0.0
i124,e08,c3,p04,l2,0.0
i124,e08,c3,p04,l3,0.0
i124,e08,c3,p05,l3,0.0
i124,e08,c3,p10,l2,0.0
i124,e08,c3,p10,l3,0.0
i124,e08,c3,p12,l2,0.0
i124,e08,c3,p12,l3,0.0
i124,e08,c3,p13,l2,0.0
i124,e08,c3,p15,l2,0.0
i124,e08,c3,p15,l3,0.0
i124,e08,c3,p16,l2,0.0
i124,e08,c3,p16,l3,0.0
i124,e08,c3,p19,l3,0.0
i124,e08,c3,p21,l2,0.0
i124,e08,c3,p21,l3,0.0
i124,e08,c3,p22,l2,0.0
i124,e08,c3,p22,l3,0.0
i124,e08,c3,p28,l2,0.0
i124,e08,c3,p28,l3,0.0
i124,e08,c3,p35,l3,0.0
i124,e08,c5,p10,l3,0.0
i124,e11,c3,p04,l3,0.0
i124,e11,c3,p16,l2,0.0
i124,e11,c3,p16,l3,0.0
i125,e02,c3,p10,l1,0.0
i125,e02,c3,p10,l3,0.0
i125,e02,c3,p35,l3,0.0
i125,e05,c3,p01,l3,0.0
i125,e05,c3,p08,l3,0.0
i125,e05,c3,p10,l1,0.0
i125,e05,c3,p10,l3,0.0
i125,e05,c3,p11,l3,0.0
i125,e05,c3,p16,l3,0.0
i125,e05,c3,p35,l1,0.0
i125,e05,c3,p35,l3,0.0
i125,e05,c5,p10,l3,0.0
i126,e01,c5,p10,l3,0.0
i126,e01,c5,p11,l3,0.0
i126,e01,c5,p35,l3,0.0
i126,e04,c5,p11,l3,0.0
i126,e04,c5,p12,l3,0.0
i126,e04,c5,p13,l3,0.0
i126,e04,c5,p35,l3,0.0
i126,e05,c5,p35,l3,0.0
i126,e08,c5,p04,l3,0.0
i126,e08,c5,p10,l3,0.0
i126,e08,c5,p11,l2,0.0
i126,e08,c5,p11,l3,0.0
i126,e08,c5,p12,l2,0.0
i126,e08,c5,p12,l3,0.0
i126,e08,c5,p13,l3,0.0
i126,e08,c5,p16,l3,0.0
i126,e08,c5,p19,l3,0.0
i126,e08,c5,p21,l3,0.0
i126,e08,c5,p35,l2,0.0
i126,e08,c5,p35,l3,0.0
i126,e09,c5,p10,l3,0.0
i126,e09,c5,p11,l3,0.0
i126,e09,c5,p13,l3,0.0
i126,e09,c5,p35,l3,0.0
i126,e12,c5,p10,l3,0.0
i127,e01,c5,p10,l3,0.0
i127,e01,c5,p13,l3,0.0
i127,e01,c5,p25,l3,0.0
i127,e01,c5,p35,l3,0.0
i127,e02,c5,p04,l3,0.0
i127,e02,c5,p06,l3,0.0
i127,e02,c5,p19,l1,0.0
i127,e02,c5,p19,l3,0.0
i127,e02,c5,p35,l1,0.0
i127,e02,c5,p35,l3,0.0
i127,e04,c5,p09,l3,0.0
i127,e04,c5,p24,l3,0.0
i127,e04,c5,p35,l3,0.0
i127,e05,c3,p19,l3,0.0
i127,e05,c5,p01,l3,0.0
i127,e05,c5,p06,l3,0.0
i127,e05,c5,p13,l3,0.0
i127,e05,c5,p16,l1,0.0
i127,e05,c5,p19,l1,0.0
i127,e05,c5,p19,l3,0.0
i127,e05,c5,p21,l3,0.0
i127,e05,c5,p28,l3,0.0
i127,e05,c5,p35,l1,0.0
i127,e05,c5,p35,l3,0.0
i127,e08,c5,p09,l3,0.0
i127,e08,c5,p10,l3,0.0
i127,e08,c5,p22,l3,0.0
i127,e08,c5,p24,l3,0.0
i127,e08,c5,p35,l3,0.0
i128,e05,c3,p10,l3,0.0
i128,e05,c3,p19,l3,0.0
i129,e01,c5,p01,l3,0.0
i129,e01,c5,p02,l3,0.0
i129,e01,c5,p03,l3,0.0
i129,e01,c5,p04,l3,0.0
i129,e01,c5,p05,l3,0.0
i129,e01,c5,p06,l3,0.0
i129,e01,c5,p09,l3,0.0
i129,e01,c5,p10,l3,0.0
i129,e01,c5,p15,l3,0.0
i129,e01,c5,p16,l3,0.0
i129,e01,c5,p23,l3,0.0
i129,e01,c5,p24,l3,0.0
i129,e01,c5,p29,l3,0.0
i129,e01,c5,p35,l3,0.0
i129,e04,c5,p01,l3,0.0
i129,e04,c5,p02,l3,0.0
i129,e04,c5,p03,l3,0.0
i129,e04,c5,p04,l3,0.0
i129,e04,c5,p05,l3,0.0
i129,e04,c5,p06,l3,0.0
i129,e04,c5,p09,l3,0.0
i129,e04,c5,p10,l3,0.0
i129,e04,c5,p15,l3,0.0
i129,e04,c5,p16,l3,0.0
i129,e04,c5,p23,l3,0.0
i129,e04,c5,p24,l3,0.0
i129,e04,c5,p35,l3,0.0
i129,e05,c5,p01,l3,0.0
i129,e05,c5,p16,l3,0.0
i129,e08,c5,p01,l3,0.0
i129,e08,c5,p02,l3,0.0
i129,e08,c5,p03,l3,0.0
i129,e08,c5,p04,l3,0.0
i129,e08,c5,p05,l3,0.0
i129,e08,c5,p06,l3,0.0
i129,e08,c5,p09,l3,0.0
i129,e08,c5,p10,l3,0.0
i129,e08,c5,p15,l3,0.0
i129,e08,c5,p16,l3,0.0
i129,e08,c5,p23,l3,0.0
i129,e08,c5,p24,l3,0.0
i129,e08,c5,p29,l3,0.0
i129,e08,c5,p35,l3,0.0
i129,e09,c5,p01,l3,0.0
i129,e09,c5,p04,l3,0.0
i129,e09,c5,p09,l3,0.0
i129,e09,c5,p10,l3,0.0
i129,e09,c5,p15,l3,0.0
i129,e09,c5,p16,l3,0.0
i129,e09,c5,p23,l3,0.0
i129,e09,c5,p24,l3,0.0
i129,e09,c5,p35,l3,0.0
i129,e11,c5,p02,l3,0.0
i13,e01,c3,p01,l3,0.0
i13,e01,c3,p02,l3,0.0
i13,e01,c3,p03,l3,0.0
i13,e01,c3,p04,l3,0.0
i13,e01,c3,p05,l3,0.0
i13,e01,c3,p10,l3,0.0
i13,e01,c3,p11,l3,0.0
i13,e01,c3,p13,l3,0.0
i13,e01,c3,p15,l3,0.0
i13,e01,c3,p16,l3,0.0
i13,e01,c3,p17,l3,0.0
i13,e01,c3,p19,l3,0.0
i13,e01,c3,p21,l3,0.0
i13,e01,c3,p29,l3,0.0
i13,e01,c3,p35,l3,0.0
i13,e01,c5,p01,l3,0.0
i13,e01,c5,p02,l3,0.0
i13,e01,c5,p03,l3,0.0
i13,e01,c5,p04,l3,0.0
i13,e01,c5,p05,l3,0.0
i13,e01,c5,p06,l3,0.0
i13,e01,c5,p07,l3,0.0
i13,e01,c5,p08,l3,0.0
i13,e01,c5,p09,l3,0.0
i13,e01,c5,p10,l3,0.0
i13,e01,c5,p11,l3,0.0
i13,e01,c5,p12,l3,0.0
i13,e01,c5,p13,l3,0.0
i13,e01,c5,p14,l3,0.0
i13,e01,c5,p15,l3,0.0
i13,e01,c5,p16,l3,0.0
i13,e01,c5,p17,l3,0.0
i13,e01,c5,p18,l3,0.0
i13,e01,c5,p19,l3,0.0
i13,e01,c5,p20,l3,0.0
i13,e01,c5,p21,l3,0.0
i13,e01,c5,p22,l3,0.0
i13,e01,c5,p23,l3,0.0
i13,e01,c5,p24,l3,0.0
i13,e01,c5,p25,l3,0.0
i13,e01,c5,p26,l3,0.0
i13,e01,c5,p28,l3,0.0
i13,e01,c5,p29,l3,0.0
i13,e01,c5,p30,l3,0.0
i13,e01,c5,p31,l3,0.0
i13,e01,c5,p32,l3,0.0
i13,e01,c5,p33,l3,0.0
i13,e01,c5,p35,l3,1.0
i13,e02,c3,p01,l3,0.0
i13,e02,c3,p24,l3,0.0
i13,e02,c5,p01,l3,0.0
i13,e02,c5,p02,l3,0.0
i13,e02,c5,p03,l3,0.0
i13,e02,c5,p04,l3,0.0
i13,e02,c5,p05,l3,0.0
i13,e02,c5,p06,l3,0.0
i13,e02,c5,p07,l3,0.0
i13,e02,c5,p08,l3,0.0
i13,e02,c5,p09,l3,0.0
i13,e02,c5,p10,l3,0.0
i13,e02,c5,p11,l3,0.0
i13,e02,c5,p12,l3,0.0
i13,e02,c5,p14,l3,0.0
i13,e02,c5,p15,l3,0.0
i13,e02,c5,p16,l3,0.0
i13,e02,c5,p17,l3,0.0
i13,e02,c5,p18,l3,0.0
i13,e02,c5,p19,l3,0.0
i13,e02,c5,p21,l3,0.0
i13,e02,c5,p22,l3,0.0
i13,e02,c5,p24,l3,0.0
i13,e02,c5,p29,l3,0.0
i13,e02,c5,p32,l3,0.0
i13,e02,c5,p35,l3,0.0
i13,e03,c3,p01,l3,0.0
i13,e03,c3,p02,l3,0.0
i13,e03,c3,p03,l3,0.0
i13,e03,c3,p04,l3,0.0
i13,e03,c3,p05,l3,0.0
i13,e03,c3,p06,l3,0.0
i13,e03,c3,p07,l3,0.0
i13,e03,c3,p08,l3,0.0
i13,e03,c3,p09,l3,0.0
i13,e03,c3,p10,l3,0.0
i13,e03,c3,p11,l3,0.0
i13,e03,c3,p12,l3,0.0
i13,e03,c3,p13,l3,0.0
i13,e03,c3,p14,l3,0.0
i13,e03,c3,p15,l3,0.0
i13,e03,c3,p16,l3,0.0
i13,e03,c3,p17,l3,0.0
i13,e03,c3,p18,l3,0.0
i13,e03,c3,p19,l3,0.0
i13,e03,c3,p20,l3,0.0
i13,e03,c3,p21,l3,0.0
i13,e03,c3,p23,l3,0.0
i13,e03,c3,p24,l3,0.0
i13,e03,c3,p28,l3,0.0
i13,e03,c3,p29,l3,0.0
i13,e03,c3,p31,l3,0.0
i13,e03,c3,p32,l3,0.0
i13,e03,c3,p35,l3,0.0
i13,e03,c5,p01,l3,0.0
i13,e03,c5,p02,l3,0.0
i13,e03,c5,p03,l3,0.0
i13,e03,c5,p04,l3,0.0
i13,e03,c5,p05,l3,0.0
i13,e03,c5,p06,l3,0.0
i13,e03,c5,p07,l3,0.0
i13,e03,c5,p08,l3,0.0
i13,e03,c5,p09,l3,0.0
i13,e03,c5,p10,l3,0.0
i13,e03,c5,p11,l3,0.0
i13,e03,c5,p12,l3,0.0
i13,e03,c5,p13,l3,2.0
i13,e03,c5,p14,l3,0.0
i13,e03,c5,p15,l3,0.0
i13,e03,c5,p16,l3,0.0
i13,e03,c5,p17,l3,0.0
i13,e03,c5,p18,l3,0.0
i13,e03,c5,p19,l3,0.0
i13,e03,c5,p20,l3,0.0
i13,e03,c5,p21,l3,0.0
i13,e03,c5,p22,l3,0.0
i13,e03,c5,p23,l3,0.0
i13,e03,c5,p24,l3,0.0
i13,e03,c5,p25,l3,0.0
i13,e03,c5,p26,l3,0.0
i13,e03,c5,p28,l3,0.0
i13,e03,c5,p29,l3,0.0
i13,e03,c5,p30,l3,0.0
i13,e03,c5,p31,l3,0.0
i13,e03,c5,p32,l3,0.0
i13,e03,c5,p33,l3,0.0
i13,e03,c5,p35,l3,0.0
i13,e04,c3,p01,l3,0.0
i13,e04,c3,p02,l3,0.0
i13,e04,c3,p03,l3,0.0
i13,e04,c3,p04,l3,0.0
i13,e04,c3,p08,l3,0.0
i13,e04,c3,p10,l3,0.0
i13,e04,c3,p12,l3,0.0
i13,e04,c3,p13,l3,0.0
i13,e04,c3,p14,l3,0.0
i13,e04,c3,p16,l3,0.0
i13,e04,c3,p17,l3,0.0
i13,e04,c3,p19,l3,0.0
i13,e04,c3,p21,l3,0.0
i13,e04,c3,p24,l3,0.0
i13,e04,c3,p29,l3,0.0
i13,e04,c3,p35,l3,0.0
i13,e04,c5,p01,l3,0.0
i13,e04,c5,p02,l3,0.0
i13,e04,c5,p03,l3,0.0
i13,e04,c5,p04,l3,0.0
i13,e04,c5,p05,l3,0.0
i13,e04,c5,p06,l3,0.0
i13,e04,c5,p07,l3,0.0
i13,e04,c5,p08,l3,0.0
i13,e04,c5,p09,l3,0.0
i13,e04,c5,p10,l3,0.0
i13,e04,c5,p11,l3,0.0
i13,e04,c5,p12,l3,0.0
i13,e04,c5,p13,l3,1.0
i13,e04,c5,p14,l3,0.0
i13,e04,c5,p15,l3,0.0
i13,e04,c5,p16,l3,0.0
i13,e04,c5,p17,l3,0.0
i13,e04,c5,p18,l3,0.0
i13,e04,c5,p19,l3,0.0
i13,e04,c5,p20,l3,0.0
i13,e04,c5,p21,l3,0.0
i13,e04,c5,p22,l3,0.0
i13,e04,c5,p23,l3,0.0
i13,e04,c5,p24,l3,0.0
i13,e04,c5,p25,l3,0.0
i13,e04,c5,p26,l3,0.0
i13,e04,c5,p28,l3,0.0
i13,e04,c5,p29,l3,0.0
i13,e04,c5,p30,l3,0.0
i13,e04,c5,p31,l3,0.0
i13,e04,c5,p32,l3,0.0
i13,e04,c5,p33,l3,0.0
i13,e04,c5,p35,l3,0.0
i13,e05,c3,p01,l3,0.0
i13,e05,c3,p07,l3,0.0
i13,e05,c3,p10,l3,0.0
i13,e05,c3,p13,l3,0.0
i13,e05,c3,p17,l3,0.0
i13,e05,c3,p19,l3,0.0
i13,e05,c3,p21,l3,0.0
i13,e05,c3,p24,l3,0.0
i13,e05,c3,p35,l3,0.0
i13,e05,c5,p01,l3,0.0
i13,e05,c5,p02,l3,0.0
i13,e05,c5,p03,l3,0.0
i13,e05,c5,p04,l3,0.0
i13,e05,c5,p05,l3,0.0
i13,e05,c5,p06,l3,0.0
i13,e05,c5,p07,l3,0.0
i13,e05,c5,p08,l3,0.0
i13,e05,c5,p09,l3,0.0
i13,e05,c5,p10,l3,1.0
i13,e05,c5,p11,l3,0.0
i13,e05,c5,p12,l3,0.0
i13,e05,c5,p13,l3,0.0
i13,e05,c5,p14,l3,0.0
i13,e05,c5,p15,l3,1.0
i13,e05,c5,p16,l3,0.0
i13,e05,c5,p17,l3,0.0
i13,e05,c5,p18,l3,0.0
i13,e05,c5,p19,l3,0.0
i13,e05,c5,p20,l3,0.0
i13,e05,c5,p21,l3,0.0
i13,e05,c5,p22,l3,0.0
i13,e05,c5,p23,l3,0.0
i13,e05,c5,p24,l3,0.0
i13,e05,c5,p25,l3,0.0
i13,e05,c5,p26,l3,0.0
i13,e05,c5,p28,l3,0.0
i13,e05,c5,p29,l3,0.0
i13,e05,c5,p30,l3,0.0
i13,e05,c5,p31,l3,0.0
i13,e05,c5,p32,l3,0.0
i13,e05,c5,p35,l3,0.0
i13,e07,c3,p35,l3,0.0
i13,e07,c5,p01,l3,0.0
i13,e07,c5,p03,l3,0.0
i13,e07,c5,p04,l3,0.0
i13,e07,c5,p05,l3,0.0
i13,e07,c5,p06,l3,0.0
i13,e07,c5,p07,l3,0.0
i13,e07,c5,p08,l3,0.0
i13,e07,c5,p09,l3,0.0
i13,e07,c5,p10,l3,0.0
i13,e07,c5,p11,l3,0.0
i13,e07,c5,p12,l3,0.0
i13,e07,c5,p13,l3,0.0
i13,e07,c5,p15,l3,0.0
i13,e07,c5,p16,l3,0.0
i13,e07,c5,p17,l3,0.0
i13,e07,c5,p19,l3,0.0
i13,e07,c5,p21,l3,0.0
i13,e07,c5,p24,l3,0.0
i13,e07,c5,p28,l3,0.0
i13,e07,c5,p31,l3,0.0
i13,e07,c5,p35,l3,0.0
i13,e08,c3,p01,l3,0.0
i13,e08,c3,p02,l3,0.0
i13,e08,c3,p03,l3,0.0
i13,e08,c3,p04,l3,0.0
i13,e08,c3,p05,l3,0.0
i13,e08,c3,p06,l3,0.0
i13,e08,c3,p07,l3,0.0
i13,e08,c3,p08,l3,0.0
i13,e08,c3,p09,l3,0.0
i13,e08,c3,p10,l3,0.0
i13,e08,c3,p11,l3,0.0
i13,e08,c3,p12,l3,0.0
i13,e08,c3,p13,l3,0.0
i13,e08,c3,p14,l3,0.0
i13,e08,c3,p15,l3,0.0
i13,e08,c3,p16,l3,0.0
i13,e08,c3,p17,l3,0.0
i13,e08,c3,p18,l3,0.0
i13,e08,c3,p19,l3,0.0
i13,e08,c3,p21,l3,0.0
i13,e08,c3,p23,l3,0.0
i13,e08,c3,p24,l3,0.0
i13,e08,c3,p28,l3,0.0
i13,e08,c3,p29,l3,0.0
i13,e08,c3,p31,l3,0.0
i13,e08,c3,p32,l3,0.0
i13,e08,c3,p35,l3,0.0
i13,e08,c5,p01,l3,8.0
i13,e08,c5,p02,l3,0.0
i13,e08,c5,p03,l3,2.0
i13,e08,c5,p04,l3,0.0
i13,e08,c5,p05,l3,0.0
i13,e08,c5,p06,l3,0.0
i13,e08,c5,p07,l3,0.0
i13,e08,c5,p08,l3,5.0
i13,e08,c5,p09,l3,0.0
i13,e08,c5,p10,l3,12.0
i13,e08,c5,p11,l3,12.0
i13,e08,c5,p12,l3,7.0
i13,e08,c5,p13,l3,2.0
i13,e08,c5,p14,l3,3.0
i13,e08,c5,p15,l3,3.0
i13,e08,c5,p16,l3,0.0
i13,e08,c5,p17,l3,0.0
i13,e08,c5,p18,l3,4.0
i13,e08,c5,p19,l3,10.0
i13,e08,c5,p20,l3,0.0
i13,e08,c5,p21,l3,0.0
i13,e08,c5,p22,l3,0.0
i13,e08,c5,p23,l3,0.0
i13,e08,c5,p24,l3,3.0
i13,e08,c5,p25,l3,0.0
i13,e08,c5,p26,l3,0.0
i13,e08,c5,p28,l3,0.0
i13,e08,c5,p29,l3,30.0
i13,e08,c5,p30,l3,0.0
i13,e08,c5,p31,l3,0.0
i13,e08,c5,p32,l3,0.0
i13,e08,c5,p33,l3,0.0
i13,e08,c5,p35,l3,4.0
i13,e09,c3,p01,l3,0.0
i13,e09,c3,p02,l3,0.0
i13,e09,c3,p03,l3,0.0
i13,e09,c3,p04,l3,0.0
i13,e09,c3,p08,l3,0.0
i13,e09,c3,p09,l3,0.0
i13,e09,c3,p10,l3,0.0
i13,e09,c3,p12,l3,0.0
i13,e09,c3,p13,l3,0.0
i13,e09,c3,p15,l3,0.0
i13,e09,c3,p17,l3,0.0
i13,e09,c3,p19,l3,0.0
i13,e09,c3,p21,l3,0.0
i13,e09,c3,p35,l3,0.0
i13,e09,c5,p01,l3,0.0
i13,e09,c5,p02,l3,0.0
i13,e09,c5,p03,l3,0.0
i13,e09,c5,p04,l3,0.0
i13,e09,c5,p05,l3,0.0
i13,e09,c5,p06,l3,0.0
i13,e09,c5,p07,l3,0.0
i13,e09,c5,p08,l3,0.0
i13,e09,c5,p09,l3,0.0
i13,e09,c5,p10,l3,0.0
i13,e09,c5,p11,l3,0.0
i13,e09,c5,p12,l3,0.0
i13,e09,c5,p13,l3,0.0
i13,e09,c5,p14,l3,0.0
i13,e09,c5,p15,l3,0.0
i13,e09,c5,p16,l3,0.0
i13,e09,c5,p17,l3,0.0
i13,e09,c5,p18,l3,0.0
i13,e09,c5,p19,l3,0.0
i13,e09,c5,p20,l3,0.0
i13,e09,c5,p21,l3,0.0
i13,e09,c5,p22,l3,0.0
i13,e09,c5,p23,l3,0.0
i13,e09,c5,p24,l3,0.0
i13,e09,c5,p25,l3,0.0
i13,e09,c5,p26,l3,0.0
i13,e09,c5,p28,l3,0.0
i13,e09,c5,p29,l3,0.0
i13,e09,c5,p30,l3,0.0
i13,e09,c5,p31,l3,0.0
i13,e09,c5,p32,l3,0.0
i13,e09,c5,p33,l3,0.0
i13,e09,c5,p35,l3,0.0
i13,e10,c3,p01,l3,0.0
i13,e10,c3,p02,l3,0.0
i13,e10,c3,p05,l3,0.0
i13,e10,c3,p06,l3,0.0
i13,e10,c3,p10,l3,0.0
i13,e10,c3,p13,l3,0.0
i13,e10,c3,p15,l3,0.0
i13,e10,c3,p19,l3,0.0
i13,e10,c3,p21,l3,0.0
i13,e10,c3,p35,l3,0.0
i13,e10,c5,p01,l3,0.0
i13,e10,c5,p02,l3,0.0
i13,e10,c5,p03,l3,0.0
i13,e10,c5,p04,l3,0.0
i13,e10,c5,p05,l3,0.0
i13,e10,c5,p06,l3,0.0
i13,e10,c5,p07,l3,0.0
i13,e10,c5,p08,l3,0.0
i13,e10,c5,p09,l3,0.0
i13,e10,c5,p10,l3,1.0
i13,e10,c5,p11,l3,0.0
i13,e10,c5,p12,l3,0.0
i13,e10,c5,p13,l3,0.0
i13,e10,c5,p14,l3,0.0
i13,e10,c5,p15,l3,0.0
i13,e10,c5,p16,l3,0.0
i13,e10,c5,p17,l3,0.0
i13,e10,c5,p18,l3,0.0
i13,e10,c5,p19,l3,0.0
i13,e10,c5,p20,l3,0.0
i13,e10,c5,p21,l3,0.0
i13,e10,c5,p22,l3,0.0
i13,e10,c5,p23,l3,0.0
i13,e10,c5,p24,l3,0.0
i13,e10,c5,p25,l3,0.0
i13,e10,c5,p26,l3,0.0
i13,e10,c5,p28,l3,0.0
i13,e10,c5,p29,l3,0.0
i13,e10,c5,p30,l3,0.0
i13,e10,c5,p31,l3,0.0
i13,e10,c5,p32,l3,0.0
i13,e10,c5,p33,l3,0.0
i13,e10,c5,p35,l3,0.0
i13,e11,c3,p01,l3,0.0
i13,e11,c3,p02,l3,0.0
i13,e11,c3,p03,l3,0.0
i13,e11,c3,p04,l3,0.0
i13,e11,c3,p05,l3,0.0
i13,e11,c3,p06,l3,0.0
i13,e11,c3,p07,l3,0.0
i13,e11,c3,p08,l3,0.0
i13,e11,c3,p09,l3,0.0
i13,e11,c3,p10,l3,0.0
i13,e11,c3,p11,l3,0.0
i13,e11,c3,p12,l3,0.0
i13,e11,c3,p13,l3,0.0
i13,e11,c3,p14,l3,0.0
i13,e11,c3,p15,l3,0.0
i13,e11,c3,p16,l3,0.0
i13,e11,c3,p17,l3,0.0
i13,e11,c3,p18,l3,0.0
i13,e11,c3,p19,l3,0.0
i13,e11,c3,p21,l3,0.0
i13,e11,c3,p23,l3,0.0
i13,e11,c3,p24,l3,0.0
i13,e11,c3,p28,l3,0.0
i13,e11,c3,p29,l3,0.0
i13,e11,c3,p32,l3,0.0
i13,e11,c3,p35,l3,0.0
i13,e11,c5,p01,l3,3.0
i13,e11,c5,p02,l3,0.0
i13,e11,c5,p03,l3,0.0
i13,e11,c5,p04,l3,0.0
i13,e11,c5,p05,l3,0.0
i13,e11,c5,p06,l3,1.0
i13,e11,c5,p07,l3,0.0
i13,e11,c5,p08,l3,4.0
i13,e11,c5,p09,l3,0.0
i13,e11,c5,p10,l3,3.0
i13,e11,c5,p11,l3,34.0
i13,e11,c5,p12,l3,14.0
i13,e11,c5,p13,l3,0.0
i13,e11,c5,p14,l3,0.0
i13,e11,c5,p15,l3,2.0
i13,e11,c5,p16,l3,0.0
i13,e11,c5,p17,l3,0.0
i13,e11,c5,p18,l3,0.0
i13,e11,c5,p19,l3,2.0
i13,e11,c5,p20,l3,0.0
i13,e11,c5,p21,l3,0.0
i13,e11,c5,p22,l3,0.0
i13,e11,c5,p23,l3,3.0
i13,e11,c5,p24,l3,0.0
i13,e11,c5,p25,l3,0.0
i13,e11,c5,p26,l3,0.0
i13,e11,c5,p28,l3,0.0
i13,e11,c5,p29,l3,1.0
i13,e11,c5,p30,l3,0.0
i13,e11,c5,p31,l3,0.0
i13,e11,c5,p32,l3,0.0
i13,e11,c5,p33,l3,0.0
i13,e11,c5,p35,l3,13.0
i13,e12,c3,p01,l3,0.0
i13,e12,c3,p02,l3,0.0
i13,e12,c3,p03,l3,0.0
i13,e12,c3,p05,l3,0.0
i13,e12,c3,p06,l3,0.0
i13,e12,c3,p10,l3,0.0
i13,e12,c3,p11,l3,0.0
i13,e12,c3,p12,l3,0.0
i13,e12,c3,p13,l3,0.0
i13,e12,c3,p14,l3,0.0
i13,e12,c3,p15,l3,0.0
i13,e12,c3,p16,l3,0.0
i13,e12,c3,p17,l3,0.0
i13,e12,c3,p19,l3,0.0
i13,e12,c3,p21,l3,0.0
i13,e12,c3,p24,l3,0.0
i13,e12,c3,p28,l3,0.0
i13,e12,c3,p29,l3,0.0
i13,e12,c3,p32,l3,0.0
i13,e12,c3,p35,l3,0.0
i13,e12,c5,p01,l3,0.0
i13,e12,c5,p02,l3,0.0
i13,e12,c5,p03,l3,0.0
i13,e12,c5,p04,l3,0.0
i13,e12,c5,p05,l3,0.0
i13,e12,c5,p06,l3,0.0
i13,e12,c5,p07,l3,0.0
i13,e12,c5,p08,l3,0.0
i13,e12,c5,p09,l3,0.0
i13,e12,c5,p10,l3,0.0
i13,e12,c5,p11,l3,3.0
i13,e12,c5,p12,l3,0.0
i13,e12,c5,p13,l3,0.0
i13,e12,c5,p14,l3,0.0
i13,e12,c5,p15,l3,0.0
i13,e12,c5,p16,l3,0.0
i13,e12,c5,p17,l3,0.0
i13,e12,c5,p18,l3,0.0
i13,e12,c5,p19,l3,0.0
i13,e12,c5,p20,l3,0.0
i13,e12,c5,p21,l3,0.0
i13,e12,c5,p22,l3,0.0
i13,e12,c5,p23,l3,0.0
i13,e12,c5,p24,l3,0.0
i13,e12,c5,p25,l3,0.0
i13,e12,c5,p26,l3,0.0
i13,e12,c5,p28,l3,0.0
i13,e12,c5,p29,l3,0.0
i13,e12,c5,p30,l3,0.0
i13,e12,c5,p31,l3,0.0
i13,e12,c5,p32,l3,0.0
i13,e12,c5,p33,l3,0.0
i13,e12,c5,p35,l3,1.0
i13,e13,c5,p07,l3,0.0
i13,e13,c5,p22,l3,0.0
i130,e01,c5,p01,l3,0.0
i130,e01,c5,p10,l3,0.0
i130,e01,c5,p21,l3,0.0
i130,e01,c5,p24,l3,0.0
i130,e01,c5,p26,l3,0.0
i130,e02,c5,p35,l3,0.0
i130,e04,c5,p01,l3,0.0
i130,e04,c5,p10,l3,0.0
i130,e04,c5,p21,l3,0.0
i130,e04,c5,p24,l3,0.0
i130,e04,c5,p26,l3,0.0
i130,e05,c5,p01,l3,0.0
i130,e05,c5,p10,l3,0.0
i130,e05,c5,p16,l3,0.0
i130,e05,c5,p26,l3,0.0
i130,e05,c5,p35,l3,0.0
i130,e08,c5,p01,l3,0.0
i130,e08,c5,p05,l3,0.0
i130,e08,c5,p10,l3,0.0
i130,e08,c5,p16,l3,0.0
i130,e08,c5,p17,l3,0.0
i130,e08,c5,p21,l3,0.0
i130,e08,c5,p24,l3,0.0
i130,e08,c5,p25,l3,0.0
i130,e08,c5,p26,l3,0.0
i130,e08,c5,p35,l3,0.0
i130,e09,c5,p24,l3,0.0
i130,e09,c5,p26,l3,0.0
i130,e09,c5,p35,l3,0.0
i130,e11,c5,p01,l3,0.0
i130,e11,c5,p10,l3,0.0
i130,e11,c5,p26,l3,0.0
i130,e11,c5,p35,l3,0.0
i130,e13,c5,p10,l3,0.0
i130,e13,c5,p35,l3,0.0
i131,e05,c3,p02,l3,0.0
i131,e05,c3,p05,l3,0.0
i131,e05,c3,p10,l3,0.0
i131,e05,c3,p11,l3,0.0
i131,e05,c3,p12,l1,0.0
i131,e05,c3,p12,l3,0.0
i131,e05,c3,p16,l1,0.0
i131,e05,c3,p16,l3,0.0
i131,e05,c3,p17,l3,0.0
i131,e05,c3,p19,l3,0.0
i131,e05,c3,p29,l1,0.0
i131,e05,c3,p29,l3,0.0
i131,e05,c3,p35,l1,0.0
i131,e05,c3,p35,l3,0.0
i131,e05,c5,p02,l3,0.0
i131,e05,c5,p05,l3,0.0
i131,e05,c5,p06,l3,0.0
i131,e05,c5,p07,l3,0.0
i131,e05,c5,p10,l3,0.0
i131,e05,c5,p12,l1,0.0
i131,e05,c5,p12,l3,0.0
i131,e05,c5,p14,l1,0.0
i131,e05,c5,p14,l3,0.0
i131,e05,c5,p15,l3,0.0
i131,e05,c5,p16,l1,0.0
i131,e05,c5,p16,l3,0.0
i131,e05,c5,p17,l3,0.0
i131,e05,c5,p19,l1,0.0
i131,e05,c5,p19,l3,0.0
i131,e05,c5,p21,l3,0.0
i131,e05,c5,p22,l3,0.0
i131,e05,c5,p23,l3,0.0
i131,e05,c5,p24,l3,0.0
i131,e05,c5,p25,l3,0.0
i131,e05,c5,p27,l1,0.0
i131,e05,c5,p29,l3,0.0
i131,e05,c5,p35,l1,0.0
i131,e05,c5,p35,l3,0.0
i132,e01,c1,p35,l3,1.0
i132,e01,c4,p35,l3,0.0
i132,e01,c7,p35,l3,0.0
i132,e04,c1,p35,l1,0.0
i132,e04,c1,p35,l3,0.0
i132,e04,c4,p35,l1,0.0
i132,e04,c4,p35,l3,0.0
i132,e04,c7,p35,l3,0.0
i132,e05,c1,p35,l1,0.0
i132,e05,c1,p35,l3,0.0
i132,e05,c4,p35,l3,0.0
i132,e09,c1,p35,l2,0.0
i132,e09,c1,p35,l3,0.0
i132,e09,c4,p35,l2,0.0
i132,e09,c4,p35,l3,0.0
i132,e09,c7,p35,l3,0.0
i132,e12,c1,p35,l3,0.0
i132,e12,c4,p35,l3,0.0
i133,e01,c3,p10,l3,0.0
i133,e01,c3,p35,l3,0.0
i133,e04,c3,p10,l1,0.0
i133,e04,c3,p10,l3,0.0
i133,e04,c3,p35,l3,0.0
i133,e09,c3,p10,l2,0.0
i133,e09,c3,p10,l3,0.0
i133,e09,c3,p35,l3,0.0
i134,e01,c1,p10,l3,0.0
i134,e04,c1,p10,l3,0.0
i134,e05,c1,p10,l3,0.0
i134,e08,c1,p10,l3,0.0
i134,e09,c1,p10,l3,0.0
i135,e02,c5,p35,l3,0.0
i135,e05,c5,p10,l3,0.0
i135,e05,c5,p35,l3,0.0
i136,e01,c1,p01,l3,0.0
i136,e01,c1,p02,l3,0.0
i136,e01,c1,p03,l3,0.0
i136,e01,c1,p04,l3,0.0
i136,e01,c1,p05,l3,0.0
i136,e01,c1,p07,l3,0.0
i136,e01,c1,p09,l3,0.0
i136,e01,c1,p10,l3,1.0
i136,e01,c1,p11,l3,0.0
i136,e01,c1,p12,l3,0.0
i136,e01,c1,p13,l3,0.0
i136,e01,c1,p14,l3,0.0
i136,e01,c1,p15,l3,0.0
i136,e01,c1,p17,l3,0.0
i136,e01,c1,p18,l3,0.0
i136,e01,c1,p19,l3,0.0
i136,e01,c1,p22,l3,0.0
i136,e01,c1,p23,l3,0.0
i136,e01,c1,p24,l3,0.0
i136,e01,c1,p28,l3,0.0
i136,e01,c1,p29,l3,0.0
i136,e01,c1,p32,l3,0.0
i136,e04,c1,p01,l3,0.0
i136,e04,c1,p02,l3,0.0
i136,e04,c1,p03,l3,0.0
i136,e04,c1,p07,l3,0.0
i136,e04,c1,p09,l3,0.0
i136,e04,c1,p10,l3,0.0
i136,e04,c1,p11,l3,0.0
i136,e04,c1,p12,l3,0.0
i136,e04,c1,p13,l3,0.0
i136,e04,c1,p14,l3,0.0
i136,e04,c1,p15,l3,0.0
i136,e04,c1,p17,l3,0.0
i136,e04,c1,p19,l3,0.0
i136,e04,c1,p22,l3,0.0
i136,e04,c1,p23,l3,0.0
i136,e04,c1,p24,l3,0.0
i136,e04,c1,p28,l3,0.0
i136,e04,c1,p29,l3,0.0
i136,e04,c1,p32,l3,0.0
i136,e04,c1,p35,l3,0.0
i136,e05,c1,p01,l3,0.0
i136,e05,c1,p02,l3,0.0
i136,e05,c1,p03,l3,0.0
i136,e05,c1,p04,l3,0.0
i136,e05,c1,p05,l3,0.0
i136,e05,c1,p07,l3,0.0
i136,e05,c1,p09,l3,0.0
i136,e05,c1,p10,l3,0.0
i136,e05,c1,p11,l3,0.0
i136,e05,c1,p12,l3,0.0
i136,e05,c1,p13,l3,0.0
i136,e05,c1,p14,l3,0.0
i136,e05,c1,p15,l3,0.0
i136,e05,c1,p17,l3,0.0
i136,e05,c1,p18,l3,0.0
i136,e05,c1,p19,l3,0.0
i136,e05,c1,p21,l3,0.0
i136,e05,c1,p22,l3,0.0
i136,e05,c1,p23,l3,0.0
i136,e05,c1,p24,l3,0.0
i136,e05,c1,p28,l3,0.0
i136,e05,c1,p29,l3,0.0
i136,e05,c1,p32,l3,0.0
i136,e05,c1,p35,l3,0.0
i136,e09,c1,p01,l3,0.0
i136,e09,c1,p02,l3,0.0
i136,e09,c1,p03,l3,0.0
i136,e09,c1,p05,l3,0.0
i136,e09,c1,p07,l3,0.0
i136,e09,c1,p09,l3,0.0
i136,e09,c1,p10,l3,0.0
i136,e09,c1,p11,l3,0.0
i136,e09,c1,p12,l3,0.0
i136,e09,c1,p13,l3,0.0
i136,e09,c1,p14,l3,0.0
i136,e09,c1,p15,l3,0.0
i136,e09,c1,p17,l3,0.0
i136,e09,c1,p18,l3,0.0
i136,e09,c1,p19,l3,0.0
i136,e09,c1,p22,l3,0.0
i136,e09,c1,p23,l3,0.0
i136,e09,c1,p24,l3,0.0
i136,e09,c1,p28,l3,0.0
i136,e09,c1,p29,l3,0.0
i136,e09,c1,p32,l3,0.0
i136,e09,c1,p35,l3,0.0
i136,e13,c1,p01,l3,0.0
i136,e13,c1,p03,l3,0.0
i136,e13,c1,p10,l3,0.0
i136,e13,c1,p11,l3,0.0
i136,e13,c1,p19,l3,0.0
i136,e13,c1,p28,l3,0.0
i137,e05,c3,p35,l3,0.0
i138,e05,c3,p35,l1,0.0
i138,e05,c3,p35,l3,0.0
i138,e11,c3,p35,l3,0.0
i139,e02,c3,p35,l1,0.0
i139,e02,c3,p35,l3,0.0
i139,e02,c5,p10,l3,0.0
i139,e02,c5,p35,l1,0.0
i139,e02,c5,p35,l3,0.0
i139,e05,c3,p35,l1,0.0
i139,e05,c3,p35,l3,0.0
i139,e05,c5,p01,l3,0.0
i139,e05,c5,p07,l3,0.0
i139,e05,c5,p10,l3,0.0
i139,e05,c5,p15,l3,0.0
i139,e05,c5,p19,l3,0.0
i139,e05,c5,p23,l3,0.0
i139,e05,c5,p24,l3,0.0
i139,e05,c5,p28,l3,0.0
i139,e05,c5,p35,l1,0.0
i139,e05,c5,p35,l3,0.0
i14,e01,c3,p01,l3,0.0
i14,e01,c3,p02,l3,0.0
i14,e01,c3,p03,l3,0.0
i14,e01,c3,p04,l3,0.0
i14,e01,c3,p05,l3,0.0
i14,e01,c3,p06,l3,0.0
i14,e01,c3,p07,l3,0.0
i14,e01,c3,p08,l3,0.0
i14,e01,c3,p09,l3,0.0
i14,e01,c3,p10,l3,0.0
i14,e01,c3,p11,l3,0.0
i14,e01,c3,p12,l3,0.0
i14,e01,c3,p13,l3,1.0
i14,e01,c3,p14,l3,0.0
i14,e01,c3,p15,l3,0.0
i14,e01,c3,p16,l3,0.0
i14,e01,c3,p17,l3,0.0
i14,e01,c3,p18,l3,0.0
i14,e01,c3,p19,l3,1.0
i14,e01,c3,p20,l3,0.0
i14,e01,c3,p21,l3,0.0
i14,e01,c3,p22,l3,0.0
i14,e01,c3,p23,l3,0.0
i14,e01,c3,p24,l3,0.0
i14,e01,c3,p25,l3,0.0
i14,e01,c3,p26,l3,0.0
i14,e01,c3,p28,l3,0.0
i14,e01,c3,p29,l3,0.0
i14,e01,c3,p30,l3,0.0
i14,e01,c3,p31,l3,0.0
i14,e01,c3,p32,l3,0.0
i14,e01,c3,p33,l3,0.0
i14,e01,c3,p34,l3,0.0
i14,e01,c3,p35,l3,4.0
i14,e01,c5,p01,l3,7.0
i14,e01,c5,p02,l3,3.0
i14,e01,c5,p03,l3,2.0
i14,e01,c5,p04,l3,8.0
i14,e01,c5,p05,l3,5.0
i14,e01,c5,p06,l3,12.0
i14,e01,c5,p07,l3,2.0
i14,e01,c5,p08,l3,1.0
i14,e01,c5,p09,l3,1.0
i14,e01,c5,p10,l3,6.0
i14,e01,c5,p11,l3,0.0
i14,e01,c5,p12,l3,13.0
i14,e01,c5,p13,l3,1.0
i14,e01,c5,p14,l3,0.0
i14,e01,c5,p15,l3,8.0
i14,e01,c5,p16,l3,0.0
i14,e01,c5,p17,l3,0.0
i14,e01,c5,p18,l3,10.0
i14,e01,c5,p19,l3,25.0
i14,e01,c5,p20,l3,1.0
i14,e01,c5,p21,l3,8.0
i14,e01,c5,p22,l3,0.0
i14,e01,c5,p23,l3,12.0
i14,e01,c5,p24,l3,0.0
i14,e01,c5,p25,l3,0.0
i14,e01,c5,p26,l3,0.0
i14,e01,c5,p27,l3,0.0
i14,e01,c5,p28,l3,0.0
i14,e01,c5,p29,l3,6.0
i14,e01,c5,p30,l3,0.0
i14,e01,c5,p31,l3,0.0
i14,e01,c5,p32,l3,11.0
i14,e01,c5,p33,l3,0.0
i14,e01,c5,p34,l3,0.0
i14,e01,c5,p35,l3,0.0
i14,e01,c8,p02,l3,0.0
i14,e01,c8,p03,l3,0.0
i14,e01,c8,p04,l3,0.0
i14,e01,c8,p07,l3,0.0
i14,e01,c8,p08,l3,0.0
i14,e01,c8,p10,l3,0.0
i14,e01,c8,p15,l3,0.0
i14,e01,c8,p17,l3,0.0
i14,e01,c8,p18,l3,0.0
i14,e01,c8,p19,l3,0.0
i14,e01,c8,p21,l3,0.0
i14,e01,c8,p22,l3,0.0
i14,e01,c8,p28,l3,0.0
i14,e01,c8,p35,l3,0.0
i14,e02,c3,p01,l1,0.0
i14,e02,c3,p01,l3,0.0
i14,e02,c3,p02,l1,0.0
i14,e02,c3,p02,l3,0.0
i14,e02,c3,p03,l1,0.0
i14,e02,c3,p03,l3,0.0
i14,e02,c3,p04,l1,0.0
i14,e02,c3,p04,l3,0.0
i14,e02,c3,p05,l1,0.0
i14,e02,c3,p05,l3,0.0
i14,e02,c3,p06,l1,0.0
i14,e02,c3,p06,l3,0.0
i14,e02,c3,p07,l1,0.0
i14,e02,c3,p07,l3,0.0
i14,e02,c3,p08,l1,0.0
i14,e02,c3,p08,l3,0.0
i14,e02,c3,p09,l1,0.0
i14,e02,c3,p09,l3,0.0
i14,e02,c3,p10,l1,0.0
i14,e02,c3,p10,l3,0.0
i14,e02,c3,p11,l1,0.0
i14,e02,c3,p11,l3,0.0
i14,e02,c3,p12,l1,0.0
i14,e02,c3,p12,l3,0.0
i14,e02,c3,p13,l1,0.0
i14,e02,c3,p13,l3,0.0
i14,e02,c3,p14,l3,0.0
i14,e02,c3,p15,l1,0.0
i14,e02,c3,p15,l3,0.0
i14,e02,c3,p16,l1,0.0
i14,e02,c3,p16,l3,0.0
i14,e02,c3,p17,l3,0.0
i14,e02,c3,p18,l1,0.0
i14,e02,c3,p18,l3,0.0
i14,e02,c3,p19,l1,0.0
i14,e02,c3,p19,l3,0.0
i14,e02,c3,p20,l1,0.0
i14,e02,c3,p20,l3,0.0
i14,e02,c3,p21,l1,0.0
i14,e02,c3,p21,l3,0.0
i14,e02,c3,p22,l1,0.0
i14,e02,c3,p22,l3,0.0
i14,e02,c3,p23,l3,0.0
i14,e02,c3,p24,l1,0.0
i14,e02,c3,p24,l3,0.0
i14,e02,c3,p25,l3,0.0
i14,e02,c3,p26,l3,0.0
i14,e02,c3,p28,l1,0.0
i14,e02,c3,p28,l3,0.0
i14,e02,c3,p29,l1,0.0
i14,e02,c3,p29,l3,0.0
i14,e02,c3,p30,l3,0.0
i14,e02,c3,p31,l3,0.0
i14,e02,c3,p32,l1,0.0
i14,e02,c3,p32,l3,0.0
i14,e02,c3,p33,l3,0.0
i14,e02,c3,p35,l1,0.0
i14,e02,c3,p35,l3,0.0
i14,e02,c5,p01,l1,0.0
i14,e02,c5,p01,l3,0.0
i14,e02,c5,p02,l1,0.0
i14,e02,c5,p02,l3,0.0
i14,e02,c5,p03,l1,0.0
i14,e02,c5,p03,l3,0.0
i14,e02,c5,p04,l1,0.0
i14,e02,c5,p04,l3,0.0
i14,e02,c5,p05,l1,0.0
i14,e02,c5,p05,l3,0.0
i14,e02,c5,p06,l1,0.0
i14,e02,c5,p06,l3,0.0
i14,e02,c5,p07,l1,0.0
i14,e02,c5,p07,l3,0.0
i14,e02,c5,p08,l1,0.0
i14,e02,c5,p08,l3,0.0
i14,e02,c5,p09,l1,0.0
i14,e02,c5,p09,l3,0.0
i14,e02,c5,p10,l1,0.0
i14,e02,c5,p10,l3,0.0
i14,e02,c5,p11,l1,0.0
i14,e02,c5,p11,l3,0.0
i14,e02,c5,p12,l1,0.0
i14,e02,c5,p12,l3,0.0
i14,e02,c5,p13,l1,0.0
i14,e02,c5,p13,l3,0.0
i14,e02,c5,p14,l1,0.0
i14,e02,c5,p14,l3,0.0
i14,e02,c5,p15,l1,0.0
i14,e02,c5,p15,l3,0.0
i14,e02,c5,p16,l1,0.0
i14,e02,c5,p16,l3,0.0
i14,e02,c5,p17,l1,0.0
i14,e02,c5,p17,l3,0.0
i14,e02,c5,p18,l1,0.0
i14,e02,c5,p18,l3,0.0
i14,e02,c5,p19,l1,0.0
i14,e02,c5,p19,l3,0.0
i14,e02,c5,p20,l1,0.0
i14,e02,c5,p20,l3,0.0
i14,e02,c5,p21,l1,0.0
i14,e02,c5,p21,l3,0.0
i14,e02,c5,p22,l1,0.0
i14,e02,c5,p22,l3,0.0
i14,e02,c5,p23,l1,0.0
i14,e02,c5,p23,l3,0.0
i14,e02,c5,p24,l1,0.0
i14,e02,c5,p24,l3,0.0
i14,e02,c5,p25,l1,0.0
i14,e02,c5,p25,l3,0.0
i14,e02,c5,p26,l1,0.0
i14,e02,c5,p26,l3,0.0
i14,e02,c5,p28,l1,0.0
i14,e02,c5,p28,l3,0.0
i14,e02,c5,p29,l1,0.0
i14,e02,c5,p29,l3,0.0
i14,e02,c5,p30,l1,0.0
i14,e02,c5,p30,l3,0.0
i14,e02,c5,p31,l1,0.0
i14,e02,c5,p31,l3,0.0
i14,e02,c5,p32,l1,0.0
i14,e02,c5,p32,l3,0.0
i14,e02,c5,p33,l1,0.0
i14,e02,c5,p33,l3,0.0
i14,e02,c5,p35,l1,0.0
i14,e02,c5,p35,l3,0.0
i14,e02,c8,p35,l3,0.0
i14,e04,c3,p01,l1,0.0
i14,e04,c3,p01,l3,0.0
i14,e04,c3,p02,l1,0.0
i14,e04,c3,p02,l3,0.0
i14,e04,c3,p03,l1,0.0
i14,e04,c3,p03,l3,0.0
i14,e04,c3,p04,l1,0.0
i14,e04,c3,p04,l3,0.0
i14,e04,c3,p05,l1,0.0
i14,e04,c3,p05,l3,0.0
i14,e04,c3,p06,l1,0.0
i14,e04,c3,p06,l3,0.0
i14,e04,c3,p07,l1,0.0
i14,e04,c3,p07,l3,0.0
i14,e04,c3,p08,l1,0.0
i14,e04,c3,p08,l3,0.0
i14,e04,c3,p09,l1,0.0
i14,e04,c3,p09,l3,0.0
i14,e04,c3,p10,l1,0.0
i14,e04,c3,p10,l3,0.0
i14,e04,c3,p11,l1,0.0
i14,e04,c3,p11,l3,0.0
i14,e04,c3,p12,l1,0.0
i14,e04,c3,p12,l3,0.0
i14,e04,c3,p13,l1,0.0
i14,e04,c3,p13,l3,0.0
i14,e04,c3,p14,l1,0.0
i14,e04,c3,p14,l3,0.0
i14,e04,c3,p15,l1,0.0
i14,e04,c3,p15,l3,0.0
i14,e04,c3,p16,l1,0.0
i14,e04,c3,p16,l3,0.0
i14,e04,c3,p17,l1,0.0
i14,e04,c3,p17,l3,0.0
i14,e04,c3,p18,l1,0.0
i14,e04,c3,p18,l3,0.0
i14,e04,c3,p19,l1,0.0
i14,e04,c3,p19,l3,0.0
i14,e04,c3,p20,l1,0.0
i14,e04,c3,p20,l3,0.0
i14,e04,c3,p21,l1,0.0
i14,e04,c3,p21,l3,0.0
i14,e04,c3,p22,l1,0.0
i14,e04,c3,p22,l3,0.0
i14,e04,c3,p23,l1,0.0
i14,e04,c3,p23,l3,0.0
i14,e04,c3,p24,l1,0.0
i14,e04,c3,p24,l3,0.0
i14,e04,c3,p25,l1,0.0
i14,e04,c3,p25,l3,0.0
i14,e04,c3,p26,l1,0.0
i14,e04,c3,p26,l3,0.0
i14,e04,c3,p28,l1,0.0
i14,e04,c3,p28,l3,0.0
i14,e04,c3,p29,l1,0.0
i14,e04,c3,p29,l3,0.0
i14,e04,c3,p30,l1,0.0
i14,e04,c3,p30,l3,0.0
i14,e04,c3,p31,l1,0.0
i14,e04,c3,p31,l3,0.0
i14,e04,c3,p32,l1,0.0
i14,e04,c3,p32,l3,0.0
i14,e04,c3,p33,l1,0.0
i14,e04,c3,p33,l3,0.0
i14,e04,c3,p34,l3,0.0
i14,e04,c3,p35,l1,0.0
i14,e04,c3,p35,l3,1.0
i14,e04,c5,p01,l1,0.0
i14,e04,c5,p01,l3,1.0
i14,e04,c5,p02,l1,0.0
i14,e04,c5,p02,l3,5.0
i14,e04,c5,p03,l1,0.0
i14,e04,c5,p03,l3,2.0
i14,e04,c5,p04,l1,0.0
i14,e04,c5,p04,l3,3.0
i14,e04,c5,p05,l1,0.0
i14,e04,c5,p05,l3,7.0
i14,e04,c5,p06,l1,0.0
i14,e04,c5,p06,l3,7.0
i14,e04,c5,p07,l1,0.0
i14,e04,c5,p07,l3,10.0
i14,e04,c5,p08,l1,0.0
i14,e04,c5,p08,l3,0.0
i14,e04,c5,p09,l1,0.0
i14,e04,c5,p09,l3,0.0
i14,e04,c5,p10,l1,0.0
i14,e04,c5,p10,l3,5.0
i14,e04,c5,p11,l1,0.0
i14,e04,c5,p11,l3,1.0
i14,e04,c5,p12,l1,0.0
i14,e04,c5,p12,l3,58.0
i14,e04,c5,p13,l1,0.0
i14,e04,c5,p13,l3,2.0
i14,e04,c5,p14,l1,0.0
i14,e04,c5,p14,l3,0.0
i14,e04,c5,p15,l1,0.0
i14,e04,c5,p15,l3,42.0
i14,e04,c5,p16,l1,0.0
i14,e04,c5,p16,l3,3.0
i14,e04,c5,p17,l1,0.0
i14,e04,c5,p17,l3,0.0
i14,e04,c5,p18,l1,0.0
i14,e04,c5,p18,l3,8.0
i14,e04,c5,p19,l1,0.0
i14,e04,c5,p19,l3,102.0
i14,e04,c5,p20,l1,0.0
i14,e04,c5,p20,l3,2.0
i14,e04,c5,p21,l1,0.0
i14,e04,c5,p21,l3,179.0
i14,e04,c5,p22,l1,0.0
i14,e04,c5,p22,l3,3.0
i14,e04,c5,p23,l1,0.0
i14,e04,c5,p23,l3,40.0
i14,e04,c5,p24,l1,0.0
i14,e04,c5,p24,l3,3.0
i14,e04,c5,p25,l1,0.0
i14,e04,c5,p25,l3,36.0
i14,e04,c5,p26,l1,0.0
i14,e04,c5,p26,l3,0.0
i14,e04,c5,p27,l3,0.0
i14,e04,c5,p28,l1,0.0
i14,e04,c5,p28,l3,0.0
i14,e04,c5,p29,l1,0.0
i14,e04,c5,p29,l3,20.0
i14,e04,c5,p30,l1,0.0
i14,e04,c5,p30,l3,0.0
i14,e04,c5,p31,l1,0.0
i14,e04,c5,p31,l3,0.0
i14,e04,c5,p32,l1,0.0
i14,e04,c5,p32,l3,5.0
i14,e04,c5,p33,l1,0.0
i14,e04,c5,p33,l3,0.0
i14,e04,c5,p34,l3,0.0
i14,e04,c5,p35,l1,0.0
i14,e04,c5,p35,l3,2.0
i14,e04,c8,p01,l3,0.0
i14,e04,c8,p02,l3,0.0
i14,e04,c8,p03,l3,0.0
i14,e04,c8,p04,l3,0.0
i14,e04,c8,p07,l3,0.0
i14,e04,c8,p08,l3,0.0
i14,e04,c8,p09,l3,0.0
i14,e04,c8,p10,l3,0.0
i14,e04,c8,p15,l3,0.0
i14,e04,c8,p17,l3,0.0
i14,e04,c8,p19,l1,0.0
i14,e04,c8,p19,l3,0.0
i14,e04,c8,p21,l3,0.0
i14,e04,c8,p22,l3,0.0
i14,e04,c8,p24,l3,0.0
i14,e04,c8,p29,l3,0.0
i14,e04,c8,p35,l3,0.0
i14,e05,c3,p01,l1,0.0
i14,e05,c3,p01,l3,0.0
i14,e05,c3,p02,l1,0.0
i14,e05,c3,p02,l3,0.0
i14,e05,c3,p03,l1,0.0
i14,e05,c3,p03,l3,0.0
i14,e05,c3,p04,l1,0.0
i14,e05,c3,p04,l3,0.0
i14,e05,c3,p05,l1,0.0
i14,e05,c3,p05,l3,0.0
i14,e05,c3,p06,l1,0.0
i14,e05,c3,p06,l3,0.0
i14,e05,c3,p07,l1,0.0
i14,e05,c3,p07,l3,0.0
i14,e05,c3,p08,l1,0.0
i14,e05,c3,p08,l3,0.0
i14,e05,c3,p09,l1,0.0
i14,e05,c3,p09,l3,0.0
i14,e05,c3,p10,l1,0.0
i14,e05,c3,p10,l3,0.0
i14,e05,c3,p11,l1,0.0
i14,e05,c3,p11,l3,0.0
i14,e05,c3,p12,l1,0.0
i14,e05,c3,p12,l3,0.0
i14,e05,c3,p13,l1,0.0
i14,e05,c3,p13,l3,0.0
i14,e05,c3,p14,l1,0.0
i14,e05,c3,p14,l3,0.0
i14,e05,c3,p15,l1,0.0
i14,e05,c3,p15,l3,0.0
i14,e05,c3,p16,l1,0.0
i14,e05,c3,p16,l3,0.0
i14,e05,c3,p17,l1,0.0
i14,e05,c3,p17,l3,0.0
i14,e05,c3,p18,l1,0.0
i14,e05,c3,p18,l3,0.0
i14,e05,c3,p19,l1,0.0
i14,e05,c3,p19,l3,0.0
i14,e05,c3,p20,l1,0.0
i14,e05,c3,p20,l3,0.0
i14,e05,c3,p21,l1,0.0
i14,e05,c3,p21,l3,0.0
i14,e05,c3,p22,l1,0.0
i14,e05,c3,p22,l3,0.0
i14,e05,c3,p23,l1,0.0
i14,e05,c3,p23,l3,0.0
i14,e05,c3,p24,l1,0.0
i14,e05,c3,p24,l3,0.0
i14,e05,c3,p25,l1,0.0
i14,e05,c3,p25,l3,0.0
i14,e05,c3,p26,l1,0.0
i14,e05,c3,p26,l3,0.0
i14,e05,c3,p27,l3,0.0
i14,e05,c3,p28,l1,0.0
i14,e05,c3,p28,l3,0.0
i14,e05,c3,p29,l1,0.0
i14,e05,c3,p29,l3,0.0
i14,e05,c3,p30,l3,0.0
i14,e05,c3,p31,l3,0.0
i14,e05,c3,p32,l1,0.0
i14,e05,c3,p32,l3,0.0
i14,e05,c3,p33,l1,0.0
i14,e05,c3,p33,l3,0.0
i14,e05,c3,p34,l3,0.0
i14,e05,c3,p35,l1,0.0
i14,e05,c3,p35,l3,0.0
i14,e05,c5,p01,l1,0.0
i14,e05,c5,p01,l3,0.0
i14,e05,c5,p02,l1,0.0
i14,e05,c5,p02,l3,0.0
i14,e05,c5,p03,l1,0.0
i14,e05,c5,p03,l3,0.0
i14,e05,c5,p04,l1,0.0
i14,e05,c5,p04,l3,0.0
i14,e05,c5,p05,l1,0.0
i14,e05,c5,p05,l3,0.0
i14,e05,c5,p06,l1,0.0
i14,e05,c5,p06,l3,0.0
i14,e05,c5,p07,l1,0.0
i14,e05,c5,p07,l3,0.0
i14,e05,c5,p08,l1,0.0
i14,e05,c5,p08,l3,0.0
i14,e05,c5,p09,l1,0.0
i14,e05,c5,p09,l3,0.0
i14,e05,c5,p10,l1,0.0
i14,e05,c5,p10,l3,0.0
i14,e05,c5,p11,l1,0.0
i14,e05,c5,p11,l3,0.0
i14,e05,c5,p12,l1,0.0
i14,e05,c5,p12,l3,0.0
i14,e05,c5,p13,l1,0.0
i14,e05,c5,p13,l3,0.0
i14,e05,c5,p14,l1,0.0
i14,e05,c5,p14,l3,0.0
i14,e05,c5,p15,l1,0.0
i14,e05,c5,p15,l3,1.0
i14,e05,c5,p16,l1,0.0
i14,e05,c5,p16,l3,0.0
i14,e05,c5,p17,l1,0.0
i14,e05,c5,p17,l3,0.0
i14,e05,c5,p18,l1,0.0
i14,e05,c5,p18,l3,0.0
i14,e05,c5,p19,l1,0.0
i14,e05,c5,p19,l3,1.0
i14,e05,c5,p20,l1,0.0
i14,e05,c5,p20,l3,0.0
i14,e05,c5,p21,l1,0.0
i14,e05,c5,p21,l3,2.0
i14,e05,c5,p22,l1,0.0
i14,e05,c5,p22,l3,0.0
i14,e05,c5,p23,l1,0.0
i14,e05,c5,p23,l3,0.0
i14,e05,c5,p24,l1,0.0
i14,e05,c5,p24,l3,4.0
i14,e05,c5,p25,l1,0.0
i14,e05,c5,p25,l3,0.0
i14,e05,c5,p26,l1,0.0
i14,e05,c5,p26,l3,0.0
i14,e05,c5,p27,l3,0.0
i14,e05,c5,p28,l1,0.0
i14,e05,c5,p28,l3,0.0
i14,e05,c5,p29,l1,0.0
i14,e05,c5,p29,l3,1.0
i14,e05,c5,p30,l1,0.0
i14,e05,c5,p30,l3,0.0
i14,e05,c5,p31,l1,0.0
i14,e05,c5,p31,l3,0.0
i14,e05,c5,p32,l1,0.0
i14,e05,c5,p32,l3,0.0
i14,e05,c5,p33,l1,0.0
i14,e05,c5,p33,l3,0.0
i14,e05,c5,p34,l3,0.0
i14,e05,c5,p35,l1,0.0
i14,e05,c5,p35,l3,1.0
i14,e05,c8,p01,l3,0.0
i14,e05,c8,p02,l3,0.0
i14,e05,c8,p03,l3,0.0
i14,e05,c8,p04,l3,0.0
i14,e05,c8,p05,l3,0.0
i14,e05,c8,p06,l3,0.0
i14,e05,c8,p07,l3,0.0
i14,e05,c8,p08,l3,0.0
i14,e05,c8,p09,l3,0.0
i14,e05,c8,p10,l3,0.0
i14,e05,c8,p11,l3,0.0
i14,e05,c8,p12,l3,0.0
i14,e05,c8,p13,l3,0.0
i14,e05,c8,p14,l3,0.0
i14,e05,c8,p15,l3,0.0
i14,e05,c8,p16,l3,0.0
i14,e05,c8,p17,l3,0.0
i14,e05,c8,p18,l3,0.0
i14,e05,c8,p19,l3,0.0
i14,e05,c8,p20,l3,0.0
i14,e05,c8,p21,l3,0.0
i14,e05,c8,p22,l3,0.0
i14,e05,c8,p23,l3,0.0
i14,e05,c8,p24,l3,0.0
i14,e05,c8,p25,l3,0.0
i14,e05,c8,p26,l3,0.0
i14,e05,c8,p28,l3,0.0
i14,e05,c8,p29,l3,0.0
i14,e05,c8,p30,l3,0.0
i14,e05,c8,p31,l3,0.0
i14,e05,c8,p32,l3,0.0
i14,e05,c8,p33,l3,0.0
i14,e05,c8,p35,l3,0.0
i14,e06,c5,p29,l3,0.0
i14,e07,c3,p01,l3,0.0
i14,e07,c3,p03,l3,0.0
i14,e07,c3,p07,l3,0.0
i14,e07,c3,p09,l3,0.0
i14,e07,c3,p10,l3,0.0
i14,e07,c3,p11,l3,0.0
i14,e07,c3,p15,l3,0.0
i14,e07,c3,p19,l2,0.0
i14,e07,c3,p19,l3,0.0
i14,e07,c3,p21,l3,0.0
i14,e07,c3,p23,l2,0.0
i14,e07,c3,p26,l2,0.0
i14,e07,c3,p28,l3,0.0
i14,e07,c3,p31,l3,0.0
i14,e07,c3,p35,l3,0.0
i14,e07,c5,p01,l2,0.0
i14,e07,c5,p01,l3,0.0
i14,e07,c5,p02,l2,0.0
i14,e07,c5,p02,l3,0.0
i14,e07,c5,p03,l2,0.0
i14,e07,c5,p03,l3,0.0
i14,e07,c5,p04,l2,0.0
i14,e07,c5,p04,l3,0.0
i14,e07,c5,p05,l2,0.0
i14,e07,c5,p05,l3,0.0
i14,e07,c5,p06,l2,0.0
i14,e07,c5,p06,l3,0.0
i14,e07,c5,p07,l2,0.0
i14,e07,c5,p07,l3,0.0
i14,e07,c5,p08,l2,0.0
i14,e07,c5,p08,l3,0.0
i14,e07,c5,p09,l2,0.0
i14,e07,c5,p09,l3,0.0
i14,e07,c5,p10,l2,0.0
i14,e07,c5,p10,l3,0.0
i14,e07,c5,p11,l2,0.0
i14,e07,c5,p11,l3,0.0
i14,e07,c5,p12,l2,0.0
i14,e07,c5,p12,l3,0.0
i14,e07,c5,p13,l2,0.0
i14,e07,c5,p13,l3,0.0
i14,e07,c5,p14,l2,0.0
i14,e07,c5,p14,l3,0.0
i14,e07,c5,p15,l2,0.0
i14,e07,c5,p15,l3,0.0
i14,e07,c5,p16,l2,0.0
i14,e07,c5,p16,l3,0.0
i14,e07,c5,p17,l2,0.0
i14,e07,c5,p17,l3,0.0
i14,e07,c5,p18,l2,0.0
i14,e07,c5,p18,l3,0.0
i14,e07,c5,p19,l2,0.0
i14,e07,c5,p19,l3,0.0
i14,e07,c5,p20,l2,0.0
i14,e07,c5,p20,l3,0.0
i14,e07,c5,p21,l2,0.0
i14,e07,c5,p21,l3,0.0
i14,e07,c5,p22,l2,0.0
i14,e07,c5,p22,l3,0.0
i14,e07,c5,p23,l2,0.0
i14,e07,c5,p23,l3,0.0
i14,e07,c5,p24,l2,0.0
i14,e07,c5,p24,l3,0.0
i14,e07,c5,p25,l2,0.0
i14,e07,c5,p25,l3,0.0
i14,e07,c5,p26,l2,0.0
i14,e07,c5,p26,l3,0.0
i14,e07,c5,p28,l2,0.0
i14,e07,c5,p28,l3,0.0
i14,e07,c5,p29,l2,0.0
i14,e07,c5,p29,l3,0.0
i14,e07,c5,p30,l3,0.0
i14,e07,c5,p31,l2,0.0
i14,e07,c5,p31,l3,0.0
i14,e07,c5,p32,l2,0.0
i14,e07,c5,p32,l3,0.0
i14,e07,c5,p33,l2,0.0
i14,e07,c5,p33,l3,0.0
i14,e07,c5,p35,l2,0.0
i14,e07,c5,p35,l3,0.0
i14,e08,c3,p01,l2,0.0
i14,e08,c3,p01,l3,0.0
i14,e08,c3,p02,l2,0.0
i14,e08,c3,p02,l3,0.0
i14,e08,c3,p03,l2,0.0
i14,e08,c3,p03,l3,0.0
i14,e08,c3,p04,l2,0.0
i14,e08,c3,p04,l3,0.0
i14,e08,c3,p05,l2,0.0
i14,e08,c3,p05,l3,0.0
i14,e08,c3,p06,l2,0.0
i14,e08,c3,p06,l3,0.0
i14,e08,c3,p07,l2,0.0
i14,e08,c3,p07,l3,6.0
i14,e08,c3,p08,l2,0.0
i14,e08,c3,p08,l3,0.0
i14,e08,c3,p09,l2,0.0
i14,e08,c3,p09,l3,0.0
i14,e08,c3,p10,l2,0.0
i14,e08,c3,p10,l3,0.0
i14,e08,c3,p11,l2,0.0
i14,e08,c3,p11,l3,0.0
i14,e08,c3,p12,l2,0.0
i14,e08,c3,p12,l3,0.0
i14,e08,c3,p13,l2,0.0
i14,e08,c3,p13,l3,0.0
i14,e08,c3,p14,l2,0.0
i14,e08,c3,p14,l3,0.0
i14,e08,c3,p15,l2,0.0
i14,e08,c3,p15,l3,0.0
i14,e08,c3,p16,l2,0.0
i14,e08,c3,p16,l3,1.0
i14,e08,c3,p17,l2,0.0
i14,e08,c3,p17,l3,0.0
i14,e08,c3,p18,l2,0.0
i14,e08,c3,p18,l3,0.0
i14,e08,c3,p19,l2,0.0
i14,e08,c3,p19,l3,66.0
i14,e08,c3,p20,l2,0.0
i14,e08,c3,p20,l3,0.0
i14,e08,c3,p21,l2,0.0
i14,e08,c3,p21,l3,0.0
i14,e08,c3,p22,l2,0.0
i14,e08,c3,p22,l3,0.0
i14,e08,c3,p23,l2,0.0
i14,e08,c3,p23,l3,0.0
i14,e08,c3,p24,l2,0.0
i14,e08,c3,p24,l3,0.0
i14,e08,c3,p25,l2,0.0
i14,e08,c3,p25,l3,0.0
i14,e08,c3,p26,l2,0.0
i14,e08,c3,p26,l3,0.0
i14,e08,c3,p27,l3,0.0
i14,e08,c3,p28,l2,0.0
i14,e08,c3,p28,l3,0.0
i14,e08,c3,p29,l2,0.0
i14,e08,c3,p29,l3,0.0
i14,e08,c3,p30,l2,0.0
i14,e08,c3,p30,l3,0.0
i14,e08,c3,p31,l2,0.0
i14,e08,c3,p31,l3,0.0
i14,e08,c3,p32,l2,0.0
i14,e08,c3,p32,l3,0.0
i14,e08,c3,p33,l2,0.0
i14,e08,c3,p33,l3,2.0
i14,e08,c3,p34,l3,0.0
i14,e08,c3,p35,l2,0.0
i14,e08,c3,p35,l3,1.0
i14,e08,c5,p01,l2,0.0
i14,e08,c5,p01,l3,54.0
i14,e08,c5,p02,l2,0.0
i14,e08,c5,p02,l3,18.0
i14,e08,c5,p03,l2,0.0
i14,e08,c5,p03,l3,53.0
i14,e08,c5,p04,l2,0.0
i14,e08,c5,p04,l3,132.0
i14,e08,c5,p05,l2,0.0
i14,e08,c5,p05,l3,33.0
i14,e08,c5,p06,l2,0.0
i14,e08,c5,p06,l3,3.0
i14,e08,c5,p07,l2,0.0
i14,e08,c5,p07,l3,5.0
i14,e08,c5,p08,l2,0.0
i14,e08,c5,p08,l3,0.0
i14,e08,c5,p09,l2,0.0
i14,e08,c5,p09,l3,4.0
i14,e08,c5,p10,l2,0.0
i14,e08,c5,p10,l3,65.0
i14,e08,c5,p11,l2,0.0
i14,e08,c5,p11,l3,129.0
i14,e08,c5,p12,l2,0.0
i14,e08,c5,p12,l3,143.0
i14,e08,c5,p13,l2,0.0
i14,e08,c5,p13,l3,42.0
i14,e08,c5,p14,l2,0.0
i14,e08,c5,p14,l3,21.0
i14,e08,c5,p15,l2,0.0
i14,e08,c5,p15,l3,19.0
i14,e08,c5,p16,l2,0.0
i14,e08,c5,p16,l3,20.0
i14,e08,c5,p17,l2,0.0
i14,e08,c5,p17,l3,8.0
i14,e08,c5,p18,l2,0.0
i14,e08,c5,p18,l3,33.0
i14,e08,c5,p19,l2,0.0
i14,e08,c5,p19,l3,335.0
i14,e08,c5,p20,l2,0.0
i14,e08,c5,p20,l3,19.0
i14,e08,c5,p21,l2,0.0
i14,e08,c5,p21,l3,74.0
i14,e08,c5,p22,l2,0.0
i14,e08,c5,p22,l3,15.0
i14,e08,c5,p23,l2,0.0
i14,e08,c5,p23,l3,44.0
i14,e08,c5,p24,l2,0.0
i14,e08,c5,p24,l3,23.0
i14,e08,c5,p25,l2,0.0
i14,e08,c5,p25,l3,15.0
i14,e08,c5,p26,l2,0.0
i14,e08,c5,p26,l3,36.0
i14,e08,c5,p27,l2,0.0
i14,e08,c5,p27,l3,0.0
i14,e08,c5,p28,l2,0.0
i14,e08,c5,p28,l3,12.0
i14,e08,c5,p29,l2,0.0
i14,e08,c5,p29,l3,39.0
i14,e08,c5,p30,l2,0.0
i14,e08,c5,p30,l3,2.0
i14,e08,c5,p31,l2,0.0
i14,e08,c5,p31,l3,8.0
i14,e08,c5,p32,l2,0.0
i14,e08,c5,p32,l3,70.0
i14,e08,c5,p33,l2,0.0
i14,e08,c5,p33,l3,147.0
i14,e08,c5,p34,l3,0.0
i14,e08,c5,p35,l2,0.0
i14,e08,c5,p35,l3,39.0
i14,e08,c8,p01,l2,0.0
i14,e08,c8,p01,l3,0.0
i14,e08,c8,p02,l3,0.0
i14,e08,c8,p03,l2,0.0
i14,e08,c8,p03,l3,0.0
i14,e08,c8,p04,l3,0.0
i14,e08,c8,p05,l2,0.0
i14,e08,c8,p05,l3,0.0
i14,e08,c8,p06,l3,0.0
i14,e08,c8,p07,l2,0.0
i14,e08,c8,p07,l3,0.0
i14,e08,c8,p08,l2,0.0
i14,e08,c8,p08,l3,0.0
i14,e08,c8,p09,l3,0.0
i14,e08,c8,p10,l2,0.0
i14,e08,c8,p10,l3,0.0
i14,e08,c8,p11,l2,0.0
i14,e08,c8,p11,l3,0.0
i14,e08,c8,p12,l2,0.0
i14,e08,c8,p12,l3,0.0
i14,e08,c8,p13,l2,0.0
i14,e08,c8,p13,l3,0.0
i14,e08,c8,p14,l2,0.0
i14,e08,c8,p14,l3,0.0
i14,e08,c8,p15,l2,0.0
i14,e08,c8,p15,l3,0.0
i14,e08,c8,p16,l2,0.0
i14,e08,c8,p16,l3,0.0
i14,e08,c8,p17,l2,0.0
i14,e08,c8,p17,l3,0.0
i14,e08,c8,p18,l2,0.0
i14,e08,c8,p18,l3,0.0
i14,e08,c8,p19,l2,0.0
i14,e08,c8,p19,l3,0.0
i14,e08,c8,p20,l3,0.0
i14,e08,c8,p21,l2,0.0
i14,e08,c8,p21,l3,0.0
i14,e08,c8,p22,l3,0.0
i14,e08,c8,p23,l2,0.0
i14,e08,c8,p23,l3,0.0
i14,e08,c8,p24,l2,0.0
i14,e08,c8,p24,l3,0.0
i14,e08,c8,p25,l3,0.0
i14,e08,c8,p26,l3,0.0
i14,e08,c8,p28,l3,0.0
i14,e08,c8,p29,l2,0.0
i14,e08,c8,p29,l3,0.0
i14,e08,c8,p30,l3,0.0
i14,e08,c8,p31,l3,0.0
i14,e08,c8,p32,l3,0.0
i14,e08,c8,p33,l3,0.0
i14,e08,c8,p35,l2,0.0
i14,e08,c8,p35,l3,0.0
i14,e09,c3,p01,l2,0.0
i14,e09,c3,p01,l3,0.0
i14,e09,c3,p02,l2,0.0
i14,e09,c3,p02,l3,0.0
i14,e09,c3,p03,l2,0.0
i14,e09,c3,p03,l3,0.0
i14,e09,c3,p04,l2,0.0
i14,e09,c3,p04,l3,0.0
i14,e09,c3,p05,l2,0.0
i14,e09,c3,p05,l3,0.0
i14,e09,c3,p06,l2,0.0
i14,e09,c3,p06,l3,0.0
i14,e09,c3,p07,l2,0.0
i14,e09,c3,p07,l3,0.0
i14,e09,c3,p08,l2,0.0
i14,e09,c3,p08,l3,0.0
i14,e09,c3,p09,l2,0.0
i14,e09,c3,p09,l3,0.0
i14,e09,c3,p10,l2,0.0
i14,e09,c3,p10,l3,0.0
i14,e09,c3,p11,l2,0.0
i14,e09,c3,p11,l3,0.0
i14,e09,c3,p12,l2,0.0
i14,e09,c3,p12,l3,0.0
i14,e09,c3,p13,l2,0.0
i14,e09,c3,p13,l3,1.0
i14,e09,c3,p14,l2,0.0
i14,e09,c3,p14,l3,0.0
i14,e09,c3,p15,l2,0.0
i14,e09,c3,p15,l3,0.0
i14,e09,c3,p16,l2,0.0
i14,e09,c3,p16,l3,0.0
i14,e09,c3,p17,l2,0.0
i14,e09,c3,p17,l3,0.0
i14,e09,c3,p18,l2,0.0
i14,e09,c3,p18,l3,0.0
i14,e09,c3,p19,l2,0.0
i14,e09,c3,p19,l3,0.0
i14,e09,c3,p20,l2,0.0
i14,e09,c3,p20,l3,0.0
i14,e09,c3,p21,l2,0.0
i14,e09,c3,p21,l3,0.0
i14,e09,c3,p22,l2,0.0
i14,e09,c3,p22,l3,0.0
i14,e09,c3,p23,l2,0.0
i14,e09,c3,p23,l3,0.0
i14,e09,c3,p24,l2,0.0
i14,e09,c3,p24,l3,0.0
i14,e09,c3,p25,l2,0.0
i14,e09,c3,p25,l3,0.0
i14,e09,c3,p26,l2,0.0
i14,e09,c3,p26,l3,0.0
i14,e09,c3,p28,l2,0.0
i14,e09,c3,p28,l3,0.0
i14,e09,c3,p29,l2,0.0
i14,e09,c3,p29,l3,0.0
i14,e09,c3,p30,l2,0.0
i14,e09,c3,p30,l3,0.0
i14,e09,c3,p31,l2,0.0
i14,e09,c3,p31,l3,0.0
i14,e09,c3,p32,l2,0.0
i14,e09,c3,p32,l3,0.0
i14,e09,c3,p33,l2,0.0
i14,e09,c3,p33,l3,0.0
i14,e09,c3,p34,l3,0.0
i14,e09,c3,p35,l2,0.0
i14,e09,c3,p35,l3,0.0
i14,e09,c5,p01,l2,0.0
i14,e09,c5,p01,l3,2.0
i14,e09,c5,p02,l2,0.0
i14,e09,c5,p02,l3,2.0
i14,e09,c5,p03,l2,0.0
i14,e09,c5,p03,l3,0.0
i14,e09,c5,p04,l2,0.0
i14,e09,c5,p04,l3,2.0
i14,e09,c5,p05,l2,0.0
i14,e09,c5,p05,l3,2.0
i14,e09,c5,p06,l2,0.0
i14,e09,c5,p06,l3,9.0
i14,e09,c5,p07,l2,0.0
i14,e09,c5,p07,l3,4.0
i14,e09,c5,p08,l2,0.0
i14,e09,c5,p08,l3,0.0
i14,e09,c5,p09,l2,0.0
i14,e09,c5,p09,l3,1.0
i14,e09,c5,p10,l2,0.0
i14,e09,c5,p10,l3,4.0
i14,e09,c5,p11,l2,0.0
i14,e09,c5,p11,l3,4.0
i14,e09,c5,p12,l2,0.0
i14,e09,c5,p12,l3,28.0
i14,e09,c5,p13,l2,0.0
i14,e09,c5,p13,l3,2.0
i14,e09,c5,p14,l2,0.0
i14,e09,c5,p14,l3,0.0
i14,e09,c5,p15,l2,0.0
i14,e09,c5,p15,l3,5.0
i14,e09,c5,p16,l2,0.0
i14,e09,c5,p16,l3,4.0
i14,e09,c5,p17,l2,0.0
i14,e09,c5,p17,l3,0.0
i14,e09,c5,p18,l2,0.0
i14,e09,c5,p18,l3,5.0
i14,e09,c5,p19,l2,0.0
i14,e09,c5,p19,l3,38.0
i14,e09,c5,p20,l2,0.0
i14,e09,c5,p20,l3,0.0
i14,e09,c5,p21,l2,0.0
i14,e09,c5,p21,l3,15.0
i14,e09,c5,p22,l2,0.0
i14,e09,c5,p22,l3,0.0
i14,e09,c5,p23,l2,0.0
i14,e09,c5,p23,l3,16.0
i14,e09,c5,p24,l2,0.0
i14,e09,c5,p24,l3,2.0
i14,e09,c5,p25,l2,0.0
i14,e09,c5,p25,l3,6.0
i14,e09,c5,p26,l2,0.0
i14,e09,c5,p26,l3,0.0
i14,e09,c5,p27,l3,0.0
i14,e09,c5,p28,l2,0.0
i14,e09,c5,p28,l3,0.0
i14,e09,c5,p29,l2,0.0
i14,e09,c5,p29,l3,13.0
i14,e09,c5,p30,l2,0.0
i14,e09,c5,p30,l3,0.0
i14,e09,c5,p31,l2,0.0
i14,e09,c5,p31,l3,0.0
i14,e09,c5,p32,l2,0.0
i14,e09,c5,p32,l3,10.0
i14,e09,c5,p33,l2,0.0
i14,e09,c5,p33,l3,0.0
i14,e09,c5,p34,l3,0.0
i14,e09,c5,p35,l2,0.0
i14,e09,c5,p35,l3,0.0
i14,e09,c8,p03,l3,0.0
i14,e09,c8,p05,l3,0.0
i14,e09,c8,p08,l3,0.0
i14,e09,c8,p09,l3,0.0
i14,e09,c8,p10,l3,0.0
i14,e09,c8,p19,l2,0.0
i14,e09,c8,p19,l3,0.0
i14,e09,c8,p35,l3,0.0
i14,e11,c3,p01,l2,0.0
i14,e11,c3,p01,l3,0.0
i14,e11,c3,p02,l2,0.0
i14,e11,c3,p02,l3,0.0
i14,e11,c3,p03,l2,0.0
i14,e11,c3,p03,l3,0.0
i14,e11,c3,p04,l2,0.0
i14,e11,c3,p04,l3,0.0
i14,e11,c3,p05,l2,0.0
i14,e11,c3,p05,l3,0.0
i14,e11,c3,p06,l2,0.0
i14,e11,c3,p06,l3,0.0
i14,e11,c3,p07,l2,0.0
i14,e11,c3,p07,l3,0.0
i14,e11,c3,p08,l2,0.0
i14,e11,c3,p08,l3,0.0
i14,e11,c3,p09,l2,0.0
i14,e11,c3,p09,l3,0.0
i14,e11,c3,p10,l2,0.0
i14,e11,c3,p10,l3,0.0
i14,e11,c3,p11,l2,0.0
i14,e11,c3,p11,l3,0.0
i14,e11,c3,p12,l2,0.0
i14,e11,c3,p12,l3,0.0
i14,e11,c3,p13,l2,0.0
i14,e11,c3,p13,l3,0.0
i14,e11,c3,p14,l2,0.0
i14,e11,c3,p14,l3,0.0
i14,e11,c3,p15,l2,0.0
i14,e11,c3,p15,l3,0.0
i14,e11,c3,p16,l2,0.0
i14,e11,c3,p16,l3,0.0
i14,e11,c3,p17,l2,0.0
i14,e11,c3,p17,l3,0.0
i14,e11,c3,p18,l2,0.0
i14,e11,c3,p18,l3,0.0
i14,e11,c3,p19,l2,0.0
i14,e11,c3,p19,l3,0.0
i14,e11,c3,p20,l2,0.0
i14,e11,c3,p20,l3,0.0
i14,e11,c3,p21,l2,0.0
i14,e11,c3,p21,l3,0.0
i14,e11,c3,p22,l2,0.0
i14,e11,c3,p22,l3,0.0
i14,e11,c3,p23,l2,0.0
i14,e11,c3,p23,l3,0.0
i14,e11,c3,p24,l2,0.0
i14,e11,c3,p24,l3,0.0
i14,e11,c3,p25,l2,0.0
i14,e11,c3,p25,l3,0.0
i14,e11,c3,p26,l2,0.0
i14,e11,c3,p26,l3,0.0
i14,e11,c3,p28,l2,0.0
i14,e11,c3,p28,l3,0.0
i14,e11,c3,p29,l2,0.0
i14,e11,c3,p29,l3,0.0
i14,e11,c3,p30,l2,0.0
i14,e11,c3,p30,l3,0.0
i14,e11,c3,p31,l2,0.0
i14,e11,c3,p31,l3,0.0
i14,e11,c3,p32,l2,0.0
i14,e11,c3,p32,l3,0.0
i14,e11,c3,p33,l2,0.0
i14,e11,c3,p33,l3,0.0
i14,e11,c3,p34,l3,0.0
i14,e11,c3,p35,l2,0.0
i14,e11,c3,p35,l3,0.0
i14,e11,c5,p01,l2,0.0
i14,e11,c5,p01,l3,2.0
i14,e11,c5,p02,l2,0.0
i14,e11,c5,p02,l3,2.0
i14,e11,c5,p03,l2,0.0
i14,e11,c5,p03,l3,3.0
i14,e11,c5,p04,l2,0.0
i14,e11,c5,p04,l3,1.0
i14,e11,c5,p05,l2,0.0
i14,e11,c5,p05,l3,1.0
i14,e11,c5,p06,l2,0.0
i14,e11,c5,p06,l3,0.0
i14,e11,c5,p07,l2,0.0
i14,e11,c5,p07,l3,1.0
i14,e11,c5,p08,l2,0.0
i14,e11,c5,p08,l3,0.0
i14,e11,c5,p09,l2,0.0
i14,e11,c5,p09,l3,0.0
i14,e11,c5,p10,l2,0.0
i14,e11,c5,p10,l3,0.0
i14,e11,c5,p11,l2,0.0
i14,e11,c5,p11,l3,0.0
i14,e11,c5,p12,l2,0.0
i14,e11,c5,p12,l3,8.0
i14,e11,c5,p13,l2,0.0
i14,e11,c5,p13,l3,0.0
i14,e11,c5,p14,l2,0.0
i14,e11,c5,p14,l3,0.0
i14,e11,c5,p15,l2,0.0
i14,e11,c5,p15,l3,2.0
i14,e11,c5,p16,l2,0.0
i14,e11,c5,p16,l3,1.0
i14,e11,c5,p17,l2,0.0
i14,e11,c5,p17,l3,0.0
i14,e11,c5,p18,l2,0.0
i14,e11,c5,p18,l3,0.0
i14,e11,c5,p19,l2,0.0
i14,e11,c5,p19,l3,10.0
i14,e11,c5,p20,l2,0.0
i14,e11,c5,p20,l3,0.0
i14,e11,c5,p21,l2,0.0
i14,e11,c5,p21,l3,1.0
i14,e11,c5,p22,l2,0.0
i14,e11,c5,p22,l3,0.0
i14,e11,c5,p23,l2,0.0
i14,e11,c5,p23,l3,0.0
i14,e11,c5,p24,l2,0.0
i14,e11,c5,p24,l3,0.0
i14,e11,c5,p25,l2,0.0
i14,e11,c5,p25,l3,1.0
i14,e11,c5,p26,l2,0.0
i14,e11,c5,p26,l3,0.0
i14,e11,c5,p27,l3,0.0
i14,e11,c5,p28,l2,0.0
i14,e11,c5,p28,l3,1.0
i14,e11,c5,p29,l2,0.0
i14,e11,c5,p29,l3,1.0
i14,e11,c5,p30,l2,0.0
i14,e11,c5,p30,l3,0.0
i14,e11,c5,p31,l2,0.0
i14,e11,c5,p31,l3,0.0
i14,e11,c5,p32,l2,0.0
i14,e11,c5,p32,l3,0.0
i14,e11,c5,p33,l2,0.0
i14,e11,c5,p33,l3,0.0
i14,e11,c5,p34,l3,0.0
i14,e11,c5,p35,l2,0.0
i14,e11,c5,p35,l3,1.0
i14,e11,c8,p01,l3,0.0
i14,e11,c8,p02,l3,0.0
i14,e11,c8,p03,l2,0.0
i14,e11,c8,p03,l3,0.0
i14,e11,c8,p04,l3,0.0
i14,e11,c8,p05,l3,0.0
i14,e11,c8,p06,l3,0.0
i14,e11,c8,p07,l3,0.0
i14,e11,c8,p08,l3,0.0
i14,e11,c8,p09,l3,0.0
i14,e11,c8,p10,l3,0.0
i14,e11,c8,p11,l2,0.0
i14,e11,c8,p11,l3,0.0
i14,e11,c8,p12,l3,0.0
i14,e11,c8,p13,l3,0.0
i14,e11,c8,p14,l3,0.0
i14,e11,c8,p15,l3,0.0
i14,e11,c8,p16,l3,0.0
i14,e11,c8,p17,l2,0.0
i14,e11,c8,p17,l3,0.0
i14,e11,c8,p18,l3,0.0
i14,e11,c8,p19,l3,0.0
i14,e11,c8,p20,l3,0.0
i14,e11,c8,p21,l2,0.0
i14,e11,c8,p21,l3,0.0
i14,e11,c8,p22,l3,0.0
i14,e11,c8,p23,l3,0.0
i14,e11,c8,p24,l3,0.0
i14,e11,c8,p25,l3,0.0
i14,e11,c8,p28,l3,0.0
i14,e11,c8,p29,l3,0.0
i14,e11,c8,p31,l3,0.0
i14,e11,c8,p32,l3,0.0
i14,e11,c8,p35,l2,0.0
i14,e11,c8,p35,l3,0.0
i14,e12,c3,p01,l3,0.0
i14,e12,c3,p02,l3,0.0
i14,e12,c3,p03,l3,0.0
i14,e12,c3,p04,l3,0.0
i14,e12,c3,p05,l3,0.0
i14,e12,c3,p06,l3,0.0
i14,e12,c3,p07,l3,0.0
i14,e12,c3,p08,l3,0.0
i14,e12,c3,p09,l3,0.0
i14,e12,c3,p10,l3,0.0
i14,e12,c3,p11,l3,0.0
i14,e12,c3,p12,l3,0.0
i14,e12,c3,p13,l3,0.0
i14,e12,c3,p14,l3,0.0
i14,e12,c3,p15,l3,0.0
i14,e12,c3,p16,l3,0.0
i14,e12,c3,p17,l3,0.0
i14,e12,c3,p18,l3,0.0
i14,e12,c3,p19,l3,0.0
i14,e12,c3,p20,l3,0.0
i14,e12,c3,p21,l3,0.0
i14,e12,c3,p22,l3,0.0
i14,e12,c3,p23,l3,0.0
i14,e12,c3,p24,l3,0.0
i14,e12,c3,p25,l3,0.0
i14,e12,c3,p26,l3,0.0
i14,e12,c3,p28,l3,0.0
i14,e12,c3,p29,l3,0.0
i14,e12,c3,p30,l3,0.0
i14,e12,c3,p31,l3,0.0
i14,e12,c3,p32,l3,0.0
i14,e12,c3,p33,l3,1.0
i14,e12,c3,p35,l3,0.0
i14,e12,c5,p01,l3,0.0
i14,e12,c5,p02,l3,1.0
i14,e12,c5,p03,l3,1504.0
i14,e12,c5,p04,l3,0.0
i14,e12,c5,p05,l3,1.0
i14,e12,c5,p06,l3,1.0
i14,e12,c5,p07,l3,2.0
i14,e12,c5,p08,l3,18.0
i14,e12,c5,p09,l3,10.0
i14,e12,c5,p10,l3,366.0
i14,e12,c5,p11,l3,2.0
i14,e12,c5,p12,l3,0.0
i14,e12,c5,p13,l3,1.0
i14,e12,c5,p14,l3,3.0
i14,e12,c5,p15,l3,3.0
i14,e12,c5,p16,l3,3.0
i14,e12,c5,p17,l3,1.0
i14,e12,c5,p18,l3,0.0
i14,e12,c5,p19,l3,8.0
i14,e12,c5,p20,l3,1.0
i14,e12,c5,p21,l3,3.0
i14,e12,c5,p22,l3,1500.0
i14,e12,c5,p23,l3,1.0
i14,e12,c5,p24,l3,0.0
i14,e12,c5,p25,l3,2.0
i14,e12,c5,p26,l3,0.0
i14,e12,c5,p27,l3,0.0
i14,e12,c5,p28,l3,2.0
i14,e12,c5,p29,l3,0.0
i14,e12,c5,p30,l3,216.0
i14,e12,c5,p31,l3,0.0
i14,e12,c5,p32,l3,2.0
i14,e12,c5,p33,l3,0.0
i14,e12,c5,p35,l3,1.0
i14,e12,c8,p02,l3,0.0
i14,e12,c8,p04,l3,0.0
i14,e12,c8,p07,l3,0.0
i14,e12,c8,p08,l3,0.0
i14,e12,c8,p10,l3,0.0
i14,e12,c8,p13,l3,0.0
i14,e12,c8,p15,l3,0.0
i14,e12,c8,p17,l3,0.0
i14,e12,c8,p19,l3,0.0
i14,e12,c8,p20,l3,0.0
i14,e12,c8,p21,l3,0.0
i14,e12,c8,p28,l3,0.0
i14,e12,c8,p29,l3,0.0
i14,e12,c8,p35,l3,0.0
i14,e13,c3,p01,l3,0.0
i14,e13,c3,p02,l3,0.0
i14,e13,c3,p03,l3,1.0
i14,e13,c3,p04,l3,0.0
i14,e13,c3,p05,l3,0.0
i14,e13,c3,p06,l3,0.0
i14,e13,c3,p07,l3,0.0
i14,e13,c3,p08,l3,0.0
i14,e13,c3,p09,l3,0.0
i14,e13,c3,p10,l3,1.0
i14,e13,c3,p11,l3,0.0
i14,e13,c3,p12,l3,0.0
i14,e13,c3,p13,l3,0.0
i14,e13,c3,p14,l3,0.0
i14,e13,c3,p15,l3,0.0
i14,e13,c3,p16,l3,0.0
i14,e13,c3,p17,l3,0.0
i14,e13,c3,p18,l3,0.0
i14,e13,c3,p19,l3,0.0
i14,e13,c3,p20,l3,0.0
i14,e13,c3,p21,l3,0.0
i14,e13,c3,p22,l3,0.0
i14,e13,c3,p23,l3,0.0
i14,e13,c3,p24,l3,0.0
i14,e13,c3,p25,l3,0.0
i14,e13,c3,p26,l3,0.0
i14,e13,c3,p27,l3,0.0
i14,e13,c3,p28,l3,0.0
i14,e13,c3,p29,l3,0.0
i14,e13,c3,p30,l3,0.0
i14,e13,c3,p31,l3,0.0
i14,e13,c3,p32,l3,0.0
i14,e13,c3,p33,l3,0.0
i14,e13,c3,p34,l3,0.0
i14,e13,c3,p35,l3,0.0
i14,e13,c5,p01,l3,10.0
i14,e13,c5,p02,l3,4.0
i14,e13,c5,p03,l3,4.0
i14,e13,c5,p04,l3,7.0
i14,e13,c5,p05,l3,4.0
i14,e13,c5,p06,l3,0.0
i14,e13,c5,p07,l3,5.0
i14,e13,c5,p08,l3,4.0
i14,e13,c5,p09,l3,2.0
i14,e13,c5,p10,l3,16.0
i14,e13,c5,p11,l3,7.0
i14,e13,c5,p12,l3,6.0
i14,e13,c5,p13,l3,2.0
i14,e13,c5,p14,l3,3.0
i14,e13,c5,p15,l3,7.0
i14,e13,c5,p16,l3,8.0
i14,e13,c5,p17,l3,2.0
i14,e13,c5,p18,l3,5.0
i14,e13,c5,p19,l3,46.0
i14,e13,c5,p20,l3,3.0
i14,e13,c5,p21,l3,10.0
i14,e13,c5,p22,l3,8.0
i14,e13,c5,p23,l3,4.0
i14,e13,c5,p24,l3,6.0
i14,e13,c5,p25,l3,0.0
i14,e13,c5,p26,l3,0.0
i14,e13,c5,p27,l3,0.0
i14,e13,c5,p28,l3,2.0
i14,e13,c5,p29,l3,11.0
i14,e13,c5,p30,l3,1.0
i14,e13,c5,p31,l3,0.0
i14,e13,c5,p32,l3,5.0
i14,e13,c5,p33,l3,1.0
i14,e13,c5,p34,l3,0.0
i14,e13,c5,p35,l3,3.0
i14,e13,c8,p02,l3,0.0
i14,e13,c8,p04,l3,0.0
i14,e13,c8,p05,l3,0.0
i14,e13,c8,p07,l3,0.0
i14,e13,c8,p10,l3,0.0
i14,e13,c8,p12,l3,0.0
i14,e13,c8,p13,l3,0.0
i14,e13,c8,p15,l3,0.0
i14,e13,c8,p16,l3,0.0
i14,e13,c8,p19,l3,0.0
i14,e13,c8,p20,l3,0.0
i14,e13,c8,p21,l3,0.0
i14,e13,c8,p35,l3,0.0
i140,e01,c5,p35,l3,0.0
i140,e04,c5,p19,l3,0.0
i140,e04,c5,p35,l3,0.0
i140,e09,c5,p35,l3,0.0
i141,e01,c5,p01,l3,0.0
i141,e01,c5,p03,l3,0.0
i141,e01,c5,p10,l3,0.0
i141,e01,c5,p35,l3,0.0
i141,e04,c5,p01,l3,0.0
i141,e04,c5,p03,l3,0.0
i141,e04,c5,p10,l3,0.0
i141,e04,c5,p35,l3,0.0
i141,e05,c5,p10,l3,0.0
i141,e05,c5,p12,l3,0.0
i141,e05,c5,p35,l3,0.0
i141,e08,c5,p01,l3,0.0
i141,e08,c5,p03,l3,0.0
i141,e08,c5,p04,l3,0.0
i141,e08,c5,p10,l3,0.0
i141,e08,c5,p35,l3,0.0
i141,e09,c5,p01,l3,0.0
i141,e09,c5,p03,l3,0.0
i141,e09,c5,p10,l3,0.0
i141,e09,c5,p12,l3,0.0
i141,e09,c5,p35,l3,0.0
i141,e11,c5,p10,l3,0.0
i141,e11,c5,p35,l3,0.0
i141,e13,c5,p01,l3,0.0
i141,e13,c5,p03,l3,0.0
i141,e13,c5,p04,l3,0.0
i141,e13,c5,p07,l3,0.0
i141,e13,c5,p10,l3,0.0
i141,e13,c5,p12,l3,0.0
i141,e13,c5,p35,l3,0.0
i142,e01,c2,p35,l3,0.0
i142,e04,c2,p35,l3,0.0
i142,e09,c2,p35,l2,0.0
i142,e09,c2,p35,l3,0.0
i143,e08,c1,p10,l3,0.0
i144,e01,c5,p10,l3,0.0
i144,e01,c5,p35,l3,0.0
i144,e04,c5,p10,l3,0.0
i144,e04,c5,p35,l3,0.0
i144,e05,c5,p10,l3,0.0
i144,e05,c5,p35,l3,0.0
i144,e08,c5,p10,l3,0.0
i144,e08,c5,p35,l3,0.0
i144,e09,c5,p10,l3,0.0
i144,e09,c5,p35,l3,0.0
i144,e11,c3,p10,l3,0.0
i144,e11,c5,p01,l3,0.0
i144,e11,c5,p10,l3,0.0
i144,e11,c5,p35,l3,0.0
i145,e01,c5,p35,l3,0.0
i145,e03,c5,p35,l3,0.0
i145,e04,c5,p35,l3,0.0
i145,e05,c3,p35,l3,0.0
i145,e05,c5,p10,l3,0.0
i145,e05,c5,p35,l1,0.0
i145,e05,c5,p35,l3,0.0
i145,e08,c5,p35,l3,0.0
i145,e11,c5,p35,l3,0.0
i145,e12,c5,p35,l3,0.0
i147,e02,c5,p10,l3,0.0
i147,e05,c5,p10,l3,0.0
i147,e05,c5,p19,l3,0.0
i147,e05,c5,p35,l3,0.0
i148,e05,c5,p10,l3,0.0
i15,e01,c2,p35,l3,64.0
i15,e01,c6,p35,l3,15.0
i15,e01,c8,p35,l3,0.0
i15,e04,c2,p35,l1,0.0
i15,e04,c2,p35,l3,108.0
i15,e04,c6,p35,l1,0.0
i15,e04,c6,p35,l3,373.0
i15,e04,c8,p35,l3,0.0
i15,e09,c2,p35,l2,0.0
i15,e09,c2,p35,l3,34.0
i15,e09,c6,p35,l2,0.0
i15,e09,c6,p35,l3,37.0
i15,e09,c8,p35,l3,0.0
i16,e01,c3,p01,l3,0.0
i16,e01,c3,p02,l3,0.0
i16,e01,c3,p03,l3,0.0
i16,e01,c3,p04,l3,0.0
i16,e01,c3,p05,l3,0.0
i16,e01,c3,p07,l3,0.0
i16,e01,c3,p09,l3,0.0
i16,e01,c3,p10,l3,0.0
i16,e01,c3,p11,l3,0.0
i16,e01,c3,p12,l3,0.0
i16,e01,c3,p13,l3,0.0
i16,e01,c3,p15,l3,0.0
i16,e01,c3,p16,l3,0.0
i16,e01,c3,p17,l3,0.0
i16,e01,c3,p20,l3,0.0
i16,e01,c3,p21,l3,0.0
i16,e01,c3,p22,l3,0.0
i16,e01,c3,p24,l3,0.0
i16,e01,c3,p25,l3,0.0
i16,e01,c3,p35,l3,0.0
i16,e01,c5,p01,l3,0.0
i16,e01,c5,p02,l3,0.0
i16,e01,c5,p03,l3,0.0
i16,e01,c5,p04,l3,1.0
i16,e01,c5,p05,l3,0.0
i16,e01,c5,p06,l3,0.0
i16,e01,c5,p07,l3,0.0
i16,e01,c5,p08,l3,0.0
i16,e01,c5,p09,l3,0.0
i16,e01,c5,p10,l3,2.0
i16,e01,c5,p11,l3,2.0
i16,e01,c5,p12,l3,0.0
i16,e01,c5,p13,l3,0.0
i16,e01,c5,p14,l3,0.0
i16,e01,c5,p15,l3,0.0
i16,e01,c5,p16,l3,0.0
i16,e01,c5,p17,l3,0.0
i16,e01,c5,p18,l3,0.0
i16,e01,c5,p19,l3,0.0
i16,e01,c5,p20,l3,0.0
i16,e01,c5,p21,l3,0.0
i16,e01,c5,p22,l3,0.0
i16,e01,c5,p23,l3,0.0
i16,e01,c5,p24,l3,12.0
i16,e01,c5,p25,l3,0.0
i16,e01,c5,p26,l3,0.0
i16,e01,c5,p28,l3,0.0
i16,e01,c5,p29,l3,0.0
i16,e01,c5,p30,l3,0.0
i16,e01,c5,p31,l3,0.0
i16,e01,c5,p32,l3,0.0
i16,e01,c5,p35,l3,0.0
i16,e04,c3,p01,l3,0.0
i16,e04,c3,p02,l1,0.0
i16,e04,c3,p02,l3,0.0
i16,e04,c3,p03,l3,0.0
i16,e04,c3,p04,l1,0.0
i16,e04,c3,p04,l3,0.0
i16,e04,c3,p05,l1,0.0
i16,e04,c3,p05,l3,0.0
i16,e04,c3,p06,l3,0.0
i16,e04,c3,p07,l3,0.0
i16,e04,c3,p09,l1,0.0
i16,e04,c3,p09,l3,0.0
i16,e04,c3,p10,l1,0.0
i16,e04,c3,p10,l3,0.0
i16,e04,c3,p11,l3,1.0
i16,e04,c3,p12,l1,0.0
i16,e04,c3,p12,l3,0.0
i16,e04,c3,p13,l1,0.0
i16,e04,c3,p13,l3,0.0
i16,e04,c3,p15,l1,0.0
i16,e04,c3,p15,l3,0.0
i16,e04,c3,p16,l1,0.0
i16,e04,c3,p16,l3,0.0
i16,e04,c3,p17,l3,0.0
i16,e04,c3,p20,l1,0.0
i16,e04,c3,p21,l1,0.0
i16,e04,c3,p21,l3,0.0
i16,e04,c3,p22,l3,0.0
i16,e04,c3,p24,l3,0.0
i16,e04,c3,p25,l1,0.0
i16,e04,c3,p25,l3,0.0
i16,e04,c3,p35,l3,0.0
i16,e04,c5,p01,l1,0.0
i16,e04,c5,p01,l3,2.0
i16,e04,c5,p02,l1,0.0
i16,e04,c5,p02,l3,0.0
i16,e04,c5,p03,l1,0.0
i16,e04,c5,p03,l3,0.0
i16,e04,c5,p04,l1,0.0
i16,e04,c5,p04,l3,0.0
i16,e04,c5,p05,l1,0.0
i16,e04,c5,p05,l3,0.0
i16,e04,c5,p06,l1,0.0
i16,e04,c5,p06,l3,0.0
i16,e04,c5,p07,l1,0.0
i16,e04,c5,p07,l3,0.0
i16,e04,c5,p08,l1,0.0
i16,e04,c5,p08,l3,0.0
i16,e04,c5,p09,l1,0.0
i16,e04,c5,p09,l3,0.0
i16,e04,c5,p10,l1,0.0
i16,e04,c5,p10,l3,13.0
i16,e04,c5,p11,l1,0.0
i16,e04,c5,p11,l3,0.0
i16,e04,c5,p12,l1,0.0
i16,e04,c5,p12,l3,1.0
i16,e04,c5,p13,l1,0.0
i16,e04,c5,p13,l3,0.0
i16,e04,c5,p14,l1,0.0
i16,e04,c5,p14,l3,0.0
i16,e04,c5,p15,l1,0.0
i16,e04,c5,p15,l3,0.0
i16,e04,c5,p16,l1,0.0
i16,e04,c5,p16,l3,0.0
i16,e04,c5,p17,l1,0.0
i16,e04,c5,p17,l3,0.0
i16,e04,c5,p18,l1,0.0
i16,e04,c5,p18,l3,0.0
i16,e04,c5,p19,l1,0.0
i16,e04,c5,p19,l3,0.0
i16,e04,c5,p20,l1,0.0
i16,e04,c5,p20,l3,0.0
i16,e04,c5,p21,l1,0.0
i16,e04,c5,p21,l3,0.0
i16,e04,c5,p22,l1,0.0
i16,e04,c5,p22,l3,1.0
i16,e04,c5,p23,l1,0.0
i16,e04,c5,p23,l3,0.0
i16,e04,c5,p24,l1,0.0
i16,e04,c5,p24,l3,6.0
i16,e04,c5,p25,l1,0.0
i16,e04,c5,p25,l3,1.0
i16,e04,c5,p26,l1,0.0
i16,e04,c5,p26,l3,0.0
i16,e04,c5,p28,l1,0.0
i16,e04,c5,p28,l3,0.0
i16,e04,c5,p29,l1,0.0
i16,e04,c5,p29,l3,0.0
i16,e04,c5,p30,l1,0.0
i16,e04,c5,p30,l3,0.0
i16,e04,c5,p31,l1,0.0
i16,e04,c5,p31,l3,0.0
i16,e04,c5,p32,l1,0.0
i16,e04,c5,p32,l3,0.0
i16,e04,c5,p33,l3,0.0
i16,e04,c5,p35,l1,0.0
i16,e04,c5,p35,l3,0.0
i16,e05,c3,p02,l3,0.0
i16,e05,c3,p03,l3,0.0
i16,e05,c3,p04,l1,0.0
i16,e05,c3,p04,l3,0.0
i16,e05,c3,p05,l3,0.0
i16,e05,c3,p09,l1,0.0
i16,e05,c3,p09,l3,0.0
i16,e05,c3,p10,l3,0.0
i16,e05,c3,p11,l3,0.0
i16,e05,c3,p12,l3,0.0
i16,e05,c3,p13,l3,0.0
i16,e05,c3,p15,l3,0.0
i16,e05,c3,p16,l1,0.0
i16,e05,c3,p16,l3,0.0
i16,e05,c3,p20,l1,0.0
i16,e05,c3,p21,l3,0.0
i16,e05,c5,p01,l1,0.0
i16,e05,c5,p01,l3,0.0
i16,e05,c5,p02,l1,0.0
i16,e05,c5,p02,l3,0.0
i16,e05,c5,p03,l1,0.0
i16,e05,c5,p03,l3,0.0
i16,e05,c5,p04,l1,0.0
i16,e05,c5,p04,l3,0.0
i16,e05,c5,p05,l1,0.0
i16,e05,c5,p05,l3,0.0
i16,e05,c5,p06,l1,0.0
i16,e05,c5,p06,l3,0.0
i16,e05,c5,p07,l1,0.0
i16,e05,c5,p07,l3,0.0
i16,e05,c5,p08,l1,0.0
i16,e05,c5,p08,l3,0.0
i16,e05,c5,p09,l1,0.0
i16,e05,c5,p09,l3,0.0
i16,e05,c5,p10,l1,0.0
i16,e05,c5,p10,l3,0.0
i16,e05,c5,p11,l1,0.0
i16,e05,c5,p11,l3,0.0
i16,e05,c5,p12,l1,0.0
i16,e05,c5,p12,l3,0.0
i16,e05,c5,p13,l1,0.0
i16,e05,c5,p13,l3,0.0
i16,e05,c5,p14,l1,0.0
i16,e05,c5,p14,l3,0.0
i16,e05,c5,p15,l1,0.0
i16,e05,c5,p15,l3,0.0
i16,e05,c5,p16,l1,0.0
i16,e05,c5,p16,l3,0.0
i16,e05,c5,p17,l1,0.0
i16,e05,c5,p17,l3,0.0
i16,e05,c5,p18,l1,0.0
i16,e05,c5,p18,l3,0.0
i16,e05,c5,p19,l1,0.0
i16,e05,c5,p19,l3,0.0
i16,e05,c5,p20,l1,0.0
i16,e05,c5,p20,l3,0.0
i16,e05,c5,p21,l1,0.0
i16,e05,c5,p21,l3,0.0
i16,e05,c5,p22,l1,0.0
i16,e05,c5,p22,l3,0.0
i16,e05,c5,p23,l1,0.0
i16,e05,c5,p23,l3,0.0
i16,e05,c5,p24,l1,0.0
i16,e05,c5,p24,l3,0.0
i16,e05,c5,p25,l1,0.0
i16,e05,c5,p25,l3,0.0
i16,e05,c5,p26,l1,0.0
i16,e05,c5,p26,l3,0.0
i16,e05,c5,p28,l1,0.0
i16,e05,c5,p28,l3,0.0
i16,e05,c5,p29,l1,0.0
i16,e05,c5,p29,l3,0.0
i16,e05,c5,p30,l3,0.0
i16,e05,c5,p31,l1,0.0
i16,e05,c5,p31,l3,0.0
i16,e05,c5,p32,l1,0.0
i16,e05,c5,p32,l3,0.0
i16,e05,c5,p35,l3,0.0
i16,e08,c3,p01,l3,0.0
i16,e08,c3,p02,l3,0.0
i16,e08,c3,p03,l3,0.0
i16,e08,c3,p04,l2,0.0
i16,e08,c3,p04,l3,0.0
i16,e08,c3,p05,l2,0.0
i16,e08,c3,p05,l3,0.0
i16,e08,c3,p07,l3,0.0
i16,e08,c3,p09,l3,0.0
i16,e08,c3,p10,l2,0.0
i16,e08,c3,p10,l3,0.0
i16,e08,c3,p11,l2,0.0
i16,e08,c3,p11,l3,0.0
i16,e08,c3,p12,l2,0.0
i16,e08,c3,p12,l3,0.0
i16,e08,c3,p13,l2,0.0
i16,e08,c3,p13,l3,0.0
i16,e08,c3,p15,l2,0.0
i16,e08,c3,p15,l3,0.0
i16,e08,c3,p16,l2,0.0
i16,e08,c3,p16,l3,0.0
i16,e08,c3,p20,l2,0.0
i16,e08,c3,p21,l2,0.0
i16,e08,c3,p21,l3,0.0
i16,e08,c3,p22,l3,0.0
i16,e08,c3,p24,l3,0.0
i16,e08,c3,p25,l2,0.0
i16,e08,c3,p25,l3,0.0
i16,e08,c3,p35,l3,0.0
i16,e08,c5,p01,l2,0.0
i16,e08,c5,p01,l3,3.0
i16,e08,c5,p02,l2,0.0
i16,e08,c5,p02,l3,0.0
i16,e08,c5,p03,l2,0.0
i16,e08,c5,p03,l3,0.0
i16,e08,c5,p04,l2,0.0
i16,e08,c5,p04,l3,1.0
i16,e08,c5,p05,l2,0.0
i16,e08,c5,p05,l3,0.0
i16,e08,c5,p06,l2,0.0
i16,e08,c5,p06,l3,0.0
i16,e08,c5,p07,l2,0.0
i16,e08,c5,p07,l3,0.0
i16,e08,c5,p08,l2,0.0
i16,e08,c5,p08,l3,0.0
i16,e08,c5,p09,l2,0.0
i16,e08,c5,p09,l3,0.0
i16,e08,c5,p10,l2,0.0
i16,e08,c5,p10,l3,3.0
i16,e08,c5,p11,l2,0.0
i16,e08,c5,p11,l3,0.0
i16,e08,c5,p12,l2,0.0
i16,e08,c5,p12,l3,8.0
i16,e08,c5,p13,l2,0.0
i16,e08,c5,p13,l3,0.0
i16,e08,c5,p14,l2,0.0
i16,e08,c5,p14,l3,0.0
i16,e08,c5,p15,l2,0.0
i16,e08,c5,p15,l3,0.0
i16,e08,c5,p16,l2,0.0
i16,e08,c5,p16,l3,0.0
i16,e08,c5,p17,l2,0.0
i16,e08,c5,p17,l3,0.0
i16,e08,c5,p18,l2,0.0
i16,e08,c5,p18,l3,10.0
i16,e08,c5,p19,l2,0.0
i16,e08,c5,p19,l3,0.0
i16,e08,c5,p20,l2,0.0
i16,e08,c5,p20,l3,0.0
i16,e08,c5,p21,l2,0.0
i16,e08,c5,p21,l3,0.0
i16,e08,c5,p22,l2,0.0
i16,e08,c5,p22,l3,0.0
i16,e08,c5,p23,l2,0.0
i16,e08,c5,p23,l3,0.0
i16,e08,c5,p24,l2,0.0
i16,e08,c5,p24,l3,1.0
i16,e08,c5,p25,l2,0.0
i16,e08,c5,p25,l3,0.0
i16,e08,c5,p26,l2,0.0
i16,e08,c5,p26,l3,0.0
i16,e08,c5,p28,l2,0.0
i16,e08,c5,p28,l3,0.0
i16,e08,c5,p29,l2,0.0
i16,e08,c5,p29,l3,0.0
i16,e08,c5,p30,l2,0.0
i16,e08,c5,p30,l3,0.0
i16,e08,c5,p31,l2,0.0
i16,e08,c5,p31,l3,0.0
i16,e08,c5,p32,l2,0.0
i16,e08,c5,p32,l3,0.0
i16,e08,c5,p33,l3,0.0
i16,e08,c5,p35,l2,0.0
i16,e08,c5,p35,l3,0.0
i16,e09,c3,p01,l3,0.0
i16,e09,c3,p02,l3,0.0
i16,e09,c3,p03,l3,0.0
i16,e09,c3,p04,l2,0.0
i16,e09,c3,p04,l3,0.0
i16,e09,c3,p05,l2,0.0
i16,e09,c3,p05,l3,0.0
i16,e09,c3,p09,l3,0.0
i16,e09,c3,p10,l3,0.0
i16,e09,c3,p11,l2,0.0
i16,e09,c3,p11,l3,0.0
i16,e09,c3,p12,l2,0.0
i16,e09,c3,p12,l3,0.0
i16,e09,c3,p13,l2,0.0
i16,e09,c3,p13,l3,0.0
i16,e09,c3,p15,l2,0.0
i16,e09,c3,p15,l3,0.0
i16,e09,c3,p16,l2,0.0
i16,e09,c3,p16,l3,0.0
i16,e09,c3,p17,l3,0.0
i16,e09,c3,p21,l3,0.0
i16,e09,c3,p22,l3,0.0
i16,e09,c3,p24,l3,0.0
i16,e09,c3,p25,l3,0.0
i16,e09,c3,p35,l3,0.0
i16,e09,c5,p01,l2,0.0
i16,e09,c5,p01,l3,0.0
i16,e09,c5,p02,l2,0.0
i16,e09,c5,p02,l3,0.0
i16,e09,c5,p03,l2,0.0
i16,e09,c5,p03,l3,0.0
i16,e09,c5,p04,l2,0.0
i16,e09,c5,p04,l3,0.0
i16,e09,c5,p05,l2,0.0
i16,e09,c5,p05,l3,0.0
i16,e09,c5,p06,l2,0.0
i16,e09,c5,p06,l3,0.0
i16,e09,c5,p07,l2,0.0
i16,e09,c5,p07,l3,0.0
i16,e09,c5,p08,l2,0.0
i16,e09,c5,p08,l3,0.0
i16,e09,c5,p09,l2,0.0
i16,e09,c5,p09,l3,0.0
i16,e09,c5,p10,l2,0.0
i16,e09,c5,p10,l3,1.0
i16,e09,c5,p11,l2,0.0
i16,e09,c5,p11,l3,0.0
i16,e09,c5,p12,l2,0.0
i16,e09,c5,p12,l3,0.0
i16,e09,c5,p13,l2,0.0
i16,e09,c5,p13,l3,0.0
i16,e09,c5,p14,l2,0.0
i16,e09,c5,p14,l3,0.0
i16,e09,c5,p15,l2,0.0
i16,e09,c5,p15,l3,0.0
i16,e09,c5,p16,l2,0.0
i16,e09,c5,p16,l3,0.0
i16,e09,c5,p17,l2,0.0
i16,e09,c5,p17,l3,0.0
i16,e09,c5,p18,l2,0.0
i16,e09,c5,p18,l3,0.0
i16,e09,c5,p19,l2,0.0
i16,e09,c5,p19,l3,0.0
i16,e09,c5,p20,l2,0.0
i16,e09,c5,p20,l3,0.0
i16,e09,c5,p21,l2,0.0
i16,e09,c5,p21,l3,0.0
i16,e09,c5,p22,l2,0.0
i16,e09,c5,p22,l3,0.0
i16,e09,c5,p23,l2,0.0
i16,e09,c5,p23,l3,0.0
i16,e09,c5,p24,l2,0.0
i16,e09,c5,p24,l3,2.0
i16,e09,c5,p25,l2,0.0
i16,e09,c5,p25,l3,0.0
i16,e09,c5,p26,l2,0.0
i16,e09,c5,p26,l3,0.0
i16,e09,c5,p28,l2,0.0
i16,e09,c5,p28,l3,0.0
i16,e09,c5,p29,l2,0.0
i16,e09,c5,p29,l3,0.0
i16,e09,c5,p30,l2,0.0
i16,e09,c5,p30,l3,0.0
i16,e09,c5,p31,l2,0.0
i16,e09,c5,p31,l3,0.0
i16,e09,c5,p32,l2,0.0
i16,e09,c5,p32,l3,0.0
i16,e09,c5,p33,l3,0.0
i16,e09,c5,p35,l2,0.0
i16,e09,c5,p35,l3,0.0
i16,e11,c3,p01,l3,0.0
i16,e11,c3,p02,l3,0.0
i16,e11,c3,p04,l3,0.0
i16,e11,c3,p05,l3,0.0
i16,e11,c3,p09,l3,0.0
i16,e11,c3,p10,l3,0.0
i16,e11,c3,p11,l3,0.0
i16,e11,c3,p13,l3,0.0
i16,e11,c3,p15,l3,0.0
i16,e11,c3,p16,l2,0.0
i16,e11,c3,p16,l3,0.0
i16,e11,c3,p21,l3,0.0
i16,e11,c3,p25,l3,0.0
i16,e11,c5,p01,l2,0.0
i16,e11,c5,p01,l3,0.0
i16,e11,c5,p02,l2,0.0
i16,e11,c5,p02,l3,0.0
i16,e11,c5,p03,l2,0.0
i16,e11,c5,p03,l3,0.0
i16,e11,c5,p04,l2,0.0
i16,e11,c5,p04,l3,0.0
i16,e11,c5,p05,l2,0.0
i16,e11,c5,p05,l3,0.0
i16,e11,c5,p06,l2,0.0
i16,e11,c5,p06,l3,0.0
i16,e11,c5,p07,l2,0.0
i16,e11,c5,p07,l3,0.0
i16,e11,c5,p08,l2,0.0
i16,e11,c5,p08,l3,0.0
i16,e11,c5,p09,l2,0.0
i16,e11,c5,p09,l3,0.0
i16,e11,c5,p10,l2,0.0
i16,e11,c5,p10,l3,16.0
i16,e11,c5,p11,l2,0.0
i16,e11,c5,p11,l3,0.0
i16,e11,c5,p12,l2,0.0
i16,e11,c5,p12,l3,0.0
i16,e11,c5,p13,l2,0.0
i16,e11,c5,p13,l3,0.0
i16,e11,c5,p14,l2,0.0
i16,e11,c5,p14,l3,0.0
i16,e11,c5,p15,l2,0.0
i16,e11,c5,p15,l3,0.0
i16,e11,c5,p16,l2,0.0
i16,e11,c5,p16,l3,0.0
i16,e11,c5,p17,l2,0.0
i16,e11,c5,p17,l3,0.0
i16,e11,c5,p18,l2,0.0
i16,e11,c5,p18,l3,0.0
i16,e11,c5,p19,l2,0.0
i16,e11,c5,p19,l3,0.0
i16,e11,c5,p20,l2,0.0
i16,e11,c5,p20,l3,0.0
i16,e11,c5,p21,l2,0.0
i16,e11,c5,p21,l3,0.0
i16,e11,c5,p22,l2,0.0
i16,e11,c5,p22,l3,0.0
i16,e11,c5,p23,l2,0.0
i16,e11,c5,p23,l3,0.0
i16,e11,c5,p24,l2,0.0
i16,e11,c5,p24,l3,0.0
i16,e11,c5,p25,l2,0.0
i16,e11,c5,p25,l3,1.0
i16,e11,c5,p26,l2,0.0
i16,e11,c5,p26,l3,0.0
i16,e11,c5,p28,l2,0.0
i16,e11,c5,p28,l3,0.0
i16,e11,c5,p29,l2,0.0
i16,e11,c5,p29,l3,0.0
i16,e11,c5,p30,l2,0.0
i16,e11,c5,p30,l3,0.0
i16,e11,c5,p31,l3,0.0
i16,e11,c5,p32,l2,0.0
i16,e11,c5,p32,l3,0.0
i16,e11,c5,p33,l3,0.0
i16,e11,c5,p35,l2,0.0
i16,e11,c5,p35,l3,0.0
i17,e01,c3,p01,l3,0.0
i17,e01,c3,p02,l3,0.0
i17,e01,c3,p03,l3,0.0
i17,e01,c3,p04,l3,2.0
i17,e01,c3,p05,l3,0.0
i17,e01,c3,p06,l3,0.0
i17,e01,c3,p07,l3,0.0
i17,e01,c3,p08,l3,0.0
i17,e01,c3,p09,l3,0.0
i17,e01,c3,p10,l3,0.0
i17,e01,c3,p10,l4,0.0
i17,e01,c3,p11,l3,0.0
i17,e01,c3,p12,l3,0.0
i17,e01,c3,p13,l3,0.0
i17,e01,c3,p14,l3,0.0
i17,e01,c3,p15,l3,0.0
i17,e01,c3,p16,l3,0.0
i17,e01,c3,p17,l3,0.0
i17,e01,c3,p18,l3,0.0
i17,e01,c3,p19,l3,0.0
i17,e01,c3,p21,l3,0.0
i17,e01,c3,p22,l3,0.0
i17,e01,c3,p24,l3,0.0
i17,e01,c3,p25,l3,0.0
i17,e01,c3,p26,l3,0.0
i17,e01,c3,p28,l3,0.0
i17,e01,c3,p29,l3,0.0
i17,e01,c3,p30,l3,0.0
i17,e01,c3,p35,l3,0.0
i17,e01,c5,p01,l3,0.0
i17,e01,c5,p01,l4,0.0
i17,e01,c5,p02,l3,0.0
i17,e01,c5,p02,l4,0.0
i17,e01,c5,p03,l3,20.0
i17,e01,c5,p03,l4,0.0
i17,e01,c5,p04,l3,8.0
i17,e01,c5,p04,l4,0.0
i17,e01,c5,p05,l3,0.0
i17,e01,c5,p05,l4,0.0
i17,e01,c5,p06,l3,0.0
i17,e01,c5,p06,l4,0.0
i17,e01,c5,p07,l3,1.0
i17,e01,c5,p07,l4,0.0
i17,e01,c5,p08,l3,1.0
i17,e01,c5,p08,l4,0.0
i17,e01,c5,p09,l3,0.0
i17,e01,c5,p09,l4,0.0
i17,e01,c5,p10,l3,13.0
i17,e01,c5,p10,l4,0.0
i17,e01,c5,p11,l3,4.0
i17,e01,c5,p11,l4,0.0
i17,e01,c5,p12,l3,0.0
i17,e01,c5,p12,l4,0.0
i17,e01,c5,p13,l3,2.0
i17,e01,c5,p13,l4,0.0
i17,e01,c5,p14,l3,0.0
i17,e01,c5,p14,l4,0.0
i17,e01,c5,p15,l3,5.0
i17,e01,c5,p15,l4,0.0
i17,e01,c5,p16,l3,0.0
i17,e01,c5,p16,l4,0.0
i17,e01,c5,p17,l3,1.0
i17,e01,c5,p17,l4,0.0
i17,e01,c5,p18,l3,0.0
i17,e01,c5,p18,l4,0.0
i17,e01,c5,p19,l3,13.0
i17,e01,c5,p19,l4,0.0
i17,e01,c5,p20,l3,0.0
i17,e01,c5,p20,l4,0.0
i17,e01,c5,p21,l3,4.0
i17,e01,c5,p21,l4,0.0
i17,e01,c5,p22,l3,0.0
i17,e01,c5,p22,l4,0.0
i17,e01,c5,p23,l3,0.0
i17,e01,c5,p23,l4,0.0
i17,e01,c5,p24,l3,1.0
i17,e01,c5,p24,l4,0.0
i17,e01,c5,p25,l3,0.0
i17,e01,c5,p25,l4,0.0
i17,e01,c5,p26,l3,0.0
i17,e01,c5,p26,l4,0.0
i17,e01,c5,p28,l3,0.0
i17,e01,c5,p28,l4,0.0
i17,e01,c5,p29,l3,1.0
i17,e01,c5,p29,l4,0.0
i17,e01,c5,p30,l3,0.0
i17,e01,c5,p31,l3,0.0
i17,e01,c5,p31,l4,0.0
i17,e01,c5,p32,l3,0.0
i17,e01,c5,p32,l4,0.0
i17,e01,c5,p33,l3,0.0
i17,e01,c5,p33,l4,0.0
i17,e01,c5,p35,l3,2.0
i17,e01,c5,p35,l4,0.0
i17,e04,c3,p01,l1,0.0
i17,e04,c3,p01,l3,0.0
i17,e04,c3,p02,l1,0.0
i17,e04,c3,p02,l3,0.0
i17,e04,c3,p03,l1,0.0
i17,e04,c3,p03,l3,0.0
i17,e04,c3,p04,l1,0.0
i17,e04,c3,p04,l3,0.0
i17,e04,c3,p05,l1,0.0
i17,e04,c3,p05,l3,0.0
i17,e04,c3,p06,l1,0.0
i17,e04,c3,p06,l3,0.0
i17,e04,c3,p07,l1,0.0
i17,e04,c3,p07,l3,0.0
i17,e04,c3,p08,l3,0.0
i17,e04,c3,p09,l1,0.0
i17,e04,c3,p09,l3,0.0
i17,e04,c3,p10,l1,0.0
i17,e04,c3,p10,l3,0.0
i17,e04,c3,p10,l4,0.0
i17,e04,c3,p11,l1,0.0
i17,e04,c3,p11,l3,0.0
i17,e04,c3,p12,l1,0.0
i17,e04,c3,p12,l3,0.0
i17,e04,c3,p13,l3,0.0
i17,e04,c3,p14,l1,0.0
i17,e04,c3,p14,l3,0.0
i17,e04,c3,p15,l1,0.0
i17,e04,c3,p15,l3,0.0
i17,e04,c3,p16,l3,0.0
i17,e04,c3,p17,l1,0.0
i17,e04,c3,p17,l3,0.0
i17,e04,c3,p18,l1,0.0
i17,e04,c3,p18,l3,0.0
i17,e04,c3,p19,l1,0.0
i17,e04,c3,p19,l3,0.0
i17,e04,c3,p21,l1,0.0
i17,e04,c3,p21,l3,0.0
i17,e04,c3,p22,l3,0.0
i17,e04,c3,p24,l1,0.0
i17,e04,c3,p24,l3,0.0
i17,e04,c3,p25,l1,0.0
i17,e04,c3,p25,l3,0.0
i17,e04,c3,p26,l3,0.0
i17,e04,c3,p28,l3,0.0
i17,e04,c3,p29,l1,0.0
i17,e04,c3,p29,l3,0.0
i17,e04,c3,p30,l3,0.0
i17,e04,c3,p35,l1,0.0
i17,e04,c3,p35,l3,0.0
i17,e04,c5,p01,l1,0.0
i17,e04,c5,p01,l3,13.0
i17,e04,c5,p01,l4,0.0
i17,e04,c5,p02,l1,0.0
i17,e04,c5,p02,l3,1.0
i17,e04,c5,p02,l4,0.0
i17,e04,c5,p03,l1,0.0
i17,e04,c5,p03,l3,2.0
i17,e04,c5,p03,l4,0.0
i17,e04,c5,p04,l1,0.0
i17,e04,c5,p04,l3,7.0
i17,e04,c5,p04,l4,0.0
i17,e04,c5,p05,l1,0.0
i17,e04,c5,p05,l3,22.0
i17,e04,c5,p05,l4,0.0
i17,e04,c5,p06,l1,0.0
i17,e04,c5,p06,l3,1.0
i17,e04,c5,p06,l4,0.0
i17,e04,c5,p07,l1,0.0
i17,e04,c5,p07,l3,3.0
i17,e04,c5,p07,l4,0.0
i17,e04,c5,p08,l1,0.0
i17,e04,c5,p08,l3,1.0
i17,e04,c5,p08,l4,0.0
i17,e04,c5,p09,l1,0.0
i17,e04,c5,p09,l3,1.0
i17,e04,c5,p09,l4,0.0
i17,e04,c5,p10,l1,0.0
i17,e04,c5,p10,l3,38.0
i17,e04,c5,p10,l4,0.0
i17,e04,c5,p11,l1,0.0
i17,e04,c5,p11,l3,29.0
i17,e04,c5,p11,l4,0.0
i17,e04,c5,p12,l1,0.0
i17,e04,c5,p12,l3,10.0
i17,e04,c5,p12,l4,0.0
i17,e04,c5,p13,l1,0.0
i17,e04,c5,p13,l3,1.0
i17,e04,c5,p13,l4,0.0
i17,e04,c5,p14,l1,0.0
i17,e04,c5,p14,l3,18.0
i17,e04,c5,p14,l4,0.0
i17,e04,c5,p15,l1,0.0
i17,e04,c5,p15,l3,2.0
i17,e04,c5,p15,l4,0.0
i17,e04,c5,p16,l1,0.0
i17,e04,c5,p16,l3,1.0
i17,e04,c5,p16,l4,0.0
i17,e04,c5,p17,l1,0.0
i17,e04,c5,p17,l3,36.0
i17,e04,c5,p17,l4,0.0
i17,e04,c5,p18,l1,0.0
i17,e04,c5,p18,l3,4.0
i17,e04,c5,p18,l4,0.0
i17,e04,c5,p19,l1,0.0
i17,e04,c5,p19,l3,52.0
i17,e04,c5,p19,l4,0.0
i17,e04,c5,p20,l1,0.0
i17,e04,c5,p20,l3,0.0
i17,e04,c5,p20,l4,0.0
i17,e04,c5,p21,l1,0.0
i17,e04,c5,p21,l3,17.0
i17,e04,c5,p21,l4,0.0
i17,e04,c5,p22,l1,0.0
i17,e04,c5,p22,l3,1.0
i17,e04,c5,p22,l4,0.0
i17,e04,c5,p23,l1,0.0
i17,e04,c5,p23,l3,7.0
i17,e04,c5,p23,l4,0.0
i17,e04,c5,p24,l1,0.0
i17,e04,c5,p24,l3,3.0
i17,e04,c5,p24,l4,0.0
i17,e04,c5,p25,l1,0.0
i17,e04,c5,p25,l3,3.0
i17,e04,c5,p25,l4,0.0
i17,e04,c5,p26,l1,0.0
i17,e04,c5,p26,l3,0.0
i17,e04,c5,p26,l4,0.0
i17,e04,c5,p28,l1,0.0
i17,e04,c5,p28,l3,4.0
i17,e04,c5,p28,l4,0.0
i17,e04,c5,p29,l1,0.0
i17,e04,c5,p29,l3,7.0
i17,e04,c5,p29,l4,0.0
i17,e04,c5,p30,l1,0.0
i17,e04,c5,p30,l3,0.0
i17,e04,c5,p31,l1,0.0
i17,e04,c5,p31,l3,0.0
i17,e04,c5,p31,l4,0.0
i17,e04,c5,p32,l1,0.0
i17,e04,c5,p32,l3,1.0
i17,e04,c5,p32,l4,0.0
i17,e04,c5,p33,l1,0.0
i17,e04,c5,p33,l3,0.0
i17,e04,c5,p33,l4,0.0
i17,e04,c5,p35,l1,0.0
i17,e04,c5,p35,l3,5.0
i17,e05,c3,p01,l3,0.0
i17,e05,c3,p04,l3,0.0
i17,e05,c3,p09,l3,0.0
i17,e05,c3,p10,l3,0.0
i17,e05,c3,p19,l3,0.0
i17,e05,c3,p25,l3,0.0
i17,e05,c3,p35,l1,0.0
i17,e05,c3,p35,l3,0.0
i17,e05,c5,p01,l1,0.0
i17,e05,c5,p01,l3,0.0
i17,e05,c5,p02,l1,0.0
i17,e05,c5,p02,l3,0.0
i17,e05,c5,p03,l1,0.0
i17,e05,c5,p03,l3,0.0
i17,e05,c5,p04,l1,0.0
i17,e05,c5,p04,l3,0.0
i17,e05,c5,p05,l1,0.0
i17,e05,c5,p05,l3,0.0
i17,e05,c5,p06,l1,0.0
i17,e05,c5,p06,l3,0.0
i17,e05,c5,p07,l1,0.0
i17,e05,c5,p07,l3,0.0
i17,e05,c5,p08,l1,0.0
i17,e05,c5,p08,l3,0.0
i17,e05,c5,p09,l1,0.0
i17,e05,c5,p09,l3,0.0
i17,e05,c5,p10,l1,0.0
i17,e05,c5,p10,l3,0.0
i17,e05,c5,p11,l1,0.0
i17,e05,c5,p11,l3,0.0
i17,e05,c5,p12,l1,0.0
i17,e05,c5,p12,l3,0.0
i17,e05,c5,p13,l1,0.0
i17,e05,c5,p13,l3,0.0
i17,e05,c5,p14,l1,0.0
i17,e05,c5,p14,l3,0.0
i17,e05,c5,p15,l1,0.0
i17,e05,c5,p15,l3,0.0
i17,e05,c5,p16,l1,0.0
i17,e05,c5,p16,l3,0.0
i17,e05,c5,p17,l1,0.0
i17,e05,c5,p17,l3,0.0
i17,e05,c5,p18,l1,0.0
i17,e05,c5,p18,l3,0.0
i17,e05,c5,p19,l1,0.0
i17,e05,c5,p19,l3,0.0
i17,e05,c5,p20,l1,0.0
i17,e05,c5,p20,l3,0.0
i17,e05,c5,p21,l1,0.0
i17,e05,c5,p21,l3,0.0
i17,e05,c5,p22,l1,0.0
i17,e05,c5,p22,l3,0.0
i17,e05,c5,p23,l1,0.0
i17,e05,c5,p23,l3,0.0
i17,e05,c5,p24,l1,0.0
i17,e05,c5,p24,l3,0.0
i17,e05,c5,p25,l1,0.0
i17,e05,c5,p25,l3,0.0
i17,e05,c5,p26,l3,0.0
i17,e05,c5,p28,l1,0.0
i17,e05,c5,p28,l3,0.0
i17,e05,c5,p29,l1,0.0
i17,e05,c5,p29,l3,0.0
i17,e05,c5,p30,l3,0.0
i17,e05,c5,p31,l1,0.0
i17,e05,c5,p31,l3,0.0
i17,e05,c5,p32,l1,0.0
i17,e05,c5,p32,l3,0.0
i17,e05,c5,p33,l3,0.0
i17,e05,c5,p35,l1,0.0
i17,e05,c5,p35,l3,0.0
i17,e08,c3,p01,l2,0.0
i17,e08,c3,p01,l3,0.0
i17,e08,c3,p02,l3,0.0
i17,e08,c3,p03,l2,0.0
i17,e08,c3,p03,l3,0.0
i17,e08,c3,p04,l2,0.0
i17,e08,c3,p04,l3,0.0
i17,e08,c3,p05,l3,0.0
i17,e08,c3,p06,l2,0.0
i17,e08,c3,p06,l3,0.0
i17,e08,c3,p07,l3,0.0
i17,e08,c3,p08,l3,0.0
i17,e08,c3,p09,l2,0.0
i17,e08,c3,p09,l3,0.0
i17,e08,c3,p10,l2,0.0
i17,e08,c3,p10,l3,0.0
i17,e08,c3,p11,l2,0.0
i17,e08,c3,p11,l3,0.0
i17,e08,c3,p12,l3,0.0
i17,e08,c3,p13,l3,0.0
i17,e08,c3,p14,l2,0.0
i17,e08,c3,p14,l3,0.0
i17,e08,c3,p15,l2,0.0
i17,e08,c3,p15,l3,0.0
i17,e08,c3,p16,l3,0.0
i17,e08,c3,p17,l3,0.0
i17,e08,c3,p18,l2,0.0
i17,e08,c3,p18,l3,0.0
i17,e08,c3,p19,l2,0.0
i17,e08,c3,p19,l3,0.0
i17,e08,c3,p21,l2,0.0
i17,e08,c3,p21,l3,0.0
i17,e08,c3,p22,l3,0.0
i17,e08,c3,p23,l2,0.0
i17,e08,c3,p24,l2,0.0
i17,e08,c3,p24,l3,0.0
i17,e08,c3,p25,l3,0.0
i17,e08,c3,p26,l3,0.0
i17,e08,c3,p29,l2,0.0
i17,e08,c3,p29,l3,0.0
i17,e08,c3,p30,l3,0.0
i17,e08,c3,p35,l2,0.0
i17,e08,c3,p35,l3,0.0
i17,e08,c5,p01,l2,0.0
i17,e08,c5,p01,l3,8.0
i17,e08,c5,p02,l2,0.0
i17,e08,c5,p02,l3,6.0
i17,e08,c5,p03,l2,0.0
i17,e08,c5,p03,l3,28.0
i17,e08,c5,p04,l2,0.0
i17,e08,c5,p04,l3,16.0
i17,e08,c5,p05,l2,0.0
i17,e08,c5,p05,l3,16.0
i17,e08,c5,p06,l2,0.0
i17,e08,c5,p06,l3,1.0
i17,e08,c5,p07,l2,0.0
i17,e08,c5,p07,l3,3.0
i17,e08,c5,p08,l2,0.0
i17,e08,c5,p08,l3,0.0
i17,e08,c5,p09,l2,0.0
i17,e08,c5,p09,l3,0.0
i17,e08,c5,p10,l2,0.0
i17,e08,c5,p10,l3,17.0
i17,e08,c5,p11,l2,0.0
i17,e08,c5,p11,l3,21.0
i17,e08,c5,p12,l2,0.0
i17,e08,c5,p12,l3,2.0
i17,e08,c5,p13,l2,0.0
i17,e08,c5,p13,l3,0.0
i17,e08,c5,p14,l2,0.0
i17,e08,c5,p14,l3,0.0
i17,e08,c5,p15,l2,0.0
i17,e08,c5,p15,l3,0.0
i17,e08,c5,p16,l2,0.0
i17,e08,c5,p16,l3,2.0
i17,e08,c5,p17,l2,0.0
i17,e08,c5,p17,l3,1.0
i17,e08,c5,p18,l2,0.0
i17,e08,c5,p18,l3,4.0
i17,e08,c5,p19,l2,0.0
i17,e08,c5,p19,l3,25.0
i17,e08,c5,p20,l2,0.0
i17,e08,c5,p20,l3,0.0
i17,e08,c5,p21,l2,0.0
i17,e08,c5,p21,l3,6.0
i17,e08,c5,p22,l2,0.0
i17,e08,c5,p22,l3,0.0
i17,e08,c5,p23,l2,0.0
i17,e08,c5,p23,l3,3.0
i17,e08,c5,p24,l2,0.0
i17,e08,c5,p24,l3,3.0
i17,e08,c5,p25,l2,0.0
i17,e08,c5,p25,l3,0.0
i17,e08,c5,p26,l2,0.0
i17,e08,c5,p26,l3,0.0
i17,e08,c5,p28,l2,0.0
i17,e08,c5,p28,l3,1.0
i17,e08,c5,p29,l2,0.0
i17,e08,c5,p29,l3,5.0
i17,e08,c5,p30,l2,0.0
i17,e08,c5,p30,l3,0.0
i17,e08,c5,p31,l2,0.0
i17,e08,c5,p31,l3,1.0
i17,e08,c5,p32,l2,0.0
i17,e08,c5,p32,l3,0.0
i17,e08,c5,p33,l2,0.0
i17,e08,c5,p33,l3,0.0
i17,e08,c5,p35,l2,0.0
i17,e08,c5,p35,l3,1.0
i17,e09,c3,p01,l2,0.0
i17,e09,c3,p01,l3,0.0
i17,e09,c3,p02,l2,0.0
i17,e09,c3,p02,l3,0.0
i17,e09,c3,p03,l2,0.0
i17,e09,c3,p03,l3,0.0
i17,e09,c3,p04,l2,0.0
i17,e09,c3,p04,l3,0.0
i17,e09,c3,p05,l2,0.0
i17,e09,c3,p05,l3,0.0
i17,e09,c3,p06,l2,0.0
i17,e09,c3,p06,l3,0.0
i17,e09,c3,p07,l2,0.0
i17,e09,c3,p07,l3,0.0
i17,e09,c3,p08,l2,0.0
i17,e09,c3,p08,l3,0.0
i17,e09,c3,p09,l2,0.0
i17,e09,c3,p09,l3,0.0
i17,e09,c3,p10,l2,0.0
i17,e09,c3,p10,l3,0.0
i17,e09,c3,p11,l2,0.0
i17,e09,c3,p11,l3,0.0
i17,e09,c3,p12,l2,0.0
i17,e09,c3,p12,l3,0.0
i17,e09,c3,p13,l3,0.0
i17,e09,c3,p14,l2,0.0
i17,e09,c3,p14,l3,0.0
i17,e09,c3,p15,l2,0.0
i17,e09,c3,p15,l3,0.0
i17,e09,c3,p16,l3,0.0
i17,e09,c3,p17,l3,0.0
i17,e09,c3,p18,l2,0.0
i17,e09,c3,p18,l3,0.0
i17,e09,c3,p19,l2,0.0
i17,e09,c3,p19,l3,0.0
i17,e09,c3,p20,l3,0.0
i17,e09,c3,p21,l2,0.0
i17,e09,c3,p21,l3,0.0
i17,e09,c3,p22,l3,0.0
i17,e09,c3,p23,l3,0.0
i17,e09,c3,p24,l2,0.0
i17,e09,c3,p24,l3,0.0
i17,e09,c3,p25,l2,0.0
i17,e09,c3,p25,l3,0.0
i17,e09,c3,p26,l3,0.0
i17,e09,c3,p29,l2,0.0
i17,e09,c3,p29,l3,0.0
i17,e09,c3,p30,l3,0.0
i17,e09,c3,p35,l2,0.0
i17,e09,c3,p35,l3,0.0
i17,e09,c5,p01,l2,0.0
i17,e09,c5,p01,l3,3.0
i17,e09,c5,p01,l4,0.0
i17,e09,c5,p02,l2,0.0
i17,e09,c5,p02,l3,0.0
i17,e09,c5,p02,l4,0.0
i17,e09,c5,p03,l2,0.0
i17,e09,c5,p03,l3,6.0
i17,e09,c5,p03,l4,0.0
i17,e09,c5,p04,l2,0.0
i17,e09,c5,p04,l3,3.0
i17,e09,c5,p04,l4,0.0
i17,e09,c5,p05,l2,0.0
i17,e09,c5,p05,l3,0.0
i17,e09,c5,p05,l4,0.0
i17,e09,c5,p06,l2,0.0
i17,e09,c5,p06,l3,0.0
i17,e09,c5,p06,l4,0.0
i17,e09,c5,p07,l2,0.0
i17,e09,c5,p07,l3,0.0
i17,e09,c5,p07,l4,0.0
i17,e09,c5,p08,l2,0.0
i17,e09,c5,p08,l3,0.0
i17,e09,c5,p08,l4,0.0
i17,e09,c5,p09,l2,0.0
i17,e09,c5,p09,l3,0.0
i17,e09,c5,p09,l4,0.0
i17,e09,c5,p10,l2,0.0
i17,e09,c5,p10,l3,9.0
i17,e09,c5,p10,l4,0.0
i17,e09,c5,p11,l2,0.0
i17,e09,c5,p11,l3,5.0
i17,e09,c5,p11,l4,0.0
i17,e09,c5,p12,l2,0.0
i17,e09,c5,p12,l3,1.0
i17,e09,c5,p12,l4,0.0
i17,e09,c5,p13,l2,0.0
i17,e09,c5,p13,l3,2.0
i17,e09,c5,p13,l4,0.0
i17,e09,c5,p14,l2,0.0
i17,e09,c5,p14,l3,0.0
i17,e09,c5,p14,l4,0.0
i17,e09,c5,p15,l2,0.0
i17,e09,c5,p15,l3,3.0
i17,e09,c5,p15,l4,0.0
i17,e09,c5,p16,l2,0.0
i17,e09,c5,p16,l3,0.0
i17,e09,c5,p16,l4,0.0
i17,e09,c5,p17,l2,0.0
i17,e09,c5,p17,l3,1.0
i17,e09,c5,p17,l4,0.0
i17,e09,c5,p18,l2,0.0
i17,e09,c5,p18,l3,1.0
i17,e09,c5,p18,l4,0.0
i17,e09,c5,p19,l2,0.0
i17,e09,c5,p19,l3,17.0
i17,e09,c5,p19,l4,0.0
i17,e09,c5,p20,l2,0.0
i17,e09,c5,p20,l3,0.0
i17,e09,c5,p20,l4,0.0
i17,e09,c5,p21,l2,0.0
i17,e09,c5,p21,l3,3.0
i17,e09,c5,p21,l4,0.0
i17,e09,c5,p22,l2,0.0
i17,e09,c5,p22,l3,0.0
i17,e09,c5,p22,l4,0.0
i17,e09,c5,p23,l2,0.0
i17,e09,c5,p23,l3,0.0
i17,e09,c5,p23,l4,0.0
i17,e09,c5,p24,l2,0.0
i17,e09,c5,p24,l3,3.0
i17,e09,c5,p24,l4,0.0
i17,e09,c5,p25,l2,0.0
i17,e09,c5,p25,l3,1.0
i17,e09,c5,p25,l4,0.0
i17,e09,c5,p26,l2,0.0
i17,e09,c5,p26,l3,0.0
i17,e09,c5,p26,l4,0.0
i17,e09,c5,p28,l2,0.0
i17,e09,c5,p28,l3,3.0
i17,e09,c5,p28,l4,0.0
i17,e09,c5,p29,l2,0.0
i17,e09,c5,p29,l3,1.0
i17,e09,c5,p29,l4,0.0
i17,e09,c5,p30,l2,0.0
i17,e09,c5,p30,l3,0.0
i17,e09,c5,p31,l2,0.0
i17,e09,c5,p31,l3,1.0
i17,e09,c5,p31,l4,0.0
i17,e09,c5,p32,l2,0.0
i17,e09,c5,p32,l3,0.0
i17,e09,c5,p32,l4,0.0
i17,e09,c5,p33,l2,0.0
i17,e09,c5,p33,l3,0.0
i17,e09,c5,p33,l4,0.0
i17,e09,c5,p35,l2,0.0
i17,e09,c5,p35,l3,2.0
i17,e09,c5,p35,l4,0.0
i17,e10,c3,p03,l3,0.0
i17,e10,c3,p10,l3,0.0
i17,e10,c3,p21,l3,0.0
i17,e10,c3,p29,l3,0.0
i17,e10,c3,p35,l3,0.0
i17,e10,c5,p01,l3,0.0
i17,e10,c5,p02,l2,0.0
i17,e10,c5,p02,l3,0.0
i17,e10,c5,p03,l2,0.0
i17,e10,c5,p03,l3,0.0
i17,e10,c5,p04,l2,0.0
i17,e10,c5,p04,l3,0.0
i17,e10,c5,p05,l2,0.0
i17,e10,c5,p05,l3,0.0
i17,e10,c5,p06,l2,0.0
i17,e10,c5,p06,l3,0.0
i17,e10,c5,p07,l3,0.0
i17,e10,c5,p08,l2,0.0
i17,e10,c5,p08,l3,0.0
i17,e10,c5,p09,l3,0.0
i17,e10,c5,p10,l2,0.0
i17,e10,c5,p10,l3,0.0
i17,e10,c5,p11,l2,0.0
i17,e10,c5,p11,l3,0.0
i17,e10,c5,p12,l3,0.0
i17,e10,c5,p13,l3,0.0
i17,e10,c5,p14,l2,0.0
i17,e10,c5,p14,l3,0.0
i17,e10,c5,p15,l3,0.0
i17,e10,c5,p16,l2,0.0
i17,e10,c5,p16,l3,0.0
i17,e10,c5,p17,l2,0.0
i17,e10,c5,p17,l3,0.0
i17,e10,c5,p18,l2,0.0
i17,e10,c5,p18,l3,0.0
i17,e10,c5,p19,l2,0.0
i17,e10,c5,p19,l3,0.0
i17,e10,c5,p20,l3,0.0
i17,e10,c5,p21,l2,0.0
i17,e10,c5,p21,l3,0.0
i17,e10,c5,p22,l3,0.0
i17,e10,c5,p23,l3,0.0
i17,e10,c5,p24,l3,0.0
i17,e10,c5,p25,l3,0.0
i17,e10,c5,p26,l3,0.0
i17,e10,c5,p28,l3,0.0
i17,e10,c5,p29,l3,0.0
i17,e10,c5,p31,l3,0.0
i17,e10,c5,p32,l3,0.0
i17,e10,c5,p35,l3,0.0
i17,e11,c3,p01,l2,0.0
i17,e11,c3,p01,l3,0.0
i17,e11,c3,p01,l4,0.0
i17,e11,c3,p02,l3,0.0
i17,e11,c3,p02,l4,0.0
i17,e11,c3,p03,l2,0.0
i17,e11,c3,p03,l3,0.0
i17,e11,c3,p03,l4,0.0
i17,e11,c3,p04,l2,0.0
i17,e11,c3,p04,l3,0.0
i17,e11,c3,p04,l4,0.0
i17,e11,c3,p05,l3,0.0
i17,e11,c3,p05,l4,0.0
i17,e11,c3,p06,l3,0.0
i17,e11,c3,p07,l3,0.0
i17,e11,c3,p08,l3,0.0
i17,e11,c3,p08,l4,0.0
i17,e11,c3,p09,l2,0.0
i17,e11,c3,p09,l3,0.0
i17,e11,c3,p09,l4,0.0
i17,e11,c3,p10,l2,0.0
i17,e11,c3,p10,l3,0.0
i17,e11,c3,p10,l4,0.0
i17,e11,c3,p11,l2,0.0
i17,e11,c3,p11,l3,0.0
i17,e11,c3,p11,l4,0.0
i17,e11,c3,p12,l3,0.0
i17,e11,c3,p12,l4,0.0
i17,e11,c3,p13,l3,0.0
i17,e11,c3,p13,l4,0.0
i17,e11,c3,p14,l2,0.0
i17,e11,c3,p14,l3,0.0
i17,e11,c3,p14,l4,0.0
i17,e11,c3,p15,l2,0.0
i17,e11,c3,p15,l3,0.0
i17,e11,c3,p15,l4,0.0
i17,e11,c3,p16,l3,0.0
i17,e11,c3,p16,l4,0.0
i17,e11,c3,p17,l3,0.0
i17,e11,c3,p17,l4,0.0
i17,e11,c3,p18,l3,0.0
i17,e11,c3,p19,l2,0.0
i17,e11,c3,p19,l3,0.0
i17,e11,c3,p19,l4,0.0
i17,e11,c3,p21,l2,0.0
i17,e11,c3,p21,l3,0.0
i17,e11,c3,p21,l4,0.0
i17,e11,c3,p22,l4,0.0
i17,e11,c3,p23,l4,0.0
i17,e11,c3,p24,l2,0.0
i17,e11,c3,p24,l3,0.0
i17,e11,c3,p24,l4,0.0
i17,e11,c3,p25,l3,0.0
i17,e11,c3,p25,l4,0.0
i17,e11,c3,p26,l4,0.0
i17,e11,c3,p29,l3,0.0
i17,e11,c3,p29,l4,0.0
i17,e11,c3,p30,l3,0.0
i17,e11,c3,p30,l4,0.0
i17,e11,c3,p33,l3,0.0
i17,e11,c3,p35,l3,0.0
i17,e11,c3,p35,l4,0.0
i17,e11,c5,p01,l2,0.0
i17,e11,c5,p01,l3,16.0
i17,e11,c5,p01,l4,0.0
i17,e11,c5,p02,l2,0.0
i17,e11,c5,p02,l3,0.0
i17,e11,c5,p02,l4,0.0
i17,e11,c5,p03,l2,0.0
i17,e11,c5,p03,l3,1.0
i17,e11,c5,p03,l4,0.0
i17,e11,c5,p04,l2,0.0
i17,e11,c5,p04,l3,4.0
i17,e11,c5,p04,l4,0.0
i17,e11,c5,p05,l2,0.0
i17,e11,c5,p05,l3,9.0
i17,e11,c5,p05,l4,0.0
i17,e11,c5,p06,l2,0.0
i17,e11,c5,p06,l3,12.0
i17,e11,c5,p06,l4,0.0
i17,e11,c5,p07,l2,0.0
i17,e11,c5,p07,l3,0.0
i17,e11,c5,p07,l4,0.0
i17,e11,c5,p08,l2,0.0
i17,e11,c5,p08,l3,0.0
i17,e11,c5,p08,l4,0.0
i17,e11,c5,p09,l2,0.0
i17,e11,c5,p09,l3,0.0
i17,e11,c5,p09,l4,0.0
i17,e11,c5,p10,l2,0.0
i17,e11,c5,p10,l3,76.0
i17,e11,c5,p10,l4,0.0
i17,e11,c5,p11,l2,0.0
i17,e11,c5,p11,l3,1.0
i17,e11,c5,p11,l4,0.0
i17,e11,c5,p12,l2,0.0
i17,e11,c5,p12,l3,9.0
i17,e11,c5,p12,l4,0.0
i17,e11,c5,p13,l2,0.0
i17,e11,c5,p13,l3,1.0
i17,e11,c5,p13,l4,0.0
i17,e11,c5,p14,l2,0.0
i17,e11,c5,p14,l3,7.0
i17,e11,c5,p14,l4,0.0
i17,e11,c5,p15,l2,0.0
i17,e11,c5,p15,l3,0.0
i17,e11,c5,p15,l4,0.0
i17,e11,c5,p16,l2,0.0
i17,e11,c5,p16,l3,4.0
i17,e11,c5,p16,l4,0.0
i17,e11,c5,p17,l2,0.0
i17,e11,c5,p17,l3,0.0
i17,e11,c5,p17,l4,0.0
i17,e11,c5,p18,l2,0.0
i17,e11,c5,p18,l3,0.0
i17,e11,c5,p18,l4,0.0
i17,e11,c5,p19,l2,0.0
i17,e11,c5,p19,l3,109.0
i17,e11,c5,p19,l4,0.0
i17,e11,c5,p20,l2,0.0
i17,e11,c5,p20,l3,3.0
i17,e11,c5,p20,l4,0.0
i17,e11,c5,p21,l2,0.0
i17,e11,c5,p21,l3,0.0
i17,e11,c5,p21,l4,0.0
i17,e11,c5,p22,l2,0.0
i17,e11,c5,p22,l3,0.0
i17,e11,c5,p22,l4,0.0
i17,e11,c5,p23,l2,0.0
i17,e11,c5,p23,l3,2.0
i17,e11,c5,p23,l4,0.0
i17,e11,c5,p24,l2,0.0
i17,e11,c5,p24,l3,1.0
i17,e11,c5,p24,l4,0.0
i17,e11,c5,p25,l2,0.0
i17,e11,c5,p25,l3,0.0
i17,e11,c5,p25,l4,0.0
i17,e11,c5,p26,l2,0.0
i17,e11,c5,p26,l3,0.0
i17,e11,c5,p26,l4,0.0
i17,e11,c5,p28,l2,0.0
i17,e11,c5,p28,l3,0.0
i17,e11,c5,p28,l4,0.0
i17,e11,c5,p29,l2,0.0
i17,e11,c5,p29,l3,1.0
i17,e11,c5,p29,l4,0.0
i17,e11,c5,p30,l2,0.0
i17,e11,c5,p30,l3,0.0
i17,e11,c5,p30,l4,0.0
i17,e11,c5,p31,l2,0.0
i17,e11,c5,p31,l3,0.0
i17,e11,c5,p31,l4,0.0
i17,e11,c5,p32,l2,0.0
i17,e11,c5,p32,l3,0.0
i17,e11,c5,p32,l4,0.0
i17,e11,c5,p33,l2,0.0
i17,e11,c5,p33,l3,0.0
i17,e11,c5,p33,l4,0.0
i17,e11,c5,p35,l2,0.0
i17,e11,c5,p35,l3,0.0
i17,e11,c5,p35,l4,0.0
i18,e01,c1,p35,l3,8.0
i18,e01,c4,p35,l3,0.0
i18,e04,c1,p35,l1,0.0
i18,e04,c1,p35,l3,20.0
i18,e04,c4,p35,l1,0.0
i18,e04,c4,p35,l3,0.0
i18,e05,c1,p35,l1,0.0
i18,e05,c1,p35,l3,1.0
i18,e05,c4,p35,l3,0.0
i18,e06,c1,p35,l3,0.0
i18,e07,c1,p35,l2,0.0
i18,e07,c1,p35,l3,1.0
i18,e07,c4,p35,l2,0.0
i18,e07,c4,p35,l3,0.0
i18,e08,c1,p35,l2,0.0
i18,e08,c1,p35,l3,0.0
i18,e08,c4,p35,l2,0.0
i18,e08,c4,p35,l3,0.0
i18,e09,c1,p35,l2,0.0
i18,e09,c1,p35,l3,7.0
i18,e09,c4,p35,l2,0.0
i18,e09,c4,p35,l3,0.0
i18,e11,c1,p35,l2,0.0
i18,e11,c1,p35,l3,0.0
i18,e11,c4,p35,l3,0.0
i18,e12,c1,p35,l3,0.0
i18,e12,c4,p35,l3,0.0
i18,e13,c1,p35,l3,0.0
i19,e01,c3,p10,l3,0.0
i19,e01,c3,p35,l3,0.0
i19,e01,c5,p01,l3,0.0
i19,e01,c5,p03,l3,0.0
i19,e01,c5,p05,l3,0.0
i19,e01,c5,p07,l3,0.0
i19,e01,c5,p10,l3,0.0
i19,e01,c5,p11,l3,0.0
i19,e01,c5,p12,l3,0.0
i19,e01,c5,p15,l3,0.0
i19,e01,c5,p16,l3,0.0
i19,e01,c5,p17,l3,0.0
i19,e01,c5,p18,l3,0.0
i19,e01,c5,p19,l3,0.0
i19,e01,c5,p24,l3,0.0
i19,e01,c5,p35,l3,0.0
i19,e02,c3,p10,l3,0.0
i19,e02,c3,p35,l3,0.0
i19,e02,c5,p01,l3,0.0
i19,e02,c5,p03,l3,0.0
i19,e02,c5,p10,l3,0.0
i19,e02,c5,p18,l3,0.0
i19,e02,c5,p35,l3,0.0
i19,e03,c3,p10,l3,0.0
i19,e03,c3,p35,l3,0.0
i19,e03,c5,p01,l3,0.0
i19,e03,c5,p02,l3,0.0
i19,e03,c5,p03,l3,0.0
i19,e03,c5,p05,l3,0.0
i19,e03,c5,p07,l3,0.0
i19,e03,c5,p10,l3,1.0
i19,e03,c5,p11,l3,0.0
i19,e03,c5,p12,l3,0.0
i19,e03,c5,p13,l3,0.0
i19,e03,c5,p15,l3,0.0
i19,e03,c5,p16,l3,0.0
i19,e03,c5,p17,l3,0.0
i19,e03,c5,p18,l3,0.0
i19,e03,c5,p19,l3,0.0
i19,e03,c5,p24,l3,0.0
i19,e03,c5,p33,l3,0.0
i19,e03,c5,p35,l3,0.0
i19,e04,c3,p10,l3,0.0
i19,e04,c3,p35,l3,0.0
i19,e04,c5,p01,l3,0.0
i19,e04,c5,p03,l3,0.0
i19,e04,c5,p05,l3,0.0
i19,e04,c5,p07,l3,0.0
i19,e04,c5,p10,l3,2.0
i19,e04,c5,p11,l3,0.0
i19,e04,c5,p12,l3,0.0
i19,e04,c5,p13,l3,0.0
i19,e04,c5,p15,l3,0.0
i19,e04,c5,p16,l3,0.0
i19,e04,c5,p17,l3,0.0
i19,e04,c5,p18,l3,0.0
i19,e04,c5,p19,l3,0.0
i19,e04,c5,p33,l3,0.0
i19,e04,c5,p35,l3,0.0
i19,e05,c3,p10,l3,0.0
i19,e05,c3,p35,l3,0.0
i19,e05,c5,p01,l3,0.0
i19,e05,c5,p03,l3,0.0
i19,e05,c5,p07,l3,0.0
i19,e05,c5,p10,l3,0.0
i19,e05,c5,p12,l3,0.0
i19,e05,c5,p15,l3,0.0
i19,e05,c5,p17,l3,0.0
i19,e05,c5,p18,l3,0.0
i19,e05,c5,p35,l3,0.0
i19,e07,c3,p10,l3,0.0
i19,e07,c5,p03,l3,0.0
i19,e07,c5,p10,l3,0.0
i19,e07,c5,p35,l3,0.0
i19,e08,c3,p10,l3,0.0
i19,e08,c3,p35,l3,0.0
i19,e08,c5,p01,l3,0.0
i19,e08,c5,p03,l3,0.0
i19,e08,c5,p05,l3,0.0
i19,e08,c5,p07,l3,0.0
i19,e08,c5,p10,l3,1.0
i19,e08,c5,p11,l3,0.0
i19,e08,c5,p12,l3,0.0
i19,e08,c5,p13,l3,0.0
i19,e08,c5,p15,l3,0.0
i19,e08,c5,p16,l3,0.0
i19,e08,c5,p17,l3,0.0
i19,e08,c5,p19,l3,0.0
i19,e08,c5,p24,l3,0.0
i19,e08,c5,p33,l3,0.0
i19,e08,c5,p35,l3,0.0
i19,e09,c3,p10,l3,0.0
i19,e09,c3,p35,l3,0.0
i19,e09,c5,p01,l3,0.0
i19,e09,c5,p03,l3,0.0
i19,e09,c5,p05,l3,0.0
i19,e09,c5,p07,l3,0.0
i19,e09,c5,p10,l3,0.0
i19,e09,c5,p11,l3,0.0
i19,e09,c5,p12,l3,0.0
i19,e09,c5,p15,l3,0.0
i19,e09,c5,p16,l3,0.0
i19,e09,c5,p17,l3,0.0
i19,e09,c5,p18,l3,0.0
i19,e09,c5,p19,l3,0.0
i19,e09,c5,p35,l3,0.0
i19,e10,c3,p10,l1,0.0
i19,e10,c3,p10,l2,0.0
i19,e10,c3,p10,l3,0.0
i19,e10,c3,p10,l4,0.0
i19,e10,c3,p35,l1,0.0
i19,e10,c3,p35,l2,0.0
i19,e10,c3,p35,l3,0.0
i19,e10,c3,p35,l4,0.0
i19,e10,c5,p01,l1,0.0
i19,e10,c5,p01,l2,0.0
i19,e10,c5,p01,l3,0.0
i19,e10,c5,p01,l4,0.0
i19,e10,c5,p03,l1,0.0
i19,e10,c5,p03,l2,0.0
i19,e10,c5,p03,l3,0.0
i19,e10,c5,p03,l4,0.0
i19,e10,c5,p05,l3,0.0
i19,e10,c5,p05,l4,0.0
i19,e10,c5,p07,l1,0.0
i19,e10,c5,p07,l2,0.0
i19,e10,c5,p07,l3,0.0
i19,e10,c5,p07,l4,0.0
i19,e10,c5,p10,l1,0.0
i19,e10,c5,p10,l2,15.0
i19,e10,c5,p10,l3,8.0
i19,e10,c5,p10,l4,26.0
i19,e10,c5,p11,l3,0.0
i19,e10,c5,p11,l4,0.0
i19,e10,c5,p12,l2,0.0
i19,e10,c5,p12,l3,0.0
i19,e10,c5,p12,l4,0.0
i19,e10,c5,p15,l2,0.0
i19,e10,c5,p15,l3,0.0
i19,e10,c5,p15,l4,0.0
i19,e10,c5,p16,l1,0.0
i19,e10,c5,p16,l3,0.0
i19,e10,c5,p16,l4,0.0
i19,e10,c5,p17,l1,0.0
i19,e10,c5,p17,l2,0.0
i19,e10,c5,p17,l3,0.0
i19,e10,c5,p17,l4,0.0
i19,e10,c5,p18,l1,0.0
i19,e10,c5,p18,l3,0.0
i19,e10,c5,p18,l4,0.0
i19,e10,c5,p19,l2,0.0
i19,e10,c5,p19,l3,0.0
i19,e10,c5,p23,l3,0.0
i19,e10,c5,p23,l4,0.0
i19,e10,c5,p24,l3,0.0
i19,e10,c5,p24,l4,0.0
i19,e10,c5,p35,l1,0.0
i19,e10,c5,p35,l2,0.0
i19,e10,c5,p35,l3,0.0
i19,e10,c5,p35,l4,0.0
i19,e11,c3,p10,l3,0.0
i19,e11,c3,p35,l3,0.0
i19,e11,c5,p01,l3,0.0
i19,e11,c5,p02,l3,0.0
i19,e11,c5,p03,l3,0.0
i19,e11,c5,p05,l3,0.0
i19,e11,c5,p07,l3,0.0
i19,e11,c5,p10,l3,20.0
i19,e11,c5,p11,l3,0.0
i19,e11,c5,p12,l3,0.0
i19,e11,c5,p13,l3,0.0
i19,e11,c5,p15,l3,0.0
i19,e11,c5,p16,l3,0.0
i19,e11,c5,p17,l3,0.0
i19,e11,c5,p19,l3,0.0
i19,e11,c5,p24,l3,0.0
i19,e11,c5,p35,l3,52.0
i19,e12,c3,p10,l3,0.0
i19,e12,c5,p01,l3,0.0
i19,e12,c5,p03,l3,0.0
i19,e12,c5,p07,l3,0.0
i19,e12,c5,p10,l3,0.0
i19,e12,c5,p12,l3,0.0
i19,e12,c5,p15,l3,0.0
i19,e12,c5,p16,l3,0.0
i19,e12,c5,p17,l3,0.0
i19,e12,c5,p19,l3,0.0
i19,e12,c5,p35,l3,0.0
i19,e13,c3,p10,l3,0.0
i19,e13,c3,p35,l3,0.0
i19,e13,c5,p01,l3,0.0
i19,e13,c5,p02,l3,0.0
i19,e13,c5,p03,l3,0.0
i19,e13,c5,p05,l3,0.0
i19,e13,c5,p07,l3,0.0
i19,e13,c5,p10,l3,4.0
i19,e13,c5,p11,l3,0.0
i19,e13,c5,p12,l3,0.0
i19,e13,c5,p13,l3,0.0
i19,e13,c5,p15,l3,0.0
i19,e13,c5,p16,l3,0.0
i19,e13,c5,p17,l3,0.0
i19,e13,c5,p18,l3,0.0
i19,e13,c5,p19,l3,0.0
i19,e13,c5,p23,l3,0.0
i19,e13,c5,p24,l3,0.0
i19,e13,c5,p35,l3,1.0
i20,e01,c3,p10,l3,0.0
i20,e01,c5,p01,l3,0.0
i20,e01,c5,p02,l3,0.0
i20,e01,c5,p03,l3,0.0
i20,e01,c5,p04,l3,0.0
i20,e01,c5,p05,l3,0.0
i20,e01,c5,p06,l3,0.0
i20,e01,c5,p07,l3,0.0
i20,e01,c5,p08,l3,0.0
i20,e01,c5,p09,l3,0.0
i20,e01,c5,p10,l3,0.0
i20,e01,c5,p11,l3,0.0
i20,e01,c5,p12,l3,0.0
i20,e01,c5,p13,l3,0.0
i20,e01,c5,p14,l3,0.0
i20,e01,c5,p15,l3,0.0
i20,e01,c5,p16,l3,0.0
i20,e01,c5,p17,l3,0.0
i20,e01,c5,p18,l3,0.0
i20,e01,c5,p19,l3,0.0
i20,e01,c5,p20,l3,0.0
i20,e01,c5,p21,l3,0.0
i20,e01,c5,p22,l3,0.0
i20,e01,c5,p23,l3,0.0
i20,e01,c5,p24,l3,0.0
i20,e01,c5,p25,l3,0.0
i20,e01,c5,p26,l3,0.0
i20,e01,c5,p28,l3,0.0
i20,e01,c5,p29,l3,0.0
i20,e01,c5,p31,l3,0.0
i20,e01,c5,p32,l3,0.0
i20,e01,c5,p35,l3,0.0
i20,e02,c3,p10,l3,0.0
i20,e02,c5,p01,l1,0.0
i20,e02,c5,p01,l3,0.0
i20,e02,c5,p02,l3,0.0
i20,e02,c5,p03,l1,0.0
i20,e02,c5,p03,l3,0.0
i20,e02,c5,p04,l1,0.0
i20,e02,c5,p04,l3,0.0
i20,e02,c5,p05,l1,0.0
i20,e02,c5,p05,l3,0.0
i20,e02,c5,p06,l1,0.0
i20,e02,c5,p06,l3,0.0
i20,e02,c5,p07,l1,0.0
i20,e02,c5,p07,l3,0.0
i20,e02,c5,p08,l3,0.0
i20,e02,c5,p09,l1,0.0
i20,e02,c5,p09,l3,0.0
i20,e02,c5,p10,l1,0.0
i20,e02,c5,p10,l3,0.0
i20,e02,c5,p11,l1,0.0
i20,e02,c5,p11,l3,0.0
i20,e02,c5,p12,l1,0.0
i20,e02,c5,p12,l3,0.0
i20,e02,c5,p13,l1,0.0
i20,e02,c5,p13,l3,0.0
i20,e02,c5,p14,l3,0.0
i20,e02,c5,p15,l1,0.0
i20,e02,c5,p15,l3,0.0
i20,e02,c5,p16,l1,0.0
i20,e02,c5,p16,l3,0.0
i20,e02,c5,p17,l1,0.0
i20,e02,c5,p17,l3,0.0
i20,e02,c5,p18,l1,0.0
i20,e02,c5,p18,l3,0.0
i20,e02,c5,p19,l1,0.0
i20,e02,c5,p19,l3,0.0
i20,e02,c5,p20,l3,0.0
i20,e02,c5,p21,l1,0.0
i20,e02,c5,p21,l3,0.0
i20,e02,c5,p22,l3,0.0
i20,e02,c5,p23,l1,0.0
i20,e02,c5,p23,l3,0.0
i20,e02,c5,p24,l1,0.0
i20,e02,c5,p24,l3,0.0
i20,e02,c5,p25,l1,0.0
i20,e02,c5,p25,l3,0.0
i20,e02,c5,p26,l3,0.0
i20,e02,c5,p29,l1,0.0
i20,e02,c5,p29,l3,0.0
i20,e02,c5,p31,l3,0.0
i20,e02,c5,p35,l1,0.0
i20,e02,c5,p35,l3,0.0
i20,e04,c3,p07,l1,0.0
i20,e04,c3,p07,l3,0.0
i20,e04,c3,p10,l3,0.0
i20,e04,c3,p35,l1,0.0
i20,e04,c5,p01,l1,0.0
i20,e04,c5,p01,l3,0.0
i20,e04,c5,p02,l1,0.0
i20,e04,c5,p02,l3,0.0
i20,e04,c5,p03,l1,0.0
i20,e04,c5,p03,l3,0.0
i20,e04,c5,p04,l1,0.0
i20,e04,c5,p04,l3,0.0
i20,e04,c5,p05,l1,0.0
i20,e04,c5,p05,l3,0.0
i20,e04,c5,p06,l1,0.0
i20,e04,c5,p06,l3,0.0
i20,e04,c5,p07,l1,0.0
i20,e04,c5,p07,l3,0.0
i20,e04,c5,p08,l1,0.0
i20,e04,c5,p08,l3,0.0
i20,e04,c5,p09,l1,0.0
i20,e04,c5,p09,l3,0.0
i20,e04,c5,p10,l1,0.0
i20,e04,c5,p10,l3,0.0
i20,e04,c5,p11,l1,0.0
i20,e04,c5,p11,l3,0.0
i20,e04,c5,p12,l1,0.0
i20,e04,c5,p12,l3,0.0
i20,e04,c5,p13,l1,0.0
i20,e04,c5,p13,l3,0.0
i20,e04,c5,p14,l1,0.0
i20,e04,c5,p14,l3,0.0
i20,e04,c5,p15,l1,0.0
i20,e04,c5,p15,l3,0.0
i20,e04,c5,p16,l1,0.0
i20,e04,c5,p16,l3,0.0
i20,e04,c5,p17,l1,0.0
i20,e04,c5,p17,l3,0.0
i20,e04,c5,p18,l1,0.0
i20,e04,c5,p18,l3,0.0
i20,e04,c5,p19,l1,0.0
i20,e04,c5,p19,l3,0.0
i20,e04,c5,p20,l1,0.0
i20,e04,c5,p20,l3,0.0
i20,e04,c5,p21,l1,0.0
i20,e04,c5,p21,l3,0.0
i20,e04,c5,p22,l1,0.0
i20,e04,c5,p22,l3,0.0
i20,e04,c5,p23,l1,0.0
i20,e04,c5,p23,l3,0.0
i20,e04,c5,p24,l1,0.0
i20,e04,c5,p24,l3,0.0
i20,e04,c5,p25,l1,0.0
i20,e04,c5,p25,l3,0.0
i20,e04,c5,p26,l3,0.0
i20,e04,c5,p28,l1,0.0
i20,e04,c5,p28,l3,0.0
i20,e04,c5,p29,l1,0.0
i20,e04,c5,p29,l3,0.0
i20,e04,c5,p30,l1,0.0
i20,e04,c5,p30,l3,0.0
i20,e04,c5,p31,l1,0.0
i20,e04,c5,p31,l3,0.0
i20,e04,c5,p32,l1,0.0
i20,e04,c5,p32,l3,0.0
i20,e04,c5,p35,l1,0.0
i20,e04,c5,p35,l3,0.0
i20,e05,c3,p07,l3,0.0
i20,e05,c3,p10,l3,0.0
i20,e05,c5,p01,l1,0.0
i20,e05,c5,p01,l3,0.0
i20,e05,c5,p02,l1,0.0
i20,e05,c5,p02,l3,0.0
i20,e05,c5,p03,l1,0.0
i20,e05,c5,p03,l3,0.0
i20,e05,c5,p04,l1,0.0
i20,e05,c5,p04,l3,1.0
i20,e05,c5,p05,l1,0.0
i20,e05,c5,p05,l3,0.0
i20,e05,c5,p06,l1,0.0
i20,e05,c5,p06,l3,0.0
i20,e05,c5,p07,l1,0.0
i20,e05,c5,p07,l3,0.0
i20,e05,c5,p08,l1,0.0
i20,e05,c5,p08,l3,0.0
i20,e05,c5,p09,l1,0.0
i20,e05,c5,p09,l3,0.0
i20,e05,c5,p10,l1,0.0
i20,e05,c5,p10,l3,0.0
i20,e05,c5,p11,l1,0.0
i20,e05,c5,p11,l3,0.0
i20,e05,c5,p12,l1,0.0
i20,e05,c5,p12,l3,0.0
i20,e05,c5,p13,l1,0.0
i20,e05,c5,p13,l3,0.0
i20,e05,c5,p14,l1,0.0
i20,e05,c5,p14,l3,0.0
i20,e05,c5,p15,l1,0.0
i20,e05,c5,p15,l3,0.0
i20,e05,c5,p16,l1,0.0
i20,e05,c5,p16,l3,0.0
i20,e05,c5,p17,l1,0.0
i20,e05,c5,p17,l3,0.0
i20,e05,c5,p18,l1,0.0
i20,e05,c5,p18,l3,0.0
i20,e05,c5,p19,l1,0.0
i20,e05,c5,p19,l3,0.0
i20,e05,c5,p20,l3,0.0
i20,e05,c5,p21,l1,0.0
i20,e05,c5,p21,l3,0.0
i20,e05,c5,p22,l1,0.0
i20,e05,c5,p22,l3,0.0
i20,e05,c5,p23,l1,0.0
i20,e05,c5,p23,l3,0.0
i20,e05,c5,p24,l1,0.0
i20,e05,c5,p24,l3,0.0
i20,e05,c5,p25,l1,0.0
i20,e05,c5,p25,l3,0.0
i20,e05,c5,p26,l3,0.0
i20,e05,c5,p28,l1,0.0
i20,e05,c5,p28,l3,0.0
i20,e05,c5,p29,l1,0.0
i20,e05,c5,p29,l3,0.0
i20,e05,c5,p31,l3,0.0
i20,e05,c5,p32,l1,0.0
i20,e05,c5,p32,l3,0.0
i20,e05,c5,p35,l1,0.0
i20,e05,c5,p35,l3,0.0
i20,e08,c3,p07,l2,0.0
i20,e08,c3,p07,l3,0.0
i20,e08,c3,p10,l2,0.0
i20,e08,c3,p10,l3,0.0
i20,e08,c3,p35,l2,0.0
i20,e08,c5,p01,l2,0.0
i20,e08,c5,p01,l3,0.0
i20,e08,c5,p02,l2,0.0
i20,e08,c5,p02,l3,0.0
i20,e08,c5,p03,l2,0.0
i20,e08,c5,p03,l3,0.0
i20,e08,c5,p04,l2,0.0
i20,e08,c5,p04,l3,0.0
i20,e08,c5,p05,l2,0.0
i20,e08,c5,p05,l3,0.0
i20,e08,c5,p06,l2,0.0
i20,e08,c5,p06,l3,0.0
i20,e08,c5,p07,l2,0.0
i20,e08,c5,p07,l3,0.0
i20,e08,c5,p08,l2,0.0
i20,e08,c5,p08,l3,0.0
i20,e08,c5,p09,l2,0.0
i20,e08,c5,p09,l3,0.0
i20,e08,c5,p10,l2,0.0
i20,e08,c5,p10,l3,0.0
i20,e08,c5,p11,l2,0.0
i20,e08,c5,p11,l3,0.0
i20,e08,c5,p12,l2,0.0
i20,e08,c5,p12,l3,0.0
i20,e08,c5,p13,l2,0.0
i20,e08,c5,p13,l3,0.0
i20,e08,c5,p14,l2,0.0
i20,e08,c5,p14,l3,0.0
i20,e08,c5,p15,l2,0.0
i20,e08,c5,p15,l3,0.0
i20,e08,c5,p16,l2,0.0
i20,e08,c5,p16,l3,0.0
i20,e08,c5,p17,l2,0.0
i20,e08,c5,p17,l3,0.0
i20,e08,c5,p18,l2,0.0
i20,e08,c5,p18,l3,0.0
i20,e08,c5,p19,l2,0.0
i20,e08,c5,p19,l3,0.0
i20,e08,c5,p20,l2,0.0
i20,e08,c5,p20,l3,0.0
i20,e08,c5,p21,l2,0.0
i20,e08,c5,p21,l3,0.0
i20,e08,c5,p22,l2,0.0
i20,e08,c5,p22,l3,0.0
i20,e08,c5,p23,l2,0.0
i20,e08,c5,p23,l3,0.0
i20,e08,c5,p24,l2,0.0
i20,e08,c5,p24,l3,0.0
i20,e08,c5,p25,l2,0.0
i20,e08,c5,p25,l3,0.0
i20,e08,c5,p26,l3,0.0
i20,e08,c5,p28,l2,0.0
i20,e08,c5,p28,l3,0.0
i20,e08,c5,p29,l2,0.0
i20,e08,c5,p29,l3,0.0
i20,e08,c5,p30,l2,0.0
i20,e08,c5,p30,l3,0.0
i20,e08,c5,p31,l2,0.0
i20,e08,c5,p31,l3,0.0
i20,e08,c5,p32,l2,0.0
i20,e08,c5,p32,l3,0.0
i20,e08,c5,p35,l2,0.0
i20,e08,c5,p35,l3,0.0
i20,e09,c3,p10,l3,0.0
i20,e09,c5,p01,l2,0.0
i20,e09,c5,p01,l3,0.0
i20,e09,c5,p02,l2,0.0
i20,e09,c5,p02,l3,0.0
i20,e09,c5,p03,l2,0.0
i20,e09,c5,p03,l3,0.0
i20,e09,c5,p04,l2,0.0
i20,e09,c5,p04,l3,0.0
i20,e09,c5,p05,l2,0.0
i20,e09,c5,p05,l3,0.0
i20,e09,c5,p06,l2,0.0
i20,e09,c5,p06,l3,0.0
i20,e09,c5,p07,l2,0.0
i20,e09,c5,p07,l3,0.0
i20,e09,c5,p08,l2,0.0
i20,e09,c5,p08,l3,0.0
i20,e09,c5,p09,l2,0.0
i20,e09,c5,p09,l3,0.0
i20,e09,c5,p10,l2,0.0
i20,e09,c5,p10,l3,0.0
i20,e09,c5,p11,l2,0.0
i20,e09,c5,p11,l3,0.0
i20,e09,c5,p12,l2,0.0
i20,e09,c5,p12,l3,0.0
i20,e09,c5,p13,l2,0.0
i20,e09,c5,p13,l3,0.0
i20,e09,c5,p14,l2,0.0
i20,e09,c5,p14,l3,0.0
i20,e09,c5,p15,l2,0.0
i20,e09,c5,p15,l3,0.0
i20,e09,c5,p16,l2,0.0
i20,e09,c5,p16,l3,0.0
i20,e09,c5,p17,l2,0.0
i20,e09,c5,p17,l3,0.0
i20,e09,c5,p18,l2,0.0
i20,e09,c5,p18,l3,0.0
i20,e09,c5,p19,l2,0.0
i20,e09,c5,p19,l3,0.0
i20,e09,c5,p20,l2,0.0
i20,e09,c5,p20,l3,0.0
i20,e09,c5,p21,l2,0.0
i20,e09,c5,p21,l3,0.0
i20,e09,c5,p22,l2,0.0
i20,e09,c5,p22,l3,0.0
i20,e09,c5,p23,l2,0.0
i20,e09,c5,p23,l3,0.0
i20,e09,c5,p24,l2,0.0
i20,e09,c5,p24,l3,0.0
i20,e09,c5,p25,l2,0.0
i20,e09,c5,p25,l3,0.0
i20,e09,c5,p26,l3,0.0
i20,e09,c5,p28,l2,0.0
i20,e09,c5,p28,l3,0.0
i20,e09,c5,p29,l2,0.0
i20,e09,c5,p29,l3,0.0
i20,e09,c5,p31,l3,0.0
i20,e09,c5,p32,l2,0.0
i20,e09,c5,p32,l3,0.0
i20,e09,c5,p35,l2,0.0
i20,e09,c5,p35,l3,0.0
i20,e11,c5,p01,l3,0.0
i20,e11,c5,p02,l3,0.0
i20,e11,c5,p03,l2,0.0
i20,e11,c5,p03,l3,0.0
i20,e11,c5,p04,l3,0.0
i20,e11,c5,p05,l2,0.0
i20,e11,c5,p05,l3,0.0
i20,e11,c5,p06,l3,0.0
i20,e11,c5,p07,l2,0.0
i20,e11,c5,p07,l3,0.0
i20,e11,c5,p08,l3,0.0
i20,e11,c5,p09,l3,0.0
i20,e11,c5,p10,l3,0.0
i20,e11,c5,p11,l3,0.0
i20,e11,c5,p12,l3,0.0
i20,e11,c5,p13,l3,0.0
i20,e11,c5,p14,l3,0.0
i20,e11,c5,p15,l3,0.0
i20,e11,c5,p16,l2,0.0
i20,e11,c5,p16,l3,0.0
i20,e11,c5,p17,l2,0.0
i20,e11,c5,p17,l3,0.0
i20,e11,c5,p18,l3,0.0
i20,e11,c5,p19,l2,0.0
i20,e11,c5,p19,l3,0.0
i20,e11,c5,p21,l3,0.0
i20,e11,c5,p22,l3,0.0
i20,e11,c5,p23,l3,0.0
i20,e11,c5,p24,l2,0.0
i20,e11,c5,p24,l3,0.0
i20,e11,c5,p25,l3,0.0
i20,e11,c5,p28,l3,0.0
i20,e11,c5,p29,l3,0.0
i20,e11,c5,p30,l3,0.0
i20,e11,c5,p31,l3,0.0
i20,e11,c5,p32,l2,0.0
i20,e11,c5,p32,l3,0.0
i20,e11,c5,p35,l3,0.0
i21,e01,c1,p01,l3,0.0
i21,e01,c1,p02,l3,0.0
i21,e01,c1,p03,l3,0.0
i21,e01,c1,p04,l3,0.0
i21,e01,c1,p05,l3,0.0
i21,e01,c1,p06,l3,0.0
i21,e01,c1,p07,l3,0.0
i21,e01,c1,p08,l3,0.0
i21,e01,c1,p09,l3,0.0
i21,e01,c1,p10,l3,3.0
i21,e01,c1,p11,l3,0.0
i21,e01,c1,p12,l3,0.0
i21,e01,c1,p13,l3,0.0
i21,e01,c1,p14,l3,0.0
i21,e01,c1,p15,l3,0.0
i21,e01,c1,p16,l3,0.0
i21,e01,c1,p17,l3,0.0
i21,e01,c1,p18,l3,0.0
i21,e01,c1,p19,l3,2.0
i21,e01,c1,p20,l3,0.0
i21,e01,c1,p21,l3,0.0
i21,e01,c1,p22,l3,0.0
i21,e01,c1,p23,l3,0.0
i21,e01,c1,p24,l3,0.0
i21,e01,c1,p25,l3,0.0
i21,e01,c1,p26,l3,0.0
i21,e01,c1,p28,l3,1.0
i21,e01,c1,p29,l3,0.0
i21,e01,c1,p30,l3,0.0
i21,e01,c1,p31,l3,0.0
i21,e01,c1,p32,l3,7.0
i21,e01,c1,p33,l3,0.0
i21,e01,c1,p34,l3,0.0
i21,e01,c1,p35,l3,0.0
i21,e01,c4,p01,l3,0.0
i21,e01,c4,p02,l3,0.0
i21,e01,c4,p03,l3,0.0
i21,e01,c4,p04,l3,0.0
i21,e01,c4,p05,l3,0.0
i21,e01,c4,p07,l3,0.0
i21,e01,c4,p08,l3,0.0
i21,e01,c4,p10,l3,0.0
i21,e01,c4,p11,l3,0.0
i21,e01,c4,p13,l3,0.0
i21,e01,c4,p14,l3,0.0
i21,e01,c4,p15,l3,0.0
i21,e01,c4,p16,l3,0.0
i21,e01,c4,p17,l3,0.0
i21,e01,c4,p18,l3,0.0
i21,e01,c4,p19,l3,0.0
i21,e01,c4,p21,l3,0.0
i21,e01,c4,p23,l3,0.0
i21,e01,c4,p25,l3,0.0
i21,e01,c4,p28,l3,0.0
i21,e01,c4,p29,l3,0.0
i21,e01,c4,p32,l3,0.0
i21,e01,c7,p01,l3,0.0
i21,e01,c7,p10,l3,0.0
i21,e03,c1,p01,l3,0.0
i21,e03,c1,p02,l3,0.0
i21,e03,c1,p03,l3,1.0
i21,e03,c1,p04,l3,0.0
i21,e03,c1,p05,l3,0.0
i21,e03,c1,p06,l3,0.0
i21,e03,c1,p07,l3,0.0
i21,e03,c1,p08,l3,0.0
i21,e03,c1,p09,l3,0.0
i21,e03,c1,p10,l3,9.0
i21,e03,c1,p11,l3,1.0
i21,e03,c1,p12,l3,1.0
i21,e03,c1,p13,l3,2.0
i21,e03,c1,p14,l3,0.0
i21,e03,c1,p15,l3,0.0
i21,e03,c1,p16,l3,0.0
i21,e03,c1,p17,l3,0.0
i21,e03,c1,p18,l3,2.0
i21,e03,c1,p19,l3,1.0
i21,e03,c1,p20,l3,0.0
i21,e03,c1,p21,l3,3.0
i21,e03,c1,p22,l3,0.0
i21,e03,c1,p23,l3,0.0
i21,e03,c1,p24,l3,0.0
i21,e03,c1,p25,l3,0.0
i21,e03,c1,p26,l3,0.0
i21,e03,c1,p28,l3,0.0
i21,e03,c1,p29,l3,1.0
i21,e03,c1,p30,l3,0.0
i21,e03,c1,p31,l3,0.0
i21,e03,c1,p32,l3,0.0
i21,e03,c1,p33,l3,0.0
i21,e03,c1,p34,l3,0.0
i21,e03,c1,p35,l3,0.0
i21,e03,c4,p01,l3,0.0
i21,e03,c4,p02,l3,0.0
i21,e03,c4,p03,l3,0.0
i21,e03,c4,p04,l3,0.0
i21,e03,c4,p05,l3,0.0
i21,e03,c4,p06,l3,0.0
i21,e03,c4,p07,l3,0.0
i21,e03,c4,p08,l3,0.0
i21,e03,c4,p09,l3,0.0
i21,e03,c4,p10,l3,0.0
i21,e03,c4,p11,l3,0.0
i21,e03,c4,p12,l3,0.0
i21,e03,c4,p13,l3,0.0
i21,e03,c4,p14,l3,0.0
i21,e03,c4,p15,l3,0.0
i21,e03,c4,p16,l3,0.0
i21,e03,c4,p17,l3,0.0
i21,e03,c4,p18,l3,0.0
i21,e03,c4,p19,l3,0.0
i21,e03,c4,p20,l3,0.0
i21,e03,c4,p21,l3,0.0
i21,e03,c4,p22,l3,0.0
i21,e03,c4,p23,l3,0.0
i21,e03,c4,p24,l3,0.0
i21,e03,c4,p25,l3,0.0
i21,e03,c4,p28,l3,0.0
i21,e03,c4,p29,l3,0.0
i21,e03,c7,p29,l3,0.0
i21,e04,c1,p01,l1,0.0
i21,e04,c1,p01,l3,0.0
i21,e04,c1,p02,l1,0.0
i21,e04,c1,p02,l3,0.0
i21,e04,c1,p03,l1,0.0
i21,e04,c1,p03,l3,0.0
i21,e04,c1,p04,l1,0.0
i21,e04,c1,p04,l3,0.0
i21,e04,c1,p05,l1,0.0
i21,e04,c1,p05,l3,0.0
i21,e04,c1,p06,l1,0.0
i21,e04,c1,p06,l3,0.0
i21,e04,c1,p07,l1,0.0
i21,e04,c1,p07,l3,0.0
i21,e04,c1,p08,l1,0.0
i21,e04,c1,p08,l3,0.0
i21,e04,c1,p09,l1,0.0
i21,e04,c1,p09,l3,0.0
i21,e04,c1,p10,l1,0.0
i21,e04,c1,p10,l3,3.0
i21,e04,c1,p11,l1,0.0
i21,e04,c1,p11,l3,0.0
i21,e04,c1,p12,l1,0.0
i21,e04,c1,p12,l3,1.0
i21,e04,c1,p13,l1,0.0
i21,e04,c1,p13,l3,0.0
i21,e04,c1,p14,l1,0.0
i21,e04,c1,p14,l3,0.0
i21,e04,c1,p15,l1,0.0
i21,e04,c1,p15,l3,0.0
i21,e04,c1,p16,l1,0.0
i21,e04,c1,p16,l3,0.0
i21,e04,c1,p17,l1,0.0
i21,e04,c1,p17,l3,0.0
i21,e04,c1,p18,l1,0.0
i21,e04,c1,p18,l3,0.0
i21,e04,c1,p19,l1,0.0
i21,e04,c1,p19,l3,0.0
i21,e04,c1,p20,l1,0.0
i21,e04,c1,p20,l3,0.0
i21,e04,c1,p21,l1,0.0
i21,e04,c1,p21,l3,0.0
i21,e04,c1,p22,l1,0.0
i21,e04,c1,p22,l3,0.0
i21,e04,c1,p23,l1,0.0
i21,e04,c1,p23,l3,0.0
i21,e04,c1,p24,l1,0.0
i21,e04,c1,p24,l3,0.0
i21,e04,c1,p25,l1,0.0
i21,e04,c1,p25,l3,0.0
i21,e04,c1,p26,l1,0.0
i21,e04,c1,p26,l3,0.0
i21,e04,c1,p28,l1,0.0
i21,e04,c1,p28,l3,0.0
i21,e04,c1,p29,l1,0.0
i21,e04,c1,p29,l3,0.0
i21,e04,c1,p30,l3,0.0
i21,e04,c1,p31,l1,0.0
i21,e04,c1,p31,l3,0.0
i21,e04,c1,p32,l1,0.0
i21,e04,c1,p32,l3,2.0
i21,e04,c1,p33,l1,0.0
i21,e04,c1,p33,l3,0.0
i21,e04,c1,p35,l1,0.0
i21,e04,c1,p35,l3,0.0
i21,e04,c4,p01,l3,0.0
i21,e04,c4,p02,l1,0.0
i21,e04,c4,p02,l3,0.0
i21,e04,c4,p03,l3,0.0
i21,e04,c4,p04,l1,0.0
i21,e04,c4,p04,l3,0.0
i21,e04,c4,p05,l1,0.0
i21,e04,c4,p05,l3,0.0
i21,e04,c4,p06,l3,0.0
i21,e04,c4,p07,l3,0.0
i21,e04,c4,p08,l3,0.0
i21,e04,c4,p09,l3,0.0
i21,e04,c4,p10,l1,0.0
i21,e04,c4,p10,l3,0.0
i21,e04,c4,p11,l3,0.0
i21,e04,c4,p12,l3,0.0
i21,e04,c4,p13,l3,0.0
i21,e04,c4,p14,l3,0.0
i21,e04,c4,p15,l3,0.0
i21,e04,c4,p16,l1,0.0
i21,e04,c4,p16,l3,0.0
i21,e04,c4,p17,l3,0.0
i21,e04,c4,p18,l1,0.0
i21,e04,c4,p18,l3,0.0
i21,e04,c4,p19,l3,0.0
i21,e04,c4,p20,l3,0.0
i21,e04,c4,p21,l3,0.0
i21,e04,c4,p23,l3,0.0
i21,e04,c4,p24,l3,0.0
i21,e04,c4,p29,l3,0.0
i21,e04,c4,p32,l3,0.0
i21,e05,c1,p01,l1,0.0
i21,e05,c1,p01,l3,0.0
i21,e05,c1,p02,l1,0.0
i21,e05,c1,p02,l3,0.0
i21,e05,c1,p03,l1,0.0
i21,e05,c1,p03,l3,0.0
i21,e05,c1,p04,l1,0.0
i21,e05,c1,p04,l3,0.0
i21,e05,c1,p05,l1,0.0
i21,e05,c1,p05,l3,0.0
i21,e05,c1,p06,l1,0.0
i21,e05,c1,p06,l3,0.0
i21,e05,c1,p07,l1,0.0
i21,e05,c1,p07,l3,0.0
i21,e05,c1,p08,l1,0.0
i21,e05,c1,p08,l3,0.0
i21,e05,c1,p09,l1,0.0
i21,e05,c1,p09,l3,0.0
i21,e05,c1,p10,l1,0.0
i21,e05,c1,p10,l3,0.0
i21,e05,c1,p11,l1,0.0
i21,e05,c1,p11,l3,0.0
i21,e05,c1,p12,l1,0.0
i21,e05,c1,p12,l3,0.0
i21,e05,c1,p13,l1,0.0
i21,e05,c1,p13,l3,0.0
i21,e05,c1,p14,l1,0.0
i21,e05,c1,p14,l3,0.0
i21,e05,c1,p15,l1,0.0
i21,e05,c1,p15,l3,0.0
i21,e05,c1,p16,l1,0.0
i21,e05,c1,p16,l3,0.0
i21,e05,c1,p17,l1,0.0
i21,e05,c1,p17,l3,0.0
i21,e05,c1,p18,l1,0.0
i21,e05,c1,p18,l3,0.0
i21,e05,c1,p19,l1,0.0
i21,e05,c1,p19,l3,0.0
i21,e05,c1,p20,l1,0.0
i21,e05,c1,p20,l3,0.0
i21,e05,c1,p21,l1,0.0
i21,e05,c1,p21,l3,0.0
i21,e05,c1,p22,l1,0.0
i21,e05,c1,p22,l3,0.0
i21,e05,c1,p23,l1,0.0
i21,e05,c1,p23,l3,0.0
i21,e05,c1,p24,l1,0.0
i21,e05,c1,p24,l3,0.0
i21,e05,c1,p25,l1,0.0
i21,e05,c1,p25,l3,0.0
i21,e05,c1,p26,l1,0.0
i21,e05,c1,p26,l3,0.0
i21,e05,c1,p28,l1,0.0
i21,e05,c1,p28,l3,0.0
i21,e05,c1,p29,l1,0.0
i21,e05,c1,p29,l3,0.0
i21,e05,c1,p30,l3,0.0
i21,e05,c1,p31,l1,0.0
i21,e05,c1,p31,l3,0.0
i21,e05,c1,p32,l1,0.0
i21,e05,c1,p32,l3,0.0
i21,e05,c1,p35,l1,0.0
i21,e05,c1,p35,l3,0.0
i21,e05,c4,p01,l3,0.0
i21,e05,c4,p02,l3,0.0
i21,e05,c4,p04,l3,0.0
i21,e05,c4,p05,l3,0.0
i21,e05,c4,p10,l3,0.0
i21,e05,c4,p11,l3,0.0
i21,e05,c4,p13,l3,0.0
i21,e05,c4,p14,l3,0.0
i21,e05,c4,p15,l3,0.0
i21,e05,c4,p17,l3,0.0
i21,e05,c4,p18,l3,0.0
i21,e05,c4,p21,l3,0.0
i21,e05,c4,p29,l3,0.0
i21,e07,c1,p05,l2,0.0
i21,e07,c1,p05,l3,0.0
i21,e07,c1,p07,l2,0.0
i21,e07,c1,p07,l3,0.0
i21,e07,c1,p10,l2,0.0
i21,e07,c1,p10,l3,0.0
i21,e07,c1,p15,l2,0.0
i21,e07,c1,p19,l2,0.0
i21,e07,c1,p19,l3,0.0
i21,e08,c1,p05,l2,0.0
i21,e08,c1,p05,l3,0.0
i21,e08,c1,p07,l2,0.0
i21,e08,c1,p07,l3,0.0
i21,e08,c1,p10,l2,0.0
i21,e08,c1,p10,l3,0.0
i21,e08,c1,p15,l2,0.0
i21,e08,c1,p19,l2,0.0
i21,e08,c1,p19,l3,0.0
i21,e09,c1,p01,l2,0.0
i21,e09,c1,p01,l3,0.0
i21,e09,c1,p02,l2,0.0
i21,e09,c1,p02,l3,0.0
i21,e09,c1,p03,l2,0.0
i21,e09,c1,p03,l3,0.0
i21,e09,c1,p04,l2,0.0
i21,e09,c1,p04,l3,0.0
i21,e09,c1,p05,l2,0.0
i21,e09,c1,p05,l3,0.0
i21,e09,c1,p06,l2,0.0
i21,e09,c1,p06,l3,0.0
i21,e09,c1,p07,l2,0.0
i21,e09,c1,p07,l3,0.0
i21,e09,c1,p08,l2,0.0
i21,e09,c1,p08,l3,0.0
i21,e09,c1,p09,l2,0.0
i21,e09,c1,p09,l3,0.0
i21,e09,c1,p10,l2,0.0
i21,e09,c1,p10,l3,0.0
i21,e09,c1,p11,l2,0.0
i21,e09,c1,p11,l3,0.0
i21,e09,c1,p12,l2,0.0
i21,e09,c1,p12,l3,0.0
i21,e09,c1,p13,l2,0.0
i21,e09,c1,p13,l3,0.0
i21,e09,c1,p14,l2,0.0
i21,e09,c1,p14,l3,0.0
i21,e09,c1,p15,l2,0.0
i21,e09,c1,p15,l3,0.0
i21,e09,c1,p16,l2,0.0
i21,e09,c1,p16,l3,0.0
i21,e09,c1,p17,l2,0.0
i21,e09,c1,p17,l3,0.0
i21,e09,c1,p18,l2,0.0
i21,e09,c1,p18,l3,0.0
i21,e09,c1,p19,l2,0.0
i21,e09,c1,p19,l3,1.0
i21,e09,c1,p20,l2,0.0
i21,e09,c1,p20,l3,0.0
i21,e09,c1,p21,l2,0.0
i21,e09,c1,p21,l3,0.0
i21,e09,c1,p22,l2,0.0
i21,e09,c1,p22,l3,0.0
i21,e09,c1,p23,l2,0.0
i21,e09,c1,p23,l3,0.0
i21,e09,c1,p24,l2,0.0
i21,e09,c1,p24,l3,0.0
i21,e09,c1,p25,l2,0.0
i21,e09,c1,p25,l3,0.0
i21,e09,c1,p26,l2,0.0
i21,e09,c1,p26,l3,0.0
i21,e09,c1,p27,l3,0.0
i21,e09,c1,p28,l2,0.0
i21,e09,c1,p28,l3,0.0
i21,e09,c1,p29,l2,0.0
i21,e09,c1,p29,l3,0.0
i21,e09,c1,p30,l2,0.0
i21,e09,c1,p30,l3,0.0
i21,e09,c1,p31,l2,0.0
i21,e09,c1,p31,l3,0.0
i21,e09,c1,p32,l2,0.0
i21,e09,c1,p32,l3,4.0
i21,e09,c1,p33,l3,0.0
i21,e09,c1,p34,l3,0.0
i21,e09,c1,p35,l2,0.0
i21,e09,c1,p35,l3,0.0
i21,e09,c4,p01,l3,0.0
i21,e09,c4,p02,l3,0.0
i21,e09,c4,p03,l3,0.0
i21,e09,c4,p04,l2,0.0
i21,e09,c4,p04,l3,0.0
i21,e09,c4,p05,l3,0.0
i21,e09,c4,p06,l3,0.0
i21,e09,c4,p07,l3,0.0
i21,e09,c4,p08,l3,0.0
i21,e09,c4,p09,l3,0.0
i21,e09,c4,p10,l2,0.0
i21,e09,c4,p10,l3,0.0
i21,e09,c4,p11,l3,0.0
i21,e09,c4,p12,l3,0.0
i21,e09,c4,p13,l3,0.0
i21,e09,c4,p14,l3,0.0
i21,e09,c4,p15,l3,0.0
i21,e09,c4,p16,l3,0.0
i21,e09,c4,p17,l3,0.0
i21,e09,c4,p18,l2,0.0
i21,e09,c4,p18,l3,0.0
i21,e09,c4,p19,l3,0.0
i21,e09,c4,p20,l3,0.0
i21,e09,c4,p21,l2,0.0
i21,e09,c4,p21,l3,0.0
i21,e09,c4,p23,l3,0.0
i21,e09,c4,p24,l3,0.0
i21,e09,c4,p25,l3,0.0
i21,e09,c4,p29,l3,0.0
i21,e09,c4,p32,l3,0.0
i21,e10,c1,p07,l3,0.0
i21,e10,c1,p08,l3,0.0
i21,e10,c1,p10,l3,0.0
i21,e10,c1,p15,l3,0.0
i21,e10,c4,p10,l3,0.0
i21,e11,c1,p07,l2,0.0
i21,e11,c1,p10,l3,0.0
i21,e11,c1,p19,l2,0.0
i21,e11,c1,p19,l3,0.0
i21,e11,c4,p10,l2,0.0
i21,e12,c1,p01,l3,0.0
i21,e12,c1,p02,l3,0.0
i21,e12,c1,p03,l3,0.0
i21,e12,c1,p04,l3,0.0
i21,e12,c1,p05,l3,0.0
i21,e12,c1,p06,l3,0.0
i21,e12,c1,p07,l3,0.0
i21,e12,c1,p08,l3,0.0
i21,e12,c1,p09,l3,0.0
i21,e12,c1,p10,l3,4.0
i21,e12,c1,p11,l3,0.0
i21,e12,c1,p12,l3,8.0
i21,e12,c1,p13,l3,28.0
i21,e12,c1,p14,l3,0.0
i21,e12,c1,p15,l3,0.0
i21,e12,c1,p16,l3,0.0
i21,e12,c1,p17,l3,0.0
i21,e12,c1,p18,l3,3.0
i21,e12,c1,p19,l3,5.0
i21,e12,c1,p20,l3,0.0
i21,e12,c1,p21,l3,0.0
i21,e12,c1,p22,l3,0.0
i21,e12,c1,p23,l3,0.0
i21,e12,c1,p24,l3,0.0
i21,e12,c1,p25,l3,0.0
i21,e12,c1,p26,l3,0.0
i21,e12,c1,p28,l3,0.0
i21,e12,c1,p29,l3,4.0
i21,e12,c1,p30,l3,0.0
i21,e12,c1,p31,l3,0.0
i21,e12,c1,p32,l3,0.0
i21,e12,c1,p33,l3,0.0
i21,e12,c1,p35,l3,0.0
i21,e12,c4,p01,l3,0.0
i21,e12,c4,p02,l3,0.0
i21,e12,c4,p03,l3,0.0
i21,e12,c4,p04,l3,0.0
i21,e12,c4,p05,l3,0.0
i21,e12,c4,p07,l3,0.0
i21,e12,c4,p08,l3,0.0
i21,e12,c4,p09,l3,0.0
i21,e12,c4,p10,l3,0.0
i21,e12,c4,p11,l3,0.0
i21,e12,c4,p12,l3,0.0
i21,e12,c4,p13,l3,0.0
i21,e12,c4,p14,l3,0.0
i21,e12,c4,p15,l3,0.0
i21,e12,c4,p16,l3,0.0
i21,e12,c4,p17,l3,0.0
i21,e12,c4,p18,l3,0.0
i21,e12,c4,p19,l3,0.0
i21,e12,c4,p21,l3,0.0
i21,e12,c4,p22,l3,0.0
i21,e12,c4,p23,l3,0.0
i21,e12,c4,p24,l3,0.0
i21,e12,c4,p29,l3,0.0
i21,e12,c7,p01,l3,0.0
i21,e12,c7,p03,l3,0.0
i21,e12,c7,p10,l3,0.0
i22,e01,c3,p01,l3,0.0
i22,e01,c3,p02,l3,0.0
i22,e01,c3,p04,l3,0.0
i22,e01,c3,p05,l3,0.0
i22,e01,c3,p06,l3,0.0
i22,e01,c3,p07,l3,0.0
i22,e01,c3,p08,l3,0.0
i22,e01,c3,p09,l3,0.0
i22,e01,c3,p10,l3,0.0
i22,e01,c3,p11,l3,0.0
i22,e01,c3,p12,l3,0.0
i22,e01,c3,p13,l3,0.0
i22,e01,c3,p15,l3,0.0
i22,e01,c3,p16,l3,0.0
i22,e01,c3,p17,l3,0.0
i22,e01,c3,p18,l3,0.0
i22,e01,c3,p19,l3,0.0
i22,e01,c3,p20,l3,0.0
i22,e01,c3,p21,l3,0.0
i22,e01,c3,p22,l3,0.0
i22,e01,c3,p23,l3,0.0
i22,e01,c3,p25,l3,0.0
i22,e01,c3,p29,l3,0.0
i22,e01,c3,p35,l3,0.0
i22,e01,c5,p01,l3,0.0
i22,e01,c5,p02,l3,0.0
i22,e01,c5,p03,l3,0.0
i22,e01,c5,p04,l3,0.0
i22,e01,c5,p05,l3,0.0
i22,e01,c5,p06,l3,0.0
i22,e01,c5,p07,l3,0.0
i22,e01,c5,p08,l3,0.0
i22,e01,c5,p09,l3,0.0
i22,e01,c5,p10,l3,0.0
i22,e01,c5,p11,l3,0.0
i22,e01,c5,p12,l3,0.0
i22,e01,c5,p13,l3,0.0
i22,e01,c5,p14,l3,0.0
i22,e01,c5,p15,l3,0.0
i22,e01,c5,p16,l3,0.0
i22,e01,c5,p17,l3,0.0
i22,e01,c5,p18,l3,0.0
i22,e01,c5,p19,l3,0.0
i22,e01,c5,p20,l3,0.0
i22,e01,c5,p21,l3,0.0
i22,e01,c5,p22,l3,0.0
i22,e01,c5,p23,l3,0.0
i22,e01,c5,p24,l3,0.0
i22,e01,c5,p25,l3,0.0
i22,e01,c5,p26,l3,0.0
i22,e01,c5,p28,l3,0.0
i22,e01,c5,p29,l3,0.0
i22,e01,c5,p30,l3,0.0
i22,e01,c5,p31,l3,0.0
i22,e01,c5,p32,l3,0.0
i22,e01,c5,p33,l3,0.0
i22,e01,c5,p35,l3,0.0
i22,e02,c3,p02,l3,0.0
i22,e02,c3,p03,l3,0.0
i22,e02,c3,p05,l3,0.0
i22,e02,c3,p07,l3,0.0
i22,e02,c3,p08,l1,0.0
i22,e02,c3,p08,l3,0.0
i22,e02,c3,p09,l1,0.0
i22,e02,c3,p09,l3,0.0
i22,e02,c3,p10,l1,0.0
i22,e02,c3,p10,l3,0.0
i22,e02,c3,p11,l3,0.0
i22,e02,c3,p12,l1,0.0
i22,e02,c3,p12,l3,0.0
i22,e02,c3,p13,l1,0.0
i22,e02,c3,p13,l3,0.0
i22,e02,c3,p15,l1,0.0
i22,e02,c3,p15,l3,0.0
i22,e02,c3,p16,l1,0.0
i22,e02,c3,p16,l3,0.0
i22,e02,c3,p18,l1,0.0
i22,e02,c3,p19,l1,0.0
i22,e02,c3,p22,l1,0.0
i22,e02,c3,p22,l3,0.0
i22,e02,c3,p23,l3,0.0
i22,e02,c3,p25,l3,0.0
i22,e02,c3,p28,l1,0.0
i22,e02,c3,p28,l3,0.0
i22,e02,c3,p35,l1,0.0
i22,e02,c3,p35,l3,0.0
i22,e02,c5,p01,l1,0.0
i22,e02,c5,p01,l3,0.0
i22,e02,c5,p02,l1,0.0
i22,e02,c5,p02,l3,0.0
i22,e02,c5,p03,l1,0.0
i22,e02,c5,p03,l3,0.0
i22,e02,c5,p04,l1,0.0
i22,e02,c5,p04,l3,0.0
i22,e02,c5,p05,l1,0.0
i22,e02,c5,p05,l3,0.0
i22,e02,c5,p06,l1,0.0
i22,e02,c5,p06,l3,0.0
i22,e02,c5,p07,l1,0.0
i22,e02,c5,p07,l3,0.0
i22,e02,c5,p08,l1,0.0
i22,e02,c5,p08,l3,0.0
i22,e02,c5,p09,l1,0.0
i22,e02,c5,p09,l3,0.0
i22,e02,c5,p10,l1,0.0
i22,e02,c5,p10,l3,0.0
i22,e02,c5,p11,l1,0.0
i22,e02,c5,p11,l3,0.0
i22,e02,c5,p12,l1,0.0
i22,e02,c5,p12,l3,0.0
i22,e02,c5,p13,l1,0.0
i22,e02,c5,p13,l3,0.0
i22,e02,c5,p14,l1,0.0
i22,e02,c5,p14,l3,0.0
i22,e02,c5,p15,l1,0.0
i22,e02,c5,p15,l3,0.0
i22,e02,c5,p16,l1,0.0
i22,e02,c5,p16,l3,0.0
i22,e02,c5,p17,l1,0.0
i22,e02,c5,p17,l3,0.0
i22,e02,c5,p18,l1,0.0
i22,e02,c5,p18,l3,0.0
i22,e02,c5,p19,l1,0.0
i22,e02,c5,p19,l3,0.0
i22,e02,c5,p20,l1,0.0
i22,e02,c5,p20,l3,0.0
i22,e02,c5,p21,l1,0.0
i22,e02,c5,p21,l3,0.0
i22,e02,c5,p22,l1,0.0
i22,e02,c5,p22,l3,0.0
i22,e02,c5,p23,l1,0.0
i22,e02,c5,p23,l3,0.0
i22,e02,c5,p24,l1,0.0
i22,e02,c5,p24,l3,0.0
i22,e02,c5,p25,l1,0.0
i22,e02,c5,p25,l3,0.0
i22,e02,c5,p26,l1,0.0
i22,e02,c5,p26,l3,0.0
i22,e02,c5,p28,l1,0.0
i22,e02,c5,p28,l3,0.0
i22,e02,c5,p29,l1,0.0
i22,e02,c5,p29,l3,0.0
i22,e02,c5,p31,l1,0.0
i22,e02,c5,p31,l3,0.0
i22,e02,c5,p32,l1,0.0
i22,e02,c5,p32,l3,0.0
i22,e02,c5,p35,l1,0.0
i22,e02,c5,p35,l3,0.0
i22,e04,c3,p01,l1,0.0
i22,e04,c3,p01,l3,0.0
i22,e04,c3,p02,l1,0.0
i22,e04,c3,p02,l3,0.0
i22,e04,c3,p04,l1,0.0
i22,e04,c3,p04,l3,0.0
i22,e04,c3,p05,l1,0.0
i22,e04,c3,p05,l3,0.0
i22,e04,c3,p06,l1,0.0
i22,e04,c3,p06,l3,0.0
i22,e04,c3,p07,l1,0.0
i22,e04,c3,p07,l3,0.0
i22,e04,c3,p08,l1,0.0
i22,e04,c3,p08,l3,0.0
i22,e04,c3,p09,l1,0.0
i22,e04,c3,p09,l3,0.0
i22,e04,c3,p10,l1,0.0
i22,e04,c3,p10,l3,0.0
i22,e04,c3,p11,l1,0.0
i22,e04,c3,p11,l3,0.0
i22,e04,c3,p12,l1,0.0
i22,e04,c3,p12,l3,0.0
i22,e04,c3,p13,l1,0.0
i22,e04,c3,p13,l3,0.0
i22,e04,c3,p15,l1,0.0
i22,e04,c3,p15,l3,0.0
i22,e04,c3,p16,l1,0.0
i22,e04,c3,p16,l3,0.0
i22,e04,c3,p17,l1,0.0
i22,e04,c3,p17,l3,0.0
i22,e04,c3,p18,l1,0.0
i22,e04,c3,p18,l3,0.0
i22,e04,c3,p19,l1,0.0
i22,e04,c3,p19,l3,0.0
i22,e04,c3,p20,l1,0.0
i22,e04,c3,p20,l3,0.0
i22,e04,c3,p21,l1,0.0
i22,e04,c3,p21,l3,0.0
i22,e04,c3,p22,l1,0.0
i22,e04,c3,p22,l3,0.0
i22,e04,c3,p23,l1,0.0
i22,e04,c3,p23,l3,0.0
i22,e04,c3,p25,l1,0.0
i22,e04,c3,p25,l3,0.0
i22,e04,c3,p26,l3,0.0
i22,e04,c3,p28,l1,0.0
i22,e04,c3,p28,l3,0.0
i22,e04,c3,p29,l1,0.0
i22,e04,c3,p29,l3,0.0
i22,e04,c3,p35,l1,0.0
i22,e04,c3,p35,l3,0.0
i22,e04,c5,p01,l1,0.0
i22,e04,c5,p01,l3,0.0
i22,e04,c5,p02,l1,0.0
i22,e04,c5,p02,l3,0.0
i22,e04,c5,p03,l1,0.0
i22,e04,c5,p03,l3,0.0
i22,e04,c5,p04,l1,0.0
i22,e04,c5,p04,l3,0.0
i22,e04,c5,p05,l1,0.0
i22,e04,c5,p05,l3,0.0
i22,e04,c5,p06,l1,0.0
i22,e04,c5,p06,l3,0.0
i22,e04,c5,p07,l1,0.0
i22,e04,c5,p07,l3,0.0
i22,e04,c5,p08,l1,0.0
i22,e04,c5,p08,l3,0.0
i22,e04,c5,p09,l1,0.0
i22,e04,c5,p09,l3,0.0
i22,e04,c5,p10,l1,0.0
i22,e04,c5,p10,l3,0.0
i22,e04,c5,p11,l1,0.0
i22,e04,c5,p11,l3,0.0
i22,e04,c5,p12,l1,0.0
i22,e04,c5,p12,l3,0.0
i22,e04,c5,p13,l1,0.0
i22,e04,c5,p13,l3,0.0
i22,e04,c5,p14,l1,0.0
i22,e04,c5,p14,l3,0.0
i22,e04,c5,p15,l1,0.0
i22,e04,c5,p15,l3,0.0
i22,e04,c5,p16,l1,0.0
i22,e04,c5,p16,l3,0.0
i22,e04,c5,p17,l1,0.0
i22,e04,c5,p17,l3,0.0
i22,e04,c5,p18,l1,0.0
i22,e04,c5,p18,l3,0.0
i22,e04,c5,p19,l1,0.0
i22,e04,c5,p19,l3,0.0
i22,e04,c5,p20,l1,0.0
i22,e04,c5,p20,l3,0.0
i22,e04,c5,p21,l1,0.0
i22,e04,c5,p21,l3,0.0
i22,e04,c5,p22,l1,0.0
i22,e04,c5,p22,l3,0.0
i22,e04,c5,p23,l1,0.0
i22,e04,c5,p23,l3,0.0
i22,e04,c5,p24,l1,0.0
i22,e04,c5,p24,l3,0.0
i22,e04,c5,p25,l1,0.0
i22,e04,c5,p25,l3,0.0
i22,e04,c5,p26,l1,0.0
i22,e04,c5,p26,l3,0.0
i22,e04,c5,p28,l1,0.0
i22,e04,c5,p28,l3,0.0
i22,e04,c5,p29,l1,0.0
i22,e04,c5,p29,l3,0.0
i22,e04,c5,p30,l1,0.0
i22,e04,c5,p30,l3,0.0
i22,e04,c5,p31,l1,0.0
i22,e04,c5,p31,l3,0.0
i22,e04,c5,p32,l1,0.0
i22,e04,c5,p32,l3,0.0
i22,e04,c5,p33,l1,0.0
i22,e04,c5,p33,l3,0.0
i22,e04,c5,p35,l1,0.0
i22,e04,c5,p35,l3,0.0
i22,e04,c8,p18,l3,0.0
i22,e05,c3,p01,l3,0.0
i22,e05,c3,p04,l1,0.0
i22,e05,c3,p05,l1,0.0
i22,e05,c3,p05,l3,0.0
i22,e05,c3,p06,l3,0.0
i22,e05,c3,p07,l1,0.0
i22,e05,c3,p08,l3,0.0
i22,e05,c3,p09,l1,0.0
i22,e05,c3,p09,l3,0.0
i22,e05,c3,p10,l1,0.0
i22,e05,c3,p10,l3,0.0
i22,e05,c3,p12,l3,0.0
i22,e05,c3,p15,l1,0.0
i22,e05,c3,p16,l3,0.0
i22,e05,c3,p18,l1,0.0
i22,e05,c3,p18,l3,0.0
i22,e05,c3,p19,l3,0.0
i22,e05,c3,p25,l1,0.0
i22,e05,c3,p25,l3,0.0
i22,e05,c3,p28,l1,0.0
i22,e05,c3,p28,l3,0.0
i22,e05,c3,p29,l3,0.0
i22,e05,c3,p35,l1,0.0
i22,e05,c3,p35,l3,0.0
i22,e05,c5,p01,l1,0.0
i22,e05,c5,p01,l3,0.0
i22,e05,c5,p02,l1,0.0
i22,e05,c5,p02,l3,0.0
i22,e05,c5,p03,l1,0.0
i22,e05,c5,p03,l3,1.0
i22,e05,c5,p04,l1,0.0
i22,e05,c5,p04,l3,0.0
i22,e05,c5,p05,l1,0.0
i22,e05,c5,p05,l3,1.0
i22,e05,c5,p06,l1,0.0
i22,e05,c5,p06,l3,0.0
i22,e05,c5,p07,l1,0.0
i22,e05,c5,p07,l3,0.0
i22,e05,c5,p08,l1,0.0
i22,e05,c5,p08,l3,5.0
i22,e05,c5,p09,l1,0.0
i22,e05,c5,p09,l3,0.0
i22,e05,c5,p10,l1,0.0
i22,e05,c5,p10,l3,2.0
i22,e05,c5,p11,l1,0.0
i22,e05,c5,p11,l3,0.0
i22,e05,c5,p12,l1,0.0
i22,e05,c5,p12,l3,1.0
i22,e05,c5,p13,l1,0.0
i22,e05,c5,p13,l3,1.0
i22,e05,c5,p14,l1,0.0
i22,e05,c5,p14,l3,0.0
i22,e05,c5,p15,l1,0.0
i22,e05,c5,p15,l3,0.0
i22,e05,c5,p16,l1,0.0
i22,e05,c5,p16,l3,0.0
i22,e05,c5,p17,l1,0.0
i22,e05,c5,p17,l3,0.0
i22,e05,c5,p18,l1,0.0
i22,e05,c5,p18,l3,0.0
i22,e05,c5,p19,l1,0.0
i22,e05,c5,p19,l3,0.0
i22,e05,c5,p20,l1,0.0
i22,e05,c5,p20,l3,0.0
i22,e05,c5,p21,l1,0.0
i22,e05,c5,p21,l3,0.0
i22,e05,c5,p22,l1,0.0
i22,e05,c5,p22,l3,0.0
i22,e05,c5,p23,l1,0.0
i22,e05,c5,p23,l3,0.0
i22,e05,c5,p24,l1,0.0
i22,e05,c5,p24,l3,0.0
i22,e05,c5,p25,l1,0.0
i22,e05,c5,p25,l3,0.0
i22,e05,c5,p26,l1,0.0
i22,e05,c5,p26,l3,0.0
i22,e05,c5,p28,l1,0.0
i22,e05,c5,p28,l3,0.0
i22,e05,c5,p29,l1,0.0
i22,e05,c5,p29,l3,0.0
i22,e05,c5,p30,l1,0.0
i22,e05,c5,p30,l3,0.0
i22,e05,c5,p31,l1,0.0
i22,e05,c5,p31,l3,0.0
i22,e05,c5,p32,l1,0.0
i22,e05,c5,p32,l3,0.0
i22,e05,c5,p35,l1,0.0
i22,e05,c5,p35,l3,1.0
i22,e08,c3,p01,l2,0.0
i22,e08,c3,p01,l3,0.0
i22,e08,c3,p02,l2,0.0
i22,e08,c3,p04,l3,0.0
i22,e08,c3,p05,l2,0.0
i22,e08,c3,p05,l3,0.0
i22,e08,c3,p06,l2,0.0
i22,e08,c3,p06,l3,0.0
i22,e08,c3,p07,l2,0.0
i22,e08,c3,p07,l3,0.0
i22,e08,c3,p08,l2,0.0
i22,e08,c3,p08,l3,0.0
i22,e08,c3,p09,l2,0.0
i22,e08,c3,p09,l3,0.0
i22,e08,c3,p10,l2,0.0
i22,e08,c3,p10,l3,0.0
i22,e08,c3,p11,l2,0.0
i22,e08,c3,p11,l3,0.0
i22,e08,c3,p12,l2,0.0
i22,e08,c3,p12,l3,0.0
i22,e08,c3,p13,l2,0.0
i22,e08,c3,p13,l3,0.0
i22,e08,c3,p15,l2,0.0
i22,e08,c3,p15,l3,0.0
i22,e08,c3,p16,l2,0.0
i22,e08,c3,p16,l3,0.0
i22,e08,c3,p17,l3,0.0
i22,e08,c3,p18,l2,0.0
i22,e08,c3,p18,l3,0.0
i22,e08,c3,p19,l2,0.0
i22,e08,c3,p19,l3,0.0
i22,e08,c3,p20,l2,0.0
i22,e08,c3,p21,l2,0.0
i22,e08,c3,p21,l3,0.0
i22,e08,c3,p22,l2,0.0
i22,e08,c3,p22,l3,0.0
i22,e08,c3,p23,l2,0.0
i22,e08,c3,p23,l3,0.0
i22,e08,c3,p25,l2,0.0
i22,e08,c3,p25,l3,0.0
i22,e08,c3,p26,l3,0.0
i22,e08,c3,p29,l2,0.0
i22,e08,c3,p29,l3,0.0
i22,e08,c3,p35,l2,0.0
i22,e08,c3,p35,l3,0.0
i22,e08,c5,p01,l2,0.0
i22,e08,c5,p01,l3,0.0
i22,e08,c5,p02,l2,0.0
i22,e08,c5,p02,l3,0.0
i22,e08,c5,p03,l2,0.0
i22,e08,c5,p03,l3,0.0
i22,e08,c5,p04,l2,0.0
i22,e08,c5,p04,l3,0.0
i22,e08,c5,p05,l2,0.0
i22,e08,c5,p05,l3,0.0
i22,e08,c5,p06,l2,0.0
i22,e08,c5,p06,l3,0.0
i22,e08,c5,p07,l2,0.0
i22,e08,c5,p07,l3,0.0
i22,e08,c5,p08,l2,0.0
i22,e08,c5,p08,l3,0.0
i22,e08,c5,p09,l2,0.0
i22,e08,c5,p09,l3,0.0
i22,e08,c5,p10,l2,0.0
i22,e08,c5,p10,l3,0.0
i22,e08,c5,p11,l2,0.0
i22,e08,c5,p11,l3,0.0
i22,e08,c5,p12,l2,0.0
i22,e08,c5,p12,l3,0.0
i22,e08,c5,p13,l2,0.0
i22,e08,c5,p13,l3,0.0
i22,e08,c5,p14,l2,0.0
i22,e08,c5,p14,l3,0.0
i22,e08,c5,p15,l2,0.0
i22,e08,c5,p15,l3,0.0
i22,e08,c5,p16,l2,0.0
i22,e08,c5,p16,l3,0.0
i22,e08,c5,p17,l2,0.0
i22,e08,c5,p17,l3,0.0
i22,e08,c5,p18,l2,0.0
i22,e08,c5,p18,l3,0.0
i22,e08,c5,p19,l2,0.0
i22,e08,c5,p19,l3,0.0
i22,e08,c5,p20,l2,0.0
i22,e08,c5,p20,l3,0.0
i22,e08,c5,p21,l2,0.0
i22,e08,c5,p21,l3,0.0
i22,e08,c5,p22,l2,0.0
i22,e08,c5,p22,l3,0.0
i22,e08,c5,p23,l2,0.0
i22,e08,c5,p23,l3,0.0
i22,e08,c5,p24,l2,0.0
i22,e08,c5,p24,l3,0.0
i22,e08,c5,p25,l2,0.0
i22,e08,c5,p25,l3,0.0
i22,e08,c5,p26,l2,0.0
i22,e08,c5,p26,l3,0.0
i22,e08,c5,p28,l2,0.0
i22,e08,c5,p28,l3,0.0
i22,e08,c5,p29,l2,0.0
i22,e08,c5,p29,l3,0.0
i22,e08,c5,p30,l2,0.0
i22,e08,c5,p30,l3,0.0
i22,e08,c5,p31,l2,0.0
i22,e08,c5,p31,l3,0.0
i22,e08,c5,p32,l2,0.0
i22,e08,c5,p32,l3,0.0
i22,e08,c5,p33,l2,0.0
i22,e08,c5,p33,l3,0.0
i22,e08,c5,p35,l2,0.0
i22,e08,c5,p35,l3,0.0
i22,e09,c3,p01,l2,0.0
i22,e09,c3,p01,l3,0.0
i22,e09,c3,p02,l2,0.0
i22,e09,c3,p02,l3,0.0
i22,e09,c3,p04,l2,0.0
i22,e09,c3,p04,l3,0.0
i22,e09,c3,p05,l2,0.0
i22,e09,c3,p05,l3,0.0
i22,e09,c3,p06,l2,0.0
i22,e09,c3,p06,l3,0.0
i22,e09,c3,p07,l2,0.0
i22,e09,c3,p07,l3,0.0
i22,e09,c3,p08,l2,0.0
i22,e09,c3,p08,l3,0.0
i22,e09,c3,p09,l2,0.0
i22,e09,c3,p09,l3,0.0
i22,e09,c3,p10,l2,0.0
i22,e09,c3,p10,l3,0.0
i22,e09,c3,p11,l2,0.0
i22,e09,c3,p11,l3,0.0
i22,e09,c3,p12,l2,0.0
i22,e09,c3,p12,l3,0.0
i22,e09,c3,p13,l2,0.0
i22,e09,c3,p13,l3,0.0
i22,e09,c3,p15,l2,0.0
i22,e09,c3,p15,l3,0.0
i22,e09,c3,p16,l2,0.0
i22,e09,c3,p16,l3,0.0
i22,e09,c3,p17,l2,0.0
i22,e09,c3,p17,l3,0.0
i22,e09,c3,p18,l2,0.0
i22,e09,c3,p18,l3,0.0
i22,e09,c3,p19,l2,0.0
i22,e09,c3,p19,l3,0.0
i22,e09,c3,p20,l3,0.0
i22,e09,c3,p21,l2,0.0
i22,e09,c3,p21,l3,0.0
i22,e09,c3,p22,l2,0.0
i22,e09,c3,p22,l3,0.0
i22,e09,c3,p23,l2,0.0
i22,e09,c3,p23,l3,0.0
i22,e09,c3,p25,l2,0.0
i22,e09,c3,p28,l2,0.0
i22,e09,c3,p28,l3,0.0
i22,e09,c3,p29,l2,0.0
i22,e09,c3,p29,l3,0.0
i22,e09,c3,p35,l2,0.0
i22,e09,c3,p35,l3,0.0
i22,e09,c5,p01,l2,0.0
i22,e09,c5,p01,l3,0.0
i22,e09,c5,p02,l2,0.0
i22,e09,c5,p02,l3,0.0
i22,e09,c5,p03,l2,0.0
i22,e09,c5,p03,l3,0.0
i22,e09,c5,p04,l2,0.0
i22,e09,c5,p04,l3,0.0
i22,e09,c5,p05,l2,0.0
i22,e09,c5,p05,l3,0.0
i22,e09,c5,p06,l2,0.0
i22,e09,c5,p06,l3,0.0
i22,e09,c5,p07,l2,0.0
i22,e09,c5,p07,l3,0.0
i22,e09,c5,p08,l2,0.0
i22,e09,c5,p08,l3,0.0
i22,e09,c5,p09,l2,0.0
i22,e09,c5,p09,l3,0.0
i22,e09,c5,p10,l2,0.0
i22,e09,c5,p10,l3,0.0
i22,e09,c5,p11,l2,0.0
i22,e09,c5,p11,l3,0.0
i22,e09,c5,p12,l2,0.0
i22,e09,c5,p12,l3,0.0
i22,e09,c5,p13,l2,0.0
i22,e09,c5,p13,l3,0.0
i22,e09,c5,p14,l2,0.0
i22,e09,c5,p14,l3,0.0
i22,e09,c5,p15,l2,0.0
i22,e09,c5,p15,l3,0.0
i22,e09,c5,p16,l2,0.0
i22,e09,c5,p16,l3,0.0
i22,e09,c5,p17,l2,0.0
i22,e09,c5,p17,l3,0.0
i22,e09,c5,p18,l2,0.0
i22,e09,c5,p18,l3,0.0
i22,e09,c5,p19,l2,0.0
i22,e09,c5,p19,l3,0.0
i22,e09,c5,p20,l2,0.0
i22,e09,c5,p20,l3,0.0
i22,e09,c5,p21,l2,0.0
i22,e09,c5,p21,l3,0.0
i22,e09,c5,p22,l2,0.0
i22,e09,c5,p22,l3,0.0
i22,e09,c5,p23,l2,0.0
i22,e09,c5,p23,l3,0.0
i22,e09,c5,p24,l2,0.0
i22,e09,c5,p24,l3,0.0
i22,e09,c5,p25,l2,0.0
i22,e09,c5,p25,l3,0.0
i22,e09,c5,p26,l2,0.0
i22,e09,c5,p26,l3,0.0
i22,e09,c5,p28,l2,0.0
i22,e09,c5,p28,l3,0.0
i22,e09,c5,p29,l2,0.0
i22,e09,c5,p29,l3,0.0
i22,e09,c5,p30,l2,0.0
i22,e09,c5,p30,l3,0.0
i22,e09,c5,p31,l2,0.0
i22,e09,c5,p31,l3,0.0
i22,e09,c5,p32,l2,0.0
i22,e09,c5,p32,l3,0.0
i22,e09,c5,p33,l2,0.0
i22,e09,c5,p33,l3,0.0
i22,e09,c5,p35,l2,0.0
i22,e09,c5,p35,l3,0.0
i22,e11,c3,p02,l2,0.0
i22,e11,c3,p06,l2,0.0
i22,e11,c3,p06,l3,0.0
i22,e11,c3,p07,l2,0.0
i22,e11,c3,p07,l3,0.0
i22,e11,c3,p08,l2,0.0
i22,e11,c3,p08,l3,0.0
i22,e11,c3,p09,l2,0.0
i22,e11,c3,p09,l3,0.0
i22,e11,c3,p10,l2,0.0
i22,e11,c3,p10,l3,0.0
i22,e11,c3,p13,l2,0.0
i22,e11,c3,p13,l3,0.0
i22,e11,c3,p15,l3,0.0
i22,e11,c3,p16,l2,0.0
i22,e11,c3,p16,l3,0.0
i22,e11,c3,p18,l3,0.0
i22,e11,c3,p19,l2,0.0
i22,e11,c3,p19,l3,0.0
i22,e11,c3,p20,l2,0.0
i22,e11,c3,p21,l2,0.0
i22,e11,c3,p22,l2,0.0
i22,e11,c3,p22,l3,0.0
i22,e11,c3,p23,l2,0.0
i22,e11,c3,p23,l3,0.0
i22,e11,c3,p25,l2,0.0
i22,e11,c3,p25,l3,0.0
i22,e11,c3,p28,l2,0.0
i22,e11,c3,p28,l3,0.0
i22,e11,c3,p29,l2,0.0
i22,e11,c3,p29,l3,0.0
i22,e11,c3,p35,l2,0.0
i22,e11,c3,p35,l3,0.0
i22,e11,c5,p01,l2,0.0
i22,e11,c5,p01,l3,0.0
i22,e11,c5,p02,l2,0.0
i22,e11,c5,p02,l3,0.0
i22,e11,c5,p03,l2,0.0
i22,e11,c5,p03,l3,0.0
i22,e11,c5,p04,l2,0.0
i22,e11,c5,p04,l3,0.0
i22,e11,c5,p05,l2,0.0
i22,e11,c5,p05,l3,0.0
i22,e11,c5,p06,l2,0.0
i22,e11,c5,p06,l3,0.0
i22,e11,c5,p07,l2,0.0
i22,e11,c5,p07,l3,0.0
i22,e11,c5,p08,l2,0.0
i22,e11,c5,p08,l3,0.0
i22,e11,c5,p09,l2,0.0
i22,e11,c5,p09,l3,0.0
i22,e11,c5,p10,l2,0.0
i22,e11,c5,p10,l3,0.0
i22,e11,c5,p11,l2,0.0
i22,e11,c5,p11,l3,0.0
i22,e11,c5,p12,l2,0.0
i22,e11,c5,p12,l3,0.0
i22,e11,c5,p13,l2,0.0
i22,e11,c5,p13,l3,0.0
i22,e11,c5,p14,l2,0.0
i22,e11,c5,p14,l3,0.0
i22,e11,c5,p15,l2,0.0
i22,e11,c5,p15,l3,0.0
i22,e11,c5,p16,l2,0.0
i22,e11,c5,p16,l3,0.0
i22,e11,c5,p17,l2,0.0
i22,e11,c5,p17,l3,0.0
i22,e11,c5,p18,l2,0.0
i22,e11,c5,p18,l3,0.0
i22,e11,c5,p19,l2,0.0
i22,e11,c5,p19,l3,0.0
i22,e11,c5,p20,l2,0.0
i22,e11,c5,p20,l3,0.0
i22,e11,c5,p21,l2,0.0
i22,e11,c5,p21,l3,0.0
i22,e11,c5,p22,l2,0.0
i22,e11,c5,p22,l3,0.0
i22,e11,c5,p23,l2,0.0
i22,e11,c5,p23,l3,0.0
i22,e11,c5,p24,l2,0.0
i22,e11,c5,p24,l3,0.0
i22,e11,c5,p25,l2,0.0
i22,e11,c5,p25,l3,0.0
i22,e11,c5,p26,l2,0.0
i22,e11,c5,p26,l3,0.0
i22,e11,c5,p28,l2,0.0
i22,e11,c5,p28,l3,0.0
i22,e11,c5,p29,l2,0.0
i22,e11,c5,p29,l3,0.0
i22,e11,c5,p30,l2,0.0
i22,e11,c5,p30,l3,0.0
i22,e11,c5,p31,l2,0.0
i22,e11,c5,p31,l3,0.0
i22,e11,c5,p32,l2,0.0
i22,e11,c5,p32,l3,0.0
i22,e11,c5,p33,l2,0.0
i22,e11,c5,p33,l3,0.0
i22,e11,c5,p35,l2,0.0
i22,e11,c5,p35,l3,0.0
i23,e01,c3,p01,l3,0.0
i23,e01,c3,p02,l3,0.0
i23,e01,c3,p03,l3,0.0
i23,e01,c3,p04,l3,0.0
i23,e01,c3,p05,l3,0.0
i23,e01,c3,p06,l3,0.0
i23,e01,c3,p07,l3,0.0
i23,e01,c3,p08,l3,0.0
i23,e01,c3,p09,l3,0.0
i23,e01,c3,p10,l3,0.0
i23,e01,c3,p11,l3,0.0
i23,e01,c3,p12,l3,0.0
i23,e01,c3,p13,l3,0.0
i23,e01,c3,p14,l3,0.0
i23,e01,c3,p15,l3,0.0
i23,e01,c3,p16,l3,0.0
i23,e01,c3,p17,l3,0.0
i23,e01,c3,p18,l3,0.0
i23,e01,c3,p19,l3,0.0
i23,e01,c3,p20,l3,0.0
i23,e01,c3,p21,l3,0.0
i23,e01,c3,p22,l3,0.0
i23,e01,c3,p23,l3,0.0
i23,e01,c3,p24,l3,0.0
i23,e01,c3,p26,l3,0.0
i23,e01,c3,p28,l3,0.0
i23,e01,c3,p29,l3,0.0
i23,e01,c3,p31,l3,0.0
i23,e01,c3,p35,l3,0.0
i23,e01,c5,p01,l3,1.0
i23,e01,c5,p02,l3,0.0
i23,e01,c5,p03,l3,0.0
i23,e01,c5,p04,l3,3.0
i23,e01,c5,p05,l3,4.0
i23,e01,c5,p06,l3,0.0
i23,e01,c5,p07,l3,0.0
i23,e01,c5,p08,l3,0.0
i23,e01,c5,p09,l3,0.0
i23,e01,c5,p10,l3,1.0
i23,e01,c5,p11,l3,1.0
i23,e01,c5,p12,l3,2.0
i23,e01,c5,p13,l3,0.0
i23,e01,c5,p14,l3,0.0
i23,e01,c5,p15,l3,1.0
i23,e01,c5,p16,l3,0.0
i23,e01,c5,p17,l3,0.0
i23,e01,c5,p18,l3,1.0
i23,e01,c5,p19,l3,1.0
i23,e01,c5,p20,l3,0.0
i23,e01,c5,p21,l3,0.0
i23,e01,c5,p22,l3,0.0
i23,e01,c5,p23,l3,0.0
i23,e01,c5,p24,l3,0.0
i23,e01,c5,p25,l3,0.0
i23,e01,c5,p26,l3,0.0
i23,e01,c5,p28,l3,0.0
i23,e01,c5,p29,l3,0.0
i23,e01,c5,p30,l3,0.0
i23,e01,c5,p31,l3,0.0
i23,e01,c5,p32,l3,0.0
i23,e01,c5,p33,l3,0.0
i23,e01,c5,p35,l3,0.0
i23,e02,c3,p06,l1,0.0
i23,e02,c3,p07,l3,0.0
i23,e02,c3,p10,l3,0.0
i23,e02,c3,p12,l1,0.0
i23,e02,c3,p14,l3,0.0
i23,e02,c3,p15,l3,0.0
i23,e02,c3,p24,l1,0.0
i23,e02,c3,p29,l3,0.0
i23,e02,c3,p35,l1,0.0
i23,e02,c5,p01,l1,0.0
i23,e02,c5,p01,l3,0.0
i23,e02,c5,p02,l1,0.0
i23,e02,c5,p02,l3,0.0
i23,e02,c5,p03,l1,0.0
i23,e02,c5,p03,l3,0.0
i23,e02,c5,p04,l1,0.0
i23,e02,c5,p04,l3,0.0
i23,e02,c5,p05,l1,0.0
i23,e02,c5,p05,l3,0.0
i23,e02,c5,p06,l1,0.0
i23,e02,c5,p06,l3,0.0
i23,e02,c5,p07,l1,0.0
i23,e02,c5,p07,l3,0.0
i23,e02,c5,p08,l1,0.0
i23,e02,c5,p08,l3,0.0
i23,e02,c5,p09,l1,0.0
i23,e02,c5,p09,l3,0.0
i23,e02,c5,p10,l1,0.0
i23,e02,c5,p10,l3,0.0
i23,e02,c5,p11,l1,0.0
i23,e02,c5,p11,l3,0.0
i23,e02,c5,p12,l1,0.0
i23,e02,c5,p12,l3,0.0
i23,e02,c5,p13,l1,0.0
i23,e02,c5,p13,l3,0.0
i23,e02,c5,p14,l1,0.0
i23,e02,c5,p14,l3,0.0
i23,e02,c5,p15,l1,0.0
i23,e02,c5,p15,l3,0.0
i23,e02,c5,p16,l1,0.0
i23,e02,c5,p16,l3,0.0
i23,e02,c5,p17,l1,0.0
i23,e02,c5,p17,l3,0.0
i23,e02,c5,p18,l1,0.0
i23,e02,c5,p18,l3,0.0
i23,e02,c5,p19,l1,0.0
i23,e02,c5,p19,l3,0.0
i23,e02,c5,p20,l1,0.0
i23,e02,c5,p20,l3,0.0
i23,e02,c5,p21,l1,0.0
i23,e02,c5,p21,l3,0.0
i23,e02,c5,p22,l1,0.0
i23,e02,c5,p22,l3,0.0
i23,e02,c5,p23,l1,0.0
i23,e02,c5,p23,l3,0.0
i23,e02,c5,p24,l1,0.0
i23,e02,c5,p24,l3,0.0
i23,e02,c5,p25,l1,0.0
i23,e02,c5,p25,l3,0.0
i23,e02,c5,p26,l3,0.0
i23,e02,c5,p28,l1,0.0
i23,e02,c5,p28,l3,0.0
i23,e02,c5,p29,l1,0.0
i23,e02,c5,p29,l3,0.0
i23,e02,c5,p31,l3,0.0
i23,e02,c5,p32,l1,0.0
i23,e02,c5,p32,l3,0.0
i23,e02,c5,p35,l1,0.0
i23,e02,c5,p35,l3,0.0
i23,e03,c3,p01,l3,0.0
i23,e03,c3,p02,l3,0.0
i23,e03,c3,p03,l3,0.0
i23,e03,c3,p04,l3,0.0
i23,e03,c3,p05,l3,0.0
i23,e03,c3,p06,l3,0.0
i23,e03,c3,p07,l3,0.0
i23,e03,c3,p08,l3,0.0
i23,e03,c3,p09,l3,0.0
i23,e03,c3,p10,l3,0.0
i23,e03,c3,p11,l3,0.0
i23,e03,c3,p12,l3,0.0
i23,e03,c3,p13,l3,0.0
i23,e03,c3,p14,l3,0.0
i23,e03,c3,p15,l3,0.0
i23,e03,c3,p16,l3,0.0
i23,e03,c3,p17,l3,0.0
i23,e03,c3,p18,l3,0.0
i23,e03,c3,p19,l3,0.0
i23,e03,c3,p20,l3,0.0
i23,e03,c3,p21,l3,0.0
i23,e03,c3,p22,l3,0.0
i23,e03,c3,p23,l3,0.0
i23,e03,c3,p24,l3,0.0
i23,e03,c3,p26,l3,0.0
i23,e03,c3,p28,l3,0.0
i23,e03,c3,p29,l3,0.0
i23,e03,c3,p35,l3,0.0
i23,e03,c5,p01,l3,0.0
i23,e03,c5,p02,l3,0.0
i23,e03,c5,p03,l3,0.0
i23,e03,c5,p04,l3,2.0
i23,e03,c5,p05,l3,0.0
i23,e03,c5,p06,l3,0.0
i23,e03,c5,p07,l3,0.0
i23,e03,c5,p08,l3,0.0
i23,e03,c5,p09,l3,0.0
i23,e03,c5,p10,l3,1.0
i23,e03,c5,p11,l3,0.0
i23,e03,c5,p12,l3,1.0
i23,e03,c5,p13,l3,0.0
i23,e03,c5,p14,l3,0.0
i23,e03,c5,p15,l3,0.0
i23,e03,c5,p16,l3,0.0
i23,e03,c5,p17,l3,1.0
i23,e03,c5,p18,l3,0.0
i23,e03,c5,p19,l3,0.0
i23,e03,c5,p20,l3,0.0
i23,e03,c5,p21,l3,0.0
i23,e03,c5,p22,l3,0.0
i23,e03,c5,p23,l3,0.0
i23,e03,c5,p24,l3,0.0
i23,e03,c5,p25,l3,0.0
i23,e03,c5,p26,l3,0.0
i23,e03,c5,p28,l3,1.0
i23,e03,c5,p29,l3,0.0
i23,e03,c5,p30,l3,0.0
i23,e03,c5,p31,l3,0.0
i23,e03,c5,p32,l3,0.0
i23,e03,c5,p33,l3,0.0
i23,e03,c5,p35,l3,0.0
i23,e04,c3,p01,l1,0.0
i23,e04,c3,p01,l3,0.0
i23,e04,c3,p02,l1,0.0
i23,e04,c3,p02,l3,0.0
i23,e04,c3,p03,l1,0.0
i23,e04,c3,p03,l3,0.0
i23,e04,c3,p04,l1,0.0
i23,e04,c3,p04,l3,0.0
i23,e04,c3,p05,l1,0.0
i23,e04,c3,p05,l3,0.0
i23,e04,c3,p06,l1,0.0
i23,e04,c3,p06,l3,0.0
i23,e04,c3,p07,l1,0.0
i23,e04,c3,p07,l3,0.0
i23,e04,c3,p08,l3,0.0
i23,e04,c3,p09,l1,0.0
i23,e04,c3,p09,l3,0.0
i23,e04,c3,p10,l1,0.0
i23,e04,c3,p10,l3,0.0
i23,e04,c3,p11,l1,0.0
i23,e04,c3,p11,l3,0.0
i23,e04,c3,p12,l1,0.0
i23,e04,c3,p12,l3,0.0
i23,e04,c3,p13,l1,0.0
i23,e04,c3,p13,l3,0.0
i23,e04,c3,p14,l3,0.0
i23,e04,c3,p15,l1,0.0
i23,e04,c3,p15,l3,0.0
i23,e04,c3,p16,l3,0.0
i23,e04,c3,p17,l1,0.0
i23,e04,c3,p17,l3,0.0
i23,e04,c3,p18,l3,0.0
i23,e04,c3,p19,l1,0.0
i23,e04,c3,p19,l3,0.0
i23,e04,c3,p21,l1,0.0
i23,e04,c3,p21,l3,0.0
i23,e04,c3,p22,l3,0.0
i23,e04,c3,p23,l1,0.0
i23,e04,c3,p23,l3,0.0
i23,e04,c3,p24,l1,0.0
i23,e04,c3,p24,l3,0.0
i23,e04,c3,p26,l3,0.0
i23,e04,c3,p28,l3,0.0
i23,e04,c3,p29,l1,0.0
i23,e04,c3,p29,l3,0.0
i23,e04,c3,p31,l1,0.0
i23,e04,c3,p35,l1,0.0
i23,e04,c3,p35,l3,0.0
i23,e04,c5,p01,l1,0.0
i23,e04,c5,p01,l3,3.0
i23,e04,c5,p02,l1,0.0
i23,e04,c5,p02,l3,0.0
i23,e04,c5,p03,l1,0.0
i23,e04,c5,p03,l3,0.0
i23,e04,c5,p04,l1,0.0
i23,e04,c5,p04,l3,0.0
i23,e04,c5,p05,l1,0.0
i23,e04,c5,p05,l3,8.0
i23,e04,c5,p06,l1,0.0
i23,e04,c5,p06,l3,0.0
i23,e04,c5,p07,l1,0.0
i23,e04,c5,p07,l3,7.0
i23,e04,c5,p08,l1,0.0
i23,e04,c5,p08,l3,0.0
i23,e04,c5,p09,l1,0.0
i23,e04,c5,p09,l3,0.0
i23,e04,c5,p10,l1,0.0
i23,e04,c5,p10,l3,0.0
i23,e04,c5,p11,l1,0.0
i23,e04,c5,p11,l3,0.0
i23,e04,c5,p12,l1,0.0
i23,e04,c5,p12,l3,5.0
i23,e04,c5,p13,l1,0.0
i23,e04,c5,p13,l3,0.0
i23,e04,c5,p14,l1,0.0
i23,e04,c5,p14,l3,0.0
i23,e04,c5,p15,l1,0.0
i23,e04,c5,p15,l3,0.0
i23,e04,c5,p16,l1,0.0
i23,e04,c5,p16,l3,0.0
i23,e04,c5,p17,l1,0.0
i23,e04,c5,p17,l3,2.0
i23,e04,c5,p18,l1,0.0
i23,e04,c5,p18,l3,1.0
i23,e04,c5,p19,l1,0.0
i23,e04,c5,p19,l3,0.0
i23,e04,c5,p20,l1,0.0
i23,e04,c5,p20,l3,0.0
i23,e04,c5,p21,l1,0.0
i23,e04,c5,p21,l3,0.0
i23,e04,c5,p22,l1,0.0
i23,e04,c5,p22,l3,0.0
i23,e04,c5,p23,l1,0.0
i23,e04,c5,p23,l3,0.0
i23,e04,c5,p24,l1,0.0
i23,e04,c5,p24,l3,1.0
i23,e04,c5,p25,l1,0.0
i23,e04,c5,p25,l3,0.0
i23,e04,c5,p26,l1,0.0
i23,e04,c5,p26,l3,0.0
i23,e04,c5,p28,l1,0.0
i23,e04,c5,p28,l3,0.0
i23,e04,c5,p29,l1,0.0
i23,e04,c5,p29,l3,0.0
i23,e04,c5,p30,l1,0.0
i23,e04,c5,p30,l3,0.0
i23,e04,c5,p31,l1,0.0
i23,e04,c5,p31,l3,0.0
i23,e04,c5,p32,l1,0.0
i23,e04,c5,p32,l3,0.0
i23,e04,c5,p33,l1,0.0
i23,e04,c5,p33,l3,0.0
i23,e04,c5,p35,l1,0.0
i23,e04,c5,p35,l3,0.0
i23,e05,c3,p01,l3,0.0
i23,e05,c3,p02,l3,0.0
i23,e05,c3,p03,l1,0.0
i23,e05,c3,p03,l3,0.0
i23,e05,c3,p04,l3,0.0
i23,e05,c3,p05,l3,0.0
i23,e05,c3,p06,l3,0.0
i23,e05,c3,p07,l3,0.0
i23,e05,c3,p09,l3,0.0
i23,e05,c3,p10,l3,0.0
i23,e05,c3,p14,l3,0.0
i23,e05,c3,p15,l3,0.0
i23,e05,c3,p23,l3,0.0
i23,e05,c3,p24,l3,0.0
i23,e05,c3,p29,l3,0.0
i23,e05,c3,p35,l3,0.0
i23,e05,c5,p01,l1,0.0
i23,e05,c5,p01,l3,0.0
i23,e05,c5,p02,l1,0.0
i23,e05,c5,p02,l3,0.0
i23,e05,c5,p03,l1,0.0
i23,e05,c5,p03,l3,0.0
i23,e05,c5,p04,l1,0.0
i23,e05,c5,p04,l3,0.0
i23,e05,c5,p05,l1,0.0
i23,e05,c5,p05,l3,0.0
i23,e05,c5,p06,l1,0.0
i23,e05,c5,p06,l3,0.0
i23,e05,c5,p07,l1,0.0
i23,e05,c5,p07,l3,0.0
i23,e05,c5,p08,l1,0.0
i23,e05,c5,p08,l3,0.0
i23,e05,c5,p09,l1,0.0
i23,e05,c5,p09,l3,0.0
i23,e05,c5,p10,l1,0.0
i23,e05,c5,p10,l3,0.0
i23,e05,c5,p11,l1,0.0
i23,e05,c5,p11,l3,0.0
i23,e05,c5,p12,l1,0.0
i23,e05,c5,p12,l3,0.0
i23,e05,c5,p13,l1,0.0
i23,e05,c5,p13,l3,0.0
i23,e05,c5,p14,l1,0.0
i23,e05,c5,p14,l3,0.0
i23,e05,c5,p15,l1,0.0
i23,e05,c5,p15,l3,0.0
i23,e05,c5,p16,l1,0.0
i23,e05,c5,p16,l3,0.0
i23,e05,c5,p17,l1,0.0
i23,e05,c5,p17,l3,0.0
i23,e05,c5,p18,l1,0.0
i23,e05,c5,p18,l3,0.0
i23,e05,c5,p19,l1,0.0
i23,e05,c5,p19,l3,0.0
i23,e05,c5,p20,l1,0.0
i23,e05,c5,p20,l3,0.0
i23,e05,c5,p21,l1,0.0
i23,e05,c5,p21,l3,0.0
i23,e05,c5,p22,l1,0.0
i23,e05,c5,p22,l3,0.0
i23,e05,c5,p23,l1,0.0
i23,e05,c5,p23,l3,0.0
i23,e05,c5,p24,l1,0.0
i23,e05,c5,p24,l3,0.0
i23,e05,c5,p25,l1,0.0
i23,e05,c5,p25,l3,0.0
i23,e05,c5,p26,l1,0.0
i23,e05,c5,p26,l3,0.0
i23,e05,c5,p28,l1,0.0
i23,e05,c5,p28,l3,0.0
i23,e05,c5,p29,l1,0.0
i23,e05,c5,p29,l3,0.0
i23,e05,c5,p31,l1,0.0
i23,e05,c5,p31,l3,0.0
i23,e05,c5,p32,l1,0.0
i23,e05,c5,p32,l3,0.0
i23,e05,c5,p35,l1,0.0
i23,e05,c5,p35,l3,0.0
i23,e07,c3,p02,l3,0.0
i23,e07,c3,p16,l2,0.0
i23,e07,c3,p35,l2,0.0
i23,e07,c5,p01,l2,0.0
i23,e07,c5,p01,l3,0.0
i23,e07,c5,p02,l2,0.0
i23,e07,c5,p02,l3,0.0
i23,e07,c5,p03,l2,0.0
i23,e07,c5,p03,l3,0.0
i23,e07,c5,p04,l2,0.0
i23,e07,c5,p04,l3,0.0
i23,e07,c5,p05,l2,0.0
i23,e07,c5,p05,l3,0.0
i23,e07,c5,p06,l2,0.0
i23,e07,c5,p06,l3,0.0
i23,e07,c5,p07,l2,0.0
i23,e07,c5,p07,l3,0.0
i23,e07,c5,p08,l2,0.0
i23,e07,c5,p08,l3,0.0
i23,e07,c5,p09,l2,0.0
i23,e07,c5,p09,l3,0.0
i23,e07,c5,p10,l2,0.0
i23,e07,c5,p10,l3,0.0
i23,e07,c5,p11,l2,0.0
i23,e07,c5,p11,l3,0.0
i23,e07,c5,p12,l2,0.0
i23,e07,c5,p12,l3,0.0
i23,e07,c5,p13,l2,0.0
i23,e07,c5,p13,l3,0.0
i23,e07,c5,p14,l2,0.0
i23,e07,c5,p14,l3,0.0
i23,e07,c5,p15,l2,0.0
i23,e07,c5,p15,l3,0.0
i23,e07,c5,p16,l2,0.0
i23,e07,c5,p16,l3,0.0
i23,e07,c5,p17,l2,0.0
i23,e07,c5,p17,l3,0.0
i23,e07,c5,p18,l2,0.0
i23,e07,c5,p18,l3,0.0
i23,e07,c5,p19,l2,0.0
i23,e07,c5,p19,l3,0.0
i23,e07,c5,p20,l2,0.0
i23,e07,c5,p20,l3,0.0
i23,e07,c5,p21,l2,0.0
i23,e07,c5,p21,l3,0.0
i23,e07,c5,p22,l2,0.0
i23,e07,c5,p22,l3,0.0
i23,e07,c5,p23,l2,0.0
i23,e07,c5,p23,l3,0.0
i23,e07,c5,p24,l2,0.0
i23,e07,c5,p24,l3,0.0
i23,e07,c5,p25,l2,0.0
i23,e07,c5,p28,l2,0.0
i23,e07,c5,p28,l3,0.0
i23,e07,c5,p29,l2,0.0
i23,e07,c5,p29,l3,0.0
i23,e07,c5,p31,l2,0.0
i23,e07,c5,p31,l3,0.0
i23,e07,c5,p32,l2,0.0
i23,e07,c5,p32,l3,0.0
i23,e07,c5,p35,l2,0.0
i23,e07,c5,p35,l3,0.0
i23,e08,c3,p01,l3,0.0
i23,e08,c3,p02,l2,0.0
i23,e08,c3,p02,l3,0.0
i23,e08,c3,p03,l2,0.0
i23,e08,c3,p03,l3,0.0
i23,e08,c3,p04,l3,0.0
i23,e08,c3,p05,l3,0.0
i23,e08,c3,p06,l2,0.0
i23,e08,c3,p06,l3,0.0
i23,e08,c3,p07,l2,0.0
i23,e08,c3,p07,l3,0.0
i23,e08,c3,p09,l2,0.0
i23,e08,c3,p09,l3,0.0
i23,e08,c3,p10,l2,0.0
i23,e08,c3,p10,l3,0.0
i23,e08,c3,p11,l2,0.0
i23,e08,c3,p11,l3,0.0
i23,e08,c3,p12,l2,0.0
i23,e08,c3,p12,l3,0.0
i23,e08,c3,p13,l2,0.0
i23,e08,c3,p13,l3,0.0
i23,e08,c3,p14,l3,0.0
i23,e08,c3,p15,l2,0.0
i23,e08,c3,p15,l3,0.0
i23,e08,c3,p16,l3,0.0
i23,e08,c3,p17,l2,0.0
i23,e08,c3,p17,l3,0.0
i23,e08,c3,p18,l3,0.0
i23,e08,c3,p19,l3,0.0
i23,e08,c3,p21,l2,0.0
i23,e08,c3,p21,l3,0.0
i23,e08,c3,p22,l2,0.0
i23,e08,c3,p22,l3,0.0
i23,e08,c3,p23,l2,0.0
i23,e08,c3,p23,l3,0.0
i23,e08,c3,p24,l2,0.0
i23,e08,c3,p24,l3,0.0
i23,e08,c3,p26,l3,0.0
i23,e08,c3,p28,l3,0.0
i23,e08,c3,p29,l2,0.0
i23,e08,c3,p29,l3,0.0
i23,e08,c3,p31,l2,0.0
i23,e08,c3,p35,l2,0.0
i23,e08,c3,p35,l3,0.0
i23,e08,c5,p01,l2,0.0
i23,e08,c5,p01,l3,2.0
i23,e08,c5,p02,l2,0.0
i23,e08,c5,p02,l3,0.0
i23,e08,c5,p03,l2,0.0
i23,e08,c5,p03,l3,0.0
i23,e08,c5,p04,l2,0.0
i23,e08,c5,p04,l3,0.0
i23,e08,c5,p05,l2,0.0
i23,e08,c5,p05,l3,0.0
i23,e08,c5,p06,l2,0.0
i23,e08,c5,p06,l3,0.0
i23,e08,c5,p07,l2,0.0
i23,e08,c5,p07,l3,0.0
i23,e08,c5,p08,l2,0.0
i23,e08,c5,p08,l3,0.0
i23,e08,c5,p09,l2,0.0
i23,e08,c5,p09,l3,0.0
i23,e08,c5,p10,l2,0.0
i23,e08,c5,p10,l3,0.0
i23,e08,c5,p11,l2,0.0
i23,e08,c5,p11,l3,0.0
i23,e08,c5,p12,l2,0.0
i23,e08,c5,p12,l3,5.0
i23,e08,c5,p13,l2,0.0
i23,e08,c5,p13,l3,0.0
i23,e08,c5,p14,l2,0.0
i23,e08,c5,p14,l3,0.0
i23,e08,c5,p15,l2,0.0
i23,e08,c5,p15,l3,0.0
i23,e08,c5,p16,l2,0.0
i23,e08,c5,p16,l3,0.0
i23,e08,c5,p17,l2,0.0
i23,e08,c5,p17,l3,4.0
i23,e08,c5,p18,l2,0.0
i23,e08,c5,p18,l3,0.0
i23,e08,c5,p19,l2,0.0
i23,e08,c5,p19,l3,0.0
i23,e08,c5,p20,l2,0.0
i23,e08,c5,p20,l3,0.0
i23,e08,c5,p21,l2,0.0
i23,e08,c5,p21,l3,0.0
i23,e08,c5,p22,l2,0.0
i23,e08,c5,p22,l3,0.0
i23,e08,c5,p23,l2,0.0
i23,e08,c5,p23,l3,0.0
i23,e08,c5,p24,l2,0.0
i23,e08,c5,p24,l3,0.0
i23,e08,c5,p25,l2,0.0
i23,e08,c5,p25,l3,0.0
i23,e08,c5,p26,l2,0.0
i23,e08,c5,p26,l3,0.0
i23,e08,c5,p28,l2,0.0
i23,e08,c5,p28,l3,0.0
i23,e08,c5,p29,l2,0.0
i23,e08,c5,p29,l3,0.0
i23,e08,c5,p30,l2,0.0
i23,e08,c5,p30,l3,0.0
i23,e08,c5,p31,l2,0.0
i23,e08,c5,p31,l3,0.0
i23,e08,c5,p32,l2,0.0
i23,e08,c5,p32,l3,0.0
i23,e08,c5,p33,l3,0.0
i23,e08,c5,p35,l2,0.0
i23,e08,c5,p35,l3,0.0
i23,e09,c3,p01,l2,0.0
i23,e09,c3,p01,l3,0.0
i23,e09,c3,p02,l2,0.0
i23,e09,c3,p02,l3,0.0
i23,e09,c3,p03,l2,0.0
i23,e09,c3,p03,l3,0.0
i23,e09,c3,p04,l3,0.0
i23,e09,c3,p05,l3,0.0
i23,e09,c3,p06,l2,0.0
i23,e09,c3,p06,l3,0.0
i23,e09,c3,p07,l2,0.0
i23,e09,c3,p07,l3,0.0
i23,e09,c3,p08,l3,0.0
i23,e09,c3,p09,l2,0.0
i23,e09,c3,p09,l3,0.0
i23,e09,c3,p10,l2,0.0
i23,e09,c3,p10,l3,0.0
i23,e09,c3,p11,l2,0.0
i23,e09,c3,p11,l3,0.0
i23,e09,c3,p12,l2,0.0
i23,e09,c3,p12,l3,0.0
i23,e09,c3,p13,l2,0.0
i23,e09,c3,p13,l3,0.0
i23,e09,c3,p14,l2,0.0
i23,e09,c3,p14,l3,0.0
i23,e09,c3,p15,l2,0.0
i23,e09,c3,p15,l3,0.0
i23,e09,c3,p16,l2,0.0
i23,e09,c3,p16,l3,0.0
i23,e09,c3,p17,l2,0.0
i23,e09,c3,p17,l3,0.0
i23,e09,c3,p18,l2,0.0
i23,e09,c3,p18,l3,0.0
i23,e09,c3,p19,l2,0.0
i23,e09,c3,p19,l3,0.0
i23,e09,c3,p20,l3,0.0
i23,e09,c3,p21,l2,0.0
i23,e09,c3,p21,l3,0.0
i23,e09,c3,p22,l2,0.0
i23,e09,c3,p22,l3,0.0
i23,e09,c3,p23,l2,0.0
i23,e09,c3,p23,l3,0.0
i23,e09,c3,p24,l2,0.0
i23,e09,c3,p24,l3,0.0
i23,e09,c3,p26,l3,0.0
i23,e09,c3,p28,l3,0.0
i23,e09,c3,p29,l2,0.0
i23,e09,c3,p29,l3,0.0
i23,e09,c3,p31,l2,0.0
i23,e09,c3,p35,l2,0.0
i23,e09,c3,p35,l3,0.0
i23,e09,c5,p01,l2,0.0
i23,e09,c5,p01,l3,2.0
i23,e09,c5,p02,l2,0.0
i23,e09,c5,p02,l3,0.0
i23,e09,c5,p03,l2,0.0
i23,e09,c5,p03,l3,0.0
i23,e09,c5,p04,l2,0.0
i23,e09,c5,p04,l3,4.0
i23,e09,c5,p05,l2,0.0
i23,e09,c5,p05,l3,6.0
i23,e09,c5,p06,l2,0.0
i23,e09,c5,p06,l3,0.0
i23,e09,c5,p07,l2,0.0
i23,e09,c5,p07,l3,1.0
i23,e09,c5,p08,l2,0.0
i23,e09,c5,p08,l3,0.0
i23,e09,c5,p09,l2,0.0
i23,e09,c5,p09,l3,0.0
i23,e09,c5,p10,l2,0.0
i23,e09,c5,p10,l3,0.0
i23,e09,c5,p11,l2,0.0
i23,e09,c5,p11,l3,0.0
i23,e09,c5,p12,l2,0.0
i23,e09,c5,p12,l3,2.0
i23,e09,c5,p13,l2,0.0
i23,e09,c5,p13,l3,0.0
i23,e09,c5,p14,l2,0.0
i23,e09,c5,p14,l3,0.0
i23,e09,c5,p15,l2,0.0
i23,e09,c5,p15,l3,0.0
i23,e09,c5,p16,l2,0.0
i23,e09,c5,p16,l3,0.0
i23,e09,c5,p17,l2,0.0
i23,e09,c5,p17,l3,2.0
i23,e09,c5,p18,l2,0.0
i23,e09,c5,p18,l3,1.0
i23,e09,c5,p19,l2,0.0
i23,e09,c5,p19,l3,1.0
i23,e09,c5,p20,l2,0.0
i23,e09,c5,p20,l3,0.0
i23,e09,c5,p21,l2,0.0
i23,e09,c5,p21,l3,0.0
i23,e09,c5,p22,l2,0.0
i23,e09,c5,p22,l3,0.0
i23,e09,c5,p23,l2,0.0
i23,e09,c5,p23,l3,0.0
i23,e09,c5,p24,l2,0.0
i23,e09,c5,p24,l3,0.0
i23,e09,c5,p25,l2,0.0
i23,e09,c5,p25,l3,0.0
i23,e09,c5,p26,l2,0.0
i23,e09,c5,p26,l3,0.0
i23,e09,c5,p28,l2,0.0
i23,e09,c5,p28,l3,0.0
i23,e09,c5,p29,l2,0.0
i23,e09,c5,p29,l3,1.0
i23,e09,c5,p30,l2,0.0
i23,e09,c5,p30,l3,0.0
i23,e09,c5,p31,l2,0.0
i23,e09,c5,p31,l3,0.0
i23,e09,c5,p32,l2,0.0
i23,e09,c5,p32,l3,0.0
i23,e09,c5,p33,l3,0.0
i23,e09,c5,p35,l2,0.0
i23,e09,c5,p35,l3,0.0
i23,e10,c3,p01,l2,0.0
i23,e10,c3,p01,l3,0.0
i23,e10,c3,p02,l3,0.0
i23,e10,c3,p03,l2,0.0
i23,e10,c3,p03,l3,0.0
i23,e10,c3,p04,l3,0.0
i23,e10,c3,p05,l3,0.0
i23,e10,c3,p07,l2,0.0
i23,e10,c3,p07,l3,0.0
i23,e10,c3,p09,l3,0.0
i23,e10,c3,p10,l2,0.0
i23,e10,c3,p10,l3,0.0
i23,e10,c3,p11,l3,0.0
i23,e10,c3,p12,l3,0.0
i23,e10,c3,p13,l3,0.0
i23,e10,c3,p14,l3,0.0
i23,e10,c3,p15,l3,0.0
i23,e10,c3,p16,l3,0.0
i23,e10,c3,p17,l3,0.0
i23,e10,c3,p19,l3,0.0
i23,e10,c3,p21,l3,0.0
i23,e10,c3,p22,l3,0.0
i23,e10,c3,p24,l3,0.0
i23,e10,c3,p26,l3,0.0
i23,e10,c3,p35,l3,0.0
i23,e10,c5,p01,l2,0.0
i23,e10,c5,p01,l3,0.0
i23,e10,c5,p01,l4,0.0
i23,e10,c5,p02,l2,0.0
i23,e10,c5,p02,l3,0.0
i23,e10,c5,p02,l4,0.0
i23,e10,c5,p03,l2,0.0
i23,e10,c5,p03,l3,0.0
i23,e10,c5,p03,l4,0.0
i23,e10,c5,p04,l2,0.0
i23,e10,c5,p04,l3,0.0
i23,e10,c5,p04,l4,0.0
i23,e10,c5,p05,l2,0.0
i23,e10,c5,p05,l3,0.0
i23,e10,c5,p05,l4,0.0
i23,e10,c5,p06,l2,0.0
i23,e10,c5,p06,l3,0.0
i23,e10,c5,p06,l4,0.0
i23,e10,c5,p07,l2,0.0
i23,e10,c5,p07,l3,0.0
i23,e10,c5,p07,l4,0.0
i23,e10,c5,p08,l2,0.0
i23,e10,c5,p08,l3,0.0
i23,e10,c5,p09,l2,0.0
i23,e10,c5,p09,l3,0.0
i23,e10,c5,p09,l4,0.0
i23,e10,c5,p10,l2,0.0
i23,e10,c5,p10,l3,0.0
i23,e10,c5,p10,l4,0.0
i23,e10,c5,p11,l2,0.0
i23,e10,c5,p11,l3,0.0
i23,e10,c5,p11,l4,0.0
i23,e10,c5,p12,l2,0.0
i23,e10,c5,p12,l3,0.0
i23,e10,c5,p12,l4,0.0
i23,e10,c5,p13,l2,0.0
i23,e10,c5,p13,l3,0.0
i23,e10,c5,p13,l4,0.0
i23,e10,c5,p14,l2,0.0
i23,e10,c5,p14,l3,0.0
i23,e10,c5,p15,l2,0.0
i23,e10,c5,p15,l3,0.0
i23,e10,c5,p15,l4,0.0
i23,e10,c5,p16,l2,0.0
i23,e10,c5,p16,l3,0.0
i23,e10,c5,p16,l4,0.0
i23,e10,c5,p17,l2,0.0
i23,e10,c5,p17,l3,0.0
i23,e10,c5,p17,l4,0.0
i23,e10,c5,p18,l2,0.0
i23,e10,c5,p18,l3,0.0
i23,e10,c5,p18,l4,0.0
i23,e10,c5,p19,l2,0.0
i23,e10,c5,p19,l3,0.0
i23,e10,c5,p19,l4,0.0
i23,e10,c5,p20,l2,0.0
i23,e10,c5,p20,l3,0.0
i23,e10,c5,p21,l2,0.0
i23,e10,c5,p21,l3,0.0
i23,e10,c5,p21,l4,0.0
i23,e10,c5,p22,l2,0.0
i23,e10,c5,p22,l3,0.0
i23,e10,c5,p22,l4,0.0
i23,e10,c5,p23,l2,0.0
i23,e10,c5,p23,l3,0.0
i23,e10,c5,p23,l4,0.0
i23,e10,c5,p24,l2,0.0
i23,e10,c5,p24,l3,0.0
i23,e10,c5,p24,l4,0.0
i23,e10,c5,p25,l2,0.0
i23,e10,c5,p25,l3,0.0
i23,e10,c5,p25,l4,0.0
i23,e10,c5,p26,l2,0.0
i23,e10,c5,p26,l3,0.0
i23,e10,c5,p28,l2,0.0
i23,e10,c5,p28,l3,0.0
i23,e10,c5,p29,l2,0.0
i23,e10,c5,p29,l3,0.0
i23,e10,c5,p29,l4,0.0
i23,e10,c5,p30,l3,0.0
i23,e10,c5,p31,l2,0.0
i23,e10,c5,p31,l3,0.0
i23,e10,c5,p32,l2,0.0
i23,e10,c5,p32,l3,0.0
i23,e10,c5,p32,l4,0.0
i23,e10,c5,p33,l3,0.0
i23,e10,c5,p35,l2,0.0
i23,e10,c5,p35,l3,0.0
i23,e10,c5,p35,l4,0.0
i23,e11,c3,p02,l2,0.0
i23,e11,c3,p03,l2,0.0
i23,e11,c3,p03,l3,0.0
i23,e11,c3,p04,l2,0.0
i23,e11,c3,p04,l3,0.0
i23,e11,c3,p10,l2,0.0
i23,e11,c3,p10,l3,0.0
i23,e11,c3,p13,l3,0.0
i23,e11,c3,p14,l3,0.0
i23,e11,c3,p17,l2,0.0
i23,e11,c3,p19,l2,0.0
i23,e11,c3,p22,l3,0.0
i23,e11,c3,p23,l2,0.0
i23,e11,c3,p23,l3,0.0
i23,e11,c3,p24,l2,0.0
i23,e11,c3,p31,l2,0.0
i23,e11,c3,p35,l2,0.0
i23,e11,c3,p35,l3,0.0
i23,e11,c5,p01,l2,0.0
i23,e11,c5,p01,l3,0.0
i23,e11,c5,p02,l2,0.0
i23,e11,c5,p02,l3,0.0
i23,e11,c5,p03,l2,0.0
i23,e11,c5,p03,l3,0.0
i23,e11,c5,p04,l2,0.0
i23,e11,c5,p04,l3,0.0
i23,e11,c5,p05,l2,0.0
i23,e11,c5,p05,l3,0.0
i23,e11,c5,p06,l2,0.0
i23,e11,c5,p06,l3,0.0
i23,e11,c5,p07,l2,0.0
i23,e11,c5,p07,l3,0.0
i23,e11,c5,p08,l2,0.0
i23,e11,c5,p08,l3,0.0
i23,e11,c5,p09,l2,0.0
i23,e11,c5,p09,l3,0.0
i23,e11,c5,p10,l2,0.0
i23,e11,c5,p10,l3,0.0
i23,e11,c5,p11,l2,0.0
i23,e11,c5,p11,l3,0.0
i23,e11,c5,p12,l2,0.0
i23,e11,c5,p12,l3,0.0
i23,e11,c5,p13,l2,0.0
i23,e11,c5,p13,l3,0.0
i23,e11,c5,p14,l2,0.0
i23,e11,c5,p14,l3,0.0
i23,e11,c5,p15,l2,0.0
i23,e11,c5,p15,l3,0.0
i23,e11,c5,p16,l2,0.0
i23,e11,c5,p16,l3,0.0
i23,e11,c5,p17,l2,0.0
i23,e11,c5,p17,l3,0.0
i23,e11,c5,p18,l2,0.0
i23,e11,c5,p18,l3,0.0
i23,e11,c5,p19,l2,0.0
i23,e11,c5,p19,l3,0.0
i23,e11,c5,p20,l2,0.0
i23,e11,c5,p20,l3,0.0
i23,e11,c5,p21,l2,0.0
i23,e11,c5,p21,l3,0.0
i23,e11,c5,p22,l2,0.0
i23,e11,c5,p22,l3,0.0
i23,e11,c5,p23,l2,0.0
i23,e11,c5,p23,l3,0.0
i23,e11,c5,p24,l2,0.0
i23,e11,c5,p24,l3,0.0
i23,e11,c5,p25,l2,0.0
i23,e11,c5,p25,l3,0.0
i23,e11,c5,p26,l2,0.0
i23,e11,c5,p26,l3,0.0
i23,e11,c5,p28,l2,0.0
i23,e11,c5,p28,l3,0.0
i23,e11,c5,p29,l2,0.0
i23,e11,c5,p29,l3,0.0
i23,e11,c5,p30,l2,0.0
i23,e11,c5,p31,l2,0.0
i23,e11,c5,p31,l3,0.0
i23,e11,c5,p32,l2,0.0
i23,e11,c5,p32,l3,0.0
i23,e11,c5,p35,l2,0.0
i23,e11,c5,p35,l3,0.0
i23,e12,c3,p01,l3,0.0
i23,e12,c3,p02,l3,0.0
i23,e12,c3,p03,l3,0.0
i23,e12,c3,p04,l3,0.0
i23,e12,c3,p05,l3,0.0
i23,e12,c3,p06,l3,0.0
i23,e12,c3,p07,l3,0.0
i23,e12,c3,p09,l3,0.0
i23,e12,c3,p10,l3,0.0
i23,e12,c3,p11,l3,0.0
i23,e12,c3,p12,l3,0.0
i23,e12,c3,p13,l3,0.0
i23,e12,c3,p14,l3,0.0
i23,e12,c3,p15,l3,0.0
i23,e12,c3,p16,l3,0.0
i23,e12,c3,p17,l3,0.0
i23,e12,c3,p19,l3,0.0
i23,e12,c3,p21,l3,0.0
i23,e12,c3,p22,l3,0.0
i23,e12,c3,p23,l3,0.0
i23,e12,c3,p26,l3,0.0
i23,e12,c3,p31,l3,0.0
i23,e12,c3,p35,l3,0.0
i23,e12,c5,p01,l3,0.0
i23,e12,c5,p02,l3,0.0
i23,e12,c5,p03,l3,0.0
i23,e12,c5,p04,l3,0.0
i23,e12,c5,p05,l3,0.0
i23,e12,c5,p06,l3,0.0
i23,e12,c5,p07,l3,0.0
i23,e12,c5,p08,l3,0.0
i23,e12,c5,p09,l3,0.0
i23,e12,c5,p10,l3,0.0
i23,e12,c5,p11,l3,0.0
i23,e12,c5,p12,l3,0.0
i23,e12,c5,p13,l3,0.0
i23,e12,c5,p14,l3,0.0
i23,e12,c5,p15,l3,0.0
i23,e12,c5,p16,l3,0.0
i23,e12,c5,p17,l3,0.0
i23,e12,c5,p18,l3,0.0
i23,e12,c5,p19,l3,1.0
i23,e12,c5,p20,l3,0.0
i23,e12,c5,p21,l3,0.0
i23,e12,c5,p22,l3,0.0
i23,e12,c5,p23,l3,0.0
i23,e12,c5,p24,l3,0.0
i23,e12,c5,p25,l3,0.0
i23,e12,c5,p26,l3,0.0
i23,e12,c5,p28,l3,0.0
i23,e12,c5,p29,l3,0.0
i23,e12,c5,p30,l3,0.0
i23,e12,c5,p31,l3,0.0
i23,e12,c5,p32,l3,0.0
i23,e12,c5,p33,l3,0.0
i23,e12,c5,p35,l3,0.0
i23,e13,c3,p01,l3,0.0
i23,e13,c3,p02,l3,0.0
i23,e13,c3,p03,l3,0.0
i23,e13,c3,p04,l3,0.0
i23,e13,c3,p05,l3,0.0
i23,e13,c3,p06,l3,0.0
i23,e13,c3,p07,l3,0.0
i23,e13,c3,p08,l3,0.0
i23,e13,c3,p09,l3,0.0
i23,e13,c3,p10,l3,0.0
i23,e13,c3,p11,l3,0.0
i23,e13,c3,p12,l3,0.0
i23,e13,c3,p13,l3,0.0
i23,e13,c3,p14,l3,0.0
i23,e13,c3,p15,l3,0.0
i23,e13,c3,p16,l3,0.0
i23,e13,c3,p17,l3,0.0
i23,e13,c3,p18,l3,0.0
i23,e13,c3,p19,l3,0.0
i23,e13,c3,p20,l3,0.0
i23,e13,c3,p21,l3,0.0
i23,e13,c3,p22,l3,0.0
i23,e13,c3,p23,l3,0.0
i23,e13,c3,p24,l3,0.0
i23,e13,c3,p26,l3,0.0
i23,e13,c3,p28,l3,0.0
i23,e13,c3,p29,l3,0.0
i23,e13,c3,p31,l3,0.0
i23,e13,c3,p35,l3,0.0
i23,e13,c5,p01,l3,0.0
i23,e13,c5,p02,l3,0.0
i23,e13,c5,p03,l3,1.0
i23,e13,c5,p04,l3,0.0
i23,e13,c5,p05,l3,0.0
i23,e13,c5,p06,l3,4.0
i23,e13,c5,p07,l3,0.0
i23,e13,c5,p08,l3,0.0
i23,e13,c5,p09,l3,0.0
i23,e13,c5,p10,l3,4.0
i23,e13,c5,p11,l3,3.0
i23,e13,c5,p12,l3,1.0
i23,e13,c5,p13,l3,0.0
i23,e13,c5,p14,l3,0.0
i23,e13,c5,p15,l3,8.0
i23,e13,c5,p16,l3,4.0
i23,e13,c5,p17,l3,1.0
i23,e13,c5,p18,l3,0.0
i23,e13,c5,p19,l3,0.0
i23,e13,c5,p20,l3,0.0
i23,e13,c5,p21,l3,0.0
i23,e13,c5,p22,l3,0.0
i23,e13,c5,p23,l3,3.0
i23,e13,c5,p24,l3,1.0
i23,e13,c5,p25,l3,0.0
i23,e13,c5,p26,l3,0.0
i23,e13,c5,p28,l3,0.0
i23,e13,c5,p29,l3,4.0
i23,e13,c5,p30,l3,0.0
i23,e13,c5,p31,l3,0.0
i23,e13,c5,p32,l3,0.0
i23,e13,c5,p33,l3,0.0
i23,e13,c5,p35,l3,0.0
i24,e01,c1,p01,l3,0.0
i24,e01,c1,p02,l3,0.0
i24,e01,c1,p03,l3,0.0
i24,e01,c1,p04,l3,0.0
i24,e01,c1,p05,l3,0.0
i24,e01,c1,p06,l3,0.0
i24,e01,c1,p07,l3,0.0
i24,e01,c1,p08,l3,0.0
i24,e01,c1,p09,l3,0.0
i24,e01,c1,p10,l3,0.0
i24,e01,c1,p11,l3,0.0
i24,e01,c1,p12,l3,0.0
i24,e01,c1,p13,l3,0.0
i24,e01,c1,p14,l3,0.0
i24,e01,c1,p15,l3,0.0
i24,e01,c1,p16,l3,0.0
i24,e01,c1,p17,l3,0.0
i24,e01,c1,p18,l3,0.0
i24,e01,c1,p19,l3,0.0
i24,e01,c1,p20,l3,0.0
i24,e01,c1,p21,l3,0.0
i24,e01,c1,p22,l3,2.0
i24,e01,c1,p23,l3,0.0
i24,e01,c1,p24,l3,0.0
i24,e01,c1,p25,l3,0.0
i24,e01,c1,p28,l3,0.0
i24,e01,c1,p29,l3,0.0
i24,e01,c1,p32,l3,0.0
i24,e01,c1,p33,l3,0.0
i24,e01,c1,p34,l3,0.0
i24,e01,c1,p35,l3,0.0
i24,e01,c4,p01,l3,0.0
i24,e01,c4,p06,l3,0.0
i24,e01,c4,p10,l3,0.0
i24,e01,c4,p16,l3,0.0
i24,e01,c4,p17,l3,0.0
i24,e01,c4,p19,l3,0.0
i24,e01,c4,p21,l3,0.0
i24,e01,c4,p35,l3,0.0
i24,e01,c7,p17,l3,0.0
i24,e01,c7,p35,l3,0.0
i24,e04,c1,p01,l1,0.0
i24,e04,c1,p01,l3,0.0
i24,e04,c1,p02,l3,0.0
i24,e04,c1,p03,l3,0.0
i24,e04,c1,p04,l3,0.0
i24,e04,c1,p05,l1,0.0
i24,e04,c1,p05,l3,0.0
i24,e04,c1,p06,l1,0.0
i24,e04,c1,p06,l3,0.0
i24,e04,c1,p07,l1,0.0
i24,e04,c1,p07,l3,0.0
i24,e04,c1,p08,l1,0.0
i24,e04,c1,p08,l3,0.0
i24,e04,c1,p09,l1,0.0
i24,e04,c1,p09,l3,0.0
i24,e04,c1,p10,l1,0.0
i24,e04,c1,p10,l3,0.0
i24,e04,c1,p11,l1,0.0
i24,e04,c1,p11,l3,0.0
i24,e04,c1,p12,l1,0.0
i24,e04,c1,p12,l3,0.0
i24,e04,c1,p13,l3,0.0
i24,e04,c1,p14,l3,0.0
i24,e04,c1,p15,l1,0.0
i24,e04,c1,p15,l3,0.0
i24,e04,c1,p16,l1,0.0
i24,e04,c1,p16,l3,0.0
i24,e04,c1,p17,l3,0.0
i24,e04,c1,p18,l1,0.0
i24,e04,c1,p18,l3,0.0
i24,e04,c1,p19,l1,0.0
i24,e04,c1,p19,l3,1.0
i24,e04,c1,p20,l3,0.0
i24,e04,c1,p21,l1,0.0
i24,e04,c1,p21,l3,0.0
i24,e04,c1,p22,l1,0.0
i24,e04,c1,p22,l3,1.0
i24,e04,c1,p23,l1,0.0
i24,e04,c1,p23,l3,0.0
i24,e04,c1,p24,l1,0.0
i24,e04,c1,p24,l3,0.0
i24,e04,c1,p25,l3,0.0
i24,e04,c1,p28,l3,0.0
i24,e04,c1,p29,l3,0.0
i24,e04,c1,p32,l1,0.0
i24,e04,c1,p32,l3,0.0
i24,e04,c1,p33,l3,0.0
i24,e04,c1,p35,l1,0.0
i24,e04,c1,p35,l3,2.0
i24,e04,c4,p01,l3,0.0
i24,e04,c4,p06,l3,0.0
i24,e04,c4,p10,l3,0.0
i24,e04,c4,p17,l3,0.0
i24,e04,c4,p19,l1,0.0
i24,e04,c4,p19,l3,0.0
i24,e04,c4,p21,l3,0.0
i24,e04,c4,p22,l3,0.0
i24,e04,c4,p35,l1,0.0
i24,e04,c4,p35,l3,0.0
i24,e04,c7,p17,l3,0.0
i24,e05,c1,p01,l1,0.0
i24,e05,c1,p01,l3,0.0
i24,e05,c1,p05,l3,0.0
i24,e05,c1,p06,l1,0.0
i24,e05,c1,p10,l3,0.0
i24,e05,c1,p15,l3,0.0
i24,e05,c1,p18,l3,0.0
i24,e05,c1,p19,l1,0.0
i24,e05,c1,p19,l3,0.0
i24,e05,c1,p35,l1,0.0
i24,e05,c1,p35,l3,0.0
i24,e05,c4,p19,l1,0.0
i24,e05,c4,p19,l3,0.0
i24,e06,c1,p01,l3,0.0
i24,e06,c1,p03,l3,0.0
i24,e06,c1,p06,l3,0.0
i24,e06,c1,p10,l3,0.0
i24,e06,c1,p14,l3,0.0
i24,e06,c1,p15,l3,0.0
i24,e06,c1,p18,l3,0.0
i24,e06,c1,p19,l3,0.0
i24,e06,c1,p25,l3,0.0
i24,e06,c1,p29,l3,0.0
i24,e06,c1,p35,l3,0.0
i24,e06,c4,p35,l3,0.0
i24,e07,c1,p01,l2,0.0
i24,e07,c1,p01,l3,0.0
i24,e07,c1,p03,l2,0.0
i24,e07,c1,p03,l3,0.0
i24,e07,c1,p04,l3,0.0
i24,e07,c1,p05,l3,0.0
i24,e07,c1,p06,l2,0.0
i24,e07,c1,p06,l3,0.0
i24,e07,c1,p07,l2,0.0
i24,e07,c1,p07,l3,0.0
i24,e07,c1,p08,l3,0.0
i24,e07,c1,p09,l2,0.0
i24,e07,c1,p09,l3,0.0
i24,e07,c1,p10,l2,0.0
i24,e07,c1,p10,l3,0.0
i24,e07,c1,p11,l2,0.0
i24,e07,c1,p11,l3,0.0
i24,e07,c1,p12,l2,0.0
i24,e07,c1,p12,l3,0.0
i24,e07,c1,p13,l3,0.0
i24,e07,c1,p14,l3,0.0
i24,e07,c1,p15,l2,0.0
i24,e07,c1,p15,l3,0.0
i24,e07,c1,p16,l3,0.0
i24,e07,c1,p17,l3,0.0
i24,e07,c1,p18,l2,0.0
i24,e07,c1,p18,l3,0.0
i24,e07,c1,p19,l2,0.0
i24,e07,c1,p19,l3,0.0
i24,e07,c1,p20,l2,0.0
i24,e07,c1,p20,l3,0.0
i24,e07,c1,p21,l2,0.0
i24,e07,c1,p21,l3,0.0
i24,e07,c1,p22,l3,0.0
i24,e07,c1,p23,l2,0.0
i24,e07,c1,p24,l2,0.0
i24,e07,c1,p24,l3,0.0
i24,e07,c1,p25,l2,0.0
i24,e07,c1,p25,l3,0.0
i24,e07,c1,p28,l3,0.0
i24,e07,c1,p29,l3,0.0
i24,e07,c1,p30,l3,0.0
i24,e07,c1,p32,l3,0.0
i24,e07,c1,p35,l2,0.0
i24,e07,c1,p35,l3,0.0
i24,e07,c4,p01,l3,0.0
i24,e07,c4,p06,l3,0.0
i24,e07,c4,p17,l3,0.0
i24,e07,c4,p18,l3,0.0
i24,e07,c4,p19,l2,0.0
i24,e07,c4,p19,l3,0.0
i24,e07,c4,p21,l3,0.0
i24,e07,c4,p35,l2,0.0
i24,e07,c4,p35,l3,0.0
i24,e07,c7,p35,l3,0.0
i24,e08,c1,p01,l2,0.0
i24,e08,c1,p01,l3,0.0
i24,e08,c1,p02,l2,0.0
i24,e08,c1,p02,l3,0.0
i24,e08,c1,p03,l2,0.0
i24,e08,c1,p03,l3,0.0
i24,e08,c1,p04,l3,0.0
i24,e08,c1,p05,l2,0.0
i24,e08,c1,p05,l3,0.0
i24,e08,c1,p06,l2,0.0
i24,e08,c1,p06,l3,0.0
i24,e08,c1,p07,l2,0.0
i24,e08,c1,p07,l3,0.0
i24,e08,c1,p08,l2,0.0
i24,e08,c1,p08,l3,0.0
i24,e08,c1,p09,l2,0.0
i24,e08,c1,p09,l3,0.0
i24,e08,c1,p10,l2,0.0
i24,e08,c1,p10,l3,0.0
i24,e08,c1,p11,l2,0.0
i24,e08,c1,p11,l3,0.0
i24,e08,c1,p12,l2,0.0
i24,e08,c1,p12,l3,0.0
i24,e08,c1,p13,l2,0.0
i24,e08,c1,p13,l3,0.0
i24,e08,c1,p14,l2,0.0
i24,e08,c1,p14,l3,0.0
i24,e08,c1,p15,l2,0.0
i24,e08,c1,p15,l3,0.0
i24,e08,c1,p16,l2,0.0
i24,e08,c1,p16,l3,0.0
i24,e08,c1,p17,l2,0.0
i24,e08,c1,p17,l3,0.0
i24,e08,c1,p18,l2,0.0
i24,e08,c1,p18,l3,0.0
i24,e08,c1,p19,l2,0.0
i24,e08,c1,p19,l3,10.0
i24,e08,c1,p20,l2,0.0
i24,e08,c1,p20,l3,0.0
i24,e08,c1,p21,l2,0.0
i24,e08,c1,p21,l3,0.0
i24,e08,c1,p22,l2,0.0
i24,e08,c1,p22,l3,82.0
i24,e08,c1,p23,l2,0.0
i24,e08,c1,p23,l3,0.0
i24,e08,c1,p24,l2,0.0
i24,e08,c1,p24,l3,0.0
i24,e08,c1,p25,l2,0.0
i24,e08,c1,p25,l3,0.0
i24,e08,c1,p26,l3,0.0
i24,e08,c1,p28,l2,0.0
i24,e08,c1,p28,l3,0.0
i24,e08,c1,p29,l2,0.0
i24,e08,c1,p29,l3,0.0
i24,e08,c1,p30,l3,0.0
i24,e08,c1,p31,l3,0.0
i24,e08,c1,p32,l2,0.0
i24,e08,c1,p32,l3,0.0
i24,e08,c1,p33,l3,0.0
i24,e08,c1,p34,l3,0.0
i24,e08,c1,p35,l2,0.0
i24,e08,c1,p35,l3,1.0
i24,e08,c4,p01,l3,0.0
i24,e08,c4,p06,l3,0.0
i24,e08,c4,p08,l3,0.0
i24,e08,c4,p09,l3,0.0
i24,e08,c4,p10,l3,0.0
i24,e08,c4,p15,l3,0.0
i24,e08,c4,p16,l2,0.0
i24,e08,c4,p17,l3,0.0
i24,e08,c4,p18,l3,0.0
i24,e08,c4,p19,l2,0.0
i24,e08,c4,p19,l3,0.0
i24,e08,c4,p21,l3,0.0
i24,e08,c4,p25,l2,0.0
i24,e08,c4,p25,l3,0.0
i24,e08,c4,p35,l2,0.0
i24,e08,c4,p35,l3,0.0
i24,e08,c7,p17,l3,0.0
i24,e08,c7,p19,l3,0.0
i24,e08,c7,p35,l3,0.0
i24,e09,c1,p01,l2,0.0
i24,e09,c1,p01,l3,0.0
i24,e09,c1,p02,l3,0.0
i24,e09,c1,p03,l3,0.0
i24,e09,c1,p04,l3,0.0
i24,e09,c1,p05,l2,0.0
i24,e09,c1,p05,l3,0.0
i24,e09,c1,p06,l2,0.0
i24,e09,c1,p06,l3,0.0
i24,e09,c1,p07,l2,0.0
i24,e09,c1,p07,l3,0.0
i24,e09,c1,p08,l2,0.0
i24,e09,c1,p08,l3,0.0
i24,e09,c1,p09,l2,0.0
i24,e09,c1,p09,l3,0.0
i24,e09,c1,p10,l2,0.0
i24,e09,c1,p10,l3,0.0
i24,e09,c1,p11,l2,0.0
i24,e09,c1,p11,l3,0.0
i24,e09,c1,p12,l2,0.0
i24,e09,c1,p12,l3,0.0
i24,e09,c1,p13,l2,0.0
i24,e09,c1,p13,l3,0.0
i24,e09,c1,p14,l3,0.0
i24,e09,c1,p15,l2,0.0
i24,e09,c1,p15,l3,0.0
i24,e09,c1,p16,l2,0.0
i24,e09,c1,p16,l3,0.0
i24,e09,c1,p17,l3,0.0
i24,e09,c1,p18,l2,0.0
i24,e09,c1,p18,l3,0.0
i24,e09,c1,p19,l2,0.0
i24,e09,c1,p19,l3,0.0
i24,e09,c1,p20,l3,0.0
i24,e09,c1,p21,l3,0.0
i24,e09,c1,p22,l2,0.0
i24,e09,c1,p22,l3,2.0
i24,e09,c1,p23,l3,0.0
i24,e09,c1,p24,l3,0.0
i24,e09,c1,p25,l2,0.0
i24,e09,c1,p25,l3,0.0
i24,e09,c1,p26,l3,0.0
i24,e09,c1,p28,l3,0.0
i24,e09,c1,p29,l3,0.0
i24,e09,c1,p30,l3,0.0
i24,e09,c1,p32,l2,0.0
i24,e09,c1,p32,l3,0.0
i24,e09,c1,p33,l3,0.0
i24,e09,c1,p35,l2,0.0
i24,e09,c1,p35,l3,0.0
i24,e09,c4,p01,l3,0.0
i24,e09,c4,p05,l3,0.0
i24,e09,c4,p06,l3,0.0
i24,e09,c4,p09,l3,0.0
i24,e09,c4,p17,l3,0.0
i24,e09,c4,p19,l2,0.0
i24,e09,c4,p19,l3,0.0
i24,e09,c4,p21,l3,0.0
i24,e09,c4,p35,l2,0.0
i24,e09,c4,p35,l3,0.0
i24,e09,c7,p19,l3,0.0
i24,e09,c7,p35,l3,0.0
i24,e11,c1,p01,l2,0.0
i24,e11,c1,p01,l3,0.0
i24,e11,c1,p02,l3,0.0
i24,e11,c1,p03,l2,0.0
i24,e11,c1,p03,l3,0.0
i24,e11,c1,p04,l3,0.0
i24,e11,c1,p05,l3,0.0
i24,e11,c1,p06,l2,0.0
i24,e11,c1,p06,l3,0.0
i24,e11,c1,p07,l2,0.0
i24,e11,c1,p07,l3,0.0
i24,e11,c1,p10,l2,0.0
i24,e11,c1,p10,l3,0.0
i24,e11,c1,p11,l2,0.0
i24,e11,c1,p11,l3,0.0
i24,e11,c1,p12,l3,0.0
i24,e11,c1,p14,l3,0.0
i24,e11,c1,p15,l2,0.0
i24,e11,c1,p15,l3,0.0
i24,e11,c1,p17,l2,0.0
i24,e11,c1,p17,l3,0.0
i24,e11,c1,p18,l2,0.0
i24,e11,c1,p18,l3,0.0
i24,e11,c1,p19,l2,0.0
i24,e11,c1,p19,l3,0.0
i24,e11,c1,p20,l3,0.0
i24,e11,c1,p21,l3,0.0
i24,e11,c1,p22,l2,0.0
i24,e11,c1,p22,l3,0.0
i24,e11,c1,p24,l3,0.0
i24,e11,c1,p25,l2,0.0
i24,e11,c1,p25,l3,0.0
i24,e11,c1,p28,l3,0.0
i24,e11,c1,p29,l3,0.0
i24,e11,c1,p32,l3,0.0
i24,e11,c1,p33,l3,0.0
i24,e11,c1,p35,l2,0.0
i24,e11,c1,p35,l3,0.0
i24,e11,c4,p15,l3,0.0
i24,e11,c4,p19,l2,0.0
i24,e11,c4,p19,l3,0.0
i24,e11,c4,p35,l3,0.0
i24,e12,c1,p01,l3,0.0
i24,e12,c1,p03,l3,0.0
i24,e12,c1,p06,l3,0.0
i24,e12,c1,p07,l3,0.0
i24,e12,c1,p09,l3,0.0
i24,e12,c1,p10,l3,0.0
i24,e12,c1,p14,l3,0.0
i24,e12,c1,p15,l3,0.0
i24,e12,c1,p18,l3,0.0
i24,e12,c1,p19,l3,0.0
i24,e12,c1,p20,l3,0.0
i24,e12,c1,p21,l3,0.0
i24,e12,c1,p22,l3,0.0
i24,e12,c1,p23,l3,0.0
i24,e12,c1,p24,l3,0.0
i24,e12,c1,p25,l3,0.0
i24,e12,c1,p28,l3,0.0
i24,e12,c1,p35,l3,0.0
i24,e12,c4,p19,l3,0.0
i24,e12,c4,p35,l3,0.0
i24,e12,c7,p35,l3,0.0
i25,e01,c3,p03,l3,0.0
i25,e01,c3,p14,l3,0.0
i25,e01,c3,p19,l3,0.0
i25,e01,c3,p35,l3,0.0
i25,e01,c5,p01,l3,0.0
i25,e01,c5,p02,l3,0.0
i25,e01,c5,p03,l3,0.0
i25,e01,c5,p04,l3,0.0
i25,e01,c5,p05,l3,0.0
i25,e01,c5,p06,l3,0.0
i25,e01,c5,p07,l3,0.0
i25,e01,c5,p08,l3,0.0
i25,e01,c5,p09,l3,0.0
i25,e01,c5,p10,l3,0.0
i25,e01,c5,p11,l3,0.0
i25,e01,c5,p12,l3,0.0
i25,e01,c5,p13,l3,0.0
i25,e01,c5,p14,l3,0.0
i25,e01,c5,p15,l3,0.0
i25,e01,c5,p16,l3,0.0
i25,e01,c5,p17,l3,0.0
i25,e01,c5,p18,l3,0.0
i25,e01,c5,p19,l3,0.0
i25,e01,c5,p20,l3,0.0
i25,e01,c5,p21,l3,0.0
i25,e01,c5,p22,l3,0.0
i25,e01,c5,p23,l3,0.0
i25,e01,c5,p24,l3,0.0
i25,e01,c5,p25,l3,0.0
i25,e01,c5,p26,l3,0.0
i25,e01,c5,p28,l3,0.0
i25,e01,c5,p29,l3,0.0
i25,e01,c5,p31,l3,0.0
i25,e01,c5,p32,l3,0.0
i25,e01,c5,p35,l3,0.0
i25,e03,c3,p03,l3,0.0
i25,e03,c3,p06,l3,0.0
i25,e03,c3,p10,l3,0.0
i25,e03,c3,p12,l3,0.0
i25,e03,c3,p14,l3,0.0
i25,e03,c3,p16,l3,0.0
i25,e03,c3,p19,l3,0.0
i25,e03,c3,p21,l3,0.0
i25,e03,c3,p35,l3,0.0
i25,e03,c5,p01,l3,0.0
i25,e03,c5,p02,l3,0.0
i25,e03,c5,p03,l3,0.0
i25,e03,c5,p04,l3,0.0
i25,e03,c5,p05,l3,0.0
i25,e03,c5,p06,l3,0.0
i25,e03,c5,p07,l3,0.0
i25,e03,c5,p08,l3,0.0
i25,e03,c5,p09,l3,0.0
i25,e03,c5,p10,l3,0.0
i25,e03,c5,p11,l3,0.0
i25,e03,c5,p12,l3,0.0
i25,e03,c5,p13,l3,0.0
i25,e03,c5,p14,l3,0.0
i25,e03,c5,p15,l3,0.0
i25,e03,c5,p16,l3,0.0
i25,e03,c5,p17,l3,0.0
i25,e03,c5,p18,l3,0.0
i25,e03,c5,p19,l3,1.0
i25,e03,c5,p20,l3,0.0
i25,e03,c5,p21,l3,1.0
i25,e03,c5,p22,l3,0.0
i25,e03,c5,p23,l3,0.0
i25,e03,c5,p24,l3,0.0
i25,e03,c5,p25,l3,0.0
i25,e03,c5,p26,l3,0.0
i25,e03,c5,p28,l3,0.0
i25,e03,c5,p29,l3,0.0
i25,e03,c5,p31,l3,0.0
i25,e03,c5,p32,l3,0.0
i25,e03,c5,p33,l3,0.0
i25,e03,c5,p35,l3,0.0
i25,e04,c3,p12,l3,0.0
i25,e04,c3,p14,l3,0.0
i25,e04,c3,p21,l3,0.0
i25,e04,c5,p01,l3,0.0
i25,e04,c5,p02,l3,0.0
i25,e04,c5,p03,l3,0.0
i25,e04,c5,p04,l3,0.0
i25,e04,c5,p05,l3,0.0
i25,e04,c5,p06,l3,0.0
i25,e04,c5,p07,l3,0.0
i25,e04,c5,p08,l3,0.0
i25,e04,c5,p09,l3,0.0
i25,e04,c5,p10,l3,0.0
i25,e04,c5,p11,l3,0.0
i25,e04,c5,p12,l3,0.0
i25,e04,c5,p13,l3,0.0
i25,e04,c5,p14,l3,0.0
i25,e04,c5,p15,l3,0.0
i25,e04,c5,p16,l3,0.0
i25,e04,c5,p17,l3,0.0
i25,e04,c5,p18,l3,0.0
i25,e04,c5,p19,l3,0.0
i25,e04,c5,p20,l3,0.0
i25,e04,c5,p21,l3,3.0
i25,e04,c5,p22,l3,0.0
i25,e04,c5,p23,l3,0.0
i25,e04,c5,p24,l3,0.0
i25,e04,c5,p25,l3,0.0
i25,e04,c5,p28,l3,0.0
i25,e04,c5,p29,l3,0.0
i25,e04,c5,p31,l3,0.0
i25,e04,c5,p32,l3,0.0
i25,e04,c5,p35,l3,0.0
i25,e05,c5,p01,l3,0.0
i25,e05,c5,p02,l3,0.0
i25,e05,c5,p03,l3,0.0
i25,e05,c5,p04,l3,0.0
i25,e05,c5,p05,l3,0.0
i25,e05,c5,p07,l3,0.0
i25,e05,c5,p09,l3,0.0
i25,e05,c5,p10,l3,0.0
i25,e05,c5,p11,l3,0.0
i25,e05,c5,p12,l3,0.0
i25,e05,c5,p13,l3,0.0
i25,e05,c5,p15,l3,0.0
i25,e05,c5,p16,l3,0.0
i25,e05,c5,p17,l3,0.0
i25,e05,c5,p18,l3,0.0
i25,e05,c5,p19,l3,0.0
i25,e05,c5,p21,l3,0.0
i25,e05,c5,p22,l3,0.0
i25,e05,c5,p23,l3,0.0
i25,e05,c5,p24,l3,0.0
i25,e05,c5,p25,l3,0.0
i25,e05,c5,p28,l3,0.0
i25,e05,c5,p29,l3,0.0
i25,e05,c5,p31,l3,0.0
i25,e05,c5,p35,l3,0.0
i25,e07,c3,p02,l3,0.0
i25,e07,c3,p03,l3,0.0
i25,e07,c5,p01,l3,0.0
i25,e07,c5,p02,l3,0.0
i25,e07,c5,p03,l3,0.0
i25,e07,c5,p04,l3,0.0
i25,e07,c5,p06,l3,0.0
i25,e07,c5,p07,l3,0.0
i25,e07,c5,p09,l3,0.0
i25,e07,c5,p10,l3,0.0
i25,e07,c5,p11,l3,0.0
i25,e07,c5,p12,l3,0.0
i25,e07,c5,p15,l3,0.0
i25,e07,c5,p16,l3,0.0
i25,e07,c5,p17,l3,0.0
i25,e07,c5,p18,l3,0.0
i25,e07,c5,p19,l3,0.0
i25,e07,c5,p21,l3,0.0
i25,e07,c5,p24,l3,0.0
i25,e07,c5,p25,l3,0.0
i25,e07,c5,p28,l3,0.0
i25,e07,c5,p29,l3,0.0
i25,e07,c5,p35,l3,0.0
i25,e08,c3,p01,l3,0.0
i25,e08,c3,p02,l3,0.0
i25,e08,c3,p03,l3,0.0
i25,e08,c3,p04,l3,0.0
i25,e08,c3,p06,l3,0.0
i25,e08,c3,p10,l3,0.0
i25,e08,c3,p12,l3,0.0
i25,e08,c3,p13,l3,0.0
i25,e08,c3,p14,l3,0.0
i25,e08,c3,p16,l3,0.0
i25,e08,c3,p17,l3,0.0
i25,e08,c3,p19,l3,0.0
i25,e08,c3,p21,l3,0.0
i25,e08,c3,p28,l3,0.0
i25,e08,c3,p35,l3,0.0
i25,e08,c5,p01,l3,0.0
i25,e08,c5,p02,l3,0.0
i25,e08,c5,p03,l3,0.0
i25,e08,c5,p04,l3,0.0
i25,e08,c5,p05,l3,0.0
i25,e08,c5,p06,l3,0.0
i25,e08,c5,p07,l3,0.0
i25,e08,c5,p08,l3,0.0
i25,e08,c5,p09,l3,0.0
i25,e08,c5,p10,l3,0.0
i25,e08,c5,p11,l3,0.0
i25,e08,c5,p12,l3,0.0
i25,e08,c5,p13,l3,0.0
i25,e08,c5,p14,l3,0.0
i25,e08,c5,p15,l3,0.0
i25,e08,c5,p16,l3,0.0
i25,e08,c5,p17,l3,0.0
i25,e08,c5,p18,l3,0.0
i25,e08,c5,p19,l3,0.0
i25,e08,c5,p20,l3,0.0
i25,e08,c5,p21,l3,0.0
i25,e08,c5,p22,l3,0.0
i25,e08,c5,p23,l3,0.0
i25,e08,c5,p24,l3,0.0
i25,e08,c5,p25,l3,0.0
i25,e08,c5,p26,l3,0.0
i25,e08,c5,p28,l3,0.0
i25,e08,c5,p29,l3,0.0
i25,e08,c5,p31,l3,0.0
i25,e08,c5,p32,l3,0.0
i25,e08,c5,p33,l3,0.0
i25,e08,c5,p35,l3,0.0
i25,e09,c3,p03,l3,0.0
i25,e09,c3,p10,l3,0.0
i25,e09,c3,p14,l3,0.0
i25,e09,c3,p17,l3,0.0
i25,e09,c3,p19,l3,0.0
i25,e09,c3,p21,l3,0.0
i25,e09,c3,p35,l3,0.0
i25,e09,c5,p01,l3,0.0
i25,e09,c5,p02,l3,0.0
i25,e09,c5,p03,l3,0.0
i25,e09,c5,p04,l3,0.0
i25,e09,c5,p05,l3,0.0
i25,e09,c5,p06,l3,0.0
i25,e09,c5,p07,l3,0.0
i25,e09,c5,p08,l3,0.0
i25,e09,c5,p09,l3,0.0
i25,e09,c5,p10,l3,0.0
i25,e09,c5,p11,l3,0.0
i25,e09,c5,p12,l3,0.0
i25,e09,c5,p13,l3,0.0
i25,e09,c5,p14,l3,0.0
i25,e09,c5,p15,l3,0.0
i25,e09,c5,p16,l3,0.0
i25,e09,c5,p17,l3,0.0
i25,e09,c5,p18,l3,0.0
i25,e09,c5,p19,l3,0.0
i25,e09,c5,p20,l3,0.0
i25,e09,c5,p21,l3,0.0
i25,e09,c5,p22,l3,0.0
i25,e09,c5,p23,l3,0.0
i25,e09,c5,p24,l3,0.0
i25,e09,c5,p25,l3,0.0
i25,e09,c5,p26,l3,0.0
i25,e09,c5,p28,l3,0.0
i25,e09,c5,p29,l3,0.0
i25,e09,c5,p31,l3,0.0
i25,e09,c5,p32,l3,0.0
i25,e09,c5,p35,l3,0.0
i25,e10,c3,p01,l4,0.0
i25,e10,c3,p02,l4,0.0
i25,e10,c3,p03,l4,0.0
i25,e10,c3,p04,l4,0.0
i25,e10,c3,p06,l3,0.0
i25,e10,c3,p06,l4,0.0
i25,e10,c3,p07,l4,0.0
i25,e10,c3,p10,l3,0.0
i25,e10,c3,p10,l4,0.0
i25,e10,c3,p12,l3,0.0
i25,e10,c3,p12,l4,0.0
i25,e10,c3,p13,l4,0.0
i25,e10,c3,p14,l3,0.0
i25,e10,c3,p14,l4,0.0
i25,e10,c3,p15,l3,0.0
i25,e10,c3,p15,l4,0.0
i25,e10,c3,p16,l4,0.0
i25,e10,c3,p17,l3,0.0
i25,e10,c3,p17,l4,0.0
i25,e10,c3,p19,l4,0.0
i25,e10,c3,p21,l4,0.0
i25,e10,c3,p28,l4,0.0
i25,e10,c3,p35,l3,0.0
i25,e10,c3,p35,l4,0.0
i25,e10,c5,p01,l3,0.0
i25,e10,c5,p01,l4,0.0
i25,e10,c5,p02,l3,0.0
i25,e10,c5,p02,l4,0.0
i25,e10,c5,p03,l3,0.0
i25,e10,c5,p03,l4,0.0
i25,e10,c5,p04,l3,0.0
i25,e10,c5,p04,l4,0.0
i25,e10,c5,p05,l3,0.0
i25,e10,c5,p05,l4,0.0
i25,e10,c5,p06,l3,0.0
i25,e10,c5,p06,l4,0.0
i25,e10,c5,p07,l3,0.0
i25,e10,c5,p07,l4,0.0
i25,e10,c5,p08,l3,0.0
i25,e10,c5,p08,l4,0.0
i25,e10,c5,p09,l3,0.0
i25,e10,c5,p09,l4,0.0
i25,e10,c5,p10,l3,0.0
i25,e10,c5,p10,l4,0.0
i25,e10,c5,p11,l3,0.0
i25,e10,c5,p11,l4,0.0
i25,e10,c5,p12,l3,0.0
i25,e10,c5,p12,l4,0.0
i25,e10,c5,p13,l3,0.0
i25,e10,c5,p13,l4,0.0
i25,e10,c5,p14,l3,0.0
i25,e10,c5,p14,l4,0.0
i25,e10,c5,p15,l3,0.0
i25,e10,c5,p15,l4,0.0
i25,e10,c5,p16,l3,0.0
i25,e10,c5,p16,l4,0.0
i25,e10,c5,p17,l3,0.0
i25,e10,c5,p17,l4,0.0
i25,e10,c5,p18,l3,0.0
i25,e10,c5,p18,l4,0.0
i25,e10,c5,p19,l3,0.0
i25,e10,c5,p19,l4,0.0
i25,e10,c5,p20,l3,0.0
i25,e10,c5,p20,l4,0.0
i25,e10,c5,p21,l3,0.0
i25,e10,c5,p21,l4,0.0
i25,e10,c5,p22,l3,0.0
i25,e10,c5,p22,l4,0.0
i25,e10,c5,p23,l3,0.0
i25,e10,c5,p23,l4,0.0
i25,e10,c5,p24,l3,0.0
i25,e10,c5,p24,l4,0.0
i25,e10,c5,p25,l3,0.0
i25,e10,c5,p25,l4,0.0
i25,e10,c5,p26,l3,0.0
i25,e10,c5,p26,l4,0.0
i25,e10,c5,p28,l3,0.0
i25,e10,c5,p28,l4,0.0
i25,e10,c5,p29,l3,0.0
i25,e10,c5,p29,l4,0.0
i25,e10,c5,p30,l4,0.0
i25,e10,c5,p31,l3,0.0
i25,e10,c5,p31,l4,0.0
i25,e10,c5,p32,l3,0.0
i25,e10,c5,p32,l4,0.0
i25,e10,c5,p33,l3,0.0
i25,e10,c5,p33,l4,0.0
i25,e10,c5,p35,l3,0.0
i25,e10,c5,p35,l4,0.0
i25,e11,c3,p06,l3,0.0
i25,e11,c3,p10,l3,0.0
i25,e11,c3,p14,l3,0.0
i25,e11,c5,p01,l3,0.0
i25,e11,c5,p02,l3,0.0
i25,e11,c5,p03,l3,0.0
i25,e11,c5,p04,l3,0.0
i25,e11,c5,p05,l3,0.0
i25,e11,c5,p06,l3,0.0
i25,e11,c5,p07,l3,0.0
i25,e11,c5,p08,l3,0.0
i25,e11,c5,p09,l3,0.0
i25,e11,c5,p10,l3,0.0
i25,e11,c5,p11,l3,0.0
i25,e11,c5,p12,l3,0.0
i25,e11,c5,p13,l3,0.0
i25,e11,c5,p14,l3,0.0
i25,e11,c5,p15,l3,0.0
i25,e11,c5,p16,l3,0.0
i25,e11,c5,p17,l3,0.0
i25,e11,c5,p18,l3,0.0
i25,e11,c5,p19,l3,0.0
i25,e11,c5,p20,l3,0.0
i25,e11,c5,p21,l3,0.0
i25,e11,c5,p22,l3,0.0
i25,e11,c5,p23,l3,0.0
i25,e11,c5,p24,l3,0.0
i25,e11,c5,p25,l3,0.0
i25,e11,c5,p28,l3,0.0
i25,e11,c5,p29,l3,0.0
i25,e11,c5,p31,l3,0.0
i25,e11,c5,p32,l3,0.0
i25,e11,c5,p33,l3,0.0
i25,e11,c5,p35,l3,0.0
i25,e12,c3,p01,l3,0.0
i25,e12,c3,p03,l3,0.0
i25,e12,c3,p04,l3,0.0
i25,e12,c3,p10,l3,0.0
i25,e12,c3,p14,l3,0.0
i25,e12,c3,p16,l3,0.0
i25,e12,c3,p19,l3,0.0
i25,e12,c3,p35,l3,0.0
i25,e12,c5,p01,l3,0.0
i25,e12,c5,p02,l3,0.0
i25,e12,c5,p03,l3,0.0
i25,e12,c5,p04,l3,0.0
i25,e12,c5,p05,l3,0.0
i25,e12,c5,p06,l3,0.0
i25,e12,c5,p07,l3,0.0
i25,e12,c5,p08,l3,0.0
i25,e12,c5,p09,l3,0.0
i25,e12,c5,p10,l3,0.0
i25,e12,c5,p11,l3,0.0
i25,e12,c5,p12,l3,0.0
i25,e12,c5,p13,l3,0.0
i25,e12,c5,p14,l3,0.0
i25,e12,c5,p15,l3,0.0
i25,e12,c5,p16,l3,0.0
i25,e12,c5,p17,l3,0.0
i25,e12,c5,p18,l3,0.0
i25,e12,c5,p19,l3,0.0
i25,e12,c5,p20,l3,0.0
i25,e12,c5,p21,l3,0.0
i25,e12,c5,p22,l3,0.0
i25,e12,c5,p23,l3,0.0
i25,e12,c5,p24,l3,0.0
i25,e12,c5,p25,l3,0.0
i25,e12,c5,p26,l3,0.0
i25,e12,c5,p28,l3,0.0
i25,e12,c5,p29,l3,0.0
i25,e12,c5,p31,l3,0.0
i25,e12,c5,p32,l3,0.0
i25,e12,c5,p33,l3,0.0
i25,e12,c5,p35,l3,0.0
i26,e01,c1,p35,l3,1.0
i26,e01,c4,p35,l3,0.0
i26,e04,c1,p35,l1,0.0
i26,e04,c1,p35,l3,1.0
i26,e04,c4,p35,l1,0.0
i26,e04,c4,p35,l3,0.0
i26,e04,c7,p35,l3,0.0
i26,e05,c1,p35,l1,0.0
i26,e05,c1,p35,l3,0.0
i26,e05,c7,p35,l3,0.0
i26,e08,c1,p35,l2,0.0
i26,e08,c1,p35,l3,0.0
i26,e08,c4,p35,l2,0.0
i26,e08,c4,p35,l3,0.0
i26,e09,c1,p35,l2,0.0
i26,e09,c1,p35,l3,0.0
i26,e09,c4,p35,l2,0.0
i26,e09,c4,p35,l3,0.0
i26,e09,c7,p35,l3,0.0
i26,e11,c1,p35,l2,0.0
i26,e11,c1,p35,l3,22.0
i26,e11,c4,p35,l2,0.0
i26,e11,c4,p35,l3,0.0
i26,e11,c7,p35,l3,0.0
i27,e01,c3,p01,l3,0.0
i27,e01,c3,p03,l3,0.0
i27,e01,c3,p04,l3,0.0
i27,e01,c3,p05,l3,0.0
i27,e01,c3,p06,l3,0.0
i27,e01,c3,p07,l3,0.0
i27,e01,c3,p08,l3,0.0
i27,e01,c3,p10,l3,0.0
i27,e01,c3,p11,l3,0.0
i27,e01,c3,p15,l3,0.0
i27,e01,c3,p16,l3,0.0
i27,e01,c3,p17,l3,0.0
i27,e01,c3,p18,l3,0.0
i27,e01,c3,p19,l3,0.0
i27,e01,c3,p21,l3,0.0
i27,e01,c3,p22,l3,0.0
i27,e01,c3,p23,l3,0.0
i27,e01,c3,p24,l3,0.0
i27,e01,c3,p29,l3,0.0
i27,e01,c3,p35,l3,0.0
i27,e01,c5,p01,l3,0.0
i27,e01,c5,p02,l3,0.0
i27,e01,c5,p03,l3,0.0
i27,e01,c5,p04,l3,0.0
i27,e01,c5,p05,l3,0.0
i27,e01,c5,p06,l3,0.0
i27,e01,c5,p07,l3,0.0
i27,e01,c5,p08,l3,0.0
i27,e01,c5,p09,l3,0.0
i27,e01,c5,p10,l3,0.0
i27,e01,c5,p11,l3,0.0
i27,e01,c5,p12,l3,0.0
i27,e01,c5,p13,l3,0.0
i27,e01,c5,p14,l3,0.0
i27,e01,c5,p15,l3,0.0
i27,e01,c5,p16,l3,0.0
i27,e01,c5,p17,l3,1.0
i27,e01,c5,p18,l3,0.0
i27,e01,c5,p19,l3,0.0
i27,e01,c5,p20,l3,0.0
i27,e01,c5,p21,l3,0.0
i27,e01,c5,p22,l3,0.0
i27,e01,c5,p23,l3,0.0
i27,e01,c5,p24,l3,0.0
i27,e01,c5,p25,l3,0.0
i27,e01,c5,p26,l3,0.0
i27,e01,c5,p28,l3,0.0
i27,e01,c5,p29,l3,0.0
i27,e01,c5,p31,l3,0.0
i27,e01,c5,p32,l3,0.0
i27,e01,c5,p35,l3,0.0
i27,e02,c3,p17,l1,0.0
i27,e02,c5,p01,l1,0.0
i27,e02,c5,p01,l3,0.0
i27,e02,c5,p02,l1,0.0
i27,e02,c5,p02,l3,0.0
i27,e02,c5,p03,l1,0.0
i27,e02,c5,p03,l3,0.0
i27,e02,c5,p04,l1,0.0
i27,e02,c5,p04,l3,0.0
i27,e02,c5,p05,l1,0.0
i27,e02,c5,p05,l3,0.0
i27,e02,c5,p06,l1,0.0
i27,e02,c5,p06,l3,0.0
i27,e02,c5,p07,l1,0.0
i27,e02,c5,p07,l3,0.0
i27,e02,c5,p10,l1,0.0
i27,e02,c5,p10,l3,0.0
i27,e02,c5,p11,l3,0.0
i27,e02,c5,p12,l3,0.0
i27,e02,c5,p13,l1,0.0
i27,e02,c5,p13,l3,0.0
i27,e02,c5,p14,l1,0.0
i27,e02,c5,p14,l3,0.0
i27,e02,c5,p15,l1,0.0
i27,e02,c5,p15,l3,0.0
i27,e02,c5,p16,l1,0.0
i27,e02,c5,p16,l3,0.0
i27,e02,c5,p17,l3,0.0
i27,e02,c5,p18,l1,0.0
i27,e02,c5,p18,l3,0.0
i27,e02,c5,p19,l1,0.0
i27,e02,c5,p19,l3,0.0
i27,e02,c5,p20,l3,0.0
i27,e02,c5,p21,l1,0.0
i27,e02,c5,p21,l3,0.0
i27,e02,c5,p22,l1,0.0
i27,e02,c5,p22,l3,0.0
i27,e02,c5,p24,l1,0.0
i27,e02,c5,p24,l3,0.0
i27,e02,c5,p28,l3,0.0
i27,e02,c5,p29,l1,0.0
i27,e02,c5,p29,l3,0.0
i27,e02,c5,p35,l1,0.0
i27,e02,c5,p35,l3,0.0
i27,e04,c3,p01,l3,0.0
i27,e04,c3,p03,l1,0.0
i27,e04,c3,p03,l3,0.0
i27,e04,c3,p04,l3,0.0
i27,e04,c3,p05,l1,0.0
i27,e04,c3,p05,l3,0.0
i27,e04,c3,p06,l3,0.0
i27,e04,c3,p07,l1,0.0
i27,e04,c3,p07,l3,0.0
i27,e04,c3,p08,l1,0.0
i27,e04,c3,p08,l3,0.0
i27,e04,c3,p10,l1,0.0
i27,e04,c3,p10,l3,0.0
i27,e04,c3,p11,l1,0.0
i27,e04,c3,p11,l3,0.0
i27,e04,c3,p15,l1,0.0
i27,e04,c3,p15,l3,0.0
i27,e04,c3,p16,l1,0.0
i27,e04,c3,p16,l3,0.0
i27,e04,c3,p17,l3,0.0
i27,e04,c3,p18,l3,0.0
i27,e04,c3,p19,l1,0.0
i27,e04,c3,p19,l3,0.0
i27,e04,c3,p21,l3,0.0
i27,e04,c3,p22,l1,0.0
i27,e04,c3,p22,l3,0.0
i27,e04,c3,p23,l3,0.0
i27,e04,c3,p24,l1,0.0
i27,e04,c3,p24,l3,0.0
i27,e04,c3,p29,l1,0.0
i27,e04,c3,p29,l3,0.0
i27,e04,c3,p35,l1,0.0
i27,e04,c3,p35,l3,0.0
i27,e04,c5,p01,l1,0.0
i27,e04,c5,p01,l3,0.0
i27,e04,c5,p02,l1,0.0
i27,e04,c5,p02,l3,0.0
i27,e04,c5,p03,l1,0.0
i27,e04,c5,p03,l3,0.0
i27,e04,c5,p04,l1,0.0
i27,e04,c5,p04,l3,0.0
i27,e04,c5,p05,l1,0.0
i27,e04,c5,p05,l3,0.0
i27,e04,c5,p06,l1,0.0
i27,e04,c5,p06,l3,0.0
i27,e04,c5,p07,l1,0.0
i27,e04,c5,p07,l3,0.0
i27,e04,c5,p08,l1,0.0
i27,e04,c5,p08,l3,0.0
i27,e04,c5,p09,l1,0.0
i27,e04,c5,p09,l3,0.0
i27,e04,c5,p10,l1,0.0
i27,e04,c5,p10,l3,0.0
i27,e04,c5,p11,l1,0.0
i27,e04,c5,p11,l3,0.0
i27,e04,c5,p12,l1,0.0
i27,e04,c5,p12,l3,0.0
i27,e04,c5,p13,l1,0.0
i27,e04,c5,p13,l3,0.0
i27,e04,c5,p14,l1,0.0
i27,e04,c5,p14,l3,0.0
i27,e04,c5,p15,l1,0.0
i27,e04,c5,p15,l3,0.0
i27,e04,c5,p16,l1,0.0
i27,e04,c5,p16,l3,0.0
i27,e04,c5,p17,l1,0.0
i27,e04,c5,p17,l3,0.0
i27,e04,c5,p18,l1,0.0
i27,e04,c5,p18,l3,0.0
i27,e04,c5,p19,l1,0.0
i27,e04,c5,p19,l3,0.0
i27,e04,c5,p20,l1,0.0
i27,e04,c5,p20,l3,0.0
i27,e04,c5,p21,l1,0.0
i27,e04,c5,p21,l3,0.0
i27,e04,c5,p22,l1,0.0
i27,e04,c5,p22,l3,0.0
i27,e04,c5,p23,l1,0.0
i27,e04,c5,p23,l3,0.0
i27,e04,c5,p24,l1,0.0
i27,e04,c5,p24,l3,0.0
i27,e04,c5,p25,l1,0.0
i27,e04,c5,p25,l3,0.0
i27,e04,c5,p26,l3,0.0
i27,e04,c5,p28,l1,0.0
i27,e04,c5,p28,l3,0.0
i27,e04,c5,p29,l1,0.0
i27,e04,c5,p29,l3,0.0
i27,e04,c5,p31,l3,0.0
i27,e04,c5,p32,l1,0.0
i27,e04,c5,p32,l3,0.0
i27,e04,c5,p33,l3,0.0
i27,e04,c5,p35,l1,0.0
i27,e04,c5,p35,l3,0.0
i27,e05,c3,p03,l3,0.0
i27,e05,c3,p05,l3,0.0
i27,e05,c3,p06,l1,0.0
i27,e05,c3,p06,l3,0.0
i27,e05,c3,p10,l1,0.0
i27,e05,c3,p10,l3,0.0
i27,e05,c3,p11,l3,0.0
i27,e05,c3,p19,l3,0.0
i27,e05,c3,p21,l3,0.0
i27,e05,c3,p22,l3,0.0
i27,e05,c3,p35,l3,0.0
i27,e05,c5,p01,l1,0.0
i27,e05,c5,p01,l3,0.0
i27,e05,c5,p02,l1,0.0
i27,e05,c5,p02,l3,0.0
i27,e05,c5,p03,l1,0.0
i27,e05,c5,p03,l3,0.0
i27,e05,c5,p04,l1,0.0
i27,e05,c5,p04,l3,0.0
i27,e05,c5,p05,l1,0.0
i27,e05,c5,p05,l3,0.0
i27,e05,c5,p06,l1,0.0
i27,e05,c5,p06,l3,0.0
i27,e05,c5,p07,l1,0.0
i27,e05,c5,p07,l3,0.0
i27,e05,c5,p08,l3,0.0
i27,e05,c5,p09,l1,0.0
i27,e05,c5,p09,l3,0.0
i27,e05,c5,p10,l1,0.0
i27,e05,c5,p10,l3,0.0
i27,e05,c5,p11,l1,0.0
i27,e05,c5,p11,l3,0.0
i27,e05,c5,p12,l1,0.0
i27,e05,c5,p12,l3,0.0
i27,e05,c5,p13,l1,0.0
i27,e05,c5,p13,l3,0.0
i27,e05,c5,p14,l1,0.0
i27,e05,c5,p14,l3,0.0
i27,e05,c5,p15,l1,0.0
i27,e05,c5,p15,l3,0.0
i27,e05,c5,p16,l1,0.0
i27,e05,c5,p16,l3,0.0
i27,e05,c5,p17,l1,0.0
i27,e05,c5,p17,l3,0.0
i27,e05,c5,p18,l1,0.0
i27,e05,c5,p18,l3,0.0
i27,e05,c5,p19,l1,0.0
i27,e05,c5,p19,l3,0.0
i27,e05,c5,p20,l1,0.0
i27,e05,c5,p20,l3,0.0
i27,e05,c5,p21,l1,0.0
i27,e05,c5,p21,l3,0.0
i27,e05,c5,p22,l1,0.0
i27,e05,c5,p22,l3,0.0
i27,e05,c5,p23,l1,0.0
i27,e05,c5,p23,l3,0.0
i27,e05,c5,p24,l1,0.0
i27,e05,c5,p24,l3,0.0
i27,e05,c5,p28,l3,0.0
i27,e05,c5,p29,l1,0.0
i27,e05,c5,p29,l3,0.0
i27,e05,c5,p35,l1,0.0
i27,e05,c5,p35,l3,0.0
i27,e07,c5,p01,l3,0.0
i27,e07,c5,p10,l3,0.0
i27,e07,c5,p29,l3,0.0
i27,e08,c3,p01,l3,0.0
i27,e08,c3,p03,l2,0.0
i27,e08,c3,p03,l3,0.0
i27,e08,c3,p04,l3,0.0
i27,e08,c3,p05,l2,0.0
i27,e08,c3,p05,l3,0.0
i27,e08,c3,p07,l2,0.0
i27,e08,c3,p07,l3,0.0
i27,e08,c3,p08,l2,0.0
i27,e08,c3,p08,l3,0.0
i27,e08,c3,p10,l3,0.0
i27,e08,c3,p11,l2,0.0
i27,e08,c3,p11,l3,0.0
i27,e08,c3,p15,l2,0.0
i27,e08,c3,p15,l3,0.0
i27,e08,c3,p16,l2,0.0
i27,e08,c3,p16,l3,0.0
i27,e08,c3,p17,l3,0.0
i27,e08,c3,p18,l3,0.0
i27,e08,c3,p19,l2,0.0
i27,e08,c3,p19,l3,0.0
i27,e08,c3,p21,l2,0.0
i27,e08,c3,p21,l3,0.0
i27,e08,c3,p22,l2,0.0
i27,e08,c3,p22,l3,0.0
i27,e08,c3,p24,l3,0.0
i27,e08,c3,p29,l2,0.0
i27,e08,c3,p29,l3,0.0
i27,e08,c3,p35,l2,0.0
i27,e08,c3,p35,l3,0.0
i27,e08,c5,p01,l2,0.0
i27,e08,c5,p01,l3,0.0
i27,e08,c5,p02,l2,0.0
i27,e08,c5,p02,l3,0.0
i27,e08,c5,p03,l2,0.0
i27,e08,c5,p03,l3,0.0
i27,e08,c5,p04,l2,0.0
i27,e08,c5,p04,l3,0.0
i27,e08,c5,p05,l2,0.0
i27,e08,c5,p05,l3,0.0
i27,e08,c5,p06,l2,0.0
i27,e08,c5,p06,l3,0.0
i27,e08,c5,p07,l2,0.0
i27,e08,c5,p07,l3,0.0
i27,e08,c5,p08,l2,0.0
i27,e08,c5,p08,l3,0.0
i27,e08,c5,p09,l2,0.0
i27,e08,c5,p09,l3,0.0
i27,e08,c5,p10,l2,0.0
i27,e08,c5,p10,l3,0.0
i27,e08,c5,p11,l2,0.0
i27,e08,c5,p11,l3,0.0
i27,e08,c5,p12,l2,0.0
i27,e08,c5,p12,l3,0.0
i27,e08,c5,p13,l2,0.0
i27,e08,c5,p13,l3,0.0
i27,e08,c5,p14,l2,0.0
i27,e08,c5,p14,l3,0.0
i27,e08,c5,p15,l2,0.0
i27,e08,c5,p15,l3,0.0
i27,e08,c5,p16,l2,0.0
i27,e08,c5,p16,l3,0.0
i27,e08,c5,p17,l2,0.0
i27,e08,c5,p17,l3,0.0
i27,e08,c5,p18,l2,0.0
i27,e08,c5,p18,l3,0.0
i27,e08,c5,p19,l2,0.0
i27,e08,c5,p19,l3,0.0
i27,e08,c5,p20,l2,0.0
i27,e08,c5,p20,l3,0.0
i27,e08,c5,p21,l2,0.0
i27,e08,c5,p21,l3,0.0
i27,e08,c5,p22,l2,0.0
i27,e08,c5,p22,l3,0.0
i27,e08,c5,p23,l2,0.0
i27,e08,c5,p23,l3,0.0
i27,e08,c5,p24,l2,0.0
i27,e08,c5,p24,l3,0.0
i27,e08,c5,p25,l2,0.0
i27,e08,c5,p25,l3,0.0
i27,e08,c5,p26,l3,0.0
i27,e08,c5,p28,l2,0.0
i27,e08,c5,p28,l3,0.0
i27,e08,c5,p29,l2,0.0
i27,e08,c5,p29,l3,0.0
i27,e08,c5,p32,l2,0.0
i27,e08,c5,p32,l3,0.0
i27,e08,c5,p35,l2,0.0
i27,e08,c5,p35,l3,0.0
i27,e09,c3,p01,l2,0.0
i27,e09,c3,p01,l3,0.0
i27,e09,c3,p03,l2,0.0
i27,e09,c3,p03,l3,0.0
i27,e09,c3,p04,l2,0.0
i27,e09,c3,p04,l3,0.0
i27,e09,c3,p05,l2,0.0
i27,e09,c3,p05,l3,0.0
i27,e09,c3,p06,l2,0.0
i27,e09,c3,p06,l3,0.0
i27,e09,c3,p07,l2,0.0
i27,e09,c3,p07,l3,0.0
i27,e09,c3,p08,l2,0.0
i27,e09,c3,p08,l3,0.0
i27,e09,c3,p10,l2,0.0
i27,e09,c3,p10,l3,0.0
i27,e09,c3,p11,l2,0.0
i27,e09,c3,p11,l3,0.0
i27,e09,c3,p15,l2,0.0
i27,e09,c3,p15,l3,0.0
i27,e09,c3,p16,l3,0.0
i27,e09,c3,p17,l2,0.0
i27,e09,c3,p17,l3,0.0
i27,e09,c3,p18,l3,0.0
i27,e09,c3,p19,l2,0.0
i27,e09,c3,p19,l3,0.0
i27,e09,c3,p21,l2,0.0
i27,e09,c3,p21,l3,0.0
i27,e09,c3,p22,l2,0.0
i27,e09,c3,p22,l3,0.0
i27,e09,c3,p23,l3,0.0
i27,e09,c3,p24,l3,0.0
i27,e09,c3,p29,l2,0.0
i27,e09,c3,p29,l3,0.0
i27,e09,c3,p35,l2,0.0
i27,e09,c3,p35,l3,0.0
i27,e09,c5,p01,l2,0.0
i27,e09,c5,p01,l3,0.0
i27,e09,c5,p02,l2,0.0
i27,e09,c5,p02,l3,0.0
i27,e09,c5,p03,l2,0.0
i27,e09,c5,p03,l3,0.0
i27,e09,c5,p04,l2,0.0
i27,e09,c5,p04,l3,0.0
i27,e09,c5,p05,l2,0.0
i27,e09,c5,p05,l3,0.0
i27,e09,c5,p06,l2,0.0
i27,e09,c5,p06,l3,0.0
i27,e09,c5,p07,l2,0.0
i27,e09,c5,p07,l3,0.0
i27,e09,c5,p08,l2,0.0
i27,e09,c5,p08,l3,0.0
i27,e09,c5,p09,l2,0.0
i27,e09,c5,p09,l3,0.0
i27,e09,c5,p10,l2,0.0
i27,e09,c5,p10,l3,0.0
i27,e09,c5,p11,l2,0.0
i27,e09,c5,p11,l3,0.0
i27,e09,c5,p12,l2,0.0
i27,e09,c5,p12,l3,0.0
i27,e09,c5,p13,l2,0.0
i27,e09,c5,p13,l3,0.0
i27,e09,c5,p14,l2,0.0
i27,e09,c5,p14,l3,0.0
i27,e09,c5,p15,l2,0.0
i27,e09,c5,p15,l3,0.0
i27,e09,c5,p16,l2,0.0
i27,e09,c5,p16,l3,0.0
i27,e09,c5,p17,l2,0.0
i27,e09,c5,p17,l3,0.0
i27,e09,c5,p18,l2,0.0
i27,e09,c5,p18,l3,0.0
i27,e09,c5,p19,l2,0.0
i27,e09,c5,p19,l3,0.0
i27,e09,c5,p20,l2,0.0
i27,e09,c5,p20,l3,0.0
i27,e09,c5,p21,l2,0.0
i27,e09,c5,p21,l3,0.0
i27,e09,c5,p22,l2,0.0
i27,e09,c5,p22,l3,0.0
i27,e09,c5,p23,l2,0.0
i27,e09,c5,p23,l3,0.0
i27,e09,c5,p24,l2,0.0
i27,e09,c5,p24,l3,0.0
i27,e09,c5,p25,l2,0.0
i27,e09,c5,p25,l3,0.0
i27,e09,c5,p26,l3,0.0
i27,e09,c5,p28,l2,0.0
i27,e09,c5,p28,l3,0.0
i27,e09,c5,p29,l2,0.0
i27,e09,c5,p29,l3,0.0
i27,e09,c5,p32,l2,0.0
i27,e09,c5,p32,l3,0.0
i27,e09,c5,p35,l2,0.0
i27,e09,c5,p35,l3,0.0
i27,e10,c3,p01,l3,0.0
i27,e10,c3,p03,l3,0.0
i27,e10,c3,p04,l3,0.0
i27,e10,c3,p05,l1,0.0
i27,e10,c3,p05,l3,0.0
i27,e10,c3,p06,l3,0.0
i27,e10,c3,p07,l1,0.0
i27,e10,c3,p07,l3,0.0
i27,e10,c3,p08,l3,0.0
i27,e10,c3,p10,l1,0.0
i27,e10,c3,p10,l3,0.0
i27,e10,c3,p11,l3,0.0
i27,e10,c3,p15,l3,0.0
i27,e10,c3,p16,l3,0.0
i27,e10,c3,p17,l3,0.0
i27,e10,c3,p18,l3,0.0
i27,e10,c3,p19,l1,0.0
i27,e10,c3,p19,l3,0.0
i27,e10,c3,p21,l3,0.0
i27,e10,c3,p22,l3,0.0
i27,e10,c3,p24,l3,0.0
i27,e10,c3,p29,l3,0.0
i27,e10,c3,p35,l1,0.0
i27,e10,c3,p35,l3,0.0
i27,e10,c5,p01,l1,0.0
i27,e10,c5,p01,l3,0.0
i27,e10,c5,p02,l1,0.0
i27,e10,c5,p02,l3,0.0
i27,e10,c5,p03,l1,0.0
i27,e10,c5,p03,l3,0.0
i27,e10,c5,p04,l1,0.0
i27,e10,c5,p04,l3,0.0
i27,e10,c5,p05,l1,0.0
i27,e10,c5,p05,l3,0.0
i27,e10,c5,p06,l1,0.0
i27,e10,c5,p06,l3,0.0
i27,e10,c5,p07,l1,0.0
i27,e10,c5,p07,l3,0.0
i27,e10,c5,p08,l3,0.0
i27,e10,c5,p09,l1,0.0
i27,e10,c5,p09,l3,0.0
i27,e10,c5,p10,l1,0.0
i27,e10,c5,p10,l3,0.0
i27,e10,c5,p11,l1,0.0
i27,e10,c5,p11,l3,0.0
i27,e10,c5,p12,l1,0.0
i27,e10,c5,p12,l3,0.0
i27,e10,c5,p13,l1,0.0
i27,e10,c5,p13,l3,0.0
i27,e10,c5,p14,l1,0.0
i27,e10,c5,p14,l3,0.0
i27,e10,c5,p15,l1,0.0
i27,e10,c5,p15,l3,0.0
i27,e10,c5,p16,l1,0.0
i27,e10,c5,p16,l3,0.0
i27,e10,c5,p17,l1,0.0
i27,e10,c5,p17,l3,0.0
i27,e10,c5,p18,l1,0.0
i27,e10,c5,p18,l3,0.0
i27,e10,c5,p19,l1,0.0
i27,e10,c5,p19,l3,0.0
i27,e10,c5,p20,l1,0.0
i27,e10,c5,p20,l3,0.0
i27,e10,c5,p21,l1,0.0
i27,e10,c5,p21,l3,0.0
i27,e10,c5,p22,l1,0.0
i27,e10,c5,p22,l3,0.0
i27,e10,c5,p23,l1,0.0
i27,e10,c5,p23,l3,0.0
i27,e10,c5,p24,l1,0.0
i27,e10,c5,p24,l3,0.0
i27,e10,c5,p25,l3,0.0
i27,e10,c5,p28,l3,0.0
i27,e10,c5,p29,l1,0.0
i27,e10,c5,p29,l3,0.0
i27,e10,c5,p35,l1,0.0
i27,e10,c5,p35,l3,0.0
i27,e11,c3,p05,l3,0.0
i27,e11,c5,p01,l3,0.0
i27,e11,c5,p04,l3,0.0
i27,e11,c5,p05,l3,0.0
i27,e11,c5,p07,l3,0.0
i27,e11,c5,p10,l3,0.0
i27,e11,c5,p11,l3,0.0
i27,e11,c5,p12,l3,0.0
i27,e11,c5,p13,l3,0.0
i27,e11,c5,p14,l3,0.0
i27,e11,c5,p15,l3,0.0
i27,e11,c5,p16,l3,0.0
i27,e11,c5,p17,l3,0.0
i27,e11,c5,p18,l3,0.0
i27,e11,c5,p19,l3,0.0
i27,e11,c5,p20,l3,0.0
i27,e11,c5,p21,l3,0.0
i27,e11,c5,p22,l3,0.0
i27,e11,c5,p23,l3,0.0
i27,e11,c5,p24,l3,0.0
i27,e11,c5,p29,l3,0.0
i27,e11,c5,p35,l3,0.0
i27,e12,c3,p05,l3,0.0
i27,e12,c5,p01,l3,0.0
i27,e12,c5,p02,l3,0.0
i27,e12,c5,p03,l3,0.0
i27,e12,c5,p04,l3,0.0
i27,e12,c5,p05,l3,0.0
i27,e12,c5,p06,l3,0.0
i27,e12,c5,p07,l3,0.0
i27,e12,c5,p08,l3,0.0
i27,e12,c5,p09,l3,0.0
i27,e12,c5,p10,l3,0.0
i27,e12,c5,p11,l3,0.0
i27,e12,c5,p12,l3,0.0
i27,e12,c5,p13,l3,0.0
i27,e12,c5,p15,l3,0.0
i27,e12,c5,p16,l3,0.0
i27,e12,c5,p17,l3,0.0
i27,e12,c5,p18,l3,0.0
i27,e12,c5,p19,l3,0.0
i27,e12,c5,p20,l3,0.0
i27,e12,c5,p21,l3,0.0
i27,e12,c5,p22,l3,0.0
i27,e12,c5,p24,l3,0.0
i27,e12,c5,p28,l3,0.0
i27,e12,c5,p29,l3,0.0
i27,e12,c5,p35,l3,0.0
i28,e01,c1,p35,l3,2.0
i28,e01,c4,p35,l3,0.0
i28,e04,c1,p35,l1,0.0
i28,e04,c1,p35,l3,0.0
i28,e04,c4,p35,l1,0.0
i28,e04,c4,p35,l3,0.0
i28,e05,c1,p35,l1,0.0
i28,e05,c1,p35,l3,0.0
i28,e05,c4,p35,l3,0.0
i28,e07,c1,p35,l3,0.0
i28,e08,c1,p35,l2,0.0
i28,e08,c1,p35,l3,11514.0
i28,e08,c4,p35,l2,0.0
i28,e08,c4,p35,l3,0.0
i28,e09,c1,p35,l2,0.0
i28,e09,c1,p35,l3,0.0
i28,e09,c4,p35,l2,0.0
i28,e09,c4,p35,l3,0.0
i28,e10,c1,p35,l1,0.0
i28,e10,c1,p35,l3,0.0
i28,e10,c4,p35,l1,0.0
i28,e10,c4,p35,l3,0.0
i28,e11,c1,p35,l2,0.0
i28,e11,c1,p35,l3,0.0
i28,e11,c4,p35,l3,0.0
i28,e12,c1,p35,l3,0.0
i28,e12,c4,p35,l3,0.0
i29,e01,c5,p01,l3,0.0
i29,e01,c5,p02,l3,0.0
i29,e01,c5,p03,l3,0.0
i29,e01,c5,p04,l3,0.0
i29,e01,c5,p05,l3,0.0
i29,e01,c5,p06,l3,0.0
i29,e01,c5,p07,l3,0.0
i29,e01,c5,p08,l3,0.0
i29,e01,c5,p10,l3,1.0
i29,e01,c5,p11,l3,0.0
i29,e01,c5,p12,l3,0.0
i29,e01,c5,p13,l3,0.0
i29,e01,c5,p15,l3,0.0
i29,e01,c5,p16,l3,0.0
i29,e01,c5,p17,l3,0.0
i29,e01,c5,p18,l3,0.0
i29,e01,c5,p19,l3,0.0
i29,e01,c5,p21,l3,0.0
i29,e01,c5,p22,l3,0.0
i29,e01,c5,p23,l3,0.0
i29,e01,c5,p24,l3,0.0
i29,e01,c5,p29,l3,0.0
i29,e01,c5,p31,l3,0.0
i29,e01,c5,p32,l3,0.0
i29,e01,c5,p35,l3,0.0
i29,e04,c5,p01,l3,0.0
i29,e04,c5,p02,l3,0.0
i29,e04,c5,p03,l3,0.0
i29,e04,c5,p04,l3,0.0
i29,e04,c5,p05,l3,0.0
i29,e04,c5,p06,l3,0.0
i29,e04,c5,p07,l3,0.0
i29,e04,c5,p08,l3,0.0
i29,e04,c5,p10,l3,3.0
i29,e04,c5,p11,l3,0.0
i29,e04,c5,p12,l3,0.0
i29,e04,c5,p13,l3,0.0
i29,e04,c5,p14,l3,0.0
i29,e04,c5,p15,l3,0.0
i29,e04,c5,p16,l3,0.0
i29,e04,c5,p17,l3,1.0
i29,e04,c5,p18,l3,0.0
i29,e04,c5,p19,l3,0.0
i29,e04,c5,p21,l3,0.0
i29,e04,c5,p22,l3,0.0
i29,e04,c5,p23,l3,0.0
i29,e04,c5,p24,l3,0.0
i29,e04,c5,p29,l3,0.0
i29,e04,c5,p31,l3,0.0
i29,e04,c5,p32,l3,0.0
i29,e04,c5,p35,l3,1.0
i29,e09,c5,p01,l3,0.0
i29,e09,c5,p02,l3,0.0
i29,e09,c5,p03,l3,0.0
i29,e09,c5,p04,l3,0.0
i29,e09,c5,p05,l3,0.0
i29,e09,c5,p06,l3,0.0
i29,e09,c5,p07,l3,0.0
i29,e09,c5,p08,l3,0.0
i29,e09,c5,p10,l3,0.0
i29,e09,c5,p11,l3,0.0
i29,e09,c5,p12,l3,0.0
i29,e09,c5,p13,l3,0.0
i29,e09,c5,p15,l3,0.0
i29,e09,c5,p16,l3,0.0
i29,e09,c5,p17,l3,0.0
i29,e09,c5,p18,l3,0.0
i29,e09,c5,p19,l3,0.0
i29,e09,c5,p21,l3,0.0
i29,e09,c5,p22,l3,0.0
i29,e09,c5,p23,l3,0.0
i29,e09,c5,p24,l3,0.0
i29,e09,c5,p29,l3,0.0
i29,e09,c5,p31,l3,0.0
i29,e09,c5,p32,l3,0.0
i29,e09,c5,p35,l3,0.0
i30,e01,c1,p01,l3,0.0
i30,e01,c1,p02,l3,0.0
i30,e01,c1,p03,l3,0.0
i30,e01,c1,p04,l3,0.0
i30,e01,c1,p05,l3,0.0
i30,e01,c1,p06,l3,1.0
i30,e01,c1,p07,l3,2.0
i30,e01,c1,p08,l3,1.0
i30,e01,c1,p09,l3,0.0
i30,e01,c1,p10,l3,1.0
i30,e01,c1,p11,l3,0.0
i30,e01,c1,p12,l3,0.0
i30,e01,c1,p13,l3,0.0
i30,e01,c1,p14,l3,3.0
i30,e01,c1,p15,l3,6.0
i30,e01,c1,p16,l3,1.0
i30,e01,c1,p17,l3,0.0
i30,e01,c1,p18,l3,0.0
i30,e01,c1,p19,l3,6.0
i30,e01,c1,p20,l3,0.0
i30,e01,c1,p21,l3,0.0
i30,e01,c1,p22,l3,0.0
i30,e01,c1,p23,l3,0.0
i30,e01,c1,p24,l3,0.0
i30,e01,c1,p25,l3,0.0
i30,e01,c1,p26,l3,0.0
i30,e01,c1,p28,l3,0.0
i30,e01,c1,p29,l3,0.0
i30,e01,c1,p31,l3,0.0
i30,e01,c1,p32,l3,2.0
i30,e01,c1,p34,l3,0.0
i30,e01,c1,p35,l3,3.0
i30,e01,c4,p02,l3,0.0
i30,e01,c4,p04,l3,0.0
i30,e01,c4,p07,l3,0.0
i30,e01,c4,p10,l3,0.0
i30,e01,c4,p13,l3,0.0
i30,e01,c4,p17,l3,0.0
i30,e01,c4,p23,l3,0.0
i30,e01,c4,p35,l3,0.0
i30,e04,c1,p01,l3,0.0
i30,e04,c1,p02,l3,0.0
i30,e04,c1,p03,l3,0.0
i30,e04,c1,p04,l3,0.0
i30,e04,c1,p05,l3,0.0
i30,e04,c1,p06,l3,0.0
i30,e04,c1,p07,l3,3.0
i30,e04,c1,p08,l3,0.0
i30,e04,c1,p09,l3,0.0
i30,e04,c1,p10,l3,0.0
i30,e04,c1,p11,l3,0.0
i30,e04,c1,p12,l3,0.0
i30,e04,c1,p13,l3,0.0
i30,e04,c1,p14,l3,3.0
i30,e04,c1,p15,l3,0.0
i30,e04,c1,p16,l3,1.0
i30,e04,c1,p17,l3,0.0
i30,e04,c1,p18,l3,0.0
i30,e04,c1,p19,l3,19.0
i30,e04,c1,p20,l3,0.0
i30,e04,c1,p21,l3,0.0
i30,e04,c1,p22,l3,1.0
i30,e04,c1,p23,l3,0.0
i30,e04,c1,p24,l3,0.0
i30,e04,c1,p25,l3,0.0
i30,e04,c1,p26,l3,0.0
i30,e04,c1,p28,l3,0.0
i30,e04,c1,p29,l3,1.0
i30,e04,c1,p31,l3,0.0
i30,e04,c1,p32,l3,0.0
i30,e04,c1,p35,l3,29.0
i30,e04,c4,p04,l3,0.0
i30,e04,c4,p07,l3,0.0
i30,e04,c4,p10,l3,0.0
i30,e04,c4,p13,l3,0.0
i30,e04,c4,p17,l3,0.0
i30,e04,c4,p23,l3,0.0
i30,e04,c4,p35,l3,0.0
i30,e05,c1,p35,l3,0.0
i30,e09,c1,p01,l3,2.0
i30,e09,c1,p02,l3,0.0
i30,e09,c1,p03,l3,0.0
i30,e09,c1,p04,l3,0.0
i30,e09,c1,p05,l3,0.0
i30,e09,c1,p06,l3,0.0
i30,e09,c1,p07,l3,4.0
i30,e09,c1,p08,l3,1.0
i30,e09,c1,p09,l3,0.0
i30,e09,c1,p10,l3,1.0
i30,e09,c1,p11,l3,0.0
i30,e09,c1,p12,l3,0.0
i30,e09,c1,p13,l3,2.0
i30,e09,c1,p14,l3,1.0
i30,e09,c1,p15,l3,6.0
i30,e09,c1,p16,l3,0.0
i30,e09,c1,p17,l3,0.0
i30,e09,c1,p18,l3,1.0
i30,e09,c1,p19,l3,9.0
i30,e09,c1,p20,l3,0.0
i30,e09,c1,p21,l3,0.0
i30,e09,c1,p22,l3,0.0
i30,e09,c1,p23,l3,0.0
i30,e09,c1,p24,l3,3.0
i30,e09,c1,p25,l3,0.0
i30,e09,c1,p26,l3,0.0
i30,e09,c1,p28,l3,0.0
i30,e09,c1,p29,l3,0.0
i30,e09,c1,p31,l3,0.0
i30,e09,c1,p32,l3,0.0
i30,e09,c1,p35,l3,6.0
i30,e09,c4,p02,l3,0.0
i30,e09,c4,p04,l3,0.0
i30,e09,c4,p07,l3,0.0
i30,e09,c4,p10,l3,0.0
i30,e09,c4,p13,l3,0.0
i30,e09,c4,p17,l3,0.0
i30,e09,c4,p23,l3,0.0
i30,e09,c4,p35,l3,0.0
i31,e01,c1,p01,l3,0.0
i31,e01,c1,p02,l3,0.0
i31,e01,c1,p03,l3,0.0
i31,e01,c1,p04,l3,0.0
i31,e01,c1,p05,l3,0.0
i31,e01,c1,p06,l3,0.0
i31,e01,c1,p07,l3,0.0
i31,e01,c1,p08,l3,0.0
i31,e01,c1,p09,l3,0.0
i31,e01,c1,p10,l3,0.0
i31,e01,c1,p11,l3,0.0
i31,e01,c1,p12,l3,0.0
i31,e01,c1,p13,l3,0.0
i31,e01,c1,p14,l3,0.0
i31,e01,c1,p15,l3,0.0
i31,e01,c1,p16,l3,0.0
i31,e01,c1,p17,l3,0.0
i31,e01,c1,p18,l3,0.0
i31,e01,c1,p19,l3,0.0
i31,e01,c1,p20,l3,0.0
i31,e01,c1,p21,l3,0.0
i31,e01,c1,p22,l3,0.0
i31,e01,c1,p23,l3,0.0
i31,e01,c1,p24,l3,0.0
i31,e01,c1,p25,l3,0.0
i31,e01,c1,p27,l3,0.0
i31,e01,c1,p28,l3,0.0
i31,e01,c1,p29,l3,0.0
i31,e01,c1,p32,l3,0.0
i31,e01,c1,p35,l3,4.0
i31,e01,c4,p03,l3,0.0
i31,e01,c4,p04,l3,0.0
i31,e01,c4,p06,l3,0.0
i31,e01,c4,p07,l3,0.0
i31,e01,c4,p10,l3,0.0
i31,e01,c4,p11,l3,0.0
i31,e01,c4,p13,l3,0.0
i31,e01,c4,p14,l3,0.0
i31,e01,c4,p15,l3,0.0
i31,e01,c4,p16,l3,0.0
i31,e01,c4,p17,l3,0.0
i31,e01,c4,p18,l3,0.0
i31,e01,c4,p19,l3,0.0
i31,e01,c4,p20,l3,0.0
i31,e01,c4,p24,l3,0.0
i31,e01,c4,p29,l3,0.0
i31,e01,c4,p35,l3,0.0
i31,e04,c1,p01,l1,0.0
i31,e04,c1,p01,l3,0.0
i31,e04,c1,p02,l1,0.0
i31,e04,c1,p02,l3,0.0
i31,e04,c1,p03,l1,0.0
i31,e04,c1,p03,l3,0.0
i31,e04,c1,p04,l1,0.0
i31,e04,c1,p04,l3,0.0
i31,e04,c1,p05,l1,0.0
i31,e04,c1,p05,l3,0.0
i31,e04,c1,p06,l1,0.0
i31,e04,c1,p06,l3,0.0
i31,e04,c1,p07,l1,0.0
i31,e04,c1,p07,l3,0.0
i31,e04,c1,p08,l1,0.0
i31,e04,c1,p08,l3,0.0
i31,e04,c1,p09,l1,0.0
i31,e04,c1,p09,l3,0.0
i31,e04,c1,p10,l1,0.0
i31,e04,c1,p10,l3,0.0
i31,e04,c1,p11,l1,0.0
i31,e04,c1,p11,l3,0.0
i31,e04,c1,p12,l1,0.0
i31,e04,c1,p12,l3,0.0
i31,e04,c1,p13,l1,0.0
i31,e04,c1,p13,l3,0.0
i31,e04,c1,p14,l1,0.0
i31,e04,c1,p14,l3,0.0
i31,e04,c1,p15,l1,0.0
i31,e04,c1,p15,l3,0.0
i31,e04,c1,p16,l1,0.0
i31,e04,c1,p16,l3,0.0
i31,e04,c1,p17,l1,0.0
i31,e04,c1,p17,l3,0.0
i31,e04,c1,p18,l1,0.0
i31,e04,c1,p18,l3,0.0
i31,e04,c1,p19,l1,0.0
i31,e04,c1,p19,l3,0.0
i31,e04,c1,p20,l1,0.0
i31,e04,c1,p20,l3,0.0
i31,e04,c1,p21,l1,0.0
i31,e04,c1,p21,l3,0.0
i31,e04,c1,p22,l1,0.0
i31,e04,c1,p22,l3,0.0
i31,e04,c1,p23,l1,0.0
i31,e04,c1,p23,l3,0.0
i31,e04,c1,p24,l1,0.0
i31,e04,c1,p24,l3,0.0
i31,e04,c1,p25,l3,0.0
i31,e04,c1,p28,l1,0.0
i31,e04,c1,p28,l3,0.0
i31,e04,c1,p29,l1,0.0
i31,e04,c1,p29,l3,0.0
i31,e04,c1,p32,l3,0.0
i31,e04,c1,p35,l1,0.0
i31,e04,c1,p35,l3,0.0
i31,e04,c4,p03,l1,0.0
i31,e04,c4,p03,l3,0.0
i31,e04,c4,p04,l3,0.0
i31,e04,c4,p07,l3,0.0
i31,e04,c4,p08,l3,0.0
i31,e04,c4,p10,l3,0.0
i31,e04,c4,p11,l1,0.0
i31,e04,c4,p11,l3,0.0
i31,e04,c4,p13,l3,0.0
i31,e04,c4,p14,l3,0.0
i31,e04,c4,p15,l1,0.0
i31,e04,c4,p15,l3,0.0
i31,e04,c4,p16,l1,0.0
i31,e04,c4,p16,l3,0.0
i31,e04,c4,p17,l1,0.0
i31,e04,c4,p17,l3,0.0
i31,e04,c4,p19,l1,0.0
i31,e04,c4,p19,l3,0.0
i31,e04,c4,p20,l3,0.0
i31,e04,c4,p21,l1,0.0
i31,e04,c4,p21,l3,0.0
i31,e04,c4,p24,l3,0.0
i31,e04,c4,p35,l1,0.0
i31,e04,c4,p35,l3,0.0
i31,e05,c1,p01,l3,0.0
i31,e05,c1,p02,l1,0.0
i31,e05,c1,p02,l3,0.0
i31,e05,c1,p03,l1,0.0
i31,e05,c1,p03,l3,0.0
i31,e05,c1,p04,l1,0.0
i31,e05,c1,p04,l3,0.0
i31,e05,c1,p05,l1,0.0
i31,e05,c1,p05,l3,0.0
i31,e05,c1,p06,l1,0.0
i31,e05,c1,p06,l3,0.0
i31,e05,c1,p07,l1,0.0
i31,e05,c1,p07,l3,0.0
i31,e05,c1,p08,l3,0.0
i31,e05,c1,p09,l3,0.0
i31,e05,c1,p10,l1,0.0
i31,e05,c1,p10,l3,0.0
i31,e05,c1,p11,l1,0.0
i31,e05,c1,p11,l3,0.0
i31,e05,c1,p12,l1,0.0
i31,e05,c1,p12,l3,0.0
i31,e05,c1,p13,l1,0.0
i31,e05,c1,p13,l3,0.0
i31,e05,c1,p14,l1,0.0
i31,e05,c1,p14,l3,0.0
i31,e05,c1,p15,l1,0.0
i31,e05,c1,p15,l3,0.0
i31,e05,c1,p16,l1,0.0
i31,e05,c1,p16,l3,0.0
i31,e05,c1,p17,l1,0.0
i31,e05,c1,p17,l3,0.0
i31,e05,c1,p18,l1,0.0
i31,e05,c1,p18,l3,0.0
i31,e05,c1,p19,l1,0.0
i31,e05,c1,p19,l3,0.0
i31,e05,c1,p20,l1,0.0
i31,e05,c1,p21,l1,0.0
i31,e05,c1,p21,l3,0.0
i31,e05,c1,p22,l1,0.0
i31,e05,c1,p22,l3,0.0
i31,e05,c1,p23,l1,0.0
i31,e05,c1,p23,l3,0.0
i31,e05,c1,p24,l1,0.0
i31,e05,c1,p24,l3,0.0
i31,e05,c1,p28,l1,0.0
i31,e05,c1,p28,l3,0.0
i31,e05,c1,p29,l1,0.0
i31,e05,c1,p29,l3,0.0
i31,e05,c1,p35,l1,0.0
i31,e05,c1,p35,l3,0.0
i31,e05,c4,p03,l3,0.0
i31,e05,c4,p06,l3,0.0
i31,e05,c4,p10,l3,0.0
i31,e05,c4,p13,l3,0.0
i31,e05,c4,p16,l3,0.0
i31,e05,c4,p19,l3,0.0
i31,e05,c4,p20,l3,0.0
i31,e05,c4,p35,l3,0.0
i31,e06,c1,p07,l3,0.0
i31,e06,c1,p19,l3,0.0
i31,e06,c1,p21,l3,0.0
i31,e06,c1,p35,l3,0.0
i31,e07,c1,p01,l2,0.0
i31,e07,c1,p01,l3,0.0
i31,e07,c1,p02,l2,0.0
i31,e07,c1,p02,l3,0.0
i31,e07,c1,p03,l2,0.0
i31,e07,c1,p03,l3,0.0
i31,e07,c1,p04,l2,0.0
i31,e07,c1,p04,l3,0.0
i31,e07,c1,p05,l2,0.0
i31,e07,c1,p05,l3,0.0
i31,e07,c1,p06,l2,0.0
i31,e07,c1,p06,l3,0.0
i31,e07,c1,p07,l2,0.0
i31,e07,c1,p07,l3,0.0
i31,e07,c1,p08,l3,0.0
i31,e07,c1,p09,l2,0.0
i31,e07,c1,p09,l3,0.0
i31,e07,c1,p10,l2,0.0
i31,e07,c1,p10,l3,0.0
i31,e07,c1,p11,l2,0.0
i31,e07,c1,p11,l3,0.0
i31,e07,c1,p12,l2,0.0
i31,e07,c1,p12,l3,0.0
i31,e07,c1,p13,l2,0.0
i31,e07,c1,p13,l3,0.0
i31,e07,c1,p14,l2,0.0
i31,e07,c1,p14,l3,0.0
i31,e07,c1,p15,l2,0.0
i31,e07,c1,p15,l3,0.0
i31,e07,c1,p16,l2,0.0
i31,e07,c1,p16,l3,0.0
i31,e07,c1,p17,l2,0.0
i31,e07,c1,p17,l3,0.0
i31,e07,c1,p18,l2,0.0
i31,e07,c1,p18,l3,0.0
i31,e07,c1,p19,l2,0.0
i31,e07,c1,p19,l3,0.0
i31,e07,c1,p20,l2,0.0
i31,e07,c1,p20,l3,0.0
i31,e07,c1,p21,l2,0.0
i31,e07,c1,p21,l3,0.0
i31,e07,c1,p22,l2,0.0
i31,e07,c1,p22,l3,0.0
i31,e07,c1,p23,l2,0.0
i31,e07,c1,p23,l3,0.0
i31,e07,c1,p24,l2,0.0
i31,e07,c1,p24,l3,0.0
i31,e07,c1,p28,l2,0.0
i31,e07,c1,p28,l3,0.0
i31,e07,c1,p29,l2,0.0
i31,e07,c1,p29,l3,0.0
i31,e07,c1,p35,l2,0.0
i31,e07,c1,p35,l3,0.0
i31,e07,c4,p03,l3,0.0
i31,e07,c4,p07,l3,0.0
i31,e07,c4,p10,l3,0.0
i31,e07,c4,p11,l3,0.0
i31,e07,c4,p13,l2,0.0
i31,e07,c4,p13,l3,0.0
i31,e07,c4,p15,l2,0.0
i31,e07,c4,p16,l2,0.0
i31,e07,c4,p16,l3,0.0
i31,e07,c4,p17,l2,0.0
i31,e07,c4,p17,l3,0.0
i31,e07,c4,p19,l2,0.0
i31,e07,c4,p19,l3,0.0
i31,e07,c4,p20,l2,0.0
i31,e07,c4,p20,l3,0.0
i31,e07,c4,p28,l3,0.0
i31,e07,c4,p35,l2,0.0
i31,e07,c4,p35,l3,0.0
i31,e08,c1,p01,l2,0.0
i31,e08,c1,p01,l3,0.0
i31,e08,c1,p02,l2,0.0
i31,e08,c1,p02,l3,0.0
i31,e08,c1,p03,l2,0.0
i31,e08,c1,p03,l3,0.0
i31,e08,c1,p04,l2,0.0
i31,e08,c1,p04,l3,0.0
i31,e08,c1,p05,l2,0.0
i31,e08,c1,p05,l3,0.0
i31,e08,c1,p06,l2,0.0
i31,e08,c1,p06,l3,0.0
i31,e08,c1,p07,l2,0.0
i31,e08,c1,p07,l3,0.0
i31,e08,c1,p08,l2,0.0
i31,e08,c1,p08,l3,0.0
i31,e08,c1,p09,l2,0.0
i31,e08,c1,p09,l3,0.0
i31,e08,c1,p10,l2,0.0
i31,e08,c1,p10,l3,0.0
i31,e08,c1,p11,l2,0.0
i31,e08,c1,p11,l3,0.0
i31,e08,c1,p12,l2,0.0
i31,e08,c1,p12,l3,0.0
i31,e08,c1,p13,l2,0.0
i31,e08,c1,p13,l3,0.0
i31,e08,c1,p14,l2,0.0
i31,e08,c1,p14,l3,0.0
i31,e08,c1,p15,l2,0.0
i31,e08,c1,p15,l3,0.0
i31,e08,c1,p16,l2,0.0
i31,e08,c1,p16,l3,0.0
i31,e08,c1,p17,l2,0.0
i31,e08,c1,p17,l3,0.0
i31,e08,c1,p18,l2,0.0
i31,e08,c1,p18,l3,0.0
i31,e08,c1,p19,l2,0.0
i31,e08,c1,p19,l3,0.0
i31,e08,c1,p20,l2,0.0
i31,e08,c1,p20,l3,0.0
i31,e08,c1,p21,l2,0.0
i31,e08,c1,p21,l3,0.0
i31,e08,c1,p22,l2,0.0
i31,e08,c1,p22,l3,0.0
i31,e08,c1,p23,l2,0.0
i31,e08,c1,p23,l3,0.0
i31,e08,c1,p24,l2,0.0
i31,e08,c1,p24,l3,0.0
i31,e08,c1,p25,l2,0.0
i31,e08,c1,p25,l3,0.0
i31,e08,c1,p26,l3,0.0
i31,e08,c1,p27,l3,0.0
i31,e08,c1,p28,l2,0.0
i31,e08,c1,p28,l3,0.0
i31,e08,c1,p29,l2,0.0
i31,e08,c1,p29,l3,0.0
i31,e08,c1,p32,l2,0.0
i31,e08,c1,p32,l3,0.0
i31,e08,c1,p33,l3,0.0
i31,e08,c1,p35,l2,0.0
i31,e08,c1,p35,l3,24.0
i31,e08,c4,p03,l2,0.0
i31,e08,c4,p03,l3,0.0
i31,e08,c4,p04,l2,0.0
i31,e08,c4,p04,l3,0.0
i31,e08,c4,p05,l2,0.0
i31,e08,c4,p05,l3,0.0
i31,e08,c4,p06,l2,0.0
i31,e08,c4,p06,l3,0.0
i31,e08,c4,p07,l2,0.0
i31,e08,c4,p07,l3,0.0
i31,e08,c4,p08,l2,0.0
i31,e08,c4,p08,l3,0.0
i31,e08,c4,p10,l2,0.0
i31,e08,c4,p10,l3,0.0
i31,e08,c4,p11,l2,0.0
i31,e08,c4,p11,l3,0.0
i31,e08,c4,p12,l2,0.0
i31,e08,c4,p12,l3,0.0
i31,e08,c4,p13,l2,0.0
i31,e08,c4,p13,l3,0.0
i31,e08,c4,p14,l2,0.0
i31,e08,c4,p14,l3,0.0
i31,e08,c4,p15,l2,0.0
i31,e08,c4,p15,l3,0.0
i31,e08,c4,p16,l2,0.0
i31,e08,c4,p16,l3,0.0
i31,e08,c4,p17,l2,0.0
i31,e08,c4,p17,l3,0.0
i31,e08,c4,p18,l3,0.0
i31,e08,c4,p19,l2,0.0
i31,e08,c4,p19,l3,0.0
i31,e08,c4,p20,l2,0.0
i31,e08,c4,p20,l3,0.0
i31,e08,c4,p21,l2,0.0
i31,e08,c4,p21,l3,0.0
i31,e08,c4,p23,l2,0.0
i31,e08,c4,p24,l3,0.0
i31,e08,c4,p28,l3,0.0
i31,e08,c4,p29,l2,0.0
i31,e08,c4,p29,l3,0.0
i31,e08,c4,p35,l2,0.0
i31,e08,c4,p35,l3,0.0
i31,e09,c1,p01,l2,0.0
i31,e09,c1,p01,l3,0.0
i31,e09,c1,p02,l2,0.0
i31,e09,c1,p02,l3,0.0
i31,e09,c1,p03,l2,0.0
i31,e09,c1,p03,l3,0.0
i31,e09,c1,p04,l2,0.0
i31,e09,c1,p04,l3,0.0
i31,e09,c1,p05,l2,0.0
i31,e09,c1,p05,l3,0.0
i31,e09,c1,p06,l2,0.0
i31,e09,c1,p06,l3,0.0
i31,e09,c1,p07,l2,0.0
i31,e09,c1,p07,l3,0.0
i31,e09,c1,p08,l2,0.0
i31,e09,c1,p08,l3,0.0
i31,e09,c1,p09,l2,0.0
i31,e09,c1,p09,l3,0.0
i31,e09,c1,p10,l2,0.0
i31,e09,c1,p10,l3,0.0
i31,e09,c1,p11,l2,0.0
i31,e09,c1,p11,l3,0.0
i31,e09,c1,p12,l2,0.0
i31,e09,c1,p12,l3,0.0
i31,e09,c1,p13,l2,0.0
i31,e09,c1,p13,l3,0.0
i31,e09,c1,p14,l2,0.0
i31,e09,c1,p14,l3,0.0
i31,e09,c1,p15,l2,0.0
i31,e09,c1,p15,l3,0.0
i31,e09,c1,p16,l2,0.0
i31,e09,c1,p16,l3,0.0
i31,e09,c1,p17,l2,0.0
i31,e09,c1,p17,l3,0.0
i31,e09,c1,p18,l2,0.0
i31,e09,c1,p18,l3,0.0
i31,e09,c1,p19,l2,0.0
i31,e09,c1,p19,l3,0.0
i31,e09,c1,p20,l2,0.0
i31,e09,c1,p20,l3,0.0
i31,e09,c1,p21,l2,0.0
i31,e09,c1,p21,l3,0.0
i31,e09,c1,p22,l2,0.0
i31,e09,c1,p22,l3,0.0
i31,e09,c1,p23,l2,0.0
i31,e09,c1,p23,l3,0.0
i31,e09,c1,p24,l2,0.0
i31,e09,c1,p24,l3,0.0
i31,e09,c1,p25,l3,0.0
i31,e09,c1,p28,l2,0.0
i31,e09,c1,p28,l3,0.0
i31,e09,c1,p29,l2,0.0
i31,e09,c1,p29,l3,0.0
i31,e09,c1,p35,l2,0.0
i31,e09,c1,p35,l3,1.0
i31,e09,c4,p03,l2,0.0
i31,e09,c4,p03,l3,0.0
i31,e09,c4,p04,l2,0.0
i31,e09,c4,p07,l2,0.0
i31,e09,c4,p07,l3,0.0
i31,e09,c4,p08,l3,0.0
i31,e09,c4,p10,l3,0.0
i31,e09,c4,p11,l2,0.0
i31,e09,c4,p11,l3,0.0
i31,e09,c4,p12,l3,0.0
i31,e09,c4,p13,l3,0.0
i31,e09,c4,p14,l3,0.0
i31,e09,c4,p15,l2,0.0
i31,e09,c4,p15,l3,0.0
i31,e09,c4,p16,l2,0.0
i31,e09,c4,p16,l3,0.0
i31,e09,c4,p17,l2,0.0
i31,e09,c4,p17,l3,0.0
i31,e09,c4,p19,l2,0.0
i31,e09,c4,p19,l3,0.0
i31,e09,c4,p20,l2,0.0
i31,e09,c4,p20,l3,0.0
i31,e09,c4,p21,l3,0.0
i31,e09,c4,p24,l3,0.0
i31,e09,c4,p29,l3,0.0
i31,e09,c4,p35,l2,0.0
i31,e09,c4,p35,l3,0.0
i31,e10,c1,p01,l1,0.0
i31,e10,c1,p01,l2,0.0
i31,e10,c1,p01,l3,0.0
i31,e10,c1,p02,l1,0.0
i31,e10,c1,p02,l2,0.0
i31,e10,c1,p02,l3,0.0
i31,e10,c1,p03,l1,0.0
i31,e10,c1,p03,l2,0.0
i31,e10,c1,p03,l3,0.0
i31,e10,c1,p04,l1,0.0
i31,e10,c1,p04,l2,0.0
i31,e10,c1,p04,l3,0.0
i31,e10,c1,p05,l1,0.0
i31,e10,c1,p05,l2,0.0
i31,e10,c1,p05,l3,0.0
i31,e10,c1,p06,l1,0.0
i31,e10,c1,p06,l2,0.0
i31,e10,c1,p06,l3,0.0
i31,e10,c1,p07,l1,0.0
i31,e10,c1,p07,l2,0.0
i31,e10,c1,p07,l3,0.0
i31,e10,c1,p08,l1,0.0
i31,e10,c1,p08,l2,0.0
i31,e10,c1,p08,l3,0.0
i31,e10,c1,p09,l1,0.0
i31,e10,c1,p09,l2,0.0
i31,e10,c1,p09,l3,0.0
i31,e10,c1,p10,l1,0.0
i31,e10,c1,p10,l2,0.0
i31,e10,c1,p10,l3,0.0
i31,e10,c1,p11,l1,0.0
i31,e10,c1,p11,l2,0.0
i31,e10,c1,p11,l3,0.0
i31,e10,c1,p12,l1,0.0
i31,e10,c1,p12,l2,0.0
i31,e10,c1,p12,l3,0.0
i31,e10,c1,p13,l1,0.0
i31,e10,c1,p13,l2,0.0
i31,e10,c1,p13,l3,0.0
i31,e10,c1,p14,l1,0.0
i31,e10,c1,p14,l2,0.0
i31,e10,c1,p14,l3,0.0
i31,e10,c1,p15,l1,0.0
i31,e10,c1,p15,l2,0.0
i31,e10,c1,p15,l3,0.0
i31,e10,c1,p16,l1,0.0
i31,e10,c1,p16,l2,0.0
i31,e10,c1,p16,l3,0.0
i31,e10,c1,p17,l1,0.0
i31,e10,c1,p17,l2,0.0
i31,e10,c1,p17,l3,0.0
i31,e10,c1,p18,l1,0.0
i31,e10,c1,p18,l2,0.0
i31,e10,c1,p18,l3,0.0
i31,e10,c1,p19,l1,0.0
i31,e10,c1,p19,l2,0.0
i31,e10,c1,p19,l3,0.0
i31,e10,c1,p20,l1,0.0
i31,e10,c1,p20,l2,0.0
i31,e10,c1,p20,l3,0.0
i31,e10,c1,p21,l1,0.0
i31,e10,c1,p21,l2,0.0
i31,e10,c1,p21,l3,0.0
i31,e10,c1,p22,l1,0.0
i31,e10,c1,p22,l2,0.0
i31,e10,c1,p22,l3,0.0
i31,e10,c1,p23,l1,0.0
i31,e10,c1,p23,l2,0.0
i31,e10,c1,p23,l3,0.0
i31,e10,c1,p24,l1,0.0
i31,e10,c1,p24,l2,0.0
i31,e10,c1,p24,l3,0.0
i31,e10,c1,p25,l1,0.0
i31,e10,c1,p25,l2,0.0
i31,e10,c1,p25,l3,0.0
i31,e10,c1,p27,l1,0.0
i31,e10,c1,p27,l2,0.0
i31,e10,c1,p27,l3,0.0
i31,e10,c1,p28,l1,0.0
i31,e10,c1,p28,l2,0.0
i31,e10,c1,p28,l3,0.0
i31,e10,c1,p29,l1,0.0
i31,e10,c1,p29,l2,0.0
i31,e10,c1,p29,l3,0.0
i31,e10,c1,p35,l1,0.0
i31,e10,c1,p35,l2,0.0
i31,e10,c1,p35,l3,0.0
i31,e10,c4,p03,l1,0.0
i31,e10,c4,p03,l2,0.0
i31,e10,c4,p03,l3,0.0
i31,e10,c4,p04,l1,0.0
i31,e10,c4,p04,l2,0.0
i31,e10,c4,p04,l3,0.0
i31,e10,c4,p06,l1,0.0
i31,e10,c4,p06,l2,0.0
i31,e10,c4,p06,l3,0.0
i31,e10,c4,p07,l1,0.0
i31,e10,c4,p07,l2,0.0
i31,e10,c4,p07,l3,0.0
i31,e10,c4,p08,l1,0.0
i31,e10,c4,p08,l2,0.0
i31,e10,c4,p08,l3,0.0
i31,e10,c4,p10,l1,0.0
i31,e10,c4,p10,l2,0.0
i31,e10,c4,p10,l3,0.0
i31,e10,c4,p11,l1,0.0
i31,e10,c4,p11,l2,0.0
i31,e10,c4,p11,l3,0.0
i31,e10,c4,p12,l1,0.0
i31,e10,c4,p12,l2,0.0
i31,e10,c4,p12,l3,0.0
i31,e10,c4,p13,l1,0.0
i31,e10,c4,p13,l2,0.0
i31,e10,c4,p13,l3,0.0
i31,e10,c4,p14,l1,0.0
i31,e10,c4,p14,l2,0.0
i31,e10,c4,p14,l3,0.0
i31,e10,c4,p15,l1,0.0
i31,e10,c4,p15,l2,0.0
i31,e10,c4,p15,l3,0.0
i31,e10,c4,p16,l1,0.0
i31,e10,c4,p16,l2,0.0
i31,e10,c4,p16,l3,0.0
i31,e10,c4,p17,l1,0.0
i31,e10,c4,p17,l2,0.0
i31,e10,c4,p17,l3,0.0
i31,e10,c4,p18,l2,0.0
i31,e10,c4,p18,l3,0.0
i31,e10,c4,p19,l1,0.0
i31,e10,c4,p19,l2,0.0
i31,e10,c4,p19,l3,0.0
i31,e10,c4,p20,l1,0.0
i31,e10,c4,p20,l2,0.0
i31,e10,c4,p20,l3,0.0
i31,e10,c4,p21,l1,0.0
i31,e10,c4,p21,l2,0.0
i31,e10,c4,p21,l3,0.0
i31,e10,c4,p23,l1,0.0
i31,e10,c4,p23,l2,0.0
i31,e10,c4,p23,l3,0.0
i31,e10,c4,p24,l2,0.0
i31,e10,c4,p24,l3,0.0
i31,e10,c4,p28,l1,0.0
i31,e10,c4,p28,l2,0.0
i31,e10,c4,p28,l3,0.0
i31,e10,c4,p29,l1,0.0
i31,e10,c4,p29,l2,0.0
i31,e10,c4,p29,l3,0.0
i31,e10,c4,p35,l1,0.0
i31,e10,c4,p35,l2,0.0
i31,e10,c4,p35,l3,0.0
i31,e11,c1,p01,l2,0.0
i31,e11,c1,p01,l3,0.0
i31,e11,c1,p02,l2,0.0
i31,e11,c1,p02,l3,0.0
i31,e11,c1,p03,l2,0.0
i31,e11,c1,p03,l3,0.0
i31,e11,c1,p04,l2,0.0
i31,e11,c1,p04,l3,0.0
i31,e11,c1,p05,l2,0.0
i31,e11,c1,p05,l3,0.0
i31,e11,c1,p06,l2,0.0
i31,e11,c1,p06,l3,0.0
i31,e11,c1,p07,l2,0.0
i31,e11,c1,p07,l3,0.0
i31,e11,c1,p08,l2,0.0
i31,e11,c1,p08,l3,0.0
i31,e11,c1,p09,l2,0.0
i31,e11,c1,p09,l3,0.0
i31,e11,c1,p10,l2,0.0
i31,e11,c1,p10,l3,0.0
i31,e11,c1,p11,l2,0.0
i31,e11,c1,p11,l3,0.0
i31,e11,c1,p12,l2,0.0
i31,e11,c1,p12,l3,0.0
i31,e11,c1,p13,l2,0.0
i31,e11,c1,p13,l3,0.0
i31,e11,c1,p14,l2,0.0
i31,e11,c1,p14,l3,0.0
i31,e11,c1,p15,l2,0.0
i31,e11,c1,p15,l3,0.0
i31,e11,c1,p16,l2,0.0
i31,e11,c1,p16,l3,0.0
i31,e11,c1,p17,l2,0.0
i31,e11,c1,p17,l3,0.0
i31,e11,c1,p18,l2,0.0
i31,e11,c1,p18,l3,0.0
i31,e11,c1,p19,l2,0.0
i31,e11,c1,p19,l3,0.0
i31,e11,c1,p20,l2,0.0
i31,e11,c1,p20,l3,0.0
i31,e11,c1,p21,l2,0.0
i31,e11,c1,p21,l3,0.0
i31,e11,c1,p22,l2,0.0
i31,e11,c1,p22,l3,0.0
i31,e11,c1,p23,l2,0.0
i31,e11,c1,p23,l3,0.0
i31,e11,c1,p24,l2,0.0
i31,e11,c1,p24,l3,0.0
i31,e11,c1,p25,l3,0.0
i31,e11,c1,p26,l3,0.0
i31,e11,c1,p27,l3,0.0
i31,e11,c1,p28,l2,0.0
i31,e11,c1,p28,l3,0.0
i31,e11,c1,p29,l2,0.0
i31,e11,c1,p29,l3,0.0
i31,e11,c1,p32,l2,0.0
i31,e11,c1,p32,l3,0.0
i31,e11,c1,p33,l3,0.0
i31,e11,c1,p35,l2,0.0
i31,e11,c1,p35,l3,17.0
i31,e11,c4,p03,l2,0.0
i31,e11,c4,p03,l3,0.0
i31,e11,c4,p04,l3,0.0
i31,e11,c4,p06,l3,0.0
i31,e11,c4,p07,l2,0.0
i31,e11,c4,p07,l3,0.0
i31,e11,c4,p08,l3,0.0
i31,e11,c4,p10,l2,0.0
i31,e11,c4,p10,l3,0.0
i31,e11,c4,p11,l2,0.0
i31,e11,c4,p11,l3,0.0
i31,e11,c4,p12,l3,0.0
i31,e11,c4,p13,l2,0.0
i31,e11,c4,p13,l3,0.0
i31,e11,c4,p14,l2,0.0
i31,e11,c4,p14,l3,0.0
i31,e11,c4,p15,l2,0.0
i31,e11,c4,p15,l3,0.0
i31,e11,c4,p16,l2,0.0
i31,e11,c4,p16,l3,0.0
i31,e11,c4,p17,l2,0.0
i31,e11,c4,p17,l3,0.0
i31,e11,c4,p19,l2,0.0
i31,e11,c4,p19,l3,0.0
i31,e11,c4,p20,l2,0.0
i31,e11,c4,p20,l3,0.0
i31,e11,c4,p21,l2,0.0
i31,e11,c4,p21,l3,0.0
i31,e11,c4,p23,l3,0.0
i31,e11,c4,p24,l3,0.0
i31,e11,c4,p28,l3,0.0
i31,e11,c4,p29,l3,0.0
i31,e11,c4,p35,l2,0.0
i31,e11,c4,p35,l3,0.0
i31,e12,c1,p01,l3,0.0
i31,e12,c1,p02,l3,0.0
i31,e12,c1,p03,l3,0.0
i31,e12,c1,p04,l3,0.0
i31,e12,c1,p05,l3,0.0
i31,e12,c1,p06,l3,0.0
i31,e12,c1,p07,l3,0.0
i31,e12,c1,p08,l3,0.0
i31,e12,c1,p09,l3,0.0
i31,e12,c1,p10,l3,0.0
i31,e12,c1,p11,l3,0.0
i31,e12,c1,p12,l3,0.0
i31,e12,c1,p13,l3,0.0
i31,e12,c1,p14,l3,0.0
i31,e12,c1,p15,l3,0.0
i31,e12,c1,p16,l3,0.0
i31,e12,c1,p17,l3,0.0
i31,e12,c1,p18,l3,0.0
i31,e12,c1,p19,l3,0.0
i31,e12,c1,p20,l3,0.0
i31,e12,c1,p21,l3,0.0
i31,e12,c1,p22,l3,0.0
i31,e12,c1,p23,l3,0.0
i31,e12,c1,p24,l3,0.0
i31,e12,c1,p28,l3,0.0
i31,e12,c1,p29,l3,0.0
i31,e12,c1,p35,l3,0.0
i31,e12,c4,p03,l3,0.0
i31,e12,c4,p05,l3,0.0
i31,e12,c4,p07,l3,0.0
i31,e12,c4,p11,l3,0.0
i31,e12,c4,p13,l3,0.0
i31,e12,c4,p14,l3,0.0
i31,e12,c4,p16,l3,0.0
i31,e12,c4,p17,l3,0.0
i31,e12,c4,p19,l3,0.0
i31,e12,c4,p20,l3,0.0
i31,e12,c4,p21,l3,0.0
i31,e12,c4,p24,l3,0.0
i31,e12,c4,p35,l3,0.0
i32,e01,c3,p02,l3,0.0
i32,e01,c3,p04,l3,0.0
i32,e01,c3,p35,l3,0.0
i32,e01,c5,p01,l3,0.0
i32,e01,c5,p02,l3,0.0
i32,e01,c5,p03,l3,0.0
i32,e01,c5,p04,l3,0.0
i32,e01,c5,p05,l3,0.0
i32,e01,c5,p06,l3,0.0
i32,e01,c5,p07,l3,0.0
i32,e01,c5,p08,l3,0.0
i32,e01,c5,p09,l3,0.0
i32,e01,c5,p10,l3,0.0
i32,e01,c5,p11,l3,0.0
i32,e01,c5,p12,l3,0.0
i32,e01,c5,p13,l3,0.0
i32,e01,c5,p14,l3,0.0
i32,e01,c5,p15,l3,0.0
i32,e01,c5,p16,l3,0.0
i32,e01,c5,p17,l3,0.0
i32,e01,c5,p18,l3,0.0
i32,e01,c5,p19,l3,0.0
i32,e01,c5,p20,l3,0.0
i32,e01,c5,p21,l3,0.0
i32,e01,c5,p22,l3,0.0
i32,e01,c5,p23,l3,0.0
i32,e01,c5,p24,l3,0.0
i32,e01,c5,p25,l3,0.0
i32,e01,c5,p26,l3,0.0
i32,e01,c5,p28,l3,0.0
i32,e01,c5,p29,l3,0.0
i32,e01,c5,p31,l3,0.0
i32,e01,c5,p32,l3,0.0
i32,e01,c5,p35,l3,0.0
i32,e03,c5,p11,l3,0.0
i32,e03,c5,p35,l3,0.0
i32,e04,c3,p02,l1,0.0
i32,e04,c3,p02,l3,0.0
i32,e04,c3,p04,l1,0.0
i32,e04,c3,p04,l3,0.0
i32,e04,c3,p35,l1,0.0
i32,e04,c3,p35,l3,0.0
i32,e04,c5,p01,l1,0.0
i32,e04,c5,p01,l3,0.0
i32,e04,c5,p02,l1,0.0
i32,e04,c5,p02,l3,0.0
i32,e04,c5,p03,l1,0.0
i32,e04,c5,p03,l3,0.0
i32,e04,c5,p04,l1,0.0
i32,e04,c5,p04,l3,0.0
i32,e04,c5,p05,l1,0.0
i32,e04,c5,p05,l3,0.0
i32,e04,c5,p06,l1,0.0
i32,e04,c5,p06,l3,0.0
i32,e04,c5,p07,l1,0.0
i32,e04,c5,p07,l3,0.0
i32,e04,c5,p08,l1,0.0
i32,e04,c5,p08,l3,0.0
i32,e04,c5,p09,l1,0.0
i32,e04,c5,p09,l3,0.0
i32,e04,c5,p10,l1,0.0
i32,e04,c5,p10,l3,0.0
i32,e04,c5,p11,l1,0.0
i32,e04,c5,p11,l3,0.0
i32,e04,c5,p12,l1,0.0
i32,e04,c5,p12,l3,0.0
i32,e04,c5,p13,l1,0.0
i32,e04,c5,p13,l3,0.0
i32,e04,c5,p14,l1,0.0
i32,e04,c5,p14,l3,0.0
i32,e04,c5,p15,l1,0.0
i32,e04,c5,p15,l3,0.0
i32,e04,c5,p16,l1,0.0
i32,e04,c5,p16,l3,0.0
i32,e04,c5,p17,l1,0.0
i32,e04,c5,p17,l3,0.0
i32,e04,c5,p18,l1,0.0
i32,e04,c5,p18,l3,0.0
i32,e04,c5,p19,l1,0.0
i32,e04,c5,p19,l3,0.0
i32,e04,c5,p20,l1,0.0
i32,e04,c5,p20,l3,0.0
i32,e04,c5,p21,l1,0.0
i32,e04,c5,p21,l3,0.0
i32,e04,c5,p22,l3,0.0
i32,e04,c5,p23,l1,0.0
i32,e04,c5,p23,l3,0.0
i32,e04,c5,p24,l1,0.0
i32,e04,c5,p24,l3,0.0
i32,e04,c5,p25,l1,0.0
i32,e04,c5,p25,l3,0.0
i32,e04,c5,p26,l1,0.0
i32,e04,c5,p26,l3,0.0
i32,e04,c5,p28,l1,0.0
i32,e04,c5,p28,l3,0.0
i32,e04,c5,p29,l1,0.0
i32,e04,c5,p29,l3,0.0
i32,e04,c5,p31,l3,0.0
i32,e04,c5,p32,l3,0.0
i32,e04,c5,p35,l1,0.0
i32,e04,c5,p35,l3,0.0
i32,e05,c3,p03,l1,0.0
i32,e05,c3,p03,l3,0.0
i32,e05,c3,p04,l1,0.0
i32,e05,c3,p04,l3,0.0
i32,e05,c3,p35,l3,0.0
i32,e05,c5,p01,l3,0.0
i32,e05,c5,p02,l3,0.0
i32,e05,c5,p03,l3,0.0
i32,e05,c5,p04,l1,0.0
i32,e05,c5,p04,l3,0.0
i32,e05,c5,p05,l1,0.0
i32,e05,c5,p05,l3,0.0
i32,e05,c5,p06,l3,0.0
i32,e05,c5,p07,l3,0.0
i32,e05,c5,p08,l3,0.0
i32,e05,c5,p09,l3,0.0
i32,e05,c5,p10,l1,0.0
i32,e05,c5,p10,l3,0.0
i32,e05,c5,p11,l3,0.0
i32,e05,c5,p12,l3,0.0
i32,e05,c5,p13,l1,0.0
i32,e05,c5,p13,l3,0.0
i32,e05,c5,p14,l3,0.0
i32,e05,c5,p15,l3,0.0
i32,e05,c5,p16,l1,0.0
i32,e05,c5,p16,l3,0.0
i32,e05,c5,p17,l1,0.0
i32,e05,c5,p17,l3,0.0
i32,e05,c5,p18,l3,0.0
i32,e05,c5,p19,l3,0.0
i32,e05,c5,p21,l1,0.0
i32,e05,c5,p21,l3,0.0
i32,e05,c5,p22,l3,0.0
i32,e05,c5,p23,l3,0.0
i32,e05,c5,p24,l3,0.0
i32,e05,c5,p25,l3,0.0
i32,e05,c5,p26,l3,0.0
i32,e05,c5,p28,l3,0.0
i32,e05,c5,p29,l3,0.0
i32,e05,c5,p32,l1,0.0
i32,e05,c5,p32,l3,0.0
i32,e05,c5,p35,l1,0.0
i32,e05,c5,p35,l3,0.0
i32,e08,c3,p02,l2,0.0
i32,e08,c3,p02,l3,0.0
i32,e08,c3,p04,l2,0.0
i32,e08,c3,p04,l3,0.0
i32,e08,c3,p35,l2,0.0
i32,e08,c3,p35,l3,0.0
i32,e08,c5,p01,l2,0.0
i32,e08,c5,p01,l3,0.0
i32,e08,c5,p02,l2,0.0
i32,e08,c5,p02,l3,0.0
i32,e08,c5,p03,l2,0.0
i32,e08,c5,p03,l3,0.0
i32,e08,c5,p04,l2,0.0
i32,e08,c5,p04,l3,0.0
i32,e08,c5,p05,l2,0.0
i32,e08,c5,p05,l3,0.0
i32,e08,c5,p06,l2,0.0
i32,e08,c5,p06,l3,0.0
i32,e08,c5,p07,l2,0.0
i32,e08,c5,p07,l3,0.0
i32,e08,c5,p08,l2,0.0
i32,e08,c5,p08,l3,0.0
i32,e08,c5,p09,l2,0.0
i32,e08,c5,p09,l3,0.0
i32,e08,c5,p10,l2,0.0
i32,e08,c5,p10,l3,0.0
i32,e08,c5,p11,l2,0.0
i32,e08,c5,p11,l3,0.0
i32,e08,c5,p12,l2,0.0
i32,e08,c5,p12,l3,0.0
i32,e08,c5,p13,l2,0.0
i32,e08,c5,p13,l3,0.0
i32,e08,c5,p14,l2,0.0
i32,e08,c5,p14,l3,0.0
i32,e08,c5,p15,l2,0.0
i32,e08,c5,p15,l3,0.0
i32,e08,c5,p16,l2,0.0
i32,e08,c5,p16,l3,0.0
i32,e08,c5,p17,l2,0.0
i32,e08,c5,p17,l3,0.0
i32,e08,c5,p18,l2,0.0
i32,e08,c5,p18,l3,0.0
i32,e08,c5,p19,l2,0.0
i32,e08,c5,p19,l3,0.0
i32,e08,c5,p20,l3,0.0
i32,e08,c5,p21,l2,0.0
i32,e08,c5,p21,l3,0.0
i32,e08,c5,p22,l2,0.0
i32,e08,c5,p22,l3,0.0
i32,e08,c5,p23,l2,0.0
i32,e08,c5,p23,l3,0.0
i32,e08,c5,p24,l2,0.0
i32,e08,c5,p24,l3,0.0
i32,e08,c5,p25,l2,0.0
i32,e08,c5,p25,l3,0.0
i32,e08,c5,p26,l2,0.0
i32,e08,c5,p26,l3,0.0
i32,e08,c5,p28,l2,0.0
i32,e08,c5,p28,l3,0.0
i32,e08,c5,p29,l2,0.0
i32,e08,c5,p29,l3,0.0
i32,e08,c5,p31,l2,0.0
i32,e08,c5,p31,l3,0.0
i32,e08,c5,p32,l2,0.0
i32,e08,c5,p32,l3,0.0
i32,e08,c5,p35,l2,0.0
i32,e08,c5,p35,l3,2.0
i32,e09,c3,p02,l2,0.0
i32,e09,c3,p02,l3,0.0
i32,e09,c3,p04,l3,0.0
i32,e09,c3,p35,l3,0.0
i32,e09,c5,p01,l2,0.0
i32,e09,c5,p01,l3,0.0
i32,e09,c5,p02,l2,0.0
i32,e09,c5,p02,l3,0.0
i32,e09,c5,p03,l2,0.0
i32,e09,c5,p03,l3,0.0
i32,e09,c5,p04,l2,0.0
i32,e09,c5,p04,l3,0.0
i32,e09,c5,p05,l2,0.0
i32,e09,c5,p05,l3,0.0
i32,e09,c5,p06,l3,0.0
i32,e09,c5,p07,l2,0.0
i32,e09,c5,p07,l3,0.0
i32,e09,c5,p08,l2,0.0
i32,e09,c5,p08,l3,0.0
i32,e09,c5,p09,l2,0.0
i32,e09,c5,p09,l3,0.0
i32,e09,c5,p10,l2,0.0
i32,e09,c5,p10,l3,0.0
i32,e09,c5,p11,l2,0.0
i32,e09,c5,p11,l3,0.0
i32,e09,c5,p12,l2,0.0
i32,e09,c5,p12,l3,0.0
i32,e09,c5,p13,l2,0.0
i32,e09,c5,p13,l3,0.0
i32,e09,c5,p14,l2,0.0
i32,e09,c5,p14,l3,0.0
i32,e09,c5,p15,l2,0.0
i32,e09,c5,p15,l3,0.0
i32,e09,c5,p16,l2,0.0
i32,e09,c5,p16,l3,0.0
i32,e09,c5,p17,l2,0.0
i32,e09,c5,p17,l3,0.0
i32,e09,c5,p18,l2,0.0
i32,e09,c5,p18,l3,0.0
i32,e09,c5,p19,l2,0.0
i32,e09,c5,p19,l3,0.0
i32,e09,c5,p20,l2,0.0
i32,e09,c5,p20,l3,0.0
i32,e09,c5,p21,l2,0.0
i32,e09,c5,p21,l3,0.0
i32,e09,c5,p22,l3,0.0
i32,e09,c5,p23,l3,0.0
i32,e09,c5,p24,l2,0.0
i32,e09,c5,p24,l3,0.0
i32,e09,c5,p25,l2,0.0
i32,e09,c5,p25,l3,0.0
i32,e09,c5,p26,l2,0.0
i32,e09,c5,p26,l3,0.0
i32,e09,c5,p28,l2,0.0
i32,e09,c5,p28,l3,0.0
i32,e09,c5,p29,l2,0.0
i32,e09,c5,p29,l3,0.0
i32,e09,c5,p31,l3,0.0
i32,e09,c5,p32,l2,0.0
i32,e09,c5,p32,l3,0.0
i32,e09,c5,p35,l2,0.0
i32,e09,c5,p35,l3,0.0
i32,e11,c3,p02,l2,0.0
i32,e11,c3,p02,l3,0.0
i32,e11,c3,p04,l2,0.0
i32,e11,c3,p04,l3,0.0
i32,e11,c3,p10,l2,0.0
i32,e11,c3,p10,l3,0.0
i32,e11,c3,p35,l2,0.0
i32,e11,c3,p35,l3,0.0
i32,e11,c5,p01,l2,0.0
i32,e11,c5,p01,l3,0.0
i32,e11,c5,p02,l2,0.0
i32,e11,c5,p02,l3,0.0
i32,e11,c5,p03,l2,0.0
i32,e11,c5,p03,l3,0.0
i32,e11,c5,p04,l2,0.0
i32,e11,c5,p04,l3,0.0
i32,e11,c5,p05,l2,0.0
i32,e11,c5,p05,l3,0.0
i32,e11,c5,p06,l2,0.0
i32,e11,c5,p06,l3,0.0
i32,e11,c5,p07,l2,0.0
i32,e11,c5,p07,l3,0.0
i32,e11,c5,p08,l2,0.0
i32,e11,c5,p08,l3,0.0
i32,e11,c5,p09,l2,0.0
i32,e11,c5,p09,l3,0.0
i32,e11,c5,p10,l2,0.0
i32,e11,c5,p10,l3,0.0
i32,e11,c5,p11,l2,0.0
i32,e11,c5,p11,l3,0.0
i32,e11,c5,p12,l2,0.0
i32,e11,c5,p12,l3,0.0
i32,e11,c5,p13,l2,0.0
i32,e11,c5,p13,l3,0.0
i32,e11,c5,p14,l2,0.0
i32,e11,c5,p14,l3,0.0
i32,e11,c5,p15,l2,0.0
i32,e11,c5,p15,l3,0.0
i32,e11,c5,p16,l2,0.0
i32,e11,c5,p16,l3,0.0
i32,e11,c5,p17,l2,0.0
i32,e11,c5,p17,l3,0.0
i32,e11,c5,p18,l2,0.0
i32,e11,c5,p18,l3,0.0
i32,e11,c5,p19,l2,0.0
i32,e11,c5,p19,l3,0.0
i32,e11,c5,p20,l2,0.0
i32,e11,c5,p20,l3,0.0
i32,e11,c5,p21,l2,0.0
i32,e11,c5,p21,l3,0.0
i32,e11,c5,p22,l2,0.0
i32,e11,c5,p22,l3,0.0
i32,e11,c5,p23,l2,0.0
i32,e11,c5,p23,l3,0.0
i32,e11,c5,p24,l2,0.0
i32,e11,c5,p24,l3,0.0
i32,e11,c5,p25,l2,0.0
i32,e11,c5,p25,l3,0.0
i32,e11,c5,p26,l2,0.0
i32,e11,c5,p26,l3,0.0
i32,e11,c5,p28,l2,0.0
i32,e11,c5,p28,l3,0.0
i32,e11,c5,p29,l2,0.0
i32,e11,c5,p29,l3,0.0
i32,e11,c5,p31,l2,0.0
i32,e11,c5,p31,l3,0.0
i32,e11,c5,p32,l2,0.0
i32,e11,c5,p32,l3,0.0
i32,e11,c5,p35,l2,0.0
i32,e11,c5,p35,l3,4.0
i32,e12,c3,p02,l3,0.0
i32,e12,c3,p04,l3,0.0
i32,e12,c3,p35,l3,0.0
i32,e12,c5,p01,l3,0.0
i32,e12,c5,p02,l3,0.0
i32,e12,c5,p03,l3,0.0
i32,e12,c5,p04,l3,0.0
i32,e12,c5,p05,l3,0.0
i32,e12,c5,p06,l3,0.0
i32,e12,c5,p07,l3,0.0
i32,e12,c5,p08,l3,0.0
i32,e12,c5,p09,l3,0.0
i32,e12,c5,p10,l3,0.0
i32,e12,c5,p11,l3,0.0
i32,e12,c5,p12,l3,0.0
i32,e12,c5,p13,l3,0.0
i32,e12,c5,p14,l3,0.0
i32,e12,c5,p15,l3,0.0
i32,e12,c5,p16,l3,0.0
i32,e12,c5,p17,l3,0.0
i32,e12,c5,p18,l3,0.0
i32,e12,c5,p19,l3,0.0
i32,e12,c5,p20,l3,0.0
i32,e12,c5,p21,l3,0.0
i32,e12,c5,p22,l3,0.0
i32,e12,c5,p23,l3,0.0
i32,e12,c5,p24,l3,0.0
i32,e12,c5,p25,l3,0.0
i32,e12,c5,p26,l3,0.0
i32,e12,c5,p28,l3,0.0
i32,e12,c5,p29,l3,0.0
i32,e12,c5,p31,l3,0.0
i32,e12,c5,p32,l3,0.0
i32,e12,c5,p35,l3,0.0
i33,e01,c1,p01,l3,0.0
i33,e01,c1,p02,l3,0.0
i33,e01,c1,p03,l3,0.0
i33,e01,c1,p04,l3,0.0
i33,e01,c1,p05,l3,0.0
i33,e01,c1,p06,l3,0.0
i33,e01,c1,p07,l3,0.0
i33,e01,c1,p08,l3,0.0
i33,e01,c1,p09,l3,0.0
i33,e01,c1,p10,l3,0.0
i33,e01,c1,p11,l3,0.0
i33,e01,c1,p12,l3,0.0
i33,e01,c1,p13,l3,0.0
i33,e01,c1,p14,l3,0.0
i33,e01,c1,p15,l3,0.0
i33,e01,c1,p16,l3,3.0
i33,e01,c1,p17,l3,0.0
i33,e01,c1,p18,l3,0.0
i33,e01,c1,p19,l3,0.0
i33,e01,c1,p20,l3,0.0
i33,e01,c1,p21,l3,0.0
i33,e01,c1,p22,l3,0.0
i33,e01,c1,p23,l3,0.0
i33,e01,c1,p24,l3,1.0
i33,e01,c1,p25,l3,0.0
i33,e01,c1,p26,l3,0.0
i33,e01,c1,p28,l3,0.0
i33,e01,c1,p29,l3,0.0
i33,e01,c1,p31,l3,0.0
i33,e01,c1,p32,l3,0.0
i33,e01,c1,p35,l3,0.0
i33,e01,c4,p01,l3,0.0
i33,e01,c4,p03,l3,0.0
i33,e01,c4,p04,l3,0.0
i33,e01,c4,p05,l3,0.0
i33,e01,c4,p08,l3,0.0
i33,e01,c4,p10,l3,0.0
i33,e01,c4,p11,l3,0.0
i33,e01,c4,p12,l3,0.0
i33,e01,c4,p13,l3,0.0
i33,e01,c4,p15,l3,0.0
i33,e01,c4,p16,l3,0.0
i33,e01,c4,p17,l3,0.0
i33,e01,c4,p18,l3,0.0
i33,e01,c4,p19,l3,0.0
i33,e01,c4,p21,l3,0.0
i33,e03,c1,p01,l3,0.0
i33,e03,c1,p02,l3,0.0
i33,e03,c1,p03,l3,0.0
i33,e03,c1,p04,l3,0.0
i33,e03,c1,p05,l3,2.0
i33,e03,c1,p06,l3,0.0
i33,e03,c1,p07,l3,0.0
i33,e03,c1,p08,l3,0.0
i33,e03,c1,p09,l3,0.0
i33,e03,c1,p10,l3,6.0
i33,e03,c1,p11,l3,0.0
i33,e03,c1,p12,l3,2.0
i33,e03,c1,p13,l3,0.0
i33,e03,c1,p14,l3,0.0
i33,e03,c1,p15,l3,0.0
i33,e03,c1,p16,l3,0.0
i33,e03,c1,p17,l3,0.0
i33,e03,c1,p18,l3,0.0
i33,e03,c1,p19,l3,0.0
i33,e03,c1,p20,l3,0.0
i33,e03,c1,p21,l3,0.0
i33,e03,c1,p22,l3,2.0
i33,e03,c1,p23,l3,0.0
i33,e03,c1,p24,l3,0.0
i33,e03,c1,p25,l3,0.0
i33,e03,c1,p26,l3,0.0
i33,e03,c1,p28,l3,0.0
i33,e03,c1,p29,l3,0.0
i33,e03,c1,p30,l3,0.0
i33,e03,c1,p31,l3,0.0
i33,e03,c1,p32,l3,0.0
i33,e03,c1,p33,l3,0.0
i33,e03,c1,p34,l3,0.0
i33,e03,c1,p35,l3,0.0
i33,e03,c4,p01,l3,0.0
i33,e03,c4,p03,l3,0.0
i33,e03,c4,p04,l3,0.0
i33,e03,c4,p05,l3,0.0
i33,e03,c4,p07,l3,0.0
i33,e03,c4,p08,l3,0.0
i33,e03,c4,p09,l3,0.0
i33,e03,c4,p10,l3,0.0
i33,e03,c4,p11,l3,0.0
i33,e03,c4,p13,l3,0.0
i33,e03,c4,p14,l3,0.0
i33,e03,c4,p15,l3,0.0
i33,e03,c4,p16,l3,0.0
i33,e03,c4,p17,l3,0.0
i33,e03,c4,p18,l3,0.0
i33,e03,c4,p19,l3,0.0
i33,e03,c4,p21,l3,0.0
i33,e03,c4,p24,l3,0.0
i33,e03,c4,p35,l3,0.0
i33,e03,c7,p10,l3,0.0
i33,e04,c1,p01,l3,0.0
i33,e04,c1,p02,l3,0.0
i33,e04,c1,p03,l3,0.0
i33,e04,c1,p04,l3,0.0
i33,e04,c1,p05,l3,0.0
i33,e04,c1,p06,l3,1.0
i33,e04,c1,p07,l3,0.0
i33,e04,c1,p08,l3,0.0
i33,e04,c1,p09,l3,0.0
i33,e04,c1,p10,l3,2.0
i33,e04,c1,p11,l3,0.0
i33,e04,c1,p12,l3,0.0
i33,e04,c1,p13,l3,0.0
i33,e04,c1,p14,l3,0.0
i33,e04,c1,p15,l3,0.0
i33,e04,c1,p16,l3,0.0
i33,e04,c1,p17,l3,0.0
i33,e04,c1,p18,l3,0.0
i33,e04,c1,p19,l3,0.0
i33,e04,c1,p20,l3,0.0
i33,e04,c1,p21,l3,0.0
i33,e04,c1,p22,l3,0.0
i33,e04,c1,p23,l3,0.0
i33,e04,c1,p24,l3,0.0
i33,e04,c1,p25,l3,0.0
i33,e04,c1,p26,l3,0.0
i33,e04,c1,p28,l3,0.0
i33,e04,c1,p29,l3,0.0
i33,e04,c1,p31,l3,0.0
i33,e04,c1,p32,l3,0.0
i33,e04,c1,p33,l3,0.0
i33,e04,c1,p35,l3,0.0
i33,e04,c4,p01,l3,0.0
i33,e04,c4,p03,l3,0.0
i33,e04,c4,p05,l3,0.0
i33,e04,c4,p07,l3,0.0
i33,e04,c4,p08,l3,0.0
i33,e04,c4,p09,l3,0.0
i33,e04,c4,p10,l3,0.0
i33,e04,c4,p11,l3,0.0
i33,e04,c4,p13,l3,0.0
i33,e04,c4,p15,l3,0.0
i33,e04,c4,p16,l3,0.0
i33,e04,c4,p19,l3,0.0
i33,e04,c7,p10,l3,0.0
i33,e05,c1,p01,l3,0.0
i33,e05,c1,p02,l3,0.0
i33,e05,c1,p03,l3,0.0
i33,e05,c1,p04,l3,0.0
i33,e05,c1,p05,l3,0.0
i33,e05,c1,p06,l3,0.0
i33,e05,c1,p07,l3,0.0
i33,e05,c1,p08,l3,0.0
i33,e05,c1,p10,l3,0.0
i33,e05,c1,p11,l3,0.0
i33,e05,c1,p12,l3,0.0
i33,e05,c1,p13,l3,0.0
i33,e05,c1,p14,l3,0.0
i33,e05,c1,p15,l3,0.0
i33,e05,c1,p16,l3,0.0
i33,e05,c1,p17,l3,0.0
i33,e05,c1,p18,l3,0.0
i33,e05,c1,p19,l3,0.0
i33,e05,c1,p21,l3,0.0
i33,e05,c1,p22,l3,0.0
i33,e05,c1,p24,l3,0.0
i33,e05,c1,p25,l3,0.0
i33,e05,c1,p26,l3,0.0
i33,e05,c1,p28,l3,0.0
i33,e05,c1,p29,l3,0.0
i33,e05,c1,p32,l3,0.0
i33,e05,c1,p35,l3,0.0
i33,e05,c4,p03,l3,0.0
i33,e05,c4,p10,l3,0.0
i33,e05,c4,p19,l3,0.0
i33,e05,c4,p35,l3,0.0
i33,e08,c1,p01,l3,0.0
i33,e08,c1,p02,l3,0.0
i33,e08,c1,p03,l3,0.0
i33,e08,c1,p04,l3,0.0
i33,e08,c1,p05,l3,0.0
i33,e08,c1,p06,l3,0.0
i33,e08,c1,p07,l3,0.0
i33,e08,c1,p08,l3,0.0
i33,e08,c1,p09,l3,0.0
i33,e08,c1,p10,l3,0.0
i33,e08,c1,p11,l3,0.0
i33,e08,c1,p12,l3,0.0
i33,e08,c1,p13,l3,0.0
i33,e08,c1,p14,l3,0.0
i33,e08,c1,p15,l3,0.0
i33,e08,c1,p16,l3,0.0
i33,e08,c1,p17,l3,0.0
i33,e08,c1,p18,l3,0.0
i33,e08,c1,p19,l3,0.0
i33,e08,c1,p20,l3,0.0
i33,e08,c1,p21,l3,0.0
i33,e08,c1,p22,l3,0.0
i33,e08,c1,p23,l3,0.0
i33,e08,c1,p24,l3,0.0
i33,e08,c1,p25,l3,0.0
i33,e08,c1,p26,l3,0.0
i33,e08,c1,p28,l3,0.0
i33,e08,c1,p29,l3,0.0
i33,e08,c1,p30,l3,0.0
i33,e08,c1,p31,l3,0.0
i33,e08,c1,p32,l3,0.0
i33,e08,c1,p33,l3,0.0
i33,e08,c1,p34,l3,0.0
i33,e08,c1,p35,l3,0.0
i33,e08,c4,p01,l3,0.0
i33,e08,c4,p02,l3,0.0
i33,e08,c4,p03,l3,0.0
i33,e08,c4,p04,l3,0.0
i33,e08,c4,p05,l3,0.0
i33,e08,c4,p07,l3,0.0
i33,e08,c4,p08,l3,0.0
i33,e08,c4,p09,l3,0.0
i33,e08,c4,p10,l3,0.0
i33,e08,c4,p11,l3,0.0
i33,e08,c4,p12,l3,0.0
i33,e08,c4,p13,l3,0.0
i33,e08,c4,p15,l3,0.0
i33,e08,c4,p16,l3,0.0
i33,e08,c4,p17,l3,0.0
i33,e08,c4,p18,l3,0.0
i33,e08,c4,p19,l3,0.0
i33,e08,c4,p21,l3,0.0
i33,e08,c4,p24,l3,0.0
i33,e08,c4,p31,l3,0.0
i33,e08,c4,p32,l3,0.0
i33,e09,c1,p01,l3,0.0
i33,e09,c1,p02,l3,0.0
i33,e09,c1,p03,l3,0.0
i33,e09,c1,p04,l3,0.0
i33,e09,c1,p05,l3,0.0
i33,e09,c1,p06,l3,0.0
i33,e09,c1,p07,l3,0.0
i33,e09,c1,p08,l3,0.0
i33,e09,c1,p09,l3,0.0
i33,e09,c1,p10,l3,0.0
i33,e09,c1,p11,l3,0.0
i33,e09,c1,p12,l3,0.0
i33,e09,c1,p13,l3,0.0
i33,e09,c1,p14,l3,0.0
i33,e09,c1,p15,l3,0.0
i33,e09,c1,p16,l3,1.0
i33,e09,c1,p17,l3,0.0
i33,e09,c1,p18,l3,0.0
i33,e09,c1,p19,l3,0.0
i33,e09,c1,p20,l3,0.0
i33,e09,c1,p21,l3,0.0
i33,e09,c1,p22,l3,0.0
i33,e09,c1,p23,l3,0.0
i33,e09,c1,p24,l3,0.0
i33,e09,c1,p25,l3,0.0
i33,e09,c1,p26,l3,0.0
i33,e09,c1,p28,l3,0.0
i33,e09,c1,p29,l3,0.0
i33,e09,c1,p31,l3,0.0
i33,e09,c1,p32,l3,0.0
i33,e09,c1,p33,l3,0.0
i33,e09,c1,p35,l3,0.0
i33,e09,c4,p01,l3,0.0
i33,e09,c4,p03,l3,0.0
i33,e09,c4,p05,l3,0.0
i33,e09,c4,p08,l3,0.0
i33,e09,c4,p10,l3,0.0
i33,e09,c4,p13,l3,0.0
i33,e09,c4,p15,l3,0.0
i33,e09,c4,p16,l3,0.0
i33,e09,c4,p17,l3,0.0
i33,e09,c4,p19,l3,0.0
i33,e09,c4,p21,l3,0.0
i33,e10,c1,p01,l3,0.0
i33,e10,c1,p02,l3,0.0
i33,e10,c1,p03,l3,2.0
i33,e10,c1,p04,l3,0.0
i33,e10,c1,p05,l3,0.0
i33,e10,c1,p06,l3,0.0
i33,e10,c1,p07,l3,0.0
i33,e10,c1,p08,l3,0.0
i33,e10,c1,p09,l3,0.0
i33,e10,c1,p10,l3,0.0
i33,e10,c1,p11,l3,0.0
i33,e10,c1,p12,l3,0.0
i33,e10,c1,p13,l3,0.0
i33,e10,c1,p14,l3,0.0
i33,e10,c1,p15,l3,0.0
i33,e10,c1,p16,l3,0.0
i33,e10,c1,p17,l3,0.0
i33,e10,c1,p18,l3,0.0
i33,e10,c1,p19,l3,0.0
i33,e10,c1,p20,l3,0.0
i33,e10,c1,p21,l3,0.0
i33,e10,c1,p22,l3,0.0
i33,e10,c1,p23,l3,0.0
i33,e10,c1,p24,l3,0.0
i33,e10,c1,p25,l3,0.0
i33,e10,c1,p26,l3,0.0
i33,e10,c1,p28,l3,0.0
i33,e10,c1,p29,l3,0.0
i33,e10,c1,p30,l3,0.0
i33,e10,c1,p31,l3,0.0
i33,e10,c1,p32,l3,0.0
i33,e10,c1,p33,l3,0.0
i33,e10,c1,p34,l3,0.0
i33,e10,c1,p35,l3,0.0
i33,e10,c4,p01,l3,0.0
i33,e10,c4,p03,l3,0.0
i33,e10,c4,p05,l3,0.0
i33,e10,c4,p07,l3,0.0
i33,e10,c4,p10,l3,0.0
i33,e10,c4,p11,l3,0.0
i33,e10,c4,p16,l3,0.0
i33,e10,c4,p17,l3,0.0
i33,e10,c4,p18,l3,0.0
i33,e10,c4,p19,l3,0.0
i33,e10,c4,p21,l3,0.0
i33,e11,c1,p01,l3,0.0
i33,e11,c1,p02,l3,0.0
i33,e11,c1,p03,l3,0.0
i33,e11,c1,p04,l3,0.0
i33,e11,c1,p05,l3,0.0
i33,e11,c1,p06,l3,0.0
i33,e11,c1,p07,l3,0.0
i33,e11,c1,p08,l3,0.0
i33,e11,c1,p09,l3,0.0
i33,e11,c1,p10,l3,0.0
i33,e11,c1,p11,l3,0.0
i33,e11,c1,p12,l3,0.0
i33,e11,c1,p13,l3,0.0
i33,e11,c1,p14,l3,0.0
i33,e11,c1,p15,l3,0.0
i33,e11,c1,p16,l3,0.0
i33,e11,c1,p17,l3,0.0
i33,e11,c1,p18,l3,0.0
i33,e11,c1,p19,l3,0.0
i33,e11,c1,p21,l3,0.0
i33,e11,c1,p22,l3,0.0
i33,e11,c1,p23,l3,0.0
i33,e11,c1,p24,l3,0.0
i33,e11,c1,p25,l3,0.0
i33,e11,c1,p26,l3,0.0
i33,e11,c1,p28,l3,0.0
i33,e11,c1,p29,l3,0.0
i33,e11,c1,p32,l3,0.0
i33,e11,c1,p35,l3,0.0
i33,e11,c4,p05,l3,0.0
i33,e11,c4,p07,l3,0.0
i33,e11,c4,p10,l3,0.0
i34,e01,c3,p01,l3,0.0
i34,e01,c3,p02,l3,0.0
i34,e01,c3,p03,l3,0.0
i34,e01,c3,p04,l3,0.0
i34,e01,c3,p05,l3,0.0
i34,e01,c3,p06,l3,0.0
i34,e01,c3,p07,l3,0.0
i34,e01,c3,p08,l3,0.0
i34,e01,c3,p09,l3,0.0
i34,e01,c3,p10,l3,0.0
i34,e01,c3,p11,l3,0.0
i34,e01,c3,p12,l3,0.0
i34,e01,c3,p13,l3,0.0
i34,e01,c3,p14,l3,0.0
i34,e01,c3,p15,l3,0.0
i34,e01,c3,p16,l3,0.0
i34,e01,c3,p17,l3,0.0
i34,e01,c3,p18,l3,0.0
i34,e01,c3,p19,l3,0.0
i34,e01,c3,p20,l3,0.0
i34,e01,c3,p21,l3,0.0
i34,e01,c3,p22,l3,0.0
i34,e01,c3,p23,l3,0.0
i34,e01,c3,p24,l3,0.0
i34,e01,c3,p25,l3,0.0
i34,e01,c3,p26,l3,0.0
i34,e01,c3,p28,l3,0.0
i34,e01,c3,p29,l3,0.0
i34,e01,c3,p31,l3,0.0
i34,e01,c3,p32,l3,0.0
i34,e01,c3,p33,l3,0.0
i34,e01,c3,p35,l3,0.0
i34,e01,c5,p01,l3,2.0
i34,e01,c5,p02,l3,3.0
i34,e01,c5,p03,l3,2.0
i34,e01,c5,p04,l3,0.0
i34,e01,c5,p05,l3,1.0
i34,e01,c5,p06,l3,0.0
i34,e01,c5,p07,l3,1.0
i34,e01,c5,p08,l3,0.0
i34,e01,c5,p09,l3,0.0
i34,e01,c5,p10,l3,17.0
i34,e01,c5,p11,l3,0.0
i34,e01,c5,p12,l3,10.0
i34,e01,c5,p13,l3,1.0
i34,e01,c5,p14,l3,0.0
i34,e01,c5,p15,l3,0.0
i34,e01,c5,p16,l3,0.0
i34,e01,c5,p17,l3,3.0
i34,e01,c5,p18,l3,3.0
i34,e01,c5,p19,l3,13.0
i34,e01,c5,p20,l3,0.0
i34,e01,c5,p21,l3,1.0
i34,e01,c5,p22,l3,0.0
i34,e01,c5,p23,l3,3.0
i34,e01,c5,p24,l3,0.0
i34,e01,c5,p25,l3,2.0
i34,e01,c5,p26,l3,0.0
i34,e01,c5,p27,l3,0.0
i34,e01,c5,p28,l3,0.0
i34,e01,c5,p29,l3,9.0
i34,e01,c5,p30,l3,0.0
i34,e01,c5,p31,l3,0.0
i34,e01,c5,p32,l3,8.0
i34,e01,c5,p33,l3,0.0
i34,e01,c5,p35,l3,9.0
i34,e02,c3,p01,l1,0.0
i34,e02,c3,p01,l3,0.0
i34,e02,c3,p02,l3,0.0
i34,e02,c3,p03,l1,0.0
i34,e02,c3,p03,l3,0.0
i34,e02,c3,p07,l1,0.0
i34,e02,c3,p07,l3,0.0
i34,e02,c3,p10,l1,0.0
i34,e02,c3,p10,l3,0.0
i34,e02,c3,p11,l3,0.0
i34,e02,c3,p12,l1,0.0
i34,e02,c3,p12,l3,0.0
i34,e02,c3,p13,l1,0.0
i34,e02,c3,p13,l3,0.0
i34,e02,c3,p14,l3,0.0
i34,e02,c3,p15,l3,0.0
i34,e02,c3,p16,l1,0.0
i34,e02,c3,p17,l1,0.0
i34,e02,c3,p17,l3,0.0
i34,e02,c3,p18,l3,0.0
i34,e02,c3,p19,l1,0.0
i34,e02,c3,p19,l3,0.0
i34,e02,c3,p21,l1,0.0
i34,e02,c3,p21,l3,0.0
i34,e02,c3,p23,l1,0.0
i34,e02,c3,p24,l3,0.0
i34,e02,c3,p29,l1,0.0
i34,e02,c3,p29,l3,0.0
i34,e02,c3,p35,l1,0.0
i34,e02,c3,p35,l3,0.0
i34,e02,c5,p01,l1,0.0
i34,e02,c5,p01,l3,0.0
i34,e02,c5,p02,l1,0.0
i34,e02,c5,p02,l3,0.0
i34,e02,c5,p03,l1,0.0
i34,e02,c5,p03,l3,0.0
i34,e02,c5,p04,l1,0.0
i34,e02,c5,p04,l3,0.0
i34,e02,c5,p05,l1,0.0
i34,e02,c5,p05,l3,0.0
i34,e02,c5,p06,l1,0.0
i34,e02,c5,p06,l3,0.0
i34,e02,c5,p07,l1,0.0
i34,e02,c5,p07,l3,0.0
i34,e02,c5,p08,l1,0.0
i34,e02,c5,p08,l3,0.0
i34,e02,c5,p09,l1,0.0
i34,e02,c5,p09,l3,0.0
i34,e02,c5,p10,l1,0.0
i34,e02,c5,p10,l3,0.0
i34,e02,c5,p11,l1,0.0
i34,e02,c5,p11,l3,0.0
i34,e02,c5,p12,l1,0.0
i34,e02,c5,p12,l3,0.0
i34,e02,c5,p13,l1,0.0
i34,e02,c5,p13,l3,0.0
i34,e02,c5,p14,l1,0.0
i34,e02,c5,p14,l3,0.0
i34,e02,c5,p15,l1,0.0
i34,e02,c5,p15,l3,0.0
i34,e02,c5,p16,l1,0.0
i34,e02,c5,p16,l3,0.0
i34,e02,c5,p17,l1,0.0
i34,e02,c5,p17,l3,0.0
i34,e02,c5,p18,l1,0.0
i34,e02,c5,p18,l3,0.0
i34,e02,c5,p19,l1,0.0
i34,e02,c5,p19,l3,0.0
i34,e02,c5,p20,l1,0.0
i34,e02,c5,p20,l3,0.0
i34,e02,c5,p21,l1,0.0
i34,e02,c5,p21,l3,0.0
i34,e02,c5,p22,l1,0.0
i34,e02,c5,p22,l3,0.0
i34,e02,c5,p23,l1,0.0
i34,e02,c5,p23,l3,0.0
i34,e02,c5,p24,l1,0.0
i34,e02,c5,p24,l3,0.0
i34,e02,c5,p25,l1,0.0
i34,e02,c5,p25,l3,0.0
i34,e02,c5,p26,l3,0.0
i34,e02,c5,p28,l1,0.0
i34,e02,c5,p28,l3,0.0
i34,e02,c5,p29,l1,0.0
i34,e02,c5,p29,l3,0.0
i34,e02,c5,p30,l3,0.0
i34,e02,c5,p31,l1,0.0
i34,e02,c5,p31,l3,0.0
i34,e02,c5,p32,l1,0.0
i34,e02,c5,p32,l3,0.0
i34,e02,c5,p35,l1,0.0
i34,e02,c5,p35,l3,0.0
i34,e03,c3,p01,l3,0.0
i34,e03,c3,p02,l3,0.0
i34,e03,c3,p03,l3,0.0
i34,e03,c3,p04,l3,0.0
i34,e03,c3,p05,l3,0.0
i34,e03,c3,p06,l3,0.0
i34,e03,c3,p07,l3,0.0
i34,e03,c3,p08,l3,0.0
i34,e03,c3,p09,l3,0.0
i34,e03,c3,p10,l3,0.0
i34,e03,c3,p11,l3,0.0
i34,e03,c3,p12,l3,0.0
i34,e03,c3,p13,l3,0.0
i34,e03,c3,p14,l3,0.0
i34,e03,c3,p15,l3,0.0
i34,e03,c3,p16,l3,0.0
i34,e03,c3,p17,l3,0.0
i34,e03,c3,p18,l3,0.0
i34,e03,c3,p19,l3,0.0
i34,e03,c3,p20,l3,0.0
i34,e03,c3,p21,l3,0.0
i34,e03,c3,p22,l3,0.0
i34,e03,c3,p23,l3,0.0
i34,e03,c3,p24,l3,0.0
i34,e03,c3,p25,l3,0.0
i34,e03,c3,p26,l3,0.0
i34,e03,c3,p28,l3,0.0
i34,e03,c3,p29,l3,0.0
i34,e03,c3,p30,l3,0.0
i34,e03,c3,p31,l3,0.0
i34,e03,c3,p32,l3,0.0
i34,e03,c3,p33,l3,0.0
i34,e03,c3,p35,l3,0.0
i34,e03,c5,p01,l3,46.0
i34,e03,c5,p02,l3,2.0
i34,e03,c5,p03,l3,63.0
i34,e03,c5,p04,l3,4.0
i34,e03,c5,p05,l3,48.0
i34,e03,c5,p06,l3,6.0
i34,e03,c5,p07,l3,14.0
i34,e03,c5,p08,l3,2.0
i34,e03,c5,p09,l3,9.0
i34,e03,c5,p10,l3,150.0
i34,e03,c5,p11,l3,51.0
i34,e03,c5,p12,l3,34.0
i34,e03,c5,p13,l3,12.0
i34,e03,c5,p14,l3,51.0
i34,e03,c5,p15,l3,10.0
i34,e03,c5,p16,l3,21.0
i34,e03,c5,p17,l3,33.0
i34,e03,c5,p18,l3,41.0
i34,e03,c5,p19,l3,136.0
i34,e03,c5,p20,l3,1.0
i34,e03,c5,p21,l3,19.0
i34,e03,c5,p22,l3,20.0
i34,e03,c5,p23,l3,4.0
i34,e03,c5,p24,l3,15.0
i34,e03,c5,p25,l3,4.0
i34,e03,c5,p26,l3,0.0
i34,e03,c5,p27,l3,0.0
i34,e03,c5,p28,l3,14.0
i34,e03,c5,p29,l3,28.0
i34,e03,c5,p30,l3,0.0
i34,e03,c5,p31,l3,0.0
i34,e03,c5,p32,l3,29.0
i34,e03,c5,p33,l3,0.0
i34,e03,c5,p35,l3,186.0
i34,e03,c8,p35,l3,0.0
i34,e04,c3,p01,l1,0.0
i34,e04,c3,p01,l3,0.0
i34,e04,c3,p02,l1,0.0
i34,e04,c3,p02,l3,0.0
i34,e04,c3,p03,l1,0.0
i34,e04,c3,p03,l3,0.0
i34,e04,c3,p04,l1,0.0
i34,e04,c3,p04,l3,0.0
i34,e04,c3,p05,l1,0.0
i34,e04,c3,p05,l3,0.0
i34,e04,c3,p06,l1,0.0
i34,e04,c3,p06,l3,0.0
i34,e04,c3,p07,l1,0.0
i34,e04,c3,p07,l3,0.0
i34,e04,c3,p08,l1,0.0
i34,e04,c3,p08,l3,0.0
i34,e04,c3,p09,l1,0.0
i34,e04,c3,p09,l3,0.0
i34,e04,c3,p10,l1,0.0
i34,e04,c3,p10,l3,0.0
i34,e04,c3,p11,l1,0.0
i34,e04,c3,p11,l3,0.0
i34,e04,c3,p12,l1,0.0
i34,e04,c3,p12,l3,0.0
i34,e04,c3,p13,l1,0.0
i34,e04,c3,p13,l3,0.0
i34,e04,c3,p14,l1,0.0
i34,e04,c3,p14,l3,0.0
i34,e04,c3,p15,l1,0.0
i34,e04,c3,p15,l3,0.0
i34,e04,c3,p16,l1,0.0
i34,e04,c3,p16,l3,0.0
i34,e04,c3,p17,l1,0.0
i34,e04,c3,p17,l3,0.0
i34,e04,c3,p18,l1,0.0
i34,e04,c3,p18,l3,0.0
i34,e04,c3,p19,l1,0.0
i34,e04,c3,p19,l3,3.0
i34,e04,c3,p20,l1,0.0
i34,e04,c3,p20,l3,0.0
i34,e04,c3,p21,l1,0.0
i34,e04,c3,p21,l3,0.0
i34,e04,c3,p22,l1,0.0
i34,e04,c3,p22,l3,0.0
i34,e04,c3,p23,l1,0.0
i34,e04,c3,p23,l3,0.0
i34,e04,c3,p24,l1,0.0
i34,e04,c3,p24,l3,0.0
i34,e04,c3,p25,l3,0.0
i34,e04,c3,p26,l1,0.0
i34,e04,c3,p26,l3,0.0
i34,e04,c3,p28,l1,0.0
i34,e04,c3,p28,l3,0.0
i34,e04,c3,p29,l1,0.0
i34,e04,c3,p29,l3,0.0
i34,e04,c3,p31,l1,0.0
i34,e04,c3,p31,l3,0.0
i34,e04,c3,p32,l1,0.0
i34,e04,c3,p32,l3,0.0
i34,e04,c3,p33,l3,0.0
i34,e04,c3,p35,l1,0.0
i34,e04,c3,p35,l3,0.0
i34,e04,c5,p01,l1,0.0
i34,e04,c5,p01,l3,5.0
i34,e04,c5,p02,l1,0.0
i34,e04,c5,p02,l3,0.0
i34,e04,c5,p03,l1,0.0
i34,e04,c5,p03,l3,3.0
i34,e04,c5,p04,l1,0.0
i34,e04,c5,p04,l3,0.0
i34,e04,c5,p05,l1,0.0
i34,e04,c5,p05,l3,3.0
i34,e04,c5,p06,l1,0.0
i34,e04,c5,p06,l3,8.0
i34,e04,c5,p07,l1,0.0
i34,e04,c5,p07,l3,0.0
i34,e04,c5,p08,l1,0.0
i34,e04,c5,p08,l3,4.0
i34,e04,c5,p09,l1,0.0
i34,e04,c5,p09,l3,2.0
i34,e04,c5,p10,l1,0.0
i34,e04,c5,p10,l3,11.0
i34,e04,c5,p11,l1,0.0
i34,e04,c5,p11,l3,4.0
i34,e04,c5,p12,l1,0.0
i34,e04,c5,p12,l3,8.0
i34,e04,c5,p13,l1,0.0
i34,e04,c5,p13,l3,5.0
i34,e04,c5,p14,l1,0.0
i34,e04,c5,p14,l3,3.0
i34,e04,c5,p15,l1,0.0
i34,e04,c5,p15,l3,0.0
i34,e04,c5,p16,l1,0.0
i34,e04,c5,p16,l3,0.0
i34,e04,c5,p17,l1,0.0
i34,e04,c5,p17,l3,20.0
i34,e04,c5,p18,l1,0.0
i34,e04,c5,p18,l3,1.0
i34,e04,c5,p19,l1,0.0
i34,e04,c5,p19,l3,26.0
i34,e04,c5,p20,l1,0.0
i34,e04,c5,p20,l3,8.0
i34,e04,c5,p21,l1,0.0
i34,e04,c5,p21,l3,0.0
i34,e04,c5,p22,l1,0.0
i34,e04,c5,p22,l3,2.0
i34,e04,c5,p23,l1,0.0
i34,e04,c5,p23,l3,0.0
i34,e04,c5,p24,l1,0.0
i34,e04,c5,p24,l3,0.0
i34,e04,c5,p25,l1,0.0
i34,e04,c5,p25,l3,0.0
i34,e04,c5,p26,l1,0.0
i34,e04,c5,p26,l3,0.0
i34,e04,c5,p27,l3,0.0
i34,e04,c5,p28,l1,0.0
i34,e04,c5,p28,l3,0.0
i34,e04,c5,p29,l1,0.0
i34,e04,c5,p29,l3,8.0
i34,e04,c5,p30,l1,0.0
i34,e04,c5,p30,l3,0.0
i34,e04,c5,p31,l1,0.0
i34,e04,c5,p31,l3,0.0
i34,e04,c5,p32,l1,0.0
i34,e04,c5,p32,l3,9.0
i34,e04,c5,p33,l1,0.0
i34,e04,c5,p33,l3,0.0
i34,e04,c5,p35,l1,0.0
i34,e04,c5,p35,l3,26.0
i34,e05,c3,p01,l3,0.0
i34,e05,c3,p02,l3,0.0
i34,e05,c3,p03,l3,0.0
i34,e05,c3,p04,l3,0.0
i34,e05,c3,p05,l1,0.0
i34,e05,c3,p05,l3,0.0
i34,e05,c3,p06,l3,0.0
i34,e05,c3,p07,l3,0.0
i34,e05,c3,p08,l1,0.0
i34,e05,c3,p08,l3,0.0
i34,e05,c3,p09,l3,0.0
i34,e05,c3,p10,l1,0.0
i34,e05,c3,p10,l3,0.0
i34,e05,c3,p11,l3,0.0
i34,e05,c3,p12,l1,0.0
i34,e05,c3,p12,l3,0.0
i34,e05,c3,p13,l3,0.0
i34,e05,c3,p14,l3,0.0
i34,e05,c3,p15,l3,0.0
i34,e05,c3,p16,l3,0.0
i34,e05,c3,p17,l3,0.0
i34,e05,c3,p18,l1,0.0
i34,e05,c3,p18,l3,0.0
i34,e05,c3,p19,l1,0.0
i34,e05,c3,p19,l3,0.0
i34,e05,c3,p21,l3,0.0
i34,e05,c3,p22,l3,0.0
i34,e05,c3,p24,l3,0.0
i34,e05,c3,p25,l3,0.0
i34,e05,c3,p28,l3,0.0
i34,e05,c3,p29,l3,0.0
i34,e05,c3,p32,l1,0.0
i34,e05,c3,p32,l3,0.0
i34,e05,c3,p35,l1,0.0
i34,e05,c3,p35,l3,0.0
i34,e05,c5,p01,l1,0.0
i34,e05,c5,p01,l3,0.0
i34,e05,c5,p02,l1,0.0
i34,e05,c5,p02,l3,0.0
i34,e05,c5,p03,l1,0.0
i34,e05,c5,p03,l3,0.0
i34,e05,c5,p04,l1,0.0
i34,e05,c5,p04,l3,0.0
i34,e05,c5,p05,l1,0.0
i34,e05,c5,p05,l3,0.0
i34,e05,c5,p06,l1,0.0
i34,e05,c5,p06,l3,0.0
i34,e05,c5,p07,l1,0.0
i34,e05,c5,p07,l3,0.0
i34,e05,c5,p08,l1,0.0
i34,e05,c5,p08,l3,0.0
i34,e05,c5,p09,l1,0.0
i34,e05,c5,p09,l3,0.0
i34,e05,c5,p10,l1,0.0
i34,e05,c5,p10,l3,0.0
i34,e05,c5,p11,l1,0.0
i34,e05,c5,p11,l3,0.0
i34,e05,c5,p12,l1,0.0
i34,e05,c5,p12,l3,0.0
i34,e05,c5,p13,l1,0.0
i34,e05,c5,p13,l3,0.0
i34,e05,c5,p14,l1,0.0
i34,e05,c5,p14,l3,0.0
i34,e05,c5,p15,l1,0.0
i34,e05,c5,p15,l3,0.0
i34,e05,c5,p16,l1,0.0
i34,e05,c5,p16,l3,0.0
i34,e05,c5,p17,l1,0.0
i34,e05,c5,p17,l3,0.0
i34,e05,c5,p18,l1,0.0
i34,e05,c5,p18,l3,0.0
i34,e05,c5,p19,l1,0.0
i34,e05,c5,p19,l3,0.0
i34,e05,c5,p20,l1,0.0
i34,e05,c5,p20,l3,0.0
i34,e05,c5,p21,l1,0.0
i34,e05,c5,p21,l3,0.0
i34,e05,c5,p22,l1,0.0
i34,e05,c5,p22,l3,0.0
i34,e05,c5,p23,l1,0.0
i34,e05,c5,p23,l3,0.0
i34,e05,c5,p24,l1,0.0
i34,e05,c5,p24,l3,0.0
i34,e05,c5,p25,l1,0.0
i34,e05,c5,p25,l3,0.0
i34,e05,c5,p26,l1,0.0
i34,e05,c5,p26,l3,0.0
i34,e05,c5,p28,l1,0.0
i34,e05,c5,p28,l3,0.0
i34,e05,c5,p29,l1,0.0
i34,e05,c5,p29,l3,0.0
i34,e05,c5,p30,l1,0.0
i34,e05,c5,p30,l3,0.0
i34,e05,c5,p31,l1,0.0
i34,e05,c5,p31,l3,0.0
i34,e05,c5,p32,l1,0.0
i34,e05,c5,p32,l3,0.0
i34,e05,c5,p33,l3,0.0
i34,e05,c5,p35,l1,0.0
i34,e05,c5,p35,l3,0.0
i34,e06,c5,p24,l3,0.0
i34,e07,c5,p10,l3,0.0
i34,e07,c5,p17,l3,0.0
i34,e07,c5,p19,l3,0.0
i34,e07,c5,p23,l3,0.0
i34,e07,c5,p35,l2,0.0
i34,e07,c5,p35,l3,0.0
i34,e08,c3,p01,l2,0.0
i34,e08,c3,p01,l3,0.0
i34,e08,c3,p02,l2,0.0
i34,e08,c3,p02,l3,0.0
i34,e08,c3,p03,l2,0.0
i34,e08,c3,p03,l3,0.0
i34,e08,c3,p04,l2,0.0
i34,e08,c3,p04,l3,0.0
i34,e08,c3,p05,l2,0.0
i34,e08,c3,p05,l3,0.0
i34,e08,c3,p06,l2,0.0
i34,e08,c3,p06,l3,0.0
i34,e08,c3,p07,l2,0.0
i34,e08,c3,p07,l3,0.0
i34,e08,c3,p08,l2,0.0
i34,e08,c3,p08,l3,0.0
i34,e08,c3,p09,l2,0.0
i34,e08,c3,p09,l3,0.0
i34,e08,c3,p10,l2,0.0
i34,e08,c3,p10,l3,0.0
i34,e08,c3,p11,l2,0.0
i34,e08,c3,p11,l3,0.0
i34,e08,c3,p12,l2,0.0
i34,e08,c3,p12,l3,0.0
i34,e08,c3,p13,l2,0.0
i34,e08,c3,p13,l3,0.0
i34,e08,c3,p14,l2,0.0
i34,e08,c3,p14,l3,0.0
i34,e08,c3,p15,l2,0.0
i34,e08,c3,p15,l3,0.0
i34,e08,c3,p16,l2,0.0
i34,e08,c3,p16,l3,0.0
i34,e08,c3,p17,l2,0.0
i34,e08,c3,p17,l3,0.0
i34,e08,c3,p18,l2,0.0
i34,e08,c3,p18,l3,0.0
i34,e08,c3,p19,l2,0.0
i34,e08,c3,p19,l3,0.0
i34,e08,c3,p20,l2,0.0
i34,e08,c3,p20,l3,0.0
i34,e08,c3,p21,l2,0.0
i34,e08,c3,p21,l3,0.0
i34,e08,c3,p22,l2,0.0
i34,e08,c3,p22,l3,0.0
i34,e08,c3,p23,l2,0.0
i34,e08,c3,p23,l3,0.0
i34,e08,c3,p24,l2,0.0
i34,e08,c3,p24,l3,0.0
i34,e08,c3,p25,l3,0.0
i34,e08,c3,p26,l3,0.0
i34,e08,c3,p28,l2,0.0
i34,e08,c3,p28,l3,0.0
i34,e08,c3,p29,l2,0.0
i34,e08,c3,p29,l3,0.0
i34,e08,c3,p31,l2,0.0
i34,e08,c3,p31,l3,0.0
i34,e08,c3,p32,l2,0.0
i34,e08,c3,p32,l3,0.0
i34,e08,c3,p33,l3,0.0
i34,e08,c3,p35,l2,0.0
i34,e08,c3,p35,l3,0.0
i34,e08,c5,p01,l2,0.0
i34,e08,c5,p01,l3,0.0
i34,e08,c5,p02,l2,0.0
i34,e08,c5,p02,l3,0.0
i34,e08,c5,p03,l2,0.0
i34,e08,c5,p03,l3,3.0
i34,e08,c5,p04,l2,0.0
i34,e08,c5,p04,l3,0.0
i34,e08,c5,p05,l2,0.0
i34,e08,c5,p05,l3,4.0
i34,e08,c5,p06,l2,0.0
i34,e08,c5,p06,l3,10.0
i34,e08,c5,p07,l2,0.0
i34,e08,c5,p07,l3,0.0
i34,e08,c5,p08,l2,0.0
i34,e08,c5,p08,l3,8.0
i34,e08,c5,p09,l2,0.0
i34,e08,c5,p09,l3,4.0
i34,e08,c5,p10,l2,0.0
i34,e08,c5,p10,l3,35.0
i34,e08,c5,p11,l2,0.0
i34,e08,c5,p11,l3,3.0
i34,e08,c5,p12,l2,0.0
i34,e08,c5,p12,l3,22.0
i34,e08,c5,p13,l2,0.0
i34,e08,c5,p13,l3,22.0
i34,e08,c5,p14,l2,0.0
i34,e08,c5,p14,l3,3.0
i34,e08,c5,p15,l2,0.0
i34,e08,c5,p15,l3,1.0
i34,e08,c5,p16,l2,0.0
i34,e08,c5,p16,l3,1.0
i34,e08,c5,p17,l2,0.0
i34,e08,c5,p17,l3,27.0
i34,e08,c5,p18,l2,0.0
i34,e08,c5,p18,l3,1.0
i34,e08,c5,p19,l2,0.0
i34,e08,c5,p19,l3,12.0
i34,e08,c5,p20,l2,0.0
i34,e08,c5,p20,l3,40.0
i34,e08,c5,p21,l2,0.0
i34,e08,c5,p21,l3,10.0
i34,e08,c5,p22,l2,0.0
i34,e08,c5,p22,l3,1.0
i34,e08,c5,p23,l2,0.0
i34,e08,c5,p23,l3,0.0
i34,e08,c5,p24,l2,0.0
i34,e08,c5,p24,l3,2.0
i34,e08,c5,p25,l2,0.0
i34,e08,c5,p25,l3,2.0
i34,e08,c5,p26,l2,0.0
i34,e08,c5,p26,l3,0.0
i34,e08,c5,p27,l3,0.0
i34,e08,c5,p28,l2,0.0
i34,e08,c5,p28,l3,0.0
i34,e08,c5,p29,l2,0.0
i34,e08,c5,p29,l3,7.0
i34,e08,c5,p30,l2,0.0
i34,e08,c5,p30,l3,0.0
i34,e08,c5,p31,l2,0.0
i34,e08,c5,p31,l3,0.0
i34,e08,c5,p32,l2,0.0
i34,e08,c5,p32,l3,3.0
i34,e08,c5,p33,l2,0.0
i34,e08,c5,p33,l3,0.0
i34,e08,c5,p35,l2,0.0
i34,e08,c5,p35,l3,53.0
i34,e09,c3,p01,l2,0.0
i34,e09,c3,p01,l3,0.0
i34,e09,c3,p02,l2,0.0
i34,e09,c3,p02,l3,0.0
i34,e09,c3,p03,l2,0.0
i34,e09,c3,p03,l3,0.0
i34,e09,c3,p04,l2,0.0
i34,e09,c3,p04,l3,0.0
i34,e09,c3,p05,l2,0.0
i34,e09,c3,p05,l3,0.0
i34,e09,c3,p06,l2,0.0
i34,e09,c3,p06,l3,0.0
i34,e09,c3,p07,l2,0.0
i34,e09,c3,p07,l3,0.0
i34,e09,c3,p08,l2,0.0
i34,e09,c3,p08,l3,0.0
i34,e09,c3,p09,l2,0.0
i34,e09,c3,p09,l3,0.0
i34,e09,c3,p10,l2,0.0
i34,e09,c3,p10,l3,0.0
i34,e09,c3,p11,l2,0.0
i34,e09,c3,p11,l3,0.0
i34,e09,c3,p12,l2,0.0
i34,e09,c3,p12,l3,0.0
i34,e09,c3,p13,l2,0.0
i34,e09,c3,p13,l3,0.0
i34,e09,c3,p14,l2,0.0
i34,e09,c3,p14,l3,0.0
i34,e09,c3,p15,l2,0.0
i34,e09,c3,p15,l3,0.0
i34,e09,c3,p16,l2,0.0
i34,e09,c3,p16,l3,0.0
i34,e09,c3,p17,l2,0.0
i34,e09,c3,p17,l3,0.0
i34,e09,c3,p18,l2,0.0
i34,e09,c3,p18,l3,0.0
i34,e09,c3,p19,l2,0.0
i34,e09,c3,p19,l3,4.0
i34,e09,c3,p20,l3,0.0
i34,e09,c3,p21,l2,0.0
i34,e09,c3,p21,l3,0.0
i34,e09,c3,p22,l2,0.0
i34,e09,c3,p22,l3,0.0
i34,e09,c3,p23,l2,0.0
i34,e09,c3,p23,l3,0.0
i34,e09,c3,p24,l2,0.0
i34,e09,c3,p24,l3,0.0
i34,e09,c3,p25,l3,0.0
i34,e09,c3,p26,l3,0.0
i34,e09,c3,p28,l2,0.0
i34,e09,c3,p28,l3,0.0
i34,e09,c3,p29,l2,0.0
i34,e09,c3,p29,l3,0.0
i34,e09,c3,p31,l3,0.0
i34,e09,c3,p32,l2,0.0
i34,e09,c3,p32,l3,0.0
i34,e09,c3,p33,l3,0.0
i34,e09,c3,p35,l2,0.0
i34,e09,c3,p35,l3,0.0
i34,e09,c5,p01,l2,0.0
i34,e09,c5,p01,l3,2.0
i34,e09,c5,p02,l2,0.0
i34,e09,c5,p02,l3,0.0
i34,e09,c5,p03,l2,0.0
i34,e09,c5,p03,l3,1.0
i34,e09,c5,p04,l2,0.0
i34,e09,c5,p04,l3,0.0
i34,e09,c5,p05,l2,0.0
i34,e09,c5,p05,l3,1.0
i34,e09,c5,p06,l2,0.0
i34,e09,c5,p06,l3,2.0
i34,e09,c5,p07,l2,0.0
i34,e09,c5,p07,l3,1.0
i34,e09,c5,p08,l2,0.0
i34,e09,c5,p08,l3,0.0
i34,e09,c5,p09,l2,0.0
i34,e09,c5,p09,l3,0.0
i34,e09,c5,p10,l2,0.0
i34,e09,c5,p10,l3,12.0
i34,e09,c5,p11,l2,0.0
i34,e09,c5,p11,l3,3.0
i34,e09,c5,p12,l2,0.0
i34,e09,c5,p12,l3,5.0
i34,e09,c5,p13,l2,0.0
i34,e09,c5,p13,l3,0.0
i34,e09,c5,p14,l2,0.0
i34,e09,c5,p14,l3,1.0
i34,e09,c5,p15,l2,0.0
i34,e09,c5,p15,l3,1.0
i34,e09,c5,p16,l2,0.0
i34,e09,c5,p16,l3,0.0
i34,e09,c5,p17,l2,0.0
i34,e09,c5,p17,l3,8.0
i34,e09,c5,p18,l2,0.0
i34,e09,c5,p18,l3,1.0
i34,e09,c5,p19,l2,0.0
i34,e09,c5,p19,l3,14.0
i34,e09,c5,p20,l2,0.0
i34,e09,c5,p20,l3,0.0
i34,e09,c5,p21,l2,0.0
i34,e09,c5,p21,l3,1.0
i34,e09,c5,p22,l2,0.0
i34,e09,c5,p22,l3,4.0
i34,e09,c5,p23,l2,0.0
i34,e09,c5,p23,l3,3.0
i34,e09,c5,p24,l2,0.0
i34,e09,c5,p24,l3,0.0
i34,e09,c5,p25,l2,0.0
i34,e09,c5,p25,l3,2.0
i34,e09,c5,p26,l2,0.0
i34,e09,c5,p26,l3,0.0
i34,e09,c5,p27,l3,0.0
i34,e09,c5,p28,l2,0.0
i34,e09,c5,p28,l3,1.0
i34,e09,c5,p29,l2,0.0
i34,e09,c5,p29,l3,10.0
i34,e09,c5,p30,l2,0.0
i34,e09,c5,p30,l3,0.0
i34,e09,c5,p31,l2,0.0
i34,e09,c5,p31,l3,0.0
i34,e09,c5,p32,l2,0.0
i34,e09,c5,p32,l3,3.0
i34,e09,c5,p33,l2,0.0
i34,e09,c5,p33,l3,0.0
i34,e09,c5,p35,l2,0.0
i34,e09,c5,p35,l3,11.0
i34,e11,c3,p07,l3,0.0
i34,e11,c3,p11,l3,0.0
i34,e11,c3,p12,l3,0.0
i34,e11,c3,p14,l3,0.0
i34,e11,c3,p15,l3,0.0
i34,e11,c3,p23,l3,0.0
i34,e11,c3,p25,l3,0.0
i34,e11,c3,p35,l3,0.0
i34,e11,c5,p01,l2,0.0
i34,e11,c5,p01,l3,0.0
i34,e11,c5,p02,l2,0.0
i34,e11,c5,p02,l3,0.0
i34,e11,c5,p03,l2,0.0
i34,e11,c5,p03,l3,0.0
i34,e11,c5,p04,l3,0.0
i34,e11,c5,p05,l3,0.0
i34,e11,c5,p06,l3,0.0
i34,e11,c5,p07,l3,0.0
i34,e11,c5,p08,l3,0.0
i34,e11,c5,p09,l3,0.0
i34,e11,c5,p10,l2,0.0
i34,e11,c5,p10,l3,0.0
i34,e11,c5,p11,l2,0.0
i34,e11,c5,p11,l3,0.0
i34,e11,c5,p12,l3,0.0
i34,e11,c5,p13,l2,0.0
i34,e11,c5,p13,l3,0.0
i34,e11,c5,p14,l3,0.0
i34,e11,c5,p15,l3,0.0
i34,e11,c5,p16,l3,0.0
i34,e11,c5,p17,l3,0.0
i34,e11,c5,p18,l3,0.0
i34,e11,c5,p19,l2,0.0
i34,e11,c5,p19,l3,0.0
i34,e11,c5,p20,l3,0.0
i34,e11,c5,p21,l2,0.0
i34,e11,c5,p21,l3,0.0
i34,e11,c5,p22,l3,0.0
i34,e11,c5,p23,l3,0.0
i34,e11,c5,p24,l3,0.0
i34,e11,c5,p29,l3,0.0
i34,e11,c5,p31,l2,0.0
i34,e11,c5,p31,l3,0.0
i34,e11,c5,p32,l3,0.0
i34,e11,c5,p35,l2,0.0
i34,e11,c5,p35,l3,0.0
i34,e12,c3,p11,l3,0.0
i34,e12,c3,p14,l3,0.0
i34,e12,c3,p16,l3,0.0
i34,e12,c3,p24,l3,0.0
i34,e12,c3,p35,l3,0.0
i34,e12,c5,p01,l3,0.0
i34,e12,c5,p02,l3,0.0
i34,e12,c5,p03,l3,0.0
i34,e12,c5,p04,l3,0.0
i34,e12,c5,p05,l3,0.0
i34,e12,c5,p06,l3,0.0
i34,e12,c5,p07,l3,0.0
i34,e12,c5,p08,l3,0.0
i34,e12,c5,p09,l3,0.0
i34,e12,c5,p10,l3,0.0
i34,e12,c5,p11,l3,0.0
i34,e12,c5,p12,l3,0.0
i34,e12,c5,p13,l3,0.0
i34,e12,c5,p14,l3,0.0
i34,e12,c5,p15,l3,0.0
i34,e12,c5,p16,l3,0.0
i34,e12,c5,p17,l3,0.0
i34,e12,c5,p18,l3,0.0
i34,e12,c5,p19,l3,0.0
i34,e12,c5,p21,l3,0.0
i34,e12,c5,p22,l3,0.0
i34,e12,c5,p23,l3,0.0
i34,e12,c5,p24,l3,0.0
i34,e12,c5,p25,l3,0.0
i34,e12,c5,p26,l3,0.0
i34,e12,c5,p28,l3,0.0
i34,e12,c5,p29,l3,0.0
i34,e12,c5,p31,l3,0.0
i34,e12,c5,p32,l3,0.0
i34,e12,c5,p35,l3,0.0
i34,e13,c3,p01,l3,0.0
i34,e13,c3,p02,l3,0.0
i34,e13,c3,p03,l3,0.0
i34,e13,c3,p04,l3,0.0
i34,e13,c3,p05,l3,0.0
i34,e13,c3,p06,l3,0.0
i34,e13,c3,p07,l3,0.0
i34,e13,c3,p08,l3,0.0
i34,e13,c3,p09,l3,0.0
i34,e13,c3,p10,l3,0.0
i34,e13,c3,p11,l3,0.0
i34,e13,c3,p12,l3,0.0
i34,e13,c3,p13,l3,0.0
i34,e13,c3,p14,l3,0.0
i34,e13,c3,p15,l3,0.0
i34,e13,c3,p16,l3,0.0
i34,e13,c3,p17,l3,0.0
i34,e13,c3,p18,l3,0.0
i34,e13,c3,p19,l3,0.0
i34,e13,c3,p20,l3,0.0
i34,e13,c3,p21,l3,0.0
i34,e13,c3,p22,l3,0.0
i34,e13,c3,p23,l3,0.0
i34,e13,c3,p24,l3,0.0
i34,e13,c3,p25,l3,0.0
i34,e13,c3,p26,l3,0.0
i34,e13,c3,p28,l3,0.0
i34,e13,c3,p29,l3,0.0
i34,e13,c3,p31,l3,0.0
i34,e13,c3,p32,l3,0.0
i34,e13,c3,p35,l3,0.0
i34,e13,c5,p01,l3,0.0
i34,e13,c5,p02,l3,0.0
i34,e13,c5,p03,l3,0.0
i34,e13,c5,p04,l3,0.0
i34,e13,c5,p05,l3,0.0
i34,e13,c5,p06,l3,0.0
i34,e13,c5,p07,l3,0.0
i34,e13,c5,p08,l3,0.0
i34,e13,c5,p09,l3,0.0
i34,e13,c5,p10,l3,0.0
i34,e13,c5,p11,l3,0.0
i34,e13,c5,p12,l3,0.0
i34,e13,c5,p13,l3,0.0
i34,e13,c5,p14,l3,0.0
i34,e13,c5,p15,l3,0.0
i34,e13,c5,p16,l3,0.0
i34,e13,c5,p17,l3,0.0
i34,e13,c5,p18,l3,0.0
i34,e13,c5,p19,l3,0.0
i34,e13,c5,p20,l3,0.0
i34,e13,c5,p21,l3,0.0
i34,e13,c5,p22,l3,0.0
i34,e13,c5,p23,l3,0.0
i34,e13,c5,p24,l3,0.0
i34,e13,c5,p25,l3,0.0
i34,e13,c5,p26,l3,0.0
i34,e13,c5,p27,l3,0.0
i34,e13,c5,p28,l3,0.0
i34,e13,c5,p29,l3,0.0
i34,e13,c5,p30,l3,0.0
i34,e13,c5,p31,l3,0.0
i34,e13,c5,p32,l3,0.0
i34,e13,c5,p33,l3,0.0
i34,e13,c5,p35,l3,0.0
i35,e01,c2,p35,l3,0.0
i35,e04,c2,p35,l1,0.0
i35,e04,c2,p35,l3,0.0
i35,e09,c2,p35,l2,0.0
i35,e09,c2,p35,l3,0.0
i36,e01,c3,p35,l3,0.0
i36,e01,c5,p03,l3,0.0
i36,e01,c5,p10,l3,0.0
i36,e01,c5,p22,l3,0.0
i36,e01,c5,p25,l3,0.0
i36,e01,c5,p35,l3,0.0
i36,e02,c3,p35,l3,0.0
i36,e02,c5,p10,l3,0.0
i36,e02,c5,p35,l1,0.0
i36,e02,c5,p35,l3,0.0
i36,e03,c3,p35,l3,0.0
i36,e03,c5,p10,l3,0.0
i36,e03,c5,p35,l3,0.0
i36,e04,c3,p35,l1,0.0
i36,e04,c3,p35,l3,0.0
i36,e04,c5,p03,l3,0.0
i36,e04,c5,p10,l3,0.0
i36,e04,c5,p22,l3,0.0
i36,e04,c5,p25,l3,0.0
i36,e04,c5,p35,l1,0.0
i36,e04,c5,p35,l3,7.0
i36,e05,c3,p35,l1,0.0
i36,e05,c3,p35,l3,0.0
i36,e05,c5,p35,l1,0.0
i36,e05,c5,p35,l3,0.0
i36,e07,c5,p35,l3,0.0
i36,e08,c3,p35,l2,0.0
i36,e08,c3,p35,l3,0.0
i36,e08,c5,p03,l3,0.0
i36,e08,c5,p10,l3,0.0
i36,e08,c5,p12,l3,0.0
i36,e08,c5,p22,l3,0.0
i36,e08,c5,p25,l2,0.0
i36,e08,c5,p25,l3,0.0
i36,e08,c5,p35,l2,0.0
i36,e08,c5,p35,l3,140.0
i36,e09,c3,p35,l2,0.0
i36,e09,c3,p35,l3,0.0
i36,e09,c5,p03,l3,0.0
i36,e09,c5,p10,l3,0.0
i36,e09,c5,p12,l3,0.0
i36,e09,c5,p22,l3,0.0
i36,e09,c5,p25,l2,0.0
i36,e09,c5,p25,l3,0.0
i36,e09,c5,p35,l2,0.0
i36,e09,c5,p35,l3,1.0
i36,e11,c3,p35,l2,0.0
i36,e11,c3,p35,l3,0.0
i36,e11,c5,p03,l3,0.0
i36,e11,c5,p12,l3,0.0
i36,e11,c5,p25,l2,0.0
i36,e11,c5,p25,l3,0.0
i36,e11,c5,p35,l2,0.0
i36,e11,c5,p35,l3,0.0
i36,e12,c3,p35,l3,0.0
i36,e12,c5,p22,l3,0.0
i36,e12,c5,p25,l3,0.0
i36,e12,c5,p35,l3,0.0
i36,e13,c5,p10,l3,0.0
i36,e13,c5,p35,l3,0.0
i37,e01,c3,p33,l3,0.0
i37,e01,c3,p35,l3,0.0
i37,e01,c5,p09,l3,0.0
i37,e01,c5,p10,l3,0.0
i37,e01,c5,p11,l3,0.0
i37,e01,c5,p13,l3,0.0
i37,e01,c5,p15,l3,0.0
i37,e01,c5,p19,l3,0.0
i37,e01,c5,p33,l3,0.0
i37,e01,c5,p35,l3,0.0
i37,e02,c5,p33,l3,0.0
i37,e03,c3,p33,l3,0.0
i37,e03,c5,p01,l3,0.0
i37,e03,c5,p10,l3,0.0
i37,e03,c5,p11,l3,0.0
i37,e03,c5,p13,l3,0.0
i37,e03,c5,p15,l3,0.0
i37,e03,c5,p17,l3,0.0
i37,e03,c5,p18,l3,0.0
i37,e03,c5,p19,l3,0.0
i37,e03,c5,p33,l3,1.0
i37,e03,c5,p35,l3,0.0
i37,e04,c3,p19,l3,0.0
i37,e04,c3,p33,l3,0.0
i37,e04,c5,p09,l3,0.0
i37,e04,c5,p10,l3,0.0
i37,e04,c5,p11,l3,0.0
i37,e04,c5,p13,l3,0.0
i37,e04,c5,p18,l3,0.0
i37,e04,c5,p19,l3,0.0
i37,e04,c5,p33,l3,0.0
i37,e04,c5,p35,l3,0.0
i37,e05,c3,p35,l3,0.0
i37,e05,c5,p01,l3,0.0
i37,e05,c5,p10,l3,0.0
i37,e05,c5,p11,l3,0.0
i37,e05,c5,p13,l3,0.0
i37,e05,c5,p17,l3,0.0
i37,e05,c5,p19,l3,0.0
i37,e05,c5,p33,l3,0.0
i37,e05,c5,p35,l3,0.0
i37,e07,c5,p33,l3,0.0
i37,e08,c3,p19,l3,0.0
i37,e08,c3,p33,l3,0.0
i37,e08,c3,p35,l3,0.0
i37,e08,c5,p01,l3,0.0
i37,e08,c5,p03,l3,0.0
i37,e08,c5,p08,l3,0.0
i37,e08,c5,p09,l3,0.0
i37,e08,c5,p10,l3,0.0
i37,e08,c5,p11,l3,0.0
i37,e08,c5,p13,l3,0.0
i37,e08,c5,p15,l3,0.0
i37,e08,c5,p17,l3,0.0
i37,e08,c5,p19,l3,0.0
i37,e08,c5,p29,l3,0.0
i37,e08,c5,p33,l3,7.0
i37,e08,c5,p35,l3,0.0
i37,e09,c3,p19,l3,0.0
i37,e09,c3,p33,l3,0.0
i37,e09,c3,p35,l3,0.0
i37,e09,c5,p09,l3,0.0
i37,e09,c5,p10,l3,0.0
i37,e09,c5,p11,l3,0.0
i37,e09,c5,p13,l3,0.0
i37,e09,c5,p15,l3,0.0
i37,e09,c5,p17,l3,0.0
i37,e09,c5,p18,l3,0.0
i37,e09,c5,p19,l3,0.0
i37,e09,c5,p33,l3,0.0
i37,e09,c5,p35,l3,0.0
i37,e10,c3,p19,l3,0.0
i37,e10,c3,p33,l3,0.0
i37,e10,c3,p35,l3,0.0
i37,e10,c5,p01,l3,0.0
i37,e10,c5,p03,l3,0.0
i37,e10,c5,p08,l3,0.0
i37,e10,c5,p09,l3,0.0
i37,e10,c5,p10,l3,0.0
i37,e10,c5,p11,l3,0.0
i37,e10,c5,p13,l3,0.0
i37,e10,c5,p15,l3,0.0
i37,e10,c5,p17,l3,0.0
i37,e10,c5,p18,l3,0.0
i37,e10,c5,p19,l3,0.0
i37,e10,c5,p21,l3,0.0
i37,e10,c5,p29,l3,0.0
i37,e10,c5,p33,l3,0.0
i37,e10,c5,p35,l3,0.0
i37,e11,c3,p33,l3,0.0
i37,e11,c5,p01,l3,0.0
i37,e11,c5,p10,l3,0.0
i37,e11,c5,p11,l3,0.0
i37,e11,c5,p19,l3,0.0
i37,e11,c5,p33,l3,0.0
i37,e11,c5,p35,l3,0.0
i37,e12,c3,p33,l3,0.0
i37,e12,c5,p10,l3,0.0
i37,e12,c5,p19,l3,0.0
i37,e12,c5,p33,l3,0.0
i37,e12,c5,p35,l3,0.0
i38,e01,c1,p01,l2,0.0
i38,e01,c1,p01,l3,61.0
i38,e01,c1,p01,l4,0.0
i38,e01,c1,p02,l2,0.0
i38,e01,c1,p02,l3,22.0
i38,e01,c1,p02,l4,0.0
i38,e01,c1,p03,l2,0.0
i38,e01,c1,p03,l3,44.0
i38,e01,c1,p03,l4,0.0
i38,e01,c1,p04,l2,0.0
i38,e01,c1,p04,l3,31.0
i38,e01,c1,p04,l4,0.0
i38,e01,c1,p05,l2,0.0
i38,e01,c1,p05,l3,32.0
i38,e01,c1,p05,l4,0.0
i38,e01,c1,p06,l2,0.0
i38,e01,c1,p06,l3,30.0
i38,e01,c1,p06,l4,0.0
i38,e01,c1,p07,l2,0.0
i38,e01,c1,p07,l3,15.0
i38,e01,c1,p07,l4,0.0
i38,e01,c1,p08,l2,0.0
i38,e01,c1,p08,l3,9.0
i38,e01,c1,p08,l4,0.0
i38,e01,c1,p09,l2,0.0
i38,e01,c1,p09,l3,23.0
i38,e01,c1,p09,l4,0.0
i38,e01,c1,p10,l2,0.0
i38,e01,c1,p10,l3,189.0
i38,e01,c1,p10,l4,0.0
i38,e01,c1,p11,l2,0.0
i38,e01,c1,p11,l3,50.0
i38,e01,c1,p11,l4,0.0
i38,e01,c1,p12,l2,0.0
i38,e01,c1,p12,l3,31.0
i38,e01,c1,p12,l4,0.0
i38,e01,c1,p13,l2,0.0
i38,e01,c1,p13,l3,34.0
i38,e01,c1,p13,l4,0.0
i38,e01,c1,p14,l2,0.0
i38,e01,c1,p14,l3,36.0
i38,e01,c1,p14,l4,0.0
i38,e01,c1,p15,l2,0.0
i38,e01,c1,p15,l3,45.0
i38,e01,c1,p15,l4,0.0
i38,e01,c1,p16,l2,0.0
i38,e01,c1,p16,l3,39.0
i38,e01,c1,p16,l4,0.0
i38,e01,c1,p17,l2,0.0
i38,e01,c1,p17,l3,42.0
i38,e01,c1,p17,l4,0.0
i38,e01,c1,p18,l2,0.0
i38,e01,c1,p18,l3,9.0
i38,e01,c1,p18,l4,0.0
i38,e01,c1,p19,l2,0.0
i38,e01,c1,p19,l3,198.0
i38,e01,c1,p19,l4,0.0
i38,e01,c1,p20,l2,0.0
i38,e01,c1,p20,l3,7.0
i38,e01,c1,p20,l4,0.0
i38,e01,c1,p21,l2,0.0
i38,e01,c1,p21,l3,63.0
i38,e01,c1,p21,l4,0.0
i38,e01,c1,p22,l2,0.0
i38,e01,c1,p22,l3,18.0
i38,e01,c1,p22,l4,0.0
i38,e01,c1,p23,l2,0.0
i38,e01,c1,p23,l3,3.0
i38,e01,c1,p23,l4,0.0
i38,e01,c1,p24,l2,0.0
i38,e01,c1,p24,l3,26.0
i38,e01,c1,p24,l4,0.0
i38,e01,c1,p25,l2,0.0
i38,e01,c1,p25,l3,17.0
i38,e01,c1,p25,l4,0.0
i38,e01,c1,p26,l2,0.0
i38,e01,c1,p26,l3,2.0
i38,e01,c1,p26,l4,0.0
i38,e01,c1,p27,l3,0.0
i38,e01,c1,p28,l2,0.0
i38,e01,c1,p28,l3,2.0
i38,e01,c1,p28,l4,0.0
i38,e01,c1,p29,l2,0.0
i38,e01,c1,p29,l3,46.0
i38,e01,c1,p29,l4,0.0
i38,e01,c1,p30,l2,0.0
i38,e01,c1,p30,l3,0.0
i38,e01,c1,p30,l4,0.0
i38,e01,c1,p31,l2,0.0
i38,e01,c1,p31,l3,17.0
i38,e01,c1,p31,l4,0.0
i38,e01,c1,p32,l2,0.0
i38,e01,c1,p32,l3,21.0
i38,e01,c1,p32,l4,0.0
i38,e01,c1,p33,l2,0.0
i38,e01,c1,p33,l3,1.0
i38,e01,c1,p33,l4,0.0
i38,e01,c1,p34,l3,0.0
i38,e01,c1,p34,l4,0.0
i38,e01,c1,p35,l2,0.0
i38,e01,c1,p35,l3,4.0
i38,e01,c1,p35,l4,0.0
i38,e01,c4,p01,l2,0.0
i38,e01,c4,p01,l3,20.0
i38,e01,c4,p01,l4,0.0
i38,e01,c4,p02,l2,0.0
i38,e01,c4,p02,l3,0.0
i38,e01,c4,p02,l4,0.0
i38,e01,c4,p03,l2,0.0
i38,e01,c4,p03,l3,1.0
i38,e01,c4,p03,l4,0.0
i38,e01,c4,p04,l2,0.0
i38,e01,c4,p04,l3,0.0
i38,e01,c4,p04,l4,0.0
i38,e01,c4,p05,l2,0.0
i38,e01,c4,p05,l3,0.0
i38,e01,c4,p05,l4,0.0
i38,e01,c4,p06,l2,0.0
i38,e01,c4,p06,l3,0.0
i38,e01,c4,p06,l4,0.0
i38,e01,c4,p07,l2,0.0
i38,e01,c4,p07,l3,0.0
i38,e01,c4,p07,l4,0.0
i38,e01,c4,p08,l3,0.0
i38,e01,c4,p08,l4,0.0
i38,e01,c4,p09,l3,3.0
i38,e01,c4,p09,l4,0.0
i38,e01,c4,p10,l2,0.0
i38,e01,c4,p10,l3,2.0
i38,e01,c4,p10,l4,0.0
i38,e01,c4,p11,l2,0.0
i38,e01,c4,p11,l3,0.0
i38,e01,c4,p11,l4,0.0
i38,e01,c4,p12,l2,0.0
i38,e01,c4,p12,l3,1.0
i38,e01,c4,p12,l4,0.0
i38,e01,c4,p13,l2,0.0
i38,e01,c4,p13,l3,15.0
i38,e01,c4,p13,l4,0.0
i38,e01,c4,p14,l3,0.0
i38,e01,c4,p14,l4,0.0
i38,e01,c4,p15,l2,0.0
i38,e01,c4,p15,l3,0.0
i38,e01,c4,p15,l4,0.0
i38,e01,c4,p16,l3,0.0
i38,e01,c4,p16,l4,0.0
i38,e01,c4,p17,l2,0.0
i38,e01,c4,p17,l3,3.0
i38,e01,c4,p17,l4,0.0
i38,e01,c4,p18,l2,0.0
i38,e01,c4,p18,l3,0.0
i38,e01,c4,p18,l4,0.0
i38,e01,c4,p19,l2,0.0
i38,e01,c4,p19,l3,1.0
i38,e01,c4,p19,l4,0.0
i38,e01,c4,p20,l2,0.0
i38,e01,c4,p20,l3,0.0
i38,e01,c4,p20,l4,0.0
i38,e01,c4,p21,l2,0.0
i38,e01,c4,p21,l3,5.0
i38,e01,c4,p21,l4,0.0
i38,e01,c4,p22,l2,0.0
i38,e01,c4,p22,l3,1.0
i38,e01,c4,p22,l4,0.0
i38,e01,c4,p23,l2,0.0
i38,e01,c4,p23,l3,1.0
i38,e01,c4,p23,l4,0.0
i38,e01,c4,p24,l3,4.0
i38,e01,c4,p24,l4,0.0
i38,e01,c4,p25,l2,0.0
i38,e01,c4,p25,l3,0.0
i38,e01,c4,p25,l4,0.0
i38,e01,c4,p26,l3,0.0
i38,e01,c4,p26,l4,0.0
i38,e01,c4,p27,l3,0.0
i38,e01,c4,p28,l2,0.0
i38,e01,c4,p28,l3,0.0
i38,e01,c4,p28,l4,0.0
i38,e01,c4,p29,l2,0.0
i38,e01,c4,p29,l3,0.0
i38,e01,c4,p29,l4,0.0
i38,e01,c4,p30,l3,0.0
i38,e01,c4,p31,l3,0.0
i38,e01,c4,p31,l4,0.0
i38,e01,c4,p32,l3,0.0
i38,e01,c4,p32,l4,0.0
i38,e01,c4,p33,l3,0.0
i38,e01,c4,p33,l4,0.0
i38,e01,c4,p34,l3,0.0
i38,e01,c4,p35,l3,0.0
i38,e01,c4,p35,l4,0.0
i38,e01,c7,p01,l3,0.0
i38,e01,c7,p02,l3,0.0
i38,e01,c7,p03,l3,0.0
i38,e01,c7,p04,l3,0.0
i38,e01,c7,p05,l3,0.0
i38,e01,c7,p06,l3,0.0
i38,e01,c7,p07,l3,0.0
i38,e01,c7,p07,l4,0.0
i38,e01,c7,p08,l3,0.0
i38,e01,c7,p09,l3,0.0
i38,e01,c7,p10,l3,0.0
i38,e01,c7,p10,l4,0.0
i38,e01,c7,p11,l3,0.0
i38,e01,c7,p12,l3,0.0
i38,e01,c7,p13,l3,0.0
i38,e01,c7,p14,l3,0.0
i38,e01,c7,p15,l3,0.0
i38,e01,c7,p16,l3,0.0
i38,e01,c7,p17,l3,0.0
i38,e01,c7,p18,l3,0.0
i38,e01,c7,p19,l3,0.0
i38,e01,c7,p20,l3,0.0
i38,e01,c7,p21,l3,0.0
i38,e01,c7,p21,l4,0.0
i38,e01,c7,p22,l3,0.0
i38,e01,c7,p23,l3,0.0
i38,e01,c7,p24,l3,0.0
i38,e01,c7,p25,l3,0.0
i38,e01,c7,p26,l3,0.0
i38,e01,c7,p28,l3,0.0
i38,e01,c7,p28,l4,0.0
i38,e01,c7,p29,l3,0.0
i38,e01,c7,p31,l3,0.0
i38,e01,c7,p32,l3,0.0
i38,e01,c7,p34,l3,0.0
i38,e01,c7,p35,l3,0.0
i38,e01,c8,p01,l3,0.0
i38,e01,c8,p01,l4,0.0
i38,e01,c8,p02,l3,0.0
i38,e01,c8,p05,l3,0.0
i38,e01,c8,p06,l3,0.0
i38,e01,c8,p06,l4,0.0
i38,e01,c8,p07,l3,0.0
i38,e01,c8,p07,l4,0.0
i38,e01,c8,p09,l3,0.0
i38,e01,c8,p10,l2,0.0
i38,e01,c8,p10,l3,0.0
i38,e01,c8,p10,l4,0.0
i38,e01,c8,p11,l3,0.0
i38,e01,c8,p11,l4,0.0
i38,e01,c8,p12,l3,0.0
i38,e01,c8,p12,l4,0.0
i38,e01,c8,p13,l3,0.0
i38,e01,c8,p14,l3,0.0
i38,e01,c8,p15,l3,0.0
i38,e01,c8,p15,l4,0.0
i38,e01,c8,p16,l3,0.0
i38,e01,c8,p16,l4,0.0
i38,e01,c8,p19,l3,0.0
i38,e01,c8,p20,l3,0.0
i38,e01,c8,p21,l3,0.0
i38,e01,c8,p23,l3,0.0
i38,e01,c8,p23,l4,0.0
i38,e01,c8,p24,l3,0.0
i38,e01,c8,p28,l3,0.0
i38,e01,c8,p28,l4,0.0
i38,e01,c8,p29,l3,0.0
i38,e01,c8,p31,l3,0.0
i38,e04,c1,p01,l1,28.0
i38,e04,c1,p01,l2,0.0
i38,e04,c1,p01,l3,0.0
i38,e04,c1,p01,l4,0.0
i38,e04,c1,p02,l1,49.0
i38,e04,c1,p02,l2,0.0
i38,e04,c1,p02,l3,0.0
i38,e04,c1,p02,l4,0.0
i38,e04,c1,p03,l1,20.0
i38,e04,c1,p03,l2,0.0
i38,e04,c1,p03,l3,0.0
i38,e04,c1,p03,l4,0.0
i38,e04,c1,p04,l1,24.0
i38,e04,c1,p04,l2,0.0
i38,e04,c1,p04,l3,0.0
i38,e04,c1,p04,l4,0.0
i38,e04,c1,p05,l1,39.0
i38,e04,c1,p05,l2,0.0
i38,e04,c1,p05,l3,0.0
i38,e04,c1,p05,l4,0.0
i38,e04,c1,p06,l1,19.0
i38,e04,c1,p06,l2,0.0
i38,e04,c1,p06,l3,0.0
i38,e04,c1,p06,l4,0.0
i38,e04,c1,p07,l1,19.0
i38,e04,c1,p07,l2,0.0
i38,e04,c1,p07,l3,0.0
i38,e04,c1,p07,l4,0.0
i38,e04,c1,p08,l1,0.0
i38,e04,c1,p08,l2,0.0
i38,e04,c1,p08,l3,0.0
i38,e04,c1,p08,l4,0.0
i38,e04,c1,p09,l1,23.0
i38,e04,c1,p09,l2,0.0
i38,e04,c1,p09,l3,0.0
i38,e04,c1,p09,l4,0.0
i38,e04,c1,p10,l1,132.0
i38,e04,c1,p10,l2,0.0
i38,e04,c1,p10,l3,0.0
i38,e04,c1,p10,l4,0.0
i38,e04,c1,p11,l1,14.0
i38,e04,c1,p11,l2,0.0
i38,e04,c1,p11,l3,0.0
i38,e04,c1,p11,l4,0.0
i38,e04,c1,p12,l1,26.0
i38,e04,c1,p12,l2,0.0
i38,e04,c1,p12,l3,0.0
i38,e04,c1,p12,l4,0.0
i38,e04,c1,p13,l1,33.0
i38,e04,c1,p13,l2,0.0
i38,e04,c1,p13,l3,0.0
i38,e04,c1,p13,l4,0.0
i38,e04,c1,p14,l1,40.0
i38,e04,c1,p14,l2,0.0
i38,e04,c1,p14,l3,0.0
i38,e04,c1,p14,l4,0.0
i38,e04,c1,p15,l1,26.0
i38,e04,c1,p15,l2,0.0
i38,e04,c1,p15,l3,0.0
i38,e04,c1,p15,l4,0.0
i38,e04,c1,p16,l1,35.0
i38,e04,c1,p16,l2,0.0
i38,e04,c1,p16,l3,0.0
i38,e04,c1,p16,l4,0.0
i38,e04,c1,p17,l1,50.0
i38,e04,c1,p17,l2,0.0
i38,e04,c1,p17,l3,0.0
i38,e04,c1,p17,l4,0.0
i38,e04,c1,p18,l1,8.0
i38,e04,c1,p18,l2,0.0
i38,e04,c1,p18,l3,0.0
i38,e04,c1,p18,l4,0.0
i38,e04,c1,p19,l1,139.0
i38,e04,c1,p19,l2,0.0
i38,e04,c1,p19,l3,0.0
i38,e04,c1,p19,l4,0.0
i38,e04,c1,p20,l1,8.0
i38,e04,c1,p20,l2,0.0
i38,e04,c1,p20,l3,0.0
i38,e04,c1,p20,l4,0.0
i38,e04,c1,p21,l1,29.0
i38,e04,c1,p21,l2,0.0
i38,e04,c1,p21,l3,0.0
i38,e04,c1,p21,l4,0.0
i38,e04,c1,p22,l1,7.0
i38,e04,c1,p22,l2,0.0
i38,e04,c1,p22,l3,0.0
i38,e04,c1,p22,l4,0.0
i38,e04,c1,p23,l1,4.0
i38,e04,c1,p23,l2,0.0
i38,e04,c1,p23,l3,0.0
i38,e04,c1,p23,l4,0.0
i38,e04,c1,p24,l1,25.0
i38,e04,c1,p24,l2,0.0
i38,e04,c1,p24,l3,0.0
i38,e04,c1,p24,l4,0.0
i38,e04,c1,p25,l1,22.0
i38,e04,c1,p25,l2,0.0
i38,e04,c1,p25,l3,0.0
i38,e04,c1,p25,l4,0.0
i38,e04,c1,p26,l1,2.0
i38,e04,c1,p26,l2,0.0
i38,e04,c1,p26,l3,0.0
i38,e04,c1,p26,l4,0.0
i38,e04,c1,p27,l1,0.0
i38,e04,c1,p27,l3,0.0
i38,e04,c1,p27,l4,0.0
i38,e04,c1,p28,l1,6.0
i38,e04,c1,p28,l2,0.0
i38,e04,c1,p28,l3,0.0
i38,e04,c1,p28,l4,0.0
i38,e04,c1,p29,l1,31.0
i38,e04,c1,p29,l2,0.0
i38,e04,c1,p29,l3,0.0
i38,e04,c1,p29,l4,0.0
i38,e04,c1,p30,l1,0.0
i38,e04,c1,p30,l2,0.0
i38,e04,c1,p30,l3,0.0
i38,e04,c1,p30,l4,0.0
i38,e04,c1,p31,l1,4.0
i38,e04,c1,p31,l2,0.0
i38,e04,c1,p31,l3,0.0
i38,e04,c1,p31,l4,0.0
i38,e04,c1,p32,l1,11.0
i38,e04,c1,p32,l2,0.0
i38,e04,c1,p32,l3,0.0
i38,e04,c1,p32,l4,0.0
i38,e04,c1,p33,l1,0.0
i38,e04,c1,p33,l2,0.0
i38,e04,c1,p33,l3,0.0
i38,e04,c1,p33,l4,0.0
i38,e04,c1,p34,l1,0.0
i38,e04,c1,p34,l3,0.0
i38,e04,c1,p34,l4,0.0
i38,e04,c1,p35,l1,1.0
i38,e04,c1,p35,l2,0.0
i38,e04,c1,p35,l3,0.0
i38,e04,c1,p35,l4,0.0
i38,e04,c4,p01,l1,2.0
i38,e04,c4,p01,l2,0.0
i38,e04,c4,p01,l3,0.0
i38,e04,c4,p01,l4,0.0
i38,e04,c4,p02,l1,0.0
i38,e04,c4,p02,l3,0.0
i38,e04,c4,p02,l4,0.0
i38,e04,c4,p03,l1,0.0
i38,e04,c4,p03,l2,0.0
i38,e04,c4,p03,l3,0.0
i38,e04,c4,p03,l4,0.0
i38,e04,c4,p04,l1,0.0
i38,e04,c4,p04,l2,0.0
i38,e04,c4,p04,l3,0.0
i38,e04,c4,p04,l4,0.0
i38,e04,c4,p05,l1,0.0
i38,e04,c4,p05,l2,0.0
i38,e04,c4,p05,l3,0.0
i38,e04,c4,p05,l4,0.0
i38,e04,c4,p06,l1,0.0
i38,e04,c4,p06,l2,0.0
i38,e04,c4,p06,l3,0.0
i38,e04,c4,p06,l4,0.0
i38,e04,c4,p07,l1,0.0
i38,e04,c4,p07,l2,0.0
i38,e04,c4,p07,l3,0.0
i38,e04,c4,p07,l4,0.0
i38,e04,c4,p08,l1,0.0
i38,e04,c4,p08,l2,0.0
i38,e04,c4,p08,l3,0.0
i38,e04,c4,p08,l4,0.0
i38,e04,c4,p09,l1,0.0
i38,e04,c4,p09,l2,0.0
i38,e04,c4,p09,l3,0.0
i38,e04,c4,p09,l4,0.0
i38,e04,c4,p10,l1,17.0
i38,e04,c4,p10,l2,0.0
i38,e04,c4,p10,l3,0.0
i38,e04,c4,p10,l4,0.0
i38,e04,c4,p11,l1,1.0
i38,e04,c4,p11,l2,0.0
i38,e04,c4,p11,l3,0.0
i38,e04,c4,p11,l4,0.0
i38,e04,c4,p12,l1,3.0
i38,e04,c4,p12,l2,0.0
i38,e04,c4,p12,l3,0.0
i38,e04,c4,p12,l4,0.0
i38,e04,c4,p13,l1,5.0
i38,e04,c4,p13,l2,0.0
i38,e04,c4,p13,l3,0.0
i38,e04,c4,p13,l4,0.0
i38,e04,c4,p14,l1,0.0
i38,e04,c4,p14,l2,0.0
i38,e04,c4,p14,l3,0.0
i38,e04,c4,p14,l4,0.0
i38,e04,c4,p15,l1,0.0
i38,e04,c4,p15,l2,0.0
i38,e04,c4,p15,l3,0.0
i38,e04,c4,p15,l4,0.0
i38,e04,c4,p16,l1,0.0
i38,e04,c4,p16,l3,0.0
i38,e04,c4,p16,l4,0.0
i38,e04,c4,p17,l1,0.0
i38,e04,c4,p17,l2,0.0
i38,e04,c4,p17,l3,0.0
i38,e04,c4,p17,l4,0.0
i38,e04,c4,p18,l1,0.0
i38,e04,c4,p18,l2,0.0
i38,e04,c4,p18,l3,0.0
i38,e04,c4,p18,l4,0.0
i38,e04,c4,p19,l1,0.0
i38,e04,c4,p19,l2,0.0
i38,e04,c4,p19,l3,0.0
i38,e04,c4,p19,l4,0.0
i38,e04,c4,p20,l1,0.0
i38,e04,c4,p20,l2,0.0
i38,e04,c4,p20,l3,0.0
i38,e04,c4,p20,l4,0.0
i38,e04,c4,p21,l1,1.0
i38,e04,c4,p21,l2,0.0
i38,e04,c4,p21,l3,0.0
i38,e04,c4,p21,l4,0.0
i38,e04,c4,p22,l1,2.0
i38,e04,c4,p22,l3,0.0
i38,e04,c4,p22,l4,0.0
i38,e04,c4,p23,l1,3.0
i38,e04,c4,p23,l3,0.0
i38,e04,c4,p23,l4,0.0
i38,e04,c4,p24,l1,7.0
i38,e04,c4,p24,l2,0.0
i38,e04,c4,p24,l3,0.0
i38,e04,c4,p24,l4,0.0
i38,e04,c4,p25,l1,0.0
i38,e04,c4,p25,l2,0.0
i38,e04,c4,p25,l3,0.0
i38,e04,c4,p25,l4,0.0
i38,e04,c4,p26,l1,0.0
i38,e04,c4,p26,l3,0.0
i38,e04,c4,p26,l4,0.0
i38,e04,c4,p27,l1,0.0
i38,e04,c4,p27,l3,0.0
i38,e04,c4,p27,l4,0.0
i38,e04,c4,p28,l1,0.0
i38,e04,c4,p28,l3,0.0
i38,e04,c4,p28,l4,0.0
i38,e04,c4,p29,l1,0.0
i38,e04,c4,p29,l2,0.0
i38,e04,c4,p29,l3,0.0
i38,e04,c4,p29,l4,0.0
i38,e04,c4,p30,l1,0.0
i38,e04,c4,p30,l2,0.0
i38,e04,c4,p30,l3,0.0
i38,e04,c4,p30,l4,0.0
i38,e04,c4,p31,l1,0.0
i38,e04,c4,p31,l3,0.0
i38,e04,c4,p31,l4,0.0
i38,e04,c4,p32,l1,0.0
i38,e04,c4,p32,l3,0.0
i38,e04,c4,p32,l4,0.0
i38,e04,c4,p33,l1,0.0
i38,e04,c4,p33,l3,0.0
i38,e04,c4,p33,l4,0.0
i38,e04,c4,p34,l1,0.0
i38,e04,c4,p34,l3,0.0
i38,e04,c4,p35,l1,0.0
i38,e04,c4,p35,l3,0.0
i38,e04,c4,p35,l4,0.0
i38,e04,c7,p01,l1,0.0
i38,e04,c7,p01,l3,0.0
i38,e04,c7,p01,l4,0.0
i38,e04,c7,p02,l1,0.0
i38,e04,c7,p02,l3,0.0
i38,e04,c7,p03,l1,0.0
i38,e04,c7,p03,l3,0.0
i38,e04,c7,p03,l4,0.0
i38,e04,c7,p04,l1,0.0
i38,e04,c7,p04,l3,0.0
i38,e04,c7,p04,l4,0.0
i38,e04,c7,p05,l1,0.0
i38,e04,c7,p05,l3,0.0
i38,e04,c7,p05,l4,0.0
i38,e04,c7,p06,l1,0.0
i38,e04,c7,p06,l3,0.0
i38,e04,c7,p07,l1,0.0
i38,e04,c7,p07,l3,0.0
i38,e04,c7,p07,l4,0.0
i38,e04,c7,p08,l1,0.0
i38,e04,c7,p08,l3,0.0
i38,e04,c7,p09,l1,0.0
i38,e04,c7,p09,l3,0.0
i38,e04,c7,p10,l1,0.0
i38,e04,c7,p10,l3,0.0
i38,e04,c7,p10,l4,0.0
i38,e04,c7,p11,l1,0.0
i38,e04,c7,p11,l3,0.0
i38,e04,c7,p11,l4,0.0
i38,e04,c7,p12,l1,0.0
i38,e04,c7,p12,l3,0.0
i38,e04,c7,p12,l4,0.0
i38,e04,c7,p13,l1,0.0
i38,e04,c7,p13,l3,0.0
i38,e04,c7,p14,l1,0.0
i38,e04,c7,p14,l3,0.0
i38,e04,c7,p15,l1,0.0
i38,e04,c7,p15,l3,0.0
i38,e04,c7,p16,l1,0.0
i38,e04,c7,p16,l3,0.0
i38,e04,c7,p17,l1,0.0
i38,e04,c7,p17,l3,0.0
i38,e04,c7,p18,l1,0.0
i38,e04,c7,p18,l3,0.0
i38,e04,c7,p19,l1,0.0
i38,e04,c7,p19,l3,0.0
i38,e04,c7,p19,l4,0.0
i38,e04,c7,p20,l1,0.0
i38,e04,c7,p20,l3,0.0
i38,e04,c7,p21,l1,0.0
i38,e04,c7,p21,l3,0.0
i38,e04,c7,p21,l4,0.0
i38,e04,c7,p22,l1,0.0
i38,e04,c7,p23,l1,0.0
i38,e04,c7,p23,l3,0.0
i38,e04,c7,p23,l4,0.0
i38,e04,c7,p24,l1,0.0
i38,e04,c7,p24,l3,0.0
i38,e04,c7,p24,l4,0.0
i38,e04,c7,p25,l1,0.0
i38,e04,c7,p25,l3,0.0
i38,e04,c7,p25,l4,0.0
i38,e04,c7,p26,l1,0.0
i38,e04,c7,p28,l1,0.0
i38,e04,c7,p28,l3,0.0
i38,e04,c7,p29,l1,0.0
i38,e04,c7,p29,l3,0.0
i38,e04,c7,p31,l1,0.0
i38,e04,c7,p32,l1,0.0
i38,e04,c7,p32,l3,0.0
i38,e04,c7,p34,l3,0.0
i38,e04,c7,p35,l1,0.0
i38,e04,c7,p35,l3,0.0
i38,e04,c8,p01,l1,0.0
i38,e04,c8,p01,l3,0.0
i38,e04,c8,p02,l1,0.0
i38,e04,c8,p05,l1,0.0
i38,e04,c8,p06,l1,0.0
i38,e04,c8,p07,l1,0.0
i38,e04,c8,p09,l1,0.0
i38,e04,c8,p10,l1,0.0
i38,e04,c8,p10,l2,0.0
i38,e04,c8,p10,l3,0.0
i38,e04,c8,p10,l4,0.0
i38,e04,c8,p11,l1,0.0
i38,e04,c8,p11,l4,0.0
i38,e04,c8,p12,l1,0.0
i38,e04,c8,p13,l1,0.0
i38,e04,c8,p14,l1,0.0
i38,e04,c8,p14,l3,0.0
i38,e04,c8,p14,l4,0.0
i38,e04,c8,p15,l1,0.0
i38,e04,c8,p15,l3,0.0
i38,e04,c8,p16,l1,0.0
i38,e04,c8,p16,l4,0.0
i38,e04,c8,p19,l1,0.0
i38,e04,c8,p19,l4,0.0
i38,e04,c8,p20,l1,0.0
i38,e04,c8,p20,l3,0.0
i38,e04,c8,p21,l1,0.0
i38,e04,c8,p23,l1,0.0
i38,e04,c8,p23,l3,0.0
i38,e04,c8,p24,l1,0.0
i38,e04,c8,p28,l1,0.0
i38,e04,c8,p28,l3,0.0
i38,e04,c8,p29,l1,0.0
i38,e04,c8,p29,l3,0.0
i38,e04,c8,p31,l1,0.0
i38,e05,c1,p01,l1,0.0
i38,e05,c1,p01,l3,0.0
i38,e05,c1,p02,l1,0.0
i38,e05,c1,p02,l3,0.0
i38,e05,c1,p03,l1,1.0
i38,e05,c1,p03,l3,0.0
i38,e05,c1,p04,l1,1.0
i38,e05,c1,p04,l3,0.0
i38,e05,c1,p05,l1,1.0
i38,e05,c1,p05,l3,0.0
i38,e05,c1,p06,l1,0.0
i38,e05,c1,p06,l3,0.0
i38,e05,c1,p07,l1,0.0
i38,e05,c1,p07,l3,0.0
i38,e05,c1,p08,l1,0.0
i38,e05,c1,p08,l3,0.0
i38,e05,c1,p09,l1,0.0
i38,e05,c1,p10,l1,1.0
i38,e05,c1,p10,l3,0.0
i38,e05,c1,p11,l1,2.0
i38,e05,c1,p11,l3,0.0
i38,e05,c1,p12,l1,1.0
i38,e05,c1,p12,l3,0.0
i38,e05,c1,p13,l1,1.0
i38,e05,c1,p13,l3,0.0
i38,e05,c1,p14,l1,0.0
i38,e05,c1,p14,l3,0.0
i38,e05,c1,p15,l1,1.0
i38,e05,c1,p15,l3,0.0
i38,e05,c1,p16,l1,1.0
i38,e05,c1,p16,l3,0.0
i38,e05,c1,p17,l1,1.0
i38,e05,c1,p17,l3,0.0
i38,e05,c1,p18,l1,1.0
i38,e05,c1,p18,l3,0.0
i38,e05,c1,p19,l1,3.0
i38,e05,c1,p19,l3,0.0
i38,e05,c1,p20,l1,0.0
i38,e05,c1,p21,l1,0.0
i38,e05,c1,p21,l3,0.0
i38,e05,c1,p22,l1,0.0
i38,e05,c1,p22,l3,0.0
i38,e05,c1,p23,l1,1.0
i38,e05,c1,p23,l3,0.0
i38,e05,c1,p24,l1,1.0
i38,e05,c1,p24,l3,0.0
i38,e05,c1,p25,l1,0.0
i38,e05,c1,p25,l3,0.0
i38,e05,c1,p26,l1,0.0
i38,e05,c1,p27,l1,0.0
i38,e05,c1,p28,l1,1.0
i38,e05,c1,p28,l3,0.0
i38,e05,c1,p29,l1,0.0
i38,e05,c1,p30,l1,0.0
i38,e05,c1,p30,l3,0.0
i38,e05,c1,p31,l1,0.0
i38,e05,c1,p31,l3,0.0
i38,e05,c1,p32,l1,2.0
i38,e05,c1,p32,l3,0.0
i38,e05,c1,p33,l1,0.0
i38,e05,c1,p34,l1,0.0
i38,e05,c1,p35,l1,5.0
i38,e05,c1,p35,l3,0.0
i38,e05,c4,p01,l1,0.0
i38,e05,c4,p01,l3,0.0
i38,e05,c4,p02,l1,0.0
i38,e05,c4,p03,l1,0.0
i38,e05,c4,p03,l3,0.0
i38,e05,c4,p04,l1,0.0
i38,e05,c4,p05,l1,0.0
i38,e05,c4,p06,l1,0.0
i38,e05,c4,p07,l1,0.0
i38,e05,c4,p08,l1,0.0
i38,e05,c4,p09,l1,0.0
i38,e05,c4,p10,l1,0.0
i38,e05,c4,p10,l3,0.0
i38,e05,c4,p11,l1,0.0
i38,e05,c4,p12,l1,0.0
i38,e05,c4,p13,l1,0.0
i38,e05,c4,p14,l1,0.0
i38,e05,c4,p15,l1,0.0
i38,e05,c4,p15,l3,0.0
i38,e05,c4,p16,l1,0.0
i38,e05,c4,p16,l3,0.0
i38,e05,c4,p17,l1,0.0
i38,e05,c4,p18,l1,0.0
i38,e05,c4,p19,l1,0.0
i38,e05,c4,p20,l1,0.0
i38,e05,c4,p21,l1,0.0
i38,e05,c4,p22,l1,0.0
i38,e05,c4,p23,l1,0.0
i38,e05,c4,p24,l1,0.0
i38,e05,c4,p24,l3,0.0
i38,e05,c4,p25,l1,0.0
i38,e05,c4,p26,l1,0.0
i38,e05,c4,p28,l1,0.0
i38,e05,c4,p28,l3,0.0
i38,e05,c4,p29,l1,0.0
i38,e05,c4,p30,l1,0.0
i38,e05,c4,p31,l1,0.0
i38,e05,c4,p32,l1,0.0
i38,e05,c4,p33,l1,0.0
i38,e05,c4,p35,l1,0.0
i38,e05,c7,p01,l1,0.0
i38,e05,c7,p02,l1,0.0
i38,e05,c7,p03,l1,0.0
i38,e05,c7,p04,l1,0.0
i38,e05,c7,p07,l1,0.0
i38,e05,c7,p08,l1,0.0
i38,e05,c7,p10,l1,0.0
i38,e05,c7,p11,l1,0.0
i38,e05,c7,p12,l1,0.0
i38,e05,c7,p13,l1,0.0
i38,e05,c7,p14,l1,0.0
i38,e05,c7,p15,l1,0.0
i38,e05,c7,p16,l1,0.0
i38,e05,c7,p17,l1,0.0
i38,e05,c7,p19,l1,0.0
i38,e05,c7,p21,l1,0.0
i38,e05,c7,p22,l1,0.0
i38,e05,c7,p23,l1,0.0
i38,e05,c7,p24,l1,0.0
i38,e05,c7,p28,l1,0.0
i38,e05,c7,p29,l1,0.0
i38,e05,c7,p32,l1,0.0
i38,e05,c7,p35,l1,0.0
i38,e05,c8,p10,l3,0.0
i38,e06,c1,p01,l3,339.0
i38,e06,c1,p02,l3,142.0
i38,e06,c1,p03,l3,349.0
i38,e06,c1,p04,l3,175.0
i38,e06,c1,p05,l3,232.0
i38,e06,c1,p06,l3,91.0
i38,e06,c1,p07,l3,248.0
i38,e06,c1,p08,l3,44.0
i38,e06,c1,p09,l3,30.0
i38,e06,c1,p10,l3,1344.0
i38,e06,c1,p11,l3,295.0
i38,e06,c1,p12,l3,148.0
i38,e06,c1,p13,l3,276.0
i38,e06,c1,p14,l3,162.0
i38,e06,c1,p15,l3,260.0
i38,e06,c1,p16,l3,156.0
i38,e06,c1,p17,l3,201.0
i38,e06,c1,p18,l3,98.0
i38,e06,c1,p19,l3,951.0
i38,e06,c1,p20,l3,44.0
i38,e06,c1,p21,l3,272.0
i38,e06,c1,p22,l3,57.0
i38,e06,c1,p23,l3,157.0
i38,e06,c1,p24,l3,117.0
i38,e06,c1,p25,l3,72.0
i38,e06,c1,p26,l3,15.0
i38,e06,c1,p27,l3,0.0
i38,e06,c1,p28,l3,55.0
i38,e06,c1,p29,l3,164.0
i38,e06,c1,p30,l3,0.0
i38,e06,c1,p31,l3,0.0
i38,e06,c1,p32,l3,74.0
i38,e06,c1,p33,l3,0.0
i38,e06,c1,p34,l3,0.0
i38,e06,c1,p35,l3,87.0
i38,e06,c4,p01,l3,27.0
i38,e06,c4,p02,l3,0.0
i38,e06,c4,p03,l3,15.0
i38,e06,c4,p04,l3,0.0
i38,e06,c4,p05,l3,15.0
i38,e06,c4,p06,l3,0.0
i38,e06,c4,p07,l3,28.0
i38,e06,c4,p08,l3,0.0
i38,e06,c4,p09,l3,0.0
i38,e06,c4,p10,l3,120.0
i38,e06,c4,p11,l3,0.0
i38,e06,c4,p12,l3,0.0
i38,e06,c4,p13,l3,15.0
i38,e06,c4,p14,l3,0.0
i38,e06,c4,p15,l3,0.0
i38,e06,c4,p16,l3,0.0
i38,e06,c4,p17,l3,15.0
i38,e06,c4,p18,l3,0.0
i38,e06,c4,p19,l3,30.0
i38,e06,c4,p20,l3,0.0
i38,e06,c4,p21,l3,0.0
i38,e06,c4,p22,l3,0.0
i38,e06,c4,p23,l3,0.0
i38,e06,c4,p24,l3,15.0
i38,e06,c4,p25,l3,0.0
i38,e06,c4,p26,l3,0.0
i38,e06,c4,p27,l3,0.0
i38,e06,c4,p28,l3,0.0
i38,e06,c4,p29,l3,0.0
i38,e06,c4,p30,l3,0.0
i38,e06,c4,p31,l3,0.0
i38,e06,c4,p32,l3,30.0
i38,e06,c4,p33,l3,0.0
i38,e06,c4,p34,l3,0.0
i38,e06,c4,p35,l3,22.0
i38,e06,c7,p01,l3,0.0
i38,e06,c7,p02,l3,0.0
i38,e06,c7,p03,l3,0.0
i38,e06,c7,p04,l3,0.0
i38,e06,c7,p05,l3,0.0
i38,e06,c7,p06,l3,0.0
i38,e06,c7,p07,l3,0.0
i38,e06,c7,p08,l3,0.0
i38,e06,c7,p09,l3,0.0
i38,e06,c7,p10,l3,0.0
i38,e06,c7,p11,l3,0.0
i38,e06,c7,p12,l3,0.0
i38,e06,c7,p13,l3,0.0
i38,e06,c7,p14,l3,0.0
i38,e06,c7,p15,l3,0.0
i38,e06,c7,p16,l3,0.0
i38,e06,c7,p17,l3,0.0
i38,e06,c7,p18,l3,0.0
i38,e06,c7,p19,l3,0.0
i38,e06,c7,p20,l3,0.0
i38,e06,c7,p21,l3,0.0
i38,e06,c7,p22,l3,0.0
i38,e06,c7,p23,l3,0.0
i38,e06,c7,p24,l3,0.0
i38,e06,c7,p25,l3,0.0
i38,e06,c7,p26,l3,0.0
i38,e06,c7,p28,l3,0.0
i38,e06,c7,p29,l3,0.0
i38,e06,c7,p31,l3,0.0
i38,e06,c7,p32,l3,0.0
i38,e06,c7,p34,l3,0.0
i38,e06,c7,p35,l3,0.0
i38,e06,c8,p13,l3,0.0
i38,e06,c8,p14,l3,0.0
i38,e06,c8,p18,l3,0.0
i38,e07,c1,p01,l2,1.0
i38,e07,c1,p01,l3,0.0
i38,e07,c1,p02,l2,1.0
i38,e07,c1,p02,l3,0.0
i38,e07,c1,p03,l2,3.0
i38,e07,c1,p03,l3,0.0
i38,e07,c1,p04,l2,0.0
i38,e07,c1,p04,l3,0.0
i38,e07,c1,p05,l2,4.0
i38,e07,c1,p05,l3,0.0
i38,e07,c1,p06,l2,0.0
i38,e07,c1,p06,l3,0.0
i38,e07,c1,p07,l2,5.0
i38,e07,c1,p07,l3,0.0
i38,e07,c1,p08,l2,0.0
i38,e07,c1,p08,l3,0.0
i38,e07,c1,p09,l2,0.0
i38,e07,c1,p09,l3,0.0
i38,e07,c1,p10,l2,34.0
i38,e07,c1,p10,l3,0.0
i38,e07,c1,p11,l2,5.0
i38,e07,c1,p11,l3,0.0
i38,e07,c1,p12,l2,2.0
i38,e07,c1,p12,l3,0.0
i38,e07,c1,p13,l2,3.0
i38,e07,c1,p13,l3,0.0
i38,e07,c1,p14,l2,4.0
i38,e07,c1,p14,l3,0.0
i38,e07,c1,p15,l2,4.0
i38,e07,c1,p15,l3,0.0
i38,e07,c1,p16,l2,7.0
i38,e07,c1,p16,l3,0.0
i38,e07,c1,p17,l2,6.0
i38,e07,c1,p17,l3,0.0
i38,e07,c1,p18,l2,0.0
i38,e07,c1,p18,l3,0.0
i38,e07,c1,p19,l2,16.0
i38,e07,c1,p19,l3,0.0
i38,e07,c1,p20,l2,0.0
i38,e07,c1,p20,l3,0.0
i38,e07,c1,p21,l2,1.0
i38,e07,c1,p21,l3,0.0
i38,e07,c1,p22,l2,1.0
i38,e07,c1,p22,l3,0.0
i38,e07,c1,p23,l2,0.0
i38,e07,c1,p23,l3,0.0
i38,e07,c1,p24,l2,5.0
i38,e07,c1,p24,l3,0.0
i38,e07,c1,p25,l2,2.0
i38,e07,c1,p25,l3,0.0
i38,e07,c1,p26,l2,0.0
i38,e07,c1,p26,l3,0.0
i38,e07,c1,p27,l2,0.0
i38,e07,c1,p27,l3,0.0
i38,e07,c1,p28,l2,0.0
i38,e07,c1,p28,l3,0.0
i38,e07,c1,p29,l2,7.0
i38,e07,c1,p29,l3,0.0
i38,e07,c1,p30,l2,0.0
i38,e07,c1,p30,l3,0.0
i38,e07,c1,p31,l2,0.0
i38,e07,c1,p31,l3,0.0
i38,e07,c1,p32,l2,0.0
i38,e07,c1,p32,l3,0.0
i38,e07,c1,p33,l2,0.0
i38,e07,c1,p33,l3,0.0
i38,e07,c1,p34,l2,0.0
i38,e07,c1,p34,l3,0.0
i38,e07,c1,p35,l2,0.0
i38,e07,c1,p35,l3,0.0
i38,e07,c4,p01,l2,0.0
i38,e07,c4,p01,l3,0.0
i38,e07,c4,p02,l2,0.0
i38,e07,c4,p02,l3,0.0
i38,e07,c4,p03,l2,0.0
i38,e07,c4,p03,l3,0.0
i38,e07,c4,p04,l2,0.0
i38,e07,c4,p04,l3,0.0
i38,e07,c4,p05,l2,0.0
i38,e07,c4,p05,l3,0.0
i38,e07,c4,p06,l2,0.0
i38,e07,c4,p06,l3,0.0
i38,e07,c4,p07,l2,0.0
i38,e07,c4,p07,l3,0.0
i38,e07,c4,p08,l2,0.0
i38,e07,c4,p08,l3,0.0
i38,e07,c4,p09,l2,0.0
i38,e07,c4,p09,l3,0.0
i38,e07,c4,p10,l2,0.0
i38,e07,c4,p10,l3,0.0
i38,e07,c4,p11,l2,0.0
i38,e07,c4,p11,l3,0.0
i38,e07,c4,p12,l2,0.0
i38,e07,c4,p12,l3,0.0
i38,e07,c4,p13,l2,0.0
i38,e07,c4,p13,l3,0.0
i38,e07,c4,p14,l2,0.0
i38,e07,c4,p14,l3,0.0
i38,e07,c4,p15,l2,2.0
i38,e07,c4,p15,l3,0.0
i38,e07,c4,p16,l2,0.0
i38,e07,c4,p16,l3,0.0
i38,e07,c4,p17,l2,0.0
i38,e07,c4,p17,l3,0.0
i38,e07,c4,p18,l2,0.0
i38,e07,c4,p18,l3,0.0
i38,e07,c4,p19,l2,0.0
i38,e07,c4,p19,l3,0.0
i38,e07,c4,p20,l2,0.0
i38,e07,c4,p20,l3,0.0
i38,e07,c4,p21,l2,0.0
i38,e07,c4,p21,l3,0.0
i38,e07,c4,p22,l2,0.0
i38,e07,c4,p22,l3,0.0
i38,e07,c4,p23,l2,0.0
i38,e07,c4,p23,l3,0.0
i38,e07,c4,p24,l2,0.0
i38,e07,c4,p24,l3,0.0
i38,e07,c4,p25,l2,0.0
i38,e07,c4,p25,l3,0.0
i38,e07,c4,p26,l2,0.0
i38,e07,c4,p26,l3,0.0
i38,e07,c4,p28,l2,0.0
i38,e07,c4,p28,l3,0.0
i38,e07,c4,p29,l2,0.0
i38,e07,c4,p29,l3,0.0
i38,e07,c4,p30,l2,0.0
i38,e07,c4,p30,l3,0.0
i38,e07,c4,p31,l2,0.0
i38,e07,c4,p31,l3,0.0
i38,e07,c4,p32,l2,0.0
i38,e07,c4,p32,l3,0.0
i38,e07,c4,p33,l2,0.0
i38,e07,c4,p33,l3,0.0
i38,e07,c4,p34,l2,0.0
i38,e07,c4,p35,l2,0.0
i38,e07,c4,p35,l3,0.0
i38,e07,c7,p01,l3,0.0
i38,e07,c7,p02,l2,0.0
i38,e07,c7,p02,l3,0.0
i38,e07,c7,p03,l2,0.0
i38,e07,c7,p03,l3,0.0
i38,e07,c7,p06,l3,0.0
i38,e07,c7,p07,l3,0.0
i38,e07,c7,p09,l2,0.0
i38,e07,c7,p09,l3,0.0
i38,e07,c7,p10,l2,0.0
i38,e07,c7,p10,l3,0.0
i38,e07,c7,p11,l2,0.0
i38,e07,c7,p11,l3,0.0
i38,e07,c7,p12,l2,0.0
i38,e07,c7,p13,l2,0.0
i38,e07,c7,p15,l2,0.0
i38,e07,c7,p16,l2,0.0
i38,e07,c7,p17,l2,0.0
i38,e07,c7,p17,l3,0.0
i38,e07,c7,p18,l3,0.0
i38,e07,c7,p19,l2,0.0
i38,e07,c7,p19,l3,0.0
i38,e07,c7,p21,l2,0.0
i38,e07,c7,p22,l2,0.0
i38,e07,c7,p24,l2,0.0
i38,e07,c7,p29,l2,0.0
i38,e08,c1,p01,l2,223.0
i38,e08,c1,p01,l3,0.0
i38,e08,c1,p01,l4,0.0
i38,e08,c1,p02,l2,50.0
i38,e08,c1,p02,l3,0.0
i38,e08,c1,p02,l4,0.0
i38,e08,c1,p03,l2,211.0
i38,e08,c1,p03,l3,0.0
i38,e08,c1,p03,l4,0.0
i38,e08,c1,p04,l2,77.0
i38,e08,c1,p04,l3,0.0
i38,e08,c1,p04,l4,0.0
i38,e08,c1,p05,l2,87.0
i38,e08,c1,p05,l3,0.0
i38,e08,c1,p05,l4,0.0
i38,e08,c1,p06,l2,15.0
i38,e08,c1,p06,l3,0.0
i38,e08,c1,p06,l4,0.0
i38,e08,c1,p07,l2,91.0
i38,e08,c1,p07,l3,0.0
i38,e08,c1,p07,l4,0.0
i38,e08,c1,p08,l2,14.0
i38,e08,c1,p08,l3,0.0
i38,e08,c1,p08,l4,0.0
i38,e08,c1,p09,l2,26.0
i38,e08,c1,p09,l3,0.0
i38,e08,c1,p09,l4,0.0
i38,e08,c1,p10,l2,2328.0
i38,e08,c1,p10,l3,0.0
i38,e08,c1,p10,l4,0.0
i38,e08,c1,p11,l2,75.0
i38,e08,c1,p11,l3,0.0
i38,e08,c1,p11,l4,0.0
i38,e08,c1,p12,l2,102.0
i38,e08,c1,p12,l3,0.0
i38,e08,c1,p12,l4,0.0
i38,e08,c1,p13,l2,89.0
i38,e08,c1,p13,l3,0.0
i38,e08,c1,p13,l4,0.0
i38,e08,c1,p14,l2,64.0
i38,e08,c1,p14,l3,0.0
i38,e08,c1,p14,l4,0.0
i38,e08,c1,p15,l2,63.0
i38,e08,c1,p15,l3,0.0
i38,e08,c1,p15,l4,0.0
i38,e08,c1,p16,l2,65.0
i38,e08,c1,p16,l3,0.0
i38,e08,c1,p16,l4,0.0
i38,e08,c1,p17,l2,100.0
i38,e08,c1,p17,l3,0.0
i38,e08,c1,p17,l4,0.0
i38,e08,c1,p18,l2,32.0
i38,e08,c1,p18,l3,0.0
i38,e08,c1,p18,l4,0.0
i38,e08,c1,p19,l2,613.0
i38,e08,c1,p19,l3,0.0
i38,e08,c1,p19,l4,0.0
i38,e08,c1,p20,l2,7.0
i38,e08,c1,p20,l3,0.0
i38,e08,c1,p20,l4,0.0
i38,e08,c1,p21,l2,292.0
i38,e08,c1,p21,l3,0.0
i38,e08,c1,p21,l4,0.0
i38,e08,c1,p22,l2,229.0
i38,e08,c1,p22,l3,0.0
i38,e08,c1,p22,l4,0.0
i38,e08,c1,p23,l2,29.0
i38,e08,c1,p23,l3,0.0
i38,e08,c1,p23,l4,0.0
i38,e08,c1,p24,l2,79.0
i38,e08,c1,p24,l3,0.0
i38,e08,c1,p24,l4,0.0
i38,e08,c1,p25,l2,34.0
i38,e08,c1,p25,l3,0.0
i38,e08,c1,p25,l4,0.0
i38,e08,c1,p26,l2,9.0
i38,e08,c1,p26,l3,0.0
i38,e08,c1,p26,l4,0.0
i38,e08,c1,p27,l2,0.0
i38,e08,c1,p27,l3,0.0
i38,e08,c1,p27,l4,0.0
i38,e08,c1,p28,l2,20.0
i38,e08,c1,p28,l3,0.0
i38,e08,c1,p28,l4,0.0
i38,e08,c1,p29,l2,149.0
i38,e08,c1,p29,l3,0.0
i38,e08,c1,p29,l4,0.0
i38,e08,c1,p30,l2,0.0
i38,e08,c1,p30,l3,0.0
i38,e08,c1,p30,l4,0.0
i38,e08,c1,p31,l2,7.0
i38,e08,c1,p31,l3,0.0
i38,e08,c1,p31,l4,0.0
i38,e08,c1,p32,l2,219.0
i38,e08,c1,p32,l3,0.0
i38,e08,c1,p32,l4,0.0
i38,e08,c1,p33,l2,0.0
i38,e08,c1,p33,l3,0.0
i38,e08,c1,p33,l4,0.0
i38,e08,c1,p34,l2,0.0
i38,e08,c1,p34,l3,0.0
i38,e08,c1,p34,l4,0.0
i38,e08,c1,p35,l2,34.0
i38,e08,c1,p35,l3,0.0
i38,e08,c1,p35,l4,0.0
i38,e08,c4,p01,l2,40.0
i38,e08,c4,p01,l3,0.0
i38,e08,c4,p01,l4,0.0
i38,e08,c4,p02,l2,0.0
i38,e08,c4,p02,l3,0.0
i38,e08,c4,p02,l4,0.0
i38,e08,c4,p03,l2,4.0
i38,e08,c4,p03,l3,0.0
i38,e08,c4,p03,l4,0.0
i38,e08,c4,p04,l2,7.0
i38,e08,c4,p04,l3,0.0
i38,e08,c4,p04,l4,0.0
i38,e08,c4,p05,l2,1.0
i38,e08,c4,p05,l3,0.0
i38,e08,c4,p05,l4,0.0
i38,e08,c4,p06,l2,0.0
i38,e08,c4,p06,l3,0.0
i38,e08,c4,p06,l4,0.0
i38,e08,c4,p07,l2,0.0
i38,e08,c4,p07,l3,0.0
i38,e08,c4,p07,l4,0.0
i38,e08,c4,p08,l2,0.0
i38,e08,c4,p08,l3,0.0
i38,e08,c4,p08,l4,0.0
i38,e08,c4,p09,l2,0.0
i38,e08,c4,p09,l3,0.0
i38,e08,c4,p09,l4,0.0
i38,e08,c4,p10,l2,20.0
i38,e08,c4,p10,l3,0.0
i38,e08,c4,p10,l4,0.0
i38,e08,c4,p11,l2,0.0
i38,e08,c4,p11,l3,0.0
i38,e08,c4,p11,l4,0.0
i38,e08,c4,p12,l2,1.0
i38,e08,c4,p12,l3,0.0
i38,e08,c4,p12,l4,0.0
i38,e08,c4,p13,l2,6.0
i38,e08,c4,p13,l3,0.0
i38,e08,c4,p13,l4,0.0
i38,e08,c4,p14,l2,0.0
i38,e08,c4,p14,l3,0.0
i38,e08,c4,p14,l4,0.0
i38,e08,c4,p15,l2,0.0
i38,e08,c4,p15,l3,0.0
i38,e08,c4,p15,l4,0.0
i38,e08,c4,p16,l2,0.0
i38,e08,c4,p16,l3,0.0
i38,e08,c4,p16,l4,0.0
i38,e08,c4,p17,l2,0.0
i38,e08,c4,p17,l3,0.0
i38,e08,c4,p17,l4,0.0
i38,e08,c4,p18,l2,0.0
i38,e08,c4,p18,l3,0.0
i38,e08,c4,p18,l4,0.0
i38,e08,c4,p19,l2,6.0
i38,e08,c4,p19,l3,0.0
i38,e08,c4,p19,l4,0.0
i38,e08,c4,p20,l2,0.0
i38,e08,c4,p20,l3,0.0
i38,e08,c4,p20,l4,0.0
i38,e08,c4,p21,l2,0.0
i38,e08,c4,p21,l3,0.0
i38,e08,c4,p21,l4,0.0
i38,e08,c4,p22,l2,2.0
i38,e08,c4,p22,l3,0.0
i38,e08,c4,p22,l4,0.0
i38,e08,c4,p23,l2,8.0
i38,e08,c4,p23,l3,0.0
i38,e08,c4,p23,l4,0.0
i38,e08,c4,p24,l2,1.0
i38,e08,c4,p24,l3,0.0
i38,e08,c4,p24,l4,0.0
i38,e08,c4,p25,l2,0.0
i38,e08,c4,p25,l3,0.0
i38,e08,c4,p25,l4,0.0
i38,e08,c4,p26,l2,0.0
i38,e08,c4,p26,l3,0.0
i38,e08,c4,p26,l4,0.0
i38,e08,c4,p27,l2,0.0
i38,e08,c4,p27,l4,0.0
i38,e08,c4,p28,l2,0.0
i38,e08,c4,p28,l3,0.0
i38,e08,c4,p28,l4,0.0
i38,e08,c4,p29,l2,4.0
i38,e08,c4,p29,l3,0.0
i38,e08,c4,p29,l4,0.0
i38,e08,c4,p30,l2,2.0
i38,e08,c4,p30,l3,0.0
i38,e08,c4,p30,l4,0.0
i38,e08,c4,p31,l2,1.0
i38,e08,c4,p31,l3,0.0
i38,e08,c4,p31,l4,0.0
i38,e08,c4,p32,l2,34.0
i38,e08,c4,p32,l3,0.0
i38,e08,c4,p32,l4,0.0
i38,e08,c4,p33,l2,0.0
i38,e08,c4,p33,l4,0.0
i38,e08,c4,p34,l2,0.0
i38,e08,c4,p34,l3,0.0
i38,e08,c4,p34,l4,0.0
i38,e08,c4,p35,l2,1.0
i38,e08,c4,p35,l3,0.0
i38,e08,c4,p35,l4,0.0
i38,e08,c7,p01,l2,0.0
i38,e08,c7,p01,l3,0.0
i38,e08,c7,p01,l4,0.0
i38,e08,c7,p02,l2,0.0
i38,e08,c7,p02,l4,0.0
i38,e08,c7,p03,l2,0.0
i38,e08,c7,p03,l3,0.0
i38,e08,c7,p03,l4,0.0
i38,e08,c7,p04,l2,0.0
i38,e08,c7,p04,l3,0.0
i38,e08,c7,p04,l4,0.0
i38,e08,c7,p05,l2,0.0
i38,e08,c7,p05,l4,0.0
i38,e08,c7,p06,l2,0.0
i38,e08,c7,p06,l4,0.0
i38,e08,c7,p07,l2,0.0
i38,e08,c7,p07,l4,0.0
i38,e08,c7,p08,l2,0.0
i38,e08,c7,p08,l4,0.0
i38,e08,c7,p09,l2,0.0
i38,e08,c7,p09,l4,0.0
i38,e08,c7,p10,l2,0.0
i38,e08,c7,p10,l3,0.0
i38,e08,c7,p10,l4,0.0
i38,e08,c7,p11,l2,0.0
i38,e08,c7,p11,l4,0.0
i38,e08,c7,p12,l2,0.0
i38,e08,c7,p12,l4,0.0
i38,e08,c7,p13,l2,0.0
i38,e08,c7,p13,l3,0.0
i38,e08,c7,p13,l4,0.0
i38,e08,c7,p14,l2,0.0
i38,e08,c7,p14,l3,0.0
i38,e08,c7,p14,l4,0.0
i38,e08,c7,p15,l2,0.0
i38,e08,c7,p15,l3,0.0
i38,e08,c7,p15,l4,0.0
i38,e08,c7,p16,l2,0.0
i38,e08,c7,p16,l3,0.0
i38,e08,c7,p16,l4,0.0
i38,e08,c7,p17,l2,0.0
i38,e08,c7,p17,l3,0.0
i38,e08,c7,p17,l4,0.0
i38,e08,c7,p18,l2,0.0
i38,e08,c7,p18,l4,0.0
i38,e08,c7,p19,l2,0.0
i38,e08,c7,p19,l3,0.0
i38,e08,c7,p19,l4,0.0
i38,e08,c7,p20,l2,0.0
i38,e08,c7,p20,l4,0.0
i38,e08,c7,p21,l2,0.0
i38,e08,c7,p21,l3,0.0
i38,e08,c7,p21,l4,0.0
i38,e08,c7,p22,l2,0.0
i38,e08,c7,p22,l4,0.0
i38,e08,c7,p23,l2,0.0
i38,e08,c7,p23,l4,0.0
i38,e08,c7,p24,l2,0.0
i38,e08,c7,p24,l3,0.0
i38,e08,c7,p24,l4,0.0
i38,e08,c7,p25,l2,0.0
i38,e08,c7,p25,l4,0.0
i38,e08,c7,p26,l2,0.0
i38,e08,c7,p26,l4,0.0
i38,e08,c7,p28,l2,0.0
i38,e08,c7,p28,l4,0.0
i38,e08,c7,p29,l2,0.0
i38,e08,c7,p29,l4,0.0
i38,e08,c7,p31,l2,0.0
i38,e08,c7,p32,l2,0.0
i38,e08,c7,p32,l3,0.0
i38,e08,c7,p32,l4,0.0
i38,e08,c7,p34,l2,0.0
i38,e08,c7,p34,l3,0.0
i38,e08,c7,p34,l4,0.0
i38,e08,c7,p35,l2,0.0
i38,e08,c7,p35,l4,0.0
i38,e08,c8,p01,l2,0.0
i38,e08,c8,p01,l4,0.0
i38,e08,c8,p02,l4,0.0
i38,e08,c8,p03,l4,0.0
i38,e08,c8,p05,l2,0.0
i38,e08,c8,p05,l4,0.0
i38,e08,c8,p06,l4,0.0
i38,e08,c8,p07,l2,0.0
i38,e08,c8,p07,l4,0.0
i38,e08,c8,p09,l2,0.0
i38,e08,c8,p09,l4,0.0
i38,e08,c8,p10,l2,0.0
i38,e08,c8,p10,l3,0.0
i38,e08,c8,p10,l4,0.0
i38,e08,c8,p11,l2,0.0
i38,e08,c8,p11,l4,0.0
i38,e08,c8,p12,l2,0.0
i38,e08,c8,p12,l4,0.0
i38,e08,c8,p13,l2,0.0
i38,e08,c8,p13,l4,0.0
i38,e08,c8,p14,l2,0.0
i38,e08,c8,p14,l3,0.0
i38,e08,c8,p14,l4,0.0
i38,e08,c8,p15,l2,0.0
i38,e08,c8,p15,l4,0.0
i38,e08,c8,p16,l2,0.0
i38,e08,c8,p16,l4,0.0
i38,e08,c8,p17,l2,0.0
i38,e08,c8,p17,l4,0.0
i38,e08,c8,p18,l4,0.0
i38,e08,c8,p19,l2,0.0
i38,e08,c8,p19,l4,0.0
i38,e08,c8,p20,l2,0.0
i38,e08,c8,p20,l4,0.0
i38,e08,c8,p21,l2,0.0
i38,e08,c8,p21,l4,0.0
i38,e08,c8,p23,l2,0.0
i38,e08,c8,p23,l4,0.0
i38,e08,c8,p24,l2,0.0
i38,e08,c8,p24,l4,0.0
i38,e08,c8,p26,l2,0.0
i38,e08,c8,p26,l4,0.0
i38,e08,c8,p28,l2,0.0
i38,e08,c8,p28,l4,0.0
i38,e08,c8,p29,l2,0.0
i38,e08,c8,p29,l4,0.0
i38,e08,c8,p31,l2,0.0
i38,e08,c8,p31,l4,0.0
i38,e09,c1,p01,l2,66.0
i38,e09,c1,p01,l3,0.0
i38,e09,c1,p01,l4,0.0
i38,e09,c1,p02,l2,22.0
i38,e09,c1,p02,l3,0.0
i38,e09,c1,p02,l4,0.0
i38,e09,c1,p03,l2,46.0
i38,e09,c1,p03,l3,0.0
i38,e09,c1,p03,l4,0.0
i38,e09,c1,p04,l2,28.0
i38,e09,c1,p04,l3,0.0
i38,e09,c1,p04,l4,0.0
i38,e09,c1,p05,l2,38.0
i38,e09,c1,p05,l3,0.0
i38,e09,c1,p05,l4,0.0
i38,e09,c1,p06,l2,27.0
i38,e09,c1,p06,l3,0.0
i38,e09,c1,p06,l4,0.0
i38,e09,c1,p07,l2,17.0
i38,e09,c1,p07,l3,0.0
i38,e09,c1,p07,l4,0.0
i38,e09,c1,p08,l2,6.0
i38,e09,c1,p08,l3,0.0
i38,e09,c1,p08,l4,0.0
i38,e09,c1,p09,l2,20.0
i38,e09,c1,p09,l3,0.0
i38,e09,c1,p09,l4,0.0
i38,e09,c1,p10,l2,185.0
i38,e09,c1,p10,l3,0.0
i38,e09,c1,p10,l4,0.0
i38,e09,c1,p11,l2,34.0
i38,e09,c1,p11,l3,0.0
i38,e09,c1,p11,l4,0.0
i38,e09,c1,p12,l2,21.0
i38,e09,c1,p12,l3,0.0
i38,e09,c1,p12,l4,0.0
i38,e09,c1,p13,l2,33.0
i38,e09,c1,p13,l3,0.0
i38,e09,c1,p13,l4,0.0
i38,e09,c1,p14,l2,38.0
i38,e09,c1,p14,l3,0.0
i38,e09,c1,p14,l4,0.0
i38,e09,c1,p15,l2,33.0
i38,e09,c1,p15,l3,0.0
i38,e09,c1,p15,l4,0.0
i38,e09,c1,p16,l2,24.0
i38,e09,c1,p16,l3,0.0
i38,e09,c1,p16,l4,0.0
i38,e09,c1,p17,l2,57.0
i38,e09,c1,p17,l3,0.0
i38,e09,c1,p17,l4,0.0
i38,e09,c1,p18,l2,13.0
i38,e09,c1,p18,l3,0.0
i38,e09,c1,p18,l4,0.0
i38,e09,c1,p19,l2,206.0
i38,e09,c1,p19,l3,0.0
i38,e09,c1,p19,l4,0.0
i38,e09,c1,p20,l2,8.0
i38,e09,c1,p20,l3,0.0
i38,e09,c1,p20,l4,0.0
i38,e09,c1,p21,l2,49.0
i38,e09,c1,p21,l3,0.0
i38,e09,c1,p21,l4,0.0
i38,e09,c1,p22,l2,10.0
i38,e09,c1,p22,l3,0.0
i38,e09,c1,p22,l4,0.0
i38,e09,c1,p23,l2,5.0
i38,e09,c1,p23,l3,0.0
i38,e09,c1,p23,l4,0.0
i38,e09,c1,p24,l2,32.0
i38,e09,c1,p24,l3,0.0
i38,e09,c1,p24,l4,0.0
i38,e09,c1,p25,l2,11.0
i38,e09,c1,p25,l3,0.0
i38,e09,c1,p25,l4,0.0
i38,e09,c1,p26,l2,4.0
i38,e09,c1,p26,l3,0.0
i38,e09,c1,p26,l4,0.0
i38,e09,c1,p27,l2,0.0
i38,e09,c1,p27,l3,0.0
i38,e09,c1,p28,l2,7.0
i38,e09,c1,p28,l3,0.0
i38,e09,c1,p28,l4,0.0
i38,e09,c1,p29,l2,42.0
i38,e09,c1,p29,l3,0.0
i38,e09,c1,p29,l4,0.0
i38,e09,c1,p30,l2,0.0
i38,e09,c1,p30,l3,0.0
i38,e09,c1,p30,l4,0.0
i38,e09,c1,p31,l2,18.0
i38,e09,c1,p31,l3,0.0
i38,e09,c1,p31,l4,0.0
i38,e09,c1,p32,l2,10.0
i38,e09,c1,p32,l3,0.0
i38,e09,c1,p32,l4,0.0
i38,e09,c1,p33,l2,0.0
i38,e09,c1,p33,l3,0.0
i38,e09,c1,p33,l4,0.0
i38,e09,c1,p34,l2,0.0
i38,e09,c1,p34,l3,0.0
i38,e09,c1,p34,l4,0.0
i38,e09,c1,p35,l2,5.0
i38,e09,c1,p35,l3,0.0
i38,e09,c1,p35,l4,0.0
i38,e09,c4,p01,l2,15.0
i38,e09,c4,p01,l3,0.0
i38,e09,c4,p01,l4,0.0
i38,e09,c4,p02,l2,0.0
i38,e09,c4,p02,l3,0.0
i38,e09,c4,p02,l4,0.0
i38,e09,c4,p03,l2,1.0
i38,e09,c4,p03,l3,0.0
i38,e09,c4,p03,l4,0.0
i38,e09,c4,p04,l2,0.0
i38,e09,c4,p04,l3,0.0
i38,e09,c4,p04,l4,0.0
i38,e09,c4,p05,l2,0.0
i38,e09,c4,p05,l3,0.0
i38,e09,c4,p05,l4,0.0
i38,e09,c4,p06,l2,0.0
i38,e09,c4,p06,l3,0.0
i38,e09,c4,p06,l4,0.0
i38,e09,c4,p07,l2,0.0
i38,e09,c4,p07,l3,0.0
i38,e09,c4,p07,l4,0.0
i38,e09,c4,p08,l2,0.0
i38,e09,c4,p08,l3,0.0
i38,e09,c4,p08,l4,0.0
i38,e09,c4,p09,l2,1.0
i38,e09,c4,p09,l3,0.0
i38,e09,c4,p09,l4,0.0
i38,e09,c4,p10,l2,6.0
i38,e09,c4,p10,l3,0.0
i38,e09,c4,p10,l4,0.0
i38,e09,c4,p11,l2,1.0
i38,e09,c4,p11,l3,0.0
i38,e09,c4,p11,l4,0.0
i38,e09,c4,p12,l2,3.0
i38,e09,c4,p12,l3,0.0
i38,e09,c4,p12,l4,0.0
i38,e09,c4,p13,l2,14.0
i38,e09,c4,p13,l3,0.0
i38,e09,c4,p13,l4,0.0
i38,e09,c4,p14,l2,0.0
i38,e09,c4,p14,l3,0.0
i38,e09,c4,p14,l4,0.0
i38,e09,c4,p15,l2,2.0
i38,e09,c4,p15,l3,0.0
i38,e09,c4,p15,l4,0.0
i38,e09,c4,p16,l2,0.0
i38,e09,c4,p16,l3,0.0
i38,e09,c4,p16,l4,0.0
i38,e09,c4,p17,l2,0.0
i38,e09,c4,p17,l3,0.0
i38,e09,c4,p17,l4,0.0
i38,e09,c4,p18,l2,0.0
i38,e09,c4,p18,l3,0.0
i38,e09,c4,p18,l4,0.0
i38,e09,c4,p19,l2,3.0
i38,e09,c4,p19,l3,0.0
i38,e09,c4,p19,l4,0.0
i38,e09,c4,p20,l2,0.0
i38,e09,c4,p20,l3,0.0
i38,e09,c4,p20,l4,0.0
i38,e09,c4,p21,l2,0.0
i38,e09,c4,p21,l3,0.0
i38,e09,c4,p21,l4,0.0
i38,e09,c4,p22,l2,6.0
i38,e09,c4,p22,l3,0.0
i38,e09,c4,p22,l4,0.0
i38,e09,c4,p23,l2,1.0
i38,e09,c4,p23,l3,0.0
i38,e09,c4,p23,l4,0.0
i38,e09,c4,p24,l2,7.0
i38,e09,c4,p24,l3,0.0
i38,e09,c4,p24,l4,0.0
i38,e09,c4,p25,l2,0.0
i38,e09,c4,p25,l3,0.0
i38,e09,c4,p25,l4,0.0
i38,e09,c4,p26,l2,0.0
i38,e09,c4,p26,l3,0.0
i38,e09,c4,p26,l4,0.0
i38,e09,c4,p27,l2,0.0
i38,e09,c4,p27,l3,0.0
i38,e09,c4,p28,l2,0.0
i38,e09,c4,p28,l3,0.0
i38,e09,c4,p28,l4,0.0
i38,e09,c4,p29,l2,1.0
i38,e09,c4,p29,l3,0.0
i38,e09,c4,p29,l4,0.0
i38,e09,c4,p30,l2,0.0
i38,e09,c4,p30,l3,0.0
i38,e09,c4,p30,l4,0.0
i38,e09,c4,p31,l2,0.0
i38,e09,c4,p31,l3,0.0
i38,e09,c4,p31,l4,0.0
i38,e09,c4,p32,l2,0.0
i38,e09,c4,p32,l3,0.0
i38,e09,c4,p32,l4,0.0
i38,e09,c4,p33,l2,0.0
i38,e09,c4,p33,l3,0.0
i38,e09,c4,p34,l3,0.0
i38,e09,c4,p35,l2,0.0
i38,e09,c4,p35,l3,0.0
i38,e09,c4,p35,l4,0.0
i38,e09,c7,p01,l2,0.0
i38,e09,c7,p01,l3,0.0
i38,e09,c7,p01,l4,0.0
i38,e09,c7,p02,l2,0.0
i38,e09,c7,p02,l3,0.0
i38,e09,c7,p03,l2,0.0
i38,e09,c7,p03,l3,0.0
i38,e09,c7,p04,l2,0.0
i38,e09,c7,p04,l3,0.0
i38,e09,c7,p04,l4,0.0
i38,e09,c7,p05,l2,0.0
i38,e09,c7,p05,l3,0.0
i38,e09,c7,p06,l2,0.0
i38,e09,c7,p06,l3,0.0
i38,e09,c7,p07,l2,0.0
i38,e09,c7,p07,l3,0.0
i38,e09,c7,p08,l2,0.0
i38,e09,c7,p08,l3,0.0
i38,e09,c7,p09,l2,0.0
i38,e09,c7,p09,l3,0.0
i38,e09,c7,p10,l2,0.0
i38,e09,c7,p10,l3,0.0
i38,e09,c7,p10,l4,0.0
i38,e09,c7,p11,l2,0.0
i38,e09,c7,p11,l3,0.0
i38,e09,c7,p12,l2,0.0
i38,e09,c7,p12,l3,0.0
i38,e09,c7,p13,l2,0.0
i38,e09,c7,p13,l3,0.0
i38,e09,c7,p14,l2,0.0
i38,e09,c7,p14,l3,0.0
i38,e09,c7,p15,l2,0.0
i38,e09,c7,p15,l3,0.0
i38,e09,c7,p16,l2,0.0
i38,e09,c7,p16,l3,0.0
i38,e09,c7,p17,l2,0.0
i38,e09,c7,p17,l3,0.0
i38,e09,c7,p18,l2,0.0
i38,e09,c7,p18,l3,0.0
i38,e09,c7,p19,l2,0.0
i38,e09,c7,p19,l3,0.0
i38,e09,c7,p19,l4,0.0
i38,e09,c7,p20,l2,0.0
i38,e09,c7,p20,l3,0.0
i38,e09,c7,p21,l2,0.0
i38,e09,c7,p21,l3,0.0
i38,e09,c7,p21,l4,0.0
i38,e09,c7,p22,l2,0.0
i38,e09,c7,p23,l2,0.0
i38,e09,c7,p23,l3,0.0
i38,e09,c7,p24,l2,0.0
i38,e09,c7,p24,l3,0.0
i38,e09,c7,p25,l2,0.0
i38,e09,c7,p25,l3,0.0
i38,e09,c7,p26,l2,0.0
i38,e09,c7,p28,l2,0.0
i38,e09,c7,p28,l3,0.0
i38,e09,c7,p29,l2,0.0
i38,e09,c7,p29,l3,0.0
i38,e09,c7,p31,l2,0.0
i38,e09,c7,p32,l2,0.0
i38,e09,c7,p32,l3,0.0
i38,e09,c7,p34,l3,0.0
i38,e09,c7,p35,l2,0.0
i38,e09,c8,p01,l2,0.0
i38,e09,c8,p01,l3,0.0
i38,e09,c8,p01,l4,0.0
i38,e09,c8,p02,l2,0.0
i38,e09,c8,p05,l2,0.0
i38,e09,c8,p05,l4,0.0
i38,e09,c8,p06,l2,0.0
i38,e09,c8,p06,l4,0.0
i38,e09,c8,p07,l2,0.0
i38,e09,c8,p09,l2,0.0
i38,e09,c8,p10,l2,0.0
i38,e09,c8,p10,l3,0.0
i38,e09,c8,p10,l4,0.0
i38,e09,c8,p11,l2,0.0
i38,e09,c8,p12,l2,0.0
i38,e09,c8,p13,l2,0.0
i38,e09,c8,p14,l2,0.0
i38,e09,c8,p14,l3,0.0
i38,e09,c8,p15,l2,0.0
i38,e09,c8,p15,l3,0.0
i38,e09,c8,p15,l4,0.0
i38,e09,c8,p16,l2,0.0
i38,e09,c8,p19,l2,0.0
i38,e09,c8,p20,l2,0.0
i38,e09,c8,p20,l3,0.0
i38,e09,c8,p21,l2,0.0
i38,e09,c8,p23,l2,0.0
i38,e09,c8,p23,l3,0.0
i38,e09,c8,p23,l4,0.0
i38,e09,c8,p24,l2,0.0
i38,e09,c8,p28,l2,0.0
i38,e09,c8,p28,l3,0.0
i38,e09,c8,p29,l2,0.0
i38,e09,c8,p29,l3,0.0
i38,e09,c8,p31,l2,0.0
i38,e10,c1,p01,l1,85.0
i38,e10,c1,p01,l2,70.0
i38,e10,c1,p01,l3,17060.0
i38,e10,c1,p01,l4,2573.0
i38,e10,c1,p02,l1,27.0
i38,e10,c1,p02,l2,54.0
i38,e10,c1,p02,l3,4155.0
i38,e10,c1,p02,l4,631.0
i38,e10,c1,p03,l1,100.0
i38,e10,c1,p03,l2,179.0
i38,e10,c1,p03,l3,22648.0
i38,e10,c1,p03,l4,3592.0
i38,e10,c1,p04,l1,37.0
i38,e10,c1,p04,l2,18.0
i38,e10,c1,p04,l3,5028.0
i38,e10,c1,p04,l4,928.0
i38,e10,c1,p05,l1,25.0
i38,e10,c1,p05,l2,51.0
i38,e10,c1,p05,l3,10735.0
i38,e10,c1,p05,l4,1344.0
i38,e10,c1,p06,l1,27.0
i38,e10,c1,p06,l2,47.0
i38,e10,c1,p06,l3,4757.0
i38,e10,c1,p06,l4,627.0
i38,e10,c1,p07,l1,22.0
i38,e10,c1,p07,l2,87.0
i38,e10,c1,p07,l3,9114.0
i38,e10,c1,p07,l4,1166.0
i38,e10,c1,p08,l1,6.0
i38,e10,c1,p08,l2,3.0
i38,e10,c1,p08,l3,2613.0
i38,e10,c1,p08,l4,346.0
i38,e10,c1,p09,l1,4.0
i38,e10,c1,p09,l2,28.0
i38,e10,c1,p09,l3,1644.0
i38,e10,c1,p09,l4,400.0
i38,e10,c1,p10,l1,205.0
i38,e10,c1,p10,l2,1378.0
i38,e10,c1,p10,l3,75555.0
i38,e10,c1,p10,l4,9890.0
i38,e10,c1,p11,l1,74.0
i38,e10,c1,p11,l2,129.0
i38,e10,c1,p11,l3,17132.0
i38,e10,c1,p11,l4,2429.0
i38,e10,c1,p12,l1,33.0
i38,e10,c1,p12,l2,40.0
i38,e10,c1,p12,l3,11344.0
i38,e10,c1,p12,l4,1432.0
i38,e10,c1,p13,l1,48.0
i38,e10,c1,p13,l2,41.0
i38,e10,c1,p13,l3,9951.0
i38,e10,c1,p13,l4,1725.0
i38,e10,c1,p14,l1,32.0
i38,e10,c1,p14,l2,27.0
i38,e10,c1,p14,l3,6220.0
i38,e10,c1,p14,l4,773.0
i38,e10,c1,p15,l1,47.0
i38,e10,c1,p15,l2,36.0
i38,e10,c1,p15,l3,12580.0
i38,e10,c1,p15,l4,1779.0
i38,e10,c1,p16,l1,62.0
i38,e10,c1,p16,l2,24.0
i38,e10,c1,p16,l3,11330.0
i38,e10,c1,p16,l4,1180.0
i38,e10,c1,p17,l1,59.0
i38,e10,c1,p17,l2,101.0
i38,e10,c1,p17,l3,13058.0
i38,e10,c1,p17,l4,1842.0
i38,e10,c1,p18,l1,32.0
i38,e10,c1,p18,l2,18.0
i38,e10,c1,p18,l3,6099.0
i38,e10,c1,p18,l4,934.0
i38,e10,c1,p19,l1,178.0
i38,e10,c1,p19,l2,180.0
i38,e10,c1,p19,l3,49664.0
i38,e10,c1,p19,l4,6803.0
i38,e10,c1,p20,l1,6.0
i38,e10,c1,p20,l2,21.0
i38,e10,c1,p20,l3,1940.0
i38,e10,c1,p20,l4,400.0
i38,e10,c1,p21,l1,53.0
i38,e10,c1,p21,l2,28.0
i38,e10,c1,p21,l3,14038.0
i38,e10,c1,p21,l4,2457.0
i38,e10,c1,p22,l1,7.0
i38,e10,c1,p22,l2,12.0
i38,e10,c1,p22,l3,2212.0
i38,e10,c1,p22,l4,401.0
i38,e10,c1,p23,l1,12.0
i38,e10,c1,p23,l2,24.0
i38,e10,c1,p23,l3,2425.0
i38,e10,c1,p23,l4,597.0
i38,e10,c1,p24,l1,19.0
i38,e10,c1,p24,l2,17.0
i38,e10,c1,p24,l3,7722.0
i38,e10,c1,p24,l4,1112.0
i38,e10,c1,p25,l1,15.0
i38,e10,c1,p25,l2,6.0
i38,e10,c1,p25,l3,2034.0
i38,e10,c1,p25,l4,451.0
i38,e10,c1,p26,l1,0.0
i38,e10,c1,p26,l2,0.0
i38,e10,c1,p26,l3,546.0
i38,e10,c1,p26,l4,103.0
i38,e10,c1,p27,l1,0.0
i38,e10,c1,p27,l2,0.0
i38,e10,c1,p27,l3,0.0
i38,e10,c1,p27,l4,0.0
i38,e10,c1,p28,l1,9.0
i38,e10,c1,p28,l2,6.0
i38,e10,c1,p28,l3,1956.0
i38,e10,c1,p28,l4,431.0
i38,e10,c1,p29,l1,29.0
i38,e10,c1,p29,l2,37.0
i38,e10,c1,p29,l3,7383.0
i38,e10,c1,p29,l4,1302.0
i38,e10,c1,p30,l1,0.0
i38,e10,c1,p30,l2,4.0
i38,e10,c1,p30,l3,199.0
i38,e10,c1,p30,l4,63.0
i38,e10,c1,p31,l1,0.0
i38,e10,c1,p31,l2,1.0
i38,e10,c1,p31,l3,497.0
i38,e10,c1,p31,l4,226.0
i38,e10,c1,p32,l1,9.0
i38,e10,c1,p32,l2,8.0
i38,e10,c1,p32,l3,2058.0
i38,e10,c1,p32,l4,681.0
i38,e10,c1,p33,l1,0.0
i38,e10,c1,p33,l2,0.0
i38,e10,c1,p33,l3,2.0
i38,e10,c1,p33,l4,0.0
i38,e10,c1,p34,l1,0.0
i38,e10,c1,p34,l2,0.0
i38,e10,c1,p34,l3,0.0
i38,e10,c1,p34,l4,0.0
i38,e10,c1,p35,l1,9.0
i38,e10,c1,p35,l2,483.0
i38,e10,c1,p35,l3,1700.0
i38,e10,c1,p35,l4,531.0
i38,e10,c4,p01,l1,3.0
i38,e10,c4,p01,l2,2.0
i38,e10,c4,p01,l3,239.0
i38,e10,c4,p01,l4,106.0
i38,e10,c4,p02,l1,0.0
i38,e10,c4,p02,l2,1.0
i38,e10,c4,p02,l3,124.0
i38,e10,c4,p02,l4,26.0
i38,e10,c4,p03,l1,1.0
i38,e10,c4,p03,l2,3.0
i38,e10,c4,p03,l3,580.0
i38,e10,c4,p03,l4,115.0
i38,e10,c4,p04,l1,0.0
i38,e10,c4,p04,l2,2.0
i38,e10,c4,p04,l3,293.0
i38,e10,c4,p04,l4,47.0
i38,e10,c4,p05,l1,1.0
i38,e10,c4,p05,l2,8.0
i38,e10,c4,p05,l3,210.0
i38,e10,c4,p05,l4,40.0
i38,e10,c4,p06,l1,1.0
i38,e10,c4,p06,l2,12.0
i38,e10,c4,p06,l3,33.0
i38,e10,c4,p06,l4,3.0
i38,e10,c4,p07,l1,3.0
i38,e10,c4,p07,l2,0.0
i38,e10,c4,p07,l3,88.0
i38,e10,c4,p07,l4,35.0
i38,e10,c4,p08,l1,0.0
i38,e10,c4,p08,l2,0.0
i38,e10,c4,p08,l3,0.0
i38,e10,c4,p08,l4,0.0
i38,e10,c4,p09,l1,0.0
i38,e10,c4,p09,l2,0.0
i38,e10,c4,p09,l3,30.0
i38,e10,c4,p09,l4,3.0
i38,e10,c4,p10,l1,20.0
i38,e10,c4,p10,l2,33.0
i38,e10,c4,p10,l3,1548.0
i38,e10,c4,p10,l4,243.0
i38,e10,c4,p11,l1,1.0
i38,e10,c4,p11,l2,0.0
i38,e10,c4,p11,l3,579.0
i38,e10,c4,p11,l4,77.0
i38,e10,c4,p12,l1,5.0
i38,e10,c4,p12,l2,3.0
i38,e10,c4,p12,l3,233.0
i38,e10,c4,p12,l4,27.0
i38,e10,c4,p13,l1,6.0
i38,e10,c4,p13,l2,2.0
i38,e10,c4,p13,l3,308.0
i38,e10,c4,p13,l4,48.0
i38,e10,c4,p14,l1,0.0
i38,e10,c4,p14,l2,0.0
i38,e10,c4,p14,l3,54.0
i38,e10,c4,p14,l4,5.0
i38,e10,c4,p15,l1,0.0
i38,e10,c4,p15,l2,0.0
i38,e10,c4,p15,l3,344.0
i38,e10,c4,p15,l4,48.0
i38,e10,c4,p16,l1,0.0
i38,e10,c4,p16,l2,3.0
i38,e10,c4,p16,l3,394.0
i38,e10,c4,p16,l4,30.0
i38,e10,c4,p17,l1,1.0
i38,e10,c4,p17,l2,3.0
i38,e10,c4,p17,l3,418.0
i38,e10,c4,p17,l4,87.0
i38,e10,c4,p18,l1,0.0
i38,e10,c4,p18,l2,1.0
i38,e10,c4,p18,l3,190.0
i38,e10,c4,p18,l4,36.0
i38,e10,c4,p19,l1,3.0
i38,e10,c4,p19,l2,9.0
i38,e10,c4,p19,l3,855.0
i38,e10,c4,p19,l4,139.0
i38,e10,c4,p20,l1,0.0
i38,e10,c4,p20,l2,0.0
i38,e10,c4,p20,l3,0.0
i38,e10,c4,p20,l4,0.0
i38,e10,c4,p21,l1,0.0
i38,e10,c4,p21,l2,0.0
i38,e10,c4,p21,l3,147.0
i38,e10,c4,p21,l4,20.0
i38,e10,c4,p22,l1,1.0
i38,e10,c4,p22,l2,1.0
i38,e10,c4,p22,l3,230.0
i38,e10,c4,p22,l4,65.0
i38,e10,c4,p23,l1,0.0
i38,e10,c4,p23,l2,4.0
i38,e10,c4,p23,l3,49.0
i38,e10,c4,p23,l4,15.0
i38,e10,c4,p24,l1,3.0
i38,e10,c4,p24,l2,2.0
i38,e10,c4,p24,l3,352.0
i38,e10,c4,p24,l4,19.0
i38,e10,c4,p25,l1,0.0
i38,e10,c4,p25,l2,0.0
i38,e10,c4,p25,l3,32.0
i38,e10,c4,p25,l4,2.0
i38,e10,c4,p26,l1,0.0
i38,e10,c4,p26,l2,0.0
i38,e10,c4,p26,l3,0.0
i38,e10,c4,p26,l4,0.0
i38,e10,c4,p27,l2,0.0
i38,e10,c4,p27,l3,0.0
i38,e10,c4,p27,l4,0.0
i38,e10,c4,p28,l1,0.0
i38,e10,c4,p28,l2,0.0
i38,e10,c4,p28,l3,0.0
i38,e10,c4,p28,l4,0.0
i38,e10,c4,p29,l1,1.0
i38,e10,c4,p29,l2,16.0
i38,e10,c4,p29,l3,63.0
i38,e10,c4,p29,l4,29.0
i38,e10,c4,p30,l1,0.0
i38,e10,c4,p30,l2,0.0
i38,e10,c4,p30,l3,4.0
i38,e10,c4,p30,l4,0.0
i38,e10,c4,p31,l1,0.0
i38,e10,c4,p31,l2,2.0
i38,e10,c4,p31,l3,125.0
i38,e10,c4,p31,l4,21.0
i38,e10,c4,p32,l1,1.0
i38,e10,c4,p32,l2,15.0
i38,e10,c4,p32,l3,129.0
i38,e10,c4,p32,l4,55.0
i38,e10,c4,p33,l1,0.0
i38,e10,c4,p33,l2,0.0
i38,e10,c4,p33,l3,0.0
i38,e10,c4,p33,l4,0.0
i38,e10,c4,p34,l1,0.0
i38,e10,c4,p34,l2,0.0
i38,e10,c4,p34,l3,4.0
i38,e10,c4,p34,l4,7.0
i38,e10,c4,p35,l1,0.0
i38,e10,c4,p35,l2,11.0
i38,e10,c4,p35,l3,17.0
i38,e10,c4,p35,l4,71.0
i38,e10,c7,p01,l1,0.0
i38,e10,c7,p01,l2,0.0
i38,e10,c7,p01,l3,0.0
i38,e10,c7,p01,l4,0.0
i38,e10,c7,p02,l1,0.0
i38,e10,c7,p02,l2,0.0
i38,e10,c7,p02,l3,0.0
i38,e10,c7,p02,l4,0.0
i38,e10,c7,p03,l1,0.0
i38,e10,c7,p03,l2,0.0
i38,e10,c7,p03,l3,0.0
i38,e10,c7,p03,l4,0.0
i38,e10,c7,p04,l1,0.0
i38,e10,c7,p04,l2,0.0
i38,e10,c7,p04,l3,0.0
i38,e10,c7,p04,l4,0.0
i38,e10,c7,p05,l1,0.0
i38,e10,c7,p05,l2,0.0
i38,e10,c7,p05,l3,0.0
i38,e10,c7,p05,l4,0.0
i38,e10,c7,p06,l1,0.0
i38,e10,c7,p06,l2,0.0
i38,e10,c7,p06,l3,0.0
i38,e10,c7,p06,l4,0.0
i38,e10,c7,p07,l1,0.0
i38,e10,c7,p07,l2,0.0
i38,e10,c7,p07,l3,0.0
i38,e10,c7,p07,l4,0.0
i38,e10,c7,p08,l1,0.0
i38,e10,c7,p08,l2,0.0
i38,e10,c7,p08,l3,0.0
i38,e10,c7,p08,l4,0.0
i38,e10,c7,p09,l1,0.0
i38,e10,c7,p09,l2,0.0
i38,e10,c7,p09,l3,0.0
i38,e10,c7,p09,l4,0.0
i38,e10,c7,p10,l1,0.0
i38,e10,c7,p10,l2,0.0
i38,e10,c7,p10,l3,0.0
i38,e10,c7,p10,l4,0.0
i38,e10,c7,p11,l1,0.0
i38,e10,c7,p11,l2,0.0
i38,e10,c7,p11,l3,0.0
i38,e10,c7,p11,l4,0.0
i38,e10,c7,p12,l1,0.0
i38,e10,c7,p12,l2,0.0
i38,e10,c7,p12,l3,0.0
i38,e10,c7,p12,l4,0.0
i38,e10,c7,p13,l1,0.0
i38,e10,c7,p13,l2,0.0
i38,e10,c7,p13,l3,0.0
i38,e10,c7,p13,l4,0.0
i38,e10,c7,p14,l1,0.0
i38,e10,c7,p14,l2,0.0
i38,e10,c7,p14,l3,0.0
i38,e10,c7,p14,l4,0.0
i38,e10,c7,p15,l1,0.0
i38,e10,c7,p15,l2,0.0
i38,e10,c7,p15,l3,0.0
i38,e10,c7,p15,l4,0.0
i38,e10,c7,p16,l1,0.0
i38,e10,c7,p16,l2,0.0
i38,e10,c7,p16,l3,0.0
i38,e10,c7,p16,l4,0.0
i38,e10,c7,p17,l1,0.0
i38,e10,c7,p17,l2,0.0
i38,e10,c7,p17,l3,0.0
i38,e10,c7,p17,l4,0.0
i38,e10,c7,p18,l1,0.0
i38,e10,c7,p18,l2,0.0
i38,e10,c7,p18,l3,0.0
i38,e10,c7,p18,l4,0.0
i38,e10,c7,p19,l1,0.0
i38,e10,c7,p19,l2,0.0
i38,e10,c7,p19,l3,0.0
i38,e10,c7,p19,l4,0.0
i38,e10,c7,p20,l1,0.0
i38,e10,c7,p20,l2,0.0
i38,e10,c7,p20,l3,0.0
i38,e10,c7,p20,l4,0.0
i38,e10,c7,p21,l1,0.0
i38,e10,c7,p21,l2,0.0
i38,e10,c7,p21,l3,0.0
i38,e10,c7,p21,l4,0.0
i38,e10,c7,p22,l1,0.0
i38,e10,c7,p22,l2,0.0
i38,e10,c7,p22,l3,0.0
i38,e10,c7,p22,l4,0.0
i38,e10,c7,p23,l1,0.0
i38,e10,c7,p23,l2,0.0
i38,e10,c7,p23,l3,0.0
i38,e10,c7,p23,l4,0.0
i38,e10,c7,p24,l1,0.0
i38,e10,c7,p24,l2,0.0
i38,e10,c7,p24,l3,0.0
i38,e10,c7,p24,l4,0.0
i38,e10,c7,p25,l1,0.0
i38,e10,c7,p25,l2,0.0
i38,e10,c7,p25,l3,0.0
i38,e10,c7,p25,l4,0.0
i38,e10,c7,p26,l1,0.0
i38,e10,c7,p26,l2,0.0
i38,e10,c7,p26,l3,0.0
i38,e10,c7,p26,l4,0.0
i38,e10,c7,p28,l1,0.0
i38,e10,c7,p28,l2,0.0
i38,e10,c7,p28,l3,0.0
i38,e10,c7,p28,l4,0.0
i38,e10,c7,p29,l1,0.0
i38,e10,c7,p29,l2,0.0
i38,e10,c7,p29,l3,0.0
i38,e10,c7,p29,l4,0.0
i38,e10,c7,p31,l2,0.0
i38,e10,c7,p31,l3,0.0
i38,e10,c7,p31,l4,0.0
i38,e10,c7,p32,l1,0.0
i38,e10,c7,p32,l2,0.0
i38,e10,c7,p32,l3,0.0
i38,e10,c7,p32,l4,0.0
i38,e10,c7,p34,l1,0.0
i38,e10,c7,p34,l2,0.0
i38,e10,c7,p34,l3,0.0
i38,e10,c7,p34,l4,0.0
i38,e10,c7,p35,l1,0.0
i38,e10,c7,p35,l2,0.0
i38,e10,c7,p35,l3,0.0
i38,e10,c7,p35,l4,0.0
i38,e10,c8,p01,l2,0.0
i38,e10,c8,p01,l3,0.0
i38,e10,c8,p01,l4,0.0
i38,e10,c8,p02,l2,0.0
i38,e10,c8,p02,l3,0.0
i38,e10,c8,p02,l4,0.0
i38,e10,c8,p03,l3,0.0
i38,e10,c8,p03,l4,0.0
i38,e10,c8,p05,l2,0.0
i38,e10,c8,p05,l3,0.0
i38,e10,c8,p05,l4,0.0
i38,e10,c8,p06,l3,0.0
i38,e10,c8,p06,l4,0.0
i38,e10,c8,p07,l2,0.0
i38,e10,c8,p07,l3,0.0
i38,e10,c8,p07,l4,0.0
i38,e10,c8,p09,l3,0.0
i38,e10,c8,p09,l4,0.0
i38,e10,c8,p10,l2,0.0
i38,e10,c8,p10,l3,0.0
i38,e10,c8,p10,l4,0.0
i38,e10,c8,p11,l2,0.0
i38,e10,c8,p11,l3,0.0
i38,e10,c8,p11,l4,0.0
i38,e10,c8,p12,l2,0.0
i38,e10,c8,p12,l3,0.0
i38,e10,c8,p12,l4,0.0
i38,e10,c8,p13,l1,0.0
i38,e10,c8,p13,l3,0.0
i38,e10,c8,p13,l4,0.0
i38,e10,c8,p14,l2,0.0
i38,e10,c8,p14,l3,0.0
i38,e10,c8,p14,l4,0.0
i38,e10,c8,p15,l2,0.0
i38,e10,c8,p15,l3,0.0
i38,e10,c8,p15,l4,0.0
i38,e10,c8,p16,l3,0.0
i38,e10,c8,p16,l4,0.0
i38,e10,c8,p17,l2,0.0
i38,e10,c8,p17,l3,0.0
i38,e10,c8,p17,l4,0.0
i38,e10,c8,p18,l2,0.0
i38,e10,c8,p18,l3,0.0
i38,e10,c8,p18,l4,0.0
i38,e10,c8,p19,l3,0.0
i38,e10,c8,p19,l4,0.0
i38,e10,c8,p20,l3,0.0
i38,e10,c8,p20,l4,0.0
i38,e10,c8,p21,l3,0.0
i38,e10,c8,p21,l4,0.0
i38,e10,c8,p23,l2,0.0
i38,e10,c8,p23,l3,0.0
i38,e10,c8,p23,l4,0.0
i38,e10,c8,p24,l3,0.0
i38,e10,c8,p24,l4,0.0
i38,e10,c8,p26,l3,0.0
i38,e10,c8,p26,l4,0.0
i38,e10,c8,p28,l2,0.0
i38,e10,c8,p28,l3,0.0
i38,e10,c8,p28,l4,0.0
i38,e10,c8,p29,l3,0.0
i38,e10,c8,p29,l4,0.0
i38,e10,c8,p31,l3,0.0
i38,e10,c8,p31,l4,0.0
i38,e11,c1,p01,l2,266.0
i38,e11,c1,p01,l3,0.0
i38,e11,c1,p01,l4,0.0
i38,e11,c1,p02,l2,69.0
i38,e11,c1,p02,l3,0.0
i38,e11,c1,p02,l4,0.0
i38,e11,c1,p03,l2,280.0
i38,e11,c1,p03,l3,0.0
i38,e11,c1,p03,l4,0.0
i38,e11,c1,p04,l2,86.0
i38,e11,c1,p04,l3,0.0
i38,e11,c1,p04,l4,0.0
i38,e11,c1,p05,l2,115.0
i38,e11,c1,p05,l3,0.0
i38,e11,c1,p05,l4,0.0
i38,e11,c1,p06,l2,53.0
i38,e11,c1,p06,l3,0.0
i38,e11,c1,p06,l4,0.0
i38,e11,c1,p07,l2,123.0
i38,e11,c1,p07,l3,0.0
i38,e11,c1,p07,l4,0.0
i38,e11,c1,p08,l2,28.0
i38,e11,c1,p08,l3,0.0
i38,e11,c1,p08,l4,0.0
i38,e11,c1,p09,l2,35.0
i38,e11,c1,p09,l3,0.0
i38,e11,c1,p09,l4,0.0
i38,e11,c1,p10,l2,865.0
i38,e11,c1,p10,l3,0.0
i38,e11,c1,p10,l4,0.0
i38,e11,c1,p11,l2,228.0
i38,e11,c1,p11,l3,0.0
i38,e11,c1,p11,l4,0.0
i38,e11,c1,p12,l2,125.0
i38,e11,c1,p12,l3,0.0
i38,e11,c1,p12,l4,0.0
i38,e11,c1,p13,l2,154.0
i38,e11,c1,p13,l3,0.0
i38,e11,c1,p13,l4,0.0
i38,e11,c1,p14,l2,54.0
i38,e11,c1,p14,l3,0.0
i38,e11,c1,p14,l4,0.0
i38,e11,c1,p15,l2,146.0
i38,e11,c1,p15,l3,0.0
i38,e11,c1,p15,l4,0.0
i38,e11,c1,p16,l2,117.0
i38,e11,c1,p16,l3,0.0
i38,e11,c1,p16,l4,0.0
i38,e11,c1,p17,l2,157.0
i38,e11,c1,p17,l3,0.0
i38,e11,c1,p17,l4,0.0
i38,e11,c1,p18,l2,88.0
i38,e11,c1,p18,l3,0.0
i38,e11,c1,p18,l4,0.0
i38,e11,c1,p19,l2,688.0
i38,e11,c1,p19,l3,0.0
i38,e11,c1,p19,l4,0.0
i38,e11,c1,p20,l2,28.0
i38,e11,c1,p20,l3,0.0
i38,e11,c1,p20,l4,0.0
i38,e11,c1,p21,l2,221.0
i38,e11,c1,p21,l3,0.0
i38,e11,c1,p21,l4,0.0
i38,e11,c1,p22,l2,44.0
i38,e11,c1,p22,l3,0.0
i38,e11,c1,p22,l4,0.0
i38,e11,c1,p23,l2,65.0
i38,e11,c1,p23,l3,0.0
i38,e11,c1,p23,l4,0.0
i38,e11,c1,p24,l2,90.0
i38,e11,c1,p24,l3,0.0
i38,e11,c1,p24,l4,0.0
i38,e11,c1,p25,l2,31.0
i38,e11,c1,p25,l3,0.0
i38,e11,c1,p25,l4,0.0
i38,e11,c1,p26,l2,10.0
i38,e11,c1,p26,l3,0.0
i38,e11,c1,p26,l4,0.0
i38,e11,c1,p27,l2,0.0
i38,e11,c1,p27,l3,0.0
i38,e11,c1,p27,l4,0.0
i38,e11,c1,p28,l2,36.0
i38,e11,c1,p28,l3,0.0
i38,e11,c1,p28,l4,0.0
i38,e11,c1,p29,l2,115.0
i38,e11,c1,p29,l3,0.0
i38,e11,c1,p29,l4,0.0
i38,e11,c1,p30,l2,3.0
i38,e11,c1,p30,l3,0.0
i38,e11,c1,p30,l4,0.0
i38,e11,c1,p31,l2,16.0
i38,e11,c1,p31,l3,0.0
i38,e11,c1,p31,l4,0.0
i38,e11,c1,p32,l2,39.0
i38,e11,c1,p32,l3,0.0
i38,e11,c1,p32,l4,0.0
i38,e11,c1,p33,l2,0.0
i38,e11,c1,p33,l3,0.0
i38,e11,c1,p33,l4,0.0
i38,e11,c1,p34,l2,0.0
i38,e11,c1,p34,l3,0.0
i38,e11,c1,p34,l4,0.0
i38,e11,c1,p35,l2,36.0
i38,e11,c1,p35,l3,0.0
i38,e11,c1,p35,l4,0.0
i38,e11,c4,p01,l2,8.0
i38,e11,c4,p01,l3,0.0
i38,e11,c4,p01,l4,0.0
i38,e11,c4,p02,l2,4.0
i38,e11,c4,p02,l3,0.0
i38,e11,c4,p02,l4,0.0
i38,e11,c4,p03,l2,9.0
i38,e11,c4,p03,l3,0.0
i38,e11,c4,p03,l4,0.0
i38,e11,c4,p04,l2,3.0
i38,e11,c4,p04,l3,0.0
i38,e11,c4,p04,l4,0.0
i38,e11,c4,p05,l2,3.0
i38,e11,c4,p05,l3,0.0
i38,e11,c4,p05,l4,0.0
i38,e11,c4,p06,l2,0.0
i38,e11,c4,p06,l3,0.0
i38,e11,c4,p06,l4,0.0
i38,e11,c4,p07,l2,4.0
i38,e11,c4,p07,l3,0.0
i38,e11,c4,p07,l4,0.0
i38,e11,c4,p08,l2,0.0
i38,e11,c4,p08,l3,0.0
i38,e11,c4,p08,l4,0.0
i38,e11,c4,p09,l2,0.0
i38,e11,c4,p09,l3,0.0
i38,e11,c4,p09,l4,0.0
i38,e11,c4,p10,l2,33.0
i38,e11,c4,p10,l3,0.0
i38,e11,c4,p10,l4,0.0
i38,e11,c4,p11,l2,5.0
i38,e11,c4,p11,l3,0.0
i38,e11,c4,p11,l4,0.0
i38,e11,c4,p12,l2,3.0
i38,e11,c4,p12,l3,0.0
i38,e11,c4,p12,l4,0.0
i38,e11,c4,p13,l2,1.0
i38,e11,c4,p13,l3,0.0
i38,e11,c4,p13,l4,0.0
i38,e11,c4,p14,l2,0.0
i38,e11,c4,p14,l3,0.0
i38,e11,c4,p14,l4,0.0
i38,e11,c4,p15,l2,6.0
i38,e11,c4,p15,l3,0.0
i38,e11,c4,p15,l4,0.0
i38,e11,c4,p16,l2,5.0
i38,e11,c4,p16,l3,0.0
i38,e11,c4,p16,l4,0.0
i38,e11,c4,p17,l2,6.0
i38,e11,c4,p17,l3,0.0
i38,e11,c4,p17,l4,0.0
i38,e11,c4,p18,l2,3.0
i38,e11,c4,p18,l3,0.0
i38,e11,c4,p18,l4,0.0
i38,e11,c4,p19,l2,19.0
i38,e11,c4,p19,l3,0.0
i38,e11,c4,p19,l4,0.0
i38,e11,c4,p20,l2,0.0
i38,e11,c4,p20,l3,0.0
i38,e11,c4,p20,l4,0.0
i38,e11,c4,p21,l2,2.0
i38,e11,c4,p21,l3,0.0
i38,e11,c4,p21,l4,0.0
i38,e11,c4,p22,l2,6.0
i38,e11,c4,p22,l3,0.0
i38,e11,c4,p22,l4,0.0
i38,e11,c4,p23,l2,1.0
i38,e11,c4,p23,l3,0.0
i38,e11,c4,p23,l4,0.0
i38,e11,c4,p24,l2,7.0
i38,e11,c4,p24,l3,0.0
i38,e11,c4,p24,l4,0.0
i38,e11,c4,p25,l2,0.0
i38,e11,c4,p25,l3,0.0
i38,e11,c4,p25,l4,0.0
i38,e11,c4,p26,l2,0.0
i38,e11,c4,p26,l4,0.0
i38,e11,c4,p27,l2,0.0
i38,e11,c4,p27,l4,0.0
i38,e11,c4,p28,l2,0.0
i38,e11,c4,p28,l3,0.0
i38,e11,c4,p28,l4,0.0
i38,e11,c4,p29,l2,2.0
i38,e11,c4,p29,l3,0.0
i38,e11,c4,p29,l4,0.0
i38,e11,c4,p30,l2,0.0
i38,e11,c4,p30,l3,0.0
i38,e11,c4,p30,l4,0.0
i38,e11,c4,p31,l2,1.0
i38,e11,c4,p31,l3,0.0
i38,e11,c4,p31,l4,0.0
i38,e11,c4,p32,l2,4.0
i38,e11,c4,p32,l3,0.0
i38,e11,c4,p32,l4,0.0
i38,e11,c4,p33,l2,0.0
i38,e11,c4,p33,l4,0.0
i38,e11,c4,p34,l2,1.0
i38,e11,c4,p34,l4,0.0
i38,e11,c4,p35,l2,5.0
i38,e11,c4,p35,l3,0.0
i38,e11,c4,p35,l4,0.0
i38,e11,c7,p01,l2,0.0
i38,e11,c7,p01,l4,0.0
i38,e11,c7,p02,l2,0.0
i38,e11,c7,p02,l4,0.0
i38,e11,c7,p03,l2,0.0
i38,e11,c7,p03,l4,0.0
i38,e11,c7,p04,l2,0.0
i38,e11,c7,p04,l4,0.0
i38,e11,c7,p05,l2,0.0
i38,e11,c7,p05,l3,0.0
i38,e11,c7,p05,l4,0.0
i38,e11,c7,p06,l2,0.0
i38,e11,c7,p06,l4,0.0
i38,e11,c7,p07,l2,0.0
i38,e11,c7,p07,l4,0.0
i38,e11,c7,p08,l2,0.0
i38,e11,c7,p08,l4,0.0
i38,e11,c7,p09,l2,0.0
i38,e11,c7,p09,l4,0.0
i38,e11,c7,p10,l2,0.0
i38,e11,c7,p10,l3,0.0
i38,e11,c7,p10,l4,0.0
i38,e11,c7,p11,l2,0.0
i38,e11,c7,p11,l4,0.0
i38,e11,c7,p12,l2,0.0
i38,e11,c7,p12,l3,0.0
i38,e11,c7,p12,l4,0.0
i38,e11,c7,p13,l2,0.0
i38,e11,c7,p13,l4,0.0
i38,e11,c7,p14,l2,0.0
i38,e11,c7,p14,l4,0.0
i38,e11,c7,p15,l2,0.0
i38,e11,c7,p15,l4,0.0
i38,e11,c7,p16,l2,0.0
i38,e11,c7,p16,l3,0.0
i38,e11,c7,p16,l4,0.0
i38,e11,c7,p17,l2,0.0
i38,e11,c7,p17,l3,0.0
i38,e11,c7,p17,l4,0.0
i38,e11,c7,p18,l2,0.0
i38,e11,c7,p18,l4,0.0
i38,e11,c7,p19,l2,0.0
i38,e11,c7,p19,l3,0.0
i38,e11,c7,p19,l4,0.0
i38,e11,c7,p20,l2,0.0
i38,e11,c7,p20,l4,0.0
i38,e11,c7,p21,l2,0.0
i38,e11,c7,p21,l3,0.0
i38,e11,c7,p21,l4,0.0
i38,e11,c7,p22,l2,0.0
i38,e11,c7,p22,l4,0.0
i38,e11,c7,p23,l2,0.0
i38,e11,c7,p23,l4,0.0
i38,e11,c7,p24,l2,0.0
i38,e11,c7,p24,l4,0.0
i38,e11,c7,p25,l2,0.0
i38,e11,c7,p25,l4,0.0
i38,e11,c7,p26,l2,0.0
i38,e11,c7,p26,l4,0.0
i38,e11,c7,p28,l2,0.0
i38,e11,c7,p28,l4,0.0
i38,e11,c7,p29,l2,0.0
i38,e11,c7,p29,l4,0.0
i38,e11,c7,p31,l2,0.0
i38,e11,c7,p32,l2,0.0
i38,e11,c7,p32,l4,0.0
i38,e11,c7,p34,l2,0.0
i38,e11,c7,p34,l4,0.0
i38,e11,c7,p35,l2,0.0
i38,e11,c7,p35,l4,0.0
i38,e11,c8,p01,l4,0.0
i38,e11,c8,p02,l4,0.0
i38,e11,c8,p03,l4,0.0
i38,e11,c8,p05,l4,0.0
i38,e11,c8,p06,l4,0.0
i38,e11,c8,p07,l4,0.0
i38,e11,c8,p09,l4,0.0
i38,e11,c8,p10,l2,0.0
i38,e11,c8,p10,l4,0.0
i38,e11,c8,p11,l4,0.0
i38,e11,c8,p12,l2,0.0
i38,e11,c8,p12,l4,0.0
i38,e11,c8,p13,l2,0.0
i38,e11,c8,p13,l4,0.0
i38,e11,c8,p14,l4,0.0
i38,e11,c8,p15,l4,0.0
i38,e11,c8,p16,l4,0.0
i38,e11,c8,p17,l4,0.0
i38,e11,c8,p19,l2,0.0
i38,e11,c8,p19,l4,0.0
i38,e11,c8,p20,l4,0.0
i38,e11,c8,p21,l4,0.0
i38,e11,c8,p23,l4,0.0
i38,e11,c8,p24,l4,0.0
i38,e11,c8,p26,l4,0.0
i38,e11,c8,p28,l2,0.0
i38,e11,c8,p28,l4,0.0
i38,e11,c8,p29,l4,0.0
i38,e11,c8,p31,l4,0.0
i38,e12,c1,p01,l3,134.0
i38,e12,c1,p02,l3,0.0
i38,e12,c1,p03,l3,368.0
i38,e12,c1,p04,l3,7.0
i38,e12,c1,p05,l3,658.0
i38,e12,c1,p06,l3,0.0
i38,e12,c1,p07,l3,3.0
i38,e12,c1,p08,l3,103.0
i38,e12,c1,p09,l3,1.0
i38,e12,c1,p10,l3,21.0
i38,e12,c1,p11,l3,5.0
i38,e12,c1,p12,l3,1.0
i38,e12,c1,p13,l3,1.0
i38,e12,c1,p14,l3,0.0
i38,e12,c1,p15,l3,4.0
i38,e12,c1,p16,l3,2.0
i38,e12,c1,p17,l3,9.0
i38,e12,c1,p18,l3,0.0
i38,e12,c1,p19,l3,17.0
i38,e12,c1,p20,l3,0.0
i38,e12,c1,p21,l3,0.0
i38,e12,c1,p22,l3,1.0
i38,e12,c1,p23,l3,0.0
i38,e12,c1,p24,l3,6.0
i38,e12,c1,p25,l3,0.0
i38,e12,c1,p26,l3,0.0
i38,e12,c1,p27,l3,0.0
i38,e12,c1,p28,l3,0.0
i38,e12,c1,p29,l3,5.0
i38,e12,c1,p30,l3,0.0
i38,e12,c1,p31,l3,0.0
i38,e12,c1,p32,l3,0.0
i38,e12,c1,p33,l3,0.0
i38,e12,c1,p34,l3,0.0
i38,e12,c1,p35,l3,1.0
i38,e12,c4,p01,l3,0.0
i38,e12,c4,p02,l3,0.0
i38,e12,c4,p03,l3,1.0
i38,e12,c4,p04,l3,0.0
i38,e12,c4,p05,l3,0.0
i38,e12,c4,p06,l3,0.0
i38,e12,c4,p07,l3,0.0
i38,e12,c4,p08,l3,0.0
i38,e12,c4,p09,l3,0.0
i38,e12,c4,p10,l3,0.0
i38,e12,c4,p11,l3,1.0
i38,e12,c4,p12,l3,0.0
i38,e12,c4,p13,l3,0.0
i38,e12,c4,p14,l3,0.0
i38,e12,c4,p15,l3,0.0
i38,e12,c4,p16,l3,0.0
i38,e12,c4,p17,l3,0.0
i38,e12,c4,p18,l3,0.0
i38,e12,c4,p19,l3,0.0
i38,e12,c4,p20,l3,0.0
i38,e12,c4,p21,l3,1.0
i38,e12,c4,p22,l3,0.0
i38,e12,c4,p23,l3,0.0
i38,e12,c4,p24,l3,1.0
i38,e12,c4,p25,l3,0.0
i38,e12,c4,p26,l3,0.0
i38,e12,c4,p28,l3,0.0
i38,e12,c4,p29,l3,1.0
i38,e12,c4,p30,l3,0.0
i38,e12,c4,p31,l3,0.0
i38,e12,c4,p32,l3,0.0
i38,e12,c4,p33,l3,0.0
i38,e12,c4,p35,l3,0.0
i38,e12,c7,p01,l3,0.0
i38,e12,c7,p02,l3,0.0
i38,e12,c7,p03,l3,0.0
i38,e12,c7,p04,l3,0.0
i38,e12,c7,p05,l3,0.0
i38,e12,c7,p07,l3,0.0
i38,e12,c7,p09,l3,0.0
i38,e12,c7,p10,l3,0.0
i38,e12,c7,p11,l3,0.0
i38,e12,c7,p12,l3,0.0
i38,e12,c7,p13,l3,0.0
i38,e12,c7,p15,l3,0.0
i38,e12,c7,p16,l3,0.0
i38,e12,c7,p17,l3,0.0
i38,e12,c7,p18,l3,0.0
i38,e12,c7,p19,l3,0.0
i38,e12,c7,p21,l3,0.0
i38,e12,c7,p22,l3,0.0
i38,e12,c7,p23,l3,0.0
i38,e12,c7,p24,l3,0.0
i38,e12,c7,p28,l3,0.0
i38,e12,c7,p29,l3,0.0
i38,e12,c7,p35,l3,0.0
i39,e01,c3,p01,l3,0.0
i39,e01,c3,p02,l3,0.0
i39,e01,c3,p03,l3,0.0
i39,e01,c3,p04,l3,0.0
i39,e01,c3,p07,l3,0.0
i39,e01,c3,p10,l3,0.0
i39,e01,c3,p12,l3,0.0
i39,e01,c3,p15,l3,0.0
i39,e01,c3,p17,l3,0.0
i39,e01,c3,p19,l3,0.0
i39,e01,c3,p20,l3,0.0
i39,e01,c3,p21,l3,0.0
i39,e01,c3,p25,l3,0.0
i39,e01,c3,p29,l3,0.0
i39,e01,c3,p35,l3,0.0
i39,e01,c5,p01,l3,0.0
i39,e01,c5,p02,l3,0.0
i39,e01,c5,p03,l3,0.0
i39,e01,c5,p04,l3,0.0
i39,e01,c5,p05,l3,0.0
i39,e01,c5,p06,l3,0.0
i39,e01,c5,p07,l3,0.0
i39,e01,c5,p08,l3,0.0
i39,e01,c5,p09,l3,0.0
i39,e01,c5,p10,l3,0.0
i39,e01,c5,p11,l3,0.0
i39,e01,c5,p12,l3,1.0
i39,e01,c5,p13,l3,2.0
i39,e01,c5,p14,l3,0.0
i39,e01,c5,p15,l3,0.0
i39,e01,c5,p16,l3,0.0
i39,e01,c5,p17,l3,0.0
i39,e01,c5,p18,l3,0.0
i39,e01,c5,p19,l3,14.0
i39,e01,c5,p20,l3,0.0
i39,e01,c5,p21,l3,4.0
i39,e01,c5,p22,l3,0.0
i39,e01,c5,p23,l3,0.0
i39,e01,c5,p24,l3,0.0
i39,e01,c5,p25,l3,1.0
i39,e01,c5,p26,l3,0.0
i39,e01,c5,p28,l3,1.0
i39,e01,c5,p29,l3,0.0
i39,e01,c5,p30,l3,0.0
i39,e01,c5,p31,l3,0.0
i39,e01,c5,p32,l3,1.0
i39,e01,c5,p35,l3,13.0
i39,e04,c3,p01,l1,0.0
i39,e04,c3,p01,l3,0.0
i39,e04,c3,p02,l1,0.0
i39,e04,c3,p02,l3,0.0
i39,e04,c3,p03,l1,0.0
i39,e04,c3,p03,l3,0.0
i39,e04,c3,p04,l3,0.0
i39,e04,c3,p07,l1,0.0
i39,e04,c3,p07,l3,0.0
i39,e04,c3,p10,l1,0.0
i39,e04,c3,p10,l3,0.0
i39,e04,c3,p12,l1,0.0
i39,e04,c3,p12,l3,0.0
i39,e04,c3,p15,l3,0.0
i39,e04,c3,p17,l1,0.0
i39,e04,c3,p17,l3,0.0
i39,e04,c3,p19,l1,0.0
i39,e04,c3,p19,l3,0.0
i39,e04,c3,p20,l3,0.0
i39,e04,c3,p21,l1,0.0
i39,e04,c3,p21,l3,0.0
i39,e04,c3,p23,l1,0.0
i39,e04,c3,p23,l3,0.0
i39,e04,c3,p25,l1,0.0
i39,e04,c3,p25,l3,0.0
i39,e04,c3,p29,l3,0.0
i39,e04,c3,p35,l1,0.0
i39,e04,c3,p35,l3,0.0
i39,e04,c5,p01,l1,0.0
i39,e04,c5,p01,l3,0.0
i39,e04,c5,p02,l1,0.0
i39,e04,c5,p02,l3,0.0
i39,e04,c5,p03,l1,0.0
i39,e04,c5,p03,l3,0.0
i39,e04,c5,p04,l1,0.0
i39,e04,c5,p04,l3,1.0
i39,e04,c5,p05,l1,0.0
i39,e04,c5,p05,l3,1.0
i39,e04,c5,p06,l1,0.0
i39,e04,c5,p06,l3,1.0
i39,e04,c5,p07,l1,0.0
i39,e04,c5,p07,l3,0.0
i39,e04,c5,p08,l1,0.0
i39,e04,c5,p08,l3,0.0
i39,e04,c5,p09,l1,0.0
i39,e04,c5,p09,l3,0.0
i39,e04,c5,p10,l1,0.0
i39,e04,c5,p10,l3,1.0
i39,e04,c5,p11,l1,0.0
i39,e04,c5,p11,l3,0.0
i39,e04,c5,p12,l1,0.0
i39,e04,c5,p12,l3,1.0
i39,e04,c5,p13,l1,0.0
i39,e04,c5,p13,l3,4.0
i39,e04,c5,p14,l1,0.0
i39,e04,c5,p14,l3,0.0
i39,e04,c5,p15,l1,0.0
i39,e04,c5,p15,l3,0.0
i39,e04,c5,p16,l1,0.0
i39,e04,c5,p16,l3,0.0
i39,e04,c5,p17,l1,0.0
i39,e04,c5,p17,l3,2.0
i39,e04,c5,p18,l1,0.0
i39,e04,c5,p18,l3,0.0
i39,e04,c5,p19,l1,0.0
i39,e04,c5,p19,l3,19.0
i39,e04,c5,p20,l1,0.0
i39,e04,c5,p20,l3,0.0
i39,e04,c5,p21,l1,0.0
i39,e04,c5,p21,l3,0.0
i39,e04,c5,p22,l1,0.0
i39,e04,c5,p22,l3,0.0
i39,e04,c5,p23,l1,0.0
i39,e04,c5,p23,l3,0.0
i39,e04,c5,p24,l1,0.0
i39,e04,c5,p24,l3,0.0
i39,e04,c5,p25,l1,0.0
i39,e04,c5,p25,l3,4.0
i39,e04,c5,p26,l1,0.0
i39,e04,c5,p26,l3,0.0
i39,e04,c5,p28,l1,0.0
i39,e04,c5,p28,l3,0.0
i39,e04,c5,p29,l1,0.0
i39,e04,c5,p29,l3,0.0
i39,e04,c5,p30,l1,0.0
i39,e04,c5,p30,l3,0.0
i39,e04,c5,p31,l1,0.0
i39,e04,c5,p31,l3,0.0
i39,e04,c5,p32,l1,0.0
i39,e04,c5,p32,l3,0.0
i39,e04,c5,p35,l1,0.0
i39,e04,c5,p35,l3,44.0
i39,e05,c3,p02,l1,0.0
i39,e05,c3,p02,l3,0.0
i39,e05,c3,p03,l3,0.0
i39,e05,c3,p12,l3,0.0
i39,e05,c3,p35,l1,0.0
i39,e05,c3,p35,l3,0.0
i39,e05,c5,p01,l1,0.0
i39,e05,c5,p01,l3,0.0
i39,e05,c5,p02,l1,0.0
i39,e05,c5,p02,l3,0.0
i39,e05,c5,p03,l1,0.0
i39,e05,c5,p03,l3,0.0
i39,e05,c5,p04,l1,0.0
i39,e05,c5,p04,l3,0.0
i39,e05,c5,p05,l1,0.0
i39,e05,c5,p05,l3,0.0
i39,e05,c5,p06,l1,0.0
i39,e05,c5,p06,l3,0.0
i39,e05,c5,p07,l1,0.0
i39,e05,c5,p07,l3,0.0
i39,e05,c5,p08,l1,0.0
i39,e05,c5,p08,l3,0.0
i39,e05,c5,p09,l1,0.0
i39,e05,c5,p09,l3,0.0
i39,e05,c5,p10,l1,0.0
i39,e05,c5,p10,l3,0.0
i39,e05,c5,p11,l1,0.0
i39,e05,c5,p11,l3,0.0
i39,e05,c5,p12,l1,0.0
i39,e05,c5,p12,l3,0.0
i39,e05,c5,p13,l1,0.0
i39,e05,c5,p13,l3,0.0
i39,e05,c5,p14,l1,0.0
i39,e05,c5,p14,l3,0.0
i39,e05,c5,p15,l1,0.0
i39,e05,c5,p15,l3,0.0
i39,e05,c5,p16,l1,0.0
i39,e05,c5,p16,l3,0.0
i39,e05,c5,p17,l1,0.0
i39,e05,c5,p17,l3,0.0
i39,e05,c5,p18,l1,0.0
i39,e05,c5,p18,l3,0.0
i39,e05,c5,p19,l1,0.0
i39,e05,c5,p19,l3,0.0
i39,e05,c5,p20,l1,0.0
i39,e05,c5,p20,l3,0.0
i39,e05,c5,p21,l1,0.0
i39,e05,c5,p21,l3,0.0
i39,e05,c5,p22,l1,0.0
i39,e05,c5,p22,l3,0.0
i39,e05,c5,p23,l1,0.0
i39,e05,c5,p23,l3,0.0
i39,e05,c5,p24,l1,0.0
i39,e05,c5,p24,l3,0.0
i39,e05,c5,p25,l1,0.0
i39,e05,c5,p25,l3,0.0
i39,e05,c5,p26,l1,0.0
i39,e05,c5,p26,l3,0.0
i39,e05,c5,p28,l1,0.0
i39,e05,c5,p28,l3,0.0
i39,e05,c5,p29,l1,0.0
i39,e05,c5,p29,l3,0.0
i39,e05,c5,p31,l1,0.0
i39,e05,c5,p31,l3,0.0
i39,e05,c5,p32,l3,0.0
i39,e05,c5,p35,l1,0.0
i39,e05,c5,p35,l3,0.0
i39,e09,c3,p01,l2,0.0
i39,e09,c3,p01,l3,0.0
i39,e09,c3,p02,l2,0.0
i39,e09,c3,p02,l3,0.0
i39,e09,c3,p03,l2,0.0
i39,e09,c3,p03,l3,0.0
i39,e09,c3,p04,l3,0.0
i39,e09,c3,p07,l2,0.0
i39,e09,c3,p07,l3,0.0
i39,e09,c3,p10,l2,0.0
i39,e09,c3,p10,l3,0.0
i39,e09,c3,p12,l2,0.0
i39,e09,c3,p12,l3,0.0
i39,e09,c3,p15,l3,0.0
i39,e09,c3,p17,l2,0.0
i39,e09,c3,p17,l3,0.0
i39,e09,c3,p19,l2,0.0
i39,e09,c3,p19,l3,0.0
i39,e09,c3,p20,l3,0.0
i39,e09,c3,p21,l2,0.0
i39,e09,c3,p21,l3,0.0
i39,e09,c3,p25,l2,0.0
i39,e09,c3,p25,l3,0.0
i39,e09,c3,p35,l2,0.0
i39,e09,c3,p35,l3,0.0
i39,e09,c5,p01,l2,0.0
i39,e09,c5,p01,l3,0.0
i39,e09,c5,p02,l2,0.0
i39,e09,c5,p02,l3,0.0
i39,e09,c5,p03,l2,0.0
i39,e09,c5,p03,l3,0.0
i39,e09,c5,p04,l2,0.0
i39,e09,c5,p04,l3,1.0
i39,e09,c5,p05,l2,0.0
i39,e09,c5,p05,l3,0.0
i39,e09,c5,p06,l2,0.0
i39,e09,c5,p06,l3,0.0
i39,e09,c5,p07,l2,0.0
i39,e09,c5,p07,l3,0.0
i39,e09,c5,p08,l2,0.0
i39,e09,c5,p08,l3,0.0
i39,e09,c5,p09,l2,0.0
i39,e09,c5,p09,l3,0.0
i39,e09,c5,p10,l2,0.0
i39,e09,c5,p10,l3,0.0
i39,e09,c5,p11,l2,0.0
i39,e09,c5,p11,l3,0.0
i39,e09,c5,p12,l2,0.0
i39,e09,c5,p12,l3,0.0
i39,e09,c5,p13,l2,0.0
i39,e09,c5,p13,l3,1.0
i39,e09,c5,p14,l2,0.0
i39,e09,c5,p14,l3,0.0
i39,e09,c5,p15,l2,0.0
i39,e09,c5,p15,l3,0.0
i39,e09,c5,p16,l2,0.0
i39,e09,c5,p16,l3,0.0
i39,e09,c5,p17,l2,0.0
i39,e09,c5,p17,l3,0.0
i39,e09,c5,p18,l2,0.0
i39,e09,c5,p18,l3,0.0
i39,e09,c5,p19,l2,0.0
i39,e09,c5,p19,l3,9.0
i39,e09,c5,p20,l2,0.0
i39,e09,c5,p20,l3,0.0
i39,e09,c5,p21,l2,0.0
i39,e09,c5,p21,l3,0.0
i39,e09,c5,p22,l2,0.0
i39,e09,c5,p22,l3,0.0
i39,e09,c5,p23,l2,0.0
i39,e09,c5,p23,l3,2.0
i39,e09,c5,p24,l2,0.0
i39,e09,c5,p24,l3,0.0
i39,e09,c5,p25,l2,0.0
i39,e09,c5,p25,l3,0.0
i39,e09,c5,p26,l2,0.0
i39,e09,c5,p26,l3,0.0
i39,e09,c5,p28,l2,0.0
i39,e09,c5,p28,l3,0.0
i39,e09,c5,p29,l2,0.0
i39,e09,c5,p29,l3,0.0
i39,e09,c5,p30,l2,0.0
i39,e09,c5,p30,l3,0.0
i39,e09,c5,p31,l2,0.0
i39,e09,c5,p31,l3,0.0
i39,e09,c5,p32,l2,0.0
i39,e09,c5,p32,l3,0.0
i39,e09,c5,p35,l2,0.0
i39,e09,c5,p35,l3,16.0
i40,e02,c5,p35,l3,0.0
i40,e05,c5,p35,l1,0.0
i40,e05,c5,p35,l3,0.0
i40,e13,c5,p35,l3,0.0
i41,e01,c1,p01,l3,0.0
i41,e01,c1,p02,l3,0.0
i41,e01,c1,p03,l3,0.0
i41,e01,c1,p04,l3,0.0
i41,e01,c1,p05,l3,0.0
i41,e01,c1,p06,l3,0.0
i41,e01,c1,p07,l3,0.0
i41,e01,c1,p08,l3,0.0
i41,e01,c1,p09,l3,0.0
i41,e01,c1,p10,l3,0.0
i41,e01,c1,p11,l3,0.0
i41,e01,c1,p12,l3,2.0
i41,e01,c1,p13,l3,0.0
i41,e01,c1,p14,l3,0.0
i41,e01,c1,p15,l3,0.0
i41,e01,c1,p16,l3,0.0
i41,e01,c1,p17,l3,0.0
i41,e01,c1,p18,l3,0.0
i41,e01,c1,p19,l3,0.0
i41,e01,c1,p20,l3,0.0
i41,e01,c1,p21,l3,0.0
i41,e01,c1,p22,l3,0.0
i41,e01,c1,p23,l3,0.0
i41,e01,c1,p24,l3,0.0
i41,e01,c1,p25,l3,0.0
i41,e01,c1,p26,l3,0.0
i41,e01,c1,p27,l3,0.0
i41,e01,c1,p28,l3,0.0
i41,e01,c1,p29,l3,0.0
i41,e01,c1,p30,l3,0.0
i41,e01,c1,p31,l3,0.0
i41,e01,c1,p32,l3,0.0
i41,e01,c1,p33,l3,0.0
i41,e01,c1,p34,l3,0.0
i41,e01,c1,p35,l3,0.0
i41,e01,c4,p01,l3,0.0
i41,e01,c4,p02,l3,0.0
i41,e01,c4,p04,l3,0.0
i41,e01,c4,p07,l3,0.0
i41,e01,c4,p10,l3,0.0
i41,e01,c4,p16,l3,0.0
i41,e01,c4,p19,l3,0.0
i41,e01,c4,p21,l3,0.0
i41,e01,c4,p22,l3,0.0
i41,e01,c4,p23,l3,0.0
i41,e01,c4,p28,l3,0.0
i41,e01,c4,p35,l3,0.0
i41,e01,c7,p10,l3,0.0
i41,e01,c7,p35,l3,0.0
i41,e04,c1,p01,l1,0.0
i41,e04,c1,p01,l3,0.0
i41,e04,c1,p02,l1,0.0
i41,e04,c1,p02,l3,0.0
i41,e04,c1,p03,l1,0.0
i41,e04,c1,p03,l3,0.0
i41,e04,c1,p04,l1,0.0
i41,e04,c1,p04,l3,0.0
i41,e04,c1,p05,l1,0.0
i41,e04,c1,p05,l3,0.0
i41,e04,c1,p06,l1,0.0
i41,e04,c1,p06,l3,0.0
i41,e04,c1,p07,l1,0.0
i41,e04,c1,p07,l3,0.0
i41,e04,c1,p08,l1,0.0
i41,e04,c1,p08,l3,0.0
i41,e04,c1,p09,l1,0.0
i41,e04,c1,p09,l3,0.0
i41,e04,c1,p10,l1,0.0
i41,e04,c1,p10,l3,0.0
i41,e04,c1,p11,l1,0.0
i41,e04,c1,p11,l3,0.0
i41,e04,c1,p12,l1,0.0
i41,e04,c1,p12,l3,0.0
i41,e04,c1,p13,l1,0.0
i41,e04,c1,p13,l3,0.0
i41,e04,c1,p14,l1,0.0
i41,e04,c1,p14,l3,0.0
i41,e04,c1,p15,l1,0.0
i41,e04,c1,p15,l3,0.0
i41,e04,c1,p16,l1,0.0
i41,e04,c1,p16,l3,0.0
i41,e04,c1,p17,l1,0.0
i41,e04,c1,p17,l3,0.0
i41,e04,c1,p18,l1,0.0
i41,e04,c1,p18,l3,1.0
i41,e04,c1,p19,l1,0.0
i41,e04,c1,p19,l3,0.0
i41,e04,c1,p20,l1,0.0
i41,e04,c1,p20,l3,0.0
i41,e04,c1,p21,l1,0.0
i41,e04,c1,p21,l3,0.0
i41,e04,c1,p22,l1,0.0
i41,e04,c1,p22,l3,0.0
i41,e04,c1,p23,l1,0.0
i41,e04,c1,p23,l3,0.0
i41,e04,c1,p24,l1,0.0
i41,e04,c1,p24,l3,0.0
i41,e04,c1,p25,l1,0.0
i41,e04,c1,p25,l3,0.0
i41,e04,c1,p26,l1,0.0
i41,e04,c1,p26,l3,0.0
i41,e04,c1,p28,l1,0.0
i41,e04,c1,p28,l3,0.0
i41,e04,c1,p29,l1,0.0
i41,e04,c1,p29,l3,0.0
i41,e04,c1,p30,l1,0.0
i41,e04,c1,p30,l3,0.0
i41,e04,c1,p31,l1,0.0
i41,e04,c1,p31,l3,0.0
i41,e04,c1,p32,l1,0.0
i41,e04,c1,p32,l3,0.0
i41,e04,c1,p33,l1,0.0
i41,e04,c1,p33,l3,0.0
i41,e04,c1,p34,l3,0.0
i41,e04,c1,p35,l1,0.0
i41,e04,c1,p35,l3,0.0
i41,e04,c4,p01,l3,0.0
i41,e04,c4,p02,l1,0.0
i41,e04,c4,p02,l3,0.0
i41,e04,c4,p04,l3,0.0
i41,e04,c4,p07,l3,0.0
i41,e04,c4,p10,l3,0.0
i41,e04,c4,p15,l3,0.0
i41,e04,c4,p16,l3,0.0
i41,e04,c4,p19,l3,0.0
i41,e04,c4,p21,l3,0.0
i41,e04,c4,p22,l3,0.0
i41,e04,c4,p23,l3,0.0
i41,e04,c4,p28,l3,0.0
i41,e04,c4,p35,l1,0.0
i41,e04,c4,p35,l3,0.0
i41,e04,c7,p35,l3,0.0
i41,e05,c1,p01,l1,0.0
i41,e05,c1,p01,l3,0.0
i41,e05,c1,p02,l1,0.0
i41,e05,c1,p02,l3,0.0
i41,e05,c1,p03,l1,0.0
i41,e05,c1,p03,l3,0.0
i41,e05,c1,p04,l1,0.0
i41,e05,c1,p04,l3,0.0
i41,e05,c1,p05,l1,0.0
i41,e05,c1,p05,l3,0.0
i41,e05,c1,p06,l1,0.0
i41,e05,c1,p06,l3,0.0
i41,e05,c1,p07,l1,0.0
i41,e05,c1,p07,l3,0.0
i41,e05,c1,p08,l1,0.0
i41,e05,c1,p08,l3,0.0
i41,e05,c1,p09,l1,0.0
i41,e05,c1,p09,l3,0.0
i41,e05,c1,p10,l1,0.0
i41,e05,c1,p10,l3,2.0
i41,e05,c1,p11,l1,0.0
i41,e05,c1,p11,l3,0.0
i41,e05,c1,p12,l1,0.0
i41,e05,c1,p12,l3,0.0
i41,e05,c1,p13,l1,0.0
i41,e05,c1,p13,l3,0.0
i41,e05,c1,p14,l1,0.0
i41,e05,c1,p14,l3,0.0
i41,e05,c1,p15,l1,0.0
i41,e05,c1,p15,l3,0.0
i41,e05,c1,p16,l1,0.0
i41,e05,c1,p16,l3,0.0
i41,e05,c1,p17,l1,0.0
i41,e05,c1,p17,l3,0.0
i41,e05,c1,p18,l1,0.0
i41,e05,c1,p18,l3,0.0
i41,e05,c1,p19,l1,0.0
i41,e05,c1,p19,l3,0.0
i41,e05,c1,p20,l1,0.0
i41,e05,c1,p20,l3,0.0
i41,e05,c1,p21,l1,0.0
i41,e05,c1,p21,l3,0.0
i41,e05,c1,p22,l1,0.0
i41,e05,c1,p22,l3,0.0
i41,e05,c1,p23,l1,0.0
i41,e05,c1,p23,l3,0.0
i41,e05,c1,p24,l1,0.0
i41,e05,c1,p24,l3,0.0
i41,e05,c1,p25,l1,0.0
i41,e05,c1,p25,l3,0.0
i41,e05,c1,p26,l1,0.0
i41,e05,c1,p26,l3,0.0
i41,e05,c1,p28,l1,0.0
i41,e05,c1,p28,l3,0.0
i41,e05,c1,p29,l1,0.0
i41,e05,c1,p29,l3,0.0
i41,e05,c1,p30,l3,0.0
i41,e05,c1,p31,l1,0.0
i41,e05,c1,p31,l3,0.0
i41,e05,c1,p32,l1,0.0
i41,e05,c1,p32,l3,0.0
i41,e05,c1,p35,l1,0.0
i41,e05,c1,p35,l3,0.0
i41,e05,c7,p35,l3,0.0
i41,e07,c1,p01,l2,0.0
i41,e07,c1,p01,l3,0.0
i41,e07,c1,p02,l2,0.0
i41,e07,c1,p02,l3,0.0
i41,e07,c1,p03,l2,0.0
i41,e07,c1,p03,l3,0.0
i41,e07,c1,p04,l2,0.0
i41,e07,c1,p04,l3,2.0
i41,e07,c1,p05,l2,0.0
i41,e07,c1,p05,l3,0.0
i41,e07,c1,p06,l2,0.0
i41,e07,c1,p06,l3,0.0
i41,e07,c1,p07,l2,0.0
i41,e07,c1,p07,l3,0.0
i41,e07,c1,p08,l2,0.0
i41,e07,c1,p08,l3,0.0
i41,e07,c1,p09,l2,0.0
i41,e07,c1,p09,l3,0.0
i41,e07,c1,p10,l2,0.0
i41,e07,c1,p10,l3,1.0
i41,e07,c1,p11,l2,0.0
i41,e07,c1,p11,l3,0.0
i41,e07,c1,p12,l2,0.0
i41,e07,c1,p12,l3,0.0
i41,e07,c1,p13,l2,0.0
i41,e07,c1,p13,l3,1.0
i41,e07,c1,p14,l2,0.0
i41,e07,c1,p14,l3,0.0
i41,e07,c1,p15,l2,0.0
i41,e07,c1,p15,l3,0.0
i41,e07,c1,p16,l2,0.0
i41,e07,c1,p16,l3,0.0
i41,e07,c1,p17,l2,0.0
i41,e07,c1,p17,l3,0.0
i41,e07,c1,p18,l2,0.0
i41,e07,c1,p18,l3,0.0
i41,e07,c1,p19,l2,0.0
i41,e07,c1,p19,l3,0.0
i41,e07,c1,p20,l2,0.0
i41,e07,c1,p20,l3,0.0
i41,e07,c1,p21,l2,0.0
i41,e07,c1,p21,l3,0.0
i41,e07,c1,p22,l2,0.0
i41,e07,c1,p22,l3,0.0
i41,e07,c1,p23,l2,0.0
i41,e07,c1,p23,l3,0.0
i41,e07,c1,p24,l2,0.0
i41,e07,c1,p24,l3,0.0
i41,e07,c1,p25,l2,0.0
i41,e07,c1,p25,l3,0.0
i41,e07,c1,p26,l2,0.0
i41,e07,c1,p26,l3,0.0
i41,e07,c1,p27,l3,0.0
i41,e07,c1,p28,l2,0.0
i41,e07,c1,p28,l3,0.0
i41,e07,c1,p29,l2,0.0
i41,e07,c1,p29,l3,0.0
i41,e07,c1,p30,l3,0.0
i41,e07,c1,p31,l2,0.0
i41,e07,c1,p31,l3,0.0
i41,e07,c1,p32,l2,0.0
i41,e07,c1,p32,l3,0.0
i41,e07,c1,p33,l3,0.0
i41,e07,c1,p34,l3,0.0
i41,e07,c1,p35,l2,0.0
i41,e07,c1,p35,l3,0.0
i41,e07,c4,p01,l3,0.0
i41,e07,c4,p02,l3,0.0
i41,e07,c4,p04,l3,0.0
i41,e07,c4,p05,l3,0.0
i41,e07,c4,p10,l3,0.0
i41,e07,c4,p15,l3,0.0
i41,e07,c4,p16,l3,0.0
i41,e07,c4,p19,l2,0.0
i41,e07,c4,p19,l3,0.0
i41,e07,c4,p21,l3,0.0
i41,e07,c4,p22,l3,0.0
i41,e07,c4,p35,l3,0.0
i41,e07,c7,p35,l3,0.0
i41,e08,c1,p01,l2,0.0
i41,e08,c1,p01,l3,0.0
i41,e08,c1,p02,l2,0.0
i41,e08,c1,p02,l3,0.0
i41,e08,c1,p03,l2,0.0
i41,e08,c1,p03,l3,0.0
i41,e08,c1,p04,l2,0.0
i41,e08,c1,p04,l3,0.0
i41,e08,c1,p05,l2,0.0
i41,e08,c1,p05,l3,0.0
i41,e08,c1,p06,l2,0.0
i41,e08,c1,p06,l3,0.0
i41,e08,c1,p07,l2,0.0
i41,e08,c1,p07,l3,0.0
i41,e08,c1,p08,l2,0.0
i41,e08,c1,p08,l3,0.0
i41,e08,c1,p09,l2,0.0
i41,e08,c1,p09,l3,0.0
i41,e08,c1,p10,l2,0.0
i41,e08,c1,p10,l3,0.0
i41,e08,c1,p11,l2,0.0
i41,e08,c1,p11,l3,0.0
i41,e08,c1,p12,l2,0.0
i41,e08,c1,p12,l3,0.0
i41,e08,c1,p13,l2,0.0
i41,e08,c1,p13,l3,0.0
i41,e08,c1,p14,l2,0.0
i41,e08,c1,p14,l3,0.0
i41,e08,c1,p15,l2,0.0
i41,e08,c1,p15,l3,0.0
i41,e08,c1,p16,l2,0.0
i41,e08,c1,p16,l3,0.0
i41,e08,c1,p17,l2,0.0
i41,e08,c1,p17,l3,0.0
i41,e08,c1,p18,l2,0.0
i41,e08,c1,p18,l3,0.0
i41,e08,c1,p19,l2,0.0
i41,e08,c1,p19,l3,0.0
i41,e08,c1,p20,l2,0.0
i41,e08,c1,p20,l3,0.0
i41,e08,c1,p21,l2,0.0
i41,e08,c1,p21,l3,0.0
i41,e08,c1,p22,l2,0.0
i41,e08,c1,p22,l3,1.0
i41,e08,c1,p23,l2,0.0
i41,e08,c1,p23,l3,0.0
i41,e08,c1,p24,l2,0.0
i41,e08,c1,p24,l3,0.0
i41,e08,c1,p25,l2,0.0
i41,e08,c1,p25,l3,0.0
i41,e08,c1,p26,l2,0.0
i41,e08,c1,p26,l3,0.0
i41,e08,c1,p28,l2,0.0
i41,e08,c1,p28,l3,0.0
i41,e08,c1,p29,l2,0.0
i41,e08,c1,p29,l3,0.0
i41,e08,c1,p30,l2,0.0
i41,e08,c1,p30,l3,0.0
i41,e08,c1,p31,l2,0.0
i41,e08,c1,p31,l3,0.0
i41,e08,c1,p32,l2,0.0
i41,e08,c1,p32,l3,0.0
i41,e08,c1,p33,l3,0.0
i41,e08,c1,p34,l3,0.0
i41,e08,c1,p35,l2,0.0
i41,e08,c1,p35,l3,0.0
i41,e08,c4,p01,l3,0.0
i41,e08,c4,p02,l3,0.0
i41,e08,c4,p04,l3,0.0
i41,e08,c4,p07,l3,0.0
i41,e08,c4,p10,l3,0.0
i41,e08,c4,p19,l3,0.0
i41,e08,c4,p21,l2,0.0
i41,e08,c4,p21,l3,0.0
i41,e08,c4,p22,l3,0.0
i41,e08,c4,p23,l2,0.0
i41,e08,c4,p23,l3,0.0
i41,e08,c4,p28,l3,0.0
i41,e08,c4,p35,l2,0.0
i41,e08,c4,p35,l3,0.0
i41,e08,c7,p35,l3,0.0
i41,e09,c1,p01,l2,0.0
i41,e09,c1,p01,l3,0.0
i41,e09,c1,p02,l2,0.0
i41,e09,c1,p02,l3,0.0
i41,e09,c1,p03,l2,0.0
i41,e09,c1,p03,l3,0.0
i41,e09,c1,p04,l2,0.0
i41,e09,c1,p04,l3,3.0
i41,e09,c1,p05,l2,0.0
i41,e09,c1,p05,l3,0.0
i41,e09,c1,p06,l2,0.0
i41,e09,c1,p06,l3,0.0
i41,e09,c1,p07,l2,0.0
i41,e09,c1,p07,l3,0.0
i41,e09,c1,p08,l2,0.0
i41,e09,c1,p08,l3,0.0
i41,e09,c1,p09,l2,0.0
i41,e09,c1,p09,l3,0.0
i41,e09,c1,p10,l2,0.0
i41,e09,c1,p10,l3,4.0
i41,e09,c1,p11,l2,0.0
i41,e09,c1,p11,l3,0.0
i41,e09,c1,p12,l2,0.0
i41,e09,c1,p12,l3,0.0
i41,e09,c1,p13,l2,0.0
i41,e09,c1,p13,l3,0.0
i41,e09,c1,p14,l2,0.0
i41,e09,c1,p14,l3,0.0
i41,e09,c1,p15,l2,0.0
i41,e09,c1,p15,l3,0.0
i41,e09,c1,p16,l2,0.0
i41,e09,c1,p16,l3,0.0
i41,e09,c1,p17,l2,0.0
i41,e09,c1,p17,l3,0.0
i41,e09,c1,p18,l2,0.0
i41,e09,c1,p18,l3,1.0
i41,e09,c1,p19,l2,0.0
i41,e09,c1,p19,l3,0.0
i41,e09,c1,p20,l2,0.0
i41,e09,c1,p20,l3,0.0
i41,e09,c1,p21,l2,0.0
i41,e09,c1,p21,l3,0.0
i41,e09,c1,p22,l2,0.0
i41,e09,c1,p22,l3,0.0
i41,e09,c1,p23,l2,0.0
i41,e09,c1,p23,l3,0.0
i41,e09,c1,p24,l2,0.0
i41,e09,c1,p24,l3,0.0
i41,e09,c1,p25,l2,0.0
i41,e09,c1,p25,l3,0.0
i41,e09,c1,p26,l2,0.0
i41,e09,c1,p26,l3,0.0
i41,e09,c1,p27,l3,0.0
i41,e09,c1,p28,l2,0.0
i41,e09,c1,p28,l3,0.0
i41,e09,c1,p29,l2,0.0
i41,e09,c1,p29,l3,0.0
i41,e09,c1,p30,l2,0.0
i41,e09,c1,p30,l3,0.0
i41,e09,c1,p31,l2,0.0
i41,e09,c1,p31,l3,0.0
i41,e09,c1,p32,l2,0.0
i41,e09,c1,p32,l3,0.0
i41,e09,c1,p33,l2,0.0
i41,e09,c1,p33,l3,0.0
i41,e09,c1,p34,l3,0.0
i41,e09,c1,p35,l2,0.0
i41,e09,c1,p35,l3,0.0
i41,e09,c4,p01,l3,0.0
i41,e09,c4,p02,l2,0.0
i41,e09,c4,p02,l3,0.0
i41,e09,c4,p03,l3,0.0
i41,e09,c4,p04,l3,0.0
i41,e09,c4,p07,l3,0.0
i41,e09,c4,p10,l3,0.0
i41,e09,c4,p15,l3,0.0
i41,e09,c4,p16,l3,0.0
i41,e09,c4,p19,l2,0.0
i41,e09,c4,p19,l3,0.0
i41,e09,c4,p21,l3,0.0
i41,e09,c4,p22,l3,0.0
i41,e09,c4,p23,l3,0.0
i41,e09,c4,p28,l3,0.0
i41,e09,c4,p35,l2,0.0
i41,e09,c4,p35,l3,0.0
i41,e09,c7,p35,l3,0.0
i41,e11,c1,p01,l2,0.0
i41,e11,c1,p01,l3,0.0
i41,e11,c1,p02,l2,0.0
i41,e11,c1,p02,l3,0.0
i41,e11,c1,p03,l2,0.0
i41,e11,c1,p03,l3,0.0
i41,e11,c1,p04,l2,0.0
i41,e11,c1,p04,l3,0.0
i41,e11,c1,p05,l2,0.0
i41,e11,c1,p05,l3,0.0
i41,e11,c1,p06,l2,0.0
i41,e11,c1,p06,l3,0.0
i41,e11,c1,p07,l2,0.0
i41,e11,c1,p07,l3,0.0
i41,e11,c1,p08,l2,0.0
i41,e11,c1,p08,l3,0.0
i41,e11,c1,p09,l2,0.0
i41,e11,c1,p09,l3,0.0
i41,e11,c1,p10,l2,0.0
i41,e11,c1,p10,l3,0.0
i41,e11,c1,p11,l2,0.0
i41,e11,c1,p11,l3,0.0
i41,e11,c1,p12,l2,0.0
i41,e11,c1,p12,l3,0.0
i41,e11,c1,p13,l2,0.0
i41,e11,c1,p13,l3,0.0
i41,e11,c1,p14,l2,0.0
i41,e11,c1,p14,l3,0.0
i41,e11,c1,p15,l2,0.0
i41,e11,c1,p15,l3,0.0
i41,e11,c1,p16,l2,0.0
i41,e11,c1,p16,l3,0.0
i41,e11,c1,p17,l2,0.0
i41,e11,c1,p17,l3,0.0
i41,e11,c1,p18,l2,0.0
i41,e11,c1,p18,l3,0.0
i41,e11,c1,p19,l2,0.0
i41,e11,c1,p19,l3,0.0
i41,e11,c1,p20,l2,0.0
i41,e11,c1,p20,l3,0.0
i41,e11,c1,p21,l2,0.0
i41,e11,c1,p21,l3,16.0
i41,e11,c1,p22,l2,0.0
i41,e11,c1,p22,l3,0.0
i41,e11,c1,p23,l2,0.0
i41,e11,c1,p23,l3,0.0
i41,e11,c1,p24,l2,0.0
i41,e11,c1,p24,l3,0.0
i41,e11,c1,p25,l2,0.0
i41,e11,c1,p25,l3,0.0
i41,e11,c1,p26,l2,0.0
i41,e11,c1,p26,l3,0.0
i41,e11,c1,p27,l3,0.0
i41,e11,c1,p28,l2,0.0
i41,e11,c1,p28,l3,0.0
i41,e11,c1,p29,l2,0.0
i41,e11,c1,p29,l3,0.0
i41,e11,c1,p30,l3,0.0
i41,e11,c1,p31,l2,0.0
i41,e11,c1,p31,l3,0.0
i41,e11,c1,p32,l2,0.0
i41,e11,c1,p32,l3,0.0
i41,e11,c1,p33,l2,0.0
i41,e11,c1,p33,l3,0.0
i41,e11,c1,p35,l2,0.0
i41,e11,c1,p35,l3,0.0
i41,e11,c4,p01,l3,0.0
i41,e11,c4,p02,l2,0.0
i41,e11,c4,p02,l3,0.0
i41,e11,c4,p10,l2,0.0
i41,e11,c4,p10,l3,0.0
i41,e11,c4,p19,l2,0.0
i41,e11,c4,p19,l3,0.0
i41,e11,c4,p21,l3,0.0
i41,e11,c4,p23,l3,0.0
i41,e11,c4,p35,l2,0.0
i41,e11,c4,p35,l3,0.0
i41,e11,c7,p35,l3,0.0
i41,e12,c1,p01,l3,0.0
i41,e12,c1,p02,l3,0.0
i41,e12,c1,p03,l3,0.0
i41,e12,c1,p04,l3,0.0
i41,e12,c1,p05,l3,0.0
i41,e12,c1,p06,l3,0.0
i41,e12,c1,p07,l3,0.0
i41,e12,c1,p08,l3,0.0
i41,e12,c1,p09,l3,0.0
i41,e12,c1,p10,l3,0.0
i41,e12,c1,p11,l3,0.0
i41,e12,c1,p12,l3,0.0
i41,e12,c1,p13,l3,0.0
i41,e12,c1,p14,l3,0.0
i41,e12,c1,p15,l3,0.0
i41,e12,c1,p16,l3,0.0
i41,e12,c1,p17,l3,0.0
i41,e12,c1,p18,l3,0.0
i41,e12,c1,p19,l3,0.0
i41,e12,c1,p20,l3,0.0
i41,e12,c1,p21,l3,0.0
i41,e12,c1,p22,l3,0.0
i41,e12,c1,p23,l3,0.0
i41,e12,c1,p24,l3,0.0
i41,e12,c1,p25,l3,0.0
i41,e12,c1,p26,l3,0.0
i41,e12,c1,p28,l3,0.0
i41,e12,c1,p29,l3,0.0
i41,e12,c1,p31,l3,0.0
i41,e12,c1,p32,l3,0.0
i41,e12,c1,p35,l3,0.0
i41,e12,c4,p01,l3,0.0
i41,e12,c4,p10,l3,0.0
i41,e12,c4,p16,l3,0.0
i41,e12,c4,p35,l3,0.0
i41,e13,c1,p01,l3,0.0
i41,e13,c1,p02,l3,0.0
i41,e13,c1,p03,l3,0.0
i41,e13,c1,p04,l3,0.0
i41,e13,c1,p05,l3,0.0
i41,e13,c1,p06,l3,0.0
i41,e13,c1,p07,l3,0.0
i41,e13,c1,p08,l3,0.0
i41,e13,c1,p09,l3,0.0
i41,e13,c1,p10,l3,0.0
i41,e13,c1,p11,l3,0.0
i41,e13,c1,p12,l3,0.0
i41,e13,c1,p13,l3,0.0
i41,e13,c1,p14,l3,0.0
i41,e13,c1,p15,l3,0.0
i41,e13,c1,p16,l3,0.0
i41,e13,c1,p17,l3,0.0
i41,e13,c1,p18,l3,0.0
i41,e13,c1,p19,l3,0.0
i41,e13,c1,p20,l3,0.0
i41,e13,c1,p21,l3,0.0
i41,e13,c1,p22,l3,0.0
i41,e13,c1,p23,l3,0.0
i41,e13,c1,p24,l3,0.0
i41,e13,c1,p25,l3,0.0
i41,e13,c1,p26,l3,0.0
i41,e13,c1,p28,l3,0.0
i41,e13,c1,p29,l3,0.0
i41,e13,c1,p30,l3,0.0
i41,e13,c1,p31,l3,0.0
i41,e13,c1,p32,l3,0.0
i41,e13,c1,p33,l3,0.0
i41,e13,c1,p34,l3,0.0
i41,e13,c1,p35,l3,0.0
i41,e13,c4,p01,l3,0.0
i41,e13,c4,p02,l3,0.0
i41,e13,c4,p19,l3,0.0
i41,e13,c4,p35,l3,0.0
i41,e13,c7,p35,l3,0.0
i42,e01,c3,p01,l3,0.0
i42,e01,c3,p04,l3,0.0
i42,e01,c3,p11,l3,0.0
i42,e01,c3,p19,l3,0.0
i42,e01,c5,p01,l3,0.0
i42,e01,c5,p02,l3,0.0
i42,e01,c5,p03,l3,0.0
i42,e01,c5,p04,l3,0.0
i42,e01,c5,p05,l3,0.0
i42,e01,c5,p06,l3,0.0
i42,e01,c5,p07,l3,0.0
i42,e01,c5,p08,l3,0.0
i42,e01,c5,p09,l3,0.0
i42,e01,c5,p10,l3,0.0
i42,e01,c5,p11,l3,0.0
i42,e01,c5,p13,l3,0.0
i42,e01,c5,p14,l3,0.0
i42,e01,c5,p15,l3,0.0
i42,e01,c5,p16,l3,0.0
i42,e01,c5,p17,l3,0.0
i42,e01,c5,p18,l3,0.0
i42,e01,c5,p19,l3,0.0
i42,e01,c5,p20,l3,0.0
i42,e01,c5,p21,l3,0.0
i42,e01,c5,p23,l3,0.0
i42,e01,c5,p24,l3,0.0
i42,e01,c5,p25,l3,0.0
i42,e01,c5,p26,l3,0.0
i42,e01,c5,p28,l3,0.0
i42,e01,c5,p29,l3,0.0
i42,e01,c5,p31,l3,0.0
i42,e01,c5,p32,l3,0.0
i42,e01,c5,p35,l3,0.0
i42,e02,c3,p01,l1,0.0
i42,e02,c3,p01,l3,0.0
i42,e02,c3,p02,l1,0.0
i42,e02,c3,p02,l3,0.0
i42,e02,c3,p03,l1,0.0
i42,e02,c3,p03,l3,0.0
i42,e02,c3,p04,l1,0.0
i42,e02,c3,p04,l3,0.0
i42,e02,c3,p05,l1,0.0
i42,e02,c3,p05,l3,0.0
i42,e02,c3,p06,l1,0.0
i42,e02,c3,p06,l3,0.0
i42,e02,c3,p07,l1,0.0
i42,e02,c3,p07,l3,0.0
i42,e02,c3,p08,l1,0.0
i42,e02,c3,p08,l3,0.0
i42,e02,c3,p09,l1,0.0
i42,e02,c3,p09,l3,0.0
i42,e02,c3,p10,l1,0.0
i42,e02,c3,p10,l3,0.0
i42,e02,c3,p11,l1,0.0
i42,e02,c3,p11,l3,0.0
i42,e02,c3,p12,l1,0.0
i42,e02,c3,p12,l3,0.0
i42,e02,c3,p13,l1,0.0
i42,e02,c3,p13,l3,0.0
i42,e02,c3,p14,l1,0.0
i42,e02,c3,p14,l3,1.0
i42,e02,c3,p15,l1,0.0
i42,e02,c3,p15,l3,0.0
i42,e02,c3,p16,l1,0.0
i42,e02,c3,p16,l3,0.0
i42,e02,c3,p17,l1,0.0
i42,e02,c3,p17,l3,0.0
i42,e02,c3,p18,l1,0.0
i42,e02,c3,p18,l3,0.0
i42,e02,c3,p19,l1,0.0
i42,e02,c3,p19,l3,0.0
i42,e02,c3,p20,l1,0.0
i42,e02,c3,p20,l3,0.0
i42,e02,c3,p21,l1,0.0
i42,e02,c3,p21,l3,0.0
i42,e02,c3,p22,l1,0.0
i42,e02,c3,p22,l3,0.0
i42,e02,c3,p23,l1,0.0
i42,e02,c3,p23,l3,0.0
i42,e02,c3,p24,l1,0.0
i42,e02,c3,p24,l3,0.0
i42,e02,c3,p25,l1,0.0
i42,e02,c3,p25,l3,0.0
i42,e02,c3,p26,l1,0.0
i42,e02,c3,p26,l3,0.0
i42,e02,c3,p27,l3,0.0
i42,e02,c3,p28,l1,0.0
i42,e02,c3,p28,l3,0.0
i42,e02,c3,p29,l1,0.0
i42,e02,c3,p29,l3,0.0
i42,e02,c3,p30,l1,0.0
i42,e02,c3,p30,l3,0.0
i42,e02,c3,p31,l1,0.0
i42,e02,c3,p31,l3,0.0
i42,e02,c3,p32,l1,0.0
i42,e02,c3,p32,l3,0.0
i42,e02,c3,p33,l1,0.0
i42,e02,c3,p33,l3,0.0
i42,e02,c3,p35,l1,0.0
i42,e02,c3,p35,l3,0.0
i42,e02,c5,p01,l1,0.0
i42,e02,c5,p01,l3,0.0
i42,e02,c5,p02,l1,0.0
i42,e02,c5,p02,l3,0.0
i42,e02,c5,p03,l1,0.0
i42,e02,c5,p03,l3,0.0
i42,e02,c5,p04,l1,0.0
i42,e02,c5,p04,l3,0.0
i42,e02,c5,p05,l1,0.0
i42,e02,c5,p05,l3,0.0
i42,e02,c5,p06,l1,0.0
i42,e02,c5,p06,l3,0.0
i42,e02,c5,p07,l1,0.0
i42,e02,c5,p07,l3,1.0
i42,e02,c5,p08,l1,0.0
i42,e02,c5,p08,l3,0.0
i42,e02,c5,p09,l1,0.0
i42,e02,c5,p09,l3,0.0
i42,e02,c5,p10,l1,0.0
i42,e02,c5,p10,l3,0.0
i42,e02,c5,p11,l1,0.0
i42,e02,c5,p11,l3,0.0
i42,e02,c5,p12,l1,0.0
i42,e02,c5,p12,l3,0.0
i42,e02,c5,p13,l1,0.0
i42,e02,c5,p13,l3,0.0
i42,e02,c5,p14,l1,0.0
i42,e02,c5,p14,l3,0.0
i42,e02,c5,p15,l1,0.0
i42,e02,c5,p15,l3,0.0
i42,e02,c5,p16,l1,0.0
i42,e02,c5,p16,l3,0.0
i42,e02,c5,p17,l1,0.0
i42,e02,c5,p17,l3,0.0
i42,e02,c5,p18,l1,0.0
i42,e02,c5,p18,l3,1.0
i42,e02,c5,p19,l1,0.0
i42,e02,c5,p19,l3,0.0
i42,e02,c5,p20,l1,0.0
i42,e02,c5,p20,l3,0.0
i42,e02,c5,p21,l1,0.0
i42,e02,c5,p21,l3,1.0
i42,e02,c5,p22,l1,0.0
i42,e02,c5,p22,l3,0.0
i42,e02,c5,p23,l1,0.0
i42,e02,c5,p23,l3,0.0
i42,e02,c5,p24,l1,0.0
i42,e02,c5,p24,l3,0.0
i42,e02,c5,p25,l1,0.0
i42,e02,c5,p25,l3,0.0
i42,e02,c5,p26,l1,0.0
i42,e02,c5,p26,l3,0.0
i42,e02,c5,p27,l1,0.0
i42,e02,c5,p27,l3,0.0
i42,e02,c5,p28,l1,0.0
i42,e02,c5,p28,l3,0.0
i42,e02,c5,p29,l1,0.0
i42,e02,c5,p29,l3,0.0
i42,e02,c5,p30,l1,0.0
i42,e02,c5,p30,l3,0.0
i42,e02,c5,p31,l1,0.0
i42,e02,c5,p31,l3,0.0
i42,e02,c5,p32,l1,0.0
i42,e02,c5,p32,l3,0.0
i42,e02,c5,p33,l1,0.0
i42,e02,c5,p33,l3,0.0
i42,e02,c5,p35,l1,0.0
i42,e02,c5,p35,l3,0.0
i42,e04,c3,p01,l1,0.0
i42,e04,c3,p09,l3,0.0
i42,e04,c3,p11,l3,0.0
i42,e04,c3,p14,l3,0.0
i42,e04,c3,p15,l3,0.0
i42,e04,c3,p16,l3,0.0
i42,e04,c3,p17,l1,0.0
i42,e04,c3,p19,l3,0.0
i42,e04,c3,p21,l3,0.0
i42,e04,c5,p01,l1,0.0
i42,e04,c5,p01,l3,0.0
i42,e04,c5,p02,l3,0.0
i42,e04,c5,p03,l3,0.0
i42,e04,c5,p04,l1,0.0
i42,e04,c5,p04,l3,0.0
i42,e04,c5,p05,l3,0.0
i42,e04,c5,p06,l1,0.0
i42,e04,c5,p06,l3,0.0
i42,e04,c5,p07,l3,0.0
i42,e04,c5,p08,l3,0.0
i42,e04,c5,p09,l1,0.0
i42,e04,c5,p09,l3,0.0
i42,e04,c5,p10,l1,0.0
i42,e04,c5,p10,l3,0.0
i42,e04,c5,p11,l3,0.0
i42,e04,c5,p12,l3,0.0
i42,e04,c5,p13,l3,0.0
i42,e04,c5,p14,l3,0.0
i42,e04,c5,p15,l1,0.0
i42,e04,c5,p15,l3,0.0
i42,e04,c5,p16,l1,0.0
i42,e04,c5,p16,l3,0.0
i42,e04,c5,p17,l3,0.0
i42,e04,c5,p18,l1,0.0
i42,e04,c5,p18,l3,0.0
i42,e04,c5,p19,l1,0.0
i42,e04,c5,p19,l3,0.0
i42,e04,c5,p20,l3,0.0
i42,e04,c5,p21,l1,0.0
i42,e04,c5,p21,l3,0.0
i42,e04,c5,p22,l3,0.0
i42,e04,c5,p23,l3,0.0
i42,e04,c5,p24,l3,0.0
i42,e04,c5,p25,l3,0.0
i42,e04,c5,p26,l1,0.0
i42,e04,c5,p26,l3,0.0
i42,e04,c5,p28,l1,0.0
i42,e04,c5,p28,l3,0.0
i42,e04,c5,p29,l1,0.0
i42,e04,c5,p29,l3,0.0
i42,e04,c5,p31,l1,0.0
i42,e04,c5,p31,l3,0.0
i42,e04,c5,p32,l3,0.0
i42,e04,c5,p35,l1,0.0
i42,e04,c5,p35,l3,0.0
i42,e05,c3,p01,l1,0.0
i42,e05,c3,p01,l3,0.0
i42,e05,c3,p02,l1,0.0
i42,e05,c3,p02,l3,0.0
i42,e05,c3,p03,l1,0.0
i42,e05,c3,p03,l3,0.0
i42,e05,c3,p04,l1,0.0
i42,e05,c3,p04,l3,0.0
i42,e05,c3,p05,l1,0.0
i42,e05,c3,p05,l3,0.0
i42,e05,c3,p06,l1,0.0
i42,e05,c3,p06,l3,0.0
i42,e05,c3,p07,l1,0.0
i42,e05,c3,p07,l3,0.0
i42,e05,c3,p08,l1,0.0
i42,e05,c3,p08,l3,0.0
i42,e05,c3,p09,l1,0.0
i42,e05,c3,p09,l3,0.0
i42,e05,c3,p10,l1,0.0
i42,e05,c3,p10,l3,0.0
i42,e05,c3,p11,l1,0.0
i42,e05,c3,p11,l3,0.0
i42,e05,c3,p12,l1,0.0
i42,e05,c3,p12,l3,0.0
i42,e05,c3,p13,l1,0.0
i42,e05,c3,p13,l3,0.0
i42,e05,c3,p14,l1,0.0
i42,e05,c3,p14,l3,0.0
i42,e05,c3,p15,l1,0.0
i42,e05,c3,p15,l3,0.0
i42,e05,c3,p16,l1,0.0
i42,e05,c3,p16,l3,0.0
i42,e05,c3,p17,l1,0.0
i42,e05,c3,p17,l3,0.0
i42,e05,c3,p18,l1,0.0
i42,e05,c3,p18,l3,0.0
i42,e05,c3,p19,l1,0.0
i42,e05,c3,p19,l3,12.0
i42,e05,c3,p20,l1,0.0
i42,e05,c3,p20,l3,0.0
i42,e05,c3,p21,l1,0.0
i42,e05,c3,p21,l3,0.0
i42,e05,c3,p22,l1,0.0
i42,e05,c3,p22,l3,0.0
i42,e05,c3,p23,l1,0.0
i42,e05,c3,p23,l3,0.0
i42,e05,c3,p24,l1,0.0
i42,e05,c3,p24,l3,0.0
i42,e05,c3,p25,l1,0.0
i42,e05,c3,p25,l3,0.0
i42,e05,c3,p26,l1,0.0
i42,e05,c3,p26,l3,0.0
i42,e05,c3,p27,l1,0.0
i42,e05,c3,p27,l3,0.0
i42,e05,c3,p28,l1,0.0
i42,e05,c3,p28,l3,0.0
i42,e05,c3,p29,l1,0.0
i42,e05,c3,p29,l3,0.0
i42,e05,c3,p30,l1,0.0
i42,e05,c3,p30,l3,0.0
i42,e05,c3,p31,l1,0.0
i42,e05,c3,p31,l3,0.0
i42,e05,c3,p32,l1,0.0
i42,e05,c3,p32,l3,0.0
i42,e05,c3,p33,l1,0.0
i42,e05,c3,p33,l3,0.0
i42,e05,c3,p35,l1,0.0
i42,e05,c3,p35,l3,5.0
i42,e05,c5,p01,l1,0.0
i42,e05,c5,p01,l3,4.0
i42,e05,c5,p02,l1,0.0
i42,e05,c5,p02,l3,0.0
i42,e05,c5,p03,l1,0.0
i42,e05,c5,p03,l3,0.0
i42,e05,c5,p04,l1,0.0
i42,e05,c5,p04,l3,0.0
i42,e05,c5,p05,l1,0.0
i42,e05,c5,p05,l3,0.0
i42,e05,c5,p06,l1,0.0
i42,e05,c5,p06,l3,0.0
i42,e05,c5,p07,l1,0.0
i42,e05,c5,p07,l3,2.0
i42,e05,c5,p08,l1,0.0
i42,e05,c5,p08,l3,0.0
i42,e05,c5,p09,l1,0.0
i42,e05,c5,p09,l3,0.0
i42,e05,c5,p10,l1,0.0
i42,e05,c5,p10,l3,15.0
i42,e05,c5,p11,l1,0.0
i42,e05,c5,p11,l3,10.0
i42,e05,c5,p12,l1,0.0
i42,e05,c5,p12,l3,3.0
i42,e05,c5,p13,l1,0.0
i42,e05,c5,p13,l3,3.0
i42,e05,c5,p14,l1,0.0
i42,e05,c5,p14,l3,20.0
i42,e05,c5,p15,l1,0.0
i42,e05,c5,p15,l3,23.0
i42,e05,c5,p16,l1,0.0
i42,e05,c5,p16,l3,0.0
i42,e05,c5,p17,l1,0.0
i42,e05,c5,p17,l3,11.0
i42,e05,c5,p18,l1,0.0
i42,e05,c5,p18,l3,1.0
i42,e05,c5,p19,l1,0.0
i42,e05,c5,p19,l3,6.0
i42,e05,c5,p20,l1,0.0
i42,e05,c5,p20,l3,0.0
i42,e05,c5,p21,l1,0.0
i42,e05,c5,p21,l3,9.0
i42,e05,c5,p22,l1,0.0
i42,e05,c5,p22,l3,1.0
i42,e05,c5,p23,l1,0.0
i42,e05,c5,p23,l3,0.0
i42,e05,c5,p24,l1,0.0
i42,e05,c5,p24,l3,2.0
i42,e05,c5,p25,l1,0.0
i42,e05,c5,p25,l3,1.0
i42,e05,c5,p26,l1,0.0
i42,e05,c5,p26,l3,0.0
i42,e05,c5,p27,l1,0.0
i42,e05,c5,p27,l3,0.0
i42,e05,c5,p28,l1,0.0
i42,e05,c5,p28,l3,1.0
i42,e05,c5,p29,l1,0.0
i42,e05,c5,p29,l3,8.0
i42,e05,c5,p30,l1,0.0
i42,e05,c5,p30,l3,0.0
i42,e05,c5,p31,l1,0.0
i42,e05,c5,p31,l3,0.0
i42,e05,c5,p32,l1,0.0
i42,e05,c5,p32,l3,2.0
i42,e05,c5,p33,l1,0.0
i42,e05,c5,p33,l3,0.0
i42,e05,c5,p35,l1,0.0
i42,e05,c5,p35,l3,3.0
i42,e05,c8,p10,l3,0.0
i42,e05,c8,p11,l3,0.0
i42,e05,c8,p15,l3,0.0
i42,e05,c8,p21,l3,0.0
i42,e05,c8,p22,l3,0.0
i42,e05,c8,p32,l3,0.0
i42,e05,c8,p35,l3,0.0
i42,e07,c5,p07,l2,0.0
i42,e07,c5,p07,l3,0.0
i42,e07,c5,p18,l2,0.0
i42,e08,c3,p09,l3,0.0
i42,e08,c3,p19,l3,0.0
i42,e08,c5,p01,l2,0.0
i42,e08,c5,p01,l3,0.0
i42,e08,c5,p02,l3,0.0
i42,e08,c5,p03,l2,0.0
i42,e08,c5,p03,l3,0.0
i42,e08,c5,p04,l2,0.0
i42,e08,c5,p04,l3,0.0
i42,e08,c5,p05,l2,0.0
i42,e08,c5,p05,l3,0.0
i42,e08,c5,p06,l3,0.0
i42,e08,c5,p07,l2,0.0
i42,e08,c5,p07,l3,0.0
i42,e08,c5,p08,l3,0.0
i42,e08,c5,p09,l3,0.0
i42,e08,c5,p10,l2,0.0
i42,e08,c5,p10,l3,0.0
i42,e08,c5,p11,l2,0.0
i42,e08,c5,p11,l3,0.0
i42,e08,c5,p12,l3,0.0
i42,e08,c5,p13,l2,0.0
i42,e08,c5,p13,l3,0.0
i42,e08,c5,p14,l2,0.0
i42,e08,c5,p14,l3,0.0
i42,e08,c5,p15,l3,0.0
i42,e08,c5,p16,l2,0.0
i42,e08,c5,p16,l3,0.0
i42,e08,c5,p17,l3,0.0
i42,e08,c5,p18,l3,0.0
i42,e08,c5,p19,l2,0.0
i42,e08,c5,p19,l3,0.0
i42,e08,c5,p20,l3,0.0
i42,e08,c5,p21,l2,0.0
i42,e08,c5,p21,l3,0.0
i42,e08,c5,p22,l3,0.0
i42,e08,c5,p23,l2,0.0
i42,e08,c5,p23,l3,0.0
i42,e08,c5,p24,l3,0.0
i42,e08,c5,p25,l3,0.0
i42,e08,c5,p26,l3,0.0
i42,e08,c5,p28,l2,0.0
i42,e08,c5,p28,l3,0.0
i42,e08,c5,p29,l3,0.0
i42,e08,c5,p31,l3,0.0
i42,e08,c5,p32,l3,0.0
i42,e08,c5,p35,l2,0.0
i42,e08,c5,p35,l3,0.0
i42,e09,c3,p01,l2,0.0
i42,e09,c3,p03,l3,0.0
i42,e09,c3,p04,l2,0.0
i42,e09,c3,p15,l2,0.0
i42,e09,c3,p15,l3,0.0
i42,e09,c3,p21,l3,0.0
i42,e09,c3,p29,l3,0.0
i42,e09,c3,p35,l3,0.0
i42,e09,c5,p01,l3,0.0
i42,e09,c5,p02,l3,0.0
i42,e09,c5,p04,l2,0.0
i42,e09,c5,p04,l3,0.0
i42,e09,c5,p05,l3,0.0
i42,e09,c5,p06,l2,0.0
i42,e09,c5,p06,l3,0.0
i42,e09,c5,p07,l3,0.0
i42,e09,c5,p08,l3,0.0
i42,e09,c5,p09,l2,0.0
i42,e09,c5,p10,l3,0.0
i42,e09,c5,p11,l3,0.0
i42,e09,c5,p12,l3,0.0
i42,e09,c5,p13,l3,0.0
i42,e09,c5,p14,l3,0.0
i42,e09,c5,p15,l2,0.0
i42,e09,c5,p15,l3,0.0
i42,e09,c5,p16,l2,0.0
i42,e09,c5,p16,l3,0.0
i42,e09,c5,p17,l3,0.0
i42,e09,c5,p18,l2,0.0
i42,e09,c5,p18,l3,0.0
i42,e09,c5,p19,l2,0.0
i42,e09,c5,p19,l3,0.0
i42,e09,c5,p20,l2,0.0
i42,e09,c5,p20,l3,0.0
i42,e09,c5,p21,l2,0.0
i42,e09,c5,p21,l3,0.0
i42,e09,c5,p22,l3,0.0
i42,e09,c5,p23,l3,0.0
i42,e09,c5,p24,l3,0.0
i42,e09,c5,p25,l3,0.0
i42,e09,c5,p26,l2,0.0
i42,e09,c5,p28,l2,0.0
i42,e09,c5,p29,l2,0.0
i42,e09,c5,p29,l3,0.0
i42,e09,c5,p31,l3,0.0
i42,e09,c5,p32,l3,0.0
i42,e09,c5,p35,l3,0.0
i42,e12,c3,p01,l3,0.0
i42,e12,c3,p02,l3,0.0
i42,e12,c3,p03,l3,0.0
i42,e12,c3,p04,l3,0.0
i42,e12,c3,p05,l3,0.0
i42,e12,c3,p06,l3,0.0
i42,e12,c3,p07,l3,0.0
i42,e12,c3,p08,l3,0.0
i42,e12,c3,p09,l3,0.0
i42,e12,c3,p10,l3,0.0
i42,e12,c3,p11,l3,0.0
i42,e12,c3,p12,l3,0.0
i42,e12,c3,p13,l3,0.0
i42,e12,c3,p14,l3,0.0
i42,e12,c3,p15,l3,0.0
i42,e12,c3,p16,l3,0.0
i42,e12,c3,p17,l3,0.0
i42,e12,c3,p18,l3,0.0
i42,e12,c3,p19,l3,0.0
i42,e12,c3,p20,l3,0.0
i42,e12,c3,p21,l3,0.0
i42,e12,c3,p22,l3,0.0
i42,e12,c3,p23,l3,0.0
i42,e12,c3,p24,l3,0.0
i42,e12,c3,p25,l3,0.0
i42,e12,c3,p26,l3,0.0
i42,e12,c3,p28,l3,0.0
i42,e12,c3,p29,l3,0.0
i42,e12,c3,p30,l3,0.0
i42,e12,c3,p31,l3,0.0
i42,e12,c3,p32,l3,0.0
i42,e12,c3,p33,l3,0.0
i42,e12,c3,p35,l3,0.0
i42,e12,c5,p01,l3,0.0
i42,e12,c5,p02,l3,0.0
i42,e12,c5,p03,l3,0.0
i42,e12,c5,p04,l3,0.0
i42,e12,c5,p05,l3,0.0
i42,e12,c5,p06,l3,0.0
i42,e12,c5,p07,l3,0.0
i42,e12,c5,p08,l3,0.0
i42,e12,c5,p09,l3,0.0
i42,e12,c5,p10,l3,0.0
i42,e12,c5,p11,l3,0.0
i42,e12,c5,p12,l3,0.0
i42,e12,c5,p13,l3,0.0
i42,e12,c5,p14,l3,0.0
i42,e12,c5,p15,l3,0.0
i42,e12,c5,p16,l3,0.0
i42,e12,c5,p17,l3,0.0
i42,e12,c5,p18,l3,0.0
i42,e12,c5,p19,l3,1.0
i42,e12,c5,p20,l3,0.0
i42,e12,c5,p21,l3,0.0
i42,e12,c5,p22,l3,0.0
i42,e12,c5,p23,l3,0.0
i42,e12,c5,p24,l3,0.0
i42,e12,c5,p25,l3,0.0
i42,e12,c5,p26,l3,0.0
i42,e12,c5,p28,l3,0.0
i42,e12,c5,p29,l3,0.0
i42,e12,c5,p30,l3,0.0
i42,e12,c5,p31,l3,0.0
i42,e12,c5,p32,l3,0.0
i42,e12,c5,p33,l3,0.0
i42,e12,c5,p35,l3,0.0
i42,e12,c8,p35,l3,0.0
i43,e01,c1,p01,l3,0.0
i43,e01,c1,p02,l3,0.0
i43,e01,c1,p03,l3,0.0
i43,e01,c1,p04,l3,0.0
i43,e01,c1,p05,l3,0.0
i43,e01,c1,p06,l3,0.0
i43,e01,c1,p07,l3,2.0
i43,e01,c1,p08,l3,0.0
i43,e01,c1,p09,l3,1.0
i43,e01,c1,p10,l3,0.0
i43,e01,c1,p11,l3,0.0
i43,e01,c1,p12,l3,0.0
i43,e01,c1,p13,l3,1.0
i43,e01,c1,p14,l3,0.0
i43,e01,c1,p15,l3,2.0
i43,e01,c1,p16,l3,0.0
i43,e01,c1,p17,l3,0.0
i43,e01,c1,p18,l3,0.0
i43,e01,c1,p19,l3,2.0
i43,e01,c1,p20,l3,0.0
i43,e01,c1,p21,l3,1.0
i43,e01,c1,p22,l3,0.0
i43,e01,c1,p23,l3,0.0
i43,e01,c1,p24,l3,0.0
i43,e01,c1,p25,l3,0.0
i43,e01,c1,p26,l3,0.0
i43,e01,c1,p27,l3,0.0
i43,e01,c1,p28,l3,0.0
i43,e01,c1,p29,l3,0.0
i43,e01,c1,p30,l3,0.0
i43,e01,c1,p31,l3,0.0
i43,e01,c1,p32,l3,0.0
i43,e01,c1,p33,l3,0.0
i43,e01,c1,p34,l3,0.0
i43,e01,c1,p35,l3,1.0
i43,e01,c4,p01,l3,0.0
i43,e01,c4,p02,l3,0.0
i43,e01,c4,p03,l3,0.0
i43,e01,c4,p04,l3,0.0
i43,e01,c4,p05,l3,0.0
i43,e01,c4,p06,l3,0.0
i43,e01,c4,p07,l3,0.0
i43,e01,c4,p08,l3,0.0
i43,e01,c4,p09,l3,0.0
i43,e01,c4,p10,l3,0.0
i43,e01,c4,p11,l3,0.0
i43,e01,c4,p12,l3,0.0
i43,e01,c4,p13,l3,0.0
i43,e01,c4,p14,l3,0.0
i43,e01,c4,p15,l3,0.0
i43,e01,c4,p16,l3,0.0
i43,e01,c4,p17,l3,0.0
i43,e01,c4,p18,l3,0.0
i43,e01,c4,p19,l3,0.0
i43,e01,c4,p20,l3,0.0
i43,e01,c4,p21,l3,0.0
i43,e01,c4,p22,l3,0.0
i43,e01,c4,p23,l3,0.0
i43,e01,c4,p24,l3,0.0
i43,e01,c4,p25,l3,0.0
i43,e01,c4,p26,l3,0.0
i43,e01,c4,p28,l3,0.0
i43,e01,c4,p29,l3,0.0
i43,e01,c4,p31,l3,0.0
i43,e01,c4,p32,l3,0.0
i43,e01,c4,p35,l3,0.0
i43,e01,c7,p01,l3,0.0
i43,e01,c7,p03,l3,0.0
i43,e01,c7,p07,l3,0.0
i43,e01,c7,p12,l3,0.0
i43,e01,c7,p13,l3,0.0
i43,e01,c7,p17,l3,0.0
i43,e01,c7,p19,l3,0.0
i43,e01,c7,p35,l3,0.0
i43,e03,c1,p01,l3,0.0
i43,e03,c1,p02,l3,0.0
i43,e03,c1,p03,l3,1.0
i43,e03,c1,p04,l3,0.0
i43,e03,c1,p05,l3,0.0
i43,e03,c1,p06,l3,0.0
i43,e03,c1,p07,l3,0.0
i43,e03,c1,p08,l3,0.0
i43,e03,c1,p09,l3,0.0
i43,e03,c1,p10,l3,2.0
i43,e03,c1,p11,l3,0.0
i43,e03,c1,p12,l3,0.0
i43,e03,c1,p13,l3,0.0
i43,e03,c1,p14,l3,0.0
i43,e03,c1,p15,l3,0.0
i43,e03,c1,p16,l3,0.0
i43,e03,c1,p17,l3,0.0
i43,e03,c1,p18,l3,0.0
i43,e03,c1,p19,l3,0.0
i43,e03,c1,p20,l3,0.0
i43,e03,c1,p21,l3,0.0
i43,e03,c1,p22,l3,0.0
i43,e03,c1,p23,l3,0.0
i43,e03,c1,p24,l3,0.0
i43,e03,c1,p25,l3,0.0
i43,e03,c1,p26,l3,0.0
i43,e03,c1,p28,l3,0.0
i43,e03,c1,p29,l3,0.0
i43,e03,c1,p30,l3,0.0
i43,e03,c1,p31,l3,0.0
i43,e03,c1,p32,l3,0.0
i43,e03,c1,p35,l3,0.0
i43,e03,c4,p01,l3,0.0
i43,e03,c4,p02,l3,0.0
i43,e03,c4,p03,l3,0.0
i43,e03,c4,p04,l3,0.0
i43,e03,c4,p05,l3,0.0
i43,e03,c4,p06,l3,0.0
i43,e03,c4,p07,l3,0.0
i43,e03,c4,p08,l3,0.0
i43,e03,c4,p09,l3,0.0
i43,e03,c4,p10,l3,0.0
i43,e03,c4,p11,l3,0.0
i43,e03,c4,p12,l3,0.0
i43,e03,c4,p13,l3,0.0
i43,e03,c4,p14,l3,0.0
i43,e03,c4,p15,l3,0.0
i43,e03,c4,p16,l3,0.0
i43,e03,c4,p17,l3,0.0
i43,e03,c4,p18,l3,0.0
i43,e03,c4,p19,l3,0.0
i43,e03,c4,p21,l3,0.0
i43,e03,c4,p23,l3,0.0
i43,e03,c4,p24,l3,0.0
i43,e03,c4,p25,l3,0.0
i43,e03,c4,p28,l3,0.0
i43,e03,c4,p29,l3,0.0
i43,e03,c4,p32,l3,0.0
i43,e03,c4,p35,l3,0.0
i43,e03,c7,p13,l3,0.0
i43,e03,c7,p17,l3,0.0
i43,e04,c1,p01,l1,0.0
i43,e04,c1,p01,l3,1.0
i43,e04,c1,p02,l1,0.0
i43,e04,c1,p02,l3,0.0
i43,e04,c1,p03,l1,0.0
i43,e04,c1,p03,l3,0.0
i43,e04,c1,p04,l1,0.0
i43,e04,c1,p04,l3,0.0
i43,e04,c1,p05,l1,0.0
i43,e04,c1,p05,l3,0.0
i43,e04,c1,p06,l1,0.0
i43,e04,c1,p06,l3,0.0
i43,e04,c1,p07,l1,0.0
i43,e04,c1,p07,l3,0.0
i43,e04,c1,p08,l1,0.0
i43,e04,c1,p08,l3,0.0
i43,e04,c1,p09,l1,0.0
i43,e04,c1,p09,l3,0.0
i43,e04,c1,p10,l1,0.0
i43,e04,c1,p10,l3,2.0
i43,e04,c1,p11,l1,0.0
i43,e04,c1,p11,l3,0.0
i43,e04,c1,p12,l1,0.0
i43,e04,c1,p12,l3,0.0
i43,e04,c1,p13,l1,0.0
i43,e04,c1,p13,l3,1.0
i43,e04,c1,p14,l1,0.0
i43,e04,c1,p14,l3,0.0
i43,e04,c1,p15,l1,0.0
i43,e04,c1,p15,l3,0.0
i43,e04,c1,p16,l1,0.0
i43,e04,c1,p16,l3,0.0
i43,e04,c1,p17,l1,0.0
i43,e04,c1,p17,l3,0.0
i43,e04,c1,p18,l1,0.0
i43,e04,c1,p18,l3,0.0
i43,e04,c1,p19,l1,0.0
i43,e04,c1,p19,l3,2.0
i43,e04,c1,p20,l1,0.0
i43,e04,c1,p20,l3,0.0
i43,e04,c1,p21,l1,0.0
i43,e04,c1,p21,l3,0.0
i43,e04,c1,p22,l1,0.0
i43,e04,c1,p22,l3,0.0
i43,e04,c1,p23,l1,0.0
i43,e04,c1,p23,l3,2.0
i43,e04,c1,p24,l1,0.0
i43,e04,c1,p24,l3,0.0
i43,e04,c1,p25,l1,0.0
i43,e04,c1,p25,l3,0.0
i43,e04,c1,p26,l1,0.0
i43,e04,c1,p26,l3,0.0
i43,e04,c1,p27,l3,0.0
i43,e04,c1,p28,l1,0.0
i43,e04,c1,p28,l3,0.0
i43,e04,c1,p29,l1,0.0
i43,e04,c1,p29,l3,0.0
i43,e04,c1,p30,l1,0.0
i43,e04,c1,p30,l3,0.0
i43,e04,c1,p31,l1,0.0
i43,e04,c1,p31,l3,0.0
i43,e04,c1,p32,l1,0.0
i43,e04,c1,p32,l3,0.0
i43,e04,c1,p33,l1,0.0
i43,e04,c1,p33,l3,0.0
i43,e04,c1,p34,l3,0.0
i43,e04,c1,p35,l1,0.0
i43,e04,c1,p35,l3,0.0
i43,e04,c4,p01,l1,0.0
i43,e04,c4,p01,l3,0.0
i43,e04,c4,p02,l3,0.0
i43,e04,c4,p03,l1,0.0
i43,e04,c4,p03,l3,0.0
i43,e04,c4,p04,l1,0.0
i43,e04,c4,p04,l3,0.0
i43,e04,c4,p05,l1,0.0
i43,e04,c4,p05,l3,0.0
i43,e04,c4,p06,l1,0.0
i43,e04,c4,p06,l3,0.0
i43,e04,c4,p07,l1,0.0
i43,e04,c4,p07,l3,0.0
i43,e04,c4,p08,l3,0.0
i43,e04,c4,p09,l1,0.0
i43,e04,c4,p09,l3,0.0
i43,e04,c4,p10,l1,0.0
i43,e04,c4,p10,l3,0.0
i43,e04,c4,p11,l1,0.0
i43,e04,c4,p11,l3,0.0
i43,e04,c4,p12,l1,0.0
i43,e04,c4,p12,l3,0.0
i43,e04,c4,p13,l3,0.0
i43,e04,c4,p14,l3,0.0
i43,e04,c4,p15,l3,0.0
i43,e04,c4,p16,l3,0.0
i43,e04,c4,p17,l3,0.0
i43,e04,c4,p18,l3,0.0
i43,e04,c4,p19,l1,0.0
i43,e04,c4,p19,l3,0.0
i43,e04,c4,p20,l3,0.0
i43,e04,c4,p21,l3,0.0
i43,e04,c4,p22,l3,0.0
i43,e04,c4,p23,l3,0.0
i43,e04,c4,p24,l3,0.0
i43,e04,c4,p25,l3,0.0
i43,e04,c4,p26,l1,0.0
i43,e04,c4,p28,l3,0.0
i43,e04,c4,p29,l1,0.0
i43,e04,c4,p29,l3,0.0
i43,e04,c4,p31,l3,0.0
i43,e04,c4,p32,l3,0.0
i43,e04,c4,p35,l1,0.0
i43,e04,c4,p35,l3,0.0
i43,e04,c7,p03,l1,0.0
i43,e04,c7,p06,l3,0.0
i43,e04,c7,p07,l3,0.0
i43,e04,c7,p12,l3,0.0
i43,e04,c7,p13,l3,0.0
i43,e04,c7,p17,l3,0.0
i43,e04,c7,p19,l3,0.0
i43,e04,c7,p35,l3,0.0
i43,e05,c1,p01,l1,0.0
i43,e05,c1,p01,l3,0.0
i43,e05,c1,p02,l1,0.0
i43,e05,c1,p02,l3,0.0
i43,e05,c1,p03,l1,0.0
i43,e05,c1,p03,l3,0.0
i43,e05,c1,p04,l1,0.0
i43,e05,c1,p04,l3,0.0
i43,e05,c1,p05,l1,0.0
i43,e05,c1,p05,l3,0.0
i43,e05,c1,p06,l1,0.0
i43,e05,c1,p06,l3,0.0
i43,e05,c1,p07,l1,0.0
i43,e05,c1,p07,l3,0.0
i43,e05,c1,p08,l1,0.0
i43,e05,c1,p08,l3,0.0
i43,e05,c1,p09,l1,0.0
i43,e05,c1,p09,l3,0.0
i43,e05,c1,p10,l1,0.0
i43,e05,c1,p10,l3,0.0
i43,e05,c1,p11,l1,0.0
i43,e05,c1,p11,l3,0.0
i43,e05,c1,p12,l1,0.0
i43,e05,c1,p12,l3,0.0
i43,e05,c1,p13,l1,0.0
i43,e05,c1,p13,l3,0.0
i43,e05,c1,p14,l1,0.0
i43,e05,c1,p14,l3,0.0
i43,e05,c1,p15,l1,0.0
i43,e05,c1,p15,l3,0.0
i43,e05,c1,p16,l1,0.0
i43,e05,c1,p16,l3,0.0
i43,e05,c1,p17,l1,0.0
i43,e05,c1,p17,l3,0.0
i43,e05,c1,p18,l1,0.0
i43,e05,c1,p18,l3,0.0
i43,e05,c1,p19,l1,0.0
i43,e05,c1,p19,l3,0.0
i43,e05,c1,p20,l1,0.0
i43,e05,c1,p20,l3,0.0
i43,e05,c1,p21,l1,0.0
i43,e05,c1,p21,l3,0.0
i43,e05,c1,p22,l1,0.0
i43,e05,c1,p22,l3,0.0
i43,e05,c1,p23,l1,0.0
i43,e05,c1,p23,l3,0.0
i43,e05,c1,p24,l1,0.0
i43,e05,c1,p24,l3,0.0
i43,e05,c1,p25,l1,0.0
i43,e05,c1,p25,l3,0.0
i43,e05,c1,p26,l1,0.0
i43,e05,c1,p26,l3,0.0
i43,e05,c1,p28,l1,0.0
i43,e05,c1,p28,l3,0.0
i43,e05,c1,p29,l1,0.0
i43,e05,c1,p29,l3,0.0
i43,e05,c1,p30,l1,0.0
i43,e05,c1,p31,l1,0.0
i43,e05,c1,p31,l3,0.0
i43,e05,c1,p32,l1,0.0
i43,e05,c1,p32,l3,0.0
i43,e05,c1,p35,l1,0.0
i43,e05,c1,p35,l3,0.0
i43,e05,c4,p03,l3,0.0
i43,e05,c4,p04,l3,0.0
i43,e05,c4,p05,l3,0.0
i43,e05,c4,p06,l1,0.0
i43,e05,c4,p07,l3,0.0
i43,e05,c4,p11,l3,0.0
i43,e05,c4,p12,l1,0.0
i43,e05,c4,p17,l3,0.0
i43,e05,c4,p23,l3,0.0
i43,e05,c4,p24,l3,0.0
i43,e05,c4,p29,l1,0.0
i43,e05,c4,p35,l1,0.0
i43,e05,c4,p35,l3,0.0
i43,e06,c1,p01,l3,0.0
i43,e06,c1,p10,l3,0.0
i43,e07,c1,p01,l2,0.0
i43,e07,c1,p01,l3,0.0
i43,e07,c1,p02,l2,0.0
i43,e07,c1,p02,l3,0.0
i43,e07,c1,p03,l2,0.0
i43,e07,c1,p03,l3,0.0
i43,e07,c1,p04,l2,0.0
i43,e07,c1,p04,l3,0.0
i43,e07,c1,p05,l2,0.0
i43,e07,c1,p05,l3,0.0
i43,e07,c1,p06,l2,0.0
i43,e07,c1,p06,l3,0.0
i43,e07,c1,p07,l2,0.0
i43,e07,c1,p07,l3,0.0
i43,e07,c1,p08,l2,0.0
i43,e07,c1,p08,l3,0.0
i43,e07,c1,p09,l2,0.0
i43,e07,c1,p09,l3,0.0
i43,e07,c1,p10,l2,0.0
i43,e07,c1,p10,l3,2.0
i43,e07,c1,p11,l2,0.0
i43,e07,c1,p11,l3,0.0
i43,e07,c1,p12,l2,0.0
i43,e07,c1,p12,l3,0.0
i43,e07,c1,p13,l2,0.0
i43,e07,c1,p13,l3,0.0
i43,e07,c1,p14,l2,0.0
i43,e07,c1,p14,l3,0.0
i43,e07,c1,p15,l2,0.0
i43,e07,c1,p15,l3,0.0
i43,e07,c1,p16,l2,0.0
i43,e07,c1,p16,l3,0.0
i43,e07,c1,p17,l2,0.0
i43,e07,c1,p17,l3,1.0
i43,e07,c1,p18,l2,0.0
i43,e07,c1,p18,l3,0.0
i43,e07,c1,p19,l2,0.0
i43,e07,c1,p19,l3,0.0
i43,e07,c1,p20,l2,0.0
i43,e07,c1,p20,l3,0.0
i43,e07,c1,p21,l2,0.0
i43,e07,c1,p21,l3,0.0
i43,e07,c1,p22,l2,0.0
i43,e07,c1,p22,l3,0.0
i43,e07,c1,p23,l2,0.0
i43,e07,c1,p23,l3,0.0
i43,e07,c1,p24,l2,0.0
i43,e07,c1,p24,l3,0.0
i43,e07,c1,p25,l2,0.0
i43,e07,c1,p25,l3,0.0
i43,e07,c1,p26,l2,0.0
i43,e07,c1,p26,l3,0.0
i43,e07,c1,p28,l2,0.0
i43,e07,c1,p28,l3,0.0
i43,e07,c1,p29,l2,0.0
i43,e07,c1,p29,l3,0.0
i43,e07,c1,p30,l2,0.0
i43,e07,c1,p31,l2,0.0
i43,e07,c1,p31,l3,0.0
i43,e07,c1,p32,l2,0.0
i43,e07,c1,p32,l3,0.0
i43,e07,c1,p33,l2,0.0
i43,e07,c1,p33,l3,0.0
i43,e07,c1,p35,l2,0.0
i43,e07,c1,p35,l3,0.0
i43,e07,c4,p01,l2,0.0
i43,e07,c4,p01,l3,0.0
i43,e07,c4,p02,l2,0.0
i43,e07,c4,p02,l3,0.0
i43,e07,c4,p03,l2,0.0
i43,e07,c4,p03,l3,0.0
i43,e07,c4,p04,l2,0.0
i43,e07,c4,p04,l3,0.0
i43,e07,c4,p05,l2,0.0
i43,e07,c4,p05,l3,0.0
i43,e07,c4,p06,l2,0.0
i43,e07,c4,p06,l3,0.0
i43,e07,c4,p07,l2,0.0
i43,e07,c4,p07,l3,0.0
i43,e07,c4,p08,l2,0.0
i43,e07,c4,p08,l3,0.0
i43,e07,c4,p09,l2,0.0
i43,e07,c4,p09,l3,0.0
i43,e07,c4,p10,l2,0.0
i43,e07,c4,p10,l3,0.0
i43,e07,c4,p11,l2,0.0
i43,e07,c4,p11,l3,0.0
i43,e07,c4,p12,l2,0.0
i43,e07,c4,p12,l3,0.0
i43,e07,c4,p13,l2,0.0
i43,e07,c4,p13,l3,0.0
i43,e07,c4,p14,l2,0.0
i43,e07,c4,p14,l3,0.0
i43,e07,c4,p15,l2,0.0
i43,e07,c4,p17,l2,0.0
i43,e07,c4,p17,l3,0.0
i43,e07,c4,p18,l3,0.0
i43,e07,c4,p19,l2,0.0
i43,e07,c4,p19,l3,0.0
i43,e07,c4,p20,l2,0.0
i43,e07,c4,p21,l2,0.0
i43,e07,c4,p21,l3,0.0
i43,e07,c4,p24,l2,0.0
i43,e07,c4,p26,l2,0.0
i43,e07,c4,p28,l2,0.0
i43,e07,c4,p28,l3,0.0
i43,e07,c4,p29,l2,0.0
i43,e07,c4,p29,l3,0.0
i43,e07,c4,p31,l2,0.0
i43,e07,c4,p32,l2,0.0
i43,e07,c4,p35,l2,0.0
i43,e07,c4,p35,l3,0.0
i43,e07,c7,p03,l2,0.0
i43,e07,c7,p17,l2,0.0
i43,e07,c7,p17,l3,0.0
i43,e07,c7,p18,l2,0.0
i43,e08,c1,p01,l2,0.0
i43,e08,c1,p01,l3,0.0
i43,e08,c1,p02,l2,0.0
i43,e08,c1,p02,l3,0.0
i43,e08,c1,p03,l2,0.0
i43,e08,c1,p03,l3,0.0
i43,e08,c1,p04,l2,0.0
i43,e08,c1,p04,l3,0.0
i43,e08,c1,p05,l2,0.0
i43,e08,c1,p05,l3,0.0
i43,e08,c1,p06,l2,0.0
i43,e08,c1,p06,l3,0.0
i43,e08,c1,p07,l2,0.0
i43,e08,c1,p07,l3,0.0
i43,e08,c1,p08,l2,0.0
i43,e08,c1,p08,l3,0.0
i43,e08,c1,p09,l2,0.0
i43,e08,c1,p09,l3,0.0
i43,e08,c1,p10,l2,0.0
i43,e08,c1,p10,l3,0.0
i43,e08,c1,p11,l2,0.0
i43,e08,c1,p11,l3,0.0
i43,e08,c1,p12,l2,0.0
i43,e08,c1,p12,l3,0.0
i43,e08,c1,p13,l2,0.0
i43,e08,c1,p13,l3,0.0
i43,e08,c1,p14,l2,0.0
i43,e08,c1,p14,l3,0.0
i43,e08,c1,p15,l2,0.0
i43,e08,c1,p15,l3,1.0
i43,e08,c1,p16,l2,0.0
i43,e08,c1,p16,l3,0.0
i43,e08,c1,p17,l2,0.0
i43,e08,c1,p17,l3,0.0
i43,e08,c1,p18,l2,0.0
i43,e08,c1,p18,l3,0.0
i43,e08,c1,p19,l2,0.0
i43,e08,c1,p19,l3,0.0
i43,e08,c1,p20,l2,0.0
i43,e08,c1,p20,l3,0.0
i43,e08,c1,p21,l2,0.0
i43,e08,c1,p21,l3,0.0
i43,e08,c1,p22,l2,0.0
i43,e08,c1,p22,l3,0.0
i43,e08,c1,p23,l2,0.0
i43,e08,c1,p23,l3,0.0
i43,e08,c1,p24,l2,0.0
i43,e08,c1,p24,l3,0.0
i43,e08,c1,p25,l2,0.0
i43,e08,c1,p25,l3,0.0
i43,e08,c1,p26,l2,0.0
i43,e08,c1,p26,l3,0.0
i43,e08,c1,p27,l3,0.0
i43,e08,c1,p28,l2,0.0
i43,e08,c1,p28,l3,0.0
i43,e08,c1,p29,l2,0.0
i43,e08,c1,p29,l3,0.0
i43,e08,c1,p30,l3,0.0
i43,e08,c1,p31,l2,0.0
i43,e08,c1,p31,l3,0.0
i43,e08,c1,p32,l2,0.0
i43,e08,c1,p32,l3,0.0
i43,e08,c1,p33,l2,0.0
i43,e08,c1,p33,l3,0.0
i43,e08,c1,p34,l3,0.0
i43,e08,c1,p35,l2,0.0
i43,e08,c1,p35,l3,6.0
i43,e08,c4,p01,l2,0.0
i43,e08,c4,p01,l3,0.0
i43,e08,c4,p02,l2,0.0
i43,e08,c4,p02,l3,0.0
i43,e08,c4,p03,l2,0.0
i43,e08,c4,p03,l3,0.0
i43,e08,c4,p04,l2,0.0
i43,e08,c4,p04,l3,0.0
i43,e08,c4,p05,l2,0.0
i43,e08,c4,p05,l3,0.0
i43,e08,c4,p06,l2,0.0
i43,e08,c4,p06,l3,0.0
i43,e08,c4,p07,l2,0.0
i43,e08,c4,p07,l3,0.0
i43,e08,c4,p08,l3,0.0
i43,e08,c4,p09,l2,0.0
i43,e08,c4,p09,l3,0.0
i43,e08,c4,p10,l2,0.0
i43,e08,c4,p10,l3,0.0
i43,e08,c4,p11,l2,0.0
i43,e08,c4,p11,l3,0.0
i43,e08,c4,p12,l2,0.0
i43,e08,c4,p12,l3,0.0
i43,e08,c4,p13,l2,0.0
i43,e08,c4,p13,l3,0.0
i43,e08,c4,p14,l3,0.0
i43,e08,c4,p15,l2,0.0
i43,e08,c4,p15,l3,0.0
i43,e08,c4,p16,l3,0.0
i43,e08,c4,p17,l3,0.0
i43,e08,c4,p18,l3,0.0
i43,e08,c4,p19,l2,0.0
i43,e08,c4,p19,l3,0.0
i43,e08,c4,p20,l3,0.0
i43,e08,c4,p21,l3,0.0
i43,e08,c4,p22,l3,0.0
i43,e08,c4,p23,l2,0.0
i43,e08,c4,p23,l3,0.0
i43,e08,c4,p24,l3,0.0
i43,e08,c4,p25,l3,0.0
i43,e08,c4,p26,l2,0.0
i43,e08,c4,p28,l2,0.0
i43,e08,c4,p28,l3,0.0
i43,e08,c4,p29,l2,0.0
i43,e08,c4,p29,l3,0.0
i43,e08,c4,p31,l2,0.0
i43,e08,c4,p31,l3,0.0
i43,e08,c4,p32,l2,0.0
i43,e08,c4,p32,l3,0.0
i43,e08,c4,p35,l2,0.0
i43,e08,c4,p35,l3,0.0
i43,e08,c7,p01,l3,0.0
i43,e08,c7,p03,l2,0.0
i43,e08,c7,p13,l3,0.0
i43,e08,c7,p17,l3,0.0
i43,e08,c7,p19,l3,0.0
i43,e08,c7,p35,l3,0.0
i43,e09,c1,p01,l2,0.0
i43,e09,c1,p01,l3,1.0
i43,e09,c1,p02,l2,0.0
i43,e09,c1,p02,l3,0.0
i43,e09,c1,p03,l2,0.0
i43,e09,c1,p03,l3,0.0
i43,e09,c1,p04,l2,0.0
i43,e09,c1,p04,l3,2.0
i43,e09,c1,p05,l2,0.0
i43,e09,c1,p05,l3,0.0
i43,e09,c1,p06,l2,0.0
i43,e09,c1,p06,l3,0.0
i43,e09,c1,p07,l2,0.0
i43,e09,c1,p07,l3,0.0
i43,e09,c1,p08,l2,0.0
i43,e09,c1,p08,l3,0.0
i43,e09,c1,p09,l2,0.0
i43,e09,c1,p09,l3,1.0
i43,e09,c1,p10,l2,0.0
i43,e09,c1,p10,l3,2.0
i43,e09,c1,p11,l2,0.0
i43,e09,c1,p11,l3,0.0
i43,e09,c1,p12,l2,0.0
i43,e09,c1,p12,l3,0.0
i43,e09,c1,p13,l2,0.0
i43,e09,c1,p13,l3,0.0
i43,e09,c1,p14,l2,0.0
i43,e09,c1,p14,l3,0.0
i43,e09,c1,p15,l2,0.0
i43,e09,c1,p15,l3,2.0
i43,e09,c1,p16,l2,0.0
i43,e09,c1,p16,l3,0.0
i43,e09,c1,p17,l2,0.0
i43,e09,c1,p17,l3,0.0
i43,e09,c1,p18,l2,0.0
i43,e09,c1,p18,l3,0.0
i43,e09,c1,p19,l2,0.0
i43,e09,c1,p19,l3,10.0
i43,e09,c1,p20,l2,0.0
i43,e09,c1,p20,l3,0.0
i43,e09,c1,p21,l2,0.0
i43,e09,c1,p21,l3,0.0
i43,e09,c1,p22,l2,0.0
i43,e09,c1,p22,l3,0.0
i43,e09,c1,p23,l2,0.0
i43,e09,c1,p23,l3,0.0
i43,e09,c1,p24,l2,0.0
i43,e09,c1,p24,l3,0.0
i43,e09,c1,p25,l2,0.0
i43,e09,c1,p25,l3,0.0
i43,e09,c1,p26,l2,0.0
i43,e09,c1,p26,l3,0.0
i43,e09,c1,p27,l3,0.0
i43,e09,c1,p28,l2,0.0
i43,e09,c1,p28,l3,0.0
i43,e09,c1,p29,l2,0.0
i43,e09,c1,p29,l3,0.0
i43,e09,c1,p30,l2,0.0
i43,e09,c1,p30,l3,0.0
i43,e09,c1,p31,l2,0.0
i43,e09,c1,p31,l3,0.0
i43,e09,c1,p32,l2,0.0
i43,e09,c1,p32,l3,0.0
i43,e09,c1,p33,l2,0.0
i43,e09,c1,p33,l3,0.0
i43,e09,c1,p34,l3,0.0
i43,e09,c1,p35,l2,0.0
i43,e09,c1,p35,l3,1.0
i43,e09,c4,p01,l2,0.0
i43,e09,c4,p01,l3,0.0
i43,e09,c4,p02,l2,0.0
i43,e09,c4,p02,l3,0.0
i43,e09,c4,p03,l2,0.0
i43,e09,c4,p03,l3,0.0
i43,e09,c4,p04,l2,0.0
i43,e09,c4,p04,l3,0.0
i43,e09,c4,p05,l2,0.0
i43,e09,c4,p05,l3,0.0
i43,e09,c4,p06,l2,0.0
i43,e09,c4,p06,l3,0.0
i43,e09,c4,p07,l2,0.0
i43,e09,c4,p07,l3,0.0
i43,e09,c4,p08,l2,0.0
i43,e09,c4,p08,l3,0.0
i43,e09,c4,p09,l2,0.0
i43,e09,c4,p09,l3,0.0
i43,e09,c4,p10,l2,0.0
i43,e09,c4,p10,l3,0.0
i43,e09,c4,p11,l2,0.0
i43,e09,c4,p11,l3,0.0
i43,e09,c4,p12,l2,0.0
i43,e09,c4,p12,l3,0.0
i43,e09,c4,p13,l2,0.0
i43,e09,c4,p13,l3,0.0
i43,e09,c4,p14,l3,0.0
i43,e09,c4,p15,l2,0.0
i43,e09,c4,p15,l3,0.0
i43,e09,c4,p16,l3,0.0
i43,e09,c4,p17,l2,0.0
i43,e09,c4,p17,l3,0.0
i43,e09,c4,p18,l3,0.0
i43,e09,c4,p19,l2,0.0
i43,e09,c4,p19,l3,0.0
i43,e09,c4,p20,l3,0.0
i43,e09,c4,p21,l2,0.0
i43,e09,c4,p21,l3,0.0
i43,e09,c4,p22,l3,0.0
i43,e09,c4,p23,l2,0.0
i43,e09,c4,p23,l3,0.0
i43,e09,c4,p24,l2,0.0
i43,e09,c4,p24,l3,0.0
i43,e09,c4,p25,l2,0.0
i43,e09,c4,p25,l3,0.0
i43,e09,c4,p26,l2,0.0
i43,e09,c4,p26,l3,0.0
i43,e09,c4,p28,l2,0.0
i43,e09,c4,p28,l3,0.0
i43,e09,c4,p29,l2,0.0
i43,e09,c4,p29,l3,0.0
i43,e09,c4,p31,l2,0.0
i43,e09,c4,p31,l3,0.0
i43,e09,c4,p32,l3,0.0
i43,e09,c4,p35,l2,0.0
i43,e09,c4,p35,l3,0.0
i43,e09,c7,p03,l2,0.0
i43,e09,c7,p03,l3,0.0
i43,e09,c7,p06,l3,0.0
i43,e09,c7,p07,l3,0.0
i43,e09,c7,p11,l3,0.0
i43,e09,c7,p12,l3,0.0
i43,e09,c7,p13,l3,0.0
i43,e09,c7,p17,l3,0.0
i43,e09,c7,p19,l3,0.0
i43,e09,c7,p35,l3,0.0
i43,e10,c1,p01,l3,0.0
i43,e10,c1,p01,l4,0.0
i43,e10,c1,p10,l2,0.0
i43,e10,c1,p10,l3,0.0
i43,e10,c1,p10,l4,0.0
i43,e11,c1,p01,l2,0.0
i43,e11,c1,p01,l3,0.0
i43,e11,c1,p02,l2,0.0
i43,e11,c1,p02,l3,0.0
i43,e11,c1,p03,l2,0.0
i43,e11,c1,p03,l3,0.0
i43,e11,c1,p04,l2,0.0
i43,e11,c1,p04,l3,0.0
i43,e11,c1,p05,l2,0.0
i43,e11,c1,p05,l3,0.0
i43,e11,c1,p06,l2,0.0
i43,e11,c1,p06,l3,0.0
i43,e11,c1,p07,l2,0.0
i43,e11,c1,p07,l3,0.0
i43,e11,c1,p08,l2,0.0
i43,e11,c1,p08,l3,0.0
i43,e11,c1,p09,l2,0.0
i43,e11,c1,p09,l3,0.0
i43,e11,c1,p10,l2,0.0
i43,e11,c1,p10,l3,0.0
i43,e11,c1,p11,l2,0.0
i43,e11,c1,p11,l3,0.0
i43,e11,c1,p12,l2,0.0
i43,e11,c1,p12,l3,0.0
i43,e11,c1,p13,l2,0.0
i43,e11,c1,p13,l3,0.0
i43,e11,c1,p14,l2,0.0
i43,e11,c1,p14,l3,0.0
i43,e11,c1,p15,l2,0.0
i43,e11,c1,p15,l3,0.0
i43,e11,c1,p16,l2,0.0
i43,e11,c1,p16,l3,0.0
i43,e11,c1,p17,l2,0.0
i43,e11,c1,p17,l3,0.0
i43,e11,c1,p18,l2,0.0
i43,e11,c1,p18,l3,0.0
i43,e11,c1,p19,l2,0.0
i43,e11,c1,p19,l3,0.0
i43,e11,c1,p20,l2,0.0
i43,e11,c1,p20,l3,0.0
i43,e11,c1,p21,l2,0.0
i43,e11,c1,p21,l3,0.0
i43,e11,c1,p22,l2,0.0
i43,e11,c1,p22,l3,0.0
i43,e11,c1,p23,l2,0.0
i43,e11,c1,p23,l3,0.0
i43,e11,c1,p24,l2,0.0
i43,e11,c1,p24,l3,0.0
i43,e11,c1,p25,l2,0.0
i43,e11,c1,p25,l3,0.0
i43,e11,c1,p26,l2,0.0
i43,e11,c1,p26,l3,0.0
i43,e11,c1,p28,l2,0.0
i43,e11,c1,p28,l3,0.0
i43,e11,c1,p29,l2,0.0
i43,e11,c1,p29,l3,0.0
i43,e11,c1,p30,l2,0.0
i43,e11,c1,p31,l2,0.0
i43,e11,c1,p31,l3,0.0
i43,e11,c1,p32,l2,0.0
i43,e11,c1,p32,l3,0.0
i43,e11,c1,p33,l2,0.0
i43,e11,c1,p33,l3,0.0
i43,e11,c1,p35,l2,0.0
i43,e11,c1,p35,l3,0.0
i43,e11,c4,p01,l2,0.0
i43,e11,c4,p01,l3,0.0
i43,e11,c4,p02,l3,0.0
i43,e11,c4,p03,l2,0.0
i43,e11,c4,p03,l3,0.0
i43,e11,c4,p04,l2,0.0
i43,e11,c4,p05,l3,0.0
i43,e11,c4,p06,l3,0.0
i43,e11,c4,p07,l2,0.0
i43,e11,c4,p07,l3,0.0
i43,e11,c4,p08,l3,0.0
i43,e11,c4,p09,l2,0.0
i43,e11,c4,p09,l3,0.0
i43,e11,c4,p10,l2,0.0
i43,e11,c4,p10,l3,0.0
i43,e11,c4,p11,l2,0.0
i43,e11,c4,p11,l3,0.0
i43,e11,c4,p17,l3,0.0
i43,e11,c4,p18,l3,0.0
i43,e11,c4,p19,l2,0.0
i43,e11,c4,p21,l3,0.0
i43,e11,c4,p22,l3,0.0
i43,e11,c4,p24,l2,0.0
i43,e11,c4,p25,l2,0.0
i43,e11,c4,p25,l3,0.0
i43,e11,c4,p28,l3,0.0
i43,e11,c4,p31,l2,0.0
i43,e11,c4,p31,l3,0.0
i43,e11,c4,p35,l2,0.0
i43,e11,c4,p35,l3,0.0
i43,e11,c7,p17,l3,0.0
i43,e12,c1,p01,l3,0.0
i43,e12,c1,p02,l3,0.0
i43,e12,c1,p03,l3,0.0
i43,e12,c1,p04,l3,0.0
i43,e12,c1,p05,l3,0.0
i43,e12,c1,p06,l3,0.0
i43,e12,c1,p07,l3,0.0
i43,e12,c1,p08,l3,0.0
i43,e12,c1,p09,l3,0.0
i43,e12,c1,p10,l3,1.0
i43,e12,c1,p11,l3,0.0
i43,e12,c1,p12,l3,0.0
i43,e12,c1,p13,l3,0.0
i43,e12,c1,p14,l3,0.0
i43,e12,c1,p15,l3,0.0
i43,e12,c1,p16,l3,0.0
i43,e12,c1,p17,l3,0.0
i43,e12,c1,p18,l3,0.0
i43,e12,c1,p19,l3,0.0
i43,e12,c1,p20,l3,0.0
i43,e12,c1,p21,l3,0.0
i43,e12,c1,p22,l3,0.0
i43,e12,c1,p23,l3,0.0
i43,e12,c1,p24,l3,0.0
i43,e12,c1,p25,l3,0.0
i43,e12,c1,p26,l3,0.0
i43,e12,c1,p28,l3,0.0
i43,e12,c1,p29,l3,0.0
i43,e12,c1,p31,l3,0.0
i43,e12,c1,p32,l3,0.0
i43,e12,c1,p33,l3,0.0
i43,e12,c1,p35,l3,0.0
i43,e12,c4,p01,l3,0.0
i43,e12,c4,p02,l3,0.0
i43,e12,c4,p03,l3,0.0
i43,e12,c4,p04,l3,0.0
i43,e12,c4,p05,l3,0.0
i43,e12,c4,p06,l3,0.0
i43,e12,c4,p07,l3,0.0
i43,e12,c4,p08,l3,0.0
i43,e12,c4,p09,l3,0.0
i43,e12,c4,p10,l3,0.0
i43,e12,c4,p11,l3,0.0
i43,e12,c4,p12,l3,0.0
i43,e12,c4,p13,l3,0.0
i43,e12,c4,p14,l3,0.0
i43,e12,c4,p15,l3,0.0
i43,e12,c4,p17,l3,0.0
i43,e12,c4,p18,l3,0.0
i43,e12,c4,p19,l3,0.0
i43,e12,c4,p21,l3,0.0
i43,e12,c4,p24,l3,0.0
i43,e12,c4,p26,l3,0.0
i43,e12,c4,p29,l3,0.0
i43,e12,c4,p31,l3,0.0
i43,e12,c4,p32,l3,0.0
i43,e12,c4,p35,l3,0.0
i43,e12,c7,p17,l3,0.0
i43,e12,c7,p18,l3,0.0
i43,e12,c7,p21,l3,0.0
i43,e12,c7,p35,l3,0.0
i44,e01,c3,p01,l3,0.0
i44,e01,c3,p02,l3,0.0
i44,e01,c3,p03,l3,0.0
i44,e01,c3,p04,l3,0.0
i44,e01,c3,p05,l3,0.0
i44,e01,c3,p06,l3,0.0
i44,e01,c3,p07,l3,0.0
i44,e01,c3,p08,l3,0.0
i44,e01,c3,p09,l3,0.0
i44,e01,c3,p10,l3,0.0
i44,e01,c3,p11,l3,0.0
i44,e01,c3,p12,l3,0.0
i44,e01,c3,p13,l3,0.0
i44,e01,c3,p14,l3,0.0
i44,e01,c3,p15,l3,0.0
i44,e01,c3,p16,l3,0.0
i44,e01,c3,p17,l3,0.0
i44,e01,c3,p18,l3,0.0
i44,e01,c3,p19,l3,0.0
i44,e01,c3,p20,l3,0.0
i44,e01,c3,p21,l3,0.0
i44,e01,c3,p22,l3,0.0
i44,e01,c3,p23,l3,0.0
i44,e01,c3,p24,l3,0.0
i44,e01,c3,p25,l3,0.0
i44,e01,c3,p28,l3,0.0
i44,e01,c3,p29,l3,0.0
i44,e01,c3,p32,l3,0.0
i44,e01,c3,p35,l3,0.0
i44,e01,c5,p01,l3,0.0
i44,e01,c5,p10,l3,0.0
i44,e02,c3,p03,l1,0.0
i44,e02,c3,p04,l1,0.0
i44,e02,c3,p05,l1,0.0
i44,e02,c3,p06,l1,0.0
i44,e02,c3,p10,l1,0.0
i44,e02,c3,p10,l3,0.0
i44,e02,c3,p14,l1,0.0
i44,e02,c3,p15,l1,0.0
i44,e02,c3,p16,l1,0.0
i44,e02,c3,p21,l1,0.0
i44,e02,c3,p24,l1,0.0
i44,e02,c3,p28,l1,0.0
i44,e02,c3,p35,l1,0.0
i44,e02,c3,p35,l3,0.0
i44,e04,c3,p01,l1,0.0
i44,e04,c3,p01,l3,0.0
i44,e04,c3,p02,l1,0.0
i44,e04,c3,p02,l3,0.0
i44,e04,c3,p03,l1,0.0
i44,e04,c3,p03,l3,0.0
i44,e04,c3,p04,l1,0.0
i44,e04,c3,p04,l3,0.0
i44,e04,c3,p05,l1,0.0
i44,e04,c3,p05,l3,0.0
i44,e04,c3,p06,l1,0.0
i44,e04,c3,p06,l3,0.0
i44,e04,c3,p07,l1,0.0
i44,e04,c3,p07,l3,0.0
i44,e04,c3,p08,l1,0.0
i44,e04,c3,p08,l3,0.0
i44,e04,c3,p09,l1,0.0
i44,e04,c3,p09,l3,0.0
i44,e04,c3,p10,l1,0.0
i44,e04,c3,p10,l3,0.0
i44,e04,c3,p11,l1,0.0
i44,e04,c3,p11,l3,0.0
i44,e04,c3,p12,l1,0.0
i44,e04,c3,p12,l3,0.0
i44,e04,c3,p13,l1,0.0
i44,e04,c3,p13,l3,0.0
i44,e04,c3,p14,l1,0.0
i44,e04,c3,p14,l3,0.0
i44,e04,c3,p15,l1,0.0
i44,e04,c3,p15,l3,0.0
i44,e04,c3,p16,l1,0.0
i44,e04,c3,p16,l3,0.0
i44,e04,c3,p17,l1,0.0
i44,e04,c3,p17,l3,0.0
i44,e04,c3,p18,l1,0.0
i44,e04,c3,p18,l3,0.0
i44,e04,c3,p19,l1,0.0
i44,e04,c3,p19,l3,0.0
i44,e04,c3,p20,l1,0.0
i44,e04,c3,p21,l1,0.0
i44,e04,c3,p21,l3,0.0
i44,e04,c3,p22,l1,0.0
i44,e04,c3,p23,l1,0.0
i44,e04,c3,p23,l3,0.0
i44,e04,c3,p24,l1,0.0
i44,e04,c3,p24,l3,0.0
i44,e04,c3,p25,l1,0.0
i44,e04,c3,p28,l1,0.0
i44,e04,c3,p28,l3,0.0
i44,e04,c3,p29,l1,0.0
i44,e04,c3,p29,l3,0.0
i44,e04,c3,p32,l1,0.0
i44,e04,c3,p32,l3,0.0
i44,e04,c3,p35,l1,0.0
i44,e04,c3,p35,l3,0.0
i44,e04,c5,p01,l1,0.0
i44,e04,c5,p01,l3,0.0
i44,e04,c5,p06,l1,0.0
i44,e04,c5,p10,l3,0.0
i44,e04,c5,p13,l3,0.0
i44,e04,c5,p16,l1,0.0
i44,e05,c3,p10,l3,0.0
i44,e05,c3,p15,l3,0.0
i44,e05,c3,p24,l1,0.0
i44,e05,c3,p24,l3,0.0
i44,e05,c3,p35,l1,0.0
i44,e05,c3,p35,l3,0.0
i44,e05,c5,p10,l3,0.0
i44,e05,c5,p35,l3,0.0
i44,e05,c8,p24,l3,0.0
i44,e05,c8,p35,l3,0.0
i44,e08,c3,p01,l2,0.0
i44,e08,c3,p01,l3,0.0
i44,e08,c3,p02,l2,0.0
i44,e08,c3,p02,l3,0.0
i44,e08,c3,p03,l2,0.0
i44,e08,c3,p03,l3,0.0
i44,e08,c3,p04,l2,0.0
i44,e08,c3,p04,l3,0.0
i44,e08,c3,p05,l2,0.0
i44,e08,c3,p06,l2,0.0
i44,e08,c3,p06,l3,0.0
i44,e08,c3,p07,l2,0.0
i44,e08,c3,p07,l3,0.0
i44,e08,c3,p08,l2,0.0
i44,e08,c3,p08,l3,0.0
i44,e08,c3,p09,l2,0.0
i44,e08,c3,p09,l3,0.0
i44,e08,c3,p10,l2,0.0
i44,e08,c3,p10,l3,64.0
i44,e08,c3,p11,l2,0.0
i44,e08,c3,p11,l3,0.0
i44,e08,c3,p12,l2,0.0
i44,e08,c3,p12,l3,0.0
i44,e08,c3,p13,l2,0.0
i44,e08,c3,p13,l3,0.0
i44,e08,c3,p14,l2,0.0
i44,e08,c3,p14,l3,0.0
i44,e08,c3,p15,l2,0.0
i44,e08,c3,p15,l3,0.0
i44,e08,c3,p16,l2,0.0
i44,e08,c3,p16,l3,0.0
i44,e08,c3,p17,l2,0.0
i44,e08,c3,p17,l3,0.0
i44,e08,c3,p18,l2,0.0
i44,e08,c3,p18,l3,0.0
i44,e08,c3,p19,l2,0.0
i44,e08,c3,p19,l3,0.0
i44,e08,c3,p20,l2,0.0
i44,e08,c3,p21,l2,0.0
i44,e08,c3,p21,l3,0.0
i44,e08,c3,p22,l2,0.0
i44,e08,c3,p23,l2,0.0
i44,e08,c3,p23,l3,0.0
i44,e08,c3,p24,l2,0.0
i44,e08,c3,p24,l3,0.0
i44,e08,c3,p25,l2,0.0
i44,e08,c3,p28,l2,0.0
i44,e08,c3,p28,l3,0.0
i44,e08,c3,p29,l2,0.0
i44,e08,c3,p29,l3,0.0
i44,e08,c3,p32,l2,0.0
i44,e08,c3,p35,l2,0.0
i44,e08,c3,p35,l3,0.0
i44,e08,c5,p01,l2,0.0
i44,e08,c5,p10,l3,0.0
i44,e08,c5,p13,l3,0.0
i44,e08,c5,p35,l2,0.0
i44,e08,c5,p35,l3,0.0
i44,e08,c8,p10,l3,0.0
i44,e08,c8,p35,l3,0.0
i44,e09,c3,p01,l2,0.0
i44,e09,c3,p02,l2,0.0
i44,e09,c3,p02,l3,0.0
i44,e09,c3,p03,l2,0.0
i44,e09,c3,p03,l3,0.0
i44,e09,c3,p04,l2,0.0
i44,e09,c3,p04,l3,0.0
i44,e09,c3,p05,l2,0.0
i44,e09,c3,p06,l2,0.0
i44,e09,c3,p06,l3,0.0
i44,e09,c3,p07,l2,0.0
i44,e09,c3,p07,l3,0.0
i44,e09,c3,p08,l2,0.0
i44,e09,c3,p08,l3,0.0
i44,e09,c3,p09,l2,0.0
i44,e09,c3,p09,l3,0.0
i44,e09,c3,p10,l2,0.0
i44,e09,c3,p10,l3,0.0
i44,e09,c3,p11,l2,0.0
i44,e09,c3,p11,l3,0.0
i44,e09,c3,p12,l2,0.0
i44,e09,c3,p12,l3,0.0
i44,e09,c3,p13,l2,0.0
i44,e09,c3,p13,l3,0.0
i44,e09,c3,p14,l2,0.0
i44,e09,c3,p14,l3,0.0
i44,e09,c3,p15,l2,0.0
i44,e09,c3,p15,l3,0.0
i44,e09,c3,p16,l2,0.0
i44,e09,c3,p16,l3,0.0
i44,e09,c3,p17,l2,0.0
i44,e09,c3,p17,l3,0.0
i44,e09,c3,p18,l2,0.0
i44,e09,c3,p18,l3,0.0
i44,e09,c3,p19,l2,0.0
i44,e09,c3,p19,l3,0.0
i44,e09,c3,p20,l2,0.0
i44,e09,c3,p21,l2,0.0
i44,e09,c3,p21,l3,0.0
i44,e09,c3,p22,l2,0.0
i44,e09,c3,p23,l2,0.0
i44,e09,c3,p23,l3,0.0
i44,e09,c3,p24,l2,0.0
i44,e09,c3,p24,l3,0.0
i44,e09,c3,p25,l2,0.0
i44,e09,c3,p28,l2,0.0
i44,e09,c3,p28,l3,0.0
i44,e09,c3,p29,l2,0.0
i44,e09,c3,p29,l3,0.0
i44,e09,c3,p32,l2,0.0
i44,e09,c3,p32,l3,0.0
i44,e09,c3,p35,l2,0.0
i44,e09,c3,p35,l3,0.0
i44,e09,c5,p01,l2,0.0
i44,e09,c5,p01,l3,0.0
i44,e09,c5,p10,l3,0.0
i44,e09,c8,p10,l3,0.0
i44,e11,c3,p01,l2,0.0
i44,e11,c3,p02,l2,0.0
i44,e11,c3,p02,l3,0.0
i44,e11,c3,p03,l2,0.0
i44,e11,c3,p03,l3,0.0
i44,e11,c3,p04,l2,0.0
i44,e11,c3,p04,l3,0.0
i44,e11,c3,p05,l2,0.0
i44,e11,c3,p06,l2,0.0
i44,e11,c3,p06,l3,0.0
i44,e11,c3,p07,l2,0.0
i44,e11,c3,p07,l3,0.0
i44,e11,c3,p08,l2,0.0
i44,e11,c3,p08,l3,0.0
i44,e11,c3,p09,l2,0.0
i44,e11,c3,p09,l3,0.0
i44,e11,c3,p10,l2,0.0
i44,e11,c3,p10,l3,0.0
i44,e11,c3,p11,l2,0.0
i44,e11,c3,p11,l3,0.0
i44,e11,c3,p12,l2,0.0
i44,e11,c3,p12,l3,0.0
i44,e11,c3,p13,l2,0.0
i44,e11,c3,p13,l3,0.0
i44,e11,c3,p14,l2,0.0
i44,e11,c3,p15,l2,0.0
i44,e11,c3,p15,l3,0.0
i44,e11,c3,p17,l2,0.0
i44,e11,c3,p18,l2,0.0
i44,e11,c3,p18,l3,0.0
i44,e11,c3,p19,l2,0.0
i44,e11,c3,p19,l3,0.0
i44,e11,c3,p20,l2,0.0
i44,e11,c3,p21,l2,0.0
i44,e11,c3,p21,l3,0.0
i44,e11,c3,p22,l2,0.0
i44,e11,c3,p23,l2,0.0
i44,e11,c3,p23,l3,0.0
i44,e11,c3,p24,l2,0.0
i44,e11,c3,p25,l2,0.0
i44,e11,c3,p28,l2,0.0
i44,e11,c3,p29,l2,0.0
i44,e11,c3,p32,l2,0.0
i44,e11,c3,p32,l3,0.0
i44,e11,c3,p35,l2,0.0
i44,e11,c3,p35,l3,0.0
i45,e01,c1,p01,l3,0.0
i45,e01,c1,p03,l3,3.0
i45,e01,c1,p04,l3,0.0
i45,e01,c1,p05,l3,0.0
i45,e01,c1,p06,l3,0.0
i45,e01,c1,p07,l3,0.0
i45,e01,c1,p08,l3,0.0
i45,e01,c1,p09,l3,0.0
i45,e01,c1,p10,l3,0.0
i45,e01,c1,p11,l3,0.0
i45,e01,c1,p12,l3,0.0
i45,e01,c1,p13,l3,0.0
i45,e01,c1,p14,l3,0.0
i45,e01,c1,p15,l3,0.0
i45,e01,c1,p16,l3,0.0
i45,e01,c1,p17,l3,0.0
i45,e01,c1,p18,l3,0.0
i45,e01,c1,p19,l3,0.0
i45,e01,c1,p20,l3,0.0
i45,e01,c1,p21,l3,0.0
i45,e01,c1,p22,l3,0.0
i45,e01,c1,p23,l3,0.0
i45,e01,c1,p24,l3,0.0
i45,e01,c1,p25,l3,0.0
i45,e01,c1,p26,l3,0.0
i45,e01,c1,p28,l3,0.0
i45,e01,c1,p29,l3,0.0
i45,e01,c1,p30,l3,0.0
i45,e01,c1,p32,l3,0.0
i45,e01,c1,p35,l3,0.0
i45,e04,c1,p01,l1,0.0
i45,e04,c1,p01,l3,0.0
i45,e04,c1,p02,l1,0.0
i45,e04,c1,p02,l3,0.0
i45,e04,c1,p03,l1,0.0
i45,e04,c1,p03,l3,1.0
i45,e04,c1,p04,l1,0.0
i45,e04,c1,p04,l3,0.0
i45,e04,c1,p05,l1,0.0
i45,e04,c1,p05,l3,0.0
i45,e04,c1,p06,l3,0.0
i45,e04,c1,p07,l1,0.0
i45,e04,c1,p07,l3,0.0
i45,e04,c1,p08,l3,0.0
i45,e04,c1,p09,l1,0.0
i45,e04,c1,p09,l3,0.0
i45,e04,c1,p10,l1,0.0
i45,e04,c1,p10,l3,0.0
i45,e04,c1,p11,l1,0.0
i45,e04,c1,p11,l3,0.0
i45,e04,c1,p12,l1,0.0
i45,e04,c1,p12,l3,0.0
i45,e04,c1,p13,l1,0.0
i45,e04,c1,p13,l3,0.0
i45,e04,c1,p14,l1,0.0
i45,e04,c1,p14,l3,0.0
i45,e04,c1,p15,l1,0.0
i45,e04,c1,p15,l3,0.0
i45,e04,c1,p16,l1,0.0
i45,e04,c1,p16,l3,0.0
i45,e04,c1,p17,l1,0.0
i45,e04,c1,p17,l3,0.0
i45,e04,c1,p18,l1,0.0
i45,e04,c1,p18,l3,0.0
i45,e04,c1,p19,l1,0.0
i45,e04,c1,p19,l3,0.0
i45,e04,c1,p20,l3,0.0
i45,e04,c1,p21,l1,0.0
i45,e04,c1,p21,l3,0.0
i45,e04,c1,p22,l1,0.0
i45,e04,c1,p22,l3,0.0
i45,e04,c1,p23,l1,0.0
i45,e04,c1,p23,l3,0.0
i45,e04,c1,p24,l3,0.0
i45,e04,c1,p25,l1,0.0
i45,e04,c1,p25,l3,0.0
i45,e04,c1,p26,l1,0.0
i45,e04,c1,p28,l3,0.0
i45,e04,c1,p29,l1,0.0
i45,e04,c1,p29,l3,0.0
i45,e04,c1,p32,l1,0.0
i45,e04,c1,p32,l3,0.0
i45,e04,c1,p35,l1,0.0
i45,e04,c1,p35,l3,0.0
i45,e05,c1,p35,l1,0.0
i45,e05,c1,p35,l3,0.0
i45,e09,c1,p01,l2,0.0
i45,e09,c1,p01,l3,0.0
i45,e09,c1,p02,l2,0.0
i45,e09,c1,p02,l3,0.0
i45,e09,c1,p03,l2,0.0
i45,e09,c1,p03,l3,0.0
i45,e09,c1,p04,l2,0.0
i45,e09,c1,p04,l3,0.0
i45,e09,c1,p05,l2,0.0
i45,e09,c1,p05,l3,0.0
i45,e09,c1,p06,l3,0.0
i45,e09,c1,p07,l2,0.0
i45,e09,c1,p07,l3,0.0
i45,e09,c1,p08,l2,0.0
i45,e09,c1,p08,l3,0.0
i45,e09,c1,p09,l2,0.0
i45,e09,c1,p09,l3,0.0
i45,e09,c1,p10,l2,0.0
i45,e09,c1,p10,l3,0.0
i45,e09,c1,p11,l2,0.0
i45,e09,c1,p11,l3,0.0
i45,e09,c1,p12,l2,0.0
i45,e09,c1,p12,l3,0.0
i45,e09,c1,p13,l2,0.0
i45,e09,c1,p13,l3,0.0
i45,e09,c1,p14,l2,0.0
i45,e09,c1,p14,l3,0.0
i45,e09,c1,p15,l2,0.0
i45,e09,c1,p15,l3,0.0
i45,e09,c1,p16,l2,0.0
i45,e09,c1,p16,l3,0.0
i45,e09,c1,p17,l2,0.0
i45,e09,c1,p17,l3,0.0
i45,e09,c1,p18,l2,0.0
i45,e09,c1,p18,l3,0.0
i45,e09,c1,p19,l2,0.0
i45,e09,c1,p19,l3,0.0
i45,e09,c1,p20,l2,0.0
i45,e09,c1,p20,l3,0.0
i45,e09,c1,p21,l2,0.0
i45,e09,c1,p21,l3,0.0
i45,e09,c1,p22,l2,0.0
i45,e09,c1,p22,l3,0.0
i45,e09,c1,p23,l2,0.0
i45,e09,c1,p23,l3,0.0
i45,e09,c1,p24,l2,0.0
i45,e09,c1,p24,l3,0.0
i45,e09,c1,p25,l3,0.0
i45,e09,c1,p26,l2,0.0
i45,e09,c1,p28,l2,0.0
i45,e09,c1,p28,l3,0.0
i45,e09,c1,p29,l2,0.0
i45,e09,c1,p29,l3,0.0
i45,e09,c1,p30,l3,0.0
i45,e09,c1,p32,l2,0.0
i45,e09,c1,p32,l3,0.0
i45,e09,c1,p35,l2,0.0
i45,e09,c1,p35,l3,0.0
i46,e01,c1,p01,l3,0.0
i46,e01,c1,p02,l3,0.0
i46,e01,c1,p03,l3,2.0
i46,e01,c1,p04,l3,2.0
i46,e01,c1,p05,l3,2.0
i46,e01,c1,p06,l3,11.0
i46,e01,c1,p07,l3,1.0
i46,e01,c1,p08,l3,0.0
i46,e01,c1,p09,l3,0.0
i46,e01,c1,p10,l3,7.0
i46,e01,c1,p11,l3,5.0
i46,e01,c1,p12,l3,1.0
i46,e01,c1,p13,l3,18.0
i46,e01,c1,p14,l3,0.0
i46,e01,c1,p15,l3,0.0
i46,e01,c1,p16,l3,1.0
i46,e01,c1,p17,l3,0.0
i46,e01,c1,p18,l3,1.0
i46,e01,c1,p19,l3,13.0
i46,e01,c1,p20,l3,0.0
i46,e01,c1,p21,l3,5.0
i46,e01,c1,p22,l3,0.0
i46,e01,c1,p23,l3,1.0
i46,e01,c1,p24,l3,0.0
i46,e01,c1,p25,l3,0.0
i46,e01,c1,p26,l3,0.0
i46,e01,c1,p27,l3,0.0
i46,e01,c1,p28,l3,0.0
i46,e01,c1,p29,l3,1.0
i46,e01,c1,p30,l3,0.0
i46,e01,c1,p31,l3,0.0
i46,e01,c1,p32,l3,4.0
i46,e01,c1,p33,l3,0.0
i46,e01,c1,p34,l3,0.0
i46,e01,c1,p35,l3,186.0
i46,e01,c4,p01,l3,0.0
i46,e01,c4,p02,l3,0.0
i46,e01,c4,p03,l3,0.0
i46,e01,c4,p04,l3,0.0
i46,e01,c4,p05,l3,0.0
i46,e01,c4,p06,l3,0.0
i46,e01,c4,p07,l3,0.0
i46,e01,c4,p08,l3,0.0
i46,e01,c4,p09,l3,0.0
i46,e01,c4,p10,l3,0.0
i46,e01,c4,p11,l3,0.0
i46,e01,c4,p12,l3,0.0
i46,e01,c4,p13,l3,0.0
i46,e01,c4,p14,l3,0.0
i46,e01,c4,p15,l3,0.0
i46,e01,c4,p16,l3,0.0
i46,e01,c4,p17,l3,0.0
i46,e01,c4,p18,l3,0.0
i46,e01,c4,p19,l3,1.0
i46,e01,c4,p20,l3,0.0
i46,e01,c4,p21,l3,0.0
i46,e01,c4,p22,l3,0.0
i46,e01,c4,p23,l3,0.0
i46,e01,c4,p24,l3,0.0
i46,e01,c4,p25,l3,0.0
i46,e01,c4,p26,l3,0.0
i46,e01,c4,p27,l3,0.0
i46,e01,c4,p28,l3,0.0
i46,e01,c4,p29,l3,0.0
i46,e01,c4,p30,l3,0.0
i46,e01,c4,p31,l3,0.0
i46,e01,c4,p32,l3,0.0
i46,e01,c4,p33,l3,0.0
i46,e01,c4,p34,l3,0.0
i46,e01,c4,p35,l3,38.0
i46,e01,c7,p01,l3,0.0
i46,e01,c7,p02,l3,0.0
i46,e01,c7,p03,l3,0.0
i46,e01,c7,p04,l3,0.0
i46,e01,c7,p05,l3,0.0
i46,e01,c7,p10,l3,0.0
i46,e01,c7,p11,l3,0.0
i46,e01,c7,p12,l3,0.0
i46,e01,c7,p13,l3,0.0
i46,e01,c7,p14,l3,0.0
i46,e01,c7,p15,l3,0.0
i46,e01,c7,p16,l3,0.0
i46,e01,c7,p18,l3,0.0
i46,e01,c7,p19,l3,0.0
i46,e01,c7,p22,l3,0.0
i46,e01,c7,p24,l3,0.0
i46,e01,c7,p35,l3,0.0
i46,e04,c1,p01,l1,0.0
i46,e04,c1,p01,l3,0.0
i46,e04,c1,p02,l1,0.0
i46,e04,c1,p02,l3,0.0
i46,e04,c1,p03,l1,0.0
i46,e04,c1,p03,l3,1.0
i46,e04,c1,p04,l1,0.0
i46,e04,c1,p04,l3,0.0
i46,e04,c1,p05,l1,0.0
i46,e04,c1,p05,l3,1.0
i46,e04,c1,p06,l1,0.0
i46,e04,c1,p06,l3,17.0
i46,e04,c1,p07,l1,0.0
i46,e04,c1,p07,l3,6.0
i46,e04,c1,p08,l1,0.0
i46,e04,c1,p08,l3,0.0
i46,e04,c1,p09,l1,0.0
i46,e04,c1,p09,l3,0.0
i46,e04,c1,p10,l1,0.0
i46,e04,c1,p10,l3,6.0
i46,e04,c1,p11,l1,0.0
i46,e04,c1,p11,l3,1.0
i46,e04,c1,p12,l1,0.0
i46,e04,c1,p12,l3,3.0
i46,e04,c1,p13,l1,0.0
i46,e04,c1,p13,l3,12.0
i46,e04,c1,p14,l1,0.0
i46,e04,c1,p14,l3,0.0
i46,e04,c1,p15,l1,0.0
i46,e04,c1,p15,l3,0.0
i46,e04,c1,p16,l1,0.0
i46,e04,c1,p16,l3,1.0
i46,e04,c1,p17,l1,0.0
i46,e04,c1,p17,l3,4.0
i46,e04,c1,p18,l1,0.0
i46,e04,c1,p18,l3,0.0
i46,e04,c1,p19,l1,0.0
i46,e04,c1,p19,l3,19.0
i46,e04,c1,p20,l1,0.0
i46,e04,c1,p20,l3,0.0
i46,e04,c1,p21,l1,0.0
i46,e04,c1,p21,l3,0.0
i46,e04,c1,p22,l1,0.0
i46,e04,c1,p22,l3,0.0
i46,e04,c1,p23,l1,0.0
i46,e04,c1,p23,l3,0.0
i46,e04,c1,p24,l1,0.0
i46,e04,c1,p24,l3,0.0
i46,e04,c1,p25,l1,0.0
i46,e04,c1,p25,l3,0.0
i46,e04,c1,p26,l1,0.0
i46,e04,c1,p26,l3,0.0
i46,e04,c1,p27,l3,0.0
i46,e04,c1,p28,l1,0.0
i46,e04,c1,p28,l3,0.0
i46,e04,c1,p29,l1,0.0
i46,e04,c1,p29,l3,0.0
i46,e04,c1,p30,l1,0.0
i46,e04,c1,p30,l3,0.0
i46,e04,c1,p31,l1,0.0
i46,e04,c1,p31,l3,0.0
i46,e04,c1,p32,l1,0.0
i46,e04,c1,p32,l3,10.0
i46,e04,c1,p33,l1,0.0
i46,e04,c1,p33,l3,0.0
i46,e04,c1,p34,l1,0.0
i46,e04,c1,p34,l3,0.0
i46,e04,c1,p35,l1,0.0
i46,e04,c1,p35,l3,189.0
i46,e04,c4,p01,l1,0.0
i46,e04,c4,p01,l3,0.0
i46,e04,c4,p02,l1,0.0
i46,e04,c4,p02,l3,0.0
i46,e04,c4,p03,l1,0.0
i46,e04,c4,p03,l3,0.0
i46,e04,c4,p04,l1,0.0
i46,e04,c4,p04,l3,0.0
i46,e04,c4,p05,l1,0.0
i46,e04,c4,p05,l3,0.0
i46,e04,c4,p06,l1,0.0
i46,e04,c4,p06,l3,0.0
i46,e04,c4,p07,l1,0.0
i46,e04,c4,p07,l3,0.0
i46,e04,c4,p08,l1,0.0
i46,e04,c4,p08,l3,0.0
i46,e04,c4,p09,l1,0.0
i46,e04,c4,p09,l3,0.0
i46,e04,c4,p10,l1,0.0
i46,e04,c4,p10,l3,0.0
i46,e04,c4,p11,l1,0.0
i46,e04,c4,p11,l3,0.0
i46,e04,c4,p12,l1,0.0
i46,e04,c4,p12,l3,0.0
i46,e04,c4,p13,l1,0.0
i46,e04,c4,p13,l3,0.0
i46,e04,c4,p14,l1,0.0
i46,e04,c4,p14,l3,0.0
i46,e04,c4,p15,l1,0.0
i46,e04,c4,p15,l3,0.0
i46,e04,c4,p16,l1,0.0
i46,e04,c4,p16,l3,0.0
i46,e04,c4,p17,l1,0.0
i46,e04,c4,p17,l3,0.0
i46,e04,c4,p18,l1,0.0
i46,e04,c4,p18,l3,0.0
i46,e04,c4,p19,l1,0.0
i46,e04,c4,p19,l3,1.0
i46,e04,c4,p20,l1,0.0
i46,e04,c4,p20,l3,0.0
i46,e04,c4,p21,l1,0.0
i46,e04,c4,p21,l3,0.0
i46,e04,c4,p22,l1,0.0
i46,e04,c4,p22,l3,0.0
i46,e04,c4,p23,l1,0.0
i46,e04,c4,p23,l3,0.0
i46,e04,c4,p24,l1,0.0
i46,e04,c4,p24,l3,0.0
i46,e04,c4,p25,l1,0.0
i46,e04,c4,p25,l3,0.0
i46,e04,c4,p26,l1,0.0
i46,e04,c4,p26,l3,0.0
i46,e04,c4,p27,l3,0.0
i46,e04,c4,p28,l1,0.0
i46,e04,c4,p28,l3,0.0
i46,e04,c4,p29,l1,0.0
i46,e04,c4,p29,l3,0.0
i46,e04,c4,p30,l1,0.0
i46,e04,c4,p30,l3,0.0
i46,e04,c4,p31,l1,0.0
i46,e04,c4,p31,l3,0.0
i46,e04,c4,p32,l1,0.0
i46,e04,c4,p32,l3,0.0
i46,e04,c4,p33,l1,0.0
i46,e04,c4,p33,l3,0.0
i46,e04,c4,p34,l3,0.0
i46,e04,c4,p35,l1,0.0
i46,e04,c4,p35,l3,36.0
i46,e04,c7,p01,l3,0.0
i46,e04,c7,p02,l3,0.0
i46,e04,c7,p03,l3,0.0
i46,e04,c7,p04,l1,0.0
i46,e04,c7,p04,l3,0.0
i46,e04,c7,p05,l3,0.0
i46,e04,c7,p10,l3,0.0
i46,e04,c7,p11,l1,0.0
i46,e04,c7,p11,l3,0.0
i46,e04,c7,p12,l1,0.0
i46,e04,c7,p13,l3,0.0
i46,e04,c7,p14,l3,0.0
i46,e04,c7,p15,l3,0.0
i46,e04,c7,p16,l3,0.0
i46,e04,c7,p18,l3,0.0
i46,e04,c7,p19,l3,0.0
i46,e04,c7,p21,l3,0.0
i46,e04,c7,p24,l3,0.0
i46,e04,c7,p35,l1,0.0
i46,e04,c7,p35,l3,0.0
i46,e05,c1,p01,l1,0.0
i46,e05,c1,p01,l3,0.0
i46,e05,c1,p02,l1,0.0
i46,e05,c1,p02,l3,0.0
i46,e05,c1,p03,l1,0.0
i46,e05,c1,p03,l3,0.0
i46,e05,c1,p04,l1,0.0
i46,e05,c1,p04,l3,0.0
i46,e05,c1,p05,l1,0.0
i46,e05,c1,p05,l3,0.0
i46,e05,c1,p06,l1,0.0
i46,e05,c1,p06,l3,0.0
i46,e05,c1,p07,l1,0.0
i46,e05,c1,p07,l3,0.0
i46,e05,c1,p08,l1,0.0
i46,e05,c1,p08,l3,0.0
i46,e05,c1,p09,l1,0.0
i46,e05,c1,p09,l3,0.0
i46,e05,c1,p10,l1,0.0
i46,e05,c1,p10,l3,0.0
i46,e05,c1,p11,l1,0.0
i46,e05,c1,p11,l3,0.0
i46,e05,c1,p12,l1,0.0
i46,e05,c1,p12,l3,0.0
i46,e05,c1,p13,l1,0.0
i46,e05,c1,p13,l3,0.0
i46,e05,c1,p14,l1,0.0
i46,e05,c1,p14,l3,0.0
i46,e05,c1,p15,l1,0.0
i46,e05,c1,p15,l3,0.0
i46,e05,c1,p16,l1,0.0
i46,e05,c1,p16,l3,0.0
i46,e05,c1,p17,l1,0.0
i46,e05,c1,p17,l3,0.0
i46,e05,c1,p18,l1,0.0
i46,e05,c1,p18,l3,0.0
i46,e05,c1,p19,l1,0.0
i46,e05,c1,p19,l3,0.0
i46,e05,c1,p20,l1,0.0
i46,e05,c1,p20,l3,0.0
i46,e05,c1,p21,l1,0.0
i46,e05,c1,p21,l3,0.0
i46,e05,c1,p22,l1,0.0
i46,e05,c1,p22,l3,0.0
i46,e05,c1,p23,l1,0.0
i46,e05,c1,p23,l3,0.0
i46,e05,c1,p24,l1,0.0
i46,e05,c1,p24,l3,0.0
i46,e05,c1,p25,l1,0.0
i46,e05,c1,p25,l3,0.0
i46,e05,c1,p26,l1,0.0
i46,e05,c1,p26,l3,0.0
i46,e05,c1,p27,l3,0.0
i46,e05,c1,p28,l1,0.0
i46,e05,c1,p28,l3,0.0
i46,e05,c1,p29,l1,0.0
i46,e05,c1,p29,l3,0.0
i46,e05,c1,p30,l1,0.0
i46,e05,c1,p30,l3,0.0
i46,e05,c1,p31,l1,0.0
i46,e05,c1,p31,l3,0.0
i46,e05,c1,p32,l1,0.0
i46,e05,c1,p32,l3,0.0
i46,e05,c1,p33,l1,0.0
i46,e05,c1,p33,l3,0.0
i46,e05,c1,p34,l1,0.0
i46,e05,c1,p34,l3,0.0
i46,e05,c1,p35,l1,0.0
i46,e05,c1,p35,l3,4.0
i46,e05,c4,p01,l1,0.0
i46,e05,c4,p01,l3,0.0
i46,e05,c4,p02,l1,0.0
i46,e05,c4,p02,l3,0.0
i46,e05,c4,p03,l1,0.0
i46,e05,c4,p03,l3,0.0
i46,e05,c4,p04,l1,0.0
i46,e05,c4,p04,l3,0.0
i46,e05,c4,p05,l1,0.0
i46,e05,c4,p05,l3,0.0
i46,e05,c4,p06,l1,0.0
i46,e05,c4,p06,l3,0.0
i46,e05,c4,p07,l1,0.0
i46,e05,c4,p07,l3,0.0
i46,e05,c4,p08,l1,0.0
i46,e05,c4,p08,l3,0.0
i46,e05,c4,p09,l1,0.0
i46,e05,c4,p09,l3,0.0
i46,e05,c4,p10,l1,0.0
i46,e05,c4,p10,l3,0.0
i46,e05,c4,p11,l1,0.0
i46,e05,c4,p11,l3,0.0
i46,e05,c4,p12,l1,0.0
i46,e05,c4,p12,l3,0.0
i46,e05,c4,p13,l1,0.0
i46,e05,c4,p13,l3,0.0
i46,e05,c4,p14,l1,0.0
i46,e05,c4,p14,l3,0.0
i46,e05,c4,p15,l1,0.0
i46,e05,c4,p15,l3,0.0
i46,e05,c4,p16,l1,0.0
i46,e05,c4,p16,l3,0.0
i46,e05,c4,p17,l1,0.0
i46,e05,c4,p17,l3,0.0
i46,e05,c4,p18,l1,0.0
i46,e05,c4,p18,l3,0.0
i46,e05,c4,p19,l1,0.0
i46,e05,c4,p19,l3,0.0
i46,e05,c4,p20,l1,0.0
i46,e05,c4,p20,l3,0.0
i46,e05,c4,p21,l1,0.0
i46,e05,c4,p21,l3,0.0
i46,e05,c4,p22,l1,0.0
i46,e05,c4,p22,l3,0.0
i46,e05,c4,p23,l1,0.0
i46,e05,c4,p23,l3,0.0
i46,e05,c4,p24,l1,0.0
i46,e05,c4,p24,l3,0.0
i46,e05,c4,p25,l1,0.0
i46,e05,c4,p25,l3,0.0
i46,e05,c4,p26,l1,0.0
i46,e05,c4,p26,l3,0.0
i46,e05,c4,p27,l1,0.0
i46,e05,c4,p28,l1,0.0
i46,e05,c4,p28,l3,0.0
i46,e05,c4,p29,l1,0.0
i46,e05,c4,p29,l3,0.0
i46,e05,c4,p30,l1,0.0
i46,e05,c4,p30,l3,0.0
i46,e05,c4,p31,l3,0.0
i46,e05,c4,p32,l1,0.0
i46,e05,c4,p32,l3,0.0
i46,e05,c4,p33,l1,0.0
i46,e05,c4,p33,l3,0.0
i46,e05,c4,p35,l1,0.0
i46,e05,c4,p35,l3,0.0
i46,e05,c7,p03,l3,0.0
i46,e05,c7,p04,l3,0.0
i46,e05,c7,p11,l1,0.0
i46,e05,c7,p11,l3,0.0
i46,e05,c7,p13,l3,0.0
i46,e05,c7,p18,l1,0.0
i46,e05,c7,p18,l3,0.0
i46,e05,c7,p35,l1,0.0
i46,e05,c7,p35,l3,0.0
i46,e06,c1,p01,l3,0.0
i46,e06,c1,p02,l3,0.0
i46,e06,c1,p03,l3,0.0
i46,e06,c1,p04,l3,0.0
i46,e06,c1,p05,l3,0.0
i46,e06,c1,p06,l3,0.0
i46,e06,c1,p07,l3,0.0
i46,e06,c1,p08,l3,0.0
i46,e06,c1,p09,l3,0.0
i46,e06,c1,p10,l3,0.0
i46,e06,c1,p11,l3,0.0
i46,e06,c1,p12,l3,0.0
i46,e06,c1,p13,l3,1.0
i46,e06,c1,p14,l3,0.0
i46,e06,c1,p15,l3,0.0
i46,e06,c1,p16,l3,0.0
i46,e06,c1,p17,l3,0.0
i46,e06,c1,p18,l3,0.0
i46,e06,c1,p19,l3,3.0
i46,e06,c1,p20,l3,0.0
i46,e06,c1,p21,l3,0.0
i46,e06,c1,p22,l3,0.0
i46,e06,c1,p23,l3,0.0
i46,e06,c1,p24,l3,0.0
i46,e06,c1,p25,l3,0.0
i46,e06,c1,p26,l3,0.0
i46,e06,c1,p27,l3,0.0
i46,e06,c1,p28,l3,0.0
i46,e06,c1,p29,l3,0.0
i46,e06,c1,p30,l3,0.0
i46,e06,c1,p31,l3,0.0
i46,e06,c1,p32,l3,0.0
i46,e06,c1,p33,l3,0.0
i46,e06,c1,p34,l3,0.0
i46,e06,c1,p35,l3,13.0
i46,e06,c4,p01,l3,0.0
i46,e06,c4,p02,l3,0.0
i46,e06,c4,p03,l3,0.0
i46,e06,c4,p04,l3,0.0
i46,e06,c4,p05,l3,0.0
i46,e06,c4,p06,l3,0.0
i46,e06,c4,p07,l3,0.0
i46,e06,c4,p08,l3,0.0
i46,e06,c4,p09,l3,0.0
i46,e06,c4,p10,l3,0.0
i46,e06,c4,p11,l3,0.0
i46,e06,c4,p12,l3,0.0
i46,e06,c4,p13,l3,0.0
i46,e06,c4,p14,l3,0.0
i46,e06,c4,p15,l3,0.0
i46,e06,c4,p16,l3,0.0
i46,e06,c4,p17,l3,0.0
i46,e06,c4,p18,l3,0.0
i46,e06,c4,p19,l3,0.0
i46,e06,c4,p20,l3,0.0
i46,e06,c4,p21,l3,0.0
i46,e06,c4,p22,l3,0.0
i46,e06,c4,p23,l3,0.0
i46,e06,c4,p24,l3,0.0
i46,e06,c4,p25,l3,0.0
i46,e06,c4,p26,l3,0.0
i46,e06,c4,p28,l3,0.0
i46,e06,c4,p29,l3,0.0
i46,e06,c4,p30,l3,0.0
i46,e06,c4,p31,l3,0.0
i46,e06,c4,p32,l3,0.0
i46,e06,c4,p33,l3,0.0
i46,e06,c4,p34,l3,0.0
i46,e06,c4,p35,l3,1.0
i46,e06,c7,p03,l3,0.0
i46,e06,c7,p11,l3,0.0
i46,e06,c7,p13,l3,0.0
i46,e06,c7,p35,l3,0.0
i46,e07,c1,p01,l2,0.0
i46,e07,c1,p01,l3,0.0
i46,e07,c1,p02,l2,0.0
i46,e07,c1,p02,l3,0.0
i46,e07,c1,p03,l2,0.0
i46,e07,c1,p03,l3,0.0
i46,e07,c1,p04,l2,0.0
i46,e07,c1,p04,l3,0.0
i46,e07,c1,p05,l2,0.0
i46,e07,c1,p05,l3,0.0
i46,e07,c1,p06,l2,0.0
i46,e07,c1,p06,l3,0.0
i46,e07,c1,p07,l2,0.0
i46,e07,c1,p07,l3,0.0
i46,e07,c1,p08,l2,0.0
i46,e07,c1,p08,l3,0.0
i46,e07,c1,p09,l2,0.0
i46,e07,c1,p09,l3,0.0
i46,e07,c1,p10,l2,0.0
i46,e07,c1,p10,l3,0.0
i46,e07,c1,p11,l2,0.0
i46,e07,c1,p11,l3,0.0
i46,e07,c1,p12,l2,0.0
i46,e07,c1,p12,l3,0.0
i46,e07,c1,p13,l2,0.0
i46,e07,c1,p13,l3,0.0
i46,e07,c1,p14,l2,0.0
i46,e07,c1,p14,l3,0.0
i46,e07,c1,p15,l2,0.0
i46,e07,c1,p15,l3,0.0
i46,e07,c1,p16,l2,0.0
i46,e07,c1,p16,l3,0.0
i46,e07,c1,p17,l2,0.0
i46,e07,c1,p17,l3,0.0
i46,e07,c1,p18,l2,0.0
i46,e07,c1,p18,l3,0.0
i46,e07,c1,p19,l2,0.0
i46,e07,c1,p19,l3,0.0
i46,e07,c1,p20,l2,0.0
i46,e07,c1,p20,l3,0.0
i46,e07,c1,p21,l2,0.0
i46,e07,c1,p21,l3,0.0
i46,e07,c1,p22,l2,0.0
i46,e07,c1,p22,l3,0.0
i46,e07,c1,p23,l2,0.0
i46,e07,c1,p23,l3,0.0
i46,e07,c1,p24,l2,0.0
i46,e07,c1,p24,l3,0.0
i46,e07,c1,p25,l2,0.0
i46,e07,c1,p25,l3,0.0
i46,e07,c1,p26,l2,0.0
i46,e07,c1,p26,l3,0.0
i46,e07,c1,p27,l2,0.0
i46,e07,c1,p27,l3,0.0
i46,e07,c1,p28,l2,0.0
i46,e07,c1,p28,l3,0.0
i46,e07,c1,p29,l2,0.0
i46,e07,c1,p29,l3,0.0
i46,e07,c1,p30,l2,0.0
i46,e07,c1,p30,l3,0.0
i46,e07,c1,p31,l3,0.0
i46,e07,c1,p32,l2,0.0
i46,e07,c1,p32,l3,0.0
i46,e07,c1,p33,l3,0.0
i46,e07,c1,p35,l2,0.0
i46,e07,c1,p35,l3,0.0
i46,e07,c4,p01,l3,0.0
i46,e07,c4,p02,l2,0.0
i46,e07,c4,p02,l3,0.0
i46,e07,c4,p03,l2,0.0
i46,e07,c4,p03,l3,0.0
i46,e07,c4,p04,l2,0.0
i46,e07,c4,p04,l3,0.0
i46,e07,c4,p05,l2,0.0
i46,e07,c4,p05,l3,0.0
i46,e07,c4,p06,l3,0.0
i46,e07,c4,p07,l2,0.0
i46,e07,c4,p07,l3,0.0
i46,e07,c4,p08,l2,0.0
i46,e07,c4,p08,l3,0.0
i46,e07,c4,p09,l3,0.0
i46,e07,c4,p10,l2,0.0
i46,e07,c4,p10,l3,0.0
i46,e07,c4,p11,l3,0.0
i46,e07,c4,p12,l2,0.0
i46,e07,c4,p12,l3,0.0
i46,e07,c4,p13,l2,0.0
i46,e07,c4,p13,l3,0.0
i46,e07,c4,p14,l2,0.0
i46,e07,c4,p14,l3,0.0
i46,e07,c4,p15,l3,0.0
i46,e07,c4,p16,l2,0.0
i46,e07,c4,p16,l3,0.0
i46,e07,c4,p17,l3,0.0
i46,e07,c4,p18,l3,0.0
i46,e07,c4,p19,l2,0.0
i46,e07,c4,p19,l3,0.0
i46,e07,c4,p21,l2,0.0
i46,e07,c4,p21,l3,0.0
i46,e07,c4,p23,l3,0.0
i46,e07,c4,p24,l2,0.0
i46,e07,c4,p24,l3,0.0
i46,e07,c4,p28,l3,0.0
i46,e07,c4,p29,l3,0.0
i46,e07,c4,p30,l2,0.0
i46,e07,c4,p30,l3,0.0
i46,e07,c4,p31,l3,0.0
i46,e07,c4,p32,l3,0.0
i46,e07,c4,p35,l2,0.0
i46,e07,c4,p35,l3,0.0
i46,e08,c1,p01,l2,0.0
i46,e08,c1,p01,l3,23.0
i46,e08,c1,p02,l2,0.0
i46,e08,c1,p02,l3,36.0
i46,e08,c1,p03,l2,0.0
i46,e08,c1,p03,l3,18.0
i46,e08,c1,p04,l2,0.0
i46,e08,c1,p04,l3,9.0
i46,e08,c1,p05,l2,0.0
i46,e08,c1,p05,l3,9.0
i46,e08,c1,p06,l2,0.0
i46,e08,c1,p06,l3,1.0
i46,e08,c1,p07,l2,0.0
i46,e08,c1,p07,l3,8.0
i46,e08,c1,p08,l2,0.0
i46,e08,c1,p08,l3,31.0
i46,e08,c1,p09,l2,0.0
i46,e08,c1,p09,l3,0.0
i46,e08,c1,p10,l2,0.0
i46,e08,c1,p10,l3,37.0
i46,e08,c1,p11,l2,0.0
i46,e08,c1,p11,l3,14.0
i46,e08,c1,p12,l2,0.0
i46,e08,c1,p12,l3,1.0
i46,e08,c1,p13,l2,0.0
i46,e08,c1,p13,l3,2.0
i46,e08,c1,p14,l2,0.0
i46,e08,c1,p14,l3,0.0
i46,e08,c1,p15,l2,0.0
i46,e08,c1,p15,l3,6.0
i46,e08,c1,p16,l2,0.0
i46,e08,c1,p16,l3,10.0
i46,e08,c1,p17,l2,0.0
i46,e08,c1,p17,l3,2.0
i46,e08,c1,p18,l2,0.0
i46,e08,c1,p18,l3,0.0
i46,e08,c1,p19,l2,0.0
i46,e08,c1,p19,l3,69.0
i46,e08,c1,p20,l2,0.0
i46,e08,c1,p20,l3,1.0
i46,e08,c1,p21,l2,0.0
i46,e08,c1,p21,l3,0.0
i46,e08,c1,p22,l2,0.0
i46,e08,c1,p22,l3,2.0
i46,e08,c1,p23,l2,0.0
i46,e08,c1,p23,l3,1.0
i46,e08,c1,p24,l2,0.0
i46,e08,c1,p24,l3,36.0
i46,e08,c1,p25,l2,0.0
i46,e08,c1,p25,l3,0.0
i46,e08,c1,p26,l2,0.0
i46,e08,c1,p26,l3,0.0
i46,e08,c1,p27,l2,0.0
i46,e08,c1,p27,l3,0.0
i46,e08,c1,p28,l2,0.0
i46,e08,c1,p28,l3,0.0
i46,e08,c1,p29,l2,0.0
i46,e08,c1,p29,l3,23.0
i46,e08,c1,p30,l2,0.0
i46,e08,c1,p30,l3,0.0
i46,e08,c1,p31,l2,0.0
i46,e08,c1,p31,l3,0.0
i46,e08,c1,p32,l2,0.0
i46,e08,c1,p32,l3,0.0
i46,e08,c1,p33,l2,0.0
i46,e08,c1,p33,l3,0.0
i46,e08,c1,p34,l2,0.0
i46,e08,c1,p34,l3,0.0
i46,e08,c1,p35,l2,0.0
i46,e08,c1,p35,l3,1999.0
i46,e08,c4,p01,l2,0.0
i46,e08,c4,p01,l3,0.0
i46,e08,c4,p02,l2,0.0
i46,e08,c4,p02,l3,0.0
i46,e08,c4,p03,l2,0.0
i46,e08,c4,p03,l3,18.0
i46,e08,c4,p04,l2,0.0
i46,e08,c4,p04,l3,0.0
i46,e08,c4,p05,l2,0.0
i46,e08,c4,p05,l3,3.0
i46,e08,c4,p06,l2,0.0
i46,e08,c4,p06,l3,0.0
i46,e08,c4,p07,l2,0.0
i46,e08,c4,p07,l3,0.0
i46,e08,c4,p08,l2,0.0
i46,e08,c4,p08,l3,0.0
i46,e08,c4,p09,l2,0.0
i46,e08,c4,p09,l3,0.0
i46,e08,c4,p10,l2,0.0
i46,e08,c4,p10,l3,0.0
i46,e08,c4,p11,l2,0.0
i46,e08,c4,p11,l3,0.0
i46,e08,c4,p12,l2,0.0
i46,e08,c4,p12,l3,0.0
i46,e08,c4,p13,l2,0.0
i46,e08,c4,p13,l3,0.0
i46,e08,c4,p14,l2,0.0
i46,e08,c4,p14,l3,0.0
i46,e08,c4,p15,l2,0.0
i46,e08,c4,p15,l3,0.0
i46,e08,c4,p16,l2,0.0
i46,e08,c4,p16,l3,0.0
i46,e08,c4,p17,l2,0.0
i46,e08,c4,p17,l3,0.0
i46,e08,c4,p18,l2,0.0
i46,e08,c4,p18,l3,0.0
i46,e08,c4,p19,l2,0.0
i46,e08,c4,p19,l3,1.0
i46,e08,c4,p20,l2,0.0
i46,e08,c4,p20,l3,0.0
i46,e08,c4,p21,l2,0.0
i46,e08,c4,p21,l3,6.0
i46,e08,c4,p22,l2,0.0
i46,e08,c4,p22,l3,0.0
i46,e08,c4,p23,l2,0.0
i46,e08,c4,p23,l3,0.0
i46,e08,c4,p24,l2,0.0
i46,e08,c4,p24,l3,0.0
i46,e08,c4,p25,l2,0.0
i46,e08,c4,p25,l3,0.0
i46,e08,c4,p26,l2,0.0
i46,e08,c4,p26,l3,0.0
i46,e08,c4,p27,l3,0.0
i46,e08,c4,p28,l2,0.0
i46,e08,c4,p28,l3,0.0
i46,e08,c4,p29,l2,0.0
i46,e08,c4,p29,l3,0.0
i46,e08,c4,p30,l2,0.0
i46,e08,c4,p30,l3,0.0
i46,e08,c4,p31,l2,0.0
i46,e08,c4,p31,l3,0.0
i46,e08,c4,p32,l2,0.0
i46,e08,c4,p32,l3,0.0
i46,e08,c4,p33,l2,0.0
i46,e08,c4,p33,l3,0.0
i46,e08,c4,p34,l2,0.0
i46,e08,c4,p34,l3,0.0
i46,e08,c4,p35,l2,0.0
i46,e08,c4,p35,l3,353.0
i46,e08,c7,p01,l2,0.0
i46,e08,c7,p01,l3,0.0
i46,e08,c7,p02,l2,0.0
i46,e08,c7,p02,l3,0.0
i46,e08,c7,p03,l2,0.0
i46,e08,c7,p03,l3,0.0
i46,e08,c7,p04,l2,0.0
i46,e08,c7,p04,l3,0.0
i46,e08,c7,p05,l3,0.0
i46,e08,c7,p07,l2,0.0
i46,e08,c7,p07,l3,0.0
i46,e08,c7,p10,l3,0.0
i46,e08,c7,p11,l2,0.0
i46,e08,c7,p11,l3,0.0
i46,e08,c7,p12,l2,0.0
i46,e08,c7,p12,l3,0.0
i46,e08,c7,p13,l3,0.0
i46,e08,c7,p14,l3,0.0
i46,e08,c7,p15,l2,0.0
i46,e08,c7,p15,l3,0.0
i46,e08,c7,p16,l3,0.0
i46,e08,c7,p17,l3,0.0
i46,e08,c7,p18,l2,0.0
i46,e08,c7,p18,l3,0.0
i46,e08,c7,p19,l2,0.0
i46,e08,c7,p19,l3,0.0
i46,e08,c7,p21,l3,0.0
i46,e08,c7,p24,l3,0.0
i46,e08,c7,p28,l2,0.0
i46,e08,c7,p28,l3,0.0
i46,e08,c7,p29,l3,0.0
i46,e08,c7,p32,l3,0.0
i46,e08,c7,p33,l3,0.0
i46,e08,c7,p35,l2,0.0
i46,e08,c7,p35,l3,0.0
i46,e09,c1,p01,l2,0.0
i46,e09,c1,p01,l3,0.0
i46,e09,c1,p02,l2,0.0
i46,e09,c1,p02,l3,0.0
i46,e09,c1,p03,l2,0.0
i46,e09,c1,p03,l3,1.0
i46,e09,c1,p04,l2,0.0
i46,e09,c1,p04,l3,0.0
i46,e09,c1,p05,l2,0.0
i46,e09,c1,p05,l3,2.0
i46,e09,c1,p06,l2,0.0
i46,e09,c1,p06,l3,2.0
i46,e09,c1,p07,l2,0.0
i46,e09,c1,p07,l3,0.0
i46,e09,c1,p08,l2,0.0
i46,e09,c1,p08,l3,0.0
i46,e09,c1,p09,l2,0.0
i46,e09,c1,p09,l3,1.0
i46,e09,c1,p10,l2,0.0
i46,e09,c1,p10,l3,3.0
i46,e09,c1,p11,l2,0.0
i46,e09,c1,p11,l3,3.0
i46,e09,c1,p12,l2,0.0
i46,e09,c1,p12,l3,0.0
i46,e09,c1,p13,l2,0.0
i46,e09,c1,p13,l3,29.0
i46,e09,c1,p14,l2,0.0
i46,e09,c1,p14,l3,0.0
i46,e09,c1,p15,l2,0.0
i46,e09,c1,p15,l3,0.0
i46,e09,c1,p16,l2,0.0
i46,e09,c1,p16,l3,2.0
i46,e09,c1,p17,l2,0.0
i46,e09,c1,p17,l3,3.0
i46,e09,c1,p18,l2,0.0
i46,e09,c1,p18,l3,0.0
i46,e09,c1,p19,l2,0.0
i46,e09,c1,p19,l3,10.0
i46,e09,c1,p20,l2,0.0
i46,e09,c1,p20,l3,0.0
i46,e09,c1,p21,l2,0.0
i46,e09,c1,p21,l3,0.0
i46,e09,c1,p22,l2,0.0
i46,e09,c1,p22,l3,0.0
i46,e09,c1,p23,l2,0.0
i46,e09,c1,p23,l3,0.0
i46,e09,c1,p24,l2,0.0
i46,e09,c1,p24,l3,0.0
i46,e09,c1,p25,l2,0.0
i46,e09,c1,p25,l3,0.0
i46,e09,c1,p26,l2,0.0
i46,e09,c1,p26,l3,0.0
i46,e09,c1,p27,l2,0.0
i46,e09,c1,p27,l3,0.0
i46,e09,c1,p28,l2,0.0
i46,e09,c1,p28,l3,0.0
i46,e09,c1,p29,l2,0.0
i46,e09,c1,p29,l3,0.0
i46,e09,c1,p30,l2,0.0
i46,e09,c1,p30,l3,0.0
i46,e09,c1,p31,l2,0.0
i46,e09,c1,p31,l3,0.0
i46,e09,c1,p32,l2,0.0
i46,e09,c1,p32,l3,11.0
i46,e09,c1,p33,l2,0.0
i46,e09,c1,p33,l3,0.0
i46,e09,c1,p34,l2,0.0
i46,e09,c1,p34,l3,0.0
i46,e09,c1,p35,l2,0.0
i46,e09,c1,p35,l3,152.0
i46,e09,c4,p01,l2,0.0
i46,e09,c4,p01,l3,0.0
i46,e09,c4,p02,l2,0.0
i46,e09,c4,p02,l3,0.0
i46,e09,c4,p03,l2,0.0
i46,e09,c4,p03,l3,0.0
i46,e09,c4,p04,l2,0.0
i46,e09,c4,p04,l3,0.0
i46,e09,c4,p05,l2,0.0
i46,e09,c4,p05,l3,1.0
i46,e09,c4,p06,l2,0.0
i46,e09,c4,p06,l3,0.0
i46,e09,c4,p07,l2,0.0
i46,e09,c4,p07,l3,0.0
i46,e09,c4,p08,l2,0.0
i46,e09,c4,p08,l3,0.0
i46,e09,c4,p09,l2,0.0
i46,e09,c4,p09,l3,0.0
i46,e09,c4,p10,l2,0.0
i46,e09,c4,p10,l3,0.0
i46,e09,c4,p11,l2,0.0
i46,e09,c4,p11,l3,0.0
i46,e09,c4,p12,l2,0.0
i46,e09,c4,p12,l3,0.0
i46,e09,c4,p13,l2,0.0
i46,e09,c4,p13,l3,0.0
i46,e09,c4,p14,l2,0.0
i46,e09,c4,p14,l3,0.0
i46,e09,c4,p15,l2,0.0
i46,e09,c4,p15,l3,0.0
i46,e09,c4,p16,l2,0.0
i46,e09,c4,p16,l3,0.0
i46,e09,c4,p17,l2,0.0
i46,e09,c4,p17,l3,0.0
i46,e09,c4,p18,l2,0.0
i46,e09,c4,p18,l3,2.0
i46,e09,c4,p19,l2,0.0
i46,e09,c4,p19,l3,0.0
i46,e09,c4,p20,l2,0.0
i46,e09,c4,p20,l3,0.0
i46,e09,c4,p21,l2,0.0
i46,e09,c4,p21,l3,0.0
i46,e09,c4,p22,l2,0.0
i46,e09,c4,p22,l3,0.0
i46,e09,c4,p23,l2,0.0
i46,e09,c4,p23,l3,0.0
i46,e09,c4,p24,l2,0.0
i46,e09,c4,p24,l3,0.0
i46,e09,c4,p25,l2,0.0
i46,e09,c4,p25,l3,0.0
i46,e09,c4,p26,l2,0.0
i46,e09,c4,p26,l3,0.0
i46,e09,c4,p28,l2,0.0
i46,e09,c4,p28,l3,0.0
i46,e09,c4,p29,l2,0.0
i46,e09,c4,p29,l3,0.0
i46,e09,c4,p30,l2,0.0
i46,e09,c4,p30,l3,0.0
i46,e09,c4,p31,l2,0.0
i46,e09,c4,p31,l3,0.0
i46,e09,c4,p32,l2,0.0
i46,e09,c4,p32,l3,0.0
i46,e09,c4,p33,l2,0.0
i46,e09,c4,p33,l3,0.0
i46,e09,c4,p34,l3,0.0
i46,e09,c4,p35,l2,0.0
i46,e09,c4,p35,l3,37.0
i46,e09,c7,p01,l2,0.0
i46,e09,c7,p01,l3,0.0
i46,e09,c7,p02,l3,0.0
i46,e09,c7,p03,l2,0.0
i46,e09,c7,p03,l3,0.0
i46,e09,c7,p04,l2,0.0
i46,e09,c7,p04,l3,0.0
i46,e09,c7,p05,l3,0.0
i46,e09,c7,p10,l3,0.0
i46,e09,c7,p11,l2,0.0
i46,e09,c7,p11,l3,0.0
i46,e09,c7,p13,l3,0.0
i46,e09,c7,p14,l3,0.0
i46,e09,c7,p15,l2,0.0
i46,e09,c7,p15,l3,0.0
i46,e09,c7,p16,l3,0.0
i46,e09,c7,p18,l3,0.0
i46,e09,c7,p19,l3,0.0
i46,e09,c7,p24,l3,0.0
i46,e09,c7,p35,l2,0.0
i46,e09,c7,p35,l3,0.0
i46,e11,c1,p01,l2,0.0
i46,e11,c1,p01,l3,4.0
i46,e11,c1,p02,l2,0.0
i46,e11,c1,p02,l3,0.0
i46,e11,c1,p03,l2,0.0
i46,e11,c1,p03,l3,462.0
i46,e11,c1,p04,l2,0.0
i46,e11,c1,p04,l3,995.0
i46,e11,c1,p05,l2,0.0
i46,e11,c1,p05,l3,51.0
i46,e11,c1,p06,l2,0.0
i46,e11,c1,p06,l3,20.0
i46,e11,c1,p07,l2,0.0
i46,e11,c1,p07,l3,19.0
i46,e11,c1,p08,l2,0.0
i46,e11,c1,p08,l3,206.0
i46,e11,c1,p09,l2,0.0
i46,e11,c1,p09,l3,0.0
i46,e11,c1,p10,l2,0.0
i46,e11,c1,p10,l3,214.0
i46,e11,c1,p11,l2,0.0
i46,e11,c1,p11,l3,6.0
i46,e11,c1,p12,l2,0.0
i46,e11,c1,p12,l3,0.0
i46,e11,c1,p13,l2,0.0
i46,e11,c1,p13,l3,24.0
i46,e11,c1,p14,l2,0.0
i46,e11,c1,p14,l3,1.0
i46,e11,c1,p15,l2,0.0
i46,e11,c1,p15,l3,147.0
i46,e11,c1,p16,l2,0.0
i46,e11,c1,p16,l3,1.0
i46,e11,c1,p17,l2,0.0
i46,e11,c1,p17,l3,83.0
i46,e11,c1,p18,l2,0.0
i46,e11,c1,p18,l3,20.0
i46,e11,c1,p19,l2,0.0
i46,e11,c1,p19,l3,310.0
i46,e11,c1,p20,l2,0.0
i46,e11,c1,p20,l3,2.0
i46,e11,c1,p21,l2,0.0
i46,e11,c1,p21,l3,2.0
i46,e11,c1,p22,l2,0.0
i46,e11,c1,p22,l3,0.0
i46,e11,c1,p23,l2,0.0
i46,e11,c1,p23,l3,1.0
i46,e11,c1,p24,l2,0.0
i46,e11,c1,p24,l3,69.0
i46,e11,c1,p25,l2,0.0
i46,e11,c1,p25,l3,0.0
i46,e11,c1,p26,l2,0.0
i46,e11,c1,p26,l3,0.0
i46,e11,c1,p27,l2,0.0
i46,e11,c1,p27,l3,0.0
i46,e11,c1,p28,l2,0.0
i46,e11,c1,p28,l3,0.0
i46,e11,c1,p29,l2,0.0
i46,e11,c1,p29,l3,170.0
i46,e11,c1,p30,l2,0.0
i46,e11,c1,p30,l3,0.0
i46,e11,c1,p31,l2,0.0
i46,e11,c1,p31,l3,0.0
i46,e11,c1,p32,l2,0.0
i46,e11,c1,p32,l3,0.0
i46,e11,c1,p33,l2,0.0
i46,e11,c1,p33,l3,0.0
i46,e11,c1,p34,l2,0.0
i46,e11,c1,p34,l3,0.0
i46,e11,c1,p35,l2,0.0
i46,e11,c1,p35,l3,15921.0
i46,e11,c4,p01,l2,0.0
i46,e11,c4,p01,l3,0.0
i46,e11,c4,p02,l2,0.0
i46,e11,c4,p02,l3,0.0
i46,e11,c4,p03,l2,0.0
i46,e11,c4,p03,l3,0.0
i46,e11,c4,p04,l2,0.0
i46,e11,c4,p04,l3,0.0
i46,e11,c4,p05,l2,0.0
i46,e11,c4,p05,l3,1.0
i46,e11,c4,p06,l2,0.0
i46,e11,c4,p06,l3,0.0
i46,e11,c4,p07,l2,0.0
i46,e11,c4,p07,l3,0.0
i46,e11,c4,p08,l2,0.0
i46,e11,c4,p08,l3,0.0
i46,e11,c4,p09,l2,0.0
i46,e11,c4,p09,l3,0.0
i46,e11,c4,p10,l2,0.0
i46,e11,c4,p10,l3,0.0
i46,e11,c4,p11,l2,0.0
i46,e11,c4,p11,l3,2.0
i46,e11,c4,p12,l2,0.0
i46,e11,c4,p12,l3,0.0
i46,e11,c4,p13,l2,0.0
i46,e11,c4,p13,l3,0.0
i46,e11,c4,p14,l2,0.0
i46,e11,c4,p14,l3,0.0
i46,e11,c4,p15,l2,0.0
i46,e11,c4,p15,l3,0.0
i46,e11,c4,p16,l2,0.0
i46,e11,c4,p16,l3,0.0
i46,e11,c4,p17,l2,0.0
i46,e11,c4,p17,l3,0.0
i46,e11,c4,p18,l2,0.0
i46,e11,c4,p18,l3,0.0
i46,e11,c4,p19,l2,0.0
i46,e11,c4,p19,l3,23.0
i46,e11,c4,p20,l2,0.0
i46,e11,c4,p20,l3,0.0
i46,e11,c4,p21,l2,0.0
i46,e11,c4,p21,l3,113.0
i46,e11,c4,p22,l2,0.0
i46,e11,c4,p22,l3,0.0
i46,e11,c4,p23,l2,0.0
i46,e11,c4,p23,l3,0.0
i46,e11,c4,p24,l2,0.0
i46,e11,c4,p24,l3,0.0
i46,e11,c4,p25,l2,0.0
i46,e11,c4,p25,l3,0.0
i46,e11,c4,p26,l2,0.0
i46,e11,c4,p26,l3,0.0
i46,e11,c4,p27,l3,0.0
i46,e11,c4,p28,l2,0.0
i46,e11,c4,p28,l3,0.0
i46,e11,c4,p29,l2,0.0
i46,e11,c4,p29,l3,10.0
i46,e11,c4,p30,l2,0.0
i46,e11,c4,p30,l3,0.0
i46,e11,c4,p31,l2,0.0
i46,e11,c4,p31,l3,0.0
i46,e11,c4,p32,l2,0.0
i46,e11,c4,p32,l3,0.0
i46,e11,c4,p33,l2,0.0
i46,e11,c4,p33,l3,0.0
i46,e11,c4,p34,l2,0.0
i46,e11,c4,p34,l3,0.0
i46,e11,c4,p35,l2,0.0
i46,e11,c4,p35,l3,1413.0
i46,e11,c7,p01,l2,0.0
i46,e11,c7,p01,l3,0.0
i46,e11,c7,p02,l3,0.0
i46,e11,c7,p03,l3,0.0
i46,e11,c7,p04,l3,0.0
i46,e11,c7,p05,l3,0.0
i46,e11,c7,p07,l2,0.0
i46,e11,c7,p07,l3,0.0
i46,e11,c7,p09,l3,0.0
i46,e11,c7,p10,l3,0.0
i46,e11,c7,p11,l2,0.0
i46,e11,c7,p11,l3,0.0
i46,e11,c7,p13,l2,0.0
i46,e11,c7,p13,l3,0.0
i46,e11,c7,p14,l3,0.0
i46,e11,c7,p15,l3,0.0
i46,e11,c7,p16,l3,0.0
i46,e11,c7,p18,l2,0.0
i46,e11,c7,p18,l3,0.0
i46,e11,c7,p19,l2,0.0
i46,e11,c7,p19,l3,0.0
i46,e11,c7,p21,l3,0.0
i46,e11,c7,p24,l3,0.0
i46,e11,c7,p25,l3,0.0
i46,e11,c7,p29,l3,0.0
i46,e11,c7,p35,l2,0.0
i46,e11,c7,p35,l3,0.0
i46,e12,c1,p01,l3,0.0
i46,e12,c1,p02,l3,0.0
i46,e12,c1,p03,l3,0.0
i46,e12,c1,p04,l3,0.0
i46,e12,c1,p05,l3,0.0
i46,e12,c1,p06,l3,0.0
i46,e12,c1,p07,l3,0.0
i46,e12,c1,p08,l3,0.0
i46,e12,c1,p09,l3,0.0
i46,e12,c1,p10,l3,0.0
i46,e12,c1,p11,l3,0.0
i46,e12,c1,p12,l3,0.0
i46,e12,c1,p13,l3,0.0
i46,e12,c1,p14,l3,0.0
i46,e12,c1,p15,l3,0.0
i46,e12,c1,p16,l3,0.0
i46,e12,c1,p17,l3,0.0
i46,e12,c1,p18,l3,0.0
i46,e12,c1,p19,l3,0.0
i46,e12,c1,p20,l3,0.0
i46,e12,c1,p21,l3,0.0
i46,e12,c1,p22,l3,0.0
i46,e12,c1,p23,l3,0.0
i46,e12,c1,p24,l3,0.0
i46,e12,c1,p25,l3,0.0
i46,e12,c1,p26,l3,0.0
i46,e12,c1,p27,l3,0.0
i46,e12,c1,p28,l3,0.0
i46,e12,c1,p29,l3,0.0
i46,e12,c1,p30,l3,0.0
i46,e12,c1,p31,l3,0.0
i46,e12,c1,p32,l3,0.0
i46,e12,c1,p33,l3,0.0
i46,e12,c1,p35,l3,0.0
i46,e12,c4,p01,l3,0.0
i46,e12,c4,p02,l3,0.0
i46,e12,c4,p03,l3,0.0
i46,e12,c4,p04,l3,0.0
i46,e12,c4,p05,l3,0.0
i46,e12,c4,p06,l3,0.0
i46,e12,c4,p07,l3,0.0
i46,e12,c4,p08,l3,0.0
i46,e12,c4,p09,l3,0.0
i46,e12,c4,p10,l3,0.0
i46,e12,c4,p11,l3,0.0
i46,e12,c4,p12,l3,0.0
i46,e12,c4,p13,l3,0.0
i46,e12,c4,p14,l3,0.0
i46,e12,c4,p15,l3,0.0
i46,e12,c4,p16,l3,0.0
i46,e12,c4,p17,l3,0.0
i46,e12,c4,p18,l3,0.0
i46,e12,c4,p19,l3,0.0
i46,e12,c4,p20,l3,0.0
i46,e12,c4,p21,l3,0.0
i46,e12,c4,p23,l3,0.0
i46,e12,c4,p24,l3,0.0
i46,e12,c4,p25,l3,0.0
i46,e12,c4,p29,l3,0.0
i46,e12,c4,p30,l3,0.0
i46,e12,c4,p31,l3,0.0
i46,e12,c4,p32,l3,0.0
i46,e12,c4,p35,l3,0.0
i46,e12,c7,p35,l3,0.0
i46,e13,c1,p01,l3,0.0
i46,e13,c1,p02,l3,0.0
i46,e13,c1,p03,l3,0.0
i46,e13,c1,p04,l3,0.0
i46,e13,c1,p05,l3,0.0
i46,e13,c1,p06,l3,0.0
i46,e13,c1,p07,l3,0.0
i46,e13,c1,p08,l3,0.0
i46,e13,c1,p09,l3,0.0
i46,e13,c1,p10,l3,0.0
i46,e13,c1,p11,l3,0.0
i46,e13,c1,p12,l3,0.0
i46,e13,c1,p13,l3,0.0
i46,e13,c1,p14,l3,0.0
i46,e13,c1,p15,l3,0.0
i46,e13,c1,p16,l3,0.0
i46,e13,c1,p17,l3,0.0
i46,e13,c1,p18,l3,0.0
i46,e13,c1,p19,l3,0.0
i46,e13,c1,p20,l3,0.0
i46,e13,c1,p21,l3,0.0
i46,e13,c1,p22,l3,0.0
i46,e13,c1,p23,l3,0.0
i46,e13,c1,p24,l3,0.0
i46,e13,c1,p25,l3,0.0
i46,e13,c1,p26,l3,0.0
i46,e13,c1,p27,l3,0.0
i46,e13,c1,p28,l3,0.0
i46,e13,c1,p29,l3,0.0
i46,e13,c1,p30,l3,0.0
i46,e13,c1,p31,l3,0.0
i46,e13,c1,p32,l3,0.0
i46,e13,c1,p33,l3,0.0
i46,e13,c1,p34,l3,0.0
i46,e13,c1,p35,l3,9.0
i46,e13,c4,p01,l3,0.0
i46,e13,c4,p02,l3,0.0
i46,e13,c4,p03,l3,0.0
i46,e13,c4,p04,l3,0.0
i46,e13,c4,p05,l3,0.0
i46,e13,c4,p06,l3,0.0
i46,e13,c4,p07,l3,0.0
i46,e13,c4,p08,l3,0.0
i46,e13,c4,p09,l3,0.0
i46,e13,c4,p10,l3,0.0
i46,e13,c4,p11,l3,0.0
i46,e13,c4,p12,l3,0.0
i46,e13,c4,p13,l3,0.0
i46,e13,c4,p14,l3,0.0
i46,e13,c4,p15,l3,0.0
i46,e13,c4,p16,l3,0.0
i46,e13,c4,p17,l3,0.0
i46,e13,c4,p18,l3,0.0
i46,e13,c4,p19,l3,0.0
i46,e13,c4,p20,l3,0.0
i46,e13,c4,p21,l3,0.0
i46,e13,c4,p22,l3,0.0
i46,e13,c4,p23,l3,0.0
i46,e13,c4,p24,l3,0.0
i46,e13,c4,p25,l3,0.0
i46,e13,c4,p26,l3,0.0
i46,e13,c4,p28,l3,0.0
i46,e13,c4,p29,l3,0.0
i46,e13,c4,p30,l3,0.0
i46,e13,c4,p31,l3,0.0
i46,e13,c4,p32,l3,0.0
i46,e13,c4,p33,l3,0.0
i46,e13,c4,p34,l3,0.0
i46,e13,c4,p35,l3,1.0
i46,e13,c7,p01,l3,0.0
i46,e13,c7,p02,l3,0.0
i46,e13,c7,p03,l3,0.0
i46,e13,c7,p04,l3,0.0
i46,e13,c7,p11,l3,0.0
i46,e13,c7,p13,l3,0.0
i46,e13,c7,p15,l3,0.0
i46,e13,c7,p18,l3,0.0
i46,e13,c7,p24,l3,0.0
i46,e13,c7,p35,l3,0.0
i47,e01,c1,p01,l3,0.0
i47,e01,c1,p02,l3,0.0
i47,e01,c1,p03,l3,0.0
i47,e01,c1,p04,l3,0.0
i47,e01,c1,p05,l3,0.0
i47,e01,c1,p06,l3,0.0
i47,e01,c1,p07,l3,0.0
i47,e01,c1,p08,l3,0.0
i47,e01,c1,p09,l3,0.0
i47,e01,c1,p10,l3,0.0
i47,e01,c1,p11,l3,0.0
i47,e01,c1,p12,l3,0.0
i47,e01,c1,p13,l3,0.0
i47,e01,c1,p14,l3,0.0
i47,e01,c1,p15,l3,0.0
i47,e01,c1,p16,l3,0.0
i47,e01,c1,p17,l3,0.0
i47,e01,c1,p18,l3,0.0
i47,e01,c1,p19,l3,0.0
i47,e01,c1,p20,l3,0.0
i47,e01,c1,p21,l3,0.0
i47,e01,c1,p22,l3,0.0
i47,e01,c1,p23,l3,0.0
i47,e01,c1,p24,l3,0.0
i47,e01,c1,p25,l3,0.0
i47,e01,c1,p26,l3,0.0
i47,e01,c1,p27,l3,0.0
i47,e01,c1,p28,l3,0.0
i47,e01,c1,p29,l3,0.0
i47,e01,c1,p30,l3,0.0
i47,e01,c1,p31,l3,0.0
i47,e01,c1,p32,l3,0.0
i47,e01,c1,p33,l3,0.0
i47,e01,c1,p34,l3,0.0
i47,e01,c1,p35,l3,319.0
i47,e01,c4,p01,l3,0.0
i47,e01,c4,p02,l3,0.0
i47,e01,c4,p03,l3,0.0
i47,e01,c4,p05,l3,0.0
i47,e01,c4,p07,l3,0.0
i47,e01,c4,p08,l3,0.0
i47,e01,c4,p10,l3,0.0
i47,e01,c4,p11,l3,0.0
i47,e01,c4,p12,l3,0.0
i47,e01,c4,p14,l3,0.0
i47,e01,c4,p15,l3,0.0
i47,e01,c4,p16,l3,0.0
i47,e01,c4,p17,l3,0.0
i47,e01,c4,p18,l3,0.0
i47,e01,c4,p19,l3,0.0
i47,e01,c4,p21,l3,0.0
i47,e01,c4,p24,l3,0.0
i47,e01,c4,p25,l3,0.0
i47,e01,c4,p32,l3,0.0
i47,e01,c4,p35,l3,6.0
i47,e01,c7,p09,l3,0.0
i47,e01,c7,p35,l3,5.0
i47,e04,c1,p01,l1,0.0
i47,e04,c1,p01,l3,0.0
i47,e04,c1,p02,l1,0.0
i47,e04,c1,p02,l3,0.0
i47,e04,c1,p03,l1,0.0
i47,e04,c1,p03,l3,0.0
i47,e04,c1,p04,l1,0.0
i47,e04,c1,p04,l3,0.0
i47,e04,c1,p05,l1,0.0
i47,e04,c1,p05,l3,0.0
i47,e04,c1,p06,l1,0.0
i47,e04,c1,p06,l3,0.0
i47,e04,c1,p07,l1,0.0
i47,e04,c1,p07,l3,0.0
i47,e04,c1,p08,l1,0.0
i47,e04,c1,p08,l3,0.0
i47,e04,c1,p09,l3,0.0
i47,e04,c1,p10,l1,0.0
i47,e04,c1,p10,l3,0.0
i47,e04,c1,p11,l1,0.0
i47,e04,c1,p11,l3,0.0
i47,e04,c1,p12,l1,0.0
i47,e04,c1,p12,l3,0.0
i47,e04,c1,p13,l1,0.0
i47,e04,c1,p13,l3,0.0
i47,e04,c1,p14,l1,0.0
i47,e04,c1,p14,l3,0.0
i47,e04,c1,p15,l1,0.0
i47,e04,c1,p15,l3,0.0
i47,e04,c1,p16,l1,0.0
i47,e04,c1,p16,l3,0.0
i47,e04,c1,p17,l1,0.0
i47,e04,c1,p17,l3,0.0
i47,e04,c1,p18,l1,0.0
i47,e04,c1,p18,l3,0.0
i47,e04,c1,p19,l1,0.0
i47,e04,c1,p19,l3,0.0
i47,e04,c1,p20,l1,0.0
i47,e04,c1,p20,l3,0.0
i47,e04,c1,p21,l1,0.0
i47,e04,c1,p21,l3,0.0
i47,e04,c1,p22,l1,0.0
i47,e04,c1,p22,l3,0.0
i47,e04,c1,p23,l1,0.0
i47,e04,c1,p23,l3,0.0
i47,e04,c1,p24,l1,0.0
i47,e04,c1,p24,l3,0.0
i47,e04,c1,p25,l1,0.0
i47,e04,c1,p25,l3,0.0
i47,e04,c1,p26,l1,0.0
i47,e04,c1,p26,l3,0.0
i47,e04,c1,p27,l3,0.0
i47,e04,c1,p28,l1,0.0
i47,e04,c1,p28,l3,0.0
i47,e04,c1,p29,l1,0.0
i47,e04,c1,p29,l3,0.0
i47,e04,c1,p30,l3,0.0
i47,e04,c1,p31,l3,0.0
i47,e04,c1,p32,l1,0.0
i47,e04,c1,p32,l3,0.0
i47,e04,c1,p33,l1,0.0
i47,e04,c1,p33,l3,0.0
i47,e04,c1,p34,l3,0.0
i47,e04,c1,p35,l1,0.0
i47,e04,c1,p35,l3,383.0
i47,e04,c4,p02,l3,0.0
i47,e04,c4,p03,l1,0.0
i47,e04,c4,p05,l3,0.0
i47,e04,c4,p08,l1,0.0
i47,e04,c4,p11,l3,0.0
i47,e04,c4,p13,l3,0.0
i47,e04,c4,p14,l3,0.0
i47,e04,c4,p15,l3,0.0
i47,e04,c4,p16,l3,0.0
i47,e04,c4,p19,l1,0.0
i47,e04,c4,p19,l3,0.0
i47,e04,c4,p21,l3,0.0
i47,e04,c4,p24,l3,0.0
i47,e04,c4,p32,l3,0.0
i47,e04,c4,p35,l1,0.0
i47,e04,c4,p35,l3,7.0
i47,e04,c7,p09,l1,0.0
i47,e04,c7,p35,l1,0.0
i47,e04,c7,p35,l3,2.0
i47,e09,c1,p01,l2,0.0
i47,e09,c1,p01,l3,0.0
i47,e09,c1,p02,l3,0.0
i47,e09,c1,p03,l2,0.0
i47,e09,c1,p03,l3,0.0
i47,e09,c1,p04,l2,0.0
i47,e09,c1,p04,l3,0.0
i47,e09,c1,p05,l2,0.0
i47,e09,c1,p05,l3,0.0
i47,e09,c1,p06,l2,0.0
i47,e09,c1,p06,l3,0.0
i47,e09,c1,p07,l2,0.0
i47,e09,c1,p07,l3,0.0
i47,e09,c1,p08,l2,0.0
i47,e09,c1,p08,l3,0.0
i47,e09,c1,p09,l3,0.0
i47,e09,c1,p10,l2,0.0
i47,e09,c1,p10,l3,0.0
i47,e09,c1,p11,l2,0.0
i47,e09,c1,p11,l3,0.0
i47,e09,c1,p12,l2,0.0
i47,e09,c1,p12,l3,0.0
i47,e09,c1,p13,l2,0.0
i47,e09,c1,p13,l3,0.0
i47,e09,c1,p14,l2,0.0
i47,e09,c1,p14,l3,0.0
i47,e09,c1,p15,l2,0.0
i47,e09,c1,p15,l3,0.0
i47,e09,c1,p16,l2,0.0
i47,e09,c1,p16,l3,0.0
i47,e09,c1,p17,l2,0.0
i47,e09,c1,p17,l3,0.0
i47,e09,c1,p18,l2,0.0
i47,e09,c1,p18,l3,0.0
i47,e09,c1,p19,l2,0.0
i47,e09,c1,p19,l3,0.0
i47,e09,c1,p20,l2,0.0
i47,e09,c1,p20,l3,0.0
i47,e09,c1,p21,l2,0.0
i47,e09,c1,p21,l3,0.0
i47,e09,c1,p22,l2,0.0
i47,e09,c1,p22,l3,0.0
i47,e09,c1,p23,l2,0.0
i47,e09,c1,p23,l3,0.0
i47,e09,c1,p24,l2,0.0
i47,e09,c1,p24,l3,0.0
i47,e09,c1,p25,l2,0.0
i47,e09,c1,p25,l3,0.0
i47,e09,c1,p26,l2,0.0
i47,e09,c1,p26,l3,0.0
i47,e09,c1,p27,l3,0.0
i47,e09,c1,p28,l3,0.0
i47,e09,c1,p29,l2,0.0
i47,e09,c1,p29,l3,0.0
i47,e09,c1,p30,l3,0.0
i47,e09,c1,p31,l3,0.0
i47,e09,c1,p32,l2,0.0
i47,e09,c1,p32,l3,0.0
i47,e09,c1,p33,l3,0.0
i47,e09,c1,p34,l3,0.0
i47,e09,c1,p35,l2,0.0
i47,e09,c1,p35,l3,291.0
i47,e09,c4,p01,l3,0.0
i47,e09,c4,p03,l2,0.0
i47,e09,c4,p03,l3,0.0
i47,e09,c4,p04,l3,0.0
i47,e09,c4,p08,l2,0.0
i47,e09,c4,p08,l3,0.0
i47,e09,c4,p10,l3,0.0
i47,e09,c4,p11,l3,0.0
i47,e09,c4,p12,l3,0.0
i47,e09,c4,p13,l3,0.0
i47,e09,c4,p15,l3,0.0
i47,e09,c4,p16,l3,0.0
i47,e09,c4,p17,l3,0.0
i47,e09,c4,p19,l2,0.0
i47,e09,c4,p19,l3,0.0
i47,e09,c4,p21,l2,0.0
i47,e09,c4,p21,l3,0.0
i47,e09,c4,p24,l3,0.0
i47,e09,c4,p32,l3,0.0
i47,e09,c4,p35,l2,0.0
i47,e09,c4,p35,l3,5.0
i47,e09,c7,p09,l2,0.0
i47,e09,c7,p35,l2,0.0
i47,e09,c7,p35,l3,1.0
i48,e01,c1,p01,l3,0.0
i48,e01,c1,p02,l3,0.0
i48,e01,c1,p03,l3,0.0
i48,e01,c1,p04,l3,0.0
i48,e01,c1,p05,l3,0.0
i48,e01,c1,p06,l3,0.0
i48,e01,c1,p07,l3,0.0
i48,e01,c1,p08,l3,0.0
i48,e01,c1,p09,l3,0.0
i48,e01,c1,p10,l3,0.0
i48,e01,c1,p11,l3,0.0
i48,e01,c1,p12,l3,0.0
i48,e01,c1,p13,l3,0.0
i48,e01,c1,p14,l3,0.0
i48,e01,c1,p15,l3,0.0
i48,e01,c1,p16,l3,0.0
i48,e01,c1,p17,l3,0.0
i48,e01,c1,p18,l3,0.0
i48,e01,c1,p19,l3,0.0
i48,e01,c1,p20,l3,0.0
i48,e01,c1,p21,l3,0.0
i48,e01,c1,p22,l3,0.0
i48,e01,c1,p23,l3,0.0
i48,e01,c1,p24,l3,0.0
i48,e01,c1,p25,l3,0.0
i48,e01,c1,p26,l3,0.0
i48,e01,c1,p28,l3,0.0
i48,e01,c1,p29,l3,0.0
i48,e01,c1,p30,l3,0.0
i48,e01,c1,p31,l3,0.0
i48,e01,c1,p32,l3,0.0
i48,e01,c1,p35,l3,0.0
i48,e01,c4,p01,l3,0.0
i48,e01,c4,p03,l3,0.0
i48,e01,c4,p05,l3,0.0
i48,e01,c4,p06,l3,0.0
i48,e01,c4,p09,l3,0.0
i48,e01,c4,p11,l3,0.0
i48,e01,c4,p12,l3,0.0
i48,e01,c4,p18,l3,0.0
i48,e01,c4,p19,l3,0.0
i48,e01,c4,p22,l3,0.0
i48,e01,c4,p24,l3,0.0
i48,e01,c4,p29,l3,0.0
i48,e01,c4,p35,l3,0.0
i48,e04,c1,p01,l1,0.0
i48,e04,c1,p01,l3,0.0
i48,e04,c1,p02,l1,0.0
i48,e04,c1,p02,l3,0.0
i48,e04,c1,p03,l1,0.0
i48,e04,c1,p03,l3,0.0
i48,e04,c1,p04,l1,0.0
i48,e04,c1,p04,l3,0.0
i48,e04,c1,p05,l1,0.0
i48,e04,c1,p05,l3,0.0
i48,e04,c1,p06,l1,0.0
i48,e04,c1,p06,l3,0.0
i48,e04,c1,p07,l1,0.0
i48,e04,c1,p07,l3,0.0
i48,e04,c1,p08,l1,0.0
i48,e04,c1,p08,l3,0.0
i48,e04,c1,p09,l1,0.0
i48,e04,c1,p09,l3,0.0
i48,e04,c1,p10,l1,0.0
i48,e04,c1,p10,l3,0.0
i48,e04,c1,p11,l1,0.0
i48,e04,c1,p11,l3,0.0
i48,e04,c1,p12,l1,0.0
i48,e04,c1,p12,l3,0.0
i48,e04,c1,p13,l1,0.0
i48,e04,c1,p13,l3,0.0
i48,e04,c1,p14,l1,0.0
i48,e04,c1,p14,l3,0.0
i48,e04,c1,p15,l1,0.0
i48,e04,c1,p15,l3,0.0
i48,e04,c1,p16,l1,0.0
i48,e04,c1,p16,l3,0.0
i48,e04,c1,p17,l1,0.0
i48,e04,c1,p17,l3,0.0
i48,e04,c1,p18,l1,0.0
i48,e04,c1,p18,l3,0.0
i48,e04,c1,p19,l1,0.0
i48,e04,c1,p19,l3,1.0
i48,e04,c1,p20,l3,0.0
i48,e04,c1,p21,l1,0.0
i48,e04,c1,p21,l3,0.0
i48,e04,c1,p22,l1,0.0
i48,e04,c1,p22,l3,0.0
i48,e04,c1,p23,l1,0.0
i48,e04,c1,p23,l3,0.0
i48,e04,c1,p24,l1,0.0
i48,e04,c1,p24,l3,0.0
i48,e04,c1,p25,l3,0.0
i48,e04,c1,p26,l3,0.0
i48,e04,c1,p28,l1,0.0
i48,e04,c1,p28,l3,0.0
i48,e04,c1,p29,l1,0.0
i48,e04,c1,p29,l3,0.0
i48,e04,c1,p31,l1,0.0
i48,e04,c1,p31,l3,0.0
i48,e04,c1,p32,l1,0.0
i48,e04,c1,p32,l3,0.0
i48,e04,c1,p33,l3,0.0
i48,e04,c1,p35,l1,0.0
i48,e04,c1,p35,l3,0.0
i48,e04,c4,p01,l3,0.0
i48,e04,c4,p03,l1,0.0
i48,e04,c4,p03,l3,0.0
i48,e04,c4,p05,l3,0.0
i48,e04,c4,p06,l3,0.0
i48,e04,c4,p08,l3,0.0
i48,e04,c4,p10,l3,0.0
i48,e04,c4,p11,l1,0.0
i48,e04,c4,p11,l3,0.0
i48,e04,c4,p12,l3,0.0
i48,e04,c4,p18,l3,0.0
i48,e04,c4,p19,l3,0.0
i48,e04,c4,p21,l3,0.0
i48,e04,c4,p23,l3,0.0
i48,e04,c4,p24,l3,0.0
i48,e04,c4,p31,l3,0.0
i48,e04,c4,p35,l1,0.0
i48,e04,c4,p35,l3,0.0
i48,e05,c1,p01,l3,0.0
i48,e05,c1,p02,l3,0.0
i48,e05,c1,p03,l1,0.0
i48,e05,c1,p03,l3,0.0
i48,e05,c1,p05,l3,0.0
i48,e05,c1,p06,l3,0.0
i48,e05,c1,p07,l3,0.0
i48,e05,c1,p08,l1,0.0
i48,e05,c1,p08,l3,0.0
i48,e05,c1,p09,l3,0.0
i48,e05,c1,p10,l1,0.0
i48,e05,c1,p10,l3,0.0
i48,e05,c1,p11,l1,0.0
i48,e05,c1,p11,l3,0.0
i48,e05,c1,p12,l3,0.0
i48,e05,c1,p13,l1,0.0
i48,e05,c1,p13,l3,0.0
i48,e05,c1,p14,l3,0.0
i48,e05,c1,p15,l1,0.0
i48,e05,c1,p15,l3,0.0
i48,e05,c1,p16,l1,0.0
i48,e05,c1,p16,l3,0.0
i48,e05,c1,p17,l1,0.0
i48,e05,c1,p17,l3,0.0
i48,e05,c1,p19,l1,0.0
i48,e05,c1,p19,l3,0.0
i48,e05,c1,p21,l1,0.0
i48,e05,c1,p21,l3,0.0
i48,e05,c1,p22,l3,0.0
i48,e05,c1,p24,l3,0.0
i48,e05,c1,p29,l3,0.0
i48,e05,c1,p32,l3,0.0
i48,e05,c1,p35,l1,0.0
i48,e05,c1,p35,l3,0.0
i48,e05,c4,p03,l3,0.0
i48,e05,c4,p11,l3,0.0
i48,e05,c4,p13,l3,0.0
i48,e05,c4,p19,l1,0.0
i48,e05,c4,p35,l3,0.0
i48,e08,c1,p01,l2,0.0
i48,e08,c1,p01,l3,0.0
i48,e08,c1,p02,l2,0.0
i48,e08,c1,p02,l3,0.0
i48,e08,c1,p03,l2,0.0
i48,e08,c1,p03,l3,0.0
i48,e08,c1,p04,l2,0.0
i48,e08,c1,p04,l3,0.0
i48,e08,c1,p05,l2,0.0
i48,e08,c1,p05,l3,0.0
i48,e08,c1,p06,l2,0.0
i48,e08,c1,p06,l3,0.0
i48,e08,c1,p07,l2,0.0
i48,e08,c1,p07,l3,0.0
i48,e08,c1,p08,l2,0.0
i48,e08,c1,p08,l3,0.0
i48,e08,c1,p09,l2,0.0
i48,e08,c1,p09,l3,0.0
i48,e08,c1,p10,l2,0.0
i48,e08,c1,p10,l3,1.0
i48,e08,c1,p11,l2,0.0
i48,e08,c1,p11,l3,0.0
i48,e08,c1,p12,l2,0.0
i48,e08,c1,p12,l3,0.0
i48,e08,c1,p13,l2,0.0
i48,e08,c1,p13,l3,0.0
i48,e08,c1,p14,l2,0.0
i48,e08,c1,p14,l3,0.0
i48,e08,c1,p15,l2,0.0
i48,e08,c1,p15,l3,0.0
i48,e08,c1,p16,l2,0.0
i48,e08,c1,p16,l3,0.0
i48,e08,c1,p17,l2,0.0
i48,e08,c1,p17,l3,0.0
i48,e08,c1,p18,l2,0.0
i48,e08,c1,p18,l3,0.0
i48,e08,c1,p19,l2,0.0
i48,e08,c1,p19,l3,5.0
i48,e08,c1,p20,l3,0.0
i48,e08,c1,p21,l2,0.0
i48,e08,c1,p21,l3,33.0
i48,e08,c1,p22,l2,0.0
i48,e08,c1,p22,l3,0.0
i48,e08,c1,p23,l2,0.0
i48,e08,c1,p23,l3,0.0
i48,e08,c1,p24,l2,0.0
i48,e08,c1,p24,l3,0.0
i48,e08,c1,p25,l2,0.0
i48,e08,c1,p25,l3,0.0
i48,e08,c1,p26,l3,0.0
i48,e08,c1,p28,l2,0.0
i48,e08,c1,p28,l3,0.0
i48,e08,c1,p29,l2,0.0
i48,e08,c1,p29,l3,0.0
i48,e08,c1,p30,l3,0.0
i48,e08,c1,p31,l2,0.0
i48,e08,c1,p31,l3,0.0
i48,e08,c1,p32,l2,0.0
i48,e08,c1,p32,l3,1.0
i48,e08,c1,p33,l3,0.0
i48,e08,c1,p35,l2,0.0
i48,e08,c1,p35,l3,2.0
i48,e08,c4,p01,l3,0.0
i48,e08,c4,p03,l3,0.0
i48,e08,c4,p05,l3,0.0
i48,e08,c4,p06,l3,0.0
i48,e08,c4,p08,l3,0.0
i48,e08,c4,p09,l3,0.0
i48,e08,c4,p10,l3,0.0
i48,e08,c4,p11,l3,0.0
i48,e08,c4,p12,l3,0.0
i48,e08,c4,p13,l3,0.0
i48,e08,c4,p15,l3,0.0
i48,e08,c4,p16,l3,0.0
i48,e08,c4,p17,l3,0.0
i48,e08,c4,p18,l2,0.0
i48,e08,c4,p18,l3,0.0
i48,e08,c4,p19,l3,0.0
i48,e08,c4,p21,l3,0.0
i48,e08,c4,p22,l2,0.0
i48,e08,c4,p22,l3,0.0
i48,e08,c4,p24,l3,0.0
i48,e08,c4,p29,l2,0.0
i48,e08,c4,p29,l3,0.0
i48,e08,c4,p35,l2,0.0
i48,e08,c4,p35,l3,0.0
i48,e08,c7,p13,l3,0.0
i48,e09,c1,p01,l2,0.0
i48,e09,c1,p01,l3,0.0
i48,e09,c1,p02,l2,0.0
i48,e09,c1,p02,l3,0.0
i48,e09,c1,p03,l2,0.0
i48,e09,c1,p03,l3,0.0
i48,e09,c1,p04,l2,0.0
i48,e09,c1,p04,l3,0.0
i48,e09,c1,p05,l2,0.0
i48,e09,c1,p05,l3,0.0
i48,e09,c1,p06,l2,0.0
i48,e09,c1,p06,l3,0.0
i48,e09,c1,p07,l2,0.0
i48,e09,c1,p07,l3,0.0
i48,e09,c1,p08,l2,0.0
i48,e09,c1,p08,l3,0.0
i48,e09,c1,p09,l2,0.0
i48,e09,c1,p09,l3,0.0
i48,e09,c1,p10,l2,0.0
i48,e09,c1,p10,l3,0.0
i48,e09,c1,p11,l2,0.0
i48,e09,c1,p11,l3,0.0
i48,e09,c1,p12,l2,0.0
i48,e09,c1,p12,l3,0.0
i48,e09,c1,p13,l2,0.0
i48,e09,c1,p13,l3,0.0
i48,e09,c1,p14,l2,0.0
i48,e09,c1,p14,l3,0.0
i48,e09,c1,p15,l2,0.0
i48,e09,c1,p15,l3,0.0
i48,e09,c1,p16,l2,0.0
i48,e09,c1,p16,l3,0.0
i48,e09,c1,p17,l2,0.0
i48,e09,c1,p17,l3,0.0
i48,e09,c1,p18,l2,0.0
i48,e09,c1,p18,l3,0.0
i48,e09,c1,p19,l2,0.0
i48,e09,c1,p19,l3,0.0
i48,e09,c1,p20,l3,0.0
i48,e09,c1,p21,l2,0.0
i48,e09,c1,p21,l3,0.0
i48,e09,c1,p22,l2,0.0
i48,e09,c1,p22,l3,0.0
i48,e09,c1,p23,l3,0.0
i48,e09,c1,p24,l2,0.0
i48,e09,c1,p24,l3,0.0
i48,e09,c1,p25,l3,0.0
i48,e09,c1,p26,l3,0.0
i48,e09,c1,p28,l2,0.0
i48,e09,c1,p28,l3,0.0
i48,e09,c1,p29,l2,0.0
i48,e09,c1,p29,l3,0.0
i48,e09,c1,p31,l2,0.0
i48,e09,c1,p31,l3,0.0
i48,e09,c1,p32,l2,0.0
i48,e09,c1,p32,l3,0.0
i48,e09,c1,p35,l2,0.0
i48,e09,c1,p35,l3,0.0
i48,e09,c4,p01,l3,0.0
i48,e09,c4,p03,l3,0.0
i48,e09,c4,p05,l3,0.0
i48,e09,c4,p06,l3,0.0
i48,e09,c4,p08,l3,0.0
i48,e09,c4,p09,l3,0.0
i48,e09,c4,p10,l3,0.0
i48,e09,c4,p11,l3,0.0
i48,e09,c4,p12,l3,0.0
i48,e09,c4,p15,l3,0.0
i48,e09,c4,p17,l2,0.0
i48,e09,c4,p17,l3,0.0
i48,e09,c4,p18,l3,0.0
i48,e09,c4,p19,l3,0.0
i48,e09,c4,p24,l3,0.0
i48,e09,c4,p29,l3,0.0
i48,e09,c4,p35,l2,0.0
i48,e09,c4,p35,l3,0.0
i48,e11,c1,p01,l2,0.0
i48,e11,c1,p01,l3,0.0
i48,e11,c1,p02,l2,0.0
i48,e11,c1,p02,l3,0.0
i48,e11,c1,p03,l2,0.0
i48,e11,c1,p03,l3,4.0
i48,e11,c1,p04,l2,0.0
i48,e11,c1,p04,l3,2.0
i48,e11,c1,p05,l2,0.0
i48,e11,c1,p05,l3,0.0
i48,e11,c1,p06,l2,0.0
i48,e11,c1,p06,l3,0.0
i48,e11,c1,p07,l2,0.0
i48,e11,c1,p07,l3,0.0
i48,e11,c1,p08,l2,0.0
i48,e11,c1,p08,l3,0.0
i48,e11,c1,p09,l2,0.0
i48,e11,c1,p09,l3,0.0
i48,e11,c1,p10,l2,0.0
i48,e11,c1,p10,l3,5.0
i48,e11,c1,p11,l2,0.0
i48,e11,c1,p11,l3,0.0
i48,e11,c1,p12,l2,0.0
i48,e11,c1,p12,l3,0.0
i48,e11,c1,p13,l2,0.0
i48,e11,c1,p13,l3,0.0
i48,e11,c1,p14,l2,0.0
i48,e11,c1,p14,l3,0.0
i48,e11,c1,p15,l2,0.0
i48,e11,c1,p15,l3,1.0
i48,e11,c1,p16,l2,0.0
i48,e11,c1,p16,l3,0.0
i48,e11,c1,p17,l2,0.0
i48,e11,c1,p17,l3,3.0
i48,e11,c1,p18,l2,0.0
i48,e11,c1,p18,l3,0.0
i48,e11,c1,p19,l2,0.0
i48,e11,c1,p19,l3,4.0
i48,e11,c1,p20,l2,0.0
i48,e11,c1,p20,l3,0.0
i48,e11,c1,p21,l2,0.0
i48,e11,c1,p21,l3,0.0
i48,e11,c1,p22,l2,0.0
i48,e11,c1,p22,l3,3.0
i48,e11,c1,p23,l2,0.0
i48,e11,c1,p23,l3,0.0
i48,e11,c1,p24,l2,0.0
i48,e11,c1,p24,l3,0.0
i48,e11,c1,p25,l2,0.0
i48,e11,c1,p25,l3,0.0
i48,e11,c1,p26,l2,0.0
i48,e11,c1,p26,l3,0.0
i48,e11,c1,p28,l2,0.0
i48,e11,c1,p28,l3,0.0
i48,e11,c1,p29,l2,0.0
i48,e11,c1,p29,l3,0.0
i48,e11,c1,p30,l3,0.0
i48,e11,c1,p31,l2,0.0
i48,e11,c1,p31,l3,0.0
i48,e11,c1,p32,l2,0.0
i48,e11,c1,p32,l3,0.0
i48,e11,c1,p33,l3,0.0
i48,e11,c1,p34,l3,0.0
i48,e11,c1,p35,l2,0.0
i48,e11,c1,p35,l3,10.0
i48,e11,c4,p01,l2,0.0
i48,e11,c4,p01,l3,0.0
i48,e11,c4,p02,l2,0.0
i48,e11,c4,p02,l3,0.0
i48,e11,c4,p03,l2,0.0
i48,e11,c4,p03,l3,0.0
i48,e11,c4,p04,l3,0.0
i48,e11,c4,p05,l3,0.0
i48,e11,c4,p06,l3,0.0
i48,e11,c4,p07,l3,0.0
i48,e11,c4,p08,l3,0.0
i48,e11,c4,p09,l3,0.0
i48,e11,c4,p10,l2,0.0
i48,e11,c4,p10,l3,0.0
i48,e11,c4,p11,l2,0.0
i48,e11,c4,p11,l3,0.0
i48,e11,c4,p12,l2,0.0
i48,e11,c4,p12,l3,0.0
i48,e11,c4,p13,l3,0.0
i48,e11,c4,p14,l3,0.0
i48,e11,c4,p15,l3,0.0
i48,e11,c4,p16,l3,0.0
i48,e11,c4,p17,l2,0.0
i48,e11,c4,p17,l3,0.0
i48,e11,c4,p18,l2,0.0
i48,e11,c4,p18,l3,0.0
i48,e11,c4,p19,l2,0.0
i48,e11,c4,p19,l3,0.0
i48,e11,c4,p20,l3,0.0
i48,e11,c4,p21,l3,0.0
i48,e11,c4,p22,l2,0.0
i48,e11,c4,p22,l3,0.0
i48,e11,c4,p23,l3,0.0
i48,e11,c4,p24,l3,0.0
i48,e11,c4,p25,l3,0.0
i48,e11,c4,p26,l3,0.0
i48,e11,c4,p28,l3,0.0
i48,e11,c4,p29,l2,0.0
i48,e11,c4,p29,l3,0.0
i48,e11,c4,p30,l3,0.0
i48,e11,c4,p31,l3,0.0
i48,e11,c4,p32,l3,0.0
i48,e11,c4,p35,l2,0.0
i48,e11,c4,p35,l3,0.0
i48,e11,c7,p06,l3,0.0
i48,e11,c7,p10,l3,0.0
i48,e11,c7,p13,l3,0.0
i48,e11,c7,p35,l3,0.0
i49,e01,c1,p01,l3,0.0
i49,e01,c1,p02,l3,0.0
i49,e01,c1,p03,l3,0.0
i49,e01,c1,p04,l3,0.0
i49,e01,c1,p05,l3,0.0
i49,e01,c1,p06,l3,0.0
i49,e01,c1,p09,l3,0.0
i49,e01,c1,p10,l3,0.0
i49,e01,c1,p11,l3,0.0
i49,e01,c1,p12,l3,0.0
i49,e01,c1,p13,l3,0.0
i49,e01,c1,p15,l3,0.0
i49,e01,c1,p16,l3,0.0
i49,e01,c1,p17,l3,0.0
i49,e01,c1,p18,l3,0.0
i49,e01,c1,p19,l3,0.0
i49,e01,c1,p20,l3,0.0
i49,e01,c1,p22,l3,0.0
i49,e01,c1,p24,l3,0.0
i49,e01,c1,p25,l3,0.0
i49,e01,c1,p27,l3,0.0
i49,e01,c1,p29,l3,0.0
i49,e01,c1,p33,l3,0.0
i49,e01,c1,p35,l3,0.0
i49,e01,c4,p01,l3,0.0
i49,e01,c4,p03,l3,0.0
i49,e01,c4,p05,l3,0.0
i49,e01,c4,p07,l3,0.0
i49,e01,c4,p10,l3,0.0
i49,e01,c4,p12,l3,0.0
i49,e01,c4,p19,l3,0.0
i49,e01,c4,p33,l3,0.0
i49,e01,c4,p35,l3,0.0
i49,e03,c1,p01,l3,0.0
i49,e03,c1,p02,l3,0.0
i49,e03,c1,p03,l3,0.0
i49,e03,c1,p04,l3,0.0
i49,e03,c1,p05,l3,0.0
i49,e03,c1,p06,l3,0.0
i49,e03,c1,p07,l3,0.0
i49,e03,c1,p08,l3,0.0
i49,e03,c1,p09,l3,0.0
i49,e03,c1,p10,l3,0.0
i49,e03,c1,p11,l3,0.0
i49,e03,c1,p12,l3,0.0
i49,e03,c1,p13,l3,0.0
i49,e03,c1,p14,l3,0.0
i49,e03,c1,p15,l3,0.0
i49,e03,c1,p16,l3,0.0
i49,e03,c1,p17,l3,0.0
i49,e03,c1,p18,l3,0.0
i49,e03,c1,p19,l3,0.0
i49,e03,c1,p20,l3,0.0
i49,e03,c1,p21,l3,0.0
i49,e03,c1,p24,l3,0.0
i49,e03,c1,p25,l3,0.0
i49,e03,c1,p27,l3,0.0
i49,e03,c1,p28,l3,0.0
i49,e03,c1,p29,l3,0.0
i49,e03,c1,p32,l3,0.0
i49,e03,c1,p33,l3,0.0
i49,e03,c1,p34,l3,0.0
i49,e03,c1,p35,l3,1.0
i49,e03,c4,p01,l3,0.0
i49,e03,c4,p03,l3,0.0
i49,e03,c4,p05,l3,0.0
i49,e03,c4,p07,l3,0.0
i49,e03,c4,p10,l3,0.0
i49,e03,c4,p11,l3,0.0
i49,e03,c4,p14,l3,0.0
i49,e03,c4,p19,l3,0.0
i49,e03,c4,p21,l3,0.0
i49,e03,c4,p33,l3,0.0
i49,e03,c4,p35,l3,0.0
i49,e04,c1,p01,l1,0.0
i49,e04,c1,p01,l3,0.0
i49,e04,c1,p02,l3,0.0
i49,e04,c1,p03,l1,0.0
i49,e04,c1,p03,l3,0.0
i49,e04,c1,p04,l3,0.0
i49,e04,c1,p05,l3,0.0
i49,e04,c1,p06,l3,0.0
i49,e04,c1,p09,l1,0.0
i49,e04,c1,p09,l3,0.0
i49,e04,c1,p10,l1,0.0
i49,e04,c1,p10,l3,0.0
i49,e04,c1,p11,l3,0.0
i49,e04,c1,p12,l3,0.0
i49,e04,c1,p13,l3,0.0
i49,e04,c1,p14,l3,0.0
i49,e04,c1,p15,l1,0.0
i49,e04,c1,p15,l3,0.0
i49,e04,c1,p16,l1,0.0
i49,e04,c1,p16,l3,0.0
i49,e04,c1,p17,l1,0.0
i49,e04,c1,p17,l3,0.0
i49,e04,c1,p18,l3,0.0
i49,e04,c1,p19,l1,0.0
i49,e04,c1,p19,l3,0.0
i49,e04,c1,p20,l3,0.0
i49,e04,c1,p21,l3,0.0
i49,e04,c1,p22,l3,0.0
i49,e04,c1,p24,l3,0.0
i49,e04,c1,p25,l3,0.0
i49,e04,c1,p27,l3,0.0
i49,e04,c1,p28,l3,0.0
i49,e04,c1,p29,l3,0.0
i49,e04,c1,p30,l1,0.0
i49,e04,c1,p33,l1,0.0
i49,e04,c1,p33,l3,0.0
i49,e04,c1,p35,l1,0.0
i49,e04,c1,p35,l3,0.0
i49,e04,c4,p01,l1,0.0
i49,e04,c4,p01,l3,0.0
i49,e04,c4,p03,l3,0.0
i49,e04,c4,p05,l3,0.0
i49,e04,c4,p07,l3,0.0
i49,e04,c4,p10,l3,0.0
i49,e04,c4,p11,l3,0.0
i49,e04,c4,p12,l3,0.0
i49,e04,c4,p14,l3,0.0
i49,e04,c4,p19,l1,0.0
i49,e04,c4,p19,l3,0.0
i49,e04,c4,p33,l1,0.0
i49,e04,c4,p33,l3,0.0
i49,e04,c4,p35,l3,0.0
i49,e05,c1,p01,l1,0.0
i49,e05,c1,p01,l3,0.0
i49,e05,c1,p03,l3,0.0
i49,e05,c1,p19,l3,0.0
i49,e05,c1,p33,l1,0.0
i49,e05,c1,p33,l3,0.0
i49,e05,c1,p35,l3,0.0
i49,e06,c1,p01,l3,0.0
i49,e06,c1,p02,l3,0.0
i49,e06,c1,p03,l3,0.0
i49,e06,c1,p04,l3,0.0
i49,e06,c1,p05,l3,0.0
i49,e06,c1,p06,l3,0.0
i49,e06,c1,p07,l3,0.0
i49,e06,c1,p08,l3,0.0
i49,e06,c1,p09,l3,0.0
i49,e06,c1,p10,l3,0.0
i49,e06,c1,p11,l3,0.0
i49,e06,c1,p12,l3,0.0
i49,e06,c1,p13,l3,0.0
i49,e06,c1,p14,l3,0.0
i49,e06,c1,p15,l3,0.0
i49,e06,c1,p16,l3,0.0
i49,e06,c1,p17,l3,0.0
i49,e06,c1,p18,l3,0.0
i49,e06,c1,p19,l3,0.0
i49,e06,c1,p20,l3,0.0
i49,e06,c1,p21,l3,0.0
i49,e06,c1,p22,l3,0.0
i49,e06,c1,p23,l3,0.0
i49,e06,c1,p24,l3,0.0
i49,e06,c1,p25,l3,0.0
i49,e06,c1,p27,l3,0.0
i49,e06,c1,p28,l3,0.0
i49,e06,c1,p29,l3,0.0
i49,e06,c1,p32,l3,0.0
i49,e06,c1,p33,l3,2.0
i49,e06,c1,p34,l3,0.0
i49,e06,c1,p35,l3,0.0
i49,e06,c4,p01,l3,0.0
i49,e06,c4,p02,l3,0.0
i49,e06,c4,p03,l3,0.0
i49,e06,c4,p04,l3,0.0
i49,e06,c4,p05,l3,0.0
i49,e06,c4,p07,l3,0.0
i49,e06,c4,p10,l3,0.0
i49,e06,c4,p11,l3,0.0
i49,e06,c4,p12,l3,0.0
i49,e06,c4,p13,l3,0.0
i49,e06,c4,p14,l3,0.0
i49,e06,c4,p16,l3,0.0
i49,e06,c4,p19,l3,0.0
i49,e06,c4,p21,l3,0.0
i49,e06,c4,p33,l3,0.0
i49,e06,c4,p35,l3,0.0
i49,e07,c1,p01,l3,0.0
i49,e07,c1,p33,l3,0.0
i49,e08,c1,p01,l2,0.0
i49,e08,c1,p01,l3,0.0
i49,e08,c1,p02,l2,0.0
i49,e08,c1,p02,l3,0.0
i49,e08,c1,p03,l2,0.0
i49,e08,c1,p03,l3,0.0
i49,e08,c1,p04,l3,0.0
i49,e08,c1,p05,l3,0.0
i49,e08,c1,p06,l3,0.0
i49,e08,c1,p07,l3,0.0
i49,e08,c1,p08,l3,0.0
i49,e08,c1,p09,l2,0.0
i49,e08,c1,p09,l3,0.0
i49,e08,c1,p10,l2,0.0
i49,e08,c1,p10,l3,0.0
i49,e08,c1,p11,l2,0.0
i49,e08,c1,p11,l3,0.0
i49,e08,c1,p12,l3,0.0
i49,e08,c1,p13,l2,0.0
i49,e08,c1,p13,l3,0.0
i49,e08,c1,p14,l3,0.0
i49,e08,c1,p15,l2,0.0
i49,e08,c1,p15,l3,0.0
i49,e08,c1,p16,l2,0.0
i49,e08,c1,p16,l3,0.0
i49,e08,c1,p17,l2,0.0
i49,e08,c1,p17,l3,0.0
i49,e08,c1,p18,l3,0.0
i49,e08,c1,p19,l2,0.0
i49,e08,c1,p19,l3,0.0
i49,e08,c1,p20,l3,0.0
i49,e08,c1,p21,l2,0.0
i49,e08,c1,p21,l3,0.0
i49,e08,c1,p22,l3,0.0
i49,e08,c1,p23,l3,0.0
i49,e08,c1,p24,l3,0.0
i49,e08,c1,p25,l3,0.0
i49,e08,c1,p27,l3,0.0
i49,e08,c1,p28,l2,0.0
i49,e08,c1,p28,l3,0.0
i49,e08,c1,p29,l3,0.0
i49,e08,c1,p30,l2,0.0
i49,e08,c1,p33,l2,0.0
i49,e08,c1,p33,l3,0.0
i49,e08,c1,p34,l3,0.0
i49,e08,c1,p35,l2,0.0
i49,e08,c1,p35,l3,0.0
i49,e08,c4,p01,l2,0.0
i49,e08,c4,p01,l3,0.0
i49,e08,c4,p02,l3,0.0
i49,e08,c4,p03,l3,0.0
i49,e08,c4,p04,l3,0.0
i49,e08,c4,p05,l3,0.0
i49,e08,c4,p07,l3,0.0
i49,e08,c4,p10,l3,0.0
i49,e08,c4,p11,l3,0.0
i49,e08,c4,p12,l3,0.0
i49,e08,c4,p13,l3,0.0
i49,e08,c4,p14,l3,0.0
i49,e08,c4,p16,l3,0.0
i49,e08,c4,p19,l2,0.0
i49,e08,c4,p19,l3,0.0
i49,e08,c4,p33,l2,0.0
i49,e08,c4,p33,l3,0.0
i49,e08,c4,p35,l3,0.0
i49,e09,c1,p01,l2,0.0
i49,e09,c1,p01,l3,0.0
i49,e09,c1,p02,l3,0.0
i49,e09,c1,p03,l3,0.0
i49,e09,c1,p04,l3,0.0
i49,e09,c1,p06,l3,0.0
i49,e09,c1,p09,l2,0.0
i49,e09,c1,p10,l2,0.0
i49,e09,c1,p10,l3,0.0
i49,e09,c1,p11,l3,0.0
i49,e09,c1,p12,l3,0.0
i49,e09,c1,p13,l3,0.0
i49,e09,c1,p15,l2,0.0
i49,e09,c1,p16,l2,0.0
i49,e09,c1,p16,l3,0.0
i49,e09,c1,p17,l2,0.0
i49,e09,c1,p17,l3,0.0
i49,e09,c1,p18,l3,0.0
i49,e09,c1,p19,l2,0.0
i49,e09,c1,p19,l3,0.0
i49,e09,c1,p20,l3,0.0
i49,e09,c1,p21,l3,0.0
i49,e09,c1,p22,l3,0.0
i49,e09,c1,p24,l3,0.0
i49,e09,c1,p25,l3,0.0
i49,e09,c1,p27,l3,0.0
i49,e09,c1,p28,l3,0.0
i49,e09,c1,p29,l3,0.0
i49,e09,c1,p33,l2,0.0
i49,e09,c1,p33,l3,0.0
i49,e09,c1,p35,l2,0.0
i49,e09,c1,p35,l3,0.0
i49,e09,c4,p01,l2,0.0
i49,e09,c4,p01,l3,0.0
i49,e09,c4,p07,l3,0.0
i49,e09,c4,p10,l3,0.0
i49,e09,c4,p14,l3,0.0
i49,e09,c4,p33,l2,0.0
i49,e09,c4,p33,l3,0.0
i49,e09,c4,p35,l2,0.0
i49,e09,c4,p35,l3,0.0
i49,e10,c1,p01,l3,0.0
i49,e10,c1,p02,l3,0.0
i49,e10,c1,p03,l3,0.0
i49,e10,c1,p04,l3,0.0
i49,e10,c1,p05,l3,0.0
i49,e10,c1,p06,l3,0.0
i49,e10,c1,p07,l3,0.0
i49,e10,c1,p08,l3,0.0
i49,e10,c1,p09,l3,0.0
i49,e10,c1,p10,l3,0.0
i49,e10,c1,p11,l3,0.0
i49,e10,c1,p12,l3,0.0
i49,e10,c1,p13,l3,0.0
i49,e10,c1,p14,l3,0.0
i49,e10,c1,p15,l3,0.0
i49,e10,c1,p16,l3,0.0
i49,e10,c1,p17,l3,0.0
i49,e10,c1,p18,l3,0.0
i49,e10,c1,p19,l3,0.0
i49,e10,c1,p20,l3,0.0
i49,e10,c1,p21,l3,0.0
i49,e10,c1,p22,l3,0.0
i49,e10,c1,p23,l3,0.0
i49,e10,c1,p24,l3,0.0
i49,e10,c1,p25,l3,0.0
i49,e10,c1,p27,l3,0.0
i49,e10,c1,p28,l3,0.0
i49,e10,c1,p29,l3,0.0
i49,e10,c1,p32,l3,0.0
i49,e10,c1,p33,l3,130.0
i49,e10,c1,p34,l3,0.0
i49,e10,c1,p35,l3,0.0
i49,e10,c4,p01,l3,0.0
i49,e10,c4,p02,l3,0.0
i49,e10,c4,p03,l3,0.0
i49,e10,c4,p04,l3,0.0
i49,e10,c4,p05,l3,0.0
i49,e10,c4,p07,l3,0.0
i49,e10,c4,p10,l3,0.0
i49,e10,c4,p11,l3,0.0
i49,e10,c4,p12,l3,0.0
i49,e10,c4,p13,l3,0.0
i49,e10,c4,p14,l3,0.0
i49,e10,c4,p16,l3,0.0
i49,e10,c4,p19,l3,0.0
i49,e10,c4,p21,l3,0.0
i49,e10,c4,p33,l3,0.0
i49,e10,c4,p35,l3,0.0
i49,e11,c1,p01,l2,0.0
i49,e11,c1,p01,l3,2.0
i49,e11,c1,p03,l3,0.0
i49,e11,c1,p09,l2,0.0
i49,e11,c1,p10,l3,0.0
i49,e11,c1,p13,l2,0.0
i49,e11,c1,p13,l3,0.0
i49,e11,c1,p14,l3,0.0
i49,e11,c1,p17,l2,0.0
i49,e11,c1,p17,l3,0.0
i49,e11,c1,p18,l2,0.0
i49,e11,c1,p18,l3,0.0
i49,e11,c1,p19,l2,0.0
i49,e11,c1,p19,l3,0.0
i49,e11,c1,p20,l3,0.0
i49,e11,c1,p21,l2,0.0
i49,e11,c1,p21,l3,0.0
i49,e11,c1,p23,l3,0.0
i49,e11,c1,p29,l3,0.0
i49,e11,c1,p33,l2,0.0
i49,e11,c1,p33,l3,0.0
i49,e11,c1,p35,l2,0.0
i49,e11,c1,p35,l3,0.0
i49,e11,c4,p01,l2,0.0
i49,e11,c4,p01,l3,0.0
i49,e11,c4,p05,l3,0.0
i49,e11,c4,p33,l2,0.0
i49,e11,c4,p33,l3,0.0
i49,e11,c4,p35,l3,0.0
i49,e12,c1,p01,l3,0.0
i49,e12,c1,p33,l3,0.0
i49,e12,c1,p35,l3,0.0
i49,e12,c4,p33,l3,0.0
i50,e01,c1,p05,l3,0.0
i50,e01,c1,p06,l3,0.0
i50,e01,c1,p07,l3,0.0
i50,e01,c1,p08,l3,0.0
i50,e01,c1,p09,l3,0.0
i50,e01,c1,p10,l3,0.0
i50,e01,c1,p11,l3,0.0
i50,e01,c1,p12,l3,0.0
i50,e01,c1,p13,l3,0.0
i50,e01,c1,p14,l3,0.0
i50,e01,c1,p15,l3,0.0
i50,e01,c1,p16,l3,0.0
i50,e01,c1,p17,l3,0.0
i50,e01,c1,p18,l3,0.0
i50,e01,c1,p19,l3,0.0
i50,e01,c1,p20,l3,0.0
i50,e01,c1,p21,l3,0.0
i50,e01,c1,p22,l3,0.0
i50,e01,c1,p23,l3,0.0
i50,e01,c1,p24,l3,0.0
i50,e01,c1,p25,l3,0.0
i50,e01,c1,p26,l3,0.0
i50,e01,c1,p28,l3,0.0
i50,e01,c1,p29,l3,0.0
i50,e01,c1,p31,l3,0.0
i50,e01,c1,p32,l3,0.0
i50,e01,c1,p33,l3,0.0
i50,e01,c1,p34,l3,0.0
i50,e01,c1,p35,l3,0.0
i50,e04,c1,p03,l3,0.0
i50,e04,c1,p05,l1,0.0
i50,e04,c1,p05,l3,0.0
i50,e04,c1,p06,l1,0.0
i50,e04,c1,p06,l3,0.0
i50,e04,c1,p07,l1,0.0
i50,e04,c1,p07,l3,0.0
i50,e04,c1,p08,l1,0.0
i50,e04,c1,p08,l3,0.0
i50,e04,c1,p09,l1,0.0
i50,e04,c1,p09,l3,0.0
i50,e04,c1,p10,l1,0.0
i50,e04,c1,p10,l3,0.0
i50,e04,c1,p11,l1,0.0
i50,e04,c1,p11,l3,0.0
i50,e04,c1,p12,l1,0.0
i50,e04,c1,p12,l3,0.0
i50,e04,c1,p13,l1,0.0
i50,e04,c1,p13,l3,0.0
i50,e04,c1,p14,l1,0.0
i50,e04,c1,p14,l3,0.0
i50,e04,c1,p15,l1,0.0
i50,e04,c1,p15,l3,0.0
i50,e04,c1,p16,l1,0.0
i50,e04,c1,p16,l3,0.0
i50,e04,c1,p17,l3,0.0
i50,e04,c1,p18,l1,0.0
i50,e04,c1,p18,l3,0.0
i50,e04,c1,p19,l1,0.0
i50,e04,c1,p19,l3,0.0
i50,e04,c1,p20,l1,0.0
i50,e04,c1,p20,l3,0.0
i50,e04,c1,p21,l1,0.0
i50,e04,c1,p21,l3,0.0
i50,e04,c1,p22,l1,0.0
i50,e04,c1,p22,l3,0.0
i50,e04,c1,p23,l1,0.0
i50,e04,c1,p23,l3,0.0
i50,e04,c1,p24,l1,0.0
i50,e04,c1,p24,l3,0.0
i50,e04,c1,p25,l1,0.0
i50,e04,c1,p25,l3,0.0
i50,e04,c1,p26,l1,0.0
i50,e04,c1,p26,l3,0.0
i50,e04,c1,p28,l1,0.0
i50,e04,c1,p28,l3,0.0
i50,e04,c1,p29,l1,0.0
i50,e04,c1,p29,l3,0.0
i50,e04,c1,p31,l3,0.0
i50,e04,c1,p32,l1,0.0
i50,e04,c1,p32,l3,0.0
i50,e04,c1,p33,l3,0.0
i50,e04,c1,p34,l3,0.0
i50,e04,c1,p35,l1,0.0
i50,e04,c1,p35,l3,0.0
i50,e05,c1,p05,l3,0.0
i50,e05,c1,p06,l3,0.0
i50,e05,c1,p09,l1,0.0
i50,e05,c1,p10,l1,0.0
i50,e05,c1,p10,l3,0.0
i50,e05,c1,p15,l1,0.0
i50,e05,c1,p15,l3,0.0
i50,e05,c1,p18,l3,0.0
i50,e05,c1,p19,l1,0.0
i50,e05,c1,p23,l3,0.0
i50,e05,c1,p25,l3,0.0
i50,e05,c1,p26,l3,0.0
i50,e05,c1,p35,l1,0.0
i50,e05,c1,p35,l3,0.0
i50,e09,c1,p05,l2,0.0
i50,e09,c1,p05,l3,0.0
i50,e09,c1,p06,l2,0.0
i50,e09,c1,p06,l3,0.0
i50,e09,c1,p07,l2,0.0
i50,e09,c1,p07,l3,0.0
i50,e09,c1,p08,l2,0.0
i50,e09,c1,p08,l3,0.0
i50,e09,c1,p09,l2,0.0
i50,e09,c1,p09,l3,0.0
i50,e09,c1,p10,l2,0.0
i50,e09,c1,p10,l3,0.0
i50,e09,c1,p11,l2,0.0
i50,e09,c1,p11,l3,0.0
i50,e09,c1,p12,l2,0.0
i50,e09,c1,p12,l3,0.0
i50,e09,c1,p13,l2,0.0
i50,e09,c1,p13,l3,0.0
i50,e09,c1,p14,l2,0.0
i50,e09,c1,p14,l3,0.0
i50,e09,c1,p15,l2,0.0
i50,e09,c1,p15,l3,0.0
i50,e09,c1,p16,l2,0.0
i50,e09,c1,p16,l3,0.0
i50,e09,c1,p17,l3,0.0
i50,e09,c1,p18,l2,0.0
i50,e09,c1,p18,l3,0.0
i50,e09,c1,p19,l2,0.0
i50,e09,c1,p19,l3,0.0
i50,e09,c1,p20,l2,0.0
i50,e09,c1,p20,l3,0.0
i50,e09,c1,p21,l2,0.0
i50,e09,c1,p21,l3,0.0
i50,e09,c1,p22,l2,0.0
i50,e09,c1,p22,l3,0.0
i50,e09,c1,p23,l2,0.0
i50,e09,c1,p23,l3,0.0
i50,e09,c1,p24,l2,0.0
i50,e09,c1,p24,l3,0.0
i50,e09,c1,p25,l2,0.0
i50,e09,c1,p25,l3,0.0
i50,e09,c1,p26,l2,0.0
i50,e09,c1,p26,l3,0.0
i50,e09,c1,p28,l2,0.0
i50,e09,c1,p28,l3,0.0
i50,e09,c1,p29,l2,0.0
i50,e09,c1,p29,l3,0.0
i50,e09,c1,p31,l3,0.0
i50,e09,c1,p32,l2,0.0
i50,e09,c1,p32,l3,0.0
i50,e09,c1,p33,l3,0.0
i50,e09,c1,p34,l3,0.0
i50,e09,c1,p35,l2,0.0
i50,e09,c1,p35,l3,0.0
i50,e12,c1,p35,l3,0.0
i51,e01,c4,p35,l3,0.0
i51,e04,c4,p35,l1,0.0
i51,e04,c4,p35,l3,0.0
i51,e05,c4,p35,l3,0.0
i51,e08,c4,p35,l2,0.0
i51,e08,c4,p35,l3,0.0
i51,e09,c4,p35,l2,0.0
i51,e09,c4,p35,l3,0.0
i51,e10,c4,p35,l1,0.0
i51,e10,c4,p35,l3,0.0
i51,e11,c4,p35,l3,0.0
i52,e01,c3,p01,l3,0.0
i52,e01,c3,p10,l3,0.0
i52,e01,c3,p35,l3,0.0
i52,e01,c5,p10,l3,0.0
i52,e01,c5,p35,l3,0.0
i52,e02,c3,p10,l3,0.0
i52,e02,c3,p35,l3,0.0
i52,e02,c5,p35,l3,0.0
i52,e04,c3,p01,l3,0.0
i52,e04,c3,p10,l1,0.0
i52,e04,c3,p10,l3,0.0
i52,e04,c3,p35,l1,0.0
i52,e04,c3,p35,l3,0.0
i52,e04,c5,p10,l3,0.0
i52,e04,c5,p35,l3,0.0
i52,e05,c3,p10,l3,0.0
i52,e05,c3,p35,l3,0.0
i52,e08,c3,p01,l3,0.0
i52,e08,c3,p10,l3,0.0
i52,e08,c3,p35,l3,0.0
i52,e08,c5,p10,l3,0.0
i52,e08,c5,p35,l3,0.0
i52,e09,c3,p01,l3,0.0
i52,e09,c3,p10,l3,0.0
i52,e09,c3,p35,l2,0.0
i52,e09,c3,p35,l3,0.0
i52,e09,c5,p10,l3,0.0
i52,e09,c5,p35,l3,0.0
i52,e11,c3,p01,l3,0.0
i52,e11,c3,p10,l3,0.0
i52,e11,c3,p35,l3,0.0
i53,e01,c5,p35,l3,0.0
i53,e02,c5,p35,l3,0.0
i53,e03,c5,p35,l3,0.0
i53,e04,c5,p35,l3,0.0
i53,e05,c5,p35,l3,0.0
i53,e08,c5,p35,l3,0.0
i53,e09,c5,p35,l3,0.0
i53,e11,c5,p35,l3,0.0
i53,e12,c5,p35,l3,0.0
i53,e13,c5,p10,l3,0.0
i53,e13,c5,p35,l3,0.0
i54,e01,c1,p35,l3,3.0
i54,e01,c4,p35,l3,0.0
i54,e04,c1,p35,l3,1.0
i54,e04,c4,p35,l3,0.0
i54,e05,c1,p35,l3,0.0
i54,e09,c1,p35,l3,0.0
i54,e09,c4,p35,l3,0.0
i54,e12,c1,p35,l3,0.0
i55,e01,c3,p10,l3,0.0
i55,e01,c5,p01,l3,0.0
i55,e01,c5,p03,l3,0.0
i55,e01,c5,p06,l3,0.0
i55,e01,c5,p10,l3,0.0
i55,e01,c5,p33,l3,0.0
i55,e01,c5,p35,l3,0.0
i55,e02,c5,p03,l3,0.0
i55,e02,c5,p10,l3,0.0
i55,e02,c5,p35,l3,0.0
i55,e03,c3,p10,l3,0.0
i55,e03,c5,p01,l3,0.0
i55,e03,c5,p03,l3,0.0
i55,e03,c5,p06,l3,0.0
i55,e03,c5,p10,l3,0.0
i55,e03,c5,p19,l3,0.0
i55,e03,c5,p24,l3,0.0
i55,e03,c5,p33,l3,0.0
i55,e03,c5,p35,l3,0.0
i55,e04,c3,p10,l3,0.0
i55,e04,c5,p01,l3,0.0
i55,e04,c5,p03,l3,0.0
i55,e04,c5,p06,l3,0.0
i55,e04,c5,p10,l3,0.0
i55,e04,c5,p19,l3,0.0
i55,e04,c5,p33,l3,0.0
i55,e04,c5,p35,l3,0.0
i55,e05,c3,p10,l3,0.0
i55,e05,c5,p01,l3,0.0
i55,e05,c5,p03,l3,0.0
i55,e05,c5,p10,l3,0.0
i55,e05,c5,p24,l3,0.0
i55,e05,c5,p33,l3,0.0
i55,e05,c5,p35,l3,0.0
i55,e07,c5,p01,l3,0.0
i55,e07,c5,p06,l3,0.0
i55,e07,c5,p10,l3,0.0
i55,e07,c5,p35,l3,0.0
i55,e08,c3,p10,l3,0.0
i55,e08,c5,p01,l3,0.0
i55,e08,c5,p03,l3,0.0
i55,e08,c5,p06,l3,0.0
i55,e08,c5,p10,l3,0.0
i55,e08,c5,p19,l3,0.0
i55,e08,c5,p33,l3,0.0
i55,e08,c5,p35,l3,0.0
i55,e09,c3,p10,l3,0.0
i55,e09,c5,p01,l3,0.0
i55,e09,c5,p03,l3,0.0
i55,e09,c5,p06,l3,0.0
i55,e09,c5,p10,l3,0.0
i55,e09,c5,p33,l3,0.0
i55,e09,c5,p35,l3,0.0
i55,e12,c3,p10,l3,0.0
i55,e12,c5,p01,l3,0.0
i55,e12,c5,p03,l3,0.0
i55,e12,c5,p06,l3,0.0
i55,e12,c5,p10,l3,0.0
i55,e12,c5,p35,l3,0.0
i55,e13,c3,p10,l3,0.0
i55,e13,c5,p01,l3,0.0
i55,e13,c5,p03,l3,0.0
i55,e13,c5,p06,l3,0.0
i55,e13,c5,p10,l3,0.0
i55,e13,c5,p19,l3,0.0
i55,e13,c5,p24,l3,0.0
i55,e13,c5,p35,l3,0.0
i56,e01,c5,p10,l3,0.0
i56,e01,c5,p35,l3,0.0
i56,e02,c3,p10,l3,0.0
i56,e02,c5,p10,l3,0.0
i56,e04,c5,p01,l3,0.0
i56,e04,c5,p10,l3,0.0
i56,e04,c5,p35,l3,0.0
i56,e05,c3,p10,l3,0.0
i56,e05,c5,p01,l3,0.0
i56,e05,c5,p10,l3,0.0
i56,e05,c5,p35,l3,0.0
i56,e07,c3,p10,l3,0.0
i56,e07,c5,p10,l3,0.0
i56,e07,c5,p35,l3,0.0
i56,e08,c5,p01,l3,0.0
i56,e08,c5,p10,l3,0.0
i56,e08,c5,p16,l3,0.0
i56,e08,c5,p35,l3,0.0
i56,e09,c3,p10,l3,0.0
i56,e09,c5,p10,l3,0.0
i56,e09,c5,p35,l3,0.0
i56,e11,c3,p10,l3,0.0
i56,e11,c5,p03,l3,0.0
i56,e11,c5,p10,l3,0.0
i56,e11,c5,p35,l3,0.0
i56,e12,c5,p10,l3,0.0
i56,e12,c5,p35,l3,0.0
i57,e12,c2,p10,l3,0.0
i57,e12,c8,p01,l3,0.0
i57,e12,c8,p03,l3,0.0
i57,e12,c8,p04,l3,0.0
i57,e12,c8,p05,l3,0.0
i57,e12,c8,p07,l3,0.0
i57,e12,c8,p10,l3,0.0
i57,e12,c8,p11,l3,0.0
i57,e12,c8,p15,l3,0.0
i57,e12,c8,p16,l3,0.0
i57,e12,c8,p19,l3,0.0
i57,e12,c8,p20,l3,0.0
i57,e12,c8,p21,l3,0.0
i57,e12,c8,p22,l3,0.0
i57,e12,c8,p33,l3,0.0
i58,e01,c5,p10,l3,0.0
i58,e01,c5,p35,l3,0.0
i58,e03,c5,p10,l3,0.0
i58,e03,c5,p35,l3,0.0
i58,e04,c5,p10,l3,0.0
i58,e04,c5,p35,l3,0.0
i58,e05,c3,p35,l3,0.0
i58,e05,c5,p10,l3,0.0
i58,e05,c5,p35,l3,0.0
i58,e07,c5,p35,l3,0.0
i58,e08,c3,p35,l3,0.0
i58,e08,c5,p10,l3,0.0
i58,e08,c5,p35,l3,0.0
i58,e09,c5,p10,l3,0.0
i58,e09,c5,p35,l3,0.0
i58,e11,c5,p10,l3,0.0
i58,e11,c5,p35,l3,0.0
i58,e12,c5,p10,l3,0.0
i58,e12,c5,p35,l3,0.0
i59,e01,c3,p01,l3,0.0
i59,e01,c3,p10,l3,0.0
i59,e01,c3,p16,l3,0.0
i59,e01,c3,p21,l3,0.0
i59,e01,c3,p35,l3,0.0
i59,e01,c5,p01,l3,0.0
i59,e01,c5,p02,l3,0.0
i59,e01,c5,p03,l3,0.0
i59,e01,c5,p04,l3,0.0
i59,e01,c5,p05,l3,0.0
i59,e01,c5,p06,l3,0.0
i59,e01,c5,p07,l3,0.0
i59,e01,c5,p08,l3,0.0
i59,e01,c5,p10,l3,0.0
i59,e01,c5,p11,l3,0.0
i59,e01,c5,p12,l3,0.0
i59,e01,c5,p13,l3,0.0
i59,e01,c5,p14,l3,0.0
i59,e01,c5,p15,l3,0.0
i59,e01,c5,p16,l3,0.0
i59,e01,c5,p17,l3,0.0
i59,e01,c5,p18,l3,0.0
i59,e01,c5,p19,l3,0.0
i59,e01,c5,p20,l3,0.0
i59,e01,c5,p21,l3,0.0
i59,e01,c5,p22,l3,0.0
i59,e01,c5,p23,l3,0.0
i59,e01,c5,p24,l3,0.0
i59,e01,c5,p25,l3,0.0
i59,e01,c5,p28,l3,0.0
i59,e01,c5,p29,l3,0.0
i59,e01,c5,p32,l3,0.0
i59,e01,c5,p33,l3,0.0
i59,e01,c5,p35,l3,0.0
i59,e02,c3,p10,l3,0.0
i59,e02,c5,p01,l1,0.0
i59,e02,c5,p01,l3,0.0
i59,e02,c5,p10,l1,0.0
i59,e02,c5,p10,l3,0.0
i59,e02,c5,p12,l1,0.0
i59,e02,c5,p12,l3,0.0
i59,e02,c5,p19,l3,0.0
i59,e02,c5,p21,l3,0.0
i59,e02,c5,p35,l3,0.0
i59,e04,c3,p01,l3,0.0
i59,e04,c3,p10,l3,0.0
i59,e04,c3,p11,l3,0.0
i59,e04,c3,p35,l3,0.0
i59,e04,c5,p01,l1,0.0
i59,e04,c5,p01,l3,0.0
i59,e04,c5,p02,l3,0.0
i59,e04,c5,p03,l3,0.0
i59,e04,c5,p04,l3,0.0
i59,e04,c5,p05,l3,0.0
i59,e04,c5,p06,l1,0.0
i59,e04,c5,p06,l3,0.0
i59,e04,c5,p07,l3,0.0
i59,e04,c5,p08,l3,0.0
i59,e04,c5,p09,l3,0.0
i59,e04,c5,p10,l1,0.0
i59,e04,c5,p10,l3,0.0
i59,e04,c5,p11,l3,0.0
i59,e04,c5,p12,l1,0.0
i59,e04,c5,p12,l3,0.0
i59,e04,c5,p13,l3,0.0
i59,e04,c5,p14,l3,0.0
i59,e04,c5,p15,l1,0.0
i59,e04,c5,p15,l3,0.0
i59,e04,c5,p16,l3,0.0
i59,e04,c5,p17,l3,0.0
i59,e04,c5,p18,l3,0.0
i59,e04,c5,p19,l1,0.0
i59,e04,c5,p19,l3,0.0
i59,e04,c5,p20,l3,0.0
i59,e04,c5,p21,l1,0.0
i59,e04,c5,p21,l3,0.0
i59,e04,c5,p22,l3,0.0
i59,e04,c5,p23,l3,0.0
i59,e04,c5,p24,l3,0.0
i59,e04,c5,p25,l3,0.0
i59,e04,c5,p28,l1,0.0
i59,e04,c5,p28,l3,0.0
i59,e04,c5,p29,l3,0.0
i59,e04,c5,p30,l3,0.0
i59,e04,c5,p32,l3,0.0
i59,e04,c5,p33,l3,0.0
i59,e04,c5,p35,l1,0.0
i59,e04,c5,p35,l3,0.0
i59,e05,c3,p01,l3,0.0
i59,e05,c3,p10,l1,0.0
i59,e05,c3,p10,l3,0.0
i59,e05,c3,p35,l1,0.0
i59,e05,c3,p35,l3,0.0
i59,e05,c5,p01,l1,0.0
i59,e05,c5,p01,l3,0.0
i59,e05,c5,p02,l3,0.0
i59,e05,c5,p03,l3,0.0
i59,e05,c5,p04,l3,0.0
i59,e05,c5,p05,l3,0.0
i59,e05,c5,p06,l3,0.0
i59,e05,c5,p10,l1,0.0
i59,e05,c5,p10,l3,0.0
i59,e05,c5,p11,l3,0.0
i59,e05,c5,p12,l1,0.0
i59,e05,c5,p12,l3,0.0
i59,e05,c5,p13,l1,0.0
i59,e05,c5,p13,l3,0.0
i59,e05,c5,p15,l1,0.0
i59,e05,c5,p15,l3,0.0
i59,e05,c5,p16,l3,0.0
i59,e05,c5,p17,l3,0.0
i59,e05,c5,p19,l1,0.0
i59,e05,c5,p19,l3,0.0
i59,e05,c5,p21,l1,0.0
i59,e05,c5,p21,l3,0.0
i59,e05,c5,p23,l3,0.0
i59,e05,c5,p24,l3,0.0
i59,e05,c5,p25,l3,0.0
i59,e05,c5,p26,l1,0.0
i59,e05,c5,p28,l3,0.0
i59,e05,c5,p30,l3,0.0
i59,e05,c5,p33,l3,0.0
i59,e05,c5,p35,l1,0.0
i59,e05,c5,p35,l3,0.0
i59,e07,c3,p35,l3,0.0
i59,e07,c5,p01,l3,0.0
i59,e07,c5,p05,l3,0.0
i59,e07,c5,p06,l3,0.0
i59,e07,c5,p07,l2,0.0
i59,e07,c5,p07,l3,0.0
i59,e07,c5,p08,l3,0.0
i59,e07,c5,p10,l2,0.0
i59,e07,c5,p10,l3,1.0
i59,e07,c5,p11,l3,0.0
i59,e07,c5,p12,l2,0.0
i59,e07,c5,p12,l3,0.0
i59,e07,c5,p15,l3,0.0
i59,e07,c5,p18,l3,0.0
i59,e07,c5,p19,l3,0.0
i59,e07,c5,p21,l3,0.0
i59,e07,c5,p28,l3,0.0
i59,e07,c5,p31,l3,0.0
i59,e07,c5,p35,l3,0.0
i59,e08,c3,p10,l2,0.0
i59,e08,c3,p10,l3,0.0
i59,e08,c3,p19,l3,0.0
i59,e08,c3,p21,l3,0.0
i59,e08,c3,p35,l2,0.0
i59,e08,c3,p35,l3,0.0
i59,e08,c5,p01,l2,0.0
i59,e08,c5,p01,l3,0.0
i59,e08,c5,p02,l3,0.0
i59,e08,c5,p03,l3,0.0
i59,e08,c5,p04,l2,0.0
i59,e08,c5,p04,l3,0.0
i59,e08,c5,p05,l3,0.0
i59,e08,c5,p06,l2,0.0
i59,e08,c5,p06,l3,0.0
i59,e08,c5,p07,l2,0.0
i59,e08,c5,p07,l3,0.0
i59,e08,c5,p08,l2,0.0
i59,e08,c5,p08,l3,0.0
i59,e08,c5,p09,l3,0.0
i59,e08,c5,p10,l2,0.0
i59,e08,c5,p10,l3,0.0
i59,e08,c5,p11,l2,0.0
i59,e08,c5,p11,l3,0.0
i59,e08,c5,p12,l2,0.0
i59,e08,c5,p12,l3,0.0
i59,e08,c5,p13,l3,0.0
i59,e08,c5,p14,l2,0.0
i59,e08,c5,p14,l3,0.0
i59,e08,c5,p15,l2,0.0
i59,e08,c5,p15,l3,0.0
i59,e08,c5,p16,l2,0.0
i59,e08,c5,p16,l3,0.0
i59,e08,c5,p17,l2,0.0
i59,e08,c5,p17,l3,0.0
i59,e08,c5,p18,l3,0.0
i59,e08,c5,p19,l2,0.0
i59,e08,c5,p19,l3,0.0
i59,e08,c5,p20,l3,0.0
i59,e08,c5,p21,l2,0.0
i59,e08,c5,p21,l3,0.0
i59,e08,c5,p22,l3,0.0
i59,e08,c5,p23,l2,0.0
i59,e08,c5,p23,l3,0.0
i59,e08,c5,p24,l2,0.0
i59,e08,c5,p24,l3,0.0
i59,e08,c5,p25,l2,0.0
i59,e08,c5,p25,l3,0.0
i59,e08,c5,p26,l2,0.0
i59,e08,c5,p28,l2,0.0
i59,e08,c5,p28,l3,0.0
i59,e08,c5,p29,l3,0.0
i59,e08,c5,p30,l3,0.0
i59,e08,c5,p31,l3,0.0
i59,e08,c5,p32,l3,0.0
i59,e08,c5,p33,l3,0.0
i59,e08,c5,p35,l2,0.0
i59,e08,c5,p35,l3,0.0
i59,e09,c3,p01,l3,0.0
i59,e09,c3,p10,l3,0.0
i59,e09,c3,p35,l3,0.0
i59,e09,c5,p01,l2,0.0
i59,e09,c5,p01,l3,0.0
i59,e09,c5,p02,l3,0.0
i59,e09,c5,p03,l3,0.0
i59,e09,c5,p04,l3,0.0
i59,e09,c5,p05,l3,0.0
i59,e09,c5,p06,l3,0.0
i59,e09,c5,p07,l3,0.0
i59,e09,c5,p08,l3,0.0
i59,e09,c5,p10,l2,0.0
i59,e09,c5,p10,l3,0.0
i59,e09,c5,p11,l3,0.0
i59,e09,c5,p12,l2,0.0
i59,e09,c5,p12,l3,0.0
i59,e09,c5,p13,l3,0.0
i59,e09,c5,p14,l3,0.0
i59,e09,c5,p15,l2,0.0
i59,e09,c5,p15,l3,0.0
i59,e09,c5,p16,l3,0.0
i59,e09,c5,p17,l3,0.0
i59,e09,c5,p18,l3,0.0
i59,e09,c5,p19,l2,0.0
i59,e09,c5,p19,l3,0.0
i59,e09,c5,p21,l2,0.0
i59,e09,c5,p21,l3,0.0
i59,e09,c5,p22,l3,0.0
i59,e09,c5,p23,l3,0.0
i59,e09,c5,p24,l3,0.0
i59,e09,c5,p25,l3,0.0
i59,e09,c5,p28,l2,0.0
i59,e09,c5,p28,l3,0.0
i59,e09,c5,p29,l3,0.0
i59,e09,c5,p30,l3,0.0
i59,e09,c5,p32,l3,0.0
i59,e09,c5,p33,l3,0.0
i59,e09,c5,p35,l2,0.0
i59,e09,c5,p35,l3,0.0
i59,e11,c3,p10,l2,0.0
i59,e11,c3,p10,l3,0.0
i59,e11,c5,p01,l2,0.0
i59,e11,c5,p01,l3,0.0
i59,e11,c5,p03,l3,0.0
i59,e11,c5,p04,l3,0.0
i59,e11,c5,p05,l3,0.0
i59,e11,c5,p07,l3,0.0
i59,e11,c5,p08,l3,0.0
i59,e11,c5,p10,l2,0.0
i59,e11,c5,p10,l3,0.0
i59,e11,c5,p11,l2,0.0
i59,e11,c5,p11,l3,0.0
i59,e11,c5,p12,l2,0.0
i59,e11,c5,p12,l3,0.0
i59,e11,c5,p14,l3,0.0
i59,e11,c5,p15,l2,0.0
i59,e11,c5,p15,l3,0.0
i59,e11,c5,p16,l3,0.0
i59,e11,c5,p18,l3,0.0
i59,e11,c5,p19,l2,0.0
i59,e11,c5,p19,l3,0.0
i59,e11,c5,p21,l2,0.0
i59,e11,c5,p21,l3,0.0
i59,e11,c5,p22,l3,0.0
i59,e11,c5,p23,l3,0.0
i59,e11,c5,p25,l2,0.0
i59,e11,c5,p28,l2,0.0
i59,e11,c5,p28,l3,0.0
i59,e11,c5,p35,l2,0.0
i59,e11,c5,p35,l3,0.0
i59,e12,c3,p13,l3,0.0
i59,e12,c3,p16,l3,0.0
i59,e12,c5,p01,l3,0.0
i59,e12,c5,p03,l3,0.0
i59,e12,c5,p04,l3,0.0
i59,e12,c5,p05,l3,0.0
i59,e12,c5,p06,l3,0.0
i59,e12,c5,p07,l3,0.0
i59,e12,c5,p10,l3,2.0
i59,e12,c5,p11,l3,0.0
i59,e12,c5,p12,l3,0.0
i59,e12,c5,p13,l3,0.0
i59,e12,c5,p14,l3,0.0
i59,e12,c5,p15,l3,0.0
i59,e12,c5,p16,l3,0.0
i59,e12,c5,p19,l3,0.0
i59,e12,c5,p20,l3,0.0
i59,e12,c5,p21,l3,0.0
i59,e12,c5,p25,l3,0.0
i59,e12,c5,p26,l3,0.0
i59,e12,c5,p28,l3,0.0
i59,e12,c5,p29,l3,0.0
i59,e12,c5,p35,l3,0.0
i60,e01,c3,p10,l3,0.0
i60,e01,c5,p10,l3,0.0
i60,e01,c5,p35,l3,0.0
i60,e02,c3,p10,l3,0.0
i60,e02,c5,p10,l3,0.0
i60,e04,c3,p10,l3,0.0
i60,e04,c5,p10,l3,0.0
i60,e04,c5,p35,l3,0.0
i60,e05,c3,p10,l3,0.0
i60,e05,c5,p10,l3,0.0
i60,e05,c5,p35,l3,0.0
i60,e08,c3,p10,l3,0.0
i60,e08,c5,p10,l3,0.0
i60,e08,c5,p35,l3,0.0
i60,e09,c3,p10,l3,0.0
i60,e09,c5,p10,l3,0.0
i60,e09,c5,p35,l3,0.0
i60,e11,c3,p10,l3,0.0
i60,e11,c5,p10,l3,0.0
i61,e01,c1,p06,l3,0.0
i61,e01,c1,p12,l3,0.0
i61,e01,c1,p35,l3,0.0
i61,e01,c4,p35,l3,0.0
i61,e04,c1,p06,l3,0.0
i61,e04,c1,p12,l1,0.0
i61,e04,c1,p12,l3,0.0
i61,e04,c1,p35,l1,0.0
i61,e04,c1,p35,l3,0.0
i61,e04,c4,p35,l1,0.0
i61,e04,c4,p35,l3,0.0
i61,e05,c1,p35,l1,0.0
i61,e05,c1,p35,l3,1.0
i61,e05,c4,p35,l1,0.0
i61,e05,c4,p35,l3,0.0
i61,e06,c1,p35,l3,0.0
i61,e07,c1,p35,l2,0.0
i61,e07,c1,p35,l3,0.0
i61,e07,c4,p35,l2,0.0
i61,e07,c4,p35,l3,0.0
i61,e08,c1,p02,l3,0.0
i61,e08,c1,p05,l3,0.0
i61,e08,c1,p06,l3,0.0
i61,e08,c1,p12,l2,0.0
i61,e08,c1,p12,l3,0.0
i61,e08,c1,p21,l3,0.0
i61,e08,c1,p35,l2,0.0
i61,e08,c1,p35,l3,0.0
i61,e08,c4,p35,l2,0.0
i61,e08,c4,p35,l3,0.0
i61,e09,c1,p02,l3,0.0
i61,e09,c1,p06,l3,0.0
i61,e09,c1,p12,l3,0.0
i61,e09,c1,p35,l2,0.0
i61,e09,c1,p35,l3,0.0
i61,e09,c4,p35,l2,0.0
i61,e09,c4,p35,l3,0.0
i61,e10,c1,p35,l1,0.0
i61,e10,c1,p35,l3,0.0
i61,e10,c4,p35,l1,0.0
i61,e10,c4,p35,l3,0.0
i61,e11,c1,p35,l2,0.0
i61,e11,c1,p35,l3,0.0
i61,e11,c4,p35,l2,0.0
i61,e11,c4,p35,l3,0.0
i61,e12,c1,p35,l3,2.0
i61,e12,c4,p35,l3,0.0
i62,e01,c1,p35,l3,0.0
i62,e01,c4,p35,l3,0.0
i62,e04,c1,p35,l1,0.0
i62,e04,c1,p35,l3,0.0
i62,e04,c4,p35,l3,0.0
i62,e09,c1,p35,l2,0.0
i62,e09,c1,p35,l3,0.0
i62,e09,c4,p35,l3,0.0
i63,e01,c1,p01,l3,0.0
i63,e01,c1,p02,l3,0.0
i63,e01,c1,p03,l3,0.0
i63,e01,c1,p05,l3,0.0
i63,e01,c1,p10,l3,0.0
i63,e01,c1,p12,l3,0.0
i63,e01,c1,p24,l3,0.0
i63,e01,c1,p26,l3,0.0
i63,e01,c1,p30,l3,0.0
i63,e01,c1,p32,l3,0.0
i63,e01,c1,p35,l3,0.0
i63,e01,c4,p01,l3,0.0
i63,e01,c4,p10,l3,0.0
i63,e01,c7,p10,l3,0.0
i63,e03,c1,p01,l3,0.0
i63,e03,c1,p02,l3,0.0
i63,e03,c1,p03,l3,0.0
i63,e03,c1,p04,l3,0.0
i63,e03,c1,p05,l3,0.0
i63,e03,c1,p08,l3,0.0
i63,e03,c1,p10,l3,0.0
i63,e03,c1,p12,l3,0.0
i63,e03,c1,p15,l3,0.0
i63,e03,c1,p19,l3,0.0
i63,e03,c1,p24,l3,0.0
i63,e03,c1,p26,l3,0.0
i63,e03,c1,p28,l3,0.0
i63,e03,c1,p30,l3,0.0
i63,e03,c1,p32,l3,0.0
i63,e03,c1,p35,l3,0.0
i63,e03,c4,p01,l3,0.0
i63,e03,c4,p03,l3,0.0
i63,e03,c4,p10,l3,0.0
i63,e03,c4,p35,l3,0.0
i63,e03,c7,p01,l3,0.0
i63,e03,c7,p10,l3,0.0
i63,e03,c7,p15,l3,0.0
i63,e04,c1,p01,l3,0.0
i63,e04,c1,p02,l3,0.0
i63,e04,c1,p03,l3,0.0
i63,e04,c1,p05,l3,0.0
i63,e04,c1,p09,l3,0.0
i63,e04,c1,p10,l3,0.0
i63,e04,c1,p12,l3,0.0
i63,e04,c1,p15,l3,0.0
i63,e04,c1,p19,l3,0.0
i63,e04,c1,p26,l3,0.0
i63,e04,c1,p28,l3,0.0
i63,e04,c1,p30,l3,0.0
i63,e04,c1,p32,l3,0.0
i63,e04,c1,p35,l3,0.0
i63,e04,c4,p01,l3,0.0
i63,e04,c4,p10,l3,0.0
i63,e04,c7,p01,l3,0.0
i63,e04,c7,p10,l3,0.0
i63,e04,c7,p15,l3,0.0
i63,e05,c1,p01,l3,0.0
i63,e05,c1,p03,l3,0.0
i63,e05,c1,p10,l3,0.0
i63,e05,c1,p35,l3,0.0
i63,e05,c4,p01,l3,0.0
i63,e05,c4,p10,l3,0.0
i63,e06,c1,p01,l3,0.0
i63,e06,c1,p03,l3,0.0
i63,e06,c1,p05,l3,0.0
i63,e06,c1,p10,l3,0.0
i63,e06,c1,p12,l3,0.0
i63,e06,c1,p35,l3,0.0
i63,e06,c4,p10,l3,0.0
i63,e06,c7,p01,l3,0.0
i63,e06,c7,p10,l3,0.0
i63,e07,c1,p01,l3,0.0
i63,e07,c1,p10,l3,0.0
i63,e08,c1,p01,l3,0.0
i63,e08,c1,p02,l3,0.0
i63,e08,c1,p03,l3,0.0
i63,e08,c1,p04,l3,0.0
i63,e08,c1,p05,l3,0.0
i63,e08,c1,p06,l3,0.0
i63,e08,c1,p08,l3,0.0
i63,e08,c1,p09,l3,0.0
i63,e08,c1,p10,l3,0.0
i63,e08,c1,p12,l3,0.0
i63,e08,c1,p15,l3,0.0
i63,e08,c1,p19,l3,0.0
i63,e08,c1,p24,l3,0.0
i63,e08,c1,p26,l3,0.0
i63,e08,c1,p28,l3,0.0
i63,e08,c1,p30,l3,0.0
i63,e08,c1,p32,l3,0.0
i63,e08,c1,p35,l3,0.0
i63,e08,c4,p01,l3,0.0
i63,e08,c4,p03,l3,0.0
i63,e08,c4,p10,l3,0.0
i63,e08,c4,p35,l3,0.0
i63,e08,c7,p01,l3,0.0
i63,e08,c7,p10,l3,0.0
i63,e08,c7,p15,l3,0.0
i63,e09,c1,p01,l3,0.0
i63,e09,c1,p03,l3,0.0
i63,e09,c1,p10,l3,0.0
i63,e09,c1,p12,l3,0.0
i63,e09,c1,p24,l3,0.0
i63,e09,c1,p26,l3,0.0
i63,e09,c1,p30,l3,0.0
i63,e09,c1,p32,l3,0.0
i63,e09,c1,p35,l3,0.0
i63,e09,c4,p10,l3,0.0
i63,e09,c7,p10,l3,0.0
i63,e10,c1,p01,l1,0.0
i63,e10,c1,p01,l2,0.0
i63,e10,c1,p01,l3,0.0
i63,e10,c1,p01,l4,0.0
i63,e10,c1,p02,l3,0.0
i63,e10,c1,p02,l4,0.0
i63,e10,c1,p03,l1,0.0
i63,e10,c1,p03,l2,0.0
i63,e10,c1,p03,l3,0.0
i63,e10,c1,p03,l4,0.0
i63,e10,c1,p04,l1,0.0
i63,e10,c1,p04,l3,0.0
i63,e10,c1,p04,l4,0.0
i63,e10,c1,p05,l1,0.0
i63,e10,c1,p05,l2,0.0
i63,e10,c1,p05,l3,0.0
i63,e10,c1,p05,l4,0.0
i63,e10,c1,p06,l3,0.0
i63,e10,c1,p06,l4,0.0
i63,e10,c1,p08,l1,0.0
i63,e10,c1,p08,l2,0.0
i63,e10,c1,p08,l3,0.0
i63,e10,c1,p08,l4,0.0
i63,e10,c1,p09,l2,0.0
i63,e10,c1,p09,l3,0.0
i63,e10,c1,p09,l4,0.0
i63,e10,c1,p10,l1,0.0
i63,e10,c1,p10,l2,0.0
i63,e10,c1,p10,l3,0.0
i63,e10,c1,p10,l4,0.0
i63,e10,c1,p11,l3,0.0
i63,e10,c1,p11,l4,0.0
i63,e10,c1,p12,l1,0.0
i63,e10,c1,p12,l2,0.0
i63,e10,c1,p12,l3,0.0
i63,e10,c1,p12,l4,0.0
i63,e10,c1,p15,l3,0.0
i63,e10,c1,p15,l4,0.0
i63,e10,c1,p19,l3,0.0
i63,e10,c1,p19,l4,0.0
i63,e10,c1,p24,l3,0.0
i63,e10,c1,p24,l4,0.0
i63,e10,c1,p26,l1,0.0
i63,e10,c1,p26,l2,0.0
i63,e10,c1,p26,l3,0.0
i63,e10,c1,p26,l4,0.0
i63,e10,c1,p28,l1,0.0
i63,e10,c1,p28,l2,0.0
i63,e10,c1,p28,l3,0.0
i63,e10,c1,p28,l4,0.0
i63,e10,c1,p30,l1,0.0
i63,e10,c1,p30,l2,0.0
i63,e10,c1,p30,l3,0.0
i63,e10,c1,p30,l4,0.0
i63,e10,c1,p32,l2,0.0
i63,e10,c1,p32,l3,0.0
i63,e10,c1,p32,l4,0.0
i63,e10,c1,p35,l1,0.0
i63,e10,c1,p35,l2,0.0
i63,e10,c1,p35,l3,0.0
i63,e10,c1,p35,l4,0.0
i63,e10,c4,p01,l2,0.0
i63,e10,c4,p01,l3,0.0
i63,e10,c4,p01,l4,0.0
i63,e10,c4,p03,l2,0.0
i63,e10,c4,p03,l3,0.0
i63,e10,c4,p03,l4,0.0
i63,e10,c4,p10,l1,0.0
i63,e10,c4,p10,l2,0.0
i63,e10,c4,p10,l3,0.0
i63,e10,c4,p10,l4,0.0
i63,e10,c4,p35,l2,0.0
i63,e10,c4,p35,l3,0.0
i63,e10,c4,p35,l4,0.0
i63,e10,c7,p01,l1,0.0
i63,e10,c7,p01,l2,0.0
i63,e10,c7,p01,l3,0.0
i63,e10,c7,p01,l4,0.0
i63,e10,c7,p10,l1,0.0
i63,e10,c7,p10,l2,0.0
i63,e10,c7,p10,l3,0.0
i63,e10,c7,p10,l4,0.0
i63,e10,c7,p15,l1,0.0
i63,e10,c7,p15,l3,0.0
i63,e10,c7,p15,l4,0.0
i63,e11,c1,p01,l3,0.0
i63,e11,c1,p02,l3,0.0
i63,e11,c1,p03,l3,0.0
i63,e11,c1,p04,l3,0.0
i63,e11,c1,p05,l3,0.0
i63,e11,c1,p06,l3,0.0
i63,e11,c1,p08,l3,0.0
i63,e11,c1,p09,l3,0.0
i63,e11,c1,p10,l3,0.0
i63,e11,c1,p12,l3,0.0
i63,e11,c1,p15,l3,0.0
i63,e11,c1,p19,l3,0.0
i63,e11,c1,p24,l3,0.0
i63,e11,c1,p26,l3,0.0
i63,e11,c1,p28,l3,0.0
i63,e11,c1,p30,l3,0.0
i63,e11,c1,p32,l3,0.0
i63,e11,c1,p35,l3,0.0
i63,e11,c4,p01,l3,0.0
i63,e11,c4,p03,l3,0.0
i63,e11,c4,p10,l3,0.0
i63,e11,c4,p35,l3,0.0
i63,e11,c7,p01,l3,0.0
i63,e11,c7,p10,l3,0.0
i63,e11,c7,p15,l3,0.0
i63,e12,c1,p01,l3,0.0
i63,e12,c1,p10,l3,0.0
i63,e12,c1,p35,l3,0.0
i64,e01,c3,p01,l3,0.0
i64,e01,c3,p02,l3,0.0
i64,e01,c3,p03,l3,0.0
i64,e01,c3,p04,l3,0.0
i64,e01,c3,p05,l3,0.0
i64,e01,c3,p06,l3,0.0
i64,e01,c3,p07,l3,0.0
i64,e01,c3,p08,l3,0.0
i64,e01,c3,p09,l3,0.0
i64,e01,c3,p10,l3,0.0
i64,e01,c3,p11,l3,0.0
i64,e01,c3,p12,l3,0.0
i64,e01,c3,p13,l3,0.0
i64,e01,c3,p14,l3,0.0
i64,e01,c3,p15,l3,0.0
i64,e01,c3,p16,l3,0.0
i64,e01,c3,p17,l3,0.0
i64,e01,c3,p18,l3,0.0
i64,e01,c3,p19,l3,0.0
i64,e01,c3,p20,l3,0.0
i64,e01,c3,p21,l3,0.0
i64,e01,c3,p22,l3,0.0
i64,e01,c3,p23,l3,0.0
i64,e01,c3,p24,l3,0.0
i64,e01,c3,p28,l3,0.0
i64,e01,c3,p29,l3,0.0
i64,e01,c3,p35,l3,0.0
i64,e01,c5,p01,l3,0.0
i64,e01,c5,p03,l3,0.0
i64,e01,c5,p04,l3,0.0
i64,e01,c5,p05,l3,0.0
i64,e01,c5,p06,l3,0.0
i64,e01,c5,p10,l3,0.0
i64,e01,c5,p11,l3,0.0
i64,e01,c5,p12,l3,0.0
i64,e01,c5,p13,l3,0.0
i64,e01,c5,p14,l3,0.0
i64,e01,c5,p15,l3,0.0
i64,e01,c5,p16,l3,0.0
i64,e01,c5,p17,l3,0.0
i64,e01,c5,p18,l3,0.0
i64,e01,c5,p19,l3,0.0
i64,e01,c5,p20,l3,0.0
i64,e01,c5,p21,l3,0.0
i64,e01,c5,p22,l3,0.0
i64,e01,c5,p24,l3,0.0
i64,e01,c5,p29,l3,0.0
i64,e01,c5,p35,l3,0.0
i64,e02,c3,p02,l1,0.0
i64,e02,c3,p02,l3,0.0
i64,e02,c3,p04,l1,0.0
i64,e02,c3,p05,l3,0.0
i64,e02,c3,p07,l3,0.0
i64,e02,c3,p10,l1,0.0
i64,e02,c3,p10,l3,0.0
i64,e02,c3,p11,l3,0.0
i64,e02,c3,p12,l3,0.0
i64,e02,c3,p15,l3,0.0
i64,e02,c3,p16,l3,0.0
i64,e02,c3,p17,l3,0.0
i64,e02,c3,p19,l3,0.0
i64,e02,c3,p21,l3,0.0
i64,e02,c3,p35,l3,0.0
i64,e02,c5,p17,l3,0.0
i64,e04,c3,p01,l3,0.0
i64,e04,c3,p02,l1,0.0
i64,e04,c3,p02,l3,0.0
i64,e04,c3,p03,l1,0.0
i64,e04,c3,p03,l3,0.0
i64,e04,c3,p04,l1,0.0
i64,e04,c3,p04,l3,0.0
i64,e04,c3,p05,l1,0.0
i64,e04,c3,p05,l3,0.0
i64,e04,c3,p06,l1,0.0
i64,e04,c3,p06,l3,0.0
i64,e04,c3,p07,l1,0.0
i64,e04,c3,p07,l3,0.0
i64,e04,c3,p09,l3,0.0
i64,e04,c3,p10,l1,0.0
i64,e04,c3,p10,l3,0.0
i64,e04,c3,p11,l1,0.0
i64,e04,c3,p11,l3,0.0
i64,e04,c3,p12,l1,0.0
i64,e04,c3,p12,l3,0.0
i64,e04,c3,p13,l1,0.0
i64,e04,c3,p13,l3,0.0
i64,e04,c3,p14,l1,0.0
i64,e04,c3,p14,l3,0.0
i64,e04,c3,p15,l1,0.0
i64,e04,c3,p15,l3,0.0
i64,e04,c3,p16,l1,0.0
i64,e04,c3,p16,l3,0.0
i64,e04,c3,p17,l1,0.0
i64,e04,c3,p17,l3,0.0
i64,e04,c3,p18,l1,0.0
i64,e04,c3,p18,l3,0.0
i64,e04,c3,p19,l1,0.0
i64,e04,c3,p19,l3,0.0
i64,e04,c3,p20,l1,0.0
i64,e04,c3,p20,l3,0.0
i64,e04,c3,p21,l1,0.0
i64,e04,c3,p21,l3,0.0
i64,e04,c3,p22,l1,0.0
i64,e04,c3,p22,l3,0.0
i64,e04,c3,p23,l1,0.0
i64,e04,c3,p23,l3,0.0
i64,e04,c3,p24,l1,0.0
i64,e04,c3,p24,l3,0.0
i64,e04,c3,p28,l3,0.0
i64,e04,c3,p29,l1,0.0
i64,e04,c3,p29,l3,0.0
i64,e04,c3,p35,l1,0.0
i64,e04,c3,p35,l3,0.0
i64,e04,c5,p01,l3,0.0
i64,e04,c5,p03,l3,0.0
i64,e04,c5,p04,l3,0.0
i64,e04,c5,p05,l3,0.0
i64,e04,c5,p06,l3,0.0
i64,e04,c5,p07,l3,0.0
i64,e04,c5,p10,l1,0.0
i64,e04,c5,p10,l3,0.0
i64,e04,c5,p11,l3,0.0
i64,e04,c5,p12,l3,0.0
i64,e04,c5,p13,l1,0.0
i64,e04,c5,p13,l3,0.0
i64,e04,c5,p15,l3,0.0
i64,e04,c5,p17,l1,0.0
i64,e04,c5,p17,l3,0.0
i64,e04,c5,p18,l3,0.0
i64,e04,c5,p19,l3,0.0
i64,e04,c5,p20,l1,0.0
i64,e04,c5,p20,l3,0.0
i64,e04,c5,p21,l1,0.0
i64,e04,c5,p21,l3,0.0
i64,e04,c5,p22,l3,0.0
i64,e04,c5,p24,l3,0.0
i64,e04,c5,p29,l1,0.0
i64,e04,c5,p35,l1,0.0
i64,e04,c5,p35,l3,0.0
i64,e05,c3,p01,l3,0.0
i64,e05,c3,p02,l1,0.0
i64,e05,c3,p02,l3,0.0
i64,e05,c3,p03,l3,0.0
i64,e05,c3,p04,l1,0.0
i64,e05,c3,p04,l3,0.0
i64,e05,c3,p05,l1,0.0
i64,e05,c3,p05,l3,0.0
i64,e05,c3,p06,l1,0.0
i64,e05,c3,p06,l3,0.0
i64,e05,c3,p07,l1,0.0
i64,e05,c3,p07,l3,0.0
i64,e05,c3,p10,l1,0.0
i64,e05,c3,p10,l3,0.0
i64,e05,c3,p11,l1,0.0
i64,e05,c3,p11,l3,0.0
i64,e05,c3,p12,l1,0.0
i64,e05,c3,p12,l3,0.0
i64,e05,c3,p13,l1,0.0
i64,e05,c3,p13,l3,0.0
i64,e05,c3,p14,l3,0.0
i64,e05,c3,p15,l1,0.0
i64,e05,c3,p15,l3,0.0
i64,e05,c3,p16,l1,0.0
i64,e05,c3,p16,l3,0.0
i64,e05,c3,p17,l1,0.0
i64,e05,c3,p17,l3,0.0
i64,e05,c3,p18,l3,0.0
i64,e05,c3,p19,l1,0.0
i64,e05,c3,p19,l3,0.0
i64,e05,c3,p21,l1,0.0
i64,e05,c3,p21,l3,0.0
i64,e05,c3,p22,l1,0.0
i64,e05,c3,p22,l3,0.0
i64,e05,c3,p23,l1,0.0
i64,e05,c3,p23,l3,0.0
i64,e05,c3,p24,l3,0.0
i64,e05,c3,p28,l3,0.0
i64,e05,c3,p29,l1,0.0
i64,e05,c3,p29,l3,0.0
i64,e05,c3,p35,l1,0.0
i64,e05,c3,p35,l3,0.0
i64,e05,c5,p05,l3,0.0
i64,e05,c5,p10,l1,0.0
i64,e05,c5,p10,l3,0.0
i64,e05,c5,p11,l3,0.0
i64,e05,c5,p13,l3,0.0
i64,e05,c5,p16,l3,0.0
i64,e05,c5,p19,l3,0.0
i64,e05,c5,p20,l3,0.0
i64,e05,c5,p22,l3,0.0
i64,e05,c5,p24,l3,0.0
i64,e05,c5,p29,l3,0.0
i64,e05,c5,p35,l1,0.0
i64,e05,c5,p35,l3,0.0
i64,e08,c3,p01,l2,0.0
i64,e08,c3,p01,l3,0.0
i64,e08,c3,p02,l2,0.0
i64,e08,c3,p02,l3,0.0
i64,e08,c3,p03,l2,0.0
i64,e08,c3,p03,l3,0.0
i64,e08,c3,p04,l2,0.0
i64,e08,c3,p04,l3,0.0
i64,e08,c3,p05,l2,0.0
i64,e08,c3,p05,l3,0.0
i64,e08,c3,p06,l2,0.0
i64,e08,c3,p06,l3,0.0
i64,e08,c3,p07,l2,0.0
i64,e08,c3,p07,l3,0.0
i64,e08,c3,p09,l3,0.0
i64,e08,c3,p10,l2,0.0
i64,e08,c3,p10,l3,0.0
i64,e08,c3,p11,l2,0.0
i64,e08,c3,p11,l3,0.0
i64,e08,c3,p12,l2,0.0
i64,e08,c3,p12,l3,0.0
i64,e08,c3,p13,l2,0.0
i64,e08,c3,p13,l3,0.0
i64,e08,c3,p14,l2,0.0
i64,e08,c3,p14,l3,0.0
i64,e08,c3,p15,l2,0.0
i64,e08,c3,p15,l3,0.0
i64,e08,c3,p16,l2,0.0
i64,e08,c3,p16,l3,0.0
i64,e08,c3,p17,l2,0.0
i64,e08,c3,p17,l3,0.0
i64,e08,c3,p18,l2,0.0
i64,e08,c3,p18,l3,0.0
i64,e08,c3,p19,l2,0.0
i64,e08,c3,p19,l3,0.0
i64,e08,c3,p20,l2,0.0
i64,e08,c3,p20,l3,0.0
i64,e08,c3,p21,l2,0.0
i64,e08,c3,p21,l3,0.0
i64,e08,c3,p22,l2,0.0
i64,e08,c3,p22,l3,0.0
i64,e08,c3,p23,l2,0.0
i64,e08,c3,p23,l3,0.0
i64,e08,c3,p24,l2,0.0
i64,e08,c3,p24,l3,0.0
i64,e08,c3,p28,l3,0.0
i64,e08,c3,p29,l2,0.0
i64,e08,c3,p29,l3,0.0
i64,e08,c3,p35,l2,0.0
i64,e08,c3,p35,l3,0.0
i64,e08,c5,p01,l3,0.0
i64,e08,c5,p03,l3,0.0
i64,e08,c5,p04,l3,0.0
i64,e08,c5,p05,l2,0.0
i64,e08,c5,p05,l3,0.0
i64,e08,c5,p06,l3,0.0
i64,e08,c5,p10,l2,0.0
i64,e08,c5,p10,l3,0.0
i64,e08,c5,p11,l2,0.0
i64,e08,c5,p11,l3,0.0
i64,e08,c5,p12,l3,0.0
i64,e08,c5,p13,l3,0.0
i64,e08,c5,p15,l3,0.0
i64,e08,c5,p16,l2,0.0
i64,e08,c5,p16,l3,0.0
i64,e08,c5,p17,l2,0.0
i64,e08,c5,p17,l3,0.0
i64,e08,c5,p18,l3,0.0
i64,e08,c5,p19,l3,0.0
i64,e08,c5,p20,l3,0.0
i64,e08,c5,p21,l2,0.0
i64,e08,c5,p21,l3,0.0
i64,e08,c5,p22,l3,0.0
i64,e08,c5,p23,l2,0.0
i64,e08,c5,p23,l3,0.0
i64,e08,c5,p24,l2,0.0
i64,e08,c5,p24,l3,0.0
i64,e08,c5,p28,l3,0.0
i64,e08,c5,p35,l2,0.0
i64,e08,c5,p35,l3,0.0
i64,e09,c3,p01,l3,0.0
i64,e09,c3,p02,l2,0.0
i64,e09,c3,p02,l3,0.0
i64,e09,c3,p03,l2,0.0
i64,e09,c3,p03,l3,0.0
i64,e09,c3,p04,l2,0.0
i64,e09,c3,p04,l3,0.0
i64,e09,c3,p05,l2,0.0
i64,e09,c3,p05,l3,0.0
i64,e09,c3,p06,l2,0.0
i64,e09,c3,p06,l3,0.0
i64,e09,c3,p07,l2,0.0
i64,e09,c3,p07,l3,0.0
i64,e09,c3,p08,l3,0.0
i64,e09,c3,p09,l3,0.0
i64,e09,c3,p10,l2,0.0
i64,e09,c3,p10,l3,0.0
i64,e09,c3,p11,l2,0.0
i64,e09,c3,p11,l3,0.0
i64,e09,c3,p12,l2,0.0
i64,e09,c3,p12,l3,0.0
i64,e09,c3,p13,l2,0.0
i64,e09,c3,p13,l3,0.0
i64,e09,c3,p14,l2,0.0
i64,e09,c3,p14,l3,0.0
i64,e09,c3,p15,l2,0.0
i64,e09,c3,p15,l3,0.0
i64,e09,c3,p16,l2,0.0
i64,e09,c3,p16,l3,0.0
i64,e09,c3,p17,l2,0.0
i64,e09,c3,p17,l3,0.0
i64,e09,c3,p18,l2,0.0
i64,e09,c3,p18,l3,0.0
i64,e09,c3,p19,l2,0.0
i64,e09,c3,p19,l3,0.0
i64,e09,c3,p20,l2,0.0
i64,e09,c3,p20,l3,0.0
i64,e09,c3,p21,l2,0.0
i64,e09,c3,p21,l3,0.0
i64,e09,c3,p22,l3,0.0
i64,e09,c3,p23,l2,0.0
i64,e09,c3,p23,l3,0.0
i64,e09,c3,p24,l2,0.0
i64,e09,c3,p24,l3,0.0
i64,e09,c3,p28,l3,0.0
i64,e09,c3,p29,l3,0.0
i64,e09,c3,p35,l2,0.0
i64,e09,c3,p35,l3,0.0
i64,e09,c5,p01,l3,0.0
i64,e09,c5,p03,l3,0.0
i64,e09,c5,p05,l2,0.0
i64,e09,c5,p05,l3,0.0
i64,e09,c5,p07,l3,0.0
i64,e09,c5,p10,l2,0.0
i64,e09,c5,p10,l3,0.0
i64,e09,c5,p11,l3,0.0
i64,e09,c5,p12,l3,0.0
i64,e09,c5,p15,l3,0.0
i64,e09,c5,p16,l2,0.0
i64,e09,c5,p16,l3,0.0
i64,e09,c5,p17,l2,0.0
i64,e09,c5,p17,l3,0.0
i64,e09,c5,p18,l3,0.0
i64,e09,c5,p19,l3,0.0
i64,e09,c5,p20,l3,0.0
i64,e09,c5,p21,l3,0.0
i64,e09,c5,p24,l2,0.0
i64,e09,c5,p24,l3,0.0
i64,e09,c5,p28,l3,0.0
i64,e09,c5,p35,l2,0.0
i64,e09,c5,p35,l3,0.0
i64,e10,c3,p05,l1,0.0
i64,e10,c3,p06,l1,0.0
i64,e10,c3,p07,l1,0.0
i64,e10,c3,p10,l1,0.0
i64,e10,c3,p10,l3,0.0
i64,e10,c3,p11,l1,0.0
i64,e10,c3,p15,l1,0.0
i64,e10,c3,p19,l1,0.0
i64,e10,c3,p21,l1,0.0
i64,e10,c3,p35,l1,0.0
i64,e10,c5,p03,l1,0.0
i64,e10,c5,p06,l1,0.0
i64,e10,c5,p10,l1,0.0
i64,e10,c5,p11,l1,0.0
i64,e10,c5,p17,l1,0.0
i64,e10,c5,p19,l1,0.0
i64,e10,c5,p35,l1,0.0
i64,e11,c3,p04,l3,0.0
i64,e11,c3,p05,l3,0.0
i64,e11,c3,p07,l3,0.0
i64,e11,c3,p10,l3,0.0
i64,e11,c3,p12,l3,0.0
i64,e11,c3,p15,l3,0.0
i64,e11,c3,p17,l3,0.0
i64,e11,c3,p18,l3,0.0
i64,e11,c3,p19,l3,0.0
i64,e11,c3,p21,l3,0.0
i64,e11,c3,p35,l2,0.0
i64,e11,c3,p35,l3,0.0
i64,e11,c5,p01,l3,0.0
i64,e11,c5,p10,l3,0.0
i64,e11,c5,p11,l3,0.0
i64,e11,c5,p21,l3,0.0
i64,e11,c5,p35,l3,0.0
i65,e01,c3,p03,l3,0.0
i65,e01,c3,p10,l3,0.0
i65,e01,c3,p35,l3,0.0
i65,e01,c5,p10,l3,0.0
i65,e02,c3,p10,l3,0.0
i65,e02,c5,p35,l3,0.0
i65,e04,c3,p01,l3,0.0
i65,e04,c3,p03,l3,0.0
i65,e04,c3,p10,l1,0.0
i65,e04,c3,p10,l3,0.0
i65,e04,c3,p17,l3,0.0
i65,e04,c3,p35,l1,0.0
i65,e04,c3,p35,l3,0.0
i65,e04,c5,p10,l3,0.0
i65,e04,c5,p24,l3,0.0
i65,e05,c3,p10,l1,0.0
i65,e05,c3,p10,l3,0.0
i65,e05,c3,p35,l3,0.0
i65,e05,c5,p10,l3,0.0
i65,e05,c5,p35,l3,0.0
i65,e08,c3,p01,l2,0.0
i65,e08,c3,p01,l3,0.0
i65,e08,c3,p03,l3,0.0
i65,e08,c3,p10,l2,0.0
i65,e08,c3,p10,l3,0.0
i65,e08,c3,p17,l3,0.0
i65,e08,c3,p35,l2,0.0
i65,e08,c3,p35,l3,0.0
i65,e08,c5,p10,l3,0.0
i65,e08,c5,p35,l3,0.0
i65,e09,c3,p10,l2,0.0
i65,e09,c3,p10,l3,0.0
i65,e09,c3,p35,l2,0.0
i65,e09,c3,p35,l3,0.0
i65,e09,c5,p10,l3,0.0
i65,e11,c3,p10,l3,0.0
i65,e11,c3,p35,l3,0.0
i65,e11,c5,p10,l3,0.0
i65,e11,c5,p24,l3,0.0
i66,e01,c3,p01,l3,0.0
i66,e01,c3,p02,l3,0.0
i66,e01,c3,p03,l3,0.0
i66,e01,c3,p04,l3,0.0
i66,e01,c3,p05,l3,0.0
i66,e01,c3,p06,l3,0.0
i66,e01,c3,p07,l3,0.0
i66,e01,c3,p08,l3,0.0
i66,e01,c3,p09,l3,0.0
i66,e01,c3,p10,l3,0.0
i66,e01,c3,p11,l3,0.0
i66,e01,c3,p12,l3,0.0
i66,e01,c3,p13,l3,0.0
i66,e01,c3,p14,l3,0.0
i66,e01,c3,p15,l3,0.0
i66,e01,c3,p16,l3,0.0
i66,e01,c3,p17,l3,0.0
i66,e01,c3,p18,l3,0.0
i66,e01,c3,p19,l3,0.0
i66,e01,c3,p20,l3,0.0
i66,e01,c3,p21,l3,0.0
i66,e01,c3,p22,l3,0.0
i66,e01,c3,p23,l3,0.0
i66,e01,c3,p24,l3,0.0
i66,e01,c3,p25,l3,0.0
i66,e01,c3,p26,l3,0.0
i66,e01,c3,p28,l3,0.0
i66,e01,c3,p29,l3,0.0
i66,e01,c3,p31,l3,0.0
i66,e01,c3,p32,l3,0.0
i66,e01,c3,p35,l3,0.0
i66,e04,c3,p01,l3,0.0
i66,e04,c3,p02,l3,0.0
i66,e04,c3,p03,l3,0.0
i66,e04,c3,p04,l3,0.0
i66,e04,c3,p05,l3,0.0
i66,e04,c3,p06,l3,0.0
i66,e04,c3,p07,l3,0.0
i66,e04,c3,p08,l3,0.0
i66,e04,c3,p09,l3,0.0
i66,e04,c3,p10,l3,0.0
i66,e04,c3,p11,l3,0.0
i66,e04,c3,p12,l3,0.0
i66,e04,c3,p13,l3,0.0
i66,e04,c3,p14,l3,0.0
i66,e04,c3,p15,l3,0.0
i66,e04,c3,p16,l3,0.0
i66,e04,c3,p17,l3,0.0
i66,e04,c3,p18,l3,0.0
i66,e04,c3,p19,l3,0.0
i66,e04,c3,p20,l3,0.0
i66,e04,c3,p21,l3,0.0
i66,e04,c3,p22,l3,0.0
i66,e04,c3,p23,l3,0.0
i66,e04,c3,p24,l3,0.0
i66,e04,c3,p25,l3,0.0
i66,e04,c3,p26,l3,0.0
i66,e04,c3,p28,l3,0.0
i66,e04,c3,p29,l3,0.0
i66,e04,c3,p31,l3,0.0
i66,e04,c3,p32,l3,0.0
i66,e04,c3,p35,l3,0.0
i66,e09,c3,p01,l3,0.0
i66,e09,c3,p02,l3,0.0
i66,e09,c3,p03,l3,0.0
i66,e09,c3,p04,l3,0.0
i66,e09,c3,p05,l3,0.0
i66,e09,c3,p06,l3,0.0
i66,e09,c3,p07,l3,0.0
i66,e09,c3,p08,l3,0.0
i66,e09,c3,p09,l3,0.0
i66,e09,c3,p10,l3,0.0
i66,e09,c3,p11,l3,0.0
i66,e09,c3,p12,l3,0.0
i66,e09,c3,p13,l3,0.0
i66,e09,c3,p14,l3,0.0
i66,e09,c3,p15,l3,0.0
i66,e09,c3,p16,l3,0.0
i66,e09,c3,p17,l3,0.0
i66,e09,c3,p18,l3,0.0
i66,e09,c3,p19,l3,0.0
i66,e09,c3,p20,l3,0.0
i66,e09,c3,p21,l3,0.0
i66,e09,c3,p22,l3,0.0
i66,e09,c3,p23,l3,0.0
i66,e09,c3,p24,l3,0.0
i66,e09,c3,p25,l3,0.0
i66,e09,c3,p26,l3,0.0
i66,e09,c3,p28,l3,0.0
i66,e09,c3,p29,l3,0.0
i66,e09,c3,p32,l3,0.0
i66,e09,c3,p35,l3,0.0
i67,e01,c3,p04,l3,0.0
i67,e01,c3,p05,l3,0.0
i67,e01,c3,p10,l3,0.0
i67,e01,c3,p11,l3,0.0
i67,e01,c3,p12,l3,0.0
i67,e01,c3,p15,l3,0.0
i67,e01,c3,p16,l3,0.0
i67,e01,c3,p19,l3,0.0
i67,e01,c3,p21,l3,0.0
i67,e01,c3,p23,l3,0.0
i67,e01,c3,p29,l3,0.0
i67,e01,c3,p35,l3,0.0
i67,e01,c5,p01,l3,0.0
i67,e01,c5,p02,l3,0.0
i67,e01,c5,p03,l3,0.0
i67,e01,c5,p04,l3,0.0
i67,e01,c5,p05,l3,0.0
i67,e01,c5,p06,l3,2.0
i67,e01,c5,p07,l3,0.0
i67,e01,c5,p08,l3,0.0
i67,e01,c5,p09,l3,0.0
i67,e01,c5,p10,l3,0.0
i67,e01,c5,p11,l3,0.0
i67,e01,c5,p12,l3,0.0
i67,e01,c5,p13,l3,0.0
i67,e01,c5,p14,l3,0.0
i67,e01,c5,p15,l3,0.0
i67,e01,c5,p16,l3,0.0
i67,e01,c5,p17,l3,0.0
i67,e01,c5,p18,l3,0.0
i67,e01,c5,p19,l3,0.0
i67,e01,c5,p20,l3,0.0
i67,e01,c5,p21,l3,1.0
i67,e01,c5,p22,l3,0.0
i67,e01,c5,p23,l3,0.0
i67,e01,c5,p24,l3,0.0
i67,e01,c5,p26,l3,0.0
i67,e01,c5,p28,l3,0.0
i67,e01,c5,p29,l3,0.0
i67,e01,c5,p32,l3,0.0
i67,e01,c5,p33,l3,0.0
i67,e01,c5,p35,l3,0.0
i67,e02,c3,p11,l3,0.0
i67,e02,c3,p19,l3,0.0
i67,e02,c5,p01,l3,0.0
i67,e02,c5,p02,l3,0.0
i67,e02,c5,p04,l3,0.0
i67,e02,c5,p05,l1,0.0
i67,e02,c5,p05,l3,0.0
i67,e02,c5,p06,l3,0.0
i67,e02,c5,p07,l3,0.0
i67,e02,c5,p10,l3,0.0
i67,e02,c5,p11,l3,0.0
i67,e02,c5,p12,l3,0.0
i67,e02,c5,p14,l1,0.0
i67,e02,c5,p14,l3,0.0
i67,e02,c5,p15,l3,0.0
i67,e02,c5,p16,l3,0.0
i67,e02,c5,p17,l3,0.0
i67,e02,c5,p18,l3,0.0
i67,e02,c5,p19,l1,0.0
i67,e02,c5,p19,l3,0.0
i67,e02,c5,p21,l3,0.0
i67,e02,c5,p22,l1,0.0
i67,e02,c5,p24,l3,0.0
i67,e02,c5,p28,l3,0.0
i67,e02,c5,p29,l3,0.0
i67,e02,c5,p35,l3,0.0
i67,e03,c5,p35,l3,0.0
i67,e04,c3,p05,l3,0.0
i67,e04,c3,p10,l1,0.0
i67,e04,c3,p10,l3,0.0
i67,e04,c3,p11,l3,0.0
i67,e04,c3,p12,l3,0.0
i67,e04,c3,p15,l3,0.0
i67,e04,c3,p16,l3,0.0
i67,e04,c3,p19,l1,0.0
i67,e04,c3,p19,l3,0.0
i67,e04,c3,p21,l3,0.0
i67,e04,c3,p23,l1,0.0
i67,e04,c3,p23,l3,0.0
i67,e04,c3,p29,l1,0.0
i67,e04,c3,p29,l3,0.0
i67,e04,c3,p35,l3,0.0
i67,e04,c5,p01,l1,0.0
i67,e04,c5,p01,l3,0.0
i67,e04,c5,p02,l1,0.0
i67,e04,c5,p02,l3,0.0
i67,e04,c5,p03,l1,0.0
i67,e04,c5,p03,l3,0.0
i67,e04,c5,p04,l1,0.0
i67,e04,c5,p04,l3,0.0
i67,e04,c5,p05,l1,0.0
i67,e04,c5,p05,l3,0.0
i67,e04,c5,p06,l1,0.0
i67,e04,c5,p06,l3,1.0
i67,e04,c5,p07,l1,0.0
i67,e04,c5,p07,l3,0.0
i67,e04,c5,p08,l1,0.0
i67,e04,c5,p08,l3,0.0
i67,e04,c5,p09,l1,0.0
i67,e04,c5,p09,l3,0.0
i67,e04,c5,p10,l1,0.0
i67,e04,c5,p10,l3,0.0
i67,e04,c5,p11,l1,0.0
i67,e04,c5,p11,l3,0.0
i67,e04,c5,p12,l1,0.0
i67,e04,c5,p12,l3,0.0
i67,e04,c5,p13,l1,0.0
i67,e04,c5,p13,l3,0.0
i67,e04,c5,p14,l1,0.0
i67,e04,c5,p14,l3,0.0
i67,e04,c5,p15,l1,0.0
i67,e04,c5,p15,l3,0.0
i67,e04,c5,p16,l1,0.0
i67,e04,c5,p16,l3,0.0
i67,e04,c5,p17,l1,0.0
i67,e04,c5,p17,l3,0.0
i67,e04,c5,p18,l1,0.0
i67,e04,c5,p18,l3,0.0
i67,e04,c5,p19,l1,0.0
i67,e04,c5,p19,l3,0.0
i67,e04,c5,p20,l1,0.0
i67,e04,c5,p20,l3,0.0
i67,e04,c5,p21,l1,0.0
i67,e04,c5,p21,l3,0.0
i67,e04,c5,p22,l1,0.0
i67,e04,c5,p22,l3,0.0
i67,e04,c5,p23,l1,0.0
i67,e04,c5,p23,l3,0.0
i67,e04,c5,p24,l1,0.0
i67,e04,c5,p24,l3,0.0
i67,e04,c5,p25,l3,0.0
i67,e04,c5,p28,l1,0.0
i67,e04,c5,p28,l3,0.0
i67,e04,c5,p29,l1,0.0
i67,e04,c5,p29,l3,0.0
i67,e04,c5,p32,l3,0.0
i67,e04,c5,p33,l3,0.0
i67,e04,c5,p35,l1,0.0
i67,e04,c5,p35,l3,0.0
i67,e05,c5,p01,l1,0.0
i67,e05,c5,p01,l3,0.0
i67,e05,c5,p02,l1,0.0
i67,e05,c5,p02,l3,0.0
i67,e05,c5,p03,l3,0.0
i67,e05,c5,p04,l1,0.0
i67,e05,c5,p04,l3,0.0
i67,e05,c5,p05,l1,0.0
i67,e05,c5,p05,l3,0.0
i67,e05,c5,p06,l1,0.0
i67,e05,c5,p06,l3,0.0
i67,e05,c5,p07,l1,0.0
i67,e05,c5,p07,l3,0.0
i67,e05,c5,p08,l1,0.0
i67,e05,c5,p08,l3,0.0
i67,e05,c5,p09,l3,0.0
i67,e05,c5,p10,l1,0.0
i67,e05,c5,p10,l3,0.0
i67,e05,c5,p11,l1,0.0
i67,e05,c5,p11,l3,0.0
i67,e05,c5,p12,l1,0.0
i67,e05,c5,p12,l3,0.0
i67,e05,c5,p13,l1,0.0
i67,e05,c5,p13,l3,0.0
i67,e05,c5,p14,l1,0.0
i67,e05,c5,p14,l3,0.0
i67,e05,c5,p15,l1,0.0
i67,e05,c5,p15,l3,0.0
i67,e05,c5,p16,l1,0.0
i67,e05,c5,p16,l3,0.0
i67,e05,c5,p17,l3,0.0
i67,e05,c5,p18,l1,0.0
i67,e05,c5,p18,l3,0.0
i67,e05,c5,p19,l1,0.0
i67,e05,c5,p19,l3,0.0
i67,e05,c5,p21,l1,0.0
i67,e05,c5,p21,l3,0.0
i67,e05,c5,p22,l1,0.0
i67,e05,c5,p22,l3,0.0
i67,e05,c5,p23,l1,0.0
i67,e05,c5,p24,l1,0.0
i67,e05,c5,p24,l3,0.0
i67,e05,c5,p28,l3,0.0
i67,e05,c5,p29,l3,0.0
i67,e05,c5,p35,l3,0.0
i67,e07,c5,p07,l3,0.0
i67,e08,c3,p05,l3,0.0
i67,e08,c3,p10,l2,0.0
i67,e08,c3,p10,l3,0.0
i67,e08,c3,p11,l3,0.0
i67,e08,c3,p12,l3,0.0
i67,e08,c3,p15,l3,0.0
i67,e08,c3,p19,l2,0.0
i67,e08,c3,p19,l3,0.0
i67,e08,c3,p21,l3,0.0
i67,e08,c3,p23,l3,0.0
i67,e08,c3,p24,l3,0.0
i67,e08,c3,p29,l3,0.0
i67,e08,c5,p01,l2,0.0
i67,e08,c5,p01,l3,0.0
i67,e08,c5,p02,l2,0.0
i67,e08,c5,p02,l3,0.0
i67,e08,c5,p03,l2,0.0
i67,e08,c5,p03,l3,0.0
i67,e08,c5,p04,l2,0.0
i67,e08,c5,p04,l3,0.0
i67,e08,c5,p05,l2,0.0
i67,e08,c5,p05,l3,0.0
i67,e08,c5,p06,l2,0.0
i67,e08,c5,p06,l3,0.0
i67,e08,c5,p07,l2,0.0
i67,e08,c5,p07,l3,0.0
i67,e08,c5,p08,l2,0.0
i67,e08,c5,p08,l3,0.0
i67,e08,c5,p09,l2,0.0
i67,e08,c5,p09,l3,0.0
i67,e08,c5,p10,l2,0.0
i67,e08,c5,p10,l3,0.0
i67,e08,c5,p11,l2,0.0
i67,e08,c5,p11,l3,0.0
i67,e08,c5,p12,l2,0.0
i67,e08,c5,p12,l3,0.0
i67,e08,c5,p13,l2,0.0
i67,e08,c5,p13,l3,0.0
i67,e08,c5,p14,l2,0.0
i67,e08,c5,p14,l3,0.0
i67,e08,c5,p15,l2,0.0
i67,e08,c5,p15,l3,0.0
i67,e08,c5,p16,l2,0.0
i67,e08,c5,p16,l3,0.0
i67,e08,c5,p17,l2,0.0
i67,e08,c5,p17,l3,0.0
i67,e08,c5,p18,l2,0.0
i67,e08,c5,p18,l3,0.0
i67,e08,c5,p19,l2,0.0
i67,e08,c5,p19,l3,0.0
i67,e08,c5,p20,l2,0.0
i67,e08,c5,p20,l3,0.0
i67,e08,c5,p21,l2,0.0
i67,e08,c5,p21,l3,0.0
i67,e08,c5,p22,l2,0.0
i67,e08,c5,p22,l3,0.0
i67,e08,c5,p23,l2,0.0
i67,e08,c5,p23,l3,0.0
i67,e08,c5,p24,l2,0.0
i67,e08,c5,p24,l3,0.0
i67,e08,c5,p25,l3,0.0
i67,e08,c5,p26,l3,0.0
i67,e08,c5,p28,l2,0.0
i67,e08,c5,p28,l3,0.0
i67,e08,c5,p29,l2,0.0
i67,e08,c5,p29,l3,0.0
i67,e08,c5,p32,l3,0.0
i67,e08,c5,p35,l2,0.0
i67,e08,c5,p35,l3,0.0
i67,e09,c3,p01,l3,0.0
i67,e09,c3,p05,l3,0.0
i67,e09,c3,p10,l3,0.0
i67,e09,c3,p11,l3,0.0
i67,e09,c3,p12,l3,0.0
i67,e09,c3,p15,l3,0.0
i67,e09,c3,p19,l2,0.0
i67,e09,c3,p19,l3,0.0
i67,e09,c3,p21,l3,0.0
i67,e09,c3,p29,l2,0.0
i67,e09,c3,p29,l3,0.0
i67,e09,c3,p35,l3,0.0
i67,e09,c5,p01,l2,0.0
i67,e09,c5,p01,l3,0.0
i67,e09,c5,p02,l2,0.0
i67,e09,c5,p02,l3,0.0
i67,e09,c5,p03,l2,0.0
i67,e09,c5,p03,l3,0.0
i67,e09,c5,p04,l2,0.0
i67,e09,c5,p04,l3,0.0
i67,e09,c5,p05,l2,0.0
i67,e09,c5,p05,l3,0.0
i67,e09,c5,p06,l2,0.0
i67,e09,c5,p06,l3,2.0
i67,e09,c5,p07,l2,0.0
i67,e09,c5,p07,l3,0.0
i67,e09,c5,p08,l2,0.0
i67,e09,c5,p08,l3,0.0
i67,e09,c5,p09,l2,0.0
i67,e09,c5,p09,l3,0.0
i67,e09,c5,p10,l2,0.0
i67,e09,c5,p10,l3,0.0
i67,e09,c5,p11,l2,0.0
i67,e09,c5,p11,l3,0.0
i67,e09,c5,p12,l2,0.0
i67,e09,c5,p12,l3,0.0
i67,e09,c5,p13,l2,0.0
i67,e09,c5,p13,l3,0.0
i67,e09,c5,p14,l2,0.0
i67,e09,c5,p14,l3,0.0
i67,e09,c5,p15,l2,0.0
i67,e09,c5,p15,l3,0.0
i67,e09,c5,p16,l2,0.0
i67,e09,c5,p16,l3,0.0
i67,e09,c5,p17,l2,0.0
i67,e09,c5,p17,l3,0.0
i67,e09,c5,p18,l2,0.0
i67,e09,c5,p18,l3,0.0
i67,e09,c5,p19,l2,0.0
i67,e09,c5,p19,l3,0.0
i67,e09,c5,p20,l2,0.0
i67,e09,c5,p20,l3,0.0
i67,e09,c5,p21,l2,0.0
i67,e09,c5,p21,l3,1.0
i67,e09,c5,p22,l2,0.0
i67,e09,c5,p22,l3,0.0
i67,e09,c5,p23,l2,0.0
i67,e09,c5,p23,l3,0.0
i67,e09,c5,p24,l2,0.0
i67,e09,c5,p24,l3,0.0
i67,e09,c5,p25,l3,0.0
i67,e09,c5,p26,l3,0.0
i67,e09,c5,p28,l2,0.0
i67,e09,c5,p28,l3,0.0
i67,e09,c5,p29,l2,0.0
i67,e09,c5,p29,l3,0.0
i67,e09,c5,p32,l3,0.0
i67,e09,c5,p35,l2,0.0
i67,e09,c5,p35,l3,0.0
i67,e10,c3,p01,l1,0.0
i67,e10,c3,p01,l3,0.0
i67,e10,c3,p05,l1,0.0
i67,e10,c3,p05,l3,0.0
i67,e10,c3,p10,l1,0.0
i67,e10,c3,p10,l3,0.0
i67,e10,c3,p11,l3,0.0
i67,e10,c3,p12,l3,0.0
i67,e10,c3,p15,l1,0.0
i67,e10,c3,p15,l3,0.0
i67,e10,c3,p16,l1,0.0
i67,e10,c3,p16,l3,0.0
i67,e10,c3,p19,l1,0.0
i67,e10,c3,p19,l3,0.0
i67,e10,c3,p21,l1,0.0
i67,e10,c3,p21,l3,0.0
i67,e10,c3,p23,l3,0.0
i67,e10,c3,p24,l3,0.0
i67,e10,c3,p29,l3,0.0
i67,e10,c3,p35,l1,0.0
i67,e10,c3,p35,l3,0.0
i67,e10,c5,p01,l1,0.0
i67,e10,c5,p01,l3,0.0
i67,e10,c5,p02,l1,0.0
i67,e10,c5,p02,l3,0.0
i67,e10,c5,p03,l1,0.0
i67,e10,c5,p03,l3,0.0
i67,e10,c5,p04,l1,0.0
i67,e10,c5,p04,l3,0.0
i67,e10,c5,p05,l1,0.0
i67,e10,c5,p05,l3,0.0
i67,e10,c5,p06,l1,0.0
i67,e10,c5,p06,l3,0.0
i67,e10,c5,p07,l1,0.0
i67,e10,c5,p07,l3,0.0
i67,e10,c5,p08,l1,0.0
i67,e10,c5,p08,l3,0.0
i67,e10,c5,p09,l1,0.0
i67,e10,c5,p09,l3,0.0
i67,e10,c5,p10,l1,0.0
i67,e10,c5,p10,l3,0.0
i67,e10,c5,p11,l1,0.0
i67,e10,c5,p11,l3,0.0
i67,e10,c5,p12,l1,0.0
i67,e10,c5,p12,l3,0.0
i67,e10,c5,p13,l1,0.0
i67,e10,c5,p13,l3,0.0
i67,e10,c5,p14,l1,0.0
i67,e10,c5,p14,l3,0.0
i67,e10,c5,p15,l1,0.0
i67,e10,c5,p15,l3,0.0
i67,e10,c5,p16,l1,0.0
i67,e10,c5,p16,l3,0.0
i67,e10,c5,p17,l1,0.0
i67,e10,c5,p17,l3,0.0
i67,e10,c5,p18,l1,0.0
i67,e10,c5,p18,l3,0.0
i67,e10,c5,p19,l1,0.0
i67,e10,c5,p19,l3,0.0
i67,e10,c5,p20,l1,0.0
i67,e10,c5,p20,l3,0.0
i67,e10,c5,p21,l1,0.0
i67,e10,c5,p21,l3,0.0
i67,e10,c5,p22,l1,0.0
i67,e10,c5,p22,l3,0.0
i67,e10,c5,p23,l1,0.0
i67,e10,c5,p23,l3,0.0
i67,e10,c5,p24,l1,0.0
i67,e10,c5,p24,l3,0.0
i67,e10,c5,p25,l3,0.0
i67,e10,c5,p26,l1,0.0
i67,e10,c5,p26,l3,0.0
i67,e10,c5,p28,l1,0.0
i67,e10,c5,p28,l3,0.0
i67,e10,c5,p29,l1,0.0
i67,e10,c5,p29,l3,0.0
i67,e10,c5,p31,l1,0.0
i67,e10,c5,p31,l3,0.0
i67,e10,c5,p32,l3,0.0
i67,e10,c5,p33,l3,0.0
i67,e10,c5,p35,l1,0.0
i67,e10,c5,p35,l3,0.0
i67,e11,c5,p01,l3,0.0
i67,e11,c5,p05,l3,0.0
i67,e11,c5,p10,l2,0.0
i67,e11,c5,p10,l3,0.0
i67,e11,c5,p11,l3,0.0
i67,e11,c5,p12,l3,0.0
i67,e11,c5,p15,l3,0.0
i67,e11,c5,p19,l3,0.0
i67,e11,c5,p21,l3,0.0
i67,e11,c5,p35,l2,0.0
i67,e11,c5,p35,l3,0.0
i67,e12,c5,p01,l3,0.0
i67,e12,c5,p02,l3,0.0
i67,e12,c5,p03,l3,0.0
i67,e12,c5,p05,l3,0.0
i67,e12,c5,p08,l3,0.0
i67,e12,c5,p10,l3,0.0
i67,e12,c5,p11,l3,0.0
i67,e12,c5,p13,l3,0.0
i67,e12,c5,p14,l3,0.0
i67,e12,c5,p15,l3,0.0
i67,e12,c5,p17,l3,0.0
i67,e12,c5,p18,l3,0.0
i67,e12,c5,p19,l3,0.0
i67,e12,c5,p20,l3,0.0
i67,e12,c5,p21,l3,0.0
i67,e12,c5,p24,l3,0.0
i67,e12,c5,p29,l3,0.0
i67,e12,c5,p35,l3,0.0
i68,e01,c1,p06,l3,0.0
i68,e01,c1,p09,l3,0.0
i68,e01,c1,p10,l3,0.0
i68,e01,c1,p11,l3,0.0
i68,e01,c1,p12,l3,0.0
i68,e01,c1,p13,l3,0.0
i68,e01,c1,p15,l3,0.0
i68,e01,c1,p16,l3,0.0
i68,e01,c1,p17,l3,0.0
i68,e01,c1,p18,l3,0.0
i68,e01,c1,p19,l3,0.0
i68,e01,c1,p21,l3,0.0
i68,e01,c1,p25,l3,0.0
i68,e01,c1,p27,l3,0.0
i68,e01,c1,p28,l3,0.0
i68,e01,c1,p29,l3,0.0
i68,e01,c1,p35,l3,0.0
i68,e01,c4,p10,l3,0.0
i68,e01,c4,p12,l3,0.0
i68,e01,c4,p35,l3,0.0
i68,e04,c1,p05,l3,0.0
i68,e04,c1,p06,l3,0.0
i68,e04,c1,p07,l3,0.0
i68,e04,c1,p08,l3,0.0
i68,e04,c1,p09,l3,0.0
i68,e04,c1,p10,l3,0.0
i68,e04,c1,p11,l3,0.0
i68,e04,c1,p12,l3,0.0
i68,e04,c1,p13,l3,0.0
i68,e04,c1,p15,l3,0.0
i68,e04,c1,p16,l3,0.0
i68,e04,c1,p17,l3,0.0
i68,e04,c1,p18,l3,0.0
i68,e04,c1,p19,l3,0.0
i68,e04,c1,p21,l3,0.0
i68,e04,c1,p24,l3,0.0
i68,e04,c1,p25,l3,0.0
i68,e04,c1,p28,l3,0.0
i68,e04,c1,p29,l3,0.0
i68,e04,c1,p35,l3,0.0
i68,e04,c4,p10,l3,0.0
i68,e04,c4,p12,l3,0.0
i68,e04,c4,p15,l3,0.0
i68,e04,c4,p35,l3,0.0
i68,e05,c1,p10,l3,0.0
i68,e05,c1,p11,l3,0.0
i68,e05,c1,p12,l3,0.0
i68,e05,c1,p15,l3,0.0
i68,e05,c1,p16,l3,0.0
i68,e05,c1,p19,l3,0.0
i68,e05,c1,p21,l3,0.0
i68,e05,c1,p35,l3,0.0
i68,e05,c4,p10,l3,0.0
i68,e05,c4,p35,l3,0.0
i68,e09,c1,p06,l3,0.0
i68,e09,c1,p08,l3,0.0
i68,e09,c1,p10,l3,0.0
i68,e09,c1,p11,l3,0.0
i68,e09,c1,p12,l3,0.0
i68,e09,c1,p13,l3,0.0
i68,e09,c1,p15,l3,0.0
i68,e09,c1,p16,l3,0.0
i68,e09,c1,p17,l3,0.0
i68,e09,c1,p18,l3,0.0
i68,e09,c1,p19,l3,0.0
i68,e09,c1,p21,l3,0.0
i68,e09,c1,p23,l3,0.0
i68,e09,c1,p24,l3,0.0
i68,e09,c1,p25,l3,0.0
i68,e09,c1,p27,l3,0.0
i68,e09,c1,p28,l3,0.0
i68,e09,c1,p35,l3,0.0
i68,e09,c4,p10,l3,0.0
i68,e09,c4,p12,l3,0.0
i68,e09,c4,p35,l3,0.0
i68,e12,c1,p05,l3,0.0
i68,e12,c1,p10,l3,0.0
i68,e12,c1,p11,l3,0.0
i68,e12,c1,p12,l3,0.0
i68,e12,c1,p13,l3,0.0
i68,e12,c1,p15,l3,0.0
i68,e12,c1,p16,l3,0.0
i68,e12,c1,p19,l3,0.0
i68,e12,c1,p21,l3,0.0
i68,e12,c1,p22,l3,0.0
i68,e12,c1,p24,l3,0.0
i68,e12,c1,p28,l3,0.0
i68,e12,c1,p35,l3,0.0
i68,e12,c4,p10,l3,0.0
i68,e12,c4,p12,l3,0.0
i68,e12,c4,p35,l3,0.0
i69,e01,c3,p01,l3,0.0
i69,e01,c3,p03,l3,0.0
i69,e01,c3,p10,l3,0.0
i69,e01,c3,p17,l3,0.0
i69,e01,c3,p19,l3,0.0
i69,e01,c3,p23,l3,0.0
i69,e01,c3,p24,l3,0.0
i69,e01,c3,p35,l3,0.0
i69,e01,c5,p10,l3,0.0
i69,e01,c5,p35,l3,0.0
i69,e02,c3,p10,l3,0.0
i69,e02,c3,p35,l3,0.0
i69,e02,c5,p10,l3,0.0
i69,e02,c5,p35,l3,0.0
i69,e04,c3,p01,l3,0.0
i69,e04,c3,p03,l3,0.0
i69,e04,c3,p10,l3,0.0
i69,e04,c3,p17,l3,0.0
i69,e04,c3,p19,l3,0.0
i69,e04,c3,p21,l3,0.0
i69,e04,c3,p23,l3,0.0
i69,e04,c3,p24,l3,0.0
i69,e04,c3,p35,l3,0.0
i69,e04,c5,p10,l3,0.0
i69,e04,c5,p35,l3,0.0
i69,e05,c3,p10,l3,0.0
i69,e05,c3,p17,l3,0.0
i69,e05,c3,p24,l3,0.0
i69,e05,c5,p10,l3,0.0
i69,e05,c5,p35,l3,0.0
i69,e08,c3,p01,l3,0.0
i69,e08,c3,p03,l3,0.0
i69,e08,c3,p10,l3,0.0
i69,e08,c3,p17,l3,0.0
i69,e08,c3,p19,l3,0.0
i69,e08,c3,p21,l3,0.0
i69,e08,c3,p24,l3,0.0
i69,e08,c3,p35,l3,0.0
i69,e08,c5,p10,l3,0.0
i69,e08,c5,p17,l3,0.0
i69,e08,c5,p35,l3,0.0
i69,e09,c3,p01,l3,0.0
i69,e09,c3,p03,l3,0.0
i69,e09,c3,p10,l3,0.0
i69,e09,c3,p17,l3,0.0
i69,e09,c3,p19,l3,0.0
i69,e09,c3,p23,l3,0.0
i69,e09,c3,p24,l3,0.0
i69,e09,c3,p35,l3,0.0
i69,e09,c5,p10,l3,0.0
i69,e09,c5,p35,l3,0.0
i69,e11,c3,p03,l3,0.0
i69,e11,c3,p10,l3,0.0
i69,e11,c3,p17,l3,0.0
i69,e11,c3,p19,l3,0.0
i69,e11,c3,p23,l3,0.0
i69,e11,c3,p24,l3,0.0
i69,e11,c3,p35,l3,0.0
i69,e11,c5,p01,l3,0.0
i69,e11,c5,p10,l3,0.0
i70,e01,c1,p35,l3,0.0
i70,e04,c1,p35,l3,0.0
i70,e05,c1,p35,l3,0.0
i70,e09,c1,p35,l3,0.0
i71,e01,c1,p10,l3,0.0
i71,e01,c1,p35,l3,0.0
i71,e04,c1,p10,l3,0.0
i71,e04,c1,p35,l3,0.0
i71,e05,c1,p35,l3,0.0
i71,e09,c1,p10,l3,0.0
i71,e09,c1,p35,l3,0.0
i72,e01,c1,p10,l3,0.0
i72,e01,c1,p35,l3,0.0
i72,e04,c1,p10,l3,0.0
i72,e04,c1,p35,l3,0.0
i72,e05,c1,p10,l3,0.0
i72,e05,c1,p35,l3,0.0
i72,e08,c1,p10,l3,0.0
i72,e08,c1,p35,l3,0.0
i72,e09,c1,p10,l3,0.0
i72,e09,c1,p35,l3,0.0
i72,e11,c1,p10,l3,0.0
i72,e11,c1,p35,l3,0.0
i73,e01,c3,p01,l3,0.0
i73,e01,c3,p04,l3,0.0
i73,e01,c3,p10,l3,0.0
i73,e01,c3,p12,l3,0.0
i73,e01,c3,p17,l3,0.0
i73,e01,c3,p19,l3,0.0
i73,e01,c3,p21,l3,0.0
i73,e01,c3,p24,l3,0.0
i73,e01,c3,p35,l3,0.0
i73,e02,c3,p12,l3,0.0
i73,e02,c3,p35,l1,0.0
i73,e02,c3,p35,l3,0.0
i73,e04,c3,p01,l1,0.0
i73,e04,c3,p01,l3,0.0
i73,e04,c3,p04,l1,0.0
i73,e04,c3,p04,l3,0.0
i73,e04,c3,p10,l1,0.0
i73,e04,c3,p10,l3,0.0
i73,e04,c3,p12,l1,0.0
i73,e04,c3,p12,l3,0.0
i73,e04,c3,p17,l1,0.0
i73,e04,c3,p17,l3,0.0
i73,e04,c3,p19,l1,0.0
i73,e04,c3,p19,l3,0.0
i73,e04,c3,p21,l3,0.0
i73,e04,c3,p24,l1,0.0
i73,e04,c3,p24,l3,0.0
i73,e04,c3,p35,l1,0.0
i73,e04,c3,p35,l3,0.0
i73,e05,c3,p01,l3,0.0
i73,e05,c3,p04,l3,0.0
i73,e05,c3,p10,l3,0.0
i73,e05,c3,p12,l3,0.0
i73,e05,c3,p17,l3,0.0
i73,e05,c3,p19,l3,0.0
i73,e05,c3,p24,l3,0.0
i73,e05,c3,p35,l1,0.0
i73,e05,c3,p35,l3,0.0
i73,e09,c3,p01,l3,0.0
i73,e09,c3,p04,l2,0.0
i73,e09,c3,p04,l3,0.0
i73,e09,c3,p10,l2,0.0
i73,e09,c3,p10,l3,0.0
i73,e09,c3,p12,l2,0.0
i73,e09,c3,p12,l3,0.0
i73,e09,c3,p17,l2,0.0
i73,e09,c3,p17,l3,0.0
i73,e09,c3,p19,l2,0.0
i73,e09,c3,p19,l3,0.0
i73,e09,c3,p21,l3,0.0
i73,e09,c3,p24,l3,0.0
i73,e09,c3,p35,l2,0.0
i73,e09,c3,p35,l3,0.0
i74,e01,c3,p04,l3,0.0
i74,e01,c3,p10,l3,0.0
i74,e01,c3,p11,l3,0.0
i74,e01,c3,p13,l3,0.0
i74,e01,c3,p15,l3,0.0
i74,e01,c3,p17,l3,0.0
i74,e01,c3,p22,l3,0.0
i74,e01,c3,p23,l3,0.0
i74,e01,c3,p29,l3,0.0
i74,e01,c5,p01,l3,0.0
i74,e01,c5,p02,l3,0.0
i74,e01,c5,p03,l3,0.0
i74,e01,c5,p04,l3,0.0
i74,e01,c5,p05,l3,0.0
i74,e01,c5,p06,l3,0.0
i74,e01,c5,p07,l3,0.0
i74,e01,c5,p08,l3,0.0
i74,e01,c5,p09,l3,0.0
i74,e01,c5,p10,l3,0.0
i74,e01,c5,p11,l3,0.0
i74,e01,c5,p12,l3,0.0
i74,e01,c5,p13,l3,0.0
i74,e01,c5,p14,l3,0.0
i74,e01,c5,p15,l3,0.0
i74,e01,c5,p16,l3,0.0
i74,e01,c5,p17,l3,0.0
i74,e01,c5,p18,l3,0.0
i74,e01,c5,p19,l3,0.0
i74,e01,c5,p20,l3,0.0
i74,e01,c5,p21,l3,0.0
i74,e01,c5,p22,l3,0.0
i74,e01,c5,p23,l3,0.0
i74,e01,c5,p24,l3,0.0
i74,e01,c5,p25,l3,0.0
i74,e01,c5,p26,l3,0.0
i74,e01,c5,p28,l3,0.0
i74,e01,c5,p29,l3,0.0
i74,e01,c5,p30,l3,0.0
i74,e01,c5,p31,l3,0.0
i74,e01,c5,p32,l3,0.0
i74,e01,c5,p33,l3,0.0
i74,e01,c5,p35,l3,0.0
i74,e02,c3,p03,l3,0.0
i74,e02,c3,p10,l3,0.0
i74,e02,c3,p11,l1,0.0
i74,e02,c3,p11,l3,0.0
i74,e02,c3,p15,l3,0.0
i74,e02,c3,p19,l3,0.0
i74,e02,c5,p01,l1,0.0
i74,e02,c5,p01,l3,0.0
i74,e02,c5,p02,l3,0.0
i74,e02,c5,p03,l3,0.0
i74,e02,c5,p04,l3,0.0
i74,e02,c5,p05,l3,0.0
i74,e02,c5,p06,l3,0.0
i74,e02,c5,p07,l1,0.0
i74,e02,c5,p07,l3,0.0
i74,e02,c5,p08,l3,0.0
i74,e02,c5,p09,l3,0.0
i74,e02,c5,p10,l1,0.0
i74,e02,c5,p10,l3,0.0
i74,e02,c5,p11,l3,0.0
i74,e02,c5,p12,l3,0.0
i74,e02,c5,p13,l1,0.0
i74,e02,c5,p13,l3,0.0
i74,e02,c5,p14,l3,0.0
i74,e02,c5,p15,l1,0.0
i74,e02,c5,p15,l3,0.0
i74,e02,c5,p16,l3,0.0
i74,e02,c5,p17,l3,0.0
i74,e02,c5,p18,l3,0.0
i74,e02,c5,p19,l1,0.0
i74,e02,c5,p19,l3,0.0
i74,e02,c5,p21,l1,0.0
i74,e02,c5,p21,l3,0.0
i74,e02,c5,p22,l1,0.0
i74,e02,c5,p22,l3,0.0
i74,e02,c5,p23,l3,0.0
i74,e02,c5,p24,l3,0.0
i74,e02,c5,p25,l3,0.0
i74,e02,c5,p28,l1,0.0
i74,e02,c5,p29,l1,0.0
i74,e02,c5,p29,l3,0.0
i74,e02,c5,p30,l3,0.0
i74,e02,c5,p35,l3,0.0
i74,e04,c3,p01,l3,0.0
i74,e04,c3,p09,l3,0.0
i74,e04,c3,p10,l3,0.0
i74,e04,c3,p11,l1,0.0
i74,e04,c3,p11,l3,0.0
i74,e04,c3,p14,l3,0.0
i74,e04,c3,p15,l3,0.0
i74,e04,c3,p16,l3,0.0
i74,e04,c3,p18,l3,0.0
i74,e04,c3,p19,l3,0.0
i74,e04,c3,p21,l1,0.0
i74,e04,c3,p21,l3,0.0
i74,e04,c3,p23,l3,0.0
i74,e04,c3,p29,l3,0.0
i74,e04,c3,p35,l3,0.0
i74,e04,c5,p01,l1,0.0
i74,e04,c5,p01,l3,0.0
i74,e04,c5,p02,l1,0.0
i74,e04,c5,p02,l3,0.0
i74,e04,c5,p03,l1,0.0
i74,e04,c5,p03,l3,0.0
i74,e04,c5,p04,l1,0.0
i74,e04,c5,p04,l3,0.0
i74,e04,c5,p05,l1,0.0
i74,e04,c5,p05,l3,4.0
i74,e04,c5,p06,l1,0.0
i74,e04,c5,p06,l3,0.0
i74,e04,c5,p07,l1,0.0
i74,e04,c5,p07,l3,0.0
i74,e04,c5,p08,l1,0.0
i74,e04,c5,p08,l3,0.0
i74,e04,c5,p09,l1,0.0
i74,e04,c5,p09,l3,0.0
i74,e04,c5,p10,l1,0.0
i74,e04,c5,p10,l3,0.0
i74,e04,c5,p11,l1,0.0
i74,e04,c5,p11,l3,0.0
i74,e04,c5,p12,l1,0.0
i74,e04,c5,p12,l3,0.0
i74,e04,c5,p13,l1,0.0
i74,e04,c5,p13,l3,0.0
i74,e04,c5,p14,l1,0.0
i74,e04,c5,p14,l3,0.0
i74,e04,c5,p15,l1,0.0
i74,e04,c5,p15,l3,1.0
i74,e04,c5,p16,l1,0.0
i74,e04,c5,p16,l3,0.0
i74,e04,c5,p17,l1,0.0
i74,e04,c5,p17,l3,0.0
i74,e04,c5,p18,l1,0.0
i74,e04,c5,p18,l3,0.0
i74,e04,c5,p19,l1,0.0
i74,e04,c5,p19,l3,0.0
i74,e04,c5,p20,l1,0.0
i74,e04,c5,p20,l3,0.0
i74,e04,c5,p21,l1,0.0
i74,e04,c5,p21,l3,0.0
i74,e04,c5,p22,l1,0.0
i74,e04,c5,p22,l3,0.0
i74,e04,c5,p23,l1,0.0
i74,e04,c5,p23,l3,0.0
i74,e04,c5,p24,l1,0.0
i74,e04,c5,p24,l3,0.0
i74,e04,c5,p25,l1,0.0
i74,e04,c5,p25,l3,0.0
i74,e04,c5,p26,l3,0.0
i74,e04,c5,p28,l1,0.0
i74,e04,c5,p28,l3,0.0
i74,e04,c5,p29,l1,0.0
i74,e04,c5,p29,l3,0.0
i74,e04,c5,p30,l3,0.0
i74,e04,c5,p31,l1,0.0
i74,e04,c5,p31,l3,0.0
i74,e04,c5,p32,l1,0.0
i74,e04,c5,p32,l3,0.0
i74,e04,c5,p33,l3,0.0
i74,e04,c5,p35,l1,0.0
i74,e04,c5,p35,l3,0.0
i74,e05,c3,p03,l3,0.0
i74,e05,c3,p07,l3,0.0
i74,e05,c3,p10,l3,0.0
i74,e05,c3,p11,l1,0.0
i74,e05,c3,p11,l3,0.0
i74,e05,c3,p15,l3,0.0
i74,e05,c3,p16,l3,0.0
i74,e05,c3,p18,l1,0.0
i74,e05,c3,p18,l3,0.0
i74,e05,c3,p24,l3,0.0
i74,e05,c3,p35,l3,0.0
i74,e05,c5,p01,l1,0.0
i74,e05,c5,p01,l3,0.0
i74,e05,c5,p02,l1,0.0
i74,e05,c5,p02,l3,0.0
i74,e05,c5,p03,l1,0.0
i74,e05,c5,p03,l3,0.0
i74,e05,c5,p04,l1,0.0
i74,e05,c5,p04,l3,0.0
i74,e05,c5,p05,l1,0.0
i74,e05,c5,p05,l3,0.0
i74,e05,c5,p06,l1,0.0
i74,e05,c5,p06,l3,0.0
i74,e05,c5,p07,l1,0.0
i74,e05,c5,p07,l3,0.0
i74,e05,c5,p08,l1,0.0
i74,e05,c5,p08,l3,0.0
i74,e05,c5,p09,l1,0.0
i74,e05,c5,p09,l3,0.0
i74,e05,c5,p10,l1,0.0
i74,e05,c5,p10,l3,0.0
i74,e05,c5,p11,l1,0.0
i74,e05,c5,p11,l3,0.0
i74,e05,c5,p12,l1,0.0
i74,e05,c5,p12,l3,0.0
i74,e05,c5,p13,l1,0.0
i74,e05,c5,p13,l3,0.0
i74,e05,c5,p14,l1,0.0
i74,e05,c5,p14,l3,0.0
i74,e05,c5,p15,l1,0.0
i74,e05,c5,p15,l3,0.0
i74,e05,c5,p16,l1,0.0
i74,e05,c5,p16,l3,0.0
i74,e05,c5,p17,l1,0.0
i74,e05,c5,p17,l3,0.0
i74,e05,c5,p18,l1,0.0
i74,e05,c5,p18,l3,0.0
i74,e05,c5,p19,l1,0.0
i74,e05,c5,p19,l3,0.0
i74,e05,c5,p20,l1,0.0
i74,e05,c5,p20,l3,0.0
i74,e05,c5,p21,l1,0.0
i74,e05,c5,p21,l3,0.0
i74,e05,c5,p22,l1,0.0
i74,e05,c5,p22,l3,0.0
i74,e05,c5,p23,l1,0.0
i74,e05,c5,p23,l3,0.0
i74,e05,c5,p24,l1,0.0
i74,e05,c5,p24,l3,0.0
i74,e05,c5,p25,l1,0.0
i74,e05,c5,p25,l3,0.0
i74,e05,c5,p28,l1,0.0
i74,e05,c5,p28,l3,0.0
i74,e05,c5,p29,l1,0.0
i74,e05,c5,p29,l3,0.0
i74,e05,c5,p30,l3,0.0
i74,e05,c5,p31,l1,0.0
i74,e05,c5,p31,l3,0.0
i74,e05,c5,p32,l1,0.0
i74,e05,c5,p32,l3,0.0
i74,e05,c5,p33,l1,0.0
i74,e05,c5,p33,l3,0.0
i74,e05,c5,p35,l1,0.0
i74,e05,c5,p35,l3,0.0
i74,e07,c5,p01,l3,0.0
i74,e07,c5,p02,l3,0.0
i74,e07,c5,p03,l3,0.0
i74,e07,c5,p04,l3,0.0
i74,e07,c5,p05,l3,0.0
i74,e07,c5,p06,l3,0.0
i74,e07,c5,p07,l2,0.0
i74,e07,c5,p07,l3,0.0
i74,e07,c5,p08,l2,0.0
i74,e07,c5,p09,l2,0.0
i74,e07,c5,p09,l3,0.0
i74,e07,c5,p10,l2,0.0
i74,e07,c5,p10,l3,0.0
i74,e07,c5,p11,l3,0.0
i74,e07,c5,p12,l3,0.0
i74,e07,c5,p13,l2,0.0
i74,e07,c5,p13,l3,0.0
i74,e07,c5,p14,l3,0.0
i74,e07,c5,p15,l2,0.0
i74,e07,c5,p15,l3,0.0
i74,e07,c5,p16,l2,0.0
i74,e07,c5,p16,l3,0.0
i74,e07,c5,p17,l3,0.0
i74,e07,c5,p18,l3,0.0
i74,e07,c5,p19,l2,0.0
i74,e07,c5,p19,l3,0.0
i74,e07,c5,p20,l2,0.0
i74,e07,c5,p20,l3,0.0
i74,e07,c5,p21,l2,0.0
i74,e07,c5,p21,l3,0.0
i74,e07,c5,p22,l3,0.0
i74,e07,c5,p23,l3,0.0
i74,e07,c5,p28,l3,0.0
i74,e07,c5,p29,l3,0.0
i74,e07,c5,p31,l2,0.0
i74,e07,c5,p35,l2,0.0
i74,e07,c5,p35,l3,0.0
i74,e08,c3,p01,l3,0.0
i74,e08,c3,p05,l3,0.0
i74,e08,c3,p06,l3,0.0
i74,e08,c3,p07,l3,0.0
i74,e08,c3,p09,l3,0.0
i74,e08,c3,p10,l3,0.0
i74,e08,c3,p14,l3,0.0
i74,e08,c3,p15,l3,0.0
i74,e08,c3,p16,l3,0.0
i74,e08,c3,p17,l3,0.0
i74,e08,c3,p18,l3,0.0
i74,e08,c3,p19,l3,0.0
i74,e08,c3,p21,l3,0.0
i74,e08,c3,p23,l3,0.0
i74,e08,c3,p24,l2,0.0
i74,e08,c3,p29,l3,0.0
i74,e08,c3,p35,l3,0.0
i74,e08,c5,p01,l2,0.0
i74,e08,c5,p01,l3,0.0
i74,e08,c5,p02,l2,0.0
i74,e08,c5,p02,l3,0.0
i74,e08,c5,p03,l2,0.0
i74,e08,c5,p03,l3,0.0
i74,e08,c5,p04,l2,0.0
i74,e08,c5,p04,l3,0.0
i74,e08,c5,p05,l2,0.0
i74,e08,c5,p05,l3,24.0
i74,e08,c5,p06,l2,0.0
i74,e08,c5,p06,l3,0.0
i74,e08,c5,p07,l2,0.0
i74,e08,c5,p07,l3,0.0
i74,e08,c5,p08,l2,0.0
i74,e08,c5,p08,l3,0.0
i74,e08,c5,p09,l2,0.0
i74,e08,c5,p09,l3,0.0
i74,e08,c5,p10,l2,0.0
i74,e08,c5,p10,l3,0.0
i74,e08,c5,p11,l2,0.0
i74,e08,c5,p11,l3,0.0
i74,e08,c5,p12,l2,0.0
i74,e08,c5,p12,l3,0.0
i74,e08,c5,p13,l2,0.0
i74,e08,c5,p13,l3,0.0
i74,e08,c5,p14,l2,0.0
i74,e08,c5,p14,l3,0.0
i74,e08,c5,p15,l2,0.0
i74,e08,c5,p15,l3,0.0
i74,e08,c5,p16,l2,0.0
i74,e08,c5,p16,l3,0.0
i74,e08,c5,p17,l2,0.0
i74,e08,c5,p17,l3,0.0
i74,e08,c5,p18,l2,0.0
i74,e08,c5,p18,l3,0.0
i74,e08,c5,p19,l2,0.0
i74,e08,c5,p19,l3,0.0
i74,e08,c5,p20,l2,0.0
i74,e08,c5,p20,l3,0.0
i74,e08,c5,p21,l2,0.0
i74,e08,c5,p21,l3,0.0
i74,e08,c5,p22,l2,0.0
i74,e08,c5,p22,l3,0.0
i74,e08,c5,p23,l2,0.0
i74,e08,c5,p23,l3,0.0
i74,e08,c5,p24,l2,0.0
i74,e08,c5,p24,l3,0.0
i74,e08,c5,p25,l2,0.0
i74,e08,c5,p25,l3,0.0
i74,e08,c5,p26,l3,0.0
i74,e08,c5,p28,l2,0.0
i74,e08,c5,p28,l3,0.0
i74,e08,c5,p29,l2,0.0
i74,e08,c5,p29,l3,0.0
i74,e08,c5,p30,l3,0.0
i74,e08,c5,p31,l2,0.0
i74,e08,c5,p31,l3,0.0
i74,e08,c5,p32,l2,0.0
i74,e08,c5,p32,l3,0.0
i74,e08,c5,p33,l3,0.0
i74,e08,c5,p35,l2,0.0
i74,e08,c5,p35,l3,0.0
i74,e09,c3,p03,l3,0.0
i74,e09,c3,p09,l3,0.0
i74,e09,c3,p10,l3,0.0
i74,e09,c3,p11,l3,0.0
i74,e09,c3,p13,l3,0.0
i74,e09,c3,p15,l3,0.0
i74,e09,c3,p16,l3,0.0
i74,e09,c3,p18,l3,0.0
i74,e09,c3,p21,l3,0.0
i74,e09,c3,p23,l3,0.0
i74,e09,c3,p29,l3,0.0
i74,e09,c3,p35,l3,0.0
i74,e09,c5,p01,l2,0.0
i74,e09,c5,p01,l3,0.0
i74,e09,c5,p02,l2,0.0
i74,e09,c5,p02,l3,0.0
i74,e09,c5,p03,l2,0.0
i74,e09,c5,p03,l3,0.0
i74,e09,c5,p04,l2,0.0
i74,e09,c5,p04,l3,0.0
i74,e09,c5,p05,l2,0.0
i74,e09,c5,p05,l3,0.0
i74,e09,c5,p06,l2,0.0
i74,e09,c5,p06,l3,0.0
i74,e09,c5,p07,l2,0.0
i74,e09,c5,p07,l3,0.0
i74,e09,c5,p08,l2,0.0
i74,e09,c5,p08,l3,0.0
i74,e09,c5,p09,l2,0.0
i74,e09,c5,p09,l3,0.0
i74,e09,c5,p10,l2,0.0
i74,e09,c5,p10,l3,0.0
i74,e09,c5,p11,l2,0.0
i74,e09,c5,p11,l3,0.0
i74,e09,c5,p12,l2,0.0
i74,e09,c5,p12,l3,0.0
i74,e09,c5,p13,l2,0.0
i74,e09,c5,p13,l3,0.0
i74,e09,c5,p14,l2,0.0
i74,e09,c5,p14,l3,0.0
i74,e09,c5,p15,l2,0.0
i74,e09,c5,p15,l3,0.0
i74,e09,c5,p16,l2,0.0
i74,e09,c5,p16,l3,0.0
i74,e09,c5,p17,l2,0.0
i74,e09,c5,p17,l3,0.0
i74,e09,c5,p18,l2,0.0
i74,e09,c5,p18,l3,0.0
i74,e09,c5,p19,l2,0.0
i74,e09,c5,p19,l3,0.0
i74,e09,c5,p20,l2,0.0
i74,e09,c5,p20,l3,0.0
i74,e09,c5,p21,l2,0.0
i74,e09,c5,p21,l3,0.0
i74,e09,c5,p22,l2,0.0
i74,e09,c5,p22,l3,0.0
i74,e09,c5,p23,l2,0.0
i74,e09,c5,p23,l3,0.0
i74,e09,c5,p24,l2,0.0
i74,e09,c5,p24,l3,0.0
i74,e09,c5,p25,l2,0.0
i74,e09,c5,p25,l3,0.0
i74,e09,c5,p26,l3,0.0
i74,e09,c5,p28,l2,0.0
i74,e09,c5,p28,l3,0.0
i74,e09,c5,p29,l2,0.0
i74,e09,c5,p29,l3,0.0
i74,e09,c5,p31,l2,0.0
i74,e09,c5,p31,l3,0.0
i74,e09,c5,p32,l2,0.0
i74,e09,c5,p32,l3,0.0
i74,e09,c5,p33,l3,0.0
i74,e09,c5,p35,l2,0.0
i74,e09,c5,p35,l3,0.0
i74,e11,c3,p05,l2,0.0
i74,e11,c3,p07,l3,0.0
i74,e11,c3,p09,l3,0.0
i74,e11,c3,p10,l3,0.0
i74,e11,c3,p15,l3,0.0
i74,e11,c3,p18,l3,0.0
i74,e11,c3,p21,l3,0.0
i74,e11,c3,p25,l3,0.0
i74,e11,c5,p01,l2,0.0
i74,e11,c5,p01,l3,0.0
i74,e11,c5,p02,l3,0.0
i74,e11,c5,p03,l2,0.0
i74,e11,c5,p03,l3,0.0
i74,e11,c5,p04,l2,0.0
i74,e11,c5,p04,l3,0.0
i74,e11,c5,p05,l2,0.0
i74,e11,c5,p05,l3,0.0
i74,e11,c5,p06,l2,0.0
i74,e11,c5,p06,l3,0.0
i74,e11,c5,p07,l2,0.0
i74,e11,c5,p07,l3,0.0
i74,e11,c5,p08,l2,0.0
i74,e11,c5,p08,l3,0.0
i74,e11,c5,p09,l2,0.0
i74,e11,c5,p09,l3,0.0
i74,e11,c5,p10,l2,0.0
i74,e11,c5,p10,l3,0.0
i74,e11,c5,p11,l2,0.0
i74,e11,c5,p11,l3,0.0
i74,e11,c5,p12,l2,0.0
i74,e11,c5,p12,l3,0.0
i74,e11,c5,p13,l2,0.0
i74,e11,c5,p13,l3,0.0
i74,e11,c5,p14,l3,0.0
i74,e11,c5,p15,l2,0.0
i74,e11,c5,p15,l3,0.0
i74,e11,c5,p16,l2,0.0
i74,e11,c5,p16,l3,0.0
i74,e11,c5,p17,l2,0.0
i74,e11,c5,p17,l3,0.0
i74,e11,c5,p18,l2,0.0
i74,e11,c5,p18,l3,0.0
i74,e11,c5,p19,l2,0.0
i74,e11,c5,p19,l3,0.0
i74,e11,c5,p21,l3,0.0
i74,e11,c5,p22,l2,0.0
i74,e11,c5,p22,l3,0.0
i74,e11,c5,p23,l3,0.0
i74,e11,c5,p24,l3,0.0
i74,e11,c5,p25,l3,0.0
i74,e11,c5,p26,l3,0.0
i74,e11,c5,p28,l2,0.0
i74,e11,c5,p28,l3,0.0
i74,e11,c5,p29,l2,0.0
i74,e11,c5,p29,l3,0.0
i74,e11,c5,p31,l3,0.0
i74,e11,c5,p32,l2,0.0
i74,e11,c5,p32,l3,0.0
i74,e11,c5,p33,l3,0.0
i74,e11,c5,p35,l2,0.0
i74,e11,c5,p35,l3,0.0
i74,e12,c3,p10,l3,0.0
i74,e12,c3,p15,l3,0.0
i74,e12,c5,p01,l3,0.0
i74,e12,c5,p02,l3,0.0
i74,e12,c5,p03,l3,0.0
i74,e12,c5,p04,l3,0.0
i74,e12,c5,p05,l3,0.0
i74,e12,c5,p06,l3,0.0
i74,e12,c5,p07,l3,0.0
i74,e12,c5,p08,l3,0.0
i74,e12,c5,p09,l3,0.0
i74,e12,c5,p10,l3,0.0
i74,e12,c5,p11,l3,0.0
i74,e12,c5,p12,l3,0.0
i74,e12,c5,p13,l3,0.0
i74,e12,c5,p14,l3,0.0
i74,e12,c5,p15,l3,0.0
i74,e12,c5,p16,l3,0.0
i74,e12,c5,p17,l3,0.0
i74,e12,c5,p18,l3,0.0
i74,e12,c5,p19,l3,0.0
i74,e12,c5,p20,l3,0.0
i74,e12,c5,p21,l3,0.0
i74,e12,c5,p22,l3,0.0
i74,e12,c5,p23,l3,0.0
i74,e12,c5,p24,l3,0.0
i74,e12,c5,p25,l3,0.0
i74,e12,c5,p28,l3,0.0
i74,e12,c5,p29,l3,0.0
i74,e12,c5,p31,l3,0.0
i74,e12,c5,p32,l3,0.0
i74,e12,c5,p35,l3,0.0
i75,e01,c1,p35,l3,0.0
i75,e04,c1,p35,l3,0.0
i75,e05,c1,p35,l3,0.0
i75,e08,c1,p35,l3,0.0
i75,e09,c1,p35,l3,0.0
i75,e11,c1,p35,l3,0.0
i76,e01,c3,p35,l3,0.0
i76,e01,c5,p01,l3,0.0
i76,e01,c5,p03,l3,0.0
i76,e01,c5,p04,l3,0.0
i76,e01,c5,p05,l3,0.0
i76,e01,c5,p06,l3,0.0
i76,e01,c5,p09,l3,0.0
i76,e01,c5,p10,l3,0.0
i76,e01,c5,p16,l3,0.0
i76,e01,c5,p18,l3,0.0
i76,e01,c5,p19,l3,0.0
i76,e01,c5,p21,l3,0.0
i76,e01,c5,p22,l3,0.0
i76,e01,c5,p23,l3,0.0
i76,e01,c5,p25,l3,0.0
i76,e01,c5,p35,l3,0.0
i76,e04,c3,p35,l3,0.0
i76,e04,c5,p01,l1,0.0
i76,e04,c5,p01,l3,0.0
i76,e04,c5,p03,l3,0.0
i76,e04,c5,p04,l1,0.0
i76,e04,c5,p04,l3,0.0
i76,e04,c5,p05,l3,0.0
i76,e04,c5,p06,l1,0.0
i76,e04,c5,p06,l3,0.0
i76,e04,c5,p09,l3,0.0
i76,e04,c5,p10,l1,0.0
i76,e04,c5,p10,l3,0.0
i76,e04,c5,p15,l3,0.0
i76,e04,c5,p16,l1,0.0
i76,e04,c5,p16,l3,0.0
i76,e04,c5,p18,l1,0.0
i76,e04,c5,p18,l3,0.0
i76,e04,c5,p19,l3,0.0
i76,e04,c5,p21,l1,0.0
i76,e04,c5,p21,l3,0.0
i76,e04,c5,p22,l1,0.0
i76,e04,c5,p22,l3,0.0
i76,e04,c5,p23,l3,0.0
i76,e04,c5,p25,l3,0.0
i76,e04,c5,p35,l1,0.0
i76,e04,c5,p35,l3,0.0
i76,e05,c5,p01,l3,0.0
i76,e05,c5,p06,l1,0.0
i76,e05,c5,p06,l3,0.0
i76,e05,c5,p19,l3,0.0
i76,e05,c5,p21,l1,0.0
i76,e05,c5,p21,l3,0.0
i76,e05,c5,p35,l1,0.0
i76,e05,c5,p35,l3,0.0
i76,e09,c3,p35,l3,0.0
i76,e09,c5,p01,l3,0.0
i76,e09,c5,p03,l3,0.0
i76,e09,c5,p04,l2,0.0
i76,e09,c5,p04,l3,0.0
i76,e09,c5,p06,l3,0.0
i76,e09,c5,p09,l3,0.0
i76,e09,c5,p10,l3,0.0
i76,e09,c5,p15,l3,0.0
i76,e09,c5,p16,l3,0.0
i76,e09,c5,p18,l2,0.0
i76,e09,c5,p18,l3,0.0
i76,e09,c5,p19,l3,0.0
i76,e09,c5,p21,l2,0.0
i76,e09,c5,p21,l3,0.0
i76,e09,c5,p25,l3,0.0
i76,e09,c5,p35,l2,0.0
i76,e09,c5,p35,l3,0.0
i77,e01,c5,p03,l3,0.0
i77,e01,c5,p04,l3,0.0
i77,e01,c5,p10,l3,0.0
i77,e01,c5,p17,l3,0.0
i77,e01,c5,p19,l3,0.0
i77,e01,c5,p35,l3,0.0
i77,e03,c5,p01,l3,0.0
i77,e03,c5,p03,l3,0.0
i77,e03,c5,p04,l3,0.0
i77,e03,c5,p07,l3,0.0
i77,e03,c5,p10,l3,0.0
i77,e03,c5,p12,l3,0.0
i77,e03,c5,p17,l3,0.0
i77,e03,c5,p19,l3,0.0
i77,e03,c5,p21,l3,0.0
i77,e03,c5,p24,l3,0.0
i77,e03,c5,p25,l3,0.0
i77,e03,c5,p32,l3,0.0
i77,e03,c5,p35,l3,0.0
i77,e04,c5,p01,l3,0.0
i77,e04,c5,p02,l3,0.0
i77,e04,c5,p04,l3,0.0
i77,e04,c5,p10,l3,0.0
i77,e04,c5,p11,l3,0.0
i77,e04,c5,p17,l3,0.0
i77,e04,c5,p19,l3,0.0
i77,e04,c5,p35,l3,0.0
i77,e05,c5,p01,l3,0.0
i77,e05,c5,p10,l1,0.0
i77,e05,c5,p10,l3,0.0
i77,e05,c5,p21,l3,0.0
i77,e05,c5,p35,l3,0.0
i77,e08,c5,p01,l3,0.0
i77,e08,c5,p02,l3,0.0
i77,e08,c5,p03,l3,0.0
i77,e08,c5,p04,l3,0.0
i77,e08,c5,p05,l3,0.0
i77,e08,c5,p10,l2,0.0
i77,e08,c5,p10,l3,0.0
i77,e08,c5,p11,l3,0.0
i77,e08,c5,p17,l3,0.0
i77,e08,c5,p18,l3,0.0
i77,e08,c5,p19,l3,0.0
i77,e08,c5,p24,l3,0.0
i77,e08,c5,p35,l3,0.0
i77,e09,c5,p01,l2,0.0
i77,e09,c5,p04,l3,0.0
i77,e09,c5,p10,l3,0.0
i77,e09,c5,p17,l3,0.0
i77,e09,c5,p19,l3,0.0
i77,e09,c5,p35,l3,0.0
i77,e12,c5,p01,l3,0.0
i77,e12,c5,p03,l3,0.0
i77,e12,c5,p10,l3,0.0
i77,e12,c5,p19,l3,0.0
i77,e12,c5,p21,l3,0.0
i77,e12,c5,p24,l3,0.0
i77,e12,c5,p35,l3,0.0
i78,e01,c1,p10,l3,0.0
i78,e01,c1,p11,l3,0.0
i78,e01,c1,p12,l3,0.0
i78,e01,c1,p13,l3,0.0
i78,e01,c1,p15,l3,0.0
i78,e01,c1,p18,l3,0.0
i78,e01,c1,p19,l3,0.0
i78,e01,c1,p20,l3,0.0
i78,e01,c1,p21,l3,0.0
i78,e01,c1,p23,l3,0.0
i78,e01,c1,p35,l3,0.0
i78,e01,c4,p12,l3,0.0
i78,e01,c4,p17,l3,0.0
i78,e01,c4,p19,l3,0.0
i78,e01,c4,p35,l3,0.0
i78,e01,c7,p35,l3,0.0
i78,e04,c1,p10,l3,0.0
i78,e04,c1,p12,l3,0.0
i78,e04,c1,p13,l3,0.0
i78,e04,c1,p15,l3,0.0
i78,e04,c1,p20,l3,0.0
i78,e04,c1,p21,l3,0.0
i78,e04,c1,p23,l3,0.0
i78,e04,c1,p35,l3,0.0
i78,e04,c4,p12,l3,0.0
i78,e04,c4,p17,l3,0.0
i78,e04,c4,p19,l3,0.0
i78,e04,c4,p35,l3,0.0
i78,e09,c1,p10,l3,0.0
i78,e09,c1,p11,l3,0.0
i78,e09,c1,p12,l3,0.0
i78,e09,c1,p13,l3,0.0
i78,e09,c1,p15,l3,0.0
i78,e09,c1,p20,l3,0.0
i78,e09,c1,p21,l3,0.0
i78,e09,c1,p23,l3,0.0
i78,e09,c1,p35,l3,0.0
i78,e09,c4,p12,l3,0.0
i78,e09,c4,p17,l3,0.0
i78,e09,c4,p19,l3,0.0
i78,e09,c4,p35,l3,0.0
i78,e09,c7,p35,l3,0.0
i79,e01,c1,p01,l3,0.0
i79,e01,c1,p02,l3,0.0
i79,e01,c1,p03,l3,0.0
i79,e01,c1,p04,l3,0.0
i79,e01,c1,p05,l3,0.0
i79,e01,c1,p07,l3,0.0
i79,e01,c1,p08,l3,0.0
i79,e01,c1,p10,l3,0.0
i79,e01,c1,p12,l3,0.0
i79,e01,c1,p19,l3,0.0
i79,e01,c1,p20,l3,0.0
i79,e01,c1,p21,l3,0.0
i79,e01,c1,p23,l3,0.0
i79,e01,c1,p24,l3,0.0
i79,e01,c1,p29,l3,0.0
i79,e01,c4,p12,l3,0.0
i79,e01,c4,p14,l3,0.0
i79,e03,c1,p01,l3,0.0
i79,e03,c1,p02,l3,0.0
i79,e03,c1,p03,l3,0.0
i79,e03,c1,p04,l3,0.0
i79,e03,c1,p05,l3,0.0
i79,e03,c1,p06,l3,0.0
i79,e03,c1,p07,l3,0.0
i79,e03,c1,p08,l3,0.0
i79,e03,c1,p10,l3,0.0
i79,e03,c1,p11,l3,0.0
i79,e03,c1,p12,l3,0.0
i79,e03,c1,p13,l3,0.0
i79,e03,c1,p14,l3,0.0
i79,e03,c1,p15,l3,0.0
i79,e03,c1,p16,l3,0.0
i79,e03,c1,p17,l3,0.0
i79,e03,c1,p19,l3,0.0
i79,e03,c1,p20,l3,0.0
i79,e03,c1,p21,l3,0.0
i79,e03,c1,p22,l3,0.0
i79,e03,c1,p24,l3,0.0
i79,e03,c1,p25,l3,0.0
i79,e03,c1,p29,l3,0.0
i79,e03,c1,p35,l3,0.0
i79,e03,c4,p01,l3,0.0
i79,e03,c4,p05,l3,0.0
i79,e03,c4,p12,l3,0.0
i79,e03,c4,p15,l3,0.0
i79,e03,c4,p21,l3,0.0
i79,e04,c1,p01,l3,0.0
i79,e04,c1,p02,l3,0.0
i79,e04,c1,p04,l3,0.0
i79,e04,c1,p07,l3,0.0
i79,e04,c1,p10,l3,0.0
i79,e04,c1,p12,l3,0.0
i79,e04,c1,p18,l3,0.0
i79,e04,c1,p19,l3,0.0
i79,e04,c1,p21,l3,0.0
i79,e04,c1,p24,l3,0.0
i79,e04,c1,p29,l3,0.0
i79,e04,c4,p10,l3,0.0
i79,e04,c4,p12,l3,0.0
i79,e04,c4,p14,l3,0.0
i79,e05,c1,p07,l3,0.0
i79,e05,c1,p10,l3,0.0
i79,e05,c1,p16,l3,0.0
i79,e05,c1,p35,l3,0.0
i79,e06,c1,p01,l3,0.0
i79,e07,c1,p01,l3,0.0
i79,e07,c1,p02,l3,0.0
i79,e07,c1,p03,l3,0.0
i79,e07,c1,p04,l3,0.0
i79,e07,c1,p05,l3,0.0
i79,e07,c1,p07,l3,0.0
i79,e07,c1,p10,l3,0.0
i79,e07,c1,p11,l3,0.0
i79,e07,c1,p12,l3,0.0
i79,e07,c1,p13,l3,0.0
i79,e07,c1,p14,l3,0.0
i79,e07,c1,p15,l3,0.0
i79,e07,c1,p16,l3,0.0
i79,e07,c1,p17,l3,0.0
i79,e07,c1,p18,l3,0.0
i79,e07,c1,p19,l3,0.0
i79,e07,c1,p21,l3,0.0
i79,e07,c1,p23,l3,0.0
i79,e07,c1,p24,l3,0.0
i79,e07,c1,p25,l3,0.0
i79,e07,c1,p29,l3,0.0
i79,e07,c1,p35,l3,0.0
i79,e07,c4,p05,l3,0.0
i79,e07,c4,p12,l3,0.0
i79,e07,c4,p17,l3,0.0
i79,e08,c1,p01,l3,0.0
i79,e08,c1,p02,l3,0.0
i79,e08,c1,p03,l3,0.0
i79,e08,c1,p04,l3,0.0
i79,e08,c1,p05,l3,0.0
i79,e08,c1,p07,l3,0.0
i79,e08,c1,p10,l3,0.0
i79,e08,c1,p11,l3,0.0
i79,e08,c1,p12,l3,0.0
i79,e08,c1,p13,l3,0.0
i79,e08,c1,p15,l3,0.0
i79,e08,c1,p17,l3,0.0
i79,e08,c1,p19,l3,0.0
i79,e08,c1,p21,l3,0.0
i79,e08,c1,p24,l3,0.0
i79,e08,c1,p29,l3,0.0
i79,e08,c1,p35,l3,0.0
i79,e08,c4,p05,l3,0.0
i79,e08,c4,p12,l3,0.0
i79,e09,c1,p01,l3,0.0
i79,e09,c1,p02,l3,0.0
i79,e09,c1,p03,l3,0.0
i79,e09,c1,p05,l3,0.0
i79,e09,c1,p07,l3,0.0
i79,e09,c1,p10,l3,0.0
i79,e09,c1,p12,l3,0.0
i79,e09,c1,p13,l3,0.0
i79,e09,c1,p18,l3,0.0
i79,e09,c1,p19,l3,0.0
i79,e09,c1,p20,l3,0.0
i79,e09,c1,p21,l3,0.0
i79,e09,c1,p23,l3,0.0
i79,e09,c1,p24,l3,0.0
i79,e09,c1,p29,l3,0.0
i79,e09,c1,p35,l3,0.0
i79,e09,c4,p10,l3,0.0
i79,e09,c4,p12,l3,0.0
i79,e09,c4,p14,l3,0.0
i79,e11,c1,p01,l3,0.0
i79,e11,c1,p02,l3,0.0
i79,e11,c1,p03,l3,0.0
i79,e11,c1,p04,l3,0.0
i79,e11,c1,p05,l3,0.0
i79,e11,c1,p06,l3,0.0
i79,e11,c1,p07,l3,0.0
i79,e11,c1,p10,l3,0.0
i79,e11,c1,p11,l3,0.0
i79,e11,c1,p12,l3,0.0
i79,e11,c1,p13,l3,0.0
i79,e11,c1,p15,l3,0.0
i79,e11,c1,p16,l3,0.0
i79,e11,c1,p17,l3,0.0
i79,e11,c1,p18,l3,0.0
i79,e11,c1,p19,l3,1.0
i79,e11,c1,p21,l3,0.0
i79,e11,c1,p23,l3,0.0
i79,e11,c1,p24,l3,0.0
i79,e11,c1,p25,l3,0.0
i79,e11,c1,p29,l3,0.0
i79,e11,c1,p35,l3,0.0
i79,e11,c4,p12,l3,0.0
i79,e12,c1,p01,l3,0.0
i79,e12,c1,p02,l3,0.0
i79,e12,c1,p03,l3,0.0
i79,e12,c1,p04,l3,0.0
i79,e12,c1,p05,l3,0.0
i79,e12,c1,p07,l3,0.0
i79,e12,c1,p10,l3,0.0
i79,e12,c1,p11,l3,0.0
i79,e12,c1,p12,l3,0.0
i79,e12,c1,p13,l3,0.0
i79,e12,c1,p19,l3,0.0
i79,e12,c1,p21,l3,0.0
i79,e12,c1,p24,l3,0.0
i79,e12,c1,p29,l3,0.0
i79,e12,c4,p12,l3,0.0
i80,e01,c3,p35,l3,0.0
i80,e01,c5,p35,l3,0.0
i80,e04,c3,p35,l1,0.0
i80,e04,c3,p35,l3,0.0
i80,e05,c3,p10,l3,0.0
i80,e05,c3,p35,l1,0.0
i80,e05,c3,p35,l3,0.0
i80,e09,c3,p35,l2,0.0
i80,e09,c3,p35,l3,0.0
i80,e09,c5,p35,l3,0.0
i81,e01,c5,p01,l3,0.0
i81,e01,c5,p03,l3,0.0
i81,e01,c5,p04,l3,0.0
i81,e01,c5,p10,l3,0.0
i81,e01,c5,p15,l3,0.0
i81,e01,c5,p16,l3,0.0
i81,e01,c5,p18,l3,0.0
i81,e01,c5,p19,l3,0.0
i81,e01,c5,p21,l3,0.0
i81,e01,c5,p22,l3,0.0
i81,e01,c5,p23,l3,0.0
i81,e01,c5,p35,l3,0.0
i81,e04,c5,p01,l3,0.0
i81,e04,c5,p03,l3,0.0
i81,e04,c5,p04,l3,0.0
i81,e04,c5,p06,l3,0.0
i81,e04,c5,p07,l3,0.0
i81,e04,c5,p09,l3,0.0
i81,e04,c5,p10,l3,0.0
i81,e04,c5,p12,l3,0.0
i81,e04,c5,p15,l3,0.0
i81,e04,c5,p16,l3,0.0
i81,e04,c5,p18,l3,0.0
i81,e04,c5,p19,l3,0.0
i81,e04,c5,p21,l3,0.0
i81,e04,c5,p22,l3,0.0
i81,e04,c5,p23,l3,0.0
i81,e04,c5,p35,l3,0.0
i81,e05,c5,p01,l3,0.0
i81,e05,c5,p03,l3,0.0
i81,e05,c5,p04,l3,0.0
i81,e05,c5,p10,l3,0.0
i81,e05,c5,p13,l3,0.0
i81,e05,c5,p16,l3,0.0
i81,e05,c5,p17,l3,0.0
i81,e05,c5,p19,l3,0.0
i81,e05,c5,p21,l3,0.0
i81,e05,c5,p22,l3,0.0
i81,e05,c5,p23,l3,0.0
i81,e05,c5,p35,l3,1.0
i81,e09,c5,p03,l3,0.0
i81,e09,c5,p04,l3,0.0
i81,e09,c5,p10,l3,0.0
i81,e09,c5,p15,l3,0.0
i81,e09,c5,p16,l3,0.0
i81,e09,c5,p18,l3,0.0
i81,e09,c5,p19,l3,0.0
i81,e09,c5,p21,l3,0.0
i81,e09,c5,p22,l3,0.0
i81,e09,c5,p23,l3,0.0
i81,e09,c5,p35,l3,0.0
i82,e01,c1,p35,l3,0.0
i82,e01,c4,p35,l3,0.0
i82,e04,c1,p35,l1,0.0
i82,e04,c1,p35,l3,0.0
i82,e04,c4,p35,l1,0.0
i82,e04,c4,p35,l3,0.0
i82,e05,c1,p35,l1,0.0
i82,e05,c1,p35,l3,0.0
i82,e05,c4,p35,l3,0.0
i82,e09,c1,p35,l2,0.0
i82,e09,c1,p35,l3,0.0
i82,e09,c4,p35,l2,0.0
i82,e09,c4,p35,l3,0.0
i83,e01,c3,p03,l3,0.0
i83,e01,c3,p10,l3,0.0
i83,e01,c3,p35,l3,0.0
i83,e04,c3,p03,l3,0.0
i83,e04,c3,p10,l1,0.0
i83,e04,c3,p10,l3,0.0
i83,e04,c3,p35,l1,0.0
i83,e04,c3,p35,l3,0.0
i83,e05,c3,p10,l3,0.0
i83,e05,c3,p35,l3,0.0
i83,e09,c3,p03,l3,0.0
i83,e09,c3,p10,l2,0.0
i83,e09,c3,p10,l3,0.0
i83,e09,c3,p35,l2,0.0
i83,e09,c3,p35,l3,0.0
i84,e01,c1,p35,l3,0.0
i84,e04,c1,p35,l3,0.0
i84,e05,c1,p35,l3,0.0
i84,e08,c1,p35,l3,0.0
i84,e09,c1,p35,l3,0.0
i84,e11,c1,p35,l3,0.0
i85,e01,c3,p01,l3,0.0
i85,e01,c3,p05,l3,0.0
i85,e01,c3,p06,l3,0.0
i85,e01,c3,p07,l3,0.0
i85,e01,c3,p10,l3,0.0
i85,e01,c3,p11,l3,0.0
i85,e01,c3,p12,l3,0.0
i85,e01,c3,p13,l3,0.0
i85,e01,c3,p14,l3,0.0
i85,e01,c3,p15,l3,0.0
i85,e01,c3,p16,l3,0.0
i85,e01,c3,p17,l3,0.0
i85,e01,c3,p18,l3,0.0
i85,e01,c3,p19,l3,0.0
i85,e01,c3,p21,l3,0.0
i85,e01,c3,p24,l3,0.0
i85,e01,c3,p29,l3,0.0
i85,e01,c3,p30,l3,0.0
i85,e01,c3,p35,l3,0.0
i85,e01,c5,p01,l3,0.0
i85,e01,c5,p02,l3,0.0
i85,e01,c5,p03,l3,0.0
i85,e01,c5,p04,l3,0.0
i85,e01,c5,p05,l3,0.0
i85,e01,c5,p06,l3,0.0
i85,e01,c5,p07,l3,0.0
i85,e01,c5,p08,l3,0.0
i85,e01,c5,p09,l3,0.0
i85,e01,c5,p10,l3,0.0
i85,e01,c5,p11,l3,0.0
i85,e01,c5,p12,l3,0.0
i85,e01,c5,p13,l3,0.0
i85,e01,c5,p14,l3,0.0
i85,e01,c5,p15,l3,0.0
i85,e01,c5,p16,l3,0.0
i85,e01,c5,p17,l3,0.0
i85,e01,c5,p18,l3,0.0
i85,e01,c5,p19,l3,0.0
i85,e01,c5,p21,l3,0.0
i85,e01,c5,p22,l3,0.0
i85,e01,c5,p23,l3,0.0
i85,e01,c5,p24,l3,0.0
i85,e01,c5,p25,l3,0.0
i85,e01,c5,p26,l3,0.0
i85,e01,c5,p28,l3,0.0
i85,e01,c5,p29,l3,0.0
i85,e01,c5,p35,l3,0.0
i85,e04,c3,p01,l3,0.0
i85,e04,c3,p02,l1,0.0
i85,e04,c3,p02,l3,0.0
i85,e04,c3,p03,l1,0.0
i85,e04,c3,p03,l3,0.0
i85,e04,c3,p04,l1,0.0
i85,e04,c3,p04,l3,0.0
i85,e04,c3,p05,l3,0.0
i85,e04,c3,p06,l3,0.0
i85,e04,c3,p07,l1,0.0
i85,e04,c3,p07,l3,0.0
i85,e04,c3,p08,l3,0.0
i85,e04,c3,p09,l1,0.0
i85,e04,c3,p09,l3,0.0
i85,e04,c3,p10,l1,0.0
i85,e04,c3,p10,l3,0.0
i85,e04,c3,p11,l1,0.0
i85,e04,c3,p11,l3,0.0
i85,e04,c3,p12,l1,0.0
i85,e04,c3,p12,l3,0.0
i85,e04,c3,p13,l1,0.0
i85,e04,c3,p13,l3,0.0
i85,e04,c3,p14,l1,0.0
i85,e04,c3,p14,l3,0.0
i85,e04,c3,p15,l1,0.0
i85,e04,c3,p15,l3,0.0
i85,e04,c3,p16,l1,0.0
i85,e04,c3,p17,l1,0.0
i85,e04,c3,p17,l3,0.0
i85,e04,c3,p18,l1,0.0
i85,e04,c3,p19,l1,0.0
i85,e04,c3,p19,l3,0.0
i85,e04,c3,p21,l1,0.0
i85,e04,c3,p21,l3,0.0
i85,e04,c3,p22,l1,0.0
i85,e04,c3,p22,l3,0.0
i85,e04,c3,p24,l1,0.0
i85,e04,c3,p24,l3,0.0
i85,e04,c3,p28,l1,0.0
i85,e04,c3,p28,l3,0.0
i85,e04,c3,p29,l1,0.0
i85,e04,c3,p29,l3,0.0
i85,e04,c3,p35,l1,0.0
i85,e04,c3,p35,l3,0.0
i85,e04,c5,p01,l1,0.0
i85,e04,c5,p01,l3,0.0
i85,e04,c5,p02,l1,0.0
i85,e04,c5,p02,l3,0.0
i85,e04,c5,p03,l1,0.0
i85,e04,c5,p03,l3,0.0
i85,e04,c5,p04,l1,0.0
i85,e04,c5,p04,l3,0.0
i85,e04,c5,p05,l1,0.0
i85,e04,c5,p05,l3,0.0
i85,e04,c5,p06,l1,0.0
i85,e04,c5,p07,l1,0.0
i85,e04,c5,p07,l3,0.0
i85,e04,c5,p09,l1,0.0
i85,e04,c5,p09,l3,0.0
i85,e04,c5,p10,l1,0.0
i85,e04,c5,p10,l3,0.0
i85,e04,c5,p11,l1,0.0
i85,e04,c5,p11,l3,0.0
i85,e04,c5,p12,l1,0.0
i85,e04,c5,p12,l3,0.0
i85,e04,c5,p13,l1,0.0
i85,e04,c5,p13,l3,0.0
i85,e04,c5,p14,l1,0.0
i85,e04,c5,p14,l3,0.0
i85,e04,c5,p15,l1,0.0
i85,e04,c5,p15,l3,0.0
i85,e04,c5,p16,l1,0.0
i85,e04,c5,p16,l3,0.0
i85,e04,c5,p17,l1,0.0
i85,e04,c5,p17,l3,0.0
i85,e04,c5,p18,l1,0.0
i85,e04,c5,p18,l3,0.0
i85,e04,c5,p19,l1,0.0
i85,e04,c5,p19,l3,0.0
i85,e04,c5,p20,l1,0.0
i85,e04,c5,p21,l1,0.0
i85,e04,c5,p21,l3,0.0
i85,e04,c5,p22,l1,0.0
i85,e04,c5,p22,l3,0.0
i85,e04,c5,p23,l1,0.0
i85,e04,c5,p24,l1,0.0
i85,e04,c5,p24,l3,0.0
i85,e04,c5,p25,l3,0.0
i85,e04,c5,p28,l1,0.0
i85,e04,c5,p28,l3,0.0
i85,e04,c5,p29,l1,0.0
i85,e04,c5,p29,l3,0.0
i85,e04,c5,p31,l1,0.0
i85,e04,c5,p32,l1,0.0
i85,e04,c5,p32,l3,0.0
i85,e04,c5,p35,l1,0.0
i85,e04,c5,p35,l3,0.0
i85,e09,c3,p01,l2,0.0
i85,e09,c3,p07,l2,0.0
i85,e09,c3,p07,l3,0.0
i85,e09,c3,p08,l3,0.0
i85,e09,c3,p10,l2,0.0
i85,e09,c3,p10,l3,0.0
i85,e09,c3,p11,l2,0.0
i85,e09,c3,p11,l3,0.0
i85,e09,c3,p13,l2,0.0
i85,e09,c3,p15,l2,0.0
i85,e09,c3,p15,l3,0.0
i85,e09,c3,p16,l2,0.0
i85,e09,c3,p16,l3,0.0
i85,e09,c3,p17,l3,0.0
i85,e09,c3,p18,l2,0.0
i85,e09,c3,p19,l2,0.0
i85,e09,c3,p21,l2,0.0
i85,e09,c3,p21,l3,0.0
i85,e09,c3,p22,l2,0.0
i85,e09,c3,p23,l3,0.0
i85,e09,c3,p24,l3,0.0
i85,e09,c3,p29,l2,0.0
i85,e09,c3,p29,l3,0.0
i85,e09,c3,p35,l2,0.0
i85,e09,c3,p35,l3,0.0
i85,e09,c5,p01,l3,0.0
i85,e09,c5,p04,l2,0.0
i85,e09,c5,p05,l2,0.0
i85,e09,c5,p05,l3,0.0
i85,e09,c5,p06,l2,0.0
i85,e09,c5,p06,l3,0.0
i85,e09,c5,p07,l2,0.0
i85,e09,c5,p07,l3,0.0
i85,e09,c5,p08,l3,0.0
i85,e09,c5,p09,l2,0.0
i85,e09,c5,p09,l3,0.0
i85,e09,c5,p10,l2,0.0
i85,e09,c5,p10,l3,0.0
i85,e09,c5,p11,l2,0.0
i85,e09,c5,p11,l3,0.0
i85,e09,c5,p12,l2,0.0
i85,e09,c5,p12,l3,0.0
i85,e09,c5,p13,l2,0.0
i85,e09,c5,p13,l3,0.0
i85,e09,c5,p14,l2,0.0
i85,e09,c5,p14,l3,0.0
i85,e09,c5,p15,l3,0.0
i85,e09,c5,p16,l2,0.0
i85,e09,c5,p16,l3,0.0
i85,e09,c5,p17,l2,0.0
i85,e09,c5,p17,l3,0.0
i85,e09,c5,p18,l2,0.0
i85,e09,c5,p18,l3,0.0
i85,e09,c5,p19,l2,0.0
i85,e09,c5,p19,l3,0.0
i85,e09,c5,p21,l2,0.0
i85,e09,c5,p21,l3,0.0
i85,e09,c5,p22,l2,0.0
i85,e09,c5,p22,l3,0.0
i85,e09,c5,p23,l2,0.0
i85,e09,c5,p23,l3,0.0
i85,e09,c5,p24,l2,0.0
i85,e09,c5,p24,l3,0.0
i85,e09,c5,p29,l3,0.0
i85,e09,c5,p31,l2,0.0
i85,e09,c5,p35,l2,0.0
i85,e09,c5,p35,l3,0.0
i86,e01,c5,p01,l3,0.0
i86,e01,c5,p02,l3,0.0
i86,e01,c5,p03,l3,0.0
i86,e01,c5,p04,l3,0.0
i86,e01,c5,p05,l3,0.0
i86,e01,c5,p06,l3,0.0
i86,e01,c5,p07,l3,0.0
i86,e01,c5,p08,l3,0.0
i86,e01,c5,p09,l3,0.0
i86,e01,c5,p10,l3,0.0
i86,e01,c5,p11,l3,0.0
i86,e01,c5,p12,l3,0.0
i86,e01,c5,p13,l3,0.0
i86,e01,c5,p16,l3,0.0
i86,e01,c5,p17,l3,0.0
i86,e01,c5,p18,l3,0.0
i86,e01,c5,p19,l3,0.0
i86,e01,c5,p21,l3,0.0
i86,e01,c5,p23,l3,0.0
i86,e01,c5,p24,l3,0.0
i86,e01,c5,p25,l3,0.0
i86,e01,c5,p28,l3,0.0
i86,e02,c5,p03,l3,0.0
i86,e02,c5,p10,l3,0.0
i86,e02,c5,p18,l3,0.0
i86,e04,c5,p01,l3,0.0
i86,e04,c5,p02,l3,0.0
i86,e04,c5,p03,l3,0.0
i86,e04,c5,p04,l3,0.0
i86,e04,c5,p05,l3,0.0
i86,e04,c5,p06,l3,0.0
i86,e04,c5,p07,l3,0.0
i86,e04,c5,p08,l3,0.0
i86,e04,c5,p10,l3,0.0
i86,e04,c5,p11,l3,0.0
i86,e04,c5,p12,l3,0.0
i86,e04,c5,p13,l3,0.0
i86,e04,c5,p14,l3,0.0
i86,e04,c5,p16,l3,0.0
i86,e04,c5,p17,l3,0.0
i86,e04,c5,p18,l3,0.0
i86,e04,c5,p19,l3,0.0
i86,e04,c5,p21,l3,0.0
i86,e04,c5,p22,l3,0.0
i86,e04,c5,p23,l3,0.0
i86,e04,c5,p24,l3,0.0
i86,e04,c5,p25,l3,0.0
i86,e04,c5,p28,l3,0.0
i86,e04,c5,p31,l3,0.0
i86,e04,c5,p35,l3,0.0
i86,e05,c5,p21,l3,0.0
i86,e08,c5,p01,l3,0.0
i86,e08,c5,p02,l3,0.0
i86,e08,c5,p03,l3,0.0
i86,e08,c5,p04,l3,0.0
i86,e08,c5,p05,l3,0.0
i86,e08,c5,p06,l3,0.0
i86,e08,c5,p07,l3,0.0
i86,e08,c5,p08,l3,0.0
i86,e08,c5,p10,l3,0.0
i86,e08,c5,p11,l3,0.0
i86,e08,c5,p12,l3,0.0
i86,e08,c5,p13,l3,0.0
i86,e08,c5,p16,l3,0.0
i86,e08,c5,p17,l3,0.0
i86,e08,c5,p19,l3,0.0
i86,e08,c5,p21,l3,0.0
i86,e08,c5,p23,l3,0.0
i86,e08,c5,p24,l3,0.0
i86,e08,c5,p25,l3,0.0
i86,e08,c5,p31,l3,0.0
i86,e08,c5,p35,l3,0.0
i86,e09,c5,p01,l3,0.0
i86,e09,c5,p02,l3,0.0
i86,e09,c5,p03,l3,0.0
i86,e09,c5,p04,l3,0.0
i86,e09,c5,p05,l3,0.0
i86,e09,c5,p07,l3,0.0
i86,e09,c5,p08,l3,0.0
i86,e09,c5,p10,l3,0.0
i86,e09,c5,p11,l3,0.0
i86,e09,c5,p12,l3,0.0
i86,e09,c5,p13,l3,0.0
i86,e09,c5,p16,l3,0.0
i86,e09,c5,p17,l3,0.0
i86,e09,c5,p18,l3,0.0
i86,e09,c5,p19,l3,0.0
i86,e09,c5,p21,l3,0.0
i86,e09,c5,p23,l3,0.0
i86,e09,c5,p24,l3,0.0
i86,e09,c5,p25,l3,0.0
i86,e11,c5,p01,l3,0.0
i86,e11,c5,p02,l3,0.0
i86,e11,c5,p04,l3,0.0
i86,e11,c5,p10,l3,0.0
i86,e11,c5,p19,l3,0.0
i86,e11,c5,p21,l3,0.0
i86,e13,c5,p01,l3,0.0
i86,e13,c5,p03,l3,0.0
i86,e13,c5,p04,l3,0.0
i86,e13,c5,p05,l3,0.0
i86,e13,c5,p06,l3,0.0
i86,e13,c5,p07,l3,0.0
i86,e13,c5,p09,l3,0.0
i86,e13,c5,p10,l3,0.0
i86,e13,c5,p11,l3,0.0
i86,e13,c5,p12,l3,0.0
i86,e13,c5,p13,l3,0.0
i86,e13,c5,p14,l3,0.0
i86,e13,c5,p15,l3,0.0
i86,e13,c5,p16,l3,0.0
i86,e13,c5,p17,l3,0.0
i86,e13,c5,p18,l3,0.0
i86,e13,c5,p19,l3,0.0
i86,e13,c5,p21,l3,0.0
i86,e13,c5,p22,l3,0.0
i86,e13,c5,p23,l3,0.0
i86,e13,c5,p24,l3,0.0
i86,e13,c5,p25,l3,0.0
i86,e13,c5,p28,l3,0.0
i86,e13,c5,p31,l3,0.0
i87,e01,c3,p35,l3,0.0
i87,e01,c5,p01,l3,0.0
i87,e01,c5,p02,l3,0.0
i87,e01,c5,p03,l3,0.0
i87,e01,c5,p05,l3,0.0
i87,e01,c5,p06,l3,0.0
i87,e01,c5,p07,l3,0.0
i87,e01,c5,p08,l3,0.0
i87,e01,c5,p09,l3,0.0
i87,e01,c5,p10,l3,0.0
i87,e01,c5,p11,l3,0.0
i87,e01,c5,p12,l3,0.0
i87,e01,c5,p13,l3,0.0
i87,e01,c5,p15,l3,0.0
i87,e01,c5,p16,l3,0.0
i87,e01,c5,p17,l3,0.0
i87,e01,c5,p18,l3,0.0
i87,e01,c5,p19,l3,0.0
i87,e01,c5,p20,l3,0.0
i87,e01,c5,p21,l3,0.0
i87,e01,c5,p22,l3,0.0
i87,e01,c5,p23,l3,0.0
i87,e01,c5,p24,l3,0.0
i87,e01,c5,p25,l3,0.0
i87,e01,c5,p28,l3,0.0
i87,e01,c5,p29,l3,0.0
i87,e01,c5,p31,l3,0.0
i87,e01,c5,p32,l3,0.0
i87,e01,c5,p35,l3,0.0
i87,e04,c3,p35,l3,0.0
i87,e04,c5,p01,l3,0.0
i87,e04,c5,p02,l3,0.0
i87,e04,c5,p03,l3,0.0
i87,e04,c5,p04,l3,0.0
i87,e04,c5,p05,l3,0.0
i87,e04,c5,p06,l3,0.0
i87,e04,c5,p07,l3,0.0
i87,e04,c5,p08,l3,0.0
i87,e04,c5,p10,l3,0.0
i87,e04,c5,p11,l3,0.0
i87,e04,c5,p12,l3,0.0
i87,e04,c5,p13,l3,0.0
i87,e04,c5,p14,l3,0.0
i87,e04,c5,p15,l3,0.0
i87,e04,c5,p16,l3,0.0
i87,e04,c5,p17,l3,0.0
i87,e04,c5,p18,l3,0.0
i87,e04,c5,p19,l3,0.0
i87,e04,c5,p20,l3,0.0
i87,e04,c5,p21,l3,0.0
i87,e04,c5,p22,l3,0.0
i87,e04,c5,p23,l3,0.0
i87,e04,c5,p24,l3,0.0
i87,e04,c5,p25,l3,0.0
i87,e04,c5,p28,l3,0.0
i87,e04,c5,p29,l3,0.0
i87,e04,c5,p32,l3,0.0
i87,e04,c5,p35,l3,0.0
i87,e05,c5,p01,l3,0.0
i87,e05,c5,p03,l3,0.0
i87,e05,c5,p06,l3,0.0
i87,e05,c5,p07,l3,0.0
i87,e05,c5,p08,l3,0.0
i87,e05,c5,p10,l3,0.0
i87,e05,c5,p11,l3,0.0
i87,e05,c5,p12,l3,0.0
i87,e05,c5,p14,l3,0.0
i87,e05,c5,p15,l3,0.0
i87,e05,c5,p16,l3,0.0
i87,e05,c5,p17,l3,0.0
i87,e05,c5,p18,l3,0.0
i87,e05,c5,p19,l3,0.0
i87,e05,c5,p20,l3,0.0
i87,e05,c5,p21,l3,0.0
i87,e05,c5,p22,l3,0.0
i87,e05,c5,p23,l3,0.0
i87,e05,c5,p24,l3,0.0
i87,e05,c5,p28,l3,0.0
i87,e05,c5,p29,l3,0.0
i87,e05,c5,p35,l3,0.0
i87,e09,c5,p01,l3,0.0
i87,e09,c5,p03,l3,0.0
i87,e09,c5,p05,l3,0.0
i87,e09,c5,p06,l3,0.0
i87,e09,c5,p07,l3,0.0
i87,e09,c5,p08,l3,0.0
i87,e09,c5,p10,l3,0.0
i87,e09,c5,p11,l3,0.0
i87,e09,c5,p12,l3,0.0
i87,e09,c5,p14,l3,0.0
i87,e09,c5,p15,l3,0.0
i87,e09,c5,p16,l3,0.0
i87,e09,c5,p17,l3,0.0
i87,e09,c5,p18,l3,0.0
i87,e09,c5,p19,l3,0.0
i87,e09,c5,p20,l3,0.0
i87,e09,c5,p21,l3,0.0
i87,e09,c5,p22,l3,0.0
i87,e09,c5,p23,l3,0.0
i87,e09,c5,p24,l3,0.0
i87,e09,c5,p25,l3,0.0
i87,e09,c5,p28,l3,0.0
i87,e09,c5,p29,l3,0.0
i87,e09,c5,p32,l3,0.0
i87,e09,c5,p35,l3,0.0
i88,e01,c1,p35,l3,0.0
i88,e01,c4,p35,l3,0.0
i88,e04,c1,p35,l3,0.0
i88,e05,c1,p35,l3,0.0
i88,e08,c1,p35,l3,0.0
i88,e09,c1,p35,l3,0.0
i88,e09,c4,p35,l3,0.0
i88,e11,c1,p35,l3,0.0
i88,e11,c4,p35,l3,0.0
i89,e01,c1,p01,l3,0.0
i89,e01,c1,p02,l3,0.0
i89,e01,c1,p03,l3,0.0
i89,e01,c1,p04,l3,0.0
i89,e01,c1,p05,l3,0.0
i89,e01,c1,p06,l3,0.0
i89,e01,c1,p07,l3,0.0
i89,e01,c1,p08,l3,0.0
i89,e01,c1,p09,l3,0.0
i89,e01,c1,p10,l3,0.0
i89,e01,c1,p11,l3,0.0
i89,e01,c1,p12,l3,0.0
i89,e01,c1,p13,l3,0.0
i89,e01,c1,p14,l3,0.0
i89,e01,c1,p15,l3,0.0
i89,e01,c1,p16,l3,0.0
i89,e01,c1,p17,l3,0.0
i89,e01,c1,p18,l3,0.0
i89,e01,c1,p19,l3,0.0
i89,e01,c1,p20,l3,0.0
i89,e01,c1,p21,l3,0.0
i89,e01,c1,p22,l3,0.0
i89,e01,c1,p23,l3,0.0
i89,e01,c1,p24,l3,0.0
i89,e01,c1,p25,l3,0.0
i89,e01,c1,p26,l3,0.0
i89,e01,c1,p28,l3,0.0
i89,e01,c1,p29,l3,0.0
i89,e01,c1,p30,l3,0.0
i89,e01,c1,p31,l3,0.0
i89,e01,c1,p32,l3,0.0
i89,e01,c1,p33,l3,0.0
i89,e01,c1,p35,l3,0.0
i89,e01,c4,p01,l3,0.0
i89,e01,c4,p02,l3,0.0
i89,e01,c4,p03,l3,0.0
i89,e01,c4,p04,l3,0.0
i89,e01,c4,p05,l3,0.0
i89,e01,c4,p07,l3,0.0
i89,e01,c4,p09,l3,0.0
i89,e01,c4,p10,l3,0.0
i89,e01,c4,p13,l3,0.0
i89,e01,c4,p14,l3,0.0
i89,e01,c4,p15,l3,0.0
i89,e01,c4,p18,l3,0.0
i89,e01,c4,p19,l3,0.0
i89,e01,c4,p21,l3,0.0
i89,e01,c4,p22,l3,0.0
i89,e01,c4,p23,l3,0.0
i89,e01,c4,p24,l3,0.0
i89,e01,c4,p25,l3,0.0
i89,e01,c4,p32,l3,0.0
i89,e01,c4,p35,l3,0.0
i89,e01,c7,p19,l3,0.0
i89,e04,c1,p01,l1,0.0
i89,e04,c1,p01,l3,0.0
i89,e04,c1,p02,l1,0.0
i89,e04,c1,p02,l3,0.0
i89,e04,c1,p03,l1,0.0
i89,e04,c1,p03,l3,0.0
i89,e04,c1,p04,l1,0.0
i89,e04,c1,p04,l3,0.0
i89,e04,c1,p05,l1,0.0
i89,e04,c1,p05,l3,0.0
i89,e04,c1,p06,l3,0.0
i89,e04,c1,p07,l1,0.0
i89,e04,c1,p07,l3,0.0
i89,e04,c1,p08,l1,0.0
i89,e04,c1,p08,l3,0.0
i89,e04,c1,p09,l1,0.0
i89,e04,c1,p09,l3,0.0
i89,e04,c1,p10,l1,0.0
i89,e04,c1,p10,l3,0.0
i89,e04,c1,p11,l1,0.0
i89,e04,c1,p11,l3,0.0
i89,e04,c1,p12,l1,0.0
i89,e04,c1,p12,l3,0.0
i89,e04,c1,p13,l1,0.0
i89,e04,c1,p13,l3,0.0
i89,e04,c1,p14,l1,0.0
i89,e04,c1,p14,l3,0.0
i89,e04,c1,p15,l1,0.0
i89,e04,c1,p15,l3,0.0
i89,e04,c1,p16,l1,0.0
i89,e04,c1,p16,l3,0.0
i89,e04,c1,p17,l1,0.0
i89,e04,c1,p17,l3,0.0
i89,e04,c1,p18,l1,0.0
i89,e04,c1,p18,l3,0.0
i89,e04,c1,p19,l1,0.0
i89,e04,c1,p19,l3,0.0
i89,e04,c1,p20,l1,0.0
i89,e04,c1,p20,l3,0.0
i89,e04,c1,p21,l1,0.0
i89,e04,c1,p21,l3,0.0
i89,e04,c1,p22,l1,0.0
i89,e04,c1,p22,l3,0.0
i89,e04,c1,p23,l1,0.0
i89,e04,c1,p23,l3,0.0
i89,e04,c1,p24,l1,0.0
i89,e04,c1,p24,l3,0.0
i89,e04,c1,p25,l1,0.0
i89,e04,c1,p25,l3,0.0
i89,e04,c1,p26,l3,0.0
i89,e04,c1,p28,l1,0.0
i89,e04,c1,p28,l3,0.0
i89,e04,c1,p29,l1,0.0
i89,e04,c1,p29,l3,0.0
i89,e04,c1,p30,l3,0.0
i89,e04,c1,p31,l1,0.0
i89,e04,c1,p31,l3,0.0
i89,e04,c1,p32,l1,0.0
i89,e04,c1,p32,l3,0.0
i89,e04,c1,p33,l3,0.0
i89,e04,c1,p35,l1,0.0
i89,e04,c1,p35,l3,0.0
i89,e04,c4,p01,l3,0.0
i89,e04,c4,p02,l1,0.0
i89,e04,c4,p03,l1,0.0
i89,e04,c4,p07,l3,0.0
i89,e04,c4,p08,l1,0.0
i89,e04,c4,p09,l3,0.0
i89,e04,c4,p10,l1,0.0
i89,e04,c4,p10,l3,0.0
i89,e04,c4,p13,l3,0.0
i89,e04,c4,p14,l3,0.0
i89,e04,c4,p15,l1,0.0
i89,e04,c4,p15,l3,0.0
i89,e04,c4,p18,l3,0.0
i89,e04,c4,p19,l3,0.0
i89,e04,c4,p21,l3,0.0
i89,e04,c4,p22,l3,0.0
i89,e04,c4,p23,l3,0.0
i89,e04,c4,p24,l3,0.0
i89,e04,c4,p25,l1,0.0
i89,e04,c4,p35,l1,0.0
i89,e04,c4,p35,l3,0.0
i89,e04,c7,p19,l3,0.0
i89,e05,c1,p01,l3,0.0
i89,e05,c1,p02,l3,0.0
i89,e05,c1,p03,l3,0.0
i89,e05,c1,p04,l3,0.0
i89,e05,c1,p05,l3,0.0
i89,e05,c1,p06,l3,0.0
i89,e05,c1,p07,l3,0.0
i89,e05,c1,p10,l3,0.0
i89,e05,c1,p11,l1,0.0
i89,e05,c1,p11,l3,0.0
i89,e05,c1,p12,l3,0.0
i89,e05,c1,p13,l3,0.0
i89,e05,c1,p14,l3,0.0
i89,e05,c1,p15,l3,0.0
i89,e05,c1,p16,l1,0.0
i89,e05,c1,p16,l3,0.0
i89,e05,c1,p17,l3,0.0
i89,e05,c1,p18,l3,0.0
i89,e05,c1,p19,l1,0.0
i89,e05,c1,p19,l3,0.0
i89,e05,c1,p21,l3,0.0
i89,e05,c1,p22,l3,0.0
i89,e05,c1,p23,l3,0.0
i89,e05,c1,p24,l1,0.0
i89,e05,c1,p24,l3,0.0
i89,e05,c1,p25,l3,0.0
i89,e05,c1,p28,l1,0.0
i89,e05,c1,p29,l3,0.0
i89,e05,c1,p32,l3,0.0
i89,e05,c1,p35,l1,0.0
i89,e05,c1,p35,l3,0.0
i89,e05,c4,p09,l3,0.0
i89,e05,c4,p23,l3,0.0
i89,e05,c4,p35,l3,0.0
i89,e09,c1,p01,l2,0.0
i89,e09,c1,p01,l3,0.0
i89,e09,c1,p02,l2,0.0
i89,e09,c1,p02,l3,0.0
i89,e09,c1,p03,l2,0.0
i89,e09,c1,p03,l3,0.0
i89,e09,c1,p04,l2,0.0
i89,e09,c1,p04,l3,0.0
i89,e09,c1,p05,l2,0.0
i89,e09,c1,p05,l3,0.0
i89,e09,c1,p06,l2,0.0
i89,e09,c1,p06,l3,0.0
i89,e09,c1,p07,l2,0.0
i89,e09,c1,p07,l3,0.0
i89,e09,c1,p08,l2,0.0
i89,e09,c1,p08,l3,0.0
i89,e09,c1,p09,l2,0.0
i89,e09,c1,p09,l3,0.0
i89,e09,c1,p10,l2,0.0
i89,e09,c1,p10,l3,0.0
i89,e09,c1,p11,l2,0.0
i89,e09,c1,p11,l3,0.0
i89,e09,c1,p12,l2,0.0
i89,e09,c1,p12,l3,0.0
i89,e09,c1,p13,l2,0.0
i89,e09,c1,p13,l3,0.0
i89,e09,c1,p14,l2,0.0
i89,e09,c1,p14,l3,0.0
i89,e09,c1,p15,l2,0.0
i89,e09,c1,p15,l3,0.0
i89,e09,c1,p16,l2,0.0
i89,e09,c1,p16,l3,0.0
i89,e09,c1,p17,l2,0.0
i89,e09,c1,p17,l3,0.0
i89,e09,c1,p18,l2,0.0
i89,e09,c1,p18,l3,0.0
i89,e09,c1,p19,l2,0.0
i89,e09,c1,p19,l3,0.0
i89,e09,c1,p20,l2,0.0
i89,e09,c1,p20,l3,0.0
i89,e09,c1,p21,l2,0.0
i89,e09,c1,p21,l3,0.0
i89,e09,c1,p22,l2,0.0
i89,e09,c1,p22,l3,0.0
i89,e09,c1,p23,l2,0.0
i89,e09,c1,p23,l3,0.0
i89,e09,c1,p24,l2,0.0
i89,e09,c1,p24,l3,0.0
i89,e09,c1,p25,l2,0.0
i89,e09,c1,p25,l3,0.0
i89,e09,c1,p26,l3,0.0
i89,e09,c1,p28,l3,0.0
i89,e09,c1,p29,l2,0.0
i89,e09,c1,p29,l3,0.0
i89,e09,c1,p30,l3,0.0
i89,e09,c1,p31,l3,0.0
i89,e09,c1,p32,l2,0.0
i89,e09,c1,p32,l3,0.0
i89,e09,c1,p33,l3,0.0
i89,e09,c1,p35,l2,0.0
i89,e09,c1,p35,l3,0.0
i89,e09,c4,p01,l2,0.0
i89,e09,c4,p01,l3,0.0
i89,e09,c4,p02,l2,0.0
i89,e09,c4,p03,l2,0.0
i89,e09,c4,p03,l3,0.0
i89,e09,c4,p05,l3,0.0
i89,e09,c4,p06,l2,0.0
i89,e09,c4,p07,l3,0.0
i89,e09,c4,p08,l3,0.0
i89,e09,c4,p09,l3,0.0
i89,e09,c4,p10,l2,0.0
i89,e09,c4,p10,l3,0.0
i89,e09,c4,p13,l2,0.0
i89,e09,c4,p13,l3,0.0
i89,e09,c4,p14,l3,0.0
i89,e09,c4,p15,l3,0.0
i89,e09,c4,p17,l3,0.0
i89,e09,c4,p18,l3,0.0
i89,e09,c4,p19,l3,0.0
i89,e09,c4,p21,l3,0.0
i89,e09,c4,p22,l3,0.0
i89,e09,c4,p35,l2,0.0
i89,e09,c4,p35,l3,0.0
i89,e09,c7,p19,l3,0.0
i89,e09,c7,p35,l3,0.0
i90,e01,c1,p01,l3,0.0
i90,e01,c1,p10,l3,0.0
i90,e01,c1,p11,l3,0.0
i90,e01,c1,p12,l3,0.0
i90,e01,c1,p14,l3,0.0
i90,e01,c1,p19,l3,0.0
i90,e01,c1,p23,l3,0.0
i90,e01,c1,p24,l3,0.0
i90,e01,c1,p26,l3,0.0
i90,e01,c1,p32,l3,0.0
i90,e03,c1,p01,l3,0.0
i90,e03,c1,p02,l3,0.0
i90,e03,c1,p03,l3,0.0
i90,e03,c1,p04,l3,0.0
i90,e03,c1,p05,l3,0.0
i90,e03,c1,p06,l3,0.0
i90,e03,c1,p08,l3,0.0
i90,e03,c1,p09,l3,0.0
i90,e03,c1,p10,l3,0.0
i90,e03,c1,p11,l3,0.0
i90,e03,c1,p12,l3,0.0
i90,e03,c1,p15,l3,0.0
i90,e03,c1,p16,l3,0.0
i90,e03,c1,p17,l3,0.0
i90,e03,c1,p18,l3,0.0
i90,e03,c1,p19,l3,0.0
i90,e03,c1,p20,l3,0.0
i90,e03,c1,p21,l3,0.0
i90,e03,c1,p23,l3,0.0
i90,e03,c1,p25,l3,0.0
i90,e03,c1,p26,l3,0.0
i90,e03,c1,p28,l3,0.0
i90,e03,c1,p32,l3,0.0
i90,e03,c1,p35,l3,0.0
i90,e03,c4,p01,l3,0.0
i90,e03,c4,p19,l3,0.0
i90,e04,c1,p04,l3,0.0
i90,e04,c1,p10,l3,0.0
i90,e04,c1,p11,l3,0.0
i90,e04,c1,p12,l3,0.0
i90,e04,c1,p15,l3,0.0
i90,e04,c1,p19,l3,0.0
i90,e04,c1,p23,l3,0.0
i90,e04,c1,p24,l3,0.0
i90,e04,c1,p26,l3,0.0
i90,e04,c1,p32,l3,0.0
i90,e08,c1,p01,l3,0.0
i90,e08,c1,p04,l3,0.0
i90,e08,c1,p05,l3,0.0
i90,e08,c1,p10,l3,0.0
i90,e08,c1,p11,l3,0.0
i90,e08,c1,p12,l2,0.0
i90,e08,c1,p19,l3,0.0
i90,e08,c1,p20,l3,0.0
i90,e08,c1,p21,l3,0.0
i90,e08,c1,p23,l3,0.0
i90,e08,c1,p26,l3,0.0
i90,e08,c1,p32,l3,0.0
i90,e08,c1,p35,l3,0.0
i90,e08,c4,p01,l3,0.0
i90,e09,c1,p10,l3,0.0
i90,e09,c1,p11,l3,0.0
i90,e09,c1,p12,l3,0.0
i90,e09,c1,p19,l3,0.0
i90,e09,c1,p23,l3,0.0
i90,e09,c1,p24,l3,0.0
i90,e09,c1,p25,l3,0.0
i90,e09,c1,p26,l3,0.0
i90,e09,c1,p32,l3,0.0
i90,e09,c4,p01,l3,0.0
i90,e11,c1,p01,l3,0.0
i90,e11,c1,p05,l3,0.0
i90,e11,c1,p10,l2,0.0
i90,e11,c1,p10,l3,0.0
i90,e11,c1,p11,l3,0.0
i90,e11,c1,p12,l3,0.0
i90,e11,c1,p23,l3,0.0
i91,e01,c1,p10,l3,0.0
i91,e04,c1,p10,l3,0.0
i91,e05,c1,p10,l3,0.0
i91,e08,c1,p10,l3,0.0
i91,e09,c1,p10,l3,0.0
i91,e13,c1,p10,l3,0.0
i93,e01,c5,p10,l3,0.0
i93,e01,c5,p35,l3,0.0
i93,e02,c5,p35,l3,0.0
i93,e03,c5,p10,l3,0.0
i93,e03,c5,p35,l3,0.0
i93,e04,c5,p10,l3,0.0
i93,e04,c5,p35,l3,0.0
i93,e05,c5,p01,l3,0.0
i93,e05,c5,p10,l3,0.0
i93,e05,c5,p35,l3,0.0
i93,e08,c5,p01,l3,0.0
i93,e08,c5,p10,l3,0.0
i93,e08,c5,p35,l3,0.0
i93,e09,c5,p10,l3,0.0
i93,e10,c5,p10,l3,0.0
i93,e10,c5,p35,l3,0.0
i93,e11,c5,p01,l3,0.0
i93,e11,c5,p10,l3,0.0
i93,e11,c5,p35,l3,0.0
i93,e12,c5,p10,l3,0.0
i93,e12,c5,p35,l3,0.0
i94,e01,c1,p35,l3,0.0
i94,e04,c1,p35,l3,0.0
i94,e05,c1,p35,l3,0.0
i94,e08,c1,p35,l3,0.0
i94,e09,c1,p35,l3,0.0
i94,e11,c1,p35,l3,0.0
i94,e13,c1,p35,l3,0.0
i95,e01,c3,p35,l3,0.0
i95,e01,c5,p35,l3,0.0
i95,e02,c3,p35,l3,0.0
i95,e02,c5,p35,l3,0.0
i95,e04,c3,p35,l3,0.0
i95,e04,c5,p35,l3,0.0
i95,e05,c3,p35,l3,0.0
i95,e05,c5,p35,l3,0.0
i95,e09,c3,p35,l3,0.0
i95,e09,c5,p35,l3,0.0
i96,e01,c3,p35,l3,0.0
i96,e01,c5,p01,l3,0.0
i96,e01,c5,p03,l3,0.0
i96,e01,c5,p06,l3,0.0
i96,e01,c5,p10,l3,0.0
i96,e01,c5,p13,l3,0.0
i96,e01,c5,p14,l3,0.0
i96,e01,c5,p19,l3,0.0
i96,e01,c5,p29,l3,0.0
i96,e01,c5,p35,l3,0.0
i96,e02,c5,p21,l3,0.0
i96,e04,c3,p35,l3,0.0
i96,e04,c5,p01,l3,0.0
i96,e04,c5,p03,l3,0.0
i96,e04,c5,p05,l3,0.0
i96,e04,c5,p06,l3,0.0
i96,e04,c5,p10,l3,0.0
i96,e04,c5,p11,l3,0.0
i96,e04,c5,p12,l3,0.0
i96,e04,c5,p13,l3,0.0
i96,e04,c5,p16,l3,0.0
i96,e04,c5,p18,l3,0.0
i96,e04,c5,p19,l3,0.0
i96,e04,c5,p28,l3,0.0
i96,e04,c5,p29,l3,0.0
i96,e04,c5,p35,l3,0.0
i96,e09,c3,p35,l3,0.0
i96,e09,c5,p01,l3,0.0
i96,e09,c5,p03,l3,0.0
i96,e09,c5,p10,l3,0.0
i96,e09,c5,p12,l3,0.0
i96,e09,c5,p13,l3,0.0
i96,e09,c5,p17,l3,0.0
i96,e09,c5,p18,l3,0.0
i96,e09,c5,p19,l3,0.0
i96,e09,c5,p29,l3,0.0
i96,e09,c5,p35,l3,0.0
i97,e01,c1,p10,l3,0.0
i97,e01,c1,p12,l3,0.0
i97,e01,c1,p35,l3,0.0
i97,e04,c1,p05,l3,0.0
i97,e04,c1,p10,l1,0.0
i97,e04,c1,p10,l3,0.0
i97,e04,c1,p12,l3,0.0
i97,e04,c1,p35,l1,0.0
i97,e04,c1,p35,l3,0.0
i97,e05,c1,p10,l3,0.0
i97,e05,c1,p35,l3,0.0
i97,e08,c1,p10,l2,0.0
i97,e08,c1,p10,l3,0.0
i97,e08,c1,p12,l3,0.0
i97,e08,c1,p35,l2,0.0
i97,e08,c1,p35,l3,0.0
i97,e09,c1,p10,l2,0.0
i97,e09,c1,p10,l3,0.0
i97,e09,c1,p12,l3,0.0
i97,e09,c1,p35,l2,0.0
i97,e09,c1,p35,l3,0.0
i97,e11,c1,p10,l2,0.0
i97,e11,c1,p10,l3,0.0
i97,e11,c1,p35,l2,0.0
i97,e11,c1,p35,l3,0.0
i98,e01,c1,p10,l3,0.0
i98,e01,c1,p21,l3,0.0
i98,e04,c1,p10,l1,0.0
i98,e04,c1,p10,l3,0.0
i98,e04,c1,p11,l1,0.0
i98,e04,c1,p28,l3,0.0
i98,e05,c1,p10,l1,0.0
i98,e05,c1,p10,l3,0.0
i98,e05,c1,p35,l1,0.0
i98,e05,c1,p35,l3,0.0
i98,e09,c1,p10,l2,0.0
i98,e09,c1,p10,l3,0.0
i98,e09,c1,p11,l2,0.0
i98,e12,c1,p03,l3,0.0
i98,e12,c1,p10,l3,0.0
i98,e12,c1,p11,l3,0.0
i98,e12,c1,p12,l3,0.0
i98,e12,c1,p28,l3,0.0
i99,e01,c5,p05,l3,0.0
i99,e01,c5,p07,l3,0.0
i99,e01,c5,p10,l3,0.0
i99,e01,c5,p19,l3,0.0
i99,e01,c5,p20,l3,0.0
i99,e01,c5,p23,l3,0.0
i99,e01,c5,p24,l3,0.0
i99,e01,c5,p35,l3,0.0
i99,e04,c3,p35,l3,0.0
i99,e04,c5,p02,l3,0.0
i99,e04,c5,p05,l3,0.0
i99,e04,c5,p06,l3,0.0
i99,e04,c5,p07,l3,0.0
i99,e04,c5,p08,l3,0.0
i99,e04,c5,p10,l3,0.0
i99,e04,c5,p12,l3,0.0
i99,e04,c5,p14,l3,0.0
i99,e04,c5,p15,l3,0.0
i99,e04,c5,p18,l3,0.0
i99,e04,c5,p19,l3,0.0
i99,e04,c5,p22,l3,0.0
i99,e04,c5,p23,l3,0.0
i99,e04,c5,p24,l3,0.0
i99,e04,c5,p25,l3,0.0
i99,e04,c5,p29,l3,0.0
i99,e04,c5,p35,l3,0.0
i99,e05,c3,p03,l3,0.0
i99,e05,c3,p07,l1,0.0
i99,e05,c3,p19,l3,0.0
i99,e05,c3,p35,l1,0.0
i99,e05,c3,p35,l3,0.0
i99,e05,c5,p01,l3,0.0
i99,e05,c5,p02,l3,0.0
i99,e05,c5,p03,l1,0.0
i99,e05,c5,p03,l3,0.0
i99,e05,c5,p04,l1,0.0
i99,e05,c5,p04,l3,0.0
i99,e05,c5,p05,l1,0.0
i99,e05,c5,p05,l3,0.0
i99,e05,c5,p06,l3,0.0
i99,e05,c5,p07,l1,0.0
i99,e05,c5,p07,l3,0.0
i99,e05,c5,p08,l3,0.0
i99,e05,c5,p09,l3,0.0
i99,e05,c5,p10,l1,0.0
i99,e05,c5,p10,l3,0.0
i99,e05,c5,p11,l3,0.0
i99,e05,c5,p12,l3,0.0
i99,e05,c5,p13,l1,0.0
i99,e05,c5,p13,l3,0.0
i99,e05,c5,p14,l3,0.0
i99,e05,c5,p15,l1,0.0
i99,e05,c5,p15,l3,0.0
i99,e05,c5,p16,l1,0.0
i99,e05,c5,p16,l3,0.0
i99,e05,c5,p17,l3,0.0
i99,e05,c5,p18,l3,0.0
i99,e05,c5,p19,l3,0.0
i99,e05,c5,p20,l3,0.0
i99,e05,c5,p21,l1,0.0
i99,e05,c5,p21,l3,0.0
i99,e05,c5,p22,l3,0.0
i99,e05,c5,p23,l3,0.0
i99,e05,c5,p24,l1,0.0
i99,e05,c5,p24,l3,0.0
i99,e05,c5,p25,l1,0.0
i99,e05,c5,p25,l3,0.0
i99,e05,c5,p28,l3,0.0
i99,e05,c5,p29,l3,0.0
i99,e05,c5,p31,l3,0.0
i99,e05,c5,p32,l3,0.0
i99,e05,c5,p35,l1,0.0
i99,e05,c5,p35,l3,1.0
i99,e09,c5,p06,l3,0.0
i99,e09,c5,p19,l3,0.0
i99,e09,c5,p21,l3,0.0
i99,e09,c5,p22,l2,0.0
i99,e09,c5,p29,l3,0.0
i99,e09,c5,p35,l2,0.0
i99,e09,c5,p35,l3,0.0
unknown,e01,c1,p01,l3,0.0
unknown,e01,c1,p02,l3,0.0
unknown,e01,c1,p03,l3,0.0
unknown,e01,c1,p05,l3,0.0
unknown,e01,c1,p06,l3,0.0
unknown,e01,c1,p07,l3,0.0
unknown,e01,c1,p08,l3,0.0
unknown,e01,c1,p10,l3,0.0
unknown,e01,c1,p11,l3,0.0
unknown,e01,c1,p12,l3,0.0
unknown,e01,c1,p13,l3,0.0
unknown,e01,c1,p15,l3,0.0
unknown,e01,c1,p16,l3,0.0
unknown,e01,c1,p17,l3,0.0
unknown,e01,c1,p18,l3,0.0
unknown,e01,c1,p19,l3,0.0
unknown,e01,c1,p20,l3,0.0
unknown,e01,c1,p21,l3,0.0
unknown,e01,c1,p22,l3,0.0
unknown,e01,c1,p23,l3,0.0
unknown,e01,c1,p24,l3,0.0
unknown,e01,c1,p28,l3,0.0
unknown,e01,c1,p29,l3,0.0
unknown,e01,c1,p35,l3,0.0
unknown,e01,c2,p35,l3,0.0
unknown,e01,c3,p10,l3,0.0
unknown,e01,c3,p35,l3,0.0
unknown,e01,c4,p05,l3,0.0
unknown,e01,c4,p08,l3,0.0
unknown,e01,c4,p10,l3,0.0
unknown,e01,c4,p22,l3,0.0
unknown,e01,c4,p24,l3,0.0
unknown,e01,c4,p35,l3,0.0
unknown,e01,c5,p04,l3,0.0
unknown,e01,c5,p10,l3,0.0
unknown,e01,c5,p19,l3,0.0
unknown,e01,c5,p33,l3,0.0
unknown,e01,c5,p35,l3,0.0
unknown,e01,c8,p35,l3,0.0
unknown,e02,c3,p01,l3,0.0
unknown,e02,c3,p10,l1,0.0
unknown,e02,c3,p10,l3,0.0
unknown,e02,c3,p35,l1,0.0
unknown,e02,c3,p35,l3,0.0
unknown,e02,c5,p10,l3,0.0
unknown,e02,c5,p35,l3,0.0
unknown,e03,c1,p10,l3,0.0
unknown,e03,c1,p35,l3,0.0
unknown,e03,c3,p10,l3,0.0
unknown,e03,c3,p35,l3,0.0
unknown,e03,c5,p03,l3,0.0
unknown,e03,c5,p10,l3,0.0
unknown,e03,c5,p19,l3,0.0
unknown,e03,c5,p33,l3,0.0
unknown,e03,c5,p35,l3,0.0
unknown,e04,c1,p01,l3,0.0
unknown,e04,c1,p02,l3,0.0
unknown,e04,c1,p06,l3,0.0
unknown,e04,c1,p07,l3,0.0
unknown,e04,c1,p10,l3,0.0
unknown,e04,c1,p12,l3,0.0
unknown,e04,c1,p13,l3,0.0
unknown,e04,c1,p17,l3,0.0
unknown,e04,c1,p19,l3,0.0
unknown,e04,c1,p22,l1,0.0
unknown,e04,c1,p22,l3,0.0
unknown,e04,c1,p24,l3,0.0
unknown,e04,c1,p35,l3,0.0
unknown,e04,c2,p35,l3,0.0
unknown,e04,c3,p01,l3,0.0
unknown,e04,c3,p10,l1,0.0
unknown,e04,c3,p10,l3,0.0
unknown,e04,c3,p35,l1,0.0
unknown,e04,c3,p35,l3,0.0
unknown,e04,c4,p10,l3,0.0
unknown,e04,c5,p04,l3,0.0
unknown,e04,c5,p05,l3,0.0
unknown,e04,c5,p10,l3,0.0
unknown,e04,c5,p19,l3,0.0
unknown,e04,c5,p33,l3,0.0
unknown,e04,c5,p35,l3,0.0
unknown,e04,c8,p10,l3,0.0
unknown,e04,c8,p35,l3,0.0
unknown,e05,c1,p01,l3,0.0
unknown,e05,c1,p02,l1,0.0
unknown,e05,c1,p02,l3,0.0
unknown,e05,c1,p03,l3,0.0
unknown,e05,c1,p07,l1,0.0
unknown,e05,c1,p07,l3,0.0
unknown,e05,c1,p09,l3,0.0
unknown,e05,c1,p10,l1,0.0
unknown,e05,c1,p10,l3,0.0
unknown,e05,c1,p11,l3,0.0
unknown,e05,c1,p12,l3,0.0
unknown,e05,c1,p13,l3,0.0
unknown,e05,c1,p14,l3,0.0
unknown,e05,c1,p15,l3,0.0
unknown,e05,c1,p18,l3,0.0
unknown,e05,c1,p22,l3,0.0
unknown,e05,c1,p35,l1,0.0
unknown,e05,c1,p35,l3,0.0
unknown,e05,c3,p01,l3,0.0
unknown,e05,c3,p03,l3,0.0
unknown,e05,c3,p07,l3,0.0
unknown,e05,c3,p10,l1,0.0
unknown,e05,c3,p10,l3,0.0
unknown,e05,c3,p11,l3,0.0
unknown,e05,c3,p21,l1,0.0
unknown,e05,c3,p21,l3,0.0
unknown,e05,c3,p28,l3,0.0
unknown,e05,c3,p35,l1,0.0
unknown,e05,c3,p35,l3,0.0
unknown,e05,c4,p11,l3,0.0
unknown,e05,c4,p21,l3,0.0
unknown,e05,c5,p01,l3,0.0
unknown,e05,c5,p03,l3,0.0
unknown,e05,c5,p10,l3,0.0
unknown,e05,c5,p11,l3,0.0
unknown,e05,c5,p19,l3,0.0
unknown,e05,c5,p25,l3,0.0
unknown,e05,c5,p28,l3,0.0
unknown,e05,c5,p35,l3,0.0
unknown,e06,c1,p09,l3,0.0
unknown,e07,c1,p02,l3,0.0
unknown,e07,c1,p10,l3,0.0
unknown,e07,c1,p13,l3,0.0
unknown,e07,c1,p19,l3,0.0
unknown,e07,c1,p35,l3,0.0
unknown,e07,c5,p10,l3,0.0
unknown,e07,c5,p35,l3,0.0
unknown,e08,c1,p01,l3,0.0
unknown,e08,c1,p02,l3,0.0
unknown,e08,c1,p03,l3,0.0
unknown,e08,c1,p04,l3,0.0
unknown,e08,c1,p05,l3,0.0
unknown,e08,c1,p07,l2,0.0
unknown,e08,c1,p07,l3,0.0
unknown,e08,c1,p10,l2,0.0
unknown,e08,c1,p10,l3,0.0
unknown,e08,c1,p11,l3,0.0
unknown,e08,c1,p12,l2,0.0
unknown,e08,c1,p12,l3,0.0
unknown,e08,c1,p13,l3,0.0
unknown,e08,c1,p15,l3,0.0
unknown,e08,c1,p16,l3,0.0
unknown,e08,c1,p19,l3,0.0
unknown,e08,c1,p20,l3,0.0
unknown,e08,c1,p21,l3,0.0
unknown,e08,c1,p23,l3,0.0
unknown,e08,c1,p24,l3,0.0
unknown,e08,c1,p29,l3,0.0
unknown,e08,c1,p33,l3,0.0
unknown,e08,c1,p35,l2,0.0
unknown,e08,c1,p35,l3,0.0
unknown,e08,c3,p01,l3,0.0
unknown,e08,c3,p03,l3,0.0
unknown,e08,c3,p10,l2,0.0
unknown,e08,c3,p10,l3,0.0
unknown,e08,c3,p35,l2,0.0
unknown,e08,c3,p35,l3,0.0
unknown,e08,c4,p35,l3,0.0
unknown,e08,c5,p03,l3,0.0
unknown,e08,c5,p04,l3,0.0
unknown,e08,c5,p10,l3,0.0
unknown,e08,c5,p19,l3,0.0
unknown,e08,c5,p33,l3,0.0
unknown,e08,c5,p35,l3,0.0
unknown,e08,c8,p10,l3,0.0
unknown,e08,c8,p35,l3,0.0
unknown,e08,unknown,p35,unknown,0.0
unknown,e09,c1,p05,l3,0.0
unknown,e09,c1,p06,l3,0.0
unknown,e09,c1,p07,l3,0.0
unknown,e09,c1,p10,l2,0.0
unknown,e09,c1,p10,l3,0.0
unknown,e09,c1,p11,l3,0.0
unknown,e09,c1,p12,l3,0.0
unknown,e09,c1,p13,l3,0.0
unknown,e09,c1,p16,l3,0.0
unknown,e09,c1,p17,l3,0.0
unknown,e09,c1,p19,l3,0.0
unknown,e09,c1,p21,l3,0.0
unknown,e09,c1,p22,l2,0.0
unknown,e09,c1,p22,l3,0.0
unknown,e09,c1,p24,l3,0.0
unknown,e09,c1,p29,l3,0.0
unknown,e09,c1,p32,l3,0.0
unknown,e09,c1,p35,l3,0.0
unknown,e09,c3,p10,l2,0.0
unknown,e09,c3,p10,l3,0.0
unknown,e09,c3,p35,l3,0.0
unknown,e09,c5,p10,l3,0.0
unknown,e09,c5,p19,l3,0.0
unknown,e09,c5,p33,l3,0.0
unknown,e09,c5,p35,l3,0.0
unknown,e09,c8,p10,l3,0.0
unknown,e09,c8,p35,l3,0.0
unknown,e10,c1,p10,l3,0.0
unknown,e10,c1,p35,l3,0.0
unknown,e10,c3,p10,l3,0.0
unknown,e10,c3,p10,l4,0.0
unknown,e10,c3,p35,l3,0.0
unknown,e10,c3,p35,l4,0.0
unknown,e10,c5,p01,l3,0.0
unknown,e10,c5,p01,unknown,0.0
unknown,e10,c5,p10,l3,0.0
unknown,e10,c5,p10,l4,0.0
unknown,e10,c5,p16,l3,0.0
unknown,e10,c5,p16,unknown,0.0
unknown,e10,c5,p18,l3,0.0
unknown,e10,c5,p19,l3,0.0
unknown,e10,c5,p25,unknown,0.0
unknown,e10,c5,p33,l3,0.0
unknown,e10,c5,p35,l3,0.0
unknown,e10,c5,p35,l4,0.0
unknown,e10,c5,p35,unknown,0.0
unknown,e10,unknown,p35,unknown,0.0
unknown,e11,c1,p01,l3,0.0
unknown,e11,c1,p02,l3,0.0
unknown,e11,c1,p03,l3,0.0
unknown,e11,c1,p10,l3,0.0
unknown,e11,c1,p11,l3,0.0
unknown,e11,c1,p13,l3,0.0
unknown,e11,c1,p17,l3,0.0
unknown,e11,c1,p19,l3,0.0
unknown,e11,c1,p21,l3,0.0
unknown,e11,c1,p23,l3,0.0
unknown,e11,c1,p35,l3,0.0
unknown,e11,c3,p10,l3,0.0
unknown,e11,c3,p35,l3,0.0
unknown,e11,c5,p10,l3,0.0
unknown,e11,c5,p19,l3,0.0
unknown,e11,c5,p35,l3,0.0
unknown,e12,c1,p01,l3,0.0
unknown,e12,c1,p02,l3,0.0
unknown,e12,c1,p03,l3,0.0
unknown,e12,c1,p04,l3,0.0
unknown,e12,c1,p09,l3,0.0
unknown,e12,c1,p10,l3,0.0
unknown,e12,c1,p11,l3,0.0
unknown,e12,c1,p12,l3,0.0
unknown,e12,c1,p13,l3,0.0
unknown,e12,c1,p14,l3,0.0
unknown,e12,c1,p15,l3,0.0
unknown,e12,c1,p18,l3,0.0
unknown,e12,c1,p19,l3,0.0
unknown,e12,c1,p20,l3,0.0
unknown,e12,c1,p21,l3,0.0
unknown,e12,c1,p24,l3,0.0
unknown,e12,c1,p35,l3,0.0
unknown,e12,c3,p10,l3,0.0
unknown,e12,c3,p35,l3,0.0
unknown,e12,c5,p10,l3,0.0
unknown,e12,c5,p19,l3,0.0
unknown,e12,c5,p35,l3,0.0
unknown,e12,c5,p35,unknown,0.0
unknown,e12,unknown,p35,unknown,0.0
unknown,e13,c1,p10,l3,0.0
unknown,e13,c5,p04,l3,0.0
unknown,e13,c5,p10,l3,0.0
unknown,e13,c5,p21,l3,0.0
unknown,e13,c5,p35,l3,0.0
