i23,e09,c5,p13,l3,1
i02,e08,c1,p20,l3,7
i06,e08,c5,p17,l2,2528
i38,e01,c4,p19,l3,3
i38,e01,c1,p20,l3,20
i13,e08,c5,p19,l3,10
i46,e04,c1,p30,l3,17
i06,e11,c5,p17,l2,460
i16,e11,c5,p10,l3,2
i17,e08,c5,p24,l3,12
i49,e06,c1,p01,l3,1
i06,e04,c5,p24,l1,228
i05,e08,c1,p11,l3,4
i38,e09,c4,p11,l2,22
i02,e09,c1,p10,l3,108
i06,e10,c3,p28,l3,42
i46,e09,c1,p13,l3,1
i06,e10,c3,p28,l4,5
i39,e01,c5,p17,l3,8
i38,e06,c4,p31,l3,31
i43,e09,c1,p01,l3,4
i42,e05,c5,p29,l3,1
i38,e12,c1,p13,l3,3
i41,e09,c1,p24,l3,4
i21,e01,c1,p24,l3,1
i38,e08,c4,p19,l2,4
i38,e06,c1,p12,l3,1103
i06,e10,c3,p20,l2,1
i06,e10,c3,p20,l3,5
i06,e10,c3,p20,l4,5
i38,e12,c1,p15,l3,5
i14,e08,c5,p24,l3,51
i12,e01,c5,p17,l3,1
i23,e09,c5,p17,l3,3
i22,e05,c5,p16,l3,1
i21,e03,c1,p11,l3,4
i43,e08,c1,p22,l3,2
i41,e11,c1,p35,l3,7
i06,e09,c5,p16,l2,171
i17,e04,c5,p05,l3,20
i06,e07,c5,p11,l2,4
i02,e01,c4,p18,l3,4
i06,e12,c3,p35,l3,2
i14,e08,c5,p03,l3,261
i16,e01,c5,p10,l3,3
i06,e05,c5,p06,l1,1
i17,e04,c5,p22,l3,5
i14,e08,c5,p19,l3,568
i43,e09,c1,p05,l3,1
i46,e01,c1,p19,l3,18
i38,e09,c4,p10,l2,9
i05,e12,c1,p17,l3,1
i02,e08,c1,p17,l3,126
i16,e01,c5,p16,l3,1
i46,e09,c1,p19,l3,19
i30,e09,c1,p03,l3,5
i41,e09,c1,p23,l3,4
i46,e01,c1,p23,l3,3
i38,e06,c1,p29,l3,160
i14,e12,c5,p16,l3,54
i41,e04,c1,p15,l3,1
i38,e08,c4,p13,l2,1
i34,e09,c5,p15,l3,11
i06,e10,c3,p15,l3,401
i06,e10,c3,p15,l4,39
i46,e01,c4,p35,l3,50
i06,e12,c5,p33,l3,5
i46,e09,c1,p15,l3,13
i06,e12,c5,p25,l3,22
i89,e04,c1,p07,l3,2
i41,e01,c1,p23,l3,1
i34,e09,c5,p02,l3,1
i67,e01,c5,p15,l3,2
i14,e12,c5,p14,l3,1
i38,e06,c7,p32,l3,1
i01,e08,c1,p12,l3,40
i14,e04,c5,p22,l3,2
i16,e09,c5,p22,l3,1
i38,e04,c7,p13,l1,3
i23,e04,c5,p10,l3,17
i46,e11,c4,p10,l3,24
i29,e09,c5,p35,l3,4
i16,e08,c5,p28,l3,1
i07,e01,c5,p10,l3,2
i39,e04,c5,p15,l3,4
i06,e12,c5,p31,l3,9
i38,e08,c1,p22,l2,48
i12,e04,c5,p04,l3,1
i38,e04,c1,p14,l1,13
i38,e11,c7,p13,l2,3
i38,e08,c4,p17,l2,10
i23,e04,c5,p13,l3,1
i14,e01,c5,p28,l3,4
i23,e01,c5,p04,l3,2
i06,e04,c5,p01,l1,282
i06,e09,c5,p25,l2,52
i47,e01,c1,p35,l3,535
i41,e09,c1,p12,l3,1
i32,e04,c5,p10,l3,11
i39,e09,c5,p14,l3,9
i41,e04,c1,p13,l3,4
i38,e04,c1,p10,l1,763
i34,e08,c5,p12,l3,3
i06,e04,c3,p02,l1,1
i38,e10,c4,p30,l3,2
i14,e08,c3,p08,l3,25
i14,e08,c5,p17,l3,226
i38,e11,c4,p21,l2,11
i39,e09,c5,p18,l3,5
i15,e04,c6,p35,l3,1
i13,e12,c5,p25,l3,2
i17,e04,c5,p09,l3,3
i02,e08,c1,p32,l3,4
i21,e03,c1,p15,l3,2
i34,e04,c5,p12,l3,2
i38,e11,c1,p16,l2,138
i05,e04,c1,p22,l3,4
i06,e12,c5,p22,l3,66
i41,e01,c1,p35,l3,23
i32,e11,c5,p10,l3,1
i31,e08,c1,p35,l3,2030
i06,e12,c5,p15,l3,271
i02,e01,c1,p25,l3,4
i07,e09,c5,p12,l3,1
i30,e04,c1,p17,l3,10
i06,e04,c5,p31,l1,10
i38,e11,c4,p23,l2,4
i65,e01,c3,p35,l3,1
i21,e12,c1,p13,l3,5
i41,e07,c1,p28,l3,1
i06,e04,c5,p05,l1,198
i38,e10,c1,p13,l1,64
i17,e01,c5,p13,l3,7
i23,e03,c5,p14,l3,2
i13,e11,c5,p24,l3,3
i12,e01,c5,p11,l3,1
i03,e09,c5,p12,l3,1
i38,e04,c1,p21,l1,36
i05,e04,c1,p35,l3,35
i17,e09,c5,p35,l3,2
i38,e10,c1,p13,l3,15437
i38,e10,c1,p13,l2,725
i06,e04,c5,p35,l1,159
i38,e10,c1,p13,l4,4234
i30,e04,c1,p20,l3,1
i34,e09,c5,p16,l3,10
i41,e08,c1,p35,l3,20
i06,e10,c5,p16,l4,4604
i23,e09,c5,p28,l3,1
i06,e10,c5,p16,l3,52756
i06,e10,c5,p16,l2,164
i17,e11,c5,p11,l3,17
i06,e10,c5,p16,l1,126
i04,e05,c3,p10,l3,12
i38,e01,c4,p10,l3,8
i06,e10,c5,p35,l2,111
i06,e10,c5,p35,l1,73
i06,e10,c5,p35,l4,2719
i06,e10,c5,p35,l3,28586
i14,e08,c3,p21,l3,2
i21,e01,c1,p21,l3,1
i23,e03,c5,p03,l3,3
i05,e04,c1,p28,l3,4
i43,e08,c1,p10,l3,6
i38,e10,c1,p11,l1,63
i38,e10,c1,p11,l2,191
i38,e10,c1,p11,l3,21838
i06,e01,c5,p11,l3,187
i38,e10,c1,p11,l4,4098
i38,e01,c1,p17,l3,82
i46,e08,c1,p01,l3,12
i23,e09,c5,p05,l3,4
i38,e12,c1,p03,l3,46
i06,e02,c5,p28,l1,1
i07,e08,c5,p07,l3,2
i14,e12,c5,p22,l3,1
i38,e06,c4,p17,l3,90
i29,e04,c5,p10,l3,1
i34,e08,c5,p15,l3,35
i38,e09,c1,p08,l2,21
i06,e04,c3,p11,l1,1
i03,e04,c5,p16,l3,1
i07,e01,c5,p35,l3,10
i05,e12,c1,p23,l3,1
i06,e01,c5,p19,l3,426
i06,e04,c3,p08,l1,2
i06,e01,c5,p15,l3,147
i17,e11,c5,p13,l3,11
i38,e10,c4,p23,l4,44
i38,e01,c1,p01,l3,115
i05,e01,c1,p22,l3,5
i06,e12,c5,p10,l3,485
i14,e01,c5,p01,l3,15
i38,e10,c4,p23,l3,186
i38,e10,c4,p23,l2,2
i41,e04,c1,p19,l3,19
i06,e09,c5,p24,l2,79
i06,e01,c5,p06,l3,76
i34,e09,c5,p06,l3,1
i06,e10,c5,p12,l4,3357
i21,e03,c1,p04,l3,2
i06,e11,c5,p30,l2,3
i06,e07,c5,p08,l2,3
i12,e04,c5,p13,l3,5
i42,e05,c5,p15,l3,4
i06,e10,c5,p12,l1,99
i16,e04,c5,p11,l3,2
i34,e08,c5,p03,l3,15
i06,e10,c5,p12,l2,88
i06,e10,c5,p12,l3,43416
i41,e01,c1,p04,l3,4
i14,e11,c5,p30,l3,2
i05,e01,c1,p12,l3,2
i13,e08,c5,p10,l3,18
i21,e01,c1,p11,l3,2
i46,e09,c4,p14,l3,1
i131,e05,c5,p35,l3,2
i46,e08,c1,p22,l3,5
i06,e01,c5,p28,l3,40
i16,e09,c5,p28,l3,1
i06,e08,c5,p32,l2,345
i43,e01,c1,p01,l3,7
i14,e12,c5,p31,l3,2
i06,e04,c3,p18,l1,6
i03,e08,c5,p03,l3,2
i16,e09,c5,p30,l3,1
i03,e10,c5,p15,l3,2
i06,e01,c5,p22,l3,87
i14,e11,c3,p19,l3,1
i46,e04,c4,p16,l3,1
i67,e04,c5,p10,l3,3
i34,e04,c5,p13,l3,3
i06,e12,c5,p29,l3,84
i02,e09,c4,p18,l3,1
i16,e08,c5,p07,l3,10
i12,e08,c5,p16,l3,3
i46,e04,c4,p09,l3,5
i39,e01,c5,p11,l3,8
i02,e01,c1,p15,l3,47
i46,e04,c1,p17,l3,1
i39,e09,c5,p03,l3,4
i35,e09,c2,p35,l3,6
i38,e11,c4,p11,l2,7
i06,e04,c5,p18,l1,159
i06,e11,c5,p35,l2,1850
i14,e01,c5,p30,l3,2
i21,e03,c1,p03,l3,2
i38,e11,c1,p11,l2,389
i01,e11,c1,p35,l3,6
i34,e01,c5,p17,l3,8
i17,e01,c5,p05,l3,3
i17,e09,c5,p16,l3,2
i38,e11,c4,p08,l2,3
i17,e08,c5,p12,l3,27
i23,e01,c5,p17,l3,4
i16,e08,c5,p05,l3,1
i38,e01,c1,p05,l3,57
i16,e01,c5,p07,l3,1
i06,e04,c5,p23,l1,176
i38,e09,c1,p23,l2,25
i38,e10,c1,p20,l2,9
i38,e10,c1,p20,l3,1150
i38,e10,c1,p20,l4,255
i46,e01,c1,p07,l3,1
i42,e05,c5,p17,l3,1
i02,e09,c1,p19,l3,489
i30,e01,c1,p10,l3,7
i06,e08,c5,p05,l2,1561
i38,e01,c1,p32,l3,32
i33,e08,c1,p05,l3,1
i17,e01,c5,p10,l3,30
i41,e09,c1,p04,l3,1
i06,e07,c5,p28,l2,1
i34,e03,c5,p32,l3,13
i42,e02,c5,p21,l3,2
i06,e01,c5,p09,l3,103
i02,e09,c1,p22,l3,5
i02,e08,c1,p06,l3,17
i06,e11,c5,p06,l2,180
i23,e04,c5,p21,l3,3
i14,e04,c5,p11,l3,16
i13,e08,c5,p04,l3,10
i16,e09,c5,p18,l3,1
i06,e01,c5,p33,l3,2
i16,e09,c5,p10,l3,2
i17,e09,c5,p10,l3,25
i14,e04,c5,p19,l3,122
i06,e08,c5,p21,l2,3971
i34,e01,c5,p25,l3,6
i38,e04,c1,p35,l1,47
i38,e06,c1,p13,l3,4998
i06,e01,c5,p07,l3,126
i02,e08,c1,p18,l3,55
i16,e04,c5,p05,l3,1
i06,e01,c5,p03,l3,102
i06,e08,c5,p12,l2,1097
i06,e05,c5,p15,l1,5
i14,e08,c5,p11,l3,178
i09,e04,c5,p35,l3,15
i17,e08,c5,p11,l3,29
i06,e05,c5,p10,l1,3
i06,e07,c5,p19,l2,6
i13,e11,c5,p05,l3,14
i38,e09,c1,p04,l2,51
i34,e03,c5,p22,l3,30
i38,e04,c1,p19,l1,182
i38,e08,c1,p05,l2,169
i30,e09,c1,p14,l3,1
i46,e01,c1,p22,l3,2
i05,e12,c1,p29,l3,3
i06,e08,c5,p08,l2,1427
i23,e09,c5,p16,l3,1
i34,e03,c5,p35,l3,159
i39,e09,c5,p09,l3,3
i13,e04,c5,p04,l3,1
i21,e03,c1,p01,l3,1
i17,e11,c5,p17,l3,7
i16,e11,c5,p01,l3,4
i50,e04,c1,p35,l3,4
i05,e03,c1,p35,l3,19
i38,e10,c1,p23,l1,8
i38,e10,c1,p23,l2,17
i38,e10,c1,p23,l3,3032
i06,e08,c3,p22,l2,7
i42,e05,c5,p20,l3,2
i07,e12,c5,p13,l3,5
i38,e10,c1,p23,l4,709
i23,e08,c5,p10,l3,11
i16,e08,c5,p18,l3,4
i48,e11,c1,p12,l3,1
i05,e08,c1,p02,l3,1
i23,e08,c5,p35,l3,18
i06,e10,c5,p23,l3,14451
i02,e01,c1,p22,l3,14
i06,e10,c5,p23,l2,48
i06,e10,c5,p23,l1,24
i03,e08,c5,p19,l3,2
i38,e06,c4,p14,l3,51
i41,e08,c1,p10,l3,4
i23,e04,c5,p29,l3,2
i38,e04,c4,p21,l1,6
i38,e10,c4,p19,l4,169
i41,e04,c1,p01,l3,1
i38,e10,c4,p19,l3,879
i42,e05,c5,p24,l3,1
i05,e03,c1,p06,l3,1
i06,e10,c5,p23,l4,1610
i35,e01,c2,p35,l3,2
i16,e11,c5,p19,l3,1
i06,e10,c5,p24,l4,3156
i38,e10,c4,p19,l1,1
i06,e10,c5,p24,l3,37136
i38,e10,c4,p19,l2,5
i06,e10,c5,p24,l2,75
i06,e10,c5,p24,l1,73
i46,e08,c1,p11,l3,229
i17,e08,c5,p19,l3,61
i85,e04,c5,p35,l1,1
i26,e01,c1,p35,l3,10
i05,e12,c1,p13,l3,13
i31,e04,c1,p35,l3,3
i38,e01,c1,p28,l3,9
i06,e11,c3,p17,l2,18
i02,e01,c1,p20,l3,17
i38,e10,c4,p17,l1,1
i01,e09,c1,p11,l3,5
i38,e10,c4,p17,l2,3
i38,e10,c4,p17,l3,504
i38,e10,c4,p17,l4,140
i38,e10,c4,p11,l1,2
i46,e01,c4,p17,l3,2
i06,e07,c5,p09,l2,1
i39,e01,c5,p22,l3,2
i38,e10,c4,p11,l4,92
i49,e10,c1,p01,l3,78
i38,e01,c1,p24,l3,45
i06,e04,c5,p12,l1,155
i38,e10,c4,p11,l3,980
i46,e01,c1,p09,l3,2
i05,e01,c1,p05,l3,4
i41,e04,c1,p04,l3,4
i17,e08,c5,p15,l3,9
i05,e07,c1,p02,l3,15
i38,e01,c4,p21,l3,3
i06,e10,c5,p11,l3,51627
i06,e10,c5,p11,l4,4035
i23,e04,c5,p07,l3,17
i06,e11,c5,p26,l2,30
i38,e10,c4,p07,l2,2
i38,e04,c4,p01,l1,1
i38,e10,c4,p07,l3,360
i38,e10,c4,p07,l4,79
i06,e09,c5,p29,l2,45
i32,e12,c5,p35,l3,3
i02,e01,c1,p07,l3,33
i06,e10,c5,p11,l1,97
i06,e10,c5,p11,l2,134
i14,e12,c5,p10,l3,8
i34,e08,c5,p28,l3,7
i14,e11,c5,p31,l3,1
i25,e08,c5,p28,l3,35
i39,e09,c5,p24,l3,8
i46,e04,c4,p35,l3,55
i06,e10,c5,p25,l1,36
i38,e10,c4,p07,l1,2
i06,e10,c5,p25,l4,1071
i38,e09,c1,p11,l2,82
i38,e12,c1,p12,l3,4
i06,e10,c5,p25,l2,104
i38,e01,c1,p08,l3,29
i05,e07,c1,p23,l3,3
i06,e10,c5,p25,l3,10997
i13,e08,c5,p01,l3,28
i06,e09,c5,p09,l2,96
i14,e09,c5,p18,l3,6
i10,e05,c3,p10,l3,1
i05,e06,c1,p18,l3,2
i03,e04,c5,p19,l3,5
i01,e04,c1,p03,l3,1
i38,e10,c4,p35,l2,27
i38,e10,c4,p35,l3,42
i05,e08,c1,p19,l3,155
i38,e10,c4,p35,l4,149
i34,e04,c5,p06,l3,8
i17,e04,c5,p15,l3,25
i05,e08,c1,p01,l3,11
i17,e08,c5,p03,l3,22
i02,e04,c4,p28,l3,3
i06,e07,c5,p16,l2,2
i03,e04,c5,p04,l3,1
i17,e08,c5,p18,l3,3
i16,e01,c5,p22,l3,2
i38,e06,c4,p05,l3,64
i46,e08,c1,p21,l3,34
i12,e08,c5,p15,l3,1
i16,e08,c5,p10,l3,14
i16,e04,c5,p30,l3,3
i38,e11,c1,p07,l2,318
i34,e03,c5,p08,l3,9
i01,e08,c1,p04,l3,2
i06,e08,c5,p01,l2,2081
i41,e01,c1,p16,l3,4
i38,e11,c1,p24,l2,145
i13,e11,c5,p13,l3,23
i34,e04,c5,p35,l3,51
i06,e09,c5,p20,l2,1
i23,e11,c5,p07,l3,2
i39,e04,c5,p22,l3,2
i23,e03,c5,p12,l3,13
i46,e06,c1,p21,l3,1
i06,e08,c5,p24,l2,1335
i46,e09,c1,p14,l3,3
i38,e08,c4,p21,l2,22
i05,e06,c1,p12,l3,7
i46,e01,c1,p06,l3,9
i46,e11,c1,p06,l3,532
i38,e08,c4,p10,l2,59
i38,e01,c1,p31,l3,4
i46,e11,c1,p01,l3,18
i38,e10,c4,p01,l4,136
i38,e04,c4,p07,l1,5
i43,e01,c1,p13,l3,1
i38,e04,c1,p32,l1,121
i14,e01,c5,p17,l3,7
i36,e08,c5,p35,l3,1
i38,e10,c4,p01,l2,4
i38,e10,c4,p01,l3,503
i38,e10,c4,p01,l1,3
i38,e04,c1,p07,l1,75
i17,e04,c5,p19,l3,79
i46,e11,c1,p17,l3,105
i23,e01,c5,p07,l3,6
i14,e08,c5,p21,l3,57
i49,e03,c4,p33,l3,1
i25,e08,c5,p21,l3,2
i67,e08,c5,p16,l3,5
i16,e08,c5,p19,l3,9
i46,e04,c1,p05,l3,1
i01,e08,c1,p11,l3,9
i34,e04,c5,p01,l3,26
i34,e09,c5,p19,l3,22
i06,e12,c5,p32,l3,64
i02,e01,c1,p03,l3,98
i38,e08,c1,p02,l2,222
i02,e11,c1,p13,l3,1
i38,e11,c4,p10,l2,37
i06,e07,c5,p32,l2,1
i38,e10,c1,p12,l2,85
i06,e01,c3,p22,l3,1
i38,e10,c1,p12,l1,30
i38,e10,c1,p12,l4,2685
i42,e05,c5,p12,l3,8
i38,e10,c1,p12,l3,14203
i38,e05,c1,p24,l1,1
i07,e12,c5,p18,l3,30
i06,e11,c5,p23,l2,257
i05,e09,c1,p13,l3,4
i02,e09,c1,p08,l3,4
i05,e09,c1,p21,l3,3
i27,e08,c5,p05,l3,1
i46,e01,c1,p11,l3,2
i38,e07,c1,p24,l2,1
i14,e08,c5,p18,l3,89
i43,e03,c1,p07,l3,1
i06,e10,c3,p10,l1,1
i16,e01,c5,p19,l3,1
i06,e10,c3,p10,l3,233
i06,e10,c3,p10,l4,37
i02,e01,c1,p21,l3,78
i38,e10,c4,p24,l4,31
i30,e09,c1,p13,l3,7
i38,e10,c4,p24,l3,188
i38,e11,c4,p24,l2,2
i38,e10,c4,p24,l1,1
i06,e04,c5,p30,l1,4
i46,e01,c4,p14,l3,3
i43,e01,c1,p17,l3,5
i38,e11,c1,p12,l2,238
i46,e08,c1,p14,l3,3
i23,e04,c5,p18,l3,3
i14,e04,c5,p23,l3,2
i46,e08,c1,p29,l3,35
i02,e01,c1,p18,l3,54
i02,e09,c1,p14,l3,45
i46,e04,c1,p35,l3,416
i02,e09,c1,p21,l3,95
i48,e11,c1,p11,l3,1
i21,e04,c1,p12,l3,1
i13,e08,c5,p03,l3,5
i02,e04,c1,p16,l3,48
i23,e03,c5,p01,l3,8
i02,e01,c1,p12,l3,39
i06,e04,c3,p01,l1,3
i38,e01,c1,p23,l3,20
i05,e12,c1,p24,l3,15
i14,e08,c5,p14,l3,18
i46,e01,c1,p08,l3,2
i13,e08,c5,p07,l3,36
i06,e11,c3,p24,l2,1
i38,e11,c4,p19,l2,15
i02,e04,c1,p21,l3,82
i16,e11,c5,p12,l3,1
i14,e01,c5,p02,l3,25
i43,e08,c1,p19,l3,6
i03,e01,c5,p21,l3,5
i38,e09,c1,p16,l2,22
i13,e03,c5,p12,l3,1
i17,e01,c5,p06,l3,10
i34,e03,c5,p02,l3,27
i23,e03,c5,p19,l3,6
i30,e01,c1,p13,l3,11
i05,e06,c1,p10,l3,21
i06,e08,c3,p16,l2,15
i05,e07,c1,p15,l3,1
i41,e09,c1,p35,l3,9
i05,e12,c1,p04,l3,2
i06,e07,c5,p35,l2,5
i61,e08,c1,p35,l3,2278
i38,e01,c1,p02,l3,22
i02,e04,c1,p25,l3,3
i42,e05,c5,p18,l3,4
i06,e08,c3,p03,l2,4
i34,e03,c5,p01,l3,79
i07,e12,c5,p19,l3,15
i17,e08,c5,p07,l3,2
i14,e08,c5,p08,l3,1200
i30,e01,c1,p19,l3,6
i54,e04,c1,p35,l3,1
i34,e03,c5,p14,l3,28
i30,e09,c1,p15,l3,2
i05,e04,c1,p04,l3,1
i43,e01,c1,p20,l3,4
i12,e04,c5,p35,l3,2
i34,e01,c5,p04,l3,5
i17,e11,c5,p23,l3,39
i06,e12,c5,p05,l3,214
i34,e05,c5,p21,l3,1
i38,e08,c4,p25,l2,1
i43,e03,c1,p01,l3,4
i01,e09,c1,p35,l3,10
i41,e09,c1,p11,l3,4
i23,e03,c5,p21,l3,1
i46,e08,c4,p17,l3,2
i02,e04,c1,p13,l3,40
i07,e08,c5,p29,l3,3
i05,e09,c1,p04,l3,1
i14,e08,c5,p32,l3,11
i06,e02,c5,p16,l1,1
i06,e08,c5,p30,l2,69
i46,e04,c1,p01,l3,1
i06,e07,c5,p01,l2,3
i02,e08,c1,p10,l3,346
i13,e08,c5,p15,l3,6
i05,e12,c1,p35,l3,79
i39,e01,c5,p10,l3,25
i05,e03,c1,p10,l3,5
i14,e01,c5,p25,l3,1
i16,e01,c5,p35,l3,1
i23,e01,c5,p15,l3,3
i47,e04,c4,p35,l3,1
i06,e08,c5,p13,l2,1319
i06,e02,c5,p08,l1,1
i41,e09,c1,p19,l3,21
i13,e08,c5,p32,l3,7
i38,e09,c1,p09,l2,28
i06,e05,c5,p25,l1,1
i14,e04,c5,p10,l3,27
i12,e08,c5,p03,l3,3
i06,e01,c3,p08,l3,1
i06,e09,c5,p32,l2,62
i17,e08,c5,p21,l3,18
i46,e01,c1,p30,l3,15
i16,e04,c5,p04,l3,1
i13,e01,c5,p10,l3,1
i39,e04,c5,p03,l3,9
i43,e01,c1,p29,l3,4
i68,e01,c1,p35,l3,1
i05,e07,c1,p10,l3,12
i32,e01,c5,p35,l3,1
i13,e08,c5,p13,l3,25
i05,e06,c1,p03,l3,3
i38,e07,c1,p20,l2,1
i14,e12,c5,p19,l3,27
i38,e04,c1,p01,l1,110
i14,e04,c3,p09,l3,5
i06,e01,c5,p31,l3,7
i23,e01,c5,p16,l3,4
i38,e01,c7,p10,l3,22
i06,e11,c5,p05,l2,693
i17,e04,c5,p18,l3,10
i29,e04,c5,p07,l3,1
i02,e09,c1,p26,l3,4
i06,e10,c3,p16,l4,14
i06,e10,c3,p16,l3,173
i02,e04,c4,p17,l3,1
i38,e11,c1,p04,l2,151
i06,e11,c3,p02,l2,16
i38,e04,c1,p18,l1,99
i14,e12,c5,p03,l3,1350
i38,e06,c1,p03,l3,1895
i16,e09,c5,p05,l3,1
i13,e12,c5,p15,l3,1
i12,e04,c5,p14,l3,4
i05,e06,c1,p07,l3,2
i17,e08,c5,p22,l3,4
i38,e10,c1,p24,l2,39
i38,e04,c4,p10,l1,5
i41,e11,c1,p13,l3,5
i38,e10,c1,p24,l3,8890
i22,e05,c5,p17,l3,3
i38,e10,c1,p24,l4,1995
i38,e08,c4,p07,l2,8
i18,e07,c1,p35,l3,3
i38,e08,c1,p09,l2,72
i14,e11,c5,p35,l3,8
i06,e09,c5,p15,l2,113
i14,e11,c5,p24,l3,3
i16,e08,c5,p08,l3,2
i38,e10,c1,p24,l1,11
i27,e01,c5,p13,l3,1
i06,e05,c5,p18,l1,2
i43,e03,c1,p19,l3,1
i34,e03,c5,p11,l3,66
i06,e10,c3,p29,l3,18
i38,e08,c4,p06,l2,5
i16,e01,c5,p11,l3,1
i06,e11,c5,p31,l2,50
i34,e09,c5,p32,l3,1
i02,e09,c1,p18,l3,32
i17,e01,c5,p01,l3,31
i06,e11,c5,p01,l2,568
i14,e09,c5,p09,l3,120
i03,e10,c5,p19,l3,2
i46,e11,c1,p29,l3,1
i30,e01,c1,p14,l3,1
i36,e01,c5,p35,l3,4
i16,e08,c5,p02,l3,4
i34,e03,c5,p09,l3,13
i06,e09,c5,p08,l2,133
i41,e08,c1,p13,l3,1
i01,e04,c1,p12,l3,1
i41,e04,c1,p06,l3,1
i05,e06,c1,p21,l3,14
i17,e09,c5,p19,l3,13
i17,e01,c5,p17,l3,6
i17,e09,c5,p11,l3,2
i30,e09,c1,p21,l3,2
i38,e07,c1,p02,l2,5
i06,e12,c5,p21,l3,327
i38,e01,c1,p29,l3,18
i07,e08,c5,p02,l3,4
i17,e08,c5,p10,l3,93
i44,e09,c3,p35,l3,1
i17,e04,c5,p29,l3,51
i14,e11,c5,p15,l3,22
i41,e09,c1,p13,l3,3
i38,e09,c4,p07,l2,6
i41,e01,c1,p29,l3,3
i02,e04,c1,p04,l3,37
i23,e08,c5,p28,l3,1
i38,e09,c1,p12,l2,72
i38,e04,c1,p22,l1,51
i38,e11,c4,p15,l2,10
i39,e09,c5,p21,l3,5
i46,e04,c1,p09,l3,34
i17,e04,c5,p25,l3,3
i46,e08,c1,p07,l3,35
i05,e12,c1,p12,l3,12
i38,e01,c1,p35,l3,27
i14,e04,c5,p12,l3,6
i06,e02,c5,p12,l1,2
i23,e09,c5,p35,l3,4
i14,e09,c5,p11,l3,13
i03,e08,c5,p18,l3,1
i01,e08,c1,p21,l3,12
i23,e09,c5,p01,l3,10
i06,e10,c5,p09,l4,1690
i06,e10,c5,p03,l1,99
i01,e08,c1,p29,l3,1
i06,e10,c5,p03,l4,4191
i06,e10,c5,p03,l2,77
i42,e02,c5,p10,l3,1
i06,e09,c5,p13,l2,78
i06,e10,c5,p03,l3,43611
i03,e09,c5,p18,l3,2
i46,e09,c1,p28,l3,3
i38,e12,c1,p25,l3,1
i01,e01,c1,p01,l3,1
i46,e05,c1,p35,l3,5
i03,e01,c5,p07,l3,1
i06,e10,c5,p09,l1,55
i06,e10,c5,p09,l2,107
i06,e10,c5,p09,l3,18667
i02,e11,c1,p35,l3,1
i05,e08,c1,p23,l3,6
i14,e08,c5,p29,l3,89
i38,e12,c1,p02,l3,3
i38,e08,c1,p18,l2,81
i39,e01,c5,p29,l3,19
i34,e04,c5,p24,l3,1
i43,e01,c1,p35,l3,27
i21,e03,c1,p23,l3,1
i14,e05,c5,p01,l3,1
i72,e08,c1,p35,l3,1
i06,e12,c5,p03,l3,137
i06,e01,c3,p10,l3,6
i07,e12,c5,p10,l3,26
i06,e09,c5,p26,l2,8
i06,e11,c5,p14,l2,458
i39,e01,c5,p21,l3,19
i38,e08,c1,p31,l2,4
i23,e03,c5,p02,l3,2
i46,e01,c1,p15,l3,27
i23,e09,c5,p09,l3,4
i38,e10,c1,p01,l4,5029
i38,e10,c1,p01,l3,20614
i38,e10,c1,p01,l2,173
i39,e01,c5,p35,l3,153
i43,e04,c1,p11,l3,12
i23,e03,c5,p07,l3,5
i38,e10,c1,p01,l1,49
i25,e10,c5,p12,l4,7
i02,e08,c1,p28,l3,1
i41,e01,c1,p13,l3,4
i14,e11,c5,p25,l3,1
i01,e11,c1,p19,l3,4
i17,e04,c5,p04,l3,25
i14,e11,c5,p20,l3,1
i43,e08,c1,p35,l3,84
i01,e11,c1,p10,l3,2
i30,e04,c1,p19,l3,14
i14,e08,c5,p22,l3,3
i06,e07,c5,p29,l2,2
i38,e04,c4,p04,l1,1
i14,e05,c5,p29,l3,6
i38,e08,c4,p18,l2,1
i38,e11,c4,p14,l2,3
i02,e09,c1,p06,l3,18
i38,e09,c1,p05,l2,49
i46,e11,c4,p19,l3,60
i06,e08,c5,p18,l2,1233
i38,e11,c1,p01,l2,412
i46,e08,c4,p15,l3,1
i02,e04,c1,p15,l3,68
i61,e01,c1,p35,l3,1
i06,e08,c5,p11,l2,1401
i06,e11,c5,p25,l2,152
i07,e12,c5,p35,l3,197
i38,e01,c1,p06,l3,19
i38,e04,c1,p13,l1,1368
i21,e04,c1,p02,l3,3
i38,e10,c4,p02,l2,1
i38,e10,c4,p02,l1,9
i44,e08,c3,p10,l3,45
i38,e10,c4,p02,l4,42
i38,e10,c4,p02,l3,251
i38,e11,c4,p25,l2,1
i06,e09,c5,p35,l2,76
i06,e01,c3,p18,l3,1
i46,e04,c1,p11,l3,1
i34,e04,c5,p19,l3,17
i38,e11,c4,p12,l2,6
i16,e04,c5,p13,l3,3
i02,e01,c1,p17,l3,59
i14,e12,c5,p15,l3,107
i05,e06,c1,p19,l3,16
i03,e09,c5,p06,l3,2
i34,e04,c5,p21,l3,10
i02,e09,c1,p04,l3,24
i34,e03,c5,p07,l3,40
i23,e01,c5,p03,l3,1
i32,e08,c5,p10,l3,11
i34,e04,c5,p22,l3,2
i06,e01,c5,p18,l3,95
i05,e11,c1,p03,l3,3
i38,e09,c4,p13,l2,2
i21,e03,c1,p10,l3,10
i02,e09,c1,p23,l3,12
i30,e09,c1,p01,l3,1
i13,e08,c5,p11,l3,4
i14,e09,c5,p10,l3,8
i13,e03,c5,p17,l3,3
i34,e01,c5,p35,l3,16
i05,e06,c1,p02,l3,4
i23,e03,c5,p10,l3,5
i38,e06,c1,p28,l3,173
i38,e01,c1,p07,l3,54
i14,e04,c5,p09,l3,427
i07,e08,c5,p15,l3,1
i23,e03,c5,p35,l3,6
i38,e11,c1,p06,l2,69
i41,e08,c1,p02,l3,4
i43,e03,c1,p13,l3,3
i38,e05,c1,p09,l1,3
i67,e10,c5,p19,l3,2
i06,e08,c5,p14,l2,942
i47,e01,c4,p35,l3,2
i02,e01,c1,p35,l3,22
i43,e01,c1,p15,l3,1
i79,e03,c1,p19,l3,27
i41,e08,c1,p03,l3,10
i43,e09,c1,p26,l3,1
i38,e09,c4,p16,l2,1
i14,e04,c5,p30,l3,40
i44,e01,c3,p35,l3,1
i01,e08,c1,p09,l3,2
i17,e08,c5,p16,l3,36
i06,e07,c5,p18,l2,3
i46,e04,c4,p03,l3,1
i06,e11,c3,p21,l2,33
i12,e01,c5,p14,l3,2
i46,e01,c1,p34,l3,1
i06,e11,c5,p02,l2,296
i33,e08,c1,p21,l3,3
i38,e10,c1,p14,l3,4449
i38,e09,c1,p20,l2,13
i38,e10,c1,p14,l4,840
i23,e09,c5,p15,l3,1
i06,e08,c5,p22,l2,799
i30,e09,c1,p05,l3,1
i38,e11,c4,p01,l2,15
i17,e09,c5,p06,l3,9
i06,e07,c5,p10,l2,3
i41,e01,c1,p01,l3,1
i06,e10,c3,p35,l4,29
i06,e10,c3,p35,l3,377
i38,e08,c1,p04,l2,136
i38,e10,c1,p14,l1,8
i34,e03,c5,p23,l3,8
i38,e10,c1,p14,l2,63
i06,e08,c5,p02,l2,773
i01,e09,c1,p10,l3,1
i38,e04,c1,p20,l1,36
i38,e12,c1,p22,l3,2
i06,e08,c5,p33,l2,14
i06,e10,c5,p15,l3,74708
i38,e08,c1,p33,l2,1
i06,e10,c5,p15,l4,6280
i06,e10,c5,p15,l1,180
i17,e01,c5,p12,l3,14
i06,e10,c5,p15,l2,132
i05,e06,c1,p01,l3,4
i38,e09,c1,p18,l2,60
i06,e12,c5,p23,l3,74
i16,e01,c5,p24,l3,5
i38,e11,c1,p26,l2,8
i10,e05,c3,p29,l3,1
i76,e04,c5,p35,l3,3
i06,e08,c5,p20,l2,485
i34,e04,c5,p10,l3,17
i16,e04,c5,p24,l3,12
i46,e08,c4,p35,l3,848
i06,e07,c5,p07,l2,6
i43,e11,c1,p07,l3,2
i19,e11,c5,p10,l3,14
i42,e05,c5,p08,l3,1
i03,e04,c5,p10,l3,5
i13,e11,c5,p18,l3,2
i21,e03,c1,p21,l3,5
i14,e09,c5,p13,l3,6
i34,e04,c5,p11,l3,10
i17,e04,c5,p35,l3,7
i06,e11,c5,p07,l2,521
i47,e09,c4,p35,l3,2
i48,e11,c1,p21,l3,1
i42,e05,c5,p25,l3,3
i23,e05,c5,p16,l3,1
i21,e12,c1,p20,l3,14
i23,e08,c5,p07,l3,13
i02,e09,c1,p17,l3,53
i17,e01,c5,p11,l3,2
i21,e09,c1,p21,l3,1
i17,e01,c5,p16,l3,4
i46,e04,c1,p08,l3,20
i06,e01,c5,p02,l3,41
i14,e09,c5,p22,l3,1
i38,e04,c4,p08,l1,6
i06,e10,c3,p19,l2,1
i06,e11,c5,p13,l2,415
i06,e10,c3,p19,l1,1
i06,e10,c3,p19,l4,41
i06,e10,c3,p19,l3,716
i17,e09,c5,p03,l3,6
i38,e12,c4,p09,l3,98
i38,e09,c1,p06,l2,23
i21,e03,c1,p08,l3,1
i38,e12,c1,p04,l3,1
i06,e08,c3,p24,l2,1
i03,e10,c5,p05,l3,6
i34,e09,c5,p08,l3,1
i17,e09,c5,p07,l3,5
i01,e01,c1,p29,l3,1
i38,e11,c1,p17,l2,219
i05,e09,c1,p28,l3,3
i15,e09,c2,p35,l3,227
i02,e08,c1,p19,l3,2336
i06,e01,c5,p32,l3,55
i02,e08,c1,p31,l3,1
i46,e11,c4,p09,l3,20
i38,e09,c1,p22,l2,31
i14,e01,c5,p09,l3,86
i38,e08,c4,p22,l2,1
i05,e09,c1,p11,l3,3
i30,e01,c1,p23,l3,5
i14,e12,c5,p28,l3,1
i39,e04,c5,p35,l3,199
i21,e01,c1,p12,l3,1
i06,e12,c5,p14,l3,102
i06,e12,c5,p20,l3,14
i02,e04,c4,p18,l3,4
i38,e10,c7,p24,l4,3
i14,e01,c5,p35,l3,4
i38,e10,c7,p24,l2,4
i38,e10,c7,p24,l3,3
i38,e09,c1,p31,l2,3
i39,e04,c5,p05,l3,8
i17,e08,c5,p20,l3,1
i89,e04,c1,p10,l3,1
i23,e08,c5,p12,l3,93
i46,e08,c1,p16,l3,4
i03,e01,c5,p15,l3,1
i38,e01,c1,p11,l3,67
i41,e07,c1,p11,l3,18
i38,e04,c1,p23,l1,15
i41,e01,c1,p17,l3,1
i30,e01,c1,p24,l3,4
i34,e03,c5,p19,l3,191
i06,e04,c5,p25,l1,151
i06,e04,c5,p22,l1,181
i61,e11,c1,p35,l3,2
i06,e12,c5,p11,l3,211
i06,e10,c3,p08,l4,15
i05,e06,c1,p06,l3,1
i06,e10,c3,p08,l3,65
i03,e04,c5,p15,l3,6
i06,e10,c3,p08,l1,2
i38,e04,c1,p09,l1,20
i17,e11,c5,p14,l3,46
i34,e08,c5,p30,l3,2
i21,e04,c1,p08,l3,1
i39,e09,c5,p10,l3,26
i38,e08,c1,p21,l2,167
i38,e10,c4,p29,l4,21
i38,e10,c4,p29,l3,73
i02,e01,c4,p17,l3,3
i29,e04,c5,p35,l3,3
i38,e07,c1,p18,l2,4
i13,e04,c5,p01,l3,3
i20,e04,c5,p11,l3,4
i34,e09,c5,p05,l3,2
i38,e08,c4,p32,l2,2
i37,e10,c5,p33,l3,15
i16,e01,c5,p21,l3,1
i39,e01,c5,p05,l3,5
i07,e09,c5,p10,l3,3
i38,e06,c4,p04,l3,71
i43,e01,c1,p28,l3,11
i13,e08,c5,p16,l3,6
i14,e11,c5,p03,l3,4
i34,e04,c5,p14,l3,8
i38,e12,c1,p01,l3,3
i38,e01,c4,p04,l3,1
i38,e01,c1,p19,l3,241
i05,e12,c1,p22,l3,6
i38,e08,c1,p25,l2,12
i07,e01,c5,p22,l3,3
i41,e01,c1,p19,l3,29
i03,e01,c5,p24,l3,3
i14,e09,c5,p19,l3,72
i17,e09,c5,p26,l3,4
i06,e10,c5,p28,l3,10588
i06,e10,c5,p28,l4,947
i06,e10,c5,p28,l1,31
i06,e09,c5,p17,l2,103
i06,e10,c5,p28,l2,18
i23,e03,c5,p04,l3,2
i17,e04,c5,p32,l3,3
i46,e09,c1,p07,l3,1
i41,e12,c1,p11,l3,1
i45,e01,c1,p19,l3,1
i02,e09,c1,p32,l3,3
i34,e01,c5,p14,l3,4
i02,e04,c4,p19,l3,1
i43,e01,c1,p11,l3,2
i05,e08,c1,p12,l3,1
i38,e08,c1,p08,l2,258
i02,e01,c4,p15,l3,7
i38,e07,c1,p12,l2,3
i18,e08,c1,p35,l3,10
i06,e09,c5,p23,l2,36
i14,e11,c5,p02,l3,2
i38,e11,c4,p18,l2,4
i30,e01,c1,p03,l3,12
i43,e09,c1,p35,l3,10
i14,e08,c5,p04,l3,18
i38,e08,c4,p04,l2,1
i06,e09,c5,p31,l2,5
i16,e08,c5,p11,l3,1
i06,e05,c5,p16,l1,2
i06,e08,c5,p07,l2,1497
i38,e08,c1,p19,l2,824
i46,e01,c1,p28,l3,2
i06,e04,c3,p09,l1,2
i06,e07,c5,p06,l2,1
i43,e09,c1,p06,l3,1
i14,e11,c5,p29,l3,1
i14,e11,c5,p11,l3,5
i38,e12,c1,p16,l3,3
i02,e09,c1,p28,l3,6
i14,e09,c5,p07,l3,13
i34,e01,c5,p02,l3,6
i34,e09,c5,p25,l3,1
i23,e04,c5,p28,l3,4
i27,e09,c5,p05,l3,2
i06,e12,c5,p28,l3,27
i02,e09,c1,p11,l3,83
i05,e03,c1,p07,l3,1
i13,e03,c5,p05,l3,1
i46,e08,c1,p10,l3,65
i02,e01,c1,p08,l3,4
i46,e01,c1,p20,l3,1
i14,e08,c5,p31,l3,19
i14,e09,c5,p01,l3,22
i22,e02,c5,p19,l3,1
i15,e09,c6,p35,l3,11
i06,e10,c3,p11,l3,261
i06,e10,c3,p11,l4,42
i38,e06,c1,p09,l3,437
i06,e10,c3,p11,l1,2
i15,e01,c2,p35,l3,289
i46,e01,c1,p21,l3,1
i41,e09,c1,p21,l3,1
i17,e04,c5,p24,l3,16
i06,e11,c5,p20,l2,88
i06,e11,c5,p29,l2,325
i06,e10,c5,p19,l3,117187
i06,e10,c5,p19,l4,10264
i16,e09,c5,p02,l3,4
i01,e04,c1,p32,l3,1
i43,e01,c1,p05,l3,3
i09,e09,c5,p35,l3,3
i06,e10,c5,p22,l4,1378
i06,e10,c5,p22,l3,14017
i01,e08,c1,p02,l3,1
i05,e04,c1,p03,l3,1
i06,e10,c5,p19,l2,359
i06,e10,c5,p19,l1,243
i38,e08,c7,p10,l2,6
i46,e08,c4,p02,l3,1
i06,e10,c5,p22,l2,16
i06,e10,c5,p22,l1,43
i06,e12,c5,p02,l3,84
i38,e01,c4,p11,l3,18
i14,e05,c5,p17,l3,6
i06,e08,c3,p01,l2,13
i30,e04,c1,p07,l3,2
i06,e08,c5,p06,l2,750
i10,e05,c3,p12,l3,1
i38,e01,c1,p22,l3,17
i57,e12,c8,p10,l3,1
i67,e04,c5,p16,l3,2
i38,e01,c4,p06,l3,2
i38,e09,c1,p13,l2,454
i38,e11,c4,p02,l2,9
i30,e01,c1,p22,l3,1
i02,e09,c1,p07,l3,56
i10,e05,c3,p35,l3,4
i17,e01,c5,p23,l3,2
i07,e04,c5,p02,l3,4
i42,e05,c3,p19,l3,2
i05,e07,c1,p19,l3,13
i16,e04,c5,p29,l3,10
i06,e11,c5,p32,l2,119
i38,e12,c4,p21,l3,1
i13,e08,c5,p28,l3,1
i38,e06,c4,p07,l3,43
i06,e08,c5,p31,l2,69
i27,e04,c5,p07,l3,1
i34,e08,c5,p13,l3,7
i34,e04,c5,p02,l3,3
i38,e07,c1,p01,l2,4
i17,e11,c5,p21,l3,9
i05,e03,c1,p11,l3,2
i46,e04,c1,p10,l3,1
i05,e07,c1,p04,l3,1
i06,e01,c5,p23,l3,59
i05,e07,c1,p24,l3,1
i14,e01,c5,p24,l3,5
i06,e08,c3,p12,l2,5
i02,e09,c1,p20,l3,15
i38,e11,c1,p05,l2,222
i02,e04,c1,p14,l3,36
i17,e04,c5,p14,l3,31
i34,e03,c5,p33,l3,1
i54,e09,c1,p35,l3,1
i38,e05,c1,p05,l1,2
i30,e04,c1,p29,l3,3
i02,e04,c1,p10,l3,113
i07,e12,c5,p09,l3,7
i16,e01,c5,p12,l3,4
i06,e05,c5,p05,l1,3
i21,e03,c1,p18,l3,1
i43,e09,c4,p07,l3,3
i38,e10,c1,p02,l1,13
i06,e10,c5,p26,l1,2
i06,e10,c5,p26,l2,4
i34,e01,c5,p10,l3,8
i06,e10,c5,p26,l3,2268
i02,e11,c1,p19,l3,20
i06,e10,c5,p26,l4,315
i38,e09,c1,p10,l2,519
i06,e04,c3,p06,l1,1
i38,e09,c7,p13,l2,1
i30,e09,c1,p02,l3,1
i39,e04,c5,p23,l3,1
i38,e12,c1,p05,l3,67
i38,e10,c1,p02,l3,7077
i38,e10,c1,p02,l2,29
i32,e08,c5,p26,l3,1
i38,e10,c1,p02,l4,1296
i23,e03,c5,p08,l3,1
i41,e09,c1,p18,l3,3
i38,e10,c1,p35,l3,1496
i38,e10,c1,p35,l2,772
i38,e10,c1,p35,l4,900
i46,e09,c4,p17,l3,1
i46,e04,c4,p15,l3,8
i02,e08,c1,p16,l3,378
i23,e03,c5,p13,l3,1
i05,e09,c1,p24,l3,4
i02,e08,c4,p18,l3,2
i38,e04,c1,p29,l1,33
i06,e10,c3,p14,l4,14
i13,e10,c5,p19,l3,1
i06,e10,c3,p14,l3,119
i06,e02,c5,p21,l1,1
i39,e01,c5,p04,l3,6
i38,e09,c4,p05,l2,1
i34,e08,c5,p17,l3,12
i42,e05,c5,p14,l3,1
i16,e01,c5,p03,l3,2
i05,e03,c1,p01,l3,3
i30,e09,c1,p24,l3,4
i38,e04,c1,p17,l1,73
i06,e09,c3,p06,l2,6
i34,e01,c5,p03,l3,2
i39,e04,c5,p24,l3,7
i05,e01,c1,p13,l3,11
i05,e11,c1,p35,l3,1
i03,e08,c5,p05,l3,22
i20,e01,c5,p07,l3,1
i19,e08,c5,p35,l3,6
i05,e08,c1,p13,l3,1
i06,e12,c5,p24,l3,163
i30,e01,c1,p29,l3,2
i05,e12,c1,p01,l3,34
i14,e01,c5,p15,l3,10
i42,e05,c5,p05,l3,14
i05,e03,c4,p35,l3,2
i14,e11,c5,p32,l3,2
i13,e08,c5,p35,l3,3
i23,e04,c5,p15,l3,1
i38,e10,c4,p05,l4,68
i38,e01,c1,p18,l3,44
i43,e03,c1,p11,l3,4
i39,e01,c5,p16,l3,5
i38,e06,c1,p25,l3,283
i06,e10,c5,p10,l4,12489
i38,e10,c4,p05,l2,12
i06,e10,c5,p10,l3,164542
i38,e10,c4,p05,l3,317
i06,e10,c5,p10,l2,386
i38,e08,c1,p32,l2,85
i17,e04,c5,p28,l3,3
i05,e12,c1,p02,l3,10
i06,e10,c5,p10,l1,299
i05,e08,c1,p35,l3,231
i05,e01,c1,p01,l3,8
i14,e09,c5,p21,l3,3
i38,e06,c4,p15,l3,65
i38,e11,c4,p31,l2,1
i06,e02,c5,p15,l1,4
i17,e08,c5,p29,l3,59
i27,e01,c5,p19,l3,2
i46,e08,c4,p16,l3,3
i17,e04,c5,p20,l3,9
i05,e07,c1,p35,l3,31
i46,e04,c1,p02,l3,6
i34,e08,c5,p02,l3,20
i29,e04,c5,p03,l3,1
i38,e01,c1,p10,l3,535
i36,e04,c5,p35,l3,4
i43,e09,c1,p23,l3,1
i38,e09,c1,p01,l2,131
i67,e01,c5,p11,l3,3
i67,e09,c5,p18,l3,1
i20,e04,c5,p19,l3,3
i46,e06,c1,p30,l3,1
i08,e04,c1,p35,l3,3
i46,e08,c1,p23,l3,158
i12,e08,c5,p05,l3,2
i14,e09,c5,p08,l3,50
i12,e04,c5,p10,l3,9
i46,e08,c1,p06,l3,83
i17,e11,c5,p06,l3,13
i06,e01,c5,p10,l3,393
i05,e01,c1,p19,l3,16
i39,e01,c5,p14,l3,5
i17,e09,c5,p21,l3,8
i06,e08,c3,p06,l2,1
i30,e01,c1,p11,l3,1
i06,e05,c5,p17,l1,1
i02,e04,c1,p03,l3,86
i38,e01,c4,p35,l3,3
i06,e07,c5,p05,l2,7
i38,e09,c1,p21,l2,67
i48,e11,c1,p01,l3,2
i34,e03,c5,p10,l3,162
i14,e11,c5,p23,l3,5
i41,e08,c1,p18,l3,1
i13,e11,c5,p19,l3,36
i38,e07,c1,p05,l2,4
i17,e01,c5,p29,l3,9
i02,e08,c1,p29,l3,194
i38,e06,c1,p02,l3,326
i07,e12,c5,p17,l3,2
i23,e08,c5,p29,l3,15
i17,e04,c5,p11,l3,42
i38,e06,c4,p35,l3,61
i41,e04,c1,p12,l3,1
i25,e08,c5,p12,l3,4
i48,e11,c1,p24,l3,1
i06,e04,c5,p09,l1,232
i23,e04,c5,p19,l3,5
i38,e11,c1,p22,l2,78
i06,e08,c5,p35,l2,1360
i34,e01,c5,p13,l3,2
i13,e08,c5,p09,l3,3
i05,e12,c4,p07,l3,14
i09,e01,c5,p13,l3,1
i38,e12,c4,p18,l3,2
i06,e08,c3,p14,l2,75
i12,e04,c5,p01,l3,15
i34,e08,c5,p25,l3,1
i46,e06,c1,p03,l3,1
i38,e11,c4,p03,l2,13
i06,e05,c5,p11,l1,2
i06,e10,c3,p23,l3,4
i16,e08,c5,p04,l3,1
i06,e10,c3,p23,l4,5
i14,e08,c5,p28,l3,29
i01,e01,c1,p35,l3,18
i38,e08,c4,p03,l2,77
i38,e01,c4,p07,l3,4
i03,e01,c5,p03,l3,2
i13,e11,c5,p11,l3,4
i30,e04,c1,p21,l3,4
i14,e12,c5,p02,l3,57
i17,e09,c5,p12,l3,5
i07,e01,c5,p07,l3,3
i38,e08,c4,p09,l2,9
i46,e01,c4,p02,l3,1
i03,e10,c5,p21,l3,4
i06,e10,c3,p02,l3,42
i38,e04,c1,p25,l1,1
i46,e08,c4,p19,l3,23
i06,e10,c3,p02,l4,13
i06,e10,c3,p02,l1,1
i38,e06,c4,p23,l3,32
i34,e09,c5,p01,l3,7
i16,e08,c5,p21,l3,3
i34,e08,c5,p05,l3,10
i34,e01,c5,p01,l3,11
i10,e05,c3,p01,l3,2
i14,e01,c5,p18,l3,6
i21,e12,c1,p10,l3,33
i26,e11,c1,p35,l3,21
i13,e11,c5,p23,l3,3
i38,e04,c1,p08,l1,74
i14,e04,c5,p01,l3,116
i02,e09,c1,p05,l3,12
i46,e11,c1,p08,l3,347
i23,e08,c5,p16,l3,15
i38,e06,c1,p01,l3,1819
i38,e04,c1,p02,l1,75
i21,e12,c1,p21,l3,1
i38,e08,c1,p26,l2,1
i03,e04,c5,p05,l3,3
i13,e03,c5,p02,l3,2
i14,e01,c5,p12,l3,1
i06,e10,c3,p07,l3,49
i41,e08,c1,p15,l3,5
i25,e10,c5,p10,l4,9
i38,e07,c4,p18,l2,1
i06,e10,c3,p07,l4,11
i23,e08,c5,p01,l3,17
i38,e04,c1,p24,l1,77
i02,e01,c1,p16,l3,59
i38,e11,c1,p25,l2,46
i06,e10,c3,p21,l4,15
i02,e08,c1,p07,l3,13
i38,e09,c4,p01,l2,5
i07,e12,c5,p29,l3,9
i06,e10,c3,p21,l3,149
i14,e08,c3,p33,l3,1
i38,e06,c4,p10,l3,404
i05,e09,c1,p17,l3,2
i38,e08,c1,p01,l2,379
i46,e11,c1,p21,l3,384
i38,e06,c1,p24,l3,753
i14,e01,c5,p05,l3,5
i05,e07,c1,p12,l3,2
i41,e01,c1,p10,l3,33
i17,e08,c5,p17,l3,11
i02,e04,c1,p26,l3,2
i06,e07,c5,p17,l2,1
i34,e03,c5,p24,l3,16
i06,e09,c5,p28,l2,38
i46,e01,c1,p05,l3,1
i34,e04,c5,p08,l3,2
i17,e09,c5,p18,l3,7
i02,e04,c1,p22,l3,36
i06,e05,c5,p22,l1,2
i06,e09,c5,p14,l2,68
i05,e07,c1,p11,l3,2
i05,e01,c1,p14,l3,1
i23,e11,c5,p02,l3,1
i46,e08,c1,p19,l3,58
i46,e08,c4,p10,l3,4
i38,e10,c4,p14,l4,30
i38,e10,c4,p14,l3,10
i41,e09,c1,p29,l3,6
i05,e06,c1,p13,l3,5
i17,e09,c5,p25,l3,2
i30,e09,c1,p08,l3,1
i47,e04,c7,p35,l3,1
i06,e08,c5,p23,l2,1239
i38,e08,c1,p03,l2,383
i38,e08,c4,p05,l2,8
i23,e03,c5,p25,l3,23
i46,e04,c1,p19,l3,9
i39,e09,c5,p11,l3,3
i16,e04,c5,p25,l3,2
i49,e10,c4,p33,l3,60
i16,e04,c5,p12,l3,3
i23,e03,c5,p29,l3,7
i41,e07,c1,p02,l3,26
i12,e01,c5,p03,l3,1
i05,e03,c1,p16,l3,1
i23,e03,c5,p24,l3,21
i65,e01,c3,p10,l3,1
i38,e06,c4,p19,l3,77
i05,e12,c1,p25,l3,2
i38,e10,c4,p08,l4,51
i38,e10,c4,p08,l3,146
i34,e08,c5,p21,l3,12
i14,e12,c5,p09,l3,3082
i14,e05,c5,p21,l3,1
i38,e10,c4,p12,l4,58
i38,e09,c1,p07,l2,50
i12,e08,c5,p14,l3,3
i38,e10,c4,p12,l3,366
i87,e09,c5,p18,l3,1
i33,e08,c1,p13,l3,1
i05,e01,c1,p10,l3,9
i06,e11,c3,p18,l2,1
i02,e11,c1,p09,l3,1
i17,e11,c5,p25,l3,4
i38,e08,c1,p10,l2,1423
i06,e12,c5,p04,l3,177
i17,e01,c5,p04,l3,9
i05,e03,c1,p29,l3,2
i06,e10,c5,p04,l2,45
i06,e08,c3,p18,l2,7
i13,e03,c5,p10,l3,1
i06,e10,c5,p04,l1,51
i06,e01,c5,p01,l3,197
i43,e01,c1,p03,l3,3
i41,e01,c1,p12,l3,4
i27,e01,c5,p10,l3,2
i38,e11,c4,p06,l2,1
i14,e08,c5,p13,l3,3
i06,e10,c5,p04,l4,2496
i06,e10,c5,p04,l3,28831
i07,e04,c5,p35,l3,33
i46,e01,c1,p17,l3,1
i38,e10,c7,p13,l4,42
i38,e10,c7,p13,l3,47
i38,e10,c7,p13,l2,19
i41,e09,c1,p20,l3,1
i06,e10,c3,p31,l4,4
i05,e08,c1,p24,l3,20
i06,e10,c3,p31,l3,8
i05,e07,c1,p01,l3,1
i30,e04,c1,p10,l3,25
i39,e09,c5,p19,l3,36
i46,e04,c1,p07,l3,1
i02,e09,c1,p15,l3,57
i38,e11,c4,p35,l2,15
i06,e10,c3,p17,l3,183
i13,e11,c3,p01,l3,1
i38,e11,c4,p09,l2,6
i02,e01,c1,p04,l3,35
i13,e04,c5,p09,l3,1
i46,e04,c1,p06,l3,41
i01,e11,c1,p11,l3,2
i13,e04,c5,p17,l3,1
i43,e01,c4,p07,l3,1
i38,e04,c4,p12,l1,9
i07,e12,c5,p23,l3,1
i16,e08,c5,p15,l3,8
i06,e05,c5,p12,l1,4
i38,e11,c1,p13,l2,342
i07,e11,c5,p35,l3,2
i38,e09,c1,p17,l2,91
i14,e11,c5,p12,l3,3
i17,e01,c5,p07,l3,5
i06,e04,c5,p13,l1,154
i16,e01,c5,p17,l3,2
i43,e04,c1,p12,l3,1
i38,e04,c4,p09,l1,3
i06,e08,c5,p29,l2,1100
i38,e06,c1,p35,l3,239
i14,e04,c5,p13,l3,2
i02,e01,c1,p11,l3,64
i10,e05,c3,p17,l3,1
i39,e01,c5,p20,l3,2
i34,e08,c5,p24,l3,5
i06,e12,c5,p35,l3,197
i06,e11,c5,p24,l2,520
i02,e01,c1,p05,l3,13
i06,e09,c3,p18,l2,5
i42,e05,c5,p21,l3,3
i38,e10,c1,p15,l1,47
i46,e01,c1,p29,l3,2
i38,e05,c1,p17,l1,1
i38,e10,c1,p15,l3,16169
i38,e10,c1,p15,l2,133
i10,e05,c3,p04,l3,1
i38,e10,c1,p15,l4,2869
i06,e02,c5,p24,l1,1
i14,e01,c5,p07,l3,12
i34,e03,c5,p13,l3,58
i23,e01,c5,p09,l3,1
i29,e01,c5,p35,l3,12
i17,e11,c5,p03,l3,1
i01,e04,c1,p04,l3,4
i38,e08,c1,p35,l2,67
i38,e12,c1,p20,l3,1
i06,e10,c5,p01,l1,100
i38,e05,c1,p18,l1,1
i43,e01,c1,p18,l3,1
i06,e10,c5,p01,l3,54606
i34,e09,c5,p12,l3,2
i06,e10,c5,p01,l2,199
i06,e10,c5,p01,l4,5339
i17,e08,c5,p04,l3,3
i02,e04,c1,p02,l3,3
i02,e09,c1,p16,l3,43
i06,e07,c5,p21,l2,1
i39,e09,c5,p35,l3,128
i07,e08,c5,p18,l3,2
i23,e09,c5,p19,l3,6
i30,e01,c1,p08,l3,3
i38,e10,c1,p06,l4,850
i38,e09,c4,p06,l2,3
i06,e10,c3,p32,l4,4
i38,e10,c1,p06,l3,3727
i38,e10,c1,p06,l2,13
i38,e10,c1,p06,l1,8
i17,e04,c5,p16,l3,22
i06,e10,c3,p32,l3,45
i29,e01,c5,p03,l3,1
i03,e04,c5,p12,l3,5
i38,e08,c1,p17,l2,200
i02,e04,c1,p18,l3,70
i01,e04,c1,p10,l3,11
i01,e01,c1,p28,l3,4
i38,e11,c1,p28,l2,33
i01,e01,c1,p11,l3,6
i43,e09,c1,p20,l3,1
i38,e06,c4,p09,l3,8
i34,e08,c5,p07,l3,4
i12,e09,c5,p24,l3,1
i06,e01,c5,p17,l3,250
i07,e09,c5,p35,l3,7
i38,e12,c1,p08,l3,363
i38,e06,c1,p20,l3,48
i14,e09,c5,p20,l3,5
i38,e10,c7,p32,l4,12
i38,e06,c4,p12,l3,31
i39,e04,c5,p12,l3,5
i02,e08,c1,p15,l3,206
i46,e09,c1,p09,l3,4
i38,e10,c7,p32,l3,14
i38,e10,c7,p32,l2,4
i41,e01,c1,p06,l3,3
i22,e05,c5,p35,l3,65
i02,e08,c1,p35,l3,120
i39,e09,c3,p03,l3,1
i46,e09,c1,p21,l3,1
i05,e06,c1,p16,l3,5
i14,e12,c5,p12,l3,4
i50,e01,c1,p35,l3,11
i61,e09,c1,p35,l3,1
i05,e08,c1,p17,l3,6
i34,e08,c5,p35,l3,49
i17,e11,c5,p24,l3,6
i07,e12,c5,p04,l3,1
i01,e11,c1,p29,l3,2
i42,e05,c5,p26,l3,1
i46,e01,c4,p15,l3,3
i39,e04,c5,p28,l3,7
i06,e09,c3,p22,l2,1
i06,e09,c5,p21,l2,114
i41,e04,c1,p10,l3,11
i06,e07,c5,p12,l2,1
i02,e09,c1,p03,l3,95
i17,e08,c5,p05,l3,16
i34,e04,c5,p29,l3,20
i31,e09,c1,p35,l3,1
i41,e01,c1,p21,l3,1
i38,e04,c1,p16,l1,8
i38,e01,c1,p26,l3,3
i38,e10,c1,p22,l4,803
i37,e08,c5,p33,l3,6
i38,e10,c1,p22,l3,2309
i38,e10,c1,p22,l2,18
i14,e12,c3,p02,l3,2
i38,e10,c1,p22,l1,6
i42,e05,c3,p35,l3,37
i38,e04,c1,p12,l1,98
i46,e09,c1,p08,l3,4
i39,e09,c5,p28,l3,2
i13,e08,c5,p12,l3,61
i14,e01,c5,p19,l3,80
i01,e08,c1,p19,l3,4
i34,e08,c5,p10,l3,64
i14,e08,c5,p23,l3,29
i49,e06,c4,p33,l3,1
i23,e03,c5,p09,l3,2
i42,e05,c5,p35,l3,2
i39,e04,c5,p01,l3,3
i38,e06,c7,p13,l3,61
i46,e04,c4,p02,l3,1
i46,e04,c1,p15,l3,3
i39,e09,c5,p17,l3,6
i06,e11,c5,p10,l2,2222
i14,e09,c5,p03,l3,7
i06,e07,c5,p03,l2,2
i22,e05,c5,p10,l3,2
i67,e09,c5,p24,l3,1
i01,e08,c1,p25,l3,9
i14,e04,c5,p17,l3,48
i06,e05,c5,p14,l1,2
i16,e01,c5,p29,l3,4
i12,e04,c5,p21,l3,4
i38,e08,c4,p11,l2,1
i38,e10,c1,p17,l1,22
i38,e10,c1,p17,l2,74
i38,e10,c1,p09,l4,1090
i38,e10,c1,p17,l3,11836
i38,e10,c1,p09,l3,5248
i38,e10,c1,p09,l2,45
i38,e10,c1,p17,l4,2344
i05,e11,c4,p08,l3,1
i06,e08,c3,p11,l2,1
i43,e01,c1,p14,l3,1
i38,e10,c1,p09,l1,13
i38,e08,c1,p20,l2,54
i38,e09,c1,p19,l2,277
i17,e11,c5,p20,l3,2
i05,e03,c1,p24,l3,1
i02,e08,c1,p24,l3,16
i34,e04,c5,p20,l3,4
i06,e08,c5,p10,l2,4931
i34,e03,c5,p20,l3,5
i34,e08,c5,p18,l3,2
i01,e08,c1,p10,l3,21
i01,e08,c1,p06,l3,1
i14,e01,c5,p03,l3,6
i46,e06,c1,p35,l3,16
i33,e01,c1,p10,l3,8
i46,e11,c1,p22,l3,70
i38,e08,c1,p07,l2,277
i06,e12,c5,p16,l3,295
i32,e04,c5,p35,l3,1
i14,e08,c5,p09,l3,524
i14,e11,c5,p04,l3,4
i23,e11,c5,p01,l3,3
i38,e06,c1,p31,l3,95
i14,e08,c5,p16,l3,66
i06,e10,c5,p33,l4,18
i06,e10,c5,p33,l3,250
i43,e04,c1,p10,l3,24
i17,e01,c5,p21,l3,6
i21,e09,c1,p07,l3,1
i05,e12,c1,p21,l3,4
i34,e09,c5,p35,l3,21
i06,e04,c5,p16,l1,287
i38,e10,c4,p28,l4,47
i14,e11,c5,p19,l3,125
i38,e10,c4,p28,l3,319
i14,e09,c5,p17,l3,15
i05,e01,c1,p02,l3,4
i05,e06,c1,p20,l3,1
i13,e08,c5,p29,l3,4
i46,e08,c1,p03,l3,138
i06,e04,c5,p03,l1,173
i13,e03,c5,p15,l3,1
i27,e01,c5,p24,l3,1
i06,e09,c5,p06,l2,47
i02,e08,c4,p17,l3,3
i30,e09,c1,p19,l3,8
i38,e10,c4,p25,l4,14
i38,e10,c4,p25,l3,294
i13,e04,c5,p05,l3,2
i30,e09,c1,p10,l3,12
i43,e11,c1,p09,l3,1
i38,e09,c1,p15,l2,49
i48,e11,c1,p05,l3,4
i17,e11,c5,p02,l3,10
i38,e10,c4,p21,l1,4
i02,e04,c1,p08,l3,4
i34,e09,c5,p21,l3,6
i03,e04,c5,p03,l3,2
i38,e10,c4,p21,l4,135
i06,e10,c5,p14,l1,60
i34,e01,c5,p22,l3,1
i38,e10,c4,p21,l3,466
i38,e10,c4,p21,l2,15
i06,e10,c5,p14,l4,2053
i06,e12,c5,p19,l3,557
i38,e10,c1,p30,l2,2
i17,e01,c5,p19,l3,21
i06,e10,c5,p14,l2,57
i03,e09,c5,p10,l3,1
i06,e10,c5,p14,l3,24984
i38,e10,c1,p30,l3,20
i06,e10,c3,p24,l1,2
i46,e01,c1,p35,l3,314
i132,e04,c1,p35,l3,1
i06,e10,c3,p24,l3,154
i06,e10,c3,p24,l4,20
i07,e08,c5,p35,l3,440
i38,e10,c1,p26,l3,506
i38,e10,c1,p26,l2,27
i06,e01,c5,p26,l3,7
i43,e09,c1,p07,l3,6
i23,e04,c5,p02,l3,3
i02,e04,c1,p35,l3,31
i41,e01,c1,p24,l3,1
i06,e11,c3,p03,l2,7
i38,e10,c1,p26,l4,157
i43,e08,c1,p28,l3,7
i46,e08,c1,p28,l3,2
i38,e09,c1,p32,l2,27
i41,e07,c1,p12,l3,2
i39,e01,c5,p13,l3,5
i06,e09,c5,p18,l2,77
i46,e08,c1,p15,l3,28
i24,e08,c1,p19,l3,1
i21,e04,c1,p21,l3,2
i17,e09,c5,p05,l3,1
i39,e09,c5,p23,l3,2
i46,e09,c1,p30,l3,6
i16,e08,c5,p12,l3,1
i17,e01,c5,p03,l3,6
i38,e01,c1,p15,l3,52
i06,e11,c5,p08,l2,310
i46,e09,c4,p09,l3,1
i02,e08,c1,p21,l3,425
i17,e09,c5,p32,l3,2
i05,e12,c1,p10,l3,103
i06,e09,c5,p05,l2,118
i06,e04,c3,p10,l1,4
i33,e09,c1,p15,l3,1
i05,e04,c1,p01,l3,2
i06,e11,c5,p15,l2,875
i38,e06,c1,p23,l3,403
i05,e12,c1,p15,l3,2
i38,e01,c7,p13,l3,4
i05,e01,c1,p17,l3,2
i34,e09,c5,p04,l3,8
i02,e04,c1,p05,l3,36
i34,e03,c5,p17,l3,42
i38,e04,c1,p05,l1,37
i42,e05,c3,p28,l3,6
i02,e09,c1,p29,l3,24
i02,e01,c1,p09,l3,1
i79,e07,c1,p19,l3,1
i13,e11,c5,p07,l3,7
i13,e11,c5,p10,l3,17
i06,e01,c5,p25,l3,67
i13,e01,c5,p05,l3,3
i06,e10,c3,p06,l4,9
i06,e10,c3,p06,l3,252
i38,e06,c1,p08,l3,362
i06,e10,c3,p06,l1,1
i12,e04,c5,p19,l3,54
i14,e04,c5,p05,l3,8
i21,e09,c1,p10,l3,1
i12,e09,c5,p13,l3,4
i14,e11,c5,p01,l3,7
i38,e04,c7,p24,l1,1
i05,e07,c1,p28,l3,8
i13,e08,c5,p18,l3,2
i06,e10,c3,p05,l4,14
i06,e10,c3,p05,l3,245
i02,e08,c1,p04,l3,26
i06,e10,c3,p05,l2,6
i46,e09,c1,p11,l3,5
i06,e04,c5,p07,l1,430
i06,e04,c3,p19,l1,2
i43,e04,c1,p19,l3,5
i16,e08,c5,p01,l3,14
i14,e11,c5,p21,l3,4
i14,e12,c5,p05,l3,3
i05,e06,c1,p28,l3,3
i30,e04,c1,p15,l3,3
i14,e08,c5,p05,l3,40
i06,e08,c5,p19,l2,7717
i48,e04,c1,p35,l3,1
i41,e01,c1,p18,l3,4
i14,e01,c5,p10,l3,5
i47,e09,c1,p35,l3,503
i46,e11,c1,p15,l3,12
i05,e07,c1,p17,l3,1
i14,e09,c5,p35,l3,3
i17,e04,c5,p13,l3,15
i12,e08,c5,p09,l3,2
i12,e04,c5,p15,l3,1
i01,e01,c1,p03,l3,5
i24,e04,c1,p35,l3,1
i13,e11,c5,p03,l3,2
i23,e04,c5,p11,l3,3
i14,e04,c5,p21,l3,8
i38,e04,c4,p02,l1,1
i38,e10,c4,p09,l3,1051
i43,e03,c1,p28,l3,4
i38,e10,c4,p09,l4,78
i34,e09,c5,p23,l3,2
i06,e10,c5,p05,l4,4707
i06,e04,c5,p20,l1,6
i39,e01,c5,p28,l3,4
i06,e10,c5,p05,l1,111
i05,e06,c1,p11,l3,3
i06,e10,c5,p05,l3,59100
i06,e10,c5,p05,l2,167
i16,e04,c5,p01,l3,8
i06,e09,c5,p10,l2,353
i39,e01,c5,p25,l3,1
i74,e04,c5,p05,l3,2
i38,e05,c1,p35,l1,5
i05,e12,c4,p35,l3,12
i107,e04,c2,p35,l3,1
i38,e08,c1,p24,l2,252
i34,e08,c5,p29,l3,9
i23,e03,c5,p17,l3,1
i38,e06,c1,p06,l3,262
i06,e10,c5,p20,l3,6293
i06,e10,c5,p20,l4,507
i38,e11,c7,p01,l2,1
i09,e01,c5,p21,l3,1
i06,e10,c5,p20,l1,19
i46,e11,c1,p28,l3,1
i06,e10,c5,p20,l2,11
i05,e09,c1,p12,l3,1
i21,e12,c1,p19,l3,7
i46,e09,c1,p01,l3,8
i34,e03,c5,p28,l3,13
i14,e09,c3,p21,l3,4
i38,e05,c1,p13,l1,2
i05,e04,c1,p13,l3,2
i17,e11,c5,p15,l3,7
i02,e01,c1,p23,l3,19
i01,e04,c1,p35,l3,13
i34,e01,c5,p09,l3,2
i22,e02,c5,p16,l3,1
i34,e03,c5,p06,l3,22
i06,e01,c5,p14,l3,69
i02,e09,c1,p25,l3,5
i38,e07,c4,p25,l2,1
i05,e01,c1,p03,l3,16
i07,e08,c5,p03,l3,14
i30,e01,c1,p16,l3,5
i13,e03,c5,p04,l3,1
i05,e01,c1,p07,l3,1
i17,e11,c5,p28,l3,9
i38,e01,c1,p12,l3,40
i38,e10,c1,p28,l1,8
i02,e08,c4,p28,l3,6
i33,e08,c1,p16,l3,2
i38,e10,c1,p28,l3,2167
i38,e10,c1,p28,l2,10
i28,e01,c1,p35,l3,1
i38,e10,c1,p28,l4,466
i41,e04,c1,p18,l3,1
i41,e08,c1,p19,l3,25
i13,e12,c5,p10,l3,1
i17,e09,c5,p20,l3,4
i14,e08,c5,p12,l3,37
i05,e03,c1,p21,l3,3
i38,e12,c1,p10,l3,23
i06,e02,c5,p01,l1,3
i34,e01,c5,p11,l3,5
i14,e04,c5,p35,l3,10
i14,e08,c5,p25,l3,10
i02,e04,c1,p12,l3,54
i24,e08,c1,p35,l3,35
i34,e03,c5,p16,l3,23
i38,e10,c4,p04,l3,66
i34,e03,c5,p30,l3,13
i34,e03,c5,p29,l3,56
i11,e05,c4,p09,l3,1
i38,e10,c4,p04,l4,65
i43,e09,c1,p18,l3,1
i34,e01,c5,p19,l3,17
i06,e11,c3,p10,l2,2
i43,e03,c1,p03,l3,3
i16,e09,c5,p24,l3,3
i06,e10,c3,p18,l3,266
i32,e11,c5,p15,l3,2
i06,e10,c3,p18,l2,2
i06,e10,c3,p18,l4,4
i46,e08,c1,p09,l3,102
i06,e01,c5,p13,l3,78
i13,e08,c5,p21,l3,30
i05,e06,c1,p35,l3,22
i14,e09,c5,p02,l3,15
i12,e04,c5,p07,l3,1
i08,e08,c1,p35,l3,26
i05,e09,c1,p02,l3,1
i27,e04,c5,p10,l3,3
i41,e11,c1,p24,l3,9
i05,e09,c1,p15,l3,1
i14,e04,c5,p08,l3,165
i14,e12,c5,p17,l3,938
i23,e03,c5,p16,l3,4
i41,e07,c1,p21,l3,2
i06,e10,c3,p12,l4,11
i06,e08,c5,p04,l2,1101
i16,e08,c5,p13,l3,9
i06,e10,c3,p12,l2,3
i06,e10,c3,p12,l3,181
i38,e06,c1,p07,l3,990
i06,e11,c5,p22,l2,235
i46,e11,c1,p03,l3,1072
i38,e11,c1,p21,l2,271
i06,e11,c5,p33,l2,1
i46,e11,c1,p11,l3,425
i23,e01,c5,p12,l3,53
i34,e08,c5,p22,l3,6
i01,e09,c1,p03,l3,2
i42,e05,c5,p10,l3,3
i38,e04,c7,p10,l1,65
i38,e10,c4,p03,l2,6
i38,e10,c4,p03,l3,951
i38,e10,c4,p03,l4,206
i43,e09,c1,p03,l3,1
i46,e09,c4,p15,l3,8
i12,e08,c5,p13,l3,17
i41,e07,c1,p04,l3,2
i16,e04,c5,p22,l3,5
i13,e11,c5,p32,l3,7
i39,e04,c5,p20,l3,1
i42,e05,c5,p13,l3,4
i38,e01,c1,p21,l3,100
i03,e10,c5,p04,l3,2
i38,e04,c1,p11,l1,70
i09,e09,c5,p13,l3,1
i17,e08,c5,p01,l3,48
i06,e10,c5,p17,l3,37016
i06,e08,c3,p19,l2,3
i06,e10,c5,p17,l4,3064
i06,e10,c5,p17,l1,76
i43,e01,c1,p02,l3,1
i06,e10,c5,p17,l2,89
i38,e08,c1,p13,l2,946
i38,e08,c1,p12,l2,169
i39,e04,c5,p17,l3,21
i09,e04,c5,p18,l3,1
i07,e12,c5,p16,l3,23
i16,e01,c5,p28,l3,3
i38,e11,c4,p17,l2,8
i34,e04,c5,p07,l3,6
i03,e01,c5,p29,l3,5
i06,e12,c5,p12,l3,126
i38,e01,c7,p24,l3,2
i21,e03,c1,p12,l3,3
i23,e01,c5,p01,l3,13
i32,e11,c5,p13,l3,1
i39,e01,c5,p24,l3,3
i02,e08,c1,p03,l3,266
i38,e10,c4,p15,l4,141
i38,e10,c4,p15,l3,778
i34,e08,c5,p11,l3,24
i05,e01,c1,p29,l3,2
i38,e06,c1,p15,l3,1146
i38,e06,c1,p11,l3,1446
i38,e11,c4,p13,l2,8
i06,e11,c5,p03,l2,578
i17,e01,c5,p24,l3,4
i05,e12,c1,p03,l3,9
i38,e10,c4,p15,l2,6
i38,e10,c4,p15,l1,6
i13,e11,c5,p21,l3,11
i14,e08,c5,p01,l3,248
i14,e12,c5,p11,l3,1502
i14,e01,c3,p21,l3,14
i06,e05,c5,p04,l1,1
i38,e01,c4,p13,l3,4
i06,e10,c3,p13,l3,4
i12,e08,c5,p10,l3,15
i34,e01,c5,p28,l3,1
i14,e04,c5,p03,l3,16
i14,e01,c5,p23,l3,2
i38,e10,c4,p20,l3,4
i43,e09,c1,p29,l3,5
i12,e04,c5,p11,l3,6
i32,e05,c5,p35,l3,1
i06,e08,c5,p15,l2,1722
i06,e09,c3,p10,l2,3
i17,e11,c5,p16,l3,15
i46,e08,c1,p31,l3,1
i76,e09,c5,p19,l3,2
i43,e04,c1,p28,l3,21
i43,e08,c1,p11,l3,4
i38,e06,c1,p05,l3,742
i07,e04,c5,p03,l3,5
i16,e09,c5,p20,l3,1
i43,e01,c1,p10,l3,12
i06,e05,c5,p07,l1,1
i38,e11,c1,p32,l2,28
i02,e08,c1,p23,l3,38
i09,e09,c5,p10,l3,1
i38,e11,c1,p10,l2,1692
i07,e12,c5,p11,l3,5
i30,e09,c1,p29,l3,2
i12,e04,c5,p03,l3,4
i17,e04,c5,p06,l3,10
i10,e05,c3,p24,l3,1
i46,e04,c1,p16,l3,1
i17,e04,c5,p01,l3,74
i05,e06,c4,p35,l3,1
i16,e09,c5,p07,l3,1
i06,e10,c5,p07,l4,2930
i38,e11,c1,p18,l2,144
i06,e04,c5,p08,l1,318
i06,e10,c5,p07,l2,76
i06,e10,c5,p07,l3,35542
i38,e10,c1,p31,l4,128
i38,e06,c4,p01,l3,45
i39,e01,c5,p19,l3,37
i38,e08,c1,p29,l2,54
i38,e10,c1,p31,l3,533
i38,e10,c1,p31,l2,12
i34,e01,c5,p23,l3,2
i06,e09,c5,p01,l2,166
i16,e01,c5,p20,l3,3
i02,e04,c1,p09,l3,3
i13,e12,c5,p07,l3,2
i06,e11,c5,p12,l2,539
i34,e08,c5,p19,l3,33
i23,e09,c5,p08,l3,1
i17,e01,c5,p26,l3,4
i06,e10,c5,p07,l1,66
i43,e04,c1,p01,l3,2
i03,e09,c5,p24,l3,8
i06,e09,c5,p22,l2,75
i38,e11,c7,p10,l2,6
i23,e09,c5,p11,l3,1
i06,e11,c5,p19,l2,1654
i23,e04,c5,p03,l3,3
i05,e08,c1,p03,l3,1
i38,e06,c4,p13,l3,78
i06,e01,c5,p29,l3,63
i38,e05,c1,p01,l1,2
i39,e09,c5,p20,l3,4
i16,e08,c5,p22,l3,4
i67,e01,c5,p13,l3,1
i05,e06,c1,p14,l3,3
i17,e04,c5,p26,l3,2
i05,e04,c1,p02,l3,12
i06,e09,c3,p19,l2,1
i34,e08,c5,p01,l3,47
i13,e08,c5,p17,l3,9
i38,e06,c4,p03,l3,202
i38,e06,c4,p28,l3,31
i14,e11,c5,p07,l3,15
i14,e09,c5,p29,l3,18
i17,e11,c5,p12,l3,30
i06,e08,c3,p07,l2,14
i21,e12,c1,p11,l3,7
i14,e05,c5,p09,l3,2
i06,e04,c5,p15,l1,186
i30,e04,c1,p04,l3,10
i06,e05,c5,p23,l1,2
i05,e08,c1,p22,l3,1
i30,e09,c1,p23,l3,2
i39,e09,c5,p07,l3,1
i41,e11,c1,p21,l3,1
i03,e09,c5,p04,l3,3
i12,e08,c5,p19,l3,23
i06,e04,c5,p26,l1,22
i06,e10,c5,p06,l2,51
i06,e10,c5,p06,l1,41
i38,e06,c4,p11,l3,77
i38,e11,c4,p04,l2,5
i06,e10,c5,p06,l4,2338
i13,e03,c5,p35,l3,2
i06,e10,c5,p06,l3,23501
i06,e10,c5,p02,l2,112
i02,e04,c1,p19,l3,517
i06,e10,c5,p02,l1,41
i06,e10,c5,p02,l4,1760
i30,e01,c1,p17,l3,9
i06,e10,c5,p02,l3,20626
i38,e01,c1,p14,l3,24
i05,e08,c1,p28,l3,5
i34,e08,c5,p08,l3,3
i05,e12,c1,p19,l3,31
i46,e11,c1,p23,l3,43
i06,e12,c5,p01,l3,231
i23,e08,c5,p11,l3,3
i18,e09,c1,p35,l3,8
i38,e11,c1,p35,l2,90
i38,e10,c4,p31,l2,2
i17,e09,c5,p15,l3,2
i02,e08,c1,p08,l3,50
i38,e10,c4,p31,l4,50
i05,e06,c1,p24,l3,4
i38,e10,c4,p31,l3,66
i16,e08,c5,p25,l3,1
i38,e12,c1,p17,l3,6
i06,e09,c5,p11,l2,117
i06,e08,c5,p26,l2,25
i06,e11,c3,p22,l2,1
i14,e12,c5,p08,l3,1501
i14,e12,c5,p23,l3,386
i34,e03,c5,p25,l3,37
i39,e04,c5,p11,l3,13
i05,e12,c1,p18,l3,4
i06,e11,c5,p16,l2,646
i38,e10,c4,p32,l3,56
i14,e11,c5,p10,l3,3
i30,e04,c1,p03,l3,2
i38,e10,c4,p32,l4,1
i38,e07,c1,p16,l2,2
i38,e01,c1,p04,l3,70
i33,e03,c1,p10,l3,7
i38,e07,c1,p09,l2,6
i17,e04,c5,p23,l3,26
i38,e09,c1,p14,l2,13
i42,e05,c3,p24,l3,1
i38,e05,c1,p10,l1,6
i23,e08,c5,p02,l3,1
i02,e09,c1,p35,l3,18
i38,e10,c4,p18,l1,1
i06,e10,c5,p29,l1,59
i23,e04,c5,p35,l3,5
i41,e01,c1,p07,l3,1
i03,e01,c5,p12,l3,2
i38,e11,c4,p05,l2,5
i34,e03,c5,p12,l3,33
i38,e06,c1,p16,l3,589
i38,e10,c4,p18,l4,36
i38,e09,c1,p35,l2,14
i06,e10,c5,p29,l2,144
i06,e10,c5,p29,l3,24214
i38,e10,c4,p18,l2,11
i06,e10,c5,p29,l4,2237
i38,e10,c4,p18,l3,78
i34,e01,c5,p15,l3,9
i10,e05,c3,p11,l3,3
i48,e11,c1,p13,l3,1
i23,e03,c5,p23,l3,2
i38,e11,c1,p14,l2,83
i02,e09,c1,p24,l3,24
i06,e04,c5,p10,l1,583
i20,e04,c5,p32,l3,1
i38,e11,c1,p03,l2,473
i38,e01,c7,p32,l3,1
i14,e12,c5,p04,l3,2
i03,e04,c5,p18,l3,1
i16,e09,c5,p03,l3,5
i38,e06,c1,p32,l3,367
i14,e09,c5,p04,l3,1
i13,e08,c5,p25,l3,2
i06,e04,c5,p04,l1,136
i46,e06,c1,p29,l3,1
i06,e11,c3,p19,l2,1
i06,e01,c5,p35,l3,104
i66,e04,c3,p35,l3,1
i05,e04,c1,p11,l3,1
i23,e01,c5,p29,l3,3
i05,e06,c1,p04,l3,3
i46,e11,c1,p09,l3,155
i17,e01,c5,p14,l3,6
i05,e03,c1,p19,l3,1
i14,e01,c5,p08,l3,44
i46,e08,c4,p03,l3,170
i17,e09,c5,p17,l3,3
i05,e01,c1,p35,l3,31
i38,e04,c1,p04,l1,29
i06,e07,c5,p14,l2,3
i34,e08,c5,p14,l3,2
i06,e09,c3,p35,l2,1
i14,e11,c5,p08,l3,16
i30,e09,c1,p07,l3,2
i38,e07,c1,p13,l2,4
i23,e09,c5,p03,l3,2
i43,e08,c1,p29,l3,12
i32,e11,c5,p07,l3,2
i30,e09,c1,p17,l3,15
i42,e02,c5,p13,l3,1
i12,e04,c5,p09,l3,4
i06,e12,c5,p07,l3,150
i02,e08,c4,p35,l3,4
i14,e12,c5,p33,l3,2
i46,e08,c1,p35,l3,2948
i46,e06,c4,p35,l3,1
i13,e08,c5,p24,l3,47
i02,e01,c1,p14,l3,55
i43,e09,c1,p19,l3,16
i14,e08,c5,p35,l3,58
i05,e12,c1,p07,l3,2
i06,e10,c3,p01,l1,2
i46,e04,c4,p14,l3,3
i34,e04,c5,p15,l3,24
i14,e08,c3,p09,l3,20
i14,e05,c3,p05,l3,1
i39,e09,c5,p05,l3,3
i38,e01,c4,p01,l3,7
i02,e04,c1,p23,l3,19
i33,e08,c1,p10,l3,2
i46,e01,c4,p21,l3,1
i06,e10,c3,p01,l3,323
i06,e10,c3,p01,l4,19
i38,e09,c1,p25,l2,7
i06,e10,c5,p18,l1,52
i06,e10,c5,p18,l2,47
i06,e10,c5,p18,l3,30552
i06,e10,c5,p18,l4,2588
i46,e08,c1,p12,l3,5
i41,e04,c1,p09,l3,2
i14,e04,c5,p16,l3,2
i06,e05,c5,p21,l1,1
i43,e01,c1,p06,l3,1
i34,e09,c5,p24,l3,1
i30,e01,c1,p21,l3,7
i38,e10,c1,p05,l3,12330
i39,e04,c5,p29,l3,26
i38,e10,c1,p05,l4,2195
i38,e10,c1,p18,l1,13
i38,e10,c1,p05,l1,22
i38,e10,c1,p18,l2,119
i38,e10,c1,p05,l2,33
i38,e10,c1,p18,l3,8163
i02,e01,c1,p01,l3,30
i38,e10,c1,p18,l4,1775
i46,e09,c1,p06,l3,10
i34,e09,c5,p22,l3,3
i17,e09,c5,p29,l3,2
i38,e11,c1,p31,l2,11
i01,e08,c1,p18,l3,2
i38,e10,c1,p04,l2,71
i38,e10,c1,p04,l3,6163
i43,e04,c1,p14,l3,1
i38,e10,c1,p04,l1,20
i21,e03,c1,p13,l3,2
i48,e11,c4,p17,l3,1
i23,e09,c5,p21,l3,1
i38,e10,c1,p04,l4,1278
i38,e09,c1,p28,l2,3
i41,e09,c1,p17,l3,4
i21,e03,c1,p19,l3,5
i14,e08,c5,p20,l3,7
i12,e09,c5,p14,l3,3
i06,e10,c5,p30,l4,88
i06,e10,c5,p30,l2,1
i06,e04,c5,p28,l1,178
i06,e10,c5,p30,l3,633
i17,e04,c5,p07,l3,5
i48,e11,c1,p10,l3,12
i06,e10,c5,p30,l1,7
i38,e10,c4,p06,l3,162
i38,e10,c4,p06,l4,13
i06,e01,c5,p24,l3,126
i38,e10,c4,p06,l2,2
i48,e11,c1,p14,l3,4
i28,e08,c1,p35,l3,16464
i17,e04,c5,p10,l3,95
i14,e04,c5,p20,l3,24
i38,e09,c7,p10,l2,30
i02,e08,c1,p01,l3,52
i43,e04,c1,p26,l3,1
i38,e06,c1,p21,l3,1206
i02,e04,c1,p17,l3,32
i23,e04,c5,p12,l3,8
i17,e04,c5,p03,l3,33
i16,e08,c5,p29,l3,5
i02,e08,c1,p14,l3,60
i34,e03,c5,p03,l3,97
i09,e01,c5,p19,l3,4
i34,e03,c5,p26,l3,1
i48,e11,c4,p06,l3,2
i34,e04,c5,p03,l3,2
i38,e06,c1,p22,l3,492
i38,e06,c4,p08,l3,45
i38,e07,c1,p10,l2,33
i06,e12,c5,p30,l3,22
i14,e12,c5,p35,l3,2
i17,e11,c5,p19,l3,59
i23,e04,c5,p04,l3,3
i17,e04,c5,p12,l3,31
i14,e12,c5,p13,l3,1
i14,e11,c5,p22,l3,1
i34,e09,c5,p29,l3,7
i05,e06,c1,p17,l3,2
i67,e08,c5,p10,l3,1
i14,e04,c5,p28,l3,12
i46,e09,c1,p10,l3,7
i12,e09,c5,p01,l3,5
i38,e06,c7,p10,l3,51
i32,e09,c5,p35,l3,4
i12,e01,c5,p10,l3,2
i12,e01,c5,p16,l3,2
i11,e05,c4,p35,l3,3
i46,e01,c1,p13,l3,1
i05,e08,c1,p10,l3,7
i34,e09,c5,p14,l3,2
i06,e05,c5,p09,l1,3
i14,e09,c5,p24,l3,5
i23,e01,c5,p05,l3,3
i12,e09,c5,p19,l3,18
i05,e08,c1,p21,l3,3
i06,e09,c5,p19,l2,409
i17,e09,c5,p28,l3,15
i38,e11,c1,p29,l2,85
i39,e04,c5,p13,l3,12
i38,e11,c1,p08,l2,162
i34,e01,c5,p12,l3,1
i38,e11,c1,p23,l2,56
i38,e01,c1,p09,l3,28
i14,e01,c5,p29,l3,28
i27,e09,c5,p13,l3,1
i43,e01,c1,p19,l3,18
i05,e08,c4,p08,l3,2
i14,e11,c5,p06,l3,2
i05,e06,c1,p15,l3,6
i39,e01,c5,p03,l3,3
i02,e01,c1,p24,l3,30
i15,e01,c6,p35,l3,7
i38,e01,c1,p03,l3,111
i34,e01,c5,p06,l3,4
i59,e08,c5,p10,l3,4
i23,e03,c5,p05,l3,5
i23,e08,c5,p09,l3,2
i38,e06,c1,p26,l3,100
i38,e10,c1,p07,l4,2929
i38,e10,c1,p07,l3,15148
i38,e10,c1,p07,l2,111
i17,e08,c5,p02,l3,2
i38,e04,c1,p06,l1,36
i06,e10,c5,p21,l1,108
i38,e10,c1,p07,l1,26
i06,e10,c5,p21,l2,174
i06,e10,c5,p21,l3,57441
i06,e10,c5,p21,l4,5535
i38,e12,c1,p21,l3,167
i01,e09,c1,p19,l3,2
i39,e01,c5,p07,l3,5
i01,e08,c1,p35,l3,111
i14,e11,c5,p18,l3,2
i16,e09,c5,p29,l3,6
i38,e09,c1,p02,l2,36
i17,e11,c5,p05,l3,26
i38,e12,c1,p19,l3,42
i34,e03,c5,p05,l3,36
i38,e10,c1,p16,l3,7685
i38,e10,c1,p16,l4,1508
i38,e10,c1,p16,l1,14
i02,e09,c1,p13,l3,62
i38,e10,c1,p16,l2,80
i41,e07,c1,p29,l3,3
i01,e04,c1,p21,l3,13
i41,e01,c1,p03,l3,6
i17,e11,c5,p09,l3,4
i34,e09,c5,p10,l3,3
i32,e08,c5,p35,l3,15
i38,e05,c1,p25,l1,1
i17,e11,c5,p04,l3,18
i06,e01,c5,p05,l3,149
i16,e09,c5,p35,l3,4
i42,e02,c5,p09,l3,1
i46,e11,c4,p17,l3,56
i46,e11,c1,p14,l3,2
i39,e09,c5,p12,l3,3
i34,e01,c5,p21,l3,5
i06,e10,c5,p13,l1,63
i06,e10,c5,p13,l2,168
i06,e10,c5,p13,l3,37104
i38,e10,c1,p25,l2,8
i06,e10,c5,p13,l4,2768
i17,e09,c5,p09,l3,5
i38,e10,c1,p25,l4,550
i38,e10,c1,p25,l3,2372
i43,e04,c1,p07,l3,11
i02,e01,c1,p02,l3,17
i06,e02,c5,p09,l1,1
i41,e08,c1,p29,l3,3
i06,e12,c3,p19,l3,4
i38,e06,c1,p19,l3,3256
i46,e11,c1,p19,l3,409
i30,e01,c1,p05,l3,4
i38,e01,c4,p02,l3,6
i38,e05,c1,p07,l1,1
i41,e07,c1,p19,l3,7
i16,e04,c5,p19,l3,2
i09,e01,c5,p35,l3,1
i46,e08,c1,p24,l3,54
i12,e01,c5,p18,l3,1
i01,e01,c1,p19,l3,2
i17,e11,c5,p01,l3,33
i02,e11,c4,p35,l3,1
i02,e01,c1,p32,l3,8
i06,e12,c5,p13,l3,215
i38,e09,c4,p12,l2,17
i13,e11,c5,p16,l3,8
i46,e11,c1,p35,l3,6314
i21,e03,c1,p05,l3,2
i38,e04,c4,p19,l1,4
i16,e08,c5,p24,l3,25
i06,e10,c5,p32,l4,898
i06,e10,c5,p32,l2,43
i38,e11,c1,p15,l2,246
i06,e10,c5,p32,l3,7905
i13,e11,c5,p09,l3,2
i38,e11,c1,p02,l2,116
i38,e06,c4,p18,l3,13
i38,e06,c1,p18,l3,926
i14,e11,c5,p17,l3,7
i06,e10,c5,p32,l1,25
i14,e08,c5,p02,l3,71
i02,e04,c1,p06,l3,7
i25,e03,c5,p12,l3,1
i06,e04,c5,p32,l1,88
i14,e12,c5,p07,l3,1
i38,e10,c4,p22,l3,90
i02,e04,c1,p28,l3,7
i38,e10,c4,p22,l4,6
i46,e08,c1,p05,l3,1
i02,e04,c1,p32,l3,1
i38,e08,c4,p24,l2,2
i41,e07,c1,p23,l3,1
i14,e08,c5,p06,l3,20
i06,e11,c3,p07,l2,1
i41,e04,c1,p29,l3,9
i67,e09,c5,p11,l3,2
i38,e11,c1,p19,l2,827
i43,e04,c1,p17,l3,4
i17,e09,c5,p01,l3,20
i06,e11,c3,p14,l2,12
i15,e04,c2,p35,l3,210
i43,e04,c1,p20,l3,7
i03,e09,c5,p21,l3,1
i17,e09,c5,p22,l3,2
i38,e01,c1,p25,l3,3
i43,e09,c1,p10,l3,12
i05,e09,c1,p22,l3,15
i16,e04,c5,p10,l3,6
i16,e01,c5,p01,l3,7
i38,e05,c1,p03,l1,1
i39,e04,c5,p19,l3,64
i06,e09,c5,p04,l2,66
i02,e08,c1,p22,l3,29
i05,e04,c1,p21,l3,3
i05,e01,c1,p11,l3,4
i17,e08,c5,p06,l3,3
i38,e04,c1,p15,l1,31
i38,e06,c4,p21,l3,122
i02,e01,c1,p13,l3,77
i05,e09,c1,p19,l3,18
i48,e11,c1,p35,l3,19
i38,e08,c4,p08,l2,44
i01,e08,c1,p01,l3,2
i38,e09,c7,p24,l2,1
i38,e08,c7,p13,l2,3
i05,e12,c1,p28,l3,2
i41,e07,c1,p18,l3,1
i07,e12,c5,p03,l3,14
i14,e04,c5,p06,l3,3
i06,e12,c3,p10,l3,4
i06,e05,c5,p13,l1,3
i02,e01,c1,p19,l3,501
i23,e09,c5,p29,l3,3
i38,e10,c1,p10,l4,18288
i42,e05,c3,p29,l3,2
i38,e10,c1,p10,l3,96217
i06,e10,c3,p22,l4,5
i06,e10,c3,p22,l3,93
i06,e02,c5,p29,l1,1
i06,e04,c5,p19,l1,817
i34,e08,c5,p16,l3,29
i38,e10,c1,p10,l2,2044
i39,e04,c5,p25,l3,1
i27,e01,c5,p05,l3,6
i38,e10,c1,p10,l1,168
i39,e09,c5,p16,l3,5
i06,e11,c5,p21,l2,1095
i46,e11,c1,p25,l3,1
i06,e10,c3,p25,l4,12
i39,e09,c5,p29,l3,7
i34,e03,c5,p15,l3,124
i06,e07,c5,p24,l2,1
i06,e11,c5,p09,l2,241
i05,e06,c1,p08,l3,1
i23,e04,c5,p16,l3,1
i17,e01,c5,p18,l3,2
i41,e04,c1,p07,l3,2
i38,e08,c4,p01,l2,14
i06,e12,c5,p18,l3,238
i43,e08,c1,p07,l3,4
i38,e10,c4,p13,l3,357
i06,e10,c3,p25,l1,1
i42,e12,c5,p11,l3,2
i38,e10,c4,p13,l4,85
i12,e09,c5,p10,l3,1
i06,e10,c3,p25,l3,114
i38,e10,c4,p13,l2,4
i34,e05,c5,p35,l3,1
i38,e08,c1,p23,l2,12
i14,e09,c3,p09,l3,1
i38,e12,c1,p24,l3,32
i13,e03,c5,p13,l3,1
i14,e09,c5,p15,l3,8
i42,e05,c5,p19,l3,14
i42,e05,c3,p09,l3,19
i06,e10,c3,p04,l3,7
i36,e09,c5,p35,l3,3
i30,e04,c1,p24,l3,24
i41,e01,c1,p11,l3,3
i05,e12,c1,p11,l3,5
i06,e12,c5,p09,l3,58
i38,e10,c1,p29,l2,20
i02,e09,c1,p02,l3,12
i38,e10,c1,p29,l1,9
i17,e08,c5,p13,l3,25
i07,e08,c5,p19,l3,3
i43,e08,c1,p20,l3,1
i14,e09,c5,p16,l3,1
i38,e10,c1,p29,l4,949
i46,e08,c1,p13,l3,30
i38,e10,c1,p29,l3,5003
i34,e01,c5,p08,l3,1
i38,e10,c4,p10,l3,1767
i38,e10,c4,p10,l2,44
i14,e04,c3,p05,l3,1
i38,e10,c4,p10,l4,375
i38,e12,c1,p07,l3,79
i38,e10,c4,p10,l1,1
i14,e04,c5,p24,l3,18
i03,e04,c5,p29,l3,2
i14,e08,c5,p15,l3,140
i34,e01,c5,p18,l3,2
i38,e08,c1,p16,l2,113
i23,e04,c5,p01,l3,8
i41,e09,c1,p10,l3,8
i14,e08,c5,p07,l3,406
i06,e01,c5,p08,l3,108
i23,e01,c5,p10,l3,5
i23,e04,c5,p08,l3,2
i39,e01,c5,p15,l3,7
i02,e01,c1,p06,l3,17
i17,e08,c5,p25,l3,7
i02,e08,c4,p19,l3,1
i06,e08,c5,p25,l2,250
i67,e01,c5,p10,l3,1
i12,e04,c5,p17,l3,2
i46,e08,c1,p17,l3,20
i17,e04,c5,p17,l3,25
i49,e10,c1,p33,l3,40
i14,e09,c5,p05,l3,2
i38,e09,c4,p19,l2,10
i42,e05,c3,p18,l3,5
i06,e09,c5,p07,l2,137
i14,e08,c5,p10,l3,44
i39,e04,c5,p16,l3,8
i38,e11,c4,p28,l2,2
i16,e04,c5,p07,l3,8
i03,e01,c5,p10,l3,1
i34,e04,c5,p17,l3,3
i02,e01,c1,p29,l3,35
i06,e05,c5,p19,l1,4
i46,e01,c1,p01,l3,5
i42,e05,c5,p16,l3,5
i27,e01,c5,p11,l3,1
i42,e02,c5,p15,l3,1
i02,e04,c1,p01,l3,40
i38,e05,c1,p19,l1,4
i14,e05,c5,p11,l3,2
i43,e08,c1,p21,l3,1
i06,e12,c5,p26,l3,5
i06,e01,c5,p20,l3,7
i16,e04,c5,p03,l3,3
i06,e12,c5,p17,l3,177
i13,e11,c5,p12,l3,21
i06,e07,c5,p15,l2,8
i38,e11,c1,p33,l2,3
i21,e01,c1,p04,l3,1
i34,e08,c5,p04,l3,5
i38,e10,c1,p21,l2,109
i38,e10,c1,p21,l1,45
i46,e11,c1,p13,l3,271
i38,e10,c1,p21,l4,3331
i38,e10,c1,p21,l3,15911
i17,e09,c5,p14,l3,6
i06,e02,c5,p19,l1,3
i02,e01,c4,p35,l3,3
i21,e01,c1,p10,l3,1
i38,e04,c1,p31,l1,2
i14,e04,c5,p18,l3,18
i38,e10,c1,p08,l4,818
i01,e08,c1,p13,l3,6
i23,e01,c5,p19,l3,14
i46,e09,c1,p05,l3,1
i38,e10,c1,p08,l1,15
i38,e10,c1,p08,l2,29
i38,e10,c1,p08,l3,4372
i13,e05,c5,p35,l3,3
i17,e04,c5,p21,l3,38
i38,e11,c4,p29,l2,3
i02,e01,c1,p10,l3,125
i18,e01,c1,p35,l3,29
i01,e11,c1,p08,l3,2
i20,e08,c5,p32,l3,1
i45,e04,c1,p35,l3,1
i12,e04,c5,p18,l3,3
i05,e06,c1,p29,l3,1
i06,e04,c5,p21,l1,335
i41,e09,c1,p16,l3,1
i39,e01,c5,p12,l3,10
i38,e10,c4,p16,l4,4
i34,e08,c5,p06,l3,9
i38,e10,c4,p16,l3,205
i06,e05,c5,p24,l1,6
i07,e04,c5,p10,l3,1
i38,e04,c4,p06,l1,7
i34,e08,c5,p23,l3,1
i02,e09,c4,p17,l3,1
i32,e11,c5,p35,l3,37
i05,e04,c1,p19,l3,35
i21,e03,c1,p24,l3,2
i02,e08,c1,p12,l3,95
i34,e08,c5,p32,l3,2
i34,e01,c5,p16,l3,12
i03,e08,c5,p15,l3,1
i23,e09,c5,p04,l3,4
i13,e11,c5,p04,l3,2
i42,e05,c5,p11,l3,6
i02,e09,c1,p09,l3,2
i02,e08,c1,p09,l3,1
i07,e09,c5,p07,l3,1
i46,e09,c1,p29,l3,2
i46,e01,c1,p10,l3,23
i06,e11,c5,p28,l2,176
i34,e04,c5,p25,l3,1
i38,e09,c1,p03,l2,138
i06,e10,c3,p09,l3,49
i30,e04,c1,p05,l3,4
i38,e07,c1,p07,l2,2
i33,e09,c1,p10,l3,3
i06,e10,c3,p09,l4,10
i89,e09,c1,p07,l3,3
i43,e08,c1,p01,l3,3
i38,e09,c4,p21,l2,1
i46,e01,c1,p14,l3,5
i46,e09,c1,p35,l3,239
i17,e01,c5,p15,l3,6
i17,e08,c3,p03,l3,2
i34,e04,c5,p16,l3,21
i05,e04,c1,p10,l3,10
i14,e09,c5,p28,l3,2
i12,e01,c5,p13,l3,7
i38,e12,c1,p18,l3,4
i38,e07,c1,p11,l2,6
i38,e09,c4,p08,l2,2
i34,e08,c5,p20,l3,5
i16,e01,c5,p32,l3,1
i34,e03,c3,p19,l3,1
i06,e01,c5,p16,l3,179
i41,e11,c1,p19,l3,24
i12,e04,c5,p05,l3,2
i46,e11,c1,p10,l3,635
i31,e12,c1,p35,l3,1
i38,e12,c1,p11,l3,468
i46,e09,c4,p35,l3,54
i41,e01,c1,p15,l3,4
i46,e12,c1,p19,l3,1
i21,e04,c1,p09,l3,1
i38,e05,c1,p15,l1,1
i38,e01,c1,p16,l3,23
i38,e09,c1,p29,l2,19
i02,e09,c1,p01,l3,36
i38,e01,c1,p13,l3,487
i43,e04,c1,p13,l3,1
i38,e11,c1,p09,l2,100
i39,e04,c5,p07,l3,2
i01,e04,c1,p06,l3,2
i41,e07,c1,p13,l3,5
i41,e11,c1,p01,l3,7
i06,e10,c5,p31,l4,419
i06,e10,c5,p31,l3,3568
i03,e04,c5,p28,l3,1
i47,e04,c1,p35,l3,495
i06,e10,c5,p31,l2,16
i13,e08,c5,p05,l3,69
i06,e10,c5,p31,l1,9
i16,e04,c5,p21,l3,2
i38,e11,c1,p20,l2,20
i38,e07,c1,p03,l2,3
i06,e04,c5,p29,l1,231
i34,e03,c5,p21,l3,90
i46,e11,c1,p07,l3,91
i18,e04,c1,p35,l3,16
i34,e01,c5,p29,l3,12
i23,e03,c5,p15,l3,11
i38,e08,c1,p06,l2,67
i06,e04,c5,p14,l1,146
i38,e11,c4,p16,l2,2
i23,e04,c5,p17,l3,1
i01,e01,c1,p10,l3,6
i34,e09,c5,p20,l3,1
i46,e08,c1,p08,l3,172
i20,e08,c5,p11,l3,5
i31,e11,c1,p35,l3,71
i38,e10,c1,p32,l1,4
i38,e10,c1,p32,l2,4
i38,e10,c1,p32,l3,1031
i38,e10,c1,p32,l4,494
i14,e01,c5,p21,l3,2
i06,e12,c5,p06,l3,93
i38,e10,c1,p33,l4,25
i38,e10,c1,p33,l3,53
i38,e10,c1,p33,l2,15
i38,e08,c1,p15,l2,189
i06,e07,c5,p02,l2,1
i20,e08,c5,p19,l3,3
i43,e04,c1,p35,l3,31
i38,e10,c7,p10,l2,15
i38,e10,c7,p10,l3,103
i38,e10,c7,p10,l4,86
i02,e04,c1,p11,l3,77
i30,e01,c1,p04,l3,1
i06,e04,c5,p02,l1,116
i05,e07,c1,p21,l3,3
i17,e11,c5,p29,l3,24
i09,e04,c5,p07,l3,1
i39,e01,c5,p18,l3,2
i41,e04,c1,p35,l3,31
i43,e01,c1,p07,l3,3
i46,e11,c4,p01,l3,10
i03,e08,c5,p24,l3,6
i46,e08,c1,p02,l3,1
i02,e01,c1,p28,l3,8
i23,e09,c5,p10,l3,8
i39,e09,c5,p13,l3,3
i48,e11,c1,p03,l3,1
i38,e10,c1,p19,l1,85
i38,e10,c1,p19,l2,313
i38,e10,c1,p19,l3,43784
i38,e10,c1,p19,l4,8348
i06,e12,c5,p08,l3,52
i17,e08,c5,p35,l3,1
i14,e05,c5,p28,l3,1
i34,e04,c5,p04,l3,5
i38,e09,c1,p24,l2,40
i42,e02,c5,p28,l3,1
i14,e04,c5,p02,l3,47
i26,e09,c1,p35,l3,10
i38,e08,c1,p28,l2,8
i13,e11,c5,p15,l3,22
i38,e06,c1,p33,l3,44
i02,e04,c1,p24,l3,32
i02,e04,c1,p29,l3,31
i05,e06,c1,p25,l3,2
i42,e05,c5,p09,l3,1
i30,e01,c1,p32,l3,2
i46,e09,c1,p18,l3,1
i13,e08,c5,p02,l3,5
i06,e09,c5,p02,l2,29
i03,e10,c5,p14,l3,2
i06,e11,c5,p18,l2,471
i46,e08,c4,p01,l3,40
i23,e03,c5,p11,l3,4
i06,e09,c5,p03,l2,104
i05,e01,c1,p28,l3,1
i41,e09,c1,p03,l3,1
i06,e05,c5,p01,l1,3
i34,e04,c5,p05,l3,21
i05,e01,c1,p21,l3,13
i17,e09,c5,p04,l3,18
i21,e04,c1,p19,l3,4
i43,e08,c1,p13,l3,2
i39,e04,c5,p04,l3,3
i06,e04,c5,p06,l1,106
i05,e06,c1,p05,l3,8
i14,e12,c5,p01,l3,4
i38,e06,c1,p10,l3,7703
i02,e04,c1,p07,l3,38
i32,e11,c5,p05,l3,3
i43,e08,c1,p17,l3,1
i06,e08,c3,p10,l2,13
i05,e04,c1,p17,l3,1
i38,e07,c1,p15,l2,1
i14,e01,c5,p22,l3,5
i27,e09,c5,p19,l3,1
i14,e12,c5,p29,l3,1
i49,e06,c1,p33,l3,1
i06,e08,c5,p16,l2,1860
i23,e04,c5,p05,l3,3
i23,e04,c5,p09,l3,5
i05,e09,c1,p35,l3,12
i14,e09,c5,p12,l3,4
i23,e01,c5,p35,l3,3
i17,e09,c5,p23,l3,13
i34,e03,c5,p18,l3,44
i30,e01,c1,p20,l3,2
i05,e09,c1,p18,l3,6
i12,e08,c5,p11,l3,5
i43,e09,c1,p17,l3,3
i41,e08,c1,p11,l3,1
i136,e05,c1,p19,l3,1
i38,e10,c7,p18,l3,5
i38,e10,c7,p18,l4,1
i06,e08,c3,p29,l2,6
i38,e10,c7,p18,l2,4
i46,e08,c4,p07,l3,7
i41,e09,c1,p01,l3,5
i43,e03,c1,p35,l3,2
i06,e09,c5,p12,l2,76
i17,e08,c5,p14,l3,26
i14,e04,c5,p07,l3,57
i41,e07,c1,p35,l3,17
i17,e11,c5,p10,l3,106
i05,e08,c1,p29,l3,6
i34,e04,c5,p28,l3,9
i23,e09,c5,p07,l3,11
i17,e01,c5,p02,l3,2
i38,e07,c4,p03,l2,2
i23,e01,c5,p18,l3,2
i16,e04,c5,p18,l3,2
i05,e06,c1,p09,l3,1
i34,e01,c5,p05,l3,8
i07,e08,c5,p10,l3,31
i01,e04,c1,p11,l3,1
i16,e09,c5,p12,l3,1
i06,e01,c5,p12,l3,86
i34,e03,c5,p04,l3,32
i02,e09,c1,p12,l3,38
i38,e09,c1,p33,l2,1
i39,e04,c5,p18,l3,2
i01,e09,c1,p28,l3,1
i02,e08,c1,p13,l3,468
i02,e08,c1,p05,l3,174
i34,e01,c5,p07,l3,4
i14,e12,c5,p21,l3,135
i23,e03,c5,p28,l3,2
i05,e12,c1,p05,l3,8
i14,e08,c5,p26,l3,1
i41,e01,c1,p14,l3,1
i46,e01,c1,p02,l3,2
i12,e01,c5,p01,l3,16
i06,e10,c3,p03,l3,370
i43,e09,c1,p11,l3,2
i34,e09,c5,p17,l3,3
i06,e08,c5,p03,l2,1890
i48,e11,c1,p15,l3,1
i06,e10,c3,p03,l4,20
i38,e07,c1,p19,l2,9
i06,e08,c3,p08,l2,97
i21,e01,c1,p05,l3,1
i46,e09,c1,p23,l3,1
i06,e08,c5,p09,l2,437
i21,e03,c1,p20,l3,1
i03,e01,c5,p18,l3,1
i46,e11,c4,p35,l3,1547
i13,e03,c5,p28,l3,1
i13,e03,c5,p01,l3,1
i30,e04,c1,p13,l3,7
i06,e10,c5,p08,l1,25
i06,e10,c5,p08,l2,12
i06,e11,c5,p11,l2,522
i47,e01,c7,p35,l3,1
i05,e09,c1,p03,l3,10
i06,e04,c5,p17,l1,254
i38,e08,c1,p11,l2,177
i34,e01,c5,p24,l3,1
i03,e04,c5,p07,l3,1
i06,e12,c3,p15,l3,2
i14,e04,c3,p21,l3,6
i41,e09,c1,p15,l3,3
i14,e05,c5,p15,l3,2
i14,e01,c5,p11,l3,2
i06,e10,c5,p08,l4,1345
i06,e10,c5,p08,l3,16728
i16,e09,c5,p01,l3,9
i33,e04,c1,p15,l3,1
i38,e06,c1,p14,l3,343
i14,e08,c5,p30,l3,23
i14,e11,c5,p16,l3,5
i17,e08,c5,p23,l3,20
i34,e03,c5,p31,l3,18
i43,e09,c1,p32,l3,1
i14,e11,c5,p05,l3,1
i06,e01,c5,p21,l3,130
i67,e04,c5,p13,l3,1
i02,e04,c1,p20,l3,8
i39,e09,c5,p06,l3,8
i48,e11,c1,p19,l3,1
i43,e04,c1,p29,l3,11
i17,e09,c5,p13,l3,14
i38,e07,c1,p14,l2,1
i21,e12,c1,p23,l3,1
i12,e08,c5,p01,l3,9
i17,e11,c5,p22,l3,4
i12,e01,c5,p19,l3,25
i23,e08,c5,p15,l3,24
i38,e06,c1,p04,l3,402
i14,e11,c5,p09,l3,16
i38,e04,c1,p03,l1,109
i38,e08,c1,p14,l2,86
i01,e08,c1,p20,l3,8
i38,e12,c4,p10,l3,1
i14,e05,c5,p19,l3,5
i38,e01,c4,p12,l3,4
i12,e04,c5,p16,l3,2
i05,e09,c1,p10,l3,21
i06,e01,c5,p04,l3,85
i38,e11,c4,p07,l2,9
i14,e05,c5,p10,l3,1
i06,e11,c3,p20,l2,3
i39,e04,c5,p10,l3,36
i39,e04,c5,p21,l3,9
i30,e09,c1,p04,l3,2
i14,e09,c5,p30,l3,1
i38,e10,c1,p03,l3,25471
i06,e11,c5,p04,l2,361
i38,e06,c1,p17,l3,944
i38,e10,c1,p03,l4,5652
i46,e11,c1,p02,l3,3
i38,e04,c1,p28,l1,1
i39,e09,c5,p04,l3,3
i38,e10,c1,p03,l1,48
i09,e01,c5,p07,l3,1
i38,e10,c1,p03,l2,178
i06,e04,c5,p11,l1,275
i27,e10,c5,p19,l3,2
i14,e04,c5,p15,l3,9
i46,e11,c4,p24,l3,30
i06,e08,c5,p28,l2,836
i27,e04,c5,p05,l3,9
i14,e04,c5,p29,l3,7
i41,e04,c1,p23,l3,1
i02,e08,c1,p11,l3,87
