i01,e01,c1,p01,l3,4.42
i01,e01,c1,p02,l3,0.00
i01,e01,c1,p03,l3,0.00
i01,e01,c1,p04,l3,0.00
i01,e01,c1,p05,l3,0.00
i01,e01,c1,p06,l3,0.00
i01,e01,c1,p07,l3,0.00
i01,e01,c1,p08,l3,0.00
i01,e01,c1,p09,l3,0.00
i01,e01,c1,p10,l3,8.16
i01,e01,c1,p11,l3,2.09
i01,e01,c1,p12,l3,0.00
i01,e01,c1,p13,l3,0.00
i01,e01,c1,p14,l3,0.00
i01,e01,c1,p15,l3,0.00
i01,e01,c1,p16,l3,0.00
i01,e01,c1,p17,l3,0.00
i01,e01,c1,p18,l3,1.11
i01,e01,c1,p19,l3,0.00
i01,e01,c1,p20,l3,0.00
i01,e01,c1,p21,l3,2.13
i01,e01,c1,p22,l3,0.00
i01,e01,c1,p23,l3,0.00
i01,e01,c1,p24,l3,0.00
i01,e01,c1,p25,l3,0.00
i01,e01,c1,p26,l3,0.00
i01,e01,c1,p27,l3,0.00
i01,e01,c1,p28,l3,0.00
i01,e01,c1,p29,l3,0.00
i01,e01,c1,p30,l3,0.00
i01,e01,c1,p31,l3,0.00
i01,e01,c1,p32,l3,0.00
i01,e01,c1,p33,l3,0.00
i01,e01,c1,p34,l3,0.00
i01,e01,c1,p35,l3,0.00
i01,e01,c4,p01,l3,0.00
i01,e01,c4,p03,l3,0.00
i01,e01,c4,p04,l3,0.00
i01,e01,c4,p06,l3,0.00
i01,e01,c4,p07,l3,0.00
i01,e01,c4,p08,l3,0.00
i01,e01,c4,p09,l3,0.00
i01,e01,c4,p10,l3,0.00
i01,e01,c4,p11,l3,0.00
i01,e01,c4,p13,l3,0.00
i01,e01,c4,p15,l3,0.00
i01,e01,c4,p16,l3,0.00
i01,e01,c4,p17,l3,0.00
i01,e01,c4,p19,l3,0.00
i01,e01,c4,p21,l3,0.00
i01,e01,c4,p22,l3,0.00
i01,e01,c4,p23,l3,0.00
i01,e01,c4,p35,l3,0.00
i01,e01,c7,p35,l3,0.00
i01,e04,c1,p01,l1,0.00
i01,e04,c1,p01,l3,8.04
i01,e04,c1,p02,l1,0.00
i01,e04,c1,p02,l3,0.00
i01,e04,c1,p03,l1,0.00
i01,e04,c1,p03,l3,0.00
i01,e04,c1,p04,l1,0.00
i01,e04,c1,p04,l3,0.00
i01,e04,c1,p05,l1,0.00
i01,e04,c1,p05,l3,0.00
i01,e04,c1,p06,l1,0.00
i01,e04,c1,p06,l3,0.00
i01,e04,c1,p07,l1,0.00
i01,e04,c1,p07,l3,0.00
i01,e04,c1,p08,l1,0.00
i01,e04,c1,p08,l3,0.00
i01,e04,c1,p09,l1,0.00
i01,e04,c1,p09,l3,0.00
i01,e04,c1,p10,l1,0.00
i01,e04,c1,p10,l3,0.00
i01,e04,c1,p11,l1,0.00
i01,e04,c1,p11,l3,6.46
i01,e04,c1,p12,l1,0.00
i01,e04,c1,p12,l3,0.00
i01,e04,c1,p13,l1,0.00
i01,e04,c1,p13,l3,0.00
i01,e04,c1,p14,l1,0.00
i01,e04,c1,p14,l3,0.00
i01,e04,c1,p15,l1,0.00
i01,e04,c1,p15,l3,0.00
i01,e04,c1,p16,l1,0.00
i01,e04,c1,p16,l3,0.00
i01,e04,c1,p17,l1,0.00
i01,e04,c1,p17,l3,1.45
i01,e04,c1,p18,l1,0.00
i01,e04,c1,p18,l3,0.00
i01,e04,c1,p19,l1,0.00
i01,e04,c1,p19,l3,0.00
i01,e04,c1,p20,l1,0.00
i01,e04,c1,p20,l3,0.00
i01,e04,c1,p21,l1,0.00
i01,e04,c1,p21,l3,1.00
i01,e04,c1,p22,l1,0.00
i01,e04,c1,p22,l3,0.00
i01,e04,c1,p23,l1,0.00
i01,e04,c1,p23,l3,0.00
i01,e04,c1,p24,l1,0.00
i01,e04,c1,p24,l3,0.00
i01,e04,c1,p25,l1,0.00
i01,e04,c1,p25,l3,0.00
i01,e04,c1,p26,l1,0.00
i01,e04,c1,p26,l3,0.00
i01,e04,c1,p27,l3,0.00
i01,e04,c1,p28,l1,0.00
i01,e04,c1,p28,l3,0.00
i01,e04,c1,p29,l1,0.00
i01,e04,c1,p29,l3,0.00
i01,e04,c1,p30,l1,0.00
i01,e04,c1,p30,l3,0.00
i01,e04,c1,p31,l1,0.00
i01,e04,c1,p31,l3,0.00
i01,e04,c1,p32,l1,0.00
i01,e04,c1,p32,l3,0.00
i01,e04,c1,p33,l1,0.00
i01,e04,c1,p33,l3,0.00
i01,e04,c1,p34,l3,0.00
i01,e04,c1,p35,l1,0.00
i01,e04,c1,p35,l3,1.72
i01,e04,c4,p01,l1,0.00
i01,e04,c4,p01,l3,0.00
i01,e04,c4,p04,l1,0.00
i01,e04,c4,p04,l3,0.00
i01,e04,c4,p07,l3,0.00
i01,e04,c4,p08,l3,0.00
i01,e04,c4,p09,l3,0.00
i01,e04,c4,p10,l1,0.00
i01,e04,c4,p10,l3,0.00
i01,e04,c4,p11,l1,0.00
i01,e04,c4,p11,l3,0.00
i01,e04,c4,p13,l3,0.00
i01,e04,c4,p15,l3,0.00
i01,e04,c4,p16,l1,0.00
i01,e04,c4,p16,l3,0.00
i01,e04,c4,p19,l3,0.00
i01,e04,c4,p21,l3,0.00
i01,e04,c4,p22,l1,0.00
i01,e04,c4,p22,l3,0.00
i01,e04,c4,p23,l3,0.00
i01,e04,c4,p35,l1,0.00
i01,e04,c4,p35,l3,0.00
i01,e04,c7,p35,l3,0.00
i01,e05,c1,p01,l1,0.00
i01,e05,c1,p01,l3,0.00
i01,e05,c1,p02,l1,0.00
i01,e05,c1,p02,l3,0.00
i01,e05,c1,p03,l1,0.00
i01,e05,c1,p03,l3,0.00
i01,e05,c1,p04,l1,0.00
i01,e05,c1,p04,l3,0.00
i01,e05,c1,p05,l1,0.00
i01,e05,c1,p05,l3,0.00
i01,e05,c1,p06,l1,0.00
i01,e05,c1,p06,l3,0.00
i01,e05,c1,p07,l1,0.00
i01,e05,c1,p07,l3,0.00
i01,e05,c1,p08,l1,0.00
i01,e05,c1,p08,l3,0.00
i01,e05,c1,p09,l1,0.00
i01,e05,c1,p09,l3,0.00
i01,e05,c1,p10,l1,0.00
i01,e05,c1,p10,l3,0.00
i01,e05,c1,p11,l1,0.00
i01,e05,c1,p11,l3,0.00
i01,e05,c1,p12,l1,0.00
i01,e05,c1,p12,l3,0.00
i01,e05,c1,p13,l1,0.00
i01,e05,c1,p13,l3,0.00
i01,e05,c1,p14,l1,0.00
i01,e05,c1,p14,l3,0.00
i01,e05,c1,p15,l1,0.00
i01,e05,c1,p15,l3,0.00
i01,e05,c1,p16,l1,0.00
i01,e05,c1,p16,l3,0.00
i01,e05,c1,p17,l1,0.00
i01,e05,c1,p17,l3,0.00
i01,e05,c1,p18,l1,0.00
i01,e05,c1,p18,l3,0.00
i01,e05,c1,p19,l1,0.00
i01,e05,c1,p19,l3,0.00
i01,e05,c1,p20,l1,0.00
i01,e05,c1,p20,l3,0.00
i01,e05,c1,p21,l1,0.00
i01,e05,c1,p21,l3,0.00
i01,e05,c1,p22,l1,0.00
i01,e05,c1,p22,l3,0.00
i01,e05,c1,p23,l1,0.00
i01,e05,c1,p23,l3,0.00
i01,e05,c1,p24,l3,0.00
i01,e05,c1,p25,l3,0.00
i01,e05,c1,p26,l3,0.00
i01,e05,c1,p28,l1,0.00
i01,e05,c1,p28,l3,0.00
i01,e05,c1,p29,l1,0.00
i01,e05,c1,p29,l3,0.00
i01,e05,c1,p31,l1,0.00
i01,e05,c1,p31,l3,0.00
i01,e05,c1,p32,l1,0.00
i01,e05,c1,p32,l3,0.00
i01,e05,c1,p33,l3,0.00
i01,e05,c1,p35,l1,0.00
i01,e05,c1,p35,l3,0.00
i01,e05,c4,p01,l3,0.00
i01,e05,c4,p07,l1,0.00
i01,e05,c4,p12,l3,0.00
i01,e05,c4,p35,l3,0.00
i01,e06,c1,p01,l3,0.00
i01,e06,c1,p02,l3,0.00
i01,e06,c1,p03,l3,0.00
i01,e06,c1,p04,l3,0.00
i01,e06,c1,p05,l3,0.00
i01,e06,c1,p07,l3,0.00
i01,e06,c1,p08,l3,0.00
i01,e06,c1,p09,l3,0.00
i01,e06,c1,p10,l3,0.00
i01,e06,c1,p11,l3,0.00
i01,e06,c1,p12,l3,0.00
i01,e06,c1,p13,l3,0.00
i01,e06,c1,p14,l3,0.00
i01,e06,c1,p15,l3,0.00
i01,e06,c1,p16,l3,0.00
i01,e06,c1,p17,l3,0.00
i01,e06,c1,p18,l3,0.00
i01,e06,c1,p19,l3,0.00
i01,e06,c1,p21,l3,0.00
i01,e06,c1,p22,l3,0.00
i01,e06,c1,p23,l3,0.00
i01,e06,c1,p24,l3,0.00
i01,e06,c1,p25,l3,0.00
i01,e06,c1,p29,l3,0.00
i01,e06,c1,p31,l3,0.00
i01,e06,c1,p32,l3,0.00
i01,e06,c1,p35,l3,0.00
i01,e06,c4,p35,l3,0.00
i01,e07,c1,p01,l2,0.00
i01,e07,c1,p01,l3,0.00
i01,e07,c1,p02,l2,0.00
i01,e07,c1,p02,l3,0.00
i01,e07,c1,p03,l2,0.00
i01,e07,c1,p03,l3,0.00
i01,e07,c1,p04,l2,0.00
i01,e07,c1,p04,l3,0.00
i01,e07,c1,p05,l2,0.00
i01,e07,c1,p05,l3,0.00
i01,e07,c1,p06,l2,0.00
i01,e07,c1,p06,l3,0.00
i01,e07,c1,p07,l2,0.00
i01,e07,c1,p07,l3,0.00
i01,e07,c1,p08,l2,0.00
i01,e07,c1,p08,l3,0.00
i01,e07,c1,p09,l2,0.00
i01,e07,c1,p09,l3,0.00
i01,e07,c1,p10,l2,0.00
i01,e07,c1,p10,l3,0.00
i01,e07,c1,p11,l2,0.00
i01,e07,c1,p11,l3,0.00
i01,e07,c1,p12,l2,0.00
i01,e07,c1,p12,l3,0.00
i01,e07,c1,p13,l2,0.00
i01,e07,c1,p13,l3,0.00
i01,e07,c1,p14,l2,0.00
i01,e07,c1,p14,l3,0.00
i01,e07,c1,p15,l2,0.00
i01,e07,c1,p15,l3,0.00
i01,e07,c1,p16,l2,0.00
i01,e07,c1,p16,l3,0.00
i01,e07,c1,p17,l2,0.00
i01,e07,c1,p17,l3,0.00
i01,e07,c1,p18,l2,0.00
i01,e07,c1,p18,l3,0.00
i01,e07,c1,p19,l2,0.00
i01,e07,c1,p19,l3,0.00
i01,e07,c1,p20,l2,0.00
i01,e07,c1,p20,l3,0.00
i01,e07,c1,p21,l2,0.00
i01,e07,c1,p21,l3,0.00
i01,e07,c1,p22,l2,0.00
i01,e07,c1,p22,l3,0.00
i01,e07,c1,p23,l2,0.00
i01,e07,c1,p23,l3,0.00
i01,e07,c1,p24,l2,0.00
i01,e07,c1,p24,l3,0.00
i01,e07,c1,p25,l3,0.00
i01,e07,c1,p26,l2,0.00
i01,e07,c1,p26,l3,0.00
i01,e07,c1,p28,l2,0.00
i01,e07,c1,p28,l3,0.00
i01,e07,c1,p29,l2,0.00
i01,e07,c1,p29,l3,0.00
i01,e07,c1,p31,l2,0.00
i01,e07,c1,p32,l3,0.00
i01,e07,c1,p35,l2,0.00
i01,e07,c1,p35,l3,0.00
i01,e07,c4,p04,l2,0.00
i01,e07,c4,p16,l2,0.00
i01,e07,c4,p35,l2,0.00
i01,e07,c4,p35,l3,0.00
i01,e08,c1,p01,l2,0.00
i01,e08,c1,p01,l3,10.23
i01,e08,c1,p02,l2,0.00
i01,e08,c1,p02,l3,0.00
i01,e08,c1,p03,l2,0.00
i01,e08,c1,p03,l3,2.43
i01,e08,c1,p04,l2,0.00
i01,e08,c1,p04,l3,7.50
i01,e08,c1,p05,l2,0.00
i01,e08,c1,p05,l3,0.00
i01,e08,c1,p06,l2,0.00
i01,e08,c1,p06,l3,0.00
i01,e08,c1,p07,l2,0.00
i01,e08,c1,p07,l3,3.35
i01,e08,c1,p08,l2,0.00
i01,e08,c1,p08,l3,0.00
i01,e08,c1,p09,l2,0.00
i01,e08,c1,p09,l3,0.00
i01,e08,c1,p10,l2,0.00
i01,e08,c1,p10,l3,5.61
i01,e08,c1,p11,l2,0.00
i01,e08,c1,p11,l3,0.00
i01,e08,c1,p12,l2,0.00
i01,e08,c1,p12,l3,1.30
i01,e08,c1,p13,l2,0.00
i01,e08,c1,p13,l3,24.35
i01,e08,c1,p14,l2,0.00
i01,e08,c1,p14,l3,0.00
i01,e08,c1,p15,l2,0.00
i01,e08,c1,p15,l3,1.21
i01,e08,c1,p16,l2,0.00
i01,e08,c1,p16,l3,0.00
i01,e08,c1,p17,l2,0.00
i01,e08,c1,p17,l3,1.10
i01,e08,c1,p18,l2,0.00
i01,e08,c1,p18,l3,0.00
i01,e08,c1,p19,l2,0.00
i01,e08,c1,p19,l3,3.34
i01,e08,c1,p20,l2,0.00
i01,e08,c1,p20,l3,0.00
i01,e08,c1,p21,l2,0.00
i01,e08,c1,p21,l3,0.00
i01,e08,c1,p22,l2,0.00
i01,e08,c1,p22,l3,0.00
i01,e08,c1,p23,l2,0.00
i01,e08,c1,p23,l3,0.00
i01,e08,c1,p24,l2,0.00
i01,e08,c1,p24,l3,0.00
i01,e08,c1,p25,l2,0.00
i01,e08,c1,p25,l3,17.35
i01,e08,c1,p26,l2,0.00
i01,e08,c1,p26,l3,0.00
i01,e08,c1,p27,l3,0.00
i01,e08,c1,p28,l2,0.00
i01,e08,c1,p28,l3,0.00
i01,e08,c1,p29,l2,0.00
i01,e08,c1,p29,l3,0.00
i01,e08,c1,p30,l2,0.00
i01,e08,c1,p30,l3,0.00
i01,e08,c1,p31,l2,0.00
i01,e08,c1,p31,l3,0.00
i01,e08,c1,p32,l2,0.00
i01,e08,c1,p32,l3,0.00
i01,e08,c1,p33,l2,0.00
i01,e08,c1,p33,l3,0.00
i01,e08,c1,p34,l3,0.00
i01,e08,c1,p35,l2,0.00
i01,e08,c1,p35,l3,18.34
i01,e08,c4,p01,l2,0.00
i01,e08,c4,p01,l3,0.00
i01,e08,c4,p02,l2,0.00
i01,e08,c4,p03,l3,0.00
i01,e08,c4,p04,l2,0.00
i01,e08,c4,p04,l3,0.00
i01,e08,c4,p06,l3,0.00
i01,e08,c4,p07,l3,0.00
i01,e08,c4,p08,l2,0.00
i01,e08,c4,p08,l3,0.00
i01,e08,c4,p09,l3,0.00
i01,e08,c4,p10,l2,0.00
i01,e08,c4,p10,l3,0.00
i01,e08,c4,p11,l2,0.00
i01,e08,c4,p11,l3,0.00
i01,e08,c4,p12,l3,0.00
i01,e08,c4,p13,l2,0.00
i01,e08,c4,p13,l3,0.00
i01,e08,c4,p15,l2,0.00
i01,e08,c4,p15,l3,0.00
i01,e08,c4,p16,l2,0.00
i01,e08,c4,p16,l3,0.00
i01,e08,c4,p17,l3,0.00
i01,e08,c4,p18,l3,0.00
i01,e08,c4,p19,l2,0.00
i01,e08,c4,p19,l3,0.00
i01,e08,c4,p21,l2,0.00
i01,e08,c4,p21,l3,0.00
i01,e08,c4,p22,l2,0.00
i01,e08,c4,p22,l3,0.00
i01,e08,c4,p23,l3,0.00
i01,e08,c4,p35,l2,0.00
i01,e08,c4,p35,l3,0.00
i01,e08,c7,p35,l2,0.00
i01,e08,c7,p35,l3,0.00
i01,e08,c8,p04,l3,0.00
i01,e09,c1,p01,l2,0.00
i01,e09,c1,p01,l3,3.11
i01,e09,c1,p02,l2,0.00
i01,e09,c1,p02,l3,0.00
i01,e09,c1,p03,l2,0.00
i01,e09,c1,p03,l3,0.00
i01,e09,c1,p04,l2,0.00
i01,e09,c1,p04,l3,0.00
i01,e09,c1,p05,l2,0.00
i01,e09,c1,p05,l3,0.00
i01,e09,c1,p06,l2,0.00
i01,e09,c1,p06,l3,0.00
i01,e09,c1,p07,l2,0.00
i01,e09,c1,p07,l3,0.00
i01,e09,c1,p08,l2,0.00
i01,e09,c1,p08,l3,0.00
i01,e09,c1,p09,l2,0.00
i01,e09,c1,p09,l3,0.00
i01,e09,c1,p10,l2,0.00
i01,e09,c1,p10,l3,0.00
i01,e09,c1,p11,l2,0.00
i01,e09,c1,p11,l3,0.00
i01,e09,c1,p12,l2,0.00
i01,e09,c1,p12,l3,0.00
i01,e09,c1,p13,l2,0.00
i01,e09,c1,p13,l3,0.00
i01,e09,c1,p14,l2,0.00
i01,e09,c1,p14,l3,0.00
i01,e09,c1,p15,l2,0.00
i01,e09,c1,p15,l3,0.00
i01,e09,c1,p16,l2,0.00
i01,e09,c1,p16,l3,0.00
i01,e09,c1,p17,l2,0.00
i01,e09,c1,p17,l3,0.00
i01,e09,c1,p18,l2,0.00
i01,e09,c1,p18,l3,0.00
i01,e09,c1,p19,l2,0.00
i01,e09,c1,p19,l3,0.00
i01,e09,c1,p20,l2,0.00
i01,e09,c1,p20,l3,0.00
i01,e09,c1,p21,l2,0.00
i01,e09,c1,p21,l3,0.00
i01,e09,c1,p22,l2,0.00
i01,e09,c1,p22,l3,0.00
i01,e09,c1,p23,l2,0.00
i01,e09,c1,p23,l3,0.00
i01,e09,c1,p24,l2,0.00
i01,e09,c1,p24,l3,0.00
i01,e09,c1,p25,l2,0.00
i01,e09,c1,p25,l3,0.00
i01,e09,c1,p26,l2,0.00
i01,e09,c1,p26,l3,0.00
i01,e09,c1,p27,l3,0.00
i01,e09,c1,p28,l2,0.00
i01,e09,c1,p28,l3,0.00
i01,e09,c1,p29,l2,0.00
i01,e09,c1,p29,l3,0.00
i01,e09,c1,p30,l2,0.00
i01,e09,c1,p30,l3,0.00
i01,e09,c1,p31,l2,0.00
i01,e09,c1,p31,l3,0.00
i01,e09,c1,p32,l2,0.00
i01,e09,c1,p32,l3,0.00
i01,e09,c1,p33,l2,0.00
i01,e09,c1,p33,l3,0.00
i01,e09,c1,p34,l3,0.00
i01,e09,c1,p35,l2,0.00
i01,e09,c1,p35,l3,0.00
i01,e09,c4,p01,l2,0.00
i01,e09,c4,p01,l3,0.00
i01,e09,c4,p03,l3,0.00
i01,e09,c4,p04,l2,0.00
i01,e09,c4,p04,l3,0.00
i01,e09,c4,p06,l3,0.00
i01,e09,c4,p07,l2,0.00
i01,e09,c4,p07,l3,0.00
i01,e09,c4,p08,l3,0.00
i01,e09,c4,p09,l3,0.00
i01,e09,c4,p10,l2,0.00
i01,e09,c4,p10,l3,0.00
i01,e09,c4,p11,l2,0.00
i01,e09,c4,p11,l3,0.00
i01,e09,c4,p13,l3,0.00
i01,e09,c4,p15,l3,0.00
i01,e09,c4,p16,l2,0.00
i01,e09,c4,p16,l3,0.00
i01,e09,c4,p17,l3,0.00
i01,e09,c4,p19,l2,0.00
i01,e09,c4,p19,l3,0.00
i01,e09,c4,p21,l3,0.00
i01,e09,c4,p22,l2,0.00
i01,e09,c4,p22,l3,0.00
i01,e09,c4,p23,l3,0.00
i01,e09,c4,p35,l2,0.00
i01,e09,c4,p35,l3,0.00
i01,e09,c7,p35,l3,0.00
i01,e10,c1,p01,l3,0.00
i01,e10,c1,p02,l3,0.00
i01,e10,c1,p03,l3,0.00
i01,e10,c1,p04,l3,0.00
i01,e10,c1,p05,l3,0.00
i01,e10,c1,p06,l3,0.00
i01,e10,c1,p07,l3,0.00
i01,e10,c1,p08,l3,0.00
i01,e10,c1,p09,l3,0.00
i01,e10,c1,p10,l3,0.00
i01,e10,c1,p11,l3,0.00
i01,e10,c1,p12,l3,0.00
i01,e10,c1,p13,l3,0.00
i01,e10,c1,p14,l3,0.00
i01,e10,c1,p15,l3,0.00
i01,e10,c1,p16,l3,0.00
i01,e10,c1,p17,l3,0.00
i01,e10,c1,p18,l3,0.00
i01,e10,c1,p19,l3,0.00
i01,e10,c1,p20,l3,0.00
i01,e10,c1,p21,l3,0.00
i01,e10,c1,p22,l3,0.00
i01,e10,c1,p23,l3,0.00
i01,e10,c1,p24,l3,0.00
i01,e10,c1,p25,l3,0.00
i01,e10,c1,p28,l3,0.00
i01,e10,c1,p29,l3,0.00
i01,e10,c1,p31,l3,0.00
i01,e10,c1,p32,l3,0.00
i01,e10,c1,p35,l3,0.00
i01,e10,c4,p32,l3,0.00
i01,e10,c4,p35,l3,0.00
i01,e11,c1,p01,l2,0.00
i01,e11,c1,p01,l3,0.00
i01,e11,c1,p02,l2,0.00
i01,e11,c1,p02,l3,0.00
i01,e11,c1,p03,l2,0.00
i01,e11,c1,p03,l3,2.50
i01,e11,c1,p04,l2,0.00
i01,e11,c1,p04,l3,0.00
i01,e11,c1,p05,l2,0.00
i01,e11,c1,p05,l3,0.00
i01,e11,c1,p06,l2,0.00
i01,e11,c1,p06,l3,0.00
i01,e11,c1,p07,l2,0.00
i01,e11,c1,p07,l3,0.00
i01,e11,c1,p08,l2,0.00
i01,e11,c1,p08,l3,0.00
i01,e11,c1,p09,l2,0.00
i01,e11,c1,p09,l3,0.00
i01,e11,c1,p10,l2,0.00
i01,e11,c1,p10,l3,2.05
i01,e11,c1,p11,l2,0.00
i01,e11,c1,p11,l3,0.00
i01,e11,c1,p12,l2,0.00
i01,e11,c1,p12,l3,0.00
i01,e11,c1,p13,l2,0.00
i01,e11,c1,p13,l3,0.00
i01,e11,c1,p14,l2,0.00
i01,e11,c1,p14,l3,0.00
i01,e11,c1,p15,l2,0.00
i01,e11,c1,p15,l3,0.00
i01,e11,c1,p16,l2,0.00
i01,e11,c1,p16,l3,0.00
i01,e11,c1,p17,l2,0.00
i01,e11,c1,p17,l3,0.00
i01,e11,c1,p18,l2,0.00
i01,e11,c1,p18,l3,0.00
i01,e11,c1,p19,l2,0.00
i01,e11,c1,p19,l3,0.00
i01,e11,c1,p20,l2,0.00
i01,e11,c1,p20,l3,0.00
i01,e11,c1,p21,l2,0.00
i01,e11,c1,p21,l3,0.00
i01,e11,c1,p22,l2,0.00
i01,e11,c1,p22,l3,0.00
i01,e11,c1,p23,l2,0.00
i01,e11,c1,p23,l3,0.00
i01,e11,c1,p24,l2,0.00
i01,e11,c1,p24,l3,0.00
i01,e11,c1,p25,l2,0.00
i01,e11,c1,p25,l3,0.00
i01,e11,c1,p26,l3,0.00
i01,e11,c1,p28,l2,0.00
i01,e11,c1,p28,l3,0.00
i01,e11,c1,p29,l2,0.00
i01,e11,c1,p29,l3,0.00
i01,e11,c1,p30,l3,0.00
i01,e11,c1,p31,l2,0.00
i01,e11,c1,p31,l3,0.00
i01,e11,c1,p32,l2,0.00
i01,e11,c1,p32,l3,0.00
i01,e11,c1,p33,l3,0.00
i01,e11,c1,p35,l2,0.00
i01,e11,c1,p35,l3,0.00
i01,e11,c4,p01,l3,0.00
i01,e11,c4,p02,l3,0.00
i01,e11,c4,p03,l2,0.00
i01,e11,c4,p03,l3,0.00
i01,e11,c4,p04,l3,0.00
i01,e11,c4,p07,l3,0.00
i01,e11,c4,p08,l2,0.00
i01,e11,c4,p08,l3,0.00
i01,e11,c4,p09,l3,0.00
i01,e11,c4,p10,l2,0.00
i01,e11,c4,p10,l3,0.00
i01,e11,c4,p11,l3,0.00
i01,e11,c4,p12,l3,0.00
i01,e11,c4,p13,l3,0.00
i01,e11,c4,p15,l3,0.00
i01,e11,c4,p16,l3,0.00
i01,e11,c4,p18,l3,0.00
i01,e11,c4,p19,l3,0.00
i01,e11,c4,p21,l3,0.00
i01,e11,c4,p22,l3,0.00
i01,e11,c4,p23,l3,0.00
i01,e11,c4,p26,l3,0.00
i01,e11,c4,p32,l3,0.00
i01,e11,c4,p35,l2,0.00
i01,e11,c4,p35,l3,0.00
i01,e11,c7,p35,l3,0.00
i01,e12,c1,p01,l3,0.00
i01,e12,c1,p02,l3,0.00
i01,e12,c1,p03,l3,0.00
i01,e12,c1,p04,l3,0.00
i01,e12,c1,p05,l3,0.00
i01,e12,c1,p06,l3,0.00
i01,e12,c1,p07,l3,0.00
i01,e12,c1,p08,l3,0.00
i01,e12,c1,p09,l3,0.00
i01,e12,c1,p10,l3,0.00
i01,e12,c1,p11,l3,0.00
i01,e12,c1,p12,l3,0.00
i01,e12,c1,p13,l3,0.00
i01,e12,c1,p14,l3,0.00
i01,e12,c1,p15,l3,0.00
i01,e12,c1,p16,l3,0.00
i01,e12,c1,p17,l3,0.00
i01,e12,c1,p18,l3,0.00
i01,e12,c1,p19,l3,0.00
i01,e12,c1,p20,l3,0.00
i01,e12,c1,p21,l3,0.00
i01,e12,c1,p22,l3,0.00
i01,e12,c1,p23,l3,0.00
i01,e12,c1,p24,l3,0.00
i01,e12,c1,p25,l3,0.00
i01,e12,c1,p26,l3,0.00
i01,e12,c1,p28,l3,0.00
i01,e12,c1,p29,l3,0.00
i01,e12,c1,p30,l3,0.00
i01,e12,c1,p31,l3,0.00
i01,e12,c1,p32,l3,0.00
i01,e12,c1,p33,l3,0.00
i01,e12,c1,p34,l3,0.00
i01,e12,c1,p35,l3,0.00
i01,e12,c4,p01,l3,0.00
i01,e12,c4,p02,l3,0.00
i01,e12,c4,p04,l3,0.00
i01,e12,c4,p05,l3,0.00
i01,e12,c4,p11,l3,0.00
i01,e12,c4,p13,l3,0.00
i01,e12,c4,p16,l3,0.00
i01,e12,c4,p19,l3,0.00
i01,e12,c4,p23,l3,0.00
i01,e12,c4,p35,l3,0.00
i02,e01,c1,p01,l3,9.53
i02,e01,c1,p02,l3,5.22
i02,e01,c1,p03,l3,14.14
i02,e01,c1,p04,l3,6.18
i02,e01,c1,p05,l3,33.71
i02,e01,c1,p06,l3,2.16
i02,e01,c1,p07,l3,7.97
i02,e01,c1,p08,l3,0.00
i02,e01,c1,p09,l3,3.41
i02,e01,c1,p10,l3,44.68
i02,e01,c1,p11,l3,29.59
i02,e01,c1,p12,l3,9.79
i02,e01,c1,p13,l3,12.87
i02,e01,c1,p14,l3,18.49
i02,e01,c1,p15,l3,24.23
i02,e01,c1,p16,l3,14.41
i02,e01,c1,p17,l3,12.27
i02,e01,c1,p18,l3,8.43
i02,e01,c1,p19,l3,43.02
i02,e01,c1,p20,l3,0.00
i02,e01,c1,p21,l3,5.42
i02,e01,c1,p22,l3,11.17
i02,e01,c1,p23,l3,1.30
i02,e01,c1,p24,l3,2.32
i02,e01,c1,p25,l3,0.00
i02,e01,c1,p26,l3,0.00
i02,e01,c1,p28,l3,1.32
i02,e01,c1,p29,l3,2.21
i02,e01,c1,p30,l3,0.00
i02,e01,c1,p31,l3,0.00
i02,e01,c1,p32,l3,0.00
i02,e01,c1,p33,l3,0.00
i02,e01,c1,p34,l3,0.00
i02,e01,c1,p35,l3,22.46
i02,e01,c4,p02,l3,0.00
i02,e01,c4,p03,l3,0.00
i02,e01,c4,p04,l3,0.00
i02,e01,c4,p05,l3,0.00
i02,e01,c4,p07,l3,0.00
i02,e01,c4,p08,l3,0.00
i02,e01,c4,p09,l3,0.00
i02,e01,c4,p10,l3,0.00
i02,e01,c4,p11,l3,0.00
i02,e01,c4,p12,l3,0.00
i02,e01,c4,p13,l3,0.00
i02,e01,c4,p14,l3,0.00
i02,e01,c4,p15,l3,0.00
i02,e01,c4,p16,l3,0.00
i02,e01,c4,p17,l3,0.00
i02,e01,c4,p18,l3,0.00
i02,e01,c4,p19,l3,0.00
i02,e01,c4,p20,l3,0.00
i02,e01,c4,p22,l3,0.00
i02,e01,c4,p23,l3,0.00
i02,e01,c4,p24,l3,0.00
i02,e01,c4,p25,l3,0.00
i02,e01,c4,p28,l3,0.00
i02,e01,c4,p29,l3,0.00
i02,e01,c4,p32,l3,0.00
i02,e01,c4,p35,l3,0.00
i02,e01,c7,p12,l3,0.00
i02,e01,c7,p35,l3,0.00
i02,e04,c1,p01,l1,0.00
i02,e04,c1,p01,l3,23.20
i02,e04,c1,p02,l1,0.00
i02,e04,c1,p02,l3,5.27
i02,e04,c1,p03,l1,0.00
i02,e04,c1,p03,l3,12.21
i02,e04,c1,p04,l1,0.00
i02,e04,c1,p04,l3,8.22
i02,e04,c1,p05,l1,0.00
i02,e04,c1,p05,l3,34.87
i02,e04,c1,p06,l1,0.00
i02,e04,c1,p06,l3,11.19
i02,e04,c1,p07,l1,0.00
i02,e04,c1,p07,l3,4.34
i02,e04,c1,p08,l1,0.00
i02,e04,c1,p08,l3,0.00
i02,e04,c1,p09,l1,0.00
i02,e04,c1,p09,l3,0.00
i02,e04,c1,p10,l1,0.00
i02,e04,c1,p10,l3,79.51
i02,e04,c1,p11,l1,0.00
i02,e04,c1,p11,l3,15.50
i02,e04,c1,p12,l1,0.00
i02,e04,c1,p12,l3,11.78
i02,e04,c1,p13,l1,0.00
i02,e04,c1,p13,l3,3.01
i02,e04,c1,p14,l1,0.00
i02,e04,c1,p14,l3,11.68
i02,e04,c1,p15,l1,0.00
i02,e04,c1,p15,l3,14.77
i02,e04,c1,p16,l1,0.00
i02,e04,c1,p16,l3,16.01
i02,e04,c1,p17,l1,0.00
i02,e04,c1,p17,l3,5.12
i02,e04,c1,p18,l1,0.00
i02,e04,c1,p18,l3,11.12
i02,e04,c1,p19,l1,0.00
i02,e04,c1,p19,l3,51.03
i02,e04,c1,p20,l1,0.00
i02,e04,c1,p20,l3,0.00
i02,e04,c1,p21,l1,0.00
i02,e04,c1,p21,l3,10.49
i02,e04,c1,p22,l1,0.00
i02,e04,c1,p22,l3,1.18
i02,e04,c1,p23,l1,0.00
i02,e04,c1,p23,l3,1.20
i02,e04,c1,p24,l1,0.00
i02,e04,c1,p24,l3,1.06
i02,e04,c1,p25,l1,0.00
i02,e04,c1,p25,l3,0.00
i02,e04,c1,p26,l1,0.00
i02,e04,c1,p26,l3,0.00
i02,e04,c1,p28,l1,0.00
i02,e04,c1,p28,l3,1.22
i02,e04,c1,p29,l1,0.00
i02,e04,c1,p29,l3,3.12
i02,e04,c1,p30,l1,0.00
i02,e04,c1,p30,l3,0.00
i02,e04,c1,p31,l1,0.00
i02,e04,c1,p31,l3,0.00
i02,e04,c1,p32,l1,0.00
i02,e04,c1,p32,l3,0.00
i02,e04,c1,p33,l3,0.00
i02,e04,c1,p34,l3,4.09
i02,e04,c1,p35,l1,0.00
i02,e04,c1,p35,l3,9.29
i02,e04,c4,p02,l3,0.00
i02,e04,c4,p03,l1,0.00
i02,e04,c4,p03,l3,0.00
i02,e04,c4,p04,l1,0.00
i02,e04,c4,p04,l3,0.00
i02,e04,c4,p05,l3,0.00
i02,e04,c4,p07,l1,0.00
i02,e04,c4,p07,l3,0.00
i02,e04,c4,p08,l3,0.00
i02,e04,c4,p09,l1,0.00
i02,e04,c4,p09,l3,0.00
i02,e04,c4,p10,l1,0.00
i02,e04,c4,p10,l3,0.00
i02,e04,c4,p11,l1,0.00
i02,e04,c4,p11,l3,0.00
i02,e04,c4,p13,l3,0.00
i02,e04,c4,p14,l1,0.00
i02,e04,c4,p14,l3,0.00
i02,e04,c4,p15,l1,0.00
i02,e04,c4,p15,l3,0.00
i02,e04,c4,p16,l3,0.00
i02,e04,c4,p17,l1,0.00
i02,e04,c4,p17,l3,0.00
i02,e04,c4,p18,l1,0.00
i02,e04,c4,p18,l3,0.00
i02,e04,c4,p19,l1,0.00
i02,e04,c4,p19,l3,0.00
i02,e04,c4,p20,l3,0.00
i02,e04,c4,p22,l3,0.00
i02,e04,c4,p23,l1,0.00
i02,e04,c4,p23,l3,0.00
i02,e04,c4,p24,l3,0.00
i02,e04,c4,p25,l1,0.00
i02,e04,c4,p25,l3,0.00
i02,e04,c4,p28,l1,0.00
i02,e04,c4,p28,l3,0.00
i02,e04,c4,p29,l1,0.00
i02,e04,c4,p29,l3,0.00
i02,e04,c4,p32,l3,0.00
i02,e04,c4,p35,l1,0.00
i02,e04,c4,p35,l3,0.00
i02,e04,c7,p12,l1,0.00
i02,e04,c7,p12,l3,0.00
i02,e04,c7,p35,l3,0.00
i02,e05,c1,p01,l1,0.00
i02,e05,c1,p01,l3,0.00
i02,e05,c1,p02,l1,0.00
i02,e05,c1,p02,l3,0.00
i02,e05,c1,p03,l1,0.00
i02,e05,c1,p03,l3,0.00
i02,e05,c1,p04,l1,0.00
i02,e05,c1,p04,l3,0.00
i02,e05,c1,p05,l1,0.00
i02,e05,c1,p05,l3,0.00
i02,e05,c1,p06,l1,0.00
i02,e05,c1,p06,l3,0.00
i02,e05,c1,p07,l1,0.00
i02,e05,c1,p07,l3,0.00
i02,e05,c1,p08,l1,0.00
i02,e05,c1,p08,l3,0.00
i02,e05,c1,p09,l1,0.00
i02,e05,c1,p09,l3,0.00
i02,e05,c1,p10,l1,0.00
i02,e05,c1,p10,l3,0.00
i02,e05,c1,p11,l1,0.00
i02,e05,c1,p11,l3,0.00
i02,e05,c1,p12,l1,0.00
i02,e05,c1,p12,l3,0.00
i02,e05,c1,p13,l1,0.00
i02,e05,c1,p13,l3,0.00
i02,e05,c1,p14,l1,0.00
i02,e05,c1,p14,l3,0.00
i02,e05,c1,p15,l1,0.00
i02,e05,c1,p15,l3,0.00
i02,e05,c1,p16,l1,0.00
i02,e05,c1,p16,l3,0.00
i02,e05,c1,p17,l1,0.00
i02,e05,c1,p17,l3,0.00
i02,e05,c1,p18,l1,0.00
i02,e05,c1,p18,l3,0.00
i02,e05,c1,p19,l1,0.00
i02,e05,c1,p19,l3,0.00
i02,e05,c1,p20,l1,0.00
i02,e05,c1,p20,l3,0.00
i02,e05,c1,p21,l1,0.00
i02,e05,c1,p21,l3,0.00
i02,e05,c1,p22,l1,0.00
i02,e05,c1,p22,l3,0.00
i02,e05,c1,p23,l1,0.00
i02,e05,c1,p23,l3,0.00
i02,e05,c1,p24,l1,0.00
i02,e05,c1,p24,l3,0.00
i02,e05,c1,p25,l1,0.00
i02,e05,c1,p25,l3,0.00
i02,e05,c1,p26,l3,0.00
i02,e05,c1,p28,l1,0.00
i02,e05,c1,p28,l3,0.00
i02,e05,c1,p29,l1,0.00
i02,e05,c1,p29,l3,0.00
i02,e05,c1,p31,l3,0.00
i02,e05,c1,p32,l1,0.00
i02,e05,c1,p32,l3,0.00
i02,e05,c1,p35,l1,0.00
i02,e05,c1,p35,l3,0.00
i02,e05,c4,p07,l1,0.00
i02,e05,c4,p07,l3,0.00
i02,e05,c4,p09,l1,0.00
i02,e05,c4,p09,l3,0.00
i02,e05,c4,p15,l3,0.00
i02,e05,c4,p18,l3,0.00
i02,e05,c4,p19,l3,0.00
i02,e05,c4,p25,l3,0.00
i02,e05,c4,p28,l3,0.00
i02,e05,c4,p35,l3,0.00
i02,e06,c1,p01,l3,0.00
i02,e06,c1,p02,l3,0.00
i02,e06,c1,p03,l3,0.00
i02,e06,c1,p04,l3,0.00
i02,e06,c1,p05,l3,0.00
i02,e06,c1,p06,l3,0.00
i02,e06,c1,p07,l3,0.00
i02,e06,c1,p08,l3,0.00
i02,e06,c1,p09,l3,0.00
i02,e06,c1,p10,l3,0.00
i02,e06,c1,p11,l3,0.00
i02,e06,c1,p12,l3,0.00
i02,e06,c1,p13,l3,0.00
i02,e06,c1,p14,l3,0.00
i02,e06,c1,p15,l3,0.00
i02,e06,c1,p16,l3,0.00
i02,e06,c1,p17,l3,0.00
i02,e06,c1,p18,l3,0.00
i02,e06,c1,p19,l3,0.00
i02,e06,c1,p20,l3,0.00
i02,e06,c1,p21,l3,0.00
i02,e06,c1,p22,l3,0.00
i02,e06,c1,p23,l3,0.00
i02,e06,c1,p24,l3,0.00
i02,e06,c1,p25,l3,0.00
i02,e06,c1,p26,l3,0.00
i02,e06,c1,p28,l3,0.00
i02,e06,c1,p29,l3,0.00
i02,e06,c1,p31,l3,0.00
i02,e06,c1,p32,l3,0.00
i02,e06,c1,p35,l3,0.00
i02,e06,c4,p19,l3,0.00
i02,e07,c1,p01,l2,0.00
i02,e07,c1,p01,l3,0.00
i02,e07,c1,p02,l2,0.00
i02,e07,c1,p02,l3,0.00
i02,e07,c1,p03,l3,0.00
i02,e07,c1,p04,l2,0.00
i02,e07,c1,p04,l3,0.00
i02,e07,c1,p05,l3,0.00
i02,e07,c1,p06,l3,0.00
i02,e07,c1,p07,l3,0.00
i02,e07,c1,p08,l2,0.00
i02,e07,c1,p08,l3,0.00
i02,e07,c1,p09,l2,0.00
i02,e07,c1,p09,l3,0.00
i02,e07,c1,p10,l2,0.00
i02,e07,c1,p10,l3,0.00
i02,e07,c1,p11,l2,0.00
i02,e07,c1,p11,l3,0.00
i02,e07,c1,p12,l3,0.00
i02,e07,c1,p13,l2,0.00
i02,e07,c1,p13,l3,0.00
i02,e07,c1,p14,l2,0.00
i02,e07,c1,p14,l3,0.00
i02,e07,c1,p15,l2,0.00
i02,e07,c1,p15,l3,0.00
i02,e07,c1,p16,l2,0.00
i02,e07,c1,p16,l3,0.00
i02,e07,c1,p17,l2,0.00
i02,e07,c1,p17,l3,0.00
i02,e07,c1,p18,l2,0.00
i02,e07,c1,p18,l3,0.00
i02,e07,c1,p19,l2,0.00
i02,e07,c1,p19,l3,0.00
i02,e07,c1,p20,l3,0.00
i02,e07,c1,p21,l3,0.00
i02,e07,c1,p22,l2,0.00
i02,e07,c1,p22,l3,0.00
i02,e07,c1,p23,l2,0.00
i02,e07,c1,p23,l3,0.00
i02,e07,c1,p24,l3,0.00
i02,e07,c1,p25,l3,0.00
i02,e07,c1,p28,l3,0.00
i02,e07,c1,p29,l2,0.00
i02,e07,c1,p29,l3,0.00
i02,e07,c1,p35,l2,0.00
i02,e07,c1,p35,l3,0.00
i02,e07,c4,p15,l3,0.00
i02,e07,c4,p35,l3,0.00
i02,e08,c1,p01,l2,0.00
i02,e08,c1,p01,l3,371.08
i02,e08,c1,p02,l2,0.00
i02,e08,c1,p02,l3,13.07
i02,e08,c1,p03,l2,0.00
i02,e08,c1,p03,l3,312.17
i02,e08,c1,p04,l2,0.00
i02,e08,c1,p04,l3,55.30
i02,e08,c1,p05,l2,0.00
i02,e08,c1,p05,l3,58.25
i02,e08,c1,p06,l2,0.00
i02,e08,c1,p06,l3,58.40
i02,e08,c1,p07,l2,0.00
i02,e08,c1,p07,l3,349.19
i02,e08,c1,p08,l2,0.00
i02,e08,c1,p08,l3,57.08
i02,e08,c1,p09,l2,0.00
i02,e08,c1,p09,l3,0.00
i02,e08,c1,p10,l2,0.00
i02,e08,c1,p10,l3,337.45
i02,e08,c1,p11,l2,0.00
i02,e08,c1,p11,l3,450.01
i02,e08,c1,p12,l2,0.00
i02,e08,c1,p12,l3,135.26
i02,e08,c1,p13,l2,0.00
i02,e08,c1,p13,l3,182.66
i02,e08,c1,p14,l2,0.00
i02,e08,c1,p14,l3,0.00
i02,e08,c1,p15,l2,0.00
i02,e08,c1,p15,l3,336.97
i02,e08,c1,p16,l2,0.00
i02,e08,c1,p16,l3,64.06
i02,e08,c1,p17,l2,0.00
i02,e08,c1,p17,l3,992.45
i02,e08,c1,p18,l2,0.00
i02,e08,c1,p18,l3,342.53
i02,e08,c1,p19,l2,0.00
i02,e08,c1,p19,l3,508.20
i02,e08,c1,p20,l2,0.00
i02,e08,c1,p20,l3,52.26
i02,e08,c1,p21,l2,0.00
i02,e08,c1,p21,l3,31.09
i02,e08,c1,p22,l2,0.00
i02,e08,c1,p22,l3,5.21
i02,e08,c1,p23,l2,0.00
i02,e08,c1,p23,l3,25.33
i02,e08,c1,p24,l2,0.00
i02,e08,c1,p24,l3,45.29
i02,e08,c1,p25,l2,0.00
i02,e08,c1,p25,l3,0.00
i02,e08,c1,p26,l2,0.00
i02,e08,c1,p26,l3,0.00
i02,e08,c1,p28,l2,0.00
i02,e08,c1,p28,l3,0.00
i02,e08,c1,p29,l2,0.00
i02,e08,c1,p29,l3,382.34
i02,e08,c1,p30,l2,0.00
i02,e08,c1,p30,l3,0.00
i02,e08,c1,p31,l2,0.00
i02,e08,c1,p31,l3,0.00
i02,e08,c1,p32,l2,0.00
i02,e08,c1,p32,l3,0.00
i02,e08,c1,p33,l3,0.00
i02,e08,c1,p34,l3,0.00
i02,e08,c1,p35,l2,0.00
i02,e08,c1,p35,l3,96.24
i02,e08,c4,p02,l3,0.00
i02,e08,c4,p03,l2,0.00
i02,e08,c4,p03,l3,0.00
i02,e08,c4,p04,l2,0.00
i02,e08,c4,p04,l3,0.00
i02,e08,c4,p05,l3,0.00
i02,e08,c4,p07,l2,0.00
i02,e08,c4,p07,l3,18.48
i02,e08,c4,p08,l3,0.00
i02,e08,c4,p09,l2,0.00
i02,e08,c4,p09,l3,0.00
i02,e08,c4,p10,l2,0.00
i02,e08,c4,p10,l3,1.79
i02,e08,c4,p11,l2,0.00
i02,e08,c4,p11,l3,0.00
i02,e08,c4,p13,l2,0.00
i02,e08,c4,p13,l3,0.00
i02,e08,c4,p14,l2,0.00
i02,e08,c4,p14,l3,0.00
i02,e08,c4,p15,l2,0.00
i02,e08,c4,p15,l3,0.00
i02,e08,c4,p16,l3,0.00
i02,e08,c4,p17,l2,0.00
i02,e08,c4,p17,l3,0.00
i02,e08,c4,p18,l2,0.00
i02,e08,c4,p18,l3,6.40
i02,e08,c4,p19,l2,0.00
i02,e08,c4,p19,l3,0.00
i02,e08,c4,p20,l3,0.00
i02,e08,c4,p22,l3,0.00
i02,e08,c4,p23,l2,0.00
i02,e08,c4,p23,l3,0.00
i02,e08,c4,p24,l3,0.00
i02,e08,c4,p25,l2,0.00
i02,e08,c4,p25,l3,0.00
i02,e08,c4,p28,l2,0.00
i02,e08,c4,p28,l3,0.00
i02,e08,c4,p29,l2,0.00
i02,e08,c4,p29,l3,0.00
i02,e08,c4,p32,l3,0.00
i02,e08,c4,p35,l2,0.00
i02,e08,c4,p35,l3,0.00
i02,e08,c7,p12,l2,0.00
i02,e08,c7,p12,l3,0.00
i02,e08,c7,p35,l2,0.00
i02,e08,c7,p35,l3,0.00
i02,e09,c1,p01,l2,0.00
i02,e09,c1,p01,l3,3.35
i02,e09,c1,p02,l2,0.00
i02,e09,c1,p02,l3,2.59
i02,e09,c1,p03,l2,0.00
i02,e09,c1,p03,l3,20.01
i02,e09,c1,p04,l2,0.00
i02,e09,c1,p04,l3,10.66
i02,e09,c1,p05,l2,0.00
i02,e09,c1,p05,l3,13.33
i02,e09,c1,p06,l2,0.00
i02,e09,c1,p06,l3,1.78
i02,e09,c1,p07,l2,0.00
i02,e09,c1,p07,l3,13.11
i02,e09,c1,p08,l2,0.00
i02,e09,c1,p08,l3,2.98
i02,e09,c1,p09,l2,0.00
i02,e09,c1,p09,l3,3.27
i02,e09,c1,p10,l2,0.00
i02,e09,c1,p10,l3,49.25
i02,e09,c1,p11,l2,0.00
i02,e09,c1,p11,l3,31.91
i02,e09,c1,p12,l2,0.00
i02,e09,c1,p12,l3,11.43
i02,e09,c1,p13,l2,0.00
i02,e09,c1,p13,l3,8.72
i02,e09,c1,p14,l2,0.00
i02,e09,c1,p14,l3,13.23
i02,e09,c1,p15,l2,0.00
i02,e09,c1,p15,l3,21.11
i02,e09,c1,p16,l2,0.00
i02,e09,c1,p16,l3,19.09
i02,e09,c1,p17,l2,0.00
i02,e09,c1,p17,l3,7.65
i02,e09,c1,p18,l2,0.00
i02,e09,c1,p18,l3,6.36
i02,e09,c1,p19,l2,0.00
i02,e09,c1,p19,l3,81.13
i02,e09,c1,p20,l2,0.00
i02,e09,c1,p20,l3,0.00
i02,e09,c1,p21,l2,0.00
i02,e09,c1,p21,l3,2.68
i02,e09,c1,p22,l2,0.00
i02,e09,c1,p22,l3,10.69
i02,e09,c1,p23,l2,0.00
i02,e09,c1,p23,l3,0.00
i02,e09,c1,p24,l2,0.00
i02,e09,c1,p24,l3,0.00
i02,e09,c1,p25,l2,0.00
i02,e09,c1,p25,l3,0.00
i02,e09,c1,p26,l2,0.00
i02,e09,c1,p26,l3,0.00
i02,e09,c1,p28,l2,0.00
i02,e09,c1,p28,l3,0.00
i02,e09,c1,p29,l2,0.00
i02,e09,c1,p29,l3,5.19
i02,e09,c1,p30,l2,0.00
i02,e09,c1,p30,l3,0.00
i02,e09,c1,p31,l2,0.00
i02,e09,c1,p31,l3,0.00
i02,e09,c1,p32,l2,0.00
i02,e09,c1,p32,l3,1.47
i02,e09,c1,p33,l3,0.00
i02,e09,c1,p34,l3,0.00
i02,e09,c1,p35,l2,0.00
i02,e09,c1,p35,l3,5.23
i02,e09,c4,p02,l3,0.00
i02,e09,c4,p03,l2,0.00
i02,e09,c4,p03,l3,0.00
i02,e09,c4,p04,l2,0.00
i02,e09,c4,p04,l3,0.00
i02,e09,c4,p05,l3,0.00
i02,e09,c4,p07,l2,0.00
i02,e09,c4,p07,l3,0.00
i02,e09,c4,p08,l2,0.00
i02,e09,c4,p08,l3,0.00
i02,e09,c4,p09,l2,0.00
i02,e09,c4,p09,l3,0.00
i02,e09,c4,p10,l2,0.00
i02,e09,c4,p10,l3,0.00
i02,e09,c4,p11,l2,0.00
i02,e09,c4,p11,l3,0.00
i02,e09,c4,p12,l3,0.00
i02,e09,c4,p13,l3,0.00
i02,e09,c4,p14,l2,0.00
i02,e09,c4,p14,l3,0.00
i02,e09,c4,p15,l2,0.00
i02,e09,c4,p15,l3,0.00
i02,e09,c4,p16,l3,0.00
i02,e09,c4,p17,l2,0.00
i02,e09,c4,p17,l3,0.00
i02,e09,c4,p18,l2,0.00
i02,e09,c4,p18,l3,0.00
i02,e09,c4,p19,l2,0.00
i02,e09,c4,p19,l3,0.00
i02,e09,c4,p20,l3,0.00
i02,e09,c4,p22,l3,0.00
i02,e09,c4,p23,l2,0.00
i02,e09,c4,p23,l3,0.00
i02,e09,c4,p24,l3,0.00
i02,e09,c4,p25,l2,0.00
i02,e09,c4,p25,l3,0.00
i02,e09,c4,p28,l2,0.00
i02,e09,c4,p28,l3,0.00
i02,e09,c4,p29,l2,0.00
i02,e09,c4,p29,l3,0.00
i02,e09,c4,p32,l3,0.00
i02,e09,c4,p35,l2,0.00
i02,e09,c4,p35,l3,0.00
i02,e09,c7,p12,l2,0.00
i02,e09,c7,p12,l3,0.00
i02,e09,c7,p35,l3,0.00
i02,e11,c1,p01,l2,0.00
i02,e11,c1,p01,l3,0.00
i02,e11,c1,p02,l2,0.00
i02,e11,c1,p02,l3,0.00
i02,e11,c1,p03,l2,0.00
i02,e11,c1,p03,l3,0.00
i02,e11,c1,p04,l2,0.00
i02,e11,c1,p04,l3,0.00
i02,e11,c1,p05,l2,0.00
i02,e11,c1,p05,l3,0.00
i02,e11,c1,p06,l2,0.00
i02,e11,c1,p06,l3,0.00
i02,e11,c1,p07,l2,0.00
i02,e11,c1,p07,l3,1.43
i02,e11,c1,p08,l2,0.00
i02,e11,c1,p08,l3,1.25
i02,e11,c1,p09,l2,0.00
i02,e11,c1,p09,l3,0.00
i02,e11,c1,p10,l2,0.00
i02,e11,c1,p10,l3,0.00
i02,e11,c1,p11,l2,0.00
i02,e11,c1,p11,l3,0.00
i02,e11,c1,p12,l2,0.00
i02,e11,c1,p12,l3,0.00
i02,e11,c1,p13,l2,0.00
i02,e11,c1,p13,l3,0.00
i02,e11,c1,p14,l2,0.00
i02,e11,c1,p14,l3,2.34
i02,e11,c1,p15,l2,0.00
i02,e11,c1,p15,l3,1.54
i02,e11,c1,p16,l2,0.00
i02,e11,c1,p16,l3,0.00
i02,e11,c1,p17,l2,0.00
i02,e11,c1,p17,l3,0.00
i02,e11,c1,p18,l2,0.00
i02,e11,c1,p18,l3,0.00
i02,e11,c1,p19,l2,0.00
i02,e11,c1,p19,l3,0.00
i02,e11,c1,p20,l2,0.00
i02,e11,c1,p20,l3,0.00
i02,e11,c1,p21,l2,0.00
i02,e11,c1,p21,l3,0.00
i02,e11,c1,p22,l2,0.00
i02,e11,c1,p22,l3,0.00
i02,e11,c1,p23,l2,0.00
i02,e11,c1,p23,l3,0.00
i02,e11,c1,p24,l2,0.00
i02,e11,c1,p24,l3,0.00
i02,e11,c1,p25,l2,0.00
i02,e11,c1,p25,l3,0.00
i02,e11,c1,p26,l2,0.00
i02,e11,c1,p26,l3,0.00
i02,e11,c1,p28,l2,0.00
i02,e11,c1,p28,l3,0.00
i02,e11,c1,p29,l2,0.00
i02,e11,c1,p29,l3,0.00
i02,e11,c1,p30,l2,0.00
i02,e11,c1,p30,l3,0.00
i02,e11,c1,p31,l2,0.00
i02,e11,c1,p31,l3,0.00
i02,e11,c1,p32,l2,0.00
i02,e11,c1,p32,l3,0.00
i02,e11,c1,p33,l3,0.00
i02,e11,c1,p34,l3,0.00
i02,e11,c1,p35,l2,0.00
i02,e11,c1,p35,l3,1.65
i02,e11,c4,p04,l2,0.00
i02,e11,c4,p04,l3,0.00
i02,e11,c4,p05,l3,0.00
i02,e11,c4,p07,l2,0.00
i02,e11,c4,p07,l3,0.00
i02,e11,c4,p08,l3,0.00
i02,e11,c4,p09,l2,0.00
i02,e11,c4,p09,l3,0.00
i02,e11,c4,p10,l2,0.00
i02,e11,c4,p10,l3,0.00
i02,e11,c4,p11,l3,0.00
i02,e11,c4,p13,l3,0.00
i02,e11,c4,p14,l3,0.00
i02,e11,c4,p15,l3,0.00
i02,e11,c4,p16,l3,0.00
i02,e11,c4,p17,l2,0.00
i02,e11,c4,p17,l3,0.00
i02,e11,c4,p18,l2,0.00
i02,e11,c4,p18,l3,0.00
i02,e11,c4,p19,l3,0.00
i02,e11,c4,p22,l3,0.00
i02,e11,c4,p23,l2,0.00
i02,e11,c4,p23,l3,0.00
i02,e11,c4,p24,l3,0.00
i02,e11,c4,p25,l2,0.00
i02,e11,c4,p25,l3,0.00
i02,e11,c4,p28,l2,0.00
i02,e11,c4,p28,l3,0.00
i02,e11,c4,p29,l3,0.00
i02,e11,c4,p32,l3,0.00
i02,e11,c4,p35,l2,0.00
i02,e11,c4,p35,l3,0.00
i02,e12,c1,p01,l3,0.00
i02,e12,c1,p02,l3,0.00
i02,e12,c1,p03,l3,0.00
i02,e12,c1,p04,l3,0.00
i02,e12,c1,p06,l3,0.00
i02,e12,c1,p07,l3,0.00
i02,e12,c1,p09,l3,0.00
i02,e12,c1,p10,l3,0.00
i02,e12,c1,p11,l3,0.00
i02,e12,c1,p12,l3,0.00
i02,e12,c1,p13,l3,0.00
i02,e12,c1,p15,l3,0.00
i02,e12,c1,p16,l3,0.00
i02,e12,c1,p17,l3,0.00
i02,e12,c1,p19,l3,0.00
i02,e12,c1,p21,l3,0.00
i02,e12,c1,p23,l3,0.00
i02,e12,c1,p35,l3,0.00
i03,e01,c3,p01,l3,0.00
i03,e01,c3,p03,l3,0.00
i03,e01,c3,p04,l3,0.00
i03,e01,c3,p05,l3,0.00
i03,e01,c3,p06,l3,0.00
i03,e01,c3,p09,l3,0.00
i03,e01,c3,p10,l3,0.00
i03,e01,c3,p11,l3,0.00
i03,e01,c3,p12,l3,0.00
i03,e01,c3,p15,l3,0.00
i03,e01,c3,p16,l3,0.00
i03,e01,c3,p18,l3,0.00
i03,e01,c3,p19,l3,0.00
i03,e01,c3,p20,l3,0.00
i03,e01,c3,p21,l3,0.00
i03,e01,c3,p23,l3,0.00
i03,e01,c3,p29,l3,0.00
i03,e01,c3,p35,l3,0.00
i03,e01,c5,p01,l3,0.00
i03,e01,c5,p02,l3,0.00
i03,e01,c5,p03,l3,0.00
i03,e01,c5,p04,l3,0.00
i03,e01,c5,p05,l3,0.00
i03,e01,c5,p06,l3,0.00
i03,e01,c5,p07,l3,0.00
i03,e01,c5,p08,l3,0.00
i03,e01,c5,p09,l3,0.00
i03,e01,c5,p10,l3,0.00
i03,e01,c5,p11,l3,0.00
i03,e01,c5,p12,l3,0.00
i03,e01,c5,p13,l3,0.00
i03,e01,c5,p14,l3,0.00
i03,e01,c5,p15,l3,2.32
i03,e01,c5,p16,l3,1.17
i03,e01,c5,p17,l3,0.00
i03,e01,c5,p18,l3,3.52
i03,e01,c5,p19,l3,0.00
i03,e01,c5,p20,l3,0.00
i03,e01,c5,p21,l3,0.00
i03,e01,c5,p22,l3,0.00
i03,e01,c5,p23,l3,11.48
i03,e01,c5,p24,l3,0.00
i03,e01,c5,p25,l3,0.00
i03,e01,c5,p26,l3,0.00
i03,e01,c5,p28,l3,0.00
i03,e01,c5,p29,l3,0.00
i03,e01,c5,p30,l3,0.00
i03,e01,c5,p31,l3,0.00
i03,e01,c5,p32,l3,0.00
i03,e01,c5,p33,l3,0.00
i03,e01,c5,p35,l3,0.00
i03,e02,c3,p10,l3,0.00
i03,e02,c3,p11,l3,0.00
i03,e02,c3,p19,l3,0.00
i03,e02,c5,p01,l1,0.00
i03,e02,c5,p01,l3,0.00
i03,e02,c5,p02,l1,0.00
i03,e02,c5,p02,l3,0.00
i03,e02,c5,p03,l3,0.00
i03,e02,c5,p04,l3,0.00
i03,e02,c5,p05,l1,0.00
i03,e02,c5,p05,l3,0.00
i03,e02,c5,p06,l1,0.00
i03,e02,c5,p06,l3,0.00
i03,e02,c5,p07,l1,0.00
i03,e02,c5,p07,l3,0.00
i03,e02,c5,p10,l1,0.00
i03,e02,c5,p10,l3,0.00
i03,e02,c5,p11,l1,0.00
i03,e02,c5,p11,l3,0.00
i03,e02,c5,p12,l1,0.00
i03,e02,c5,p12,l3,0.00
i03,e02,c5,p13,l3,0.00
i03,e02,c5,p14,l1,0.00
i03,e02,c5,p14,l3,0.00
i03,e02,c5,p15,l1,0.00
i03,e02,c5,p15,l3,0.00
i03,e02,c5,p16,l1,0.00
i03,e02,c5,p16,l3,0.00
i03,e02,c5,p17,l1,0.00
i03,e02,c5,p17,l3,0.00
i03,e02,c5,p18,l1,0.00
i03,e02,c5,p18,l3,0.00
i03,e02,c5,p19,l1,0.00
i03,e02,c5,p19,l3,0.00
i03,e02,c5,p20,l3,0.00
i03,e02,c5,p21,l1,0.00
i03,e02,c5,p21,l3,0.00
i03,e02,c5,p22,l1,0.00
i03,e02,c5,p22,l3,0.00
i03,e02,c5,p24,l1,0.00
i03,e02,c5,p24,l3,0.00
i03,e02,c5,p29,l3,0.00
i03,e02,c5,p35,l1,0.00
i03,e02,c5,p35,l3,0.00
i03,e03,c5,p07,l3,0.00
i03,e03,c5,p12,l3,0.00
i03,e03,c5,p16,l3,0.00
i03,e03,c5,p35,l3,0.00
i03,e04,c3,p01,l1,0.00
i03,e04,c3,p01,l3,0.00
i03,e04,c3,p03,l1,0.00
i03,e04,c3,p03,l3,0.00
i03,e04,c3,p04,l3,0.00
i03,e04,c3,p05,l1,0.00
i03,e04,c3,p05,l3,0.00
i03,e04,c3,p06,l1,0.00
i03,e04,c3,p06,l3,0.00
i03,e04,c3,p07,l3,0.00
i03,e04,c3,p09,l3,0.00
i03,e04,c3,p10,l1,0.00
i03,e04,c3,p10,l3,0.00
i03,e04,c3,p11,l1,0.00
i03,e04,c3,p11,l3,0.00
i03,e04,c3,p12,l3,0.00
i03,e04,c3,p15,l3,0.00
i03,e04,c3,p16,l1,0.00
i03,e04,c3,p16,l3,0.00
i03,e04,c3,p18,l1,0.00
i03,e04,c3,p18,l3,0.00
i03,e04,c3,p19,l1,0.00
i03,e04,c3,p19,l3,0.00
i03,e04,c3,p20,l3,0.00
i03,e04,c3,p21,l1,0.00
i03,e04,c3,p21,l3,0.00
i03,e04,c3,p22,l3,0.00
i03,e04,c3,p23,l1,0.00
i03,e04,c3,p23,l3,0.00
i03,e04,c3,p24,l3,0.00
i03,e04,c3,p29,l1,0.00
i03,e04,c3,p29,l3,0.00
i03,e04,c3,p35,l3,0.00
i03,e04,c5,p01,l1,0.00
i03,e04,c5,p01,l3,0.00
i03,e04,c5,p02,l1,0.00
i03,e04,c5,p02,l3,0.00
i03,e04,c5,p03,l1,0.00
i03,e04,c5,p03,l3,0.00
i03,e04,c5,p04,l1,0.00
i03,e04,c5,p04,l3,2.76
i03,e04,c5,p05,l1,0.00
i03,e04,c5,p05,l3,0.00
i03,e04,c5,p06,l1,0.00
i03,e04,c5,p06,l3,0.00
i03,e04,c5,p07,l1,0.00
i03,e04,c5,p07,l3,2.06
i03,e04,c5,p08,l1,0.00
i03,e04,c5,p08,l3,0.00
i03,e04,c5,p09,l1,0.00
i03,e04,c5,p09,l3,0.00
i03,e04,c5,p10,l1,0.00
i03,e04,c5,p10,l3,0.00
i03,e04,c5,p11,l1,0.00
i03,e04,c5,p11,l3,0.00
i03,e04,c5,p12,l1,0.00
i03,e04,c5,p12,l3,0.00
i03,e04,c5,p13,l1,0.00
i03,e04,c5,p13,l3,0.00
i03,e04,c5,p14,l1,0.00
i03,e04,c5,p14,l3,0.00
i03,e04,c5,p15,l1,0.00
i03,e04,c5,p15,l3,3.87
i03,e04,c5,p16,l1,0.00
i03,e04,c5,p16,l3,4.21
i03,e04,c5,p17,l1,0.00
i03,e04,c5,p17,l3,0.00
i03,e04,c5,p18,l1,0.00
i03,e04,c5,p18,l3,0.00
i03,e04,c5,p19,l1,0.00
i03,e04,c5,p19,l3,0.00
i03,e04,c5,p20,l1,0.00
i03,e04,c5,p20,l3,0.00
i03,e04,c5,p21,l1,0.00
i03,e04,c5,p21,l3,0.00
i03,e04,c5,p22,l1,0.00
i03,e04,c5,p22,l3,0.00
i03,e04,c5,p23,l1,0.00
i03,e04,c5,p23,l3,0.00
i03,e04,c5,p24,l1,0.00
i03,e04,c5,p24,l3,0.00
i03,e04,c5,p25,l3,0.00
i03,e04,c5,p26,l3,0.00
i03,e04,c5,p28,l1,0.00
i03,e04,c5,p28,l3,0.00
i03,e04,c5,p29,l1,0.00
i03,e04,c5,p29,l3,0.00
i03,e04,c5,p30,l3,0.00
i03,e04,c5,p31,l1,0.00
i03,e04,c5,p31,l3,0.00
i03,e04,c5,p32,l1,0.00
i03,e04,c5,p32,l3,0.00
i03,e04,c5,p33,l3,0.00
i03,e04,c5,p35,l1,0.00
i03,e04,c5,p35,l3,0.00
i03,e05,c3,p03,l3,0.00
i03,e05,c3,p04,l3,0.00
i03,e05,c3,p09,l3,0.00
i03,e05,c3,p11,l3,0.00
i03,e05,c3,p19,l3,0.00
i03,e05,c3,p21,l3,0.00
i03,e05,c3,p29,l3,0.00
i03,e05,c5,p01,l1,0.00
i03,e05,c5,p01,l3,0.00
i03,e05,c5,p02,l1,0.00
i03,e05,c5,p02,l3,0.00
i03,e05,c5,p03,l1,0.00
i03,e05,c5,p03,l3,0.00
i03,e05,c5,p04,l1,0.00
i03,e05,c5,p04,l3,0.00
i03,e05,c5,p05,l1,0.00
i03,e05,c5,p05,l3,0.00
i03,e05,c5,p06,l1,0.00
i03,e05,c5,p06,l3,0.00
i03,e05,c5,p07,l1,0.00
i03,e05,c5,p07,l3,0.00
i03,e05,c5,p08,l1,0.00
i03,e05,c5,p08,l3,0.00
i03,e05,c5,p09,l1,0.00
i03,e05,c5,p09,l3,0.00
i03,e05,c5,p10,l1,0.00
i03,e05,c5,p10,l3,0.00
i03,e05,c5,p11,l1,0.00
i03,e05,c5,p11,l3,0.00
i03,e05,c5,p12,l1,0.00
i03,e05,c5,p12,l3,0.00
i03,e05,c5,p13,l1,0.00
i03,e05,c5,p13,l3,0.00
i03,e05,c5,p14,l1,0.00
i03,e05,c5,p14,l3,0.00
i03,e05,c5,p15,l1,0.00
i03,e05,c5,p15,l3,0.00
i03,e05,c5,p16,l1,0.00
i03,e05,c5,p16,l3,0.00
i03,e05,c5,p17,l1,0.00
i03,e05,c5,p17,l3,0.00
i03,e05,c5,p18,l1,0.00
i03,e05,c5,p18,l3,0.00
i03,e05,c5,p19,l1,0.00
i03,e05,c5,p19,l3,0.00
i03,e05,c5,p20,l3,0.00
i03,e05,c5,p21,l1,0.00
i03,e05,c5,p21,l3,0.00
i03,e05,c5,p22,l1,0.00
i03,e05,c5,p22,l3,0.00
i03,e05,c5,p23,l1,0.00
i03,e05,c5,p23,l3,0.00
i03,e05,c5,p24,l1,0.00
i03,e05,c5,p24,l3,0.00
i03,e05,c5,p25,l3,0.00
i03,e05,c5,p28,l1,0.00
i03,e05,c5,p28,l3,0.00
i03,e05,c5,p29,l1,0.00
i03,e05,c5,p29,l3,0.00
i03,e05,c5,p33,l3,0.00
i03,e05,c5,p35,l1,0.00
i03,e05,c5,p35,l3,0.00
i03,e07,c5,p01,l3,0.00
i03,e07,c5,p03,l3,0.00
i03,e07,c5,p04,l2,0.00
i03,e07,c5,p04,l3,0.00
i03,e07,c5,p05,l3,0.00
i03,e07,c5,p06,l3,0.00
i03,e07,c5,p07,l3,0.00
i03,e07,c5,p09,l3,0.00
i03,e07,c5,p10,l3,0.00
i03,e07,c5,p12,l3,0.00
i03,e07,c5,p13,l3,0.00
i03,e07,c5,p15,l3,0.00
i03,e07,c5,p16,l3,0.00
i03,e07,c5,p17,l3,0.00
i03,e07,c5,p19,l3,0.00
i03,e07,c5,p22,l3,0.00
i03,e07,c5,p23,l3,0.00
i03,e07,c5,p24,l3,0.00
i03,e07,c5,p35,l3,0.00
i03,e08,c3,p01,l2,0.00
i03,e08,c3,p01,l3,0.00
i03,e08,c3,p03,l2,0.00
i03,e08,c3,p03,l3,0.00
i03,e08,c3,p05,l3,0.00
i03,e08,c3,p06,l2,0.00
i03,e08,c3,p06,l3,0.00
i03,e08,c3,p07,l3,0.00
i03,e08,c3,p09,l3,0.00
i03,e08,c3,p10,l2,0.00
i03,e08,c3,p10,l3,0.00
i03,e08,c3,p11,l2,0.00
i03,e08,c3,p11,l3,0.00
i03,e08,c3,p15,l3,0.00
i03,e08,c3,p16,l2,0.00
i03,e08,c3,p16,l3,0.00
i03,e08,c3,p18,l2,0.00
i03,e08,c3,p18,l3,0.00
i03,e08,c3,p19,l2,0.00
i03,e08,c3,p19,l3,0.00
i03,e08,c3,p20,l3,0.00
i03,e08,c3,p21,l3,0.00
i03,e08,c3,p23,l2,0.00
i03,e08,c3,p23,l3,0.00
i03,e08,c3,p24,l3,0.00
i03,e08,c3,p29,l2,0.00
i03,e08,c3,p29,l3,0.00
i03,e08,c3,p35,l3,0.00
i03,e08,c5,p01,l2,0.00
i03,e08,c5,p01,l3,0.00
i03,e08,c5,p02,l2,0.00
i03,e08,c5,p02,l3,0.00
i03,e08,c5,p03,l2,0.00
i03,e08,c5,p03,l3,0.00
i03,e08,c5,p04,l2,0.00
i03,e08,c5,p04,l3,0.00
i03,e08,c5,p05,l2,0.00
i03,e08,c5,p05,l3,0.00
i03,e08,c5,p06,l2,0.00
i03,e08,c5,p06,l3,0.00
i03,e08,c5,p07,l2,0.00
i03,e08,c5,p07,l3,2.37
i03,e08,c5,p08,l2,0.00
i03,e08,c5,p08,l3,0.00
i03,e08,c5,p09,l2,0.00
i03,e08,c5,p09,l3,0.00
i03,e08,c5,p10,l2,0.00
i03,e08,c5,p10,l3,0.00
i03,e08,c5,p11,l2,0.00
i03,e08,c5,p11,l3,0.00
i03,e08,c5,p12,l2,0.00
i03,e08,c5,p12,l3,0.00
i03,e08,c5,p13,l2,0.00
i03,e08,c5,p13,l3,0.00
i03,e08,c5,p14,l2,0.00
i03,e08,c5,p14,l3,0.00
i03,e08,c5,p15,l2,0.00
i03,e08,c5,p15,l3,1.24
i03,e08,c5,p16,l2,0.00
i03,e08,c5,p16,l3,0.00
i03,e08,c5,p17,l2,0.00
i03,e08,c5,p17,l3,0.00
i03,e08,c5,p18,l2,0.00
i03,e08,c5,p18,l3,0.00
i03,e08,c5,p19,l2,0.00
i03,e08,c5,p19,l3,0.00
i03,e08,c5,p20,l2,0.00
i03,e08,c5,p20,l3,0.00
i03,e08,c5,p21,l2,0.00
i03,e08,c5,p21,l3,0.00
i03,e08,c5,p22,l2,0.00
i03,e08,c5,p22,l3,5.05
i03,e08,c5,p23,l2,0.00
i03,e08,c5,p23,l3,12.04
i03,e08,c5,p24,l2,0.00
i03,e08,c5,p24,l3,0.00
i03,e08,c5,p25,l3,0.00
i03,e08,c5,p26,l3,0.00
i03,e08,c5,p28,l2,0.00
i03,e08,c5,p28,l3,0.00
i03,e08,c5,p29,l2,0.00
i03,e08,c5,p29,l3,0.00
i03,e08,c5,p30,l2,0.00
i03,e08,c5,p30,l3,0.00
i03,e08,c5,p31,l3,0.00
i03,e08,c5,p32,l2,0.00
i03,e08,c5,p32,l3,0.00
i03,e08,c5,p33,l3,0.00
i03,e08,c5,p35,l2,0.00
i03,e08,c5,p35,l3,0.00
i03,e09,c3,p01,l3,0.00
i03,e09,c3,p03,l2,0.00
i03,e09,c3,p03,l3,0.00
i03,e09,c3,p04,l3,0.00
i03,e09,c3,p05,l2,0.00
i03,e09,c3,p05,l3,0.00
i03,e09,c3,p06,l2,0.00
i03,e09,c3,p06,l3,0.00
i03,e09,c3,p09,l3,0.00
i03,e09,c3,p10,l2,0.00
i03,e09,c3,p10,l3,0.00
i03,e09,c3,p11,l2,0.00
i03,e09,c3,p11,l3,0.00
i03,e09,c3,p12,l3,0.00
i03,e09,c3,p15,l3,0.00
i03,e09,c3,p16,l2,0.00
i03,e09,c3,p16,l3,0.00
i03,e09,c3,p18,l3,0.00
i03,e09,c3,p19,l2,0.00
i03,e09,c3,p19,l3,0.00
i03,e09,c3,p20,l3,0.00
i03,e09,c3,p21,l2,0.00
i03,e09,c3,p21,l3,0.00
i03,e09,c3,p23,l2,0.00
i03,e09,c3,p23,l3,0.00
i03,e09,c3,p29,l3,0.00
i03,e09,c3,p35,l3,0.00
i03,e09,c5,p01,l2,0.00
i03,e09,c5,p01,l3,0.00
i03,e09,c5,p02,l2,0.00
i03,e09,c5,p02,l3,0.00
i03,e09,c5,p03,l2,0.00
i03,e09,c5,p03,l3,0.00
i03,e09,c5,p04,l2,0.00
i03,e09,c5,p04,l3,1.32
i03,e09,c5,p05,l2,0.00
i03,e09,c5,p05,l3,0.00
i03,e09,c5,p06,l2,0.00
i03,e09,c5,p06,l3,0.00
i03,e09,c5,p07,l2,0.00
i03,e09,c5,p07,l3,0.00
i03,e09,c5,p08,l2,0.00
i03,e09,c5,p08,l3,0.00
i03,e09,c5,p09,l2,0.00
i03,e09,c5,p09,l3,0.00
i03,e09,c5,p10,l2,0.00
i03,e09,c5,p10,l3,0.00
i03,e09,c5,p11,l2,0.00
i03,e09,c5,p11,l3,0.00
i03,e09,c5,p12,l2,0.00
i03,e09,c5,p12,l3,0.00
i03,e09,c5,p13,l2,0.00
i03,e09,c5,p13,l3,0.00
i03,e09,c5,p14,l2,0.00
i03,e09,c5,p14,l3,0.00
i03,e09,c5,p15,l2,0.00
i03,e09,c5,p15,l3,0.00
i03,e09,c5,p16,l2,0.00
i03,e09,c5,p16,l3,0.00
i03,e09,c5,p17,l2,0.00
i03,e09,c5,p17,l3,0.00
i03,e09,c5,p18,l2,0.00
i03,e09,c5,p18,l3,0.00
i03,e09,c5,p19,l2,0.00
i03,e09,c5,p19,l3,0.00
i03,e09,c5,p20,l2,0.00
i03,e09,c5,p20,l3,0.00
i03,e09,c5,p21,l2,0.00
i03,e09,c5,p21,l3,0.00
i03,e09,c5,p22,l2,0.00
i03,e09,c5,p22,l3,0.00
i03,e09,c5,p23,l2,0.00
i03,e09,c5,p23,l3,0.00
i03,e09,c5,p24,l2,0.00
i03,e09,c5,p24,l3,0.00
i03,e09,c5,p25,l3,0.00
i03,e09,c5,p26,l3,0.00
i03,e09,c5,p28,l2,0.00
i03,e09,c5,p28,l3,0.00
i03,e09,c5,p29,l2,0.00
i03,e09,c5,p29,l3,0.00
i03,e09,c5,p30,l3,0.00
i03,e09,c5,p31,l2,0.00
i03,e09,c5,p31,l3,0.00
i03,e09,c5,p32,l2,0.00
i03,e09,c5,p32,l3,0.00
i03,e09,c5,p33,l3,0.00
i03,e09,c5,p35,l2,0.00
i03,e09,c5,p35,l3,0.00
i03,e10,c3,p01,l3,0.00
i03,e10,c3,p03,l1,0.00
i03,e10,c3,p03,l3,0.00
i03,e10,c3,p04,l3,0.00
i03,e10,c3,p05,l1,0.00
i03,e10,c3,p05,l3,0.00
i03,e10,c3,p06,l1,0.00
i03,e10,c3,p06,l3,0.00
i03,e10,c3,p07,l3,0.00
i03,e10,c3,p09,l3,0.00
i03,e10,c3,p10,l1,0.00
i03,e10,c3,p10,l3,0.00
i03,e10,c3,p11,l1,0.00
i03,e10,c3,p11,l3,0.00
i03,e10,c3,p12,l3,0.00
i03,e10,c3,p15,l1,0.00
i03,e10,c3,p15,l3,0.00
i03,e10,c3,p16,l1,0.00
i03,e10,c3,p16,l3,0.00
i03,e10,c3,p18,l1,0.00
i03,e10,c3,p18,l3,0.00
i03,e10,c3,p19,l1,0.00
i03,e10,c3,p19,l3,0.00
i03,e10,c3,p20,l1,0.00
i03,e10,c3,p20,l3,0.00
i03,e10,c3,p21,l1,0.00
i03,e10,c3,p21,l3,0.00
i03,e10,c3,p22,l3,0.00
i03,e10,c3,p23,l1,0.00
i03,e10,c3,p23,l3,0.00
i03,e10,c3,p29,l1,0.00
i03,e10,c3,p29,l3,0.00
i03,e10,c3,p35,l1,0.00
i03,e10,c3,p35,l3,0.00
i03,e10,c5,p01,l1,0.00
i03,e10,c5,p01,l2,0.00
i03,e10,c5,p01,l3,0.00
i03,e10,c5,p02,l1,0.00
i03,e10,c5,p02,l3,0.00
i03,e10,c5,p03,l1,0.00
i03,e10,c5,p03,l2,0.00
i03,e10,c5,p03,l3,0.00
i03,e10,c5,p04,l1,0.00
i03,e10,c5,p04,l3,0.00
i03,e10,c5,p05,l1,0.00
i03,e10,c5,p05,l2,0.00
i03,e10,c5,p05,l3,0.00
i03,e10,c5,p06,l1,0.00
i03,e10,c5,p06,l2,0.00
i03,e10,c5,p06,l3,0.00
i03,e10,c5,p07,l1,0.00
i03,e10,c5,p07,l2,0.00
i03,e10,c5,p07,l3,0.00
i03,e10,c5,p08,l1,0.00
i03,e10,c5,p08,l2,0.00
i03,e10,c5,p08,l3,0.00
i03,e10,c5,p09,l1,0.00
i03,e10,c5,p09,l3,0.00
i03,e10,c5,p10,l1,0.00
i03,e10,c5,p10,l2,0.00
i03,e10,c5,p10,l3,8.81
i03,e10,c5,p11,l1,0.00
i03,e10,c5,p11,l2,0.00
i03,e10,c5,p11,l3,1.58
i03,e10,c5,p12,l1,0.00
i03,e10,c5,p12,l2,0.00
i03,e10,c5,p12,l3,0.00
i03,e10,c5,p13,l1,0.00
i03,e10,c5,p13,l2,0.00
i03,e10,c5,p13,l3,0.00
i03,e10,c5,p14,l1,0.00
i03,e10,c5,p14,l2,0.00
i03,e10,c5,p14,l3,0.00
i03,e10,c5,p15,l1,0.00
i03,e10,c5,p15,l2,0.00
i03,e10,c5,p15,l3,2.29
i03,e10,c5,p16,l1,0.00
i03,e10,c5,p16,l2,0.00
i03,e10,c5,p16,l3,6.67
i03,e10,c5,p17,l1,0.00
i03,e10,c5,p17,l2,0.00
i03,e10,c5,p17,l3,0.00
i03,e10,c5,p18,l1,0.00
i03,e10,c5,p18,l2,0.00
i03,e10,c5,p18,l3,2.03
i03,e10,c5,p19,l1,0.00
i03,e10,c5,p19,l2,0.00
i03,e10,c5,p19,l3,0.00
i03,e10,c5,p20,l1,0.00
i03,e10,c5,p20,l3,0.00
i03,e10,c5,p21,l1,0.00
i03,e10,c5,p21,l2,0.00
i03,e10,c5,p21,l3,0.00
i03,e10,c5,p22,l1,0.00
i03,e10,c5,p22,l2,0.00
i03,e10,c5,p22,l3,0.00
i03,e10,c5,p23,l1,0.00
i03,e10,c5,p23,l2,0.00
i03,e10,c5,p23,l3,0.00
i03,e10,c5,p24,l1,0.00
i03,e10,c5,p24,l2,0.00
i03,e10,c5,p24,l3,8.15
i03,e10,c5,p25,l1,0.00
i03,e10,c5,p25,l3,0.00
i03,e10,c5,p26,l1,0.00
i03,e10,c5,p26,l3,0.00
i03,e10,c5,p28,l1,0.00
i03,e10,c5,p28,l3,0.00
i03,e10,c5,p29,l1,0.00
i03,e10,c5,p29,l2,0.00
i03,e10,c5,p29,l3,0.00
i03,e10,c5,p30,l3,0.00
i03,e10,c5,p31,l1,0.00
i03,e10,c5,p31,l3,0.00
i03,e10,c5,p32,l3,0.00
i03,e10,c5,p33,l1,0.00
i03,e10,c5,p33,l3,0.00
i03,e10,c5,p35,l1,0.00
i03,e10,c5,p35,l2,0.00
i03,e10,c5,p35,l3,0.00
i03,e11,c5,p01,l2,0.00
i03,e11,c5,p01,l3,0.00
i03,e11,c5,p02,l3,0.00
i03,e11,c5,p04,l3,0.00
i03,e11,c5,p05,l2,0.00
i03,e11,c5,p05,l3,0.00
i03,e11,c5,p06,l3,0.00
i03,e11,c5,p07,l2,0.00
i03,e11,c5,p07,l3,0.00
i03,e11,c5,p08,l3,0.00
i03,e11,c5,p10,l2,0.00
i03,e11,c5,p10,l3,0.00
i03,e11,c5,p11,l3,0.00
i03,e11,c5,p12,l2,0.00
i03,e11,c5,p12,l3,0.00
i03,e11,c5,p14,l3,0.00
i03,e11,c5,p15,l2,0.00
i03,e11,c5,p15,l3,0.00
i03,e11,c5,p16,l2,0.00
i03,e11,c5,p16,l3,0.00
i03,e11,c5,p17,l3,0.00
i03,e11,c5,p18,l2,0.00
i03,e11,c5,p18,l3,0.00
i03,e11,c5,p19,l2,0.00
i03,e11,c5,p19,l3,0.00
i03,e11,c5,p21,l2,0.00
i03,e11,c5,p21,l3,0.00
i03,e11,c5,p23,l2,0.00
i03,e11,c5,p23,l3,0.00
i03,e11,c5,p24,l3,0.00
i03,e11,c5,p29,l2,0.00
i03,e11,c5,p29,l3,0.00
i03,e11,c5,p35,l2,0.00
i03,e11,c5,p35,l3,0.00
i03,e12,c3,p29,l3,0.00
i03,e12,c5,p01,l3,0.00
i03,e12,c5,p02,l3,0.00
i03,e12,c5,p03,l3,0.00
i03,e12,c5,p04,l3,0.00
i03,e12,c5,p05,l3,0.00
i03,e12,c5,p06,l3,0.00
i03,e12,c5,p07,l3,0.00
i03,e12,c5,p08,l3,0.00
i03,e12,c5,p09,l3,0.00
i03,e12,c5,p10,l3,0.00
i03,e12,c5,p11,l3,0.00
i03,e12,c5,p12,l3,0.00
i03,e12,c5,p13,l3,0.00
i03,e12,c5,p14,l3,0.00
i03,e12,c5,p15,l3,0.00
i03,e12,c5,p16,l3,0.00
i03,e12,c5,p17,l3,0.00
i03,e12,c5,p18,l3,0.00
i03,e12,c5,p19,l3,0.00
i03,e12,c5,p20,l3,0.00
i03,e12,c5,p21,l3,0.00
i03,e12,c5,p22,l3,0.00
i03,e12,c5,p23,l3,0.00
i03,e12,c5,p24,l3,0.00
i03,e12,c5,p29,l3,0.00
i03,e12,c5,p32,l3,0.00
i03,e12,c5,p35,l3,0.00
i04,e01,c3,p03,l3,0.00
i04,e01,c3,p10,l3,2.08
i04,e01,c3,p21,l3,0.00
i04,e01,c3,p24,l3,0.00
i04,e01,c3,p35,l3,0.00
i04,e01,c5,p10,l3,0.00
i04,e02,c3,p10,l3,0.00
i04,e02,c3,p24,l3,0.00
i04,e04,c3,p03,l1,0.00
i04,e04,c3,p03,l3,0.00
i04,e04,c3,p10,l1,0.00
i04,e04,c3,p10,l3,0.00
i04,e04,c3,p21,l1,0.00
i04,e04,c3,p21,l3,0.00
i04,e04,c3,p24,l1,0.00
i04,e04,c3,p24,l3,0.00
i04,e04,c3,p35,l1,0.00
i04,e04,c3,p35,l3,0.00
i04,e04,c5,p10,l1,0.00
i04,e05,c3,p10,l3,0.00
i04,e05,c3,p24,l3,0.00
i04,e05,c3,p35,l3,0.00
i04,e08,c3,p03,l3,0.00
i04,e08,c3,p10,l2,0.00
i04,e08,c3,p10,l3,0.00
i04,e08,c3,p21,l2,0.00
i04,e08,c3,p21,l3,0.00
i04,e08,c3,p24,l2,0.00
i04,e08,c3,p24,l3,0.00
i04,e08,c3,p35,l3,0.00
i04,e08,c5,p10,l2,0.00
i04,e09,c3,p03,l2,0.00
i04,e09,c3,p03,l3,0.00
i04,e09,c3,p10,l2,0.00
i04,e09,c3,p10,l3,0.00
i04,e09,c3,p21,l2,0.00
i04,e09,c3,p21,l3,0.00
i04,e09,c3,p24,l2,0.00
i04,e09,c3,p24,l3,0.00
i04,e09,c3,p35,l2,0.00
i04,e09,c3,p35,l3,0.00
i04,e09,c5,p10,l2,0.00
i04,e11,c3,p03,l2,0.00
i04,e11,c3,p10,l2,0.00
i04,e11,c3,p10,l3,0.00
i04,e11,c3,p21,l3,0.00
i04,e11,c3,p24,l2,0.00
i04,e11,c3,p24,l3,0.00
i04,e11,c3,p35,l2,0.00
i04,e11,c3,p35,l3,0.00
i05,e01,c1,p01,l3,1.26
i05,e01,c1,p02,l3,2.36
i05,e01,c1,p03,l3,5.21
i05,e01,c1,p04,l3,0.00
i05,e01,c1,p05,l3,0.00
i05,e01,c1,p06,l3,0.00
i05,e01,c1,p07,l3,0.00
i05,e01,c1,p08,l3,0.00
i05,e01,c1,p09,l3,0.00
i05,e01,c1,p10,l3,2.61
i05,e01,c1,p11,l3,9.06
i05,e01,c1,p12,l3,2.52
i05,e01,c1,p13,l3,0.00
i05,e01,c1,p14,l3,0.00
i05,e01,c1,p15,l3,3.17
i05,e01,c1,p16,l3,1.37
i05,e01,c1,p17,l3,2.18
i05,e01,c1,p18,l3,0.00
i05,e01,c1,p19,l3,3.05
i05,e01,c1,p20,l3,0.00
i05,e01,c1,p21,l3,0.00
i05,e01,c1,p22,l3,0.00
i05,e01,c1,p23,l3,0.00
i05,e01,c1,p24,l3,0.00
i05,e01,c1,p25,l3,0.00
i05,e01,c1,p26,l3,0.00
i05,e01,c1,p27,l3,0.00
i05,e01,c1,p28,l3,0.00
i05,e01,c1,p29,l3,0.00
i05,e01,c1,p30,l3,0.00
i05,e01,c1,p31,l3,0.00
i05,e01,c1,p32,l3,0.00
i05,e01,c1,p33,l3,0.00
i05,e01,c1,p34,l3,0.00
i05,e01,c1,p35,l3,12.65
i05,e01,c4,p01,l3,0.00
i05,e01,c4,p02,l3,0.00
i05,e01,c4,p03,l3,0.00
i05,e01,c4,p04,l3,0.00
i05,e01,c4,p05,l3,0.00
i05,e01,c4,p06,l3,0.00
i05,e01,c4,p07,l3,0.00
i05,e01,c4,p08,l3,0.00
i05,e01,c4,p09,l3,0.00
i05,e01,c4,p10,l3,0.00
i05,e01,c4,p11,l3,0.00
i05,e01,c4,p12,l3,0.00
i05,e01,c4,p13,l3,0.00
i05,e01,c4,p14,l3,0.00
i05,e01,c4,p15,l3,0.00
i05,e01,c4,p16,l3,0.00
i05,e01,c4,p17,l3,0.00
i05,e01,c4,p18,l3,0.00
i05,e01,c4,p19,l3,0.00
i05,e01,c4,p20,l3,0.00
i05,e01,c4,p21,l3,0.00
i05,e01,c4,p22,l3,0.00
i05,e01,c4,p23,l3,0.00
i05,e01,c4,p24,l3,0.00
i05,e01,c4,p25,l3,0.00
i05,e01,c4,p26,l3,0.00
i05,e01,c4,p28,l3,0.00
i05,e01,c4,p29,l3,0.00
i05,e01,c4,p30,l3,0.00
i05,e01,c4,p31,l3,0.00
i05,e01,c4,p32,l3,0.00
i05,e01,c4,p33,l3,0.00
i05,e01,c4,p35,l3,0.00
i05,e01,c7,p01,l3,0.00
i05,e01,c7,p03,l3,0.00
i05,e01,c7,p05,l3,0.00
i05,e01,c7,p10,l3,0.00
i05,e01,c7,p11,l3,0.00
i05,e01,c7,p12,l3,0.00
i05,e01,c7,p14,l3,0.00
i05,e01,c7,p17,l3,0.00
i05,e01,c7,p19,l3,0.00
i05,e01,c7,p21,l3,0.00
i05,e01,c7,p24,l3,0.00
i05,e01,c7,p35,l3,0.00
i05,e03,c1,p01,l3,0.00
i05,e03,c1,p02,l3,0.00
i05,e03,c1,p03,l3,0.00
i05,e03,c1,p04,l3,0.00
i05,e03,c1,p05,l3,2.54
i05,e03,c1,p06,l3,0.00
i05,e03,c1,p07,l3,0.00
i05,e03,c1,p08,l3,0.00
i05,e03,c1,p09,l3,1.64
i05,e03,c1,p10,l3,2.27
i05,e03,c1,p11,l3,0.00
i05,e03,c1,p12,l3,4.69
i05,e03,c1,p13,l3,1.20
i05,e03,c1,p14,l3,0.00
i05,e03,c1,p15,l3,0.00
i05,e03,c1,p16,l3,0.00
i05,e03,c1,p17,l3,0.00
i05,e03,c1,p18,l3,0.00
i05,e03,c1,p19,l3,0.00
i05,e03,c1,p20,l3,0.00
i05,e03,c1,p21,l3,0.00
i05,e03,c1,p22,l3,0.00
i05,e03,c1,p23,l3,0.00
i05,e03,c1,p24,l3,0.00
i05,e03,c1,p25,l3,0.00
i05,e03,c1,p26,l3,0.00
i05,e03,c1,p27,l3,0.00
i05,e03,c1,p28,l3,0.00
i05,e03,c1,p29,l3,1.77
i05,e03,c1,p30,l3,0.00
i05,e03,c1,p31,l3,0.00
i05,e03,c1,p32,l3,0.00
i05,e03,c1,p33,l3,0.00
i05,e03,c1,p34,l3,0.00
i05,e03,c1,p35,l3,16.46
i05,e03,c4,p01,l3,0.00
i05,e03,c4,p02,l3,0.00
i05,e03,c4,p03,l3,0.00
i05,e03,c4,p04,l3,0.00
i05,e03,c4,p05,l3,0.00
i05,e03,c4,p06,l3,0.00
i05,e03,c4,p07,l3,0.00
i05,e03,c4,p08,l3,0.00
i05,e03,c4,p09,l3,0.00
i05,e03,c4,p10,l3,0.00
i05,e03,c4,p11,l3,0.00
i05,e03,c4,p12,l3,0.00
i05,e03,c4,p13,l3,0.00
i05,e03,c4,p14,l3,0.00
i05,e03,c4,p15,l3,0.00
i05,e03,c4,p16,l3,0.00
i05,e03,c4,p17,l3,0.00
i05,e03,c4,p18,l3,0.00
i05,e03,c4,p19,l3,0.00
i05,e03,c4,p20,l3,0.00
i05,e03,c4,p21,l3,0.00
i05,e03,c4,p22,l3,0.00
i05,e03,c4,p23,l3,0.00
i05,e03,c4,p24,l3,0.00
i05,e03,c4,p25,l3,0.00
i05,e03,c4,p26,l3,0.00
i05,e03,c4,p28,l3,0.00
i05,e03,c4,p29,l3,0.00
i05,e03,c4,p30,l3,0.00
i05,e03,c4,p31,l3,0.00
i05,e03,c4,p32,l3,0.00
i05,e03,c4,p33,l3,0.00
i05,e03,c4,p35,l3,0.00
i05,e03,c7,p01,l3,0.00
i05,e03,c7,p02,l3,0.00
i05,e03,c7,p03,l3,0.00
i05,e03,c7,p05,l3,0.00
i05,e03,c7,p06,l3,0.00
i05,e03,c7,p10,l3,0.00
i05,e03,c7,p11,l3,0.00
i05,e03,c7,p12,l3,0.00
i05,e03,c7,p13,l3,0.00
i05,e03,c7,p15,l3,0.00
i05,e03,c7,p17,l3,0.00
i05,e03,c7,p18,l3,0.00
i05,e03,c7,p19,l3,0.00
i05,e03,c7,p21,l3,0.00
i05,e03,c7,p24,l3,0.00
i05,e03,c7,p26,l3,0.00
i05,e03,c7,p29,l3,0.00
i05,e03,c7,p35,l3,0.00
i05,e03,c8,p35,l3,0.00
i05,e04,c1,p01,l1,0.00
i05,e04,c1,p01,l3,0.00
i05,e04,c1,p02,l1,0.00
i05,e04,c1,p02,l3,4.06
i05,e04,c1,p03,l1,0.00
i05,e04,c1,p03,l3,0.00
i05,e04,c1,p04,l1,0.00
i05,e04,c1,p04,l3,0.00
i05,e04,c1,p05,l1,0.00
i05,e04,c1,p05,l3,4.33
i05,e04,c1,p06,l1,0.00
i05,e04,c1,p06,l3,0.00
i05,e04,c1,p07,l1,0.00
i05,e04,c1,p07,l3,9.49
i05,e04,c1,p08,l1,0.00
i05,e04,c1,p08,l3,0.00
i05,e04,c1,p09,l1,0.00
i05,e04,c1,p09,l3,0.00
i05,e04,c1,p10,l1,0.00
i05,e04,c1,p10,l3,2.03
i05,e04,c1,p11,l1,0.00
i05,e04,c1,p11,l3,6.46
i05,e04,c1,p12,l1,0.00
i05,e04,c1,p12,l3,2.06
i05,e04,c1,p13,l1,0.00
i05,e04,c1,p13,l3,4.11
i05,e04,c1,p14,l1,0.00
i05,e04,c1,p14,l3,0.00
i05,e04,c1,p15,l1,0.00
i05,e04,c1,p15,l3,0.00
i05,e04,c1,p16,l1,0.00
i05,e04,c1,p16,l3,0.00
i05,e04,c1,p17,l1,0.00
i05,e04,c1,p17,l3,3.01
i05,e04,c1,p18,l1,0.00
i05,e04,c1,p18,l3,0.00
i05,e04,c1,p19,l1,0.00
i05,e04,c1,p19,l3,4.09
i05,e04,c1,p20,l1,0.00
i05,e04,c1,p20,l3,0.00
i05,e04,c1,p21,l1,0.00
i05,e04,c1,p21,l3,4.31
i05,e04,c1,p22,l1,0.00
i05,e04,c1,p22,l3,0.00
i05,e04,c1,p23,l1,0.00
i05,e04,c1,p23,l3,0.00
i05,e04,c1,p24,l1,0.00
i05,e04,c1,p24,l3,0.00
i05,e04,c1,p25,l1,0.00
i05,e04,c1,p25,l3,0.00
i05,e04,c1,p26,l1,0.00
i05,e04,c1,p26,l3,0.00
i05,e04,c1,p27,l1,0.00
i05,e04,c1,p27,l3,0.00
i05,e04,c1,p28,l1,0.00
i05,e04,c1,p28,l3,0.00
i05,e04,c1,p29,l1,0.00
i05,e04,c1,p29,l3,0.00
i05,e04,c1,p30,l1,0.00
i05,e04,c1,p30,l3,0.00
i05,e04,c1,p31,l1,0.00
i05,e04,c1,p31,l3,0.00
i05,e04,c1,p32,l1,0.00
i05,e04,c1,p32,l3,0.00
i05,e04,c1,p33,l1,0.00
i05,e04,c1,p33,l3,0.00
i05,e04,c1,p34,l1,0.00
i05,e04,c1,p34,l3,0.00
i05,e04,c1,p35,l1,0.00
i05,e04,c1,p35,l3,28.08
i05,e04,c4,p01,l1,0.00
i05,e04,c4,p01,l3,0.00
i05,e04,c4,p02,l1,0.00
i05,e04,c4,p02,l3,0.00
i05,e04,c4,p03,l1,0.00
i05,e04,c4,p03,l3,0.00
i05,e04,c4,p04,l1,0.00
i05,e04,c4,p04,l3,0.00
i05,e04,c4,p05,l1,0.00
i05,e04,c4,p05,l3,0.00
i05,e04,c4,p06,l3,0.00
i05,e04,c4,p07,l1,0.00
i05,e04,c4,p07,l3,0.00
i05,e04,c4,p08,l1,0.00
i05,e04,c4,p08,l3,0.00
i05,e04,c4,p09,l1,0.00
i05,e04,c4,p09,l3,0.00
i05,e04,c4,p10,l1,0.00
i05,e04,c4,p10,l3,0.00
i05,e04,c4,p11,l1,0.00
i05,e04,c4,p11,l3,0.00
i05,e04,c4,p12,l1,0.00
i05,e04,c4,p12,l3,0.00
i05,e04,c4,p13,l1,0.00
i05,e04,c4,p13,l3,0.00
i05,e04,c4,p14,l1,0.00
i05,e04,c4,p14,l3,0.00
i05,e04,c4,p15,l1,0.00
i05,e04,c4,p15,l3,0.00
i05,e04,c4,p16,l1,0.00
i05,e04,c4,p16,l3,0.00
i05,e04,c4,p17,l1,0.00
i05,e04,c4,p17,l3,0.00
i05,e04,c4,p18,l1,0.00
i05,e04,c4,p18,l3,0.00
i05,e04,c4,p19,l1,0.00
i05,e04,c4,p19,l3,0.00
i05,e04,c4,p20,l1,0.00
i05,e04,c4,p20,l3,0.00
i05,e04,c4,p21,l1,0.00
i05,e04,c4,p21,l3,0.00
i05,e04,c4,p22,l3,0.00
i05,e04,c4,p23,l1,0.00
i05,e04,c4,p23,l3,0.00
i05,e04,c4,p24,l1,0.00
i05,e04,c4,p24,l3,0.00
i05,e04,c4,p25,l3,0.00
i05,e04,c4,p26,l3,0.00
i05,e04,c4,p28,l3,0.00
i05,e04,c4,p29,l3,0.00
i05,e04,c4,p30,l3,0.00
i05,e04,c4,p31,l3,0.00
i05,e04,c4,p32,l1,0.00
i05,e04,c4,p32,l3,0.00
i05,e04,c4,p33,l3,0.00
i05,e04,c4,p35,l1,0.00
i05,e04,c4,p35,l3,0.00
i05,e04,c7,p01,l3,0.00
i05,e04,c7,p03,l3,0.00
i05,e04,c7,p05,l3,0.00
i05,e04,c7,p10,l1,0.00
i05,e04,c7,p10,l3,0.00
i05,e04,c7,p11,l3,0.00
i05,e04,c7,p12,l3,0.00
i05,e04,c7,p13,l3,0.00
i05,e04,c7,p14,l3,0.00
i05,e04,c7,p17,l1,0.00
i05,e04,c7,p17,l3,0.00
i05,e04,c7,p19,l3,0.00
i05,e04,c7,p24,l3,0.00
i05,e04,c7,p35,l1,0.00
i05,e04,c7,p35,l3,0.00
i05,e05,c1,p01,l1,0.00
i05,e05,c1,p01,l3,0.00
i05,e05,c1,p02,l1,0.00
i05,e05,c1,p02,l3,0.00
i05,e05,c1,p03,l1,0.00
i05,e05,c1,p03,l3,0.00
i05,e05,c1,p04,l1,0.00
i05,e05,c1,p04,l3,0.00
i05,e05,c1,p05,l1,0.00
i05,e05,c1,p05,l3,0.00
i05,e05,c1,p06,l1,0.00
i05,e05,c1,p06,l3,0.00
i05,e05,c1,p07,l1,0.00
i05,e05,c1,p07,l3,0.00
i05,e05,c1,p08,l1,0.00
i05,e05,c1,p08,l3,0.00
i05,e05,c1,p09,l1,0.00
i05,e05,c1,p09,l3,0.00
i05,e05,c1,p10,l1,0.00
i05,e05,c1,p10,l3,0.00
i05,e05,c1,p11,l1,0.00
i05,e05,c1,p11,l3,0.00
i05,e05,c1,p12,l1,0.00
i05,e05,c1,p12,l3,0.00
i05,e05,c1,p13,l1,0.00
i05,e05,c1,p13,l3,0.00
i05,e05,c1,p14,l1,0.00
i05,e05,c1,p14,l3,0.00
i05,e05,c1,p15,l1,0.00
i05,e05,c1,p15,l3,0.00
i05,e05,c1,p16,l1,0.00
i05,e05,c1,p16,l3,0.00
i05,e05,c1,p17,l1,0.00
i05,e05,c1,p17,l3,0.00
i05,e05,c1,p18,l1,0.00
i05,e05,c1,p18,l3,0.00
i05,e05,c1,p19,l1,0.00
i05,e05,c1,p19,l3,0.00
i05,e05,c1,p20,l1,0.00
i05,e05,c1,p20,l3,0.00
i05,e05,c1,p21,l1,0.00
i05,e05,c1,p21,l3,0.00
i05,e05,c1,p22,l1,0.00
i05,e05,c1,p22,l3,0.00
i05,e05,c1,p23,l1,0.00
i05,e05,c1,p23,l3,0.00
i05,e05,c1,p24,l1,0.00
i05,e05,c1,p24,l3,0.00
i05,e05,c1,p25,l1,0.00
i05,e05,c1,p25,l3,0.00
i05,e05,c1,p26,l1,0.00
i05,e05,c1,p26,l3,0.00
i05,e05,c1,p27,l3,0.00
i05,e05,c1,p28,l1,0.00
i05,e05,c1,p28,l3,0.00
i05,e05,c1,p29,l1,0.00
i05,e05,c1,p29,l3,0.00
i05,e05,c1,p30,l1,0.00
i05,e05,c1,p30,l3,0.00
i05,e05,c1,p31,l1,0.00
i05,e05,c1,p31,l3,0.00
i05,e05,c1,p32,l1,0.00
i05,e05,c1,p32,l3,0.00
i05,e05,c1,p33,l1,0.00
i05,e05,c1,p33,l3,0.00
i05,e05,c1,p34,l3,0.00
i05,e05,c1,p35,l1,0.00
i05,e05,c1,p35,l3,1.26
i05,e05,c4,p01,l3,0.00
i05,e05,c4,p02,l1,0.00
i05,e05,c4,p02,l3,0.00
i05,e05,c4,p03,l1,0.00
i05,e05,c4,p03,l3,0.00
i05,e05,c4,p04,l3,0.00
i05,e05,c4,p05,l1,0.00
i05,e05,c4,p05,l3,0.00
i05,e05,c4,p06,l3,0.00
i05,e05,c4,p07,l1,0.00
i05,e05,c4,p07,l3,0.00
i05,e05,c4,p08,l3,0.00
i05,e05,c4,p09,l1,0.00
i05,e05,c4,p09,l3,0.00
i05,e05,c4,p10,l1,0.00
i05,e05,c4,p10,l3,0.00
i05,e05,c4,p11,l3,0.00
i05,e05,c4,p12,l1,0.00
i05,e05,c4,p12,l3,0.00
i05,e05,c4,p13,l3,0.00
i05,e05,c4,p15,l1,0.00
i05,e05,c4,p15,l3,0.00
i05,e05,c4,p16,l3,0.00
i05,e05,c4,p17,l3,0.00
i05,e05,c4,p18,l3,0.00
i05,e05,c4,p19,l3,0.00
i05,e05,c4,p21,l3,0.00
i05,e05,c4,p22,l3,0.00
i05,e05,c4,p23,l3,0.00
i05,e05,c4,p24,l3,0.00
i05,e05,c4,p28,l3,0.00
i05,e05,c4,p29,l1,0.00
i05,e05,c4,p29,l3,0.00
i05,e05,c4,p35,l1,0.00
i05,e05,c4,p35,l3,0.00
i05,e05,c7,p05,l3,0.00
i05,e05,c7,p10,l1,0.00
i05,e05,c7,p10,l3,0.00
i05,e05,c7,p35,l1,0.00
i05,e05,c7,p35,l3,0.00
i05,e06,c1,p01,l3,2.55
i05,e06,c1,p02,l3,0.00
i05,e06,c1,p03,l3,3.59
i05,e06,c1,p04,l3,2.02
i05,e06,c1,p05,l3,1.50
i05,e06,c1,p06,l3,0.00
i05,e06,c1,p07,l3,0.00
i05,e06,c1,p08,l3,0.00
i05,e06,c1,p09,l3,3.31
i05,e06,c1,p10,l3,15.03
i05,e06,c1,p11,l3,5.14
i05,e06,c1,p12,l3,3.03
i05,e06,c1,p13,l3,0.00
i05,e06,c1,p14,l3,1.68
i05,e06,c1,p15,l3,0.00
i05,e06,c1,p16,l3,2.60
i05,e06,c1,p17,l3,1.93
i05,e06,c1,p18,l3,0.00
i05,e06,c1,p19,l3,2.23
i05,e06,c1,p20,l3,1.15
i05,e06,c1,p21,l3,1.86
i05,e06,c1,p22,l3,1.33
i05,e06,c1,p23,l3,0.00
i05,e06,c1,p24,l3,0.00
i05,e06,c1,p25,l3,0.00
i05,e06,c1,p26,l3,0.00
i05,e06,c1,p27,l3,0.00
i05,e06,c1,p28,l3,0.00
i05,e06,c1,p29,l3,0.00
i05,e06,c1,p30,l3,0.00
i05,e06,c1,p31,l3,0.00
i05,e06,c1,p32,l3,0.00
i05,e06,c1,p33,l3,0.00
i05,e06,c1,p34,l3,0.00
i05,e06,c1,p35,l3,9.33
i05,e06,c4,p01,l3,0.00
i05,e06,c4,p02,l3,0.00
i05,e06,c4,p03,l3,0.00
i05,e06,c4,p04,l3,0.00
i05,e06,c4,p05,l3,0.00
i05,e06,c4,p06,l3,0.00
i05,e06,c4,p07,l3,0.00
i05,e06,c4,p08,l3,0.00
i05,e06,c4,p09,l3,0.00
i05,e06,c4,p10,l3,0.00
i05,e06,c4,p11,l3,0.00
i05,e06,c4,p12,l3,0.00
i05,e06,c4,p13,l3,0.00
i05,e06,c4,p14,l3,0.00
i05,e06,c4,p15,l3,0.00
i05,e06,c4,p16,l3,0.00
i05,e06,c4,p17,l3,0.00
i05,e06,c4,p18,l3,0.00
i05,e06,c4,p19,l3,0.00
i05,e06,c4,p20,l3,0.00
i05,e06,c4,p21,l3,0.00
i05,e06,c4,p22,l3,0.00
i05,e06,c4,p23,l3,0.00
i05,e06,c4,p24,l3,0.00
i05,e06,c4,p25,l3,0.00
i05,e06,c4,p26,l3,0.00
i05,e06,c4,p28,l3,0.00
i05,e06,c4,p29,l3,0.00
i05,e06,c4,p30,l3,0.00
i05,e06,c4,p31,l3,0.00
i05,e06,c4,p32,l3,0.00
i05,e06,c4,p35,l3,0.00
i05,e06,c7,p01,l3,0.00
i05,e06,c7,p02,l3,0.00
i05,e06,c7,p03,l3,0.00
i05,e06,c7,p04,l3,0.00
i05,e06,c7,p05,l3,0.00
i05,e06,c7,p06,l3,0.00
i05,e06,c7,p09,l3,0.00
i05,e06,c7,p10,l3,0.00
i05,e06,c7,p11,l3,0.00
i05,e06,c7,p12,l3,0.00
i05,e06,c7,p13,l3,0.00
i05,e06,c7,p15,l3,0.00
i05,e06,c7,p16,l3,0.00
i05,e06,c7,p17,l3,0.00
i05,e06,c7,p18,l3,0.00
i05,e06,c7,p19,l3,0.00
i05,e06,c7,p21,l3,0.00
i05,e06,c7,p23,l3,0.00
i05,e06,c7,p26,l3,0.00
i05,e06,c7,p29,l3,0.00
i05,e06,c7,p35,l3,0.00
i05,e07,c1,p01,l2,0.00
i05,e07,c1,p01,l3,2.00
i05,e07,c1,p02,l2,0.00
i05,e07,c1,p02,l3,1.04
i05,e07,c1,p03,l2,0.00
i05,e07,c1,p03,l3,8.10
i05,e07,c1,p04,l2,0.00
i05,e07,c1,p04,l3,0.00
i05,e07,c1,p05,l2,0.00
i05,e07,c1,p05,l3,4.19
i05,e07,c1,p06,l2,0.00
i05,e07,c1,p06,l3,6.93
i05,e07,c1,p07,l2,0.00
i05,e07,c1,p07,l3,11.53
i05,e07,c1,p08,l2,0.00
i05,e07,c1,p08,l3,0.00
i05,e07,c1,p09,l2,0.00
i05,e07,c1,p09,l3,34.21
i05,e07,c1,p10,l2,0.00
i05,e07,c1,p10,l3,74.54
i05,e07,c1,p11,l2,0.00
i05,e07,c1,p11,l3,15.45
i05,e07,c1,p12,l2,0.00
i05,e07,c1,p12,l3,9.19
i05,e07,c1,p13,l2,0.00
i05,e07,c1,p13,l3,0.00
i05,e07,c1,p14,l2,0.00
i05,e07,c1,p14,l3,0.00
i05,e07,c1,p15,l2,0.00
i05,e07,c1,p15,l3,20.12
i05,e07,c1,p16,l2,0.00
i05,e07,c1,p16,l3,2.55
i05,e07,c1,p17,l2,0.00
i05,e07,c1,p17,l3,1.25
i05,e07,c1,p18,l2,0.00
i05,e07,c1,p18,l3,19.16
i05,e07,c1,p19,l2,0.00
i05,e07,c1,p19,l3,45.77
i05,e07,c1,p20,l2,0.00
i05,e07,c1,p20,l3,0.00
i05,e07,c1,p21,l2,0.00
i05,e07,c1,p21,l3,0.00
i05,e07,c1,p22,l2,0.00
i05,e07,c1,p22,l3,0.00
i05,e07,c1,p23,l2,0.00
i05,e07,c1,p23,l3,0.00
i05,e07,c1,p24,l2,0.00
i05,e07,c1,p24,l3,0.00
i05,e07,c1,p25,l2,0.00
i05,e07,c1,p25,l3,14.09
i05,e07,c1,p26,l2,0.00
i05,e07,c1,p26,l3,0.00
i05,e07,c1,p27,l2,0.00
i05,e07,c1,p27,l3,0.00
i05,e07,c1,p28,l2,0.00
i05,e07,c1,p28,l3,0.00
i05,e07,c1,p29,l2,0.00
i05,e07,c1,p29,l3,3.06
i05,e07,c1,p30,l2,0.00
i05,e07,c1,p30,l3,0.00
i05,e07,c1,p31,l2,0.00
i05,e07,c1,p31,l3,0.00
i05,e07,c1,p32,l2,0.00
i05,e07,c1,p32,l3,0.00
i05,e07,c1,p33,l2,0.00
i05,e07,c1,p33,l3,0.00
i05,e07,c1,p34,l2,0.00
i05,e07,c1,p34,l3,0.00
i05,e07,c1,p35,l2,0.00
i05,e07,c1,p35,l3,84.14
i05,e07,c4,p01,l2,0.00
i05,e07,c4,p01,l3,0.00
i05,e07,c4,p02,l2,0.00
i05,e07,c4,p02,l3,0.00
i05,e07,c4,p03,l2,0.00
i05,e07,c4,p03,l3,1.44
i05,e07,c4,p04,l2,0.00
i05,e07,c4,p04,l3,0.00
i05,e07,c4,p05,l2,0.00
i05,e07,c4,p05,l3,0.00
i05,e07,c4,p06,l2,0.00
i05,e07,c4,p06,l3,0.00
i05,e07,c4,p07,l2,0.00
i05,e07,c4,p07,l3,3.10
i05,e07,c4,p08,l2,0.00
i05,e07,c4,p08,l3,0.00
i05,e07,c4,p09,l2,0.00
i05,e07,c4,p09,l3,0.00
i05,e07,c4,p10,l2,0.00
i05,e07,c4,p10,l3,0.00
i05,e07,c4,p11,l2,0.00
i05,e07,c4,p11,l3,0.00
i05,e07,c4,p12,l2,0.00
i05,e07,c4,p12,l3,0.00
i05,e07,c4,p13,l2,0.00
i05,e07,c4,p13,l3,0.00
i05,e07,c4,p14,l2,0.00
i05,e07,c4,p14,l3,0.00
i05,e07,c4,p15,l2,0.00
i05,e07,c4,p15,l3,0.00
i05,e07,c4,p16,l2,0.00
i05,e07,c4,p16,l3,0.00
i05,e07,c4,p17,l2,0.00
i05,e07,c4,p17,l3,0.00
i05,e07,c4,p18,l2,0.00
i05,e07,c4,p18,l3,0.00
i05,e07,c4,p19,l2,0.00
i05,e07,c4,p19,l3,0.00
i05,e07,c4,p20,l2,0.00
i05,e07,c4,p20,l3,0.00
i05,e07,c4,p21,l2,0.00
i05,e07,c4,p21,l3,0.00
i05,e07,c4,p22,l2,0.00
i05,e07,c4,p22,l3,0.00
i05,e07,c4,p23,l2,0.00
i05,e07,c4,p23,l3,0.00
i05,e07,c4,p24,l2,0.00
i05,e07,c4,p24,l3,0.00
i05,e07,c4,p25,l2,0.00
i05,e07,c4,p25,l3,0.00
i05,e07,c4,p26,l3,0.00
i05,e07,c4,p28,l2,0.00
i05,e07,c4,p28,l3,0.00
i05,e07,c4,p29,l2,0.00
i05,e07,c4,p29,l3,0.00
i05,e07,c4,p30,l3,0.00
i05,e07,c4,p31,l3,0.00
i05,e07,c4,p32,l2,0.00
i05,e07,c4,p32,l3,0.00
i05,e07,c4,p35,l2,0.00
i05,e07,c4,p35,l3,0.00
i05,e07,c7,p01,l3,0.00
i05,e07,c7,p03,l3,0.00
i05,e07,c7,p04,l3,0.00
i05,e07,c7,p05,l3,0.00
i05,e07,c7,p10,l2,0.00
i05,e07,c7,p10,l3,0.00
i05,e07,c7,p11,l3,0.00
i05,e07,c7,p12,l3,0.00
i05,e07,c7,p17,l2,0.00
i05,e07,c7,p17,l3,0.00
i05,e07,c7,p18,l3,0.00
i05,e07,c7,p23,l2,0.00
i05,e07,c7,p24,l3,0.00
i05,e07,c7,p35,l2,0.00
i05,e07,c7,p35,l3,0.00
i05,e08,c1,p01,l2,0.00
i05,e08,c1,p01,l3,0.00
i05,e08,c1,p02,l2,0.00
i05,e08,c1,p02,l3,1.18
i05,e08,c1,p03,l2,0.00
i05,e08,c1,p03,l3,2.38
i05,e08,c1,p04,l2,0.00
i05,e08,c1,p04,l3,0.00
i05,e08,c1,p05,l2,0.00
i05,e08,c1,p05,l3,0.00
i05,e08,c1,p06,l2,0.00
i05,e08,c1,p06,l3,1.78
i05,e08,c1,p07,l2,0.00
i05,e08,c1,p07,l3,1.03
i05,e08,c1,p08,l2,0.00
i05,e08,c1,p08,l3,0.00
i05,e08,c1,p09,l2,0.00
i05,e08,c1,p09,l3,6.03
i05,e08,c1,p10,l2,0.00
i05,e08,c1,p10,l3,9.04
i05,e08,c1,p11,l2,0.00
i05,e08,c1,p11,l3,12.20
i05,e08,c1,p12,l2,0.00
i05,e08,c1,p12,l3,5.50
i05,e08,c1,p13,l2,0.00
i05,e08,c1,p13,l3,0.00
i05,e08,c1,p14,l2,0.00
i05,e08,c1,p14,l3,0.00
i05,e08,c1,p15,l2,0.00
i05,e08,c1,p15,l3,0.00
i05,e08,c1,p16,l2,0.00
i05,e08,c1,p16,l3,0.00
i05,e08,c1,p17,l2,0.00
i05,e08,c1,p17,l3,0.00
i05,e08,c1,p18,l2,0.00
i05,e08,c1,p18,l3,0.00
i05,e08,c1,p19,l2,0.00
i05,e08,c1,p19,l3,3.43
i05,e08,c1,p20,l2,0.00
i05,e08,c1,p20,l3,0.00
i05,e08,c1,p21,l2,0.00
i05,e08,c1,p21,l3,0.00
i05,e08,c1,p22,l2,0.00
i05,e08,c1,p22,l3,0.00
i05,e08,c1,p23,l2,0.00
i05,e08,c1,p23,l3,0.00
i05,e08,c1,p24,l2,0.00
i05,e08,c1,p24,l3,0.00
i05,e08,c1,p25,l2,0.00
i05,e08,c1,p25,l3,0.00
i05,e08,c1,p26,l2,0.00
i05,e08,c1,p26,l3,0.00
i05,e08,c1,p27,l2,0.00
i05,e08,c1,p27,l3,0.00
i05,e08,c1,p28,l2,0.00
i05,e08,c1,p28,l3,4.22
i05,e08,c1,p29,l2,0.00
i05,e08,c1,p29,l3,0.00
i05,e08,c1,p30,l2,0.00
i05,e08,c1,p30,l3,0.00
i05,e08,c1,p31,l2,0.00
i05,e08,c1,p31,l3,0.00
i05,e08,c1,p32,l2,0.00
i05,e08,c1,p32,l3,0.00
i05,e08,c1,p33,l2,0.00
i05,e08,c1,p33,l3,0.00
i05,e08,c1,p34,l2,0.00
i05,e08,c1,p34,l3,0.00
i05,e08,c1,p35,l2,0.00
i05,e08,c1,p35,l3,42.24
i05,e08,c4,p01,l2,0.00
i05,e08,c4,p01,l3,0.00
i05,e08,c4,p02,l2,0.00
i05,e08,c4,p02,l3,0.00
i05,e08,c4,p03,l2,0.00
i05,e08,c4,p03,l3,0.00
i05,e08,c4,p04,l2,0.00
i05,e08,c4,p04,l3,0.00
i05,e08,c4,p05,l2,0.00
i05,e08,c4,p05,l3,0.00
i05,e08,c4,p06,l2,0.00
i05,e08,c4,p06,l3,0.00
i05,e08,c4,p07,l2,0.00
i05,e08,c4,p07,l3,0.00
i05,e08,c4,p08,l2,0.00
i05,e08,c4,p08,l3,0.00
i05,e08,c4,p09,l2,0.00
i05,e08,c4,p09,l3,0.00
i05,e08,c4,p10,l2,0.00
i05,e08,c4,p10,l3,0.00
i05,e08,c4,p11,l2,0.00
i05,e08,c4,p11,l3,0.00
i05,e08,c4,p12,l2,0.00
i05,e08,c4,p12,l3,0.00
i05,e08,c4,p13,l2,0.00
i05,e08,c4,p13,l3,0.00
i05,e08,c4,p14,l2,0.00
i05,e08,c4,p14,l3,0.00
i05,e08,c4,p15,l2,0.00
i05,e08,c4,p15,l3,0.00
i05,e08,c4,p16,l2,0.00
i05,e08,c4,p16,l3,0.00
i05,e08,c4,p17,l2,0.00
i05,e08,c4,p17,l3,0.00
i05,e08,c4,p18,l2,0.00
i05,e08,c4,p18,l3,0.00
i05,e08,c4,p19,l2,0.00
i05,e08,c4,p19,l3,0.00
i05,e08,c4,p20,l2,0.00
i05,e08,c4,p20,l3,0.00
i05,e08,c4,p21,l2,0.00
i05,e08,c4,p21,l3,0.00
i05,e08,c4,p22,l2,0.00
i05,e08,c4,p22,l3,0.00
i05,e08,c4,p23,l2,0.00
i05,e08,c4,p23,l3,0.00
i05,e08,c4,p24,l2,0.00
i05,e08,c4,p24,l3,0.00
i05,e08,c4,p25,l3,0.00
i05,e08,c4,p26,l2,0.00
i05,e08,c4,p26,l3,0.00
i05,e08,c4,p28,l3,0.00
i05,e08,c4,p29,l2,0.00
i05,e08,c4,p29,l3,0.00
i05,e08,c4,p31,l2,0.00
i05,e08,c4,p32,l2,0.00
i05,e08,c4,p32,l3,0.00
i05,e08,c4,p35,l2,0.00
i05,e08,c4,p35,l3,0.00
i05,e08,c7,p01,l3,0.00
i05,e08,c7,p03,l2,0.00
i05,e08,c7,p03,l3,0.00
i05,e08,c7,p05,l3,0.00
i05,e08,c7,p10,l2,0.00
i05,e08,c7,p10,l3,0.00
i05,e08,c7,p11,l3,0.00
i05,e08,c7,p12,l2,0.00
i05,e08,c7,p12,l3,0.00
i05,e08,c7,p17,l2,0.00
i05,e08,c7,p17,l3,0.00
i05,e08,c7,p19,l3,0.00
i05,e08,c7,p24,l3,0.00
i05,e08,c7,p26,l3,0.00
i05,e08,c7,p29,l3,0.00
i05,e08,c7,p35,l2,0.00
i05,e08,c7,p35,l3,0.00
i05,e09,c1,p01,l2,0.00
i05,e09,c1,p01,l3,0.00
i05,e09,c1,p02,l2,0.00
i05,e09,c1,p02,l3,4.09
i05,e09,c1,p03,l2,0.00
i05,e09,c1,p03,l3,0.00
i05,e09,c1,p04,l2,0.00
i05,e09,c1,p04,l3,0.00
i05,e09,c1,p05,l2,0.00
i05,e09,c1,p05,l3,0.00
i05,e09,c1,p06,l2,0.00
i05,e09,c1,p06,l3,0.00
i05,e09,c1,p07,l2,0.00
i05,e09,c1,p07,l3,2.24
i05,e09,c1,p08,l2,0.00
i05,e09,c1,p08,l3,0.00
i05,e09,c1,p09,l2,0.00
i05,e09,c1,p09,l3,0.00
i05,e09,c1,p10,l2,0.00
i05,e09,c1,p10,l3,3.14
i05,e09,c1,p11,l2,0.00
i05,e09,c1,p11,l3,0.00
i05,e09,c1,p12,l2,0.00
i05,e09,c1,p12,l3,2.30
i05,e09,c1,p13,l2,0.00
i05,e09,c1,p13,l3,5.93
i05,e09,c1,p14,l2,0.00
i05,e09,c1,p14,l3,0.00
i05,e09,c1,p15,l2,0.00
i05,e09,c1,p15,l3,0.00
i05,e09,c1,p16,l2,0.00
i05,e09,c1,p16,l3,1.37
i05,e09,c1,p17,l2,0.00
i05,e09,c1,p17,l3,1.05
i05,e09,c1,p18,l2,0.00
i05,e09,c1,p18,l3,0.00
i05,e09,c1,p19,l2,0.00
i05,e09,c1,p19,l3,6.42
i05,e09,c1,p20,l2,0.00
i05,e09,c1,p20,l3,0.00
i05,e09,c1,p21,l2,0.00
i05,e09,c1,p21,l3,1.39
i05,e09,c1,p22,l2,0.00
i05,e09,c1,p22,l3,0.00
i05,e09,c1,p23,l2,0.00
i05,e09,c1,p23,l3,0.00
i05,e09,c1,p24,l2,0.00
i05,e09,c1,p24,l3,0.00
i05,e09,c1,p25,l2,0.00
i05,e09,c1,p25,l3,0.00
i05,e09,c1,p26,l2,0.00
i05,e09,c1,p26,l3,0.00
i05,e09,c1,p27,l2,0.00
i05,e09,c1,p27,l3,0.00
i05,e09,c1,p28,l2,0.00
i05,e09,c1,p28,l3,0.00
i05,e09,c1,p29,l2,0.00
i05,e09,c1,p29,l3,0.00
i05,e09,c1,p30,l2,0.00
i05,e09,c1,p30,l3,0.00
i05,e09,c1,p31,l2,0.00
i05,e09,c1,p31,l3,0.00
i05,e09,c1,p32,l2,0.00
i05,e09,c1,p32,l3,0.00
i05,e09,c1,p33,l2,0.00
i05,e09,c1,p33,l3,0.00
i05,e09,c1,p34,l2,0.00
i05,e09,c1,p34,l3,0.00
i05,e09,c1,p35,l2,0.00
i05,e09,c1,p35,l3,17.26
i05,e09,c4,p01,l2,0.00
i05,e09,c4,p01,l3,0.00
i05,e09,c4,p02,l2,0.00
i05,e09,c4,p02,l3,0.00
i05,e09,c4,p03,l2,0.00
i05,e09,c4,p03,l3,0.00
i05,e09,c4,p04,l2,0.00
i05,e09,c4,p04,l3,0.00
i05,e09,c4,p05,l2,0.00
i05,e09,c4,p05,l3,0.00
i05,e09,c4,p06,l3,0.00
i05,e09,c4,p07,l2,0.00
i05,e09,c4,p07,l3,0.00
i05,e09,c4,p08,l2,0.00
i05,e09,c4,p08,l3,0.00
i05,e09,c4,p09,l2,0.00
i05,e09,c4,p09,l3,0.00
i05,e09,c4,p10,l2,0.00
i05,e09,c4,p10,l3,0.00
i05,e09,c4,p11,l2,0.00
i05,e09,c4,p11,l3,0.00
i05,e09,c4,p12,l2,0.00
i05,e09,c4,p12,l3,0.00
i05,e09,c4,p13,l2,0.00
i05,e09,c4,p13,l3,0.00
i05,e09,c4,p14,l2,0.00
i05,e09,c4,p14,l3,0.00
i05,e09,c4,p15,l2,0.00
i05,e09,c4,p15,l3,0.00
i05,e09,c4,p16,l2,0.00
i05,e09,c4,p16,l3,0.00
i05,e09,c4,p17,l2,0.00
i05,e09,c4,p17,l3,0.00
i05,e09,c4,p18,l3,0.00
i05,e09,c4,p19,l2,0.00
i05,e09,c4,p19,l3,0.00
i05,e09,c4,p20,l2,0.00
i05,e09,c4,p20,l3,0.00
i05,e09,c4,p21,l2,0.00
i05,e09,c4,p21,l3,0.00
i05,e09,c4,p22,l2,0.00
i05,e09,c4,p22,l3,0.00
i05,e09,c4,p23,l2,0.00
i05,e09,c4,p23,l3,0.00
i05,e09,c4,p24,l2,0.00
i05,e09,c4,p24,l3,0.00
i05,e09,c4,p25,l3,0.00
i05,e09,c4,p26,l3,0.00
i05,e09,c4,p28,l2,0.00
i05,e09,c4,p28,l3,0.00
i05,e09,c4,p29,l2,0.00
i05,e09,c4,p29,l3,0.00
i05,e09,c4,p30,l3,0.00
i05,e09,c4,p31,l3,0.00
i05,e09,c4,p32,l2,0.00
i05,e09,c4,p32,l3,0.00
i05,e09,c4,p33,l3,0.00
i05,e09,c4,p35,l2,0.00
i05,e09,c4,p35,l3,0.00
i05,e09,c7,p01,l3,0.00
i05,e09,c7,p03,l3,0.00
i05,e09,c7,p04,l3,0.00
i05,e09,c7,p05,l3,0.00
i05,e09,c7,p10,l2,0.00
i05,e09,c7,p10,l3,0.00
i05,e09,c7,p11,l3,0.00
i05,e09,c7,p12,l3,0.00
i05,e09,c7,p14,l3,0.00
i05,e09,c7,p17,l3,0.00
i05,e09,c7,p19,l3,0.00
i05,e09,c7,p24,l3,0.00
i05,e09,c7,p35,l2,0.00
i05,e09,c7,p35,l3,0.00
i05,e11,c1,p01,l2,0.00
i05,e11,c1,p01,l3,0.00
i05,e11,c1,p02,l2,0.00
i05,e11,c1,p02,l3,0.00
i05,e11,c1,p03,l2,0.00
i05,e11,c1,p03,l3,0.00
i05,e11,c1,p04,l2,0.00
i05,e11,c1,p04,l3,1.34
i05,e11,c1,p05,l2,0.00
i05,e11,c1,p05,l3,0.00
i05,e11,c1,p06,l2,0.00
i05,e11,c1,p06,l3,0.00
i05,e11,c1,p07,l2,0.00
i05,e11,c1,p07,l3,0.00
i05,e11,c1,p08,l2,0.00
i05,e11,c1,p08,l3,0.00
i05,e11,c1,p09,l2,0.00
i05,e11,c1,p09,l3,0.00
i05,e11,c1,p10,l2,0.00
i05,e11,c1,p10,l3,1.89
i05,e11,c1,p11,l2,0.00
i05,e11,c1,p11,l3,0.00
i05,e11,c1,p12,l2,0.00
i05,e11,c1,p12,l3,0.00
i05,e11,c1,p13,l2,0.00
i05,e11,c1,p13,l3,0.00
i05,e11,c1,p14,l2,0.00
i05,e11,c1,p14,l3,0.00
i05,e11,c1,p15,l2,0.00
i05,e11,c1,p15,l3,0.00
i05,e11,c1,p16,l2,0.00
i05,e11,c1,p16,l3,0.00
i05,e11,c1,p17,l2,0.00
i05,e11,c1,p17,l3,0.00
i05,e11,c1,p18,l2,0.00
i05,e11,c1,p18,l3,0.00
i05,e11,c1,p19,l2,0.00
i05,e11,c1,p19,l3,1.16
i05,e11,c1,p20,l2,0.00
i05,e11,c1,p20,l3,0.00
i05,e11,c1,p21,l2,0.00
i05,e11,c1,p21,l3,0.00
i05,e11,c1,p22,l2,0.00
i05,e11,c1,p22,l3,0.00
i05,e11,c1,p23,l2,0.00
i05,e11,c1,p23,l3,0.00
i05,e11,c1,p24,l2,0.00
i05,e11,c1,p24,l3,0.00
i05,e11,c1,p25,l2,0.00
i05,e11,c1,p25,l3,0.00
i05,e11,c1,p26,l2,0.00
i05,e11,c1,p26,l3,0.00
i05,e11,c1,p27,l2,0.00
i05,e11,c1,p27,l3,0.00
i05,e11,c1,p28,l2,0.00
i05,e11,c1,p28,l3,0.00
i05,e11,c1,p29,l2,0.00
i05,e11,c1,p29,l3,0.00
i05,e11,c1,p30,l2,0.00
i05,e11,c1,p30,l3,0.00
i05,e11,c1,p31,l2,0.00
i05,e11,c1,p31,l3,0.00
i05,e11,c1,p32,l2,0.00
i05,e11,c1,p32,l3,0.00
i05,e11,c1,p33,l2,0.00
i05,e11,c1,p33,l3,0.00
i05,e11,c1,p34,l2,0.00
i05,e11,c1,p34,l3,0.00
i05,e11,c1,p35,l2,0.00
i05,e11,c1,p35,l3,0.00
i05,e11,c4,p01,l2,0.00
i05,e11,c4,p01,l3,0.00
i05,e11,c4,p02,l2,0.00
i05,e11,c4,p02,l3,0.00
i05,e11,c4,p03,l2,0.00
i05,e11,c4,p03,l3,0.00
i05,e11,c4,p04,l2,0.00
i05,e11,c4,p04,l3,0.00
i05,e11,c4,p05,l2,0.00
i05,e11,c4,p05,l3,0.00
i05,e11,c4,p06,l3,0.00
i05,e11,c4,p07,l3,0.00
i05,e11,c4,p08,l3,0.00
i05,e11,c4,p09,l3,0.00
i05,e11,c4,p10,l2,0.00
i05,e11,c4,p10,l3,0.00
i05,e11,c4,p11,l2,0.00
i05,e11,c4,p11,l3,0.00
i05,e11,c4,p12,l3,0.00
i05,e11,c4,p13,l3,0.00
i05,e11,c4,p14,l3,0.00
i05,e11,c4,p15,l2,0.00
i05,e11,c4,p15,l3,0.00
i05,e11,c4,p16,l3,0.00
i05,e11,c4,p17,l2,0.00
i05,e11,c4,p17,l3,0.00
i05,e11,c4,p18,l3,0.00
i05,e11,c4,p19,l2,0.00
i05,e11,c4,p19,l3,0.00
i05,e11,c4,p21,l3,0.00
i05,e11,c4,p22,l3,0.00
i05,e11,c4,p23,l3,0.00
i05,e11,c4,p24,l3,0.00
i05,e11,c4,p29,l3,0.00
i05,e11,c4,p32,l3,0.00
i05,e11,c4,p35,l2,0.00
i05,e11,c4,p35,l3,0.00
i05,e11,c7,p17,l3,0.00
i05,e11,c7,p35,l3,0.00
i05,e12,c1,p01,l3,3.13
i05,e12,c1,p02,l3,0.00
i05,e12,c1,p03,l3,27.16
i05,e12,c1,p04,l3,6.29
i05,e12,c1,p05,l3,6.45
i05,e12,c1,p06,l3,0.00
i05,e12,c1,p07,l3,9.31
i05,e12,c1,p08,l3,2.18
i05,e12,c1,p09,l3,0.00
i05,e12,c1,p10,l3,64.32
i05,e12,c1,p11,l3,8.49
i05,e12,c1,p12,l3,7.57
i05,e12,c1,p13,l3,1.49
i05,e12,c1,p14,l3,0.00
i05,e12,c1,p15,l3,10.04
i05,e12,c1,p16,l3,20.32
i05,e12,c1,p17,l3,1.38
i05,e12,c1,p18,l3,2.06
i05,e12,c1,p19,l3,13.35
i05,e12,c1,p20,l3,0.00
i05,e12,c1,p21,l3,0.00
i05,e12,c1,p22,l3,0.00
i05,e12,c1,p23,l3,0.00
i05,e12,c1,p24,l3,0.00
i05,e12,c1,p25,l3,0.00
i05,e12,c1,p26,l3,0.00
i05,e12,c1,p27,l3,0.00
i05,e12,c1,p28,l3,0.00
i05,e12,c1,p29,l3,0.00
i05,e12,c1,p30,l3,0.00
i05,e12,c1,p31,l3,0.00
i05,e12,c1,p32,l3,0.00
i05,e12,c1,p33,l3,0.00
i05,e12,c1,p34,l3,0.00
i05,e12,c1,p35,l3,37.12
i05,e12,c4,p01,l3,0.00
i05,e12,c4,p02,l3,0.00
i05,e12,c4,p03,l3,0.00
i05,e12,c4,p04,l3,0.00
i05,e12,c4,p05,l3,0.00
i05,e12,c4,p06,l3,0.00
i05,e12,c4,p07,l3,0.00
i05,e12,c4,p08,l3,0.00
i05,e12,c4,p09,l3,0.00
i05,e12,c4,p10,l3,1.57
i05,e12,c4,p11,l3,0.00
i05,e12,c4,p12,l3,0.00
i05,e12,c4,p13,l3,0.00
i05,e12,c4,p14,l3,0.00
i05,e12,c4,p15,l3,0.00
i05,e12,c4,p16,l3,0.00
i05,e12,c4,p17,l3,0.00
i05,e12,c4,p18,l3,0.00
i05,e12,c4,p19,l3,0.00
i05,e12,c4,p20,l3,0.00
i05,e12,c4,p21,l3,0.00
i05,e12,c4,p22,l3,0.00
i05,e12,c4,p23,l3,0.00
i05,e12,c4,p24,l3,0.00
i05,e12,c4,p25,l3,0.00
i05,e12,c4,p26,l3,0.00
i05,e12,c4,p28,l3,0.00
i05,e12,c4,p29,l3,0.00
i05,e12,c4,p31,l3,0.00
i05,e12,c4,p32,l3,0.00
i05,e12,c4,p33,l3,0.00
i05,e12,c4,p35,l3,0.00
i05,e12,c7,p01,l3,0.00
i05,e12,c7,p02,l3,0.00
i05,e12,c7,p03,l3,0.00
i05,e12,c7,p04,l3,0.00
i05,e12,c7,p05,l3,0.00
i05,e12,c7,p06,l3,0.00
i05,e12,c7,p10,l3,0.00
i05,e12,c7,p11,l3,0.00
i05,e12,c7,p12,l3,0.00
i05,e12,c7,p13,l3,0.00
i05,e12,c7,p15,l3,0.00
i05,e12,c7,p16,l3,0.00
i05,e12,c7,p17,l3,0.00
i05,e12,c7,p18,l3,0.00
i05,e12,c7,p19,l3,0.00
i05,e12,c7,p24,l3,0.00
i05,e12,c7,p26,l3,0.00
i05,e12,c7,p35,l3,0.00
i05,e13,c1,p01,l3,0.00
i05,e13,c1,p02,l3,0.00
i05,e13,c1,p03,l3,0.00
i05,e13,c1,p04,l3,0.00
i05,e13,c1,p05,l3,0.00
i05,e13,c1,p06,l3,0.00
i05,e13,c1,p07,l3,0.00
i05,e13,c1,p08,l3,0.00
i05,e13,c1,p09,l3,0.00
i05,e13,c1,p10,l3,0.00
i05,e13,c1,p11,l3,0.00
i05,e13,c1,p12,l3,0.00
i05,e13,c1,p13,l3,0.00
i05,e13,c1,p14,l3,0.00
i05,e13,c1,p15,l3,0.00
i05,e13,c1,p16,l3,0.00
i05,e13,c1,p17,l3,0.00
i05,e13,c1,p18,l3,0.00
i05,e13,c1,p19,l3,0.00
i05,e13,c1,p20,l3,0.00
i05,e13,c1,p21,l3,0.00
i05,e13,c1,p22,l3,0.00
i05,e13,c1,p23,l3,0.00
i05,e13,c1,p24,l3,0.00
i05,e13,c1,p25,l3,0.00
i05,e13,c1,p26,l3,0.00
i05,e13,c1,p27,l3,0.00
i05,e13,c1,p28,l3,0.00
i05,e13,c1,p29,l3,0.00
i05,e13,c1,p30,l3,0.00
i05,e13,c1,p31,l3,0.00
i05,e13,c1,p32,l3,0.00
i05,e13,c1,p33,l3,0.00
i05,e13,c1,p34,l3,0.00
i05,e13,c1,p35,l3,0.00
i05,e13,c4,p01,l3,0.00
i05,e13,c4,p02,l3,0.00
i05,e13,c4,p03,l3,0.00
i05,e13,c4,p04,l3,0.00
i05,e13,c4,p05,l3,0.00
i05,e13,c4,p06,l3,0.00
i05,e13,c4,p07,l3,0.00
i05,e13,c4,p08,l3,0.00
i05,e13,c4,p09,l3,0.00
i05,e13,c4,p10,l3,0.00
i05,e13,c4,p11,l3,0.00
i05,e13,c4,p12,l3,0.00
i05,e13,c4,p13,l3,0.00
i05,e13,c4,p14,l3,0.00
i05,e13,c4,p15,l3,0.00
i05,e13,c4,p16,l3,0.00
i05,e13,c4,p17,l3,0.00
i05,e13,c4,p18,l3,0.00
i05,e13,c4,p19,l3,0.00
i05,e13,c4,p20,l3,0.00
i05,e13,c4,p21,l3,0.00
i05,e13,c4,p22,l3,0.00
i05,e13,c4,p24,l3,0.00
i05,e13,c4,p25,l3,0.00
i05,e13,c4,p26,l3,0.00
i05,e13,c4,p28,l3,0.00
i05,e13,c4,p29,l3,0.00
i05,e13,c4,p32,l3,0.00
i05,e13,c4,p35,l3,0.00
i05,e13,c7,p06,l3,0.00
i05,e13,c7,p10,l3,0.00
i05,e13,c7,p12,l3,0.00
i05,e13,c7,p15,l3,0.00
i05,e13,c7,p17,l3,0.00
i05,e13,c7,p35,l3,0.00
i06,e01,c3,p01,l2,0.00
i06,e01,c3,p01,l3,0.00
i06,e01,c3,p02,l3,0.00
i06,e01,c3,p02,l4,0.00
i06,e01,c3,p03,l3,0.00
i06,e01,c3,p03,l4,0.00
i06,e01,c3,p04,l2,0.00
i06,e01,c3,p04,l3,0.00
i06,e01,c3,p04,l4,0.00
i06,e01,c3,p05,l3,3.01
i06,e01,c3,p05,l4,0.00
i06,e01,c3,p06,l3,0.00
i06,e01,c3,p06,l4,0.00
i06,e01,c3,p07,l3,0.00
i06,e01,c3,p07,l4,0.00
i06,e01,c3,p08,l3,0.00
i06,e01,c3,p09,l3,0.00
i06,e01,c3,p10,l2,0.00
i06,e01,c3,p10,l3,0.00
i06,e01,c3,p10,l4,0.00
i06,e01,c3,p11,l2,0.00
i06,e01,c3,p11,l3,0.00
i06,e01,c3,p12,l3,0.00
i06,e01,c3,p13,l3,0.00
i06,e01,c3,p14,l2,0.00
i06,e01,c3,p14,l3,0.00
i06,e01,c3,p15,l3,1.73
i06,e01,c3,p15,l4,0.00
i06,e01,c3,p16,l3,0.00
i06,e01,c3,p16,l4,0.00
i06,e01,c3,p17,l3,1.28
i06,e01,c3,p17,l4,0.00
i06,e01,c3,p18,l2,0.00
i06,e01,c3,p18,l3,0.00
i06,e01,c3,p18,l4,0.00
i06,e01,c3,p19,l2,0.00
i06,e01,c3,p19,l3,0.00
i06,e01,c3,p19,l4,0.00
i06,e01,c3,p20,l3,0.00
i06,e01,c3,p21,l2,0.00
i06,e01,c3,p21,l3,0.00
i06,e01,c3,p21,l4,0.00
i06,e01,c3,p22,l3,0.00
i06,e01,c3,p22,l4,0.00
i06,e01,c3,p23,l3,0.00
i06,e01,c3,p23,l4,0.00
i06,e01,c3,p24,l3,0.00
i06,e01,c3,p25,l3,0.00
i06,e01,c3,p25,l4,0.00
i06,e01,c3,p26,l3,0.00
i06,e01,c3,p27,l3,0.00
i06,e01,c3,p28,l3,0.00
i06,e01,c3,p29,l3,0.00
i06,e01,c3,p30,l3,0.00
i06,e01,c3,p31,l3,0.00
i06,e01,c3,p32,l3,0.00
i06,e01,c3,p32,l4,0.00
i06,e01,c3,p33,l3,0.00
i06,e01,c3,p35,l2,0.00
i06,e01,c3,p35,l3,1.02
i06,e01,c3,p35,l4,0.00
i06,e01,c5,p01,l2,0.00
i06,e01,c5,p01,l3,44.39
i06,e01,c5,p01,l4,0.00
i06,e01,c5,p02,l2,0.00
i06,e01,c5,p02,l3,19.43
i06,e01,c5,p02,l4,0.00
i06,e01,c5,p03,l2,0.00
i06,e01,c5,p03,l3,70.11
i06,e01,c5,p03,l4,0.00
i06,e01,c5,p04,l2,0.00
i06,e01,c5,p04,l3,43.90
i06,e01,c5,p04,l4,0.00
i06,e01,c5,p05,l2,0.00
i06,e01,c5,p05,l3,68.42
i06,e01,c5,p05,l4,0.00
i06,e01,c5,p06,l2,0.00
i06,e01,c5,p06,l3,39.20
i06,e01,c5,p06,l4,0.00
i06,e01,c5,p07,l2,0.00
i06,e01,c5,p07,l3,42.72
i06,e01,c5,p07,l4,0.00
i06,e01,c5,p08,l2,0.00
i06,e01,c5,p08,l3,56.65
i06,e01,c5,p08,l4,0.00
i06,e01,c5,p09,l2,0.00
i06,e01,c5,p09,l3,20.06
i06,e01,c5,p09,l4,0.00
i06,e01,c5,p10,l2,0.00
i06,e01,c5,p10,l3,212.48
i06,e01,c5,p10,l4,0.00
i06,e01,c5,p11,l2,0.00
i06,e01,c5,p11,l3,62.31
i06,e01,c5,p11,l4,0.00
i06,e01,c5,p12,l2,0.00
i06,e01,c5,p12,l3,26.59
i06,e01,c5,p12,l4,0.00
i06,e01,c5,p13,l2,0.00
i06,e01,c5,p13,l3,36.38
i06,e01,c5,p13,l4,0.00
i06,e01,c5,p14,l2,0.00
i06,e01,c5,p14,l3,30.34
i06,e01,c5,p14,l4,0.00
i06,e01,c5,p15,l2,0.00
i06,e01,c5,p15,l3,69.22
i06,e01,c5,p15,l4,0.00
i06,e01,c5,p16,l2,0.00
i06,e01,c5,p16,l3,45.10
i06,e01,c5,p16,l4,0.00
i06,e01,c5,p17,l2,0.00
i06,e01,c5,p17,l3,42.44
i06,e01,c5,p17,l4,0.00
i06,e01,c5,p18,l2,0.00
i06,e01,c5,p18,l3,32.45
i06,e01,c5,p18,l4,0.00
i06,e01,c5,p19,l2,0.00
i06,e01,c5,p19,l3,137.56
i06,e01,c5,p19,l4,0.00
i06,e01,c5,p20,l2,0.00
i06,e01,c5,p20,l3,9.11
i06,e01,c5,p20,l4,0.00
i06,e01,c5,p21,l2,0.00
i06,e01,c5,p21,l3,67.85
i06,e01,c5,p21,l4,0.00
i06,e01,c5,p22,l2,0.00
i06,e01,c5,p22,l3,10.14
i06,e01,c5,p22,l4,0.00
i06,e01,c5,p23,l2,0.00
i06,e01,c5,p23,l3,17.30
i06,e01,c5,p23,l4,0.00
i06,e01,c5,p24,l2,0.00
i06,e01,c5,p24,l3,35.16
i06,e01,c5,p24,l4,0.00
i06,e01,c5,p25,l2,0.00
i06,e01,c5,p25,l3,34.37
i06,e01,c5,p25,l4,0.00
i06,e01,c5,p26,l2,0.00
i06,e01,c5,p26,l3,0.00
i06,e01,c5,p26,l4,0.00
i06,e01,c5,p27,l3,0.00
i06,e01,c5,p28,l2,0.00
i06,e01,c5,p28,l3,15.26
i06,e01,c5,p28,l4,0.00
i06,e01,c5,p29,l2,0.00
i06,e01,c5,p29,l3,27.42
i06,e01,c5,p29,l4,0.00
i06,e01,c5,p30,l2,0.00
i06,e01,c5,p30,l3,3.51
i06,e01,c5,p30,l4,0.00
i06,e01,c5,p31,l2,0.00
i06,e01,c5,p31,l3,3.23
i06,e01,c5,p31,l4,0.00
i06,e01,c5,p32,l2,0.00
i06,e01,c5,p32,l3,0.00
i06,e01,c5,p32,l4,0.00
i06,e01,c5,p33,l2,0.00
i06,e01,c5,p33,l3,3.86
i06,e01,c5,p33,l4,0.00
i06,e01,c5,p34,l3,0.00
i06,e01,c5,p35,l2,0.00
i06,e01,c5,p35,l3,179.14
i06,e01,c5,p35,l4,0.00
i06,e01,c8,p35,l3,0.00
i06,e02,c3,p01,l1,0.00
i06,e02,c3,p01,l3,0.00
i06,e02,c3,p02,l1,0.00
i06,e02,c3,p02,l3,0.00
i06,e02,c3,p03,l1,0.00
i06,e02,c3,p03,l3,0.00
i06,e02,c3,p04,l1,0.00
i06,e02,c3,p04,l3,0.00
i06,e02,c3,p05,l1,0.00
i06,e02,c3,p05,l3,0.00
i06,e02,c3,p06,l1,0.00
i06,e02,c3,p06,l3,0.00
i06,e02,c3,p07,l1,0.00
i06,e02,c3,p07,l3,0.00
i06,e02,c3,p08,l1,0.00
i06,e02,c3,p08,l3,0.00
i06,e02,c3,p09,l1,0.00
i06,e02,c3,p09,l3,0.00
i06,e02,c3,p10,l1,0.00
i06,e02,c3,p10,l3,0.00
i06,e02,c3,p11,l1,0.00
i06,e02,c3,p11,l3,0.00
i06,e02,c3,p12,l1,0.00
i06,e02,c3,p12,l3,0.00
i06,e02,c3,p13,l1,0.00
i06,e02,c3,p13,l3,0.00
i06,e02,c3,p14,l1,0.00
i06,e02,c3,p14,l3,0.00
i06,e02,c3,p15,l1,0.00
i06,e02,c3,p15,l3,0.00
i06,e02,c3,p16,l1,0.00
i06,e02,c3,p16,l3,0.00
i06,e02,c3,p17,l1,0.00
i06,e02,c3,p17,l3,0.00
i06,e02,c3,p18,l1,0.00
i06,e02,c3,p18,l3,0.00
i06,e02,c3,p19,l1,0.00
i06,e02,c3,p19,l3,0.00
i06,e02,c3,p20,l1,0.00
i06,e02,c3,p20,l3,0.00
i06,e02,c3,p21,l1,0.00
i06,e02,c3,p21,l3,0.00
i06,e02,c3,p22,l1,0.00
i06,e02,c3,p22,l3,0.00
i06,e02,c3,p23,l1,0.00
i06,e02,c3,p23,l3,0.00
i06,e02,c3,p24,l1,0.00
i06,e02,c3,p24,l3,0.00
i06,e02,c3,p25,l1,0.00
i06,e02,c3,p25,l3,0.00
i06,e02,c3,p26,l1,0.00
i06,e02,c3,p28,l1,0.00
i06,e02,c3,p28,l3,0.00
i06,e02,c3,p29,l1,0.00
i06,e02,c3,p29,l3,0.00
i06,e02,c3,p30,l1,0.00
i06,e02,c3,p31,l1,0.00
i06,e02,c3,p31,l3,0.00
i06,e02,c3,p32,l1,0.00
i06,e02,c3,p32,l3,0.00
i06,e02,c3,p33,l1,0.00
i06,e02,c3,p35,l1,0.00
i06,e02,c3,p35,l3,0.00
i06,e02,c5,p01,l1,0.00
i06,e02,c5,p01,l3,0.00
i06,e02,c5,p02,l1,0.00
i06,e02,c5,p02,l3,0.00
i06,e02,c5,p03,l1,0.00
i06,e02,c5,p03,l3,0.00
i06,e02,c5,p04,l1,0.00
i06,e02,c5,p04,l3,0.00
i06,e02,c5,p05,l1,0.00
i06,e02,c5,p05,l3,1.35
i06,e02,c5,p06,l1,0.00
i06,e02,c5,p06,l3,0.00
i06,e02,c5,p07,l1,0.00
i06,e02,c5,p07,l3,2.12
i06,e02,c5,p08,l1,0.00
i06,e02,c5,p08,l3,1.15
i06,e02,c5,p09,l1,0.00
i06,e02,c5,p09,l3,2.33
i06,e02,c5,p10,l1,0.00
i06,e02,c5,p10,l3,0.00
i06,e02,c5,p11,l1,1.74
i06,e02,c5,p11,l3,0.00
i06,e02,c5,p12,l1,0.00
i06,e02,c5,p12,l3,0.00
i06,e02,c5,p13,l1,0.00
i06,e02,c5,p13,l3,0.00
i06,e02,c5,p14,l1,1.08
i06,e02,c5,p14,l3,0.00
i06,e02,c5,p15,l1,1.74
i06,e02,c5,p15,l3,1.05
i06,e02,c5,p16,l1,0.00
i06,e02,c5,p16,l3,0.00
i06,e02,c5,p17,l1,0.00
i06,e02,c5,p17,l3,0.00
i06,e02,c5,p18,l1,0.00
i06,e02,c5,p18,l3,0.00
i06,e02,c5,p19,l1,0.00
i06,e02,c5,p19,l3,1.73
i06,e02,c5,p20,l1,0.00
i06,e02,c5,p20,l3,0.00
i06,e02,c5,p21,l1,1.55
i06,e02,c5,p21,l3,0.00
i06,e02,c5,p22,l1,0.00
i06,e02,c5,p22,l3,0.00
i06,e02,c5,p23,l1,0.00
i06,e02,c5,p23,l3,0.00
i06,e02,c5,p24,l1,0.00
i06,e02,c5,p24,l3,0.00
i06,e02,c5,p25,l1,0.00
i06,e02,c5,p25,l3,0.00
i06,e02,c5,p26,l1,0.00
i06,e02,c5,p26,l3,0.00
i06,e02,c5,p28,l1,1.11
i06,e02,c5,p28,l3,0.00
i06,e02,c5,p29,l1,0.00
i06,e02,c5,p29,l3,0.00
i06,e02,c5,p30,l1,0.00
i06,e02,c5,p30,l3,0.00
i06,e02,c5,p31,l1,0.00
i06,e02,c5,p31,l3,0.00
i06,e02,c5,p32,l1,0.00
i06,e02,c5,p32,l3,0.00
i06,e02,c5,p33,l1,0.00
i06,e02,c5,p33,l3,0.00
i06,e02,c5,p35,l1,1.05
i06,e02,c5,p35,l3,1.47
i06,e02,c8,p35,l3,0.00
i06,e04,c3,p01,l1,0.00
i06,e04,c3,p01,l3,0.00
i06,e04,c3,p01,l4,0.00
i06,e04,c3,p02,l1,0.00
i06,e04,c3,p02,l3,0.00
i06,e04,c3,p02,l4,0.00
i06,e04,c3,p03,l1,0.00
i06,e04,c3,p03,l3,0.00
i06,e04,c3,p03,l4,0.00
i06,e04,c3,p04,l1,0.00
i06,e04,c3,p04,l2,0.00
i06,e04,c3,p04,l3,0.00
i06,e04,c3,p04,l4,0.00
i06,e04,c3,p05,l1,0.00
i06,e04,c3,p05,l3,0.00
i06,e04,c3,p05,l4,0.00
i06,e04,c3,p06,l1,0.00
i06,e04,c3,p06,l3,0.00
i06,e04,c3,p06,l4,0.00
i06,e04,c3,p07,l1,0.00
i06,e04,c3,p07,l2,0.00
i06,e04,c3,p07,l3,2.39
i06,e04,c3,p07,l4,0.00
i06,e04,c3,p08,l1,0.00
i06,e04,c3,p08,l3,0.00
i06,e04,c3,p08,l4,0.00
i06,e04,c3,p09,l1,0.00
i06,e04,c3,p09,l2,0.00
i06,e04,c3,p09,l3,0.00
i06,e04,c3,p09,l4,0.00
i06,e04,c3,p10,l1,0.00
i06,e04,c3,p10,l2,0.00
i06,e04,c3,p10,l3,1.31
i06,e04,c3,p10,l4,0.00
i06,e04,c3,p11,l1,0.00
i06,e04,c3,p11,l2,0.00
i06,e04,c3,p11,l3,0.00
i06,e04,c3,p11,l4,0.00
i06,e04,c3,p12,l1,0.00
i06,e04,c3,p12,l3,0.00
i06,e04,c3,p12,l4,0.00
i06,e04,c3,p13,l1,0.00
i06,e04,c3,p13,l2,0.00
i06,e04,c3,p13,l3,0.00
i06,e04,c3,p13,l4,0.00
i06,e04,c3,p14,l1,0.00
i06,e04,c3,p14,l3,0.00
i06,e04,c3,p14,l4,0.00
i06,e04,c3,p15,l1,0.00
i06,e04,c3,p15,l3,0.00
i06,e04,c3,p15,l4,0.00
i06,e04,c3,p16,l1,0.00
i06,e04,c3,p16,l3,0.00
i06,e04,c3,p16,l4,0.00
i06,e04,c3,p17,l1,0.00
i06,e04,c3,p17,l3,2.64
i06,e04,c3,p17,l4,0.00
i06,e04,c3,p18,l1,0.00
i06,e04,c3,p18,l3,0.00
i06,e04,c3,p18,l4,0.00
i06,e04,c3,p19,l1,0.00
i06,e04,c3,p19,l2,0.00
i06,e04,c3,p19,l3,4.07
i06,e04,c3,p19,l4,0.00
i06,e04,c3,p20,l1,0.00
i06,e04,c3,p20,l3,0.00
i06,e04,c3,p20,l4,0.00
i06,e04,c3,p21,l1,0.00
i06,e04,c3,p21,l2,0.00
i06,e04,c3,p21,l3,0.00
i06,e04,c3,p21,l4,0.00
i06,e04,c3,p22,l1,0.00
i06,e04,c3,p22,l3,0.00
i06,e04,c3,p22,l4,0.00
i06,e04,c3,p23,l1,0.00
i06,e04,c3,p23,l3,0.00
i06,e04,c3,p23,l4,0.00
i06,e04,c3,p24,l1,0.00
i06,e04,c3,p24,l3,0.00
i06,e04,c3,p24,l4,0.00
i06,e04,c3,p25,l1,0.00
i06,e04,c3,p25,l3,0.00
i06,e04,c3,p25,l4,0.00
i06,e04,c3,p26,l1,0.00
i06,e04,c3,p26,l3,0.00
i06,e04,c3,p26,l4,0.00
i06,e04,c3,p27,l1,0.00
i06,e04,c3,p27,l3,0.00
i06,e04,c3,p28,l1,0.00
i06,e04,c3,p28,l3,0.00
i06,e04,c3,p28,l4,0.00
i06,e04,c3,p29,l1,0.00
i06,e04,c3,p29,l3,0.00
i06,e04,c3,p29,l4,0.00
i06,e04,c3,p30,l1,0.00
i06,e04,c3,p30,l3,0.00
i06,e04,c3,p30,l4,0.00
i06,e04,c3,p31,l1,0.00
i06,e04,c3,p31,l3,0.00
i06,e04,c3,p31,l4,0.00
i06,e04,c3,p32,l1,0.00
i06,e04,c3,p32,l3,0.00
i06,e04,c3,p32,l4,0.00
i06,e04,c3,p33,l1,0.00
i06,e04,c3,p33,l3,0.00
i06,e04,c3,p35,l1,0.00
i06,e04,c3,p35,l2,0.00
i06,e04,c3,p35,l3,0.00
i06,e04,c3,p35,l4,0.00
i06,e04,c5,p01,l1,0.00
i06,e04,c5,p01,l2,0.00
i06,e04,c5,p01,l3,99.59
i06,e04,c5,p01,l4,0.00
i06,e04,c5,p02,l1,0.00
i06,e04,c5,p02,l2,0.00
i06,e04,c5,p02,l3,126.80
i06,e04,c5,p02,l4,0.00
i06,e04,c5,p03,l1,0.00
i06,e04,c5,p03,l2,0.00
i06,e04,c5,p03,l3,133.51
i06,e04,c5,p03,l4,0.00
i06,e04,c5,p04,l1,0.00
i06,e04,c5,p04,l2,0.00
i06,e04,c5,p04,l3,109.02
i06,e04,c5,p04,l4,0.00
i06,e04,c5,p05,l1,0.00
i06,e04,c5,p05,l2,0.00
i06,e04,c5,p05,l3,130.22
i06,e04,c5,p05,l4,0.00
i06,e04,c5,p06,l1,0.00
i06,e04,c5,p06,l2,0.00
i06,e04,c5,p06,l3,46.68
i06,e04,c5,p06,l4,0.00
i06,e04,c5,p07,l1,0.00
i06,e04,c5,p07,l2,0.00
i06,e04,c5,p07,l3,86.19
i06,e04,c5,p07,l4,0.00
i06,e04,c5,p08,l1,0.00
i06,e04,c5,p08,l2,0.00
i06,e04,c5,p08,l3,59.15
i06,e04,c5,p08,l4,0.00
i06,e04,c5,p09,l1,0.00
i06,e04,c5,p09,l2,0.00
i06,e04,c5,p09,l3,49.70
i06,e04,c5,p09,l4,0.00
i06,e04,c5,p10,l1,0.00
i06,e04,c5,p10,l2,0.00
i06,e04,c5,p10,l3,507.10
i06,e04,c5,p10,l4,0.00
i06,e04,c5,p11,l1,0.00
i06,e04,c5,p11,l2,0.00
i06,e04,c5,p11,l3,121.37
i06,e04,c5,p11,l4,0.00
i06,e04,c5,p12,l1,0.00
i06,e04,c5,p12,l2,0.00
i06,e04,c5,p12,l3,32.68
i06,e04,c5,p12,l4,0.00
i06,e04,c5,p13,l1,0.00
i06,e04,c5,p13,l2,0.00
i06,e04,c5,p13,l3,89.25
i06,e04,c5,p13,l4,0.00
i06,e04,c5,p14,l1,0.00
i06,e04,c5,p14,l2,0.00
i06,e04,c5,p14,l3,55.16
i06,e04,c5,p14,l4,0.00
i06,e04,c5,p15,l1,0.00
i06,e04,c5,p15,l2,0.00
i06,e04,c5,p15,l3,110.11
i06,e04,c5,p15,l4,0.00
i06,e04,c5,p16,l1,0.00
i06,e04,c5,p16,l2,0.00
i06,e04,c5,p16,l3,164.36
i06,e04,c5,p16,l4,0.00
i06,e04,c5,p17,l1,0.00
i06,e04,c5,p17,l2,0.00
i06,e04,c5,p17,l3,117.60
i06,e04,c5,p17,l4,0.00
i06,e04,c5,p18,l1,0.00
i06,e04,c5,p18,l2,0.00
i06,e04,c5,p18,l3,53.65
i06,e04,c5,p18,l4,0.00
i06,e04,c5,p19,l1,0.00
i06,e04,c5,p19,l2,0.00
i06,e04,c5,p19,l3,247.10
i06,e04,c5,p19,l4,0.00
i06,e04,c5,p20,l1,0.00
i06,e04,c5,p20,l2,0.00
i06,e04,c5,p20,l3,6.13
i06,e04,c5,p20,l4,0.00
i06,e04,c5,p21,l1,0.00
i06,e04,c5,p21,l2,0.00
i06,e04,c5,p21,l3,123.02
i06,e04,c5,p21,l4,0.00
i06,e04,c5,p22,l1,0.00
i06,e04,c5,p22,l2,0.00
i06,e04,c5,p22,l3,33.08
i06,e04,c5,p22,l4,0.00
i06,e04,c5,p23,l1,0.00
i06,e04,c5,p23,l2,0.00
i06,e04,c5,p23,l3,51.05
i06,e04,c5,p23,l4,0.00
i06,e04,c5,p24,l1,0.00
i06,e04,c5,p24,l2,0.00
i06,e04,c5,p24,l3,67.09
i06,e04,c5,p24,l4,0.00
i06,e04,c5,p25,l1,0.00
i06,e04,c5,p25,l2,0.00
i06,e04,c5,p25,l3,45.35
i06,e04,c5,p25,l4,0.00
i06,e04,c5,p26,l1,0.00
i06,e04,c5,p26,l2,0.00
i06,e04,c5,p26,l3,3.62
i06,e04,c5,p26,l4,0.00
i06,e04,c5,p27,l1,0.00
i06,e04,c5,p27,l3,0.00
i06,e04,c5,p27,l4,0.00
i06,e04,c5,p28,l1,0.00
i06,e04,c5,p28,l2,0.00
i06,e04,c5,p28,l3,41.79
i06,e04,c5,p28,l4,0.00
i06,e04,c5,p29,l1,0.00
i06,e04,c5,p29,l2,0.00
i06,e04,c5,p29,l3,68.25
i06,e04,c5,p29,l4,0.00
i06,e04,c5,p30,l1,0.00
i06,e04,c5,p30,l2,0.00
i06,e04,c5,p30,l3,3.01
i06,e04,c5,p30,l4,0.00
i06,e04,c5,p31,l1,0.00
i06,e04,c5,p31,l2,0.00
i06,e04,c5,p31,l3,7.31
i06,e04,c5,p31,l4,0.00
i06,e04,c5,p32,l1,0.00
i06,e04,c5,p32,l2,0.00
i06,e04,c5,p32,l3,9.46
i06,e04,c5,p32,l4,0.00
i06,e04,c5,p33,l1,0.00
i06,e04,c5,p33,l3,2.14
i06,e04,c5,p33,l4,0.00
i06,e04,c5,p34,l1,0.00
i06,e04,c5,p34,l3,0.00
i06,e04,c5,p35,l1,0.00
i06,e04,c5,p35,l2,0.00
i06,e04,c5,p35,l3,382.32
i06,e04,c5,p35,l4,0.00
i06,e04,c8,p10,l3,0.00
i06,e04,c8,p35,l1,0.00
i06,e04,c8,p35,l3,0.00
i06,e05,c3,p01,l1,0.00
i06,e05,c3,p01,l3,0.00
i06,e05,c3,p02,l1,0.00
i06,e05,c3,p02,l3,0.00
i06,e05,c3,p03,l1,0.00
i06,e05,c3,p03,l3,0.00
i06,e05,c3,p04,l1,0.00
i06,e05,c3,p04,l3,0.00
i06,e05,c3,p05,l1,0.00
i06,e05,c3,p05,l3,0.00
i06,e05,c3,p06,l1,0.00
i06,e05,c3,p06,l3,0.00
i06,e05,c3,p07,l1,0.00
i06,e05,c3,p07,l3,0.00
i06,e05,c3,p08,l1,0.00
i06,e05,c3,p08,l3,0.00
i06,e05,c3,p09,l1,0.00
i06,e05,c3,p09,l3,0.00
i06,e05,c3,p10,l1,0.00
i06,e05,c3,p10,l3,0.00
i06,e05,c3,p11,l1,0.00
i06,e05,c3,p11,l3,0.00
i06,e05,c3,p12,l1,0.00
i06,e05,c3,p12,l3,0.00
i06,e05,c3,p13,l1,0.00
i06,e05,c3,p13,l3,0.00
i06,e05,c3,p14,l1,0.00
i06,e05,c3,p14,l3,0.00
i06,e05,c3,p15,l1,0.00
i06,e05,c3,p15,l3,0.00
i06,e05,c3,p16,l1,0.00
i06,e05,c3,p16,l3,0.00
i06,e05,c3,p17,l1,0.00
i06,e05,c3,p17,l3,0.00
i06,e05,c3,p18,l1,0.00
i06,e05,c3,p18,l3,0.00
i06,e05,c3,p19,l1,0.00
i06,e05,c3,p19,l3,0.00
i06,e05,c3,p20,l1,0.00
i06,e05,c3,p20,l3,0.00
i06,e05,c3,p21,l1,0.00
i06,e05,c3,p21,l3,0.00
i06,e05,c3,p22,l1,0.00
i06,e05,c3,p22,l3,0.00
i06,e05,c3,p23,l1,0.00
i06,e05,c3,p23,l3,0.00
i06,e05,c3,p24,l1,0.00
i06,e05,c3,p24,l3,0.00
i06,e05,c3,p25,l1,0.00
i06,e05,c3,p25,l3,0.00
i06,e05,c3,p26,l1,0.00
i06,e05,c3,p26,l3,0.00
i06,e05,c3,p27,l1,0.00
i06,e05,c3,p28,l1,0.00
i06,e05,c3,p28,l3,0.00
i06,e05,c3,p29,l1,0.00
i06,e05,c3,p29,l3,0.00
i06,e05,c3,p30,l1,0.00
i06,e05,c3,p30,l3,0.00
i06,e05,c3,p31,l1,0.00
i06,e05,c3,p31,l3,0.00
i06,e05,c3,p32,l1,0.00
i06,e05,c3,p32,l3,0.00
i06,e05,c3,p33,l1,0.00
i06,e05,c3,p35,l1,0.00
i06,e05,c3,p35,l3,0.00
i06,e05,c5,p01,l1,0.00
i06,e05,c5,p01,l3,2.34
i06,e05,c5,p02,l1,0.00
i06,e05,c5,p02,l3,0.00
i06,e05,c5,p03,l1,3.20
i06,e05,c5,p03,l3,0.00
i06,e05,c5,p04,l1,0.00
i06,e05,c5,p04,l3,1.00
i06,e05,c5,p05,l1,1.16
i06,e05,c5,p05,l3,0.00
i06,e05,c5,p06,l1,1.78
i06,e05,c5,p06,l3,1.75
i06,e05,c5,p07,l1,1.07
i06,e05,c5,p07,l3,1.33
i06,e05,c5,p08,l1,0.00
i06,e05,c5,p08,l3,0.00
i06,e05,c5,p09,l1,0.00
i06,e05,c5,p09,l3,0.00
i06,e05,c5,p10,l1,0.00
i06,e05,c5,p10,l3,1.62
i06,e05,c5,p11,l1,0.00
i06,e05,c5,p11,l3,0.00
i06,e05,c5,p12,l1,0.00
i06,e05,c5,p12,l3,0.00
i06,e05,c5,p13,l1,0.00
i06,e05,c5,p13,l3,0.00
i06,e05,c5,p14,l1,1.50
i06,e05,c5,p14,l3,0.00
i06,e05,c5,p15,l1,0.00
i06,e05,c5,p15,l3,1.36
i06,e05,c5,p16,l1,0.00
i06,e05,c5,p16,l3,0.00
i06,e05,c5,p17,l1,0.00
i06,e05,c5,p17,l3,0.00
i06,e05,c5,p18,l1,0.00
i06,e05,c5,p18,l3,0.00
i06,e05,c5,p19,l1,1.10
i06,e05,c5,p19,l3,0.00
i06,e05,c5,p20,l1,0.00
i06,e05,c5,p20,l3,0.00
i06,e05,c5,p21,l1,1.96
i06,e05,c5,p21,l3,1.02
i06,e05,c5,p22,l1,0.00
i06,e05,c5,p22,l3,2.42
i06,e05,c5,p23,l1,1.49
i06,e05,c5,p23,l3,0.00
i06,e05,c5,p24,l1,1.49
i06,e05,c5,p24,l3,0.00
i06,e05,c5,p25,l1,0.00
i06,e05,c5,p25,l3,0.00
i06,e05,c5,p26,l1,0.00
i06,e05,c5,p26,l3,0.00
i06,e05,c5,p27,l1,0.00
i06,e05,c5,p28,l1,0.00
i06,e05,c5,p28,l3,1.09
i06,e05,c5,p29,l1,0.00
i06,e05,c5,p29,l3,1.49
i06,e05,c5,p30,l1,0.00
i06,e05,c5,p30,l3,0.00
i06,e05,c5,p31,l1,0.00
i06,e05,c5,p31,l3,0.00
i06,e05,c5,p32,l1,0.00
i06,e05,c5,p32,l3,0.00
i06,e05,c5,p33,l1,0.00
i06,e05,c5,p33,l3,0.00
i06,e05,c5,p34,l1,0.00
i06,e05,c5,p35,l1,3.12
i06,e05,c5,p35,l3,0.00
i06,e05,c8,p10,l1,0.00
i06,e05,c8,p10,l3,0.00
i06,e05,c8,p32,l3,0.00
i06,e05,c8,p35,l1,0.00
i06,e05,c8,p35,l3,0.00
i06,e06,c5,p01,l1,0.00
i06,e06,c5,p01,l3,0.00
i06,e06,c5,p03,l1,0.00
i06,e06,c5,p03,l3,0.00
i06,e06,c5,p04,l3,0.00
i06,e06,c5,p05,l1,0.00
i06,e06,c5,p05,l3,0.00
i06,e06,c5,p06,l1,0.00
i06,e06,c5,p06,l3,0.00
i06,e06,c5,p07,l1,0.00
i06,e06,c5,p07,l3,0.00
i06,e06,c5,p09,l3,0.00
i06,e06,c5,p10,l1,0.00
i06,e06,c5,p10,l3,0.00
i06,e06,c5,p11,l1,0.00
i06,e06,c5,p12,l1,0.00
i06,e06,c5,p15,l1,0.00
i06,e06,c5,p15,l3,0.00
i06,e06,c5,p16,l3,0.00
i06,e06,c5,p17,l1,0.00
i06,e06,c5,p17,l3,0.00
i06,e06,c5,p19,l1,0.00
i06,e06,c5,p19,l3,0.00
i06,e06,c5,p21,l1,0.00
i06,e06,c5,p21,l3,0.00
i06,e06,c5,p25,l3,0.00
i06,e06,c5,p32,l1,0.00
i06,e06,c5,p32,l3,0.00
i06,e06,c5,p35,l1,0.00
i06,e07,c3,p01,l2,0.00
i06,e07,c3,p01,l3,0.00
i06,e07,c3,p02,l2,0.00
i06,e07,c3,p02,l3,0.00
i06,e07,c3,p03,l2,0.00
i06,e07,c3,p03,l3,0.00
i06,e07,c3,p04,l2,0.00
i06,e07,c3,p04,l3,0.00
i06,e07,c3,p05,l2,0.00
i06,e07,c3,p05,l3,0.00
i06,e07,c3,p06,l2,0.00
i06,e07,c3,p06,l3,0.00
i06,e07,c3,p07,l2,0.00
i06,e07,c3,p07,l3,0.00
i06,e07,c3,p08,l2,0.00
i06,e07,c3,p08,l3,0.00
i06,e07,c3,p09,l2,0.00
i06,e07,c3,p09,l3,0.00
i06,e07,c3,p10,l2,0.00
i06,e07,c3,p10,l3,0.00
i06,e07,c3,p11,l2,0.00
i06,e07,c3,p11,l3,0.00
i06,e07,c3,p12,l2,0.00
i06,e07,c3,p12,l3,0.00
i06,e07,c3,p13,l2,0.00
i06,e07,c3,p13,l3,0.00
i06,e07,c3,p14,l2,0.00
i06,e07,c3,p14,l3,0.00
i06,e07,c3,p15,l2,0.00
i06,e07,c3,p15,l3,0.00
i06,e07,c3,p16,l2,0.00
i06,e07,c3,p16,l3,0.00
i06,e07,c3,p17,l2,0.00
i06,e07,c3,p17,l3,0.00
i06,e07,c3,p18,l2,0.00
i06,e07,c3,p18,l3,0.00
i06,e07,c3,p19,l2,0.00
i06,e07,c3,p19,l3,0.00
i06,e07,c3,p20,l2,0.00
i06,e07,c3,p20,l3,0.00
i06,e07,c3,p21,l2,0.00
i06,e07,c3,p21,l3,0.00
i06,e07,c3,p22,l2,0.00
i06,e07,c3,p22,l3,0.00
i06,e07,c3,p23,l2,0.00
i06,e07,c3,p23,l3,0.00
i06,e07,c3,p24,l2,0.00
i06,e07,c3,p24,l3,0.00
i06,e07,c3,p25,l2,0.00
i06,e07,c3,p25,l3,0.00
i06,e07,c3,p26,l2,0.00
i06,e07,c3,p26,l3,0.00
i06,e07,c3,p28,l2,0.00
i06,e07,c3,p28,l3,0.00
i06,e07,c3,p29,l2,0.00
i06,e07,c3,p29,l3,0.00
i06,e07,c3,p30,l3,0.00
i06,e07,c3,p31,l2,0.00
i06,e07,c3,p31,l3,0.00
i06,e07,c3,p32,l2,0.00
i06,e07,c3,p32,l3,0.00
i06,e07,c3,p35,l2,0.00
i06,e07,c3,p35,l3,0.00
i06,e07,c5,p01,l1,0.00
i06,e07,c5,p01,l2,0.00
i06,e07,c5,p01,l3,0.00
i06,e07,c5,p02,l2,0.00
i06,e07,c5,p02,l3,0.00
i06,e07,c5,p03,l1,0.00
i06,e07,c5,p03,l2,0.00
i06,e07,c5,p03,l3,5.23
i06,e07,c5,p04,l2,0.00
i06,e07,c5,p04,l3,0.00
i06,e07,c5,p05,l2,0.00
i06,e07,c5,p05,l3,0.00
i06,e07,c5,p06,l2,0.00
i06,e07,c5,p06,l3,0.00
i06,e07,c5,p07,l2,0.00
i06,e07,c5,p07,l3,1.22
i06,e07,c5,p08,l2,0.00
i06,e07,c5,p08,l3,2.79
i06,e07,c5,p09,l2,0.00
i06,e07,c5,p09,l3,0.00
i06,e07,c5,p10,l2,0.00
i06,e07,c5,p10,l3,5.60
i06,e07,c5,p11,l1,0.00
i06,e07,c5,p11,l2,0.00
i06,e07,c5,p11,l3,3.42
i06,e07,c5,p12,l2,0.00
i06,e07,c5,p12,l3,0.00
i06,e07,c5,p13,l2,0.00
i06,e07,c5,p13,l3,0.00
i06,e07,c5,p14,l2,0.00
i06,e07,c5,p14,l3,0.00
i06,e07,c5,p15,l2,0.00
i06,e07,c5,p15,l3,0.00
i06,e07,c5,p16,l2,0.00
i06,e07,c5,p16,l3,1.07
i06,e07,c5,p17,l2,0.00
i06,e07,c5,p17,l3,3.04
i06,e07,c5,p18,l2,0.00
i06,e07,c5,p18,l3,0.00
i06,e07,c5,p19,l1,0.00
i06,e07,c5,p19,l2,0.00
i06,e07,c5,p19,l3,3.05
i06,e07,c5,p20,l2,0.00
i06,e07,c5,p20,l3,0.00
i06,e07,c5,p21,l2,0.00
i06,e07,c5,p21,l3,1.57
i06,e07,c5,p22,l2,0.00
i06,e07,c5,p22,l3,0.00
i06,e07,c5,p23,l2,0.00
i06,e07,c5,p23,l3,0.00
i06,e07,c5,p24,l2,0.00
i06,e07,c5,p24,l3,0.00
i06,e07,c5,p25,l2,0.00
i06,e07,c5,p25,l3,0.00
i06,e07,c5,p26,l2,0.00
i06,e07,c5,p26,l3,0.00
i06,e07,c5,p28,l1,0.00
i06,e07,c5,p28,l2,0.00
i06,e07,c5,p28,l3,0.00
i06,e07,c5,p29,l2,0.00
i06,e07,c5,p29,l3,2.46
i06,e07,c5,p30,l2,0.00
i06,e07,c5,p30,l3,0.00
i06,e07,c5,p31,l2,0.00
i06,e07,c5,p31,l3,0.00
i06,e07,c5,p32,l2,0.00
i06,e07,c5,p32,l3,0.00
i06,e07,c5,p33,l2,0.00
i06,e07,c5,p33,l3,0.00
i06,e07,c5,p35,l1,0.00
i06,e07,c5,p35,l2,0.00
i06,e07,c5,p35,l3,38.63
i06,e08,c3,p01,l1,0.00
i06,e08,c3,p01,l2,0.00
i06,e08,c3,p01,l3,0.00
i06,e08,c3,p01,l4,0.00
i06,e08,c3,p02,l1,0.00
i06,e08,c3,p02,l2,0.00
i06,e08,c3,p02,l3,0.00
i06,e08,c3,p02,l4,0.00
i06,e08,c3,p03,l1,0.00
i06,e08,c3,p03,l2,0.00
i06,e08,c3,p03,l3,0.00
i06,e08,c3,p03,l4,0.00
i06,e08,c3,p04,l1,0.00
i06,e08,c3,p04,l2,0.00
i06,e08,c3,p04,l3,0.00
i06,e08,c3,p04,l4,0.00
i06,e08,c3,p05,l1,0.00
i06,e08,c3,p05,l2,0.00
i06,e08,c3,p05,l3,2.00
i06,e08,c3,p05,l4,0.00
i06,e08,c3,p06,l1,0.00
i06,e08,c3,p06,l2,0.00
i06,e08,c3,p06,l3,0.00
i06,e08,c3,p06,l4,0.00
i06,e08,c3,p07,l2,0.00
i06,e08,c3,p07,l3,0.00
i06,e08,c3,p07,l4,1.36
i06,e08,c3,p08,l2,0.00
i06,e08,c3,p08,l3,0.00
i06,e08,c3,p08,l4,0.00
i06,e08,c3,p09,l1,0.00
i06,e08,c3,p09,l2,0.00
i06,e08,c3,p09,l3,0.00
i06,e08,c3,p09,l4,0.00
i06,e08,c3,p10,l1,0.00
i06,e08,c3,p10,l2,0.00
i06,e08,c3,p10,l3,0.00
i06,e08,c3,p10,l4,2.02
i06,e08,c3,p11,l1,0.00
i06,e08,c3,p11,l2,0.00
i06,e08,c3,p11,l3,0.00
i06,e08,c3,p11,l4,0.00
i06,e08,c3,p12,l1,0.00
i06,e08,c3,p12,l2,0.00
i06,e08,c3,p12,l3,0.00
i06,e08,c3,p12,l4,0.00
i06,e08,c3,p13,l1,0.00
i06,e08,c3,p13,l2,0.00
i06,e08,c3,p13,l3,0.00
i06,e08,c3,p13,l4,1.21
i06,e08,c3,p14,l1,0.00
i06,e08,c3,p14,l2,0.00
i06,e08,c3,p14,l3,0.00
i06,e08,c3,p14,l4,0.00
i06,e08,c3,p15,l1,0.00
i06,e08,c3,p15,l2,0.00
i06,e08,c3,p15,l3,0.00
i06,e08,c3,p15,l4,1.41
i06,e08,c3,p16,l1,0.00
i06,e08,c3,p16,l2,0.00
i06,e08,c3,p16,l3,0.00
i06,e08,c3,p16,l4,0.00
i06,e08,c3,p17,l1,0.00
i06,e08,c3,p17,l2,0.00
i06,e08,c3,p17,l3,0.00
i06,e08,c3,p17,l4,5.43
i06,e08,c3,p18,l1,0.00
i06,e08,c3,p18,l2,0.00
i06,e08,c3,p18,l3,0.00
i06,e08,c3,p18,l4,0.00
i06,e08,c3,p19,l1,0.00
i06,e08,c3,p19,l2,0.00
i06,e08,c3,p19,l3,0.00
i06,e08,c3,p19,l4,13.21
i06,e08,c3,p20,l2,0.00
i06,e08,c3,p20,l3,0.00
i06,e08,c3,p20,l4,0.00
i06,e08,c3,p21,l1,0.00
i06,e08,c3,p21,l2,0.00
i06,e08,c3,p21,l3,0.00
i06,e08,c3,p21,l4,0.00
i06,e08,c3,p22,l1,0.00
i06,e08,c3,p22,l2,0.00
i06,e08,c3,p22,l3,0.00
i06,e08,c3,p22,l4,0.00
i06,e08,c3,p23,l1,0.00
i06,e08,c3,p23,l2,0.00
i06,e08,c3,p23,l3,0.00
i06,e08,c3,p23,l4,0.00
i06,e08,c3,p24,l1,0.00
i06,e08,c3,p24,l2,0.00
i06,e08,c3,p24,l3,0.00
i06,e08,c3,p24,l4,0.00
i06,e08,c3,p25,l2,0.00
i06,e08,c3,p25,l3,0.00
i06,e08,c3,p25,l4,0.00
i06,e08,c3,p26,l2,0.00
i06,e08,c3,p26,l3,0.00
i06,e08,c3,p26,l4,0.00
i06,e08,c3,p27,l2,0.00
i06,e08,c3,p27,l4,0.00
i06,e08,c3,p28,l2,0.00
i06,e08,c3,p28,l3,0.00
i06,e08,c3,p28,l4,0.00
i06,e08,c3,p29,l2,0.00
i06,e08,c3,p29,l3,0.00
i06,e08,c3,p29,l4,0.00
i06,e08,c3,p30,l2,0.00
i06,e08,c3,p30,l3,0.00
i06,e08,c3,p30,l4,0.00
i06,e08,c3,p31,l2,0.00
i06,e08,c3,p31,l3,0.00
i06,e08,c3,p31,l4,0.00
i06,e08,c3,p32,l2,0.00
i06,e08,c3,p32,l3,0.00
i06,e08,c3,p32,l4,0.00
i06,e08,c3,p33,l2,0.00
i06,e08,c3,p33,l3,0.00
i06,e08,c3,p33,l4,0.00
i06,e08,c3,p35,l1,0.00
i06,e08,c3,p35,l2,0.00
i06,e08,c3,p35,l3,2.73
i06,e08,c3,p35,l4,10.42
i06,e08,c5,p01,l1,0.00
i06,e08,c5,p01,l2,23.16
i06,e08,c5,p01,l3,69.58
i06,e08,c5,p01,l4,1139.54
i06,e08,c5,p02,l1,0.00
i06,e08,c5,p02,l2,17.49
i06,e08,c5,p02,l3,16.19
i06,e08,c5,p02,l4,620.69
i06,e08,c5,p03,l1,0.00
i06,e08,c5,p03,l2,27.38
i06,e08,c5,p03,l3,216.86
i06,e08,c5,p03,l4,759.99
i06,e08,c5,p04,l1,0.00
i06,e08,c5,p04,l2,21.32
i06,e08,c5,p04,l3,150.00
i06,e08,c5,p04,l4,422.42
i06,e08,c5,p05,l1,0.00
i06,e08,c5,p05,l2,32.62
i06,e08,c5,p05,l3,62.10
i06,e08,c5,p05,l4,1657.12
i06,e08,c5,p06,l1,0.00
i06,e08,c5,p06,l2,16.06
i06,e08,c5,p06,l3,23.26
i06,e08,c5,p06,l4,395.34
i06,e08,c5,p07,l1,0.00
i06,e08,c5,p07,l2,18.53
i06,e08,c5,p07,l3,40.04
i06,e08,c5,p07,l4,915.12
i06,e08,c5,p08,l1,0.00
i06,e08,c5,p08,l2,2.03
i06,e08,c5,p08,l3,36.80
i06,e08,c5,p08,l4,552.15
i06,e08,c5,p09,l1,0.00
i06,e08,c5,p09,l2,1.07
i06,e08,c5,p09,l3,43.79
i06,e08,c5,p09,l4,557.35
i06,e08,c5,p10,l1,0.00
i06,e08,c5,p10,l2,116.93
i06,e08,c5,p10,l3,221.48
i06,e08,c5,p10,l4,3865.56
i06,e08,c5,p11,l1,0.00
i06,e08,c5,p11,l2,34.32
i06,e08,c5,p11,l3,283.14
i06,e08,c5,p11,l4,913.17
i06,e08,c5,p12,l1,0.00
i06,e08,c5,p12,l2,19.09
i06,e08,c5,p12,l3,175.30
i06,e08,c5,p12,l4,741.02
i06,e08,c5,p13,l1,0.00
i06,e08,c5,p13,l2,6.38
i06,e08,c5,p13,l3,482.44
i06,e08,c5,p13,l4,796.35
i06,e08,c5,p14,l1,0.00
i06,e08,c5,p14,l2,6.03
i06,e08,c5,p14,l3,50.33
i06,e08,c5,p14,l4,656.01
i06,e08,c5,p15,l1,0.00
i06,e08,c5,p15,l2,56.46
i06,e08,c5,p15,l3,319.01
i06,e08,c5,p15,l4,1722.93
i06,e08,c5,p16,l1,0.00
i06,e08,c5,p16,l2,24.39
i06,e08,c5,p16,l3,212.70
i06,e08,c5,p16,l4,1624.50
i06,e08,c5,p17,l1,0.00
i06,e08,c5,p17,l2,17.92
i06,e08,c5,p17,l3,1939.16
i06,e08,c5,p17,l4,1128.10
i06,e08,c5,p18,l1,0.00
i06,e08,c5,p18,l2,27.39
i06,e08,c5,p18,l3,30.31
i06,e08,c5,p18,l4,606.68
i06,e08,c5,p19,l1,0.00
i06,e08,c5,p19,l2,65.21
i06,e08,c5,p19,l3,377.03
i06,e08,c5,p19,l4,2686.33
i06,e08,c5,p20,l1,0.00
i06,e08,c5,p20,l2,0.00
i06,e08,c5,p20,l3,1.69
i06,e08,c5,p20,l4,203.24
i06,e08,c5,p21,l1,0.00
i06,e08,c5,p21,l2,8.08
i06,e08,c5,p21,l3,63.43
i06,e08,c5,p21,l4,1028.27
i06,e08,c5,p22,l1,0.00
i06,e08,c5,p22,l2,14.55
i06,e08,c5,p22,l3,7.11
i06,e08,c5,p22,l4,246.31
i06,e08,c5,p23,l1,0.00
i06,e08,c5,p23,l2,0.00
i06,e08,c5,p23,l3,31.28
i06,e08,c5,p23,l4,389.04
i06,e08,c5,p24,l1,0.00
i06,e08,c5,p24,l2,2.10
i06,e08,c5,p24,l3,75.71
i06,e08,c5,p24,l4,511.11
i06,e08,c5,p25,l1,0.00
i06,e08,c5,p25,l2,3.64
i06,e08,c5,p25,l3,41.95
i06,e08,c5,p25,l4,187.16
i06,e08,c5,p26,l1,0.00
i06,e08,c5,p26,l2,1.16
i06,e08,c5,p26,l3,6.26
i06,e08,c5,p26,l4,3.22
i06,e08,c5,p27,l2,0.00
i06,e08,c5,p27,l3,0.00
i06,e08,c5,p27,l4,0.00
i06,e08,c5,p28,l1,0.00
i06,e08,c5,p28,l2,10.42
i06,e08,c5,p28,l3,25.47
i06,e08,c5,p28,l4,77.39
i06,e08,c5,p29,l1,0.00
i06,e08,c5,p29,l2,7.26
i06,e08,c5,p29,l3,63.34
i06,e08,c5,p29,l4,762.05
i06,e08,c5,p30,l1,0.00
i06,e08,c5,p30,l2,0.00
i06,e08,c5,p30,l3,0.00
i06,e08,c5,p30,l4,3.86
i06,e08,c5,p31,l1,0.00
i06,e08,c5,p31,l2,0.00
i06,e08,c5,p31,l3,0.00
i06,e08,c5,p31,l4,176.19
i06,e08,c5,p32,l1,0.00
i06,e08,c5,p32,l2,1.29
i06,e08,c5,p32,l3,0.00
i06,e08,c5,p32,l4,17.60
i06,e08,c5,p33,l1,0.00
i06,e08,c5,p33,l2,0.00
i06,e08,c5,p33,l3,0.00
i06,e08,c5,p33,l4,3.08
i06,e08,c5,p34,l2,0.00
i06,e08,c5,p34,l3,0.00
i06,e08,c5,p34,l4,0.00
i06,e08,c5,p35,l1,0.00
i06,e08,c5,p35,l2,241.53
i06,e08,c5,p35,l3,365.23
i06,e08,c5,p35,l4,3279.08
i06,e08,c8,p05,l3,0.00
i06,e08,c8,p07,l2,0.00
i06,e08,c8,p10,l2,0.00
i06,e08,c8,p10,l3,0.00
i06,e08,c8,p10,l4,0.00
i06,e08,c8,p13,l4,0.00
i06,e08,c8,p17,l2,0.00
i06,e08,c8,p29,l2,0.00
i06,e08,c8,p35,l2,0.00
i06,e08,c8,p35,l3,0.00
i06,e08,c8,p35,l4,0.00
i06,e09,c3,p01,l2,0.00
i06,e09,c3,p01,l3,0.00
i06,e09,c3,p02,l2,0.00
i06,e09,c3,p02,l3,0.00
i06,e09,c3,p03,l2,0.00
i06,e09,c3,p03,l3,0.00
i06,e09,c3,p03,l4,0.00
i06,e09,c3,p04,l2,0.00
i06,e09,c3,p04,l3,0.00
i06,e09,c3,p04,l4,0.00
i06,e09,c3,p05,l2,0.00
i06,e09,c3,p05,l3,0.00
i06,e09,c3,p05,l4,0.00
i06,e09,c3,p06,l2,0.00
i06,e09,c3,p06,l3,0.00
i06,e09,c3,p07,l2,0.00
i06,e09,c3,p07,l3,1.64
i06,e09,c3,p07,l4,0.00
i06,e09,c3,p08,l2,0.00
i06,e09,c3,p08,l3,0.00
i06,e09,c3,p09,l2,0.00
i06,e09,c3,p09,l3,0.00
i06,e09,c3,p10,l2,0.00
i06,e09,c3,p10,l3,0.00
i06,e09,c3,p10,l4,0.00
i06,e09,c3,p11,l2,0.00
i06,e09,c3,p11,l3,0.00
i06,e09,c3,p12,l2,0.00
i06,e09,c3,p12,l3,0.00
i06,e09,c3,p13,l2,0.00
i06,e09,c3,p13,l3,0.00
i06,e09,c3,p13,l4,0.00
i06,e09,c3,p14,l2,0.00
i06,e09,c3,p14,l3,0.00
i06,e09,c3,p14,l4,0.00
i06,e09,c3,p15,l2,0.00
i06,e09,c3,p15,l3,0.00
i06,e09,c3,p15,l4,0.00
i06,e09,c3,p16,l2,0.00
i06,e09,c3,p16,l3,0.00
i06,e09,c3,p16,l4,0.00
i06,e09,c3,p17,l2,0.00
i06,e09,c3,p17,l3,2.42
i06,e09,c3,p18,l2,0.00
i06,e09,c3,p18,l3,0.00
i06,e09,c3,p18,l4,0.00
i06,e09,c3,p19,l2,0.00
i06,e09,c3,p19,l3,0.00
i06,e09,c3,p19,l4,0.00
i06,e09,c3,p20,l2,0.00
i06,e09,c3,p20,l3,0.00
i06,e09,c3,p20,l4,0.00
i06,e09,c3,p21,l2,0.00
i06,e09,c3,p21,l3,0.00
i06,e09,c3,p22,l2,0.00
i06,e09,c3,p22,l3,0.00
i06,e09,c3,p23,l2,0.00
i06,e09,c3,p23,l3,0.00
i06,e09,c3,p24,l2,0.00
i06,e09,c3,p24,l3,0.00
i06,e09,c3,p24,l4,0.00
i06,e09,c3,p25,l2,0.00
i06,e09,c3,p25,l3,0.00
i06,e09,c3,p26,l2,0.00
i06,e09,c3,p26,l3,0.00
i06,e09,c3,p28,l2,0.00
i06,e09,c3,p28,l3,0.00
i06,e09,c3,p29,l2,0.00
i06,e09,c3,p29,l3,0.00
i06,e09,c3,p30,l2,0.00
i06,e09,c3,p30,l3,0.00
i06,e09,c3,p31,l2,0.00
i06,e09,c3,p31,l3,0.00
i06,e09,c3,p32,l2,0.00
i06,e09,c3,p32,l3,0.00
i06,e09,c3,p32,l4,0.00
i06,e09,c3,p33,l2,0.00
i06,e09,c3,p33,l3,0.00
i06,e09,c3,p35,l2,0.00
i06,e09,c3,p35,l3,0.00
i06,e09,c3,p35,l4,0.00
i06,e09,c5,p01,l2,0.00
i06,e09,c5,p01,l3,44.98
i06,e09,c5,p01,l4,0.00
i06,e09,c5,p02,l2,0.00
i06,e09,c5,p02,l3,29.44
i06,e09,c5,p02,l4,0.00
i06,e09,c5,p03,l2,0.00
i06,e09,c5,p03,l3,64.73
i06,e09,c5,p03,l4,0.00
i06,e09,c5,p04,l2,0.00
i06,e09,c5,p04,l3,47.16
i06,e09,c5,p04,l4,0.00
i06,e09,c5,p05,l2,0.00
i06,e09,c5,p05,l3,59.39
i06,e09,c5,p05,l4,0.00
i06,e09,c5,p06,l2,0.00
i06,e09,c5,p06,l3,24.04
i06,e09,c5,p06,l4,0.00
i06,e09,c5,p07,l2,0.00
i06,e09,c5,p07,l3,38.05
i06,e09,c5,p07,l4,0.00
i06,e09,c5,p08,l2,0.00
i06,e09,c5,p08,l3,38.32
i06,e09,c5,p08,l4,0.00
i06,e09,c5,p09,l2,0.00
i06,e09,c5,p09,l3,20.17
i06,e09,c5,p09,l4,0.00
i06,e09,c5,p10,l2,0.00
i06,e09,c5,p10,l3,179.16
i06,e09,c5,p10,l4,0.00
i06,e09,c5,p11,l2,0.00
i06,e09,c5,p11,l3,64.41
i06,e09,c5,p11,l4,0.00
i06,e09,c5,p12,l2,0.00
i06,e09,c5,p12,l3,18.14
i06,e09,c5,p12,l4,0.00
i06,e09,c5,p13,l2,0.00
i06,e09,c5,p13,l3,28.15
i06,e09,c5,p13,l4,0.00
i06,e09,c5,p14,l2,0.00
i06,e09,c5,p14,l3,38.54
i06,e09,c5,p14,l4,0.00
i06,e09,c5,p15,l2,0.00
i06,e09,c5,p15,l3,54.15
i06,e09,c5,p15,l4,0.00
i06,e09,c5,p16,l2,0.00
i06,e09,c5,p16,l3,44.06
i06,e09,c5,p16,l4,0.00
i06,e09,c5,p17,l2,0.00
i06,e09,c5,p17,l3,54.36
i06,e09,c5,p17,l4,0.00
i06,e09,c5,p18,l2,0.00
i06,e09,c5,p18,l3,28.52
i06,e09,c5,p18,l4,0.00
i06,e09,c5,p19,l2,0.00
i06,e09,c5,p19,l3,123.27
i06,e09,c5,p19,l4,0.00
i06,e09,c5,p20,l2,0.00
i06,e09,c5,p20,l3,3.04
i06,e09,c5,p20,l4,0.00
i06,e09,c5,p21,l2,0.00
i06,e09,c5,p21,l3,79.35
i06,e09,c5,p21,l4,0.00
i06,e09,c5,p22,l2,0.00
i06,e09,c5,p22,l3,13.38
i06,e09,c5,p22,l4,0.00
i06,e09,c5,p23,l2,0.00
i06,e09,c5,p23,l3,22.19
i06,e09,c5,p23,l4,0.00
i06,e09,c5,p24,l2,0.00
i06,e09,c5,p24,l3,35.70
i06,e09,c5,p24,l4,0.00
i06,e09,c5,p25,l2,0.00
i06,e09,c5,p25,l3,21.07
i06,e09,c5,p25,l4,0.00
i06,e09,c5,p26,l2,0.00
i06,e09,c5,p26,l3,0.00
i06,e09,c5,p26,l4,0.00
i06,e09,c5,p27,l2,0.00
i06,e09,c5,p27,l3,0.00
i06,e09,c5,p28,l2,0.00
i06,e09,c5,p28,l3,10.30
i06,e09,c5,p28,l4,0.00
i06,e09,c5,p29,l2,0.00
i06,e09,c5,p29,l3,21.41
i06,e09,c5,p29,l4,0.00
i06,e09,c5,p30,l2,0.00
i06,e09,c5,p30,l3,0.00
i06,e09,c5,p30,l4,0.00
i06,e09,c5,p31,l2,0.00
i06,e09,c5,p31,l3,4.61
i06,e09,c5,p31,l4,0.00
i06,e09,c5,p32,l2,0.00
i06,e09,c5,p32,l3,2.97
i06,e09,c5,p32,l4,0.00
i06,e09,c5,p33,l2,0.00
i06,e09,c5,p33,l3,1.92
i06,e09,c5,p33,l4,0.00
i06,e09,c5,p34,l2,0.00
i06,e09,c5,p34,l3,0.00
i06,e09,c5,p35,l2,0.00
i06,e09,c5,p35,l3,140.09
i06,e09,c5,p35,l4,0.00
i06,e09,c8,p07,l3,0.00
i06,e10,c3,p01,l1,0.00
i06,e10,c3,p01,l2,0.00
i06,e10,c3,p01,l3,152.15
i06,e10,c3,p01,l4,7.51
i06,e10,c3,p02,l1,0.00
i06,e10,c3,p02,l2,0.00
i06,e10,c3,p02,l3,4.30
i06,e10,c3,p02,l4,0.00
i06,e10,c3,p03,l1,0.00
i06,e10,c3,p03,l2,0.00
i06,e10,c3,p03,l3,60.06
i06,e10,c3,p03,l4,15.27
i06,e10,c3,p04,l1,0.00
i06,e10,c3,p04,l2,0.00
i06,e10,c3,p04,l3,0.00
i06,e10,c3,p04,l4,0.00
i06,e10,c3,p05,l1,1.07
i06,e10,c3,p05,l2,0.00
i06,e10,c3,p05,l3,7.30
i06,e10,c3,p05,l4,3.37
i06,e10,c3,p06,l1,0.00
i06,e10,c3,p06,l2,0.00
i06,e10,c3,p06,l3,4.72
i06,e10,c3,p06,l4,0.00
i06,e10,c3,p07,l1,0.00
i06,e10,c3,p07,l2,0.00
i06,e10,c3,p07,l3,199.47
i06,e10,c3,p07,l4,4.50
i06,e10,c3,p08,l1,0.00
i06,e10,c3,p08,l2,0.00
i06,e10,c3,p08,l3,0.00
i06,e10,c3,p08,l4,4.57
i06,e10,c3,p09,l1,0.00
i06,e10,c3,p09,l2,0.00
i06,e10,c3,p09,l3,21.20
i06,e10,c3,p09,l4,0.00
i06,e10,c3,p10,l1,0.00
i06,e10,c3,p10,l2,0.00
i06,e10,c3,p10,l3,126.79
i06,e10,c3,p10,l4,7.32
i06,e10,c3,p11,l1,0.00
i06,e10,c3,p11,l2,0.00
i06,e10,c3,p11,l3,45.40
i06,e10,c3,p11,l4,5.79
i06,e10,c3,p12,l1,0.00
i06,e10,c3,p12,l2,1.26
i06,e10,c3,p12,l3,4.11
i06,e10,c3,p12,l4,0.00
i06,e10,c3,p13,l1,0.00
i06,e10,c3,p13,l2,0.00
i06,e10,c3,p13,l3,35.26
i06,e10,c3,p13,l4,2.05
i06,e10,c3,p14,l1,0.00
i06,e10,c3,p14,l2,0.00
i06,e10,c3,p14,l3,0.00
i06,e10,c3,p14,l4,0.00
i06,e10,c3,p15,l1,0.00
i06,e10,c3,p15,l2,0.00
i06,e10,c3,p15,l3,112.30
i06,e10,c3,p15,l4,11.10
i06,e10,c3,p16,l1,0.00
i06,e10,c3,p16,l2,1.07
i06,e10,c3,p16,l3,66.45
i06,e10,c3,p16,l4,10.25
i06,e10,c3,p17,l1,0.00
i06,e10,c3,p17,l2,0.00
i06,e10,c3,p17,l3,164.44
i06,e10,c3,p17,l4,1.12
i06,e10,c3,p18,l1,0.00
i06,e10,c3,p18,l2,0.00
i06,e10,c3,p18,l3,65.35
i06,e10,c3,p18,l4,4.57
i06,e10,c3,p19,l1,0.00
i06,e10,c3,p19,l2,2.21
i06,e10,c3,p19,l3,207.63
i06,e10,c3,p19,l4,4.42
i06,e10,c3,p20,l1,0.00
i06,e10,c3,p20,l2,0.00
i06,e10,c3,p20,l3,0.00
i06,e10,c3,p20,l4,0.00
i06,e10,c3,p21,l1,0.00
i06,e10,c3,p21,l2,0.00
i06,e10,c3,p21,l3,99.20
i06,e10,c3,p21,l4,0.00
i06,e10,c3,p22,l1,0.00
i06,e10,c3,p22,l2,0.00
i06,e10,c3,p22,l3,24.11
i06,e10,c3,p22,l4,0.00
i06,e10,c3,p23,l1,0.00
i06,e10,c3,p23,l2,0.00
i06,e10,c3,p23,l3,0.00
i06,e10,c3,p23,l4,0.00
i06,e10,c3,p24,l1,0.00
i06,e10,c3,p24,l2,0.00
i06,e10,c3,p24,l3,251.35
i06,e10,c3,p24,l4,5.24
i06,e10,c3,p25,l1,0.00
i06,e10,c3,p25,l2,0.00
i06,e10,c3,p25,l3,0.00
i06,e10,c3,p25,l4,0.00
i06,e10,c3,p26,l1,0.00
i06,e10,c3,p26,l2,0.00
i06,e10,c3,p26,l3,0.00
i06,e10,c3,p26,l4,0.00
i06,e10,c3,p28,l1,0.00
i06,e10,c3,p28,l2,0.00
i06,e10,c3,p28,l3,0.00
i06,e10,c3,p28,l4,0.00
i06,e10,c3,p29,l1,0.00
i06,e10,c3,p29,l2,0.00
i06,e10,c3,p29,l3,44.15
i06,e10,c3,p29,l4,7.29
i06,e10,c3,p30,l1,0.00
i06,e10,c3,p30,l2,0.00
i06,e10,c3,p30,l3,0.00
i06,e10,c3,p30,l4,0.00
i06,e10,c3,p31,l1,0.00
i06,e10,c3,p31,l2,0.00
i06,e10,c3,p31,l3,0.00
i06,e10,c3,p31,l4,0.00
i06,e10,c3,p32,l1,0.00
i06,e10,c3,p32,l2,0.00
i06,e10,c3,p32,l3,0.00
i06,e10,c3,p32,l4,0.00
i06,e10,c3,p33,l1,0.00
i06,e10,c3,p33,l2,0.00
i06,e10,c3,p33,l3,0.00
i06,e10,c3,p33,l4,0.00
i06,e10,c3,p35,l1,0.00
i06,e10,c3,p35,l2,0.00
i06,e10,c3,p35,l3,304.10
i06,e10,c3,p35,l4,35.42
i06,e10,c5,p01,l1,46.57
i06,e10,c5,p01,l2,35.38
i06,e10,c5,p01,l3,22639.67
i06,e10,c5,p01,l4,2108.13
i06,e10,c5,p02,l1,31.17
i06,e10,c5,p02,l2,21.01
i06,e10,c5,p02,l3,9945.41
i06,e10,c5,p02,l4,804.00
i06,e10,c5,p03,l1,52.12
i06,e10,c5,p03,l2,34.49
i06,e10,c5,p03,l3,26567.40
i06,e10,c5,p03,l4,2232.11
i06,e10,c5,p04,l1,13.19
i06,e10,c5,p04,l2,26.43
i06,e10,c5,p04,l3,9995.33
i06,e10,c5,p04,l4,978.02
i06,e10,c5,p05,l1,72.68
i06,e10,c5,p05,l2,72.09
i06,e10,c5,p05,l3,34301.64
i06,e10,c5,p05,l4,2673.36
i06,e10,c5,p06,l1,25.18
i06,e10,c5,p06,l2,34.11
i06,e10,c5,p06,l3,12586.27
i06,e10,c5,p06,l4,989.38
i06,e10,c5,p07,l1,45.40
i06,e10,c5,p07,l2,20.44
i06,e10,c5,p07,l3,22971.67
i06,e10,c5,p07,l4,2087.06
i06,e10,c5,p08,l1,16.38
i06,e10,c5,p08,l2,31.18
i06,e10,c5,p08,l3,7035.08
i06,e10,c5,p08,l4,659.75
i06,e10,c5,p09,l1,46.47
i06,e10,c5,p09,l2,5.53
i06,e10,c5,p09,l3,11375.11
i06,e10,c5,p09,l4,1182.15
i06,e10,c5,p10,l1,212.05
i06,e10,c5,p10,l2,273.50
i06,e10,c5,p10,l3,103735.29
i06,e10,c5,p10,l4,7782.60
i06,e10,c5,p11,l1,48.19
i06,e10,c5,p11,l2,97.34
i06,e10,c5,p11,l3,25775.71
i06,e10,c5,p11,l4,2124.11
i06,e10,c5,p12,l1,51.00
i06,e10,c5,p12,l2,67.53
i06,e10,c5,p12,l3,21009.03
i06,e10,c5,p12,l4,1569.71
i06,e10,c5,p13,l1,49.00
i06,e10,c5,p13,l2,34.01
i06,e10,c5,p13,l3,15198.08
i06,e10,c5,p13,l4,1150.17
i06,e10,c5,p14,l1,37.12
i06,e10,c5,p14,l2,25.21
i06,e10,c5,p14,l3,11916.30
i06,e10,c5,p14,l4,993.52
i06,e10,c5,p15,l1,78.18
i06,e10,c5,p15,l2,101.04
i06,e10,c5,p15,l3,38740.07
i06,e10,c5,p15,l4,3073.71
i06,e10,c5,p16,l1,55.53
i06,e10,c5,p16,l2,17.51
i06,e10,c5,p16,l3,26910.73
i06,e10,c5,p16,l4,2067.02
i06,e10,c5,p17,l1,38.34
i06,e10,c5,p17,l2,40.01
i06,e10,c5,p17,l3,19695.12
i06,e10,c5,p17,l4,1616.59
i06,e10,c5,p18,l1,19.35
i06,e10,c5,p18,l2,83.27
i06,e10,c5,p18,l3,13133.56
i06,e10,c5,p18,l4,1062.45
i06,e10,c5,p19,l1,71.88
i06,e10,c5,p19,l2,81.26
i06,e10,c5,p19,l3,42030.41
i06,e10,c5,p19,l4,3574.79
i06,e10,c5,p20,l1,2.93
i06,e10,c5,p20,l2,2.48
i06,e10,c5,p20,l3,1332.96
i06,e10,c5,p20,l4,141.01
i06,e10,c5,p21,l1,59.60
i06,e10,c5,p21,l2,67.18
i06,e10,c5,p21,l3,19512.40
i06,e10,c5,p21,l4,1928.62
i06,e10,c5,p22,l1,8.47
i06,e10,c5,p22,l2,13.46
i06,e10,c5,p22,l3,4466.21
i06,e10,c5,p22,l4,442.66
i06,e10,c5,p23,l1,11.32
i06,e10,c5,p23,l2,10.82
i06,e10,c5,p23,l3,4012.21
i06,e10,c5,p23,l4,465.19
i06,e10,c5,p24,l1,37.39
i06,e10,c5,p24,l2,68.41
i06,e10,c5,p24,l3,14326.04
i06,e10,c5,p24,l4,1236.04
i06,e10,c5,p25,l1,19.19
i06,e10,c5,p25,l2,12.20
i06,e10,c5,p25,l3,3159.17
i06,e10,c5,p25,l4,278.33
i06,e10,c5,p26,l1,0.00
i06,e10,c5,p26,l2,0.00
i06,e10,c5,p26,l3,791.18
i06,e10,c5,p26,l4,95.68
i06,e10,c5,p27,l1,0.00
i06,e10,c5,p27,l2,0.00
i06,e10,c5,p27,l3,0.00
i06,e10,c5,p27,l4,0.00
i06,e10,c5,p28,l1,17.40
i06,e10,c5,p28,l2,10.36
i06,e10,c5,p28,l3,3262.29
i06,e10,c5,p28,l4,314.17
i06,e10,c5,p29,l1,11.36
i06,e10,c5,p29,l2,6.46
i06,e10,c5,p29,l3,8733.25
i06,e10,c5,p29,l4,813.12
i06,e10,c5,p30,l1,0.00
i06,e10,c5,p30,l2,0.00
i06,e10,c5,p30,l3,18.23
i06,e10,c5,p30,l4,14.64
i06,e10,c5,p31,l1,6.26
i06,e10,c5,p31,l2,0.00
i06,e10,c5,p31,l3,1102.00
i06,e10,c5,p31,l4,107.14
i06,e10,c5,p32,l1,2.09
i06,e10,c5,p32,l2,0.00
i06,e10,c5,p32,l3,744.97
i06,e10,c5,p32,l4,95.12
i06,e10,c5,p33,l1,0.00
i06,e10,c5,p33,l2,0.00
i06,e10,c5,p33,l3,314.02
i06,e10,c5,p33,l4,13.17
i06,e10,c5,p34,l1,0.00
i06,e10,c5,p34,l2,0.00
i06,e10,c5,p34,l3,4.34
i06,e10,c5,p34,l4,0.00
i06,e10,c5,p35,l1,237.25
i06,e10,c5,p35,l2,302.56
i06,e10,c5,p35,l3,104960.05
i06,e10,c5,p35,l4,8466.49
i06,e10,c8,p10,l3,0.00
i06,e10,c8,p12,l3,0.00
i06,e10,c8,p12,l4,0.00
i06,e10,c8,p13,l3,0.00
i06,e10,c8,p13,l4,0.00
i06,e10,c8,p14,l3,0.00
i06,e10,c8,p14,l4,0.00
i06,e10,c8,p17,l3,0.00
i06,e10,c8,p18,l3,0.00
i06,e10,c8,p19,l3,0.00
i06,e10,c8,p21,l3,0.00
i06,e10,c8,p35,l3,0.00
i06,e10,c8,p35,l4,0.00
i06,e11,c3,p01,l2,0.00
i06,e11,c3,p01,l3,0.00
i06,e11,c3,p02,l2,0.00
i06,e11,c3,p03,l2,0.00
i06,e11,c3,p03,l3,0.00
i06,e11,c3,p04,l2,0.00
i06,e11,c3,p04,l3,0.00
i06,e11,c3,p05,l1,0.00
i06,e11,c3,p05,l2,0.00
i06,e11,c3,p05,l3,0.00
i06,e11,c3,p06,l2,0.00
i06,e11,c3,p06,l3,0.00
i06,e11,c3,p07,l2,0.00
i06,e11,c3,p07,l3,0.00
i06,e11,c3,p08,l2,0.00
i06,e11,c3,p08,l3,0.00
i06,e11,c3,p09,l2,1.44
i06,e11,c3,p09,l3,0.00
i06,e11,c3,p10,l1,0.00
i06,e11,c3,p10,l2,18.28
i06,e11,c3,p10,l3,0.00
i06,e11,c3,p11,l2,0.00
i06,e11,c3,p11,l3,0.00
i06,e11,c3,p12,l1,0.00
i06,e11,c3,p12,l2,0.00
i06,e11,c3,p12,l3,0.00
i06,e11,c3,p13,l2,0.00
i06,e11,c3,p13,l3,0.00
i06,e11,c3,p14,l2,0.00
i06,e11,c3,p14,l3,0.00
i06,e11,c3,p15,l2,1.58
i06,e11,c3,p15,l3,0.00
i06,e11,c3,p16,l2,0.00
i06,e11,c3,p16,l3,0.00
i06,e11,c3,p17,l2,0.00
i06,e11,c3,p17,l3,0.00
i06,e11,c3,p18,l2,0.00
i06,e11,c3,p18,l3,0.00
i06,e11,c3,p19,l1,0.00
i06,e11,c3,p19,l2,0.00
i06,e11,c3,p19,l3,0.00
i06,e11,c3,p20,l2,0.00
i06,e11,c3,p21,l2,0.00
i06,e11,c3,p21,l3,0.00
i06,e11,c3,p22,l2,0.00
i06,e11,c3,p22,l3,0.00
i06,e11,c3,p23,l2,0.00
i06,e11,c3,p23,l3,0.00
i06,e11,c3,p24,l2,0.00
i06,e11,c3,p24,l3,0.00
i06,e11,c3,p25,l2,0.00
i06,e11,c3,p25,l3,0.00
i06,e11,c3,p26,l2,0.00
i06,e11,c3,p28,l2,0.00
i06,e11,c3,p29,l2,1.20
i06,e11,c3,p29,l3,0.00
i06,e11,c3,p30,l2,0.00
i06,e11,c3,p31,l2,0.00
i06,e11,c3,p32,l2,0.00
i06,e11,c3,p32,l3,0.00
i06,e11,c3,p33,l2,0.00
i06,e11,c3,p35,l1,0.00
i06,e11,c3,p35,l2,0.00
i06,e11,c3,p35,l3,0.00
i06,e11,c5,p01,l1,0.00
i06,e11,c5,p01,l2,307.97
i06,e11,c5,p01,l3,0.00
i06,e11,c5,p02,l1,0.00
i06,e11,c5,p02,l2,149.65
i06,e11,c5,p02,l3,0.00
i06,e11,c5,p03,l1,0.00
i06,e11,c5,p03,l2,311.26
i06,e11,c5,p03,l3,0.00
i06,e11,c5,p04,l1,0.00
i06,e11,c5,p04,l2,112.93
i06,e11,c5,p04,l3,0.00
i06,e11,c5,p05,l1,0.00
i06,e11,c5,p05,l2,438.38
i06,e11,c5,p05,l3,0.00
i06,e11,c5,p06,l1,0.00
i06,e11,c5,p06,l2,134.21
i06,e11,c5,p06,l3,0.00
i06,e11,c5,p07,l1,0.00
i06,e11,c5,p07,l2,236.21
i06,e11,c5,p07,l3,0.00
i06,e11,c5,p08,l1,0.00
i06,e11,c5,p08,l2,69.85
i06,e11,c5,p08,l3,0.00
i06,e11,c5,p09,l1,0.00
i06,e11,c5,p09,l2,157.45
i06,e11,c5,p09,l3,0.00
i06,e11,c5,p10,l1,0.00
i06,e11,c5,p10,l2,1087.13
i06,e11,c5,p10,l3,0.00
i06,e11,c5,p11,l1,0.00
i06,e11,c5,p11,l2,303.00
i06,e11,c5,p11,l3,0.00
i06,e11,c5,p12,l1,0.00
i06,e11,c5,p12,l2,199.09
i06,e11,c5,p12,l3,0.00
i06,e11,c5,p13,l1,0.00
i06,e11,c5,p13,l2,201.51
i06,e11,c5,p13,l3,0.00
i06,e11,c5,p14,l1,0.00
i06,e11,c5,p14,l2,212.52
i06,e11,c5,p14,l3,0.00
i06,e11,c5,p15,l1,0.00
i06,e11,c5,p15,l2,396.13
i06,e11,c5,p15,l3,0.00
i06,e11,c5,p16,l1,0.00
i06,e11,c5,p16,l2,309.20
i06,e11,c5,p16,l3,0.00
i06,e11,c5,p17,l1,0.00
i06,e11,c5,p17,l2,175.30
i06,e11,c5,p17,l3,0.00
i06,e11,c5,p18,l1,0.00
i06,e11,c5,p18,l2,144.41
i06,e11,c5,p18,l3,0.00
i06,e11,c5,p19,l1,0.00
i06,e11,c5,p19,l2,468.62
i06,e11,c5,p19,l3,0.00
i06,e11,c5,p20,l1,0.00
i06,e11,c5,p20,l2,6.11
i06,e11,c5,p20,l3,0.00
i06,e11,c5,p21,l1,0.00
i06,e11,c5,p21,l2,242.29
i06,e11,c5,p21,l3,0.00
i06,e11,c5,p22,l1,0.00
i06,e11,c5,p22,l2,24.45
i06,e11,c5,p22,l3,0.00
i06,e11,c5,p23,l1,0.00
i06,e11,c5,p23,l2,66.17
i06,e11,c5,p23,l3,0.00
i06,e11,c5,p24,l1,0.00
i06,e11,c5,p24,l2,197.09
i06,e11,c5,p24,l3,0.00
i06,e11,c5,p25,l1,0.00
i06,e11,c5,p25,l2,28.25
i06,e11,c5,p25,l3,0.00
i06,e11,c5,p26,l1,0.00
i06,e11,c5,p26,l2,18.55
i06,e11,c5,p26,l3,0.00
i06,e11,c5,p27,l2,0.00
i06,e11,c5,p27,l3,0.00
i06,e11,c5,p28,l1,0.00
i06,e11,c5,p28,l2,29.56
i06,e11,c5,p28,l3,0.00
i06,e11,c5,p29,l1,0.00
i06,e11,c5,p29,l2,103.57
i06,e11,c5,p29,l3,0.00
i06,e11,c5,p30,l1,0.00
i06,e11,c5,p30,l2,0.00
i06,e11,c5,p30,l3,0.00
i06,e11,c5,p31,l1,0.00
i06,e11,c5,p31,l2,3.19
i06,e11,c5,p31,l3,0.00
i06,e11,c5,p32,l1,0.00
i06,e11,c5,p32,l2,14.13
i06,e11,c5,p32,l3,0.00
i06,e11,c5,p33,l2,0.00
i06,e11,c5,p33,l3,0.00
i06,e11,c5,p34,l2,0.00
i06,e11,c5,p35,l1,0.00
i06,e11,c5,p35,l2,1186.21
i06,e11,c5,p35,l3,0.00
i06,e11,c8,p13,l2,0.00
i06,e11,c8,p35,l2,0.00
i06,e12,c3,p01,l3,0.00
i06,e12,c3,p01,l4,0.00
i06,e12,c3,p02,l3,0.00
i06,e12,c3,p02,l4,0.00
i06,e12,c3,p03,l3,0.00
i06,e12,c3,p03,l4,0.00
i06,e12,c3,p04,l3,0.00
i06,e12,c3,p04,l4,0.00
i06,e12,c3,p05,l3,0.00
i06,e12,c3,p05,l4,0.00
i06,e12,c3,p06,l3,0.00
i06,e12,c3,p06,l4,0.00
i06,e12,c3,p07,l3,0.00
i06,e12,c3,p07,l4,1.02
i06,e12,c3,p08,l3,0.00
i06,e12,c3,p08,l4,0.00
i06,e12,c3,p09,l3,3.56
i06,e12,c3,p09,l4,0.00
i06,e12,c3,p10,l3,0.00
i06,e12,c3,p10,l4,0.00
i06,e12,c3,p11,l3,0.00
i06,e12,c3,p11,l4,0.00
i06,e12,c3,p12,l3,0.00
i06,e12,c3,p12,l4,0.00
i06,e12,c3,p13,l3,0.00
i06,e12,c3,p13,l4,0.00
i06,e12,c3,p14,l3,0.00
i06,e12,c3,p14,l4,0.00
i06,e12,c3,p15,l3,0.00
i06,e12,c3,p15,l4,0.00
i06,e12,c3,p16,l3,0.00
i06,e12,c3,p16,l4,1.15
i06,e12,c3,p17,l3,1.02
i06,e12,c3,p17,l4,0.00
i06,e12,c3,p18,l3,1.48
i06,e12,c3,p18,l4,0.00
i06,e12,c3,p19,l3,0.00
i06,e12,c3,p19,l4,0.00
i06,e12,c3,p20,l3,0.00
i06,e12,c3,p20,l4,0.00
i06,e12,c3,p21,l3,0.00
i06,e12,c3,p21,l4,0.00
i06,e12,c3,p22,l3,0.00
i06,e12,c3,p22,l4,0.00
i06,e12,c3,p23,l3,0.00
i06,e12,c3,p23,l4,0.00
i06,e12,c3,p24,l3,0.00
i06,e12,c3,p24,l4,0.00
i06,e12,c3,p25,l3,0.00
i06,e12,c3,p25,l4,0.00
i06,e12,c3,p26,l3,0.00
i06,e12,c3,p26,l4,0.00
i06,e12,c3,p27,l3,0.00
i06,e12,c3,p28,l3,0.00
i06,e12,c3,p28,l4,0.00
i06,e12,c3,p29,l3,0.00
i06,e12,c3,p29,l4,0.00
i06,e12,c3,p30,l3,0.00
i06,e12,c3,p30,l4,0.00
i06,e12,c3,p31,l3,0.00
i06,e12,c3,p31,l4,0.00
i06,e12,c3,p32,l3,0.00
i06,e12,c3,p32,l4,0.00
i06,e12,c3,p33,l3,0.00
i06,e12,c3,p33,l4,0.00
i06,e12,c3,p35,l3,0.00
i06,e12,c3,p35,l4,0.00
i06,e12,c5,p01,l3,107.53
i06,e12,c5,p01,l4,23.17
i06,e12,c5,p02,l3,47.89
i06,e12,c5,p02,l4,3.76
i06,e12,c5,p03,l3,187.03
i06,e12,c5,p03,l4,18.39
i06,e12,c5,p04,l3,66.06
i06,e12,c5,p04,l4,11.84
i06,e12,c5,p05,l3,110.41
i06,e12,c5,p05,l4,1.55
i06,e12,c5,p06,l3,45.39
i06,e12,c5,p06,l4,3.82
i06,e12,c5,p07,l3,117.14
i06,e12,c5,p07,l4,14.44
i06,e12,c5,p08,l3,36.48
i06,e12,c5,p08,l4,4.61
i06,e12,c5,p09,l3,24.06
i06,e12,c5,p09,l4,7.23
i06,e12,c5,p10,l3,365.12
i06,e12,c5,p10,l4,37.20
i06,e12,c5,p11,l3,354.50
i06,e12,c5,p11,l4,11.26
i06,e12,c5,p12,l3,152.63
i06,e12,c5,p12,l4,2.45
i06,e12,c5,p13,l3,107.84
i06,e12,c5,p13,l4,4.01
i06,e12,c5,p14,l3,95.56
i06,e12,c5,p14,l4,6.71
i06,e12,c5,p15,l3,554.42
i06,e12,c5,p15,l4,373.17
i06,e12,c5,p16,l3,165.03
i06,e12,c5,p16,l4,5.25
i06,e12,c5,p17,l3,116.03
i06,e12,c5,p17,l4,5.20
i06,e12,c5,p18,l3,128.12
i06,e12,c5,p18,l4,14.06
i06,e12,c5,p19,l3,198.88
i06,e12,c5,p19,l4,9.10
i06,e12,c5,p20,l3,62.13
i06,e12,c5,p20,l4,0.00
i06,e12,c5,p21,l3,145.12
i06,e12,c5,p21,l4,8.55
i06,e12,c5,p22,l3,38.14
i06,e12,c5,p22,l4,3.10
i06,e12,c5,p23,l3,35.32
i06,e12,c5,p23,l4,1.13
i06,e12,c5,p24,l3,116.26
i06,e12,c5,p24,l4,4.30
i06,e12,c5,p25,l3,27.36
i06,e12,c5,p25,l4,1.24
i06,e12,c5,p26,l3,5.12
i06,e12,c5,p26,l4,0.00
i06,e12,c5,p27,l3,0.00
i06,e12,c5,p27,l4,0.00
i06,e12,c5,p28,l3,23.85
i06,e12,c5,p28,l4,1.55
i06,e12,c5,p29,l3,78.94
i06,e12,c5,p29,l4,4.48
i06,e12,c5,p30,l3,0.00
i06,e12,c5,p30,l4,0.00
i06,e12,c5,p31,l3,5.29
i06,e12,c5,p31,l4,0.00
i06,e12,c5,p32,l3,2.73
i06,e12,c5,p32,l4,0.00
i06,e12,c5,p33,l3,3.19
i06,e12,c5,p33,l4,0.00
i06,e12,c5,p34,l3,0.00
i06,e12,c5,p34,l4,0.00
i06,e12,c5,p35,l3,381.19
i06,e12,c5,p35,l4,22.18
i06,e13,c3,p10,l3,0.00
i06,e13,c5,p01,l3,0.00
i06,e13,c5,p03,l3,0.00
i06,e13,c5,p10,l3,0.00
i06,e13,c5,p17,l3,0.00
i06,e13,c5,p35,l3,0.00
i07,e01,c3,p01,l3,0.00
i07,e01,c3,p03,l3,0.00
i07,e01,c3,p06,l3,0.00
i07,e01,c3,p10,l3,0.00
i07,e01,c3,p12,l3,0.00
i07,e01,c3,p13,l3,0.00
i07,e01,c3,p14,l3,0.00
i07,e01,c3,p15,l3,0.00
i07,e01,c3,p16,l3,0.00
i07,e01,c3,p17,l3,0.00
i07,e01,c3,p18,l3,0.00
i07,e01,c3,p19,l3,0.00
i07,e01,c3,p21,l3,0.00
i07,e01,c3,p24,l3,0.00
i07,e01,c3,p25,l3,0.00
i07,e01,c3,p28,l3,0.00
i07,e01,c3,p29,l3,0.00
i07,e01,c3,p35,l3,0.00
i07,e01,c5,p01,l3,0.00
i07,e01,c5,p02,l3,0.00
i07,e01,c5,p03,l3,0.00
i07,e01,c5,p04,l3,0.00
i07,e01,c5,p05,l3,1.18
i07,e01,c5,p06,l3,0.00
i07,e01,c5,p07,l3,0.00
i07,e01,c5,p08,l3,0.00
i07,e01,c5,p09,l3,0.00
i07,e01,c5,p10,l3,2.50
i07,e01,c5,p11,l3,0.00
i07,e01,c5,p12,l3,0.00
i07,e01,c5,p13,l3,0.00
i07,e01,c5,p14,l3,0.00
i07,e01,c5,p15,l3,0.00
i07,e01,c5,p16,l3,0.00
i07,e01,c5,p17,l3,0.00
i07,e01,c5,p18,l3,0.00
i07,e01,c5,p19,l3,0.00
i07,e01,c5,p20,l3,0.00
i07,e01,c5,p21,l3,0.00
i07,e01,c5,p22,l3,0.00
i07,e01,c5,p23,l3,0.00
i07,e01,c5,p24,l3,4.34
i07,e01,c5,p25,l3,0.00
i07,e01,c5,p26,l3,0.00
i07,e01,c5,p28,l3,0.00
i07,e01,c5,p29,l3,0.00
i07,e01,c5,p30,l3,0.00
i07,e01,c5,p31,l3,0.00
i07,e01,c5,p32,l3,0.00
i07,e01,c5,p33,l3,0.00
i07,e01,c5,p35,l3,1.34
i07,e02,c3,p10,l3,0.00
i07,e02,c3,p15,l3,0.00
i07,e02,c3,p19,l1,0.00
i07,e02,c3,p19,l3,0.00
i07,e02,c3,p35,l3,0.00
i07,e02,c5,p01,l1,0.00
i07,e02,c5,p01,l3,0.00
i07,e02,c5,p02,l1,0.00
i07,e02,c5,p02,l3,0.00
i07,e02,c5,p03,l1,0.00
i07,e02,c5,p03,l3,0.00
i07,e02,c5,p04,l1,0.00
i07,e02,c5,p04,l3,0.00
i07,e02,c5,p05,l1,0.00
i07,e02,c5,p05,l3,0.00
i07,e02,c5,p06,l1,0.00
i07,e02,c5,p06,l3,0.00
i07,e02,c5,p07,l1,0.00
i07,e02,c5,p07,l3,0.00
i07,e02,c5,p08,l1,0.00
i07,e02,c5,p08,l3,0.00
i07,e02,c5,p09,l3,0.00
i07,e02,c5,p10,l1,0.00
i07,e02,c5,p10,l3,0.00
i07,e02,c5,p11,l1,0.00
i07,e02,c5,p11,l3,0.00
i07,e02,c5,p12,l1,0.00
i07,e02,c5,p12,l3,0.00
i07,e02,c5,p13,l1,0.00
i07,e02,c5,p13,l3,0.00
i07,e02,c5,p14,l3,0.00
i07,e02,c5,p15,l1,0.00
i07,e02,c5,p15,l3,0.00
i07,e02,c5,p16,l1,0.00
i07,e02,c5,p16,l3,0.00
i07,e02,c5,p17,l1,0.00
i07,e02,c5,p17,l3,0.00
i07,e02,c5,p18,l1,0.00
i07,e02,c5,p18,l3,0.00
i07,e02,c5,p19,l1,0.00
i07,e02,c5,p19,l3,0.00
i07,e02,c5,p20,l3,0.00
i07,e02,c5,p21,l1,0.00
i07,e02,c5,p21,l3,0.00
i07,e02,c5,p22,l1,0.00
i07,e02,c5,p22,l3,0.00
i07,e02,c5,p23,l1,0.00
i07,e02,c5,p23,l3,0.00
i07,e02,c5,p24,l1,0.00
i07,e02,c5,p24,l3,0.00
i07,e02,c5,p25,l3,0.00
i07,e02,c5,p28,l3,0.00
i07,e02,c5,p29,l1,0.00
i07,e02,c5,p29,l3,0.00
i07,e02,c5,p31,l1,0.00
i07,e02,c5,p31,l3,0.00
i07,e02,c5,p32,l3,0.00
i07,e02,c5,p35,l1,0.00
i07,e02,c5,p35,l3,0.00
i07,e03,c3,p19,l3,0.00
i07,e03,c3,p25,l3,0.00
i07,e03,c3,p35,l3,0.00
i07,e03,c5,p01,l3,0.00
i07,e03,c5,p02,l3,0.00
i07,e03,c5,p03,l3,0.00
i07,e03,c5,p04,l3,0.00
i07,e03,c5,p05,l3,0.00
i07,e03,c5,p06,l3,0.00
i07,e03,c5,p07,l3,0.00
i07,e03,c5,p08,l3,0.00
i07,e03,c5,p09,l3,0.00
i07,e03,c5,p10,l3,0.00
i07,e03,c5,p11,l3,0.00
i07,e03,c5,p12,l3,0.00
i07,e03,c5,p13,l3,0.00
i07,e03,c5,p14,l3,0.00
i07,e03,c5,p15,l3,0.00
i07,e03,c5,p16,l3,0.00
i07,e03,c5,p17,l3,0.00
i07,e03,c5,p18,l3,0.00
i07,e03,c5,p19,l3,0.00
i07,e03,c5,p20,l3,0.00
i07,e03,c5,p21,l3,0.00
i07,e03,c5,p22,l3,0.00
i07,e03,c5,p23,l3,0.00
i07,e03,c5,p24,l3,0.00
i07,e03,c5,p25,l3,0.00
i07,e03,c5,p26,l3,0.00
i07,e03,c5,p28,l3,0.00
i07,e03,c5,p29,l3,0.00
i07,e03,c5,p31,l3,0.00
i07,e03,c5,p32,l3,0.00
i07,e03,c5,p35,l3,0.00
i07,e04,c3,p01,l1,0.00
i07,e04,c3,p01,l3,0.00
i07,e04,c3,p03,l3,0.00
i07,e04,c3,p05,l3,0.00
i07,e04,c3,p06,l1,0.00
i07,e04,c3,p07,l3,0.00
i07,e04,c3,p09,l3,0.00
i07,e04,c3,p10,l3,0.00
i07,e04,c3,p11,l3,0.00
i07,e04,c3,p12,l1,0.00
i07,e04,c3,p12,l3,0.00
i07,e04,c3,p14,l3,0.00
i07,e04,c3,p15,l3,0.00
i07,e04,c3,p16,l1,0.00
i07,e04,c3,p16,l3,0.00
i07,e04,c3,p17,l1,0.00
i07,e04,c3,p17,l3,0.00
i07,e04,c3,p18,l3,0.00
i07,e04,c3,p19,l1,0.00
i07,e04,c3,p19,l3,0.00
i07,e04,c3,p21,l3,0.00
i07,e04,c3,p24,l1,0.00
i07,e04,c3,p24,l3,0.00
i07,e04,c3,p25,l3,0.00
i07,e04,c3,p28,l3,0.00
i07,e04,c3,p29,l3,0.00
i07,e04,c3,p35,l3,0.00
i07,e04,c5,p01,l1,0.00
i07,e04,c5,p01,l3,1.82
i07,e04,c5,p02,l1,0.00
i07,e04,c5,p02,l3,0.00
i07,e04,c5,p03,l1,0.00
i07,e04,c5,p03,l3,0.00
i07,e04,c5,p04,l1,0.00
i07,e04,c5,p04,l3,0.00
i07,e04,c5,p05,l1,0.00
i07,e04,c5,p05,l3,3.51
i07,e04,c5,p06,l1,0.00
i07,e04,c5,p06,l3,1.14
i07,e04,c5,p07,l1,0.00
i07,e04,c5,p07,l3,0.00
i07,e04,c5,p08,l1,0.00
i07,e04,c5,p08,l3,0.00
i07,e04,c5,p09,l1,0.00
i07,e04,c5,p09,l3,0.00
i07,e04,c5,p10,l1,0.00
i07,e04,c5,p10,l3,6.24
i07,e04,c5,p11,l1,0.00
i07,e04,c5,p11,l3,3.62
i07,e04,c5,p12,l1,0.00
i07,e04,c5,p12,l3,0.00
i07,e04,c5,p13,l1,0.00
i07,e04,c5,p13,l3,2.15
i07,e04,c5,p14,l1,0.00
i07,e04,c5,p14,l3,0.00
i07,e04,c5,p15,l1,0.00
i07,e04,c5,p15,l3,3.81
i07,e04,c5,p16,l1,0.00
i07,e04,c5,p16,l3,3.66
i07,e04,c5,p17,l1,0.00
i07,e04,c5,p17,l3,3.44
i07,e04,c5,p18,l1,0.00
i07,e04,c5,p18,l3,0.00
i07,e04,c5,p19,l1,0.00
i07,e04,c5,p19,l3,1.90
i07,e04,c5,p20,l1,0.00
i07,e04,c5,p20,l3,0.00
i07,e04,c5,p21,l1,0.00
i07,e04,c5,p21,l3,0.00
i07,e04,c5,p22,l1,0.00
i07,e04,c5,p22,l3,0.00
i07,e04,c5,p23,l1,0.00
i07,e04,c5,p23,l3,0.00
i07,e04,c5,p24,l1,0.00
i07,e04,c5,p24,l3,6.31
i07,e04,c5,p25,l1,0.00
i07,e04,c5,p25,l3,0.00
i07,e04,c5,p26,l1,0.00
i07,e04,c5,p26,l3,0.00
i07,e04,c5,p28,l1,0.00
i07,e04,c5,p28,l3,1.06
i07,e04,c5,p29,l1,0.00
i07,e04,c5,p29,l3,0.00
i07,e04,c5,p30,l1,0.00
i07,e04,c5,p30,l3,0.00
i07,e04,c5,p31,l1,0.00
i07,e04,c5,p31,l3,0.00
i07,e04,c5,p32,l1,0.00
i07,e04,c5,p32,l3,0.00
i07,e04,c5,p33,l3,0.00
i07,e04,c5,p35,l1,0.00
i07,e04,c5,p35,l3,2.25
i07,e05,c3,p06,l3,0.00
i07,e05,c3,p12,l3,0.00
i07,e05,c3,p19,l3,0.00
i07,e05,c3,p35,l3,0.00
i07,e05,c5,p01,l1,0.00
i07,e05,c5,p01,l3,0.00
i07,e05,c5,p02,l1,0.00
i07,e05,c5,p02,l3,0.00
i07,e05,c5,p03,l1,0.00
i07,e05,c5,p03,l3,0.00
i07,e05,c5,p04,l1,0.00
i07,e05,c5,p04,l3,0.00
i07,e05,c5,p05,l1,0.00
i07,e05,c5,p05,l3,0.00
i07,e05,c5,p06,l1,0.00
i07,e05,c5,p06,l3,0.00
i07,e05,c5,p07,l1,0.00
i07,e05,c5,p07,l3,0.00
i07,e05,c5,p08,l3,0.00
i07,e05,c5,p09,l1,0.00
i07,e05,c5,p09,l3,0.00
i07,e05,c5,p10,l1,0.00
i07,e05,c5,p10,l3,0.00
i07,e05,c5,p11,l1,0.00
i07,e05,c5,p11,l3,0.00
i07,e05,c5,p12,l1,0.00
i07,e05,c5,p12,l3,0.00
i07,e05,c5,p13,l1,0.00
i07,e05,c5,p13,l3,0.00
i07,e05,c5,p14,l1,0.00
i07,e05,c5,p14,l3,0.00
i07,e05,c5,p15,l1,0.00
i07,e05,c5,p15,l3,0.00
i07,e05,c5,p16,l1,0.00
i07,e05,c5,p16,l3,0.00
i07,e05,c5,p17,l3,0.00
i07,e05,c5,p18,l1,0.00
i07,e05,c5,p18,l3,0.00
i07,e05,c5,p19,l1,0.00
i07,e05,c5,p19,l3,0.00
i07,e05,c5,p20,l3,0.00
i07,e05,c5,p21,l1,0.00
i07,e05,c5,p21,l3,0.00
i07,e05,c5,p22,l3,0.00
i07,e05,c5,p23,l1,0.00
i07,e05,c5,p23,l3,0.00
i07,e05,c5,p24,l1,0.00
i07,e05,c5,p24,l3,0.00
i07,e05,c5,p25,l1,0.00
i07,e05,c5,p25,l3,0.00
i07,e05,c5,p26,l3,0.00
i07,e05,c5,p28,l1,0.00
i07,e05,c5,p28,l3,0.00
i07,e05,c5,p29,l1,0.00
i07,e05,c5,p29,l3,0.00
i07,e05,c5,p31,l1,0.00
i07,e05,c5,p31,l3,0.00
i07,e05,c5,p32,l1,0.00
i07,e05,c5,p32,l3,0.00
i07,e05,c5,p35,l1,0.00
i07,e05,c5,p35,l3,0.00
i07,e07,c3,p04,l3,0.00
i07,e07,c3,p10,l3,0.00
i07,e07,c3,p35,l3,0.00
i07,e07,c5,p01,l3,0.00
i07,e07,c5,p02,l3,0.00
i07,e07,c5,p03,l2,0.00
i07,e07,c5,p03,l3,0.00
i07,e07,c5,p04,l2,0.00
i07,e07,c5,p04,l3,0.00
i07,e07,c5,p05,l2,0.00
i07,e07,c5,p05,l3,0.00
i07,e07,c5,p06,l3,0.00
i07,e07,c5,p07,l2,0.00
i07,e07,c5,p07,l3,0.00
i07,e07,c5,p08,l2,0.00
i07,e07,c5,p08,l3,0.00
i07,e07,c5,p09,l3,0.00
i07,e07,c5,p10,l2,0.00
i07,e07,c5,p10,l3,0.00
i07,e07,c5,p11,l2,0.00
i07,e07,c5,p11,l3,0.00
i07,e07,c5,p12,l3,0.00
i07,e07,c5,p13,l2,0.00
i07,e07,c5,p13,l3,0.00
i07,e07,c5,p14,l3,0.00
i07,e07,c5,p15,l2,0.00
i07,e07,c5,p15,l3,0.00
i07,e07,c5,p16,l3,0.00
i07,e07,c5,p17,l3,0.00
i07,e07,c5,p18,l3,0.00
i07,e07,c5,p19,l3,0.00
i07,e07,c5,p20,l3,0.00
i07,e07,c5,p21,l2,0.00
i07,e07,c5,p21,l3,0.00
i07,e07,c5,p22,l3,0.00
i07,e07,c5,p23,l3,0.00
i07,e07,c5,p24,l3,0.00
i07,e07,c5,p25,l3,0.00
i07,e07,c5,p26,l3,0.00
i07,e07,c5,p28,l2,0.00
i07,e07,c5,p28,l3,0.00
i07,e07,c5,p29,l3,0.00
i07,e07,c5,p31,l3,0.00
i07,e07,c5,p32,l3,0.00
i07,e07,c5,p35,l3,1.28
i07,e08,c3,p01,l2,0.00
i07,e08,c3,p01,l3,0.00
i07,e08,c3,p02,l2,0.00
i07,e08,c3,p02,l3,0.00
i07,e08,c3,p03,l3,0.00
i07,e08,c3,p05,l3,0.00
i07,e08,c3,p06,l2,0.00
i07,e08,c3,p06,l3,0.00
i07,e08,c3,p07,l2,0.00
i07,e08,c3,p07,l3,0.00
i07,e08,c3,p09,l3,0.00
i07,e08,c3,p10,l2,0.00
i07,e08,c3,p10,l3,0.00
i07,e08,c3,p11,l2,0.00
i07,e08,c3,p11,l3,0.00
i07,e08,c3,p12,l2,0.00
i07,e08,c3,p12,l3,0.00
i07,e08,c3,p13,l2,0.00
i07,e08,c3,p13,l3,0.00
i07,e08,c3,p14,l3,0.00
i07,e08,c3,p15,l3,0.00
i07,e08,c3,p16,l2,0.00
i07,e08,c3,p16,l3,0.00
i07,e08,c3,p17,l2,0.00
i07,e08,c3,p17,l3,0.00
i07,e08,c3,p18,l2,0.00
i07,e08,c3,p18,l3,0.00
i07,e08,c3,p19,l2,0.00
i07,e08,c3,p19,l3,0.00
i07,e08,c3,p21,l2,0.00
i07,e08,c3,p21,l3,0.00
i07,e08,c3,p22,l3,0.00
i07,e08,c3,p24,l2,0.00
i07,e08,c3,p24,l3,0.00
i07,e08,c3,p25,l3,0.00
i07,e08,c3,p28,l3,0.00
i07,e08,c3,p35,l2,0.00
i07,e08,c3,p35,l3,0.00
i07,e08,c5,p01,l2,0.00
i07,e08,c5,p01,l3,2.49
i07,e08,c5,p02,l2,0.00
i07,e08,c5,p02,l3,1.52
i07,e08,c5,p03,l2,0.00
i07,e08,c5,p03,l3,2.63
i07,e08,c5,p04,l2,0.00
i07,e08,c5,p04,l3,5.22
i07,e08,c5,p05,l2,0.00
i07,e08,c5,p05,l3,1.48
i07,e08,c5,p06,l2,0.00
i07,e08,c5,p06,l3,4.87
i07,e08,c5,p07,l2,0.00
i07,e08,c5,p07,l3,2.00
i07,e08,c5,p08,l2,0.00
i07,e08,c5,p08,l3,0.00
i07,e08,c5,p09,l2,0.00
i07,e08,c5,p09,l3,1.01
i07,e08,c5,p10,l2,0.00
i07,e08,c5,p10,l3,10.74
i07,e08,c5,p11,l2,0.00
i07,e08,c5,p11,l3,8.23
i07,e08,c5,p12,l2,0.00
i07,e08,c5,p12,l3,2.18
i07,e08,c5,p13,l2,0.00
i07,e08,c5,p13,l3,0.00
i07,e08,c5,p14,l2,0.00
i07,e08,c5,p14,l3,0.00
i07,e08,c5,p15,l2,0.00
i07,e08,c5,p15,l3,2.16
i07,e08,c5,p16,l2,0.00
i07,e08,c5,p16,l3,5.72
i07,e08,c5,p17,l2,0.00
i07,e08,c5,p17,l3,39.02
i07,e08,c5,p18,l2,0.00
i07,e08,c5,p18,l3,0.00
i07,e08,c5,p19,l2,0.00
i07,e08,c5,p19,l3,0.00
i07,e08,c5,p20,l2,0.00
i07,e08,c5,p20,l3,0.00
i07,e08,c5,p21,l2,0.00
i07,e08,c5,p21,l3,0.00
i07,e08,c5,p22,l2,0.00
i07,e08,c5,p22,l3,0.00
i07,e08,c5,p23,l2,0.00
i07,e08,c5,p23,l3,0.00
i07,e08,c5,p24,l2,0.00
i07,e08,c5,p24,l3,6.36
i07,e08,c5,p25,l2,0.00
i07,e08,c5,p25,l3,0.00
i07,e08,c5,p26,l2,0.00
i07,e08,c5,p26,l3,0.00
i07,e08,c5,p28,l2,0.00
i07,e08,c5,p28,l3,0.00
i07,e08,c5,p29,l2,0.00
i07,e08,c5,p29,l3,0.00
i07,e08,c5,p30,l3,0.00
i07,e08,c5,p31,l2,0.00
i07,e08,c5,p31,l3,0.00
i07,e08,c5,p32,l2,0.00
i07,e08,c5,p32,l3,0.00
i07,e08,c5,p33,l2,0.00
i07,e08,c5,p33,l3,0.00
i07,e08,c5,p35,l2,0.00
i07,e08,c5,p35,l3,66.66
i07,e09,c3,p01,l3,0.00
i07,e09,c3,p03,l3,0.00
i07,e09,c3,p05,l3,0.00
i07,e09,c3,p07,l3,0.00
i07,e09,c3,p09,l3,0.00
i07,e09,c3,p10,l3,0.00
i07,e09,c3,p11,l3,0.00
i07,e09,c3,p12,l2,0.00
i07,e09,c3,p12,l3,0.00
i07,e09,c3,p13,l3,0.00
i07,e09,c3,p14,l3,0.00
i07,e09,c3,p15,l2,0.00
i07,e09,c3,p17,l3,0.00
i07,e09,c3,p19,l2,0.00
i07,e09,c3,p19,l3,0.00
i07,e09,c3,p21,l3,0.00
i07,e09,c3,p24,l3,0.00
i07,e09,c3,p25,l3,0.00
i07,e09,c3,p35,l3,0.00
i07,e09,c5,p01,l2,0.00
i07,e09,c5,p01,l3,1.22
i07,e09,c5,p02,l2,0.00
i07,e09,c5,p02,l3,0.00
i07,e09,c5,p03,l2,0.00
i07,e09,c5,p03,l3,0.00
i07,e09,c5,p04,l2,0.00
i07,e09,c5,p04,l3,0.00
i07,e09,c5,p05,l2,0.00
i07,e09,c5,p05,l3,4.34
i07,e09,c5,p06,l2,0.00
i07,e09,c5,p06,l3,0.00
i07,e09,c5,p07,l2,0.00
i07,e09,c5,p07,l3,0.00
i07,e09,c5,p08,l2,0.00
i07,e09,c5,p08,l3,0.00
i07,e09,c5,p09,l2,0.00
i07,e09,c5,p09,l3,0.00
i07,e09,c5,p10,l2,0.00
i07,e09,c5,p10,l3,0.00
i07,e09,c5,p11,l2,0.00
i07,e09,c5,p11,l3,0.00
i07,e09,c5,p12,l2,0.00
i07,e09,c5,p12,l3,0.00
i07,e09,c5,p13,l2,0.00
i07,e09,c5,p13,l3,0.00
i07,e09,c5,p14,l2,0.00
i07,e09,c5,p14,l3,0.00
i07,e09,c5,p15,l2,0.00
i07,e09,c5,p15,l3,0.00
i07,e09,c5,p16,l2,0.00
i07,e09,c5,p16,l3,0.00
i07,e09,c5,p17,l2,0.00
i07,e09,c5,p17,l3,0.00
i07,e09,c5,p18,l2,0.00
i07,e09,c5,p18,l3,0.00
i07,e09,c5,p19,l2,0.00
i07,e09,c5,p19,l3,0.00
i07,e09,c5,p20,l2,0.00
i07,e09,c5,p20,l3,0.00
i07,e09,c5,p21,l2,0.00
i07,e09,c5,p21,l3,0.00
i07,e09,c5,p22,l2,0.00
i07,e09,c5,p22,l3,0.00
i07,e09,c5,p23,l2,0.00
i07,e09,c5,p23,l3,0.00
i07,e09,c5,p24,l2,0.00
i07,e09,c5,p24,l3,12.21
i07,e09,c5,p25,l2,0.00
i07,e09,c5,p25,l3,0.00
i07,e09,c5,p26,l2,0.00
i07,e09,c5,p26,l3,0.00
i07,e09,c5,p28,l2,0.00
i07,e09,c5,p28,l3,0.00
i07,e09,c5,p29,l2,0.00
i07,e09,c5,p29,l3,0.00
i07,e09,c5,p30,l3,0.00
i07,e09,c5,p31,l2,0.00
i07,e09,c5,p31,l3,0.00
i07,e09,c5,p32,l2,0.00
i07,e09,c5,p32,l3,0.00
i07,e09,c5,p33,l3,0.00
i07,e09,c5,p35,l2,0.00
i07,e09,c5,p35,l3,0.00
i07,e10,c3,p01,l3,0.00
i07,e10,c3,p06,l3,0.00
i07,e10,c3,p10,l3,0.00
i07,e10,c3,p11,l3,0.00
i07,e10,c3,p12,l3,0.00
i07,e10,c3,p19,l3,0.00
i07,e10,c5,p01,l3,0.00
i07,e10,c5,p02,l3,0.00
i07,e10,c5,p03,l3,0.00
i07,e10,c5,p04,l3,0.00
i07,e10,c5,p05,l3,0.00
i07,e10,c5,p06,l3,0.00
i07,e10,c5,p07,l3,0.00
i07,e10,c5,p08,l3,0.00
i07,e10,c5,p09,l3,0.00
i07,e10,c5,p10,l3,0.00
i07,e10,c5,p11,l3,0.00
i07,e10,c5,p12,l3,0.00
i07,e10,c5,p13,l3,0.00
i07,e10,c5,p14,l3,0.00
i07,e10,c5,p15,l3,0.00
i07,e10,c5,p16,l3,0.00
i07,e10,c5,p17,l3,0.00
i07,e10,c5,p18,l3,0.00
i07,e10,c5,p19,l3,0.00
i07,e10,c5,p20,l3,0.00
i07,e10,c5,p21,l3,0.00
i07,e10,c5,p22,l3,0.00
i07,e10,c5,p23,l3,0.00
i07,e10,c5,p24,l3,0.00
i07,e10,c5,p25,l3,0.00
i07,e10,c5,p26,l3,0.00
i07,e10,c5,p28,l3,0.00
i07,e10,c5,p29,l3,0.00
i07,e10,c5,p31,l3,0.00
i07,e10,c5,p32,l3,0.00
i07,e10,c5,p35,l3,0.00
i07,e11,c3,p05,l3,0.00
i07,e11,c3,p07,l2,0.00
i07,e11,c3,p10,l3,0.00
i07,e11,c3,p11,l2,0.00
i07,e11,c3,p11,l3,0.00
i07,e11,c3,p14,l3,0.00
i07,e11,c3,p15,l3,0.00
i07,e11,c3,p19,l3,0.00
i07,e11,c3,p21,l3,0.00
i07,e11,c3,p24,l3,0.00
i07,e11,c3,p28,l3,0.00
i07,e11,c3,p35,l2,0.00
i07,e11,c3,p35,l3,0.00
i07,e11,c5,p01,l2,0.00
i07,e11,c5,p01,l3,0.00
i07,e11,c5,p02,l2,0.00
i07,e11,c5,p02,l3,0.00
i07,e11,c5,p03,l2,0.00
i07,e11,c5,p03,l3,0.00
i07,e11,c5,p04,l2,0.00
i07,e11,c5,p04,l3,0.00
i07,e11,c5,p05,l2,0.00
i07,e11,c5,p05,l3,0.00
i07,e11,c5,p06,l2,0.00
i07,e11,c5,p06,l3,0.00
i07,e11,c5,p07,l2,0.00
i07,e11,c5,p07,l3,0.00
i07,e11,c5,p08,l2,0.00
i07,e11,c5,p08,l3,0.00
i07,e11,c5,p09,l2,0.00
i07,e11,c5,p09,l3,0.00
i07,e11,c5,p10,l2,0.00
i07,e11,c5,p10,l3,1.01
i07,e11,c5,p11,l2,0.00
i07,e11,c5,p11,l3,0.00
i07,e11,c5,p12,l2,0.00
i07,e11,c5,p12,l3,0.00
i07,e11,c5,p13,l2,0.00
i07,e11,c5,p13,l3,0.00
i07,e11,c5,p14,l2,0.00
i07,e11,c5,p14,l3,0.00
i07,e11,c5,p15,l2,0.00
i07,e11,c5,p15,l3,0.00
i07,e11,c5,p16,l2,0.00
i07,e11,c5,p16,l3,0.00
i07,e11,c5,p17,l2,0.00
i07,e11,c5,p17,l3,0.00
i07,e11,c5,p18,l2,0.00
i07,e11,c5,p18,l3,0.00
i07,e11,c5,p19,l2,0.00
i07,e11,c5,p19,l3,0.00
i07,e11,c5,p20,l2,0.00
i07,e11,c5,p20,l3,0.00
i07,e11,c5,p21,l2,0.00
i07,e11,c5,p21,l3,0.00
i07,e11,c5,p22,l2,0.00
i07,e11,c5,p22,l3,0.00
i07,e11,c5,p23,l2,0.00
i07,e11,c5,p23,l3,0.00
i07,e11,c5,p24,l2,0.00
i07,e11,c5,p24,l3,0.00
i07,e11,c5,p25,l2,0.00
i07,e11,c5,p25,l3,0.00
i07,e11,c5,p26,l3,0.00
i07,e11,c5,p28,l2,0.00
i07,e11,c5,p28,l3,0.00
i07,e11,c5,p29,l2,0.00
i07,e11,c5,p29,l3,0.00
i07,e11,c5,p30,l3,0.00
i07,e11,c5,p31,l2,0.00
i07,e11,c5,p31,l3,0.00
i07,e11,c5,p32,l2,0.00
i07,e11,c5,p32,l3,0.00
i07,e11,c5,p35,l2,0.00
i07,e11,c5,p35,l3,1.81
i07,e12,c3,p01,l3,0.00
i07,e12,c3,p02,l3,0.00
i07,e12,c3,p03,l3,0.00
i07,e12,c3,p04,l3,0.00
i07,e12,c3,p05,l3,0.00
i07,e12,c3,p06,l3,0.00
i07,e12,c3,p07,l3,0.00
i07,e12,c3,p09,l3,0.00
i07,e12,c3,p10,l3,0.00
i07,e12,c3,p11,l3,0.00
i07,e12,c3,p12,l3,0.00
i07,e12,c3,p13,l3,0.00
i07,e12,c3,p14,l3,0.00
i07,e12,c3,p15,l3,0.00
i07,e12,c3,p16,l3,0.00
i07,e12,c3,p17,l3,0.00
i07,e12,c3,p18,l3,0.00
i07,e12,c3,p19,l3,0.00
i07,e12,c3,p21,l3,0.00
i07,e12,c3,p24,l3,0.00
i07,e12,c3,p25,l3,0.00
i07,e12,c3,p28,l3,0.00
i07,e12,c3,p35,l3,0.00
i07,e12,c5,p01,l3,16.30
i07,e12,c5,p02,l3,7.11
i07,e12,c5,p03,l3,4.81
i07,e12,c5,p04,l3,0.00
i07,e12,c5,p05,l3,2.91
i07,e12,c5,p06,l3,0.00
i07,e12,c5,p07,l3,18.05
i07,e12,c5,p08,l3,6.30
i07,e12,c5,p09,l3,0.00
i07,e12,c5,p10,l3,17.21
i07,e12,c5,p11,l3,0.00
i07,e12,c5,p12,l3,6.44
i07,e12,c5,p13,l3,5.82
i07,e12,c5,p14,l3,2.32
i07,e12,c5,p15,l3,2.26
i07,e12,c5,p16,l3,2.92
i07,e12,c5,p17,l3,1.35
i07,e12,c5,p18,l3,0.00
i07,e12,c5,p19,l3,8.07
i07,e12,c5,p20,l3,0.00
i07,e12,c5,p21,l3,5.42
i07,e12,c5,p22,l3,0.00
i07,e12,c5,p23,l3,2.08
i07,e12,c5,p24,l3,0.00
i07,e12,c5,p25,l3,0.00
i07,e12,c5,p26,l3,0.00
i07,e12,c5,p28,l3,0.00
i07,e12,c5,p29,l3,0.00
i07,e12,c5,p30,l3,0.00
i07,e12,c5,p31,l3,0.00
i07,e12,c5,p32,l3,0.00
i07,e12,c5,p33,l3,0.00
i07,e12,c5,p35,l3,7.10
i08,e01,c1,p01,l3,0.00
i08,e01,c1,p03,l3,0.00
i08,e01,c1,p04,l3,0.00
i08,e01,c1,p10,l3,7.46
i08,e01,c1,p12,l3,0.00
i08,e01,c1,p19,l3,0.00
i08,e01,c1,p35,l3,0.00
i08,e04,c1,p01,l3,0.00
i08,e04,c1,p03,l3,0.00
i08,e04,c1,p04,l3,0.00
i08,e04,c1,p10,l3,12.22
i08,e04,c1,p12,l3,0.00
i08,e04,c1,p21,l3,0.00
i08,e04,c1,p35,l3,0.00
i08,e07,c1,p10,l3,0.00
i08,e08,c1,p01,l3,0.00
i08,e08,c1,p03,l3,0.00
i08,e08,c1,p04,l3,0.00
i08,e08,c1,p10,l3,1.50
i08,e08,c1,p12,l3,0.00
i08,e08,c1,p35,l3,0.00
i08,e09,c1,p01,l3,0.00
i08,e09,c1,p03,l3,0.00
i08,e09,c1,p04,l3,0.00
i08,e09,c1,p10,l3,15.05
i08,e09,c1,p12,l3,0.00
i08,e09,c1,p19,l3,0.00
i08,e09,c1,p35,l3,0.00
i08,e11,c1,p01,l3,0.00
i08,e11,c1,p03,l3,0.00
i08,e11,c1,p10,l3,0.00
i08,e11,c1,p35,l3,0.00
i08,e12,c1,p10,l3,0.00
i09,e01,c3,p01,l3,0.00
i09,e01,c3,p02,l3,0.00
i09,e01,c3,p03,l3,0.00
i09,e01,c3,p05,l3,0.00
i09,e01,c3,p06,l3,0.00
i09,e01,c3,p08,l3,0.00
i09,e01,c3,p10,l3,0.00
i09,e01,c3,p11,l3,0.00
i09,e01,c3,p12,l3,0.00
i09,e01,c3,p13,l3,0.00
i09,e01,c3,p14,l3,0.00
i09,e01,c3,p15,l3,0.00
i09,e01,c3,p16,l3,0.00
i09,e01,c3,p17,l3,0.00
i09,e01,c3,p18,l3,0.00
i09,e01,c3,p19,l3,0.00
i09,e01,c3,p21,l3,0.00
i09,e01,c3,p22,l3,0.00
i09,e01,c3,p23,l3,0.00
i09,e01,c3,p24,l3,0.00
i09,e01,c3,p25,l3,0.00
i09,e01,c3,p29,l3,0.00
i09,e01,c3,p32,l3,0.00
i09,e01,c3,p35,l3,0.00
i09,e01,c5,p01,l3,0.00
i09,e01,c5,p02,l3,0.00
i09,e01,c5,p03,l3,1.31
i09,e01,c5,p04,l3,0.00
i09,e01,c5,p05,l3,0.00
i09,e01,c5,p06,l3,0.00
i09,e01,c5,p07,l3,0.00
i09,e01,c5,p08,l3,0.00
i09,e01,c5,p09,l3,0.00
i09,e01,c5,p10,l3,0.00
i09,e01,c5,p11,l3,0.00
i09,e01,c5,p12,l3,0.00
i09,e01,c5,p13,l3,0.00
i09,e01,c5,p14,l3,0.00
i09,e01,c5,p15,l3,0.00
i09,e01,c5,p16,l3,0.00
i09,e01,c5,p17,l3,0.00
i09,e01,c5,p18,l3,0.00
i09,e01,c5,p19,l3,0.00
i09,e01,c5,p20,l3,0.00
i09,e01,c5,p21,l3,0.00
i09,e01,c5,p22,l3,0.00
i09,e01,c5,p23,l3,0.00
i09,e01,c5,p24,l3,0.00
i09,e01,c5,p25,l3,0.00
i09,e01,c5,p26,l3,0.00
i09,e01,c5,p28,l3,0.00
i09,e01,c5,p29,l3,0.00
i09,e01,c5,p30,l3,0.00
i09,e01,c5,p31,l3,0.00
i09,e01,c5,p32,l3,0.00
i09,e01,c5,p35,l3,0.00
i09,e04,c3,p01,l3,0.00
i09,e04,c3,p02,l3,0.00
i09,e04,c3,p03,l3,0.00
i09,e04,c3,p05,l1,0.00
i09,e04,c3,p05,l3,0.00
i09,e04,c3,p06,l3,0.00
i09,e04,c3,p08,l1,0.00
i09,e04,c3,p08,l3,0.00
i09,e04,c3,p10,l1,0.00
i09,e04,c3,p10,l3,0.00
i09,e04,c3,p11,l3,0.00
i09,e04,c3,p12,l3,0.00
i09,e04,c3,p13,l3,0.00
i09,e04,c3,p15,l1,0.00
i09,e04,c3,p15,l3,0.00
i09,e04,c3,p16,l3,0.00
i09,e04,c3,p17,l3,0.00
i09,e04,c3,p18,l3,0.00
i09,e04,c3,p19,l3,0.00
i09,e04,c3,p20,l1,0.00
i09,e04,c3,p20,l3,0.00
i09,e04,c3,p21,l3,0.00
i09,e04,c3,p23,l3,0.00
i09,e04,c3,p24,l3,0.00
i09,e04,c3,p25,l3,0.00
i09,e04,c3,p27,l1,0.00
i09,e04,c3,p27,l3,0.00
i09,e04,c3,p28,l3,0.00
i09,e04,c3,p29,l3,0.00
i09,e04,c3,p35,l1,0.00
i09,e04,c3,p35,l3,0.00
i09,e04,c5,p01,l1,0.00
i09,e04,c5,p01,l3,0.00
i09,e04,c5,p02,l1,0.00
i09,e04,c5,p02,l3,0.00
i09,e04,c5,p03,l1,0.00
i09,e04,c5,p03,l3,0.00
i09,e04,c5,p04,l1,0.00
i09,e04,c5,p04,l3,0.00
i09,e04,c5,p05,l1,0.00
i09,e04,c5,p05,l3,0.00
i09,e04,c5,p06,l1,0.00
i09,e04,c5,p06,l3,0.00
i09,e04,c5,p07,l1,0.00
i09,e04,c5,p07,l3,0.00
i09,e04,c5,p08,l1,0.00
i09,e04,c5,p08,l3,0.00
i09,e04,c5,p09,l1,0.00
i09,e04,c5,p09,l3,0.00
i09,e04,c5,p10,l1,0.00
i09,e04,c5,p10,l3,0.00
i09,e04,c5,p11,l1,0.00
i09,e04,c5,p11,l3,0.00
i09,e04,c5,p12,l1,0.00
i09,e04,c5,p12,l3,0.00
i09,e04,c5,p13,l1,0.00
i09,e04,c5,p13,l3,0.00
i09,e04,c5,p14,l1,0.00
i09,e04,c5,p14,l3,0.00
i09,e04,c5,p15,l1,0.00
i09,e04,c5,p15,l3,0.00
i09,e04,c5,p16,l1,0.00
i09,e04,c5,p16,l3,0.00
i09,e04,c5,p17,l1,0.00
i09,e04,c5,p17,l3,0.00
i09,e04,c5,p18,l1,0.00
i09,e04,c5,p18,l3,0.00
i09,e04,c5,p19,l1,0.00
i09,e04,c5,p19,l3,0.00
i09,e04,c5,p20,l1,0.00
i09,e04,c5,p20,l3,0.00
i09,e04,c5,p21,l1,0.00
i09,e04,c5,p21,l3,0.00
i09,e04,c5,p22,l1,0.00
i09,e04,c5,p22,l3,0.00
i09,e04,c5,p23,l1,0.00
i09,e04,c5,p23,l3,0.00
i09,e04,c5,p24,l1,0.00
i09,e04,c5,p24,l3,0.00
i09,e04,c5,p25,l1,0.00
i09,e04,c5,p25,l3,0.00
i09,e04,c5,p26,l1,0.00
i09,e04,c5,p26,l3,0.00
i09,e04,c5,p28,l1,0.00
i09,e04,c5,p28,l3,1.03
i09,e04,c5,p29,l1,0.00
i09,e04,c5,p29,l3,0.00
i09,e04,c5,p30,l3,0.00
i09,e04,c5,p31,l1,0.00
i09,e04,c5,p31,l3,0.00
i09,e04,c5,p32,l1,0.00
i09,e04,c5,p32,l3,0.00
i09,e04,c5,p35,l1,0.00
i09,e04,c5,p35,l3,1.17
i09,e05,c3,p01,l3,0.00
i09,e05,c3,p03,l3,0.00
i09,e05,c3,p05,l3,0.00
i09,e05,c3,p10,l1,0.00
i09,e05,c3,p10,l3,0.00
i09,e05,c3,p13,l3,0.00
i09,e05,c3,p17,l3,0.00
i09,e05,c3,p23,l3,0.00
i09,e05,c3,p24,l3,0.00
i09,e05,c3,p35,l1,0.00
i09,e05,c3,p35,l3,0.00
i09,e05,c5,p01,l1,0.00
i09,e05,c5,p01,l3,0.00
i09,e05,c5,p02,l3,0.00
i09,e05,c5,p03,l1,0.00
i09,e05,c5,p03,l3,0.00
i09,e05,c5,p04,l3,0.00
i09,e05,c5,p05,l1,0.00
i09,e05,c5,p05,l3,0.00
i09,e05,c5,p06,l1,0.00
i09,e05,c5,p06,l3,0.00
i09,e05,c5,p07,l3,0.00
i09,e05,c5,p08,l3,0.00
i09,e05,c5,p09,l3,0.00
i09,e05,c5,p10,l1,0.00
i09,e05,c5,p10,l3,0.00
i09,e05,c5,p11,l3,0.00
i09,e05,c5,p12,l1,0.00
i09,e05,c5,p12,l3,0.00
i09,e05,c5,p13,l1,0.00
i09,e05,c5,p13,l3,0.00
i09,e05,c5,p14,l1,0.00
i09,e05,c5,p14,l3,0.00
i09,e05,c5,p15,l1,0.00
i09,e05,c5,p15,l3,0.00
i09,e05,c5,p16,l1,0.00
i09,e05,c5,p16,l3,0.00
i09,e05,c5,p17,l1,0.00
i09,e05,c5,p17,l3,0.00
i09,e05,c5,p18,l1,0.00
i09,e05,c5,p18,l3,0.00
i09,e05,c5,p19,l1,0.00
i09,e05,c5,p19,l3,0.00
i09,e05,c5,p20,l3,0.00
i09,e05,c5,p21,l3,0.00
i09,e05,c5,p22,l3,0.00
i09,e05,c5,p23,l1,0.00
i09,e05,c5,p23,l3,0.00
i09,e05,c5,p24,l1,0.00
i09,e05,c5,p24,l3,0.00
i09,e05,c5,p25,l3,0.00
i09,e05,c5,p28,l1,0.00
i09,e05,c5,p28,l3,0.00
i09,e05,c5,p29,l3,0.00
i09,e05,c5,p32,l3,0.00
i09,e05,c5,p35,l1,0.00
i09,e05,c5,p35,l3,0.00
i09,e09,c3,p01,l3,0.00
i09,e09,c3,p02,l3,0.00
i09,e09,c3,p03,l2,0.00
i09,e09,c3,p03,l3,0.00
i09,e09,c3,p05,l2,0.00
i09,e09,c3,p05,l3,0.00
i09,e09,c3,p06,l3,0.00
i09,e09,c3,p10,l2,0.00
i09,e09,c3,p10,l3,0.00
i09,e09,c3,p11,l3,0.00
i09,e09,c3,p12,l3,0.00
i09,e09,c3,p13,l3,0.00
i09,e09,c3,p15,l2,0.00
i09,e09,c3,p15,l3,0.00
i09,e09,c3,p16,l3,0.00
i09,e09,c3,p17,l3,0.00
i09,e09,c3,p18,l3,0.00
i09,e09,c3,p19,l3,0.00
i09,e09,c3,p21,l2,0.00
i09,e09,c3,p21,l3,0.00
i09,e09,c3,p22,l3,0.00
i09,e09,c3,p23,l3,0.00
i09,e09,c3,p24,l3,0.00
i09,e09,c3,p25,l3,0.00
i09,e09,c3,p27,l3,0.00
i09,e09,c3,p29,l3,0.00
i09,e09,c3,p32,l3,0.00
i09,e09,c3,p35,l2,0.00
i09,e09,c3,p35,l3,0.00
i09,e09,c5,p01,l2,0.00
i09,e09,c5,p01,l3,0.00
i09,e09,c5,p02,l2,0.00
i09,e09,c5,p02,l3,0.00
i09,e09,c5,p03,l2,0.00
i09,e09,c5,p03,l3,0.00
i09,e09,c5,p04,l2,0.00
i09,e09,c5,p04,l3,0.00
i09,e09,c5,p05,l2,0.00
i09,e09,c5,p05,l3,0.00
i09,e09,c5,p06,l2,0.00
i09,e09,c5,p06,l3,0.00
i09,e09,c5,p07,l2,0.00
i09,e09,c5,p07,l3,0.00
i09,e09,c5,p08,l2,0.00
i09,e09,c5,p08,l3,0.00
i09,e09,c5,p09,l2,0.00
i09,e09,c5,p09,l3,0.00
i09,e09,c5,p10,l2,0.00
i09,e09,c5,p10,l3,0.00
i09,e09,c5,p11,l2,0.00
i09,e09,c5,p11,l3,0.00
i09,e09,c5,p12,l2,0.00
i09,e09,c5,p12,l3,0.00
i09,e09,c5,p13,l2,0.00
i09,e09,c5,p13,l3,0.00
i09,e09,c5,p14,l2,0.00
i09,e09,c5,p14,l3,0.00
i09,e09,c5,p15,l2,0.00
i09,e09,c5,p15,l3,0.00
i09,e09,c5,p16,l2,0.00
i09,e09,c5,p16,l3,0.00
i09,e09,c5,p17,l2,0.00
i09,e09,c5,p17,l3,1.59
i09,e09,c5,p18,l2,0.00
i09,e09,c5,p18,l3,0.00
i09,e09,c5,p19,l2,0.00
i09,e09,c5,p19,l3,0.00
i09,e09,c5,p20,l2,0.00
i09,e09,c5,p20,l3,0.00
i09,e09,c5,p21,l2,0.00
i09,e09,c5,p21,l3,0.00
i09,e09,c5,p22,l2,0.00
i09,e09,c5,p22,l3,0.00
i09,e09,c5,p23,l2,0.00
i09,e09,c5,p23,l3,0.00
i09,e09,c5,p24,l2,0.00
i09,e09,c5,p24,l3,0.00
i09,e09,c5,p25,l2,0.00
i09,e09,c5,p25,l3,0.00
i09,e09,c5,p26,l2,0.00
i09,e09,c5,p26,l3,0.00
i09,e09,c5,p28,l2,0.00
i09,e09,c5,p28,l3,2.32
i09,e09,c5,p29,l2,0.00
i09,e09,c5,p29,l3,0.00
i09,e09,c5,p30,l3,0.00
i09,e09,c5,p31,l3,0.00
i09,e09,c5,p32,l2,0.00
i09,e09,c5,p32,l3,0.00
i09,e09,c5,p35,l2,0.00
i09,e09,c5,p35,l3,2.45
i10,e02,c3,p01,l1,0.00
i10,e02,c3,p01,l3,0.00
i10,e02,c3,p02,l1,0.00
i10,e02,c3,p02,l3,0.00
i10,e02,c3,p03,l1,0.00
i10,e02,c3,p03,l3,0.00
i10,e02,c3,p04,l1,0.00
i10,e02,c3,p04,l3,0.00
i10,e02,c3,p05,l1,0.00
i10,e02,c3,p05,l3,0.00
i10,e02,c3,p06,l3,0.00
i10,e02,c3,p07,l1,0.00
i10,e02,c3,p07,l3,0.00
i10,e02,c3,p08,l1,0.00
i10,e02,c3,p08,l3,0.00
i10,e02,c3,p09,l1,0.00
i10,e02,c3,p09,l3,0.00
i10,e02,c3,p10,l1,0.00
i10,e02,c3,p10,l3,0.00
i10,e02,c3,p11,l1,0.00
i10,e02,c3,p11,l3,0.00
i10,e02,c3,p12,l1,0.00
i10,e02,c3,p12,l3,0.00
i10,e02,c3,p13,l1,0.00
i10,e02,c3,p13,l3,0.00
i10,e02,c3,p14,l1,0.00
i10,e02,c3,p14,l3,0.00
i10,e02,c3,p15,l1,0.00
i10,e02,c3,p15,l3,0.00
i10,e02,c3,p16,l1,0.00
i10,e02,c3,p16,l3,0.00
i10,e02,c3,p17,l1,0.00
i10,e02,c3,p17,l3,0.00
i10,e02,c3,p18,l1,0.00
i10,e02,c3,p18,l3,0.00
i10,e02,c3,p19,l1,0.00
i10,e02,c3,p19,l3,0.00
i10,e02,c3,p20,l3,0.00
i10,e02,c3,p21,l1,0.00
i10,e02,c3,p21,l3,0.00
i10,e02,c3,p22,l1,0.00
i10,e02,c3,p22,l3,0.00
i10,e02,c3,p23,l1,0.00
i10,e02,c3,p23,l3,0.00
i10,e02,c3,p24,l1,0.00
i10,e02,c3,p24,l3,0.00
i10,e02,c3,p25,l1,0.00
i10,e02,c3,p25,l3,0.00
i10,e02,c3,p26,l1,0.00
i10,e02,c3,p26,l3,0.00
i10,e02,c3,p28,l1,0.00
i10,e02,c3,p28,l3,0.00
i10,e02,c3,p29,l1,0.00
i10,e02,c3,p29,l3,0.00
i10,e02,c3,p30,l3,0.00
i10,e02,c3,p31,l3,0.00
i10,e02,c3,p32,l3,0.00
i10,e02,c3,p35,l1,0.00
i10,e02,c3,p35,l3,0.00
i10,e05,c3,p01,l1,0.00
i10,e05,c3,p01,l3,0.00
i10,e05,c3,p02,l1,0.00
i10,e05,c3,p02,l3,0.00
i10,e05,c3,p03,l1,0.00
i10,e05,c3,p03,l3,0.00
i10,e05,c3,p04,l1,0.00
i10,e05,c3,p04,l3,0.00
i10,e05,c3,p05,l1,0.00
i10,e05,c3,p05,l3,0.00
i10,e05,c3,p06,l1,0.00
i10,e05,c3,p06,l3,0.00
i10,e05,c3,p07,l1,0.00
i10,e05,c3,p07,l3,0.00
i10,e05,c3,p08,l1,0.00
i10,e05,c3,p08,l3,0.00
i10,e05,c3,p09,l1,0.00
i10,e05,c3,p09,l3,0.00
i10,e05,c3,p10,l1,0.00
i10,e05,c3,p10,l3,0.00
i10,e05,c3,p11,l1,0.00
i10,e05,c3,p11,l3,0.00
i10,e05,c3,p12,l1,0.00
i10,e05,c3,p12,l3,0.00
i10,e05,c3,p13,l1,0.00
i10,e05,c3,p13,l3,0.00
i10,e05,c3,p14,l1,0.00
i10,e05,c3,p14,l3,0.00
i10,e05,c3,p15,l1,0.00
i10,e05,c3,p15,l3,0.00
i10,e05,c3,p16,l1,0.00
i10,e05,c3,p16,l3,0.00
i10,e05,c3,p17,l1,0.00
i10,e05,c3,p17,l3,0.00
i10,e05,c3,p18,l1,0.00
i10,e05,c3,p18,l3,0.00
i10,e05,c3,p19,l1,0.00
i10,e05,c3,p19,l3,0.00
i10,e05,c3,p20,l1,0.00
i10,e05,c3,p20,l3,0.00
i10,e05,c3,p21,l1,0.00
i10,e05,c3,p21,l3,0.00
i10,e05,c3,p22,l1,0.00
i10,e05,c3,p22,l3,0.00
i10,e05,c3,p23,l1,0.00
i10,e05,c3,p23,l3,0.00
i10,e05,c3,p24,l1,0.00
i10,e05,c3,p24,l3,0.00
i10,e05,c3,p25,l1,0.00
i10,e05,c3,p25,l3,0.00
i10,e05,c3,p26,l1,0.00
i10,e05,c3,p26,l3,0.00
i10,e05,c3,p27,l3,0.00
i10,e05,c3,p28,l1,0.00
i10,e05,c3,p28,l3,0.00
i10,e05,c3,p29,l1,0.00
i10,e05,c3,p29,l3,0.00
i10,e05,c3,p30,l1,0.00
i10,e05,c3,p30,l3,0.00
i10,e05,c3,p31,l1,0.00
i10,e05,c3,p31,l3,0.00
i10,e05,c3,p32,l1,0.00
i10,e05,c3,p32,l3,0.00
i10,e05,c3,p35,l1,0.00
i10,e05,c3,p35,l3,1.30
i10,e05,c5,p01,l3,0.00
i10,e05,c5,p02,l3,0.00
i10,e05,c5,p03,l1,0.00
i10,e05,c5,p03,l3,0.00
i10,e05,c5,p05,l1,0.00
i10,e05,c5,p05,l3,0.00
i10,e05,c5,p06,l1,0.00
i10,e05,c5,p07,l3,0.00
i10,e05,c5,p08,l3,0.00
i10,e05,c5,p10,l3,0.00
i10,e05,c5,p11,l3,0.00
i10,e05,c5,p12,l1,0.00
i10,e05,c5,p13,l3,0.00
i10,e05,c5,p15,l1,0.00
i10,e05,c5,p15,l3,0.00
i10,e05,c5,p16,l3,0.00
i10,e05,c5,p19,l1,0.00
i10,e05,c5,p19,l3,0.00
i10,e05,c5,p23,l3,0.00
i10,e05,c5,p24,l3,0.00
i10,e05,c5,p28,l1,0.00
i10,e05,c5,p35,l1,0.00
i10,e05,c5,p35,l3,0.00
i10,e05,c8,p10,l3,0.00
i10,e05,c8,p35,l3,0.00
i10,e13,c3,p01,l3,0.00
i10,e13,c3,p02,l3,0.00
i10,e13,c3,p03,l3,0.00
i10,e13,c3,p04,l3,0.00
i10,e13,c3,p05,l3,0.00
i10,e13,c3,p06,l3,0.00
i10,e13,c3,p07,l3,0.00
i10,e13,c3,p08,l3,0.00
i10,e13,c3,p09,l3,0.00
i10,e13,c3,p10,l3,0.00
i10,e13,c3,p11,l3,0.00
i10,e13,c3,p12,l3,0.00
i10,e13,c3,p13,l3,0.00
i10,e13,c3,p14,l3,0.00
i10,e13,c3,p15,l3,0.00
i10,e13,c3,p16,l3,0.00
i10,e13,c3,p17,l3,0.00
i10,e13,c3,p18,l3,0.00
i10,e13,c3,p19,l3,0.00
i10,e13,c3,p20,l3,0.00
i10,e13,c3,p21,l3,0.00
i10,e13,c3,p22,l3,0.00
i10,e13,c3,p23,l3,0.00
i10,e13,c3,p24,l3,0.00
i10,e13,c3,p25,l3,0.00
i10,e13,c3,p26,l3,0.00
i10,e13,c3,p27,l3,0.00
i10,e13,c3,p28,l3,0.00
i10,e13,c3,p29,l3,0.00
i10,e13,c3,p30,l3,0.00
i10,e13,c3,p31,l3,0.00
i10,e13,c3,p32,l3,0.00
i10,e13,c3,p35,l3,0.00
i10,e13,c5,p15,l3,0.00
i10,e13,c5,p19,l3,0.00
i10,e13,c5,p35,l3,0.00
i100,e01,c3,p10,l3,0.00
i100,e01,c5,p01,l3,0.00
i100,e01,c5,p10,l3,0.00
i100,e01,c5,p35,l3,0.00
i100,e02,c5,p35,l3,0.00
i100,e04,c5,p10,l3,0.00
i100,e04,c5,p35,l3,0.00
i100,e05,c5,p10,l3,0.00
i100,e05,c5,p35,l3,0.00
i100,e08,c5,p10,l3,0.00
i100,e08,c5,p35,l3,0.00
i100,e09,c3,p10,l3,0.00
i100,e09,c5,p10,l3,0.00
i100,e09,c5,p35,l3,0.00
i100,e11,c3,p10,l3,0.00
i100,e11,c5,p10,l3,0.00
i100,e11,c5,p35,l3,0.00
i100,e13,c3,p10,l3,0.00
i100,e13,c5,p01,l3,0.00
i100,e13,c5,p10,l3,0.00
i100,e13,c5,p35,l3,0.00
i101,e01,c1,p01,l3,0.00
i101,e01,c1,p02,l3,0.00
i101,e01,c1,p03,l3,0.00
i101,e01,c1,p04,l3,0.00
i101,e01,c1,p08,l3,0.00
i101,e01,c1,p10,l3,0.00
i101,e01,c1,p11,l3,0.00
i101,e01,c1,p12,l3,0.00
i101,e01,c1,p13,l3,0.00
i101,e01,c1,p17,l3,0.00
i101,e01,c1,p19,l3,0.00
i101,e01,c1,p21,l3,0.00
i101,e01,c1,p24,l3,0.00
i101,e01,c1,p32,l3,0.00
i101,e01,c1,p35,l3,0.00
i101,e04,c1,p01,l3,0.00
i101,e04,c1,p03,l3,0.00
i101,e04,c1,p04,l1,0.00
i101,e04,c1,p04,l3,0.00
i101,e04,c1,p10,l1,0.00
i101,e04,c1,p10,l3,0.00
i101,e04,c1,p11,l3,0.00
i101,e04,c1,p12,l3,0.00
i101,e04,c1,p17,l3,0.00
i101,e04,c1,p19,l3,0.00
i101,e04,c1,p21,l3,0.00
i101,e04,c1,p25,l3,0.00
i101,e04,c1,p32,l3,0.00
i101,e04,c1,p35,l1,0.00
i101,e04,c1,p35,l3,0.00
i101,e05,c1,p10,l3,0.00
i101,e05,c1,p35,l3,0.00
i101,e07,c1,p10,l2,0.00
i101,e07,c1,p10,l3,0.00
i101,e07,c1,p35,l3,0.00
i101,e08,c1,p03,l3,0.00
i101,e08,c1,p04,l3,0.00
i101,e08,c1,p06,l3,0.00
i101,e08,c1,p10,l2,0.00
i101,e08,c1,p10,l3,0.00
i101,e08,c1,p11,l3,0.00
i101,e08,c1,p12,l3,0.00
i101,e08,c1,p17,l3,0.00
i101,e08,c1,p19,l2,0.00
i101,e08,c1,p19,l3,0.00
i101,e08,c1,p21,l3,0.00
i101,e08,c1,p24,l2,0.00
i101,e08,c1,p24,l3,0.00
i101,e08,c1,p25,l3,0.00
i101,e08,c1,p32,l3,0.00
i101,e08,c1,p35,l2,0.00
i101,e08,c1,p35,l3,0.00
i101,e09,c1,p01,l3,0.00
i101,e09,c1,p03,l3,0.00
i101,e09,c1,p04,l2,0.00
i101,e09,c1,p04,l3,0.00
i101,e09,c1,p08,l3,0.00
i101,e09,c1,p10,l2,0.00
i101,e09,c1,p10,l3,0.00
i101,e09,c1,p11,l2,0.00
i101,e09,c1,p11,l3,0.00
i101,e09,c1,p12,l3,0.00
i101,e09,c1,p14,l3,0.00
i101,e09,c1,p15,l3,0.00
i101,e09,c1,p17,l3,0.00
i101,e09,c1,p19,l3,0.00
i101,e09,c1,p21,l3,0.00
i101,e09,c1,p24,l2,0.00
i101,e09,c1,p24,l3,0.00
i101,e09,c1,p32,l3,0.00
i101,e09,c1,p35,l2,0.00
i101,e09,c1,p35,l3,0.00
i101,e12,c1,p01,l3,0.00
i101,e12,c1,p02,l3,0.00
i101,e12,c1,p03,l3,0.00
i101,e12,c1,p04,l3,0.00
i101,e12,c1,p05,l3,0.00
i101,e12,c1,p07,l3,0.00
i101,e12,c1,p10,l3,0.00
i101,e12,c1,p11,l3,0.00
i101,e12,c1,p12,l3,0.00
i101,e12,c1,p15,l3,0.00
i101,e12,c1,p16,l3,0.00
i101,e12,c1,p17,l3,0.00
i101,e12,c1,p18,l3,0.00
i101,e12,c1,p19,l3,0.00
i101,e12,c1,p21,l3,0.00
i101,e12,c1,p24,l3,0.00
i101,e12,c1,p32,l3,0.00
i101,e12,c1,p35,l3,0.00
i102,e01,c3,p18,l3,0.00
i102,e01,c5,p10,l3,0.00
i102,e01,c5,p18,l3,0.00
i102,e01,c5,p19,l3,0.00
i102,e01,c5,p35,l3,0.00
i102,e04,c3,p18,l3,0.00
i102,e04,c5,p18,l1,0.00
i102,e04,c5,p18,l3,0.00
i102,e04,c5,p19,l3,0.00
i102,e04,c5,p35,l3,0.00
i102,e05,c5,p18,l3,0.00
i102,e08,c3,p18,l3,0.00
i102,e08,c5,p10,l3,0.00
i102,e08,c5,p17,l3,0.00
i102,e08,c5,p18,l2,0.00
i102,e08,c5,p18,l3,0.00
i102,e08,c5,p19,l3,0.00
i102,e08,c5,p23,l3,0.00
i102,e08,c5,p35,l2,0.00
i102,e08,c5,p35,l3,0.00
i102,e09,c5,p18,l2,0.00
i102,e09,c5,p18,l3,0.00
i102,e09,c5,p19,l3,0.00
i102,e09,c5,p35,l3,0.00
i102,e11,c5,p18,l3,0.00
i103,e02,c5,p01,l3,0.00
i103,e02,c5,p04,l3,0.00
i103,e02,c5,p06,l3,0.00
i103,e02,c5,p10,l3,0.00
i103,e02,c5,p11,l3,0.00
i103,e02,c5,p13,l3,0.00
i103,e02,c5,p16,l3,0.00
i103,e02,c5,p19,l3,0.00
i103,e02,c5,p24,l3,0.00
i103,e02,c5,p35,l1,0.00
i103,e02,c5,p35,l3,0.00
i103,e05,c3,p19,l3,0.00
i103,e05,c3,p31,l3,0.00
i103,e05,c5,p01,l1,0.00
i103,e05,c5,p01,l3,0.00
i103,e05,c5,p02,l3,0.00
i103,e05,c5,p03,l3,0.00
i103,e05,c5,p04,l1,0.00
i103,e05,c5,p04,l3,0.00
i103,e05,c5,p05,l1,0.00
i103,e05,c5,p05,l3,0.00
i103,e05,c5,p06,l1,0.00
i103,e05,c5,p06,l3,0.00
i103,e05,c5,p07,l3,0.00
i103,e05,c5,p08,l3,0.00
i103,e05,c5,p09,l1,0.00
i103,e05,c5,p09,l3,0.00
i103,e05,c5,p10,l1,0.00
i103,e05,c5,p10,l3,0.00
i103,e05,c5,p11,l1,0.00
i103,e05,c5,p11,l3,0.00
i103,e05,c5,p12,l1,0.00
i103,e05,c5,p12,l3,0.00
i103,e05,c5,p13,l1,0.00
i103,e05,c5,p13,l3,0.00
i103,e05,c5,p14,l3,0.00
i103,e05,c5,p15,l1,0.00
i103,e05,c5,p15,l3,0.00
i103,e05,c5,p16,l1,0.00
i103,e05,c5,p16,l3,0.00
i103,e05,c5,p17,l1,0.00
i103,e05,c5,p17,l3,0.00
i103,e05,c5,p18,l1,0.00
i103,e05,c5,p18,l3,0.00
i103,e05,c5,p19,l1,0.00
i103,e05,c5,p19,l3,0.00
i103,e05,c5,p20,l3,0.00
i103,e05,c5,p21,l3,0.00
i103,e05,c5,p22,l3,0.00
i103,e05,c5,p23,l3,0.00
i103,e05,c5,p24,l3,0.00
i103,e05,c5,p25,l3,0.00
i103,e05,c5,p26,l3,0.00
i103,e05,c5,p28,l3,0.00
i103,e05,c5,p29,l1,0.00
i103,e05,c5,p29,l3,0.00
i103,e05,c5,p30,l3,0.00
i103,e05,c5,p32,l3,0.00
i103,e05,c5,p35,l1,0.00
i103,e05,c5,p35,l3,0.00
i104,e02,c5,p01,l3,0.00
i104,e02,c5,p03,l3,0.00
i104,e02,c5,p04,l3,0.00
i104,e02,c5,p05,l3,0.00
i104,e02,c5,p06,l3,0.00
i104,e02,c5,p08,l3,0.00
i104,e02,c5,p09,l3,0.00
i104,e02,c5,p10,l3,0.00
i104,e02,c5,p11,l3,0.00
i104,e02,c5,p12,l3,0.00
i104,e02,c5,p13,l3,0.00
i104,e02,c5,p14,l3,0.00
i104,e02,c5,p15,l3,0.00
i104,e02,c5,p17,l3,0.00
i104,e02,c5,p19,l3,0.00
i104,e02,c5,p21,l3,0.00
i104,e02,c5,p23,l3,0.00
i104,e02,c5,p24,l3,0.00
i104,e02,c5,p25,l3,0.00
i104,e02,c5,p35,l3,0.00
i104,e05,c5,p01,l3,0.00
i104,e05,c5,p02,l3,0.00
i104,e05,c5,p03,l3,0.00
i104,e05,c5,p04,l3,0.00
i104,e05,c5,p05,l3,0.00
i104,e05,c5,p07,l3,0.00
i104,e05,c5,p08,l3,0.00
i104,e05,c5,p09,l3,0.00
i104,e05,c5,p10,l3,0.00
i104,e05,c5,p11,l3,0.00
i104,e05,c5,p12,l3,0.00
i104,e05,c5,p13,l3,0.00
i104,e05,c5,p14,l3,0.00
i104,e05,c5,p15,l3,0.00
i104,e05,c5,p16,l3,0.00
i104,e05,c5,p17,l3,0.00
i104,e05,c5,p18,l3,0.00
i104,e05,c5,p19,l3,0.00
i104,e05,c5,p21,l3,0.00
i104,e05,c5,p23,l3,0.00
i104,e05,c5,p24,l3,0.00
i104,e05,c5,p25,l3,0.00
i104,e05,c5,p28,l3,0.00
i104,e05,c5,p29,l3,0.00
i104,e05,c5,p32,l3,0.00
i104,e05,c5,p35,l3,0.00
i104,e07,c5,p08,l3,0.00
i104,e07,c5,p10,l3,0.00
i104,e07,c5,p11,l3,0.00
i104,e07,c5,p15,l3,0.00
i104,e12,c5,p01,l3,0.00
i104,e12,c5,p17,l3,0.00
i104,e12,c5,p32,l3,0.00
i105,e01,c5,p10,l3,0.00
i105,e02,c5,p09,l3,0.00
i105,e02,c5,p10,l3,0.00
i105,e02,c5,p29,l3,0.00
i105,e04,c5,p01,l3,0.00
i105,e04,c5,p10,l3,0.00
i105,e05,c3,p10,l3,0.00
i105,e05,c5,p01,l3,0.00
i105,e05,c5,p02,l3,0.00
i105,e05,c5,p03,l3,0.00
i105,e05,c5,p04,l3,0.00
i105,e05,c5,p05,l3,0.00
i105,e05,c5,p07,l3,0.00
i105,e05,c5,p08,l3,0.00
i105,e05,c5,p09,l3,0.00
i105,e05,c5,p10,l3,0.00
i105,e05,c5,p11,l3,0.00
i105,e05,c5,p12,l3,0.00
i105,e05,c5,p13,l3,0.00
i105,e05,c5,p14,l3,0.00
i105,e05,c5,p15,l3,0.00
i105,e05,c5,p16,l3,0.00
i105,e05,c5,p17,l3,0.00
i105,e05,c5,p18,l3,0.00
i105,e05,c5,p19,l3,0.00
i105,e05,c5,p21,l3,0.00
i105,e05,c5,p23,l3,0.00
i105,e05,c5,p24,l3,0.00
i105,e05,c5,p25,l3,0.00
i105,e05,c5,p28,l3,0.00
i105,e05,c5,p29,l3,0.00
i105,e05,c5,p32,l3,0.00
i105,e05,c5,p35,l3,0.00
i105,e07,c5,p10,l3,0.00
i105,e08,c5,p01,l3,0.00
i105,e08,c5,p04,l3,0.00
i105,e08,c5,p10,l3,0.00
i105,e08,c5,p16,l3,0.00
i105,e08,c5,p19,l3,0.00
i105,e08,c5,p21,l3,0.00
i105,e08,c5,p35,l3,0.00
i105,e09,c5,p10,l3,0.00
i105,e12,c5,p01,l3,0.00
i105,e12,c5,p03,l3,0.00
i105,e12,c5,p04,l3,0.00
i105,e12,c5,p05,l3,0.00
i105,e12,c5,p10,l3,0.00
i105,e12,c5,p11,l3,0.00
i105,e12,c5,p14,l3,0.00
i105,e12,c5,p15,l3,0.00
i105,e12,c5,p21,l3,0.00
i105,e12,c5,p24,l3,0.00
i105,e12,c5,p28,l3,0.00
i105,e12,c5,p29,l3,0.00
i105,e12,c5,p32,l3,0.00
i105,e12,c5,p35,l3,0.00
i106,e01,c3,p35,l3,0.00
i106,e01,c5,p35,l3,0.00
i106,e04,c3,p35,l1,0.00
i106,e04,c3,p35,l3,0.00
i106,e04,c5,p35,l1,0.00
i106,e04,c5,p35,l3,0.00
i106,e05,c3,p35,l1,0.00
i106,e05,c3,p35,l3,0.00
i106,e05,c5,p35,l3,0.00
i106,e09,c3,p35,l3,0.00
i106,e09,c5,p35,l2,0.00
i106,e09,c5,p35,l3,0.00
i107,e01,c2,p35,l3,0.00
i107,e04,c2,p35,l3,0.00
i107,e09,c2,p35,l3,0.00
i108,e01,c5,p01,l3,0.00
i108,e01,c5,p03,l3,0.00
i108,e01,c5,p06,l3,0.00
i108,e01,c5,p07,l3,0.00
i108,e01,c5,p09,l3,0.00
i108,e01,c5,p10,l3,0.00
i108,e01,c5,p16,l3,0.00
i108,e01,c5,p18,l3,0.00
i108,e01,c5,p21,l3,0.00
i108,e02,c5,p18,l3,0.00
i108,e04,c5,p01,l3,0.00
i108,e04,c5,p03,l3,0.00
i108,e04,c5,p04,l3,0.00
i108,e04,c5,p06,l3,0.00
i108,e04,c5,p07,l3,0.00
i108,e04,c5,p09,l3,0.00
i108,e04,c5,p10,l3,0.00
i108,e04,c5,p12,l3,0.00
i108,e04,c5,p16,l3,0.00
i108,e04,c5,p19,l3,0.00
i108,e04,c5,p21,l3,0.00
i108,e04,c5,p25,l3,0.00
i108,e04,c5,p31,l3,0.00
i108,e05,c5,p01,l3,0.00
i108,e05,c5,p03,l3,0.00
i108,e05,c5,p04,l3,0.00
i108,e05,c5,p07,l3,0.00
i108,e05,c5,p10,l3,0.00
i108,e05,c5,p14,l3,0.00
i108,e05,c5,p17,l3,0.00
i108,e05,c5,p18,l3,0.00
i108,e08,c5,p01,l3,0.00
i108,e08,c5,p03,l3,0.00
i108,e08,c5,p04,l3,0.00
i108,e08,c5,p09,l3,0.00
i108,e08,c5,p10,l3,0.00
i108,e08,c5,p13,l3,0.00
i108,e08,c5,p25,l3,0.00
i108,e08,c5,p35,l3,0.00
i108,e09,c5,p01,l3,0.00
i108,e09,c5,p04,l3,0.00
i108,e09,c5,p05,l3,0.00
i108,e09,c5,p06,l3,0.00
i108,e09,c5,p07,l3,0.00
i108,e09,c5,p10,l3,0.00
i108,e09,c5,p21,l3,0.00
i108,e13,c5,p01,l3,0.00
i108,e13,c5,p02,l3,0.00
i108,e13,c5,p03,l3,0.00
i108,e13,c5,p04,l3,0.00
i108,e13,c5,p05,l3,0.00
i108,e13,c5,p06,l3,0.00
i108,e13,c5,p07,l3,0.00
i108,e13,c5,p08,l3,0.00
i108,e13,c5,p09,l3,0.00
i108,e13,c5,p10,l3,0.00
i108,e13,c5,p11,l3,0.00
i108,e13,c5,p12,l3,0.00
i108,e13,c5,p13,l3,0.00
i108,e13,c5,p14,l3,0.00
i108,e13,c5,p15,l3,0.00
i108,e13,c5,p16,l3,0.00
i108,e13,c5,p17,l3,0.00
i108,e13,c5,p18,l3,0.00
i108,e13,c5,p19,l3,0.00
i108,e13,c5,p21,l3,0.00
i108,e13,c5,p22,l3,0.00
i108,e13,c5,p23,l3,0.00
i108,e13,c5,p24,l3,0.00
i108,e13,c5,p25,l3,0.00
i108,e13,c5,p28,l3,0.00
i108,e13,c5,p29,l3,0.00
i108,e13,c5,p31,l3,0.00
i108,e13,c5,p35,l3,0.00
i109,e01,c3,p10,l3,0.00
i109,e01,c3,p35,l3,0.00
i109,e01,c5,p10,l3,0.00
i109,e04,c3,p10,l3,0.00
i109,e04,c3,p35,l3,0.00
i109,e04,c5,p10,l3,0.00
i109,e05,c3,p10,l3,0.00
i109,e08,c3,p10,l3,0.00
i109,e08,c3,p35,l3,0.00
i109,e08,c5,p10,l3,0.00
i109,e09,c3,p10,l3,0.00
i109,e09,c3,p35,l3,0.00
i109,e09,c5,p10,l3,0.00
i109,e11,c3,p10,l3,0.00
i109,e11,c3,p35,l3,0.00
i11,e01,c4,p01,l3,0.00
i11,e01,c4,p02,l3,0.00
i11,e01,c4,p03,l3,0.00
i11,e01,c4,p04,l3,0.00
i11,e01,c4,p05,l3,0.00
i11,e01,c4,p06,l3,0.00
i11,e01,c4,p07,l3,0.00
i11,e01,c4,p08,l3,0.00
i11,e01,c4,p09,l3,0.00
i11,e01,c4,p10,l3,0.00
i11,e01,c4,p11,l3,0.00
i11,e01,c4,p12,l3,0.00
i11,e01,c4,p13,l3,0.00
i11,e01,c4,p14,l3,0.00
i11,e01,c4,p15,l3,0.00
i11,e01,c4,p16,l3,0.00
i11,e01,c4,p17,l3,0.00
i11,e01,c4,p18,l3,0.00
i11,e01,c4,p19,l3,0.00
i11,e01,c4,p20,l3,0.00
i11,e01,c4,p21,l3,0.00
i11,e01,c4,p22,l3,0.00
i11,e01,c4,p23,l3,0.00
i11,e01,c4,p24,l3,0.00
i11,e01,c4,p25,l3,0.00
i11,e01,c4,p26,l3,0.00
i11,e01,c4,p28,l3,0.00
i11,e01,c4,p29,l3,0.00
i11,e01,c4,p30,l3,0.00
i11,e01,c4,p31,l3,0.00
i11,e01,c4,p32,l3,0.00
i11,e01,c4,p35,l3,0.00
i11,e04,c4,p01,l3,0.00
i11,e04,c4,p02,l3,0.00
i11,e04,c4,p03,l3,0.00
i11,e04,c4,p04,l3,0.00
i11,e04,c4,p05,l3,0.00
i11,e04,c4,p06,l3,0.00
i11,e04,c4,p07,l3,0.00
i11,e04,c4,p08,l3,0.00
i11,e04,c4,p09,l3,0.00
i11,e04,c4,p10,l3,0.00
i11,e04,c4,p11,l3,0.00
i11,e04,c4,p12,l3,0.00
i11,e04,c4,p13,l3,0.00
i11,e04,c4,p14,l3,0.00
i11,e04,c4,p15,l3,0.00
i11,e04,c4,p16,l3,0.00
i11,e04,c4,p17,l3,0.00
i11,e04,c4,p18,l3,0.00
i11,e04,c4,p19,l3,0.00
i11,e04,c4,p20,l3,0.00
i11,e04,c4,p21,l3,0.00
i11,e04,c4,p22,l3,0.00
i11,e04,c4,p23,l3,0.00
i11,e04,c4,p24,l3,0.00
i11,e04,c4,p25,l3,0.00
i11,e04,c4,p26,l3,0.00
i11,e04,c4,p28,l3,0.00
i11,e04,c4,p29,l3,0.00
i11,e04,c4,p30,l3,0.00
i11,e04,c4,p31,l3,0.00
i11,e04,c4,p32,l3,0.00
i11,e04,c4,p35,l3,0.00
i11,e05,c4,p01,l3,0.00
i11,e05,c4,p02,l3,0.00
i11,e05,c4,p03,l3,0.00
i11,e05,c4,p04,l3,0.00
i11,e05,c4,p05,l3,0.00
i11,e05,c4,p06,l3,0.00
i11,e05,c4,p07,l3,0.00
i11,e05,c4,p08,l3,0.00
i11,e05,c4,p09,l3,0.00
i11,e05,c4,p10,l3,0.00
i11,e05,c4,p11,l3,0.00
i11,e05,c4,p12,l3,0.00
i11,e05,c4,p13,l3,0.00
i11,e05,c4,p14,l3,0.00
i11,e05,c4,p15,l3,0.00
i11,e05,c4,p16,l3,0.00
i11,e05,c4,p17,l3,0.00
i11,e05,c4,p18,l3,0.00
i11,e05,c4,p19,l3,0.00
i11,e05,c4,p20,l3,0.00
i11,e05,c4,p21,l3,0.00
i11,e05,c4,p22,l3,0.00
i11,e05,c4,p23,l3,0.00
i11,e05,c4,p24,l3,0.00
i11,e05,c4,p25,l3,0.00
i11,e05,c4,p26,l3,0.00
i11,e05,c4,p28,l3,0.00
i11,e05,c4,p29,l3,0.00
i11,e05,c4,p30,l3,0.00
i11,e05,c4,p31,l3,0.00
i11,e05,c4,p32,l3,0.00
i11,e05,c4,p34,l3,0.00
i11,e05,c4,p35,l3,0.00
i11,e09,c4,p01,l3,0.00
i11,e09,c4,p02,l3,0.00
i11,e09,c4,p03,l3,0.00
i11,e09,c4,p04,l3,0.00
i11,e09,c4,p05,l3,0.00
i11,e09,c4,p06,l3,0.00
i11,e09,c4,p07,l3,0.00
i11,e09,c4,p08,l3,0.00
i11,e09,c4,p09,l3,0.00
i11,e09,c4,p10,l3,0.00
i11,e09,c4,p11,l3,0.00
i11,e09,c4,p12,l3,0.00
i11,e09,c4,p13,l3,0.00
i11,e09,c4,p14,l3,0.00
i11,e09,c4,p15,l3,0.00
i11,e09,c4,p16,l3,0.00
i11,e09,c4,p17,l3,0.00
i11,e09,c4,p18,l3,0.00
i11,e09,c4,p19,l3,0.00
i11,e09,c4,p20,l3,0.00
i11,e09,c4,p21,l3,0.00
i11,e09,c4,p22,l3,0.00
i11,e09,c4,p23,l3,0.00
i11,e09,c4,p24,l3,0.00
i11,e09,c4,p25,l3,0.00
i11,e09,c4,p26,l3,0.00
i11,e09,c4,p28,l3,0.00
i11,e09,c4,p29,l3,0.00
i11,e09,c4,p30,l3,0.00
i11,e09,c4,p31,l3,0.00
i11,e09,c4,p32,l3,0.00
i11,e09,c4,p35,l3,0.00
i110,e01,c1,p01,l3,0.00
i110,e01,c1,p10,l3,0.00
i110,e01,c1,p19,l3,0.00
i110,e01,c1,p33,l3,0.00
i110,e01,c1,p35,l3,0.00
i110,e01,c4,p33,l3,0.00
i110,e03,c1,p01,l3,0.00
i110,e03,c1,p10,l3,0.00
i110,e03,c1,p14,l3,0.00
i110,e03,c1,p19,l3,0.00
i110,e03,c1,p33,l3,0.00
i110,e03,c1,p35,l3,0.00
i110,e03,c4,p33,l3,0.00
i110,e04,c1,p01,l3,0.00
i110,e04,c1,p10,l3,0.00
i110,e04,c1,p14,l3,0.00
i110,e04,c1,p19,l3,0.00
i110,e04,c1,p33,l3,0.00
i110,e04,c4,p33,l3,0.00
i110,e05,c1,p10,l3,0.00
i110,e05,c1,p33,l3,0.00
i110,e06,c1,p01,l3,0.00
i110,e06,c1,p10,l3,0.00
i110,e06,c1,p14,l3,0.00
i110,e06,c1,p19,l3,0.00
i110,e06,c1,p33,l3,0.00
i110,e08,c1,p01,l3,0.00
i110,e08,c1,p10,l3,0.00
i110,e08,c1,p14,l3,0.00
i110,e08,c1,p19,l3,0.00
i110,e08,c1,p33,l3,0.00
i110,e08,c4,p33,l3,0.00
i110,e09,c1,p01,l3,0.00
i110,e09,c1,p10,l3,0.00
i110,e09,c1,p14,l3,0.00
i110,e09,c1,p19,l3,0.00
i110,e09,c1,p33,l3,0.00
i110,e09,c4,p33,l3,0.00
i110,e10,c1,p01,l3,0.00
i110,e10,c1,p10,l3,0.00
i110,e10,c1,p14,l3,0.00
i110,e10,c1,p15,l3,0.00
i110,e10,c1,p19,l3,0.00
i110,e10,c1,p33,l3,0.00
i110,e10,c1,p35,l3,0.00
i110,e10,c4,p33,l3,0.00
i110,e11,c1,p10,l3,0.00
i110,e11,c1,p14,l3,0.00
i110,e11,c1,p19,l3,0.00
i110,e11,c1,p33,l3,0.00
i110,e11,c4,p33,l3,0.00
i111,e01,c1,p01,l3,0.00
i111,e01,c1,p02,l3,0.00
i111,e01,c1,p03,l3,0.00
i111,e01,c1,p04,l3,0.00
i111,e01,c1,p05,l3,0.00
i111,e01,c1,p07,l3,0.00
i111,e01,c1,p08,l3,0.00
i111,e01,c1,p09,l3,0.00
i111,e01,c1,p10,l3,0.00
i111,e01,c1,p11,l3,0.00
i111,e01,c1,p12,l3,0.00
i111,e01,c1,p13,l3,0.00
i111,e01,c1,p14,l3,0.00
i111,e01,c1,p15,l3,0.00
i111,e01,c1,p17,l3,0.00
i111,e01,c1,p18,l3,0.00
i111,e01,c1,p19,l3,0.00
i111,e01,c1,p21,l3,0.00
i111,e01,c1,p22,l3,0.00
i111,e01,c1,p23,l3,0.00
i111,e01,c1,p24,l3,0.00
i111,e01,c1,p28,l3,0.00
i111,e01,c1,p29,l3,0.00
i111,e01,c1,p35,l3,0.00
i111,e01,c4,p07,l3,0.00
i111,e01,c4,p23,l3,0.00
i111,e04,c1,p01,l3,0.00
i111,e04,c1,p02,l1,0.00
i111,e04,c1,p02,l3,0.00
i111,e04,c1,p03,l3,0.00
i111,e04,c1,p04,l3,0.00
i111,e04,c1,p05,l3,0.00
i111,e04,c1,p07,l1,0.00
i111,e04,c1,p07,l3,0.00
i111,e04,c1,p08,l3,0.00
i111,e04,c1,p09,l1,0.00
i111,e04,c1,p09,l3,0.00
i111,e04,c1,p10,l1,0.00
i111,e04,c1,p10,l3,0.00
i111,e04,c1,p11,l1,0.00
i111,e04,c1,p11,l3,0.00
i111,e04,c1,p12,l1,0.00
i111,e04,c1,p12,l3,0.00
i111,e04,c1,p13,l3,0.00
i111,e04,c1,p14,l3,0.00
i111,e04,c1,p15,l1,0.00
i111,e04,c1,p15,l3,0.00
i111,e04,c1,p17,l3,0.00
i111,e04,c1,p18,l1,0.00
i111,e04,c1,p18,l3,0.00
i111,e04,c1,p19,l1,0.00
i111,e04,c1,p19,l3,0.00
i111,e04,c1,p21,l1,0.00
i111,e04,c1,p21,l3,0.00
i111,e04,c1,p22,l1,0.00
i111,e04,c1,p22,l3,0.00
i111,e04,c1,p23,l1,0.00
i111,e04,c1,p23,l3,0.00
i111,e04,c1,p25,l3,0.00
i111,e04,c1,p26,l3,0.00
i111,e04,c1,p28,l3,0.00
i111,e04,c1,p29,l1,0.00
i111,e04,c1,p29,l3,0.00
i111,e04,c1,p35,l1,0.00
i111,e04,c1,p35,l3,0.00
i111,e04,c4,p07,l3,0.00
i111,e04,c4,p23,l3,0.00
i111,e05,c1,p01,l3,0.00
i111,e05,c1,p07,l3,0.00
i111,e05,c1,p10,l3,0.00
i111,e05,c1,p11,l1,0.00
i111,e05,c1,p11,l3,0.00
i111,e05,c1,p12,l3,0.00
i111,e05,c1,p21,l3,0.00
i111,e05,c1,p22,l3,0.00
i111,e05,c1,p29,l3,0.00
i111,e05,c1,p35,l3,0.00
i111,e08,c1,p01,l3,0.00
i111,e08,c1,p02,l3,0.00
i111,e08,c1,p03,l3,0.00
i111,e08,c1,p04,l3,0.00
i111,e08,c1,p05,l3,0.00
i111,e08,c1,p07,l2,0.00
i111,e08,c1,p07,l3,0.00
i111,e08,c1,p08,l3,0.00
i111,e08,c1,p09,l2,0.00
i111,e08,c1,p09,l3,0.00
i111,e08,c1,p10,l2,0.00
i111,e08,c1,p10,l3,0.00
i111,e08,c1,p11,l2,0.00
i111,e08,c1,p11,l3,0.00
i111,e08,c1,p12,l2,0.00
i111,e08,c1,p12,l3,0.00
i111,e08,c1,p13,l3,0.00
i111,e08,c1,p14,l3,0.00
i111,e08,c1,p15,l3,0.00
i111,e08,c1,p17,l2,0.00
i111,e08,c1,p17,l3,0.00
i111,e08,c1,p18,l3,0.00
i111,e08,c1,p19,l2,0.00
i111,e08,c1,p19,l3,0.00
i111,e08,c1,p21,l2,0.00
i111,e08,c1,p21,l3,0.00
i111,e08,c1,p22,l2,0.00
i111,e08,c1,p22,l3,0.00
i111,e08,c1,p23,l3,0.00
i111,e08,c1,p24,l3,0.00
i111,e08,c1,p25,l3,0.00
i111,e08,c1,p29,l2,0.00
i111,e08,c1,p29,l3,0.00
i111,e08,c1,p35,l2,0.00
i111,e08,c1,p35,l3,0.00
i111,e08,c4,p07,l3,0.00
i111,e08,c4,p23,l3,0.00
i111,e09,c1,p01,l3,0.00
i111,e09,c1,p02,l3,0.00
i111,e09,c1,p03,l2,0.00
i111,e09,c1,p03,l3,0.00
i111,e09,c1,p04,l3,0.00
i111,e09,c1,p07,l2,0.00
i111,e09,c1,p07,l3,0.00
i111,e09,c1,p08,l3,0.00
i111,e09,c1,p09,l2,0.00
i111,e09,c1,p09,l3,0.00
i111,e09,c1,p10,l2,0.00
i111,e09,c1,p10,l3,0.00
i111,e09,c1,p11,l2,0.00
i111,e09,c1,p11,l3,0.00
i111,e09,c1,p12,l2,0.00
i111,e09,c1,p12,l3,0.00
i111,e09,c1,p13,l3,0.00
i111,e09,c1,p14,l3,0.00
i111,e09,c1,p15,l2,0.00
i111,e09,c1,p15,l3,0.00
i111,e09,c1,p17,l3,0.00
i111,e09,c1,p18,l2,0.00
i111,e09,c1,p18,l3,0.00
i111,e09,c1,p19,l2,0.00
i111,e09,c1,p19,l3,0.00
i111,e09,c1,p21,l2,0.00
i111,e09,c1,p21,l3,0.00
i111,e09,c1,p22,l2,0.00
i111,e09,c1,p22,l3,0.00
i111,e09,c1,p23,l2,0.00
i111,e09,c1,p23,l3,0.00
i111,e09,c1,p24,l3,0.00
i111,e09,c1,p25,l3,0.00
i111,e09,c1,p29,l2,0.00
i111,e09,c1,p29,l3,0.00
i111,e09,c1,p35,l2,0.00
i111,e09,c1,p35,l3,0.00
i111,e11,c1,p01,l3,0.00
i111,e11,c1,p02,l2,0.00
i111,e11,c1,p03,l3,0.00
i111,e11,c1,p07,l3,0.00
i111,e11,c1,p09,l3,0.00
i111,e11,c1,p10,l3,0.00
i111,e11,c1,p11,l2,0.00
i111,e11,c1,p11,l3,0.00
i111,e11,c1,p12,l3,0.00
i111,e11,c1,p15,l3,0.00
i111,e11,c1,p19,l2,0.00
i111,e11,c1,p19,l3,0.00
i111,e11,c1,p21,l2,0.00
i111,e11,c1,p23,l2,0.00
i111,e11,c1,p23,l3,0.00
i111,e11,c1,p24,l3,0.00
i111,e11,c1,p25,l3,0.00
i111,e11,c1,p29,l2,0.00
i111,e11,c1,p29,l3,0.00
i111,e11,c1,p35,l2,0.00
i112,e02,c3,p03,l3,0.00
i112,e02,c5,p01,l3,0.00
i112,e02,c5,p02,l3,0.00
i112,e02,c5,p03,l3,0.00
i112,e02,c5,p10,l3,0.00
i112,e02,c5,p12,l3,0.00
i112,e02,c5,p19,l3,0.00
i112,e02,c5,p21,l3,0.00
i112,e02,c5,p29,l3,0.00
i112,e05,c5,p01,l1,0.00
i112,e05,c5,p01,l3,0.00
i112,e05,c5,p02,l1,0.00
i112,e05,c5,p02,l3,0.00
i112,e05,c5,p03,l3,0.00
i112,e05,c5,p04,l3,0.00
i112,e05,c5,p05,l1,0.00
i112,e05,c5,p05,l3,0.00
i112,e05,c5,p06,l3,0.00
i112,e05,c5,p07,l3,0.00
i112,e05,c5,p08,l3,0.00
i112,e05,c5,p09,l1,0.00
i112,e05,c5,p09,l3,0.00
i112,e05,c5,p10,l1,0.00
i112,e05,c5,p10,l3,0.00
i112,e05,c5,p11,l1,0.00
i112,e05,c5,p11,l3,0.00
i112,e05,c5,p12,l1,0.00
i112,e05,c5,p12,l3,0.00
i112,e05,c5,p13,l3,0.00
i112,e05,c5,p14,l3,0.00
i112,e05,c5,p15,l1,0.00
i112,e05,c5,p15,l3,0.00
i112,e05,c5,p18,l3,0.00
i112,e05,c5,p19,l1,0.00
i112,e05,c5,p19,l3,0.00
i112,e05,c5,p21,l1,0.00
i112,e05,c5,p21,l3,0.00
i112,e05,c5,p22,l1,0.00
i112,e05,c5,p22,l3,0.00
i112,e05,c5,p23,l3,0.00
i112,e05,c5,p24,l1,0.00
i112,e05,c5,p24,l3,0.00
i112,e05,c5,p28,l3,0.00
i112,e05,c5,p29,l1,0.00
i112,e05,c5,p29,l3,0.00
i112,e05,c5,p35,l1,0.00
i112,e05,c5,p35,l3,0.00
i113,e01,c5,p10,l3,0.00
i113,e01,c5,p35,l3,0.00
i113,e04,c5,p01,l3,0.00
i113,e04,c5,p10,l3,0.00
i113,e04,c5,p11,l3,0.00
i113,e04,c5,p18,l3,0.00
i113,e04,c5,p35,l3,0.00
i113,e05,c5,p10,l3,0.00
i113,e05,c5,p18,l3,0.00
i113,e05,c5,p35,l3,0.00
i113,e08,c5,p01,l3,0.00
i113,e08,c5,p10,l3,0.00
i113,e08,c5,p35,l3,0.00
i113,e09,c5,p10,l3,0.00
i113,e09,c5,p11,l3,0.00
i113,e09,c5,p18,l3,0.00
i113,e09,c5,p35,l3,0.00
i113,e11,c5,p10,l3,0.00
i114,e01,c3,p35,l3,0.00
i114,e01,c5,p09,l3,0.00
i114,e01,c5,p10,l3,0.00
i114,e01,c5,p19,l3,0.00
i114,e01,c5,p35,l3,0.00
i114,e04,c3,p35,l3,0.00
i114,e04,c5,p10,l3,0.00
i114,e04,c5,p19,l3,0.00
i114,e04,c5,p35,l3,0.00
i114,e05,c5,p12,l3,0.00
i114,e05,c5,p35,l3,0.00
i114,e09,c3,p35,l3,0.00
i114,e09,c5,p10,l3,0.00
i114,e09,c5,p35,l3,0.00
i115,e02,c5,p35,l3,0.00
i115,e05,c5,p10,l3,0.00
i115,e05,c5,p35,l3,0.00
i115,e13,c5,p10,l3,0.00
i115,e13,c5,p35,l3,0.00
i116,e01,c1,p05,l3,0.00
i116,e01,c1,p10,l3,0.00
i116,e01,c1,p11,l3,0.00
i116,e01,c1,p19,l3,0.00
i116,e01,c1,p35,l3,0.00
i116,e01,c4,p10,l3,0.00
i116,e04,c1,p05,l3,0.00
i116,e04,c1,p10,l3,0.00
i116,e04,c1,p11,l3,0.00
i116,e04,c1,p29,l3,0.00
i116,e04,c1,p35,l3,0.00
i116,e04,c4,p10,l3,0.00
i116,e09,c1,p05,l3,0.00
i116,e09,c1,p10,l3,0.00
i116,e09,c1,p19,l3,0.00
i116,e09,c1,p35,l3,0.00
i116,e09,c4,p10,l3,0.00
i117,e01,c1,p10,l3,0.00
i117,e01,c1,p35,l3,0.00
i117,e04,c1,p10,l1,0.00
i117,e04,c1,p10,l3,0.00
i117,e04,c1,p35,l3,0.00
i117,e07,c1,p10,l2,0.00
i117,e07,c1,p10,l3,0.00
i117,e07,c1,p35,l3,0.00
i117,e08,c1,p10,l3,0.00
i117,e08,c1,p35,l3,0.00
i117,e09,c1,p10,l2,0.00
i117,e09,c1,p10,l3,0.00
i117,e09,c1,p35,l3,0.00
i117,e10,c1,p10,l2,0.00
i117,e10,c1,p10,l3,0.00
i117,e11,c1,p10,l2,0.00
i117,e11,c1,p10,l3,0.00
i117,e11,c1,p35,l3,0.00
i117,e12,c1,p10,l3,0.00
i118,e02,c5,p10,l3,0.00
i118,e02,c5,p12,l3,0.00
i118,e02,c5,p21,l3,0.00
i118,e02,c5,p35,l3,0.00
i118,e05,c5,p01,l3,0.00
i118,e05,c5,p08,l3,0.00
i118,e05,c5,p10,l3,0.00
i118,e05,c5,p11,l3,0.00
i118,e05,c5,p12,l3,0.00
i118,e05,c5,p21,l3,0.00
i118,e05,c5,p28,l3,0.00
i119,e01,c5,p10,l3,0.00
i119,e01,c5,p35,l3,0.00
i119,e04,c5,p35,l3,0.00
i119,e05,c3,p35,l3,0.00
i119,e05,c5,p01,l3,0.00
i119,e05,c5,p10,l3,0.00
i119,e05,c5,p21,l3,0.00
i119,e05,c5,p35,l3,0.00
i119,e09,c5,p10,l3,0.00
i119,e09,c5,p35,l3,0.00
i12,e01,c3,p01,l3,0.00
i12,e01,c3,p03,l3,0.00
i12,e01,c3,p05,l3,0.00
i12,e01,c3,p10,l3,0.00
i12,e01,c3,p12,l3,0.00
i12,e01,c3,p13,l3,0.00
i12,e01,c3,p14,l3,0.00
i12,e01,c3,p16,l3,0.00
i12,e01,c3,p17,l3,0.00
i12,e01,c3,p18,l3,0.00
i12,e01,c3,p19,l3,0.00
i12,e01,c3,p21,l3,0.00
i12,e01,c3,p22,l3,0.00
i12,e01,c3,p28,l3,0.00
i12,e01,c3,p29,l3,0.00
i12,e01,c3,p33,l3,0.00
i12,e01,c3,p35,l3,0.00
i12,e01,c5,p01,l3,7.09
i12,e01,c5,p02,l3,0.00
i12,e01,c5,p03,l3,0.00
i12,e01,c5,p04,l3,0.00
i12,e01,c5,p05,l3,0.00
i12,e01,c5,p06,l3,0.00
i12,e01,c5,p07,l3,0.00
i12,e01,c5,p08,l3,0.00
i12,e01,c5,p09,l3,0.00
i12,e01,c5,p10,l3,0.00
i12,e01,c5,p11,l3,0.00
i12,e01,c5,p12,l3,0.00
i12,e01,c5,p13,l3,1.55
i12,e01,c5,p14,l3,0.00
i12,e01,c5,p15,l3,0.00
i12,e01,c5,p16,l3,0.00
i12,e01,c5,p17,l3,0.00
i12,e01,c5,p18,l3,0.00
i12,e01,c5,p19,l3,6.52
i12,e01,c5,p20,l3,0.00
i12,e01,c5,p21,l3,0.00
i12,e01,c5,p22,l3,0.00
i12,e01,c5,p23,l3,0.00
i12,e01,c5,p24,l3,0.00
i12,e01,c5,p25,l3,0.00
i12,e01,c5,p26,l3,0.00
i12,e01,c5,p27,l3,0.00
i12,e01,c5,p28,l3,0.00
i12,e01,c5,p29,l3,0.00
i12,e01,c5,p30,l3,0.00
i12,e01,c5,p31,l3,0.00
i12,e01,c5,p32,l3,0.00
i12,e01,c5,p33,l3,0.00
i12,e01,c5,p35,l3,0.00
i12,e04,c3,p01,l1,0.00
i12,e04,c3,p01,l3,0.00
i12,e04,c3,p03,l1,0.00
i12,e04,c3,p03,l3,0.00
i12,e04,c3,p05,l3,0.00
i12,e04,c3,p10,l1,0.00
i12,e04,c3,p10,l3,0.00
i12,e04,c3,p11,l3,0.00
i12,e04,c3,p12,l3,0.00
i12,e04,c3,p13,l3,0.00
i12,e04,c3,p14,l3,0.00
i12,e04,c3,p16,l1,0.00
i12,e04,c3,p16,l3,0.00
i12,e04,c3,p17,l3,0.00
i12,e04,c3,p18,l1,0.00
i12,e04,c3,p18,l3,0.00
i12,e04,c3,p19,l1,0.00
i12,e04,c3,p19,l3,0.00
i12,e04,c3,p21,l1,0.00
i12,e04,c3,p21,l3,0.00
i12,e04,c3,p22,l3,0.00
i12,e04,c3,p24,l3,0.00
i12,e04,c3,p28,l3,0.00
i12,e04,c3,p29,l1,0.00
i12,e04,c3,p33,l3,0.00
i12,e04,c3,p35,l3,0.00
i12,e04,c5,p01,l1,0.00
i12,e04,c5,p01,l3,5.05
i12,e04,c5,p02,l1,0.00
i12,e04,c5,p02,l3,0.00
i12,e04,c5,p03,l1,0.00
i12,e04,c5,p03,l3,2.40
i12,e04,c5,p04,l1,0.00
i12,e04,c5,p04,l3,0.00
i12,e04,c5,p05,l1,0.00
i12,e04,c5,p05,l3,0.00
i12,e04,c5,p06,l1,0.00
i12,e04,c5,p06,l3,0.00
i12,e04,c5,p07,l1,0.00
i12,e04,c5,p07,l3,0.00
i12,e04,c5,p08,l1,0.00
i12,e04,c5,p08,l3,0.00
i12,e04,c5,p09,l1,0.00
i12,e04,c5,p09,l3,0.00
i12,e04,c5,p10,l1,0.00
i12,e04,c5,p10,l3,13.25
i12,e04,c5,p11,l1,0.00
i12,e04,c5,p11,l3,2.44
i12,e04,c5,p12,l1,0.00
i12,e04,c5,p12,l3,1.83
i12,e04,c5,p13,l1,0.00
i12,e04,c5,p13,l3,1.12
i12,e04,c5,p14,l1,0.00
i12,e04,c5,p14,l3,0.00
i12,e04,c5,p15,l1,0.00
i12,e04,c5,p15,l3,0.00
i12,e04,c5,p16,l1,0.00
i12,e04,c5,p16,l3,1.13
i12,e04,c5,p17,l1,0.00
i12,e04,c5,p17,l3,4.02
i12,e04,c5,p18,l1,0.00
i12,e04,c5,p18,l3,1.65
i12,e04,c5,p19,l1,0.00
i12,e04,c5,p19,l3,9.30
i12,e04,c5,p20,l1,0.00
i12,e04,c5,p20,l3,0.00
i12,e04,c5,p21,l1,0.00
i12,e04,c5,p21,l3,0.00
i12,e04,c5,p22,l1,0.00
i12,e04,c5,p22,l3,0.00
i12,e04,c5,p23,l1,0.00
i12,e04,c5,p23,l3,0.00
i12,e04,c5,p24,l1,0.00
i12,e04,c5,p24,l3,2.03
i12,e04,c5,p25,l1,0.00
i12,e04,c5,p25,l3,0.00
i12,e04,c5,p26,l1,0.00
i12,e04,c5,p26,l3,0.00
i12,e04,c5,p27,l1,0.00
i12,e04,c5,p27,l3,0.00
i12,e04,c5,p28,l1,0.00
i12,e04,c5,p28,l3,0.00
i12,e04,c5,p29,l1,0.00
i12,e04,c5,p29,l3,0.00
i12,e04,c5,p30,l3,0.00
i12,e04,c5,p31,l1,0.00
i12,e04,c5,p31,l3,0.00
i12,e04,c5,p32,l1,0.00
i12,e04,c5,p32,l3,0.00
i12,e04,c5,p33,l1,0.00
i12,e04,c5,p33,l3,0.00
i12,e04,c5,p35,l1,0.00
i12,e04,c5,p35,l3,5.83
i12,e05,c3,p10,l3,0.00
i12,e05,c3,p12,l3,0.00
i12,e05,c5,p01,l1,0.00
i12,e05,c5,p01,l3,0.00
i12,e05,c5,p03,l1,0.00
i12,e05,c5,p03,l3,0.00
i12,e05,c5,p04,l1,0.00
i12,e05,c5,p04,l3,0.00
i12,e05,c5,p05,l1,0.00
i12,e05,c5,p05,l3,0.00
i12,e05,c5,p06,l3,0.00
i12,e05,c5,p07,l3,0.00
i12,e05,c5,p08,l3,0.00
i12,e05,c5,p09,l3,0.00
i12,e05,c5,p10,l1,0.00
i12,e05,c5,p10,l3,0.00
i12,e05,c5,p11,l1,0.00
i12,e05,c5,p11,l3,0.00
i12,e05,c5,p12,l1,0.00
i12,e05,c5,p12,l3,0.00
i12,e05,c5,p13,l1,0.00
i12,e05,c5,p13,l3,0.00
i12,e05,c5,p14,l3,0.00
i12,e05,c5,p15,l1,0.00
i12,e05,c5,p15,l3,0.00
i12,e05,c5,p16,l1,0.00
i12,e05,c5,p16,l3,0.00
i12,e05,c5,p17,l1,0.00
i12,e05,c5,p17,l3,0.00
i12,e05,c5,p18,l1,0.00
i12,e05,c5,p18,l3,0.00
i12,e05,c5,p19,l1,0.00
i12,e05,c5,p19,l3,0.00
i12,e05,c5,p21,l1,0.00
i12,e05,c5,p21,l3,0.00
i12,e05,c5,p22,l1,0.00
i12,e05,c5,p22,l3,0.00
i12,e05,c5,p23,l3,0.00
i12,e05,c5,p24,l1,0.00
i12,e05,c5,p25,l3,0.00
i12,e05,c5,p28,l3,0.00
i12,e05,c5,p29,l3,0.00
i12,e05,c5,p32,l3,0.00
i12,e05,c5,p35,l1,0.00
i12,e05,c5,p35,l3,0.00
i12,e07,c5,p10,l3,0.00
i12,e07,c5,p13,l3,0.00
i12,e07,c5,p16,l3,0.00
i12,e07,c5,p19,l3,0.00
i12,e07,c5,p28,l2,0.00
i12,e08,c3,p01,l2,0.00
i12,e08,c3,p01,l3,0.00
i12,e08,c3,p03,l2,0.00
i12,e08,c3,p03,l3,0.00
i12,e08,c3,p05,l3,0.00
i12,e08,c3,p10,l2,0.00
i12,e08,c3,p10,l3,0.00
i12,e08,c3,p11,l3,0.00
i12,e08,c3,p12,l3,0.00
i12,e08,c3,p13,l3,0.00
i12,e08,c3,p14,l3,0.00
i12,e08,c3,p16,l2,0.00
i12,e08,c3,p16,l3,0.00
i12,e08,c3,p17,l3,0.00
i12,e08,c3,p18,l2,0.00
i12,e08,c3,p18,l3,0.00
i12,e08,c3,p19,l2,0.00
i12,e08,c3,p19,l3,0.00
i12,e08,c3,p21,l2,0.00
i12,e08,c3,p21,l3,0.00
i12,e08,c3,p22,l3,0.00
i12,e08,c3,p24,l3,0.00
i12,e08,c3,p28,l3,0.00
i12,e08,c3,p29,l2,0.00
i12,e08,c3,p31,l3,0.00
i12,e08,c3,p33,l3,0.00
i12,e08,c3,p35,l3,0.00
i12,e08,c5,p01,l2,0.00
i12,e08,c5,p01,l3,9.66
i12,e08,c5,p02,l2,0.00
i12,e08,c5,p02,l3,0.00
i12,e08,c5,p03,l2,0.00
i12,e08,c5,p03,l3,6.37
i12,e08,c5,p04,l2,0.00
i12,e08,c5,p04,l3,0.00
i12,e08,c5,p05,l2,0.00
i12,e08,c5,p05,l3,7.22
i12,e08,c5,p06,l2,0.00
i12,e08,c5,p06,l3,0.00
i12,e08,c5,p07,l2,0.00
i12,e08,c5,p07,l3,0.00
i12,e08,c5,p08,l2,0.00
i12,e08,c5,p08,l3,0.00
i12,e08,c5,p09,l2,0.00
i12,e08,c5,p09,l3,0.00
i12,e08,c5,p10,l2,0.00
i12,e08,c5,p10,l3,15.67
i12,e08,c5,p11,l2,0.00
i12,e08,c5,p11,l3,1.09
i12,e08,c5,p12,l2,0.00
i12,e08,c5,p12,l3,5.75
i12,e08,c5,p13,l2,0.00
i12,e08,c5,p13,l3,10.37
i12,e08,c5,p14,l2,0.00
i12,e08,c5,p14,l3,5.14
i12,e08,c5,p15,l2,0.00
i12,e08,c5,p15,l3,1.18
i12,e08,c5,p16,l2,0.00
i12,e08,c5,p16,l3,1.01
i12,e08,c5,p17,l2,0.00
i12,e08,c5,p17,l3,7.50
i12,e08,c5,p18,l2,0.00
i12,e08,c5,p18,l3,5.15
i12,e08,c5,p19,l2,0.00
i12,e08,c5,p19,l3,30.04
i12,e08,c5,p20,l2,0.00
i12,e08,c5,p20,l3,0.00
i12,e08,c5,p21,l2,0.00
i12,e08,c5,p21,l3,5.16
i12,e08,c5,p22,l2,0.00
i12,e08,c5,p22,l3,0.00
i12,e08,c5,p23,l2,0.00
i12,e08,c5,p23,l3,0.00
i12,e08,c5,p24,l2,0.00
i12,e08,c5,p24,l3,2.33
i12,e08,c5,p25,l2,0.00
i12,e08,c5,p25,l3,0.00
i12,e08,c5,p26,l2,0.00
i12,e08,c5,p26,l3,0.00
i12,e08,c5,p28,l2,0.00
i12,e08,c5,p28,l3,0.00
i12,e08,c5,p29,l2,0.00
i12,e08,c5,p29,l3,0.00
i12,e08,c5,p30,l3,0.00
i12,e08,c5,p31,l2,0.00
i12,e08,c5,p31,l3,0.00
i12,e08,c5,p32,l2,0.00
i12,e08,c5,p32,l3,0.00
i12,e08,c5,p33,l2,0.00
i12,e08,c5,p33,l3,0.00
i12,e08,c5,p35,l2,0.00
i12,e08,c5,p35,l3,5.39
i12,e09,c3,p01,l2,0.00
i12,e09,c3,p01,l3,0.00
i12,e09,c3,p03,l2,0.00
i12,e09,c3,p03,l3,0.00
i12,e09,c3,p05,l2,0.00
i12,e09,c3,p05,l3,0.00
i12,e09,c3,p10,l2,0.00
i12,e09,c3,p10,l3,0.00
i12,e09,c3,p12,l3,0.00
i12,e09,c3,p13,l3,0.00
i12,e09,c3,p14,l3,0.00
i12,e09,c3,p16,l2,0.00
i12,e09,c3,p16,l3,0.00
i12,e09,c3,p17,l3,0.00
i12,e09,c3,p18,l2,0.00
i12,e09,c3,p18,l3,0.00
i12,e09,c3,p19,l2,0.00
i12,e09,c3,p19,l3,0.00
i12,e09,c3,p21,l2,0.00
i12,e09,c3,p21,l3,0.00
i12,e09,c3,p22,l3,0.00
i12,e09,c3,p28,l3,0.00
i12,e09,c3,p29,l2,0.00
i12,e09,c3,p33,l3,0.00
i12,e09,c3,p35,l3,0.00
i12,e09,c5,p01,l2,0.00
i12,e09,c5,p01,l3,0.00
i12,e09,c5,p02,l2,0.00
i12,e09,c5,p02,l3,0.00
i12,e09,c5,p03,l2,0.00
i12,e09,c5,p03,l3,1.02
i12,e09,c5,p04,l2,0.00
i12,e09,c5,p04,l3,1.16
i12,e09,c5,p05,l2,0.00
i12,e09,c5,p05,l3,0.00
i12,e09,c5,p06,l2,0.00
i12,e09,c5,p06,l3,0.00
i12,e09,c5,p07,l2,0.00
i12,e09,c5,p07,l3,0.00
i12,e09,c5,p08,l2,0.00
i12,e09,c5,p08,l3,0.00
i12,e09,c5,p09,l2,0.00
i12,e09,c5,p09,l3,0.00
i12,e09,c5,p10,l2,0.00
i12,e09,c5,p10,l3,1.09
i12,e09,c5,p11,l2,0.00
i12,e09,c5,p11,l3,1.89
i12,e09,c5,p12,l2,0.00
i12,e09,c5,p12,l3,0.00
i12,e09,c5,p13,l2,0.00
i12,e09,c5,p13,l3,0.00
i12,e09,c5,p14,l2,0.00
i12,e09,c5,p14,l3,0.00
i12,e09,c5,p15,l2,0.00
i12,e09,c5,p15,l3,3.15
i12,e09,c5,p16,l2,0.00
i12,e09,c5,p16,l3,0.00
i12,e09,c5,p17,l2,0.00
i12,e09,c5,p17,l3,1.30
i12,e09,c5,p18,l2,0.00
i12,e09,c5,p18,l3,0.00
i12,e09,c5,p19,l2,0.00
i12,e09,c5,p19,l3,0.00
i12,e09,c5,p20,l2,0.00
i12,e09,c5,p20,l3,0.00
i12,e09,c5,p21,l2,0.00
i12,e09,c5,p21,l3,0.00
i12,e09,c5,p22,l2,0.00
i12,e09,c5,p22,l3,0.00
i12,e09,c5,p23,l2,0.00
i12,e09,c5,p23,l3,0.00
i12,e09,c5,p24,l2,0.00
i12,e09,c5,p24,l3,0.00
i12,e09,c5,p25,l2,0.00
i12,e09,c5,p25,l3,0.00
i12,e09,c5,p26,l2,0.00
i12,e09,c5,p26,l3,0.00
i12,e09,c5,p27,l2,0.00
i12,e09,c5,p27,l3,0.00
i12,e09,c5,p28,l2,0.00
i12,e09,c5,p28,l3,0.00
i12,e09,c5,p29,l2,0.00
i12,e09,c5,p29,l3,0.00
i12,e09,c5,p30,l3,0.00
i12,e09,c5,p31,l2,0.00
i12,e09,c5,p31,l3,0.00
i12,e09,c5,p32,l2,0.00
i12,e09,c5,p32,l3,0.00
i12,e09,c5,p33,l2,0.00
i12,e09,c5,p33,l3,0.00
i12,e09,c5,p35,l2,0.00
i12,e09,c5,p35,l3,0.00
i12,e11,c5,p01,l3,0.00
i12,e11,c5,p13,l3,0.00
i12,e12,c3,p01,l3,0.00
i12,e12,c3,p03,l3,0.00
i12,e12,c3,p10,l3,0.00
i12,e12,c3,p16,l3,0.00
i12,e12,c3,p19,l3,0.00
i12,e12,c3,p35,l3,0.00
i12,e12,c5,p01,l3,0.00
i12,e12,c5,p02,l3,0.00
i12,e12,c5,p03,l3,0.00
i12,e12,c5,p04,l3,0.00
i12,e12,c5,p05,l3,0.00
i12,e12,c5,p06,l3,0.00
i12,e12,c5,p07,l3,0.00
i12,e12,c5,p08,l3,0.00
i12,e12,c5,p09,l3,0.00
i12,e12,c5,p10,l3,0.00
i12,e12,c5,p11,l3,0.00
i12,e12,c5,p12,l3,0.00
i12,e12,c5,p13,l3,0.00
i12,e12,c5,p14,l3,0.00
i12,e12,c5,p15,l3,0.00
i12,e12,c5,p16,l3,0.00
i12,e12,c5,p17,l3,0.00
i12,e12,c5,p18,l3,0.00
i12,e12,c5,p19,l3,0.00
i12,e12,c5,p20,l3,0.00
i12,e12,c5,p21,l3,0.00
i12,e12,c5,p22,l3,0.00
i12,e12,c5,p23,l3,0.00
i12,e12,c5,p24,l3,0.00
i12,e12,c5,p25,l3,0.00
i12,e12,c5,p28,l3,0.00
i12,e12,c5,p29,l3,0.00
i12,e12,c5,p31,l3,0.00
i12,e12,c5,p32,l3,0.00
i12,e12,c5,p33,l3,0.00
i12,e12,c5,p35,l3,0.00
i120,e01,c5,p10,l3,0.00
i120,e01,c5,p35,l3,0.00
i120,e03,c5,p10,l3,0.00
i120,e03,c5,p35,l3,0.00
i120,e04,c5,p10,l3,0.00
i120,e04,c5,p35,l3,0.00
i120,e05,c5,p10,l3,0.00
i120,e05,c5,p35,l3,0.00
i120,e08,c5,p10,l3,0.00
i120,e08,c5,p35,l3,0.00
i120,e09,c5,p10,l3,0.00
i120,e12,c5,p10,l3,0.00
i120,e12,c5,p35,l3,0.00
i121,e01,c3,p01,l3,0.00
i121,e01,c5,p01,l3,0.00
i121,e01,c5,p02,l3,0.00
i121,e01,c5,p03,l3,0.00
i121,e01,c5,p07,l3,0.00
i121,e01,c5,p10,l3,0.00
i121,e01,c5,p11,l3,0.00
i121,e01,c5,p12,l3,0.00
i121,e01,c5,p14,l3,0.00
i121,e01,c5,p15,l3,0.00
i121,e01,c5,p17,l3,0.00
i121,e01,c5,p19,l3,0.00
i121,e01,c5,p21,l3,0.00
i121,e01,c5,p35,l3,0.00
i121,e04,c3,p01,l3,0.00
i121,e04,c5,p02,l3,0.00
i121,e04,c5,p03,l3,0.00
i121,e04,c5,p04,l1,0.00
i121,e04,c5,p05,l3,0.00
i121,e04,c5,p07,l3,0.00
i121,e04,c5,p09,l3,0.00
i121,e04,c5,p10,l1,0.00
i121,e04,c5,p10,l3,0.00
i121,e04,c5,p11,l1,0.00
i121,e04,c5,p11,l3,0.00
i121,e04,c5,p14,l3,0.00
i121,e04,c5,p15,l1,0.00
i121,e04,c5,p19,l3,0.00
i121,e04,c5,p21,l1,0.00
i121,e04,c5,p21,l3,0.00
i121,e04,c5,p22,l3,0.00
i121,e04,c5,p29,l3,0.00
i121,e04,c5,p35,l1,0.00
i121,e04,c5,p35,l3,0.00
i121,e05,c5,p01,l3,0.00
i121,e05,c5,p02,l1,0.00
i121,e05,c5,p02,l3,0.00
i121,e05,c5,p10,l3,0.00
i121,e05,c5,p14,l3,0.00
i121,e08,c3,p01,l3,0.00
i121,e08,c5,p01,l2,0.00
i121,e08,c5,p01,l3,0.00
i121,e08,c5,p02,l2,0.00
i121,e08,c5,p02,l3,0.00
i121,e08,c5,p03,l2,0.00
i121,e08,c5,p03,l3,0.00
i121,e08,c5,p04,l2,0.00
i121,e08,c5,p07,l3,0.00
i121,e08,c5,p09,l3,0.00
i121,e08,c5,p10,l2,0.00
i121,e08,c5,p10,l3,0.00
i121,e08,c5,p11,l2,0.00
i121,e08,c5,p11,l3,0.00
i121,e08,c5,p12,l3,0.00
i121,e08,c5,p13,l3,0.00
i121,e08,c5,p14,l2,0.00
i121,e08,c5,p14,l3,0.00
i121,e08,c5,p15,l2,0.00
i121,e08,c5,p17,l3,0.00
i121,e08,c5,p18,l3,0.00
i121,e08,c5,p19,l3,0.00
i121,e08,c5,p20,l3,0.00
i121,e08,c5,p21,l2,0.00
i121,e08,c5,p21,l3,0.00
i121,e08,c5,p22,l3,0.00
i121,e08,c5,p29,l3,0.00
i121,e08,c5,p35,l2,0.00
i121,e08,c5,p35,l3,0.00
i121,e09,c3,p01,l3,0.00
i121,e09,c5,p01,l2,0.00
i121,e09,c5,p01,l3,0.00
i121,e09,c5,p02,l3,0.00
i121,e09,c5,p03,l3,0.00
i121,e09,c5,p04,l2,0.00
i121,e09,c5,p05,l3,0.00
i121,e09,c5,p07,l3,0.00
i121,e09,c5,p10,l2,0.00
i121,e09,c5,p10,l3,0.00
i121,e09,c5,p11,l2,0.00
i121,e09,c5,p11,l3,0.00
i121,e09,c5,p12,l3,0.00
i121,e09,c5,p13,l3,0.00
i121,e09,c5,p14,l3,0.00
i121,e09,c5,p19,l3,0.00
i121,e09,c5,p22,l3,0.00
i121,e09,c5,p35,l3,0.00
i121,e12,c5,p01,l3,0.00
i121,e12,c5,p02,l3,0.00
i121,e12,c5,p03,l3,0.00
i121,e12,c5,p07,l3,0.00
i121,e12,c5,p09,l3,0.00
i121,e12,c5,p10,l3,0.00
i121,e12,c5,p11,l3,0.00
i121,e12,c5,p12,l3,0.00
i121,e12,c5,p13,l3,0.00
i121,e12,c5,p14,l3,0.00
i121,e12,c5,p17,l3,0.00
i121,e12,c5,p19,l3,0.00
i121,e12,c5,p20,l3,0.00
i121,e12,c5,p21,l3,0.00
i121,e12,c5,p22,l3,0.00
i121,e12,c5,p28,l3,0.00
i121,e12,c5,p29,l3,0.00
i121,e12,c5,p35,l3,0.00
i122,e05,c5,p05,l3,0.00
i122,e05,c5,p11,l3,0.00
i122,e05,c5,p15,l3,0.00
i122,e05,c5,p35,l3,0.00
i123,e01,c3,p02,l3,0.00
i123,e01,c3,p03,l3,0.00
i123,e01,c3,p11,l3,0.00
i123,e01,c3,p29,l3,0.00
i123,e01,c3,p35,l3,0.00
i123,e01,c5,p01,l3,0.00
i123,e01,c5,p02,l3,0.00
i123,e01,c5,p03,l3,0.00
i123,e01,c5,p04,l3,0.00
i123,e01,c5,p05,l3,0.00
i123,e01,c5,p06,l3,0.00
i123,e01,c5,p07,l3,0.00
i123,e01,c5,p08,l3,0.00
i123,e01,c5,p09,l3,0.00
i123,e01,c5,p10,l3,0.00
i123,e01,c5,p11,l3,0.00
i123,e01,c5,p12,l3,0.00
i123,e01,c5,p14,l3,0.00
i123,e01,c5,p15,l3,0.00
i123,e01,c5,p16,l3,0.00
i123,e01,c5,p17,l3,0.00
i123,e01,c5,p18,l3,0.00
i123,e01,c5,p19,l3,0.00
i123,e01,c5,p20,l3,0.00
i123,e01,c5,p21,l3,0.00
i123,e01,c5,p22,l3,0.00
i123,e01,c5,p23,l3,0.00
i123,e01,c5,p24,l3,0.00
i123,e01,c5,p25,l3,0.00
i123,e01,c5,p28,l3,0.00
i123,e01,c5,p29,l3,0.00
i123,e01,c5,p32,l3,0.00
i123,e01,c5,p35,l3,0.00
i123,e04,c3,p01,l3,0.00
i123,e04,c3,p02,l3,0.00
i123,e04,c3,p03,l3,0.00
i123,e04,c3,p07,l3,0.00
i123,e04,c3,p11,l3,0.00
i123,e04,c3,p29,l3,0.00
i123,e04,c3,p35,l3,0.00
i123,e04,c5,p01,l3,0.00
i123,e04,c5,p02,l3,0.00
i123,e04,c5,p03,l3,0.00
i123,e04,c5,p04,l3,0.00
i123,e04,c5,p05,l3,0.00
i123,e04,c5,p06,l3,0.00
i123,e04,c5,p07,l3,0.00
i123,e04,c5,p08,l3,0.00
i123,e04,c5,p09,l3,0.00
i123,e04,c5,p10,l3,0.00
i123,e04,c5,p11,l3,0.00
i123,e04,c5,p12,l3,0.00
i123,e04,c5,p14,l3,0.00
i123,e04,c5,p15,l3,0.00
i123,e04,c5,p16,l3,0.00
i123,e04,c5,p17,l3,0.00
i123,e04,c5,p19,l3,0.00
i123,e04,c5,p20,l3,0.00
i123,e04,c5,p21,l3,0.00
i123,e04,c5,p22,l3,0.00
i123,e04,c5,p23,l3,0.00
i123,e04,c5,p24,l3,0.00
i123,e04,c5,p25,l3,0.00
i123,e04,c5,p28,l3,0.00
i123,e04,c5,p29,l3,0.00
i123,e04,c5,p35,l3,0.00
i123,e09,c3,p01,l3,0.00
i123,e09,c3,p02,l3,0.00
i123,e09,c3,p03,l3,0.00
i123,e09,c3,p05,l3,0.00
i123,e09,c3,p11,l3,0.00
i123,e09,c3,p16,l3,0.00
i123,e09,c3,p29,l3,0.00
i123,e09,c3,p35,l3,0.00
i123,e09,c5,p01,l3,0.00
i123,e09,c5,p02,l3,0.00
i123,e09,c5,p03,l3,0.00
i123,e09,c5,p04,l3,0.00
i123,e09,c5,p05,l3,0.00
i123,e09,c5,p06,l3,0.00
i123,e09,c5,p07,l3,0.00
i123,e09,c5,p08,l3,0.00
i123,e09,c5,p09,l3,0.00
i123,e09,c5,p10,l3,0.00
i123,e09,c5,p11,l3,0.00
i123,e09,c5,p12,l3,0.00
i123,e09,c5,p14,l3,0.00
i123,e09,c5,p15,l3,0.00
i123,e09,c5,p16,l3,0.00
i123,e09,c5,p17,l3,0.00
i123,e09,c5,p18,l3,0.00
i123,e09,c5,p19,l3,0.00
i123,e09,c5,p20,l3,0.00
i123,e09,c5,p21,l3,0.00
i123,e09,c5,p22,l3,0.00
i123,e09,c5,p23,l3,0.00
i123,e09,c5,p24,l3,0.00
i123,e09,c5,p25,l3,0.00
i123,e09,c5,p28,l3,0.00
i123,e09,c5,p29,l3,0.00
i123,e09,c5,p32,l3,0.00
i123,e09,c5,p35,l3,0.00
i124,e05,c5,p10,l3,0.00
i124,e08,c3,p01,l3,0.00
i124,e08,c3,p04,l2,0.00
i124,e08,c3,p04,l3,0.00
i124,e08,c3,p05,l3,0.00
i124,e08,c3,p10,l2,0.00
i124,e08,c3,p10,l3,0.00
i124,e08,c3,p12,l2,0.00
i124,e08,c3,p12,l3,0.00
i124,e08,c3,p13,l2,0.00
i124,e08,c3,p15,l2,0.00
i124,e08,c3,p15,l3,0.00
i124,e08,c3,p16,l2,0.00
i124,e08,c3,p16,l3,0.00
i124,e08,c3,p19,l3,0.00
i124,e08,c3,p21,l2,0.00
i124,e08,c3,p21,l3,0.00
i124,e08,c3,p22,l2,0.00
i124,e08,c3,p22,l3,0.00
i124,e08,c3,p28,l2,0.00
i124,e08,c3,p28,l3,0.00
i124,e08,c3,p35,l3,0.00
i124,e08,c5,p10,l3,0.00
i124,e11,c3,p04,l3,0.00
i124,e11,c3,p16,l2,0.00
i124,e11,c3,p16,l3,0.00
i125,e02,c3,p10,l1,0.00
i125,e02,c3,p10,l3,0.00
i125,e02,c3,p35,l3,0.00
i125,e05,c3,p01,l3,0.00
i125,e05,c3,p08,l3,0.00
i125,e05,c3,p10,l1,0.00
i125,e05,c3,p10,l3,0.00
i125,e05,c3,p11,l3,0.00
i125,e05,c3,p16,l3,0.00
i125,e05,c3,p35,l1,0.00
i125,e05,c3,p35,l3,0.00
i125,e05,c5,p10,l3,0.00
i126,e01,c5,p10,l3,0.00
i126,e01,c5,p11,l3,0.00
i126,e01,c5,p35,l3,0.00
i126,e04,c5,p11,l3,0.00
i126,e04,c5,p12,l3,0.00
i126,e04,c5,p13,l3,0.00
i126,e04,c5,p35,l3,0.00
i126,e05,c5,p35,l3,0.00
i126,e08,c5,p04,l3,0.00
i126,e08,c5,p10,l3,0.00
i126,e08,c5,p11,l2,0.00
i126,e08,c5,p11,l3,0.00
i126,e08,c5,p12,l2,0.00
i126,e08,c5,p12,l3,0.00
i126,e08,c5,p13,l3,0.00
i126,e08,c5,p16,l3,0.00
i126,e08,c5,p19,l3,0.00
i126,e08,c5,p21,l3,0.00
i126,e08,c5,p35,l2,0.00
i126,e08,c5,p35,l3,0.00
i126,e09,c5,p10,l3,0.00
i126,e09,c5,p11,l3,0.00
i126,e09,c5,p13,l3,0.00
i126,e09,c5,p35,l3,0.00
i126,e12,c5,p10,l3,0.00
i127,e01,c5,p10,l3,0.00
i127,e01,c5,p13,l3,0.00
i127,e01,c5,p25,l3,0.00
i127,e01,c5,p35,l3,0.00
i127,e02,c5,p04,l3,0.00
i127,e02,c5,p06,l3,0.00
i127,e02,c5,p19,l1,0.00
i127,e02,c5,p19,l3,0.00
i127,e02,c5,p35,l1,0.00
i127,e02,c5,p35,l3,0.00
i127,e04,c5,p09,l3,0.00
i127,e04,c5,p24,l3,0.00
i127,e04,c5,p35,l3,0.00
i127,e05,c3,p19,l3,0.00
i127,e05,c5,p01,l3,0.00
i127,e05,c5,p06,l3,0.00
i127,e05,c5,p13,l3,0.00
i127,e05,c5,p16,l1,0.00
i127,e05,c5,p19,l1,0.00
i127,e05,c5,p19,l3,0.00
i127,e05,c5,p21,l3,0.00
i127,e05,c5,p28,l3,0.00
i127,e05,c5,p35,l1,0.00
i127,e05,c5,p35,l3,0.00
i127,e08,c5,p09,l3,0.00
i127,e08,c5,p10,l3,0.00
i127,e08,c5,p22,l3,0.00
i127,e08,c5,p24,l3,0.00
i127,e08,c5,p35,l3,0.00
i128,e05,c3,p10,l3,0.00
i128,e05,c3,p19,l3,0.00
i129,e01,c5,p01,l3,0.00
i129,e01,c5,p02,l3,0.00
i129,e01,c5,p03,l3,0.00
i129,e01,c5,p04,l3,0.00
i129,e01,c5,p05,l3,0.00
i129,e01,c5,p06,l3,0.00
i129,e01,c5,p09,l3,0.00
i129,e01,c5,p10,l3,0.00
i129,e01,c5,p15,l3,0.00
i129,e01,c5,p16,l3,0.00
i129,e01,c5,p23,l3,0.00
i129,e01,c5,p24,l3,0.00
i129,e01,c5,p29,l3,0.00
i129,e01,c5,p35,l3,0.00
i129,e04,c5,p01,l3,0.00
i129,e04,c5,p02,l3,0.00
i129,e04,c5,p03,l3,0.00
i129,e04,c5,p04,l3,0.00
i129,e04,c5,p05,l3,0.00
i129,e04,c5,p06,l3,0.00
i129,e04,c5,p09,l3,0.00
i129,e04,c5,p10,l3,0.00
i129,e04,c5,p15,l3,0.00
i129,e04,c5,p16,l3,0.00
i129,e04,c5,p23,l3,0.00
i129,e04,c5,p24,l3,0.00
i129,e04,c5,p35,l3,0.00
i129,e05,c5,p01,l3,0.00
i129,e05,c5,p16,l3,0.00
i129,e08,c5,p01,l3,0.00
i129,e08,c5,p02,l3,0.00
i129,e08,c5,p03,l3,0.00
i129,e08,c5,p04,l3,0.00
i129,e08,c5,p05,l3,0.00
i129,e08,c5,p06,l3,0.00
i129,e08,c5,p09,l3,0.00
i129,e08,c5,p10,l3,0.00
i129,e08,c5,p15,l3,0.00
i129,e08,c5,p16,l3,0.00
i129,e08,c5,p23,l3,0.00
i129,e08,c5,p24,l3,0.00
i129,e08,c5,p29,l3,0.00
i129,e08,c5,p35,l3,0.00
i129,e09,c5,p01,l3,0.00
i129,e09,c5,p04,l3,0.00
i129,e09,c5,p09,l3,0.00
i129,e09,c5,p10,l3,0.00
i129,e09,c5,p15,l3,0.00
i129,e09,c5,p16,l3,0.00
i129,e09,c5,p23,l3,0.00
i129,e09,c5,p24,l3,0.00
i129,e09,c5,p35,l3,0.00
i129,e11,c5,p02,l3,0.00
i13,e01,c3,p01,l3,0.00
i13,e01,c3,p02,l3,0.00
i13,e01,c3,p03,l3,0.00
i13,e01,c3,p04,l3,0.00
i13,e01,c3,p05,l3,0.00
i13,e01,c3,p10,l3,0.00
i13,e01,c3,p11,l3,0.00
i13,e01,c3,p13,l3,0.00
i13,e01,c3,p15,l3,0.00
i13,e01,c3,p16,l3,0.00
i13,e01,c3,p17,l3,0.00
i13,e01,c3,p19,l3,0.00
i13,e01,c3,p21,l3,0.00
i13,e01,c3,p29,l3,0.00
i13,e01,c3,p35,l3,0.00
i13,e01,c5,p01,l3,0.00
i13,e01,c5,p02,l3,0.00
i13,e01,c5,p03,l3,0.00
i13,e01,c5,p04,l3,0.00
i13,e01,c5,p05,l3,1.93
i13,e01,c5,p06,l3,0.00
i13,e01,c5,p07,l3,0.00
i13,e01,c5,p08,l3,0.00
i13,e01,c5,p09,l3,0.00
i13,e01,c5,p10,l3,0.00
i13,e01,c5,p11,l3,0.00
i13,e01,c5,p12,l3,0.00
i13,e01,c5,p13,l3,0.00
i13,e01,c5,p14,l3,0.00
i13,e01,c5,p15,l3,0.00
i13,e01,c5,p16,l3,0.00
i13,e01,c5,p17,l3,0.00
i13,e01,c5,p18,l3,0.00
i13,e01,c5,p19,l3,0.00
i13,e01,c5,p20,l3,0.00
i13,e01,c5,p21,l3,0.00
i13,e01,c5,p22,l3,0.00
i13,e01,c5,p23,l3,0.00
i13,e01,c5,p24,l3,0.00
i13,e01,c5,p25,l3,0.00
i13,e01,c5,p26,l3,0.00
i13,e01,c5,p28,l3,0.00
i13,e01,c5,p29,l3,0.00
i13,e01,c5,p30,l3,0.00
i13,e01,c5,p31,l3,0.00
i13,e01,c5,p32,l3,0.00
i13,e01,c5,p33,l3,0.00
i13,e01,c5,p35,l3,0.00
i13,e02,c3,p01,l3,0.00
i13,e02,c3,p24,l3,0.00
i13,e02,c5,p01,l3,0.00
i13,e02,c5,p02,l3,0.00
i13,e02,c5,p03,l3,0.00
i13,e02,c5,p04,l3,0.00
i13,e02,c5,p05,l3,0.00
i13,e02,c5,p06,l3,0.00
i13,e02,c5,p07,l3,0.00
i13,e02,c5,p08,l3,0.00
i13,e02,c5,p09,l3,0.00
i13,e02,c5,p10,l3,0.00
i13,e02,c5,p11,l3,0.00
i13,e02,c5,p12,l3,0.00
i13,e02,c5,p14,l3,0.00
i13,e02,c5,p15,l3,0.00
i13,e02,c5,p16,l3,0.00
i13,e02,c5,p17,l3,0.00
i13,e02,c5,p18,l3,0.00
i13,e02,c5,p19,l3,0.00
i13,e02,c5,p21,l3,0.00
i13,e02,c5,p22,l3,0.00
i13,e02,c5,p24,l3,0.00
i13,e02,c5,p29,l3,0.00
i13,e02,c5,p32,l3,0.00
i13,e02,c5,p35,l3,0.00
i13,e03,c3,p01,l3,0.00
i13,e03,c3,p02,l3,0.00
i13,e03,c3,p03,l3,0.00
i13,e03,c3,p04,l3,0.00
i13,e03,c3,p05,l3,0.00
i13,e03,c3,p06,l3,0.00
i13,e03,c3,p07,l3,0.00
i13,e03,c3,p08,l3,0.00
i13,e03,c3,p09,l3,0.00
i13,e03,c3,p10,l3,0.00
i13,e03,c3,p11,l3,0.00
i13,e03,c3,p12,l3,0.00
i13,e03,c3,p13,l3,0.00
i13,e03,c3,p14,l3,0.00
i13,e03,c3,p15,l3,0.00
i13,e03,c3,p16,l3,0.00
i13,e03,c3,p17,l3,0.00
i13,e03,c3,p18,l3,0.00
i13,e03,c3,p19,l3,0.00
i13,e03,c3,p20,l3,0.00
i13,e03,c3,p21,l3,0.00
i13,e03,c3,p23,l3,0.00
i13,e03,c3,p24,l3,0.00
i13,e03,c3,p28,l3,0.00
i13,e03,c3,p29,l3,0.00
i13,e03,c3,p31,l3,0.00
i13,e03,c3,p32,l3,0.00
i13,e03,c3,p35,l3,0.00
i13,e03,c5,p01,l3,0.00
i13,e03,c5,p02,l3,0.00
i13,e03,c5,p03,l3,0.00
i13,e03,c5,p04,l3,0.00
i13,e03,c5,p05,l3,1.19
i13,e03,c5,p06,l3,0.00
i13,e03,c5,p07,l3,0.00
i13,e03,c5,p08,l3,0.00
i13,e03,c5,p09,l3,0.00
i13,e03,c5,p10,l3,0.00
i13,e03,c5,p11,l3,0.00
i13,e03,c5,p12,l3,0.00
i13,e03,c5,p13,l3,0.00
i13,e03,c5,p14,l3,0.00
i13,e03,c5,p15,l3,2.07
i13,e03,c5,p16,l3,0.00
i13,e03,c5,p17,l3,0.00
i13,e03,c5,p18,l3,0.00
i13,e03,c5,p19,l3,0.00
i13,e03,c5,p20,l3,0.00
i13,e03,c5,p21,l3,0.00
i13,e03,c5,p22,l3,0.00
i13,e03,c5,p23,l3,0.00
i13,e03,c5,p24,l3,0.00
i13,e03,c5,p25,l3,0.00
i13,e03,c5,p26,l3,0.00
i13,e03,c5,p28,l3,0.00
i13,e03,c5,p29,l3,0.00
i13,e03,c5,p30,l3,0.00
i13,e03,c5,p31,l3,0.00
i13,e03,c5,p32,l3,0.00
i13,e03,c5,p33,l3,0.00
i13,e03,c5,p35,l3,1.23
i13,e04,c3,p01,l3,0.00
i13,e04,c3,p02,l3,0.00
i13,e04,c3,p03,l3,0.00
i13,e04,c3,p04,l3,0.00
i13,e04,c3,p08,l3,0.00
i13,e04,c3,p10,l3,0.00
i13,e04,c3,p12,l3,0.00
i13,e04,c3,p13,l3,0.00
i13,e04,c3,p14,l3,0.00
i13,e04,c3,p16,l3,0.00
i13,e04,c3,p17,l3,0.00
i13,e04,c3,p19,l3,0.00
i13,e04,c3,p21,l3,0.00
i13,e04,c3,p24,l3,0.00
i13,e04,c3,p29,l3,0.00
i13,e04,c3,p35,l3,0.00
i13,e04,c5,p01,l3,0.00
i13,e04,c5,p02,l3,0.00
i13,e04,c5,p03,l3,0.00
i13,e04,c5,p04,l3,0.00
i13,e04,c5,p05,l3,0.00
i13,e04,c5,p06,l3,0.00
i13,e04,c5,p07,l3,0.00
i13,e04,c5,p08,l3,0.00
i13,e04,c5,p09,l3,0.00
i13,e04,c5,p10,l3,0.00
i13,e04,c5,p11,l3,0.00
i13,e04,c5,p12,l3,0.00
i13,e04,c5,p13,l3,0.00
i13,e04,c5,p14,l3,0.00
i13,e04,c5,p15,l3,0.00
i13,e04,c5,p16,l3,0.00
i13,e04,c5,p17,l3,0.00
i13,e04,c5,p18,l3,0.00
i13,e04,c5,p19,l3,0.00
i13,e04,c5,p20,l3,0.00
i13,e04,c5,p21,l3,0.00
i13,e04,c5,p22,l3,0.00
i13,e04,c5,p23,l3,0.00
i13,e04,c5,p24,l3,0.00
i13,e04,c5,p25,l3,0.00
i13,e04,c5,p26,l3,0.00
i13,e04,c5,p28,l3,0.00
i13,e04,c5,p29,l3,7.59
i13,e04,c5,p30,l3,0.00
i13,e04,c5,p31,l3,0.00
i13,e04,c5,p32,l3,0.00
i13,e04,c5,p33,l3,0.00
i13,e04,c5,p35,l3,3.07
i13,e05,c3,p01,l3,0.00
i13,e05,c3,p07,l3,0.00
i13,e05,c3,p10,l3,0.00
i13,e05,c3,p13,l3,0.00
i13,e05,c3,p17,l3,0.00
i13,e05,c3,p19,l3,0.00
i13,e05,c3,p21,l3,0.00
i13,e05,c3,p24,l3,0.00
i13,e05,c3,p35,l3,0.00
i13,e05,c5,p01,l3,0.00
i13,e05,c5,p02,l3,0.00
i13,e05,c5,p03,l3,0.00
i13,e05,c5,p04,l3,0.00
i13,e05,c5,p05,l3,0.00
i13,e05,c5,p06,l3,0.00
i13,e05,c5,p07,l3,0.00
i13,e05,c5,p08,l3,0.00
i13,e05,c5,p09,l3,0.00
i13,e05,c5,p10,l3,0.00
i13,e05,c5,p11,l3,0.00
i13,e05,c5,p12,l3,0.00
i13,e05,c5,p13,l3,0.00
i13,e05,c5,p14,l3,0.00
i13,e05,c5,p15,l3,0.00
i13,e05,c5,p16,l3,0.00
i13,e05,c5,p17,l3,0.00
i13,e05,c5,p18,l3,0.00
i13,e05,c5,p19,l3,0.00
i13,e05,c5,p20,l3,0.00
i13,e05,c5,p21,l3,0.00
i13,e05,c5,p22,l3,0.00
i13,e05,c5,p23,l3,0.00
i13,e05,c5,p24,l3,0.00
i13,e05,c5,p25,l3,0.00
i13,e05,c5,p26,l3,0.00
i13,e05,c5,p28,l3,0.00
i13,e05,c5,p29,l3,0.00
i13,e05,c5,p30,l3,0.00
i13,e05,c5,p31,l3,0.00
i13,e05,c5,p32,l3,0.00
i13,e05,c5,p35,l3,0.00
i13,e07,c3,p35,l3,0.00
i13,e07,c5,p01,l3,0.00
i13,e07,c5,p03,l3,0.00
i13,e07,c5,p04,l3,0.00
i13,e07,c5,p05,l3,0.00
i13,e07,c5,p06,l3,0.00
i13,e07,c5,p07,l3,0.00
i13,e07,c5,p08,l3,0.00
i13,e07,c5,p09,l3,0.00
i13,e07,c5,p10,l3,0.00
i13,e07,c5,p11,l3,0.00
i13,e07,c5,p12,l3,0.00
i13,e07,c5,p13,l3,0.00
i13,e07,c5,p15,l3,0.00
i13,e07,c5,p16,l3,0.00
i13,e07,c5,p17,l3,0.00
i13,e07,c5,p19,l3,0.00
i13,e07,c5,p21,l3,0.00
i13,e07,c5,p24,l3,0.00
i13,e07,c5,p28,l3,0.00
i13,e07,c5,p31,l3,0.00
i13,e07,c5,p35,l3,0.00
i13,e08,c3,p01,l3,0.00
i13,e08,c3,p02,l3,0.00
i13,e08,c3,p03,l3,0.00
i13,e08,c3,p04,l3,0.00
i13,e08,c3,p05,l3,0.00
i13,e08,c3,p06,l3,0.00
i13,e08,c3,p07,l3,0.00
i13,e08,c3,p08,l3,0.00
i13,e08,c3,p09,l3,0.00
i13,e08,c3,p10,l3,0.00
i13,e08,c3,p11,l3,0.00
i13,e08,c3,p12,l3,0.00
i13,e08,c3,p13,l3,0.00
i13,e08,c3,p14,l3,0.00
i13,e08,c3,p15,l3,0.00
i13,e08,c3,p16,l3,0.00
i13,e08,c3,p17,l3,0.00
i13,e08,c3,p18,l3,0.00
i13,e08,c3,p19,l3,0.00
i13,e08,c3,p21,l3,0.00
i13,e08,c3,p23,l3,0.00
i13,e08,c3,p24,l3,0.00
i13,e08,c3,p28,l3,0.00
i13,e08,c3,p29,l3,0.00
i13,e08,c3,p31,l3,0.00
i13,e08,c3,p32,l3,0.00
i13,e08,c3,p35,l3,0.00
i13,e08,c5,p01,l3,24.53
i13,e08,c5,p02,l3,0.00
i13,e08,c5,p03,l3,2.71
i13,e08,c5,p04,l3,0.00
i13,e08,c5,p05,l3,0.00
i13,e08,c5,p06,l3,0.00
i13,e08,c5,p07,l3,0.00
i13,e08,c5,p08,l3,3.74
i13,e08,c5,p09,l3,0.00
i13,e08,c5,p10,l3,24.27
i13,e08,c5,p11,l3,0.00
i13,e08,c5,p12,l3,6.41
i13,e08,c5,p13,l3,0.00
i13,e08,c5,p14,l3,1.82
i13,e08,c5,p15,l3,5.34
i13,e08,c5,p16,l3,11.19
i13,e08,c5,p17,l3,3.14
i13,e08,c5,p18,l3,0.00
i13,e08,c5,p19,l3,0.00
i13,e08,c5,p20,l3,0.00
i13,e08,c5,p21,l3,0.00
i13,e08,c5,p22,l3,0.00
i13,e08,c5,p23,l3,0.00
i13,e08,c5,p24,l3,0.00
i13,e08,c5,p25,l3,0.00
i13,e08,c5,p26,l3,0.00
i13,e08,c5,p28,l3,0.00
i13,e08,c5,p29,l3,0.00
i13,e08,c5,p30,l3,0.00
i13,e08,c5,p31,l3,0.00
i13,e08,c5,p32,l3,0.00
i13,e08,c5,p33,l3,0.00
i13,e08,c5,p35,l3,30.46
i13,e09,c3,p01,l3,0.00
i13,e09,c3,p02,l3,0.00
i13,e09,c3,p03,l3,0.00
i13,e09,c3,p04,l3,0.00
i13,e09,c3,p08,l3,0.00
i13,e09,c3,p09,l3,0.00
i13,e09,c3,p10,l3,0.00
i13,e09,c3,p12,l3,0.00
i13,e09,c3,p13,l3,0.00
i13,e09,c3,p15,l3,0.00
i13,e09,c3,p17,l3,0.00
i13,e09,c3,p19,l3,0.00
i13,e09,c3,p21,l3,0.00
i13,e09,c3,p35,l3,0.00
i13,e09,c5,p01,l3,0.00
i13,e09,c5,p02,l3,0.00
i13,e09,c5,p03,l3,0.00
i13,e09,c5,p04,l3,0.00
i13,e09,c5,p05,l3,1.17
i13,e09,c5,p06,l3,0.00
i13,e09,c5,p07,l3,0.00
i13,e09,c5,p08,l3,0.00
i13,e09,c5,p09,l3,0.00
i13,e09,c5,p10,l3,0.00
i13,e09,c5,p11,l3,0.00
i13,e09,c5,p12,l3,0.00
i13,e09,c5,p13,l3,0.00
i13,e09,c5,p14,l3,0.00
i13,e09,c5,p15,l3,0.00
i13,e09,c5,p16,l3,0.00
i13,e09,c5,p17,l3,0.00
i13,e09,c5,p18,l3,0.00
i13,e09,c5,p19,l3,0.00
i13,e09,c5,p20,l3,0.00
i13,e09,c5,p21,l3,0.00
i13,e09,c5,p22,l3,0.00
i13,e09,c5,p23,l3,0.00
i13,e09,c5,p24,l3,0.00
i13,e09,c5,p25,l3,0.00
i13,e09,c5,p26,l3,0.00
i13,e09,c5,p28,l3,0.00
i13,e09,c5,p29,l3,0.00
i13,e09,c5,p30,l3,0.00
i13,e09,c5,p31,l3,0.00
i13,e09,c5,p32,l3,0.00
i13,e09,c5,p33,l3,0.00
i13,e09,c5,p35,l3,0.00
i13,e10,c3,p01,l3,0.00
i13,e10,c3,p02,l3,0.00
i13,e10,c3,p05,l3,0.00
i13,e10,c3,p06,l3,0.00
i13,e10,c3,p10,l3,0.00
i13,e10,c3,p13,l3,0.00
i13,e10,c3,p15,l3,0.00
i13,e10,c3,p19,l3,0.00
i13,e10,c3,p21,l3,0.00
i13,e10,c3,p35,l3,0.00
i13,e10,c5,p01,l3,0.00
i13,e10,c5,p02,l3,0.00
i13,e10,c5,p03,l3,0.00
i13,e10,c5,p04,l3,0.00
i13,e10,c5,p05,l3,0.00
i13,e10,c5,p06,l3,0.00
i13,e10,c5,p07,l3,0.00
i13,e10,c5,p08,l3,0.00
i13,e10,c5,p09,l3,0.00
i13,e10,c5,p10,l3,0.00
i13,e10,c5,p11,l3,0.00
i13,e10,c5,p12,l3,0.00
i13,e10,c5,p13,l3,0.00
i13,e10,c5,p14,l3,0.00
i13,e10,c5,p15,l3,0.00
i13,e10,c5,p16,l3,0.00
i13,e10,c5,p17,l3,0.00
i13,e10,c5,p18,l3,0.00
i13,e10,c5,p19,l3,0.00
i13,e10,c5,p20,l3,0.00
i13,e10,c5,p21,l3,0.00
i13,e10,c5,p22,l3,0.00
i13,e10,c5,p23,l3,0.00
i13,e10,c5,p24,l3,0.00
i13,e10,c5,p25,l3,0.00
i13,e10,c5,p26,l3,0.00
i13,e10,c5,p28,l3,0.00
i13,e10,c5,p29,l3,0.00
i13,e10,c5,p30,l3,0.00
i13,e10,c5,p31,l3,0.00
i13,e10,c5,p32,l3,0.00
i13,e10,c5,p33,l3,0.00
i13,e10,c5,p35,l3,0.00
i13,e11,c3,p01,l3,2.76
i13,e11,c3,p02,l3,0.00
i13,e11,c3,p03,l3,0.00
i13,e11,c3,p04,l3,0.00
i13,e11,c3,p05,l3,0.00
i13,e11,c3,p06,l3,0.00
i13,e11,c3,p07,l3,0.00
i13,e11,c3,p08,l3,0.00
i13,e11,c3,p09,l3,0.00
i13,e11,c3,p10,l3,0.00
i13,e11,c3,p11,l3,0.00
i13,e11,c3,p12,l3,0.00
i13,e11,c3,p13,l3,0.00
i13,e11,c3,p14,l3,0.00
i13,e11,c3,p15,l3,0.00
i13,e11,c3,p16,l3,0.00
i13,e11,c3,p17,l3,0.00
i13,e11,c3,p18,l3,0.00
i13,e11,c3,p19,l3,0.00
i13,e11,c3,p21,l3,0.00
i13,e11,c3,p23,l3,0.00
i13,e11,c3,p24,l3,0.00
i13,e11,c3,p28,l3,0.00
i13,e11,c3,p29,l3,0.00
i13,e11,c3,p32,l3,0.00
i13,e11,c3,p35,l3,0.00
i13,e11,c5,p01,l3,0.00
i13,e11,c5,p02,l3,0.00
i13,e11,c5,p03,l3,4.04
i13,e11,c5,p04,l3,0.00
i13,e11,c5,p05,l3,5.49
i13,e11,c5,p06,l3,0.00
i13,e11,c5,p07,l3,0.00
i13,e11,c5,p08,l3,0.00
i13,e11,c5,p09,l3,0.00
i13,e11,c5,p10,l3,24.29
i13,e11,c5,p11,l3,1.38
i13,e11,c5,p12,l3,0.00
i13,e11,c5,p13,l3,0.00
i13,e11,c5,p14,l3,0.00
i13,e11,c5,p15,l3,7.27
i13,e11,c5,p16,l3,1.20
i13,e11,c5,p17,l3,1.49
i13,e11,c5,p18,l3,0.00
i13,e11,c5,p19,l3,2.23
i13,e11,c5,p20,l3,0.00
i13,e11,c5,p21,l3,0.00
i13,e11,c5,p22,l3,0.00
i13,e11,c5,p23,l3,0.00
i13,e11,c5,p24,l3,0.00
i13,e11,c5,p25,l3,0.00
i13,e11,c5,p26,l3,0.00
i13,e11,c5,p28,l3,0.00
i13,e11,c5,p29,l3,0.00
i13,e11,c5,p30,l3,0.00
i13,e11,c5,p31,l3,0.00
i13,e11,c5,p32,l3,0.00
i13,e11,c5,p33,l3,0.00
i13,e11,c5,p35,l3,18.05
i13,e12,c3,p01,l3,1.70
i13,e12,c3,p02,l3,0.00
i13,e12,c3,p03,l3,0.00
i13,e12,c3,p05,l3,0.00
i13,e12,c3,p06,l3,0.00
i13,e12,c3,p10,l3,0.00
i13,e12,c3,p11,l3,0.00
i13,e12,c3,p12,l3,0.00
i13,e12,c3,p13,l3,0.00
i13,e12,c3,p14,l3,0.00
i13,e12,c3,p15,l3,0.00
i13,e12,c3,p16,l3,0.00
i13,e12,c3,p17,l3,0.00
i13,e12,c3,p19,l3,0.00
i13,e12,c3,p21,l3,0.00
i13,e12,c3,p24,l3,0.00
i13,e12,c3,p28,l3,0.00
i13,e12,c3,p29,l3,0.00
i13,e12,c3,p32,l3,0.00
i13,e12,c3,p35,l3,0.00
i13,e12,c5,p01,l3,2.57
i13,e12,c5,p02,l3,0.00
i13,e12,c5,p03,l3,0.00
i13,e12,c5,p04,l3,0.00
i13,e12,c5,p05,l3,0.00
i13,e12,c5,p06,l3,0.00
i13,e12,c5,p07,l3,0.00
i13,e12,c5,p08,l3,0.00
i13,e12,c5,p09,l3,0.00
i13,e12,c5,p10,l3,0.00
i13,e12,c5,p11,l3,0.00
i13,e12,c5,p12,l3,0.00
i13,e12,c5,p13,l3,0.00
i13,e12,c5,p14,l3,0.00
i13,e12,c5,p15,l3,0.00
i13,e12,c5,p16,l3,0.00
i13,e12,c5,p17,l3,0.00
i13,e12,c5,p18,l3,0.00
i13,e12,c5,p19,l3,0.00
i13,e12,c5,p20,l3,0.00
i13,e12,c5,p21,l3,1.58
i13,e12,c5,p22,l3,0.00
i13,e12,c5,p23,l3,0.00
i13,e12,c5,p24,l3,0.00
i13,e12,c5,p25,l3,0.00
i13,e12,c5,p26,l3,0.00
i13,e12,c5,p28,l3,0.00
i13,e12,c5,p29,l3,0.00
i13,e12,c5,p30,l3,0.00
i13,e12,c5,p31,l3,0.00
i13,e12,c5,p32,l3,0.00
i13,e12,c5,p33,l3,0.00
i13,e12,c5,p35,l3,2.01
i13,e13,c5,p07,l3,0.00
i13,e13,c5,p22,l3,0.00
i130,e01,c5,p01,l3,0.00
i130,e01,c5,p10,l3,0.00
i130,e01,c5,p21,l3,0.00
i130,e01,c5,p24,l3,0.00
i130,e01,c5,p26,l3,0.00
i130,e02,c5,p35,l3,0.00
i130,e04,c5,p01,l3,0.00
i130,e04,c5,p10,l3,0.00
i130,e04,c5,p21,l3,0.00
i130,e04,c5,p24,l3,0.00
i130,e04,c5,p26,l3,0.00
i130,e05,c5,p01,l3,0.00
i130,e05,c5,p10,l3,0.00
i130,e05,c5,p16,l3,0.00
i130,e05,c5,p26,l3,0.00
i130,e05,c5,p35,l3,0.00
i130,e08,c5,p01,l3,0.00
i130,e08,c5,p05,l3,0.00
i130,e08,c5,p10,l3,0.00
i130,e08,c5,p16,l3,0.00
i130,e08,c5,p17,l3,0.00
i130,e08,c5,p21,l3,0.00
i130,e08,c5,p24,l3,0.00
i130,e08,c5,p25,l3,0.00
i130,e08,c5,p26,l3,0.00
i130,e08,c5,p35,l3,0.00
i130,e09,c5,p24,l3,0.00
i130,e09,c5,p26,l3,0.00
i130,e09,c5,p35,l3,0.00
i130,e11,c5,p01,l3,0.00
i130,e11,c5,p10,l3,0.00
i130,e11,c5,p26,l3,0.00
i130,e11,c5,p35,l3,0.00
i130,e13,c5,p10,l3,0.00
i130,e13,c5,p35,l3,0.00
i131,e05,c3,p02,l3,0.00
i131,e05,c3,p05,l3,0.00
i131,e05,c3,p10,l3,0.00
i131,e05,c3,p11,l3,0.00
i131,e05,c3,p12,l1,0.00
i131,e05,c3,p12,l3,0.00
i131,e05,c3,p16,l1,0.00
i131,e05,c3,p16,l3,0.00
i131,e05,c3,p17,l3,0.00
i131,e05,c3,p19,l3,0.00
i131,e05,c3,p29,l1,0.00
i131,e05,c3,p29,l3,0.00
i131,e05,c3,p35,l1,0.00
i131,e05,c3,p35,l3,0.00
i131,e05,c5,p02,l3,0.00
i131,e05,c5,p05,l3,0.00
i131,e05,c5,p06,l3,0.00
i131,e05,c5,p07,l3,0.00
i131,e05,c5,p10,l3,0.00
i131,e05,c5,p12,l1,0.00
i131,e05,c5,p12,l3,0.00
i131,e05,c5,p14,l1,0.00
i131,e05,c5,p14,l3,0.00
i131,e05,c5,p15,l3,0.00
i131,e05,c5,p16,l1,0.00
i131,e05,c5,p16,l3,0.00
i131,e05,c5,p17,l3,0.00
i131,e05,c5,p19,l1,0.00
i131,e05,c5,p19,l3,0.00
i131,e05,c5,p21,l3,0.00
i131,e05,c5,p22,l3,0.00
i131,e05,c5,p23,l3,0.00
i131,e05,c5,p24,l3,0.00
i131,e05,c5,p25,l3,0.00
i131,e05,c5,p27,l1,0.00
i131,e05,c5,p29,l3,0.00
i131,e05,c5,p35,l1,0.00
i131,e05,c5,p35,l3,0.00
i132,e01,c1,p35,l3,0.00
i132,e01,c4,p35,l3,0.00
i132,e01,c7,p35,l3,0.00
i132,e04,c1,p35,l1,0.00
i132,e04,c1,p35,l3,0.00
i132,e04,c4,p35,l1,0.00
i132,e04,c4,p35,l3,0.00
i132,e04,c7,p35,l3,0.00
i132,e05,c1,p35,l1,0.00
i132,e05,c1,p35,l3,0.00
i132,e05,c4,p35,l3,0.00
i132,e09,c1,p35,l2,0.00
i132,e09,c1,p35,l3,0.00
i132,e09,c4,p35,l2,0.00
i132,e09,c4,p35,l3,0.00
i132,e09,c7,p35,l3,0.00
i132,e12,c1,p35,l3,0.00
i132,e12,c4,p35,l3,0.00
i133,e01,c3,p10,l3,0.00
i133,e01,c3,p35,l3,0.00
i133,e04,c3,p10,l1,0.00
i133,e04,c3,p10,l3,0.00
i133,e04,c3,p35,l3,0.00
i133,e09,c3,p10,l2,0.00
i133,e09,c3,p10,l3,0.00
i133,e09,c3,p35,l3,0.00
i134,e01,c1,p10,l3,0.00
i134,e04,c1,p10,l3,0.00
i134,e05,c1,p10,l3,0.00
i134,e08,c1,p10,l3,0.00
i134,e09,c1,p10,l3,0.00
i135,e02,c5,p35,l3,0.00
i135,e05,c5,p10,l3,0.00
i135,e05,c5,p35,l3,0.00
i136,e01,c1,p01,l3,0.00
i136,e01,c1,p02,l3,0.00
i136,e01,c1,p03,l3,0.00
i136,e01,c1,p04,l3,0.00
i136,e01,c1,p05,l3,0.00
i136,e01,c1,p07,l3,0.00
i136,e01,c1,p09,l3,0.00
i136,e01,c1,p10,l3,0.00
i136,e01,c1,p11,l3,0.00
i136,e01,c1,p12,l3,0.00
i136,e01,c1,p13,l3,0.00
i136,e01,c1,p14,l3,0.00
i136,e01,c1,p15,l3,0.00
i136,e01,c1,p17,l3,0.00
i136,e01,c1,p18,l3,0.00
i136,e01,c1,p19,l3,0.00
i136,e01,c1,p22,l3,0.00
i136,e01,c1,p23,l3,0.00
i136,e01,c1,p24,l3,0.00
i136,e01,c1,p28,l3,0.00
i136,e01,c1,p29,l3,0.00
i136,e01,c1,p32,l3,0.00
i136,e04,c1,p01,l3,0.00
i136,e04,c1,p02,l3,0.00
i136,e04,c1,p03,l3,0.00
i136,e04,c1,p07,l3,0.00
i136,e04,c1,p09,l3,0.00
i136,e04,c1,p10,l3,0.00
i136,e04,c1,p11,l3,0.00
i136,e04,c1,p12,l3,0.00
i136,e04,c1,p13,l3,0.00
i136,e04,c1,p14,l3,0.00
i136,e04,c1,p15,l3,0.00
i136,e04,c1,p17,l3,0.00
i136,e04,c1,p19,l3,0.00
i136,e04,c1,p22,l3,0.00
i136,e04,c1,p23,l3,0.00
i136,e04,c1,p24,l3,0.00
i136,e04,c1,p28,l3,0.00
i136,e04,c1,p29,l3,0.00
i136,e04,c1,p32,l3,0.00
i136,e04,c1,p35,l3,0.00
i136,e05,c1,p01,l3,0.00
i136,e05,c1,p02,l3,0.00
i136,e05,c1,p03,l3,0.00
i136,e05,c1,p04,l3,0.00
i136,e05,c1,p05,l3,0.00
i136,e05,c1,p07,l3,0.00
i136,e05,c1,p09,l3,0.00
i136,e05,c1,p10,l3,0.00
i136,e05,c1,p11,l3,0.00
i136,e05,c1,p12,l3,0.00
i136,e05,c1,p13,l3,0.00
i136,e05,c1,p14,l3,0.00
i136,e05,c1,p15,l3,0.00
i136,e05,c1,p17,l3,0.00
i136,e05,c1,p18,l3,0.00
i136,e05,c1,p19,l3,0.00
i136,e05,c1,p21,l3,0.00
i136,e05,c1,p22,l3,0.00
i136,e05,c1,p23,l3,0.00
i136,e05,c1,p24,l3,0.00
i136,e05,c1,p28,l3,0.00
i136,e05,c1,p29,l3,0.00
i136,e05,c1,p32,l3,0.00
i136,e05,c1,p35,l3,0.00
i136,e09,c1,p01,l3,0.00
i136,e09,c1,p02,l3,0.00
i136,e09,c1,p03,l3,0.00
i136,e09,c1,p05,l3,0.00
i136,e09,c1,p07,l3,0.00
i136,e09,c1,p09,l3,0.00
i136,e09,c1,p10,l3,0.00
i136,e09,c1,p11,l3,0.00
i136,e09,c1,p12,l3,0.00
i136,e09,c1,p13,l3,0.00
i136,e09,c1,p14,l3,0.00
i136,e09,c1,p15,l3,0.00
i136,e09,c1,p17,l3,0.00
i136,e09,c1,p18,l3,0.00
i136,e09,c1,p19,l3,0.00
i136,e09,c1,p22,l3,0.00
i136,e09,c1,p23,l3,0.00
i136,e09,c1,p24,l3,0.00
i136,e09,c1,p28,l3,0.00
i136,e09,c1,p29,l3,0.00
i136,e09,c1,p32,l3,0.00
i136,e09,c1,p35,l3,0.00
i136,e13,c1,p01,l3,0.00
i136,e13,c1,p03,l3,0.00
i136,e13,c1,p10,l3,0.00
i136,e13,c1,p11,l3,0.00
i136,e13,c1,p19,l3,0.00
i136,e13,c1,p28,l3,0.00
i137,e05,c3,p35,l3,0.00
i138,e05,c3,p35,l1,0.00
i138,e05,c3,p35,l3,0.00
i138,e11,c3,p35,l3,0.00
i139,e02,c3,p35,l1,0.00
i139,e02,c3,p35,l3,0.00
i139,e02,c5,p10,l3,0.00
i139,e02,c5,p35,l1,0.00
i139,e02,c5,p35,l3,0.00
i139,e05,c3,p35,l1,0.00
i139,e05,c3,p35,l3,0.00
i139,e05,c5,p01,l3,0.00
i139,e05,c5,p07,l3,0.00
i139,e05,c5,p10,l3,0.00
i139,e05,c5,p15,l3,0.00
i139,e05,c5,p19,l3,0.00
i139,e05,c5,p23,l3,0.00
i139,e05,c5,p24,l3,0.00
i139,e05,c5,p28,l3,0.00
i139,e05,c5,p35,l1,0.00
i139,e05,c5,p35,l3,0.00
i14,e01,c3,p01,l3,1.08
i14,e01,c3,p02,l3,0.00
i14,e01,c3,p03,l3,0.00
i14,e01,c3,p04,l3,0.00
i14,e01,c3,p05,l3,0.00
i14,e01,c3,p06,l3,0.00
i14,e01,c3,p07,l3,0.00
i14,e01,c3,p08,l3,0.00
i14,e01,c3,p09,l3,0.00
i14,e01,c3,p10,l3,0.00
i14,e01,c3,p11,l3,0.00
i14,e01,c3,p12,l3,0.00
i14,e01,c3,p13,l3,0.00
i14,e01,c3,p14,l3,0.00
i14,e01,c3,p15,l3,0.00
i14,e01,c3,p16,l3,0.00
i14,e01,c3,p17,l3,0.00
i14,e01,c3,p18,l3,0.00
i14,e01,c3,p19,l3,0.00
i14,e01,c3,p20,l3,0.00
i14,e01,c3,p21,l3,0.00
i14,e01,c3,p22,l3,0.00
i14,e01,c3,p23,l3,0.00
i14,e01,c3,p24,l3,0.00
i14,e01,c3,p25,l3,0.00
i14,e01,c3,p26,l3,0.00
i14,e01,c3,p28,l3,0.00
i14,e01,c3,p29,l3,0.00
i14,e01,c3,p30,l3,0.00
i14,e01,c3,p31,l3,0.00
i14,e01,c3,p32,l3,0.00
i14,e01,c3,p33,l3,0.00
i14,e01,c3,p34,l3,0.00
i14,e01,c3,p35,l3,0.00
i14,e01,c5,p01,l3,3.57
i14,e01,c5,p02,l3,0.00
i14,e01,c5,p03,l3,9.45
i14,e01,c5,p04,l3,1.11
i14,e01,c5,p05,l3,0.00
i14,e01,c5,p06,l3,1.18
i14,e01,c5,p07,l3,1.15
i14,e01,c5,p08,l3,0.00
i14,e01,c5,p09,l3,0.00
i14,e01,c5,p10,l3,1.68
i14,e01,c5,p11,l3,0.00
i14,e01,c5,p12,l3,0.00
i14,e01,c5,p13,l3,0.00
i14,e01,c5,p14,l3,0.00
i14,e01,c5,p15,l3,3.14
i14,e01,c5,p16,l3,0.00
i14,e01,c5,p17,l3,4.39
i14,e01,c5,p18,l3,2.25
i14,e01,c5,p19,l3,2.32
i14,e01,c5,p20,l3,0.00
i14,e01,c5,p21,l3,3.37
i14,e01,c5,p22,l3,1.13
i14,e01,c5,p23,l3,0.00
i14,e01,c5,p24,l3,3.13
i14,e01,c5,p25,l3,0.00
i14,e01,c5,p26,l3,0.00
i14,e01,c5,p27,l3,0.00
i14,e01,c5,p28,l3,0.00
i14,e01,c5,p29,l3,0.00
i14,e01,c5,p30,l3,0.00
i14,e01,c5,p31,l3,0.00
i14,e01,c5,p32,l3,0.00
i14,e01,c5,p33,l3,0.00
i14,e01,c5,p34,l3,0.00
i14,e01,c5,p35,l3,1.41
i14,e01,c8,p02,l3,0.00
i14,e01,c8,p03,l3,0.00
i14,e01,c8,p04,l3,0.00
i14,e01,c8,p07,l3,0.00
i14,e01,c8,p08,l3,0.00
i14,e01,c8,p10,l3,0.00
i14,e01,c8,p15,l3,0.00
i14,e01,c8,p17,l3,0.00
i14,e01,c8,p18,l3,0.00
i14,e01,c8,p19,l3,0.00
i14,e01,c8,p21,l3,0.00
i14,e01,c8,p22,l3,0.00
i14,e01,c8,p28,l3,0.00
i14,e01,c8,p35,l3,0.00
i14,e02,c3,p01,l1,0.00
i14,e02,c3,p01,l3,0.00
i14,e02,c3,p02,l1,0.00
i14,e02,c3,p02,l3,0.00
i14,e02,c3,p03,l1,0.00
i14,e02,c3,p03,l3,0.00
i14,e02,c3,p04,l1,0.00
i14,e02,c3,p04,l3,0.00
i14,e02,c3,p05,l1,0.00
i14,e02,c3,p05,l3,0.00
i14,e02,c3,p06,l1,0.00
i14,e02,c3,p06,l3,0.00
i14,e02,c3,p07,l1,0.00
i14,e02,c3,p07,l3,0.00
i14,e02,c3,p08,l1,0.00
i14,e02,c3,p08,l3,0.00
i14,e02,c3,p09,l1,0.00
i14,e02,c3,p09,l3,0.00
i14,e02,c3,p10,l1,0.00
i14,e02,c3,p10,l3,0.00
i14,e02,c3,p11,l1,0.00
i14,e02,c3,p11,l3,0.00
i14,e02,c3,p12,l1,0.00
i14,e02,c3,p12,l3,0.00
i14,e02,c3,p13,l1,0.00
i14,e02,c3,p13,l3,0.00
i14,e02,c3,p14,l3,0.00
i14,e02,c3,p15,l1,0.00
i14,e02,c3,p15,l3,0.00
i14,e02,c3,p16,l1,0.00
i14,e02,c3,p16,l3,0.00
i14,e02,c3,p17,l3,0.00
i14,e02,c3,p18,l1,0.00
i14,e02,c3,p18,l3,0.00
i14,e02,c3,p19,l1,0.00
i14,e02,c3,p19,l3,0.00
i14,e02,c3,p20,l1,0.00
i14,e02,c3,p20,l3,0.00
i14,e02,c3,p21,l1,0.00
i14,e02,c3,p21,l3,0.00
i14,e02,c3,p22,l1,0.00
i14,e02,c3,p22,l3,0.00
i14,e02,c3,p23,l3,0.00
i14,e02,c3,p24,l1,0.00
i14,e02,c3,p24,l3,0.00
i14,e02,c3,p25,l3,0.00
i14,e02,c3,p26,l3,0.00
i14,e02,c3,p28,l1,0.00
i14,e02,c3,p28,l3,0.00
i14,e02,c3,p29,l1,0.00
i14,e02,c3,p29,l3,0.00
i14,e02,c3,p30,l3,0.00
i14,e02,c3,p31,l3,0.00
i14,e02,c3,p32,l1,0.00
i14,e02,c3,p32,l3,0.00
i14,e02,c3,p33,l3,0.00
i14,e02,c3,p35,l1,0.00
i14,e02,c3,p35,l3,0.00
i14,e02,c5,p01,l1,0.00
i14,e02,c5,p01,l3,0.00
i14,e02,c5,p02,l1,0.00
i14,e02,c5,p02,l3,0.00
i14,e02,c5,p03,l1,0.00
i14,e02,c5,p03,l3,0.00
i14,e02,c5,p04,l1,0.00
i14,e02,c5,p04,l3,0.00
i14,e02,c5,p05,l1,0.00
i14,e02,c5,p05,l3,0.00
i14,e02,c5,p06,l1,0.00
i14,e02,c5,p06,l3,0.00
i14,e02,c5,p07,l1,0.00
i14,e02,c5,p07,l3,0.00
i14,e02,c5,p08,l1,0.00
i14,e02,c5,p08,l3,0.00
i14,e02,c5,p09,l1,0.00
i14,e02,c5,p09,l3,0.00
i14,e02,c5,p10,l1,0.00
i14,e02,c5,p10,l3,0.00
i14,e02,c5,p11,l1,0.00
i14,e02,c5,p11,l3,0.00
i14,e02,c5,p12,l1,0.00
i14,e02,c5,p12,l3,0.00
i14,e02,c5,p13,l1,0.00
i14,e02,c5,p13,l3,0.00
i14,e02,c5,p14,l1,0.00
i14,e02,c5,p14,l3,0.00
i14,e02,c5,p15,l1,0.00
i14,e02,c5,p15,l3,0.00
i14,e02,c5,p16,l1,0.00
i14,e02,c5,p16,l3,0.00
i14,e02,c5,p17,l1,0.00
i14,e02,c5,p17,l3,0.00
i14,e02,c5,p18,l1,0.00
i14,e02,c5,p18,l3,0.00
i14,e02,c5,p19,l1,0.00
i14,e02,c5,p19,l3,0.00
i14,e02,c5,p20,l1,0.00
i14,e02,c5,p20,l3,0.00
i14,e02,c5,p21,l1,0.00
i14,e02,c5,p21,l3,0.00
i14,e02,c5,p22,l1,0.00
i14,e02,c5,p22,l3,0.00
i14,e02,c5,p23,l1,0.00
i14,e02,c5,p23,l3,0.00
i14,e02,c5,p24,l1,0.00
i14,e02,c5,p24,l3,0.00
i14,e02,c5,p25,l1,0.00
i14,e02,c5,p25,l3,0.00
i14,e02,c5,p26,l1,0.00
i14,e02,c5,p26,l3,0.00
i14,e02,c5,p28,l1,0.00
i14,e02,c5,p28,l3,0.00
i14,e02,c5,p29,l1,0.00
i14,e02,c5,p29,l3,0.00
i14,e02,c5,p30,l1,0.00
i14,e02,c5,p30,l3,0.00
i14,e02,c5,p31,l1,0.00
i14,e02,c5,p31,l3,0.00
i14,e02,c5,p32,l1,0.00
i14,e02,c5,p32,l3,0.00
i14,e02,c5,p33,l1,0.00
i14,e02,c5,p33,l3,0.00
i14,e02,c5,p35,l1,0.00
i14,e02,c5,p35,l3,0.00
i14,e02,c8,p35,l3,0.00
i14,e04,c3,p01,l1,0.00
i14,e04,c3,p01,l3,0.00
i14,e04,c3,p02,l1,0.00
i14,e04,c3,p02,l3,0.00
i14,e04,c3,p03,l1,0.00
i14,e04,c3,p03,l3,0.00
i14,e04,c3,p04,l1,0.00
i14,e04,c3,p04,l3,0.00
i14,e04,c3,p05,l1,0.00
i14,e04,c3,p05,l3,0.00
i14,e04,c3,p06,l1,0.00
i14,e04,c3,p06,l3,0.00
i14,e04,c3,p07,l1,0.00
i14,e04,c3,p07,l3,0.00
i14,e04,c3,p08,l1,0.00
i14,e04,c3,p08,l3,0.00
i14,e04,c3,p09,l1,0.00
i14,e04,c3,p09,l3,0.00
i14,e04,c3,p10,l1,0.00
i14,e04,c3,p10,l3,0.00
i14,e04,c3,p11,l1,0.00
i14,e04,c3,p11,l3,0.00
i14,e04,c3,p12,l1,0.00
i14,e04,c3,p12,l3,0.00
i14,e04,c3,p13,l1,0.00
i14,e04,c3,p13,l3,0.00
i14,e04,c3,p14,l1,0.00
i14,e04,c3,p14,l3,0.00
i14,e04,c3,p15,l1,0.00
i14,e04,c3,p15,l3,0.00
i14,e04,c3,p16,l1,0.00
i14,e04,c3,p16,l3,0.00
i14,e04,c3,p17,l1,0.00
i14,e04,c3,p17,l3,2.24
i14,e04,c3,p18,l1,0.00
i14,e04,c3,p18,l3,0.00
i14,e04,c3,p19,l1,0.00
i14,e04,c3,p19,l3,0.00
i14,e04,c3,p20,l1,0.00
i14,e04,c3,p20,l3,0.00
i14,e04,c3,p21,l1,0.00
i14,e04,c3,p21,l3,0.00
i14,e04,c3,p22,l1,0.00
i14,e04,c3,p22,l3,0.00
i14,e04,c3,p23,l1,0.00
i14,e04,c3,p23,l3,0.00
i14,e04,c3,p24,l1,0.00
i14,e04,c3,p24,l3,0.00
i14,e04,c3,p25,l1,0.00
i14,e04,c3,p25,l3,0.00
i14,e04,c3,p26,l1,0.00
i14,e04,c3,p26,l3,0.00
i14,e04,c3,p28,l1,0.00
i14,e04,c3,p28,l3,0.00
i14,e04,c3,p29,l1,0.00
i14,e04,c3,p29,l3,0.00
i14,e04,c3,p30,l1,0.00
i14,e04,c3,p30,l3,0.00
i14,e04,c3,p31,l1,0.00
i14,e04,c3,p31,l3,0.00
i14,e04,c3,p32,l1,0.00
i14,e04,c3,p32,l3,0.00
i14,e04,c3,p33,l1,0.00
i14,e04,c3,p33,l3,0.00
i14,e04,c3,p34,l3,0.00
i14,e04,c3,p35,l1,0.00
i14,e04,c3,p35,l3,0.00
i14,e04,c5,p01,l1,0.00
i14,e04,c5,p01,l3,5.17
i14,e04,c5,p02,l1,0.00
i14,e04,c5,p02,l3,0.00
i14,e04,c5,p03,l1,0.00
i14,e04,c5,p03,l3,19.35
i14,e04,c5,p04,l1,0.00
i14,e04,c5,p04,l3,19.78
i14,e04,c5,p05,l1,0.00
i14,e04,c5,p05,l3,9.14
i14,e04,c5,p06,l1,0.00
i14,e04,c5,p06,l3,3.73
i14,e04,c5,p07,l1,0.00
i14,e04,c5,p07,l3,1.25
i14,e04,c5,p08,l1,0.00
i14,e04,c5,p08,l3,0.00
i14,e04,c5,p09,l1,0.00
i14,e04,c5,p09,l3,0.00
i14,e04,c5,p10,l1,0.00
i14,e04,c5,p10,l3,8.75
i14,e04,c5,p11,l1,0.00
i14,e04,c5,p11,l3,6.35
i14,e04,c5,p12,l1,0.00
i14,e04,c5,p12,l3,1.41
i14,e04,c5,p13,l1,0.00
i14,e04,c5,p13,l3,2.58
i14,e04,c5,p14,l1,0.00
i14,e04,c5,p14,l3,0.00
i14,e04,c5,p15,l1,0.00
i14,e04,c5,p15,l3,11.08
i14,e04,c5,p16,l1,0.00
i14,e04,c5,p16,l3,1.13
i14,e04,c5,p17,l1,0.00
i14,e04,c5,p17,l3,2.65
i14,e04,c5,p18,l1,0.00
i14,e04,c5,p18,l3,0.00
i14,e04,c5,p19,l1,0.00
i14,e04,c5,p19,l3,16.03
i14,e04,c5,p20,l1,0.00
i14,e04,c5,p20,l3,1.40
i14,e04,c5,p21,l1,0.00
i14,e04,c5,p21,l3,3.25
i14,e04,c5,p22,l1,0.00
i14,e04,c5,p22,l3,0.00
i14,e04,c5,p23,l1,0.00
i14,e04,c5,p23,l3,0.00
i14,e04,c5,p24,l1,0.00
i14,e04,c5,p24,l3,0.00
i14,e04,c5,p25,l1,0.00
i14,e04,c5,p25,l3,0.00
i14,e04,c5,p26,l1,0.00
i14,e04,c5,p26,l3,6.30
i14,e04,c5,p27,l3,0.00
i14,e04,c5,p28,l1,0.00
i14,e04,c5,p28,l3,2.24
i14,e04,c5,p29,l1,0.00
i14,e04,c5,p29,l3,2.81
i14,e04,c5,p30,l1,0.00
i14,e04,c5,p30,l3,7.35
i14,e04,c5,p31,l1,0.00
i14,e04,c5,p31,l3,0.00
i14,e04,c5,p32,l1,0.00
i14,e04,c5,p32,l3,16.04
i14,e04,c5,p33,l1,0.00
i14,e04,c5,p33,l3,0.00
i14,e04,c5,p34,l3,0.00
i14,e04,c5,p35,l1,0.00
i14,e04,c5,p35,l3,21.05
i14,e04,c8,p01,l3,0.00
i14,e04,c8,p02,l3,0.00
i14,e04,c8,p03,l3,0.00
i14,e04,c8,p04,l3,0.00
i14,e04,c8,p07,l3,0.00
i14,e04,c8,p08,l3,0.00
i14,e04,c8,p09,l3,0.00
i14,e04,c8,p10,l3,0.00
i14,e04,c8,p15,l3,0.00
i14,e04,c8,p17,l3,0.00
i14,e04,c8,p19,l1,0.00
i14,e04,c8,p19,l3,0.00
i14,e04,c8,p21,l3,0.00
i14,e04,c8,p22,l3,0.00
i14,e04,c8,p24,l3,0.00
i14,e04,c8,p29,l3,0.00
i14,e04,c8,p35,l3,0.00
i14,e05,c3,p01,l1,0.00
i14,e05,c3,p01,l3,0.00
i14,e05,c3,p02,l1,0.00
i14,e05,c3,p02,l3,0.00
i14,e05,c3,p03,l1,0.00
i14,e05,c3,p03,l3,3.18
i14,e05,c3,p04,l1,0.00
i14,e05,c3,p04,l3,0.00
i14,e05,c3,p05,l1,0.00
i14,e05,c3,p05,l3,0.00
i14,e05,c3,p06,l1,0.00
i14,e05,c3,p06,l3,0.00
i14,e05,c3,p07,l1,0.00
i14,e05,c3,p07,l3,2.10
i14,e05,c3,p08,l1,0.00
i14,e05,c3,p08,l3,0.00
i14,e05,c3,p09,l1,0.00
i14,e05,c3,p09,l3,0.00
i14,e05,c3,p10,l1,0.00
i14,e05,c3,p10,l3,0.00
i14,e05,c3,p11,l1,0.00
i14,e05,c3,p11,l3,0.00
i14,e05,c3,p12,l1,0.00
i14,e05,c3,p12,l3,0.00
i14,e05,c3,p13,l1,0.00
i14,e05,c3,p13,l3,0.00
i14,e05,c3,p14,l1,0.00
i14,e05,c3,p14,l3,0.00
i14,e05,c3,p15,l1,0.00
i14,e05,c3,p15,l3,0.00
i14,e05,c3,p16,l1,0.00
i14,e05,c3,p16,l3,0.00
i14,e05,c3,p17,l1,0.00
i14,e05,c3,p17,l3,0.00
i14,e05,c3,p18,l1,0.00
i14,e05,c3,p18,l3,0.00
i14,e05,c3,p19,l1,0.00
i14,e05,c3,p19,l3,0.00
i14,e05,c3,p20,l1,0.00
i14,e05,c3,p20,l3,0.00
i14,e05,c3,p21,l1,0.00
i14,e05,c3,p21,l3,0.00
i14,e05,c3,p22,l1,0.00
i14,e05,c3,p22,l3,0.00
i14,e05,c3,p23,l1,0.00
i14,e05,c3,p23,l3,0.00
i14,e05,c3,p24,l1,0.00
i14,e05,c3,p24,l3,0.00
i14,e05,c3,p25,l1,0.00
i14,e05,c3,p25,l3,0.00
i14,e05,c3,p26,l1,0.00
i14,e05,c3,p26,l3,0.00
i14,e05,c3,p27,l3,0.00
i14,e05,c3,p28,l1,0.00
i14,e05,c3,p28,l3,0.00
i14,e05,c3,p29,l1,0.00
i14,e05,c3,p29,l3,0.00
i14,e05,c3,p30,l3,0.00
i14,e05,c3,p31,l3,0.00
i14,e05,c3,p32,l1,0.00
i14,e05,c3,p32,l3,0.00
i14,e05,c3,p33,l1,0.00
i14,e05,c3,p33,l3,0.00
i14,e05,c3,p34,l3,0.00
i14,e05,c3,p35,l1,0.00
i14,e05,c3,p35,l3,0.00
i14,e05,c5,p01,l1,0.00
i14,e05,c5,p01,l3,0.00
i14,e05,c5,p02,l1,0.00
i14,e05,c5,p02,l3,0.00
i14,e05,c5,p03,l1,0.00
i14,e05,c5,p03,l3,0.00
i14,e05,c5,p04,l1,0.00
i14,e05,c5,p04,l3,0.00
i14,e05,c5,p05,l1,0.00
i14,e05,c5,p05,l3,0.00
i14,e05,c5,p06,l1,0.00
i14,e05,c5,p06,l3,0.00
i14,e05,c5,p07,l1,0.00
i14,e05,c5,p07,l3,0.00
i14,e05,c5,p08,l1,0.00
i14,e05,c5,p08,l3,0.00
i14,e05,c5,p09,l1,0.00
i14,e05,c5,p09,l3,0.00
i14,e05,c5,p10,l1,0.00
i14,e05,c5,p10,l3,0.00
i14,e05,c5,p11,l1,0.00
i14,e05,c5,p11,l3,1.58
i14,e05,c5,p12,l1,0.00
i14,e05,c5,p12,l3,0.00
i14,e05,c5,p13,l1,0.00
i14,e05,c5,p13,l3,0.00
i14,e05,c5,p14,l1,0.00
i14,e05,c5,p14,l3,0.00
i14,e05,c5,p15,l1,0.00
i14,e05,c5,p15,l3,0.00
i14,e05,c5,p16,l1,0.00
i14,e05,c5,p16,l3,0.00
i14,e05,c5,p17,l1,0.00
i14,e05,c5,p17,l3,0.00
i14,e05,c5,p18,l1,0.00
i14,e05,c5,p18,l3,0.00
i14,e05,c5,p19,l1,0.00
i14,e05,c5,p19,l3,0.00
i14,e05,c5,p20,l1,0.00
i14,e05,c5,p20,l3,0.00
i14,e05,c5,p21,l1,0.00
i14,e05,c5,p21,l3,0.00
i14,e05,c5,p22,l1,0.00
i14,e05,c5,p22,l3,0.00
i14,e05,c5,p23,l1,0.00
i14,e05,c5,p23,l3,0.00
i14,e05,c5,p24,l1,0.00
i14,e05,c5,p24,l3,0.00
i14,e05,c5,p25,l1,0.00
i14,e05,c5,p25,l3,0.00
i14,e05,c5,p26,l1,0.00
i14,e05,c5,p26,l3,0.00
i14,e05,c5,p27,l3,0.00
i14,e05,c5,p28,l1,0.00
i14,e05,c5,p28,l3,0.00
i14,e05,c5,p29,l1,0.00
i14,e05,c5,p29,l3,0.00
i14,e05,c5,p30,l1,0.00
i14,e05,c5,p30,l3,0.00
i14,e05,c5,p31,l1,0.00
i14,e05,c5,p31,l3,0.00
i14,e05,c5,p32,l1,0.00
i14,e05,c5,p32,l3,0.00
i14,e05,c5,p33,l1,0.00
i14,e05,c5,p33,l3,0.00
i14,e05,c5,p34,l3,0.00
i14,e05,c5,p35,l1,0.00
i14,e05,c5,p35,l3,0.00
i14,e05,c8,p01,l3,0.00
i14,e05,c8,p02,l3,0.00
i14,e05,c8,p03,l3,0.00
i14,e05,c8,p04,l3,0.00
i14,e05,c8,p05,l3,0.00
i14,e05,c8,p06,l3,0.00
i14,e05,c8,p07,l3,0.00
i14,e05,c8,p08,l3,0.00
i14,e05,c8,p09,l3,0.00
i14,e05,c8,p10,l3,0.00
i14,e05,c8,p11,l3,0.00
i14,e05,c8,p12,l3,0.00
i14,e05,c8,p13,l3,0.00
i14,e05,c8,p14,l3,0.00
i14,e05,c8,p15,l3,0.00
i14,e05,c8,p16,l3,0.00
i14,e05,c8,p17,l3,0.00
i14,e05,c8,p18,l3,0.00
i14,e05,c8,p19,l3,0.00
i14,e05,c8,p20,l3,0.00
i14,e05,c8,p21,l3,0.00
i14,e05,c8,p22,l3,0.00
i14,e05,c8,p23,l3,0.00
i14,e05,c8,p24,l3,0.00
i14,e05,c8,p25,l3,0.00
i14,e05,c8,p26,l3,0.00
i14,e05,c8,p28,l3,0.00
i14,e05,c8,p29,l3,0.00
i14,e05,c8,p30,l3,0.00
i14,e05,c8,p31,l3,0.00
i14,e05,c8,p32,l3,0.00
i14,e05,c8,p33,l3,0.00
i14,e05,c8,p35,l3,0.00
i14,e06,c5,p29,l3,0.00
i14,e07,c3,p01,l3,0.00
i14,e07,c3,p03,l3,0.00
i14,e07,c3,p07,l3,0.00
i14,e07,c3,p09,l3,0.00
i14,e07,c3,p10,l3,0.00
i14,e07,c3,p11,l3,0.00
i14,e07,c3,p15,l3,0.00
i14,e07,c3,p19,l2,0.00
i14,e07,c3,p19,l3,0.00
i14,e07,c3,p21,l3,0.00
i14,e07,c3,p23,l2,0.00
i14,e07,c3,p26,l2,0.00
i14,e07,c3,p28,l3,0.00
i14,e07,c3,p31,l3,0.00
i14,e07,c3,p35,l3,0.00
i14,e07,c5,p01,l2,0.00
i14,e07,c5,p01,l3,0.00
i14,e07,c5,p02,l2,0.00
i14,e07,c5,p02,l3,0.00
i14,e07,c5,p03,l2,0.00
i14,e07,c5,p03,l3,0.00
i14,e07,c5,p04,l2,0.00
i14,e07,c5,p04,l3,0.00
i14,e07,c5,p05,l2,0.00
i14,e07,c5,p05,l3,0.00
i14,e07,c5,p06,l2,0.00
i14,e07,c5,p06,l3,0.00
i14,e07,c5,p07,l2,0.00
i14,e07,c5,p07,l3,0.00
i14,e07,c5,p08,l2,0.00
i14,e07,c5,p08,l3,0.00
i14,e07,c5,p09,l2,0.00
i14,e07,c5,p09,l3,0.00
i14,e07,c5,p10,l2,0.00
i14,e07,c5,p10,l3,0.00
i14,e07,c5,p11,l2,0.00
i14,e07,c5,p11,l3,0.00
i14,e07,c5,p12,l2,0.00
i14,e07,c5,p12,l3,0.00
i14,e07,c5,p13,l2,0.00
i14,e07,c5,p13,l3,0.00
i14,e07,c5,p14,l2,0.00
i14,e07,c5,p14,l3,0.00
i14,e07,c5,p15,l2,0.00
i14,e07,c5,p15,l3,0.00
i14,e07,c5,p16,l2,0.00
i14,e07,c5,p16,l3,0.00
i14,e07,c5,p17,l2,0.00
i14,e07,c5,p17,l3,0.00
i14,e07,c5,p18,l2,0.00
i14,e07,c5,p18,l3,0.00
i14,e07,c5,p19,l2,0.00
i14,e07,c5,p19,l3,0.00
i14,e07,c5,p20,l2,0.00
i14,e07,c5,p20,l3,0.00
i14,e07,c5,p21,l2,0.00
i14,e07,c5,p21,l3,0.00
i14,e07,c5,p22,l2,0.00
i14,e07,c5,p22,l3,0.00
i14,e07,c5,p23,l2,0.00
i14,e07,c5,p23,l3,0.00
i14,e07,c5,p24,l2,0.00
i14,e07,c5,p24,l3,0.00
i14,e07,c5,p25,l2,0.00
i14,e07,c5,p25,l3,0.00
i14,e07,c5,p26,l2,0.00
i14,e07,c5,p26,l3,0.00
i14,e07,c5,p28,l2,0.00
i14,e07,c5,p28,l3,0.00
i14,e07,c5,p29,l2,0.00
i14,e07,c5,p29,l3,0.00
i14,e07,c5,p30,l3,0.00
i14,e07,c5,p31,l2,0.00
i14,e07,c5,p31,l3,0.00
i14,e07,c5,p32,l2,0.00
i14,e07,c5,p32,l3,0.00
i14,e07,c5,p33,l2,0.00
i14,e07,c5,p33,l3,0.00
i14,e07,c5,p35,l2,0.00
i14,e07,c5,p35,l3,0.00
i14,e08,c3,p01,l2,0.00
i14,e08,c3,p01,l3,38.80
i14,e08,c3,p02,l2,0.00
i14,e08,c3,p02,l3,0.00
i14,e08,c3,p03,l2,0.00
i14,e08,c3,p03,l3,1.30
i14,e08,c3,p04,l2,0.00
i14,e08,c3,p04,l3,0.00
i14,e08,c3,p05,l2,0.00
i14,e08,c3,p05,l3,0.00
i14,e08,c3,p06,l2,0.00
i14,e08,c3,p06,l3,0.00
i14,e08,c3,p07,l2,0.00
i14,e08,c3,p07,l3,0.00
i14,e08,c3,p08,l2,0.00
i14,e08,c3,p08,l3,1.20
i14,e08,c3,p09,l2,0.00
i14,e08,c3,p09,l3,0.00
i14,e08,c3,p10,l2,0.00
i14,e08,c3,p10,l3,3.17
i14,e08,c3,p11,l2,0.00
i14,e08,c3,p11,l3,2.11
i14,e08,c3,p12,l2,0.00
i14,e08,c3,p12,l3,0.00
i14,e08,c3,p13,l2,0.00
i14,e08,c3,p13,l3,0.00
i14,e08,c3,p14,l2,0.00
i14,e08,c3,p14,l3,0.00
i14,e08,c3,p15,l2,0.00
i14,e08,c3,p15,l3,42.34
i14,e08,c3,p16,l2,0.00
i14,e08,c3,p16,l3,1.55
i14,e08,c3,p17,l2,0.00
i14,e08,c3,p17,l3,3.40
i14,e08,c3,p18,l2,0.00
i14,e08,c3,p18,l3,0.00
i14,e08,c3,p19,l2,0.00
i14,e08,c3,p19,l3,7.31
i14,e08,c3,p20,l2,0.00
i14,e08,c3,p20,l3,1.26
i14,e08,c3,p21,l2,0.00
i14,e08,c3,p21,l3,1.08
i14,e08,c3,p22,l2,0.00
i14,e08,c3,p22,l3,1.10
i14,e08,c3,p23,l2,0.00
i14,e08,c3,p23,l3,31.29
i14,e08,c3,p24,l2,0.00
i14,e08,c3,p24,l3,0.00
i14,e08,c3,p25,l2,0.00
i14,e08,c3,p25,l3,0.00
i14,e08,c3,p26,l2,0.00
i14,e08,c3,p26,l3,0.00
i14,e08,c3,p27,l3,0.00
i14,e08,c3,p28,l2,0.00
i14,e08,c3,p28,l3,0.00
i14,e08,c3,p29,l2,0.00
i14,e08,c3,p29,l3,1.14
i14,e08,c3,p30,l2,0.00
i14,e08,c3,p30,l3,0.00
i14,e08,c3,p31,l2,0.00
i14,e08,c3,p31,l3,0.00
i14,e08,c3,p32,l2,0.00
i14,e08,c3,p32,l3,0.00
i14,e08,c3,p33,l2,0.00
i14,e08,c3,p33,l3,1.29
i14,e08,c3,p34,l3,0.00
i14,e08,c3,p35,l2,0.00
i14,e08,c3,p35,l3,2.34
i14,e08,c5,p01,l2,0.00
i14,e08,c5,p01,l3,127.15
i14,e08,c5,p02,l2,0.00
i14,e08,c5,p02,l3,29.18
i14,e08,c5,p03,l2,0.00
i14,e08,c5,p03,l3,227.89
i14,e08,c5,p04,l2,0.00
i14,e08,c5,p04,l3,9.03
i14,e08,c5,p05,l2,0.00
i14,e08,c5,p05,l3,13.00
i14,e08,c5,p06,l2,0.00
i14,e08,c5,p06,l3,7.55
i14,e08,c5,p07,l2,0.00
i14,e08,c5,p07,l3,75.08
i14,e08,c5,p08,l2,0.00
i14,e08,c5,p08,l3,42.64
i14,e08,c5,p09,l2,0.00
i14,e08,c5,p09,l3,51.75
i14,e08,c5,p10,l2,0.00
i14,e08,c5,p10,l3,232.37
i14,e08,c5,p11,l2,0.00
i14,e08,c5,p11,l3,51.36
i14,e08,c5,p12,l2,0.00
i14,e08,c5,p12,l3,40.16
i14,e08,c5,p13,l2,0.00
i14,e08,c5,p13,l3,90.51
i14,e08,c5,p14,l2,0.00
i14,e08,c5,p14,l3,41.63
i14,e08,c5,p15,l2,0.00
i14,e08,c5,p15,l3,201.78
i14,e08,c5,p16,l2,0.00
i14,e08,c5,p16,l3,179.32
i14,e08,c5,p17,l2,0.00
i14,e08,c5,p17,l3,43.23
i14,e08,c5,p18,l2,0.00
i14,e08,c5,p18,l3,67.49
i14,e08,c5,p19,l2,0.00
i14,e08,c5,p19,l3,470.28
i14,e08,c5,p20,l2,0.00
i14,e08,c5,p20,l3,6.40
i14,e08,c5,p21,l2,0.00
i14,e08,c5,p21,l3,210.26
i14,e08,c5,p22,l2,0.00
i14,e08,c5,p22,l3,140.68
i14,e08,c5,p23,l2,0.00
i14,e08,c5,p23,l3,107.24
i14,e08,c5,p24,l2,0.00
i14,e08,c5,p24,l3,54.60
i14,e08,c5,p25,l2,0.00
i14,e08,c5,p25,l3,35.11
i14,e08,c5,p26,l2,0.00
i14,e08,c5,p26,l3,15.40
i14,e08,c5,p27,l2,0.00
i14,e08,c5,p27,l3,2.19
i14,e08,c5,p28,l2,0.00
i14,e08,c5,p28,l3,65.02
i14,e08,c5,p29,l2,0.00
i14,e08,c5,p29,l3,57.13
i14,e08,c5,p30,l2,0.00
i14,e08,c5,p30,l3,0.00
i14,e08,c5,p31,l2,0.00
i14,e08,c5,p31,l3,0.00
i14,e08,c5,p32,l2,0.00
i14,e08,c5,p32,l3,23.04
i14,e08,c5,p33,l2,0.00
i14,e08,c5,p33,l3,99.30
i14,e08,c5,p34,l3,0.00
i14,e08,c5,p35,l2,0.00
i14,e08,c5,p35,l3,276.02
i14,e08,c8,p01,l2,0.00
i14,e08,c8,p01,l3,0.00
i14,e08,c8,p02,l3,0.00
i14,e08,c8,p03,l2,0.00
i14,e08,c8,p03,l3,8.84
i14,e08,c8,p04,l3,0.00
i14,e08,c8,p05,l2,0.00
i14,e08,c8,p05,l3,0.00
i14,e08,c8,p06,l3,0.00
i14,e08,c8,p07,l2,0.00
i14,e08,c8,p07,l3,0.00
i14,e08,c8,p08,l2,0.00
i14,e08,c8,p08,l3,0.00
i14,e08,c8,p09,l3,0.00
i14,e08,c8,p10,l2,0.00
i14,e08,c8,p10,l3,0.00
i14,e08,c8,p11,l2,0.00
i14,e08,c8,p11,l3,0.00
i14,e08,c8,p12,l2,0.00
i14,e08,c8,p12,l3,0.00
i14,e08,c8,p13,l2,0.00
i14,e08,c8,p13,l3,0.00
i14,e08,c8,p14,l2,0.00
i14,e08,c8,p14,l3,0.00
i14,e08,c8,p15,l2,0.00
i14,e08,c8,p15,l3,0.00
i14,e08,c8,p16,l2,0.00
i14,e08,c8,p16,l3,0.00
i14,e08,c8,p17,l2,0.00
i14,e08,c8,p17,l3,0.00
i14,e08,c8,p18,l2,0.00
i14,e08,c8,p18,l3,0.00
i14,e08,c8,p19,l2,0.00
i14,e08,c8,p19,l3,0.00
i14,e08,c8,p20,l3,0.00
i14,e08,c8,p21,l2,0.00
i14,e08,c8,p21,l3,0.00
i14,e08,c8,p22,l3,0.00
i14,e08,c8,p23,l2,0.00
i14,e08,c8,p23,l3,0.00
i14,e08,c8,p24,l2,0.00
i14,e08,c8,p24,l3,0.00
i14,e08,c8,p25,l3,0.00
i14,e08,c8,p26,l3,0.00
i14,e08,c8,p28,l3,0.00
i14,e08,c8,p29,l2,0.00
i14,e08,c8,p29,l3,0.00
i14,e08,c8,p30,l3,0.00
i14,e08,c8,p31,l3,0.00
i14,e08,c8,p32,l3,0.00
i14,e08,c8,p33,l3,0.00
i14,e08,c8,p35,l2,0.00
i14,e08,c8,p35,l3,0.00
i14,e09,c3,p01,l2,0.00
i14,e09,c3,p01,l3,0.00
i14,e09,c3,p02,l2,0.00
i14,e09,c3,p02,l3,0.00
i14,e09,c3,p03,l2,0.00
i14,e09,c3,p03,l3,0.00
i14,e09,c3,p04,l2,0.00
i14,e09,c3,p04,l3,0.00
i14,e09,c3,p05,l2,0.00
i14,e09,c3,p05,l3,0.00
i14,e09,c3,p06,l2,0.00
i14,e09,c3,p06,l3,0.00
i14,e09,c3,p07,l2,0.00
i14,e09,c3,p07,l3,0.00
i14,e09,c3,p08,l2,0.00
i14,e09,c3,p08,l3,0.00
i14,e09,c3,p09,l2,0.00
i14,e09,c3,p09,l3,0.00
i14,e09,c3,p10,l2,0.00
i14,e09,c3,p10,l3,0.00
i14,e09,c3,p11,l2,0.00
i14,e09,c3,p11,l3,0.00
i14,e09,c3,p12,l2,0.00
i14,e09,c3,p12,l3,0.00
i14,e09,c3,p13,l2,0.00
i14,e09,c3,p13,l3,0.00
i14,e09,c3,p14,l2,0.00
i14,e09,c3,p14,l3,0.00
i14,e09,c3,p15,l2,0.00
i14,e09,c3,p15,l3,0.00
i14,e09,c3,p16,l2,0.00
i14,e09,c3,p16,l3,0.00
i14,e09,c3,p17,l2,0.00
i14,e09,c3,p17,l3,0.00
i14,e09,c3,p18,l2,0.00
i14,e09,c3,p18,l3,0.00
i14,e09,c3,p19,l2,0.00
i14,e09,c3,p19,l3,0.00
i14,e09,c3,p20,l2,0.00
i14,e09,c3,p20,l3,0.00
i14,e09,c3,p21,l2,0.00
i14,e09,c3,p21,l3,0.00
i14,e09,c3,p22,l2,0.00
i14,e09,c3,p22,l3,0.00
i14,e09,c3,p23,l2,0.00
i14,e09,c3,p23,l3,0.00
i14,e09,c3,p24,l2,0.00
i14,e09,c3,p24,l3,0.00
i14,e09,c3,p25,l2,0.00
i14,e09,c3,p25,l3,0.00
i14,e09,c3,p26,l2,0.00
i14,e09,c3,p26,l3,0.00
i14,e09,c3,p28,l2,0.00
i14,e09,c3,p28,l3,0.00
i14,e09,c3,p29,l2,0.00
i14,e09,c3,p29,l3,0.00
i14,e09,c3,p30,l2,0.00
i14,e09,c3,p30,l3,0.00
i14,e09,c3,p31,l2,0.00
i14,e09,c3,p31,l3,0.00
i14,e09,c3,p32,l2,0.00
i14,e09,c3,p32,l3,0.00
i14,e09,c3,p33,l2,0.00
i14,e09,c3,p33,l3,0.00
i14,e09,c3,p34,l3,0.00
i14,e09,c3,p35,l2,0.00
i14,e09,c3,p35,l3,0.00
i14,e09,c5,p01,l2,0.00
i14,e09,c5,p01,l3,3.11
i14,e09,c5,p02,l2,0.00
i14,e09,c5,p02,l3,0.00
i14,e09,c5,p03,l2,0.00
i14,e09,c5,p03,l3,6.52
i14,e09,c5,p04,l2,0.00
i14,e09,c5,p04,l3,4.12
i14,e09,c5,p05,l2,0.00
i14,e09,c5,p05,l3,3.12
i14,e09,c5,p06,l2,0.00
i14,e09,c5,p06,l3,0.00
i14,e09,c5,p07,l2,0.00
i14,e09,c5,p07,l3,1.37
i14,e09,c5,p08,l2,0.00
i14,e09,c5,p08,l3,0.00
i14,e09,c5,p09,l2,0.00
i14,e09,c5,p09,l3,0.00
i14,e09,c5,p10,l2,0.00
i14,e09,c5,p10,l3,0.00
i14,e09,c5,p11,l2,0.00
i14,e09,c5,p11,l3,0.00
i14,e09,c5,p12,l2,0.00
i14,e09,c5,p12,l3,0.00
i14,e09,c5,p13,l2,0.00
i14,e09,c5,p13,l3,0.00
i14,e09,c5,p14,l2,0.00
i14,e09,c5,p14,l3,0.00
i14,e09,c5,p15,l2,0.00
i14,e09,c5,p15,l3,3.03
i14,e09,c5,p16,l2,0.00
i14,e09,c5,p16,l3,0.00
i14,e09,c5,p17,l2,0.00
i14,e09,c5,p17,l3,1.31
i14,e09,c5,p18,l2,0.00
i14,e09,c5,p18,l3,0.00
i14,e09,c5,p19,l2,0.00
i14,e09,c5,p19,l3,14.02
i14,e09,c5,p20,l2,0.00
i14,e09,c5,p20,l3,0.00
i14,e09,c5,p21,l2,0.00
i14,e09,c5,p21,l3,1.69
i14,e09,c5,p22,l2,0.00
i14,e09,c5,p22,l3,1.23
i14,e09,c5,p23,l2,0.00
i14,e09,c5,p23,l3,0.00
i14,e09,c5,p24,l2,0.00
i14,e09,c5,p24,l3,0.00
i14,e09,c5,p25,l2,0.00
i14,e09,c5,p25,l3,0.00
i14,e09,c5,p26,l2,0.00
i14,e09,c5,p26,l3,1.25
i14,e09,c5,p27,l3,0.00
i14,e09,c5,p28,l2,0.00
i14,e09,c5,p28,l3,0.00
i14,e09,c5,p29,l2,0.00
i14,e09,c5,p29,l3,0.00
i14,e09,c5,p30,l2,0.00
i14,e09,c5,p30,l3,0.00
i14,e09,c5,p31,l2,0.00
i14,e09,c5,p31,l3,0.00
i14,e09,c5,p32,l2,0.00
i14,e09,c5,p32,l3,0.00
i14,e09,c5,p33,l2,0.00
i14,e09,c5,p33,l3,0.00
i14,e09,c5,p34,l3,0.00
i14,e09,c5,p35,l2,0.00
i14,e09,c5,p35,l3,3.09
i14,e09,c8,p03,l3,0.00
i14,e09,c8,p05,l3,0.00
i14,e09,c8,p08,l3,0.00
i14,e09,c8,p09,l3,0.00
i14,e09,c8,p10,l3,0.00
i14,e09,c8,p19,l2,0.00
i14,e09,c8,p19,l3,0.00
i14,e09,c8,p35,l3,0.00
i14,e11,c3,p01,l2,0.00
i14,e11,c3,p01,l3,0.00
i14,e11,c3,p02,l2,0.00
i14,e11,c3,p02,l3,0.00
i14,e11,c3,p03,l2,0.00
i14,e11,c3,p03,l3,0.00
i14,e11,c3,p04,l2,0.00
i14,e11,c3,p04,l3,0.00
i14,e11,c3,p05,l2,0.00
i14,e11,c3,p05,l3,0.00
i14,e11,c3,p06,l2,0.00
i14,e11,c3,p06,l3,0.00
i14,e11,c3,p07,l2,0.00
i14,e11,c3,p07,l3,0.00
i14,e11,c3,p08,l2,0.00
i14,e11,c3,p08,l3,0.00
i14,e11,c3,p09,l2,0.00
i14,e11,c3,p09,l3,0.00
i14,e11,c3,p10,l2,0.00
i14,e11,c3,p10,l3,0.00
i14,e11,c3,p11,l2,0.00
i14,e11,c3,p11,l3,0.00
i14,e11,c3,p12,l2,0.00
i14,e11,c3,p12,l3,0.00
i14,e11,c3,p13,l2,0.00
i14,e11,c3,p13,l3,0.00
i14,e11,c3,p14,l2,0.00
i14,e11,c3,p14,l3,0.00
i14,e11,c3,p15,l2,0.00
i14,e11,c3,p15,l3,0.00
i14,e11,c3,p16,l2,0.00
i14,e11,c3,p16,l3,0.00
i14,e11,c3,p17,l2,0.00
i14,e11,c3,p17,l3,0.00
i14,e11,c3,p18,l2,0.00
i14,e11,c3,p18,l3,0.00
i14,e11,c3,p19,l2,0.00
i14,e11,c3,p19,l3,1.14
i14,e11,c3,p20,l2,0.00
i14,e11,c3,p20,l3,0.00
i14,e11,c3,p21,l2,0.00
i14,e11,c3,p21,l3,0.00
i14,e11,c3,p22,l2,0.00
i14,e11,c3,p22,l3,0.00
i14,e11,c3,p23,l2,0.00
i14,e11,c3,p23,l3,0.00
i14,e11,c3,p24,l2,0.00
i14,e11,c3,p24,l3,0.00
i14,e11,c3,p25,l2,0.00
i14,e11,c3,p25,l3,0.00
i14,e11,c3,p26,l2,0.00
i14,e11,c3,p26,l3,0.00
i14,e11,c3,p28,l2,0.00
i14,e11,c3,p28,l3,0.00
i14,e11,c3,p29,l2,0.00
i14,e11,c3,p29,l3,0.00
i14,e11,c3,p30,l2,0.00
i14,e11,c3,p30,l3,0.00
i14,e11,c3,p31,l2,0.00
i14,e11,c3,p31,l3,0.00
i14,e11,c3,p32,l2,0.00
i14,e11,c3,p32,l3,0.00
i14,e11,c3,p33,l2,0.00
i14,e11,c3,p33,l3,0.00
i14,e11,c3,p34,l3,0.00
i14,e11,c3,p35,l2,0.00
i14,e11,c3,p35,l3,0.00
i14,e11,c5,p01,l2,0.00
i14,e11,c5,p01,l3,2.32
i14,e11,c5,p02,l2,0.00
i14,e11,c5,p02,l3,4.19
i14,e11,c5,p03,l2,0.00
i14,e11,c5,p03,l3,4.29
i14,e11,c5,p04,l2,0.00
i14,e11,c5,p04,l3,1.85
i14,e11,c5,p05,l2,0.00
i14,e11,c5,p05,l3,0.00
i14,e11,c5,p06,l2,0.00
i14,e11,c5,p06,l3,0.00
i14,e11,c5,p07,l2,0.00
i14,e11,c5,p07,l3,2.59
i14,e11,c5,p08,l2,0.00
i14,e11,c5,p08,l3,3.12
i14,e11,c5,p09,l2,0.00
i14,e11,c5,p09,l3,0.00
i14,e11,c5,p10,l2,0.00
i14,e11,c5,p10,l3,1.28
i14,e11,c5,p11,l2,0.00
i14,e11,c5,p11,l3,0.00
i14,e11,c5,p12,l2,0.00
i14,e11,c5,p12,l3,0.00
i14,e11,c5,p13,l2,0.00
i14,e11,c5,p13,l3,0.00
i14,e11,c5,p14,l2,0.00
i14,e11,c5,p14,l3,0.00
i14,e11,c5,p15,l2,0.00
i14,e11,c5,p15,l3,1.17
i14,e11,c5,p16,l2,0.00
i14,e11,c5,p16,l3,4.24
i14,e11,c5,p17,l2,0.00
i14,e11,c5,p17,l3,0.00
i14,e11,c5,p18,l2,0.00
i14,e11,c5,p18,l3,2.19
i14,e11,c5,p19,l2,0.00
i14,e11,c5,p19,l3,3.05
i14,e11,c5,p20,l2,0.00
i14,e11,c5,p20,l3,0.00
i14,e11,c5,p21,l2,0.00
i14,e11,c5,p21,l3,0.00
i14,e11,c5,p22,l2,0.00
i14,e11,c5,p22,l3,0.00
i14,e11,c5,p23,l2,0.00
i14,e11,c5,p23,l3,0.00
i14,e11,c5,p24,l2,0.00
i14,e11,c5,p24,l3,0.00
i14,e11,c5,p25,l2,0.00
i14,e11,c5,p25,l3,0.00
i14,e11,c5,p26,l2,0.00
i14,e11,c5,p26,l3,0.00
i14,e11,c5,p27,l3,0.00
i14,e11,c5,p28,l2,0.00
i14,e11,c5,p28,l3,0.00
i14,e11,c5,p29,l2,0.00
i14,e11,c5,p29,l3,0.00
i14,e11,c5,p30,l2,0.00
i14,e11,c5,p30,l3,0.00
i14,e11,c5,p31,l2,0.00
i14,e11,c5,p31,l3,0.00
i14,e11,c5,p32,l2,0.00
i14,e11,c5,p32,l3,0.00
i14,e11,c5,p33,l2,0.00
i14,e11,c5,p33,l3,0.00
i14,e11,c5,p34,l3,0.00
i14,e11,c5,p35,l2,0.00
i14,e11,c5,p35,l3,2.21
i14,e11,c8,p01,l3,0.00
i14,e11,c8,p02,l3,0.00
i14,e11,c8,p03,l2,0.00
i14,e11,c8,p03,l3,0.00
i14,e11,c8,p04,l3,0.00
i14,e11,c8,p05,l3,0.00
i14,e11,c8,p06,l3,0.00
i14,e11,c8,p07,l3,0.00
i14,e11,c8,p08,l3,0.00
i14,e11,c8,p09,l3,0.00
i14,e11,c8,p10,l3,0.00
i14,e11,c8,p11,l2,0.00
i14,e11,c8,p11,l3,0.00
i14,e11,c8,p12,l3,0.00
i14,e11,c8,p13,l3,0.00
i14,e11,c8,p14,l3,0.00
i14,e11,c8,p15,l3,0.00
i14,e11,c8,p16,l3,0.00
i14,e11,c8,p17,l2,0.00
i14,e11,c8,p17,l3,0.00
i14,e11,c8,p18,l3,0.00
i14,e11,c8,p19,l3,0.00
i14,e11,c8,p20,l3,0.00
i14,e11,c8,p21,l2,0.00
i14,e11,c8,p21,l3,0.00
i14,e11,c8,p22,l3,0.00
i14,e11,c8,p23,l3,0.00
i14,e11,c8,p24,l3,0.00
i14,e11,c8,p25,l3,0.00
i14,e11,c8,p28,l3,0.00
i14,e11,c8,p29,l3,0.00
i14,e11,c8,p31,l3,0.00
i14,e11,c8,p32,l3,0.00
i14,e11,c8,p35,l2,0.00
i14,e11,c8,p35,l3,0.00
i14,e12,c3,p01,l3,0.00
i14,e12,c3,p02,l3,0.00
i14,e12,c3,p03,l3,0.00
i14,e12,c3,p04,l3,0.00
i14,e12,c3,p05,l3,0.00
i14,e12,c3,p06,l3,0.00
i14,e12,c3,p07,l3,0.00
i14,e12,c3,p08,l3,0.00
i14,e12,c3,p09,l3,0.00
i14,e12,c3,p10,l3,0.00
i14,e12,c3,p11,l3,0.00
i14,e12,c3,p12,l3,0.00
i14,e12,c3,p13,l3,3.64
i14,e12,c3,p14,l3,0.00
i14,e12,c3,p15,l3,0.00
i14,e12,c3,p16,l3,0.00
i14,e12,c3,p17,l3,0.00
i14,e12,c3,p18,l3,0.00
i14,e12,c3,p19,l3,0.00
i14,e12,c3,p20,l3,0.00
i14,e12,c3,p21,l3,0.00
i14,e12,c3,p22,l3,0.00
i14,e12,c3,p23,l3,0.00
i14,e12,c3,p24,l3,0.00
i14,e12,c3,p25,l3,0.00
i14,e12,c3,p26,l3,0.00
i14,e12,c3,p28,l3,0.00
i14,e12,c3,p29,l3,0.00
i14,e12,c3,p30,l3,0.00
i14,e12,c3,p31,l3,0.00
i14,e12,c3,p32,l3,0.00
i14,e12,c3,p33,l3,0.00
i14,e12,c3,p35,l3,0.00
i14,e12,c5,p01,l3,0.00
i14,e12,c5,p02,l3,0.00
i14,e12,c5,p03,l3,4.22
i14,e12,c5,p04,l3,1.86
i14,e12,c5,p05,l3,12.66
i14,e12,c5,p06,l3,0.00
i14,e12,c5,p07,l3,2.41
i14,e12,c5,p08,l3,0.00
i14,e12,c5,p09,l3,0.00
i14,e12,c5,p10,l3,3.88
i14,e12,c5,p11,l3,0.00
i14,e12,c5,p12,l3,1.33
i14,e12,c5,p13,l3,1.89
i14,e12,c5,p14,l3,0.00
i14,e12,c5,p15,l3,0.00
i14,e12,c5,p16,l3,7.37
i14,e12,c5,p17,l3,0.00
i14,e12,c5,p18,l3,0.00
i14,e12,c5,p19,l3,10.20
i14,e12,c5,p20,l3,1.24
i14,e12,c5,p21,l3,0.00
i14,e12,c5,p22,l3,0.00
i14,e12,c5,p23,l3,0.00
i14,e12,c5,p24,l3,2.73
i14,e12,c5,p25,l3,0.00
i14,e12,c5,p26,l3,0.00
i14,e12,c5,p27,l3,0.00
i14,e12,c5,p28,l3,0.00
i14,e12,c5,p29,l3,0.00
i14,e12,c5,p30,l3,0.00
i14,e12,c5,p31,l3,0.00
i14,e12,c5,p32,l3,302.82
i14,e12,c5,p33,l3,0.00
i14,e12,c5,p35,l3,3.00
i14,e12,c8,p02,l3,0.00
i14,e12,c8,p04,l3,0.00
i14,e12,c8,p07,l3,0.00
i14,e12,c8,p08,l3,0.00
i14,e12,c8,p10,l3,0.00
i14,e12,c8,p13,l3,0.00
i14,e12,c8,p15,l3,0.00
i14,e12,c8,p17,l3,0.00
i14,e12,c8,p19,l3,0.00
i14,e12,c8,p20,l3,0.00
i14,e12,c8,p21,l3,0.00
i14,e12,c8,p28,l3,0.00
i14,e12,c8,p29,l3,0.00
i14,e12,c8,p35,l3,0.00
i14,e13,c3,p01,l3,0.00
i14,e13,c3,p02,l3,0.00
i14,e13,c3,p03,l3,0.00
i14,e13,c3,p04,l3,0.00
i14,e13,c3,p05,l3,0.00
i14,e13,c3,p06,l3,0.00
i14,e13,c3,p07,l3,0.00
i14,e13,c3,p08,l3,0.00
i14,e13,c3,p09,l3,0.00
i14,e13,c3,p10,l3,0.00
i14,e13,c3,p11,l3,0.00
i14,e13,c3,p12,l3,0.00
i14,e13,c3,p13,l3,0.00
i14,e13,c3,p14,l3,0.00
i14,e13,c3,p15,l3,0.00
i14,e13,c3,p16,l3,0.00
i14,e13,c3,p17,l3,0.00
i14,e13,c3,p18,l3,0.00
i14,e13,c3,p19,l3,0.00
i14,e13,c3,p20,l3,0.00
i14,e13,c3,p21,l3,0.00
i14,e13,c3,p22,l3,0.00
i14,e13,c3,p23,l3,0.00
i14,e13,c3,p24,l3,0.00
i14,e13,c3,p25,l3,0.00
i14,e13,c3,p26,l3,0.00
i14,e13,c3,p27,l3,0.00
i14,e13,c3,p28,l3,0.00
i14,e13,c3,p29,l3,0.00
i14,e13,c3,p30,l3,0.00
i14,e13,c3,p31,l3,0.00
i14,e13,c3,p32,l3,0.00
i14,e13,c3,p33,l3,0.00
i14,e13,c3,p34,l3,0.00
i14,e13,c3,p35,l3,0.00
i14,e13,c5,p01,l3,6.15
i14,e13,c5,p02,l3,3.15
i14,e13,c5,p03,l3,6.52
i14,e13,c5,p04,l3,3.03
i14,e13,c5,p05,l3,3.46
i14,e13,c5,p06,l3,2.37
i14,e13,c5,p07,l3,1.13
i14,e13,c5,p08,l3,0.00
i14,e13,c5,p09,l3,3.48
i14,e13,c5,p10,l3,12.50
i14,e13,c5,p11,l3,3.37
i14,e13,c5,p12,l3,5.94
i14,e13,c5,p13,l3,2.50
i14,e13,c5,p14,l3,4.25
i14,e13,c5,p15,l3,7.77
i14,e13,c5,p16,l3,4.56
i14,e13,c5,p17,l3,5.20
i14,e13,c5,p18,l3,2.57
i14,e13,c5,p19,l3,12.07
i14,e13,c5,p20,l3,2.31
i14,e13,c5,p21,l3,2.45
i14,e13,c5,p22,l3,1.03
i14,e13,c5,p23,l3,2.53
i14,e13,c5,p24,l3,3.22
i14,e13,c5,p25,l3,1.70
i14,e13,c5,p26,l3,0.00
i14,e13,c5,p27,l3,0.00
i14,e13,c5,p28,l3,1.37
i14,e13,c5,p29,l3,3.56
i14,e13,c5,p30,l3,0.00
i14,e13,c5,p31,l3,0.00
i14,e13,c5,p32,l3,0.00
i14,e13,c5,p33,l3,0.00
i14,e13,c5,p34,l3,0.00
i14,e13,c5,p35,l3,17.04
i14,e13,c8,p02,l3,0.00
i14,e13,c8,p04,l3,0.00
i14,e13,c8,p05,l3,0.00
i14,e13,c8,p07,l3,0.00
i14,e13,c8,p10,l3,0.00
i14,e13,c8,p12,l3,0.00
i14,e13,c8,p13,l3,0.00
i14,e13,c8,p15,l3,0.00
i14,e13,c8,p16,l3,0.00
i14,e13,c8,p19,l3,0.00
i14,e13,c8,p20,l3,0.00
i14,e13,c8,p21,l3,0.00
i14,e13,c8,p35,l3,0.00
i140,e01,c5,p35,l3,0.00
i140,e04,c5,p19,l3,0.00
i140,e04,c5,p35,l3,0.00
i140,e09,c5,p35,l3,0.00
i141,e01,c5,p01,l3,0.00
i141,e01,c5,p03,l3,0.00
i141,e01,c5,p10,l3,0.00
i141,e01,c5,p35,l3,0.00
i141,e04,c5,p01,l3,0.00
i141,e04,c5,p03,l3,0.00
i141,e04,c5,p10,l3,0.00
i141,e04,c5,p35,l3,0.00
i141,e05,c5,p10,l3,0.00
i141,e05,c5,p12,l3,0.00
i141,e05,c5,p35,l3,0.00
i141,e08,c5,p01,l3,0.00
i141,e08,c5,p03,l3,0.00
i141,e08,c5,p04,l3,0.00
i141,e08,c5,p10,l3,0.00
i141,e08,c5,p35,l3,0.00
i141,e09,c5,p01,l3,0.00
i141,e09,c5,p03,l3,0.00
i141,e09,c5,p10,l3,0.00
i141,e09,c5,p12,l3,0.00
i141,e09,c5,p35,l3,0.00
i141,e11,c5,p10,l3,0.00
i141,e11,c5,p35,l3,0.00
i141,e13,c5,p01,l3,0.00
i141,e13,c5,p03,l3,0.00
i141,e13,c5,p04,l3,0.00
i141,e13,c5,p07,l3,0.00
i141,e13,c5,p10,l3,0.00
i141,e13,c5,p12,l3,0.00
i141,e13,c5,p35,l3,0.00
i142,e01,c2,p35,l3,0.00
i142,e04,c2,p35,l3,0.00
i142,e09,c2,p35,l2,0.00
i142,e09,c2,p35,l3,0.00
i143,e08,c1,p10,l3,0.00
i144,e01,c5,p10,l3,0.00
i144,e01,c5,p35,l3,0.00
i144,e04,c5,p10,l3,0.00
i144,e04,c5,p35,l3,0.00
i144,e05,c5,p10,l3,0.00
i144,e05,c5,p35,l3,0.00
i144,e08,c5,p10,l3,0.00
i144,e08,c5,p35,l3,0.00
i144,e09,c5,p10,l3,0.00
i144,e09,c5,p35,l3,0.00
i144,e11,c3,p10,l3,0.00
i144,e11,c5,p01,l3,0.00
i144,e11,c5,p10,l3,0.00
i144,e11,c5,p35,l3,0.00
i145,e01,c5,p35,l3,0.00
i145,e03,c5,p35,l3,0.00
i145,e04,c5,p35,l3,0.00
i145,e05,c3,p35,l3,0.00
i145,e05,c5,p10,l3,0.00
i145,e05,c5,p35,l1,0.00
i145,e05,c5,p35,l3,0.00
i145,e08,c5,p35,l3,0.00
i145,e11,c5,p35,l3,0.00
i145,e12,c5,p35,l3,0.00
i147,e02,c5,p10,l3,0.00
i147,e05,c5,p10,l3,0.00
i147,e05,c5,p19,l3,0.00
i147,e05,c5,p35,l3,0.00
i148,e05,c5,p10,l3,0.00
i15,e01,c2,p35,l3,54.36
i15,e01,c6,p35,l3,2.39
i15,e01,c8,p35,l3,0.00
i15,e04,c2,p35,l1,0.00
i15,e04,c2,p35,l3,41.31
i15,e04,c6,p35,l1,0.00
i15,e04,c6,p35,l3,4.39
i15,e04,c8,p35,l3,0.00
i15,e09,c2,p35,l2,0.00
i15,e09,c2,p35,l3,34.45
i15,e09,c6,p35,l2,0.00
i15,e09,c6,p35,l3,1.29
i15,e09,c8,p35,l3,0.00
i16,e01,c3,p01,l3,0.00
i16,e01,c3,p02,l3,0.00
i16,e01,c3,p03,l3,0.00
i16,e01,c3,p04,l3,0.00
i16,e01,c3,p05,l3,0.00
i16,e01,c3,p07,l3,0.00
i16,e01,c3,p09,l3,0.00
i16,e01,c3,p10,l3,0.00
i16,e01,c3,p11,l3,0.00
i16,e01,c3,p12,l3,0.00
i16,e01,c3,p13,l3,0.00
i16,e01,c3,p15,l3,0.00
i16,e01,c3,p16,l3,0.00
i16,e01,c3,p17,l3,0.00
i16,e01,c3,p20,l3,0.00
i16,e01,c3,p21,l3,0.00
i16,e01,c3,p22,l3,0.00
i16,e01,c3,p24,l3,0.00
i16,e01,c3,p25,l3,0.00
i16,e01,c3,p35,l3,0.00
i16,e01,c5,p01,l3,1.79
i16,e01,c5,p02,l3,1.36
i16,e01,c5,p03,l3,0.00
i16,e01,c5,p04,l3,0.00
i16,e01,c5,p05,l3,0.00
i16,e01,c5,p06,l3,1.67
i16,e01,c5,p07,l3,2.65
i16,e01,c5,p08,l3,0.00
i16,e01,c5,p09,l3,0.00
i16,e01,c5,p10,l3,1.38
i16,e01,c5,p11,l3,0.00
i16,e01,c5,p12,l3,0.00
i16,e01,c5,p13,l3,1.24
i16,e01,c5,p14,l3,0.00
i16,e01,c5,p15,l3,1.49
i16,e01,c5,p16,l3,1.87
i16,e01,c5,p17,l3,0.00
i16,e01,c5,p18,l3,0.00
i16,e01,c5,p19,l3,6.62
i16,e01,c5,p20,l3,0.00
i16,e01,c5,p21,l3,0.00
i16,e01,c5,p22,l3,0.00
i16,e01,c5,p23,l3,0.00
i16,e01,c5,p24,l3,0.00
i16,e01,c5,p25,l3,0.00
i16,e01,c5,p26,l3,0.00
i16,e01,c5,p28,l3,0.00
i16,e01,c5,p29,l3,0.00
i16,e01,c5,p30,l3,0.00
i16,e01,c5,p31,l3,0.00
i16,e01,c5,p32,l3,0.00
i16,e01,c5,p35,l3,0.00
i16,e04,c3,p01,l3,0.00
i16,e04,c3,p02,l1,0.00
i16,e04,c3,p02,l3,0.00
i16,e04,c3,p03,l3,0.00
i16,e04,c3,p04,l1,0.00
i16,e04,c3,p04,l3,0.00
i16,e04,c3,p05,l1,0.00
i16,e04,c3,p05,l3,0.00
i16,e04,c3,p06,l3,0.00
i16,e04,c3,p07,l3,0.00
i16,e04,c3,p09,l1,0.00
i16,e04,c3,p09,l3,0.00
i16,e04,c3,p10,l1,0.00
i16,e04,c3,p10,l3,0.00
i16,e04,c3,p11,l3,0.00
i16,e04,c3,p12,l1,0.00
i16,e04,c3,p12,l3,0.00
i16,e04,c3,p13,l1,0.00
i16,e04,c3,p13,l3,0.00
i16,e04,c3,p15,l1,0.00
i16,e04,c3,p15,l3,0.00
i16,e04,c3,p16,l1,0.00
i16,e04,c3,p16,l3,0.00
i16,e04,c3,p17,l3,0.00
i16,e04,c3,p20,l1,0.00
i16,e04,c3,p21,l1,0.00
i16,e04,c3,p21,l3,0.00
i16,e04,c3,p22,l3,0.00
i16,e04,c3,p24,l3,0.00
i16,e04,c3,p25,l1,0.00
i16,e04,c3,p25,l3,0.00
i16,e04,c3,p35,l3,0.00
i16,e04,c5,p01,l1,0.00
i16,e04,c5,p01,l3,0.00
i16,e04,c5,p02,l1,0.00
i16,e04,c5,p02,l3,0.00
i16,e04,c5,p03,l1,0.00
i16,e04,c5,p03,l3,0.00
i16,e04,c5,p04,l1,0.00
i16,e04,c5,p04,l3,0.00
i16,e04,c5,p05,l1,0.00
i16,e04,c5,p05,l3,1.62
i16,e04,c5,p06,l1,0.00
i16,e04,c5,p06,l3,0.00
i16,e04,c5,p07,l1,0.00
i16,e04,c5,p07,l3,1.35
i16,e04,c5,p08,l1,0.00
i16,e04,c5,p08,l3,2.05
i16,e04,c5,p09,l1,0.00
i16,e04,c5,p09,l3,0.00
i16,e04,c5,p10,l1,0.00
i16,e04,c5,p10,l3,1.17
i16,e04,c5,p11,l1,0.00
i16,e04,c5,p11,l3,2.25
i16,e04,c5,p12,l1,0.00
i16,e04,c5,p12,l3,0.00
i16,e04,c5,p13,l1,0.00
i16,e04,c5,p13,l3,4.52
i16,e04,c5,p14,l1,0.00
i16,e04,c5,p14,l3,0.00
i16,e04,c5,p15,l1,0.00
i16,e04,c5,p15,l3,3.30
i16,e04,c5,p16,l1,0.00
i16,e04,c5,p16,l3,8.58
i16,e04,c5,p17,l1,0.00
i16,e04,c5,p17,l3,0.00
i16,e04,c5,p18,l1,0.00
i16,e04,c5,p18,l3,1.49
i16,e04,c5,p19,l1,0.00
i16,e04,c5,p19,l3,0.00
i16,e04,c5,p20,l1,0.00
i16,e04,c5,p20,l3,0.00
i16,e04,c5,p21,l1,0.00
i16,e04,c5,p21,l3,0.00
i16,e04,c5,p22,l1,0.00
i16,e04,c5,p22,l3,0.00
i16,e04,c5,p23,l1,0.00
i16,e04,c5,p23,l3,0.00
i16,e04,c5,p24,l1,0.00
i16,e04,c5,p24,l3,3.18
i16,e04,c5,p25,l1,0.00
i16,e04,c5,p25,l3,0.00
i16,e04,c5,p26,l1,0.00
i16,e04,c5,p26,l3,0.00
i16,e04,c5,p28,l1,0.00
i16,e04,c5,p28,l3,0.00
i16,e04,c5,p29,l1,0.00
i16,e04,c5,p29,l3,6.12
i16,e04,c5,p30,l1,0.00
i16,e04,c5,p30,l3,0.00
i16,e04,c5,p31,l1,0.00
i16,e04,c5,p31,l3,0.00
i16,e04,c5,p32,l1,0.00
i16,e04,c5,p32,l3,0.00
i16,e04,c5,p33,l3,0.00
i16,e04,c5,p35,l1,0.00
i16,e04,c5,p35,l3,0.00
i16,e05,c3,p02,l3,0.00
i16,e05,c3,p03,l3,0.00
i16,e05,c3,p04,l1,0.00
i16,e05,c3,p04,l3,0.00
i16,e05,c3,p05,l3,0.00
i16,e05,c3,p09,l1,0.00
i16,e05,c3,p09,l3,0.00
i16,e05,c3,p10,l3,0.00
i16,e05,c3,p11,l3,0.00
i16,e05,c3,p12,l3,0.00
i16,e05,c3,p13,l3,0.00
i16,e05,c3,p15,l3,0.00
i16,e05,c3,p16,l1,0.00
i16,e05,c3,p16,l3,0.00
i16,e05,c3,p20,l1,0.00
i16,e05,c3,p21,l3,0.00
i16,e05,c5,p01,l1,0.00
i16,e05,c5,p01,l3,0.00
i16,e05,c5,p02,l1,0.00
i16,e05,c5,p02,l3,0.00
i16,e05,c5,p03,l1,0.00
i16,e05,c5,p03,l3,0.00
i16,e05,c5,p04,l1,0.00
i16,e05,c5,p04,l3,0.00
i16,e05,c5,p05,l1,0.00
i16,e05,c5,p05,l3,0.00
i16,e05,c5,p06,l1,0.00
i16,e05,c5,p06,l3,0.00
i16,e05,c5,p07,l1,0.00
i16,e05,c5,p07,l3,0.00
i16,e05,c5,p08,l1,0.00
i16,e05,c5,p08,l3,0.00
i16,e05,c5,p09,l1,0.00
i16,e05,c5,p09,l3,0.00
i16,e05,c5,p10,l1,0.00
i16,e05,c5,p10,l3,0.00
i16,e05,c5,p11,l1,0.00
i16,e05,c5,p11,l3,0.00
i16,e05,c5,p12,l1,0.00
i16,e05,c5,p12,l3,0.00
i16,e05,c5,p13,l1,0.00
i16,e05,c5,p13,l3,0.00
i16,e05,c5,p14,l1,0.00
i16,e05,c5,p14,l3,0.00
i16,e05,c5,p15,l1,0.00
i16,e05,c5,p15,l3,0.00
i16,e05,c5,p16,l1,0.00
i16,e05,c5,p16,l3,0.00
i16,e05,c5,p17,l1,0.00
i16,e05,c5,p17,l3,0.00
i16,e05,c5,p18,l1,0.00
i16,e05,c5,p18,l3,0.00
i16,e05,c5,p19,l1,0.00
i16,e05,c5,p19,l3,0.00
i16,e05,c5,p20,l1,0.00
i16,e05,c5,p20,l3,0.00
i16,e05,c5,p21,l1,0.00
i16,e05,c5,p21,l3,0.00
i16,e05,c5,p22,l1,0.00
i16,e05,c5,p22,l3,0.00
i16,e05,c5,p23,l1,0.00
i16,e05,c5,p23,l3,0.00
i16,e05,c5,p24,l1,0.00
i16,e05,c5,p24,l3,0.00
i16,e05,c5,p25,l1,0.00
i16,e05,c5,p25,l3,0.00
i16,e05,c5,p26,l1,0.00
i16,e05,c5,p26,l3,0.00
i16,e05,c5,p28,l1,0.00
i16,e05,c5,p28,l3,0.00
i16,e05,c5,p29,l1,0.00
i16,e05,c5,p29,l3,0.00
i16,e05,c5,p30,l3,0.00
i16,e05,c5,p31,l1,0.00
i16,e05,c5,p31,l3,0.00
i16,e05,c5,p32,l1,0.00
i16,e05,c5,p32,l3,0.00
i16,e05,c5,p35,l3,0.00
i16,e08,c3,p01,l3,0.00
i16,e08,c3,p02,l3,0.00
i16,e08,c3,p03,l3,0.00
i16,e08,c3,p04,l2,0.00
i16,e08,c3,p04,l3,0.00
i16,e08,c3,p05,l2,0.00
i16,e08,c3,p05,l3,0.00
i16,e08,c3,p07,l3,0.00
i16,e08,c3,p09,l3,0.00
i16,e08,c3,p10,l2,0.00
i16,e08,c3,p10,l3,0.00
i16,e08,c3,p11,l2,0.00
i16,e08,c3,p11,l3,0.00
i16,e08,c3,p12,l2,0.00
i16,e08,c3,p12,l3,0.00
i16,e08,c3,p13,l2,0.00
i16,e08,c3,p13,l3,0.00
i16,e08,c3,p15,l2,0.00
i16,e08,c3,p15,l3,0.00
i16,e08,c3,p16,l2,0.00
i16,e08,c3,p16,l3,0.00
i16,e08,c3,p20,l2,0.00
i16,e08,c3,p21,l2,0.00
i16,e08,c3,p21,l3,0.00
i16,e08,c3,p22,l3,0.00
i16,e08,c3,p24,l3,0.00
i16,e08,c3,p25,l2,0.00
i16,e08,c3,p25,l3,0.00
i16,e08,c3,p35,l3,0.00
i16,e08,c5,p01,l2,0.00
i16,e08,c5,p01,l3,0.00
i16,e08,c5,p02,l2,0.00
i16,e08,c5,p02,l3,0.00
i16,e08,c5,p03,l2,0.00
i16,e08,c5,p03,l3,0.00
i16,e08,c5,p04,l2,0.00
i16,e08,c5,p04,l3,0.00
i16,e08,c5,p05,l2,0.00
i16,e08,c5,p05,l3,1.52
i16,e08,c5,p06,l2,0.00
i16,e08,c5,p06,l3,0.00
i16,e08,c5,p07,l2,0.00
i16,e08,c5,p07,l3,3.47
i16,e08,c5,p08,l2,0.00
i16,e08,c5,p08,l3,22.36
i16,e08,c5,p09,l2,0.00
i16,e08,c5,p09,l3,0.00
i16,e08,c5,p10,l2,0.00
i16,e08,c5,p10,l3,2.15
i16,e08,c5,p11,l2,0.00
i16,e08,c5,p11,l3,2.12
i16,e08,c5,p12,l2,0.00
i16,e08,c5,p12,l3,1.75
i16,e08,c5,p13,l2,0.00
i16,e08,c5,p13,l3,9.59
i16,e08,c5,p14,l2,0.00
i16,e08,c5,p14,l3,1.36
i16,e08,c5,p15,l2,0.00
i16,e08,c5,p15,l3,0.00
i16,e08,c5,p16,l2,0.00
i16,e08,c5,p16,l3,13.51
i16,e08,c5,p17,l2,0.00
i16,e08,c5,p17,l3,0.00
i16,e08,c5,p18,l2,0.00
i16,e08,c5,p18,l3,0.00
i16,e08,c5,p19,l2,0.00
i16,e08,c5,p19,l3,11.43
i16,e08,c5,p20,l2,0.00
i16,e08,c5,p20,l3,0.00
i16,e08,c5,p21,l2,0.00
i16,e08,c5,p21,l3,3.61
i16,e08,c5,p22,l2,0.00
i16,e08,c5,p22,l3,0.00
i16,e08,c5,p23,l2,0.00
i16,e08,c5,p23,l3,0.00
i16,e08,c5,p24,l2,0.00
i16,e08,c5,p24,l3,10.48
i16,e08,c5,p25,l2,0.00
i16,e08,c5,p25,l3,0.00
i16,e08,c5,p26,l2,0.00
i16,e08,c5,p26,l3,0.00
i16,e08,c5,p28,l2,0.00
i16,e08,c5,p28,l3,0.00
i16,e08,c5,p29,l2,0.00
i16,e08,c5,p29,l3,10.40
i16,e08,c5,p30,l2,0.00
i16,e08,c5,p30,l3,0.00
i16,e08,c5,p31,l2,0.00
i16,e08,c5,p31,l3,0.00
i16,e08,c5,p32,l2,0.00
i16,e08,c5,p32,l3,0.00
i16,e08,c5,p33,l3,0.00
i16,e08,c5,p35,l2,0.00
i16,e08,c5,p35,l3,0.00
i16,e09,c3,p01,l3,0.00
i16,e09,c3,p02,l3,0.00
i16,e09,c3,p03,l3,0.00
i16,e09,c3,p04,l2,0.00
i16,e09,c3,p04,l3,0.00
i16,e09,c3,p05,l2,0.00
i16,e09,c3,p05,l3,0.00
i16,e09,c3,p09,l3,0.00
i16,e09,c3,p10,l3,0.00
i16,e09,c3,p11,l2,0.00
i16,e09,c3,p11,l3,0.00
i16,e09,c3,p12,l2,0.00
i16,e09,c3,p12,l3,0.00
i16,e09,c3,p13,l2,0.00
i16,e09,c3,p13,l3,0.00
i16,e09,c3,p15,l2,0.00
i16,e09,c3,p15,l3,0.00
i16,e09,c3,p16,l2,0.00
i16,e09,c3,p16,l3,0.00
i16,e09,c3,p17,l3,0.00
i16,e09,c3,p21,l3,0.00
i16,e09,c3,p22,l3,0.00
i16,e09,c3,p24,l3,0.00
i16,e09,c3,p25,l3,0.00
i16,e09,c3,p35,l3,0.00
i16,e09,c5,p01,l2,0.00
i16,e09,c5,p01,l3,0.00
i16,e09,c5,p02,l2,0.00
i16,e09,c5,p02,l3,0.00
i16,e09,c5,p03,l2,0.00
i16,e09,c5,p03,l3,0.00
i16,e09,c5,p04,l2,0.00
i16,e09,c5,p04,l3,0.00
i16,e09,c5,p05,l2,0.00
i16,e09,c5,p05,l3,0.00
i16,e09,c5,p06,l2,0.00
i16,e09,c5,p06,l3,0.00
i16,e09,c5,p07,l2,0.00
i16,e09,c5,p07,l3,0.00
i16,e09,c5,p08,l2,0.00
i16,e09,c5,p08,l3,0.00
i16,e09,c5,p09,l2,0.00
i16,e09,c5,p09,l3,0.00
i16,e09,c5,p10,l2,0.00
i16,e09,c5,p10,l3,2.35
i16,e09,c5,p11,l2,0.00
i16,e09,c5,p11,l3,0.00
i16,e09,c5,p12,l2,0.00
i16,e09,c5,p12,l3,0.00
i16,e09,c5,p13,l2,0.00
i16,e09,c5,p13,l3,0.00
i16,e09,c5,p14,l2,0.00
i16,e09,c5,p14,l3,0.00
i16,e09,c5,p15,l2,0.00
i16,e09,c5,p15,l3,0.00
i16,e09,c5,p16,l2,0.00
i16,e09,c5,p16,l3,0.00
i16,e09,c5,p17,l2,0.00
i16,e09,c5,p17,l3,0.00
i16,e09,c5,p18,l2,0.00
i16,e09,c5,p18,l3,0.00
i16,e09,c5,p19,l2,0.00
i16,e09,c5,p19,l3,0.00
i16,e09,c5,p20,l2,0.00
i16,e09,c5,p20,l3,0.00
i16,e09,c5,p21,l2,0.00
i16,e09,c5,p21,l3,0.00
i16,e09,c5,p22,l2,0.00
i16,e09,c5,p22,l3,0.00
i16,e09,c5,p23,l2,0.00
i16,e09,c5,p23,l3,0.00
i16,e09,c5,p24,l2,0.00
i16,e09,c5,p24,l3,0.00
i16,e09,c5,p25,l2,0.00
i16,e09,c5,p25,l3,0.00
i16,e09,c5,p26,l2,0.00
i16,e09,c5,p26,l3,0.00
i16,e09,c5,p28,l2,0.00
i16,e09,c5,p28,l3,0.00
i16,e09,c5,p29,l2,0.00
i16,e09,c5,p29,l3,0.00
i16,e09,c5,p30,l2,0.00
i16,e09,c5,p30,l3,0.00
i16,e09,c5,p31,l2,0.00
i16,e09,c5,p31,l3,0.00
i16,e09,c5,p32,l2,0.00
i16,e09,c5,p32,l3,0.00
i16,e09,c5,p33,l3,0.00
i16,e09,c5,p35,l2,0.00
i16,e09,c5,p35,l3,0.00
i16,e11,c3,p01,l3,0.00
i16,e11,c3,p02,l3,0.00
i16,e11,c3,p04,l3,0.00
i16,e11,c3,p05,l3,0.00
i16,e11,c3,p09,l3,0.00
i16,e11,c3,p10,l3,0.00
i16,e11,c3,p11,l3,0.00
i16,e11,c3,p13,l3,0.00
i16,e11,c3,p15,l3,0.00
i16,e11,c3,p16,l2,0.00
i16,e11,c3,p16,l3,0.00
i16,e11,c3,p21,l3,0.00
i16,e11,c3,p25,l3,0.00
i16,e11,c5,p01,l2,0.00
i16,e11,c5,p01,l3,0.00
i16,e11,c5,p02,l2,0.00
i16,e11,c5,p02,l3,0.00
i16,e11,c5,p03,l2,0.00
i16,e11,c5,p03,l3,0.00
i16,e11,c5,p04,l2,0.00
i16,e11,c5,p04,l3,0.00
i16,e11,c5,p05,l2,0.00
i16,e11,c5,p05,l3,0.00
i16,e11,c5,p06,l2,0.00
i16,e11,c5,p06,l3,0.00
i16,e11,c5,p07,l2,0.00
i16,e11,c5,p07,l3,0.00
i16,e11,c5,p08,l2,0.00
i16,e11,c5,p08,l3,0.00
i16,e11,c5,p09,l2,0.00
i16,e11,c5,p09,l3,0.00
i16,e11,c5,p10,l2,0.00
i16,e11,c5,p10,l3,0.00
i16,e11,c5,p11,l2,0.00
i16,e11,c5,p11,l3,1.21
i16,e11,c5,p12,l2,0.00
i16,e11,c5,p12,l3,0.00
i16,e11,c5,p13,l2,0.00
i16,e11,c5,p13,l3,0.00
i16,e11,c5,p14,l2,0.00
i16,e11,c5,p14,l3,0.00
i16,e11,c5,p15,l2,0.00
i16,e11,c5,p15,l3,0.00
i16,e11,c5,p16,l2,0.00
i16,e11,c5,p16,l3,0.00
i16,e11,c5,p17,l2,0.00
i16,e11,c5,p17,l3,0.00
i16,e11,c5,p18,l2,0.00
i16,e11,c5,p18,l3,0.00
i16,e11,c5,p19,l2,0.00
i16,e11,c5,p19,l3,0.00
i16,e11,c5,p20,l2,0.00
i16,e11,c5,p20,l3,0.00
i16,e11,c5,p21,l2,0.00
i16,e11,c5,p21,l3,0.00
i16,e11,c5,p22,l2,0.00
i16,e11,c5,p22,l3,0.00
i16,e11,c5,p23,l2,0.00
i16,e11,c5,p23,l3,0.00
i16,e11,c5,p24,l2,0.00
i16,e11,c5,p24,l3,0.00
i16,e11,c5,p25,l2,0.00
i16,e11,c5,p25,l3,0.00
i16,e11,c5,p26,l2,0.00
i16,e11,c5,p26,l3,0.00
i16,e11,c5,p28,l2,0.00
i16,e11,c5,p28,l3,0.00
i16,e11,c5,p29,l2,0.00
i16,e11,c5,p29,l3,0.00
i16,e11,c5,p30,l2,0.00
i16,e11,c5,p30,l3,0.00
i16,e11,c5,p31,l3,0.00
i16,e11,c5,p32,l2,0.00
i16,e11,c5,p32,l3,0.00
i16,e11,c5,p33,l3,0.00
i16,e11,c5,p35,l2,0.00
i16,e11,c5,p35,l3,0.00
i17,e01,c3,p01,l3,0.00
i17,e01,c3,p02,l3,0.00
i17,e01,c3,p03,l3,0.00
i17,e01,c3,p04,l3,0.00
i17,e01,c3,p05,l3,0.00
i17,e01,c3,p06,l3,0.00
i17,e01,c3,p07,l3,0.00
i17,e01,c3,p08,l3,0.00
i17,e01,c3,p09,l3,0.00
i17,e01,c3,p10,l3,0.00
i17,e01,c3,p10,l4,0.00
i17,e01,c3,p11,l3,0.00
i17,e01,c3,p12,l3,0.00
i17,e01,c3,p13,l3,0.00
i17,e01,c3,p14,l3,0.00
i17,e01,c3,p15,l3,0.00
i17,e01,c3,p16,l3,0.00
i17,e01,c3,p17,l3,0.00
i17,e01,c3,p18,l3,0.00
i17,e01,c3,p19,l3,0.00
i17,e01,c3,p21,l3,0.00
i17,e01,c3,p22,l3,0.00
i17,e01,c3,p24,l3,0.00
i17,e01,c3,p25,l3,0.00
i17,e01,c3,p26,l3,0.00
i17,e01,c3,p28,l3,0.00
i17,e01,c3,p29,l3,0.00
i17,e01,c3,p30,l3,0.00
i17,e01,c3,p35,l3,0.00
i17,e01,c5,p01,l3,14.39
i17,e01,c5,p01,l4,0.00
i17,e01,c5,p02,l3,2.00
i17,e01,c5,p02,l4,0.00
i17,e01,c5,p03,l3,8.04
i17,e01,c5,p03,l4,0.00
i17,e01,c5,p04,l3,5.42
i17,e01,c5,p04,l4,0.00
i17,e01,c5,p05,l3,2.03
i17,e01,c5,p05,l4,0.00
i17,e01,c5,p06,l3,0.00
i17,e01,c5,p06,l4,0.00
i17,e01,c5,p07,l3,0.00
i17,e01,c5,p07,l4,0.00
i17,e01,c5,p08,l3,0.00
i17,e01,c5,p08,l4,0.00
i17,e01,c5,p09,l3,1.14
i17,e01,c5,p09,l4,0.00
i17,e01,c5,p10,l3,26.19
i17,e01,c5,p10,l4,0.00
i17,e01,c5,p11,l3,1.57
i17,e01,c5,p11,l4,0.00
i17,e01,c5,p12,l3,3.25
i17,e01,c5,p12,l4,0.00
i17,e01,c5,p13,l3,4.03
i17,e01,c5,p13,l4,0.00
i17,e01,c5,p14,l3,2.02
i17,e01,c5,p14,l4,0.00
i17,e01,c5,p15,l3,1.28
i17,e01,c5,p15,l4,0.00
i17,e01,c5,p16,l3,1.14
i17,e01,c5,p16,l4,0.00
i17,e01,c5,p17,l3,0.00
i17,e01,c5,p17,l4,0.00
i17,e01,c5,p18,l3,0.00
i17,e01,c5,p18,l4,0.00
i17,e01,c5,p19,l3,9.29
i17,e01,c5,p19,l4,0.00
i17,e01,c5,p20,l3,0.00
i17,e01,c5,p20,l4,0.00
i17,e01,c5,p21,l3,2.37
i17,e01,c5,p21,l4,0.00
i17,e01,c5,p22,l3,2.08
i17,e01,c5,p22,l4,0.00
i17,e01,c5,p23,l3,1.51
i17,e01,c5,p23,l4,0.00
i17,e01,c5,p24,l3,2.83
i17,e01,c5,p24,l4,0.00
i17,e01,c5,p25,l3,0.00
i17,e01,c5,p25,l4,0.00
i17,e01,c5,p26,l3,0.00
i17,e01,c5,p26,l4,0.00
i17,e01,c5,p28,l3,1.14
i17,e01,c5,p28,l4,0.00
i17,e01,c5,p29,l3,2.14
i17,e01,c5,p29,l4,0.00
i17,e01,c5,p30,l3,0.00
i17,e01,c5,p31,l3,0.00
i17,e01,c5,p31,l4,0.00
i17,e01,c5,p32,l3,0.00
i17,e01,c5,p32,l4,0.00
i17,e01,c5,p33,l3,0.00
i17,e01,c5,p33,l4,0.00
i17,e01,c5,p35,l3,3.32
i17,e01,c5,p35,l4,0.00
i17,e04,c3,p01,l1,0.00
i17,e04,c3,p01,l3,0.00
i17,e04,c3,p02,l1,0.00
i17,e04,c3,p02,l3,0.00
i17,e04,c3,p03,l1,0.00
i17,e04,c3,p03,l3,0.00
i17,e04,c3,p04,l1,0.00
i17,e04,c3,p04,l3,0.00
i17,e04,c3,p05,l1,0.00
i17,e04,c3,p05,l3,0.00
i17,e04,c3,p06,l1,0.00
i17,e04,c3,p06,l3,0.00
i17,e04,c3,p07,l1,0.00
i17,e04,c3,p07,l3,0.00
i17,e04,c3,p08,l3,0.00
i17,e04,c3,p09,l1,0.00
i17,e04,c3,p09,l3,0.00
i17,e04,c3,p10,l1,0.00
i17,e04,c3,p10,l3,0.00
i17,e04,c3,p10,l4,0.00
i17,e04,c3,p11,l1,0.00
i17,e04,c3,p11,l3,0.00
i17,e04,c3,p12,l1,0.00
i17,e04,c3,p12,l3,0.00
i17,e04,c3,p13,l3,0.00
i17,e04,c3,p14,l1,0.00
i17,e04,c3,p14,l3,0.00
i17,e04,c3,p15,l1,0.00
i17,e04,c3,p15,l3,0.00
i17,e04,c3,p16,l3,0.00
i17,e04,c3,p17,l1,0.00
i17,e04,c3,p17,l3,0.00
i17,e04,c3,p18,l1,0.00
i17,e04,c3,p18,l3,0.00
i17,e04,c3,p19,l1,0.00
i17,e04,c3,p19,l3,0.00
i17,e04,c3,p21,l1,0.00
i17,e04,c3,p21,l3,0.00
i17,e04,c3,p22,l3,0.00
i17,e04,c3,p24,l1,0.00
i17,e04,c3,p24,l3,0.00
i17,e04,c3,p25,l1,0.00
i17,e04,c3,p25,l3,0.00
i17,e04,c3,p26,l3,0.00
i17,e04,c3,p28,l3,0.00
i17,e04,c3,p29,l1,0.00
i17,e04,c3,p29,l3,0.00
i17,e04,c3,p30,l3,0.00
i17,e04,c3,p35,l1,0.00
i17,e04,c3,p35,l3,0.00
i17,e04,c5,p01,l1,0.00
i17,e04,c5,p01,l3,135.52
i17,e04,c5,p01,l4,0.00
i17,e04,c5,p02,l1,0.00
i17,e04,c5,p02,l3,2.23
i17,e04,c5,p02,l4,0.00
i17,e04,c5,p03,l1,0.00
i17,e04,c5,p03,l3,21.22
i17,e04,c5,p03,l4,0.00
i17,e04,c5,p04,l1,0.00
i17,e04,c5,p04,l3,16.89
i17,e04,c5,p04,l4,0.00
i17,e04,c5,p05,l1,0.00
i17,e04,c5,p05,l3,25.16
i17,e04,c5,p05,l4,0.00
i17,e04,c5,p06,l1,0.00
i17,e04,c5,p06,l3,0.00
i17,e04,c5,p06,l4,0.00
i17,e04,c5,p07,l1,0.00
i17,e04,c5,p07,l3,18.10
i17,e04,c5,p07,l4,0.00
i17,e04,c5,p08,l1,0.00
i17,e04,c5,p08,l3,8.23
i17,e04,c5,p08,l4,0.00
i17,e04,c5,p09,l1,0.00
i17,e04,c5,p09,l3,2.01
i17,e04,c5,p09,l4,0.00
i17,e04,c5,p10,l1,0.00
i17,e04,c5,p10,l3,149.45
i17,e04,c5,p10,l4,0.00
i17,e04,c5,p11,l1,0.00
i17,e04,c5,p11,l3,35.14
i17,e04,c5,p11,l4,0.00
i17,e04,c5,p12,l1,0.00
i17,e04,c5,p12,l3,29.64
i17,e04,c5,p12,l4,0.00
i17,e04,c5,p13,l1,0.00
i17,e04,c5,p13,l3,5.34
i17,e04,c5,p13,l4,0.00
i17,e04,c5,p14,l1,0.00
i17,e04,c5,p14,l3,4.20
i17,e04,c5,p14,l4,0.00
i17,e04,c5,p15,l1,0.00
i17,e04,c5,p15,l3,24.62
i17,e04,c5,p15,l4,0.00
i17,e04,c5,p16,l1,0.00
i17,e04,c5,p16,l3,18.27
i17,e04,c5,p16,l4,0.00
i17,e04,c5,p17,l1,0.00
i17,e04,c5,p17,l3,15.18
i17,e04,c5,p17,l4,0.00
i17,e04,c5,p18,l1,0.00
i17,e04,c5,p18,l3,17.09
i17,e04,c5,p18,l4,0.00
i17,e04,c5,p19,l1,0.00
i17,e04,c5,p19,l3,63.12
i17,e04,c5,p19,l4,0.00
i17,e04,c5,p20,l1,0.00
i17,e04,c5,p20,l3,1.09
i17,e04,c5,p20,l4,0.00
i17,e04,c5,p21,l1,0.00
i17,e04,c5,p21,l3,57.87
i17,e04,c5,p21,l4,0.00
i17,e04,c5,p22,l1,0.00
i17,e04,c5,p22,l3,13.44
i17,e04,c5,p22,l4,0.00
i17,e04,c5,p23,l1,0.00
i17,e04,c5,p23,l3,34.07
i17,e04,c5,p23,l4,0.00
i17,e04,c5,p24,l1,0.00
i17,e04,c5,p24,l3,32.04
i17,e04,c5,p24,l4,0.00
i17,e04,c5,p25,l1,0.00
i17,e04,c5,p25,l3,1.14
i17,e04,c5,p25,l4,0.00
i17,e04,c5,p26,l1,0.00
i17,e04,c5,p26,l3,2.55
i17,e04,c5,p26,l4,0.00
i17,e04,c5,p28,l1,0.00
i17,e04,c5,p28,l3,2.10
i17,e04,c5,p28,l4,0.00
i17,e04,c5,p29,l1,0.00
i17,e04,c5,p29,l3,22.20
i17,e04,c5,p29,l4,0.00
i17,e04,c5,p30,l1,0.00
i17,e04,c5,p30,l3,0.00
i17,e04,c5,p31,l1,0.00
i17,e04,c5,p31,l3,0.00
i17,e04,c5,p31,l4,0.00
i17,e04,c5,p32,l1,0.00
i17,e04,c5,p32,l3,2.11
i17,e04,c5,p32,l4,0.00
i17,e04,c5,p33,l1,0.00
i17,e04,c5,p33,l3,0.00
i17,e04,c5,p33,l4,0.00
i17,e04,c5,p35,l1,0.00
i17,e04,c5,p35,l3,18.47
i17,e05,c3,p01,l3,0.00
i17,e05,c3,p04,l3,0.00
i17,e05,c3,p09,l3,0.00
i17,e05,c3,p10,l3,0.00
i17,e05,c3,p19,l3,0.00
i17,e05,c3,p25,l3,0.00
i17,e05,c3,p35,l1,0.00
i17,e05,c3,p35,l3,0.00
i17,e05,c5,p01,l1,0.00
i17,e05,c5,p01,l3,0.00
i17,e05,c5,p02,l1,0.00
i17,e05,c5,p02,l3,0.00
i17,e05,c5,p03,l1,0.00
i17,e05,c5,p03,l3,0.00
i17,e05,c5,p04,l1,0.00
i17,e05,c5,p04,l3,0.00
i17,e05,c5,p05,l1,0.00
i17,e05,c5,p05,l3,0.00
i17,e05,c5,p06,l1,0.00
i17,e05,c5,p06,l3,0.00
i17,e05,c5,p07,l1,0.00
i17,e05,c5,p07,l3,0.00
i17,e05,c5,p08,l1,0.00
i17,e05,c5,p08,l3,0.00
i17,e05,c5,p09,l1,0.00
i17,e05,c5,p09,l3,0.00
i17,e05,c5,p10,l1,0.00
i17,e05,c5,p10,l3,0.00
i17,e05,c5,p11,l1,0.00
i17,e05,c5,p11,l3,0.00
i17,e05,c5,p12,l1,0.00
i17,e05,c5,p12,l3,0.00
i17,e05,c5,p13,l1,0.00
i17,e05,c5,p13,l3,0.00
i17,e05,c5,p14,l1,0.00
i17,e05,c5,p14,l3,0.00
i17,e05,c5,p15,l1,0.00
i17,e05,c5,p15,l3,0.00
i17,e05,c5,p16,l1,0.00
i17,e05,c5,p16,l3,0.00
i17,e05,c5,p17,l1,0.00
i17,e05,c5,p17,l3,0.00
i17,e05,c5,p18,l1,0.00
i17,e05,c5,p18,l3,0.00
i17,e05,c5,p19,l1,0.00
i17,e05,c5,p19,l3,0.00
i17,e05,c5,p20,l1,0.00
i17,e05,c5,p20,l3,0.00
i17,e05,c5,p21,l1,0.00
i17,e05,c5,p21,l3,0.00
i17,e05,c5,p22,l1,0.00
i17,e05,c5,p22,l3,0.00
i17,e05,c5,p23,l1,0.00
i17,e05,c5,p23,l3,0.00
i17,e05,c5,p24,l1,0.00
i17,e05,c5,p24,l3,0.00
i17,e05,c5,p25,l1,0.00
i17,e05,c5,p25,l3,0.00
i17,e05,c5,p26,l3,0.00
i17,e05,c5,p28,l1,0.00
i17,e05,c5,p28,l3,0.00
i17,e05,c5,p29,l1,0.00
i17,e05,c5,p29,l3,0.00
i17,e05,c5,p30,l3,0.00
i17,e05,c5,p31,l1,0.00
i17,e05,c5,p31,l3,0.00
i17,e05,c5,p32,l1,0.00
i17,e05,c5,p32,l3,0.00
i17,e05,c5,p33,l3,0.00
i17,e05,c5,p35,l1,0.00
i17,e05,c5,p35,l3,0.00
i17,e08,c3,p01,l2,0.00
i17,e08,c3,p01,l3,0.00
i17,e08,c3,p02,l3,0.00
i17,e08,c3,p03,l2,0.00
i17,e08,c3,p03,l3,0.00
i17,e08,c3,p04,l2,0.00
i17,e08,c3,p04,l3,0.00
i17,e08,c3,p05,l3,0.00
i17,e08,c3,p06,l2,0.00
i17,e08,c3,p06,l3,0.00
i17,e08,c3,p07,l3,0.00
i17,e08,c3,p08,l3,0.00
i17,e08,c3,p09,l2,0.00
i17,e08,c3,p09,l3,0.00
i17,e08,c3,p10,l2,0.00
i17,e08,c3,p10,l3,0.00
i17,e08,c3,p11,l2,0.00
i17,e08,c3,p11,l3,0.00
i17,e08,c3,p12,l3,0.00
i17,e08,c3,p13,l3,0.00
i17,e08,c3,p14,l2,0.00
i17,e08,c3,p14,l3,0.00
i17,e08,c3,p15,l2,0.00
i17,e08,c3,p15,l3,0.00
i17,e08,c3,p16,l3,0.00
i17,e08,c3,p17,l3,0.00
i17,e08,c3,p18,l2,0.00
i17,e08,c3,p18,l3,0.00
i17,e08,c3,p19,l2,0.00
i17,e08,c3,p19,l3,0.00
i17,e08,c3,p21,l2,0.00
i17,e08,c3,p21,l3,0.00
i17,e08,c3,p22,l3,0.00
i17,e08,c3,p23,l2,0.00
i17,e08,c3,p24,l2,0.00
i17,e08,c3,p24,l3,0.00
i17,e08,c3,p25,l3,0.00
i17,e08,c3,p26,l3,0.00
i17,e08,c3,p29,l2,0.00
i17,e08,c3,p29,l3,0.00
i17,e08,c3,p30,l3,0.00
i17,e08,c3,p35,l2,0.00
i17,e08,c3,p35,l3,0.00
i17,e08,c5,p01,l2,0.00
i17,e08,c5,p01,l3,97.00
i17,e08,c5,p02,l2,0.00
i17,e08,c5,p02,l3,0.00
i17,e08,c5,p03,l2,0.00
i17,e08,c5,p03,l3,14.33
i17,e08,c5,p04,l2,0.00
i17,e08,c5,p04,l3,11.53
i17,e08,c5,p05,l2,0.00
i17,e08,c5,p05,l3,27.22
i17,e08,c5,p06,l2,0.00
i17,e08,c5,p06,l3,2.45
i17,e08,c5,p07,l2,0.00
i17,e08,c5,p07,l3,25.38
i17,e08,c5,p08,l2,0.00
i17,e08,c5,p08,l3,5.03
i17,e08,c5,p09,l2,0.00
i17,e08,c5,p09,l3,1.99
i17,e08,c5,p10,l2,0.00
i17,e08,c5,p10,l3,94.24
i17,e08,c5,p11,l2,0.00
i17,e08,c5,p11,l3,23.22
i17,e08,c5,p12,l2,0.00
i17,e08,c5,p12,l3,31.05
i17,e08,c5,p13,l2,0.00
i17,e08,c5,p13,l3,2.47
i17,e08,c5,p14,l2,0.00
i17,e08,c5,p14,l3,62.01
i17,e08,c5,p15,l2,0.00
i17,e08,c5,p15,l3,40.06
i17,e08,c5,p16,l2,0.00
i17,e08,c5,p16,l3,13.12
i17,e08,c5,p17,l2,0.00
i17,e08,c5,p17,l3,28.24
i17,e08,c5,p18,l2,0.00
i17,e08,c5,p18,l3,16.28
i17,e08,c5,p19,l2,0.00
i17,e08,c5,p19,l3,73.47
i17,e08,c5,p20,l2,0.00
i17,e08,c5,p20,l3,0.00
i17,e08,c5,p21,l2,0.00
i17,e08,c5,p21,l3,29.04
i17,e08,c5,p22,l2,0.00
i17,e08,c5,p22,l3,16.98
i17,e08,c5,p23,l2,0.00
i17,e08,c5,p23,l3,35.61
i17,e08,c5,p24,l2,0.00
i17,e08,c5,p24,l3,25.62
i17,e08,c5,p25,l2,0.00
i17,e08,c5,p25,l3,4.68
i17,e08,c5,p26,l2,0.00
i17,e08,c5,p26,l3,0.00
i17,e08,c5,p28,l2,0.00
i17,e08,c5,p28,l3,0.00
i17,e08,c5,p29,l2,0.00
i17,e08,c5,p29,l3,17.13
i17,e08,c5,p30,l2,0.00
i17,e08,c5,p30,l3,0.00
i17,e08,c5,p31,l2,0.00
i17,e08,c5,p31,l3,0.00
i17,e08,c5,p32,l2,0.00
i17,e08,c5,p32,l3,0.00
i17,e08,c5,p33,l2,0.00
i17,e08,c5,p33,l3,0.00
i17,e08,c5,p35,l2,0.00
i17,e08,c5,p35,l3,3.36
i17,e09,c3,p01,l2,0.00
i17,e09,c3,p01,l3,0.00
i17,e09,c3,p02,l2,0.00
i17,e09,c3,p02,l3,0.00
i17,e09,c3,p03,l2,0.00
i17,e09,c3,p03,l3,0.00
i17,e09,c3,p04,l2,0.00
i17,e09,c3,p04,l3,0.00
i17,e09,c3,p05,l2,0.00
i17,e09,c3,p05,l3,0.00
i17,e09,c3,p06,l2,0.00
i17,e09,c3,p06,l3,0.00
i17,e09,c3,p07,l2,0.00
i17,e09,c3,p07,l3,0.00
i17,e09,c3,p08,l2,0.00
i17,e09,c3,p08,l3,0.00
i17,e09,c3,p09,l2,0.00
i17,e09,c3,p09,l3,0.00
i17,e09,c3,p10,l2,0.00
i17,e09,c3,p10,l3,0.00
i17,e09,c3,p11,l2,0.00
i17,e09,c3,p11,l3,0.00
i17,e09,c3,p12,l2,0.00
i17,e09,c3,p12,l3,0.00
i17,e09,c3,p13,l3,0.00
i17,e09,c3,p14,l2,0.00
i17,e09,c3,p14,l3,0.00
i17,e09,c3,p15,l2,0.00
i17,e09,c3,p15,l3,0.00
i17,e09,c3,p16,l3,0.00
i17,e09,c3,p17,l3,0.00
i17,e09,c3,p18,l2,0.00
i17,e09,c3,p18,l3,0.00
i17,e09,c3,p19,l2,0.00
i17,e09,c3,p19,l3,0.00
i17,e09,c3,p20,l3,0.00
i17,e09,c3,p21,l2,0.00
i17,e09,c3,p21,l3,0.00
i17,e09,c3,p22,l3,0.00
i17,e09,c3,p23,l3,0.00
i17,e09,c3,p24,l2,0.00
i17,e09,c3,p24,l3,0.00
i17,e09,c3,p25,l2,0.00
i17,e09,c3,p25,l3,0.00
i17,e09,c3,p26,l3,0.00
i17,e09,c3,p29,l2,0.00
i17,e09,c3,p29,l3,0.00
i17,e09,c3,p30,l3,0.00
i17,e09,c3,p35,l2,0.00
i17,e09,c3,p35,l3,0.00
i17,e09,c5,p01,l2,0.00
i17,e09,c5,p01,l3,17.28
i17,e09,c5,p01,l4,0.00
i17,e09,c5,p02,l2,0.00
i17,e09,c5,p02,l3,0.00
i17,e09,c5,p02,l4,0.00
i17,e09,c5,p03,l2,0.00
i17,e09,c5,p03,l3,4.41
i17,e09,c5,p03,l4,0.00
i17,e09,c5,p04,l2,0.00
i17,e09,c5,p04,l3,3.07
i17,e09,c5,p04,l4,0.00
i17,e09,c5,p05,l2,0.00
i17,e09,c5,p05,l3,2.70
i17,e09,c5,p05,l4,0.00
i17,e09,c5,p06,l2,0.00
i17,e09,c5,p06,l3,0.00
i17,e09,c5,p06,l4,0.00
i17,e09,c5,p07,l2,0.00
i17,e09,c5,p07,l3,1.15
i17,e09,c5,p07,l4,0.00
i17,e09,c5,p08,l2,0.00
i17,e09,c5,p08,l3,2.12
i17,e09,c5,p08,l4,0.00
i17,e09,c5,p09,l2,0.00
i17,e09,c5,p09,l3,0.00
i17,e09,c5,p09,l4,0.00
i17,e09,c5,p10,l2,0.00
i17,e09,c5,p10,l3,33.11
i17,e09,c5,p10,l4,0.00
i17,e09,c5,p11,l2,0.00
i17,e09,c5,p11,l3,2.01
i17,e09,c5,p11,l4,0.00
i17,e09,c5,p12,l2,0.00
i17,e09,c5,p12,l3,8.49
i17,e09,c5,p12,l4,0.00
i17,e09,c5,p13,l2,0.00
i17,e09,c5,p13,l3,6.27
i17,e09,c5,p13,l4,0.00
i17,e09,c5,p14,l2,0.00
i17,e09,c5,p14,l3,0.00
i17,e09,c5,p14,l4,0.00
i17,e09,c5,p15,l2,0.00
i17,e09,c5,p15,l3,2.18
i17,e09,c5,p15,l4,0.00
i17,e09,c5,p16,l2,0.00
i17,e09,c5,p16,l3,0.00
i17,e09,c5,p16,l4,0.00
i17,e09,c5,p17,l2,0.00
i17,e09,c5,p17,l3,2.44
i17,e09,c5,p17,l4,0.00
i17,e09,c5,p18,l2,0.00
i17,e09,c5,p18,l3,0.00
i17,e09,c5,p18,l4,0.00
i17,e09,c5,p19,l2,0.00
i17,e09,c5,p19,l3,4.30
i17,e09,c5,p19,l4,0.00
i17,e09,c5,p20,l2,0.00
i17,e09,c5,p20,l3,1.01
i17,e09,c5,p20,l4,0.00
i17,e09,c5,p21,l2,0.00
i17,e09,c5,p21,l3,1.18
i17,e09,c5,p21,l4,0.00
i17,e09,c5,p22,l2,0.00
i17,e09,c5,p22,l3,1.69
i17,e09,c5,p22,l4,0.00
i17,e09,c5,p23,l2,0.00
i17,e09,c5,p23,l3,0.00
i17,e09,c5,p23,l4,0.00
i17,e09,c5,p24,l2,0.00
i17,e09,c5,p24,l3,8.26
i17,e09,c5,p24,l4,0.00
i17,e09,c5,p25,l2,0.00
i17,e09,c5,p25,l3,1.36
i17,e09,c5,p25,l4,0.00
i17,e09,c5,p26,l2,0.00
i17,e09,c5,p26,l3,0.00
i17,e09,c5,p26,l4,0.00
i17,e09,c5,p28,l2,0.00
i17,e09,c5,p28,l3,3.42
i17,e09,c5,p28,l4,0.00
i17,e09,c5,p29,l2,0.00
i17,e09,c5,p29,l3,2.05
i17,e09,c5,p29,l4,0.00
i17,e09,c5,p30,l2,0.00
i17,e09,c5,p30,l3,0.00
i17,e09,c5,p31,l2,0.00
i17,e09,c5,p31,l3,0.00
i17,e09,c5,p31,l4,0.00
i17,e09,c5,p32,l2,0.00
i17,e09,c5,p32,l3,0.00
i17,e09,c5,p32,l4,0.00
i17,e09,c5,p33,l2,0.00
i17,e09,c5,p33,l3,0.00
i17,e09,c5,p33,l4,0.00
i17,e09,c5,p35,l2,0.00
i17,e09,c5,p35,l3,1.14
i17,e09,c5,p35,l4,0.00
i17,e10,c3,p03,l3,0.00
i17,e10,c3,p10,l3,0.00
i17,e10,c3,p21,l3,0.00
i17,e10,c3,p29,l3,0.00
i17,e10,c3,p35,l3,0.00
i17,e10,c5,p01,l3,0.00
i17,e10,c5,p02,l2,0.00
i17,e10,c5,p02,l3,0.00
i17,e10,c5,p03,l2,0.00
i17,e10,c5,p03,l3,0.00
i17,e10,c5,p04,l2,0.00
i17,e10,c5,p04,l3,0.00
i17,e10,c5,p05,l2,0.00
i17,e10,c5,p05,l3,0.00
i17,e10,c5,p06,l2,0.00
i17,e10,c5,p06,l3,0.00
i17,e10,c5,p07,l3,0.00
i17,e10,c5,p08,l2,0.00
i17,e10,c5,p08,l3,0.00
i17,e10,c5,p09,l3,0.00
i17,e10,c5,p10,l2,0.00
i17,e10,c5,p10,l3,0.00
i17,e10,c5,p11,l2,0.00
i17,e10,c5,p11,l3,0.00
i17,e10,c5,p12,l3,0.00
i17,e10,c5,p13,l3,0.00
i17,e10,c5,p14,l2,0.00
i17,e10,c5,p14,l3,0.00
i17,e10,c5,p15,l3,0.00
i17,e10,c5,p16,l2,0.00
i17,e10,c5,p16,l3,0.00
i17,e10,c5,p17,l2,0.00
i17,e10,c5,p17,l3,0.00
i17,e10,c5,p18,l2,0.00
i17,e10,c5,p18,l3,0.00
i17,e10,c5,p19,l2,0.00
i17,e10,c5,p19,l3,0.00
i17,e10,c5,p20,l3,0.00
i17,e10,c5,p21,l2,0.00
i17,e10,c5,p21,l3,0.00
i17,e10,c5,p22,l3,0.00
i17,e10,c5,p23,l3,0.00
i17,e10,c5,p24,l3,0.00
i17,e10,c5,p25,l3,0.00
i17,e10,c5,p26,l3,0.00
i17,e10,c5,p28,l3,0.00
i17,e10,c5,p29,l3,0.00
i17,e10,c5,p31,l3,0.00
i17,e10,c5,p32,l3,0.00
i17,e10,c5,p35,l3,0.00
i17,e11,c3,p01,l2,0.00
i17,e11,c3,p01,l3,0.00
i17,e11,c3,p01,l4,0.00
i17,e11,c3,p02,l3,0.00
i17,e11,c3,p02,l4,0.00
i17,e11,c3,p03,l2,0.00
i17,e11,c3,p03,l3,0.00
i17,e11,c3,p03,l4,0.00
i17,e11,c3,p04,l2,0.00
i17,e11,c3,p04,l3,0.00
i17,e11,c3,p04,l4,0.00
i17,e11,c3,p05,l3,0.00
i17,e11,c3,p05,l4,0.00
i17,e11,c3,p06,l3,0.00
i17,e11,c3,p07,l3,0.00
i17,e11,c3,p08,l3,0.00
i17,e11,c3,p08,l4,0.00
i17,e11,c3,p09,l2,0.00
i17,e11,c3,p09,l3,0.00
i17,e11,c3,p09,l4,0.00
i17,e11,c3,p10,l2,0.00
i17,e11,c3,p10,l3,0.00
i17,e11,c3,p10,l4,0.00
i17,e11,c3,p11,l2,0.00
i17,e11,c3,p11,l3,0.00
i17,e11,c3,p11,l4,0.00
i17,e11,c3,p12,l3,0.00
i17,e11,c3,p12,l4,0.00
i17,e11,c3,p13,l3,0.00
i17,e11,c3,p13,l4,0.00
i17,e11,c3,p14,l2,0.00
i17,e11,c3,p14,l3,0.00
i17,e11,c3,p14,l4,0.00
i17,e11,c3,p15,l2,0.00
i17,e11,c3,p15,l3,0.00
i17,e11,c3,p15,l4,0.00
i17,e11,c3,p16,l3,0.00
i17,e11,c3,p16,l4,0.00
i17,e11,c3,p17,l3,0.00
i17,e11,c3,p17,l4,0.00
i17,e11,c3,p18,l3,0.00
i17,e11,c3,p19,l2,0.00
i17,e11,c3,p19,l3,0.00
i17,e11,c3,p19,l4,0.00
i17,e11,c3,p21,l2,0.00
i17,e11,c3,p21,l3,0.00
i17,e11,c3,p21,l4,0.00
i17,e11,c3,p22,l4,0.00
i17,e11,c3,p23,l4,0.00
i17,e11,c3,p24,l2,0.00
i17,e11,c3,p24,l3,0.00
i17,e11,c3,p24,l4,0.00
i17,e11,c3,p25,l3,0.00
i17,e11,c3,p25,l4,0.00
i17,e11,c3,p26,l4,0.00
i17,e11,c3,p29,l3,0.00
i17,e11,c3,p29,l4,0.00
i17,e11,c3,p30,l3,0.00
i17,e11,c3,p30,l4,0.00
i17,e11,c3,p33,l3,0.00
i17,e11,c3,p35,l3,0.00
i17,e11,c3,p35,l4,0.00
i17,e11,c5,p01,l2,0.00
i17,e11,c5,p01,l3,6.15
i17,e11,c5,p01,l4,5.51
i17,e11,c5,p02,l2,0.00
i17,e11,c5,p02,l3,0.00
i17,e11,c5,p02,l4,2.11
i17,e11,c5,p03,l2,0.00
i17,e11,c5,p03,l3,0.00
i17,e11,c5,p03,l4,4.07
i17,e11,c5,p04,l2,0.00
i17,e11,c5,p04,l3,2.13
i17,e11,c5,p04,l4,2.67
i17,e11,c5,p05,l2,0.00
i17,e11,c5,p05,l3,0.00
i17,e11,c5,p05,l4,4.28
i17,e11,c5,p06,l2,0.00
i17,e11,c5,p06,l3,0.00
i17,e11,c5,p06,l4,7.02
i17,e11,c5,p07,l2,0.00
i17,e11,c5,p07,l3,0.00
i17,e11,c5,p07,l4,1.30
i17,e11,c5,p08,l2,0.00
i17,e11,c5,p08,l3,0.00
i17,e11,c5,p08,l4,2.57
i17,e11,c5,p09,l2,0.00
i17,e11,c5,p09,l3,2.25
i17,e11,c5,p09,l4,2.71
i17,e11,c5,p10,l2,0.00
i17,e11,c5,p10,l3,1.06
i17,e11,c5,p10,l4,51.12
i17,e11,c5,p11,l2,0.00
i17,e11,c5,p11,l3,0.00
i17,e11,c5,p11,l4,1.68
i17,e11,c5,p12,l2,0.00
i17,e11,c5,p12,l3,4.15
i17,e11,c5,p12,l4,18.46
i17,e11,c5,p13,l2,0.00
i17,e11,c5,p13,l3,0.00
i17,e11,c5,p13,l4,0.00
i17,e11,c5,p14,l2,0.00
i17,e11,c5,p14,l3,0.00
i17,e11,c5,p14,l4,0.00
i17,e11,c5,p15,l2,0.00
i17,e11,c5,p15,l3,0.00
i17,e11,c5,p15,l4,4.31
i17,e11,c5,p16,l2,0.00
i17,e11,c5,p16,l3,0.00
i17,e11,c5,p16,l4,11.22
i17,e11,c5,p17,l2,0.00
i17,e11,c5,p17,l3,0.00
i17,e11,c5,p17,l4,0.00
i17,e11,c5,p18,l2,0.00
i17,e11,c5,p18,l3,2.14
i17,e11,c5,p18,l4,1.16
i17,e11,c5,p19,l2,0.00
i17,e11,c5,p19,l3,9.07
i17,e11,c5,p19,l4,6.64
i17,e11,c5,p20,l2,0.00
i17,e11,c5,p20,l3,0.00
i17,e11,c5,p20,l4,0.00
i17,e11,c5,p21,l2,0.00
i17,e11,c5,p21,l3,0.00
i17,e11,c5,p21,l4,0.00
i17,e11,c5,p22,l2,0.00
i17,e11,c5,p22,l3,0.00
i17,e11,c5,p22,l4,6.44
i17,e11,c5,p23,l2,0.00
i17,e11,c5,p23,l3,0.00
i17,e11,c5,p23,l4,0.00
i17,e11,c5,p24,l2,0.00
i17,e11,c5,p24,l3,3.05
i17,e11,c5,p24,l4,3.77
i17,e11,c5,p25,l2,0.00
i17,e11,c5,p25,l3,0.00
i17,e11,c5,p25,l4,0.00
i17,e11,c5,p26,l2,0.00
i17,e11,c5,p26,l3,0.00
i17,e11,c5,p26,l4,0.00
i17,e11,c5,p28,l2,0.00
i17,e11,c5,p28,l3,0.00
i17,e11,c5,p28,l4,1.41
i17,e11,c5,p29,l2,0.00
i17,e11,c5,p29,l3,0.00
i17,e11,c5,p29,l4,0.00
i17,e11,c5,p30,l2,0.00
i17,e11,c5,p30,l3,0.00
i17,e11,c5,p30,l4,0.00
i17,e11,c5,p31,l2,0.00
i17,e11,c5,p31,l3,0.00
i17,e11,c5,p31,l4,0.00
i17,e11,c5,p32,l2,0.00
i17,e11,c5,p32,l3,0.00
i17,e11,c5,p32,l4,0.00
i17,e11,c5,p33,l2,0.00
i17,e11,c5,p33,l3,0.00
i17,e11,c5,p33,l4,0.00
i17,e11,c5,p35,l2,0.00
i17,e11,c5,p35,l3,0.00
i17,e11,c5,p35,l4,0.00
i18,e01,c1,p35,l3,6.22
i18,e01,c4,p35,l3,0.00
i18,e04,c1,p35,l1,0.00
i18,e04,c1,p35,l3,1.04
i18,e04,c4,p35,l1,0.00
i18,e04,c4,p35,l3,0.00
i18,e05,c1,p35,l1,0.00
i18,e05,c1,p35,l3,0.00
i18,e05,c4,p35,l3,0.00
i18,e06,c1,p35,l3,0.00
i18,e07,c1,p35,l2,0.00
i18,e07,c1,p35,l3,2.01
i18,e07,c4,p35,l2,0.00
i18,e07,c4,p35,l3,0.00
i18,e08,c1,p35,l2,0.00
i18,e08,c1,p35,l3,0.00
i18,e08,c4,p35,l2,0.00
i18,e08,c4,p35,l3,0.00
i18,e09,c1,p35,l2,0.00
i18,e09,c1,p35,l3,3.18
i18,e09,c4,p35,l2,0.00
i18,e09,c4,p35,l3,0.00
i18,e11,c1,p35,l2,0.00
i18,e11,c1,p35,l3,0.00
i18,e11,c4,p35,l3,0.00
i18,e12,c1,p35,l3,0.00
i18,e12,c4,p35,l3,0.00
i18,e13,c1,p35,l3,0.00
i19,e01,c3,p10,l3,0.00
i19,e01,c3,p35,l3,0.00
i19,e01,c5,p01,l3,0.00
i19,e01,c5,p03,l3,0.00
i19,e01,c5,p05,l3,0.00
i19,e01,c5,p07,l3,0.00
i19,e01,c5,p10,l3,0.00
i19,e01,c5,p11,l3,0.00
i19,e01,c5,p12,l3,0.00
i19,e01,c5,p15,l3,0.00
i19,e01,c5,p16,l3,0.00
i19,e01,c5,p17,l3,0.00
i19,e01,c5,p18,l3,0.00
i19,e01,c5,p19,l3,0.00
i19,e01,c5,p24,l3,0.00
i19,e01,c5,p35,l3,0.00
i19,e02,c3,p10,l3,0.00
i19,e02,c3,p35,l3,0.00
i19,e02,c5,p01,l3,0.00
i19,e02,c5,p03,l3,0.00
i19,e02,c5,p10,l3,0.00
i19,e02,c5,p18,l3,0.00
i19,e02,c5,p35,l3,0.00
i19,e03,c3,p10,l3,0.00
i19,e03,c3,p35,l3,0.00
i19,e03,c5,p01,l3,0.00
i19,e03,c5,p02,l3,0.00
i19,e03,c5,p03,l3,0.00
i19,e03,c5,p05,l3,0.00
i19,e03,c5,p07,l3,0.00
i19,e03,c5,p10,l3,0.00
i19,e03,c5,p11,l3,0.00
i19,e03,c5,p12,l3,0.00
i19,e03,c5,p13,l3,0.00
i19,e03,c5,p15,l3,0.00
i19,e03,c5,p16,l3,0.00
i19,e03,c5,p17,l3,0.00
i19,e03,c5,p18,l3,0.00
i19,e03,c5,p19,l3,0.00
i19,e03,c5,p24,l3,0.00
i19,e03,c5,p33,l3,0.00
i19,e03,c5,p35,l3,0.00
i19,e04,c3,p10,l3,0.00
i19,e04,c3,p35,l3,0.00
i19,e04,c5,p01,l3,0.00
i19,e04,c5,p03,l3,0.00
i19,e04,c5,p05,l3,0.00
i19,e04,c5,p07,l3,0.00
i19,e04,c5,p10,l3,0.00
i19,e04,c5,p11,l3,0.00
i19,e04,c5,p12,l3,0.00
i19,e04,c5,p13,l3,0.00
i19,e04,c5,p15,l3,0.00
i19,e04,c5,p16,l3,0.00
i19,e04,c5,p17,l3,0.00
i19,e04,c5,p18,l3,0.00
i19,e04,c5,p19,l3,0.00
i19,e04,c5,p33,l3,0.00
i19,e04,c5,p35,l3,8.33
i19,e05,c3,p10,l3,0.00
i19,e05,c3,p35,l3,0.00
i19,e05,c5,p01,l3,0.00
i19,e05,c5,p03,l3,0.00
i19,e05,c5,p07,l3,0.00
i19,e05,c5,p10,l3,0.00
i19,e05,c5,p12,l3,0.00
i19,e05,c5,p15,l3,0.00
i19,e05,c5,p17,l3,0.00
i19,e05,c5,p18,l3,0.00
i19,e05,c5,p35,l3,0.00
i19,e07,c3,p10,l3,0.00
i19,e07,c5,p03,l3,0.00
i19,e07,c5,p10,l3,0.00
i19,e07,c5,p35,l3,0.00
i19,e08,c3,p10,l3,0.00
i19,e08,c3,p35,l3,0.00
i19,e08,c5,p01,l3,0.00
i19,e08,c5,p03,l3,0.00
i19,e08,c5,p05,l3,0.00
i19,e08,c5,p07,l3,0.00
i19,e08,c5,p10,l3,0.00
i19,e08,c5,p11,l3,0.00
i19,e08,c5,p12,l3,0.00
i19,e08,c5,p13,l3,0.00
i19,e08,c5,p15,l3,0.00
i19,e08,c5,p16,l3,0.00
i19,e08,c5,p17,l3,0.00
i19,e08,c5,p19,l3,0.00
i19,e08,c5,p24,l3,0.00
i19,e08,c5,p33,l3,0.00
i19,e08,c5,p35,l3,0.00
i19,e09,c3,p10,l3,0.00
i19,e09,c3,p35,l3,0.00
i19,e09,c5,p01,l3,0.00
i19,e09,c5,p03,l3,0.00
i19,e09,c5,p05,l3,0.00
i19,e09,c5,p07,l3,0.00
i19,e09,c5,p10,l3,0.00
i19,e09,c5,p11,l3,0.00
i19,e09,c5,p12,l3,0.00
i19,e09,c5,p15,l3,0.00
i19,e09,c5,p16,l3,0.00
i19,e09,c5,p17,l3,0.00
i19,e09,c5,p18,l3,0.00
i19,e09,c5,p19,l3,0.00
i19,e09,c5,p35,l3,0.00
i19,e10,c3,p10,l1,0.00
i19,e10,c3,p10,l2,0.00
i19,e10,c3,p10,l3,0.00
i19,e10,c3,p10,l4,0.00
i19,e10,c3,p35,l1,0.00
i19,e10,c3,p35,l2,0.00
i19,e10,c3,p35,l3,0.00
i19,e10,c3,p35,l4,0.00
i19,e10,c5,p01,l1,0.00
i19,e10,c5,p01,l2,0.00
i19,e10,c5,p01,l3,0.00
i19,e10,c5,p01,l4,0.00
i19,e10,c5,p03,l1,0.00
i19,e10,c5,p03,l2,0.00
i19,e10,c5,p03,l3,0.00
i19,e10,c5,p03,l4,0.00
i19,e10,c5,p05,l3,0.00
i19,e10,c5,p05,l4,0.00
i19,e10,c5,p07,l1,0.00
i19,e10,c5,p07,l2,0.00
i19,e10,c5,p07,l3,0.00
i19,e10,c5,p07,l4,0.00
i19,e10,c5,p10,l1,0.00
i19,e10,c5,p10,l2,0.00
i19,e10,c5,p10,l3,12.08
i19,e10,c5,p10,l4,7.27
i19,e10,c5,p11,l3,0.00
i19,e10,c5,p11,l4,0.00
i19,e10,c5,p12,l2,0.00
i19,e10,c5,p12,l3,0.00
i19,e10,c5,p12,l4,0.00
i19,e10,c5,p15,l2,0.00
i19,e10,c5,p15,l3,0.00
i19,e10,c5,p15,l4,0.00
i19,e10,c5,p16,l1,0.00
i19,e10,c5,p16,l3,0.00
i19,e10,c5,p16,l4,0.00
i19,e10,c5,p17,l1,0.00
i19,e10,c5,p17,l2,0.00
i19,e10,c5,p17,l3,0.00
i19,e10,c5,p17,l4,0.00
i19,e10,c5,p18,l1,0.00
i19,e10,c5,p18,l3,0.00
i19,e10,c5,p18,l4,0.00
i19,e10,c5,p19,l2,0.00
i19,e10,c5,p19,l3,0.00
i19,e10,c5,p23,l3,0.00
i19,e10,c5,p23,l4,0.00
i19,e10,c5,p24,l3,0.00
i19,e10,c5,p24,l4,0.00
i19,e10,c5,p35,l1,1.06
i19,e10,c5,p35,l2,0.00
i19,e10,c5,p35,l3,16.20
i19,e10,c5,p35,l4,2.37
i19,e11,c3,p10,l3,0.00
i19,e11,c3,p35,l3,0.00
i19,e11,c5,p01,l3,0.00
i19,e11,c5,p02,l3,0.00
i19,e11,c5,p03,l3,0.00
i19,e11,c5,p05,l3,0.00
i19,e11,c5,p07,l3,0.00
i19,e11,c5,p10,l3,0.00
i19,e11,c5,p11,l3,0.00
i19,e11,c5,p12,l3,0.00
i19,e11,c5,p13,l3,0.00
i19,e11,c5,p15,l3,0.00
i19,e11,c5,p16,l3,0.00
i19,e11,c5,p17,l3,0.00
i19,e11,c5,p19,l3,0.00
i19,e11,c5,p24,l3,0.00
i19,e11,c5,p35,l3,34.45
i19,e12,c3,p10,l3,0.00
i19,e12,c5,p01,l3,0.00
i19,e12,c5,p03,l3,0.00
i19,e12,c5,p07,l3,0.00
i19,e12,c5,p10,l3,0.00
i19,e12,c5,p12,l3,0.00
i19,e12,c5,p15,l3,0.00
i19,e12,c5,p16,l3,0.00
i19,e12,c5,p17,l3,0.00
i19,e12,c5,p19,l3,0.00
i19,e12,c5,p35,l3,0.00
i19,e13,c3,p10,l3,0.00
i19,e13,c3,p35,l3,0.00
i19,e13,c5,p01,l3,0.00
i19,e13,c5,p02,l3,0.00
i19,e13,c5,p03,l3,0.00
i19,e13,c5,p05,l3,0.00
i19,e13,c5,p07,l3,0.00
i19,e13,c5,p10,l3,2.16
i19,e13,c5,p11,l3,0.00
i19,e13,c5,p12,l3,0.00
i19,e13,c5,p13,l3,0.00
i19,e13,c5,p15,l3,0.00
i19,e13,c5,p16,l3,0.00
i19,e13,c5,p17,l3,0.00
i19,e13,c5,p18,l3,0.00
i19,e13,c5,p19,l3,0.00
i19,e13,c5,p23,l3,0.00
i19,e13,c5,p24,l3,0.00
i19,e13,c5,p35,l3,2.38
i20,e01,c3,p10,l3,0.00
i20,e01,c5,p01,l3,0.00
i20,e01,c5,p02,l3,0.00
i20,e01,c5,p03,l3,0.00
i20,e01,c5,p04,l3,0.00
i20,e01,c5,p05,l3,0.00
i20,e01,c5,p06,l3,0.00
i20,e01,c5,p07,l3,0.00
i20,e01,c5,p08,l3,0.00
i20,e01,c5,p09,l3,0.00
i20,e01,c5,p10,l3,0.00
i20,e01,c5,p11,l3,0.00
i20,e01,c5,p12,l3,0.00
i20,e01,c5,p13,l3,0.00
i20,e01,c5,p14,l3,0.00
i20,e01,c5,p15,l3,0.00
i20,e01,c5,p16,l3,0.00
i20,e01,c5,p17,l3,0.00
i20,e01,c5,p18,l3,0.00
i20,e01,c5,p19,l3,1.10
i20,e01,c5,p20,l3,0.00
i20,e01,c5,p21,l3,0.00
i20,e01,c5,p22,l3,0.00
i20,e01,c5,p23,l3,0.00
i20,e01,c5,p24,l3,0.00
i20,e01,c5,p25,l3,0.00
i20,e01,c5,p26,l3,0.00
i20,e01,c5,p28,l3,0.00
i20,e01,c5,p29,l3,0.00
i20,e01,c5,p31,l3,0.00
i20,e01,c5,p32,l3,0.00
i20,e01,c5,p35,l3,0.00
i20,e02,c3,p10,l3,0.00
i20,e02,c5,p01,l1,0.00
i20,e02,c5,p01,l3,0.00
i20,e02,c5,p02,l3,0.00
i20,e02,c5,p03,l1,0.00
i20,e02,c5,p03,l3,0.00
i20,e02,c5,p04,l1,0.00
i20,e02,c5,p04,l3,0.00
i20,e02,c5,p05,l1,0.00
i20,e02,c5,p05,l3,0.00
i20,e02,c5,p06,l1,0.00
i20,e02,c5,p06,l3,0.00
i20,e02,c5,p07,l1,0.00
i20,e02,c5,p07,l3,0.00
i20,e02,c5,p08,l3,0.00
i20,e02,c5,p09,l1,0.00
i20,e02,c5,p09,l3,0.00
i20,e02,c5,p10,l1,0.00
i20,e02,c5,p10,l3,0.00
i20,e02,c5,p11,l1,0.00
i20,e02,c5,p11,l3,0.00
i20,e02,c5,p12,l1,0.00
i20,e02,c5,p12,l3,0.00
i20,e02,c5,p13,l1,0.00
i20,e02,c5,p13,l3,0.00
i20,e02,c5,p14,l3,0.00
i20,e02,c5,p15,l1,0.00
i20,e02,c5,p15,l3,0.00
i20,e02,c5,p16,l1,0.00
i20,e02,c5,p16,l3,0.00
i20,e02,c5,p17,l1,0.00
i20,e02,c5,p17,l3,0.00
i20,e02,c5,p18,l1,0.00
i20,e02,c5,p18,l3,0.00
i20,e02,c5,p19,l1,0.00
i20,e02,c5,p19,l3,0.00
i20,e02,c5,p20,l3,0.00
i20,e02,c5,p21,l1,0.00
i20,e02,c5,p21,l3,0.00
i20,e02,c5,p22,l3,0.00
i20,e02,c5,p23,l1,0.00
i20,e02,c5,p23,l3,0.00
i20,e02,c5,p24,l1,0.00
i20,e02,c5,p24,l3,0.00
i20,e02,c5,p25,l1,0.00
i20,e02,c5,p25,l3,0.00
i20,e02,c5,p26,l3,0.00
i20,e02,c5,p29,l1,0.00
i20,e02,c5,p29,l3,0.00
i20,e02,c5,p31,l3,0.00
i20,e02,c5,p35,l1,0.00
i20,e02,c5,p35,l3,0.00
i20,e04,c3,p07,l1,0.00
i20,e04,c3,p07,l3,0.00
i20,e04,c3,p10,l3,0.00
i20,e04,c3,p35,l1,0.00
i20,e04,c5,p01,l1,0.00
i20,e04,c5,p01,l3,0.00
i20,e04,c5,p02,l1,0.00
i20,e04,c5,p02,l3,0.00
i20,e04,c5,p03,l1,0.00
i20,e04,c5,p03,l3,1.60
i20,e04,c5,p04,l1,0.00
i20,e04,c5,p04,l3,0.00
i20,e04,c5,p05,l1,0.00
i20,e04,c5,p05,l3,0.00
i20,e04,c5,p06,l1,0.00
i20,e04,c5,p06,l3,0.00
i20,e04,c5,p07,l1,0.00
i20,e04,c5,p07,l3,0.00
i20,e04,c5,p08,l1,0.00
i20,e04,c5,p08,l3,0.00
i20,e04,c5,p09,l1,0.00
i20,e04,c5,p09,l3,1.30
i20,e04,c5,p10,l1,0.00
i20,e04,c5,p10,l3,2.07
i20,e04,c5,p11,l1,0.00
i20,e04,c5,p11,l3,0.00
i20,e04,c5,p12,l1,0.00
i20,e04,c5,p12,l3,0.00
i20,e04,c5,p13,l1,0.00
i20,e04,c5,p13,l3,0.00
i20,e04,c5,p14,l1,0.00
i20,e04,c5,p14,l3,0.00
i20,e04,c5,p15,l1,0.00
i20,e04,c5,p15,l3,2.58
i20,e04,c5,p16,l1,0.00
i20,e04,c5,p16,l3,0.00
i20,e04,c5,p17,l1,0.00
i20,e04,c5,p17,l3,0.00
i20,e04,c5,p18,l1,0.00
i20,e04,c5,p18,l3,0.00
i20,e04,c5,p19,l1,0.00
i20,e04,c5,p19,l3,3.79
i20,e04,c5,p20,l1,0.00
i20,e04,c5,p20,l3,0.00
i20,e04,c5,p21,l1,0.00
i20,e04,c5,p21,l3,0.00
i20,e04,c5,p22,l1,0.00
i20,e04,c5,p22,l3,0.00
i20,e04,c5,p23,l1,0.00
i20,e04,c5,p23,l3,0.00
i20,e04,c5,p24,l1,0.00
i20,e04,c5,p24,l3,0.00
i20,e04,c5,p25,l1,0.00
i20,e04,c5,p25,l3,0.00
i20,e04,c5,p26,l3,0.00
i20,e04,c5,p28,l1,0.00
i20,e04,c5,p28,l3,0.00
i20,e04,c5,p29,l1,0.00
i20,e04,c5,p29,l3,0.00
i20,e04,c5,p30,l1,0.00
i20,e04,c5,p30,l3,0.00
i20,e04,c5,p31,l1,0.00
i20,e04,c5,p31,l3,0.00
i20,e04,c5,p32,l1,0.00
i20,e04,c5,p32,l3,0.00
i20,e04,c5,p35,l1,0.00
i20,e04,c5,p35,l3,0.00
i20,e05,c3,p07,l3,0.00
i20,e05,c3,p10,l3,0.00
i20,e05,c5,p01,l1,0.00
i20,e05,c5,p01,l3,0.00
i20,e05,c5,p02,l1,0.00
i20,e05,c5,p02,l3,0.00
i20,e05,c5,p03,l1,0.00
i20,e05,c5,p03,l3,0.00
i20,e05,c5,p04,l1,0.00
i20,e05,c5,p04,l3,0.00
i20,e05,c5,p05,l1,0.00
i20,e05,c5,p05,l3,0.00
i20,e05,c5,p06,l1,0.00
i20,e05,c5,p06,l3,0.00
i20,e05,c5,p07,l1,0.00
i20,e05,c5,p07,l3,0.00
i20,e05,c5,p08,l1,0.00
i20,e05,c5,p08,l3,0.00
i20,e05,c5,p09,l1,0.00
i20,e05,c5,p09,l3,0.00
i20,e05,c5,p10,l1,0.00
i20,e05,c5,p10,l3,0.00
i20,e05,c5,p11,l1,0.00
i20,e05,c5,p11,l3,0.00
i20,e05,c5,p12,l1,0.00
i20,e05,c5,p12,l3,0.00
i20,e05,c5,p13,l1,0.00
i20,e05,c5,p13,l3,0.00
i20,e05,c5,p14,l1,0.00
i20,e05,c5,p14,l3,0.00
i20,e05,c5,p15,l1,0.00
i20,e05,c5,p15,l3,0.00
i20,e05,c5,p16,l1,0.00
i20,e05,c5,p16,l3,0.00
i20,e05,c5,p17,l1,0.00
i20,e05,c5,p17,l3,0.00
i20,e05,c5,p18,l1,0.00
i20,e05,c5,p18,l3,0.00
i20,e05,c5,p19,l1,0.00
i20,e05,c5,p19,l3,0.00
i20,e05,c5,p20,l3,0.00
i20,e05,c5,p21,l1,0.00
i20,e05,c5,p21,l3,0.00
i20,e05,c5,p22,l1,0.00
i20,e05,c5,p22,l3,0.00
i20,e05,c5,p23,l1,0.00
i20,e05,c5,p23,l3,0.00
i20,e05,c5,p24,l1,0.00
i20,e05,c5,p24,l3,0.00
i20,e05,c5,p25,l1,0.00
i20,e05,c5,p25,l3,0.00
i20,e05,c5,p26,l3,0.00
i20,e05,c5,p28,l1,0.00
i20,e05,c5,p28,l3,0.00
i20,e05,c5,p29,l1,0.00
i20,e05,c5,p29,l3,0.00
i20,e05,c5,p31,l3,0.00
i20,e05,c5,p32,l1,0.00
i20,e05,c5,p32,l3,0.00
i20,e05,c5,p35,l1,0.00
i20,e05,c5,p35,l3,0.00
i20,e08,c3,p07,l2,0.00
i20,e08,c3,p07,l3,0.00
i20,e08,c3,p10,l2,0.00
i20,e08,c3,p10,l3,0.00
i20,e08,c3,p35,l2,0.00
i20,e08,c5,p01,l2,0.00
i20,e08,c5,p01,l3,0.00
i20,e08,c5,p02,l2,0.00
i20,e08,c5,p02,l3,0.00
i20,e08,c5,p03,l2,0.00
i20,e08,c5,p03,l3,0.00
i20,e08,c5,p04,l2,0.00
i20,e08,c5,p04,l3,0.00
i20,e08,c5,p05,l2,0.00
i20,e08,c5,p05,l3,0.00
i20,e08,c5,p06,l2,0.00
i20,e08,c5,p06,l3,0.00
i20,e08,c5,p07,l2,0.00
i20,e08,c5,p07,l3,0.00
i20,e08,c5,p08,l2,0.00
i20,e08,c5,p08,l3,0.00
i20,e08,c5,p09,l2,0.00
i20,e08,c5,p09,l3,3.49
i20,e08,c5,p10,l2,0.00
i20,e08,c5,p10,l3,1.30
i20,e08,c5,p11,l2,0.00
i20,e08,c5,p11,l3,0.00
i20,e08,c5,p12,l2,0.00
i20,e08,c5,p12,l3,0.00
i20,e08,c5,p13,l2,0.00
i20,e08,c5,p13,l3,0.00
i20,e08,c5,p14,l2,0.00
i20,e08,c5,p14,l3,0.00
i20,e08,c5,p15,l2,0.00
i20,e08,c5,p15,l3,0.00
i20,e08,c5,p16,l2,0.00
i20,e08,c5,p16,l3,0.00
i20,e08,c5,p17,l2,0.00
i20,e08,c5,p17,l3,0.00
i20,e08,c5,p18,l2,0.00
i20,e08,c5,p18,l3,0.00
i20,e08,c5,p19,l2,0.00
i20,e08,c5,p19,l3,2.36
i20,e08,c5,p20,l2,0.00
i20,e08,c5,p20,l3,0.00
i20,e08,c5,p21,l2,0.00
i20,e08,c5,p21,l3,0.00
i20,e08,c5,p22,l2,0.00
i20,e08,c5,p22,l3,0.00
i20,e08,c5,p23,l2,0.00
i20,e08,c5,p23,l3,0.00
i20,e08,c5,p24,l2,0.00
i20,e08,c5,p24,l3,1.77
i20,e08,c5,p25,l2,0.00
i20,e08,c5,p25,l3,0.00
i20,e08,c5,p26,l3,0.00
i20,e08,c5,p28,l2,0.00
i20,e08,c5,p28,l3,0.00
i20,e08,c5,p29,l2,0.00
i20,e08,c5,p29,l3,0.00
i20,e08,c5,p30,l2,0.00
i20,e08,c5,p30,l3,0.00
i20,e08,c5,p31,l2,0.00
i20,e08,c5,p31,l3,0.00
i20,e08,c5,p32,l2,0.00
i20,e08,c5,p32,l3,0.00
i20,e08,c5,p35,l2,0.00
i20,e08,c5,p35,l3,0.00
i20,e09,c3,p10,l3,0.00
i20,e09,c5,p01,l2,0.00
i20,e09,c5,p01,l3,0.00
i20,e09,c5,p02,l2,0.00
i20,e09,c5,p02,l3,0.00
i20,e09,c5,p03,l2,0.00
i20,e09,c5,p03,l3,0.00
i20,e09,c5,p04,l2,0.00
i20,e09,c5,p04,l3,0.00
i20,e09,c5,p05,l2,0.00
i20,e09,c5,p05,l3,0.00
i20,e09,c5,p06,l2,0.00
i20,e09,c5,p06,l3,0.00
i20,e09,c5,p07,l2,0.00
i20,e09,c5,p07,l3,0.00
i20,e09,c5,p08,l2,0.00
i20,e09,c5,p08,l3,0.00
i20,e09,c5,p09,l2,0.00
i20,e09,c5,p09,l3,1.58
i20,e09,c5,p10,l2,0.00
i20,e09,c5,p10,l3,0.00
i20,e09,c5,p11,l2,0.00
i20,e09,c5,p11,l3,0.00
i20,e09,c5,p12,l2,0.00
i20,e09,c5,p12,l3,0.00
i20,e09,c5,p13,l2,0.00
i20,e09,c5,p13,l3,0.00
i20,e09,c5,p14,l2,0.00
i20,e09,c5,p14,l3,0.00
i20,e09,c5,p15,l2,0.00
i20,e09,c5,p15,l3,1.06
i20,e09,c5,p16,l2,0.00
i20,e09,c5,p16,l3,0.00
i20,e09,c5,p17,l2,0.00
i20,e09,c5,p17,l3,0.00
i20,e09,c5,p18,l2,0.00
i20,e09,c5,p18,l3,0.00
i20,e09,c5,p19,l2,0.00
i20,e09,c5,p19,l3,0.00
i20,e09,c5,p20,l2,0.00
i20,e09,c5,p20,l3,0.00
i20,e09,c5,p21,l2,0.00
i20,e09,c5,p21,l3,0.00
i20,e09,c5,p22,l2,0.00
i20,e09,c5,p22,l3,0.00
i20,e09,c5,p23,l2,0.00
i20,e09,c5,p23,l3,0.00
i20,e09,c5,p24,l2,0.00
i20,e09,c5,p24,l3,0.00
i20,e09,c5,p25,l2,0.00
i20,e09,c5,p25,l3,0.00
i20,e09,c5,p26,l3,0.00
i20,e09,c5,p28,l2,0.00
i20,e09,c5,p28,l3,0.00
i20,e09,c5,p29,l2,0.00
i20,e09,c5,p29,l3,0.00
i20,e09,c5,p31,l3,0.00
i20,e09,c5,p32,l2,0.00
i20,e09,c5,p32,l3,0.00
i20,e09,c5,p35,l2,0.00
i20,e09,c5,p35,l3,1.14
i20,e11,c5,p01,l3,0.00
i20,e11,c5,p02,l3,0.00
i20,e11,c5,p03,l2,0.00
i20,e11,c5,p03,l3,0.00
i20,e11,c5,p04,l3,0.00
i20,e11,c5,p05,l2,0.00
i20,e11,c5,p05,l3,0.00
i20,e11,c5,p06,l3,0.00
i20,e11,c5,p07,l2,0.00
i20,e11,c5,p07,l3,0.00
i20,e11,c5,p08,l3,0.00
i20,e11,c5,p09,l3,0.00
i20,e11,c5,p10,l3,0.00
i20,e11,c5,p11,l3,0.00
i20,e11,c5,p12,l3,0.00
i20,e11,c5,p13,l3,0.00
i20,e11,c5,p14,l3,0.00
i20,e11,c5,p15,l3,0.00
i20,e11,c5,p16,l2,0.00
i20,e11,c5,p16,l3,0.00
i20,e11,c5,p17,l2,0.00
i20,e11,c5,p17,l3,0.00
i20,e11,c5,p18,l3,0.00
i20,e11,c5,p19,l2,0.00
i20,e11,c5,p19,l3,0.00
i20,e11,c5,p21,l3,0.00
i20,e11,c5,p22,l3,0.00
i20,e11,c5,p23,l3,0.00
i20,e11,c5,p24,l2,0.00
i20,e11,c5,p24,l3,0.00
i20,e11,c5,p25,l3,0.00
i20,e11,c5,p28,l3,0.00
i20,e11,c5,p29,l3,0.00
i20,e11,c5,p30,l3,0.00
i20,e11,c5,p31,l3,0.00
i20,e11,c5,p32,l2,0.00
i20,e11,c5,p32,l3,0.00
i20,e11,c5,p35,l3,0.00
i21,e01,c1,p01,l3,5.39
i21,e01,c1,p02,l3,0.00
i21,e01,c1,p03,l3,0.00
i21,e01,c1,p04,l3,0.00
i21,e01,c1,p05,l3,0.00
i21,e01,c1,p06,l3,0.00
i21,e01,c1,p07,l3,0.00
i21,e01,c1,p08,l3,0.00
i21,e01,c1,p09,l3,0.00
i21,e01,c1,p10,l3,0.00
i21,e01,c1,p11,l3,0.00
i21,e01,c1,p12,l3,0.00
i21,e01,c1,p13,l3,1.24
i21,e01,c1,p14,l3,0.00
i21,e01,c1,p15,l3,0.00
i21,e01,c1,p16,l3,0.00
i21,e01,c1,p17,l3,0.00
i21,e01,c1,p18,l3,0.00
i21,e01,c1,p19,l3,0.00
i21,e01,c1,p20,l3,0.00
i21,e01,c1,p21,l3,0.00
i21,e01,c1,p22,l3,0.00
i21,e01,c1,p23,l3,0.00
i21,e01,c1,p24,l3,0.00
i21,e01,c1,p25,l3,0.00
i21,e01,c1,p26,l3,0.00
i21,e01,c1,p28,l3,0.00
i21,e01,c1,p29,l3,0.00
i21,e01,c1,p30,l3,0.00
i21,e01,c1,p31,l3,0.00
i21,e01,c1,p32,l3,0.00
i21,e01,c1,p33,l3,0.00
i21,e01,c1,p34,l3,0.00
i21,e01,c1,p35,l3,0.00
i21,e01,c4,p01,l3,0.00
i21,e01,c4,p02,l3,0.00
i21,e01,c4,p03,l3,0.00
i21,e01,c4,p04,l3,0.00
i21,e01,c4,p05,l3,0.00
i21,e01,c4,p07,l3,0.00
i21,e01,c4,p08,l3,0.00
i21,e01,c4,p10,l3,0.00
i21,e01,c4,p11,l3,0.00
i21,e01,c4,p13,l3,0.00
i21,e01,c4,p14,l3,0.00
i21,e01,c4,p15,l3,0.00
i21,e01,c4,p16,l3,0.00
i21,e01,c4,p17,l3,0.00
i21,e01,c4,p18,l3,0.00
i21,e01,c4,p19,l3,0.00
i21,e01,c4,p21,l3,0.00
i21,e01,c4,p23,l3,0.00
i21,e01,c4,p25,l3,0.00
i21,e01,c4,p28,l3,0.00
i21,e01,c4,p29,l3,0.00
i21,e01,c4,p32,l3,0.00
i21,e01,c7,p01,l3,0.00
i21,e01,c7,p10,l3,0.00
i21,e03,c1,p01,l3,0.00
i21,e03,c1,p02,l3,0.00
i21,e03,c1,p03,l3,0.00
i21,e03,c1,p04,l3,0.00
i21,e03,c1,p05,l3,0.00
i21,e03,c1,p06,l3,0.00
i21,e03,c1,p07,l3,2.59
i21,e03,c1,p08,l3,1.18
i21,e03,c1,p09,l3,0.00
i21,e03,c1,p10,l3,4.23
i21,e03,c1,p11,l3,2.05
i21,e03,c1,p12,l3,1.62
i21,e03,c1,p13,l3,0.00
i21,e03,c1,p14,l3,0.00
i21,e03,c1,p15,l3,0.00
i21,e03,c1,p16,l3,0.00
i21,e03,c1,p17,l3,0.00
i21,e03,c1,p18,l3,0.00
i21,e03,c1,p19,l3,0.00
i21,e03,c1,p20,l3,3.93
i21,e03,c1,p21,l3,0.00
i21,e03,c1,p22,l3,0.00
i21,e03,c1,p23,l3,0.00
i21,e03,c1,p24,l3,0.00
i21,e03,c1,p25,l3,0.00
i21,e03,c1,p26,l3,0.00
i21,e03,c1,p28,l3,0.00
i21,e03,c1,p29,l3,0.00
i21,e03,c1,p30,l3,0.00
i21,e03,c1,p31,l3,0.00
i21,e03,c1,p32,l3,0.00
i21,e03,c1,p33,l3,0.00
i21,e03,c1,p34,l3,0.00
i21,e03,c1,p35,l3,0.00
i21,e03,c4,p01,l3,0.00
i21,e03,c4,p02,l3,0.00
i21,e03,c4,p03,l3,0.00
i21,e03,c4,p04,l3,0.00
i21,e03,c4,p05,l3,0.00
i21,e03,c4,p06,l3,0.00
i21,e03,c4,p07,l3,0.00
i21,e03,c4,p08,l3,0.00
i21,e03,c4,p09,l3,0.00
i21,e03,c4,p10,l3,0.00
i21,e03,c4,p11,l3,0.00
i21,e03,c4,p12,l3,0.00
i21,e03,c4,p13,l3,0.00
i21,e03,c4,p14,l3,0.00
i21,e03,c4,p15,l3,0.00
i21,e03,c4,p16,l3,0.00
i21,e03,c4,p17,l3,0.00
i21,e03,c4,p18,l3,0.00
i21,e03,c4,p19,l3,0.00
i21,e03,c4,p20,l3,0.00
i21,e03,c4,p21,l3,0.00
i21,e03,c4,p22,l3,0.00
i21,e03,c4,p23,l3,0.00
i21,e03,c4,p24,l3,0.00
i21,e03,c4,p25,l3,0.00
i21,e03,c4,p28,l3,0.00
i21,e03,c4,p29,l3,0.00
i21,e03,c7,p29,l3,0.00
i21,e04,c1,p01,l1,0.00
i21,e04,c1,p01,l3,2.34
i21,e04,c1,p02,l1,0.00
i21,e04,c1,p02,l3,0.00
i21,e04,c1,p03,l1,0.00
i21,e04,c1,p03,l3,0.00
i21,e04,c1,p04,l1,0.00
i21,e04,c1,p04,l3,0.00
i21,e04,c1,p05,l1,0.00
i21,e04,c1,p05,l3,0.00
i21,e04,c1,p06,l1,0.00
i21,e04,c1,p06,l3,0.00
i21,e04,c1,p07,l1,0.00
i21,e04,c1,p07,l3,5.09
i21,e04,c1,p08,l1,0.00
i21,e04,c1,p08,l3,0.00
i21,e04,c1,p09,l1,0.00
i21,e04,c1,p09,l3,0.00
i21,e04,c1,p10,l1,0.00
i21,e04,c1,p10,l3,3.01
i21,e04,c1,p11,l1,0.00
i21,e04,c1,p11,l3,0.00
i21,e04,c1,p12,l1,0.00
i21,e04,c1,p12,l3,0.00
i21,e04,c1,p13,l1,0.00
i21,e04,c1,p13,l3,3.10
i21,e04,c1,p14,l1,0.00
i21,e04,c1,p14,l3,0.00
i21,e04,c1,p15,l1,0.00
i21,e04,c1,p15,l3,0.00
i21,e04,c1,p16,l1,0.00
i21,e04,c1,p16,l3,0.00
i21,e04,c1,p17,l1,0.00
i21,e04,c1,p17,l3,0.00
i21,e04,c1,p18,l1,0.00
i21,e04,c1,p18,l3,0.00
i21,e04,c1,p19,l1,0.00
i21,e04,c1,p19,l3,0.00
i21,e04,c1,p20,l1,0.00
i21,e04,c1,p20,l3,0.00
i21,e04,c1,p21,l1,0.00
i21,e04,c1,p21,l3,0.00
i21,e04,c1,p22,l1,0.00
i21,e04,c1,p22,l3,0.00
i21,e04,c1,p23,l1,0.00
i21,e04,c1,p23,l3,0.00
i21,e04,c1,p24,l1,0.00
i21,e04,c1,p24,l3,0.00
i21,e04,c1,p25,l1,0.00
i21,e04,c1,p25,l3,0.00
i21,e04,c1,p26,l1,0.00
i21,e04,c1,p26,l3,0.00
i21,e04,c1,p28,l1,0.00
i21,e04,c1,p28,l3,0.00
i21,e04,c1,p29,l1,0.00
i21,e04,c1,p29,l3,0.00
i21,e04,c1,p30,l3,0.00
i21,e04,c1,p31,l1,0.00
i21,e04,c1,p31,l3,0.00
i21,e04,c1,p32,l1,0.00
i21,e04,c1,p32,l3,0.00
i21,e04,c1,p33,l1,0.00
i21,e04,c1,p33,l3,0.00
i21,e04,c1,p35,l1,0.00
i21,e04,c1,p35,l3,0.00
i21,e04,c4,p01,l3,0.00
i21,e04,c4,p02,l1,0.00
i21,e04,c4,p02,l3,0.00
i21,e04,c4,p03,l3,0.00
i21,e04,c4,p04,l1,0.00
i21,e04,c4,p04,l3,0.00
i21,e04,c4,p05,l1,0.00
i21,e04,c4,p05,l3,0.00
i21,e04,c4,p06,l3,0.00
i21,e04,c4,p07,l3,0.00
i21,e04,c4,p08,l3,0.00
i21,e04,c4,p09,l3,0.00
i21,e04,c4,p10,l1,0.00
i21,e04,c4,p10,l3,0.00
i21,e04,c4,p11,l3,0.00
i21,e04,c4,p12,l3,0.00
i21,e04,c4,p13,l3,0.00
i21,e04,c4,p14,l3,0.00
i21,e04,c4,p15,l3,0.00
i21,e04,c4,p16,l1,0.00
i21,e04,c4,p16,l3,0.00
i21,e04,c4,p17,l3,0.00
i21,e04,c4,p18,l1,0.00
i21,e04,c4,p18,l3,0.00
i21,e04,c4,p19,l3,0.00
i21,e04,c4,p20,l3,0.00
i21,e04,c4,p21,l3,0.00
i21,e04,c4,p23,l3,0.00
i21,e04,c4,p24,l3,0.00
i21,e04,c4,p29,l3,0.00
i21,e04,c4,p32,l3,0.00
i21,e05,c1,p01,l1,0.00
i21,e05,c1,p01,l3,0.00
i21,e05,c1,p02,l1,0.00
i21,e05,c1,p02,l3,0.00
i21,e05,c1,p03,l1,0.00
i21,e05,c1,p03,l3,1.20
i21,e05,c1,p04,l1,0.00
i21,e05,c1,p04,l3,0.00
i21,e05,c1,p05,l1,0.00
i21,e05,c1,p05,l3,0.00
i21,e05,c1,p06,l1,0.00
i21,e05,c1,p06,l3,0.00
i21,e05,c1,p07,l1,0.00
i21,e05,c1,p07,l3,0.00
i21,e05,c1,p08,l1,0.00
i21,e05,c1,p08,l3,0.00
i21,e05,c1,p09,l1,0.00
i21,e05,c1,p09,l3,0.00
i21,e05,c1,p10,l1,0.00
i21,e05,c1,p10,l3,0.00
i21,e05,c1,p11,l1,0.00
i21,e05,c1,p11,l3,0.00
i21,e05,c1,p12,l1,0.00
i21,e05,c1,p12,l3,0.00
i21,e05,c1,p13,l1,0.00
i21,e05,c1,p13,l3,0.00
i21,e05,c1,p14,l1,0.00
i21,e05,c1,p14,l3,0.00
i21,e05,c1,p15,l1,0.00
i21,e05,c1,p15,l3,0.00
i21,e05,c1,p16,l1,0.00
i21,e05,c1,p16,l3,0.00
i21,e05,c1,p17,l1,0.00
i21,e05,c1,p17,l3,0.00
i21,e05,c1,p18,l1,0.00
i21,e05,c1,p18,l3,0.00
i21,e05,c1,p19,l1,0.00
i21,e05,c1,p19,l3,0.00
i21,e05,c1,p20,l1,0.00
i21,e05,c1,p20,l3,0.00
i21,e05,c1,p21,l1,0.00
i21,e05,c1,p21,l3,0.00
i21,e05,c1,p22,l1,0.00
i21,e05,c1,p22,l3,0.00
i21,e05,c1,p23,l1,0.00
i21,e05,c1,p23,l3,0.00
i21,e05,c1,p24,l1,0.00
i21,e05,c1,p24,l3,0.00
i21,e05,c1,p25,l1,0.00
i21,e05,c1,p25,l3,0.00
i21,e05,c1,p26,l1,0.00
i21,e05,c1,p26,l3,0.00
i21,e05,c1,p28,l1,0.00
i21,e05,c1,p28,l3,0.00
i21,e05,c1,p29,l1,0.00
i21,e05,c1,p29,l3,0.00
i21,e05,c1,p30,l3,0.00
i21,e05,c1,p31,l1,0.00
i21,e05,c1,p31,l3,0.00
i21,e05,c1,p32,l1,0.00
i21,e05,c1,p32,l3,0.00
i21,e05,c1,p35,l1,0.00
i21,e05,c1,p35,l3,0.00
i21,e05,c4,p01,l3,0.00
i21,e05,c4,p02,l3,0.00
i21,e05,c4,p04,l3,0.00
i21,e05,c4,p05,l3,0.00
i21,e05,c4,p10,l3,0.00
i21,e05,c4,p11,l3,0.00
i21,e05,c4,p13,l3,0.00
i21,e05,c4,p14,l3,0.00
i21,e05,c4,p15,l3,0.00
i21,e05,c4,p17,l3,0.00
i21,e05,c4,p18,l3,0.00
i21,e05,c4,p21,l3,0.00
i21,e05,c4,p29,l3,0.00
i21,e07,c1,p05,l2,0.00
i21,e07,c1,p05,l3,0.00
i21,e07,c1,p07,l2,0.00
i21,e07,c1,p07,l3,0.00
i21,e07,c1,p10,l2,0.00
i21,e07,c1,p10,l3,0.00
i21,e07,c1,p15,l2,0.00
i21,e07,c1,p19,l2,0.00
i21,e07,c1,p19,l3,0.00
i21,e08,c1,p05,l2,0.00
i21,e08,c1,p05,l3,0.00
i21,e08,c1,p07,l2,0.00
i21,e08,c1,p07,l3,0.00
i21,e08,c1,p10,l2,0.00
i21,e08,c1,p10,l3,0.00
i21,e08,c1,p15,l2,0.00
i21,e08,c1,p19,l2,0.00
i21,e08,c1,p19,l3,0.00
i21,e09,c1,p01,l2,0.00
i21,e09,c1,p01,l3,0.00
i21,e09,c1,p02,l2,0.00
i21,e09,c1,p02,l3,2.36
i21,e09,c1,p03,l2,0.00
i21,e09,c1,p03,l3,0.00
i21,e09,c1,p04,l2,0.00
i21,e09,c1,p04,l3,0.00
i21,e09,c1,p05,l2,0.00
i21,e09,c1,p05,l3,0.00
i21,e09,c1,p06,l2,0.00
i21,e09,c1,p06,l3,0.00
i21,e09,c1,p07,l2,0.00
i21,e09,c1,p07,l3,3.31
i21,e09,c1,p08,l2,0.00
i21,e09,c1,p08,l3,0.00
i21,e09,c1,p09,l2,0.00
i21,e09,c1,p09,l3,0.00
i21,e09,c1,p10,l2,0.00
i21,e09,c1,p10,l3,2.10
i21,e09,c1,p11,l2,0.00
i21,e09,c1,p11,l3,0.00
i21,e09,c1,p12,l2,0.00
i21,e09,c1,p12,l3,0.00
i21,e09,c1,p13,l2,0.00
i21,e09,c1,p13,l3,1.01
i21,e09,c1,p14,l2,0.00
i21,e09,c1,p14,l3,0.00
i21,e09,c1,p15,l2,0.00
i21,e09,c1,p15,l3,0.00
i21,e09,c1,p16,l2,0.00
i21,e09,c1,p16,l3,0.00
i21,e09,c1,p17,l2,0.00
i21,e09,c1,p17,l3,0.00
i21,e09,c1,p18,l2,0.00
i21,e09,c1,p18,l3,0.00
i21,e09,c1,p19,l2,0.00
i21,e09,c1,p19,l3,0.00
i21,e09,c1,p20,l2,0.00
i21,e09,c1,p20,l3,0.00
i21,e09,c1,p21,l2,0.00
i21,e09,c1,p21,l3,0.00
i21,e09,c1,p22,l2,0.00
i21,e09,c1,p22,l3,0.00
i21,e09,c1,p23,l2,0.00
i21,e09,c1,p23,l3,0.00
i21,e09,c1,p24,l2,0.00
i21,e09,c1,p24,l3,0.00
i21,e09,c1,p25,l2,0.00
i21,e09,c1,p25,l3,0.00
i21,e09,c1,p26,l2,0.00
i21,e09,c1,p26,l3,0.00
i21,e09,c1,p27,l3,0.00
i21,e09,c1,p28,l2,0.00
i21,e09,c1,p28,l3,0.00
i21,e09,c1,p29,l2,0.00
i21,e09,c1,p29,l3,0.00
i21,e09,c1,p30,l2,0.00
i21,e09,c1,p30,l3,0.00
i21,e09,c1,p31,l2,0.00
i21,e09,c1,p31,l3,0.00
i21,e09,c1,p32,l2,0.00
i21,e09,c1,p32,l3,0.00
i21,e09,c1,p33,l3,0.00
i21,e09,c1,p34,l3,0.00
i21,e09,c1,p35,l2,0.00
i21,e09,c1,p35,l3,0.00
i21,e09,c4,p01,l3,0.00
i21,e09,c4,p02,l3,0.00
i21,e09,c4,p03,l3,0.00
i21,e09,c4,p04,l2,0.00
i21,e09,c4,p04,l3,0.00
i21,e09,c4,p05,l3,0.00
i21,e09,c4,p06,l3,0.00
i21,e09,c4,p07,l3,0.00
i21,e09,c4,p08,l3,0.00
i21,e09,c4,p09,l3,0.00
i21,e09,c4,p10,l2,0.00
i21,e09,c4,p10,l3,0.00
i21,e09,c4,p11,l3,0.00
i21,e09,c4,p12,l3,0.00
i21,e09,c4,p13,l3,0.00
i21,e09,c4,p14,l3,0.00
i21,e09,c4,p15,l3,0.00
i21,e09,c4,p16,l3,0.00
i21,e09,c4,p17,l3,0.00
i21,e09,c4,p18,l2,0.00
i21,e09,c4,p18,l3,0.00
i21,e09,c4,p19,l3,0.00
i21,e09,c4,p20,l3,0.00
i21,e09,c4,p21,l2,0.00
i21,e09,c4,p21,l3,0.00
i21,e09,c4,p23,l3,0.00
i21,e09,c4,p24,l3,0.00
i21,e09,c4,p25,l3,0.00
i21,e09,c4,p29,l3,0.00
i21,e09,c4,p32,l3,0.00
i21,e10,c1,p07,l3,0.00
i21,e10,c1,p08,l3,0.00
i21,e10,c1,p10,l3,0.00
i21,e10,c1,p15,l3,0.00
i21,e10,c4,p10,l3,0.00
i21,e11,c1,p07,l2,0.00
i21,e11,c1,p10,l3,0.00
i21,e11,c1,p19,l2,0.00
i21,e11,c1,p19,l3,0.00
i21,e11,c4,p10,l2,0.00
i21,e12,c1,p01,l3,0.00
i21,e12,c1,p02,l3,0.00
i21,e12,c1,p03,l3,0.00
i21,e12,c1,p04,l3,0.00
i21,e12,c1,p05,l3,0.00
i21,e12,c1,p06,l3,0.00
i21,e12,c1,p07,l3,2.63
i21,e12,c1,p08,l3,0.00
i21,e12,c1,p09,l3,0.00
i21,e12,c1,p10,l3,14.23
i21,e12,c1,p11,l3,0.00
i21,e12,c1,p12,l3,0.00
i21,e12,c1,p13,l3,0.00
i21,e12,c1,p14,l3,0.00
i21,e12,c1,p15,l3,0.00
i21,e12,c1,p16,l3,0.00
i21,e12,c1,p17,l3,8.30
i21,e12,c1,p18,l3,0.00
i21,e12,c1,p19,l3,0.00
i21,e12,c1,p20,l3,10.00
i21,e12,c1,p21,l3,0.00
i21,e12,c1,p22,l3,0.00
i21,e12,c1,p23,l3,0.00
i21,e12,c1,p24,l3,0.00
i21,e12,c1,p25,l3,0.00
i21,e12,c1,p26,l3,0.00
i21,e12,c1,p28,l3,0.00
i21,e12,c1,p29,l3,0.00
i21,e12,c1,p30,l3,0.00
i21,e12,c1,p31,l3,0.00
i21,e12,c1,p32,l3,0.00
i21,e12,c1,p33,l3,0.00
i21,e12,c1,p35,l3,0.00
i21,e12,c4,p01,l3,0.00
i21,e12,c4,p02,l3,0.00
i21,e12,c4,p03,l3,0.00
i21,e12,c4,p04,l3,0.00
i21,e12,c4,p05,l3,0.00
i21,e12,c4,p07,l3,0.00
i21,e12,c4,p08,l3,0.00
i21,e12,c4,p09,l3,0.00
i21,e12,c4,p10,l3,0.00
i21,e12,c4,p11,l3,0.00
i21,e12,c4,p12,l3,0.00
i21,e12,c4,p13,l3,0.00
i21,e12,c4,p14,l3,0.00
i21,e12,c4,p15,l3,0.00
i21,e12,c4,p16,l3,0.00
i21,e12,c4,p17,l3,0.00
i21,e12,c4,p18,l3,0.00
i21,e12,c4,p19,l3,0.00
i21,e12,c4,p21,l3,0.00
i21,e12,c4,p22,l3,0.00
i21,e12,c4,p23,l3,0.00
i21,e12,c4,p24,l3,0.00
i21,e12,c4,p29,l3,0.00
i21,e12,c7,p01,l3,0.00
i21,e12,c7,p03,l3,0.00
i21,e12,c7,p10,l3,0.00
i22,e01,c3,p01,l3,0.00
i22,e01,c3,p02,l3,0.00
i22,e01,c3,p04,l3,0.00
i22,e01,c3,p05,l3,0.00
i22,e01,c3,p06,l3,0.00
i22,e01,c3,p07,l3,0.00
i22,e01,c3,p08,l3,0.00
i22,e01,c3,p09,l3,0.00
i22,e01,c3,p10,l3,0.00
i22,e01,c3,p11,l3,0.00
i22,e01,c3,p12,l3,0.00
i22,e01,c3,p13,l3,0.00
i22,e01,c3,p15,l3,0.00
i22,e01,c3,p16,l3,0.00
i22,e01,c3,p17,l3,0.00
i22,e01,c3,p18,l3,0.00
i22,e01,c3,p19,l3,0.00
i22,e01,c3,p20,l3,0.00
i22,e01,c3,p21,l3,0.00
i22,e01,c3,p22,l3,0.00
i22,e01,c3,p23,l3,0.00
i22,e01,c3,p25,l3,0.00
i22,e01,c3,p29,l3,0.00
i22,e01,c3,p35,l3,0.00
i22,e01,c5,p01,l3,0.00
i22,e01,c5,p02,l3,0.00
i22,e01,c5,p03,l3,0.00
i22,e01,c5,p04,l3,0.00
i22,e01,c5,p05,l3,0.00
i22,e01,c5,p06,l3,0.00
i22,e01,c5,p07,l3,0.00
i22,e01,c5,p08,l3,0.00
i22,e01,c5,p09,l3,0.00
i22,e01,c5,p10,l3,0.00
i22,e01,c5,p11,l3,0.00
i22,e01,c5,p12,l3,0.00
i22,e01,c5,p13,l3,0.00
i22,e01,c5,p14,l3,0.00
i22,e01,c5,p15,l3,0.00
i22,e01,c5,p16,l3,0.00
i22,e01,c5,p17,l3,0.00
i22,e01,c5,p18,l3,0.00
i22,e01,c5,p19,l3,0.00
i22,e01,c5,p20,l3,0.00
i22,e01,c5,p21,l3,0.00
i22,e01,c5,p22,l3,0.00
i22,e01,c5,p23,l3,0.00
i22,e01,c5,p24,l3,0.00
i22,e01,c5,p25,l3,0.00
i22,e01,c5,p26,l3,0.00
i22,e01,c5,p28,l3,0.00
i22,e01,c5,p29,l3,0.00
i22,e01,c5,p30,l3,0.00
i22,e01,c5,p31,l3,0.00
i22,e01,c5,p32,l3,0.00
i22,e01,c5,p33,l3,0.00
i22,e01,c5,p35,l3,0.00
i22,e02,c3,p02,l3,0.00
i22,e02,c3,p03,l3,0.00
i22,e02,c3,p05,l3,0.00
i22,e02,c3,p07,l3,0.00
i22,e02,c3,p08,l1,0.00
i22,e02,c3,p08,l3,0.00
i22,e02,c3,p09,l1,0.00
i22,e02,c3,p09,l3,0.00
i22,e02,c3,p10,l1,0.00
i22,e02,c3,p10,l3,0.00
i22,e02,c3,p11,l3,0.00
i22,e02,c3,p12,l1,0.00
i22,e02,c3,p12,l3,0.00
i22,e02,c3,p13,l1,0.00
i22,e02,c3,p13,l3,0.00
i22,e02,c3,p15,l1,0.00
i22,e02,c3,p15,l3,0.00
i22,e02,c3,p16,l1,0.00
i22,e02,c3,p16,l3,0.00
i22,e02,c3,p18,l1,0.00
i22,e02,c3,p19,l1,0.00
i22,e02,c3,p22,l1,0.00
i22,e02,c3,p22,l3,0.00
i22,e02,c3,p23,l3,0.00
i22,e02,c3,p25,l3,0.00
i22,e02,c3,p28,l1,0.00
i22,e02,c3,p28,l3,0.00
i22,e02,c3,p35,l1,0.00
i22,e02,c3,p35,l3,0.00
i22,e02,c5,p01,l1,0.00
i22,e02,c5,p01,l3,0.00
i22,e02,c5,p02,l1,0.00
i22,e02,c5,p02,l3,0.00
i22,e02,c5,p03,l1,0.00
i22,e02,c5,p03,l3,0.00
i22,e02,c5,p04,l1,0.00
i22,e02,c5,p04,l3,0.00
i22,e02,c5,p05,l1,0.00
i22,e02,c5,p05,l3,2.19
i22,e02,c5,p06,l1,0.00
i22,e02,c5,p06,l3,0.00
i22,e02,c5,p07,l1,0.00
i22,e02,c5,p07,l3,0.00
i22,e02,c5,p08,l1,0.00
i22,e02,c5,p08,l3,0.00
i22,e02,c5,p09,l1,0.00
i22,e02,c5,p09,l3,0.00
i22,e02,c5,p10,l1,0.00
i22,e02,c5,p10,l3,0.00
i22,e02,c5,p11,l1,0.00
i22,e02,c5,p11,l3,0.00
i22,e02,c5,p12,l1,0.00
i22,e02,c5,p12,l3,0.00
i22,e02,c5,p13,l1,0.00
i22,e02,c5,p13,l3,0.00
i22,e02,c5,p14,l1,0.00
i22,e02,c5,p14,l3,0.00
i22,e02,c5,p15,l1,0.00
i22,e02,c5,p15,l3,0.00
i22,e02,c5,p16,l1,0.00
i22,e02,c5,p16,l3,0.00
i22,e02,c5,p17,l1,0.00
i22,e02,c5,p17,l3,0.00
i22,e02,c5,p18,l1,0.00
i22,e02,c5,p18,l3,0.00
i22,e02,c5,p19,l1,0.00
i22,e02,c5,p19,l3,0.00
i22,e02,c5,p20,l1,0.00
i22,e02,c5,p20,l3,0.00
i22,e02,c5,p21,l1,0.00
i22,e02,c5,p21,l3,0.00
i22,e02,c5,p22,l1,0.00
i22,e02,c5,p22,l3,0.00
i22,e02,c5,p23,l1,0.00
i22,e02,c5,p23,l3,0.00
i22,e02,c5,p24,l1,0.00
i22,e02,c5,p24,l3,0.00
i22,e02,c5,p25,l1,0.00
i22,e02,c5,p25,l3,0.00
i22,e02,c5,p26,l1,0.00
i22,e02,c5,p26,l3,0.00
i22,e02,c5,p28,l1,0.00
i22,e02,c5,p28,l3,0.00
i22,e02,c5,p29,l1,0.00
i22,e02,c5,p29,l3,0.00
i22,e02,c5,p31,l1,0.00
i22,e02,c5,p31,l3,0.00
i22,e02,c5,p32,l1,0.00
i22,e02,c5,p32,l3,0.00
i22,e02,c5,p35,l1,0.00
i22,e02,c5,p35,l3,0.00
i22,e04,c3,p01,l1,0.00
i22,e04,c3,p01,l3,0.00
i22,e04,c3,p02,l1,0.00
i22,e04,c3,p02,l3,0.00
i22,e04,c3,p04,l1,0.00
i22,e04,c3,p04,l3,0.00
i22,e04,c3,p05,l1,0.00
i22,e04,c3,p05,l3,0.00
i22,e04,c3,p06,l1,0.00
i22,e04,c3,p06,l3,0.00
i22,e04,c3,p07,l1,0.00
i22,e04,c3,p07,l3,0.00
i22,e04,c3,p08,l1,0.00
i22,e04,c3,p08,l3,0.00
i22,e04,c3,p09,l1,0.00
i22,e04,c3,p09,l3,0.00
i22,e04,c3,p10,l1,0.00
i22,e04,c3,p10,l3,0.00
i22,e04,c3,p11,l1,0.00
i22,e04,c3,p11,l3,0.00
i22,e04,c3,p12,l1,0.00
i22,e04,c3,p12,l3,0.00
i22,e04,c3,p13,l1,0.00
i22,e04,c3,p13,l3,0.00
i22,e04,c3,p15,l1,0.00
i22,e04,c3,p15,l3,0.00
i22,e04,c3,p16,l1,0.00
i22,e04,c3,p16,l3,0.00
i22,e04,c3,p17,l1,0.00
i22,e04,c3,p17,l3,0.00
i22,e04,c3,p18,l1,0.00
i22,e04,c3,p18,l3,0.00
i22,e04,c3,p19,l1,0.00
i22,e04,c3,p19,l3,0.00
i22,e04,c3,p20,l1,0.00
i22,e04,c3,p20,l3,0.00
i22,e04,c3,p21,l1,0.00
i22,e04,c3,p21,l3,0.00
i22,e04,c3,p22,l1,0.00
i22,e04,c3,p22,l3,0.00
i22,e04,c3,p23,l1,0.00
i22,e04,c3,p23,l3,0.00
i22,e04,c3,p25,l1,0.00
i22,e04,c3,p25,l3,0.00
i22,e04,c3,p26,l3,0.00
i22,e04,c3,p28,l1,0.00
i22,e04,c3,p28,l3,0.00
i22,e04,c3,p29,l1,0.00
i22,e04,c3,p29,l3,0.00
i22,e04,c3,p35,l1,0.00
i22,e04,c3,p35,l3,0.00
i22,e04,c5,p01,l1,0.00
i22,e04,c5,p01,l3,0.00
i22,e04,c5,p02,l1,0.00
i22,e04,c5,p02,l3,0.00
i22,e04,c5,p03,l1,0.00
i22,e04,c5,p03,l3,0.00
i22,e04,c5,p04,l1,0.00
i22,e04,c5,p04,l3,0.00
i22,e04,c5,p05,l1,0.00
i22,e04,c5,p05,l3,0.00
i22,e04,c5,p06,l1,0.00
i22,e04,c5,p06,l3,0.00
i22,e04,c5,p07,l1,0.00
i22,e04,c5,p07,l3,0.00
i22,e04,c5,p08,l1,0.00
i22,e04,c5,p08,l3,0.00
i22,e04,c5,p09,l1,0.00
i22,e04,c5,p09,l3,0.00
i22,e04,c5,p10,l1,0.00
i22,e04,c5,p10,l3,0.00
i22,e04,c5,p11,l1,0.00
i22,e04,c5,p11,l3,0.00
i22,e04,c5,p12,l1,0.00
i22,e04,c5,p12,l3,0.00
i22,e04,c5,p13,l1,0.00
i22,e04,c5,p13,l3,0.00
i22,e04,c5,p14,l1,0.00
i22,e04,c5,p14,l3,0.00
i22,e04,c5,p15,l1,0.00
i22,e04,c5,p15,l3,0.00
i22,e04,c5,p16,l1,0.00
i22,e04,c5,p16,l3,0.00
i22,e04,c5,p17,l1,0.00
i22,e04,c5,p17,l3,0.00
i22,e04,c5,p18,l1,0.00
i22,e04,c5,p18,l3,0.00
i22,e04,c5,p19,l1,0.00
i22,e04,c5,p19,l3,0.00
i22,e04,c5,p20,l1,0.00
i22,e04,c5,p20,l3,0.00
i22,e04,c5,p21,l1,0.00
i22,e04,c5,p21,l3,0.00
i22,e04,c5,p22,l1,0.00
i22,e04,c5,p22,l3,0.00
i22,e04,c5,p23,l1,0.00
i22,e04,c5,p23,l3,0.00
i22,e04,c5,p24,l1,0.00
i22,e04,c5,p24,l3,0.00
i22,e04,c5,p25,l1,0.00
i22,e04,c5,p25,l3,0.00
i22,e04,c5,p26,l1,0.00
i22,e04,c5,p26,l3,0.00
i22,e04,c5,p28,l1,0.00
i22,e04,c5,p28,l3,0.00
i22,e04,c5,p29,l1,0.00
i22,e04,c5,p29,l3,0.00
i22,e04,c5,p30,l1,0.00
i22,e04,c5,p30,l3,0.00
i22,e04,c5,p31,l1,0.00
i22,e04,c5,p31,l3,0.00
i22,e04,c5,p32,l1,0.00
i22,e04,c5,p32,l3,0.00
i22,e04,c5,p33,l1,0.00
i22,e04,c5,p33,l3,0.00
i22,e04,c5,p35,l1,0.00
i22,e04,c5,p35,l3,0.00
i22,e04,c8,p18,l3,0.00
i22,e05,c3,p01,l3,0.00
i22,e05,c3,p04,l1,0.00
i22,e05,c3,p05,l1,0.00
i22,e05,c3,p05,l3,0.00
i22,e05,c3,p06,l3,0.00
i22,e05,c3,p07,l1,0.00
i22,e05,c3,p08,l3,0.00
i22,e05,c3,p09,l1,0.00
i22,e05,c3,p09,l3,0.00
i22,e05,c3,p10,l1,0.00
i22,e05,c3,p10,l3,0.00
i22,e05,c3,p12,l3,0.00
i22,e05,c3,p15,l1,0.00
i22,e05,c3,p16,l3,0.00
i22,e05,c3,p18,l1,0.00
i22,e05,c3,p18,l3,0.00
i22,e05,c3,p19,l3,0.00
i22,e05,c3,p25,l1,0.00
i22,e05,c3,p25,l3,0.00
i22,e05,c3,p28,l1,0.00
i22,e05,c3,p28,l3,0.00
i22,e05,c3,p29,l3,0.00
i22,e05,c3,p35,l1,0.00
i22,e05,c3,p35,l3,0.00
i22,e05,c5,p01,l1,0.00
i22,e05,c5,p01,l3,0.00
i22,e05,c5,p02,l1,0.00
i22,e05,c5,p02,l3,0.00
i22,e05,c5,p03,l1,0.00
i22,e05,c5,p03,l3,1.60
i22,e05,c5,p04,l1,0.00
i22,e05,c5,p04,l3,0.00
i22,e05,c5,p05,l1,0.00
i22,e05,c5,p05,l3,0.00
i22,e05,c5,p06,l1,0.00
i22,e05,c5,p06,l3,0.00
i22,e05,c5,p07,l1,0.00
i22,e05,c5,p07,l3,0.00
i22,e05,c5,p08,l1,0.00
i22,e05,c5,p08,l3,1.15
i22,e05,c5,p09,l1,0.00
i22,e05,c5,p09,l3,1.32
i22,e05,c5,p10,l1,0.00
i22,e05,c5,p10,l3,0.00
i22,e05,c5,p11,l1,0.00
i22,e05,c5,p11,l3,1.71
i22,e05,c5,p12,l1,0.00
i22,e05,c5,p12,l3,0.00
i22,e05,c5,p13,l1,0.00
i22,e05,c5,p13,l3,0.00
i22,e05,c5,p14,l1,0.00
i22,e05,c5,p14,l3,0.00
i22,e05,c5,p15,l1,0.00
i22,e05,c5,p15,l3,0.00
i22,e05,c5,p16,l1,0.00
i22,e05,c5,p16,l3,0.00
i22,e05,c5,p17,l1,0.00
i22,e05,c5,p17,l3,0.00
i22,e05,c5,p18,l1,0.00
i22,e05,c5,p18,l3,0.00
i22,e05,c5,p19,l1,0.00
i22,e05,c5,p19,l3,0.00
i22,e05,c5,p20,l1,0.00
i22,e05,c5,p20,l3,0.00
i22,e05,c5,p21,l1,0.00
i22,e05,c5,p21,l3,0.00
i22,e05,c5,p22,l1,0.00
i22,e05,c5,p22,l3,0.00
i22,e05,c5,p23,l1,0.00
i22,e05,c5,p23,l3,0.00
i22,e05,c5,p24,l1,0.00
i22,e05,c5,p24,l3,0.00
i22,e05,c5,p25,l1,0.00
i22,e05,c5,p25,l3,0.00
i22,e05,c5,p26,l1,0.00
i22,e05,c5,p26,l3,0.00
i22,e05,c5,p28,l1,0.00
i22,e05,c5,p28,l3,0.00
i22,e05,c5,p29,l1,0.00
i22,e05,c5,p29,l3,0.00
i22,e05,c5,p30,l1,0.00
i22,e05,c5,p30,l3,0.00
i22,e05,c5,p31,l1,0.00
i22,e05,c5,p31,l3,0.00
i22,e05,c5,p32,l1,0.00
i22,e05,c5,p32,l3,0.00
i22,e05,c5,p35,l1,0.00
i22,e05,c5,p35,l3,3.12
i22,e08,c3,p01,l2,0.00
i22,e08,c3,p01,l3,0.00
i22,e08,c3,p02,l2,0.00
i22,e08,c3,p04,l3,0.00
i22,e08,c3,p05,l2,0.00
i22,e08,c3,p05,l3,0.00
i22,e08,c3,p06,l2,0.00
i22,e08,c3,p06,l3,0.00
i22,e08,c3,p07,l2,0.00
i22,e08,c3,p07,l3,0.00
i22,e08,c3,p08,l2,0.00
i22,e08,c3,p08,l3,0.00
i22,e08,c3,p09,l2,0.00
i22,e08,c3,p09,l3,0.00
i22,e08,c3,p10,l2,0.00
i22,e08,c3,p10,l3,0.00
i22,e08,c3,p11,l2,0.00
i22,e08,c3,p11,l3,0.00
i22,e08,c3,p12,l2,0.00
i22,e08,c3,p12,l3,0.00
i22,e08,c3,p13,l2,0.00
i22,e08,c3,p13,l3,0.00
i22,e08,c3,p15,l2,0.00
i22,e08,c3,p15,l3,0.00
i22,e08,c3,p16,l2,0.00
i22,e08,c3,p16,l3,0.00
i22,e08,c3,p17,l3,0.00
i22,e08,c3,p18,l2,0.00
i22,e08,c3,p18,l3,0.00
i22,e08,c3,p19,l2,0.00
i22,e08,c3,p19,l3,0.00
i22,e08,c3,p20,l2,0.00
i22,e08,c3,p21,l2,0.00
i22,e08,c3,p21,l3,0.00
i22,e08,c3,p22,l2,0.00
i22,e08,c3,p22,l3,0.00
i22,e08,c3,p23,l2,0.00
i22,e08,c3,p23,l3,0.00
i22,e08,c3,p25,l2,0.00
i22,e08,c3,p25,l3,0.00
i22,e08,c3,p26,l3,0.00
i22,e08,c3,p29,l2,0.00
i22,e08,c3,p29,l3,0.00
i22,e08,c3,p35,l2,0.00
i22,e08,c3,p35,l3,0.00
i22,e08,c5,p01,l2,0.00
i22,e08,c5,p01,l3,0.00
i22,e08,c5,p02,l2,0.00
i22,e08,c5,p02,l3,0.00
i22,e08,c5,p03,l2,0.00
i22,e08,c5,p03,l3,0.00
i22,e08,c5,p04,l2,0.00
i22,e08,c5,p04,l3,0.00
i22,e08,c5,p05,l2,0.00
i22,e08,c5,p05,l3,0.00
i22,e08,c5,p06,l2,0.00
i22,e08,c5,p06,l3,0.00
i22,e08,c5,p07,l2,0.00
i22,e08,c5,p07,l3,0.00
i22,e08,c5,p08,l2,0.00
i22,e08,c5,p08,l3,0.00
i22,e08,c5,p09,l2,0.00
i22,e08,c5,p09,l3,0.00
i22,e08,c5,p10,l2,0.00
i22,e08,c5,p10,l3,0.00
i22,e08,c5,p11,l2,0.00
i22,e08,c5,p11,l3,0.00
i22,e08,c5,p12,l2,0.00
i22,e08,c5,p12,l3,0.00
i22,e08,c5,p13,l2,0.00
i22,e08,c5,p13,l3,0.00
i22,e08,c5,p14,l2,0.00
i22,e08,c5,p14,l3,0.00
i22,e08,c5,p15,l2,0.00
i22,e08,c5,p15,l3,0.00
i22,e08,c5,p16,l2,0.00
i22,e08,c5,p16,l3,0.00
i22,e08,c5,p17,l2,0.00
i22,e08,c5,p17,l3,0.00
i22,e08,c5,p18,l2,0.00
i22,e08,c5,p18,l3,0.00
i22,e08,c5,p19,l2,0.00
i22,e08,c5,p19,l3,0.00
i22,e08,c5,p20,l2,0.00
i22,e08,c5,p20,l3,0.00
i22,e08,c5,p21,l2,0.00
i22,e08,c5,p21,l3,0.00
i22,e08,c5,p22,l2,0.00
i22,e08,c5,p22,l3,0.00
i22,e08,c5,p23,l2,0.00
i22,e08,c5,p23,l3,0.00
i22,e08,c5,p24,l2,0.00
i22,e08,c5,p24,l3,0.00
i22,e08,c5,p25,l2,0.00
i22,e08,c5,p25,l3,0.00
i22,e08,c5,p26,l2,0.00
i22,e08,c5,p26,l3,0.00
i22,e08,c5,p28,l2,0.00
i22,e08,c5,p28,l3,0.00
i22,e08,c5,p29,l2,0.00
i22,e08,c5,p29,l3,0.00
i22,e08,c5,p30,l2,0.00
i22,e08,c5,p30,l3,0.00
i22,e08,c5,p31,l2,0.00
i22,e08,c5,p31,l3,0.00
i22,e08,c5,p32,l2,0.00
i22,e08,c5,p32,l3,0.00
i22,e08,c5,p33,l2,0.00
i22,e08,c5,p33,l3,0.00
i22,e08,c5,p35,l2,0.00
i22,e08,c5,p35,l3,0.00
i22,e09,c3,p01,l2,0.00
i22,e09,c3,p01,l3,0.00
i22,e09,c3,p02,l2,0.00
i22,e09,c3,p02,l3,0.00
i22,e09,c3,p04,l2,0.00
i22,e09,c3,p04,l3,0.00
i22,e09,c3,p05,l2,0.00
i22,e09,c3,p05,l3,0.00
i22,e09,c3,p06,l2,0.00
i22,e09,c3,p06,l3,0.00
i22,e09,c3,p07,l2,0.00
i22,e09,c3,p07,l3,0.00
i22,e09,c3,p08,l2,0.00
i22,e09,c3,p08,l3,0.00
i22,e09,c3,p09,l2,0.00
i22,e09,c3,p09,l3,0.00
i22,e09,c3,p10,l2,0.00
i22,e09,c3,p10,l3,0.00
i22,e09,c3,p11,l2,0.00
i22,e09,c3,p11,l3,0.00
i22,e09,c3,p12,l2,0.00
i22,e09,c3,p12,l3,0.00
i22,e09,c3,p13,l2,0.00
i22,e09,c3,p13,l3,0.00
i22,e09,c3,p15,l2,0.00
i22,e09,c3,p15,l3,0.00
i22,e09,c3,p16,l2,0.00
i22,e09,c3,p16,l3,0.00
i22,e09,c3,p17,l2,0.00
i22,e09,c3,p17,l3,0.00
i22,e09,c3,p18,l2,0.00
i22,e09,c3,p18,l3,0.00
i22,e09,c3,p19,l2,0.00
i22,e09,c3,p19,l3,0.00
i22,e09,c3,p20,l3,0.00
i22,e09,c3,p21,l2,0.00
i22,e09,c3,p21,l3,0.00
i22,e09,c3,p22,l2,0.00
i22,e09,c3,p22,l3,0.00
i22,e09,c3,p23,l2,0.00
i22,e09,c3,p23,l3,0.00
i22,e09,c3,p25,l2,0.00
i22,e09,c3,p28,l2,0.00
i22,e09,c3,p28,l3,0.00
i22,e09,c3,p29,l2,0.00
i22,e09,c3,p29,l3,0.00
i22,e09,c3,p35,l2,0.00
i22,e09,c3,p35,l3,0.00
i22,e09,c5,p01,l2,0.00
i22,e09,c5,p01,l3,0.00
i22,e09,c5,p02,l2,0.00
i22,e09,c5,p02,l3,0.00
i22,e09,c5,p03,l2,0.00
i22,e09,c5,p03,l3,0.00
i22,e09,c5,p04,l2,0.00
i22,e09,c5,p04,l3,0.00
i22,e09,c5,p05,l2,0.00
i22,e09,c5,p05,l3,0.00
i22,e09,c5,p06,l2,0.00
i22,e09,c5,p06,l3,0.00
i22,e09,c5,p07,l2,0.00
i22,e09,c5,p07,l3,0.00
i22,e09,c5,p08,l2,0.00
i22,e09,c5,p08,l3,0.00
i22,e09,c5,p09,l2,0.00
i22,e09,c5,p09,l3,0.00
i22,e09,c5,p10,l2,0.00
i22,e09,c5,p10,l3,0.00
i22,e09,c5,p11,l2,0.00
i22,e09,c5,p11,l3,0.00
i22,e09,c5,p12,l2,0.00
i22,e09,c5,p12,l3,0.00
i22,e09,c5,p13,l2,0.00
i22,e09,c5,p13,l3,0.00
i22,e09,c5,p14,l2,0.00
i22,e09,c5,p14,l3,0.00
i22,e09,c5,p15,l2,0.00
i22,e09,c5,p15,l3,0.00
i22,e09,c5,p16,l2,0.00
i22,e09,c5,p16,l3,0.00
i22,e09,c5,p17,l2,0.00
i22,e09,c5,p17,l3,0.00
i22,e09,c5,p18,l2,0.00
i22,e09,c5,p18,l3,0.00
i22,e09,c5,p19,l2,0.00
i22,e09,c5,p19,l3,0.00
i22,e09,c5,p20,l2,0.00
i22,e09,c5,p20,l3,0.00
i22,e09,c5,p21,l2,0.00
i22,e09,c5,p21,l3,0.00
i22,e09,c5,p22,l2,0.00
i22,e09,c5,p22,l3,0.00
i22,e09,c5,p23,l2,0.00
i22,e09,c5,p23,l3,0.00
i22,e09,c5,p24,l2,0.00
i22,e09,c5,p24,l3,0.00
i22,e09,c5,p25,l2,0.00
i22,e09,c5,p25,l3,0.00
i22,e09,c5,p26,l2,0.00
i22,e09,c5,p26,l3,0.00
i22,e09,c5,p28,l2,0.00
i22,e09,c5,p28,l3,0.00
i22,e09,c5,p29,l2,0.00
i22,e09,c5,p29,l3,0.00
i22,e09,c5,p30,l2,0.00
i22,e09,c5,p30,l3,0.00
i22,e09,c5,p31,l2,0.00
i22,e09,c5,p31,l3,0.00
i22,e09,c5,p32,l2,0.00
i22,e09,c5,p32,l3,0.00
i22,e09,c5,p33,l2,0.00
i22,e09,c5,p33,l3,0.00
i22,e09,c5,p35,l2,0.00
i22,e09,c5,p35,l3,0.00
i22,e11,c3,p02,l2,0.00
i22,e11,c3,p06,l2,0.00
i22,e11,c3,p06,l3,0.00
i22,e11,c3,p07,l2,0.00
i22,e11,c3,p07,l3,0.00
i22,e11,c3,p08,l2,0.00
i22,e11,c3,p08,l3,0.00
i22,e11,c3,p09,l2,0.00
i22,e11,c3,p09,l3,0.00
i22,e11,c3,p10,l2,0.00
i22,e11,c3,p10,l3,0.00
i22,e11,c3,p13,l2,0.00
i22,e11,c3,p13,l3,0.00
i22,e11,c3,p15,l3,0.00
i22,e11,c3,p16,l2,0.00
i22,e11,c3,p16,l3,0.00
i22,e11,c3,p18,l3,0.00
i22,e11,c3,p19,l2,0.00
i22,e11,c3,p19,l3,0.00
i22,e11,c3,p20,l2,0.00
i22,e11,c3,p21,l2,0.00
i22,e11,c3,p22,l2,0.00
i22,e11,c3,p22,l3,0.00
i22,e11,c3,p23,l2,0.00
i22,e11,c3,p23,l3,0.00
i22,e11,c3,p25,l2,0.00
i22,e11,c3,p25,l3,0.00
i22,e11,c3,p28,l2,0.00
i22,e11,c3,p28,l3,0.00
i22,e11,c3,p29,l2,0.00
i22,e11,c3,p29,l3,0.00
i22,e11,c3,p35,l2,0.00
i22,e11,c3,p35,l3,0.00
i22,e11,c5,p01,l2,0.00
i22,e11,c5,p01,l3,0.00
i22,e11,c5,p02,l2,0.00
i22,e11,c5,p02,l3,0.00
i22,e11,c5,p03,l2,0.00
i22,e11,c5,p03,l3,0.00
i22,e11,c5,p04,l2,0.00
i22,e11,c5,p04,l3,0.00
i22,e11,c5,p05,l2,0.00
i22,e11,c5,p05,l3,0.00
i22,e11,c5,p06,l2,0.00
i22,e11,c5,p06,l3,0.00
i22,e11,c5,p07,l2,0.00
i22,e11,c5,p07,l3,0.00
i22,e11,c5,p08,l2,0.00
i22,e11,c5,p08,l3,0.00
i22,e11,c5,p09,l2,0.00
i22,e11,c5,p09,l3,0.00
i22,e11,c5,p10,l2,0.00
i22,e11,c5,p10,l3,0.00
i22,e11,c5,p11,l2,0.00
i22,e11,c5,p11,l3,0.00
i22,e11,c5,p12,l2,0.00
i22,e11,c5,p12,l3,0.00
i22,e11,c5,p13,l2,0.00
i22,e11,c5,p13,l3,0.00
i22,e11,c5,p14,l2,0.00
i22,e11,c5,p14,l3,0.00
i22,e11,c5,p15,l2,0.00
i22,e11,c5,p15,l3,0.00
i22,e11,c5,p16,l2,0.00
i22,e11,c5,p16,l3,0.00
i22,e11,c5,p17,l2,0.00
i22,e11,c5,p17,l3,0.00
i22,e11,c5,p18,l2,0.00
i22,e11,c5,p18,l3,0.00
i22,e11,c5,p19,l2,0.00
i22,e11,c5,p19,l3,0.00
i22,e11,c5,p20,l2,0.00
i22,e11,c5,p20,l3,0.00
i22,e11,c5,p21,l2,0.00
i22,e11,c5,p21,l3,0.00
i22,e11,c5,p22,l2,0.00
i22,e11,c5,p22,l3,0.00
i22,e11,c5,p23,l2,0.00
i22,e11,c5,p23,l3,0.00
i22,e11,c5,p24,l2,0.00
i22,e11,c5,p24,l3,0.00
i22,e11,c5,p25,l2,0.00
i22,e11,c5,p25,l3,0.00
i22,e11,c5,p26,l2,0.00
i22,e11,c5,p26,l3,0.00
i22,e11,c5,p28,l2,0.00
i22,e11,c5,p28,l3,0.00
i22,e11,c5,p29,l2,0.00
i22,e11,c5,p29,l3,0.00
i22,e11,c5,p30,l2,0.00
i22,e11,c5,p30,l3,0.00
i22,e11,c5,p31,l2,0.00
i22,e11,c5,p31,l3,0.00
i22,e11,c5,p32,l2,0.00
i22,e11,c5,p32,l3,0.00
i22,e11,c5,p33,l2,0.00
i22,e11,c5,p33,l3,0.00
i22,e11,c5,p35,l2,0.00
i22,e11,c5,p35,l3,0.00
i23,e01,c3,p01,l3,0.00
i23,e01,c3,p02,l3,0.00
i23,e01,c3,p03,l3,0.00
i23,e01,c3,p04,l3,0.00
i23,e01,c3,p05,l3,0.00
i23,e01,c3,p06,l3,0.00
i23,e01,c3,p07,l3,0.00
i23,e01,c3,p08,l3,0.00
i23,e01,c3,p09,l3,0.00
i23,e01,c3,p10,l3,1.50
i23,e01,c3,p11,l3,0.00
i23,e01,c3,p12,l3,0.00
i23,e01,c3,p13,l3,0.00
i23,e01,c3,p14,l3,0.00
i23,e01,c3,p15,l3,0.00
i23,e01,c3,p16,l3,0.00
i23,e01,c3,p17,l3,0.00
i23,e01,c3,p18,l3,0.00
i23,e01,c3,p19,l3,0.00
i23,e01,c3,p20,l3,0.00
i23,e01,c3,p21,l3,0.00
i23,e01,c3,p22,l3,0.00
i23,e01,c3,p23,l3,0.00
i23,e01,c3,p24,l3,0.00
i23,e01,c3,p26,l3,0.00
i23,e01,c3,p28,l3,0.00
i23,e01,c3,p29,l3,0.00
i23,e01,c3,p31,l3,0.00
i23,e01,c3,p35,l3,0.00
i23,e01,c5,p01,l3,7.16
i23,e01,c5,p02,l3,0.00
i23,e01,c5,p03,l3,2.90
i23,e01,c5,p04,l3,0.00
i23,e01,c5,p05,l3,0.00
i23,e01,c5,p06,l3,0.00
i23,e01,c5,p07,l3,19.53
i23,e01,c5,p08,l3,0.00
i23,e01,c5,p09,l3,2.73
i23,e01,c5,p10,l3,1.22
i23,e01,c5,p11,l3,1.15
i23,e01,c5,p12,l3,0.00
i23,e01,c5,p13,l3,0.00
i23,e01,c5,p14,l3,3.77
i23,e01,c5,p15,l3,0.00
i23,e01,c5,p16,l3,0.00
i23,e01,c5,p17,l3,1.07
i23,e01,c5,p18,l3,0.00
i23,e01,c5,p19,l3,0.00
i23,e01,c5,p20,l3,0.00
i23,e01,c5,p21,l3,0.00
i23,e01,c5,p22,l3,0.00
i23,e01,c5,p23,l3,0.00
i23,e01,c5,p24,l3,0.00
i23,e01,c5,p25,l3,0.00
i23,e01,c5,p26,l3,0.00
i23,e01,c5,p28,l3,0.00
i23,e01,c5,p29,l3,0.00
i23,e01,c5,p30,l3,0.00
i23,e01,c5,p31,l3,0.00
i23,e01,c5,p32,l3,0.00
i23,e01,c5,p33,l3,0.00
i23,e01,c5,p35,l3,2.51
i23,e02,c3,p06,l1,0.00
i23,e02,c3,p07,l3,0.00
i23,e02,c3,p10,l3,0.00
i23,e02,c3,p12,l1,0.00
i23,e02,c3,p14,l3,0.00
i23,e02,c3,p15,l3,0.00
i23,e02,c3,p24,l1,0.00
i23,e02,c3,p29,l3,0.00
i23,e02,c3,p35,l1,0.00
i23,e02,c5,p01,l1,0.00
i23,e02,c5,p01,l3,0.00
i23,e02,c5,p02,l1,0.00
i23,e02,c5,p02,l3,0.00
i23,e02,c5,p03,l1,0.00
i23,e02,c5,p03,l3,0.00
i23,e02,c5,p04,l1,0.00
i23,e02,c5,p04,l3,0.00
i23,e02,c5,p05,l1,0.00
i23,e02,c5,p05,l3,0.00
i23,e02,c5,p06,l1,0.00
i23,e02,c5,p06,l3,0.00
i23,e02,c5,p07,l1,0.00
i23,e02,c5,p07,l3,0.00
i23,e02,c5,p08,l1,0.00
i23,e02,c5,p08,l3,0.00
i23,e02,c5,p09,l1,0.00
i23,e02,c5,p09,l3,0.00
i23,e02,c5,p10,l1,0.00
i23,e02,c5,p10,l3,0.00
i23,e02,c5,p11,l1,0.00
i23,e02,c5,p11,l3,0.00
i23,e02,c5,p12,l1,0.00
i23,e02,c5,p12,l3,0.00
i23,e02,c5,p13,l1,0.00
i23,e02,c5,p13,l3,0.00
i23,e02,c5,p14,l1,0.00
i23,e02,c5,p14,l3,0.00
i23,e02,c5,p15,l1,0.00
i23,e02,c5,p15,l3,0.00
i23,e02,c5,p16,l1,0.00
i23,e02,c5,p16,l3,0.00
i23,e02,c5,p17,l1,0.00
i23,e02,c5,p17,l3,0.00
i23,e02,c5,p18,l1,0.00
i23,e02,c5,p18,l3,0.00
i23,e02,c5,p19,l1,0.00
i23,e02,c5,p19,l3,0.00
i23,e02,c5,p20,l1,0.00
i23,e02,c5,p20,l3,0.00
i23,e02,c5,p21,l1,0.00
i23,e02,c5,p21,l3,0.00
i23,e02,c5,p22,l1,0.00
i23,e02,c5,p22,l3,0.00
i23,e02,c5,p23,l1,0.00
i23,e02,c5,p23,l3,0.00
i23,e02,c5,p24,l1,0.00
i23,e02,c5,p24,l3,0.00
i23,e02,c5,p25,l1,0.00
i23,e02,c5,p25,l3,0.00
i23,e02,c5,p26,l3,0.00
i23,e02,c5,p28,l1,0.00
i23,e02,c5,p28,l3,0.00
i23,e02,c5,p29,l1,0.00
i23,e02,c5,p29,l3,0.00
i23,e02,c5,p31,l3,0.00
i23,e02,c5,p32,l1,0.00
i23,e02,c5,p32,l3,0.00
i23,e02,c5,p35,l1,0.00
i23,e02,c5,p35,l3,0.00
i23,e03,c3,p01,l3,0.00
i23,e03,c3,p02,l3,0.00
i23,e03,c3,p03,l3,0.00
i23,e03,c3,p04,l3,0.00
i23,e03,c3,p05,l3,0.00
i23,e03,c3,p06,l3,0.00
i23,e03,c3,p07,l3,0.00
i23,e03,c3,p08,l3,0.00
i23,e03,c3,p09,l3,0.00
i23,e03,c3,p10,l3,1.89
i23,e03,c3,p11,l3,0.00
i23,e03,c3,p12,l3,0.00
i23,e03,c3,p13,l3,0.00
i23,e03,c3,p14,l3,0.00
i23,e03,c3,p15,l3,0.00
i23,e03,c3,p16,l3,0.00
i23,e03,c3,p17,l3,0.00
i23,e03,c3,p18,l3,0.00
i23,e03,c3,p19,l3,0.00
i23,e03,c3,p20,l3,0.00
i23,e03,c3,p21,l3,0.00
i23,e03,c3,p22,l3,0.00
i23,e03,c3,p23,l3,0.00
i23,e03,c3,p24,l3,0.00
i23,e03,c3,p26,l3,0.00
i23,e03,c3,p28,l3,0.00
i23,e03,c3,p29,l3,0.00
i23,e03,c3,p35,l3,0.00
i23,e03,c5,p01,l3,0.00
i23,e03,c5,p02,l3,0.00
i23,e03,c5,p03,l3,2.08
i23,e03,c5,p04,l3,0.00
i23,e03,c5,p05,l3,0.00
i23,e03,c5,p06,l3,0.00
i23,e03,c5,p07,l3,20.07
i23,e03,c5,p08,l3,0.00
i23,e03,c5,p09,l3,2.18
i23,e03,c5,p10,l3,7.20
i23,e03,c5,p11,l3,0.00
i23,e03,c5,p12,l3,0.00
i23,e03,c5,p13,l3,0.00
i23,e03,c5,p14,l3,1.59
i23,e03,c5,p15,l3,0.00
i23,e03,c5,p16,l3,0.00
i23,e03,c5,p17,l3,0.00
i23,e03,c5,p18,l3,0.00
i23,e03,c5,p19,l3,0.00
i23,e03,c5,p20,l3,0.00
i23,e03,c5,p21,l3,1.89
i23,e03,c5,p22,l3,0.00
i23,e03,c5,p23,l3,0.00
i23,e03,c5,p24,l3,1.59
i23,e03,c5,p25,l3,0.00
i23,e03,c5,p26,l3,0.00
i23,e03,c5,p28,l3,0.00
i23,e03,c5,p29,l3,0.00
i23,e03,c5,p30,l3,0.00
i23,e03,c5,p31,l3,0.00
i23,e03,c5,p32,l3,0.00
i23,e03,c5,p33,l3,0.00
i23,e03,c5,p35,l3,6.56
i23,e04,c3,p01,l1,0.00
i23,e04,c3,p01,l3,0.00
i23,e04,c3,p02,l1,0.00
i23,e04,c3,p02,l3,0.00
i23,e04,c3,p03,l1,0.00
i23,e04,c3,p03,l3,0.00
i23,e04,c3,p04,l1,0.00
i23,e04,c3,p04,l3,0.00
i23,e04,c3,p05,l1,0.00
i23,e04,c3,p05,l3,0.00
i23,e04,c3,p06,l1,0.00
i23,e04,c3,p06,l3,0.00
i23,e04,c3,p07,l1,0.00
i23,e04,c3,p07,l3,0.00
i23,e04,c3,p08,l3,0.00
i23,e04,c3,p09,l1,0.00
i23,e04,c3,p09,l3,0.00
i23,e04,c3,p10,l1,0.00
i23,e04,c3,p10,l3,1.73
i23,e04,c3,p11,l1,0.00
i23,e04,c3,p11,l3,0.00
i23,e04,c3,p12,l1,0.00
i23,e04,c3,p12,l3,0.00
i23,e04,c3,p13,l1,0.00
i23,e04,c3,p13,l3,0.00
i23,e04,c3,p14,l3,0.00
i23,e04,c3,p15,l1,0.00
i23,e04,c3,p15,l3,0.00
i23,e04,c3,p16,l3,0.00
i23,e04,c3,p17,l1,0.00
i23,e04,c3,p17,l3,0.00
i23,e04,c3,p18,l3,0.00
i23,e04,c3,p19,l1,0.00
i23,e04,c3,p19,l3,0.00
i23,e04,c3,p21,l1,0.00
i23,e04,c3,p21,l3,0.00
i23,e04,c3,p22,l3,0.00
i23,e04,c3,p23,l1,0.00
i23,e04,c3,p23,l3,0.00
i23,e04,c3,p24,l1,0.00
i23,e04,c3,p24,l3,0.00
i23,e04,c3,p26,l3,0.00
i23,e04,c3,p28,l3,0.00
i23,e04,c3,p29,l1,0.00
i23,e04,c3,p29,l3,0.00
i23,e04,c3,p31,l1,0.00
i23,e04,c3,p35,l1,0.00
i23,e04,c3,p35,l3,0.00
i23,e04,c5,p01,l1,0.00
i23,e04,c5,p01,l3,0.00
i23,e04,c5,p02,l1,0.00
i23,e04,c5,p02,l3,0.00
i23,e04,c5,p03,l1,0.00
i23,e04,c5,p03,l3,0.00
i23,e04,c5,p04,l1,0.00
i23,e04,c5,p04,l3,0.00
i23,e04,c5,p05,l1,0.00
i23,e04,c5,p05,l3,0.00
i23,e04,c5,p06,l1,0.00
i23,e04,c5,p06,l3,1.51
i23,e04,c5,p07,l1,0.00
i23,e04,c5,p07,l3,23.51
i23,e04,c5,p08,l1,0.00
i23,e04,c5,p08,l3,1.24
i23,e04,c5,p09,l1,0.00
i23,e04,c5,p09,l3,0.00
i23,e04,c5,p10,l1,0.00
i23,e04,c5,p10,l3,3.24
i23,e04,c5,p11,l1,0.00
i23,e04,c5,p11,l3,0.00
i23,e04,c5,p12,l1,0.00
i23,e04,c5,p12,l3,0.00
i23,e04,c5,p13,l1,0.00
i23,e04,c5,p13,l3,0.00
i23,e04,c5,p14,l1,0.00
i23,e04,c5,p14,l3,0.00
i23,e04,c5,p15,l1,0.00
i23,e04,c5,p15,l3,0.00
i23,e04,c5,p16,l1,0.00
i23,e04,c5,p16,l3,0.00
i23,e04,c5,p17,l1,0.00
i23,e04,c5,p17,l3,4.34
i23,e04,c5,p18,l1,0.00
i23,e04,c5,p18,l3,0.00
i23,e04,c5,p19,l1,0.00
i23,e04,c5,p19,l3,0.00
i23,e04,c5,p20,l1,0.00
i23,e04,c5,p20,l3,0.00
i23,e04,c5,p21,l1,0.00
i23,e04,c5,p21,l3,0.00
i23,e04,c5,p22,l1,0.00
i23,e04,c5,p22,l3,0.00
i23,e04,c5,p23,l1,0.00
i23,e04,c5,p23,l3,0.00
i23,e04,c5,p24,l1,0.00
i23,e04,c5,p24,l3,0.00
i23,e04,c5,p25,l1,0.00
i23,e04,c5,p25,l3,0.00
i23,e04,c5,p26,l1,0.00
i23,e04,c5,p26,l3,0.00
i23,e04,c5,p28,l1,0.00
i23,e04,c5,p28,l3,0.00
i23,e04,c5,p29,l1,0.00
i23,e04,c5,p29,l3,0.00
i23,e04,c5,p30,l1,0.00
i23,e04,c5,p30,l3,0.00
i23,e04,c5,p31,l1,0.00
i23,e04,c5,p31,l3,0.00
i23,e04,c5,p32,l1,0.00
i23,e04,c5,p32,l3,0.00
i23,e04,c5,p33,l1,0.00
i23,e04,c5,p33,l3,0.00
i23,e04,c5,p35,l1,0.00
i23,e04,c5,p35,l3,14.57
i23,e05,c3,p01,l3,0.00
i23,e05,c3,p02,l3,0.00
i23,e05,c3,p03,l1,0.00
i23,e05,c3,p03,l3,0.00
i23,e05,c3,p04,l3,0.00
i23,e05,c3,p05,l3,0.00
i23,e05,c3,p06,l3,0.00
i23,e05,c3,p07,l3,0.00
i23,e05,c3,p09,l3,0.00
i23,e05,c3,p10,l3,0.00
i23,e05,c3,p14,l3,0.00
i23,e05,c3,p15,l3,0.00
i23,e05,c3,p23,l3,0.00
i23,e05,c3,p24,l3,0.00
i23,e05,c3,p29,l3,0.00
i23,e05,c3,p35,l3,0.00
i23,e05,c5,p01,l1,0.00
i23,e05,c5,p01,l3,0.00
i23,e05,c5,p02,l1,0.00
i23,e05,c5,p02,l3,0.00
i23,e05,c5,p03,l1,0.00
i23,e05,c5,p03,l3,0.00
i23,e05,c5,p04,l1,0.00
i23,e05,c5,p04,l3,0.00
i23,e05,c5,p05,l1,0.00
i23,e05,c5,p05,l3,0.00
i23,e05,c5,p06,l1,0.00
i23,e05,c5,p06,l3,0.00
i23,e05,c5,p07,l1,0.00
i23,e05,c5,p07,l3,0.00
i23,e05,c5,p08,l1,0.00
i23,e05,c5,p08,l3,0.00
i23,e05,c5,p09,l1,0.00
i23,e05,c5,p09,l3,0.00
i23,e05,c5,p10,l1,0.00
i23,e05,c5,p10,l3,0.00
i23,e05,c5,p11,l1,0.00
i23,e05,c5,p11,l3,0.00
i23,e05,c5,p12,l1,0.00
i23,e05,c5,p12,l3,0.00
i23,e05,c5,p13,l1,0.00
i23,e05,c5,p13,l3,0.00
i23,e05,c5,p14,l1,0.00
i23,e05,c5,p14,l3,0.00
i23,e05,c5,p15,l1,0.00
i23,e05,c5,p15,l3,0.00
i23,e05,c5,p16,l1,0.00
i23,e05,c5,p16,l3,0.00
i23,e05,c5,p17,l1,0.00
i23,e05,c5,p17,l3,0.00
i23,e05,c5,p18,l1,0.00
i23,e05,c5,p18,l3,0.00
i23,e05,c5,p19,l1,0.00
i23,e05,c5,p19,l3,0.00
i23,e05,c5,p20,l1,0.00
i23,e05,c5,p20,l3,0.00
i23,e05,c5,p21,l1,0.00
i23,e05,c5,p21,l3,0.00
i23,e05,c5,p22,l1,0.00
i23,e05,c5,p22,l3,0.00
i23,e05,c5,p23,l1,0.00
i23,e05,c5,p23,l3,0.00
i23,e05,c5,p24,l1,0.00
i23,e05,c5,p24,l3,0.00
i23,e05,c5,p25,l1,0.00
i23,e05,c5,p25,l3,0.00
i23,e05,c5,p26,l1,0.00
i23,e05,c5,p26,l3,0.00
i23,e05,c5,p28,l1,0.00
i23,e05,c5,p28,l3,0.00
i23,e05,c5,p29,l1,0.00
i23,e05,c5,p29,l3,0.00
i23,e05,c5,p31,l1,0.00
i23,e05,c5,p31,l3,0.00
i23,e05,c5,p32,l1,0.00
i23,e05,c5,p32,l3,0.00
i23,e05,c5,p35,l1,0.00
i23,e05,c5,p35,l3,0.00
i23,e07,c3,p02,l3,0.00
i23,e07,c3,p16,l2,0.00
i23,e07,c3,p35,l2,0.00
i23,e07,c5,p01,l2,0.00
i23,e07,c5,p01,l3,0.00
i23,e07,c5,p02,l2,0.00
i23,e07,c5,p02,l3,0.00
i23,e07,c5,p03,l2,0.00
i23,e07,c5,p03,l3,0.00
i23,e07,c5,p04,l2,0.00
i23,e07,c5,p04,l3,0.00
i23,e07,c5,p05,l2,0.00
i23,e07,c5,p05,l3,0.00
i23,e07,c5,p06,l2,0.00
i23,e07,c5,p06,l3,0.00
i23,e07,c5,p07,l2,0.00
i23,e07,c5,p07,l3,0.00
i23,e07,c5,p08,l2,0.00
i23,e07,c5,p08,l3,0.00
i23,e07,c5,p09,l2,0.00
i23,e07,c5,p09,l3,0.00
i23,e07,c5,p10,l2,0.00
i23,e07,c5,p10,l3,0.00
i23,e07,c5,p11,l2,0.00
i23,e07,c5,p11,l3,0.00
i23,e07,c5,p12,l2,0.00
i23,e07,c5,p12,l3,0.00
i23,e07,c5,p13,l2,0.00
i23,e07,c5,p13,l3,0.00
i23,e07,c5,p14,l2,0.00
i23,e07,c5,p14,l3,0.00
i23,e07,c5,p15,l2,0.00
i23,e07,c5,p15,l3,0.00
i23,e07,c5,p16,l2,0.00
i23,e07,c5,p16,l3,0.00
i23,e07,c5,p17,l2,0.00
i23,e07,c5,p17,l3,0.00
i23,e07,c5,p18,l2,0.00
i23,e07,c5,p18,l3,0.00
i23,e07,c5,p19,l2,0.00
i23,e07,c5,p19,l3,0.00
i23,e07,c5,p20,l2,0.00
i23,e07,c5,p20,l3,0.00
i23,e07,c5,p21,l2,0.00
i23,e07,c5,p21,l3,0.00
i23,e07,c5,p22,l2,0.00
i23,e07,c5,p22,l3,0.00
i23,e07,c5,p23,l2,0.00
i23,e07,c5,p23,l3,0.00
i23,e07,c5,p24,l2,0.00
i23,e07,c5,p24,l3,0.00
i23,e07,c5,p25,l2,0.00
i23,e07,c5,p28,l2,0.00
i23,e07,c5,p28,l3,0.00
i23,e07,c5,p29,l2,0.00
i23,e07,c5,p29,l3,0.00
i23,e07,c5,p31,l2,0.00
i23,e07,c5,p31,l3,0.00
i23,e07,c5,p32,l2,0.00
i23,e07,c5,p32,l3,0.00
i23,e07,c5,p35,l2,0.00
i23,e07,c5,p35,l3,0.00
i23,e08,c3,p01,l3,0.00
i23,e08,c3,p02,l2,0.00
i23,e08,c3,p02,l3,0.00
i23,e08,c3,p03,l2,0.00
i23,e08,c3,p03,l3,0.00
i23,e08,c3,p04,l3,0.00
i23,e08,c3,p05,l3,0.00
i23,e08,c3,p06,l2,0.00
i23,e08,c3,p06,l3,0.00
i23,e08,c3,p07,l2,0.00
i23,e08,c3,p07,l3,0.00
i23,e08,c3,p09,l2,0.00
i23,e08,c3,p09,l3,0.00
i23,e08,c3,p10,l2,0.00
i23,e08,c3,p10,l3,0.00
i23,e08,c3,p11,l2,0.00
i23,e08,c3,p11,l3,0.00
i23,e08,c3,p12,l2,0.00
i23,e08,c3,p12,l3,0.00
i23,e08,c3,p13,l2,0.00
i23,e08,c3,p13,l3,0.00
i23,e08,c3,p14,l3,0.00
i23,e08,c3,p15,l2,0.00
i23,e08,c3,p15,l3,0.00
i23,e08,c3,p16,l3,0.00
i23,e08,c3,p17,l2,0.00
i23,e08,c3,p17,l3,0.00
i23,e08,c3,p18,l3,0.00
i23,e08,c3,p19,l3,0.00
i23,e08,c3,p21,l2,0.00
i23,e08,c3,p21,l3,0.00
i23,e08,c3,p22,l2,0.00
i23,e08,c3,p22,l3,0.00
i23,e08,c3,p23,l2,0.00
i23,e08,c3,p23,l3,0.00
i23,e08,c3,p24,l2,0.00
i23,e08,c3,p24,l3,0.00
i23,e08,c3,p26,l3,0.00
i23,e08,c3,p28,l3,0.00
i23,e08,c3,p29,l2,0.00
i23,e08,c3,p29,l3,0.00
i23,e08,c3,p31,l2,0.00
i23,e08,c3,p35,l2,0.00
i23,e08,c3,p35,l3,0.00
i23,e08,c5,p01,l2,0.00
i23,e08,c5,p01,l3,0.00
i23,e08,c5,p02,l2,0.00
i23,e08,c5,p02,l3,0.00
i23,e08,c5,p03,l2,0.00
i23,e08,c5,p03,l3,0.00
i23,e08,c5,p04,l2,0.00
i23,e08,c5,p04,l3,0.00
i23,e08,c5,p05,l2,0.00
i23,e08,c5,p05,l3,0.00
i23,e08,c5,p06,l2,0.00
i23,e08,c5,p06,l3,0.00
i23,e08,c5,p07,l2,0.00
i23,e08,c5,p07,l3,38.75
i23,e08,c5,p08,l2,0.00
i23,e08,c5,p08,l3,0.00
i23,e08,c5,p09,l2,0.00
i23,e08,c5,p09,l3,1.13
i23,e08,c5,p10,l2,0.00
i23,e08,c5,p10,l3,16.56
i23,e08,c5,p11,l2,0.00
i23,e08,c5,p11,l3,0.00
i23,e08,c5,p12,l2,0.00
i23,e08,c5,p12,l3,0.00
i23,e08,c5,p13,l2,0.00
i23,e08,c5,p13,l3,0.00
i23,e08,c5,p14,l2,0.00
i23,e08,c5,p14,l3,3.22
i23,e08,c5,p15,l2,0.00
i23,e08,c5,p15,l3,0.00
i23,e08,c5,p16,l2,0.00
i23,e08,c5,p16,l3,0.00
i23,e08,c5,p17,l2,0.00
i23,e08,c5,p17,l3,0.00
i23,e08,c5,p18,l2,0.00
i23,e08,c5,p18,l3,0.00
i23,e08,c5,p19,l2,0.00
i23,e08,c5,p19,l3,0.00
i23,e08,c5,p20,l2,0.00
i23,e08,c5,p20,l3,0.00
i23,e08,c5,p21,l2,0.00
i23,e08,c5,p21,l3,3.45
i23,e08,c5,p22,l2,0.00
i23,e08,c5,p22,l3,0.00
i23,e08,c5,p23,l2,0.00
i23,e08,c5,p23,l3,0.00
i23,e08,c5,p24,l2,0.00
i23,e08,c5,p24,l3,21.18
i23,e08,c5,p25,l2,0.00
i23,e08,c5,p25,l3,0.00
i23,e08,c5,p26,l2,0.00
i23,e08,c5,p26,l3,0.00
i23,e08,c5,p28,l2,0.00
i23,e08,c5,p28,l3,0.00
i23,e08,c5,p29,l2,0.00
i23,e08,c5,p29,l3,0.00
i23,e08,c5,p30,l2,0.00
i23,e08,c5,p30,l3,0.00
i23,e08,c5,p31,l2,0.00
i23,e08,c5,p31,l3,0.00
i23,e08,c5,p32,l2,0.00
i23,e08,c5,p32,l3,0.00
i23,e08,c5,p33,l3,0.00
i23,e08,c5,p35,l2,0.00
i23,e08,c5,p35,l3,51.12
i23,e09,c3,p01,l2,0.00
i23,e09,c3,p01,l3,0.00
i23,e09,c3,p02,l2,0.00
i23,e09,c3,p02,l3,0.00
i23,e09,c3,p03,l2,0.00
i23,e09,c3,p03,l3,0.00
i23,e09,c3,p04,l3,0.00
i23,e09,c3,p05,l3,0.00
i23,e09,c3,p06,l2,0.00
i23,e09,c3,p06,l3,0.00
i23,e09,c3,p07,l2,0.00
i23,e09,c3,p07,l3,0.00
i23,e09,c3,p08,l3,0.00
i23,e09,c3,p09,l2,0.00
i23,e09,c3,p09,l3,0.00
i23,e09,c3,p10,l2,0.00
i23,e09,c3,p10,l3,1.11
i23,e09,c3,p11,l2,0.00
i23,e09,c3,p11,l3,0.00
i23,e09,c3,p12,l2,0.00
i23,e09,c3,p12,l3,0.00
i23,e09,c3,p13,l2,0.00
i23,e09,c3,p13,l3,0.00
i23,e09,c3,p14,l2,0.00
i23,e09,c3,p14,l3,0.00
i23,e09,c3,p15,l2,0.00
i23,e09,c3,p15,l3,0.00
i23,e09,c3,p16,l2,0.00
i23,e09,c3,p16,l3,0.00
i23,e09,c3,p17,l2,0.00
i23,e09,c3,p17,l3,0.00
i23,e09,c3,p18,l2,0.00
i23,e09,c3,p18,l3,0.00
i23,e09,c3,p19,l2,0.00
i23,e09,c3,p19,l3,0.00
i23,e09,c3,p20,l3,0.00
i23,e09,c3,p21,l2,0.00
i23,e09,c3,p21,l3,0.00
i23,e09,c3,p22,l2,0.00
i23,e09,c3,p22,l3,0.00
i23,e09,c3,p23,l2,0.00
i23,e09,c3,p23,l3,0.00
i23,e09,c3,p24,l2,0.00
i23,e09,c3,p24,l3,0.00
i23,e09,c3,p26,l3,0.00
i23,e09,c3,p28,l3,0.00
i23,e09,c3,p29,l2,0.00
i23,e09,c3,p29,l3,0.00
i23,e09,c3,p31,l2,0.00
i23,e09,c3,p35,l2,0.00
i23,e09,c3,p35,l3,0.00
i23,e09,c5,p01,l2,0.00
i23,e09,c5,p01,l3,2.13
i23,e09,c5,p02,l2,0.00
i23,e09,c5,p02,l3,0.00
i23,e09,c5,p03,l2,0.00
i23,e09,c5,p03,l3,0.00
i23,e09,c5,p04,l2,0.00
i23,e09,c5,p04,l3,0.00
i23,e09,c5,p05,l2,0.00
i23,e09,c5,p05,l3,0.00
i23,e09,c5,p06,l2,0.00
i23,e09,c5,p06,l3,0.00
i23,e09,c5,p07,l2,0.00
i23,e09,c5,p07,l3,11.32
i23,e09,c5,p08,l2,0.00
i23,e09,c5,p08,l3,0.00
i23,e09,c5,p09,l2,0.00
i23,e09,c5,p09,l3,1.01
i23,e09,c5,p10,l2,0.00
i23,e09,c5,p10,l3,1.39
i23,e09,c5,p11,l2,0.00
i23,e09,c5,p11,l3,1.17
i23,e09,c5,p12,l2,0.00
i23,e09,c5,p12,l3,0.00
i23,e09,c5,p13,l2,0.00
i23,e09,c5,p13,l3,0.00
i23,e09,c5,p14,l2,0.00
i23,e09,c5,p14,l3,0.00
i23,e09,c5,p15,l2,0.00
i23,e09,c5,p15,l3,1.73
i23,e09,c5,p16,l2,0.00
i23,e09,c5,p16,l3,0.00
i23,e09,c5,p17,l2,0.00
i23,e09,c5,p17,l3,2.09
i23,e09,c5,p18,l2,0.00
i23,e09,c5,p18,l3,2.58
i23,e09,c5,p19,l2,0.00
i23,e09,c5,p19,l3,0.00
i23,e09,c5,p20,l2,0.00
i23,e09,c5,p20,l3,0.00
i23,e09,c5,p21,l2,0.00
i23,e09,c5,p21,l3,0.00
i23,e09,c5,p22,l2,0.00
i23,e09,c5,p22,l3,0.00
i23,e09,c5,p23,l2,0.00
i23,e09,c5,p23,l3,0.00
i23,e09,c5,p24,l2,0.00
i23,e09,c5,p24,l3,0.00
i23,e09,c5,p25,l2,0.00
i23,e09,c5,p25,l3,0.00
i23,e09,c5,p26,l2,0.00
i23,e09,c5,p26,l3,0.00
i23,e09,c5,p28,l2,0.00
i23,e09,c5,p28,l3,0.00
i23,e09,c5,p29,l2,0.00
i23,e09,c5,p29,l3,0.00
i23,e09,c5,p30,l2,0.00
i23,e09,c5,p30,l3,0.00
i23,e09,c5,p31,l2,0.00
i23,e09,c5,p31,l3,0.00
i23,e09,c5,p32,l2,0.00
i23,e09,c5,p32,l3,0.00
i23,e09,c5,p33,l3,0.00
i23,e09,c5,p35,l2,0.00
i23,e09,c5,p35,l3,5.50
i23,e10,c3,p01,l2,0.00
i23,e10,c3,p01,l3,0.00
i23,e10,c3,p02,l3,0.00
i23,e10,c3,p03,l2,0.00
i23,e10,c3,p03,l3,0.00
i23,e10,c3,p04,l3,0.00
i23,e10,c3,p05,l3,0.00
i23,e10,c3,p07,l2,0.00
i23,e10,c3,p07,l3,0.00
i23,e10,c3,p09,l3,0.00
i23,e10,c3,p10,l2,0.00
i23,e10,c3,p10,l3,0.00
i23,e10,c3,p11,l3,0.00
i23,e10,c3,p12,l3,0.00
i23,e10,c3,p13,l3,0.00
i23,e10,c3,p14,l3,0.00
i23,e10,c3,p15,l3,0.00
i23,e10,c3,p16,l3,0.00
i23,e10,c3,p17,l3,0.00
i23,e10,c3,p19,l3,0.00
i23,e10,c3,p21,l3,0.00
i23,e10,c3,p22,l3,0.00
i23,e10,c3,p24,l3,0.00
i23,e10,c3,p26,l3,0.00
i23,e10,c3,p35,l3,0.00
i23,e10,c5,p01,l2,0.00
i23,e10,c5,p01,l3,0.00
i23,e10,c5,p01,l4,0.00
i23,e10,c5,p02,l2,0.00
i23,e10,c5,p02,l3,0.00
i23,e10,c5,p02,l4,0.00
i23,e10,c5,p03,l2,0.00
i23,e10,c5,p03,l3,0.00
i23,e10,c5,p03,l4,0.00
i23,e10,c5,p04,l2,0.00
i23,e10,c5,p04,l3,0.00
i23,e10,c5,p04,l4,0.00
i23,e10,c5,p05,l2,0.00
i23,e10,c5,p05,l3,0.00
i23,e10,c5,p05,l4,0.00
i23,e10,c5,p06,l2,0.00
i23,e10,c5,p06,l3,0.00
i23,e10,c5,p06,l4,0.00
i23,e10,c5,p07,l2,0.00
i23,e10,c5,p07,l3,0.00
i23,e10,c5,p07,l4,0.00
i23,e10,c5,p08,l2,0.00
i23,e10,c5,p08,l3,0.00
i23,e10,c5,p09,l2,0.00
i23,e10,c5,p09,l3,0.00
i23,e10,c5,p09,l4,0.00
i23,e10,c5,p10,l2,0.00
i23,e10,c5,p10,l3,0.00
i23,e10,c5,p10,l4,0.00
i23,e10,c5,p11,l2,0.00
i23,e10,c5,p11,l3,0.00
i23,e10,c5,p11,l4,0.00
i23,e10,c5,p12,l2,0.00
i23,e10,c5,p12,l3,0.00
i23,e10,c5,p12,l4,0.00
i23,e10,c5,p13,l2,0.00
i23,e10,c5,p13,l3,0.00
i23,e10,c5,p13,l4,0.00
i23,e10,c5,p14,l2,0.00
i23,e10,c5,p14,l3,0.00
i23,e10,c5,p15,l2,0.00
i23,e10,c5,p15,l3,0.00
i23,e10,c5,p15,l4,0.00
i23,e10,c5,p16,l2,0.00
i23,e10,c5,p16,l3,0.00
i23,e10,c5,p16,l4,0.00
i23,e10,c5,p17,l2,0.00
i23,e10,c5,p17,l3,0.00
i23,e10,c5,p17,l4,0.00
i23,e10,c5,p18,l2,0.00
i23,e10,c5,p18,l3,0.00
i23,e10,c5,p18,l4,0.00
i23,e10,c5,p19,l2,0.00
i23,e10,c5,p19,l3,0.00
i23,e10,c5,p19,l4,0.00
i23,e10,c5,p20,l2,0.00
i23,e10,c5,p20,l3,0.00
i23,e10,c5,p21,l2,0.00
i23,e10,c5,p21,l3,0.00
i23,e10,c5,p21,l4,0.00
i23,e10,c5,p22,l2,0.00
i23,e10,c5,p22,l3,0.00
i23,e10,c5,p22,l4,0.00
i23,e10,c5,p23,l2,0.00
i23,e10,c5,p23,l3,0.00
i23,e10,c5,p23,l4,0.00
i23,e10,c5,p24,l2,0.00
i23,e10,c5,p24,l3,0.00
i23,e10,c5,p24,l4,0.00
i23,e10,c5,p25,l2,0.00
i23,e10,c5,p25,l3,0.00
i23,e10,c5,p25,l4,0.00
i23,e10,c5,p26,l2,0.00
i23,e10,c5,p26,l3,0.00
i23,e10,c5,p28,l2,0.00
i23,e10,c5,p28,l3,0.00
i23,e10,c5,p29,l2,0.00
i23,e10,c5,p29,l3,0.00
i23,e10,c5,p29,l4,0.00
i23,e10,c5,p30,l3,0.00
i23,e10,c5,p31,l2,0.00
i23,e10,c5,p31,l3,0.00
i23,e10,c5,p32,l2,0.00
i23,e10,c5,p32,l3,0.00
i23,e10,c5,p32,l4,0.00
i23,e10,c5,p33,l3,0.00
i23,e10,c5,p35,l2,0.00
i23,e10,c5,p35,l3,0.00
i23,e10,c5,p35,l4,0.00
i23,e11,c3,p02,l2,0.00
i23,e11,c3,p03,l2,0.00
i23,e11,c3,p03,l3,0.00
i23,e11,c3,p04,l2,0.00
i23,e11,c3,p04,l3,0.00
i23,e11,c3,p10,l2,0.00
i23,e11,c3,p10,l3,0.00
i23,e11,c3,p13,l3,0.00
i23,e11,c3,p14,l3,0.00
i23,e11,c3,p17,l2,0.00
i23,e11,c3,p19,l2,0.00
i23,e11,c3,p22,l3,0.00
i23,e11,c3,p23,l2,0.00
i23,e11,c3,p23,l3,0.00
i23,e11,c3,p24,l2,0.00
i23,e11,c3,p31,l2,0.00
i23,e11,c3,p35,l2,0.00
i23,e11,c3,p35,l3,0.00
i23,e11,c5,p01,l2,0.00
i23,e11,c5,p01,l3,0.00
i23,e11,c5,p02,l2,0.00
i23,e11,c5,p02,l3,0.00
i23,e11,c5,p03,l2,0.00
i23,e11,c5,p03,l3,0.00
i23,e11,c5,p04,l2,0.00
i23,e11,c5,p04,l3,0.00
i23,e11,c5,p05,l2,0.00
i23,e11,c5,p05,l3,0.00
i23,e11,c5,p06,l2,0.00
i23,e11,c5,p06,l3,0.00
i23,e11,c5,p07,l2,0.00
i23,e11,c5,p07,l3,0.00
i23,e11,c5,p08,l2,0.00
i23,e11,c5,p08,l3,0.00
i23,e11,c5,p09,l2,0.00
i23,e11,c5,p09,l3,0.00
i23,e11,c5,p10,l2,0.00
i23,e11,c5,p10,l3,0.00
i23,e11,c5,p11,l2,0.00
i23,e11,c5,p11,l3,0.00
i23,e11,c5,p12,l2,0.00
i23,e11,c5,p12,l3,0.00
i23,e11,c5,p13,l2,0.00
i23,e11,c5,p13,l3,0.00
i23,e11,c5,p14,l2,0.00
i23,e11,c5,p14,l3,0.00
i23,e11,c5,p15,l2,0.00
i23,e11,c5,p15,l3,0.00
i23,e11,c5,p16,l2,0.00
i23,e11,c5,p16,l3,0.00
i23,e11,c5,p17,l2,0.00
i23,e11,c5,p17,l3,0.00
i23,e11,c5,p18,l2,0.00
i23,e11,c5,p18,l3,0.00
i23,e11,c5,p19,l2,0.00
i23,e11,c5,p19,l3,0.00
i23,e11,c5,p20,l2,0.00
i23,e11,c5,p20,l3,0.00
i23,e11,c5,p21,l2,0.00
i23,e11,c5,p21,l3,0.00
i23,e11,c5,p22,l2,0.00
i23,e11,c5,p22,l3,0.00
i23,e11,c5,p23,l2,0.00
i23,e11,c5,p23,l3,0.00
i23,e11,c5,p24,l2,0.00
i23,e11,c5,p24,l3,0.00
i23,e11,c5,p25,l2,0.00
i23,e11,c5,p25,l3,0.00
i23,e11,c5,p26,l2,0.00
i23,e11,c5,p26,l3,0.00
i23,e11,c5,p28,l2,0.00
i23,e11,c5,p28,l3,0.00
i23,e11,c5,p29,l2,0.00
i23,e11,c5,p29,l3,0.00
i23,e11,c5,p30,l2,0.00
i23,e11,c5,p31,l2,0.00
i23,e11,c5,p31,l3,0.00
i23,e11,c5,p32,l2,0.00
i23,e11,c5,p32,l3,0.00
i23,e11,c5,p35,l2,0.00
i23,e11,c5,p35,l3,0.00
i23,e12,c3,p01,l3,0.00
i23,e12,c3,p02,l3,0.00
i23,e12,c3,p03,l3,0.00
i23,e12,c3,p04,l3,0.00
i23,e12,c3,p05,l3,0.00
i23,e12,c3,p06,l3,0.00
i23,e12,c3,p07,l3,0.00
i23,e12,c3,p09,l3,0.00
i23,e12,c3,p10,l3,0.00
i23,e12,c3,p11,l3,0.00
i23,e12,c3,p12,l3,0.00
i23,e12,c3,p13,l3,0.00
i23,e12,c3,p14,l3,0.00
i23,e12,c3,p15,l3,0.00
i23,e12,c3,p16,l3,0.00
i23,e12,c3,p17,l3,0.00
i23,e12,c3,p19,l3,0.00
i23,e12,c3,p21,l3,0.00
i23,e12,c3,p22,l3,0.00
i23,e12,c3,p23,l3,0.00
i23,e12,c3,p26,l3,0.00
i23,e12,c3,p31,l3,0.00
i23,e12,c3,p35,l3,0.00
i23,e12,c5,p01,l3,0.00
i23,e12,c5,p02,l3,0.00
i23,e12,c5,p03,l3,0.00
i23,e12,c5,p04,l3,0.00
i23,e12,c5,p05,l3,0.00
i23,e12,c5,p06,l3,0.00
i23,e12,c5,p07,l3,15.42
i23,e12,c5,p08,l3,0.00
i23,e12,c5,p09,l3,0.00
i23,e12,c5,p10,l3,0.00
i23,e12,c5,p11,l3,0.00
i23,e12,c5,p12,l3,0.00
i23,e12,c5,p13,l3,0.00
i23,e12,c5,p14,l3,0.00
i23,e12,c5,p15,l3,0.00
i23,e12,c5,p16,l3,0.00
i23,e12,c5,p17,l3,0.00
i23,e12,c5,p18,l3,0.00
i23,e12,c5,p19,l3,0.00
i23,e12,c5,p20,l3,0.00
i23,e12,c5,p21,l3,0.00
i23,e12,c5,p22,l3,0.00
i23,e12,c5,p23,l3,0.00
i23,e12,c5,p24,l3,0.00
i23,e12,c5,p25,l3,0.00
i23,e12,c5,p26,l3,0.00
i23,e12,c5,p28,l3,0.00
i23,e12,c5,p29,l3,0.00
i23,e12,c5,p30,l3,0.00
i23,e12,c5,p31,l3,0.00
i23,e12,c5,p32,l3,0.00
i23,e12,c5,p33,l3,0.00
i23,e12,c5,p35,l3,0.00
i23,e13,c3,p01,l3,0.00
i23,e13,c3,p02,l3,0.00
i23,e13,c3,p03,l3,0.00
i23,e13,c3,p04,l3,0.00
i23,e13,c3,p05,l3,0.00
i23,e13,c3,p06,l3,0.00
i23,e13,c3,p07,l3,0.00
i23,e13,c3,p08,l3,0.00
i23,e13,c3,p09,l3,0.00
i23,e13,c3,p10,l3,0.00
i23,e13,c3,p11,l3,0.00
i23,e13,c3,p12,l3,0.00
i23,e13,c3,p13,l3,0.00
i23,e13,c3,p14,l3,0.00
i23,e13,c3,p15,l3,0.00
i23,e13,c3,p16,l3,0.00
i23,e13,c3,p17,l3,0.00
i23,e13,c3,p18,l3,0.00
i23,e13,c3,p19,l3,0.00
i23,e13,c3,p20,l3,0.00
i23,e13,c3,p21,l3,0.00
i23,e13,c3,p22,l3,0.00
i23,e13,c3,p23,l3,0.00
i23,e13,c3,p24,l3,0.00
i23,e13,c3,p26,l3,0.00
i23,e13,c3,p28,l3,0.00
i23,e13,c3,p29,l3,0.00
i23,e13,c3,p31,l3,0.00
i23,e13,c3,p35,l3,0.00
i23,e13,c5,p01,l3,7.21
i23,e13,c5,p02,l3,0.00
i23,e13,c5,p03,l3,8.53
i23,e13,c5,p04,l3,0.00
i23,e13,c5,p05,l3,1.08
i23,e13,c5,p06,l3,3.59
i23,e13,c5,p07,l3,63.34
i23,e13,c5,p08,l3,2.27
i23,e13,c5,p09,l3,9.11
i23,e13,c5,p10,l3,4.08
i23,e13,c5,p11,l3,0.00
i23,e13,c5,p12,l3,3.29
i23,e13,c5,p13,l3,5.55
i23,e13,c5,p14,l3,0.00
i23,e13,c5,p15,l3,5.03
i23,e13,c5,p16,l3,6.46
i23,e13,c5,p17,l3,0.00
i23,e13,c5,p18,l3,12.07
i23,e13,c5,p19,l3,0.00
i23,e13,c5,p20,l3,0.00
i23,e13,c5,p21,l3,9.91
i23,e13,c5,p22,l3,0.00
i23,e13,c5,p23,l3,0.00
i23,e13,c5,p24,l3,1.14
i23,e13,c5,p25,l3,0.00
i23,e13,c5,p26,l3,0.00
i23,e13,c5,p28,l3,2.35
i23,e13,c5,p29,l3,0.00
i23,e13,c5,p30,l3,0.00
i23,e13,c5,p31,l3,0.00
i23,e13,c5,p32,l3,0.00
i23,e13,c5,p33,l3,0.00
i23,e13,c5,p35,l3,22.46
i24,e01,c1,p01,l3,0.00
i24,e01,c1,p02,l3,0.00
i24,e01,c1,p03,l3,0.00
i24,e01,c1,p04,l3,0.00
i24,e01,c1,p05,l3,0.00
i24,e01,c1,p06,l3,0.00
i24,e01,c1,p07,l3,0.00
i24,e01,c1,p08,l3,0.00
i24,e01,c1,p09,l3,0.00
i24,e01,c1,p10,l3,0.00
i24,e01,c1,p11,l3,0.00
i24,e01,c1,p12,l3,0.00
i24,e01,c1,p13,l3,0.00
i24,e01,c1,p14,l3,0.00
i24,e01,c1,p15,l3,0.00
i24,e01,c1,p16,l3,0.00
i24,e01,c1,p17,l3,0.00
i24,e01,c1,p18,l3,0.00
i24,e01,c1,p19,l3,4.43
i24,e01,c1,p20,l3,0.00
i24,e01,c1,p21,l3,0.00
i24,e01,c1,p22,l3,0.00
i24,e01,c1,p23,l3,0.00
i24,e01,c1,p24,l3,0.00
i24,e01,c1,p25,l3,0.00
i24,e01,c1,p28,l3,0.00
i24,e01,c1,p29,l3,0.00
i24,e01,c1,p32,l3,0.00
i24,e01,c1,p33,l3,0.00
i24,e01,c1,p34,l3,0.00
i24,e01,c1,p35,l3,0.00
i24,e01,c4,p01,l3,0.00
i24,e01,c4,p06,l3,0.00
i24,e01,c4,p10,l3,0.00
i24,e01,c4,p16,l3,0.00
i24,e01,c4,p17,l3,0.00
i24,e01,c4,p19,l3,0.00
i24,e01,c4,p21,l3,0.00
i24,e01,c4,p35,l3,0.00
i24,e01,c7,p17,l3,0.00
i24,e01,c7,p35,l3,0.00
i24,e04,c1,p01,l1,0.00
i24,e04,c1,p01,l3,0.00
i24,e04,c1,p02,l3,0.00
i24,e04,c1,p03,l3,0.00
i24,e04,c1,p04,l3,0.00
i24,e04,c1,p05,l1,0.00
i24,e04,c1,p05,l3,0.00
i24,e04,c1,p06,l1,0.00
i24,e04,c1,p06,l3,0.00
i24,e04,c1,p07,l1,0.00
i24,e04,c1,p07,l3,0.00
i24,e04,c1,p08,l1,0.00
i24,e04,c1,p08,l3,0.00
i24,e04,c1,p09,l1,0.00
i24,e04,c1,p09,l3,0.00
i24,e04,c1,p10,l1,0.00
i24,e04,c1,p10,l3,0.00
i24,e04,c1,p11,l1,0.00
i24,e04,c1,p11,l3,0.00
i24,e04,c1,p12,l1,0.00
i24,e04,c1,p12,l3,0.00
i24,e04,c1,p13,l3,0.00
i24,e04,c1,p14,l3,0.00
i24,e04,c1,p15,l1,0.00
i24,e04,c1,p15,l3,0.00
i24,e04,c1,p16,l1,0.00
i24,e04,c1,p16,l3,0.00
i24,e04,c1,p17,l3,0.00
i24,e04,c1,p18,l1,0.00
i24,e04,c1,p18,l3,0.00
i24,e04,c1,p19,l1,0.00
i24,e04,c1,p19,l3,0.00
i24,e04,c1,p20,l3,0.00
i24,e04,c1,p21,l1,0.00
i24,e04,c1,p21,l3,0.00
i24,e04,c1,p22,l1,0.00
i24,e04,c1,p22,l3,0.00
i24,e04,c1,p23,l1,0.00
i24,e04,c1,p23,l3,0.00
i24,e04,c1,p24,l1,0.00
i24,e04,c1,p24,l3,0.00
i24,e04,c1,p25,l3,0.00
i24,e04,c1,p28,l3,0.00
i24,e04,c1,p29,l3,0.00
i24,e04,c1,p32,l1,0.00
i24,e04,c1,p32,l3,0.00
i24,e04,c1,p33,l3,0.00
i24,e04,c1,p35,l1,0.00
i24,e04,c1,p35,l3,0.00
i24,e04,c4,p01,l3,0.00
i24,e04,c4,p06,l3,0.00
i24,e04,c4,p10,l3,0.00
i24,e04,c4,p17,l3,0.00
i24,e04,c4,p19,l1,0.00
i24,e04,c4,p19,l3,0.00
i24,e04,c4,p21,l3,0.00
i24,e04,c4,p22,l3,0.00
i24,e04,c4,p35,l1,0.00
i24,e04,c4,p35,l3,0.00
i24,e04,c7,p17,l3,0.00
i24,e05,c1,p01,l1,0.00
i24,e05,c1,p01,l3,0.00
i24,e05,c1,p05,l3,0.00
i24,e05,c1,p06,l1,0.00
i24,e05,c1,p10,l3,0.00
i24,e05,c1,p15,l3,0.00
i24,e05,c1,p18,l3,0.00
i24,e05,c1,p19,l1,0.00
i24,e05,c1,p19,l3,0.00
i24,e05,c1,p35,l1,0.00
i24,e05,c1,p35,l3,0.00
i24,e05,c4,p19,l1,0.00
i24,e05,c4,p19,l3,0.00
i24,e06,c1,p01,l3,0.00
i24,e06,c1,p03,l3,0.00
i24,e06,c1,p06,l3,0.00
i24,e06,c1,p10,l3,0.00
i24,e06,c1,p14,l3,0.00
i24,e06,c1,p15,l3,0.00
i24,e06,c1,p18,l3,0.00
i24,e06,c1,p19,l3,0.00
i24,e06,c1,p25,l3,0.00
i24,e06,c1,p29,l3,0.00
i24,e06,c1,p35,l3,0.00
i24,e06,c4,p35,l3,0.00
i24,e07,c1,p01,l2,0.00
i24,e07,c1,p01,l3,0.00
i24,e07,c1,p03,l2,0.00
i24,e07,c1,p03,l3,0.00
i24,e07,c1,p04,l3,0.00
i24,e07,c1,p05,l3,0.00
i24,e07,c1,p06,l2,0.00
i24,e07,c1,p06,l3,0.00
i24,e07,c1,p07,l2,0.00
i24,e07,c1,p07,l3,0.00
i24,e07,c1,p08,l3,0.00
i24,e07,c1,p09,l2,0.00
i24,e07,c1,p09,l3,0.00
i24,e07,c1,p10,l2,0.00
i24,e07,c1,p10,l3,0.00
i24,e07,c1,p11,l2,0.00
i24,e07,c1,p11,l3,0.00
i24,e07,c1,p12,l2,0.00
i24,e07,c1,p12,l3,0.00
i24,e07,c1,p13,l3,0.00
i24,e07,c1,p14,l3,0.00
i24,e07,c1,p15,l2,0.00
i24,e07,c1,p15,l3,0.00
i24,e07,c1,p16,l3,0.00
i24,e07,c1,p17,l3,0.00
i24,e07,c1,p18,l2,0.00
i24,e07,c1,p18,l3,0.00
i24,e07,c1,p19,l2,0.00
i24,e07,c1,p19,l3,0.00
i24,e07,c1,p20,l2,0.00
i24,e07,c1,p20,l3,0.00
i24,e07,c1,p21,l2,0.00
i24,e07,c1,p21,l3,0.00
i24,e07,c1,p22,l3,0.00
i24,e07,c1,p23,l2,0.00
i24,e07,c1,p24,l2,0.00
i24,e07,c1,p24,l3,0.00
i24,e07,c1,p25,l2,0.00
i24,e07,c1,p25,l3,0.00
i24,e07,c1,p28,l3,0.00
i24,e07,c1,p29,l3,0.00
i24,e07,c1,p30,l3,0.00
i24,e07,c1,p32,l3,0.00
i24,e07,c1,p35,l2,0.00
i24,e07,c1,p35,l3,0.00
i24,e07,c4,p01,l3,0.00
i24,e07,c4,p06,l3,0.00
i24,e07,c4,p17,l3,0.00
i24,e07,c4,p18,l3,0.00
i24,e07,c4,p19,l2,0.00
i24,e07,c4,p19,l3,0.00
i24,e07,c4,p21,l3,0.00
i24,e07,c4,p35,l2,0.00
i24,e07,c4,p35,l3,0.00
i24,e07,c7,p35,l3,0.00
i24,e08,c1,p01,l2,0.00
i24,e08,c1,p01,l3,0.00
i24,e08,c1,p02,l2,0.00
i24,e08,c1,p02,l3,0.00
i24,e08,c1,p03,l2,0.00
i24,e08,c1,p03,l3,0.00
i24,e08,c1,p04,l3,0.00
i24,e08,c1,p05,l2,0.00
i24,e08,c1,p05,l3,0.00
i24,e08,c1,p06,l2,0.00
i24,e08,c1,p06,l3,0.00
i24,e08,c1,p07,l2,0.00
i24,e08,c1,p07,l3,0.00
i24,e08,c1,p08,l2,0.00
i24,e08,c1,p08,l3,0.00
i24,e08,c1,p09,l2,0.00
i24,e08,c1,p09,l3,0.00
i24,e08,c1,p10,l2,0.00
i24,e08,c1,p10,l3,0.00
i24,e08,c1,p11,l2,0.00
i24,e08,c1,p11,l3,0.00
i24,e08,c1,p12,l2,0.00
i24,e08,c1,p12,l3,0.00
i24,e08,c1,p13,l2,0.00
i24,e08,c1,p13,l3,0.00
i24,e08,c1,p14,l2,0.00
i24,e08,c1,p14,l3,0.00
i24,e08,c1,p15,l2,0.00
i24,e08,c1,p15,l3,0.00
i24,e08,c1,p16,l2,0.00
i24,e08,c1,p16,l3,0.00
i24,e08,c1,p17,l2,0.00
i24,e08,c1,p17,l3,0.00
i24,e08,c1,p18,l2,0.00
i24,e08,c1,p18,l3,0.00
i24,e08,c1,p19,l2,0.00
i24,e08,c1,p19,l3,4.55
i24,e08,c1,p20,l2,0.00
i24,e08,c1,p20,l3,0.00
i24,e08,c1,p21,l2,0.00
i24,e08,c1,p21,l3,0.00
i24,e08,c1,p22,l2,0.00
i24,e08,c1,p22,l3,0.00
i24,e08,c1,p23,l2,0.00
i24,e08,c1,p23,l3,0.00
i24,e08,c1,p24,l2,0.00
i24,e08,c1,p24,l3,0.00
i24,e08,c1,p25,l2,0.00
i24,e08,c1,p25,l3,0.00
i24,e08,c1,p26,l3,0.00
i24,e08,c1,p28,l2,0.00
i24,e08,c1,p28,l3,0.00
i24,e08,c1,p29,l2,0.00
i24,e08,c1,p29,l3,0.00
i24,e08,c1,p30,l3,0.00
i24,e08,c1,p31,l3,0.00
i24,e08,c1,p32,l2,0.00
i24,e08,c1,p32,l3,0.00
i24,e08,c1,p33,l3,0.00
i24,e08,c1,p34,l3,0.00
i24,e08,c1,p35,l2,0.00
i24,e08,c1,p35,l3,0.00
i24,e08,c4,p01,l3,0.00
i24,e08,c4,p06,l3,0.00
i24,e08,c4,p08,l3,0.00
i24,e08,c4,p09,l3,0.00
i24,e08,c4,p10,l3,0.00
i24,e08,c4,p15,l3,0.00
i24,e08,c4,p16,l2,0.00
i24,e08,c4,p17,l3,0.00
i24,e08,c4,p18,l3,0.00
i24,e08,c4,p19,l2,0.00
i24,e08,c4,p19,l3,0.00
i24,e08,c4,p21,l3,0.00
i24,e08,c4,p25,l2,0.00
i24,e08,c4,p25,l3,0.00
i24,e08,c4,p35,l2,0.00
i24,e08,c4,p35,l3,0.00
i24,e08,c7,p17,l3,0.00
i24,e08,c7,p19,l3,0.00
i24,e08,c7,p35,l3,0.00
i24,e09,c1,p01,l2,0.00
i24,e09,c1,p01,l3,0.00
i24,e09,c1,p02,l3,0.00
i24,e09,c1,p03,l3,0.00
i24,e09,c1,p04,l3,0.00
i24,e09,c1,p05,l2,0.00
i24,e09,c1,p05,l3,0.00
i24,e09,c1,p06,l2,0.00
i24,e09,c1,p06,l3,0.00
i24,e09,c1,p07,l2,0.00
i24,e09,c1,p07,l3,0.00
i24,e09,c1,p08,l2,0.00
i24,e09,c1,p08,l3,0.00
i24,e09,c1,p09,l2,0.00
i24,e09,c1,p09,l3,0.00
i24,e09,c1,p10,l2,0.00
i24,e09,c1,p10,l3,0.00
i24,e09,c1,p11,l2,0.00
i24,e09,c1,p11,l3,0.00
i24,e09,c1,p12,l2,0.00
i24,e09,c1,p12,l3,0.00
i24,e09,c1,p13,l2,0.00
i24,e09,c1,p13,l3,0.00
i24,e09,c1,p14,l3,0.00
i24,e09,c1,p15,l2,0.00
i24,e09,c1,p15,l3,0.00
i24,e09,c1,p16,l2,0.00
i24,e09,c1,p16,l3,0.00
i24,e09,c1,p17,l3,0.00
i24,e09,c1,p18,l2,0.00
i24,e09,c1,p18,l3,0.00
i24,e09,c1,p19,l2,0.00
i24,e09,c1,p19,l3,1.44
i24,e09,c1,p20,l3,0.00
i24,e09,c1,p21,l3,0.00
i24,e09,c1,p22,l2,0.00
i24,e09,c1,p22,l3,0.00
i24,e09,c1,p23,l3,0.00
i24,e09,c1,p24,l3,0.00
i24,e09,c1,p25,l2,0.00
i24,e09,c1,p25,l3,0.00
i24,e09,c1,p26,l3,0.00
i24,e09,c1,p28,l3,0.00
i24,e09,c1,p29,l3,0.00
i24,e09,c1,p30,l3,0.00
i24,e09,c1,p32,l2,0.00
i24,e09,c1,p32,l3,0.00
i24,e09,c1,p33,l3,0.00
i24,e09,c1,p35,l2,0.00
i24,e09,c1,p35,l3,0.00
i24,e09,c4,p01,l3,0.00
i24,e09,c4,p05,l3,0.00
i24,e09,c4,p06,l3,0.00
i24,e09,c4,p09,l3,0.00
i24,e09,c4,p17,l3,0.00
i24,e09,c4,p19,l2,0.00
i24,e09,c4,p19,l3,0.00
i24,e09,c4,p21,l3,0.00
i24,e09,c4,p35,l2,0.00
i24,e09,c4,p35,l3,0.00
i24,e09,c7,p19,l3,0.00
i24,e09,c7,p35,l3,0.00
i24,e11,c1,p01,l2,0.00
i24,e11,c1,p01,l3,0.00
i24,e11,c1,p02,l3,0.00
i24,e11,c1,p03,l2,0.00
i24,e11,c1,p03,l3,0.00
i24,e11,c1,p04,l3,0.00
i24,e11,c1,p05,l3,0.00
i24,e11,c1,p06,l2,0.00
i24,e11,c1,p06,l3,0.00
i24,e11,c1,p07,l2,0.00
i24,e11,c1,p07,l3,0.00
i24,e11,c1,p10,l2,0.00
i24,e11,c1,p10,l3,0.00
i24,e11,c1,p11,l2,0.00
i24,e11,c1,p11,l3,0.00
i24,e11,c1,p12,l3,0.00
i24,e11,c1,p14,l3,0.00
i24,e11,c1,p15,l2,0.00
i24,e11,c1,p15,l3,0.00
i24,e11,c1,p17,l2,0.00
i24,e11,c1,p17,l3,0.00
i24,e11,c1,p18,l2,0.00
i24,e11,c1,p18,l3,0.00
i24,e11,c1,p19,l2,0.00
i24,e11,c1,p19,l3,0.00
i24,e11,c1,p20,l3,0.00
i24,e11,c1,p21,l3,0.00
i24,e11,c1,p22,l2,0.00
i24,e11,c1,p22,l3,0.00
i24,e11,c1,p24,l3,0.00
i24,e11,c1,p25,l2,0.00
i24,e11,c1,p25,l3,0.00
i24,e11,c1,p28,l3,0.00
i24,e11,c1,p29,l3,0.00
i24,e11,c1,p32,l3,0.00
i24,e11,c1,p33,l3,0.00
i24,e11,c1,p35,l2,0.00
i24,e11,c1,p35,l3,0.00
i24,e11,c4,p15,l3,0.00
i24,e11,c4,p19,l2,0.00
i24,e11,c4,p19,l3,0.00
i24,e11,c4,p35,l3,0.00
i24,e12,c1,p01,l3,0.00
i24,e12,c1,p03,l3,0.00
i24,e12,c1,p06,l3,0.00
i24,e12,c1,p07,l3,0.00
i24,e12,c1,p09,l3,0.00
i24,e12,c1,p10,l3,0.00
i24,e12,c1,p14,l3,0.00
i24,e12,c1,p15,l3,0.00
i24,e12,c1,p18,l3,0.00
i24,e12,c1,p19,l3,0.00
i24,e12,c1,p20,l3,0.00
i24,e12,c1,p21,l3,0.00
i24,e12,c1,p22,l3,0.00
i24,e12,c1,p23,l3,0.00
i24,e12,c1,p24,l3,0.00
i24,e12,c1,p25,l3,0.00
i24,e12,c1,p28,l3,0.00
i24,e12,c1,p35,l3,0.00
i24,e12,c4,p19,l3,0.00
i24,e12,c4,p35,l3,0.00
i24,e12,c7,p35,l3,0.00
i25,e01,c3,p03,l3,0.00
i25,e01,c3,p14,l3,0.00
i25,e01,c3,p19,l3,0.00
i25,e01,c3,p35,l3,0.00
i25,e01,c5,p01,l3,0.00
i25,e01,c5,p02,l3,0.00
i25,e01,c5,p03,l3,0.00
i25,e01,c5,p04,l3,0.00
i25,e01,c5,p05,l3,0.00
i25,e01,c5,p06,l3,0.00
i25,e01,c5,p07,l3,0.00
i25,e01,c5,p08,l3,0.00
i25,e01,c5,p09,l3,0.00
i25,e01,c5,p10,l3,0.00
i25,e01,c5,p11,l3,0.00
i25,e01,c5,p12,l3,0.00
i25,e01,c5,p13,l3,0.00
i25,e01,c5,p14,l3,0.00
i25,e01,c5,p15,l3,0.00
i25,e01,c5,p16,l3,0.00
i25,e01,c5,p17,l3,0.00
i25,e01,c5,p18,l3,0.00
i25,e01,c5,p19,l3,0.00
i25,e01,c5,p20,l3,0.00
i25,e01,c5,p21,l3,0.00
i25,e01,c5,p22,l3,0.00
i25,e01,c5,p23,l3,0.00
i25,e01,c5,p24,l3,0.00
i25,e01,c5,p25,l3,0.00
i25,e01,c5,p26,l3,0.00
i25,e01,c5,p28,l3,0.00
i25,e01,c5,p29,l3,0.00
i25,e01,c5,p31,l3,0.00
i25,e01,c5,p32,l3,0.00
i25,e01,c5,p35,l3,0.00
i25,e03,c3,p03,l3,0.00
i25,e03,c3,p06,l3,0.00
i25,e03,c3,p10,l3,0.00
i25,e03,c3,p12,l3,0.00
i25,e03,c3,p14,l3,0.00
i25,e03,c3,p16,l3,0.00
i25,e03,c3,p19,l3,0.00
i25,e03,c3,p21,l3,0.00
i25,e03,c3,p35,l3,0.00
i25,e03,c5,p01,l3,0.00
i25,e03,c5,p02,l3,0.00
i25,e03,c5,p03,l3,0.00
i25,e03,c5,p04,l3,0.00
i25,e03,c5,p05,l3,0.00
i25,e03,c5,p06,l3,0.00
i25,e03,c5,p07,l3,0.00
i25,e03,c5,p08,l3,0.00
i25,e03,c5,p09,l3,0.00
i25,e03,c5,p10,l3,0.00
i25,e03,c5,p11,l3,0.00
i25,e03,c5,p12,l3,0.00
i25,e03,c5,p13,l3,0.00
i25,e03,c5,p14,l3,0.00
i25,e03,c5,p15,l3,0.00
i25,e03,c5,p16,l3,0.00
i25,e03,c5,p17,l3,0.00
i25,e03,c5,p18,l3,0.00
i25,e03,c5,p19,l3,0.00
i25,e03,c5,p20,l3,0.00
i25,e03,c5,p21,l3,0.00
i25,e03,c5,p22,l3,0.00
i25,e03,c5,p23,l3,0.00
i25,e03,c5,p24,l3,0.00
i25,e03,c5,p25,l3,0.00
i25,e03,c5,p26,l3,0.00
i25,e03,c5,p28,l3,0.00
i25,e03,c5,p29,l3,0.00
i25,e03,c5,p31,l3,0.00
i25,e03,c5,p32,l3,0.00
i25,e03,c5,p33,l3,0.00
i25,e03,c5,p35,l3,0.00
i25,e04,c3,p12,l3,0.00
i25,e04,c3,p14,l3,0.00
i25,e04,c3,p21,l3,0.00
i25,e04,c5,p01,l3,0.00
i25,e04,c5,p02,l3,0.00
i25,e04,c5,p03,l3,0.00
i25,e04,c5,p04,l3,0.00
i25,e04,c5,p05,l3,0.00
i25,e04,c5,p06,l3,0.00
i25,e04,c5,p07,l3,0.00
i25,e04,c5,p08,l3,0.00
i25,e04,c5,p09,l3,0.00
i25,e04,c5,p10,l3,1.78
i25,e04,c5,p11,l3,0.00
i25,e04,c5,p12,l3,0.00
i25,e04,c5,p13,l3,0.00
i25,e04,c5,p14,l3,0.00
i25,e04,c5,p15,l3,0.00
i25,e04,c5,p16,l3,0.00
i25,e04,c5,p17,l3,0.00
i25,e04,c5,p18,l3,0.00
i25,e04,c5,p19,l3,0.00
i25,e04,c5,p20,l3,0.00
i25,e04,c5,p21,l3,0.00
i25,e04,c5,p22,l3,0.00
i25,e04,c5,p23,l3,0.00
i25,e04,c5,p24,l3,0.00
i25,e04,c5,p25,l3,0.00
i25,e04,c5,p28,l3,0.00
i25,e04,c5,p29,l3,0.00
i25,e04,c5,p31,l3,0.00
i25,e04,c5,p32,l3,0.00
i25,e04,c5,p35,l3,0.00
i25,e05,c5,p01,l3,0.00
i25,e05,c5,p02,l3,0.00
i25,e05,c5,p03,l3,0.00
i25,e05,c5,p04,l3,0.00
i25,e05,c5,p05,l3,0.00
i25,e05,c5,p07,l3,0.00
i25,e05,c5,p09,l3,0.00
i25,e05,c5,p10,l3,0.00
i25,e05,c5,p11,l3,0.00
i25,e05,c5,p12,l3,0.00
i25,e05,c5,p13,l3,0.00
i25,e05,c5,p15,l3,0.00
i25,e05,c5,p16,l3,0.00
i25,e05,c5,p17,l3,0.00
i25,e05,c5,p18,l3,0.00
i25,e05,c5,p19,l3,0.00
i25,e05,c5,p21,l3,0.00
i25,e05,c5,p22,l3,0.00
i25,e05,c5,p23,l3,0.00
i25,e05,c5,p24,l3,0.00
i25,e05,c5,p25,l3,0.00
i25,e05,c5,p28,l3,0.00
i25,e05,c5,p29,l3,0.00
i25,e05,c5,p31,l3,0.00
i25,e05,c5,p35,l3,0.00
i25,e07,c3,p02,l3,0.00
i25,e07,c3,p03,l3,0.00
i25,e07,c5,p01,l3,0.00
i25,e07,c5,p02,l3,0.00
i25,e07,c5,p03,l3,0.00
i25,e07,c5,p04,l3,0.00
i25,e07,c5,p06,l3,0.00
i25,e07,c5,p07,l3,0.00
i25,e07,c5,p09,l3,0.00
i25,e07,c5,p10,l3,0.00
i25,e07,c5,p11,l3,0.00
i25,e07,c5,p12,l3,0.00
i25,e07,c5,p15,l3,0.00
i25,e07,c5,p16,l3,0.00
i25,e07,c5,p17,l3,0.00
i25,e07,c5,p18,l3,0.00
i25,e07,c5,p19,l3,0.00
i25,e07,c5,p21,l3,0.00
i25,e07,c5,p24,l3,0.00
i25,e07,c5,p25,l3,0.00
i25,e07,c5,p28,l3,0.00
i25,e07,c5,p29,l3,0.00
i25,e07,c5,p35,l3,0.00
i25,e08,c3,p01,l3,0.00
i25,e08,c3,p02,l3,0.00
i25,e08,c3,p03,l3,0.00
i25,e08,c3,p04,l3,0.00
i25,e08,c3,p06,l3,0.00
i25,e08,c3,p10,l3,0.00
i25,e08,c3,p12,l3,0.00
i25,e08,c3,p13,l3,0.00
i25,e08,c3,p14,l3,0.00
i25,e08,c3,p16,l3,0.00
i25,e08,c3,p17,l3,0.00
i25,e08,c3,p19,l3,0.00
i25,e08,c3,p21,l3,0.00
i25,e08,c3,p28,l3,0.00
i25,e08,c3,p35,l3,0.00
i25,e08,c5,p01,l3,0.00
i25,e08,c5,p02,l3,0.00
i25,e08,c5,p03,l3,0.00
i25,e08,c5,p04,l3,0.00
i25,e08,c5,p05,l3,0.00
i25,e08,c5,p06,l3,0.00
i25,e08,c5,p07,l3,0.00
i25,e08,c5,p08,l3,0.00
i25,e08,c5,p09,l3,0.00
i25,e08,c5,p10,l3,0.00
i25,e08,c5,p11,l3,0.00
i25,e08,c5,p12,l3,0.00
i25,e08,c5,p13,l3,0.00
i25,e08,c5,p14,l3,0.00
i25,e08,c5,p15,l3,0.00
i25,e08,c5,p16,l3,0.00
i25,e08,c5,p17,l3,0.00
i25,e08,c5,p18,l3,0.00
i25,e08,c5,p19,l3,0.00
i25,e08,c5,p20,l3,0.00
i25,e08,c5,p21,l3,0.00
i25,e08,c5,p22,l3,0.00
i25,e08,c5,p23,l3,0.00
i25,e08,c5,p24,l3,0.00
i25,e08,c5,p25,l3,0.00
i25,e08,c5,p26,l3,0.00
i25,e08,c5,p28,l3,0.00
i25,e08,c5,p29,l3,0.00
i25,e08,c5,p31,l3,0.00
i25,e08,c5,p32,l3,0.00
i25,e08,c5,p33,l3,0.00
i25,e08,c5,p35,l3,0.00
i25,e09,c3,p03,l3,0.00
i25,e09,c3,p10,l3,0.00
i25,e09,c3,p14,l3,0.00
i25,e09,c3,p17,l3,0.00
i25,e09,c3,p19,l3,0.00
i25,e09,c3,p21,l3,0.00
i25,e09,c3,p35,l3,0.00
i25,e09,c5,p01,l3,0.00
i25,e09,c5,p02,l3,0.00
i25,e09,c5,p03,l3,0.00
i25,e09,c5,p04,l3,0.00
i25,e09,c5,p05,l3,0.00
i25,e09,c5,p06,l3,0.00
i25,e09,c5,p07,l3,0.00
i25,e09,c5,p08,l3,0.00
i25,e09,c5,p09,l3,0.00
i25,e09,c5,p10,l3,0.00
i25,e09,c5,p11,l3,0.00
i25,e09,c5,p12,l3,0.00
i25,e09,c5,p13,l3,0.00
i25,e09,c5,p14,l3,0.00
i25,e09,c5,p15,l3,0.00
i25,e09,c5,p16,l3,0.00
i25,e09,c5,p17,l3,0.00
i25,e09,c5,p18,l3,0.00
i25,e09,c5,p19,l3,0.00
i25,e09,c5,p20,l3,0.00
i25,e09,c5,p21,l3,0.00
i25,e09,c5,p22,l3,0.00
i25,e09,c5,p23,l3,0.00
i25,e09,c5,p24,l3,0.00
i25,e09,c5,p25,l3,0.00
i25,e09,c5,p26,l3,0.00
i25,e09,c5,p28,l3,0.00
i25,e09,c5,p29,l3,0.00
i25,e09,c5,p31,l3,0.00
i25,e09,c5,p32,l3,0.00
i25,e09,c5,p35,l3,0.00
i25,e10,c3,p01,l4,0.00
i25,e10,c3,p02,l4,0.00
i25,e10,c3,p03,l4,0.00
i25,e10,c3,p04,l4,0.00
i25,e10,c3,p06,l3,0.00
i25,e10,c3,p06,l4,0.00
i25,e10,c3,p07,l4,0.00
i25,e10,c3,p10,l3,0.00
i25,e10,c3,p10,l4,0.00
i25,e10,c3,p12,l3,0.00
i25,e10,c3,p12,l4,0.00
i25,e10,c3,p13,l4,0.00
i25,e10,c3,p14,l3,0.00
i25,e10,c3,p14,l4,0.00
i25,e10,c3,p15,l3,0.00
i25,e10,c3,p15,l4,0.00
i25,e10,c3,p16,l4,0.00
i25,e10,c3,p17,l3,0.00
i25,e10,c3,p17,l4,0.00
i25,e10,c3,p19,l4,0.00
i25,e10,c3,p21,l4,0.00
i25,e10,c3,p28,l4,0.00
i25,e10,c3,p35,l3,0.00
i25,e10,c3,p35,l4,0.00
i25,e10,c5,p01,l3,0.00
i25,e10,c5,p01,l4,0.00
i25,e10,c5,p02,l3,0.00
i25,e10,c5,p02,l4,0.00
i25,e10,c5,p03,l3,0.00
i25,e10,c5,p03,l4,0.00
i25,e10,c5,p04,l3,0.00
i25,e10,c5,p04,l4,0.00
i25,e10,c5,p05,l3,0.00
i25,e10,c5,p05,l4,0.00
i25,e10,c5,p06,l3,0.00
i25,e10,c5,p06,l4,0.00
i25,e10,c5,p07,l3,0.00
i25,e10,c5,p07,l4,0.00
i25,e10,c5,p08,l3,0.00
i25,e10,c5,p08,l4,0.00
i25,e10,c5,p09,l3,0.00
i25,e10,c5,p09,l4,0.00
i25,e10,c5,p10,l3,0.00
i25,e10,c5,p10,l4,0.00
i25,e10,c5,p11,l3,0.00
i25,e10,c5,p11,l4,0.00
i25,e10,c5,p12,l3,0.00
i25,e10,c5,p12,l4,4.35
i25,e10,c5,p13,l3,0.00
i25,e10,c5,p13,l4,0.00
i25,e10,c5,p14,l3,0.00
i25,e10,c5,p14,l4,0.00
i25,e10,c5,p15,l3,0.00
i25,e10,c5,p15,l4,0.00
i25,e10,c5,p16,l3,0.00
i25,e10,c5,p16,l4,0.00
i25,e10,c5,p17,l3,0.00
i25,e10,c5,p17,l4,0.00
i25,e10,c5,p18,l3,0.00
i25,e10,c5,p18,l4,0.00
i25,e10,c5,p19,l3,0.00
i25,e10,c5,p19,l4,0.00
i25,e10,c5,p20,l3,0.00
i25,e10,c5,p20,l4,0.00
i25,e10,c5,p21,l3,0.00
i25,e10,c5,p21,l4,0.00
i25,e10,c5,p22,l3,0.00
i25,e10,c5,p22,l4,0.00
i25,e10,c5,p23,l3,0.00
i25,e10,c5,p23,l4,0.00
i25,e10,c5,p24,l3,0.00
i25,e10,c5,p24,l4,0.00
i25,e10,c5,p25,l3,0.00
i25,e10,c5,p25,l4,0.00
i25,e10,c5,p26,l3,0.00
i25,e10,c5,p26,l4,0.00
i25,e10,c5,p28,l3,0.00
i25,e10,c5,p28,l4,0.00
i25,e10,c5,p29,l3,0.00
i25,e10,c5,p29,l4,0.00
i25,e10,c5,p30,l4,0.00
i25,e10,c5,p31,l3,0.00
i25,e10,c5,p31,l4,0.00
i25,e10,c5,p32,l3,0.00
i25,e10,c5,p32,l4,0.00
i25,e10,c5,p33,l3,0.00
i25,e10,c5,p33,l4,0.00
i25,e10,c5,p35,l3,0.00
i25,e10,c5,p35,l4,0.00
i25,e11,c3,p06,l3,0.00
i25,e11,c3,p10,l3,0.00
i25,e11,c3,p14,l3,0.00
i25,e11,c5,p01,l3,0.00
i25,e11,c5,p02,l3,0.00
i25,e11,c5,p03,l3,0.00
i25,e11,c5,p04,l3,0.00
i25,e11,c5,p05,l3,0.00
i25,e11,c5,p06,l3,0.00
i25,e11,c5,p07,l3,0.00
i25,e11,c5,p08,l3,0.00
i25,e11,c5,p09,l3,0.00
i25,e11,c5,p10,l3,0.00
i25,e11,c5,p11,l3,0.00
i25,e11,c5,p12,l3,0.00
i25,e11,c5,p13,l3,0.00
i25,e11,c5,p14,l3,0.00
i25,e11,c5,p15,l3,0.00
i25,e11,c5,p16,l3,0.00
i25,e11,c5,p17,l3,0.00
i25,e11,c5,p18,l3,0.00
i25,e11,c5,p19,l3,0.00
i25,e11,c5,p20,l3,0.00
i25,e11,c5,p21,l3,0.00
i25,e11,c5,p22,l3,0.00
i25,e11,c5,p23,l3,0.00
i25,e11,c5,p24,l3,0.00
i25,e11,c5,p25,l3,0.00
i25,e11,c5,p28,l3,0.00
i25,e11,c5,p29,l3,0.00
i25,e11,c5,p31,l3,0.00
i25,e11,c5,p32,l3,0.00
i25,e11,c5,p33,l3,0.00
i25,e11,c5,p35,l3,0.00
i25,e12,c3,p01,l3,0.00
i25,e12,c3,p03,l3,0.00
i25,e12,c3,p04,l3,0.00
i25,e12,c3,p10,l3,0.00
i25,e12,c3,p14,l3,0.00
i25,e12,c3,p16,l3,0.00
i25,e12,c3,p19,l3,0.00
i25,e12,c3,p35,l3,0.00
i25,e12,c5,p01,l3,0.00
i25,e12,c5,p02,l3,0.00
i25,e12,c5,p03,l3,0.00
i25,e12,c5,p04,l3,0.00
i25,e12,c5,p05,l3,0.00
i25,e12,c5,p06,l3,0.00
i25,e12,c5,p07,l3,0.00
i25,e12,c5,p08,l3,0.00
i25,e12,c5,p09,l3,0.00
i25,e12,c5,p10,l3,0.00
i25,e12,c5,p11,l3,0.00
i25,e12,c5,p12,l3,0.00
i25,e12,c5,p13,l3,0.00
i25,e12,c5,p14,l3,0.00
i25,e12,c5,p15,l3,0.00
i25,e12,c5,p16,l3,0.00
i25,e12,c5,p17,l3,0.00
i25,e12,c5,p18,l3,0.00
i25,e12,c5,p19,l3,0.00
i25,e12,c5,p20,l3,0.00
i25,e12,c5,p21,l3,0.00
i25,e12,c5,p22,l3,0.00
i25,e12,c5,p23,l3,0.00
i25,e12,c5,p24,l3,0.00
i25,e12,c5,p25,l3,0.00
i25,e12,c5,p26,l3,0.00
i25,e12,c5,p28,l3,0.00
i25,e12,c5,p29,l3,0.00
i25,e12,c5,p31,l3,0.00
i25,e12,c5,p32,l3,0.00
i25,e12,c5,p33,l3,0.00
i25,e12,c5,p35,l3,0.00
i26,e01,c1,p35,l3,0.00
i26,e01,c4,p35,l3,0.00
i26,e04,c1,p35,l1,0.00
i26,e04,c1,p35,l3,0.00
i26,e04,c4,p35,l1,0.00
i26,e04,c4,p35,l3,0.00
i26,e04,c7,p35,l3,0.00
i26,e05,c1,p35,l1,0.00
i26,e05,c1,p35,l3,0.00
i26,e05,c7,p35,l3,0.00
i26,e08,c1,p35,l2,0.00
i26,e08,c1,p35,l3,17.66
i26,e08,c4,p35,l2,0.00
i26,e08,c4,p35,l3,0.00
i26,e09,c1,p35,l2,0.00
i26,e09,c1,p35,l3,0.00
i26,e09,c4,p35,l2,0.00
i26,e09,c4,p35,l3,0.00
i26,e09,c7,p35,l3,0.00
i26,e11,c1,p35,l2,0.00
i26,e11,c1,p35,l3,14.10
i26,e11,c4,p35,l2,0.00
i26,e11,c4,p35,l3,0.00
i26,e11,c7,p35,l3,0.00
i27,e01,c3,p01,l3,0.00
i27,e01,c3,p03,l3,0.00
i27,e01,c3,p04,l3,0.00
i27,e01,c3,p05,l3,0.00
i27,e01,c3,p06,l3,0.00
i27,e01,c3,p07,l3,0.00
i27,e01,c3,p08,l3,0.00
i27,e01,c3,p10,l3,0.00
i27,e01,c3,p11,l3,0.00
i27,e01,c3,p15,l3,0.00
i27,e01,c3,p16,l3,0.00
i27,e01,c3,p17,l3,0.00
i27,e01,c3,p18,l3,0.00
i27,e01,c3,p19,l3,0.00
i27,e01,c3,p21,l3,0.00
i27,e01,c3,p22,l3,0.00
i27,e01,c3,p23,l3,0.00
i27,e01,c3,p24,l3,0.00
i27,e01,c3,p29,l3,0.00
i27,e01,c3,p35,l3,0.00
i27,e01,c5,p01,l3,0.00
i27,e01,c5,p02,l3,0.00
i27,e01,c5,p03,l3,0.00
i27,e01,c5,p04,l3,0.00
i27,e01,c5,p05,l3,0.00
i27,e01,c5,p06,l3,0.00
i27,e01,c5,p07,l3,0.00
i27,e01,c5,p08,l3,0.00
i27,e01,c5,p09,l3,0.00
i27,e01,c5,p10,l3,0.00
i27,e01,c5,p11,l3,0.00
i27,e01,c5,p12,l3,0.00
i27,e01,c5,p13,l3,0.00
i27,e01,c5,p14,l3,0.00
i27,e01,c5,p15,l3,0.00
i27,e01,c5,p16,l3,1.69
i27,e01,c5,p17,l3,0.00
i27,e01,c5,p18,l3,0.00
i27,e01,c5,p19,l3,0.00
i27,e01,c5,p20,l3,0.00
i27,e01,c5,p21,l3,0.00
i27,e01,c5,p22,l3,0.00
i27,e01,c5,p23,l3,0.00
i27,e01,c5,p24,l3,2.56
i27,e01,c5,p25,l3,0.00
i27,e01,c5,p26,l3,0.00
i27,e01,c5,p28,l3,0.00
i27,e01,c5,p29,l3,0.00
i27,e01,c5,p31,l3,0.00
i27,e01,c5,p32,l3,0.00
i27,e01,c5,p35,l3,0.00
i27,e02,c3,p17,l1,0.00
i27,e02,c5,p01,l1,0.00
i27,e02,c5,p01,l3,0.00
i27,e02,c5,p02,l1,0.00
i27,e02,c5,p02,l3,0.00
i27,e02,c5,p03,l1,0.00
i27,e02,c5,p03,l3,0.00
i27,e02,c5,p04,l1,0.00
i27,e02,c5,p04,l3,0.00
i27,e02,c5,p05,l1,0.00
i27,e02,c5,p05,l3,0.00
i27,e02,c5,p06,l1,0.00
i27,e02,c5,p06,l3,0.00
i27,e02,c5,p07,l1,0.00
i27,e02,c5,p07,l3,0.00
i27,e02,c5,p10,l1,0.00
i27,e02,c5,p10,l3,0.00
i27,e02,c5,p11,l3,0.00
i27,e02,c5,p12,l3,0.00
i27,e02,c5,p13,l1,0.00
i27,e02,c5,p13,l3,0.00
i27,e02,c5,p14,l1,0.00
i27,e02,c5,p14,l3,0.00
i27,e02,c5,p15,l1,0.00
i27,e02,c5,p15,l3,0.00
i27,e02,c5,p16,l1,0.00
i27,e02,c5,p16,l3,0.00
i27,e02,c5,p17,l3,0.00
i27,e02,c5,p18,l1,0.00
i27,e02,c5,p18,l3,0.00
i27,e02,c5,p19,l1,0.00
i27,e02,c5,p19,l3,0.00
i27,e02,c5,p20,l3,0.00
i27,e02,c5,p21,l1,0.00
i27,e02,c5,p21,l3,0.00
i27,e02,c5,p22,l1,0.00
i27,e02,c5,p22,l3,0.00
i27,e02,c5,p24,l1,0.00
i27,e02,c5,p24,l3,0.00
i27,e02,c5,p28,l3,0.00
i27,e02,c5,p29,l1,0.00
i27,e02,c5,p29,l3,0.00
i27,e02,c5,p35,l1,0.00
i27,e02,c5,p35,l3,0.00
i27,e04,c3,p01,l3,0.00
i27,e04,c3,p03,l1,0.00
i27,e04,c3,p03,l3,0.00
i27,e04,c3,p04,l3,0.00
i27,e04,c3,p05,l1,0.00
i27,e04,c3,p05,l3,0.00
i27,e04,c3,p06,l3,0.00
i27,e04,c3,p07,l1,0.00
i27,e04,c3,p07,l3,0.00
i27,e04,c3,p08,l1,0.00
i27,e04,c3,p08,l3,0.00
i27,e04,c3,p10,l1,0.00
i27,e04,c3,p10,l3,0.00
i27,e04,c3,p11,l1,0.00
i27,e04,c3,p11,l3,0.00
i27,e04,c3,p15,l1,0.00
i27,e04,c3,p15,l3,0.00
i27,e04,c3,p16,l1,0.00
i27,e04,c3,p16,l3,0.00
i27,e04,c3,p17,l3,0.00
i27,e04,c3,p18,l3,0.00
i27,e04,c3,p19,l1,0.00
i27,e04,c3,p19,l3,0.00
i27,e04,c3,p21,l3,0.00
i27,e04,c3,p22,l1,0.00
i27,e04,c3,p22,l3,0.00
i27,e04,c3,p23,l3,0.00
i27,e04,c3,p24,l1,0.00
i27,e04,c3,p24,l3,0.00
i27,e04,c3,p29,l1,0.00
i27,e04,c3,p29,l3,0.00
i27,e04,c3,p35,l1,0.00
i27,e04,c3,p35,l3,0.00
i27,e04,c5,p01,l1,0.00
i27,e04,c5,p01,l3,0.00
i27,e04,c5,p02,l1,0.00
i27,e04,c5,p02,l3,0.00
i27,e04,c5,p03,l1,0.00
i27,e04,c5,p03,l3,0.00
i27,e04,c5,p04,l1,0.00
i27,e04,c5,p04,l3,0.00
i27,e04,c5,p05,l1,0.00
i27,e04,c5,p05,l3,0.00
i27,e04,c5,p06,l1,0.00
i27,e04,c5,p06,l3,0.00
i27,e04,c5,p07,l1,0.00
i27,e04,c5,p07,l3,0.00
i27,e04,c5,p08,l1,0.00
i27,e04,c5,p08,l3,0.00
i27,e04,c5,p09,l1,0.00
i27,e04,c5,p09,l3,0.00
i27,e04,c5,p10,l1,0.00
i27,e04,c5,p10,l3,0.00
i27,e04,c5,p11,l1,0.00
i27,e04,c5,p11,l3,0.00
i27,e04,c5,p12,l1,0.00
i27,e04,c5,p12,l3,0.00
i27,e04,c5,p13,l1,0.00
i27,e04,c5,p13,l3,0.00
i27,e04,c5,p14,l1,0.00
i27,e04,c5,p14,l3,0.00
i27,e04,c5,p15,l1,0.00
i27,e04,c5,p15,l3,2.04
i27,e04,c5,p16,l1,0.00
i27,e04,c5,p16,l3,0.00
i27,e04,c5,p17,l1,0.00
i27,e04,c5,p17,l3,0.00
i27,e04,c5,p18,l1,0.00
i27,e04,c5,p18,l3,0.00
i27,e04,c5,p19,l1,0.00
i27,e04,c5,p19,l3,0.00
i27,e04,c5,p20,l1,0.00
i27,e04,c5,p20,l3,0.00
i27,e04,c5,p21,l1,0.00
i27,e04,c5,p21,l3,0.00
i27,e04,c5,p22,l1,0.00
i27,e04,c5,p22,l3,0.00
i27,e04,c5,p23,l1,0.00
i27,e04,c5,p23,l3,0.00
i27,e04,c5,p24,l1,0.00
i27,e04,c5,p24,l3,0.00
i27,e04,c5,p25,l1,0.00
i27,e04,c5,p25,l3,0.00
i27,e04,c5,p26,l3,0.00
i27,e04,c5,p28,l1,0.00
i27,e04,c5,p28,l3,0.00
i27,e04,c5,p29,l1,0.00
i27,e04,c5,p29,l3,0.00
i27,e04,c5,p31,l3,0.00
i27,e04,c5,p32,l1,0.00
i27,e04,c5,p32,l3,0.00
i27,e04,c5,p33,l3,0.00
i27,e04,c5,p35,l1,0.00
i27,e04,c5,p35,l3,0.00
i27,e05,c3,p03,l3,0.00
i27,e05,c3,p05,l3,0.00
i27,e05,c3,p06,l1,0.00
i27,e05,c3,p06,l3,0.00
i27,e05,c3,p10,l1,0.00
i27,e05,c3,p10,l3,0.00
i27,e05,c3,p11,l3,0.00
i27,e05,c3,p19,l3,0.00
i27,e05,c3,p21,l3,0.00
i27,e05,c3,p22,l3,0.00
i27,e05,c3,p35,l3,0.00
i27,e05,c5,p01,l1,0.00
i27,e05,c5,p01,l3,0.00
i27,e05,c5,p02,l1,0.00
i27,e05,c5,p02,l3,0.00
i27,e05,c5,p03,l1,0.00
i27,e05,c5,p03,l3,0.00
i27,e05,c5,p04,l1,0.00
i27,e05,c5,p04,l3,0.00
i27,e05,c5,p05,l1,0.00
i27,e05,c5,p05,l3,0.00
i27,e05,c5,p06,l1,0.00
i27,e05,c5,p06,l3,0.00
i27,e05,c5,p07,l1,0.00
i27,e05,c5,p07,l3,0.00
i27,e05,c5,p08,l3,0.00
i27,e05,c5,p09,l1,0.00
i27,e05,c5,p09,l3,0.00
i27,e05,c5,p10,l1,0.00
i27,e05,c5,p10,l3,0.00
i27,e05,c5,p11,l1,0.00
i27,e05,c5,p11,l3,0.00
i27,e05,c5,p12,l1,0.00
i27,e05,c5,p12,l3,0.00
i27,e05,c5,p13,l1,0.00
i27,e05,c5,p13,l3,0.00
i27,e05,c5,p14,l1,0.00
i27,e05,c5,p14,l3,0.00
i27,e05,c5,p15,l1,0.00
i27,e05,c5,p15,l3,0.00
i27,e05,c5,p16,l1,0.00
i27,e05,c5,p16,l3,0.00
i27,e05,c5,p17,l1,0.00
i27,e05,c5,p17,l3,0.00
i27,e05,c5,p18,l1,0.00
i27,e05,c5,p18,l3,0.00
i27,e05,c5,p19,l1,0.00
i27,e05,c5,p19,l3,0.00
i27,e05,c5,p20,l1,0.00
i27,e05,c5,p20,l3,0.00
i27,e05,c5,p21,l1,0.00
i27,e05,c5,p21,l3,0.00
i27,e05,c5,p22,l1,0.00
i27,e05,c5,p22,l3,0.00
i27,e05,c5,p23,l1,0.00
i27,e05,c5,p23,l3,0.00
i27,e05,c5,p24,l1,0.00
i27,e05,c5,p24,l3,0.00
i27,e05,c5,p28,l3,0.00
i27,e05,c5,p29,l1,0.00
i27,e05,c5,p29,l3,0.00
i27,e05,c5,p35,l1,0.00
i27,e05,c5,p35,l3,0.00
i27,e07,c5,p01,l3,0.00
i27,e07,c5,p10,l3,0.00
i27,e07,c5,p29,l3,0.00
i27,e08,c3,p01,l3,0.00
i27,e08,c3,p03,l2,0.00
i27,e08,c3,p03,l3,0.00
i27,e08,c3,p04,l3,0.00
i27,e08,c3,p05,l2,0.00
i27,e08,c3,p05,l3,0.00
i27,e08,c3,p07,l2,0.00
i27,e08,c3,p07,l3,0.00
i27,e08,c3,p08,l2,0.00
i27,e08,c3,p08,l3,0.00
i27,e08,c3,p10,l3,0.00
i27,e08,c3,p11,l2,0.00
i27,e08,c3,p11,l3,0.00
i27,e08,c3,p15,l2,0.00
i27,e08,c3,p15,l3,0.00
i27,e08,c3,p16,l2,0.00
i27,e08,c3,p16,l3,0.00
i27,e08,c3,p17,l3,0.00
i27,e08,c3,p18,l3,0.00
i27,e08,c3,p19,l2,0.00
i27,e08,c3,p19,l3,0.00
i27,e08,c3,p21,l2,0.00
i27,e08,c3,p21,l3,0.00
i27,e08,c3,p22,l2,0.00
i27,e08,c3,p22,l3,0.00
i27,e08,c3,p24,l3,0.00
i27,e08,c3,p29,l2,0.00
i27,e08,c3,p29,l3,0.00
i27,e08,c3,p35,l2,0.00
i27,e08,c3,p35,l3,0.00
i27,e08,c5,p01,l2,0.00
i27,e08,c5,p01,l3,0.00
i27,e08,c5,p02,l2,0.00
i27,e08,c5,p02,l3,0.00
i27,e08,c5,p03,l2,0.00
i27,e08,c5,p03,l3,0.00
i27,e08,c5,p04,l2,0.00
i27,e08,c5,p04,l3,0.00
i27,e08,c5,p05,l2,0.00
i27,e08,c5,p05,l3,0.00
i27,e08,c5,p06,l2,0.00
i27,e08,c5,p06,l3,0.00
i27,e08,c5,p07,l2,0.00
i27,e08,c5,p07,l3,0.00
i27,e08,c5,p08,l2,0.00
i27,e08,c5,p08,l3,0.00
i27,e08,c5,p09,l2,0.00
i27,e08,c5,p09,l3,0.00
i27,e08,c5,p10,l2,0.00
i27,e08,c5,p10,l3,0.00
i27,e08,c5,p11,l2,0.00
i27,e08,c5,p11,l3,0.00
i27,e08,c5,p12,l2,0.00
i27,e08,c5,p12,l3,0.00
i27,e08,c5,p13,l2,0.00
i27,e08,c5,p13,l3,0.00
i27,e08,c5,p14,l2,0.00
i27,e08,c5,p14,l3,0.00
i27,e08,c5,p15,l2,0.00
i27,e08,c5,p15,l3,0.00
i27,e08,c5,p16,l2,0.00
i27,e08,c5,p16,l3,0.00
i27,e08,c5,p17,l2,0.00
i27,e08,c5,p17,l3,0.00
i27,e08,c5,p18,l2,0.00
i27,e08,c5,p18,l3,0.00
i27,e08,c5,p19,l2,0.00
i27,e08,c5,p19,l3,0.00
i27,e08,c5,p20,l2,0.00
i27,e08,c5,p20,l3,0.00
i27,e08,c5,p21,l2,0.00
i27,e08,c5,p21,l3,0.00
i27,e08,c5,p22,l2,0.00
i27,e08,c5,p22,l3,0.00
i27,e08,c5,p23,l2,0.00
i27,e08,c5,p23,l3,0.00
i27,e08,c5,p24,l2,0.00
i27,e08,c5,p24,l3,0.00
i27,e08,c5,p25,l2,0.00
i27,e08,c5,p25,l3,0.00
i27,e08,c5,p26,l3,0.00
i27,e08,c5,p28,l2,0.00
i27,e08,c5,p28,l3,0.00
i27,e08,c5,p29,l2,0.00
i27,e08,c5,p29,l3,0.00
i27,e08,c5,p32,l2,0.00
i27,e08,c5,p32,l3,0.00
i27,e08,c5,p35,l2,0.00
i27,e08,c5,p35,l3,0.00
i27,e09,c3,p01,l2,0.00
i27,e09,c3,p01,l3,0.00
i27,e09,c3,p03,l2,0.00
i27,e09,c3,p03,l3,0.00
i27,e09,c3,p04,l2,0.00
i27,e09,c3,p04,l3,0.00
i27,e09,c3,p05,l2,0.00
i27,e09,c3,p05,l3,0.00
i27,e09,c3,p06,l2,0.00
i27,e09,c3,p06,l3,0.00
i27,e09,c3,p07,l2,0.00
i27,e09,c3,p07,l3,0.00
i27,e09,c3,p08,l2,0.00
i27,e09,c3,p08,l3,0.00
i27,e09,c3,p10,l2,0.00
i27,e09,c3,p10,l3,0.00
i27,e09,c3,p11,l2,0.00
i27,e09,c3,p11,l3,0.00
i27,e09,c3,p15,l2,0.00
i27,e09,c3,p15,l3,0.00
i27,e09,c3,p16,l3,0.00
i27,e09,c3,p17,l2,0.00
i27,e09,c3,p17,l3,0.00
i27,e09,c3,p18,l3,0.00
i27,e09,c3,p19,l2,0.00
i27,e09,c3,p19,l3,0.00
i27,e09,c3,p21,l2,0.00
i27,e09,c3,p21,l3,0.00
i27,e09,c3,p22,l2,0.00
i27,e09,c3,p22,l3,0.00
i27,e09,c3,p23,l3,0.00
i27,e09,c3,p24,l3,0.00
i27,e09,c3,p29,l2,0.00
i27,e09,c3,p29,l3,0.00
i27,e09,c3,p35,l2,0.00
i27,e09,c3,p35,l3,0.00
i27,e09,c5,p01,l2,0.00
i27,e09,c5,p01,l3,0.00
i27,e09,c5,p02,l2,0.00
i27,e09,c5,p02,l3,0.00
i27,e09,c5,p03,l2,0.00
i27,e09,c5,p03,l3,0.00
i27,e09,c5,p04,l2,0.00
i27,e09,c5,p04,l3,0.00
i27,e09,c5,p05,l2,0.00
i27,e09,c5,p05,l3,0.00
i27,e09,c5,p06,l2,0.00
i27,e09,c5,p06,l3,0.00
i27,e09,c5,p07,l2,0.00
i27,e09,c5,p07,l3,0.00
i27,e09,c5,p08,l2,0.00
i27,e09,c5,p08,l3,0.00
i27,e09,c5,p09,l2,0.00
i27,e09,c5,p09,l3,0.00
i27,e09,c5,p10,l2,0.00
i27,e09,c5,p10,l3,0.00
i27,e09,c5,p11,l2,0.00
i27,e09,c5,p11,l3,0.00
i27,e09,c5,p12,l2,0.00
i27,e09,c5,p12,l3,0.00
i27,e09,c5,p13,l2,0.00
i27,e09,c5,p13,l3,0.00
i27,e09,c5,p14,l2,0.00
i27,e09,c5,p14,l3,0.00
i27,e09,c5,p15,l2,0.00
i27,e09,c5,p15,l3,0.00
i27,e09,c5,p16,l2,0.00
i27,e09,c5,p16,l3,1.42
i27,e09,c5,p17,l2,0.00
i27,e09,c5,p17,l3,0.00
i27,e09,c5,p18,l2,0.00
i27,e09,c5,p18,l3,0.00
i27,e09,c5,p19,l2,0.00
i27,e09,c5,p19,l3,0.00
i27,e09,c5,p20,l2,0.00
i27,e09,c5,p20,l3,0.00
i27,e09,c5,p21,l2,0.00
i27,e09,c5,p21,l3,0.00
i27,e09,c5,p22,l2,0.00
i27,e09,c5,p22,l3,0.00
i27,e09,c5,p23,l2,0.00
i27,e09,c5,p23,l3,0.00
i27,e09,c5,p24,l2,0.00
i27,e09,c5,p24,l3,0.00
i27,e09,c5,p25,l2,0.00
i27,e09,c5,p25,l3,0.00
i27,e09,c5,p26,l3,0.00
i27,e09,c5,p28,l2,0.00
i27,e09,c5,p28,l3,0.00
i27,e09,c5,p29,l2,0.00
i27,e09,c5,p29,l3,0.00
i27,e09,c5,p32,l2,0.00
i27,e09,c5,p32,l3,0.00
i27,e09,c5,p35,l2,0.00
i27,e09,c5,p35,l3,0.00
i27,e10,c3,p01,l3,0.00
i27,e10,c3,p03,l3,0.00
i27,e10,c3,p04,l3,0.00
i27,e10,c3,p05,l1,0.00
i27,e10,c3,p05,l3,0.00
i27,e10,c3,p06,l3,0.00
i27,e10,c3,p07,l1,0.00
i27,e10,c3,p07,l3,0.00
i27,e10,c3,p08,l3,0.00
i27,e10,c3,p10,l1,0.00
i27,e10,c3,p10,l3,0.00
i27,e10,c3,p11,l3,0.00
i27,e10,c3,p15,l3,0.00
i27,e10,c3,p16,l3,0.00
i27,e10,c3,p17,l3,0.00
i27,e10,c3,p18,l3,0.00
i27,e10,c3,p19,l1,0.00
i27,e10,c3,p19,l3,0.00
i27,e10,c3,p21,l3,0.00
i27,e10,c3,p22,l3,0.00
i27,e10,c3,p24,l3,0.00
i27,e10,c3,p29,l3,0.00
i27,e10,c3,p35,l1,0.00
i27,e10,c3,p35,l3,0.00
i27,e10,c5,p01,l1,0.00
i27,e10,c5,p01,l3,0.00
i27,e10,c5,p02,l1,0.00
i27,e10,c5,p02,l3,0.00
i27,e10,c5,p03,l1,0.00
i27,e10,c5,p03,l3,0.00
i27,e10,c5,p04,l1,0.00
i27,e10,c5,p04,l3,0.00
i27,e10,c5,p05,l1,0.00
i27,e10,c5,p05,l3,0.00
i27,e10,c5,p06,l1,0.00
i27,e10,c5,p06,l3,0.00
i27,e10,c5,p07,l1,0.00
i27,e10,c5,p07,l3,0.00
i27,e10,c5,p08,l3,0.00
i27,e10,c5,p09,l1,0.00
i27,e10,c5,p09,l3,0.00
i27,e10,c5,p10,l1,0.00
i27,e10,c5,p10,l3,0.00
i27,e10,c5,p11,l1,0.00
i27,e10,c5,p11,l3,0.00
i27,e10,c5,p12,l1,0.00
i27,e10,c5,p12,l3,0.00
i27,e10,c5,p13,l1,0.00
i27,e10,c5,p13,l3,0.00
i27,e10,c5,p14,l1,0.00
i27,e10,c5,p14,l3,0.00
i27,e10,c5,p15,l1,0.00
i27,e10,c5,p15,l3,0.00
i27,e10,c5,p16,l1,0.00
i27,e10,c5,p16,l3,0.00
i27,e10,c5,p17,l1,0.00
i27,e10,c5,p17,l3,0.00
i27,e10,c5,p18,l1,0.00
i27,e10,c5,p18,l3,0.00
i27,e10,c5,p19,l1,0.00
i27,e10,c5,p19,l3,0.00
i27,e10,c5,p20,l1,0.00
i27,e10,c5,p20,l3,0.00
i27,e10,c5,p21,l1,0.00
i27,e10,c5,p21,l3,0.00
i27,e10,c5,p22,l1,0.00
i27,e10,c5,p22,l3,0.00
i27,e10,c5,p23,l1,0.00
i27,e10,c5,p23,l3,0.00
i27,e10,c5,p24,l1,0.00
i27,e10,c5,p24,l3,0.00
i27,e10,c5,p25,l3,0.00
i27,e10,c5,p28,l3,0.00
i27,e10,c5,p29,l1,0.00
i27,e10,c5,p29,l3,0.00
i27,e10,c5,p35,l1,0.00
i27,e10,c5,p35,l3,0.00
i27,e11,c3,p05,l3,0.00
i27,e11,c5,p01,l3,0.00
i27,e11,c5,p04,l3,0.00
i27,e11,c5,p05,l3,0.00
i27,e11,c5,p07,l3,0.00
i27,e11,c5,p10,l3,0.00
i27,e11,c5,p11,l3,0.00
i27,e11,c5,p12,l3,0.00
i27,e11,c5,p13,l3,0.00
i27,e11,c5,p14,l3,0.00
i27,e11,c5,p15,l3,0.00
i27,e11,c5,p16,l3,0.00
i27,e11,c5,p17,l3,0.00
i27,e11,c5,p18,l3,0.00
i27,e11,c5,p19,l3,0.00
i27,e11,c5,p20,l3,0.00
i27,e11,c5,p21,l3,0.00
i27,e11,c5,p22,l3,0.00
i27,e11,c5,p23,l3,0.00
i27,e11,c5,p24,l3,0.00
i27,e11,c5,p29,l3,0.00
i27,e11,c5,p35,l3,0.00
i27,e12,c3,p05,l3,0.00
i27,e12,c5,p01,l3,0.00
i27,e12,c5,p02,l3,0.00
i27,e12,c5,p03,l3,0.00
i27,e12,c5,p04,l3,0.00
i27,e12,c5,p05,l3,0.00
i27,e12,c5,p06,l3,0.00
i27,e12,c5,p07,l3,0.00
i27,e12,c5,p08,l3,0.00
i27,e12,c5,p09,l3,0.00
i27,e12,c5,p10,l3,0.00
i27,e12,c5,p11,l3,0.00
i27,e12,c5,p12,l3,0.00
i27,e12,c5,p13,l3,0.00
i27,e12,c5,p15,l3,0.00
i27,e12,c5,p16,l3,0.00
i27,e12,c5,p17,l3,0.00
i27,e12,c5,p18,l3,0.00
i27,e12,c5,p19,l3,0.00
i27,e12,c5,p20,l3,0.00
i27,e12,c5,p21,l3,0.00
i27,e12,c5,p22,l3,0.00
i27,e12,c5,p24,l3,0.00
i27,e12,c5,p28,l3,0.00
i27,e12,c5,p29,l3,0.00
i27,e12,c5,p35,l3,0.00
i28,e01,c1,p35,l3,0.00
i28,e01,c4,p35,l3,0.00
i28,e04,c1,p35,l1,0.00
i28,e04,c1,p35,l3,0.00
i28,e04,c4,p35,l1,0.00
i28,e04,c4,p35,l3,0.00
i28,e05,c1,p35,l1,0.00
i28,e05,c1,p35,l3,0.00
i28,e05,c4,p35,l3,0.00
i28,e07,c1,p35,l3,0.00
i28,e08,c1,p35,l2,0.00
i28,e08,c1,p35,l3,7328.37
i28,e08,c4,p35,l2,0.00
i28,e08,c4,p35,l3,0.00
i28,e09,c1,p35,l2,0.00
i28,e09,c1,p35,l3,0.00
i28,e09,c4,p35,l2,0.00
i28,e09,c4,p35,l3,0.00
i28,e10,c1,p35,l1,0.00
i28,e10,c1,p35,l3,0.00
i28,e10,c4,p35,l1,0.00
i28,e10,c4,p35,l3,0.00
i28,e11,c1,p35,l2,0.00
i28,e11,c1,p35,l3,0.00
i28,e11,c4,p35,l3,0.00
i28,e12,c1,p35,l3,0.00
i28,e12,c4,p35,l3,0.00
i29,e01,c5,p01,l3,0.00
i29,e01,c5,p02,l3,0.00
i29,e01,c5,p03,l3,0.00
i29,e01,c5,p04,l3,0.00
i29,e01,c5,p05,l3,0.00
i29,e01,c5,p06,l3,0.00
i29,e01,c5,p07,l3,0.00
i29,e01,c5,p08,l3,0.00
i29,e01,c5,p10,l3,0.00
i29,e01,c5,p11,l3,0.00
i29,e01,c5,p12,l3,0.00
i29,e01,c5,p13,l3,0.00
i29,e01,c5,p15,l3,0.00
i29,e01,c5,p16,l3,0.00
i29,e01,c5,p17,l3,0.00
i29,e01,c5,p18,l3,0.00
i29,e01,c5,p19,l3,0.00
i29,e01,c5,p21,l3,0.00
i29,e01,c5,p22,l3,0.00
i29,e01,c5,p23,l3,0.00
i29,e01,c5,p24,l3,0.00
i29,e01,c5,p29,l3,0.00
i29,e01,c5,p31,l3,0.00
i29,e01,c5,p32,l3,0.00
i29,e01,c5,p35,l3,0.00
i29,e04,c5,p01,l3,0.00
i29,e04,c5,p02,l3,0.00
i29,e04,c5,p03,l3,0.00
i29,e04,c5,p04,l3,0.00
i29,e04,c5,p05,l3,0.00
i29,e04,c5,p06,l3,0.00
i29,e04,c5,p07,l3,0.00
i29,e04,c5,p08,l3,0.00
i29,e04,c5,p10,l3,0.00
i29,e04,c5,p11,l3,0.00
i29,e04,c5,p12,l3,0.00
i29,e04,c5,p13,l3,0.00
i29,e04,c5,p14,l3,0.00
i29,e04,c5,p15,l3,0.00
i29,e04,c5,p16,l3,0.00
i29,e04,c5,p17,l3,0.00
i29,e04,c5,p18,l3,0.00
i29,e04,c5,p19,l3,0.00
i29,e04,c5,p21,l3,0.00
i29,e04,c5,p22,l3,0.00
i29,e04,c5,p23,l3,0.00
i29,e04,c5,p24,l3,0.00
i29,e04,c5,p29,l3,0.00
i29,e04,c5,p31,l3,0.00
i29,e04,c5,p32,l3,0.00
i29,e04,c5,p35,l3,2.36
i29,e09,c5,p01,l3,0.00
i29,e09,c5,p02,l3,0.00
i29,e09,c5,p03,l3,0.00
i29,e09,c5,p04,l3,0.00
i29,e09,c5,p05,l3,0.00
i29,e09,c5,p06,l3,0.00
i29,e09,c5,p07,l3,0.00
i29,e09,c5,p08,l3,0.00
i29,e09,c5,p10,l3,0.00
i29,e09,c5,p11,l3,0.00
i29,e09,c5,p12,l3,0.00
i29,e09,c5,p13,l3,0.00
i29,e09,c5,p15,l3,0.00
i29,e09,c5,p16,l3,0.00
i29,e09,c5,p17,l3,0.00
i29,e09,c5,p18,l3,0.00
i29,e09,c5,p19,l3,0.00
i29,e09,c5,p21,l3,0.00
i29,e09,c5,p22,l3,0.00
i29,e09,c5,p23,l3,0.00
i29,e09,c5,p24,l3,0.00
i29,e09,c5,p29,l3,0.00
i29,e09,c5,p31,l3,0.00
i29,e09,c5,p32,l3,0.00
i29,e09,c5,p35,l3,0.00
i30,e01,c1,p01,l3,0.00
i30,e01,c1,p02,l3,2.23
i30,e01,c1,p03,l3,0.00
i30,e01,c1,p04,l3,3.13
i30,e01,c1,p05,l3,0.00
i30,e01,c1,p06,l3,0.00
i30,e01,c1,p07,l3,6.43
i30,e01,c1,p08,l3,0.00
i30,e01,c1,p09,l3,0.00
i30,e01,c1,p10,l3,1.21
i30,e01,c1,p11,l3,0.00
i30,e01,c1,p12,l3,0.00
i30,e01,c1,p13,l3,2.08
i30,e01,c1,p14,l3,8.32
i30,e01,c1,p15,l3,0.00
i30,e01,c1,p16,l3,0.00
i30,e01,c1,p17,l3,0.00
i30,e01,c1,p18,l3,0.00
i30,e01,c1,p19,l3,5.43
i30,e01,c1,p20,l3,0.00
i30,e01,c1,p21,l3,2.48
i30,e01,c1,p22,l3,0.00
i30,e01,c1,p23,l3,0.00
i30,e01,c1,p24,l3,0.00
i30,e01,c1,p25,l3,0.00
i30,e01,c1,p26,l3,0.00
i30,e01,c1,p28,l3,0.00
i30,e01,c1,p29,l3,0.00
i30,e01,c1,p31,l3,0.00
i30,e01,c1,p32,l3,0.00
i30,e01,c1,p34,l3,0.00
i30,e01,c1,p35,l3,0.00
i30,e01,c4,p02,l3,0.00
i30,e01,c4,p04,l3,0.00
i30,e01,c4,p07,l3,0.00
i30,e01,c4,p10,l3,0.00
i30,e01,c4,p13,l3,0.00
i30,e01,c4,p17,l3,0.00
i30,e01,c4,p23,l3,0.00
i30,e01,c4,p35,l3,0.00
i30,e04,c1,p01,l3,0.00
i30,e04,c1,p02,l3,0.00
i30,e04,c1,p03,l3,1.06
i30,e04,c1,p04,l3,2.09
i30,e04,c1,p05,l3,2.37
i30,e04,c1,p06,l3,0.00
i30,e04,c1,p07,l3,3.50
i30,e04,c1,p08,l3,0.00
i30,e04,c1,p09,l3,0.00
i30,e04,c1,p10,l3,1.04
i30,e04,c1,p11,l3,0.00
i30,e04,c1,p12,l3,0.00
i30,e04,c1,p13,l3,0.00
i30,e04,c1,p14,l3,0.00
i30,e04,c1,p15,l3,1.34
i30,e04,c1,p16,l3,0.00
i30,e04,c1,p17,l3,0.00
i30,e04,c1,p18,l3,0.00
i30,e04,c1,p19,l3,3.07
i30,e04,c1,p20,l3,0.00
i30,e04,c1,p21,l3,0.00
i30,e04,c1,p22,l3,0.00
i30,e04,c1,p23,l3,0.00
i30,e04,c1,p24,l3,0.00
i30,e04,c1,p25,l3,0.00
i30,e04,c1,p26,l3,0.00
i30,e04,c1,p28,l3,0.00
i30,e04,c1,p29,l3,2.13
i30,e04,c1,p31,l3,0.00
i30,e04,c1,p32,l3,0.00
i30,e04,c1,p35,l3,0.00
i30,e04,c4,p04,l3,0.00
i30,e04,c4,p07,l3,0.00
i30,e04,c4,p10,l3,0.00
i30,e04,c4,p13,l3,0.00
i30,e04,c4,p17,l3,0.00
i30,e04,c4,p23,l3,0.00
i30,e04,c4,p35,l3,0.00
i30,e05,c1,p35,l3,0.00
i30,e09,c1,p01,l3,0.00
i30,e09,c1,p02,l3,0.00
i30,e09,c1,p03,l3,0.00
i30,e09,c1,p04,l3,4.06
i30,e09,c1,p05,l3,1.74
i30,e09,c1,p06,l3,0.00
i30,e09,c1,p07,l3,5.13
i30,e09,c1,p08,l3,1.47
i30,e09,c1,p09,l3,0.00
i30,e09,c1,p10,l3,1.11
i30,e09,c1,p11,l3,0.00
i30,e09,c1,p12,l3,0.00
i30,e09,c1,p13,l3,0.00
i30,e09,c1,p14,l3,1.31
i30,e09,c1,p15,l3,0.00
i30,e09,c1,p16,l3,0.00
i30,e09,c1,p17,l3,0.00
i30,e09,c1,p18,l3,0.00
i30,e09,c1,p19,l3,0.00
i30,e09,c1,p20,l3,0.00
i30,e09,c1,p21,l3,0.00
i30,e09,c1,p22,l3,0.00
i30,e09,c1,p23,l3,0.00
i30,e09,c1,p24,l3,0.00
i30,e09,c1,p25,l3,0.00
i30,e09,c1,p26,l3,0.00
i30,e09,c1,p28,l3,0.00
i30,e09,c1,p29,l3,2.19
i30,e09,c1,p31,l3,0.00
i30,e09,c1,p32,l3,0.00
i30,e09,c1,p35,l3,0.00
i30,e09,c4,p02,l3,0.00
i30,e09,c4,p04,l3,0.00
i30,e09,c4,p07,l3,0.00
i30,e09,c4,p10,l3,0.00
i30,e09,c4,p13,l3,0.00
i30,e09,c4,p17,l3,0.00
i30,e09,c4,p23,l3,0.00
i30,e09,c4,p35,l3,0.00
i31,e01,c1,p01,l3,0.00
i31,e01,c1,p02,l3,0.00
i31,e01,c1,p03,l3,0.00
i31,e01,c1,p04,l3,0.00
i31,e01,c1,p05,l3,0.00
i31,e01,c1,p06,l3,0.00
i31,e01,c1,p07,l3,0.00
i31,e01,c1,p08,l3,0.00
i31,e01,c1,p09,l3,0.00
i31,e01,c1,p10,l3,0.00
i31,e01,c1,p11,l3,0.00
i31,e01,c1,p12,l3,0.00
i31,e01,c1,p13,l3,0.00
i31,e01,c1,p14,l3,0.00
i31,e01,c1,p15,l3,0.00
i31,e01,c1,p16,l3,0.00
i31,e01,c1,p17,l3,0.00
i31,e01,c1,p18,l3,0.00
i31,e01,c1,p19,l3,0.00
i31,e01,c1,p20,l3,0.00
i31,e01,c1,p21,l3,0.00
i31,e01,c1,p22,l3,0.00
i31,e01,c1,p23,l3,0.00
i31,e01,c1,p24,l3,0.00
i31,e01,c1,p25,l3,0.00
i31,e01,c1,p27,l3,0.00
i31,e01,c1,p28,l3,0.00
i31,e01,c1,p29,l3,0.00
i31,e01,c1,p32,l3,0.00
i31,e01,c1,p35,l3,0.00
i31,e01,c4,p03,l3,0.00
i31,e01,c4,p04,l3,0.00
i31,e01,c4,p06,l3,0.00
i31,e01,c4,p07,l3,0.00
i31,e01,c4,p10,l3,0.00
i31,e01,c4,p11,l3,0.00
i31,e01,c4,p13,l3,0.00
i31,e01,c4,p14,l3,0.00
i31,e01,c4,p15,l3,0.00
i31,e01,c4,p16,l3,0.00
i31,e01,c4,p17,l3,0.00
i31,e01,c4,p18,l3,0.00
i31,e01,c4,p19,l3,0.00
i31,e01,c4,p20,l3,0.00
i31,e01,c4,p24,l3,0.00
i31,e01,c4,p29,l3,0.00
i31,e01,c4,p35,l3,0.00
i31,e04,c1,p01,l1,0.00
i31,e04,c1,p01,l3,0.00
i31,e04,c1,p02,l1,0.00
i31,e04,c1,p02,l3,0.00
i31,e04,c1,p03,l1,0.00
i31,e04,c1,p03,l3,0.00
i31,e04,c1,p04,l1,0.00
i31,e04,c1,p04,l3,0.00
i31,e04,c1,p05,l1,0.00
i31,e04,c1,p05,l3,0.00
i31,e04,c1,p06,l1,0.00
i31,e04,c1,p06,l3,0.00
i31,e04,c1,p07,l1,0.00
i31,e04,c1,p07,l3,0.00
i31,e04,c1,p08,l1,0.00
i31,e04,c1,p08,l3,0.00
i31,e04,c1,p09,l1,0.00
i31,e04,c1,p09,l3,0.00
i31,e04,c1,p10,l1,0.00
i31,e04,c1,p10,l3,0.00
i31,e04,c1,p11,l1,0.00
i31,e04,c1,p11,l3,0.00
i31,e04,c1,p12,l1,0.00
i31,e04,c1,p12,l3,0.00
i31,e04,c1,p13,l1,0.00
i31,e04,c1,p13,l3,0.00
i31,e04,c1,p14,l1,0.00
i31,e04,c1,p14,l3,0.00
i31,e04,c1,p15,l1,0.00
i31,e04,c1,p15,l3,0.00
i31,e04,c1,p16,l1,0.00
i31,e04,c1,p16,l3,0.00
i31,e04,c1,p17,l1,0.00
i31,e04,c1,p17,l3,0.00
i31,e04,c1,p18,l1,0.00
i31,e04,c1,p18,l3,0.00
i31,e04,c1,p19,l1,0.00
i31,e04,c1,p19,l3,0.00
i31,e04,c1,p20,l1,0.00
i31,e04,c1,p20,l3,0.00
i31,e04,c1,p21,l1,0.00
i31,e04,c1,p21,l3,0.00
i31,e04,c1,p22,l1,0.00
i31,e04,c1,p22,l3,0.00
i31,e04,c1,p23,l1,0.00
i31,e04,c1,p23,l3,0.00
i31,e04,c1,p24,l1,0.00
i31,e04,c1,p24,l3,0.00
i31,e04,c1,p25,l3,0.00
i31,e04,c1,p28,l1,0.00
i31,e04,c1,p28,l3,0.00
i31,e04,c1,p29,l1,0.00
i31,e04,c1,p29,l3,0.00
i31,e04,c1,p32,l3,0.00
i31,e04,c1,p35,l1,0.00
i31,e04,c1,p35,l3,0.00
i31,e04,c4,p03,l1,0.00
i31,e04,c4,p03,l3,0.00
i31,e04,c4,p04,l3,0.00
i31,e04,c4,p07,l3,0.00
i31,e04,c4,p08,l3,0.00
i31,e04,c4,p10,l3,0.00
i31,e04,c4,p11,l1,0.00
i31,e04,c4,p11,l3,0.00
i31,e04,c4,p13,l3,0.00
i31,e04,c4,p14,l3,0.00
i31,e04,c4,p15,l1,0.00
i31,e04,c4,p15,l3,0.00
i31,e04,c4,p16,l1,0.00
i31,e04,c4,p16,l3,0.00
i31,e04,c4,p17,l1,0.00
i31,e04,c4,p17,l3,0.00
i31,e04,c4,p19,l1,0.00
i31,e04,c4,p19,l3,0.00
i31,e04,c4,p20,l3,0.00
i31,e04,c4,p21,l1,0.00
i31,e04,c4,p21,l3,0.00
i31,e04,c4,p24,l3,0.00
i31,e04,c4,p35,l1,0.00
i31,e04,c4,p35,l3,0.00
i31,e05,c1,p01,l3,0.00
i31,e05,c1,p02,l1,0.00
i31,e05,c1,p02,l3,0.00
i31,e05,c1,p03,l1,0.00
i31,e05,c1,p03,l3,0.00
i31,e05,c1,p04,l1,0.00
i31,e05,c1,p04,l3,0.00
i31,e05,c1,p05,l1,0.00
i31,e05,c1,p05,l3,0.00
i31,e05,c1,p06,l1,0.00
i31,e05,c1,p06,l3,0.00
i31,e05,c1,p07,l1,0.00
i31,e05,c1,p07,l3,0.00
i31,e05,c1,p08,l3,0.00
i31,e05,c1,p09,l3,0.00
i31,e05,c1,p10,l1,0.00
i31,e05,c1,p10,l3,0.00
i31,e05,c1,p11,l1,0.00
i31,e05,c1,p11,l3,0.00
i31,e05,c1,p12,l1,0.00
i31,e05,c1,p12,l3,0.00
i31,e05,c1,p13,l1,0.00
i31,e05,c1,p13,l3,0.00
i31,e05,c1,p14,l1,0.00
i31,e05,c1,p14,l3,0.00
i31,e05,c1,p15,l1,0.00
i31,e05,c1,p15,l3,0.00
i31,e05,c1,p16,l1,0.00
i31,e05,c1,p16,l3,0.00
i31,e05,c1,p17,l1,0.00
i31,e05,c1,p17,l3,0.00
i31,e05,c1,p18,l1,0.00
i31,e05,c1,p18,l3,0.00
i31,e05,c1,p19,l1,0.00
i31,e05,c1,p19,l3,0.00
i31,e05,c1,p20,l1,0.00
i31,e05,c1,p21,l1,0.00
i31,e05,c1,p21,l3,0.00
i31,e05,c1,p22,l1,0.00
i31,e05,c1,p22,l3,0.00
i31,e05,c1,p23,l1,0.00
i31,e05,c1,p23,l3,0.00
i31,e05,c1,p24,l1,0.00
i31,e05,c1,p24,l3,0.00
i31,e05,c1,p28,l1,0.00
i31,e05,c1,p28,l3,0.00
i31,e05,c1,p29,l1,0.00
i31,e05,c1,p29,l3,0.00
i31,e05,c1,p35,l1,0.00
i31,e05,c1,p35,l3,0.00
i31,e05,c4,p03,l3,0.00
i31,e05,c4,p06,l3,0.00
i31,e05,c4,p10,l3,0.00
i31,e05,c4,p13,l3,0.00
i31,e05,c4,p16,l3,0.00
i31,e05,c4,p19,l3,0.00
i31,e05,c4,p20,l3,0.00
i31,e05,c4,p35,l3,0.00
i31,e06,c1,p07,l3,0.00
i31,e06,c1,p19,l3,0.00
i31,e06,c1,p21,l3,0.00
i31,e06,c1,p35,l3,0.00
i31,e07,c1,p01,l2,0.00
i31,e07,c1,p01,l3,0.00
i31,e07,c1,p02,l2,0.00
i31,e07,c1,p02,l3,0.00
i31,e07,c1,p03,l2,0.00
i31,e07,c1,p03,l3,0.00
i31,e07,c1,p04,l2,0.00
i31,e07,c1,p04,l3,0.00
i31,e07,c1,p05,l2,0.00
i31,e07,c1,p05,l3,0.00
i31,e07,c1,p06,l2,0.00
i31,e07,c1,p06,l3,0.00
i31,e07,c1,p07,l2,0.00
i31,e07,c1,p07,l3,0.00
i31,e07,c1,p08,l3,0.00
i31,e07,c1,p09,l2,0.00
i31,e07,c1,p09,l3,0.00
i31,e07,c1,p10,l2,0.00
i31,e07,c1,p10,l3,0.00
i31,e07,c1,p11,l2,0.00
i31,e07,c1,p11,l3,0.00
i31,e07,c1,p12,l2,0.00
i31,e07,c1,p12,l3,0.00
i31,e07,c1,p13,l2,0.00
i31,e07,c1,p13,l3,0.00
i31,e07,c1,p14,l2,0.00
i31,e07,c1,p14,l3,0.00
i31,e07,c1,p15,l2,0.00
i31,e07,c1,p15,l3,0.00
i31,e07,c1,p16,l2,0.00
i31,e07,c1,p16,l3,0.00
i31,e07,c1,p17,l2,0.00
i31,e07,c1,p17,l3,0.00
i31,e07,c1,p18,l2,0.00
i31,e07,c1,p18,l3,0.00
i31,e07,c1,p19,l2,0.00
i31,e07,c1,p19,l3,0.00
i31,e07,c1,p20,l2,0.00
i31,e07,c1,p20,l3,0.00
i31,e07,c1,p21,l2,0.00
i31,e07,c1,p21,l3,0.00
i31,e07,c1,p22,l2,0.00
i31,e07,c1,p22,l3,0.00
i31,e07,c1,p23,l2,0.00
i31,e07,c1,p23,l3,0.00
i31,e07,c1,p24,l2,0.00
i31,e07,c1,p24,l3,0.00
i31,e07,c1,p28,l2,0.00
i31,e07,c1,p28,l3,0.00
i31,e07,c1,p29,l2,0.00
i31,e07,c1,p29,l3,0.00
i31,e07,c1,p35,l2,0.00
i31,e07,c1,p35,l3,0.00
i31,e07,c4,p03,l3,0.00
i31,e07,c4,p07,l3,0.00
i31,e07,c4,p10,l3,0.00
i31,e07,c4,p11,l3,0.00
i31,e07,c4,p13,l2,0.00
i31,e07,c4,p13,l3,0.00
i31,e07,c4,p15,l2,0.00
i31,e07,c4,p16,l2,0.00
i31,e07,c4,p16,l3,0.00
i31,e07,c4,p17,l2,0.00
i31,e07,c4,p17,l3,0.00
i31,e07,c4,p19,l2,0.00
i31,e07,c4,p19,l3,0.00
i31,e07,c4,p20,l2,0.00
i31,e07,c4,p20,l3,0.00
i31,e07,c4,p28,l3,0.00
i31,e07,c4,p35,l2,0.00
i31,e07,c4,p35,l3,0.00
i31,e08,c1,p01,l2,0.00
i31,e08,c1,p01,l3,0.00
i31,e08,c1,p02,l2,0.00
i31,e08,c1,p02,l3,0.00
i31,e08,c1,p03,l2,0.00
i31,e08,c1,p03,l3,1.24
i31,e08,c1,p04,l2,0.00
i31,e08,c1,p04,l3,0.00
i31,e08,c1,p05,l2,0.00
i31,e08,c1,p05,l3,0.00
i31,e08,c1,p06,l2,0.00
i31,e08,c1,p06,l3,0.00
i31,e08,c1,p07,l2,0.00
i31,e08,c1,p07,l3,0.00
i31,e08,c1,p08,l2,0.00
i31,e08,c1,p08,l3,0.00
i31,e08,c1,p09,l2,0.00
i31,e08,c1,p09,l3,0.00
i31,e08,c1,p10,l2,0.00
i31,e08,c1,p10,l3,3.33
i31,e08,c1,p11,l2,0.00
i31,e08,c1,p11,l3,0.00
i31,e08,c1,p12,l2,0.00
i31,e08,c1,p12,l3,0.00
i31,e08,c1,p13,l2,0.00
i31,e08,c1,p13,l3,0.00
i31,e08,c1,p14,l2,0.00
i31,e08,c1,p14,l3,0.00
i31,e08,c1,p15,l2,0.00
i31,e08,c1,p15,l3,0.00
i31,e08,c1,p16,l2,0.00
i31,e08,c1,p16,l3,1.08
i31,e08,c1,p17,l2,0.00
i31,e08,c1,p17,l3,0.00
i31,e08,c1,p18,l2,0.00
i31,e08,c1,p18,l3,0.00
i31,e08,c1,p19,l2,0.00
i31,e08,c1,p19,l3,0.00
i31,e08,c1,p20,l2,0.00
i31,e08,c1,p20,l3,0.00
i31,e08,c1,p21,l2,0.00
i31,e08,c1,p21,l3,0.00
i31,e08,c1,p22,l2,0.00
i31,e08,c1,p22,l3,0.00
i31,e08,c1,p23,l2,0.00
i31,e08,c1,p23,l3,0.00
i31,e08,c1,p24,l2,0.00
i31,e08,c1,p24,l3,0.00
i31,e08,c1,p25,l2,0.00
i31,e08,c1,p25,l3,0.00
i31,e08,c1,p26,l3,0.00
i31,e08,c1,p27,l3,0.00
i31,e08,c1,p28,l2,0.00
i31,e08,c1,p28,l3,0.00
i31,e08,c1,p29,l2,0.00
i31,e08,c1,p29,l3,0.00
i31,e08,c1,p32,l2,0.00
i31,e08,c1,p32,l3,0.00
i31,e08,c1,p33,l3,0.00
i31,e08,c1,p35,l2,0.00
i31,e08,c1,p35,l3,90.15
i31,e08,c4,p03,l2,0.00
i31,e08,c4,p03,l3,0.00
i31,e08,c4,p04,l2,0.00
i31,e08,c4,p04,l3,0.00
i31,e08,c4,p05,l2,0.00
i31,e08,c4,p05,l3,0.00
i31,e08,c4,p06,l2,0.00
i31,e08,c4,p06,l3,0.00
i31,e08,c4,p07,l2,0.00
i31,e08,c4,p07,l3,0.00
i31,e08,c4,p08,l2,0.00
i31,e08,c4,p08,l3,0.00
i31,e08,c4,p10,l2,0.00
i31,e08,c4,p10,l3,0.00
i31,e08,c4,p11,l2,0.00
i31,e08,c4,p11,l3,0.00
i31,e08,c4,p12,l2,0.00
i31,e08,c4,p12,l3,0.00
i31,e08,c4,p13,l2,0.00
i31,e08,c4,p13,l3,0.00
i31,e08,c4,p14,l2,0.00
i31,e08,c4,p14,l3,0.00
i31,e08,c4,p15,l2,0.00
i31,e08,c4,p15,l3,0.00
i31,e08,c4,p16,l2,0.00
i31,e08,c4,p16,l3,0.00
i31,e08,c4,p17,l2,0.00
i31,e08,c4,p17,l3,0.00
i31,e08,c4,p18,l3,0.00
i31,e08,c4,p19,l2,0.00
i31,e08,c4,p19,l3,0.00
i31,e08,c4,p20,l2,0.00
i31,e08,c4,p20,l3,0.00
i31,e08,c4,p21,l2,0.00
i31,e08,c4,p21,l3,0.00
i31,e08,c4,p23,l2,0.00
i31,e08,c4,p24,l3,0.00
i31,e08,c4,p28,l3,0.00
i31,e08,c4,p29,l2,0.00
i31,e08,c4,p29,l3,0.00
i31,e08,c4,p35,l2,0.00
i31,e08,c4,p35,l3,0.00
i31,e09,c1,p01,l2,0.00
i31,e09,c1,p01,l3,0.00
i31,e09,c1,p02,l2,0.00
i31,e09,c1,p02,l3,0.00
i31,e09,c1,p03,l2,0.00
i31,e09,c1,p03,l3,0.00
i31,e09,c1,p04,l2,0.00
i31,e09,c1,p04,l3,0.00
i31,e09,c1,p05,l2,0.00
i31,e09,c1,p05,l3,0.00
i31,e09,c1,p06,l2,0.00
i31,e09,c1,p06,l3,0.00
i31,e09,c1,p07,l2,0.00
i31,e09,c1,p07,l3,0.00
i31,e09,c1,p08,l2,0.00
i31,e09,c1,p08,l3,0.00
i31,e09,c1,p09,l2,0.00
i31,e09,c1,p09,l3,0.00
i31,e09,c1,p10,l2,0.00
i31,e09,c1,p10,l3,0.00
i31,e09,c1,p11,l2,0.00
i31,e09,c1,p11,l3,0.00
i31,e09,c1,p12,l2,0.00
i31,e09,c1,p12,l3,0.00
i31,e09,c1,p13,l2,0.00
i31,e09,c1,p13,l3,0.00
i31,e09,c1,p14,l2,0.00
i31,e09,c1,p14,l3,0.00
i31,e09,c1,p15,l2,0.00
i31,e09,c1,p15,l3,0.00
i31,e09,c1,p16,l2,0.00
i31,e09,c1,p16,l3,0.00
i31,e09,c1,p17,l2,0.00
i31,e09,c1,p17,l3,0.00
i31,e09,c1,p18,l2,0.00
i31,e09,c1,p18,l3,0.00
i31,e09,c1,p19,l2,0.00
i31,e09,c1,p19,l3,0.00
i31,e09,c1,p20,l2,0.00
i31,e09,c1,p20,l3,0.00
i31,e09,c1,p21,l2,0.00
i31,e09,c1,p21,l3,0.00
i31,e09,c1,p22,l2,0.00
i31,e09,c1,p22,l3,0.00
i31,e09,c1,p23,l2,0.00
i31,e09,c1,p23,l3,0.00
i31,e09,c1,p24,l2,0.00
i31,e09,c1,p24,l3,0.00
i31,e09,c1,p25,l3,0.00
i31,e09,c1,p28,l2,0.00
i31,e09,c1,p28,l3,0.00
i31,e09,c1,p29,l2,0.00
i31,e09,c1,p29,l3,0.00
i31,e09,c1,p35,l2,0.00
i31,e09,c1,p35,l3,0.00
i31,e09,c4,p03,l2,0.00
i31,e09,c4,p03,l3,0.00
i31,e09,c4,p04,l2,0.00
i31,e09,c4,p07,l2,0.00
i31,e09,c4,p07,l3,0.00
i31,e09,c4,p08,l3,0.00
i31,e09,c4,p10,l3,0.00
i31,e09,c4,p11,l2,0.00
i31,e09,c4,p11,l3,0.00
i31,e09,c4,p12,l3,0.00
i31,e09,c4,p13,l3,0.00
i31,e09,c4,p14,l3,0.00
i31,e09,c4,p15,l2,0.00
i31,e09,c4,p15,l3,0.00
i31,e09,c4,p16,l2,0.00
i31,e09,c4,p16,l3,0.00
i31,e09,c4,p17,l2,0.00
i31,e09,c4,p17,l3,0.00
i31,e09,c4,p19,l2,0.00
i31,e09,c4,p19,l3,0.00
i31,e09,c4,p20,l2,0.00
i31,e09,c4,p20,l3,0.00
i31,e09,c4,p21,l3,0.00
i31,e09,c4,p24,l3,0.00
i31,e09,c4,p29,l3,0.00
i31,e09,c4,p35,l2,0.00
i31,e09,c4,p35,l3,0.00
i31,e10,c1,p01,l1,0.00
i31,e10,c1,p01,l2,0.00
i31,e10,c1,p01,l3,0.00
i31,e10,c1,p02,l1,0.00
i31,e10,c1,p02,l2,0.00
i31,e10,c1,p02,l3,0.00
i31,e10,c1,p03,l1,0.00
i31,e10,c1,p03,l2,0.00
i31,e10,c1,p03,l3,0.00
i31,e10,c1,p04,l1,0.00
i31,e10,c1,p04,l2,0.00
i31,e10,c1,p04,l3,0.00
i31,e10,c1,p05,l1,0.00
i31,e10,c1,p05,l2,0.00
i31,e10,c1,p05,l3,0.00
i31,e10,c1,p06,l1,0.00
i31,e10,c1,p06,l2,0.00
i31,e10,c1,p06,l3,0.00
i31,e10,c1,p07,l1,0.00
i31,e10,c1,p07,l2,0.00
i31,e10,c1,p07,l3,0.00
i31,e10,c1,p08,l1,0.00
i31,e10,c1,p08,l2,0.00
i31,e10,c1,p08,l3,0.00
i31,e10,c1,p09,l1,0.00
i31,e10,c1,p09,l2,0.00
i31,e10,c1,p09,l3,0.00
i31,e10,c1,p10,l1,0.00
i31,e10,c1,p10,l2,0.00
i31,e10,c1,p10,l3,0.00
i31,e10,c1,p11,l1,0.00
i31,e10,c1,p11,l2,0.00
i31,e10,c1,p11,l3,0.00
i31,e10,c1,p12,l1,0.00
i31,e10,c1,p12,l2,0.00
i31,e10,c1,p12,l3,0.00
i31,e10,c1,p13,l1,0.00
i31,e10,c1,p13,l2,0.00
i31,e10,c1,p13,l3,0.00
i31,e10,c1,p14,l1,0.00
i31,e10,c1,p14,l2,0.00
i31,e10,c1,p14,l3,0.00
i31,e10,c1,p15,l1,0.00
i31,e10,c1,p15,l2,0.00
i31,e10,c1,p15,l3,0.00
i31,e10,c1,p16,l1,0.00
i31,e10,c1,p16,l2,0.00
i31,e10,c1,p16,l3,0.00
i31,e10,c1,p17,l1,0.00
i31,e10,c1,p17,l2,0.00
i31,e10,c1,p17,l3,0.00
i31,e10,c1,p18,l1,0.00
i31,e10,c1,p18,l2,0.00
i31,e10,c1,p18,l3,0.00
i31,e10,c1,p19,l1,0.00
i31,e10,c1,p19,l2,0.00
i31,e10,c1,p19,l3,0.00
i31,e10,c1,p20,l1,0.00
i31,e10,c1,p20,l2,0.00
i31,e10,c1,p20,l3,0.00
i31,e10,c1,p21,l1,0.00
i31,e10,c1,p21,l2,0.00
i31,e10,c1,p21,l3,0.00
i31,e10,c1,p22,l1,0.00
i31,e10,c1,p22,l2,0.00
i31,e10,c1,p22,l3,0.00
i31,e10,c1,p23,l1,0.00
i31,e10,c1,p23,l2,0.00
i31,e10,c1,p23,l3,0.00
i31,e10,c1,p24,l1,0.00
i31,e10,c1,p24,l2,0.00
i31,e10,c1,p24,l3,0.00
i31,e10,c1,p25,l1,0.00
i31,e10,c1,p25,l2,0.00
i31,e10,c1,p25,l3,0.00
i31,e10,c1,p27,l1,0.00
i31,e10,c1,p27,l2,0.00
i31,e10,c1,p27,l3,0.00
i31,e10,c1,p28,l1,0.00
i31,e10,c1,p28,l2,0.00
i31,e10,c1,p28,l3,0.00
i31,e10,c1,p29,l1,0.00
i31,e10,c1,p29,l2,0.00
i31,e10,c1,p29,l3,0.00
i31,e10,c1,p35,l1,0.00
i31,e10,c1,p35,l2,0.00
i31,e10,c1,p35,l3,0.00
i31,e10,c4,p03,l1,0.00
i31,e10,c4,p03,l2,0.00
i31,e10,c4,p03,l3,0.00
i31,e10,c4,p04,l1,0.00
i31,e10,c4,p04,l2,0.00
i31,e10,c4,p04,l3,0.00
i31,e10,c4,p06,l1,0.00
i31,e10,c4,p06,l2,0.00
i31,e10,c4,p06,l3,0.00
i31,e10,c4,p07,l1,0.00
i31,e10,c4,p07,l2,0.00
i31,e10,c4,p07,l3,0.00
i31,e10,c4,p08,l1,0.00
i31,e10,c4,p08,l2,0.00
i31,e10,c4,p08,l3,0.00
i31,e10,c4,p10,l1,0.00
i31,e10,c4,p10,l2,0.00
i31,e10,c4,p10,l3,0.00
i31,e10,c4,p11,l1,0.00
i31,e10,c4,p11,l2,0.00
i31,e10,c4,p11,l3,0.00
i31,e10,c4,p12,l1,0.00
i31,e10,c4,p12,l2,0.00
i31,e10,c4,p12,l3,0.00
i31,e10,c4,p13,l1,0.00
i31,e10,c4,p13,l2,0.00
i31,e10,c4,p13,l3,0.00
i31,e10,c4,p14,l1,0.00
i31,e10,c4,p14,l2,0.00
i31,e10,c4,p14,l3,0.00
i31,e10,c4,p15,l1,0.00
i31,e10,c4,p15,l2,0.00
i31,e10,c4,p15,l3,0.00
i31,e10,c4,p16,l1,0.00
i31,e10,c4,p16,l2,0.00
i31,e10,c4,p16,l3,0.00
i31,e10,c4,p17,l1,0.00
i31,e10,c4,p17,l2,0.00
i31,e10,c4,p17,l3,0.00
i31,e10,c4,p18,l2,0.00
i31,e10,c4,p18,l3,0.00
i31,e10,c4,p19,l1,0.00
i31,e10,c4,p19,l2,0.00
i31,e10,c4,p19,l3,0.00
i31,e10,c4,p20,l1,0.00
i31,e10,c4,p20,l2,0.00
i31,e10,c4,p20,l3,0.00
i31,e10,c4,p21,l1,0.00
i31,e10,c4,p21,l2,0.00
i31,e10,c4,p21,l3,0.00
i31,e10,c4,p23,l1,0.00
i31,e10,c4,p23,l2,0.00
i31,e10,c4,p23,l3,0.00
i31,e10,c4,p24,l2,0.00
i31,e10,c4,p24,l3,0.00
i31,e10,c4,p28,l1,0.00
i31,e10,c4,p28,l2,0.00
i31,e10,c4,p28,l3,0.00
i31,e10,c4,p29,l1,0.00
i31,e10,c4,p29,l2,0.00
i31,e10,c4,p29,l3,0.00
i31,e10,c4,p35,l1,0.00
i31,e10,c4,p35,l2,0.00
i31,e10,c4,p35,l3,0.00
i31,e11,c1,p01,l2,0.00
i31,e11,c1,p01,l3,0.00
i31,e11,c1,p02,l2,0.00
i31,e11,c1,p02,l3,0.00
i31,e11,c1,p03,l2,0.00
i31,e11,c1,p03,l3,0.00
i31,e11,c1,p04,l2,0.00
i31,e11,c1,p04,l3,0.00
i31,e11,c1,p05,l2,0.00
i31,e11,c1,p05,l3,2.33
i31,e11,c1,p06,l2,0.00
i31,e11,c1,p06,l3,0.00
i31,e11,c1,p07,l2,0.00
i31,e11,c1,p07,l3,0.00
i31,e11,c1,p08,l2,0.00
i31,e11,c1,p08,l3,2.37
i31,e11,c1,p09,l2,0.00
i31,e11,c1,p09,l3,0.00
i31,e11,c1,p10,l2,0.00
i31,e11,c1,p10,l3,0.00
i31,e11,c1,p11,l2,0.00
i31,e11,c1,p11,l3,0.00
i31,e11,c1,p12,l2,0.00
i31,e11,c1,p12,l3,0.00
i31,e11,c1,p13,l2,0.00
i31,e11,c1,p13,l3,0.00
i31,e11,c1,p14,l2,0.00
i31,e11,c1,p14,l3,0.00
i31,e11,c1,p15,l2,0.00
i31,e11,c1,p15,l3,0.00
i31,e11,c1,p16,l2,0.00
i31,e11,c1,p16,l3,0.00
i31,e11,c1,p17,l2,0.00
i31,e11,c1,p17,l3,0.00
i31,e11,c1,p18,l2,0.00
i31,e11,c1,p18,l3,0.00
i31,e11,c1,p19,l2,0.00
i31,e11,c1,p19,l3,0.00
i31,e11,c1,p20,l2,0.00
i31,e11,c1,p20,l3,0.00
i31,e11,c1,p21,l2,0.00
i31,e11,c1,p21,l3,20.05
i31,e11,c1,p22,l2,0.00
i31,e11,c1,p22,l3,0.00
i31,e11,c1,p23,l2,0.00
i31,e11,c1,p23,l3,0.00
i31,e11,c1,p24,l2,0.00
i31,e11,c1,p24,l3,0.00
i31,e11,c1,p25,l3,0.00
i31,e11,c1,p26,l3,0.00
i31,e11,c1,p27,l3,0.00
i31,e11,c1,p28,l2,0.00
i31,e11,c1,p28,l3,0.00
i31,e11,c1,p29,l2,0.00
i31,e11,c1,p29,l3,0.00
i31,e11,c1,p32,l2,0.00
i31,e11,c1,p32,l3,0.00
i31,e11,c1,p33,l3,0.00
i31,e11,c1,p35,l2,0.00
i31,e11,c1,p35,l3,0.00
i31,e11,c4,p03,l2,0.00
i31,e11,c4,p03,l3,0.00
i31,e11,c4,p04,l3,0.00
i31,e11,c4,p06,l3,0.00
i31,e11,c4,p07,l2,0.00
i31,e11,c4,p07,l3,0.00
i31,e11,c4,p08,l3,0.00
i31,e11,c4,p10,l2,0.00
i31,e11,c4,p10,l3,0.00
i31,e11,c4,p11,l2,0.00
i31,e11,c4,p11,l3,0.00
i31,e11,c4,p12,l3,0.00
i31,e11,c4,p13,l2,0.00
i31,e11,c4,p13,l3,0.00
i31,e11,c4,p14,l2,0.00
i31,e11,c4,p14,l3,0.00
i31,e11,c4,p15,l2,0.00
i31,e11,c4,p15,l3,0.00
i31,e11,c4,p16,l2,0.00
i31,e11,c4,p16,l3,0.00
i31,e11,c4,p17,l2,0.00
i31,e11,c4,p17,l3,0.00
i31,e11,c4,p19,l2,0.00
i31,e11,c4,p19,l3,0.00
i31,e11,c4,p20,l2,0.00
i31,e11,c4,p20,l3,0.00
i31,e11,c4,p21,l2,0.00
i31,e11,c4,p21,l3,0.00
i31,e11,c4,p23,l3,0.00
i31,e11,c4,p24,l3,0.00
i31,e11,c4,p28,l3,0.00
i31,e11,c4,p29,l3,0.00
i31,e11,c4,p35,l2,0.00
i31,e11,c4,p35,l3,0.00
i31,e12,c1,p01,l3,0.00
i31,e12,c1,p02,l3,0.00
i31,e12,c1,p03,l3,0.00
i31,e12,c1,p04,l3,0.00
i31,e12,c1,p05,l3,0.00
i31,e12,c1,p06,l3,0.00
i31,e12,c1,p07,l3,0.00
i31,e12,c1,p08,l3,0.00
i31,e12,c1,p09,l3,0.00
i31,e12,c1,p10,l3,0.00
i31,e12,c1,p11,l3,0.00
i31,e12,c1,p12,l3,0.00
i31,e12,c1,p13,l3,0.00
i31,e12,c1,p14,l3,0.00
i31,e12,c1,p15,l3,0.00
i31,e12,c1,p16,l3,0.00
i31,e12,c1,p17,l3,0.00
i31,e12,c1,p18,l3,0.00
i31,e12,c1,p19,l3,0.00
i31,e12,c1,p20,l3,0.00
i31,e12,c1,p21,l3,0.00
i31,e12,c1,p22,l3,0.00
i31,e12,c1,p23,l3,0.00
i31,e12,c1,p24,l3,0.00
i31,e12,c1,p28,l3,0.00
i31,e12,c1,p29,l3,0.00
i31,e12,c1,p35,l3,0.00
i31,e12,c4,p03,l3,0.00
i31,e12,c4,p05,l3,0.00
i31,e12,c4,p07,l3,0.00
i31,e12,c4,p11,l3,0.00
i31,e12,c4,p13,l3,0.00
i31,e12,c4,p14,l3,0.00
i31,e12,c4,p16,l3,0.00
i31,e12,c4,p17,l3,0.00
i31,e12,c4,p19,l3,0.00
i31,e12,c4,p20,l3,0.00
i31,e12,c4,p21,l3,0.00
i31,e12,c4,p24,l3,0.00
i31,e12,c4,p35,l3,0.00
i32,e01,c3,p02,l3,0.00
i32,e01,c3,p04,l3,0.00
i32,e01,c3,p35,l3,0.00
i32,e01,c5,p01,l3,0.00
i32,e01,c5,p02,l3,0.00
i32,e01,c5,p03,l3,0.00
i32,e01,c5,p04,l3,0.00
i32,e01,c5,p05,l3,0.00
i32,e01,c5,p06,l3,0.00
i32,e01,c5,p07,l3,0.00
i32,e01,c5,p08,l3,0.00
i32,e01,c5,p09,l3,0.00
i32,e01,c5,p10,l3,0.00
i32,e01,c5,p11,l3,0.00
i32,e01,c5,p12,l3,0.00
i32,e01,c5,p13,l3,0.00
i32,e01,c5,p14,l3,0.00
i32,e01,c5,p15,l3,0.00
i32,e01,c5,p16,l3,0.00
i32,e01,c5,p17,l3,0.00
i32,e01,c5,p18,l3,0.00
i32,e01,c5,p19,l3,0.00
i32,e01,c5,p20,l3,0.00
i32,e01,c5,p21,l3,0.00
i32,e01,c5,p22,l3,0.00
i32,e01,c5,p23,l3,0.00
i32,e01,c5,p24,l3,0.00
i32,e01,c5,p25,l3,0.00
i32,e01,c5,p26,l3,0.00
i32,e01,c5,p28,l3,0.00
i32,e01,c5,p29,l3,0.00
i32,e01,c5,p31,l3,0.00
i32,e01,c5,p32,l3,0.00
i32,e01,c5,p35,l3,0.00
i32,e03,c5,p11,l3,0.00
i32,e03,c5,p35,l3,0.00
i32,e04,c3,p02,l1,0.00
i32,e04,c3,p02,l3,0.00
i32,e04,c3,p04,l1,0.00
i32,e04,c3,p04,l3,0.00
i32,e04,c3,p35,l1,0.00
i32,e04,c3,p35,l3,0.00
i32,e04,c5,p01,l1,0.00
i32,e04,c5,p01,l3,0.00
i32,e04,c5,p02,l1,0.00
i32,e04,c5,p02,l3,0.00
i32,e04,c5,p03,l1,0.00
i32,e04,c5,p03,l3,0.00
i32,e04,c5,p04,l1,0.00
i32,e04,c5,p04,l3,0.00
i32,e04,c5,p05,l1,0.00
i32,e04,c5,p05,l3,0.00
i32,e04,c5,p06,l1,0.00
i32,e04,c5,p06,l3,0.00
i32,e04,c5,p07,l1,0.00
i32,e04,c5,p07,l3,0.00
i32,e04,c5,p08,l1,0.00
i32,e04,c5,p08,l3,0.00
i32,e04,c5,p09,l1,0.00
i32,e04,c5,p09,l3,0.00
i32,e04,c5,p10,l1,0.00
i32,e04,c5,p10,l3,0.00
i32,e04,c5,p11,l1,0.00
i32,e04,c5,p11,l3,0.00
i32,e04,c5,p12,l1,0.00
i32,e04,c5,p12,l3,0.00
i32,e04,c5,p13,l1,0.00
i32,e04,c5,p13,l3,0.00
i32,e04,c5,p14,l1,0.00
i32,e04,c5,p14,l3,0.00
i32,e04,c5,p15,l1,0.00
i32,e04,c5,p15,l3,0.00
i32,e04,c5,p16,l1,0.00
i32,e04,c5,p16,l3,0.00
i32,e04,c5,p17,l1,0.00
i32,e04,c5,p17,l3,0.00
i32,e04,c5,p18,l1,0.00
i32,e04,c5,p18,l3,0.00
i32,e04,c5,p19,l1,0.00
i32,e04,c5,p19,l3,0.00
i32,e04,c5,p20,l1,0.00
i32,e04,c5,p20,l3,0.00
i32,e04,c5,p21,l1,0.00
i32,e04,c5,p21,l3,0.00
i32,e04,c5,p22,l3,0.00
i32,e04,c5,p23,l1,0.00
i32,e04,c5,p23,l3,0.00
i32,e04,c5,p24,l1,0.00
i32,e04,c5,p24,l3,0.00
i32,e04,c5,p25,l1,0.00
i32,e04,c5,p25,l3,0.00
i32,e04,c5,p26,l1,0.00
i32,e04,c5,p26,l3,0.00
i32,e04,c5,p28,l1,0.00
i32,e04,c5,p28,l3,0.00
i32,e04,c5,p29,l1,0.00
i32,e04,c5,p29,l3,0.00
i32,e04,c5,p31,l3,0.00
i32,e04,c5,p32,l3,0.00
i32,e04,c5,p35,l1,0.00
i32,e04,c5,p35,l3,0.00
i32,e05,c3,p03,l1,0.00
i32,e05,c3,p03,l3,0.00
i32,e05,c3,p04,l1,0.00
i32,e05,c3,p04,l3,0.00
i32,e05,c3,p35,l3,0.00
i32,e05,c5,p01,l3,0.00
i32,e05,c5,p02,l3,0.00
i32,e05,c5,p03,l3,0.00
i32,e05,c5,p04,l1,0.00
i32,e05,c5,p04,l3,0.00
i32,e05,c5,p05,l1,0.00
i32,e05,c5,p05,l3,0.00
i32,e05,c5,p06,l3,0.00
i32,e05,c5,p07,l3,0.00
i32,e05,c5,p08,l3,0.00
i32,e05,c5,p09,l3,0.00
i32,e05,c5,p10,l1,0.00
i32,e05,c5,p10,l3,0.00
i32,e05,c5,p11,l3,0.00
i32,e05,c5,p12,l3,0.00
i32,e05,c5,p13,l1,0.00
i32,e05,c5,p13,l3,0.00
i32,e05,c5,p14,l3,0.00
i32,e05,c5,p15,l3,0.00
i32,e05,c5,p16,l1,0.00
i32,e05,c5,p16,l3,0.00
i32,e05,c5,p17,l1,0.00
i32,e05,c5,p17,l3,0.00
i32,e05,c5,p18,l3,0.00
i32,e05,c5,p19,l3,0.00
i32,e05,c5,p21,l1,0.00
i32,e05,c5,p21,l3,0.00
i32,e05,c5,p22,l3,0.00
i32,e05,c5,p23,l3,0.00
i32,e05,c5,p24,l3,0.00
i32,e05,c5,p25,l3,0.00
i32,e05,c5,p26,l3,0.00
i32,e05,c5,p28,l3,0.00
i32,e05,c5,p29,l3,0.00
i32,e05,c5,p32,l1,0.00
i32,e05,c5,p32,l3,0.00
i32,e05,c5,p35,l1,0.00
i32,e05,c5,p35,l3,0.00
i32,e08,c3,p02,l2,0.00
i32,e08,c3,p02,l3,0.00
i32,e08,c3,p04,l2,0.00
i32,e08,c3,p04,l3,0.00
i32,e08,c3,p35,l2,0.00
i32,e08,c3,p35,l3,0.00
i32,e08,c5,p01,l2,0.00
i32,e08,c5,p01,l3,0.00
i32,e08,c5,p02,l2,0.00
i32,e08,c5,p02,l3,0.00
i32,e08,c5,p03,l2,0.00
i32,e08,c5,p03,l3,0.00
i32,e08,c5,p04,l2,0.00
i32,e08,c5,p04,l3,0.00
i32,e08,c5,p05,l2,0.00
i32,e08,c5,p05,l3,0.00
i32,e08,c5,p06,l2,0.00
i32,e08,c5,p06,l3,0.00
i32,e08,c5,p07,l2,0.00
i32,e08,c5,p07,l3,0.00
i32,e08,c5,p08,l2,0.00
i32,e08,c5,p08,l3,0.00
i32,e08,c5,p09,l2,0.00
i32,e08,c5,p09,l3,0.00
i32,e08,c5,p10,l2,0.00
i32,e08,c5,p10,l3,0.00
i32,e08,c5,p11,l2,0.00
i32,e08,c5,p11,l3,0.00
i32,e08,c5,p12,l2,0.00
i32,e08,c5,p12,l3,0.00
i32,e08,c5,p13,l2,0.00
i32,e08,c5,p13,l3,0.00
i32,e08,c5,p14,l2,0.00
i32,e08,c5,p14,l3,0.00
i32,e08,c5,p15,l2,0.00
i32,e08,c5,p15,l3,0.00
i32,e08,c5,p16,l2,0.00
i32,e08,c5,p16,l3,0.00
i32,e08,c5,p17,l2,0.00
i32,e08,c5,p17,l3,0.00
i32,e08,c5,p18,l2,0.00
i32,e08,c5,p18,l3,0.00
i32,e08,c5,p19,l2,0.00
i32,e08,c5,p19,l3,0.00
i32,e08,c5,p20,l3,0.00
i32,e08,c5,p21,l2,0.00
i32,e08,c5,p21,l3,0.00
i32,e08,c5,p22,l2,0.00
i32,e08,c5,p22,l3,0.00
i32,e08,c5,p23,l2,0.00
i32,e08,c5,p23,l3,0.00
i32,e08,c5,p24,l2,0.00
i32,e08,c5,p24,l3,0.00
i32,e08,c5,p25,l2,0.00
i32,e08,c5,p25,l3,0.00
i32,e08,c5,p26,l2,0.00
i32,e08,c5,p26,l3,0.00
i32,e08,c5,p28,l2,0.00
i32,e08,c5,p28,l3,0.00
i32,e08,c5,p29,l2,0.00
i32,e08,c5,p29,l3,0.00
i32,e08,c5,p31,l2,0.00
i32,e08,c5,p31,l3,0.00
i32,e08,c5,p32,l2,0.00
i32,e08,c5,p32,l3,0.00
i32,e08,c5,p35,l2,0.00
i32,e08,c5,p35,l3,1.23
i32,e09,c3,p02,l2,0.00
i32,e09,c3,p02,l3,0.00
i32,e09,c3,p04,l3,0.00
i32,e09,c3,p35,l3,0.00
i32,e09,c5,p01,l2,0.00
i32,e09,c5,p01,l3,0.00
i32,e09,c5,p02,l2,0.00
i32,e09,c5,p02,l3,0.00
i32,e09,c5,p03,l2,0.00
i32,e09,c5,p03,l3,0.00
i32,e09,c5,p04,l2,0.00
i32,e09,c5,p04,l3,0.00
i32,e09,c5,p05,l2,0.00
i32,e09,c5,p05,l3,0.00
i32,e09,c5,p06,l3,0.00
i32,e09,c5,p07,l2,0.00
i32,e09,c5,p07,l3,0.00
i32,e09,c5,p08,l2,0.00
i32,e09,c5,p08,l3,0.00
i32,e09,c5,p09,l2,0.00
i32,e09,c5,p09,l3,0.00
i32,e09,c5,p10,l2,0.00
i32,e09,c5,p10,l3,0.00
i32,e09,c5,p11,l2,0.00
i32,e09,c5,p11,l3,0.00
i32,e09,c5,p12,l2,0.00
i32,e09,c5,p12,l3,0.00
i32,e09,c5,p13,l2,0.00
i32,e09,c5,p13,l3,0.00
i32,e09,c5,p14,l2,0.00
i32,e09,c5,p14,l3,0.00
i32,e09,c5,p15,l2,0.00
i32,e09,c5,p15,l3,0.00
i32,e09,c5,p16,l2,0.00
i32,e09,c5,p16,l3,0.00
i32,e09,c5,p17,l2,0.00
i32,e09,c5,p17,l3,0.00
i32,e09,c5,p18,l2,0.00
i32,e09,c5,p18,l3,0.00
i32,e09,c5,p19,l2,0.00
i32,e09,c5,p19,l3,0.00
i32,e09,c5,p20,l2,0.00
i32,e09,c5,p20,l3,0.00
i32,e09,c5,p21,l2,0.00
i32,e09,c5,p21,l3,0.00
i32,e09,c5,p22,l3,0.00
i32,e09,c5,p23,l3,0.00
i32,e09,c5,p24,l2,0.00
i32,e09,c5,p24,l3,0.00
i32,e09,c5,p25,l2,0.00
i32,e09,c5,p25,l3,0.00
i32,e09,c5,p26,l2,0.00
i32,e09,c5,p26,l3,0.00
i32,e09,c5,p28,l2,0.00
i32,e09,c5,p28,l3,0.00
i32,e09,c5,p29,l2,0.00
i32,e09,c5,p29,l3,0.00
i32,e09,c5,p31,l3,0.00
i32,e09,c5,p32,l2,0.00
i32,e09,c5,p32,l3,0.00
i32,e09,c5,p35,l2,0.00
i32,e09,c5,p35,l3,0.00
i32,e11,c3,p02,l2,0.00
i32,e11,c3,p02,l3,0.00
i32,e11,c3,p04,l2,0.00
i32,e11,c3,p04,l3,0.00
i32,e11,c3,p10,l2,0.00
i32,e11,c3,p10,l3,0.00
i32,e11,c3,p35,l2,0.00
i32,e11,c3,p35,l3,0.00
i32,e11,c5,p01,l2,0.00
i32,e11,c5,p01,l3,0.00
i32,e11,c5,p02,l2,0.00
i32,e11,c5,p02,l3,0.00
i32,e11,c5,p03,l2,0.00
i32,e11,c5,p03,l3,0.00
i32,e11,c5,p04,l2,0.00
i32,e11,c5,p04,l3,0.00
i32,e11,c5,p05,l2,0.00
i32,e11,c5,p05,l3,0.00
i32,e11,c5,p06,l2,0.00
i32,e11,c5,p06,l3,0.00
i32,e11,c5,p07,l2,0.00
i32,e11,c5,p07,l3,0.00
i32,e11,c5,p08,l2,0.00
i32,e11,c5,p08,l3,0.00
i32,e11,c5,p09,l2,0.00
i32,e11,c5,p09,l3,0.00
i32,e11,c5,p10,l2,0.00
i32,e11,c5,p10,l3,0.00
i32,e11,c5,p11,l2,0.00
i32,e11,c5,p11,l3,0.00
i32,e11,c5,p12,l2,0.00
i32,e11,c5,p12,l3,0.00
i32,e11,c5,p13,l2,0.00
i32,e11,c5,p13,l3,0.00
i32,e11,c5,p14,l2,0.00
i32,e11,c5,p14,l3,0.00
i32,e11,c5,p15,l2,0.00
i32,e11,c5,p15,l3,0.00
i32,e11,c5,p16,l2,0.00
i32,e11,c5,p16,l3,0.00
i32,e11,c5,p17,l2,0.00
i32,e11,c5,p17,l3,0.00
i32,e11,c5,p18,l2,0.00
i32,e11,c5,p18,l3,0.00
i32,e11,c5,p19,l2,0.00
i32,e11,c5,p19,l3,0.00
i32,e11,c5,p20,l2,0.00
i32,e11,c5,p20,l3,0.00
i32,e11,c5,p21,l2,0.00
i32,e11,c5,p21,l3,0.00
i32,e11,c5,p22,l2,0.00
i32,e11,c5,p22,l3,0.00
i32,e11,c5,p23,l2,0.00
i32,e11,c5,p23,l3,0.00
i32,e11,c5,p24,l2,0.00
i32,e11,c5,p24,l3,0.00
i32,e11,c5,p25,l2,0.00
i32,e11,c5,p25,l3,0.00
i32,e11,c5,p26,l2,0.00
i32,e11,c5,p26,l3,0.00
i32,e11,c5,p28,l2,0.00
i32,e11,c5,p28,l3,0.00
i32,e11,c5,p29,l2,0.00
i32,e11,c5,p29,l3,0.00
i32,e11,c5,p31,l2,0.00
i32,e11,c5,p31,l3,0.00
i32,e11,c5,p32,l2,0.00
i32,e11,c5,p32,l3,0.00
i32,e11,c5,p35,l2,0.00
i32,e11,c5,p35,l3,13.49
i32,e12,c3,p02,l3,0.00
i32,e12,c3,p04,l3,0.00
i32,e12,c3,p35,l3,0.00
i32,e12,c5,p01,l3,0.00
i32,e12,c5,p02,l3,0.00
i32,e12,c5,p03,l3,0.00
i32,e12,c5,p04,l3,0.00
i32,e12,c5,p05,l3,0.00
i32,e12,c5,p06,l3,0.00
i32,e12,c5,p07,l3,0.00
i32,e12,c5,p08,l3,0.00
i32,e12,c5,p09,l3,0.00
i32,e12,c5,p10,l3,0.00
i32,e12,c5,p11,l3,0.00
i32,e12,c5,p12,l3,2.99
i32,e12,c5,p13,l3,0.00
i32,e12,c5,p14,l3,0.00
i32,e12,c5,p15,l3,0.00
i32,e12,c5,p16,l3,0.00
i32,e12,c5,p17,l3,0.00
i32,e12,c5,p18,l3,0.00
i32,e12,c5,p19,l3,0.00
i32,e12,c5,p20,l3,0.00
i32,e12,c5,p21,l3,0.00
i32,e12,c5,p22,l3,0.00
i32,e12,c5,p23,l3,0.00
i32,e12,c5,p24,l3,0.00
i32,e12,c5,p25,l3,0.00
i32,e12,c5,p26,l3,0.00
i32,e12,c5,p28,l3,0.00
i32,e12,c5,p29,l3,0.00
i32,e12,c5,p31,l3,0.00
i32,e12,c5,p32,l3,0.00
i32,e12,c5,p35,l3,3.36
i33,e01,c1,p01,l3,0.00
i33,e01,c1,p02,l3,0.00
i33,e01,c1,p03,l3,0.00
i33,e01,c1,p04,l3,0.00
i33,e01,c1,p05,l3,0.00
i33,e01,c1,p06,l3,0.00
i33,e01,c1,p07,l3,0.00
i33,e01,c1,p08,l3,0.00
i33,e01,c1,p09,l3,0.00
i33,e01,c1,p10,l3,0.00
i33,e01,c1,p11,l3,0.00
i33,e01,c1,p12,l3,2.07
i33,e01,c1,p13,l3,0.00
i33,e01,c1,p14,l3,0.00
i33,e01,c1,p15,l3,0.00
i33,e01,c1,p16,l3,0.00
i33,e01,c1,p17,l3,0.00
i33,e01,c1,p18,l3,0.00
i33,e01,c1,p19,l3,0.00
i33,e01,c1,p20,l3,0.00
i33,e01,c1,p21,l3,0.00
i33,e01,c1,p22,l3,0.00
i33,e01,c1,p23,l3,0.00
i33,e01,c1,p24,l3,0.00
i33,e01,c1,p25,l3,0.00
i33,e01,c1,p26,l3,0.00
i33,e01,c1,p28,l3,0.00
i33,e01,c1,p29,l3,0.00
i33,e01,c1,p31,l3,0.00
i33,e01,c1,p32,l3,0.00
i33,e01,c1,p35,l3,0.00
i33,e01,c4,p01,l3,0.00
i33,e01,c4,p03,l3,0.00
i33,e01,c4,p04,l3,0.00
i33,e01,c4,p05,l3,0.00
i33,e01,c4,p08,l3,0.00
i33,e01,c4,p10,l3,0.00
i33,e01,c4,p11,l3,0.00
i33,e01,c4,p12,l3,0.00
i33,e01,c4,p13,l3,0.00
i33,e01,c4,p15,l3,0.00
i33,e01,c4,p16,l3,0.00
i33,e01,c4,p17,l3,0.00
i33,e01,c4,p18,l3,0.00
i33,e01,c4,p19,l3,0.00
i33,e01,c4,p21,l3,0.00
i33,e03,c1,p01,l3,0.00
i33,e03,c1,p02,l3,0.00
i33,e03,c1,p03,l3,0.00
i33,e03,c1,p04,l3,0.00
i33,e03,c1,p05,l3,0.00
i33,e03,c1,p06,l3,0.00
i33,e03,c1,p07,l3,0.00
i33,e03,c1,p08,l3,0.00
i33,e03,c1,p09,l3,0.00
i33,e03,c1,p10,l3,0.00
i33,e03,c1,p11,l3,0.00
i33,e03,c1,p12,l3,0.00
i33,e03,c1,p13,l3,0.00
i33,e03,c1,p14,l3,0.00
i33,e03,c1,p15,l3,0.00
i33,e03,c1,p16,l3,0.00
i33,e03,c1,p17,l3,0.00
i33,e03,c1,p18,l3,0.00
i33,e03,c1,p19,l3,0.00
i33,e03,c1,p20,l3,0.00
i33,e03,c1,p21,l3,0.00
i33,e03,c1,p22,l3,0.00
i33,e03,c1,p23,l3,0.00
i33,e03,c1,p24,l3,0.00
i33,e03,c1,p25,l3,0.00
i33,e03,c1,p26,l3,0.00
i33,e03,c1,p28,l3,0.00
i33,e03,c1,p29,l3,0.00
i33,e03,c1,p30,l3,0.00
i33,e03,c1,p31,l3,0.00
i33,e03,c1,p32,l3,0.00
i33,e03,c1,p33,l3,0.00
i33,e03,c1,p34,l3,0.00
i33,e03,c1,p35,l3,0.00
i33,e03,c4,p01,l3,0.00
i33,e03,c4,p03,l3,0.00
i33,e03,c4,p04,l3,0.00
i33,e03,c4,p05,l3,0.00
i33,e03,c4,p07,l3,0.00
i33,e03,c4,p08,l3,0.00
i33,e03,c4,p09,l3,0.00
i33,e03,c4,p10,l3,0.00
i33,e03,c4,p11,l3,0.00
i33,e03,c4,p13,l3,0.00
i33,e03,c4,p14,l3,0.00
i33,e03,c4,p15,l3,0.00
i33,e03,c4,p16,l3,0.00
i33,e03,c4,p17,l3,0.00
i33,e03,c4,p18,l3,0.00
i33,e03,c4,p19,l3,0.00
i33,e03,c4,p21,l3,0.00
i33,e03,c4,p24,l3,0.00
i33,e03,c4,p35,l3,0.00
i33,e03,c7,p10,l3,0.00
i33,e04,c1,p01,l3,0.00
i33,e04,c1,p02,l3,0.00
i33,e04,c1,p03,l3,0.00
i33,e04,c1,p04,l3,0.00
i33,e04,c1,p05,l3,0.00
i33,e04,c1,p06,l3,0.00
i33,e04,c1,p07,l3,0.00
i33,e04,c1,p08,l3,0.00
i33,e04,c1,p09,l3,0.00
i33,e04,c1,p10,l3,0.00
i33,e04,c1,p11,l3,0.00
i33,e04,c1,p12,l3,6.76
i33,e04,c1,p13,l3,0.00
i33,e04,c1,p14,l3,0.00
i33,e04,c1,p15,l3,0.00
i33,e04,c1,p16,l3,0.00
i33,e04,c1,p17,l3,0.00
i33,e04,c1,p18,l3,0.00
i33,e04,c1,p19,l3,0.00
i33,e04,c1,p20,l3,0.00
i33,e04,c1,p21,l3,0.00
i33,e04,c1,p22,l3,0.00
i33,e04,c1,p23,l3,0.00
i33,e04,c1,p24,l3,0.00
i33,e04,c1,p25,l3,0.00
i33,e04,c1,p26,l3,0.00
i33,e04,c1,p28,l3,0.00
i33,e04,c1,p29,l3,0.00
i33,e04,c1,p31,l3,0.00
i33,e04,c1,p32,l3,0.00
i33,e04,c1,p33,l3,0.00
i33,e04,c1,p35,l3,0.00
i33,e04,c4,p01,l3,0.00
i33,e04,c4,p03,l3,0.00
i33,e04,c4,p05,l3,0.00
i33,e04,c4,p07,l3,0.00
i33,e04,c4,p08,l3,0.00
i33,e04,c4,p09,l3,0.00
i33,e04,c4,p10,l3,0.00
i33,e04,c4,p11,l3,0.00
i33,e04,c4,p13,l3,0.00
i33,e04,c4,p15,l3,0.00
i33,e04,c4,p16,l3,0.00
i33,e04,c4,p19,l3,0.00
i33,e04,c7,p10,l3,0.00
i33,e05,c1,p01,l3,0.00
i33,e05,c1,p02,l3,0.00
i33,e05,c1,p03,l3,0.00
i33,e05,c1,p04,l3,0.00
i33,e05,c1,p05,l3,0.00
i33,e05,c1,p06,l3,0.00
i33,e05,c1,p07,l3,0.00
i33,e05,c1,p08,l3,0.00
i33,e05,c1,p10,l3,0.00
i33,e05,c1,p11,l3,0.00
i33,e05,c1,p12,l3,0.00
i33,e05,c1,p13,l3,0.00
i33,e05,c1,p14,l3,0.00
i33,e05,c1,p15,l3,0.00
i33,e05,c1,p16,l3,0.00
i33,e05,c1,p17,l3,0.00
i33,e05,c1,p18,l3,0.00
i33,e05,c1,p19,l3,0.00
i33,e05,c1,p21,l3,0.00
i33,e05,c1,p22,l3,0.00
i33,e05,c1,p24,l3,0.00
i33,e05,c1,p25,l3,0.00
i33,e05,c1,p26,l3,0.00
i33,e05,c1,p28,l3,0.00
i33,e05,c1,p29,l3,0.00
i33,e05,c1,p32,l3,0.00
i33,e05,c1,p35,l3,0.00
i33,e05,c4,p03,l3,0.00
i33,e05,c4,p10,l3,0.00
i33,e05,c4,p19,l3,0.00
i33,e05,c4,p35,l3,0.00
i33,e08,c1,p01,l3,0.00
i33,e08,c1,p02,l3,0.00
i33,e08,c1,p03,l3,0.00
i33,e08,c1,p04,l3,0.00
i33,e08,c1,p05,l3,0.00
i33,e08,c1,p06,l3,0.00
i33,e08,c1,p07,l3,0.00
i33,e08,c1,p08,l3,0.00
i33,e08,c1,p09,l3,0.00
i33,e08,c1,p10,l3,0.00
i33,e08,c1,p11,l3,0.00
i33,e08,c1,p12,l3,6.39
i33,e08,c1,p13,l3,0.00
i33,e08,c1,p14,l3,0.00
i33,e08,c1,p15,l3,0.00
i33,e08,c1,p16,l3,0.00
i33,e08,c1,p17,l3,0.00
i33,e08,c1,p18,l3,0.00
i33,e08,c1,p19,l3,0.00
i33,e08,c1,p20,l3,0.00
i33,e08,c1,p21,l3,0.00
i33,e08,c1,p22,l3,0.00
i33,e08,c1,p23,l3,0.00
i33,e08,c1,p24,l3,0.00
i33,e08,c1,p25,l3,0.00
i33,e08,c1,p26,l3,0.00
i33,e08,c1,p28,l3,0.00
i33,e08,c1,p29,l3,0.00
i33,e08,c1,p30,l3,0.00
i33,e08,c1,p31,l3,0.00
i33,e08,c1,p32,l3,0.00
i33,e08,c1,p33,l3,0.00
i33,e08,c1,p34,l3,0.00
i33,e08,c1,p35,l3,0.00
i33,e08,c4,p01,l3,0.00
i33,e08,c4,p02,l3,0.00
i33,e08,c4,p03,l3,0.00
i33,e08,c4,p04,l3,0.00
i33,e08,c4,p05,l3,0.00
i33,e08,c4,p07,l3,0.00
i33,e08,c4,p08,l3,0.00
i33,e08,c4,p09,l3,0.00
i33,e08,c4,p10,l3,0.00
i33,e08,c4,p11,l3,0.00
i33,e08,c4,p12,l3,0.00
i33,e08,c4,p13,l3,0.00
i33,e08,c4,p15,l3,0.00
i33,e08,c4,p16,l3,0.00
i33,e08,c4,p17,l3,0.00
i33,e08,c4,p18,l3,0.00
i33,e08,c4,p19,l3,0.00
i33,e08,c4,p21,l3,0.00
i33,e08,c4,p24,l3,0.00
i33,e08,c4,p31,l3,0.00
i33,e08,c4,p32,l3,0.00
i33,e09,c1,p01,l3,0.00
i33,e09,c1,p02,l3,0.00
i33,e09,c1,p03,l3,0.00
i33,e09,c1,p04,l3,0.00
i33,e09,c1,p05,l3,0.00
i33,e09,c1,p06,l3,0.00
i33,e09,c1,p07,l3,0.00
i33,e09,c1,p08,l3,0.00
i33,e09,c1,p09,l3,0.00
i33,e09,c1,p10,l3,0.00
i33,e09,c1,p11,l3,0.00
i33,e09,c1,p12,l3,5.05
i33,e09,c1,p13,l3,0.00
i33,e09,c1,p14,l3,0.00
i33,e09,c1,p15,l3,0.00
i33,e09,c1,p16,l3,0.00
i33,e09,c1,p17,l3,0.00
i33,e09,c1,p18,l3,0.00
i33,e09,c1,p19,l3,0.00
i33,e09,c1,p20,l3,0.00
i33,e09,c1,p21,l3,0.00
i33,e09,c1,p22,l3,0.00
i33,e09,c1,p23,l3,0.00
i33,e09,c1,p24,l3,0.00
i33,e09,c1,p25,l3,0.00
i33,e09,c1,p26,l3,0.00
i33,e09,c1,p28,l3,0.00
i33,e09,c1,p29,l3,0.00
i33,e09,c1,p31,l3,0.00
i33,e09,c1,p32,l3,0.00
i33,e09,c1,p33,l3,0.00
i33,e09,c1,p35,l3,0.00
i33,e09,c4,p01,l3,0.00
i33,e09,c4,p03,l3,0.00
i33,e09,c4,p05,l3,0.00
i33,e09,c4,p08,l3,0.00
i33,e09,c4,p10,l3,0.00
i33,e09,c4,p13,l3,0.00
i33,e09,c4,p15,l3,0.00
i33,e09,c4,p16,l3,0.00
i33,e09,c4,p17,l3,0.00
i33,e09,c4,p19,l3,0.00
i33,e09,c4,p21,l3,0.00
i33,e10,c1,p01,l3,0.00
i33,e10,c1,p02,l3,0.00
i33,e10,c1,p03,l3,0.00
i33,e10,c1,p04,l3,0.00
i33,e10,c1,p05,l3,0.00
i33,e10,c1,p06,l3,0.00
i33,e10,c1,p07,l3,1.47
i33,e10,c1,p08,l3,0.00
i33,e10,c1,p09,l3,0.00
i33,e10,c1,p10,l3,0.00
i33,e10,c1,p11,l3,0.00
i33,e10,c1,p12,l3,0.00
i33,e10,c1,p13,l3,0.00
i33,e10,c1,p14,l3,0.00
i33,e10,c1,p15,l3,0.00
i33,e10,c1,p16,l3,0.00
i33,e10,c1,p17,l3,0.00
i33,e10,c1,p18,l3,0.00
i33,e10,c1,p19,l3,0.00
i33,e10,c1,p20,l3,0.00
i33,e10,c1,p21,l3,0.00
i33,e10,c1,p22,l3,0.00
i33,e10,c1,p23,l3,0.00
i33,e10,c1,p24,l3,0.00
i33,e10,c1,p25,l3,0.00
i33,e10,c1,p26,l3,0.00
i33,e10,c1,p28,l3,0.00
i33,e10,c1,p29,l3,0.00
i33,e10,c1,p30,l3,0.00
i33,e10,c1,p31,l3,0.00
i33,e10,c1,p32,l3,0.00
i33,e10,c1,p33,l3,0.00
i33,e10,c1,p34,l3,0.00
i33,e10,c1,p35,l3,0.00
i33,e10,c4,p01,l3,0.00
i33,e10,c4,p03,l3,0.00
i33,e10,c4,p05,l3,0.00
i33,e10,c4,p07,l3,0.00
i33,e10,c4,p10,l3,0.00
i33,e10,c4,p11,l3,0.00
i33,e10,c4,p16,l3,0.00
i33,e10,c4,p17,l3,0.00
i33,e10,c4,p18,l3,0.00
i33,e10,c4,p19,l3,0.00
i33,e10,c4,p21,l3,0.00
i33,e11,c1,p01,l3,0.00
i33,e11,c1,p02,l3,0.00
i33,e11,c1,p03,l3,0.00
i33,e11,c1,p04,l3,0.00
i33,e11,c1,p05,l3,0.00
i33,e11,c1,p06,l3,0.00
i33,e11,c1,p07,l3,0.00
i33,e11,c1,p08,l3,0.00
i33,e11,c1,p09,l3,0.00
i33,e11,c1,p10,l3,0.00
i33,e11,c1,p11,l3,0.00
i33,e11,c1,p12,l3,0.00
i33,e11,c1,p13,l3,0.00
i33,e11,c1,p14,l3,0.00
i33,e11,c1,p15,l3,0.00
i33,e11,c1,p16,l3,0.00
i33,e11,c1,p17,l3,0.00
i33,e11,c1,p18,l3,0.00
i33,e11,c1,p19,l3,0.00
i33,e11,c1,p21,l3,0.00
i33,e11,c1,p22,l3,0.00
i33,e11,c1,p23,l3,0.00
i33,e11,c1,p24,l3,0.00
i33,e11,c1,p25,l3,0.00
i33,e11,c1,p26,l3,0.00
i33,e11,c1,p28,l3,0.00
i33,e11,c1,p29,l3,0.00
i33,e11,c1,p32,l3,0.00
i33,e11,c1,p35,l3,0.00
i33,e11,c4,p05,l3,0.00
i33,e11,c4,p07,l3,0.00
i33,e11,c4,p10,l3,0.00
i34,e01,c3,p01,l3,0.00
i34,e01,c3,p02,l3,0.00
i34,e01,c3,p03,l3,0.00
i34,e01,c3,p04,l3,0.00
i34,e01,c3,p05,l3,0.00
i34,e01,c3,p06,l3,0.00
i34,e01,c3,p07,l3,0.00
i34,e01,c3,p08,l3,0.00
i34,e01,c3,p09,l3,0.00
i34,e01,c3,p10,l3,0.00
i34,e01,c3,p11,l3,0.00
i34,e01,c3,p12,l3,0.00
i34,e01,c3,p13,l3,0.00
i34,e01,c3,p14,l3,0.00
i34,e01,c3,p15,l3,0.00
i34,e01,c3,p16,l3,0.00
i34,e01,c3,p17,l3,0.00
i34,e01,c3,p18,l3,0.00
i34,e01,c3,p19,l3,0.00
i34,e01,c3,p20,l3,0.00
i34,e01,c3,p21,l3,0.00
i34,e01,c3,p22,l3,0.00
i34,e01,c3,p23,l3,0.00
i34,e01,c3,p24,l3,0.00
i34,e01,c3,p25,l3,0.00
i34,e01,c3,p26,l3,0.00
i34,e01,c3,p28,l3,0.00
i34,e01,c3,p29,l3,0.00
i34,e01,c3,p31,l3,0.00
i34,e01,c3,p32,l3,0.00
i34,e01,c3,p33,l3,0.00
i34,e01,c3,p35,l3,7.42
i34,e01,c5,p01,l3,2.95
i34,e01,c5,p02,l3,1.58
i34,e01,c5,p03,l3,2.77
i34,e01,c5,p04,l3,1.73
i34,e01,c5,p05,l3,2.56
i34,e01,c5,p06,l3,0.00
i34,e01,c5,p07,l3,2.23
i34,e01,c5,p08,l3,1.61
i34,e01,c5,p09,l3,0.00
i34,e01,c5,p10,l3,8.24
i34,e01,c5,p11,l3,5.46
i34,e01,c5,p12,l3,11.66
i34,e01,c5,p13,l3,2.07
i34,e01,c5,p14,l3,1.56
i34,e01,c5,p15,l3,12.58
i34,e01,c5,p16,l3,4.09
i34,e01,c5,p17,l3,0.00
i34,e01,c5,p18,l3,1.35
i34,e01,c5,p19,l3,4.12
i34,e01,c5,p20,l3,2.94
i34,e01,c5,p21,l3,1.15
i34,e01,c5,p22,l3,0.00
i34,e01,c5,p23,l3,0.00
i34,e01,c5,p24,l3,0.00
i34,e01,c5,p25,l3,0.00
i34,e01,c5,p26,l3,0.00
i34,e01,c5,p27,l3,0.00
i34,e01,c5,p28,l3,1.29
i34,e01,c5,p29,l3,0.00
i34,e01,c5,p30,l3,0.00
i34,e01,c5,p31,l3,3.15
i34,e01,c5,p32,l3,0.00
i34,e01,c5,p33,l3,0.00
i34,e01,c5,p35,l3,13.12
i34,e02,c3,p01,l1,0.00
i34,e02,c3,p01,l3,0.00
i34,e02,c3,p02,l3,0.00
i34,e02,c3,p03,l1,0.00
i34,e02,c3,p03,l3,0.00
i34,e02,c3,p07,l1,0.00
i34,e02,c3,p07,l3,0.00
i34,e02,c3,p10,l1,0.00
i34,e02,c3,p10,l3,0.00
i34,e02,c3,p11,l3,0.00
i34,e02,c3,p12,l1,0.00
i34,e02,c3,p12,l3,0.00
i34,e02,c3,p13,l1,0.00
i34,e02,c3,p13,l3,0.00
i34,e02,c3,p14,l3,0.00
i34,e02,c3,p15,l3,0.00
i34,e02,c3,p16,l1,0.00
i34,e02,c3,p17,l1,0.00
i34,e02,c3,p17,l3,0.00
i34,e02,c3,p18,l3,0.00
i34,e02,c3,p19,l1,0.00
i34,e02,c3,p19,l3,0.00
i34,e02,c3,p21,l1,0.00
i34,e02,c3,p21,l3,0.00
i34,e02,c3,p23,l1,0.00
i34,e02,c3,p24,l3,0.00
i34,e02,c3,p29,l1,0.00
i34,e02,c3,p29,l3,0.00
i34,e02,c3,p35,l1,0.00
i34,e02,c3,p35,l3,0.00
i34,e02,c5,p01,l1,0.00
i34,e02,c5,p01,l3,0.00
i34,e02,c5,p02,l1,0.00
i34,e02,c5,p02,l3,0.00
i34,e02,c5,p03,l1,0.00
i34,e02,c5,p03,l3,0.00
i34,e02,c5,p04,l1,0.00
i34,e02,c5,p04,l3,0.00
i34,e02,c5,p05,l1,0.00
i34,e02,c5,p05,l3,0.00
i34,e02,c5,p06,l1,0.00
i34,e02,c5,p06,l3,0.00
i34,e02,c5,p07,l1,0.00
i34,e02,c5,p07,l3,0.00
i34,e02,c5,p08,l1,0.00
i34,e02,c5,p08,l3,0.00
i34,e02,c5,p09,l1,0.00
i34,e02,c5,p09,l3,0.00
i34,e02,c5,p10,l1,0.00
i34,e02,c5,p10,l3,0.00
i34,e02,c5,p11,l1,0.00
i34,e02,c5,p11,l3,0.00
i34,e02,c5,p12,l1,0.00
i34,e02,c5,p12,l3,0.00
i34,e02,c5,p13,l1,0.00
i34,e02,c5,p13,l3,0.00
i34,e02,c5,p14,l1,0.00
i34,e02,c5,p14,l3,0.00
i34,e02,c5,p15,l1,0.00
i34,e02,c5,p15,l3,0.00
i34,e02,c5,p16,l1,0.00
i34,e02,c5,p16,l3,0.00
i34,e02,c5,p17,l1,0.00
i34,e02,c5,p17,l3,0.00
i34,e02,c5,p18,l1,0.00
i34,e02,c5,p18,l3,0.00
i34,e02,c5,p19,l1,0.00
i34,e02,c5,p19,l3,0.00
i34,e02,c5,p20,l1,0.00
i34,e02,c5,p20,l3,0.00
i34,e02,c5,p21,l1,0.00
i34,e02,c5,p21,l3,0.00
i34,e02,c5,p22,l1,0.00
i34,e02,c5,p22,l3,0.00
i34,e02,c5,p23,l1,0.00
i34,e02,c5,p23,l3,0.00
i34,e02,c5,p24,l1,0.00
i34,e02,c5,p24,l3,0.00
i34,e02,c5,p25,l1,0.00
i34,e02,c5,p25,l3,0.00
i34,e02,c5,p26,l3,0.00
i34,e02,c5,p28,l1,0.00
i34,e02,c5,p28,l3,0.00
i34,e02,c5,p29,l1,0.00
i34,e02,c5,p29,l3,0.00
i34,e02,c5,p30,l3,0.00
i34,e02,c5,p31,l1,0.00
i34,e02,c5,p31,l3,0.00
i34,e02,c5,p32,l1,0.00
i34,e02,c5,p32,l3,0.00
i34,e02,c5,p35,l1,0.00
i34,e02,c5,p35,l3,0.00
i34,e03,c3,p01,l3,0.00
i34,e03,c3,p02,l3,0.00
i34,e03,c3,p03,l3,0.00
i34,e03,c3,p04,l3,0.00
i34,e03,c3,p05,l3,0.00
i34,e03,c3,p06,l3,0.00
i34,e03,c3,p07,l3,0.00
i34,e03,c3,p08,l3,0.00
i34,e03,c3,p09,l3,0.00
i34,e03,c3,p10,l3,0.00
i34,e03,c3,p11,l3,0.00
i34,e03,c3,p12,l3,0.00
i34,e03,c3,p13,l3,0.00
i34,e03,c3,p14,l3,0.00
i34,e03,c3,p15,l3,0.00
i34,e03,c3,p16,l3,0.00
i34,e03,c3,p17,l3,0.00
i34,e03,c3,p18,l3,0.00
i34,e03,c3,p19,l3,0.00
i34,e03,c3,p20,l3,0.00
i34,e03,c3,p21,l3,0.00
i34,e03,c3,p22,l3,0.00
i34,e03,c3,p23,l3,0.00
i34,e03,c3,p24,l3,0.00
i34,e03,c3,p25,l3,0.00
i34,e03,c3,p26,l3,0.00
i34,e03,c3,p28,l3,0.00
i34,e03,c3,p29,l3,0.00
i34,e03,c3,p30,l3,0.00
i34,e03,c3,p31,l3,0.00
i34,e03,c3,p32,l3,0.00
i34,e03,c3,p33,l3,0.00
i34,e03,c3,p35,l3,48.07
i34,e03,c5,p01,l3,67.50
i34,e03,c5,p02,l3,19.13
i34,e03,c5,p03,l3,45.40
i34,e03,c5,p04,l3,24.30
i34,e03,c5,p05,l3,21.02
i34,e03,c5,p06,l3,16.21
i34,e03,c5,p07,l3,50.07
i34,e03,c5,p08,l3,7.26
i34,e03,c5,p09,l3,16.18
i34,e03,c5,p10,l3,213.75
i34,e03,c5,p11,l3,20.39
i34,e03,c5,p12,l3,24.83
i34,e03,c5,p13,l3,9.36
i34,e03,c5,p14,l3,4.50
i34,e03,c5,p15,l3,21.39
i34,e03,c5,p16,l3,52.54
i34,e03,c5,p17,l3,30.71
i34,e03,c5,p18,l3,9.28
i34,e03,c5,p19,l3,67.27
i34,e03,c5,p20,l3,1.28
i34,e03,c5,p21,l3,40.12
i34,e03,c5,p22,l3,15.52
i34,e03,c5,p23,l3,2.04
i34,e03,c5,p24,l3,7.21
i34,e03,c5,p25,l3,2.10
i34,e03,c5,p26,l3,2.18
i34,e03,c5,p27,l3,0.00
i34,e03,c5,p28,l3,11.24
i34,e03,c5,p29,l3,20.39
i34,e03,c5,p30,l3,0.00
i34,e03,c5,p31,l3,9.34
i34,e03,c5,p32,l3,1.27
i34,e03,c5,p33,l3,0.00
i34,e03,c5,p35,l3,182.32
i34,e03,c8,p35,l3,0.00
i34,e04,c3,p01,l1,0.00
i34,e04,c3,p01,l3,0.00
i34,e04,c3,p02,l1,0.00
i34,e04,c3,p02,l3,0.00
i34,e04,c3,p03,l1,0.00
i34,e04,c3,p03,l3,0.00
i34,e04,c3,p04,l1,0.00
i34,e04,c3,p04,l3,0.00
i34,e04,c3,p05,l1,0.00
i34,e04,c3,p05,l3,0.00
i34,e04,c3,p06,l1,0.00
i34,e04,c3,p06,l3,0.00
i34,e04,c3,p07,l1,0.00
i34,e04,c3,p07,l3,0.00
i34,e04,c3,p08,l1,0.00
i34,e04,c3,p08,l3,0.00
i34,e04,c3,p09,l1,0.00
i34,e04,c3,p09,l3,0.00
i34,e04,c3,p10,l1,0.00
i34,e04,c3,p10,l3,0.00
i34,e04,c3,p11,l1,0.00
i34,e04,c3,p11,l3,0.00
i34,e04,c3,p12,l1,0.00
i34,e04,c3,p12,l3,0.00
i34,e04,c3,p13,l1,0.00
i34,e04,c3,p13,l3,0.00
i34,e04,c3,p14,l1,0.00
i34,e04,c3,p14,l3,0.00
i34,e04,c3,p15,l1,0.00
i34,e04,c3,p15,l3,0.00
i34,e04,c3,p16,l1,0.00
i34,e04,c3,p16,l3,0.00
i34,e04,c3,p17,l1,0.00
i34,e04,c3,p17,l3,0.00
i34,e04,c3,p18,l1,0.00
i34,e04,c3,p18,l3,0.00
i34,e04,c3,p19,l1,0.00
i34,e04,c3,p19,l3,0.00
i34,e04,c3,p20,l1,0.00
i34,e04,c3,p20,l3,0.00
i34,e04,c3,p21,l1,0.00
i34,e04,c3,p21,l3,0.00
i34,e04,c3,p22,l1,0.00
i34,e04,c3,p22,l3,0.00
i34,e04,c3,p23,l1,0.00
i34,e04,c3,p23,l3,0.00
i34,e04,c3,p24,l1,0.00
i34,e04,c3,p24,l3,0.00
i34,e04,c3,p25,l3,0.00
i34,e04,c3,p26,l1,0.00
i34,e04,c3,p26,l3,0.00
i34,e04,c3,p28,l1,0.00
i34,e04,c3,p28,l3,0.00
i34,e04,c3,p29,l1,0.00
i34,e04,c3,p29,l3,0.00
i34,e04,c3,p31,l1,0.00
i34,e04,c3,p31,l3,0.00
i34,e04,c3,p32,l1,0.00
i34,e04,c3,p32,l3,0.00
i34,e04,c3,p33,l3,0.00
i34,e04,c3,p35,l1,0.00
i34,e04,c3,p35,l3,12.35
i34,e04,c5,p01,l1,0.00
i34,e04,c5,p01,l3,4.01
i34,e04,c5,p02,l1,0.00
i34,e04,c5,p02,l3,2.36
i34,e04,c5,p03,l1,0.00
i34,e04,c5,p03,l3,18.58
i34,e04,c5,p04,l1,0.00
i34,e04,c5,p04,l3,4.08
i34,e04,c5,p05,l1,0.00
i34,e04,c5,p05,l3,6.03
i34,e04,c5,p06,l1,0.00
i34,e04,c5,p06,l3,1.35
i34,e04,c5,p07,l1,0.00
i34,e04,c5,p07,l3,1.20
i34,e04,c5,p08,l1,0.00
i34,e04,c5,p08,l3,1.78
i34,e04,c5,p09,l1,0.00
i34,e04,c5,p09,l3,2.27
i34,e04,c5,p10,l1,0.00
i34,e04,c5,p10,l3,36.96
i34,e04,c5,p11,l1,0.00
i34,e04,c5,p11,l3,10.10
i34,e04,c5,p12,l1,0.00
i34,e04,c5,p12,l3,13.32
i34,e04,c5,p13,l1,0.00
i34,e04,c5,p13,l3,1.61
i34,e04,c5,p14,l1,0.00
i34,e04,c5,p14,l3,0.00
i34,e04,c5,p15,l1,0.00
i34,e04,c5,p15,l3,3.03
i34,e04,c5,p16,l1,0.00
i34,e04,c5,p16,l3,5.12
i34,e04,c5,p17,l1,0.00
i34,e04,c5,p17,l3,2.92
i34,e04,c5,p18,l1,0.00
i34,e04,c5,p18,l3,2.30
i34,e04,c5,p19,l1,0.00
i34,e04,c5,p19,l3,9.01
i34,e04,c5,p20,l1,0.00
i34,e04,c5,p20,l3,0.00
i34,e04,c5,p21,l1,0.00
i34,e04,c5,p21,l3,0.00
i34,e04,c5,p22,l1,0.00
i34,e04,c5,p22,l3,0.00
i34,e04,c5,p23,l1,0.00
i34,e04,c5,p23,l3,0.00
i34,e04,c5,p24,l1,0.00
i34,e04,c5,p24,l3,1.17
i34,e04,c5,p25,l1,0.00
i34,e04,c5,p25,l3,0.00
i34,e04,c5,p26,l1,0.00
i34,e04,c5,p26,l3,3.11
i34,e04,c5,p27,l3,0.00
i34,e04,c5,p28,l1,0.00
i34,e04,c5,p28,l3,4.87
i34,e04,c5,p29,l1,0.00
i34,e04,c5,p29,l3,3.72
i34,e04,c5,p30,l1,0.00
i34,e04,c5,p30,l3,0.00
i34,e04,c5,p31,l1,0.00
i34,e04,c5,p31,l3,0.00
i34,e04,c5,p32,l1,0.00
i34,e04,c5,p32,l3,1.05
i34,e04,c5,p33,l1,0.00
i34,e04,c5,p33,l3,0.00
i34,e04,c5,p35,l1,0.00
i34,e04,c5,p35,l3,17.14
i34,e05,c3,p01,l3,0.00
i34,e05,c3,p02,l3,0.00
i34,e05,c3,p03,l3,0.00
i34,e05,c3,p04,l3,0.00
i34,e05,c3,p05,l1,0.00
i34,e05,c3,p05,l3,0.00
i34,e05,c3,p06,l3,0.00
i34,e05,c3,p07,l3,0.00
i34,e05,c3,p08,l1,0.00
i34,e05,c3,p08,l3,0.00
i34,e05,c3,p09,l3,0.00
i34,e05,c3,p10,l1,0.00
i34,e05,c3,p10,l3,0.00
i34,e05,c3,p11,l3,0.00
i34,e05,c3,p12,l1,0.00
i34,e05,c3,p12,l3,0.00
i34,e05,c3,p13,l3,0.00
i34,e05,c3,p14,l3,0.00
i34,e05,c3,p15,l3,0.00
i34,e05,c3,p16,l3,0.00
i34,e05,c3,p17,l3,0.00
i34,e05,c3,p18,l1,0.00
i34,e05,c3,p18,l3,0.00
i34,e05,c3,p19,l1,0.00
i34,e05,c3,p19,l3,0.00
i34,e05,c3,p21,l3,0.00
i34,e05,c3,p22,l3,0.00
i34,e05,c3,p24,l3,0.00
i34,e05,c3,p25,l3,0.00
i34,e05,c3,p28,l3,0.00
i34,e05,c3,p29,l3,0.00
i34,e05,c3,p32,l1,0.00
i34,e05,c3,p32,l3,0.00
i34,e05,c3,p35,l1,0.00
i34,e05,c3,p35,l3,0.00
i34,e05,c5,p01,l1,0.00
i34,e05,c5,p01,l3,0.00
i34,e05,c5,p02,l1,0.00
i34,e05,c5,p02,l3,0.00
i34,e05,c5,p03,l1,0.00
i34,e05,c5,p03,l3,0.00
i34,e05,c5,p04,l1,0.00
i34,e05,c5,p04,l3,0.00
i34,e05,c5,p05,l1,0.00
i34,e05,c5,p05,l3,0.00
i34,e05,c5,p06,l1,0.00
i34,e05,c5,p06,l3,0.00
i34,e05,c5,p07,l1,0.00
i34,e05,c5,p07,l3,0.00
i34,e05,c5,p08,l1,0.00
i34,e05,c5,p08,l3,0.00
i34,e05,c5,p09,l1,0.00
i34,e05,c5,p09,l3,0.00
i34,e05,c5,p10,l1,0.00
i34,e05,c5,p10,l3,0.00
i34,e05,c5,p11,l1,0.00
i34,e05,c5,p11,l3,0.00
i34,e05,c5,p12,l1,0.00
i34,e05,c5,p12,l3,0.00
i34,e05,c5,p13,l1,0.00
i34,e05,c5,p13,l3,0.00
i34,e05,c5,p14,l1,0.00
i34,e05,c5,p14,l3,0.00
i34,e05,c5,p15,l1,0.00
i34,e05,c5,p15,l3,0.00
i34,e05,c5,p16,l1,0.00
i34,e05,c5,p16,l3,0.00
i34,e05,c5,p17,l1,0.00
i34,e05,c5,p17,l3,0.00
i34,e05,c5,p18,l1,0.00
i34,e05,c5,p18,l3,0.00
i34,e05,c5,p19,l1,0.00
i34,e05,c5,p19,l3,0.00
i34,e05,c5,p20,l1,0.00
i34,e05,c5,p20,l3,0.00
i34,e05,c5,p21,l1,0.00
i34,e05,c5,p21,l3,0.00
i34,e05,c5,p22,l1,0.00
i34,e05,c5,p22,l3,0.00
i34,e05,c5,p23,l1,0.00
i34,e05,c5,p23,l3,0.00
i34,e05,c5,p24,l1,0.00
i34,e05,c5,p24,l3,0.00
i34,e05,c5,p25,l1,0.00
i34,e05,c5,p25,l3,0.00
i34,e05,c5,p26,l1,0.00
i34,e05,c5,p26,l3,0.00
i34,e05,c5,p28,l1,0.00
i34,e05,c5,p28,l3,0.00
i34,e05,c5,p29,l1,0.00
i34,e05,c5,p29,l3,0.00
i34,e05,c5,p30,l1,0.00
i34,e05,c5,p30,l3,0.00
i34,e05,c5,p31,l1,0.00
i34,e05,c5,p31,l3,0.00
i34,e05,c5,p32,l1,0.00
i34,e05,c5,p32,l3,0.00
i34,e05,c5,p33,l3,0.00
i34,e05,c5,p35,l1,0.00
i34,e05,c5,p35,l3,1.85
i34,e06,c5,p24,l3,0.00
i34,e07,c5,p10,l3,0.00
i34,e07,c5,p17,l3,0.00
i34,e07,c5,p19,l3,0.00
i34,e07,c5,p23,l3,0.00
i34,e07,c5,p35,l2,0.00
i34,e07,c5,p35,l3,0.00
i34,e08,c3,p01,l2,0.00
i34,e08,c3,p01,l3,0.00
i34,e08,c3,p02,l2,0.00
i34,e08,c3,p02,l3,0.00
i34,e08,c3,p03,l2,0.00
i34,e08,c3,p03,l3,0.00
i34,e08,c3,p04,l2,0.00
i34,e08,c3,p04,l3,0.00
i34,e08,c3,p05,l2,0.00
i34,e08,c3,p05,l3,0.00
i34,e08,c3,p06,l2,0.00
i34,e08,c3,p06,l3,0.00
i34,e08,c3,p07,l2,0.00
i34,e08,c3,p07,l3,0.00
i34,e08,c3,p08,l2,0.00
i34,e08,c3,p08,l3,0.00
i34,e08,c3,p09,l2,0.00
i34,e08,c3,p09,l3,0.00
i34,e08,c3,p10,l2,0.00
i34,e08,c3,p10,l3,0.00
i34,e08,c3,p11,l2,0.00
i34,e08,c3,p11,l3,0.00
i34,e08,c3,p12,l2,0.00
i34,e08,c3,p12,l3,0.00
i34,e08,c3,p13,l2,0.00
i34,e08,c3,p13,l3,0.00
i34,e08,c3,p14,l2,0.00
i34,e08,c3,p14,l3,0.00
i34,e08,c3,p15,l2,0.00
i34,e08,c3,p15,l3,0.00
i34,e08,c3,p16,l2,0.00
i34,e08,c3,p16,l3,0.00
i34,e08,c3,p17,l2,0.00
i34,e08,c3,p17,l3,0.00
i34,e08,c3,p18,l2,0.00
i34,e08,c3,p18,l3,0.00
i34,e08,c3,p19,l2,0.00
i34,e08,c3,p19,l3,0.00
i34,e08,c3,p20,l2,0.00
i34,e08,c3,p20,l3,0.00
i34,e08,c3,p21,l2,0.00
i34,e08,c3,p21,l3,0.00
i34,e08,c3,p22,l2,0.00
i34,e08,c3,p22,l3,0.00
i34,e08,c3,p23,l2,0.00
i34,e08,c3,p23,l3,0.00
i34,e08,c3,p24,l2,0.00
i34,e08,c3,p24,l3,0.00
i34,e08,c3,p25,l3,0.00
i34,e08,c3,p26,l3,0.00
i34,e08,c3,p28,l2,0.00
i34,e08,c3,p28,l3,0.00
i34,e08,c3,p29,l2,0.00
i34,e08,c3,p29,l3,0.00
i34,e08,c3,p31,l2,0.00
i34,e08,c3,p31,l3,0.00
i34,e08,c3,p32,l2,0.00
i34,e08,c3,p32,l3,0.00
i34,e08,c3,p33,l3,0.00
i34,e08,c3,p35,l2,0.00
i34,e08,c3,p35,l3,0.00
i34,e08,c5,p01,l2,0.00
i34,e08,c5,p01,l3,6.18
i34,e08,c5,p02,l2,0.00
i34,e08,c5,p02,l3,32.61
i34,e08,c5,p03,l2,0.00
i34,e08,c5,p03,l3,39.45
i34,e08,c5,p04,l2,0.00
i34,e08,c5,p04,l3,3.53
i34,e08,c5,p05,l2,0.00
i34,e08,c5,p05,l3,4.35
i34,e08,c5,p06,l2,0.00
i34,e08,c5,p06,l3,1.25
i34,e08,c5,p07,l2,0.00
i34,e08,c5,p07,l3,1.76
i34,e08,c5,p08,l2,0.00
i34,e08,c5,p08,l3,15.03
i34,e08,c5,p09,l2,0.00
i34,e08,c5,p09,l3,23.50
i34,e08,c5,p10,l2,0.00
i34,e08,c5,p10,l3,111.14
i34,e08,c5,p11,l2,0.00
i34,e08,c5,p11,l3,6.56
i34,e08,c5,p12,l2,0.00
i34,e08,c5,p12,l3,0.00
i34,e08,c5,p13,l2,0.00
i34,e08,c5,p13,l3,0.00
i34,e08,c5,p14,l2,0.00
i34,e08,c5,p14,l3,0.00
i34,e08,c5,p15,l2,0.00
i34,e08,c5,p15,l3,8.21
i34,e08,c5,p16,l2,0.00
i34,e08,c5,p16,l3,10.18
i34,e08,c5,p17,l2,0.00
i34,e08,c5,p17,l3,2.91
i34,e08,c5,p18,l2,0.00
i34,e08,c5,p18,l3,1.53
i34,e08,c5,p19,l2,0.00
i34,e08,c5,p19,l3,25.84
i34,e08,c5,p20,l2,0.00
i34,e08,c5,p20,l3,2.05
i34,e08,c5,p21,l2,0.00
i34,e08,c5,p21,l3,0.00
i34,e08,c5,p22,l2,0.00
i34,e08,c5,p22,l3,0.00
i34,e08,c5,p23,l2,0.00
i34,e08,c5,p23,l3,0.00
i34,e08,c5,p24,l2,0.00
i34,e08,c5,p24,l3,0.00
i34,e08,c5,p25,l2,0.00
i34,e08,c5,p25,l3,0.00
i34,e08,c5,p26,l2,0.00
i34,e08,c5,p26,l3,53.42
i34,e08,c5,p27,l3,0.00
i34,e08,c5,p28,l2,0.00
i34,e08,c5,p28,l3,2.78
i34,e08,c5,p29,l2,0.00
i34,e08,c5,p29,l3,3.33
i34,e08,c5,p30,l2,0.00
i34,e08,c5,p30,l3,0.00
i34,e08,c5,p31,l2,0.00
i34,e08,c5,p31,l3,0.00
i34,e08,c5,p32,l2,0.00
i34,e08,c5,p32,l3,1.05
i34,e08,c5,p33,l2,0.00
i34,e08,c5,p33,l3,0.00
i34,e08,c5,p35,l2,0.00
i34,e08,c5,p35,l3,42.38
i34,e09,c3,p01,l2,0.00
i34,e09,c3,p01,l3,0.00
i34,e09,c3,p02,l2,0.00
i34,e09,c3,p02,l3,0.00
i34,e09,c3,p03,l2,0.00
i34,e09,c3,p03,l3,0.00
i34,e09,c3,p04,l2,0.00
i34,e09,c3,p04,l3,0.00
i34,e09,c3,p05,l2,0.00
i34,e09,c3,p05,l3,0.00
i34,e09,c3,p06,l2,0.00
i34,e09,c3,p06,l3,0.00
i34,e09,c3,p07,l2,0.00
i34,e09,c3,p07,l3,0.00
i34,e09,c3,p08,l2,0.00
i34,e09,c3,p08,l3,0.00
i34,e09,c3,p09,l2,0.00
i34,e09,c3,p09,l3,0.00
i34,e09,c3,p10,l2,0.00
i34,e09,c3,p10,l3,0.00
i34,e09,c3,p11,l2,0.00
i34,e09,c3,p11,l3,0.00
i34,e09,c3,p12,l2,0.00
i34,e09,c3,p12,l3,0.00
i34,e09,c3,p13,l2,0.00
i34,e09,c3,p13,l3,0.00
i34,e09,c3,p14,l2,0.00
i34,e09,c3,p14,l3,0.00
i34,e09,c3,p15,l2,0.00
i34,e09,c3,p15,l3,0.00
i34,e09,c3,p16,l2,0.00
i34,e09,c3,p16,l3,0.00
i34,e09,c3,p17,l2,0.00
i34,e09,c3,p17,l3,0.00
i34,e09,c3,p18,l2,0.00
i34,e09,c3,p18,l3,0.00
i34,e09,c3,p19,l2,0.00
i34,e09,c3,p19,l3,0.00
i34,e09,c3,p20,l3,0.00
i34,e09,c3,p21,l2,0.00
i34,e09,c3,p21,l3,0.00
i34,e09,c3,p22,l2,0.00
i34,e09,c3,p22,l3,0.00
i34,e09,c3,p23,l2,0.00
i34,e09,c3,p23,l3,0.00
i34,e09,c3,p24,l2,0.00
i34,e09,c3,p24,l3,0.00
i34,e09,c3,p25,l3,0.00
i34,e09,c3,p26,l3,0.00
i34,e09,c3,p28,l2,0.00
i34,e09,c3,p28,l3,0.00
i34,e09,c3,p29,l2,0.00
i34,e09,c3,p29,l3,0.00
i34,e09,c3,p31,l3,0.00
i34,e09,c3,p32,l2,0.00
i34,e09,c3,p32,l3,0.00
i34,e09,c3,p33,l3,0.00
i34,e09,c3,p35,l2,0.00
i34,e09,c3,p35,l3,10.38
i34,e09,c5,p01,l2,0.00
i34,e09,c5,p01,l3,1.14
i34,e09,c5,p02,l2,0.00
i34,e09,c5,p02,l3,0.00
i34,e09,c5,p03,l2,0.00
i34,e09,c5,p03,l3,4.13
i34,e09,c5,p04,l2,0.00
i34,e09,c5,p04,l3,5.13
i34,e09,c5,p05,l2,0.00
i34,e09,c5,p05,l3,1.71
i34,e09,c5,p06,l2,0.00
i34,e09,c5,p06,l3,0.00
i34,e09,c5,p07,l2,0.00
i34,e09,c5,p07,l3,1.01
i34,e09,c5,p08,l2,0.00
i34,e09,c5,p08,l3,0.00
i34,e09,c5,p09,l2,0.00
i34,e09,c5,p09,l3,1.33
i34,e09,c5,p10,l2,0.00
i34,e09,c5,p10,l3,19.08
i34,e09,c5,p11,l2,0.00
i34,e09,c5,p11,l3,6.67
i34,e09,c5,p12,l2,0.00
i34,e09,c5,p12,l3,4.91
i34,e09,c5,p13,l2,0.00
i34,e09,c5,p13,l3,0.00
i34,e09,c5,p14,l2,0.00
i34,e09,c5,p14,l3,0.00
i34,e09,c5,p15,l2,0.00
i34,e09,c5,p15,l3,5.36
i34,e09,c5,p16,l2,0.00
i34,e09,c5,p16,l3,0.00
i34,e09,c5,p17,l2,0.00
i34,e09,c5,p17,l3,1.29
i34,e09,c5,p18,l2,0.00
i34,e09,c5,p18,l3,0.00
i34,e09,c5,p19,l2,0.00
i34,e09,c5,p19,l3,9.42
i34,e09,c5,p20,l2,0.00
i34,e09,c5,p20,l3,0.00
i34,e09,c5,p21,l2,0.00
i34,e09,c5,p21,l3,2.40
i34,e09,c5,p22,l2,0.00
i34,e09,c5,p22,l3,0.00
i34,e09,c5,p23,l2,0.00
i34,e09,c5,p23,l3,0.00
i34,e09,c5,p24,l2,0.00
i34,e09,c5,p24,l3,0.00
i34,e09,c5,p25,l2,0.00
i34,e09,c5,p25,l3,0.00
i34,e09,c5,p26,l2,0.00
i34,e09,c5,p26,l3,4.37
i34,e09,c5,p27,l3,0.00
i34,e09,c5,p28,l2,0.00
i34,e09,c5,p28,l3,2.27
i34,e09,c5,p29,l2,0.00
i34,e09,c5,p29,l3,0.00
i34,e09,c5,p30,l2,0.00
i34,e09,c5,p30,l3,0.00
i34,e09,c5,p31,l2,0.00
i34,e09,c5,p31,l3,1.27
i34,e09,c5,p32,l2,0.00
i34,e09,c5,p32,l3,0.00
i34,e09,c5,p33,l2,0.00
i34,e09,c5,p33,l3,0.00
i34,e09,c5,p35,l2,0.00
i34,e09,c5,p35,l3,16.29
i34,e11,c3,p07,l3,0.00
i34,e11,c3,p11,l3,0.00
i34,e11,c3,p12,l3,0.00
i34,e11,c3,p14,l3,0.00
i34,e11,c3,p15,l3,0.00
i34,e11,c3,p23,l3,0.00
i34,e11,c3,p25,l3,0.00
i34,e11,c3,p35,l3,0.00
i34,e11,c5,p01,l2,0.00
i34,e11,c5,p01,l3,0.00
i34,e11,c5,p02,l2,0.00
i34,e11,c5,p02,l3,0.00
i34,e11,c5,p03,l2,0.00
i34,e11,c5,p03,l3,0.00
i34,e11,c5,p04,l3,0.00
i34,e11,c5,p05,l3,0.00
i34,e11,c5,p06,l3,0.00
i34,e11,c5,p07,l3,0.00
i34,e11,c5,p08,l3,0.00
i34,e11,c5,p09,l3,0.00
i34,e11,c5,p10,l2,0.00
i34,e11,c5,p10,l3,0.00
i34,e11,c5,p11,l2,0.00
i34,e11,c5,p11,l3,0.00
i34,e11,c5,p12,l3,0.00
i34,e11,c5,p13,l2,0.00
i34,e11,c5,p13,l3,0.00
i34,e11,c5,p14,l3,0.00
i34,e11,c5,p15,l3,0.00
i34,e11,c5,p16,l3,0.00
i34,e11,c5,p17,l3,0.00
i34,e11,c5,p18,l3,0.00
i34,e11,c5,p19,l2,0.00
i34,e11,c5,p19,l3,0.00
i34,e11,c5,p20,l3,0.00
i34,e11,c5,p21,l2,0.00
i34,e11,c5,p21,l3,0.00
i34,e11,c5,p22,l3,0.00
i34,e11,c5,p23,l3,0.00
i34,e11,c5,p24,l3,0.00
i34,e11,c5,p29,l3,0.00
i34,e11,c5,p31,l2,0.00
i34,e11,c5,p31,l3,0.00
i34,e11,c5,p32,l3,0.00
i34,e11,c5,p35,l2,0.00
i34,e11,c5,p35,l3,0.00
i34,e12,c3,p11,l3,0.00
i34,e12,c3,p14,l3,0.00
i34,e12,c3,p16,l3,0.00
i34,e12,c3,p24,l3,0.00
i34,e12,c3,p35,l3,0.00
i34,e12,c5,p01,l3,0.00
i34,e12,c5,p02,l3,0.00
i34,e12,c5,p03,l3,0.00
i34,e12,c5,p04,l3,0.00
i34,e12,c5,p05,l3,0.00
i34,e12,c5,p06,l3,0.00
i34,e12,c5,p07,l3,0.00
i34,e12,c5,p08,l3,0.00
i34,e12,c5,p09,l3,0.00
i34,e12,c5,p10,l3,0.00
i34,e12,c5,p11,l3,0.00
i34,e12,c5,p12,l3,0.00
i34,e12,c5,p13,l3,0.00
i34,e12,c5,p14,l3,0.00
i34,e12,c5,p15,l3,0.00
i34,e12,c5,p16,l3,0.00
i34,e12,c5,p17,l3,0.00
i34,e12,c5,p18,l3,0.00
i34,e12,c5,p19,l3,0.00
i34,e12,c5,p21,l3,0.00
i34,e12,c5,p22,l3,0.00
i34,e12,c5,p23,l3,0.00
i34,e12,c5,p24,l3,0.00
i34,e12,c5,p25,l3,0.00
i34,e12,c5,p26,l3,0.00
i34,e12,c5,p28,l3,0.00
i34,e12,c5,p29,l3,0.00
i34,e12,c5,p31,l3,0.00
i34,e12,c5,p32,l3,0.00
i34,e12,c5,p35,l3,0.00
i34,e13,c3,p01,l3,0.00
i34,e13,c3,p02,l3,0.00
i34,e13,c3,p03,l3,0.00
i34,e13,c3,p04,l3,0.00
i34,e13,c3,p05,l3,0.00
i34,e13,c3,p06,l3,0.00
i34,e13,c3,p07,l3,0.00
i34,e13,c3,p08,l3,0.00
i34,e13,c3,p09,l3,0.00
i34,e13,c3,p10,l3,0.00
i34,e13,c3,p11,l3,0.00
i34,e13,c3,p12,l3,0.00
i34,e13,c3,p13,l3,0.00
i34,e13,c3,p14,l3,0.00
i34,e13,c3,p15,l3,0.00
i34,e13,c3,p16,l3,0.00
i34,e13,c3,p17,l3,0.00
i34,e13,c3,p18,l3,0.00
i34,e13,c3,p19,l3,0.00
i34,e13,c3,p20,l3,0.00
i34,e13,c3,p21,l3,0.00
i34,e13,c3,p22,l3,0.00
i34,e13,c3,p23,l3,0.00
i34,e13,c3,p24,l3,0.00
i34,e13,c3,p25,l3,0.00
i34,e13,c3,p26,l3,0.00
i34,e13,c3,p28,l3,0.00
i34,e13,c3,p29,l3,0.00
i34,e13,c3,p31,l3,0.00
i34,e13,c3,p32,l3,0.00
i34,e13,c3,p35,l3,0.00
i34,e13,c5,p01,l3,0.00
i34,e13,c5,p02,l3,0.00
i34,e13,c5,p03,l3,0.00
i34,e13,c5,p04,l3,0.00
i34,e13,c5,p05,l3,0.00
i34,e13,c5,p06,l3,0.00
i34,e13,c5,p07,l3,0.00
i34,e13,c5,p08,l3,0.00
i34,e13,c5,p09,l3,0.00
i34,e13,c5,p10,l3,0.00
i34,e13,c5,p11,l3,0.00
i34,e13,c5,p12,l3,0.00
i34,e13,c5,p13,l3,0.00
i34,e13,c5,p14,l3,0.00
i34,e13,c5,p15,l3,0.00
i34,e13,c5,p16,l3,0.00
i34,e13,c5,p17,l3,0.00
i34,e13,c5,p18,l3,0.00
i34,e13,c5,p19,l3,0.00
i34,e13,c5,p20,l3,0.00
i34,e13,c5,p21,l3,0.00
i34,e13,c5,p22,l3,0.00
i34,e13,c5,p23,l3,0.00
i34,e13,c5,p24,l3,0.00
i34,e13,c5,p25,l3,0.00
i34,e13,c5,p26,l3,0.00
i34,e13,c5,p27,l3,0.00
i34,e13,c5,p28,l3,0.00
i34,e13,c5,p29,l3,0.00
i34,e13,c5,p30,l3,0.00
i34,e13,c5,p31,l3,0.00
i34,e13,c5,p32,l3,0.00
i34,e13,c5,p33,l3,0.00
i34,e13,c5,p35,l3,0.00
i35,e01,c2,p35,l3,0.00
i35,e04,c2,p35,l1,0.00
i35,e04,c2,p35,l3,0.00
i35,e09,c2,p35,l2,0.00
i35,e09,c2,p35,l3,0.00
i36,e01,c3,p35,l3,0.00
i36,e01,c5,p03,l3,0.00
i36,e01,c5,p10,l3,0.00
i36,e01,c5,p22,l3,0.00
i36,e01,c5,p25,l3,0.00
i36,e01,c5,p35,l3,0.00
i36,e02,c3,p35,l3,0.00
i36,e02,c5,p10,l3,0.00
i36,e02,c5,p35,l1,0.00
i36,e02,c5,p35,l3,0.00
i36,e03,c3,p35,l3,0.00
i36,e03,c5,p10,l3,0.00
i36,e03,c5,p35,l3,0.00
i36,e04,c3,p35,l1,0.00
i36,e04,c3,p35,l3,0.00
i36,e04,c5,p03,l3,0.00
i36,e04,c5,p10,l3,0.00
i36,e04,c5,p22,l3,0.00
i36,e04,c5,p25,l3,0.00
i36,e04,c5,p35,l1,0.00
i36,e04,c5,p35,l3,10.03
i36,e05,c3,p35,l1,0.00
i36,e05,c3,p35,l3,0.00
i36,e05,c5,p35,l1,0.00
i36,e05,c5,p35,l3,0.00
i36,e07,c5,p35,l3,0.00
i36,e08,c3,p35,l2,0.00
i36,e08,c3,p35,l3,2.11
i36,e08,c5,p03,l3,0.00
i36,e08,c5,p10,l3,0.00
i36,e08,c5,p12,l3,0.00
i36,e08,c5,p22,l3,0.00
i36,e08,c5,p25,l2,0.00
i36,e08,c5,p25,l3,0.00
i36,e08,c5,p35,l2,0.00
i36,e08,c5,p35,l3,17.03
i36,e09,c3,p35,l2,0.00
i36,e09,c3,p35,l3,0.00
i36,e09,c5,p03,l3,0.00
i36,e09,c5,p10,l3,0.00
i36,e09,c5,p12,l3,0.00
i36,e09,c5,p22,l3,0.00
i36,e09,c5,p25,l2,0.00
i36,e09,c5,p25,l3,0.00
i36,e09,c5,p35,l2,0.00
i36,e09,c5,p35,l3,0.00
i36,e11,c3,p35,l2,0.00
i36,e11,c3,p35,l3,0.00
i36,e11,c5,p03,l3,0.00
i36,e11,c5,p12,l3,0.00
i36,e11,c5,p25,l2,0.00
i36,e11,c5,p25,l3,0.00
i36,e11,c5,p35,l2,0.00
i36,e11,c5,p35,l3,0.00
i36,e12,c3,p35,l3,0.00
i36,e12,c5,p22,l3,0.00
i36,e12,c5,p25,l3,0.00
i36,e12,c5,p35,l3,1.28
i36,e13,c5,p10,l3,0.00
i36,e13,c5,p35,l3,0.00
i37,e01,c3,p33,l3,0.00
i37,e01,c3,p35,l3,0.00
i37,e01,c5,p09,l3,0.00
i37,e01,c5,p10,l3,0.00
i37,e01,c5,p11,l3,0.00
i37,e01,c5,p13,l3,0.00
i37,e01,c5,p15,l3,0.00
i37,e01,c5,p19,l3,0.00
i37,e01,c5,p33,l3,0.00
i37,e01,c5,p35,l3,0.00
i37,e02,c5,p33,l3,0.00
i37,e03,c3,p33,l3,0.00
i37,e03,c5,p01,l3,0.00
i37,e03,c5,p10,l3,0.00
i37,e03,c5,p11,l3,0.00
i37,e03,c5,p13,l3,0.00
i37,e03,c5,p15,l3,0.00
i37,e03,c5,p17,l3,0.00
i37,e03,c5,p18,l3,0.00
i37,e03,c5,p19,l3,0.00
i37,e03,c5,p33,l3,0.00
i37,e03,c5,p35,l3,0.00
i37,e04,c3,p19,l3,0.00
i37,e04,c3,p33,l3,0.00
i37,e04,c5,p09,l3,0.00
i37,e04,c5,p10,l3,0.00
i37,e04,c5,p11,l3,0.00
i37,e04,c5,p13,l3,0.00
i37,e04,c5,p18,l3,0.00
i37,e04,c5,p19,l3,0.00
i37,e04,c5,p33,l3,0.00
i37,e04,c5,p35,l3,0.00
i37,e05,c3,p35,l3,0.00
i37,e05,c5,p01,l3,0.00
i37,e05,c5,p10,l3,0.00
i37,e05,c5,p11,l3,0.00
i37,e05,c5,p13,l3,0.00
i37,e05,c5,p17,l3,0.00
i37,e05,c5,p19,l3,0.00
i37,e05,c5,p33,l3,0.00
i37,e05,c5,p35,l3,0.00
i37,e07,c5,p33,l3,0.00
i37,e08,c3,p19,l3,0.00
i37,e08,c3,p33,l3,0.00
i37,e08,c3,p35,l3,0.00
i37,e08,c5,p01,l3,0.00
i37,e08,c5,p03,l3,0.00
i37,e08,c5,p08,l3,0.00
i37,e08,c5,p09,l3,0.00
i37,e08,c5,p10,l3,0.00
i37,e08,c5,p11,l3,0.00
i37,e08,c5,p13,l3,0.00
i37,e08,c5,p15,l3,0.00
i37,e08,c5,p17,l3,0.00
i37,e08,c5,p19,l3,0.00
i37,e08,c5,p29,l3,0.00
i37,e08,c5,p33,l3,0.00
i37,e08,c5,p35,l3,0.00
i37,e09,c3,p19,l3,0.00
i37,e09,c3,p33,l3,0.00
i37,e09,c3,p35,l3,0.00
i37,e09,c5,p09,l3,0.00
i37,e09,c5,p10,l3,0.00
i37,e09,c5,p11,l3,0.00
i37,e09,c5,p13,l3,0.00
i37,e09,c5,p15,l3,0.00
i37,e09,c5,p17,l3,0.00
i37,e09,c5,p18,l3,0.00
i37,e09,c5,p19,l3,0.00
i37,e09,c5,p33,l3,0.00
i37,e09,c5,p35,l3,0.00
i37,e10,c3,p19,l3,0.00
i37,e10,c3,p33,l3,0.00
i37,e10,c3,p35,l3,0.00
i37,e10,c5,p01,l3,0.00
i37,e10,c5,p03,l3,0.00
i37,e10,c5,p08,l3,0.00
i37,e10,c5,p09,l3,0.00
i37,e10,c5,p10,l3,0.00
i37,e10,c5,p11,l3,0.00
i37,e10,c5,p13,l3,0.00
i37,e10,c5,p15,l3,0.00
i37,e10,c5,p17,l3,0.00
i37,e10,c5,p18,l3,0.00
i37,e10,c5,p19,l3,0.00
i37,e10,c5,p21,l3,0.00
i37,e10,c5,p29,l3,0.00
i37,e10,c5,p33,l3,0.00
i37,e10,c5,p35,l3,0.00
i37,e11,c3,p33,l3,0.00
i37,e11,c5,p01,l3,0.00
i37,e11,c5,p10,l3,0.00
i37,e11,c5,p11,l3,0.00
i37,e11,c5,p19,l3,0.00
i37,e11,c5,p33,l3,0.00
i37,e11,c5,p35,l3,0.00
i37,e12,c3,p33,l3,0.00
i37,e12,c5,p10,l3,0.00
i37,e12,c5,p19,l3,0.00
i37,e12,c5,p33,l3,0.00
i37,e12,c5,p35,l3,0.00
i38,e01,c1,p01,l2,0.00
i38,e01,c1,p01,l3,65.86
i38,e01,c1,p01,l4,0.00
i38,e01,c1,p02,l2,0.00
i38,e01,c1,p02,l3,11.48
i38,e01,c1,p02,l4,0.00
i38,e01,c1,p03,l2,0.00
i38,e01,c1,p03,l3,57.04
i38,e01,c1,p03,l4,0.00
i38,e01,c1,p04,l2,0.00
i38,e01,c1,p04,l3,4.86
i38,e01,c1,p04,l4,0.00
i38,e01,c1,p05,l2,0.00
i38,e01,c1,p05,l3,9.41
i38,e01,c1,p05,l4,0.00
i38,e01,c1,p06,l2,0.00
i38,e01,c1,p06,l3,0.00
i38,e01,c1,p06,l4,0.00
i38,e01,c1,p07,l2,0.00
i38,e01,c1,p07,l3,69.74
i38,e01,c1,p07,l4,0.00
i38,e01,c1,p08,l2,0.00
i38,e01,c1,p08,l3,8.05
i38,e01,c1,p08,l4,0.00
i38,e01,c1,p09,l2,0.00
i38,e01,c1,p09,l3,10.54
i38,e01,c1,p09,l4,0.00
i38,e01,c1,p10,l2,0.00
i38,e01,c1,p10,l3,245.15
i38,e01,c1,p10,l4,0.00
i38,e01,c1,p11,l2,0.00
i38,e01,c1,p11,l3,50.19
i38,e01,c1,p11,l4,0.00
i38,e01,c1,p12,l2,0.00
i38,e01,c1,p12,l3,36.81
i38,e01,c1,p12,l4,0.00
i38,e01,c1,p13,l2,0.00
i38,e01,c1,p13,l3,162.44
i38,e01,c1,p13,l4,0.00
i38,e01,c1,p14,l2,0.00
i38,e01,c1,p14,l3,12.36
i38,e01,c1,p14,l4,0.00
i38,e01,c1,p15,l2,0.00
i38,e01,c1,p15,l3,35.69
i38,e01,c1,p15,l4,0.00
i38,e01,c1,p16,l2,0.00
i38,e01,c1,p16,l3,3.29
i38,e01,c1,p16,l4,0.00
i38,e01,c1,p17,l2,0.00
i38,e01,c1,p17,l3,48.68
i38,e01,c1,p17,l4,0.00
i38,e01,c1,p18,l2,0.00
i38,e01,c1,p18,l3,15.19
i38,e01,c1,p18,l4,0.00
i38,e01,c1,p19,l2,0.00
i38,e01,c1,p19,l3,112.61
i38,e01,c1,p19,l4,0.00
i38,e01,c1,p20,l2,0.00
i38,e01,c1,p20,l3,0.00
i38,e01,c1,p20,l4,0.00
i38,e01,c1,p21,l2,0.00
i38,e01,c1,p21,l3,9.22
i38,e01,c1,p21,l4,0.00
i38,e01,c1,p22,l2,0.00
i38,e01,c1,p22,l3,12.65
i38,e01,c1,p22,l4,0.00
i38,e01,c1,p23,l2,0.00
i38,e01,c1,p23,l3,4.16
i38,e01,c1,p23,l4,0.00
i38,e01,c1,p24,l2,0.00
i38,e01,c1,p24,l3,5.45
i38,e01,c1,p24,l4,0.00
i38,e01,c1,p25,l2,0.00
i38,e01,c1,p25,l3,3.22
i38,e01,c1,p25,l4,0.00
i38,e01,c1,p26,l2,0.00
i38,e01,c1,p26,l3,0.00
i38,e01,c1,p26,l4,0.00
i38,e01,c1,p27,l3,0.00
i38,e01,c1,p28,l2,0.00
i38,e01,c1,p28,l3,0.00
i38,e01,c1,p28,l4,0.00
i38,e01,c1,p29,l2,0.00
i38,e01,c1,p29,l3,8.11
i38,e01,c1,p29,l4,0.00
i38,e01,c1,p30,l2,0.00
i38,e01,c1,p30,l3,0.00
i38,e01,c1,p30,l4,0.00
i38,e01,c1,p31,l2,0.00
i38,e01,c1,p31,l3,0.00
i38,e01,c1,p31,l4,0.00
i38,e01,c1,p32,l2,0.00
i38,e01,c1,p32,l3,10.35
i38,e01,c1,p32,l4,0.00
i38,e01,c1,p33,l2,0.00
i38,e01,c1,p33,l3,0.00
i38,e01,c1,p33,l4,0.00
i38,e01,c1,p34,l3,0.00
i38,e01,c1,p34,l4,0.00
i38,e01,c1,p35,l2,0.00
i38,e01,c1,p35,l3,8.10
i38,e01,c1,p35,l4,0.00
i38,e01,c4,p01,l2,0.00
i38,e01,c4,p01,l3,2.35
i38,e01,c4,p01,l4,0.00
i38,e01,c4,p02,l2,0.00
i38,e01,c4,p02,l3,0.00
i38,e01,c4,p02,l4,0.00
i38,e01,c4,p03,l2,0.00
i38,e01,c4,p03,l3,0.00
i38,e01,c4,p03,l4,0.00
i38,e01,c4,p04,l2,0.00
i38,e01,c4,p04,l3,0.00
i38,e01,c4,p04,l4,0.00
i38,e01,c4,p05,l2,0.00
i38,e01,c4,p05,l3,2.23
i38,e01,c4,p05,l4,0.00
i38,e01,c4,p06,l2,0.00
i38,e01,c4,p06,l3,0.00
i38,e01,c4,p06,l4,0.00
i38,e01,c4,p07,l2,0.00
i38,e01,c4,p07,l3,0.00
i38,e01,c4,p07,l4,0.00
i38,e01,c4,p08,l3,0.00
i38,e01,c4,p08,l4,0.00
i38,e01,c4,p09,l3,0.00
i38,e01,c4,p09,l4,0.00
i38,e01,c4,p10,l2,0.00
i38,e01,c4,p10,l3,5.82
i38,e01,c4,p10,l4,0.00
i38,e01,c4,p11,l2,0.00
i38,e01,c4,p11,l3,0.00
i38,e01,c4,p11,l4,0.00
i38,e01,c4,p12,l2,0.00
i38,e01,c4,p12,l3,0.00
i38,e01,c4,p12,l4,0.00
i38,e01,c4,p13,l2,0.00
i38,e01,c4,p13,l3,6.47
i38,e01,c4,p13,l4,0.00
i38,e01,c4,p14,l3,0.00
i38,e01,c4,p14,l4,0.00
i38,e01,c4,p15,l2,0.00
i38,e01,c4,p15,l3,0.00
i38,e01,c4,p15,l4,0.00
i38,e01,c4,p16,l3,0.00
i38,e01,c4,p16,l4,0.00
i38,e01,c4,p17,l2,0.00
i38,e01,c4,p17,l3,2.79
i38,e01,c4,p17,l4,0.00
i38,e01,c4,p18,l2,0.00
i38,e01,c4,p18,l3,0.00
i38,e01,c4,p18,l4,0.00
i38,e01,c4,p19,l2,0.00
i38,e01,c4,p19,l3,3.18
i38,e01,c4,p19,l4,0.00
i38,e01,c4,p20,l2,0.00
i38,e01,c4,p20,l3,0.00
i38,e01,c4,p20,l4,0.00
i38,e01,c4,p21,l2,0.00
i38,e01,c4,p21,l3,0.00
i38,e01,c4,p21,l4,0.00
i38,e01,c4,p22,l2,0.00
i38,e01,c4,p22,l3,0.00
i38,e01,c4,p22,l4,0.00
i38,e01,c4,p23,l2,0.00
i38,e01,c4,p23,l3,8.32
i38,e01,c4,p23,l4,0.00
i38,e01,c4,p24,l3,0.00
i38,e01,c4,p24,l4,0.00
i38,e01,c4,p25,l2,0.00
i38,e01,c4,p25,l3,0.00
i38,e01,c4,p25,l4,0.00
i38,e01,c4,p26,l3,0.00
i38,e01,c4,p26,l4,0.00
i38,e01,c4,p27,l3,0.00
i38,e01,c4,p28,l2,0.00
i38,e01,c4,p28,l3,0.00
i38,e01,c4,p28,l4,0.00
i38,e01,c4,p29,l2,0.00
i38,e01,c4,p29,l3,0.00
i38,e01,c4,p29,l4,0.00
i38,e01,c4,p30,l3,0.00
i38,e01,c4,p31,l3,0.00
i38,e01,c4,p31,l4,0.00
i38,e01,c4,p32,l3,0.00
i38,e01,c4,p32,l4,0.00
i38,e01,c4,p33,l3,0.00
i38,e01,c4,p33,l4,0.00
i38,e01,c4,p34,l3,0.00
i38,e01,c4,p35,l3,0.00
i38,e01,c4,p35,l4,0.00
i38,e01,c7,p01,l3,0.00
i38,e01,c7,p02,l3,0.00
i38,e01,c7,p03,l3,0.00
i38,e01,c7,p04,l3,0.00
i38,e01,c7,p05,l3,0.00
i38,e01,c7,p06,l3,0.00
i38,e01,c7,p07,l3,0.00
i38,e01,c7,p07,l4,0.00
i38,e01,c7,p08,l3,0.00
i38,e01,c7,p09,l3,0.00
i38,e01,c7,p10,l3,0.00
i38,e01,c7,p10,l4,0.00
i38,e01,c7,p11,l3,0.00
i38,e01,c7,p12,l3,0.00
i38,e01,c7,p13,l3,0.00
i38,e01,c7,p14,l3,0.00
i38,e01,c7,p15,l3,0.00
i38,e01,c7,p16,l3,0.00
i38,e01,c7,p17,l3,0.00
i38,e01,c7,p18,l3,0.00
i38,e01,c7,p19,l3,0.00
i38,e01,c7,p20,l3,0.00
i38,e01,c7,p21,l3,0.00
i38,e01,c7,p21,l4,0.00
i38,e01,c7,p22,l3,0.00
i38,e01,c7,p23,l3,0.00
i38,e01,c7,p24,l3,0.00
i38,e01,c7,p25,l3,0.00
i38,e01,c7,p26,l3,0.00
i38,e01,c7,p28,l3,0.00
i38,e01,c7,p28,l4,0.00
i38,e01,c7,p29,l3,0.00
i38,e01,c7,p31,l3,0.00
i38,e01,c7,p32,l3,0.00
i38,e01,c7,p34,l3,0.00
i38,e01,c7,p35,l3,0.00
i38,e01,c8,p01,l3,0.00
i38,e01,c8,p01,l4,0.00
i38,e01,c8,p02,l3,0.00
i38,e01,c8,p05,l3,0.00
i38,e01,c8,p06,l3,0.00
i38,e01,c8,p06,l4,0.00
i38,e01,c8,p07,l3,0.00
i38,e01,c8,p07,l4,0.00
i38,e01,c8,p09,l3,0.00
i38,e01,c8,p10,l2,0.00
i38,e01,c8,p10,l3,0.00
i38,e01,c8,p10,l4,0.00
i38,e01,c8,p11,l3,0.00
i38,e01,c8,p11,l4,0.00
i38,e01,c8,p12,l3,0.00
i38,e01,c8,p12,l4,0.00
i38,e01,c8,p13,l3,0.00
i38,e01,c8,p14,l3,0.00
i38,e01,c8,p15,l3,0.00
i38,e01,c8,p15,l4,0.00
i38,e01,c8,p16,l3,0.00
i38,e01,c8,p16,l4,0.00
i38,e01,c8,p19,l3,0.00
i38,e01,c8,p20,l3,0.00
i38,e01,c8,p21,l3,0.00
i38,e01,c8,p23,l3,0.00
i38,e01,c8,p23,l4,0.00
i38,e01,c8,p24,l3,0.00
i38,e01,c8,p28,l3,0.00
i38,e01,c8,p28,l4,0.00
i38,e01,c8,p29,l3,0.00
i38,e01,c8,p31,l3,0.00
i38,e04,c1,p01,l1,0.00
i38,e04,c1,p01,l2,0.00
i38,e04,c1,p01,l3,51.01
i38,e04,c1,p01,l4,0.00
i38,e04,c1,p02,l1,0.00
i38,e04,c1,p02,l2,0.00
i38,e04,c1,p02,l3,20.40
i38,e04,c1,p02,l4,0.00
i38,e04,c1,p03,l1,0.00
i38,e04,c1,p03,l2,0.00
i38,e04,c1,p03,l3,61.08
i38,e04,c1,p03,l4,0.00
i38,e04,c1,p04,l1,0.00
i38,e04,c1,p04,l2,0.00
i38,e04,c1,p04,l3,9.31
i38,e04,c1,p04,l4,0.00
i38,e04,c1,p05,l1,0.00
i38,e04,c1,p05,l2,0.00
i38,e04,c1,p05,l3,9.66
i38,e04,c1,p05,l4,0.00
i38,e04,c1,p06,l1,0.00
i38,e04,c1,p06,l2,0.00
i38,e04,c1,p06,l3,4.55
i38,e04,c1,p06,l4,0.00
i38,e04,c1,p07,l1,0.00
i38,e04,c1,p07,l2,0.00
i38,e04,c1,p07,l3,35.53
i38,e04,c1,p07,l4,0.00
i38,e04,c1,p08,l1,0.00
i38,e04,c1,p08,l2,0.00
i38,e04,c1,p08,l3,2.04
i38,e04,c1,p08,l4,0.00
i38,e04,c1,p09,l1,0.00
i38,e04,c1,p09,l2,0.00
i38,e04,c1,p09,l3,20.11
i38,e04,c1,p09,l4,0.00
i38,e04,c1,p10,l1,0.00
i38,e04,c1,p10,l2,0.00
i38,e04,c1,p10,l3,356.38
i38,e04,c1,p10,l4,0.00
i38,e04,c1,p11,l1,0.00
i38,e04,c1,p11,l2,0.00
i38,e04,c1,p11,l3,38.35
i38,e04,c1,p11,l4,0.00
i38,e04,c1,p12,l1,0.00
i38,e04,c1,p12,l2,0.00
i38,e04,c1,p12,l3,72.18
i38,e04,c1,p12,l4,0.00
i38,e04,c1,p13,l1,0.00
i38,e04,c1,p13,l2,0.00
i38,e04,c1,p13,l3,230.78
i38,e04,c1,p13,l4,0.00
i38,e04,c1,p14,l1,0.00
i38,e04,c1,p14,l2,0.00
i38,e04,c1,p14,l3,3.56
i38,e04,c1,p14,l4,0.00
i38,e04,c1,p15,l1,0.00
i38,e04,c1,p15,l2,0.00
i38,e04,c1,p15,l3,41.43
i38,e04,c1,p15,l4,0.00
i38,e04,c1,p16,l1,0.00
i38,e04,c1,p16,l2,0.00
i38,e04,c1,p16,l3,0.00
i38,e04,c1,p16,l4,0.00
i38,e04,c1,p17,l1,0.00
i38,e04,c1,p17,l2,0.00
i38,e04,c1,p17,l3,21.02
i38,e04,c1,p17,l4,0.00
i38,e04,c1,p18,l1,0.00
i38,e04,c1,p18,l2,0.00
i38,e04,c1,p18,l3,2.28
i38,e04,c1,p18,l4,0.00
i38,e04,c1,p19,l1,0.00
i38,e04,c1,p19,l2,0.00
i38,e04,c1,p19,l3,89.38
i38,e04,c1,p19,l4,0.00
i38,e04,c1,p20,l1,0.00
i38,e04,c1,p20,l2,0.00
i38,e04,c1,p20,l3,2.72
i38,e04,c1,p20,l4,0.00
i38,e04,c1,p21,l1,0.00
i38,e04,c1,p21,l2,0.00
i38,e04,c1,p21,l3,3.60
i38,e04,c1,p21,l4,0.00
i38,e04,c1,p22,l1,0.00
i38,e04,c1,p22,l2,0.00
i38,e04,c1,p22,l3,5.50
i38,e04,c1,p22,l4,0.00
i38,e04,c1,p23,l1,0.00
i38,e04,c1,p23,l2,0.00
i38,e04,c1,p23,l3,4.16
i38,e04,c1,p23,l4,0.00
i38,e04,c1,p24,l1,0.00
i38,e04,c1,p24,l2,0.00
i38,e04,c1,p24,l3,3.05
i38,e04,c1,p24,l4,0.00
i38,e04,c1,p25,l1,0.00
i38,e04,c1,p25,l2,0.00
i38,e04,c1,p25,l3,3.22
i38,e04,c1,p25,l4,0.00
i38,e04,c1,p26,l1,0.00
i38,e04,c1,p26,l2,0.00
i38,e04,c1,p26,l3,0.00
i38,e04,c1,p26,l4,0.00
i38,e04,c1,p27,l1,0.00
i38,e04,c1,p27,l3,0.00
i38,e04,c1,p27,l4,0.00
i38,e04,c1,p28,l1,0.00
i38,e04,c1,p28,l2,0.00
i38,e04,c1,p28,l3,1.10
i38,e04,c1,p28,l4,0.00
i38,e04,c1,p29,l1,0.00
i38,e04,c1,p29,l2,0.00
i38,e04,c1,p29,l3,8.30
i38,e04,c1,p29,l4,0.00
i38,e04,c1,p30,l1,0.00
i38,e04,c1,p30,l2,0.00
i38,e04,c1,p30,l3,0.00
i38,e04,c1,p30,l4,0.00
i38,e04,c1,p31,l1,0.00
i38,e04,c1,p31,l2,0.00
i38,e04,c1,p31,l3,0.00
i38,e04,c1,p31,l4,0.00
i38,e04,c1,p32,l1,0.00
i38,e04,c1,p32,l2,0.00
i38,e04,c1,p32,l3,16.16
i38,e04,c1,p32,l4,0.00
i38,e04,c1,p33,l1,0.00
i38,e04,c1,p33,l2,0.00
i38,e04,c1,p33,l3,0.00
i38,e04,c1,p33,l4,0.00
i38,e04,c1,p34,l1,0.00
i38,e04,c1,p34,l3,0.00
i38,e04,c1,p34,l4,0.00
i38,e04,c1,p35,l1,0.00
i38,e04,c1,p35,l2,0.00
i38,e04,c1,p35,l3,7.08
i38,e04,c1,p35,l4,0.00
i38,e04,c4,p01,l1,0.00
i38,e04,c4,p01,l2,0.00
i38,e04,c4,p01,l3,2.01
i38,e04,c4,p01,l4,0.00
i38,e04,c4,p02,l1,0.00
i38,e04,c4,p02,l3,0.00
i38,e04,c4,p02,l4,0.00
i38,e04,c4,p03,l1,0.00
i38,e04,c4,p03,l2,0.00
i38,e04,c4,p03,l3,0.00
i38,e04,c4,p03,l4,0.00
i38,e04,c4,p04,l1,0.00
i38,e04,c4,p04,l2,0.00
i38,e04,c4,p04,l3,0.00
i38,e04,c4,p04,l4,0.00
i38,e04,c4,p05,l1,0.00
i38,e04,c4,p05,l2,0.00
i38,e04,c4,p05,l3,0.00
i38,e04,c4,p05,l4,0.00
i38,e04,c4,p06,l1,0.00
i38,e04,c4,p06,l2,0.00
i38,e04,c4,p06,l3,0.00
i38,e04,c4,p06,l4,0.00
i38,e04,c4,p07,l1,0.00
i38,e04,c4,p07,l2,0.00
i38,e04,c4,p07,l3,0.00
i38,e04,c4,p07,l4,0.00
i38,e04,c4,p08,l1,0.00
i38,e04,c4,p08,l2,0.00
i38,e04,c4,p08,l3,0.00
i38,e04,c4,p08,l4,0.00
i38,e04,c4,p09,l1,0.00
i38,e04,c4,p09,l2,0.00
i38,e04,c4,p09,l3,0.00
i38,e04,c4,p09,l4,0.00
i38,e04,c4,p10,l1,0.00
i38,e04,c4,p10,l2,0.00
i38,e04,c4,p10,l3,15.66
i38,e04,c4,p10,l4,0.00
i38,e04,c4,p11,l1,0.00
i38,e04,c4,p11,l2,0.00
i38,e04,c4,p11,l3,0.00
i38,e04,c4,p11,l4,0.00
i38,e04,c4,p12,l1,0.00
i38,e04,c4,p12,l2,0.00
i38,e04,c4,p12,l3,0.00
i38,e04,c4,p12,l4,0.00
i38,e04,c4,p13,l1,0.00
i38,e04,c4,p13,l2,0.00
i38,e04,c4,p13,l3,10.08
i38,e04,c4,p13,l4,0.00
i38,e04,c4,p14,l1,0.00
i38,e04,c4,p14,l2,0.00
i38,e04,c4,p14,l3,0.00
i38,e04,c4,p14,l4,0.00
i38,e04,c4,p15,l1,0.00
i38,e04,c4,p15,l2,0.00
i38,e04,c4,p15,l3,0.00
i38,e04,c4,p15,l4,0.00
i38,e04,c4,p16,l1,0.00
i38,e04,c4,p16,l3,0.00
i38,e04,c4,p16,l4,0.00
i38,e04,c4,p17,l1,0.00
i38,e04,c4,p17,l2,0.00
i38,e04,c4,p17,l3,0.00
i38,e04,c4,p17,l4,0.00
i38,e04,c4,p18,l1,0.00
i38,e04,c4,p18,l2,0.00
i38,e04,c4,p18,l3,0.00
i38,e04,c4,p18,l4,0.00
i38,e04,c4,p19,l1,0.00
i38,e04,c4,p19,l2,0.00
i38,e04,c4,p19,l3,0.00
i38,e04,c4,p19,l4,0.00
i38,e04,c4,p20,l1,0.00
i38,e04,c4,p20,l2,0.00
i38,e04,c4,p20,l3,0.00
i38,e04,c4,p20,l4,0.00
i38,e04,c4,p21,l1,0.00
i38,e04,c4,p21,l2,0.00
i38,e04,c4,p21,l3,0.00
i38,e04,c4,p21,l4,0.00
i38,e04,c4,p22,l1,0.00
i38,e04,c4,p22,l3,0.00
i38,e04,c4,p22,l4,0.00
i38,e04,c4,p23,l1,0.00
i38,e04,c4,p23,l3,1.42
i38,e04,c4,p23,l4,0.00
i38,e04,c4,p24,l1,0.00
i38,e04,c4,p24,l2,0.00
i38,e04,c4,p24,l3,0.00
i38,e04,c4,p24,l4,0.00
i38,e04,c4,p25,l1,0.00
i38,e04,c4,p25,l2,0.00
i38,e04,c4,p25,l3,0.00
i38,e04,c4,p25,l4,0.00
i38,e04,c4,p26,l1,0.00
i38,e04,c4,p26,l3,0.00
i38,e04,c4,p26,l4,0.00
i38,e04,c4,p27,l1,0.00
i38,e04,c4,p27,l3,0.00
i38,e04,c4,p27,l4,0.00
i38,e04,c4,p28,l1,0.00
i38,e04,c4,p28,l3,0.00
i38,e04,c4,p28,l4,0.00
i38,e04,c4,p29,l1,0.00
i38,e04,c4,p29,l2,0.00
i38,e04,c4,p29,l3,0.00
i38,e04,c4,p29,l4,0.00
i38,e04,c4,p30,l1,0.00
i38,e04,c4,p30,l2,0.00
i38,e04,c4,p30,l3,0.00
i38,e04,c4,p30,l4,0.00
i38,e04,c4,p31,l1,0.00
i38,e04,c4,p31,l3,0.00
i38,e04,c4,p31,l4,0.00
i38,e04,c4,p32,l1,0.00
i38,e04,c4,p32,l3,0.00
i38,e04,c4,p32,l4,0.00
i38,e04,c4,p33,l1,0.00
i38,e04,c4,p33,l3,0.00
i38,e04,c4,p33,l4,0.00
i38,e04,c4,p34,l1,0.00
i38,e04,c4,p34,l3,0.00
i38,e04,c4,p35,l1,0.00
i38,e04,c4,p35,l3,0.00
i38,e04,c4,p35,l4,0.00
i38,e04,c7,p01,l1,0.00
i38,e04,c7,p01,l3,0.00
i38,e04,c7,p01,l4,0.00
i38,e04,c7,p02,l1,0.00
i38,e04,c7,p02,l3,0.00
i38,e04,c7,p03,l1,0.00
i38,e04,c7,p03,l3,0.00
i38,e04,c7,p03,l4,0.00
i38,e04,c7,p04,l1,0.00
i38,e04,c7,p04,l3,0.00
i38,e04,c7,p04,l4,0.00
i38,e04,c7,p05,l1,0.00
i38,e04,c7,p05,l3,0.00
i38,e04,c7,p05,l4,0.00
i38,e04,c7,p06,l1,0.00
i38,e04,c7,p06,l3,0.00
i38,e04,c7,p07,l1,0.00
i38,e04,c7,p07,l3,0.00
i38,e04,c7,p07,l4,0.00
i38,e04,c7,p08,l1,0.00
i38,e04,c7,p08,l3,0.00
i38,e04,c7,p09,l1,0.00
i38,e04,c7,p09,l3,0.00
i38,e04,c7,p10,l1,0.00
i38,e04,c7,p10,l3,0.00
i38,e04,c7,p10,l4,0.00
i38,e04,c7,p11,l1,0.00
i38,e04,c7,p11,l3,0.00
i38,e04,c7,p11,l4,0.00
i38,e04,c7,p12,l1,0.00
i38,e04,c7,p12,l3,0.00
i38,e04,c7,p12,l4,0.00
i38,e04,c7,p13,l1,0.00
i38,e04,c7,p13,l3,0.00
i38,e04,c7,p14,l1,0.00
i38,e04,c7,p14,l3,0.00
i38,e04,c7,p15,l1,0.00
i38,e04,c7,p15,l3,0.00
i38,e04,c7,p16,l1,0.00
i38,e04,c7,p16,l3,0.00
i38,e04,c7,p17,l1,0.00
i38,e04,c7,p17,l3,0.00
i38,e04,c7,p18,l1,0.00
i38,e04,c7,p18,l3,0.00
i38,e04,c7,p19,l1,0.00
i38,e04,c7,p19,l3,0.00
i38,e04,c7,p19,l4,0.00
i38,e04,c7,p20,l1,0.00
i38,e04,c7,p20,l3,0.00
i38,e04,c7,p21,l1,0.00
i38,e04,c7,p21,l3,0.00
i38,e04,c7,p21,l4,0.00
i38,e04,c7,p22,l1,0.00
i38,e04,c7,p23,l1,0.00
i38,e04,c7,p23,l3,0.00
i38,e04,c7,p23,l4,0.00
i38,e04,c7,p24,l1,0.00
i38,e04,c7,p24,l3,0.00
i38,e04,c7,p24,l4,0.00
i38,e04,c7,p25,l1,0.00
i38,e04,c7,p25,l3,0.00
i38,e04,c7,p25,l4,0.00
i38,e04,c7,p26,l1,0.00
i38,e04,c7,p28,l1,0.00
i38,e04,c7,p28,l3,0.00
i38,e04,c7,p29,l1,0.00
i38,e04,c7,p29,l3,0.00
i38,e04,c7,p31,l1,0.00
i38,e04,c7,p32,l1,0.00
i38,e04,c7,p32,l3,0.00
i38,e04,c7,p34,l3,0.00
i38,e04,c7,p35,l1,0.00
i38,e04,c7,p35,l3,0.00
i38,e04,c8,p01,l1,0.00
i38,e04,c8,p01,l3,0.00
i38,e04,c8,p02,l1,0.00
i38,e04,c8,p05,l1,0.00
i38,e04,c8,p06,l1,0.00
i38,e04,c8,p07,l1,0.00
i38,e04,c8,p09,l1,0.00
i38,e04,c8,p10,l1,0.00
i38,e04,c8,p10,l2,0.00
i38,e04,c8,p10,l3,0.00
i38,e04,c8,p10,l4,0.00
i38,e04,c8,p11,l1,0.00
i38,e04,c8,p11,l4,0.00
i38,e04,c8,p12,l1,0.00
i38,e04,c8,p13,l1,0.00
i38,e04,c8,p14,l1,0.00
i38,e04,c8,p14,l3,0.00
i38,e04,c8,p14,l4,0.00
i38,e04,c8,p15,l1,0.00
i38,e04,c8,p15,l3,0.00
i38,e04,c8,p16,l1,0.00
i38,e04,c8,p16,l4,0.00
i38,e04,c8,p19,l1,0.00
i38,e04,c8,p19,l4,0.00
i38,e04,c8,p20,l1,0.00
i38,e04,c8,p20,l3,0.00
i38,e04,c8,p21,l1,0.00
i38,e04,c8,p23,l1,0.00
i38,e04,c8,p23,l3,0.00
i38,e04,c8,p24,l1,0.00
i38,e04,c8,p28,l1,0.00
i38,e04,c8,p28,l3,0.00
i38,e04,c8,p29,l1,0.00
i38,e04,c8,p29,l3,0.00
i38,e04,c8,p31,l1,0.00
i38,e05,c1,p01,l1,1.58
i38,e05,c1,p01,l3,0.00
i38,e05,c1,p02,l1,0.00
i38,e05,c1,p02,l3,0.00
i38,e05,c1,p03,l1,2.00
i38,e05,c1,p03,l3,0.00
i38,e05,c1,p04,l1,0.00
i38,e05,c1,p04,l3,0.00
i38,e05,c1,p05,l1,1.06
i38,e05,c1,p05,l3,0.00
i38,e05,c1,p06,l1,1.70
i38,e05,c1,p06,l3,0.00
i38,e05,c1,p07,l1,1.59
i38,e05,c1,p07,l3,0.00
i38,e05,c1,p08,l1,0.00
i38,e05,c1,p08,l3,0.00
i38,e05,c1,p09,l1,0.00
i38,e05,c1,p10,l1,3.02
i38,e05,c1,p10,l3,0.00
i38,e05,c1,p11,l1,0.00
i38,e05,c1,p11,l3,0.00
i38,e05,c1,p12,l1,2.54
i38,e05,c1,p12,l3,0.00
i38,e05,c1,p13,l1,0.00
i38,e05,c1,p13,l3,0.00
i38,e05,c1,p14,l1,0.00
i38,e05,c1,p14,l3,0.00
i38,e05,c1,p15,l1,0.00
i38,e05,c1,p15,l3,0.00
i38,e05,c1,p16,l1,0.00
i38,e05,c1,p16,l3,0.00
i38,e05,c1,p17,l1,1.21
i38,e05,c1,p17,l3,0.00
i38,e05,c1,p18,l1,0.00
i38,e05,c1,p18,l3,0.00
i38,e05,c1,p19,l1,1.52
i38,e05,c1,p19,l3,0.00
i38,e05,c1,p20,l1,0.00
i38,e05,c1,p21,l1,0.00
i38,e05,c1,p21,l3,0.00
i38,e05,c1,p22,l1,0.00
i38,e05,c1,p22,l3,0.00
i38,e05,c1,p23,l1,0.00
i38,e05,c1,p23,l3,0.00
i38,e05,c1,p24,l1,0.00
i38,e05,c1,p24,l3,0.00
i38,e05,c1,p25,l1,0.00
i38,e05,c1,p25,l3,0.00
i38,e05,c1,p26,l1,0.00
i38,e05,c1,p27,l1,0.00
i38,e05,c1,p28,l1,0.00
i38,e05,c1,p28,l3,0.00
i38,e05,c1,p29,l1,0.00
i38,e05,c1,p30,l1,0.00
i38,e05,c1,p30,l3,0.00
i38,e05,c1,p31,l1,0.00
i38,e05,c1,p31,l3,0.00
i38,e05,c1,p32,l1,0.00
i38,e05,c1,p32,l3,0.00
i38,e05,c1,p33,l1,0.00
i38,e05,c1,p34,l1,0.00
i38,e05,c1,p35,l1,2.04
i38,e05,c1,p35,l3,0.00
i38,e05,c4,p01,l1,0.00
i38,e05,c4,p01,l3,0.00
i38,e05,c4,p02,l1,0.00
i38,e05,c4,p03,l1,0.00
i38,e05,c4,p03,l3,0.00
i38,e05,c4,p04,l1,0.00
i38,e05,c4,p05,l1,1.34
i38,e05,c4,p06,l1,0.00
i38,e05,c4,p07,l1,0.00
i38,e05,c4,p08,l1,0.00
i38,e05,c4,p09,l1,0.00
i38,e05,c4,p10,l1,0.00
i38,e05,c4,p10,l3,0.00
i38,e05,c4,p11,l1,0.00
i38,e05,c4,p12,l1,0.00
i38,e05,c4,p13,l1,0.00
i38,e05,c4,p14,l1,0.00
i38,e05,c4,p15,l1,0.00
i38,e05,c4,p15,l3,0.00
i38,e05,c4,p16,l1,0.00
i38,e05,c4,p16,l3,0.00
i38,e05,c4,p17,l1,0.00
i38,e05,c4,p18,l1,0.00
i38,e05,c4,p19,l1,0.00
i38,e05,c4,p20,l1,0.00
i38,e05,c4,p21,l1,1.26
i38,e05,c4,p22,l1,0.00
i38,e05,c4,p23,l1,0.00
i38,e05,c4,p24,l1,0.00
i38,e05,c4,p24,l3,0.00
i38,e05,c4,p25,l1,0.00
i38,e05,c4,p26,l1,0.00
i38,e05,c4,p28,l1,0.00
i38,e05,c4,p28,l3,0.00
i38,e05,c4,p29,l1,0.00
i38,e05,c4,p30,l1,0.00
i38,e05,c4,p31,l1,0.00
i38,e05,c4,p32,l1,0.00
i38,e05,c4,p33,l1,0.00
i38,e05,c4,p35,l1,0.00
i38,e05,c7,p01,l1,0.00
i38,e05,c7,p02,l1,0.00
i38,e05,c7,p03,l1,0.00
i38,e05,c7,p04,l1,0.00
i38,e05,c7,p07,l1,0.00
i38,e05,c7,p08,l1,0.00
i38,e05,c7,p10,l1,0.00
i38,e05,c7,p11,l1,0.00
i38,e05,c7,p12,l1,0.00
i38,e05,c7,p13,l1,0.00
i38,e05,c7,p14,l1,0.00
i38,e05,c7,p15,l1,0.00
i38,e05,c7,p16,l1,0.00
i38,e05,c7,p17,l1,0.00
i38,e05,c7,p19,l1,0.00
i38,e05,c7,p21,l1,0.00
i38,e05,c7,p22,l1,0.00
i38,e05,c7,p23,l1,0.00
i38,e05,c7,p24,l1,0.00
i38,e05,c7,p28,l1,0.00
i38,e05,c7,p29,l1,0.00
i38,e05,c7,p32,l1,0.00
i38,e05,c7,p35,l1,0.00
i38,e05,c8,p10,l3,0.00
i38,e06,c1,p01,l3,300.53
i38,e06,c1,p02,l3,133.87
i38,e06,c1,p03,l3,304.35
i38,e06,c1,p04,l3,120.57
i38,e06,c1,p05,l3,209.53
i38,e06,c1,p06,l3,56.02
i38,e06,c1,p07,l3,236.08
i38,e06,c1,p08,l3,29.39
i38,e06,c1,p09,l3,34.16
i38,e06,c1,p10,l3,1239.74
i38,e06,c1,p11,l3,249.18
i38,e06,c1,p12,l3,192.44
i38,e06,c1,p13,l3,1121.23
i38,e06,c1,p14,l3,36.35
i38,e06,c1,p15,l3,201.09
i38,e06,c1,p16,l3,55.28
i38,e06,c1,p17,l3,161.04
i38,e06,c1,p18,l3,64.30
i38,e06,c1,p19,l3,339.69
i38,e06,c1,p20,l3,5.45
i38,e06,c1,p21,l3,87.58
i38,e06,c1,p22,l3,22.45
i38,e06,c1,p23,l3,19.50
i38,e06,c1,p24,l3,69.32
i38,e06,c1,p25,l3,24.53
i38,e06,c1,p26,l3,3.77
i38,e06,c1,p27,l3,0.00
i38,e06,c1,p28,l3,54.07
i38,e06,c1,p29,l3,26.28
i38,e06,c1,p30,l3,0.00
i38,e06,c1,p31,l3,1.80
i38,e06,c1,p32,l3,25.57
i38,e06,c1,p33,l3,16.48
i38,e06,c1,p34,l3,0.00
i38,e06,c1,p35,l3,22.16
i38,e06,c4,p01,l3,19.05
i38,e06,c4,p02,l3,0.00
i38,e06,c4,p03,l3,0.00
i38,e06,c4,p04,l3,0.00
i38,e06,c4,p05,l3,16.10
i38,e06,c4,p06,l3,0.00
i38,e06,c4,p07,l3,0.00
i38,e06,c4,p08,l3,0.00
i38,e06,c4,p09,l3,1.00
i38,e06,c4,p10,l3,39.18
i38,e06,c4,p11,l3,2.09
i38,e06,c4,p12,l3,2.21
i38,e06,c4,p13,l3,2.07
i38,e06,c4,p14,l3,0.00
i38,e06,c4,p15,l3,17.43
i38,e06,c4,p16,l3,0.00
i38,e06,c4,p17,l3,0.00
i38,e06,c4,p18,l3,1.59
i38,e06,c4,p19,l3,5.16
i38,e06,c4,p20,l3,0.00
i38,e06,c4,p21,l3,0.00
i38,e06,c4,p22,l3,0.00
i38,e06,c4,p23,l3,16.01
i38,e06,c4,p24,l3,18.37
i38,e06,c4,p25,l3,0.00
i38,e06,c4,p26,l3,0.00
i38,e06,c4,p27,l3,0.00
i38,e06,c4,p28,l3,0.00
i38,e06,c4,p29,l3,0.00
i38,e06,c4,p30,l3,0.00
i38,e06,c4,p31,l3,0.00
i38,e06,c4,p32,l3,0.00
i38,e06,c4,p33,l3,0.00
i38,e06,c4,p34,l3,0.00
i38,e06,c4,p35,l3,0.00
i38,e06,c7,p01,l3,0.00
i38,e06,c7,p02,l3,1.02
i38,e06,c7,p03,l3,0.00
i38,e06,c7,p04,l3,0.00
i38,e06,c7,p05,l3,0.00
i38,e06,c7,p06,l3,0.00
i38,e06,c7,p07,l3,0.00
i38,e06,c7,p08,l3,0.00
i38,e06,c7,p09,l3,0.00
i38,e06,c7,p10,l3,0.00
i38,e06,c7,p11,l3,0.00
i38,e06,c7,p12,l3,0.00
i38,e06,c7,p13,l3,0.00
i38,e06,c7,p14,l3,0.00
i38,e06,c7,p15,l3,0.00
i38,e06,c7,p16,l3,0.00
i38,e06,c7,p17,l3,0.00
i38,e06,c7,p18,l3,0.00
i38,e06,c7,p19,l3,0.00
i38,e06,c7,p20,l3,0.00
i38,e06,c7,p21,l3,0.00
i38,e06,c7,p22,l3,0.00
i38,e06,c7,p23,l3,0.00
i38,e06,c7,p24,l3,0.00
i38,e06,c7,p25,l3,0.00
i38,e06,c7,p26,l3,0.00
i38,e06,c7,p28,l3,0.00
i38,e06,c7,p29,l3,0.00
i38,e06,c7,p31,l3,0.00
i38,e06,c7,p32,l3,0.00
i38,e06,c7,p34,l3,0.00
i38,e06,c7,p35,l3,0.00
i38,e06,c8,p13,l3,0.00
i38,e06,c8,p14,l3,0.00
i38,e06,c8,p18,l3,0.00
i38,e07,c1,p01,l2,0.00
i38,e07,c1,p01,l3,2.20
i38,e07,c1,p02,l2,0.00
i38,e07,c1,p02,l3,0.00
i38,e07,c1,p03,l2,0.00
i38,e07,c1,p03,l3,5.05
i38,e07,c1,p04,l2,0.00
i38,e07,c1,p04,l3,0.00
i38,e07,c1,p05,l2,0.00
i38,e07,c1,p05,l3,5.37
i38,e07,c1,p06,l2,0.00
i38,e07,c1,p06,l3,0.00
i38,e07,c1,p07,l2,0.00
i38,e07,c1,p07,l3,4.06
i38,e07,c1,p08,l2,0.00
i38,e07,c1,p08,l3,0.00
i38,e07,c1,p09,l2,0.00
i38,e07,c1,p09,l3,1.60
i38,e07,c1,p10,l2,0.00
i38,e07,c1,p10,l3,23.08
i38,e07,c1,p11,l2,0.00
i38,e07,c1,p11,l3,4.15
i38,e07,c1,p12,l2,0.00
i38,e07,c1,p12,l3,12.20
i38,e07,c1,p13,l2,0.00
i38,e07,c1,p13,l3,1.12
i38,e07,c1,p14,l2,0.00
i38,e07,c1,p14,l3,9.37
i38,e07,c1,p15,l2,0.00
i38,e07,c1,p15,l3,20.11
i38,e07,c1,p16,l2,0.00
i38,e07,c1,p16,l3,0.00
i38,e07,c1,p17,l2,0.00
i38,e07,c1,p17,l3,5.01
i38,e07,c1,p18,l2,0.00
i38,e07,c1,p18,l3,6.53
i38,e07,c1,p19,l2,0.00
i38,e07,c1,p19,l3,22.48
i38,e07,c1,p20,l2,0.00
i38,e07,c1,p20,l3,0.00
i38,e07,c1,p21,l2,0.00
i38,e07,c1,p21,l3,2.28
i38,e07,c1,p22,l2,0.00
i38,e07,c1,p22,l3,0.00
i38,e07,c1,p23,l2,0.00
i38,e07,c1,p23,l3,0.00
i38,e07,c1,p24,l2,0.00
i38,e07,c1,p24,l3,0.00
i38,e07,c1,p25,l2,0.00
i38,e07,c1,p25,l3,0.00
i38,e07,c1,p26,l2,0.00
i38,e07,c1,p26,l3,0.00
i38,e07,c1,p27,l2,0.00
i38,e07,c1,p27,l3,0.00
i38,e07,c1,p28,l2,0.00
i38,e07,c1,p28,l3,0.00
i38,e07,c1,p29,l2,0.00
i38,e07,c1,p29,l3,0.00
i38,e07,c1,p30,l2,0.00
i38,e07,c1,p30,l3,0.00
i38,e07,c1,p31,l2,0.00
i38,e07,c1,p31,l3,0.00
i38,e07,c1,p32,l2,0.00
i38,e07,c1,p32,l3,0.00
i38,e07,c1,p33,l2,0.00
i38,e07,c1,p33,l3,0.00
i38,e07,c1,p34,l2,0.00
i38,e07,c1,p34,l3,0.00
i38,e07,c1,p35,l2,0.00
i38,e07,c1,p35,l3,0.00
i38,e07,c4,p01,l2,0.00
i38,e07,c4,p01,l3,0.00
i38,e07,c4,p02,l2,0.00
i38,e07,c4,p02,l3,0.00
i38,e07,c4,p03,l2,0.00
i38,e07,c4,p03,l3,4.48
i38,e07,c4,p04,l2,0.00
i38,e07,c4,p04,l3,0.00
i38,e07,c4,p05,l2,0.00
i38,e07,c4,p05,l3,0.00
i38,e07,c4,p06,l2,0.00
i38,e07,c4,p06,l3,0.00
i38,e07,c4,p07,l2,0.00
i38,e07,c4,p07,l3,0.00
i38,e07,c4,p08,l2,0.00
i38,e07,c4,p08,l3,0.00
i38,e07,c4,p09,l2,0.00
i38,e07,c4,p09,l3,0.00
i38,e07,c4,p10,l2,0.00
i38,e07,c4,p10,l3,0.00
i38,e07,c4,p11,l2,0.00
i38,e07,c4,p11,l3,0.00
i38,e07,c4,p12,l2,0.00
i38,e07,c4,p12,l3,0.00
i38,e07,c4,p13,l2,0.00
i38,e07,c4,p13,l3,0.00
i38,e07,c4,p14,l2,0.00
i38,e07,c4,p14,l3,0.00
i38,e07,c4,p15,l2,0.00
i38,e07,c4,p15,l3,0.00
i38,e07,c4,p16,l2,0.00
i38,e07,c4,p16,l3,0.00
i38,e07,c4,p17,l2,0.00
i38,e07,c4,p17,l3,0.00
i38,e07,c4,p18,l2,0.00
i38,e07,c4,p18,l3,0.00
i38,e07,c4,p19,l2,0.00
i38,e07,c4,p19,l3,0.00
i38,e07,c4,p20,l2,0.00
i38,e07,c4,p20,l3,0.00
i38,e07,c4,p21,l2,0.00
i38,e07,c4,p21,l3,0.00
i38,e07,c4,p22,l2,0.00
i38,e07,c4,p22,l3,0.00
i38,e07,c4,p23,l2,0.00
i38,e07,c4,p23,l3,0.00
i38,e07,c4,p24,l2,0.00
i38,e07,c4,p24,l3,0.00
i38,e07,c4,p25,l2,0.00
i38,e07,c4,p25,l3,0.00
i38,e07,c4,p26,l2,0.00
i38,e07,c4,p26,l3,0.00
i38,e07,c4,p28,l2,0.00
i38,e07,c4,p28,l3,0.00
i38,e07,c4,p29,l2,0.00
i38,e07,c4,p29,l3,0.00
i38,e07,c4,p30,l2,0.00
i38,e07,c4,p30,l3,0.00
i38,e07,c4,p31,l2,0.00
i38,e07,c4,p31,l3,0.00
i38,e07,c4,p32,l2,0.00
i38,e07,c4,p32,l3,0.00
i38,e07,c4,p33,l2,0.00
i38,e07,c4,p33,l3,0.00
i38,e07,c4,p34,l2,0.00
i38,e07,c4,p35,l2,0.00
i38,e07,c4,p35,l3,0.00
i38,e07,c7,p01,l3,0.00
i38,e07,c7,p02,l2,0.00
i38,e07,c7,p02,l3,0.00
i38,e07,c7,p03,l2,0.00
i38,e07,c7,p03,l3,0.00
i38,e07,c7,p06,l3,0.00
i38,e07,c7,p07,l3,0.00
i38,e07,c7,p09,l2,0.00
i38,e07,c7,p09,l3,0.00
i38,e07,c7,p10,l2,0.00
i38,e07,c7,p10,l3,0.00
i38,e07,c7,p11,l2,0.00
i38,e07,c7,p11,l3,0.00
i38,e07,c7,p12,l2,0.00
i38,e07,c7,p13,l2,0.00
i38,e07,c7,p15,l2,0.00
i38,e07,c7,p16,l2,0.00
i38,e07,c7,p17,l2,0.00
i38,e07,c7,p17,l3,0.00
i38,e07,c7,p18,l3,0.00
i38,e07,c7,p19,l2,0.00
i38,e07,c7,p19,l3,0.00
i38,e07,c7,p21,l2,0.00
i38,e07,c7,p22,l2,0.00
i38,e07,c7,p24,l2,0.00
i38,e07,c7,p29,l2,0.00
i38,e08,c1,p01,l2,23.44
i38,e08,c1,p01,l3,0.00
i38,e08,c1,p01,l4,168.22
i38,e08,c1,p02,l2,11.06
i38,e08,c1,p02,l3,0.00
i38,e08,c1,p02,l4,34.22
i38,e08,c1,p03,l2,44.51
i38,e08,c1,p03,l3,0.00
i38,e08,c1,p03,l4,200.46
i38,e08,c1,p04,l2,15.63
i38,e08,c1,p04,l3,0.00
i38,e08,c1,p04,l4,7.19
i38,e08,c1,p05,l2,50.23
i38,e08,c1,p05,l3,0.00
i38,e08,c1,p05,l4,76.08
i38,e08,c1,p06,l2,3.37
i38,e08,c1,p06,l3,0.00
i38,e08,c1,p06,l4,181.07
i38,e08,c1,p07,l2,24.96
i38,e08,c1,p07,l3,0.00
i38,e08,c1,p07,l4,231.18
i38,e08,c1,p08,l2,9.32
i38,e08,c1,p08,l3,0.00
i38,e08,c1,p08,l4,9.03
i38,e08,c1,p09,l2,28.38
i38,e08,c1,p09,l3,3.03
i38,e08,c1,p09,l4,36.44
i38,e08,c1,p10,l2,223.56
i38,e08,c1,p10,l3,3.08
i38,e08,c1,p10,l4,722.05
i38,e08,c1,p11,l2,74.36
i38,e08,c1,p11,l3,0.00
i38,e08,c1,p11,l4,117.38
i38,e08,c1,p12,l2,14.33
i38,e08,c1,p12,l3,0.00
i38,e08,c1,p12,l4,14.23
i38,e08,c1,p13,l2,48.14
i38,e08,c1,p13,l3,0.00
i38,e08,c1,p13,l4,320.23
i38,e08,c1,p14,l2,13.87
i38,e08,c1,p14,l3,0.00
i38,e08,c1,p14,l4,62.18
i38,e08,c1,p15,l2,56.57
i38,e08,c1,p15,l3,0.00
i38,e08,c1,p15,l4,53.03
i38,e08,c1,p16,l2,27.15
i38,e08,c1,p16,l3,0.00
i38,e08,c1,p16,l4,23.10
i38,e08,c1,p17,l2,38.43
i38,e08,c1,p17,l3,2.54
i38,e08,c1,p17,l4,99.33
i38,e08,c1,p18,l2,12.68
i38,e08,c1,p18,l3,0.00
i38,e08,c1,p18,l4,18.93
i38,e08,c1,p19,l2,60.07
i38,e08,c1,p19,l3,6.40
i38,e08,c1,p19,l4,161.68
i38,e08,c1,p20,l2,5.42
i38,e08,c1,p20,l3,0.00
i38,e08,c1,p20,l4,0.00
i38,e08,c1,p21,l2,20.58
i38,e08,c1,p21,l3,0.00
i38,e08,c1,p21,l4,39.59
i38,e08,c1,p22,l2,8.72
i38,e08,c1,p22,l3,0.00
i38,e08,c1,p22,l4,3.60
i38,e08,c1,p23,l2,1.50
i38,e08,c1,p23,l3,0.00
i38,e08,c1,p23,l4,15.02
i38,e08,c1,p24,l2,12.16
i38,e08,c1,p24,l3,0.00
i38,e08,c1,p24,l4,25.17
i38,e08,c1,p25,l2,19.25
i38,e08,c1,p25,l3,0.00
i38,e08,c1,p25,l4,5.16
i38,e08,c1,p26,l2,0.00
i38,e08,c1,p26,l3,0.00
i38,e08,c1,p26,l4,3.74
i38,e08,c1,p27,l2,0.00
i38,e08,c1,p27,l3,0.00
i38,e08,c1,p27,l4,0.00
i38,e08,c1,p28,l2,5.03
i38,e08,c1,p28,l3,0.00
i38,e08,c1,p28,l4,28.03
i38,e08,c1,p29,l2,13.02
i38,e08,c1,p29,l3,0.00
i38,e08,c1,p29,l4,6.19
i38,e08,c1,p30,l2,0.00
i38,e08,c1,p30,l3,0.00
i38,e08,c1,p30,l4,0.00
i38,e08,c1,p31,l2,2.34
i38,e08,c1,p31,l3,0.00
i38,e08,c1,p31,l4,11.05
i38,e08,c1,p32,l2,3.02
i38,e08,c1,p32,l3,0.00
i38,e08,c1,p32,l4,5.43
i38,e08,c1,p33,l2,0.00
i38,e08,c1,p33,l3,0.00
i38,e08,c1,p33,l4,0.00
i38,e08,c1,p34,l2,0.00
i38,e08,c1,p34,l3,0.00
i38,e08,c1,p34,l4,0.00
i38,e08,c1,p35,l2,0.00
i38,e08,c1,p35,l3,0.00
i38,e08,c1,p35,l4,100.25
i38,e08,c4,p01,l2,0.00
i38,e08,c4,p01,l3,0.00
i38,e08,c4,p01,l4,2.19
i38,e08,c4,p02,l2,0.00
i38,e08,c4,p02,l3,0.00
i38,e08,c4,p02,l4,0.00
i38,e08,c4,p03,l2,0.00
i38,e08,c4,p03,l3,0.00
i38,e08,c4,p03,l4,1.67
i38,e08,c4,p04,l2,0.00
i38,e08,c4,p04,l3,0.00
i38,e08,c4,p04,l4,0.00
i38,e08,c4,p05,l2,0.00
i38,e08,c4,p05,l3,0.00
i38,e08,c4,p05,l4,0.00
i38,e08,c4,p06,l2,15.65
i38,e08,c4,p06,l3,0.00
i38,e08,c4,p06,l4,0.00
i38,e08,c4,p07,l2,0.00
i38,e08,c4,p07,l3,0.00
i38,e08,c4,p07,l4,0.00
i38,e08,c4,p08,l2,0.00
i38,e08,c4,p08,l3,0.00
i38,e08,c4,p08,l4,0.00
i38,e08,c4,p09,l2,4.33
i38,e08,c4,p09,l3,0.00
i38,e08,c4,p09,l4,0.00
i38,e08,c4,p10,l2,2.25
i38,e08,c4,p10,l3,0.00
i38,e08,c4,p10,l4,25.71
i38,e08,c4,p11,l2,0.00
i38,e08,c4,p11,l3,0.00
i38,e08,c4,p11,l4,1.62
i38,e08,c4,p12,l2,0.00
i38,e08,c4,p12,l3,0.00
i38,e08,c4,p12,l4,0.00
i38,e08,c4,p13,l2,0.00
i38,e08,c4,p13,l3,0.00
i38,e08,c4,p13,l4,17.01
i38,e08,c4,p14,l2,0.00
i38,e08,c4,p14,l3,0.00
i38,e08,c4,p14,l4,0.00
i38,e08,c4,p15,l2,0.00
i38,e08,c4,p15,l3,0.00
i38,e08,c4,p15,l4,17.50
i38,e08,c4,p16,l2,0.00
i38,e08,c4,p16,l3,0.00
i38,e08,c4,p16,l4,0.00
i38,e08,c4,p17,l2,0.00
i38,e08,c4,p17,l3,0.00
i38,e08,c4,p17,l4,4.07
i38,e08,c4,p18,l2,0.00
i38,e08,c4,p18,l3,0.00
i38,e08,c4,p18,l4,0.00
i38,e08,c4,p19,l2,0.00
i38,e08,c4,p19,l3,0.00
i38,e08,c4,p19,l4,0.00
i38,e08,c4,p20,l2,0.00
i38,e08,c4,p20,l3,0.00
i38,e08,c4,p20,l4,0.00
i38,e08,c4,p21,l2,0.00
i38,e08,c4,p21,l3,0.00
i38,e08,c4,p21,l4,0.00
i38,e08,c4,p22,l2,0.00
i38,e08,c4,p22,l3,0.00
i38,e08,c4,p22,l4,0.00
i38,e08,c4,p23,l2,0.00
i38,e08,c4,p23,l3,0.00
i38,e08,c4,p23,l4,0.00
i38,e08,c4,p24,l2,0.00
i38,e08,c4,p24,l3,0.00
i38,e08,c4,p24,l4,0.00
i38,e08,c4,p25,l2,0.00
i38,e08,c4,p25,l3,0.00
i38,e08,c4,p25,l4,0.00
i38,e08,c4,p26,l2,0.00
i38,e08,c4,p26,l3,0.00
i38,e08,c4,p26,l4,0.00
i38,e08,c4,p27,l2,0.00
i38,e08,c4,p27,l4,0.00
i38,e08,c4,p28,l2,0.00
i38,e08,c4,p28,l3,0.00
i38,e08,c4,p28,l4,0.00
i38,e08,c4,p29,l2,0.00
i38,e08,c4,p29,l3,0.00
i38,e08,c4,p29,l4,0.00
i38,e08,c4,p30,l2,0.00
i38,e08,c4,p30,l3,0.00
i38,e08,c4,p30,l4,0.00
i38,e08,c4,p31,l2,0.00
i38,e08,c4,p31,l3,0.00
i38,e08,c4,p31,l4,0.00
i38,e08,c4,p32,l2,0.00
i38,e08,c4,p32,l3,0.00
i38,e08,c4,p32,l4,0.00
i38,e08,c4,p33,l2,0.00
i38,e08,c4,p33,l4,0.00
i38,e08,c4,p34,l2,0.00
i38,e08,c4,p34,l3,0.00
i38,e08,c4,p34,l4,0.00
i38,e08,c4,p35,l2,0.00
i38,e08,c4,p35,l3,0.00
i38,e08,c4,p35,l4,0.00
i38,e08,c7,p01,l2,0.00
i38,e08,c7,p01,l3,0.00
i38,e08,c7,p01,l4,0.00
i38,e08,c7,p02,l2,0.00
i38,e08,c7,p02,l4,1.08
i38,e08,c7,p03,l2,0.00
i38,e08,c7,p03,l3,0.00
i38,e08,c7,p03,l4,0.00
i38,e08,c7,p04,l2,0.00
i38,e08,c7,p04,l3,0.00
i38,e08,c7,p04,l4,0.00
i38,e08,c7,p05,l2,0.00
i38,e08,c7,p05,l4,0.00
i38,e08,c7,p06,l2,0.00
i38,e08,c7,p06,l4,0.00
i38,e08,c7,p07,l2,0.00
i38,e08,c7,p07,l4,0.00
i38,e08,c7,p08,l2,0.00
i38,e08,c7,p08,l4,0.00
i38,e08,c7,p09,l2,0.00
i38,e08,c7,p09,l4,0.00
i38,e08,c7,p10,l2,0.00
i38,e08,c7,p10,l3,0.00
i38,e08,c7,p10,l4,0.00
i38,e08,c7,p11,l2,0.00
i38,e08,c7,p11,l4,0.00
i38,e08,c7,p12,l2,0.00
i38,e08,c7,p12,l4,0.00
i38,e08,c7,p13,l2,0.00
i38,e08,c7,p13,l3,0.00
i38,e08,c7,p13,l4,0.00
i38,e08,c7,p14,l2,0.00
i38,e08,c7,p14,l3,0.00
i38,e08,c7,p14,l4,0.00
i38,e08,c7,p15,l2,0.00
i38,e08,c7,p15,l3,0.00
i38,e08,c7,p15,l4,0.00
i38,e08,c7,p16,l2,0.00
i38,e08,c7,p16,l3,0.00
i38,e08,c7,p16,l4,0.00
i38,e08,c7,p17,l2,0.00
i38,e08,c7,p17,l3,0.00
i38,e08,c7,p17,l4,0.00
i38,e08,c7,p18,l2,0.00
i38,e08,c7,p18,l4,0.00
i38,e08,c7,p19,l2,0.00
i38,e08,c7,p19,l3,0.00
i38,e08,c7,p19,l4,0.00
i38,e08,c7,p20,l2,0.00
i38,e08,c7,p20,l4,0.00
i38,e08,c7,p21,l2,0.00
i38,e08,c7,p21,l3,0.00
i38,e08,c7,p21,l4,0.00
i38,e08,c7,p22,l2,0.00
i38,e08,c7,p22,l4,0.00
i38,e08,c7,p23,l2,0.00
i38,e08,c7,p23,l4,0.00
i38,e08,c7,p24,l2,0.00
i38,e08,c7,p24,l3,0.00
i38,e08,c7,p24,l4,0.00
i38,e08,c7,p25,l2,0.00
i38,e08,c7,p25,l4,0.00
i38,e08,c7,p26,l2,0.00
i38,e08,c7,p26,l4,0.00
i38,e08,c7,p28,l2,0.00
i38,e08,c7,p28,l4,0.00
i38,e08,c7,p29,l2,0.00
i38,e08,c7,p29,l4,0.00
i38,e08,c7,p31,l2,0.00
i38,e08,c7,p32,l2,0.00
i38,e08,c7,p32,l3,0.00
i38,e08,c7,p32,l4,0.00
i38,e08,c7,p34,l2,0.00
i38,e08,c7,p34,l3,0.00
i38,e08,c7,p34,l4,0.00
i38,e08,c7,p35,l2,0.00
i38,e08,c7,p35,l4,0.00
i38,e08,c8,p01,l2,0.00
i38,e08,c8,p01,l4,0.00
i38,e08,c8,p02,l4,0.00
i38,e08,c8,p03,l4,0.00
i38,e08,c8,p05,l2,0.00
i38,e08,c8,p05,l4,0.00
i38,e08,c8,p06,l4,0.00
i38,e08,c8,p07,l2,0.00
i38,e08,c8,p07,l4,0.00
i38,e08,c8,p09,l2,0.00
i38,e08,c8,p09,l4,0.00
i38,e08,c8,p10,l2,0.00
i38,e08,c8,p10,l3,0.00
i38,e08,c8,p10,l4,0.00
i38,e08,c8,p11,l2,0.00
i38,e08,c8,p11,l4,0.00
i38,e08,c8,p12,l2,0.00
i38,e08,c8,p12,l4,0.00
i38,e08,c8,p13,l2,0.00
i38,e08,c8,p13,l4,0.00
i38,e08,c8,p14,l2,0.00
i38,e08,c8,p14,l3,0.00
i38,e08,c8,p14,l4,0.00
i38,e08,c8,p15,l2,0.00
i38,e08,c8,p15,l4,0.00
i38,e08,c8,p16,l2,0.00
i38,e08,c8,p16,l4,0.00
i38,e08,c8,p17,l2,0.00
i38,e08,c8,p17,l4,0.00
i38,e08,c8,p18,l4,0.00
i38,e08,c8,p19,l2,0.00
i38,e08,c8,p19,l4,0.00
i38,e08,c8,p20,l2,0.00
i38,e08,c8,p20,l4,0.00
i38,e08,c8,p21,l2,0.00
i38,e08,c8,p21,l4,0.00
i38,e08,c8,p23,l2,0.00
i38,e08,c8,p23,l4,0.00
i38,e08,c8,p24,l2,0.00
i38,e08,c8,p24,l4,0.00
i38,e08,c8,p26,l2,0.00
i38,e08,c8,p26,l4,0.00
i38,e08,c8,p28,l2,0.00
i38,e08,c8,p28,l4,0.00
i38,e08,c8,p29,l2,0.00
i38,e08,c8,p29,l4,0.00
i38,e08,c8,p31,l2,0.00
i38,e08,c8,p31,l4,0.00
i38,e09,c1,p01,l2,0.00
i38,e09,c1,p01,l3,49.14
i38,e09,c1,p01,l4,0.00
i38,e09,c1,p02,l2,0.00
i38,e09,c1,p02,l3,6.12
i38,e09,c1,p02,l4,0.00
i38,e09,c1,p03,l2,0.00
i38,e09,c1,p03,l3,101.04
i38,e09,c1,p03,l4,0.00
i38,e09,c1,p04,l2,0.00
i38,e09,c1,p04,l3,4.30
i38,e09,c1,p04,l4,0.00
i38,e09,c1,p05,l2,0.00
i38,e09,c1,p05,l3,11.65
i38,e09,c1,p05,l4,0.00
i38,e09,c1,p06,l2,0.00
i38,e09,c1,p06,l3,5.03
i38,e09,c1,p06,l4,0.00
i38,e09,c1,p07,l2,0.00
i38,e09,c1,p07,l3,73.54
i38,e09,c1,p07,l4,0.00
i38,e09,c1,p08,l2,0.00
i38,e09,c1,p08,l3,5.21
i38,e09,c1,p08,l4,0.00
i38,e09,c1,p09,l2,0.00
i38,e09,c1,p09,l3,9.55
i38,e09,c1,p09,l4,0.00
i38,e09,c1,p10,l2,0.00
i38,e09,c1,p10,l3,265.71
i38,e09,c1,p10,l4,0.00
i38,e09,c1,p11,l2,0.00
i38,e09,c1,p11,l3,23.02
i38,e09,c1,p11,l4,0.00
i38,e09,c1,p12,l2,0.00
i38,e09,c1,p12,l3,44.10
i38,e09,c1,p12,l4,0.00
i38,e09,c1,p13,l2,0.00
i38,e09,c1,p13,l3,138.36
i38,e09,c1,p13,l4,0.00
i38,e09,c1,p14,l2,0.00
i38,e09,c1,p14,l3,5.48
i38,e09,c1,p14,l4,0.00
i38,e09,c1,p15,l2,0.00
i38,e09,c1,p15,l3,35.72
i38,e09,c1,p15,l4,0.00
i38,e09,c1,p16,l2,0.00
i38,e09,c1,p16,l3,13.42
i38,e09,c1,p16,l4,0.00
i38,e09,c1,p17,l2,0.00
i38,e09,c1,p17,l3,29.09
i38,e09,c1,p17,l4,0.00
i38,e09,c1,p18,l2,0.00
i38,e09,c1,p18,l3,5.11
i38,e09,c1,p18,l4,0.00
i38,e09,c1,p19,l2,0.00
i38,e09,c1,p19,l3,61.92
i38,e09,c1,p19,l4,0.00
i38,e09,c1,p20,l2,0.00
i38,e09,c1,p20,l3,1.25
i38,e09,c1,p20,l4,0.00
i38,e09,c1,p21,l2,0.00
i38,e09,c1,p21,l3,10.54
i38,e09,c1,p21,l4,0.00
i38,e09,c1,p22,l2,0.00
i38,e09,c1,p22,l3,17.44
i38,e09,c1,p22,l4,0.00
i38,e09,c1,p23,l2,0.00
i38,e09,c1,p23,l3,9.56
i38,e09,c1,p23,l4,0.00
i38,e09,c1,p24,l2,0.00
i38,e09,c1,p24,l3,5.21
i38,e09,c1,p24,l4,0.00
i38,e09,c1,p25,l2,0.00
i38,e09,c1,p25,l3,5.34
i38,e09,c1,p25,l4,0.00
i38,e09,c1,p26,l2,0.00
i38,e09,c1,p26,l3,0.00
i38,e09,c1,p26,l4,0.00
i38,e09,c1,p27,l2,0.00
i38,e09,c1,p27,l3,0.00
i38,e09,c1,p28,l2,0.00
i38,e09,c1,p28,l3,0.00
i38,e09,c1,p28,l4,0.00
i38,e09,c1,p29,l2,0.00
i38,e09,c1,p29,l3,14.95
i38,e09,c1,p29,l4,0.00
i38,e09,c1,p30,l2,0.00
i38,e09,c1,p30,l3,0.00
i38,e09,c1,p30,l4,0.00
i38,e09,c1,p31,l2,0.00
i38,e09,c1,p31,l3,0.00
i38,e09,c1,p31,l4,0.00
i38,e09,c1,p32,l2,0.00
i38,e09,c1,p32,l3,3.22
i38,e09,c1,p32,l4,0.00
i38,e09,c1,p33,l2,0.00
i38,e09,c1,p33,l3,0.00
i38,e09,c1,p33,l4,0.00
i38,e09,c1,p34,l2,0.00
i38,e09,c1,p34,l3,0.00
i38,e09,c1,p34,l4,0.00
i38,e09,c1,p35,l2,0.00
i38,e09,c1,p35,l3,7.39
i38,e09,c1,p35,l4,0.00
i38,e09,c4,p01,l2,0.00
i38,e09,c4,p01,l3,0.00
i38,e09,c4,p01,l4,0.00
i38,e09,c4,p02,l2,0.00
i38,e09,c4,p02,l3,0.00
i38,e09,c4,p02,l4,0.00
i38,e09,c4,p03,l2,0.00
i38,e09,c4,p03,l3,0.00
i38,e09,c4,p03,l4,0.00
i38,e09,c4,p04,l2,0.00
i38,e09,c4,p04,l3,0.00
i38,e09,c4,p04,l4,0.00
i38,e09,c4,p05,l2,0.00
i38,e09,c4,p05,l3,0.00
i38,e09,c4,p05,l4,0.00
i38,e09,c4,p06,l2,0.00
i38,e09,c4,p06,l3,0.00
i38,e09,c4,p06,l4,0.00
i38,e09,c4,p07,l2,0.00
i38,e09,c4,p07,l3,0.00
i38,e09,c4,p07,l4,0.00
i38,e09,c4,p08,l2,0.00
i38,e09,c4,p08,l3,0.00
i38,e09,c4,p08,l4,0.00
i38,e09,c4,p09,l2,0.00
i38,e09,c4,p09,l3,0.00
i38,e09,c4,p09,l4,0.00
i38,e09,c4,p10,l2,0.00
i38,e09,c4,p10,l3,10.25
i38,e09,c4,p10,l4,0.00
i38,e09,c4,p11,l2,0.00
i38,e09,c4,p11,l3,0.00
i38,e09,c4,p11,l4,0.00
i38,e09,c4,p12,l2,0.00
i38,e09,c4,p12,l3,0.00
i38,e09,c4,p12,l4,0.00
i38,e09,c4,p13,l2,0.00
i38,e09,c4,p13,l3,5.47
i38,e09,c4,p13,l4,0.00
i38,e09,c4,p14,l2,0.00
i38,e09,c4,p14,l3,0.00
i38,e09,c4,p14,l4,0.00
i38,e09,c4,p15,l2,0.00
i38,e09,c4,p15,l3,0.00
i38,e09,c4,p15,l4,0.00
i38,e09,c4,p16,l2,0.00
i38,e09,c4,p16,l3,0.00
i38,e09,c4,p16,l4,0.00
i38,e09,c4,p17,l2,0.00
i38,e09,c4,p17,l3,0.00
i38,e09,c4,p17,l4,0.00
i38,e09,c4,p18,l2,0.00
i38,e09,c4,p18,l3,0.00
i38,e09,c4,p18,l4,0.00
i38,e09,c4,p19,l2,0.00
i38,e09,c4,p19,l3,1.19
i38,e09,c4,p19,l4,0.00
i38,e09,c4,p20,l2,0.00
i38,e09,c4,p20,l3,0.00
i38,e09,c4,p20,l4,0.00
i38,e09,c4,p21,l2,0.00
i38,e09,c4,p21,l3,0.00
i38,e09,c4,p21,l4,0.00
i38,e09,c4,p22,l2,0.00
i38,e09,c4,p22,l3,0.00
i38,e09,c4,p22,l4,0.00
i38,e09,c4,p23,l2,0.00
i38,e09,c4,p23,l3,0.00
i38,e09,c4,p23,l4,0.00
i38,e09,c4,p24,l2,0.00
i38,e09,c4,p24,l3,1.06
i38,e09,c4,p24,l4,0.00
i38,e09,c4,p25,l2,0.00
i38,e09,c4,p25,l3,0.00
i38,e09,c4,p25,l4,0.00
i38,e09,c4,p26,l2,0.00
i38,e09,c4,p26,l3,0.00
i38,e09,c4,p26,l4,0.00
i38,e09,c4,p27,l2,0.00
i38,e09,c4,p27,l3,0.00
i38,e09,c4,p28,l2,0.00
i38,e09,c4,p28,l3,0.00
i38,e09,c4,p28,l4,0.00
i38,e09,c4,p29,l2,0.00
i38,e09,c4,p29,l3,0.00
i38,e09,c4,p29,l4,0.00
i38,e09,c4,p30,l2,0.00
i38,e09,c4,p30,l3,0.00
i38,e09,c4,p30,l4,0.00
i38,e09,c4,p31,l2,0.00
i38,e09,c4,p31,l3,0.00
i38,e09,c4,p31,l4,0.00
i38,e09,c4,p32,l2,0.00
i38,e09,c4,p32,l3,0.00
i38,e09,c4,p32,l4,0.00
i38,e09,c4,p33,l2,0.00
i38,e09,c4,p33,l3,0.00
i38,e09,c4,p34,l3,0.00
i38,e09,c4,p35,l2,0.00
i38,e09,c4,p35,l3,0.00
i38,e09,c4,p35,l4,0.00
i38,e09,c7,p01,l2,0.00
i38,e09,c7,p01,l3,0.00
i38,e09,c7,p01,l4,0.00
i38,e09,c7,p02,l2,0.00
i38,e09,c7,p02,l3,0.00
i38,e09,c7,p03,l2,0.00
i38,e09,c7,p03,l3,0.00
i38,e09,c7,p04,l2,0.00
i38,e09,c7,p04,l3,0.00
i38,e09,c7,p04,l4,0.00
i38,e09,c7,p05,l2,0.00
i38,e09,c7,p05,l3,0.00
i38,e09,c7,p06,l2,0.00
i38,e09,c7,p06,l3,0.00
i38,e09,c7,p07,l2,0.00
i38,e09,c7,p07,l3,0.00
i38,e09,c7,p08,l2,0.00
i38,e09,c7,p08,l3,0.00
i38,e09,c7,p09,l2,0.00
i38,e09,c7,p09,l3,0.00
i38,e09,c7,p10,l2,0.00
i38,e09,c7,p10,l3,0.00
i38,e09,c7,p10,l4,0.00
i38,e09,c7,p11,l2,0.00
i38,e09,c7,p11,l3,0.00
i38,e09,c7,p12,l2,0.00
i38,e09,c7,p12,l3,0.00
i38,e09,c7,p13,l2,0.00
i38,e09,c7,p13,l3,0.00
i38,e09,c7,p14,l2,0.00
i38,e09,c7,p14,l3,0.00
i38,e09,c7,p15,l2,0.00
i38,e09,c7,p15,l3,0.00
i38,e09,c7,p16,l2,0.00
i38,e09,c7,p16,l3,0.00
i38,e09,c7,p17,l2,0.00
i38,e09,c7,p17,l3,0.00
i38,e09,c7,p18,l2,0.00
i38,e09,c7,p18,l3,0.00
i38,e09,c7,p19,l2,0.00
i38,e09,c7,p19,l3,0.00
i38,e09,c7,p19,l4,0.00
i38,e09,c7,p20,l2,0.00
i38,e09,c7,p20,l3,0.00
i38,e09,c7,p21,l2,0.00
i38,e09,c7,p21,l3,0.00
i38,e09,c7,p21,l4,0.00
i38,e09,c7,p22,l2,0.00
i38,e09,c7,p23,l2,0.00
i38,e09,c7,p23,l3,0.00
i38,e09,c7,p24,l2,0.00
i38,e09,c7,p24,l3,0.00
i38,e09,c7,p25,l2,0.00
i38,e09,c7,p25,l3,0.00
i38,e09,c7,p26,l2,0.00
i38,e09,c7,p28,l2,0.00
i38,e09,c7,p28,l3,0.00
i38,e09,c7,p29,l2,0.00
i38,e09,c7,p29,l3,0.00
i38,e09,c7,p31,l2,0.00
i38,e09,c7,p32,l2,0.00
i38,e09,c7,p32,l3,0.00
i38,e09,c7,p34,l3,0.00
i38,e09,c7,p35,l2,0.00
i38,e09,c8,p01,l2,0.00
i38,e09,c8,p01,l3,0.00
i38,e09,c8,p01,l4,0.00
i38,e09,c8,p02,l2,0.00
i38,e09,c8,p05,l2,0.00
i38,e09,c8,p05,l4,0.00
i38,e09,c8,p06,l2,0.00
i38,e09,c8,p06,l4,0.00
i38,e09,c8,p07,l2,0.00
i38,e09,c8,p09,l2,0.00
i38,e09,c8,p10,l2,0.00
i38,e09,c8,p10,l3,0.00
i38,e09,c8,p10,l4,0.00
i38,e09,c8,p11,l2,0.00
i38,e09,c8,p12,l2,0.00
i38,e09,c8,p13,l2,0.00
i38,e09,c8,p14,l2,0.00
i38,e09,c8,p14,l3,0.00
i38,e09,c8,p15,l2,0.00
i38,e09,c8,p15,l3,0.00
i38,e09,c8,p15,l4,0.00
i38,e09,c8,p16,l2,0.00
i38,e09,c8,p19,l2,0.00
i38,e09,c8,p20,l2,0.00
i38,e09,c8,p20,l3,0.00
i38,e09,c8,p21,l2,0.00
i38,e09,c8,p23,l2,0.00
i38,e09,c8,p23,l3,0.00
i38,e09,c8,p23,l4,0.00
i38,e09,c8,p24,l2,0.00
i38,e09,c8,p28,l2,0.00
i38,e09,c8,p28,l3,0.00
i38,e09,c8,p29,l2,0.00
i38,e09,c8,p29,l3,0.00
i38,e09,c8,p31,l2,0.00
i38,e10,c1,p01,l1,32.81
i38,e10,c1,p01,l2,81.21
i38,e10,c1,p01,l3,11915.22
i38,e10,c1,p01,l4,2795.11
i38,e10,c1,p02,l1,3.07
i38,e10,c1,p02,l2,20.00
i38,e10,c1,p02,l3,3658.29
i38,e10,c1,p02,l4,812.14
i38,e10,c1,p03,l1,54.63
i38,e10,c1,p03,l2,68.27
i38,e10,c1,p03,l3,12008.38
i38,e10,c1,p03,l4,2623.35
i38,e10,c1,p04,l1,5.25
i38,e10,c1,p04,l2,11.17
i38,e10,c1,p04,l3,1843.10
i38,e10,c1,p04,l4,503.43
i38,e10,c1,p05,l1,27.13
i38,e10,c1,p05,l2,32.30
i38,e10,c1,p05,l3,7971.04
i38,e10,c1,p05,l4,1454.28
i38,e10,c1,p06,l1,6.31
i38,e10,c1,p06,l2,8.05
i38,e10,c1,p06,l3,2452.21
i38,e10,c1,p06,l4,484.43
i38,e10,c1,p07,l1,25.05
i38,e10,c1,p07,l2,66.14
i38,e10,c1,p07,l3,8889.08
i38,e10,c1,p07,l4,1923.39
i38,e10,c1,p08,l1,5.35
i38,e10,c1,p08,l2,1.11
i38,e10,c1,p08,l3,2940.30
i38,e10,c1,p08,l4,517.32
i38,e10,c1,p09,l1,7.48
i38,e10,c1,p09,l2,16.10
i38,e10,c1,p09,l3,2869.07
i38,e10,c1,p09,l4,588.14
i38,e10,c1,p10,l1,72.24
i38,e10,c1,p10,l2,687.37
i38,e10,c1,p10,l3,50560.05
i38,e10,c1,p10,l4,10148.83
i38,e10,c1,p11,l1,29.19
i38,e10,c1,p11,l2,44.43
i38,e10,c1,p11,l3,12161.38
i38,e10,c1,p11,l4,2192.52
i38,e10,c1,p12,l1,20.14
i38,e10,c1,p12,l2,40.46
i38,e10,c1,p12,l3,7594.19
i38,e10,c1,p12,l4,1480.70
i38,e10,c1,p13,l1,7.07
i38,e10,c1,p13,l2,286.92
i38,e10,c1,p13,l3,5009.68
i38,e10,c1,p13,l4,1898.43
i38,e10,c1,p14,l1,7.08
i38,e10,c1,p14,l2,12.06
i38,e10,c1,p14,l3,4341.81
i38,e10,c1,p14,l4,650.32
i38,e10,c1,p15,l1,25.52
i38,e10,c1,p15,l2,72.82
i38,e10,c1,p15,l3,8339.66
i38,e10,c1,p15,l4,1820.12
i38,e10,c1,p16,l1,9.27
i38,e10,c1,p16,l2,9.56
i38,e10,c1,p16,l3,3870.41
i38,e10,c1,p16,l4,751.52
i38,e10,c1,p17,l1,25.76
i38,e10,c1,p17,l2,36.32
i38,e10,c1,p17,l3,6148.21
i38,e10,c1,p17,l4,1258.39
i38,e10,c1,p18,l1,6.61
i38,e10,c1,p18,l2,8.22
i38,e10,c1,p18,l3,3336.56
i38,e10,c1,p18,l4,739.49
i38,e10,c1,p19,l1,48.19
i38,e10,c1,p19,l2,84.60
i38,e10,c1,p19,l3,13075.06
i38,e10,c1,p19,l4,2584.87
i38,e10,c1,p20,l1,0.00
i38,e10,c1,p20,l2,0.00
i38,e10,c1,p20,l3,210.82
i38,e10,c1,p20,l4,113.13
i38,e10,c1,p21,l1,8.47
i38,e10,c1,p21,l2,16.33
i38,e10,c1,p21,l3,4138.46
i38,e10,c1,p21,l4,920.99
i38,e10,c1,p22,l1,1.49
i38,e10,c1,p22,l2,0.00
i38,e10,c1,p22,l3,844.17
i38,e10,c1,p22,l4,197.41
i38,e10,c1,p23,l1,4.10
i38,e10,c1,p23,l2,3.06
i38,e10,c1,p23,l3,391.53
i38,e10,c1,p23,l4,176.25
i38,e10,c1,p24,l1,4.34
i38,e10,c1,p24,l2,8.24
i38,e10,c1,p24,l3,2940.75
i38,e10,c1,p24,l4,674.51
i38,e10,c1,p25,l1,4.11
i38,e10,c1,p25,l2,2.28
i38,e10,c1,p25,l3,947.60
i38,e10,c1,p25,l4,177.02
i38,e10,c1,p26,l1,5.39
i38,e10,c1,p26,l2,1.81
i38,e10,c1,p26,l3,299.33
i38,e10,c1,p26,l4,92.07
i38,e10,c1,p27,l1,0.00
i38,e10,c1,p27,l2,0.00
i38,e10,c1,p27,l3,0.00
i38,e10,c1,p27,l4,0.00
i38,e10,c1,p28,l1,5.53
i38,e10,c1,p28,l2,13.08
i38,e10,c1,p28,l3,1548.65
i38,e10,c1,p28,l4,360.95
i38,e10,c1,p29,l1,5.24
i38,e10,c1,p29,l2,4.45
i38,e10,c1,p29,l3,2385.14
i38,e10,c1,p29,l4,540.17
i38,e10,c1,p30,l1,0.00
i38,e10,c1,p30,l2,0.00
i38,e10,c1,p30,l3,5.13
i38,e10,c1,p30,l4,4.00
i38,e10,c1,p31,l1,0.00
i38,e10,c1,p31,l2,1.84
i38,e10,c1,p31,l3,161.01
i38,e10,c1,p31,l4,25.91
i38,e10,c1,p32,l1,2.50
i38,e10,c1,p32,l2,1.64
i38,e10,c1,p32,l3,90.65
i38,e10,c1,p32,l4,119.23
i38,e10,c1,p33,l1,0.00
i38,e10,c1,p33,l2,2.82
i38,e10,c1,p33,l3,3.08
i38,e10,c1,p33,l4,5.58
i38,e10,c1,p34,l1,0.00
i38,e10,c1,p34,l2,0.00
i38,e10,c1,p34,l3,0.00
i38,e10,c1,p34,l4,0.00
i38,e10,c1,p35,l1,1.07
i38,e10,c1,p35,l2,245.22
i38,e10,c1,p35,l3,401.42
i38,e10,c1,p35,l4,221.14
i38,e10,c4,p01,l1,0.00
i38,e10,c4,p01,l2,3.51
i38,e10,c4,p01,l3,153.44
i38,e10,c4,p01,l4,56.55
i38,e10,c4,p02,l1,0.00
i38,e10,c4,p02,l2,0.00
i38,e10,c4,p02,l3,4.10
i38,e10,c4,p02,l4,7.40
i38,e10,c4,p03,l1,1.09
i38,e10,c4,p03,l2,0.00
i38,e10,c4,p03,l3,153.39
i38,e10,c4,p03,l4,48.27
i38,e10,c4,p04,l1,0.00
i38,e10,c4,p04,l2,0.00
i38,e10,c4,p04,l3,4.06
i38,e10,c4,p04,l4,10.19
i38,e10,c4,p05,l1,0.00
i38,e10,c4,p05,l2,2.31
i38,e10,c4,p05,l3,94.69
i38,e10,c4,p05,l4,24.22
i38,e10,c4,p06,l1,0.00
i38,e10,c4,p06,l2,0.00
i38,e10,c4,p06,l3,38.05
i38,e10,c4,p06,l4,8.17
i38,e10,c4,p07,l1,6.02
i38,e10,c4,p07,l2,4.71
i38,e10,c4,p07,l3,41.68
i38,e10,c4,p07,l4,12.15
i38,e10,c4,p08,l1,3.00
i38,e10,c4,p08,l2,0.00
i38,e10,c4,p08,l3,9.07
i38,e10,c4,p08,l4,1.21
i38,e10,c4,p09,l1,0.00
i38,e10,c4,p09,l2,0.00
i38,e10,c4,p09,l3,102.13
i38,e10,c4,p09,l4,15.41
i38,e10,c4,p10,l1,0.00
i38,e10,c4,p10,l2,11.04
i38,e10,c4,p10,l3,558.28
i38,e10,c4,p10,l4,123.13
i38,e10,c4,p11,l1,0.00
i38,e10,c4,p11,l2,0.00
i38,e10,c4,p11,l3,51.41
i38,e10,c4,p11,l4,31.91
i38,e10,c4,p12,l1,0.00
i38,e10,c4,p12,l2,0.00
i38,e10,c4,p12,l3,45.36
i38,e10,c4,p12,l4,17.79
i38,e10,c4,p13,l1,0.00
i38,e10,c4,p13,l2,0.00
i38,e10,c4,p13,l3,181.18
i38,e10,c4,p13,l4,22.41
i38,e10,c4,p14,l1,0.00
i38,e10,c4,p14,l2,0.00
i38,e10,c4,p14,l3,0.00
i38,e10,c4,p14,l4,0.00
i38,e10,c4,p15,l1,1.39
i38,e10,c4,p15,l2,1.41
i38,e10,c4,p15,l3,354.58
i38,e10,c4,p15,l4,73.20
i38,e10,c4,p16,l1,0.00
i38,e10,c4,p16,l2,0.00
i38,e10,c4,p16,l3,148.11
i38,e10,c4,p16,l4,22.51
i38,e10,c4,p17,l1,0.00
i38,e10,c4,p17,l2,0.00
i38,e10,c4,p17,l3,46.22
i38,e10,c4,p17,l4,14.48
i38,e10,c4,p18,l1,0.00
i38,e10,c4,p18,l2,0.00
i38,e10,c4,p18,l3,72.08
i38,e10,c4,p18,l4,7.06
i38,e10,c4,p19,l1,0.00
i38,e10,c4,p19,l2,0.00
i38,e10,c4,p19,l3,165.27
i38,e10,c4,p19,l4,52.09
i38,e10,c4,p20,l1,0.00
i38,e10,c4,p20,l2,8.12
i38,e10,c4,p20,l3,18.71
i38,e10,c4,p20,l4,0.00
i38,e10,c4,p21,l1,0.00
i38,e10,c4,p21,l2,0.00
i38,e10,c4,p21,l3,40.62
i38,e10,c4,p21,l4,27.60
i38,e10,c4,p22,l1,0.00
i38,e10,c4,p22,l2,0.00
i38,e10,c4,p22,l3,0.00
i38,e10,c4,p22,l4,0.00
i38,e10,c4,p23,l1,0.00
i38,e10,c4,p23,l2,2.39
i38,e10,c4,p23,l3,15.36
i38,e10,c4,p23,l4,15.47
i38,e10,c4,p24,l1,0.00
i38,e10,c4,p24,l2,4.62
i38,e10,c4,p24,l3,13.50
i38,e10,c4,p24,l4,28.34
i38,e10,c4,p25,l1,0.00
i38,e10,c4,p25,l2,0.00
i38,e10,c4,p25,l3,0.00
i38,e10,c4,p25,l4,0.00
i38,e10,c4,p26,l1,0.00
i38,e10,c4,p26,l2,0.00
i38,e10,c4,p26,l3,0.00
i38,e10,c4,p26,l4,0.00
i38,e10,c4,p27,l2,0.00
i38,e10,c4,p27,l3,0.00
i38,e10,c4,p27,l4,0.00
i38,e10,c4,p28,l1,0.00
i38,e10,c4,p28,l2,0.00
i38,e10,c4,p28,l3,0.00
i38,e10,c4,p28,l4,0.00
i38,e10,c4,p29,l1,0.00
i38,e10,c4,p29,l2,0.00
i38,e10,c4,p29,l3,0.00
i38,e10,c4,p29,l4,3.33
i38,e10,c4,p30,l1,0.00
i38,e10,c4,p30,l2,0.00
i38,e10,c4,p30,l3,0.00
i38,e10,c4,p30,l4,0.00
i38,e10,c4,p31,l1,0.00
i38,e10,c4,p31,l2,0.00
i38,e10,c4,p31,l3,0.00
i38,e10,c4,p31,l4,0.00
i38,e10,c4,p32,l1,0.00
i38,e10,c4,p32,l2,0.00
i38,e10,c4,p32,l3,0.00
i38,e10,c4,p32,l4,0.00
i38,e10,c4,p33,l1,0.00
i38,e10,c4,p33,l2,0.00
i38,e10,c4,p33,l3,0.00
i38,e10,c4,p33,l4,0.00
i38,e10,c4,p34,l1,0.00
i38,e10,c4,p34,l2,0.00
i38,e10,c4,p34,l3,0.00
i38,e10,c4,p34,l4,0.00
i38,e10,c4,p35,l1,0.00
i38,e10,c4,p35,l2,1.13
i38,e10,c4,p35,l3,0.00
i38,e10,c4,p35,l4,9.78
i38,e10,c7,p01,l1,0.00
i38,e10,c7,p01,l2,0.00
i38,e10,c7,p01,l3,0.00
i38,e10,c7,p01,l4,0.00
i38,e10,c7,p02,l1,0.00
i38,e10,c7,p02,l2,2.13
i38,e10,c7,p02,l3,7.62
i38,e10,c7,p02,l4,10.35
i38,e10,c7,p03,l1,0.00
i38,e10,c7,p03,l2,0.00
i38,e10,c7,p03,l3,0.00
i38,e10,c7,p03,l4,0.00
i38,e10,c7,p04,l1,0.00
i38,e10,c7,p04,l2,0.00
i38,e10,c7,p04,l3,0.00
i38,e10,c7,p04,l4,0.00
i38,e10,c7,p05,l1,0.00
i38,e10,c7,p05,l2,0.00
i38,e10,c7,p05,l3,0.00
i38,e10,c7,p05,l4,0.00
i38,e10,c7,p06,l1,0.00
i38,e10,c7,p06,l2,0.00
i38,e10,c7,p06,l3,0.00
i38,e10,c7,p06,l4,0.00
i38,e10,c7,p07,l1,0.00
i38,e10,c7,p07,l2,0.00
i38,e10,c7,p07,l3,0.00
i38,e10,c7,p07,l4,0.00
i38,e10,c7,p08,l1,0.00
i38,e10,c7,p08,l2,0.00
i38,e10,c7,p08,l3,0.00
i38,e10,c7,p08,l4,0.00
i38,e10,c7,p09,l1,0.00
i38,e10,c7,p09,l2,0.00
i38,e10,c7,p09,l3,0.00
i38,e10,c7,p09,l4,0.00
i38,e10,c7,p10,l1,0.00
i38,e10,c7,p10,l2,0.00
i38,e10,c7,p10,l3,253.00
i38,e10,c7,p10,l4,14.38
i38,e10,c7,p11,l1,0.00
i38,e10,c7,p11,l2,0.00
i38,e10,c7,p11,l3,0.00
i38,e10,c7,p11,l4,0.00
i38,e10,c7,p12,l1,0.00
i38,e10,c7,p12,l2,0.00
i38,e10,c7,p12,l3,0.00
i38,e10,c7,p12,l4,0.00
i38,e10,c7,p13,l1,0.00
i38,e10,c7,p13,l2,0.00
i38,e10,c7,p13,l3,0.00
i38,e10,c7,p13,l4,0.00
i38,e10,c7,p14,l1,0.00
i38,e10,c7,p14,l2,0.00
i38,e10,c7,p14,l3,0.00
i38,e10,c7,p14,l4,0.00
i38,e10,c7,p15,l1,0.00
i38,e10,c7,p15,l2,0.00
i38,e10,c7,p15,l3,0.00
i38,e10,c7,p15,l4,0.00
i38,e10,c7,p16,l1,0.00
i38,e10,c7,p16,l2,0.00
i38,e10,c7,p16,l3,0.00
i38,e10,c7,p16,l4,0.00
i38,e10,c7,p17,l1,0.00
i38,e10,c7,p17,l2,0.00
i38,e10,c7,p17,l3,0.00
i38,e10,c7,p17,l4,0.00
i38,e10,c7,p18,l1,0.00
i38,e10,c7,p18,l2,0.00
i38,e10,c7,p18,l3,0.00
i38,e10,c7,p18,l4,0.00
i38,e10,c7,p19,l1,0.00
i38,e10,c7,p19,l2,0.00
i38,e10,c7,p19,l3,0.00
i38,e10,c7,p19,l4,0.00
i38,e10,c7,p20,l1,0.00
i38,e10,c7,p20,l2,0.00
i38,e10,c7,p20,l3,0.00
i38,e10,c7,p20,l4,0.00
i38,e10,c7,p21,l1,0.00
i38,e10,c7,p21,l2,0.00
i38,e10,c7,p21,l3,0.00
i38,e10,c7,p21,l4,0.00
i38,e10,c7,p22,l1,0.00
i38,e10,c7,p22,l2,0.00
i38,e10,c7,p22,l3,0.00
i38,e10,c7,p22,l4,0.00
i38,e10,c7,p23,l1,0.00
i38,e10,c7,p23,l2,0.00
i38,e10,c7,p23,l3,0.00
i38,e10,c7,p23,l4,0.00
i38,e10,c7,p24,l1,0.00
i38,e10,c7,p24,l2,0.00
i38,e10,c7,p24,l3,0.00
i38,e10,c7,p24,l4,0.00
i38,e10,c7,p25,l1,0.00
i38,e10,c7,p25,l2,0.00
i38,e10,c7,p25,l3,0.00
i38,e10,c7,p25,l4,0.00
i38,e10,c7,p26,l1,0.00
i38,e10,c7,p26,l2,0.00
i38,e10,c7,p26,l3,0.00
i38,e10,c7,p26,l4,0.00
i38,e10,c7,p28,l1,0.00
i38,e10,c7,p28,l2,0.00
i38,e10,c7,p28,l3,0.00
i38,e10,c7,p28,l4,0.00
i38,e10,c7,p29,l1,0.00
i38,e10,c7,p29,l2,0.00
i38,e10,c7,p29,l3,0.00
i38,e10,c7,p29,l4,0.00
i38,e10,c7,p31,l2,0.00
i38,e10,c7,p31,l3,0.00
i38,e10,c7,p31,l4,0.00
i38,e10,c7,p32,l1,0.00
i38,e10,c7,p32,l2,0.00
i38,e10,c7,p32,l3,0.00
i38,e10,c7,p32,l4,0.00
i38,e10,c7,p34,l1,0.00
i38,e10,c7,p34,l2,0.00
i38,e10,c7,p34,l3,0.00
i38,e10,c7,p34,l4,0.00
i38,e10,c7,p35,l1,0.00
i38,e10,c7,p35,l2,0.00
i38,e10,c7,p35,l3,0.00
i38,e10,c7,p35,l4,0.00
i38,e10,c8,p01,l2,0.00
i38,e10,c8,p01,l3,0.00
i38,e10,c8,p01,l4,0.00
i38,e10,c8,p02,l2,0.00
i38,e10,c8,p02,l3,0.00
i38,e10,c8,p02,l4,0.00
i38,e10,c8,p03,l3,0.00
i38,e10,c8,p03,l4,0.00
i38,e10,c8,p05,l2,0.00
i38,e10,c8,p05,l3,0.00
i38,e10,c8,p05,l4,0.00
i38,e10,c8,p06,l3,0.00
i38,e10,c8,p06,l4,0.00
i38,e10,c8,p07,l2,0.00
i38,e10,c8,p07,l3,0.00
i38,e10,c8,p07,l4,0.00
i38,e10,c8,p09,l3,0.00
i38,e10,c8,p09,l4,0.00
i38,e10,c8,p10,l2,0.00
i38,e10,c8,p10,l3,0.00
i38,e10,c8,p10,l4,0.00
i38,e10,c8,p11,l2,0.00
i38,e10,c8,p11,l3,0.00
i38,e10,c8,p11,l4,0.00
i38,e10,c8,p12,l2,0.00
i38,e10,c8,p12,l3,0.00
i38,e10,c8,p12,l4,0.00
i38,e10,c8,p13,l1,0.00
i38,e10,c8,p13,l3,0.00
i38,e10,c8,p13,l4,0.00
i38,e10,c8,p14,l2,0.00
i38,e10,c8,p14,l3,0.00
i38,e10,c8,p14,l4,0.00
i38,e10,c8,p15,l2,0.00
i38,e10,c8,p15,l3,0.00
i38,e10,c8,p15,l4,0.00
i38,e10,c8,p16,l3,0.00
i38,e10,c8,p16,l4,0.00
i38,e10,c8,p17,l2,0.00
i38,e10,c8,p17,l3,0.00
i38,e10,c8,p17,l4,0.00
i38,e10,c8,p18,l2,0.00
i38,e10,c8,p18,l3,0.00
i38,e10,c8,p18,l4,0.00
i38,e10,c8,p19,l3,0.00
i38,e10,c8,p19,l4,0.00
i38,e10,c8,p20,l3,0.00
i38,e10,c8,p20,l4,0.00
i38,e10,c8,p21,l3,0.00
i38,e10,c8,p21,l4,0.00
i38,e10,c8,p23,l2,0.00
i38,e10,c8,p23,l3,0.00
i38,e10,c8,p23,l4,0.00
i38,e10,c8,p24,l3,0.00
i38,e10,c8,p24,l4,0.00
i38,e10,c8,p26,l3,0.00
i38,e10,c8,p26,l4,0.00
i38,e10,c8,p28,l2,0.00
i38,e10,c8,p28,l3,0.00
i38,e10,c8,p28,l4,0.00
i38,e10,c8,p29,l3,0.00
i38,e10,c8,p29,l4,0.00
i38,e10,c8,p31,l3,0.00
i38,e10,c8,p31,l4,0.00
i38,e11,c1,p01,l2,12.62
i38,e11,c1,p01,l3,0.00
i38,e11,c1,p01,l4,281.38
i38,e11,c1,p02,l2,14.18
i38,e11,c1,p02,l3,0.00
i38,e11,c1,p02,l4,96.06
i38,e11,c1,p03,l2,8.52
i38,e11,c1,p03,l3,0.00
i38,e11,c1,p03,l4,319.18
i38,e11,c1,p04,l2,3.09
i38,e11,c1,p04,l3,0.00
i38,e11,c1,p04,l4,59.91
i38,e11,c1,p05,l2,2.66
i38,e11,c1,p05,l3,0.00
i38,e11,c1,p05,l4,148.27
i38,e11,c1,p06,l2,5.36
i38,e11,c1,p06,l3,0.00
i38,e11,c1,p06,l4,48.04
i38,e11,c1,p07,l2,12.32
i38,e11,c1,p07,l3,0.00
i38,e11,c1,p07,l4,192.46
i38,e11,c1,p08,l2,0.00
i38,e11,c1,p08,l3,0.00
i38,e11,c1,p08,l4,50.59
i38,e11,c1,p09,l2,0.00
i38,e11,c1,p09,l3,0.00
i38,e11,c1,p09,l4,53.31
i38,e11,c1,p10,l2,45.60
i38,e11,c1,p10,l3,0.00
i38,e11,c1,p10,l4,1041.61
i38,e11,c1,p11,l2,10.28
i38,e11,c1,p11,l3,0.00
i38,e11,c1,p11,l4,242.91
i38,e11,c1,p12,l2,1.60
i38,e11,c1,p12,l3,0.00
i38,e11,c1,p12,l4,153.20
i38,e11,c1,p13,l2,10.21
i38,e11,c1,p13,l3,0.00
i38,e11,c1,p13,l4,187.22
i38,e11,c1,p14,l2,0.00
i38,e11,c1,p14,l3,0.00
i38,e11,c1,p14,l4,64.10
i38,e11,c1,p15,l2,1.53
i38,e11,c1,p15,l3,0.00
i38,e11,c1,p15,l4,189.08
i38,e11,c1,p16,l2,9.42
i38,e11,c1,p16,l3,0.00
i38,e11,c1,p16,l4,78.06
i38,e11,c1,p17,l2,10.67
i38,e11,c1,p17,l3,0.00
i38,e11,c1,p17,l4,139.09
i38,e11,c1,p18,l2,9.21
i38,e11,c1,p18,l3,0.00
i38,e11,c1,p18,l4,82.36
i38,e11,c1,p19,l2,6.18
i38,e11,c1,p19,l3,0.00
i38,e11,c1,p19,l4,307.60
i38,e11,c1,p20,l2,0.00
i38,e11,c1,p20,l3,0.00
i38,e11,c1,p20,l4,11.12
i38,e11,c1,p21,l2,2.56
i38,e11,c1,p21,l3,0.00
i38,e11,c1,p21,l4,98.31
i38,e11,c1,p22,l2,0.00
i38,e11,c1,p22,l3,0.00
i38,e11,c1,p22,l4,21.11
i38,e11,c1,p23,l2,0.00
i38,e11,c1,p23,l3,0.00
i38,e11,c1,p23,l4,15.08
i38,e11,c1,p24,l2,0.00
i38,e11,c1,p24,l3,0.00
i38,e11,c1,p24,l4,60.56
i38,e11,c1,p25,l2,0.00
i38,e11,c1,p25,l3,0.00
i38,e11,c1,p25,l4,18.19
i38,e11,c1,p26,l2,0.00
i38,e11,c1,p26,l3,0.00
i38,e11,c1,p26,l4,6.34
i38,e11,c1,p27,l2,0.00
i38,e11,c1,p27,l3,0.00
i38,e11,c1,p27,l4,0.00
i38,e11,c1,p28,l2,0.00
i38,e11,c1,p28,l3,0.00
i38,e11,c1,p28,l4,28.29
i38,e11,c1,p29,l2,1.34
i38,e11,c1,p29,l3,0.00
i38,e11,c1,p29,l4,48.48
i38,e11,c1,p30,l2,0.00
i38,e11,c1,p30,l3,0.00
i38,e11,c1,p30,l4,1.39
i38,e11,c1,p31,l2,0.00
i38,e11,c1,p31,l3,0.00
i38,e11,c1,p31,l4,2.13
i38,e11,c1,p32,l2,0.00
i38,e11,c1,p32,l3,0.00
i38,e11,c1,p32,l4,5.28
i38,e11,c1,p33,l2,0.00
i38,e11,c1,p33,l3,0.00
i38,e11,c1,p33,l4,1.28
i38,e11,c1,p34,l2,0.00
i38,e11,c1,p34,l3,0.00
i38,e11,c1,p34,l4,0.00
i38,e11,c1,p35,l2,8.39
i38,e11,c1,p35,l3,0.00
i38,e11,c1,p35,l4,19.29
i38,e11,c4,p01,l2,0.00
i38,e11,c4,p01,l3,0.00
i38,e11,c4,p01,l4,7.34
i38,e11,c4,p02,l2,0.00
i38,e11,c4,p02,l3,0.00
i38,e11,c4,p02,l4,0.00
i38,e11,c4,p03,l2,0.00
i38,e11,c4,p03,l3,0.00
i38,e11,c4,p03,l4,10.86
i38,e11,c4,p04,l2,0.00
i38,e11,c4,p04,l3,0.00
i38,e11,c4,p04,l4,1.17
i38,e11,c4,p05,l2,0.00
i38,e11,c4,p05,l3,0.00
i38,e11,c4,p05,l4,4.04
i38,e11,c4,p06,l2,0.00
i38,e11,c4,p06,l3,0.00
i38,e11,c4,p06,l4,2.27
i38,e11,c4,p07,l2,0.00
i38,e11,c4,p07,l3,0.00
i38,e11,c4,p07,l4,1.43
i38,e11,c4,p08,l2,0.00
i38,e11,c4,p08,l3,0.00
i38,e11,c4,p08,l4,0.00
i38,e11,c4,p09,l2,0.00
i38,e11,c4,p09,l3,0.00
i38,e11,c4,p09,l4,2.38
i38,e11,c4,p10,l2,0.00
i38,e11,c4,p10,l3,0.00
i38,e11,c4,p10,l4,10.77
i38,e11,c4,p11,l2,0.00
i38,e11,c4,p11,l3,0.00
i38,e11,c4,p11,l4,3.11
i38,e11,c4,p12,l2,0.00
i38,e11,c4,p12,l3,0.00
i38,e11,c4,p12,l4,2.86
i38,e11,c4,p13,l2,0.00
i38,e11,c4,p13,l3,0.00
i38,e11,c4,p13,l4,2.26
i38,e11,c4,p14,l2,0.00
i38,e11,c4,p14,l3,0.00
i38,e11,c4,p14,l4,0.00
i38,e11,c4,p15,l2,0.00
i38,e11,c4,p15,l3,0.00
i38,e11,c4,p15,l4,5.96
i38,e11,c4,p16,l2,0.00
i38,e11,c4,p16,l3,0.00
i38,e11,c4,p16,l4,2.28
i38,e11,c4,p17,l2,0.00
i38,e11,c4,p17,l3,0.00
i38,e11,c4,p17,l4,2.30
i38,e11,c4,p18,l2,0.00
i38,e11,c4,p18,l3,0.00
i38,e11,c4,p18,l4,2.48
i38,e11,c4,p19,l2,0.00
i38,e11,c4,p19,l3,0.00
i38,e11,c4,p19,l4,6.18
i38,e11,c4,p20,l2,0.00
i38,e11,c4,p20,l3,0.00
i38,e11,c4,p20,l4,0.00
i38,e11,c4,p21,l2,0.00
i38,e11,c4,p21,l3,0.00
i38,e11,c4,p21,l4,2.16
i38,e11,c4,p22,l2,0.00
i38,e11,c4,p22,l3,0.00
i38,e11,c4,p22,l4,0.00
i38,e11,c4,p23,l2,0.00
i38,e11,c4,p23,l3,0.00
i38,e11,c4,p23,l4,2.60
i38,e11,c4,p24,l2,0.00
i38,e11,c4,p24,l3,0.00
i38,e11,c4,p24,l4,3.09
i38,e11,c4,p25,l2,0.00
i38,e11,c4,p25,l3,0.00
i38,e11,c4,p25,l4,0.00
i38,e11,c4,p26,l2,0.00
i38,e11,c4,p26,l4,0.00
i38,e11,c4,p27,l2,0.00
i38,e11,c4,p27,l4,0.00
i38,e11,c4,p28,l2,0.00
i38,e11,c4,p28,l3,0.00
i38,e11,c4,p28,l4,0.00
i38,e11,c4,p29,l2,0.00
i38,e11,c4,p29,l3,0.00
i38,e11,c4,p29,l4,0.00
i38,e11,c4,p30,l2,0.00
i38,e11,c4,p30,l3,0.00
i38,e11,c4,p30,l4,0.00
i38,e11,c4,p31,l2,0.00
i38,e11,c4,p31,l3,0.00
i38,e11,c4,p31,l4,0.00
i38,e11,c4,p32,l2,0.00
i38,e11,c4,p32,l3,0.00
i38,e11,c4,p32,l4,0.00
i38,e11,c4,p33,l2,0.00
i38,e11,c4,p33,l4,0.00
i38,e11,c4,p34,l2,0.00
i38,e11,c4,p34,l4,0.00
i38,e11,c4,p35,l2,0.00
i38,e11,c4,p35,l3,0.00
i38,e11,c4,p35,l4,0.00
i38,e11,c7,p01,l2,0.00
i38,e11,c7,p01,l4,0.00
i38,e11,c7,p02,l2,0.00
i38,e11,c7,p02,l4,2.44
i38,e11,c7,p03,l2,0.00
i38,e11,c7,p03,l4,0.00
i38,e11,c7,p04,l2,0.00
i38,e11,c7,p04,l4,0.00
i38,e11,c7,p05,l2,0.00
i38,e11,c7,p05,l3,0.00
i38,e11,c7,p05,l4,0.00
i38,e11,c7,p06,l2,0.00
i38,e11,c7,p06,l4,0.00
i38,e11,c7,p07,l2,0.00
i38,e11,c7,p07,l4,0.00
i38,e11,c7,p08,l2,0.00
i38,e11,c7,p08,l4,0.00
i38,e11,c7,p09,l2,0.00
i38,e11,c7,p09,l4,0.00
i38,e11,c7,p10,l2,0.00
i38,e11,c7,p10,l3,0.00
i38,e11,c7,p10,l4,1.16
i38,e11,c7,p11,l2,0.00
i38,e11,c7,p11,l4,0.00
i38,e11,c7,p12,l2,0.00
i38,e11,c7,p12,l3,0.00
i38,e11,c7,p12,l4,0.00
i38,e11,c7,p13,l2,0.00
i38,e11,c7,p13,l4,0.00
i38,e11,c7,p14,l2,0.00
i38,e11,c7,p14,l4,0.00
i38,e11,c7,p15,l2,0.00
i38,e11,c7,p15,l4,0.00
i38,e11,c7,p16,l2,0.00
i38,e11,c7,p16,l3,0.00
i38,e11,c7,p16,l4,0.00
i38,e11,c7,p17,l2,0.00
i38,e11,c7,p17,l3,0.00
i38,e11,c7,p17,l4,0.00
i38,e11,c7,p18,l2,0.00
i38,e11,c7,p18,l4,0.00
i38,e11,c7,p19,l2,0.00
i38,e11,c7,p19,l3,0.00
i38,e11,c7,p19,l4,0.00
i38,e11,c7,p20,l2,0.00
i38,e11,c7,p20,l4,0.00
i38,e11,c7,p21,l2,0.00
i38,e11,c7,p21,l3,0.00
i38,e11,c7,p21,l4,0.00
i38,e11,c7,p22,l2,0.00
i38,e11,c7,p22,l4,0.00
i38,e11,c7,p23,l2,0.00
i38,e11,c7,p23,l4,0.00
i38,e11,c7,p24,l2,0.00
i38,e11,c7,p24,l4,0.00
i38,e11,c7,p25,l2,0.00
i38,e11,c7,p25,l4,0.00
i38,e11,c7,p26,l2,0.00
i38,e11,c7,p26,l4,0.00
i38,e11,c7,p28,l2,0.00
i38,e11,c7,p28,l4,0.00
i38,e11,c7,p29,l2,0.00
i38,e11,c7,p29,l4,0.00
i38,e11,c7,p31,l2,0.00
i38,e11,c7,p32,l2,0.00
i38,e11,c7,p32,l4,0.00
i38,e11,c7,p34,l2,0.00
i38,e11,c7,p34,l4,0.00
i38,e11,c7,p35,l2,0.00
i38,e11,c7,p35,l4,0.00
i38,e11,c8,p01,l4,0.00
i38,e11,c8,p02,l4,0.00
i38,e11,c8,p03,l4,0.00
i38,e11,c8,p05,l4,0.00
i38,e11,c8,p06,l4,0.00
i38,e11,c8,p07,l4,0.00
i38,e11,c8,p09,l4,0.00
i38,e11,c8,p10,l2,0.00
i38,e11,c8,p10,l4,0.00
i38,e11,c8,p11,l4,0.00
i38,e11,c8,p12,l2,0.00
i38,e11,c8,p12,l4,0.00
i38,e11,c8,p13,l2,0.00
i38,e11,c8,p13,l4,0.00
i38,e11,c8,p14,l4,0.00
i38,e11,c8,p15,l4,0.00
i38,e11,c8,p16,l4,0.00
i38,e11,c8,p17,l4,0.00
i38,e11,c8,p19,l2,0.00
i38,e11,c8,p19,l4,0.00
i38,e11,c8,p20,l4,0.00
i38,e11,c8,p21,l4,0.00
i38,e11,c8,p23,l4,0.00
i38,e11,c8,p24,l4,0.00
i38,e11,c8,p26,l4,0.00
i38,e11,c8,p28,l2,0.00
i38,e11,c8,p28,l4,0.00
i38,e11,c8,p29,l4,0.00
i38,e11,c8,p31,l4,0.00
i38,e12,c1,p01,l3,0.00
i38,e12,c1,p02,l3,0.00
i38,e12,c1,p03,l3,8.15
i38,e12,c1,p04,l3,1.72
i38,e12,c1,p05,l3,0.00
i38,e12,c1,p06,l3,0.00
i38,e12,c1,p07,l3,1.06
i38,e12,c1,p08,l3,1.15
i38,e12,c1,p09,l3,1.73
i38,e12,c1,p10,l3,11.10
i38,e12,c1,p11,l3,2.46
i38,e12,c1,p12,l3,1.17
i38,e12,c1,p13,l3,6.05
i38,e12,c1,p14,l3,5.17
i38,e12,c1,p15,l3,4.55
i38,e12,c1,p16,l3,3.33
i38,e12,c1,p17,l3,0.00
i38,e12,c1,p18,l3,0.00
i38,e12,c1,p19,l3,3.17
i38,e12,c1,p20,l3,0.00
i38,e12,c1,p21,l3,2.50
i38,e12,c1,p22,l3,0.00
i38,e12,c1,p23,l3,0.00
i38,e12,c1,p24,l3,5.32
i38,e12,c1,p25,l3,0.00
i38,e12,c1,p26,l3,0.00
i38,e12,c1,p27,l3,0.00
i38,e12,c1,p28,l3,0.00
i38,e12,c1,p29,l3,0.00
i38,e12,c1,p30,l3,0.00
i38,e12,c1,p31,l3,0.00
i38,e12,c1,p32,l3,0.00
i38,e12,c1,p33,l3,0.00
i38,e12,c1,p34,l3,0.00
i38,e12,c1,p35,l3,0.00
i38,e12,c4,p01,l3,0.00
i38,e12,c4,p02,l3,0.00
i38,e12,c4,p03,l3,0.00
i38,e12,c4,p04,l3,0.00
i38,e12,c4,p05,l3,0.00
i38,e12,c4,p06,l3,0.00
i38,e12,c4,p07,l3,0.00
i38,e12,c4,p08,l3,0.00
i38,e12,c4,p09,l3,0.00
i38,e12,c4,p10,l3,0.00
i38,e12,c4,p11,l3,0.00
i38,e12,c4,p12,l3,0.00
i38,e12,c4,p13,l3,0.00
i38,e12,c4,p14,l3,0.00
i38,e12,c4,p15,l3,0.00
i38,e12,c4,p16,l3,0.00
i38,e12,c4,p17,l3,0.00
i38,e12,c4,p18,l3,0.00
i38,e12,c4,p19,l3,0.00
i38,e12,c4,p20,l3,0.00
i38,e12,c4,p21,l3,0.00
i38,e12,c4,p22,l3,0.00
i38,e12,c4,p23,l3,0.00
i38,e12,c4,p24,l3,0.00
i38,e12,c4,p25,l3,0.00
i38,e12,c4,p26,l3,0.00
i38,e12,c4,p28,l3,0.00
i38,e12,c4,p29,l3,0.00
i38,e12,c4,p30,l3,0.00
i38,e12,c4,p31,l3,0.00
i38,e12,c4,p32,l3,0.00
i38,e12,c4,p33,l3,0.00
i38,e12,c4,p35,l3,0.00
i38,e12,c7,p01,l3,0.00
i38,e12,c7,p02,l3,0.00
i38,e12,c7,p03,l3,0.00
i38,e12,c7,p04,l3,0.00
i38,e12,c7,p05,l3,0.00
i38,e12,c7,p07,l3,0.00
i38,e12,c7,p09,l3,0.00
i38,e12,c7,p10,l3,0.00
i38,e12,c7,p11,l3,0.00
i38,e12,c7,p12,l3,0.00
i38,e12,c7,p13,l3,0.00
i38,e12,c7,p15,l3,0.00
i38,e12,c7,p16,l3,0.00
i38,e12,c7,p17,l3,0.00
i38,e12,c7,p18,l3,0.00
i38,e12,c7,p19,l3,0.00
i38,e12,c7,p21,l3,0.00
i38,e12,c7,p22,l3,0.00
i38,e12,c7,p23,l3,0.00
i38,e12,c7,p24,l3,0.00
i38,e12,c7,p28,l3,0.00
i38,e12,c7,p29,l3,0.00
i38,e12,c7,p35,l3,0.00
i39,e01,c3,p01,l3,0.00
i39,e01,c3,p02,l3,0.00
i39,e01,c3,p03,l3,0.00
i39,e01,c3,p04,l3,0.00
i39,e01,c3,p07,l3,0.00
i39,e01,c3,p10,l3,0.00
i39,e01,c3,p12,l3,0.00
i39,e01,c3,p15,l3,0.00
i39,e01,c3,p17,l3,0.00
i39,e01,c3,p19,l3,0.00
i39,e01,c3,p20,l3,0.00
i39,e01,c3,p21,l3,0.00
i39,e01,c3,p25,l3,0.00
i39,e01,c3,p29,l3,0.00
i39,e01,c3,p35,l3,0.00
i39,e01,c5,p01,l3,0.00
i39,e01,c5,p02,l3,1.12
i39,e01,c5,p03,l3,0.00
i39,e01,c5,p04,l3,5.90
i39,e01,c5,p05,l3,0.00
i39,e01,c5,p06,l3,0.00
i39,e01,c5,p07,l3,0.00
i39,e01,c5,p08,l3,0.00
i39,e01,c5,p09,l3,0.00
i39,e01,c5,p10,l3,1.17
i39,e01,c5,p11,l3,0.00
i39,e01,c5,p12,l3,0.00
i39,e01,c5,p13,l3,0.00
i39,e01,c5,p14,l3,0.00
i39,e01,c5,p15,l3,7.37
i39,e01,c5,p16,l3,0.00
i39,e01,c5,p17,l3,0.00
i39,e01,c5,p18,l3,1.49
i39,e01,c5,p19,l3,0.00
i39,e01,c5,p20,l3,0.00
i39,e01,c5,p21,l3,1.69
i39,e01,c5,p22,l3,0.00
i39,e01,c5,p23,l3,0.00
i39,e01,c5,p24,l3,0.00
i39,e01,c5,p25,l3,0.00
i39,e01,c5,p26,l3,0.00
i39,e01,c5,p28,l3,0.00
i39,e01,c5,p29,l3,2.22
i39,e01,c5,p30,l3,0.00
i39,e01,c5,p31,l3,0.00
i39,e01,c5,p32,l3,0.00
i39,e01,c5,p35,l3,28.35
i39,e04,c3,p01,l1,0.00
i39,e04,c3,p01,l3,0.00
i39,e04,c3,p02,l1,0.00
i39,e04,c3,p02,l3,0.00
i39,e04,c3,p03,l1,0.00
i39,e04,c3,p03,l3,0.00
i39,e04,c3,p04,l3,0.00
i39,e04,c3,p07,l1,0.00
i39,e04,c3,p07,l3,0.00
i39,e04,c3,p10,l1,0.00
i39,e04,c3,p10,l3,0.00
i39,e04,c3,p12,l1,0.00
i39,e04,c3,p12,l3,0.00
i39,e04,c3,p15,l3,0.00
i39,e04,c3,p17,l1,0.00
i39,e04,c3,p17,l3,0.00
i39,e04,c3,p19,l1,0.00
i39,e04,c3,p19,l3,0.00
i39,e04,c3,p20,l3,0.00
i39,e04,c3,p21,l1,0.00
i39,e04,c3,p21,l3,0.00
i39,e04,c3,p23,l1,0.00
i39,e04,c3,p23,l3,0.00
i39,e04,c3,p25,l1,0.00
i39,e04,c3,p25,l3,0.00
i39,e04,c3,p29,l3,0.00
i39,e04,c3,p35,l1,0.00
i39,e04,c3,p35,l3,0.00
i39,e04,c5,p01,l1,0.00
i39,e04,c5,p01,l3,1.00
i39,e04,c5,p02,l1,0.00
i39,e04,c5,p02,l3,6.28
i39,e04,c5,p03,l1,0.00
i39,e04,c5,p03,l3,0.00
i39,e04,c5,p04,l1,0.00
i39,e04,c5,p04,l3,11.47
i39,e04,c5,p05,l1,0.00
i39,e04,c5,p05,l3,0.00
i39,e04,c5,p06,l1,0.00
i39,e04,c5,p06,l3,0.00
i39,e04,c5,p07,l1,0.00
i39,e04,c5,p07,l3,0.00
i39,e04,c5,p08,l1,0.00
i39,e04,c5,p08,l3,0.00
i39,e04,c5,p09,l1,0.00
i39,e04,c5,p09,l3,1.00
i39,e04,c5,p10,l1,0.00
i39,e04,c5,p10,l3,11.05
i39,e04,c5,p11,l1,0.00
i39,e04,c5,p11,l3,3.49
i39,e04,c5,p12,l1,0.00
i39,e04,c5,p12,l3,7.18
i39,e04,c5,p13,l1,0.00
i39,e04,c5,p13,l3,1.03
i39,e04,c5,p14,l1,0.00
i39,e04,c5,p14,l3,0.00
i39,e04,c5,p15,l1,0.00
i39,e04,c5,p15,l3,4.71
i39,e04,c5,p16,l1,0.00
i39,e04,c5,p16,l3,0.00
i39,e04,c5,p17,l1,0.00
i39,e04,c5,p17,l3,0.00
i39,e04,c5,p18,l1,0.00
i39,e04,c5,p18,l3,2.85
i39,e04,c5,p19,l1,0.00
i39,e04,c5,p19,l3,12.92
i39,e04,c5,p20,l1,0.00
i39,e04,c5,p20,l3,0.00
i39,e04,c5,p21,l1,0.00
i39,e04,c5,p21,l3,7.73
i39,e04,c5,p22,l1,0.00
i39,e04,c5,p22,l3,0.00
i39,e04,c5,p23,l1,0.00
i39,e04,c5,p23,l3,0.00
i39,e04,c5,p24,l1,0.00
i39,e04,c5,p24,l3,1.84
i39,e04,c5,p25,l1,0.00
i39,e04,c5,p25,l3,0.00
i39,e04,c5,p26,l1,0.00
i39,e04,c5,p26,l3,0.00
i39,e04,c5,p28,l1,0.00
i39,e04,c5,p28,l3,1.27
i39,e04,c5,p29,l1,0.00
i39,e04,c5,p29,l3,0.00
i39,e04,c5,p30,l1,0.00
i39,e04,c5,p30,l3,0.00
i39,e04,c5,p31,l1,0.00
i39,e04,c5,p31,l3,0.00
i39,e04,c5,p32,l1,0.00
i39,e04,c5,p32,l3,0.00
i39,e04,c5,p35,l1,0.00
i39,e04,c5,p35,l3,64.63
i39,e05,c3,p02,l1,0.00
i39,e05,c3,p02,l3,0.00
i39,e05,c3,p03,l3,0.00
i39,e05,c3,p12,l3,0.00
i39,e05,c3,p35,l1,0.00
i39,e05,c3,p35,l3,0.00
i39,e05,c5,p01,l1,0.00
i39,e05,c5,p01,l3,0.00
i39,e05,c5,p02,l1,0.00
i39,e05,c5,p02,l3,0.00
i39,e05,c5,p03,l1,0.00
i39,e05,c5,p03,l3,0.00
i39,e05,c5,p04,l1,0.00
i39,e05,c5,p04,l3,0.00
i39,e05,c5,p05,l1,0.00
i39,e05,c5,p05,l3,0.00
i39,e05,c5,p06,l1,0.00
i39,e05,c5,p06,l3,0.00
i39,e05,c5,p07,l1,0.00
i39,e05,c5,p07,l3,0.00
i39,e05,c5,p08,l1,0.00
i39,e05,c5,p08,l3,0.00
i39,e05,c5,p09,l1,0.00
i39,e05,c5,p09,l3,0.00
i39,e05,c5,p10,l1,0.00
i39,e05,c5,p10,l3,0.00
i39,e05,c5,p11,l1,0.00
i39,e05,c5,p11,l3,0.00
i39,e05,c5,p12,l1,0.00
i39,e05,c5,p12,l3,0.00
i39,e05,c5,p13,l1,0.00
i39,e05,c5,p13,l3,0.00
i39,e05,c5,p14,l1,0.00
i39,e05,c5,p14,l3,0.00
i39,e05,c5,p15,l1,0.00
i39,e05,c5,p15,l3,0.00
i39,e05,c5,p16,l1,0.00
i39,e05,c5,p16,l3,0.00
i39,e05,c5,p17,l1,0.00
i39,e05,c5,p17,l3,0.00
i39,e05,c5,p18,l1,0.00
i39,e05,c5,p18,l3,0.00
i39,e05,c5,p19,l1,0.00
i39,e05,c5,p19,l3,0.00
i39,e05,c5,p20,l1,0.00
i39,e05,c5,p20,l3,0.00
i39,e05,c5,p21,l1,0.00
i39,e05,c5,p21,l3,0.00
i39,e05,c5,p22,l1,0.00
i39,e05,c5,p22,l3,0.00
i39,e05,c5,p23,l1,0.00
i39,e05,c5,p23,l3,0.00
i39,e05,c5,p24,l1,0.00
i39,e05,c5,p24,l3,0.00
i39,e05,c5,p25,l1,0.00
i39,e05,c5,p25,l3,0.00
i39,e05,c5,p26,l1,0.00
i39,e05,c5,p26,l3,0.00
i39,e05,c5,p28,l1,0.00
i39,e05,c5,p28,l3,0.00
i39,e05,c5,p29,l1,0.00
i39,e05,c5,p29,l3,0.00
i39,e05,c5,p31,l1,0.00
i39,e05,c5,p31,l3,0.00
i39,e05,c5,p32,l3,0.00
i39,e05,c5,p35,l1,0.00
i39,e05,c5,p35,l3,0.00
i39,e09,c3,p01,l2,0.00
i39,e09,c3,p01,l3,0.00
i39,e09,c3,p02,l2,0.00
i39,e09,c3,p02,l3,0.00
i39,e09,c3,p03,l2,0.00
i39,e09,c3,p03,l3,0.00
i39,e09,c3,p04,l3,0.00
i39,e09,c3,p07,l2,0.00
i39,e09,c3,p07,l3,0.00
i39,e09,c3,p10,l2,0.00
i39,e09,c3,p10,l3,0.00
i39,e09,c3,p12,l2,0.00
i39,e09,c3,p12,l3,0.00
i39,e09,c3,p15,l3,0.00
i39,e09,c3,p17,l2,0.00
i39,e09,c3,p17,l3,0.00
i39,e09,c3,p19,l2,0.00
i39,e09,c3,p19,l3,0.00
i39,e09,c3,p20,l3,0.00
i39,e09,c3,p21,l2,0.00
i39,e09,c3,p21,l3,0.00
i39,e09,c3,p25,l2,0.00
i39,e09,c3,p25,l3,0.00
i39,e09,c3,p35,l2,0.00
i39,e09,c3,p35,l3,0.00
i39,e09,c5,p01,l2,0.00
i39,e09,c5,p01,l3,0.00
i39,e09,c5,p02,l2,0.00
i39,e09,c5,p02,l3,2.27
i39,e09,c5,p03,l2,0.00
i39,e09,c5,p03,l3,0.00
i39,e09,c5,p04,l2,0.00
i39,e09,c5,p04,l3,7.12
i39,e09,c5,p05,l2,0.00
i39,e09,c5,p05,l3,0.00
i39,e09,c5,p06,l2,0.00
i39,e09,c5,p06,l3,0.00
i39,e09,c5,p07,l2,0.00
i39,e09,c5,p07,l3,0.00
i39,e09,c5,p08,l2,0.00
i39,e09,c5,p08,l3,0.00
i39,e09,c5,p09,l2,0.00
i39,e09,c5,p09,l3,0.00
i39,e09,c5,p10,l2,0.00
i39,e09,c5,p10,l3,1.86
i39,e09,c5,p11,l2,0.00
i39,e09,c5,p11,l3,0.00
i39,e09,c5,p12,l2,0.00
i39,e09,c5,p12,l3,0.00
i39,e09,c5,p13,l2,0.00
i39,e09,c5,p13,l3,0.00
i39,e09,c5,p14,l2,0.00
i39,e09,c5,p14,l3,0.00
i39,e09,c5,p15,l2,0.00
i39,e09,c5,p15,l3,3.41
i39,e09,c5,p16,l2,0.00
i39,e09,c5,p16,l3,0.00
i39,e09,c5,p17,l2,0.00
i39,e09,c5,p17,l3,0.00
i39,e09,c5,p18,l2,0.00
i39,e09,c5,p18,l3,0.00
i39,e09,c5,p19,l2,0.00
i39,e09,c5,p19,l3,0.00
i39,e09,c5,p20,l2,0.00
i39,e09,c5,p20,l3,0.00
i39,e09,c5,p21,l2,0.00
i39,e09,c5,p21,l3,0.00
i39,e09,c5,p22,l2,0.00
i39,e09,c5,p22,l3,0.00
i39,e09,c5,p23,l2,0.00
i39,e09,c5,p23,l3,0.00
i39,e09,c5,p24,l2,0.00
i39,e09,c5,p24,l3,0.00
i39,e09,c5,p25,l2,0.00
i39,e09,c5,p25,l3,0.00
i39,e09,c5,p26,l2,0.00
i39,e09,c5,p26,l3,0.00
i39,e09,c5,p28,l2,0.00
i39,e09,c5,p28,l3,0.00
i39,e09,c5,p29,l2,0.00
i39,e09,c5,p29,l3,0.00
i39,e09,c5,p30,l2,0.00
i39,e09,c5,p30,l3,0.00
i39,e09,c5,p31,l2,0.00
i39,e09,c5,p31,l3,0.00
i39,e09,c5,p32,l2,0.00
i39,e09,c5,p32,l3,0.00
i39,e09,c5,p35,l2,0.00
i39,e09,c5,p35,l3,17.23
i40,e02,c5,p35,l3,0.00
i40,e05,c5,p35,l1,0.00
i40,e05,c5,p35,l3,0.00
i40,e13,c5,p35,l3,2.19
i41,e01,c1,p01,l3,0.00
i41,e01,c1,p02,l3,0.00
i41,e01,c1,p03,l3,7.59
i41,e01,c1,p04,l3,0.00
i41,e01,c1,p05,l3,2.37
i41,e01,c1,p06,l3,0.00
i41,e01,c1,p07,l3,0.00
i41,e01,c1,p08,l3,0.00
i41,e01,c1,p09,l3,0.00
i41,e01,c1,p10,l3,3.58
i41,e01,c1,p11,l3,0.00
i41,e01,c1,p12,l3,0.00
i41,e01,c1,p13,l3,1.21
i41,e01,c1,p14,l3,0.00
i41,e01,c1,p15,l3,0.00
i41,e01,c1,p16,l3,0.00
i41,e01,c1,p17,l3,3.40
i41,e01,c1,p18,l3,0.00
i41,e01,c1,p19,l3,0.00
i41,e01,c1,p20,l3,0.00
i41,e01,c1,p21,l3,0.00
i41,e01,c1,p22,l3,0.00
i41,e01,c1,p23,l3,0.00
i41,e01,c1,p24,l3,0.00
i41,e01,c1,p25,l3,0.00
i41,e01,c1,p26,l3,0.00
i41,e01,c1,p27,l3,0.00
i41,e01,c1,p28,l3,0.00
i41,e01,c1,p29,l3,0.00
i41,e01,c1,p30,l3,0.00
i41,e01,c1,p31,l3,0.00
i41,e01,c1,p32,l3,0.00
i41,e01,c1,p33,l3,0.00
i41,e01,c1,p34,l3,0.00
i41,e01,c1,p35,l3,5.23
i41,e01,c4,p01,l3,0.00
i41,e01,c4,p02,l3,0.00
i41,e01,c4,p04,l3,0.00
i41,e01,c4,p07,l3,0.00
i41,e01,c4,p10,l3,0.00
i41,e01,c4,p16,l3,0.00
i41,e01,c4,p19,l3,0.00
i41,e01,c4,p21,l3,0.00
i41,e01,c4,p22,l3,0.00
i41,e01,c4,p23,l3,0.00
i41,e01,c4,p28,l3,0.00
i41,e01,c4,p35,l3,0.00
i41,e01,c7,p10,l3,0.00
i41,e01,c7,p35,l3,0.00
i41,e04,c1,p01,l1,0.00
i41,e04,c1,p01,l3,0.00
i41,e04,c1,p02,l1,0.00
i41,e04,c1,p02,l3,0.00
i41,e04,c1,p03,l1,0.00
i41,e04,c1,p03,l3,0.00
i41,e04,c1,p04,l1,0.00
i41,e04,c1,p04,l3,0.00
i41,e04,c1,p05,l1,0.00
i41,e04,c1,p05,l3,0.00
i41,e04,c1,p06,l1,0.00
i41,e04,c1,p06,l3,0.00
i41,e04,c1,p07,l1,0.00
i41,e04,c1,p07,l3,0.00
i41,e04,c1,p08,l1,0.00
i41,e04,c1,p08,l3,0.00
i41,e04,c1,p09,l1,0.00
i41,e04,c1,p09,l3,0.00
i41,e04,c1,p10,l1,0.00
i41,e04,c1,p10,l3,0.00
i41,e04,c1,p11,l1,0.00
i41,e04,c1,p11,l3,0.00
i41,e04,c1,p12,l1,0.00
i41,e04,c1,p12,l3,0.00
i41,e04,c1,p13,l1,0.00
i41,e04,c1,p13,l3,0.00
i41,e04,c1,p14,l1,0.00
i41,e04,c1,p14,l3,0.00
i41,e04,c1,p15,l1,0.00
i41,e04,c1,p15,l3,0.00
i41,e04,c1,p16,l1,0.00
i41,e04,c1,p16,l3,0.00
i41,e04,c1,p17,l1,0.00
i41,e04,c1,p17,l3,0.00
i41,e04,c1,p18,l1,0.00
i41,e04,c1,p18,l3,0.00
i41,e04,c1,p19,l1,0.00
i41,e04,c1,p19,l3,0.00
i41,e04,c1,p20,l1,0.00
i41,e04,c1,p20,l3,0.00
i41,e04,c1,p21,l1,0.00
i41,e04,c1,p21,l3,0.00
i41,e04,c1,p22,l1,0.00
i41,e04,c1,p22,l3,0.00
i41,e04,c1,p23,l1,0.00
i41,e04,c1,p23,l3,0.00
i41,e04,c1,p24,l1,0.00
i41,e04,c1,p24,l3,0.00
i41,e04,c1,p25,l1,0.00
i41,e04,c1,p25,l3,0.00
i41,e04,c1,p26,l1,0.00
i41,e04,c1,p26,l3,0.00
i41,e04,c1,p28,l1,0.00
i41,e04,c1,p28,l3,0.00
i41,e04,c1,p29,l1,0.00
i41,e04,c1,p29,l3,0.00
i41,e04,c1,p30,l1,0.00
i41,e04,c1,p30,l3,0.00
i41,e04,c1,p31,l1,0.00
i41,e04,c1,p31,l3,0.00
i41,e04,c1,p32,l1,0.00
i41,e04,c1,p32,l3,0.00
i41,e04,c1,p33,l1,0.00
i41,e04,c1,p33,l3,0.00
i41,e04,c1,p34,l3,0.00
i41,e04,c1,p35,l1,0.00
i41,e04,c1,p35,l3,3.24
i41,e04,c4,p01,l3,0.00
i41,e04,c4,p02,l1,0.00
i41,e04,c4,p02,l3,0.00
i41,e04,c4,p04,l3,0.00
i41,e04,c4,p07,l3,0.00
i41,e04,c4,p10,l3,0.00
i41,e04,c4,p15,l3,0.00
i41,e04,c4,p16,l3,0.00
i41,e04,c4,p19,l3,0.00
i41,e04,c4,p21,l3,0.00
i41,e04,c4,p22,l3,0.00
i41,e04,c4,p23,l3,0.00
i41,e04,c4,p28,l3,0.00
i41,e04,c4,p35,l1,0.00
i41,e04,c4,p35,l3,0.00
i41,e04,c7,p35,l3,0.00
i41,e05,c1,p01,l1,0.00
i41,e05,c1,p01,l3,0.00
i41,e05,c1,p02,l1,0.00
i41,e05,c1,p02,l3,0.00
i41,e05,c1,p03,l1,0.00
i41,e05,c1,p03,l3,1.02
i41,e05,c1,p04,l1,0.00
i41,e05,c1,p04,l3,0.00
i41,e05,c1,p05,l1,0.00
i41,e05,c1,p05,l3,0.00
i41,e05,c1,p06,l1,0.00
i41,e05,c1,p06,l3,0.00
i41,e05,c1,p07,l1,0.00
i41,e05,c1,p07,l3,0.00
i41,e05,c1,p08,l1,0.00
i41,e05,c1,p08,l3,0.00
i41,e05,c1,p09,l1,0.00
i41,e05,c1,p09,l3,0.00
i41,e05,c1,p10,l1,0.00
i41,e05,c1,p10,l3,0.00
i41,e05,c1,p11,l1,0.00
i41,e05,c1,p11,l3,0.00
i41,e05,c1,p12,l1,0.00
i41,e05,c1,p12,l3,0.00
i41,e05,c1,p13,l1,0.00
i41,e05,c1,p13,l3,0.00
i41,e05,c1,p14,l1,0.00
i41,e05,c1,p14,l3,0.00
i41,e05,c1,p15,l1,0.00
i41,e05,c1,p15,l3,0.00
i41,e05,c1,p16,l1,0.00
i41,e05,c1,p16,l3,0.00
i41,e05,c1,p17,l1,0.00
i41,e05,c1,p17,l3,0.00
i41,e05,c1,p18,l1,0.00
i41,e05,c1,p18,l3,0.00
i41,e05,c1,p19,l1,0.00
i41,e05,c1,p19,l3,0.00
i41,e05,c1,p20,l1,0.00
i41,e05,c1,p20,l3,0.00
i41,e05,c1,p21,l1,0.00
i41,e05,c1,p21,l3,0.00
i41,e05,c1,p22,l1,0.00
i41,e05,c1,p22,l3,0.00
i41,e05,c1,p23,l1,0.00
i41,e05,c1,p23,l3,0.00
i41,e05,c1,p24,l1,0.00
i41,e05,c1,p24,l3,0.00
i41,e05,c1,p25,l1,0.00
i41,e05,c1,p25,l3,0.00
i41,e05,c1,p26,l1,0.00
i41,e05,c1,p26,l3,0.00
i41,e05,c1,p28,l1,0.00
i41,e05,c1,p28,l3,0.00
i41,e05,c1,p29,l1,0.00
i41,e05,c1,p29,l3,0.00
i41,e05,c1,p30,l3,0.00
i41,e05,c1,p31,l1,0.00
i41,e05,c1,p31,l3,0.00
i41,e05,c1,p32,l1,0.00
i41,e05,c1,p32,l3,0.00
i41,e05,c1,p35,l1,0.00
i41,e05,c1,p35,l3,0.00
i41,e05,c7,p35,l3,0.00
i41,e07,c1,p01,l2,0.00
i41,e07,c1,p01,l3,10.64
i41,e07,c1,p02,l2,0.00
i41,e07,c1,p02,l3,0.00
i41,e07,c1,p03,l2,0.00
i41,e07,c1,p03,l3,2.30
i41,e07,c1,p04,l2,0.00
i41,e07,c1,p04,l3,0.00
i41,e07,c1,p05,l2,0.00
i41,e07,c1,p05,l3,2.97
i41,e07,c1,p06,l2,0.00
i41,e07,c1,p06,l3,0.00
i41,e07,c1,p07,l2,0.00
i41,e07,c1,p07,l3,1.25
i41,e07,c1,p08,l2,0.00
i41,e07,c1,p08,l3,0.00
i41,e07,c1,p09,l2,0.00
i41,e07,c1,p09,l3,0.00
i41,e07,c1,p10,l2,0.00
i41,e07,c1,p10,l3,6.25
i41,e07,c1,p11,l2,0.00
i41,e07,c1,p11,l3,4.30
i41,e07,c1,p12,l2,0.00
i41,e07,c1,p12,l3,12.12
i41,e07,c1,p13,l2,0.00
i41,e07,c1,p13,l3,0.00
i41,e07,c1,p14,l2,0.00
i41,e07,c1,p14,l3,9.59
i41,e07,c1,p15,l2,0.00
i41,e07,c1,p15,l3,3.08
i41,e07,c1,p16,l2,0.00
i41,e07,c1,p16,l3,6.34
i41,e07,c1,p17,l2,0.00
i41,e07,c1,p17,l3,12.18
i41,e07,c1,p18,l2,0.00
i41,e07,c1,p18,l3,0.00
i41,e07,c1,p19,l2,0.00
i41,e07,c1,p19,l3,4.47
i41,e07,c1,p20,l2,0.00
i41,e07,c1,p20,l3,0.00
i41,e07,c1,p21,l2,0.00
i41,e07,c1,p21,l3,0.00
i41,e07,c1,p22,l2,0.00
i41,e07,c1,p22,l3,4.10
i41,e07,c1,p23,l2,0.00
i41,e07,c1,p23,l3,0.00
i41,e07,c1,p24,l2,0.00
i41,e07,c1,p24,l3,0.00
i41,e07,c1,p25,l2,0.00
i41,e07,c1,p25,l3,0.00
i41,e07,c1,p26,l2,0.00
i41,e07,c1,p26,l3,0.00
i41,e07,c1,p27,l3,0.00
i41,e07,c1,p28,l2,0.00
i41,e07,c1,p28,l3,0.00
i41,e07,c1,p29,l2,0.00
i41,e07,c1,p29,l3,0.00
i41,e07,c1,p30,l3,0.00
i41,e07,c1,p31,l2,0.00
i41,e07,c1,p31,l3,0.00
i41,e07,c1,p32,l2,0.00
i41,e07,c1,p32,l3,0.00
i41,e07,c1,p33,l3,0.00
i41,e07,c1,p34,l3,0.00
i41,e07,c1,p35,l2,0.00
i41,e07,c1,p35,l3,17.29
i41,e07,c4,p01,l3,0.00
i41,e07,c4,p02,l3,0.00
i41,e07,c4,p04,l3,0.00
i41,e07,c4,p05,l3,0.00
i41,e07,c4,p10,l3,0.00
i41,e07,c4,p15,l3,0.00
i41,e07,c4,p16,l3,0.00
i41,e07,c4,p19,l2,0.00
i41,e07,c4,p19,l3,0.00
i41,e07,c4,p21,l3,0.00
i41,e07,c4,p22,l3,0.00
i41,e07,c4,p35,l3,0.00
i41,e07,c7,p35,l3,0.00
i41,e08,c1,p01,l2,0.00
i41,e08,c1,p01,l3,0.00
i41,e08,c1,p02,l2,0.00
i41,e08,c1,p02,l3,0.00
i41,e08,c1,p03,l2,0.00
i41,e08,c1,p03,l3,5.80
i41,e08,c1,p04,l2,0.00
i41,e08,c1,p04,l3,0.00
i41,e08,c1,p05,l2,0.00
i41,e08,c1,p05,l3,0.00
i41,e08,c1,p06,l2,0.00
i41,e08,c1,p06,l3,0.00
i41,e08,c1,p07,l2,0.00
i41,e08,c1,p07,l3,0.00
i41,e08,c1,p08,l2,0.00
i41,e08,c1,p08,l3,0.00
i41,e08,c1,p09,l2,0.00
i41,e08,c1,p09,l3,0.00
i41,e08,c1,p10,l2,0.00
i41,e08,c1,p10,l3,0.00
i41,e08,c1,p11,l2,0.00
i41,e08,c1,p11,l3,0.00
i41,e08,c1,p12,l2,0.00
i41,e08,c1,p12,l3,0.00
i41,e08,c1,p13,l2,0.00
i41,e08,c1,p13,l3,0.00
i41,e08,c1,p14,l2,0.00
i41,e08,c1,p14,l3,3.35
i41,e08,c1,p15,l2,0.00
i41,e08,c1,p15,l3,0.00
i41,e08,c1,p16,l2,0.00
i41,e08,c1,p16,l3,0.00
i41,e08,c1,p17,l2,0.00
i41,e08,c1,p17,l3,0.00
i41,e08,c1,p18,l2,0.00
i41,e08,c1,p18,l3,0.00
i41,e08,c1,p19,l2,0.00
i41,e08,c1,p19,l3,0.00
i41,e08,c1,p20,l2,0.00
i41,e08,c1,p20,l3,0.00
i41,e08,c1,p21,l2,0.00
i41,e08,c1,p21,l3,0.00
i41,e08,c1,p22,l2,0.00
i41,e08,c1,p22,l3,0.00
i41,e08,c1,p23,l2,0.00
i41,e08,c1,p23,l3,0.00
i41,e08,c1,p24,l2,0.00
i41,e08,c1,p24,l3,0.00
i41,e08,c1,p25,l2,0.00
i41,e08,c1,p25,l3,0.00
i41,e08,c1,p26,l2,0.00
i41,e08,c1,p26,l3,0.00
i41,e08,c1,p28,l2,0.00
i41,e08,c1,p28,l3,0.00
i41,e08,c1,p29,l2,0.00
i41,e08,c1,p29,l3,0.00
i41,e08,c1,p30,l2,0.00
i41,e08,c1,p30,l3,0.00
i41,e08,c1,p31,l2,0.00
i41,e08,c1,p31,l3,0.00
i41,e08,c1,p32,l2,0.00
i41,e08,c1,p32,l3,0.00
i41,e08,c1,p33,l3,0.00
i41,e08,c1,p34,l3,0.00
i41,e08,c1,p35,l2,0.00
i41,e08,c1,p35,l3,2.00
i41,e08,c4,p01,l3,0.00
i41,e08,c4,p02,l3,0.00
i41,e08,c4,p04,l3,0.00
i41,e08,c4,p07,l3,0.00
i41,e08,c4,p10,l3,0.00
i41,e08,c4,p19,l3,0.00
i41,e08,c4,p21,l2,0.00
i41,e08,c4,p21,l3,0.00
i41,e08,c4,p22,l3,0.00
i41,e08,c4,p23,l2,0.00
i41,e08,c4,p23,l3,0.00
i41,e08,c4,p28,l3,0.00
i41,e08,c4,p35,l2,0.00
i41,e08,c4,p35,l3,0.00
i41,e08,c7,p35,l3,0.00
i41,e09,c1,p01,l2,0.00
i41,e09,c1,p01,l3,0.00
i41,e09,c1,p02,l2,0.00
i41,e09,c1,p02,l3,0.00
i41,e09,c1,p03,l2,0.00
i41,e09,c1,p03,l3,0.00
i41,e09,c1,p04,l2,0.00
i41,e09,c1,p04,l3,4.18
i41,e09,c1,p05,l2,0.00
i41,e09,c1,p05,l3,0.00
i41,e09,c1,p06,l2,0.00
i41,e09,c1,p06,l3,0.00
i41,e09,c1,p07,l2,0.00
i41,e09,c1,p07,l3,0.00
i41,e09,c1,p08,l2,0.00
i41,e09,c1,p08,l3,0.00
i41,e09,c1,p09,l2,0.00
i41,e09,c1,p09,l3,0.00
i41,e09,c1,p10,l2,0.00
i41,e09,c1,p10,l3,1.04
i41,e09,c1,p11,l2,0.00
i41,e09,c1,p11,l3,1.18
i41,e09,c1,p12,l2,0.00
i41,e09,c1,p12,l3,0.00
i41,e09,c1,p13,l2,0.00
i41,e09,c1,p13,l3,0.00
i41,e09,c1,p14,l2,0.00
i41,e09,c1,p14,l3,0.00
i41,e09,c1,p15,l2,0.00
i41,e09,c1,p15,l3,0.00
i41,e09,c1,p16,l2,0.00
i41,e09,c1,p16,l3,0.00
i41,e09,c1,p17,l2,0.00
i41,e09,c1,p17,l3,0.00
i41,e09,c1,p18,l2,0.00
i41,e09,c1,p18,l3,0.00
i41,e09,c1,p19,l2,0.00
i41,e09,c1,p19,l3,0.00
i41,e09,c1,p20,l2,0.00
i41,e09,c1,p20,l3,0.00
i41,e09,c1,p21,l2,0.00
i41,e09,c1,p21,l3,0.00
i41,e09,c1,p22,l2,0.00
i41,e09,c1,p22,l3,0.00
i41,e09,c1,p23,l2,0.00
i41,e09,c1,p23,l3,0.00
i41,e09,c1,p24,l2,0.00
i41,e09,c1,p24,l3,0.00
i41,e09,c1,p25,l2,0.00
i41,e09,c1,p25,l3,0.00
i41,e09,c1,p26,l2,0.00
i41,e09,c1,p26,l3,0.00
i41,e09,c1,p27,l3,0.00
i41,e09,c1,p28,l2,0.00
i41,e09,c1,p28,l3,0.00
i41,e09,c1,p29,l2,0.00
i41,e09,c1,p29,l3,0.00
i41,e09,c1,p30,l2,0.00
i41,e09,c1,p30,l3,0.00
i41,e09,c1,p31,l2,0.00
i41,e09,c1,p31,l3,0.00
i41,e09,c1,p32,l2,0.00
i41,e09,c1,p32,l3,0.00
i41,e09,c1,p33,l2,0.00
i41,e09,c1,p33,l3,0.00
i41,e09,c1,p34,l3,0.00
i41,e09,c1,p35,l2,0.00
i41,e09,c1,p35,l3,1.32
i41,e09,c4,p01,l3,0.00
i41,e09,c4,p02,l2,0.00
i41,e09,c4,p02,l3,0.00
i41,e09,c4,p03,l3,0.00
i41,e09,c4,p04,l3,0.00
i41,e09,c4,p07,l3,0.00
i41,e09,c4,p10,l3,0.00
i41,e09,c4,p15,l3,0.00
i41,e09,c4,p16,l3,0.00
i41,e09,c4,p19,l2,0.00
i41,e09,c4,p19,l3,0.00
i41,e09,c4,p21,l3,0.00
i41,e09,c4,p22,l3,0.00
i41,e09,c4,p23,l3,0.00
i41,e09,c4,p28,l3,0.00
i41,e09,c4,p35,l2,0.00
i41,e09,c4,p35,l3,0.00
i41,e09,c7,p35,l3,0.00
i41,e11,c1,p01,l2,0.00
i41,e11,c1,p01,l3,8.49
i41,e11,c1,p02,l2,0.00
i41,e11,c1,p02,l3,0.00
i41,e11,c1,p03,l2,0.00
i41,e11,c1,p03,l3,0.00
i41,e11,c1,p04,l2,0.00
i41,e11,c1,p04,l3,0.00
i41,e11,c1,p05,l2,0.00
i41,e11,c1,p05,l3,0.00
i41,e11,c1,p06,l2,0.00
i41,e11,c1,p06,l3,0.00
i41,e11,c1,p07,l2,0.00
i41,e11,c1,p07,l3,0.00
i41,e11,c1,p08,l2,0.00
i41,e11,c1,p08,l3,0.00
i41,e11,c1,p09,l2,0.00
i41,e11,c1,p09,l3,0.00
i41,e11,c1,p10,l2,0.00
i41,e11,c1,p10,l3,0.00
i41,e11,c1,p11,l2,0.00
i41,e11,c1,p11,l3,0.00
i41,e11,c1,p12,l2,0.00
i41,e11,c1,p12,l3,0.00
i41,e11,c1,p13,l2,0.00
i41,e11,c1,p13,l3,0.00
i41,e11,c1,p14,l2,0.00
i41,e11,c1,p14,l3,0.00
i41,e11,c1,p15,l2,0.00
i41,e11,c1,p15,l3,0.00
i41,e11,c1,p16,l2,0.00
i41,e11,c1,p16,l3,0.00
i41,e11,c1,p17,l2,0.00
i41,e11,c1,p17,l3,0.00
i41,e11,c1,p18,l2,0.00
i41,e11,c1,p18,l3,0.00
i41,e11,c1,p19,l2,0.00
i41,e11,c1,p19,l3,0.00
i41,e11,c1,p20,l2,0.00
i41,e11,c1,p20,l3,0.00
i41,e11,c1,p21,l2,0.00
i41,e11,c1,p21,l3,0.00
i41,e11,c1,p22,l2,0.00
i41,e11,c1,p22,l3,0.00
i41,e11,c1,p23,l2,0.00
i41,e11,c1,p23,l3,0.00
i41,e11,c1,p24,l2,0.00
i41,e11,c1,p24,l3,0.00
i41,e11,c1,p25,l2,0.00
i41,e11,c1,p25,l3,0.00
i41,e11,c1,p26,l2,0.00
i41,e11,c1,p26,l3,0.00
i41,e11,c1,p27,l3,0.00
i41,e11,c1,p28,l2,0.00
i41,e11,c1,p28,l3,0.00
i41,e11,c1,p29,l2,0.00
i41,e11,c1,p29,l3,0.00
i41,e11,c1,p30,l3,0.00
i41,e11,c1,p31,l2,0.00
i41,e11,c1,p31,l3,0.00
i41,e11,c1,p32,l2,0.00
i41,e11,c1,p32,l3,0.00
i41,e11,c1,p33,l2,0.00
i41,e11,c1,p33,l3,0.00
i41,e11,c1,p35,l2,0.00
i41,e11,c1,p35,l3,0.00
i41,e11,c4,p01,l3,0.00
i41,e11,c4,p02,l2,0.00
i41,e11,c4,p02,l3,0.00
i41,e11,c4,p10,l2,0.00
i41,e11,c4,p10,l3,0.00
i41,e11,c4,p19,l2,0.00
i41,e11,c4,p19,l3,0.00
i41,e11,c4,p21,l3,0.00
i41,e11,c4,p23,l3,0.00
i41,e11,c4,p35,l2,0.00
i41,e11,c4,p35,l3,0.00
i41,e11,c7,p35,l3,0.00
i41,e12,c1,p01,l3,0.00
i41,e12,c1,p02,l3,0.00
i41,e12,c1,p03,l3,0.00
i41,e12,c1,p04,l3,0.00
i41,e12,c1,p05,l3,0.00
i41,e12,c1,p06,l3,0.00
i41,e12,c1,p07,l3,0.00
i41,e12,c1,p08,l3,0.00
i41,e12,c1,p09,l3,0.00
i41,e12,c1,p10,l3,0.00
i41,e12,c1,p11,l3,0.00
i41,e12,c1,p12,l3,0.00
i41,e12,c1,p13,l3,0.00
i41,e12,c1,p14,l3,0.00
i41,e12,c1,p15,l3,0.00
i41,e12,c1,p16,l3,0.00
i41,e12,c1,p17,l3,0.00
i41,e12,c1,p18,l3,0.00
i41,e12,c1,p19,l3,0.00
i41,e12,c1,p20,l3,0.00
i41,e12,c1,p21,l3,0.00
i41,e12,c1,p22,l3,0.00
i41,e12,c1,p23,l3,0.00
i41,e12,c1,p24,l3,0.00
i41,e12,c1,p25,l3,0.00
i41,e12,c1,p26,l3,0.00
i41,e12,c1,p28,l3,0.00
i41,e12,c1,p29,l3,0.00
i41,e12,c1,p31,l3,0.00
i41,e12,c1,p32,l3,0.00
i41,e12,c1,p35,l3,0.00
i41,e12,c4,p01,l3,0.00
i41,e12,c4,p10,l3,0.00
i41,e12,c4,p16,l3,0.00
i41,e12,c4,p35,l3,0.00
i41,e13,c1,p01,l3,0.00
i41,e13,c1,p02,l3,0.00
i41,e13,c1,p03,l3,1.55
i41,e13,c1,p04,l3,0.00
i41,e13,c1,p05,l3,0.00
i41,e13,c1,p06,l3,0.00
i41,e13,c1,p07,l3,0.00
i41,e13,c1,p08,l3,0.00
i41,e13,c1,p09,l3,0.00
i41,e13,c1,p10,l3,1.07
i41,e13,c1,p11,l3,0.00
i41,e13,c1,p12,l3,0.00
i41,e13,c1,p13,l3,0.00
i41,e13,c1,p14,l3,0.00
i41,e13,c1,p15,l3,0.00
i41,e13,c1,p16,l3,0.00
i41,e13,c1,p17,l3,0.00
i41,e13,c1,p18,l3,0.00
i41,e13,c1,p19,l3,0.00
i41,e13,c1,p20,l3,0.00
i41,e13,c1,p21,l3,0.00
i41,e13,c1,p22,l3,0.00
i41,e13,c1,p23,l3,0.00
i41,e13,c1,p24,l3,0.00
i41,e13,c1,p25,l3,0.00
i41,e13,c1,p26,l3,0.00
i41,e13,c1,p28,l3,0.00
i41,e13,c1,p29,l3,0.00
i41,e13,c1,p30,l3,0.00
i41,e13,c1,p31,l3,0.00
i41,e13,c1,p32,l3,0.00
i41,e13,c1,p33,l3,0.00
i41,e13,c1,p34,l3,0.00
i41,e13,c1,p35,l3,0.00
i41,e13,c4,p01,l3,0.00
i41,e13,c4,p02,l3,0.00
i41,e13,c4,p19,l3,0.00
i41,e13,c4,p35,l3,0.00
i41,e13,c7,p35,l3,0.00
i42,e01,c3,p01,l3,0.00
i42,e01,c3,p04,l3,0.00
i42,e01,c3,p11,l3,0.00
i42,e01,c3,p19,l3,0.00
i42,e01,c5,p01,l3,0.00
i42,e01,c5,p02,l3,0.00
i42,e01,c5,p03,l3,0.00
i42,e01,c5,p04,l3,0.00
i42,e01,c5,p05,l3,0.00
i42,e01,c5,p06,l3,0.00
i42,e01,c5,p07,l3,0.00
i42,e01,c5,p08,l3,0.00
i42,e01,c5,p09,l3,0.00
i42,e01,c5,p10,l3,0.00
i42,e01,c5,p11,l3,0.00
i42,e01,c5,p13,l3,0.00
i42,e01,c5,p14,l3,0.00
i42,e01,c5,p15,l3,0.00
i42,e01,c5,p16,l3,0.00
i42,e01,c5,p17,l3,0.00
i42,e01,c5,p18,l3,0.00
i42,e01,c5,p19,l3,0.00
i42,e01,c5,p20,l3,0.00
i42,e01,c5,p21,l3,0.00
i42,e01,c5,p23,l3,0.00
i42,e01,c5,p24,l3,0.00
i42,e01,c5,p25,l3,0.00
i42,e01,c5,p26,l3,0.00
i42,e01,c5,p28,l3,0.00
i42,e01,c5,p29,l3,0.00
i42,e01,c5,p31,l3,0.00
i42,e01,c5,p32,l3,0.00
i42,e01,c5,p35,l3,0.00
i42,e02,c3,p01,l1,0.00
i42,e02,c3,p01,l3,0.00
i42,e02,c3,p02,l1,0.00
i42,e02,c3,p02,l3,0.00
i42,e02,c3,p03,l1,0.00
i42,e02,c3,p03,l3,0.00
i42,e02,c3,p04,l1,0.00
i42,e02,c3,p04,l3,0.00
i42,e02,c3,p05,l1,0.00
i42,e02,c3,p05,l3,0.00
i42,e02,c3,p06,l1,0.00
i42,e02,c3,p06,l3,0.00
i42,e02,c3,p07,l1,0.00
i42,e02,c3,p07,l3,0.00
i42,e02,c3,p08,l1,0.00
i42,e02,c3,p08,l3,0.00
i42,e02,c3,p09,l1,0.00
i42,e02,c3,p09,l3,0.00
i42,e02,c3,p10,l1,0.00
i42,e02,c3,p10,l3,0.00
i42,e02,c3,p11,l1,0.00
i42,e02,c3,p11,l3,0.00
i42,e02,c3,p12,l1,0.00
i42,e02,c3,p12,l3,0.00
i42,e02,c3,p13,l1,0.00
i42,e02,c3,p13,l3,0.00
i42,e02,c3,p14,l1,0.00
i42,e02,c3,p14,l3,0.00
i42,e02,c3,p15,l1,0.00
i42,e02,c3,p15,l3,0.00
i42,e02,c3,p16,l1,0.00
i42,e02,c3,p16,l3,0.00
i42,e02,c3,p17,l1,0.00
i42,e02,c3,p17,l3,0.00
i42,e02,c3,p18,l1,0.00
i42,e02,c3,p18,l3,0.00
i42,e02,c3,p19,l1,0.00
i42,e02,c3,p19,l3,0.00
i42,e02,c3,p20,l1,0.00
i42,e02,c3,p20,l3,0.00
i42,e02,c3,p21,l1,0.00
i42,e02,c3,p21,l3,0.00
i42,e02,c3,p22,l1,0.00
i42,e02,c3,p22,l3,0.00
i42,e02,c3,p23,l1,0.00
i42,e02,c3,p23,l3,0.00
i42,e02,c3,p24,l1,0.00
i42,e02,c3,p24,l3,0.00
i42,e02,c3,p25,l1,0.00
i42,e02,c3,p25,l3,0.00
i42,e02,c3,p26,l1,0.00
i42,e02,c3,p26,l3,0.00
i42,e02,c3,p27,l3,0.00
i42,e02,c3,p28,l1,0.00
i42,e02,c3,p28,l3,0.00
i42,e02,c3,p29,l1,0.00
i42,e02,c3,p29,l3,0.00
i42,e02,c3,p30,l1,0.00
i42,e02,c3,p30,l3,0.00
i42,e02,c3,p31,l1,0.00
i42,e02,c3,p31,l3,0.00
i42,e02,c3,p32,l1,0.00
i42,e02,c3,p32,l3,0.00
i42,e02,c3,p33,l1,0.00
i42,e02,c3,p33,l3,0.00
i42,e02,c3,p35,l1,0.00
i42,e02,c3,p35,l3,2.77
i42,e02,c5,p01,l1,0.00
i42,e02,c5,p01,l3,0.00
i42,e02,c5,p02,l1,0.00
i42,e02,c5,p02,l3,0.00
i42,e02,c5,p03,l1,0.00
i42,e02,c5,p03,l3,0.00
i42,e02,c5,p04,l1,0.00
i42,e02,c5,p04,l3,0.00
i42,e02,c5,p05,l1,0.00
i42,e02,c5,p05,l3,0.00
i42,e02,c5,p06,l1,0.00
i42,e02,c5,p06,l3,0.00
i42,e02,c5,p07,l1,0.00
i42,e02,c5,p07,l3,0.00
i42,e02,c5,p08,l1,0.00
i42,e02,c5,p08,l3,0.00
i42,e02,c5,p09,l1,0.00
i42,e02,c5,p09,l3,1.47
i42,e02,c5,p10,l1,0.00
i42,e02,c5,p10,l3,0.00
i42,e02,c5,p11,l1,0.00
i42,e02,c5,p11,l3,1.41
i42,e02,c5,p12,l1,0.00
i42,e02,c5,p12,l3,0.00
i42,e02,c5,p13,l1,0.00
i42,e02,c5,p13,l3,0.00
i42,e02,c5,p14,l1,0.00
i42,e02,c5,p14,l3,0.00
i42,e02,c5,p15,l1,0.00
i42,e02,c5,p15,l3,1.03
i42,e02,c5,p16,l1,0.00
i42,e02,c5,p16,l3,1.37
i42,e02,c5,p17,l1,0.00
i42,e02,c5,p17,l3,0.00
i42,e02,c5,p18,l1,0.00
i42,e02,c5,p18,l3,0.00
i42,e02,c5,p19,l1,0.00
i42,e02,c5,p19,l3,2.17
i42,e02,c5,p20,l1,0.00
i42,e02,c5,p20,l3,1.75
i42,e02,c5,p21,l1,0.00
i42,e02,c5,p21,l3,0.00
i42,e02,c5,p22,l1,0.00
i42,e02,c5,p22,l3,0.00
i42,e02,c5,p23,l1,0.00
i42,e02,c5,p23,l3,0.00
i42,e02,c5,p24,l1,0.00
i42,e02,c5,p24,l3,0.00
i42,e02,c5,p25,l1,0.00
i42,e02,c5,p25,l3,0.00
i42,e02,c5,p26,l1,0.00
i42,e02,c5,p26,l3,0.00
i42,e02,c5,p27,l1,0.00
i42,e02,c5,p27,l3,0.00
i42,e02,c5,p28,l1,0.00
i42,e02,c5,p28,l3,0.00
i42,e02,c5,p29,l1,0.00
i42,e02,c5,p29,l3,0.00
i42,e02,c5,p30,l1,0.00
i42,e02,c5,p30,l3,0.00
i42,e02,c5,p31,l1,0.00
i42,e02,c5,p31,l3,0.00
i42,e02,c5,p32,l1,0.00
i42,e02,c5,p32,l3,0.00
i42,e02,c5,p33,l1,0.00
i42,e02,c5,p33,l3,0.00
i42,e02,c5,p35,l1,0.00
i42,e02,c5,p35,l3,1.08
i42,e04,c3,p01,l1,0.00
i42,e04,c3,p09,l3,0.00
i42,e04,c3,p11,l3,0.00
i42,e04,c3,p14,l3,0.00
i42,e04,c3,p15,l3,0.00
i42,e04,c3,p16,l3,0.00
i42,e04,c3,p17,l1,0.00
i42,e04,c3,p19,l3,0.00
i42,e04,c3,p21,l3,0.00
i42,e04,c5,p01,l1,0.00
i42,e04,c5,p01,l3,0.00
i42,e04,c5,p02,l3,0.00
i42,e04,c5,p03,l3,0.00
i42,e04,c5,p04,l1,0.00
i42,e04,c5,p04,l3,0.00
i42,e04,c5,p05,l3,0.00
i42,e04,c5,p06,l1,0.00
i42,e04,c5,p06,l3,0.00
i42,e04,c5,p07,l3,0.00
i42,e04,c5,p08,l3,0.00
i42,e04,c5,p09,l1,0.00
i42,e04,c5,p09,l3,0.00
i42,e04,c5,p10,l1,0.00
i42,e04,c5,p10,l3,0.00
i42,e04,c5,p11,l3,0.00
i42,e04,c5,p12,l3,0.00
i42,e04,c5,p13,l3,0.00
i42,e04,c5,p14,l3,0.00
i42,e04,c5,p15,l1,0.00
i42,e04,c5,p15,l3,0.00
i42,e04,c5,p16,l1,0.00
i42,e04,c5,p16,l3,0.00
i42,e04,c5,p17,l3,0.00
i42,e04,c5,p18,l1,0.00
i42,e04,c5,p18,l3,0.00
i42,e04,c5,p19,l1,0.00
i42,e04,c5,p19,l3,0.00
i42,e04,c5,p20,l3,0.00
i42,e04,c5,p21,l1,0.00
i42,e04,c5,p21,l3,0.00
i42,e04,c5,p22,l3,0.00
i42,e04,c5,p23,l3,0.00
i42,e04,c5,p24,l3,0.00
i42,e04,c5,p25,l3,0.00
i42,e04,c5,p26,l1,0.00
i42,e04,c5,p26,l3,0.00
i42,e04,c5,p28,l1,0.00
i42,e04,c5,p28,l3,0.00
i42,e04,c5,p29,l1,0.00
i42,e04,c5,p29,l3,0.00
i42,e04,c5,p31,l1,0.00
i42,e04,c5,p31,l3,0.00
i42,e04,c5,p32,l3,0.00
i42,e04,c5,p35,l1,0.00
i42,e04,c5,p35,l3,0.00
i42,e05,c3,p01,l1,0.00
i42,e05,c3,p01,l3,0.00
i42,e05,c3,p02,l1,0.00
i42,e05,c3,p02,l3,0.00
i42,e05,c3,p03,l1,0.00
i42,e05,c3,p03,l3,0.00
i42,e05,c3,p04,l1,0.00
i42,e05,c3,p04,l3,0.00
i42,e05,c3,p05,l1,0.00
i42,e05,c3,p05,l3,0.00
i42,e05,c3,p06,l1,0.00
i42,e05,c3,p06,l3,0.00
i42,e05,c3,p07,l1,0.00
i42,e05,c3,p07,l3,0.00
i42,e05,c3,p08,l1,0.00
i42,e05,c3,p08,l3,0.00
i42,e05,c3,p09,l1,0.00
i42,e05,c3,p09,l3,0.00
i42,e05,c3,p10,l1,0.00
i42,e05,c3,p10,l3,0.00
i42,e05,c3,p11,l1,0.00
i42,e05,c3,p11,l3,0.00
i42,e05,c3,p12,l1,0.00
i42,e05,c3,p12,l3,0.00
i42,e05,c3,p13,l1,0.00
i42,e05,c3,p13,l3,0.00
i42,e05,c3,p14,l1,0.00
i42,e05,c3,p14,l3,0.00
i42,e05,c3,p15,l1,0.00
i42,e05,c3,p15,l3,0.00
i42,e05,c3,p16,l1,0.00
i42,e05,c3,p16,l3,0.00
i42,e05,c3,p17,l1,0.00
i42,e05,c3,p17,l3,0.00
i42,e05,c3,p18,l1,0.00
i42,e05,c3,p18,l3,0.00
i42,e05,c3,p19,l1,0.00
i42,e05,c3,p19,l3,0.00
i42,e05,c3,p20,l1,0.00
i42,e05,c3,p20,l3,0.00
i42,e05,c3,p21,l1,0.00
i42,e05,c3,p21,l3,0.00
i42,e05,c3,p22,l1,0.00
i42,e05,c3,p22,l3,0.00
i42,e05,c3,p23,l1,0.00
i42,e05,c3,p23,l3,0.00
i42,e05,c3,p24,l1,0.00
i42,e05,c3,p24,l3,0.00
i42,e05,c3,p25,l1,0.00
i42,e05,c3,p25,l3,0.00
i42,e05,c3,p26,l1,0.00
i42,e05,c3,p26,l3,0.00
i42,e05,c3,p27,l1,0.00
i42,e05,c3,p27,l3,0.00
i42,e05,c3,p28,l1,0.00
i42,e05,c3,p28,l3,0.00
i42,e05,c3,p29,l1,0.00
i42,e05,c3,p29,l3,0.00
i42,e05,c3,p30,l1,0.00
i42,e05,c3,p30,l3,0.00
i42,e05,c3,p31,l1,0.00
i42,e05,c3,p31,l3,0.00
i42,e05,c3,p32,l1,0.00
i42,e05,c3,p32,l3,0.00
i42,e05,c3,p33,l1,0.00
i42,e05,c3,p33,l3,0.00
i42,e05,c3,p35,l1,0.00
i42,e05,c3,p35,l3,2.09
i42,e05,c5,p01,l1,0.00
i42,e05,c5,p01,l3,0.00
i42,e05,c5,p02,l1,0.00
i42,e05,c5,p02,l3,0.00
i42,e05,c5,p03,l1,0.00
i42,e05,c5,p03,l3,1.29
i42,e05,c5,p04,l1,0.00
i42,e05,c5,p04,l3,0.00
i42,e05,c5,p05,l1,0.00
i42,e05,c5,p05,l3,5.62
i42,e05,c5,p06,l1,0.00
i42,e05,c5,p06,l3,1.62
i42,e05,c5,p07,l1,0.00
i42,e05,c5,p07,l3,1.57
i42,e05,c5,p08,l1,0.00
i42,e05,c5,p08,l3,0.00
i42,e05,c5,p09,l1,0.00
i42,e05,c5,p09,l3,0.00
i42,e05,c5,p10,l1,0.00
i42,e05,c5,p10,l3,21.24
i42,e05,c5,p11,l1,0.00
i42,e05,c5,p11,l3,5.12
i42,e05,c5,p12,l1,0.00
i42,e05,c5,p12,l3,0.00
i42,e05,c5,p13,l1,0.00
i42,e05,c5,p13,l3,0.00
i42,e05,c5,p14,l1,0.00
i42,e05,c5,p14,l3,0.00
i42,e05,c5,p15,l1,0.00
i42,e05,c5,p15,l3,4.06
i42,e05,c5,p16,l1,0.00
i42,e05,c5,p16,l3,1.27
i42,e05,c5,p17,l1,0.00
i42,e05,c5,p17,l3,0.00
i42,e05,c5,p18,l1,0.00
i42,e05,c5,p18,l3,1.17
i42,e05,c5,p19,l1,0.00
i42,e05,c5,p19,l3,4.77
i42,e05,c5,p20,l1,0.00
i42,e05,c5,p20,l3,0.00
i42,e05,c5,p21,l1,0.00
i42,e05,c5,p21,l3,2.06
i42,e05,c5,p22,l1,0.00
i42,e05,c5,p22,l3,0.00
i42,e05,c5,p23,l1,0.00
i42,e05,c5,p23,l3,1.22
i42,e05,c5,p24,l1,0.00
i42,e05,c5,p24,l3,0.00
i42,e05,c5,p25,l1,0.00
i42,e05,c5,p25,l3,1.33
i42,e05,c5,p26,l1,0.00
i42,e05,c5,p26,l3,0.00
i42,e05,c5,p27,l1,0.00
i42,e05,c5,p27,l3,0.00
i42,e05,c5,p28,l1,0.00
i42,e05,c5,p28,l3,1.27
i42,e05,c5,p29,l1,0.00
i42,e05,c5,p29,l3,1.11
i42,e05,c5,p30,l1,0.00
i42,e05,c5,p30,l3,0.00
i42,e05,c5,p31,l1,0.00
i42,e05,c5,p31,l3,0.00
i42,e05,c5,p32,l1,0.00
i42,e05,c5,p32,l3,0.00
i42,e05,c5,p33,l1,0.00
i42,e05,c5,p33,l3,0.00
i42,e05,c5,p35,l1,0.00
i42,e05,c5,p35,l3,89.48
i42,e05,c8,p10,l3,0.00
i42,e05,c8,p11,l3,0.00
i42,e05,c8,p15,l3,0.00
i42,e05,c8,p21,l3,0.00
i42,e05,c8,p22,l3,0.00
i42,e05,c8,p32,l3,0.00
i42,e05,c8,p35,l3,0.00
i42,e07,c5,p07,l2,0.00
i42,e07,c5,p07,l3,0.00
i42,e07,c5,p18,l2,0.00
i42,e08,c3,p09,l3,0.00
i42,e08,c3,p19,l3,0.00
i42,e08,c5,p01,l2,0.00
i42,e08,c5,p01,l3,0.00
i42,e08,c5,p02,l3,0.00
i42,e08,c5,p03,l2,0.00
i42,e08,c5,p03,l3,0.00
i42,e08,c5,p04,l2,0.00
i42,e08,c5,p04,l3,0.00
i42,e08,c5,p05,l2,0.00
i42,e08,c5,p05,l3,0.00
i42,e08,c5,p06,l3,0.00
i42,e08,c5,p07,l2,0.00
i42,e08,c5,p07,l3,0.00
i42,e08,c5,p08,l3,0.00
i42,e08,c5,p09,l3,0.00
i42,e08,c5,p10,l2,0.00
i42,e08,c5,p10,l3,0.00
i42,e08,c5,p11,l2,0.00
i42,e08,c5,p11,l3,0.00
i42,e08,c5,p12,l3,0.00
i42,e08,c5,p13,l2,0.00
i42,e08,c5,p13,l3,0.00
i42,e08,c5,p14,l2,0.00
i42,e08,c5,p14,l3,0.00
i42,e08,c5,p15,l3,0.00
i42,e08,c5,p16,l2,0.00
i42,e08,c5,p16,l3,0.00
i42,e08,c5,p17,l3,0.00
i42,e08,c5,p18,l3,0.00
i42,e08,c5,p19,l2,0.00
i42,e08,c5,p19,l3,0.00
i42,e08,c5,p20,l3,0.00
i42,e08,c5,p21,l2,0.00
i42,e08,c5,p21,l3,0.00
i42,e08,c5,p22,l3,0.00
i42,e08,c5,p23,l2,0.00
i42,e08,c5,p23,l3,0.00
i42,e08,c5,p24,l3,0.00
i42,e08,c5,p25,l3,0.00
i42,e08,c5,p26,l3,0.00
i42,e08,c5,p28,l2,0.00
i42,e08,c5,p28,l3,0.00
i42,e08,c5,p29,l3,0.00
i42,e08,c5,p31,l3,0.00
i42,e08,c5,p32,l3,0.00
i42,e08,c5,p35,l2,0.00
i42,e08,c5,p35,l3,0.00
i42,e09,c3,p01,l2,0.00
i42,e09,c3,p03,l3,0.00
i42,e09,c3,p04,l2,0.00
i42,e09,c3,p15,l2,0.00
i42,e09,c3,p15,l3,0.00
i42,e09,c3,p21,l3,0.00
i42,e09,c3,p29,l3,0.00
i42,e09,c3,p35,l3,0.00
i42,e09,c5,p01,l3,0.00
i42,e09,c5,p02,l3,0.00
i42,e09,c5,p04,l2,0.00
i42,e09,c5,p04,l3,0.00
i42,e09,c5,p05,l3,0.00
i42,e09,c5,p06,l2,0.00
i42,e09,c5,p06,l3,0.00
i42,e09,c5,p07,l3,0.00
i42,e09,c5,p08,l3,0.00
i42,e09,c5,p09,l2,0.00
i42,e09,c5,p10,l3,0.00
i42,e09,c5,p11,l3,0.00
i42,e09,c5,p12,l3,0.00
i42,e09,c5,p13,l3,0.00
i42,e09,c5,p14,l3,0.00
i42,e09,c5,p15,l2,0.00
i42,e09,c5,p15,l3,0.00
i42,e09,c5,p16,l2,0.00
i42,e09,c5,p16,l3,0.00
i42,e09,c5,p17,l3,0.00
i42,e09,c5,p18,l2,0.00
i42,e09,c5,p18,l3,0.00
i42,e09,c5,p19,l2,0.00
i42,e09,c5,p19,l3,0.00
i42,e09,c5,p20,l2,0.00
i42,e09,c5,p20,l3,0.00
i42,e09,c5,p21,l2,0.00
i42,e09,c5,p21,l3,0.00
i42,e09,c5,p22,l3,0.00
i42,e09,c5,p23,l3,0.00
i42,e09,c5,p24,l3,0.00
i42,e09,c5,p25,l3,0.00
i42,e09,c5,p26,l2,0.00
i42,e09,c5,p28,l2,0.00
i42,e09,c5,p29,l2,0.00
i42,e09,c5,p29,l3,0.00
i42,e09,c5,p31,l3,0.00
i42,e09,c5,p32,l3,0.00
i42,e09,c5,p35,l3,0.00
i42,e12,c3,p01,l3,0.00
i42,e12,c3,p02,l3,0.00
i42,e12,c3,p03,l3,0.00
i42,e12,c3,p04,l3,0.00
i42,e12,c3,p05,l3,0.00
i42,e12,c3,p06,l3,0.00
i42,e12,c3,p07,l3,0.00
i42,e12,c3,p08,l3,0.00
i42,e12,c3,p09,l3,0.00
i42,e12,c3,p10,l3,0.00
i42,e12,c3,p11,l3,0.00
i42,e12,c3,p12,l3,0.00
i42,e12,c3,p13,l3,0.00
i42,e12,c3,p14,l3,0.00
i42,e12,c3,p15,l3,0.00
i42,e12,c3,p16,l3,0.00
i42,e12,c3,p17,l3,0.00
i42,e12,c3,p18,l3,0.00
i42,e12,c3,p19,l3,0.00
i42,e12,c3,p20,l3,0.00
i42,e12,c3,p21,l3,0.00
i42,e12,c3,p22,l3,0.00
i42,e12,c3,p23,l3,0.00
i42,e12,c3,p24,l3,0.00
i42,e12,c3,p25,l3,0.00
i42,e12,c3,p26,l3,0.00
i42,e12,c3,p28,l3,0.00
i42,e12,c3,p29,l3,0.00
i42,e12,c3,p30,l3,0.00
i42,e12,c3,p31,l3,0.00
i42,e12,c3,p32,l3,0.00
i42,e12,c3,p33,l3,0.00
i42,e12,c3,p35,l3,0.00
i42,e12,c5,p01,l3,0.00
i42,e12,c5,p02,l3,0.00
i42,e12,c5,p03,l3,0.00
i42,e12,c5,p04,l3,0.00
i42,e12,c5,p05,l3,0.00
i42,e12,c5,p06,l3,0.00
i42,e12,c5,p07,l3,0.00
i42,e12,c5,p08,l3,0.00
i42,e12,c5,p09,l3,0.00
i42,e12,c5,p10,l3,0.00
i42,e12,c5,p11,l3,0.00
i42,e12,c5,p12,l3,0.00
i42,e12,c5,p13,l3,0.00
i42,e12,c5,p14,l3,0.00
i42,e12,c5,p15,l3,0.00
i42,e12,c5,p16,l3,0.00
i42,e12,c5,p17,l3,0.00
i42,e12,c5,p18,l3,0.00
i42,e12,c5,p19,l3,0.00
i42,e12,c5,p20,l3,0.00
i42,e12,c5,p21,l3,0.00
i42,e12,c5,p22,l3,0.00
i42,e12,c5,p23,l3,0.00
i42,e12,c5,p24,l3,0.00
i42,e12,c5,p25,l3,0.00
i42,e12,c5,p26,l3,0.00
i42,e12,c5,p28,l3,0.00
i42,e12,c5,p29,l3,0.00
i42,e12,c5,p30,l3,0.00
i42,e12,c5,p31,l3,0.00
i42,e12,c5,p32,l3,0.00
i42,e12,c5,p33,l3,0.00
i42,e12,c5,p35,l3,0.00
i42,e12,c8,p35,l3,0.00
i43,e01,c1,p01,l3,2.14
i43,e01,c1,p02,l3,0.00
i43,e01,c1,p03,l3,0.00
i43,e01,c1,p04,l3,0.00
i43,e01,c1,p05,l3,0.00
i43,e01,c1,p06,l3,0.00
i43,e01,c1,p07,l3,11.21
i43,e01,c1,p08,l3,0.00
i43,e01,c1,p09,l3,0.00
i43,e01,c1,p10,l3,12.53
i43,e01,c1,p11,l3,4.44
i43,e01,c1,p12,l3,2.27
i43,e01,c1,p13,l3,0.00
i43,e01,c1,p14,l3,0.00
i43,e01,c1,p15,l3,0.00
i43,e01,c1,p16,l3,0.00
i43,e01,c1,p17,l3,7.15
i43,e01,c1,p18,l3,0.00
i43,e01,c1,p19,l3,0.00
i43,e01,c1,p20,l3,0.00
i43,e01,c1,p21,l3,1.03
i43,e01,c1,p22,l3,0.00
i43,e01,c1,p23,l3,0.00
i43,e01,c1,p24,l3,0.00
i43,e01,c1,p25,l3,0.00
i43,e01,c1,p26,l3,0.00
i43,e01,c1,p27,l3,0.00
i43,e01,c1,p28,l3,0.00
i43,e01,c1,p29,l3,0.00
i43,e01,c1,p30,l3,0.00
i43,e01,c1,p31,l3,0.00
i43,e01,c1,p32,l3,0.00
i43,e01,c1,p33,l3,0.00
i43,e01,c1,p34,l3,0.00
i43,e01,c1,p35,l3,1.18
i43,e01,c4,p01,l3,0.00
i43,e01,c4,p02,l3,0.00
i43,e01,c4,p03,l3,0.00
i43,e01,c4,p04,l3,0.00
i43,e01,c4,p05,l3,0.00
i43,e01,c4,p06,l3,0.00
i43,e01,c4,p07,l3,0.00
i43,e01,c4,p08,l3,0.00
i43,e01,c4,p09,l3,0.00
i43,e01,c4,p10,l3,0.00
i43,e01,c4,p11,l3,0.00
i43,e01,c4,p12,l3,0.00
i43,e01,c4,p13,l3,0.00
i43,e01,c4,p14,l3,0.00
i43,e01,c4,p15,l3,0.00
i43,e01,c4,p16,l3,0.00
i43,e01,c4,p17,l3,0.00
i43,e01,c4,p18,l3,0.00
i43,e01,c4,p19,l3,0.00
i43,e01,c4,p20,l3,0.00
i43,e01,c4,p21,l3,0.00
i43,e01,c4,p22,l3,0.00
i43,e01,c4,p23,l3,0.00
i43,e01,c4,p24,l3,0.00
i43,e01,c4,p25,l3,0.00
i43,e01,c4,p26,l3,0.00
i43,e01,c4,p28,l3,0.00
i43,e01,c4,p29,l3,0.00
i43,e01,c4,p31,l3,0.00
i43,e01,c4,p32,l3,0.00
i43,e01,c4,p35,l3,0.00
i43,e01,c7,p01,l3,0.00
i43,e01,c7,p03,l3,0.00
i43,e01,c7,p07,l3,0.00
i43,e01,c7,p12,l3,0.00
i43,e01,c7,p13,l3,0.00
i43,e01,c7,p17,l3,0.00
i43,e01,c7,p19,l3,0.00
i43,e01,c7,p35,l3,0.00
i43,e03,c1,p01,l3,0.00
i43,e03,c1,p02,l3,0.00
i43,e03,c1,p03,l3,0.00
i43,e03,c1,p04,l3,0.00
i43,e03,c1,p05,l3,0.00
i43,e03,c1,p06,l3,0.00
i43,e03,c1,p07,l3,1.85
i43,e03,c1,p08,l3,0.00
i43,e03,c1,p09,l3,0.00
i43,e03,c1,p10,l3,1.41
i43,e03,c1,p11,l3,0.00
i43,e03,c1,p12,l3,0.00
i43,e03,c1,p13,l3,0.00
i43,e03,c1,p14,l3,0.00
i43,e03,c1,p15,l3,0.00
i43,e03,c1,p16,l3,0.00
i43,e03,c1,p17,l3,0.00
i43,e03,c1,p18,l3,0.00
i43,e03,c1,p19,l3,2.45
i43,e03,c1,p20,l3,0.00
i43,e03,c1,p21,l3,0.00
i43,e03,c1,p22,l3,0.00
i43,e03,c1,p23,l3,0.00
i43,e03,c1,p24,l3,0.00
i43,e03,c1,p25,l3,0.00
i43,e03,c1,p26,l3,0.00
i43,e03,c1,p28,l3,0.00
i43,e03,c1,p29,l3,0.00
i43,e03,c1,p30,l3,0.00
i43,e03,c1,p31,l3,0.00
i43,e03,c1,p32,l3,0.00
i43,e03,c1,p35,l3,0.00
i43,e03,c4,p01,l3,0.00
i43,e03,c4,p02,l3,0.00
i43,e03,c4,p03,l3,0.00
i43,e03,c4,p04,l3,0.00
i43,e03,c4,p05,l3,0.00
i43,e03,c4,p06,l3,0.00
i43,e03,c4,p07,l3,0.00
i43,e03,c4,p08,l3,0.00
i43,e03,c4,p09,l3,0.00
i43,e03,c4,p10,l3,0.00
i43,e03,c4,p11,l3,0.00
i43,e03,c4,p12,l3,0.00
i43,e03,c4,p13,l3,0.00
i43,e03,c4,p14,l3,0.00
i43,e03,c4,p15,l3,0.00
i43,e03,c4,p16,l3,0.00
i43,e03,c4,p17,l3,0.00
i43,e03,c4,p18,l3,0.00
i43,e03,c4,p19,l3,0.00
i43,e03,c4,p21,l3,0.00
i43,e03,c4,p23,l3,0.00
i43,e03,c4,p24,l3,0.00
i43,e03,c4,p25,l3,0.00
i43,e03,c4,p28,l3,0.00
i43,e03,c4,p29,l3,0.00
i43,e03,c4,p32,l3,0.00
i43,e03,c4,p35,l3,0.00
i43,e03,c7,p13,l3,0.00
i43,e03,c7,p17,l3,0.00
i43,e04,c1,p01,l1,0.00
i43,e04,c1,p01,l3,0.00
i43,e04,c1,p02,l1,0.00
i43,e04,c1,p02,l3,0.00
i43,e04,c1,p03,l1,0.00
i43,e04,c1,p03,l3,0.00
i43,e04,c1,p04,l1,0.00
i43,e04,c1,p04,l3,0.00
i43,e04,c1,p05,l1,0.00
i43,e04,c1,p05,l3,2.55
i43,e04,c1,p06,l1,0.00
i43,e04,c1,p06,l3,0.00
i43,e04,c1,p07,l1,0.00
i43,e04,c1,p07,l3,11.65
i43,e04,c1,p08,l1,0.00
i43,e04,c1,p08,l3,0.00
i43,e04,c1,p09,l1,0.00
i43,e04,c1,p09,l3,0.00
i43,e04,c1,p10,l1,0.00
i43,e04,c1,p10,l3,14.04
i43,e04,c1,p11,l1,0.00
i43,e04,c1,p11,l3,0.00
i43,e04,c1,p12,l1,0.00
i43,e04,c1,p12,l3,0.00
i43,e04,c1,p13,l1,0.00
i43,e04,c1,p13,l3,0.00
i43,e04,c1,p14,l1,0.00
i43,e04,c1,p14,l3,0.00
i43,e04,c1,p15,l1,0.00
i43,e04,c1,p15,l3,0.00
i43,e04,c1,p16,l1,0.00
i43,e04,c1,p16,l3,0.00
i43,e04,c1,p17,l1,0.00
i43,e04,c1,p17,l3,8.20
i43,e04,c1,p18,l1,0.00
i43,e04,c1,p18,l3,0.00
i43,e04,c1,p19,l1,0.00
i43,e04,c1,p19,l3,0.00
i43,e04,c1,p20,l1,0.00
i43,e04,c1,p20,l3,0.00
i43,e04,c1,p21,l1,0.00
i43,e04,c1,p21,l3,0.00
i43,e04,c1,p22,l1,0.00
i43,e04,c1,p22,l3,0.00
i43,e04,c1,p23,l1,0.00
i43,e04,c1,p23,l3,0.00
i43,e04,c1,p24,l1,0.00
i43,e04,c1,p24,l3,0.00
i43,e04,c1,p25,l1,0.00
i43,e04,c1,p25,l3,0.00
i43,e04,c1,p26,l1,0.00
i43,e04,c1,p26,l3,0.00
i43,e04,c1,p27,l3,0.00
i43,e04,c1,p28,l1,0.00
i43,e04,c1,p28,l3,0.00
i43,e04,c1,p29,l1,0.00
i43,e04,c1,p29,l3,0.00
i43,e04,c1,p30,l1,0.00
i43,e04,c1,p30,l3,0.00
i43,e04,c1,p31,l1,0.00
i43,e04,c1,p31,l3,0.00
i43,e04,c1,p32,l1,0.00
i43,e04,c1,p32,l3,0.00
i43,e04,c1,p33,l1,0.00
i43,e04,c1,p33,l3,0.00
i43,e04,c1,p34,l3,0.00
i43,e04,c1,p35,l1,0.00
i43,e04,c1,p35,l3,11.06
i43,e04,c4,p01,l1,0.00
i43,e04,c4,p01,l3,0.00
i43,e04,c4,p02,l3,0.00
i43,e04,c4,p03,l1,0.00
i43,e04,c4,p03,l3,0.00
i43,e04,c4,p04,l1,0.00
i43,e04,c4,p04,l3,0.00
i43,e04,c4,p05,l1,0.00
i43,e04,c4,p05,l3,0.00
i43,e04,c4,p06,l1,0.00
i43,e04,c4,p06,l3,0.00
i43,e04,c4,p07,l1,0.00
i43,e04,c4,p07,l3,0.00
i43,e04,c4,p08,l3,0.00
i43,e04,c4,p09,l1,0.00
i43,e04,c4,p09,l3,0.00
i43,e04,c4,p10,l1,0.00
i43,e04,c4,p10,l3,0.00
i43,e04,c4,p11,l1,0.00
i43,e04,c4,p11,l3,0.00
i43,e04,c4,p12,l1,0.00
i43,e04,c4,p12,l3,0.00
i43,e04,c4,p13,l3,0.00
i43,e04,c4,p14,l3,0.00
i43,e04,c4,p15,l3,0.00
i43,e04,c4,p16,l3,0.00
i43,e04,c4,p17,l3,0.00
i43,e04,c4,p18,l3,0.00
i43,e04,c4,p19,l1,0.00
i43,e04,c4,p19,l3,0.00
i43,e04,c4,p20,l3,0.00
i43,e04,c4,p21,l3,0.00
i43,e04,c4,p22,l3,0.00
i43,e04,c4,p23,l3,0.00
i43,e04,c4,p24,l3,0.00
i43,e04,c4,p25,l3,0.00
i43,e04,c4,p26,l1,0.00
i43,e04,c4,p28,l3,0.00
i43,e04,c4,p29,l1,0.00
i43,e04,c4,p29,l3,0.00
i43,e04,c4,p31,l3,0.00
i43,e04,c4,p32,l3,0.00
i43,e04,c4,p35,l1,0.00
i43,e04,c4,p35,l3,0.00
i43,e04,c7,p03,l1,0.00
i43,e04,c7,p06,l3,0.00
i43,e04,c7,p07,l3,0.00
i43,e04,c7,p12,l3,0.00
i43,e04,c7,p13,l3,0.00
i43,e04,c7,p17,l3,0.00
i43,e04,c7,p19,l3,0.00
i43,e04,c7,p35,l3,0.00
i43,e05,c1,p01,l1,0.00
i43,e05,c1,p01,l3,0.00
i43,e05,c1,p02,l1,0.00
i43,e05,c1,p02,l3,0.00
i43,e05,c1,p03,l1,0.00
i43,e05,c1,p03,l3,0.00
i43,e05,c1,p04,l1,0.00
i43,e05,c1,p04,l3,0.00
i43,e05,c1,p05,l1,0.00
i43,e05,c1,p05,l3,0.00
i43,e05,c1,p06,l1,0.00
i43,e05,c1,p06,l3,0.00
i43,e05,c1,p07,l1,0.00
i43,e05,c1,p07,l3,0.00
i43,e05,c1,p08,l1,0.00
i43,e05,c1,p08,l3,0.00
i43,e05,c1,p09,l1,0.00
i43,e05,c1,p09,l3,0.00
i43,e05,c1,p10,l1,0.00
i43,e05,c1,p10,l3,0.00
i43,e05,c1,p11,l1,0.00
i43,e05,c1,p11,l3,0.00
i43,e05,c1,p12,l1,0.00
i43,e05,c1,p12,l3,0.00
i43,e05,c1,p13,l1,0.00
i43,e05,c1,p13,l3,0.00
i43,e05,c1,p14,l1,0.00
i43,e05,c1,p14,l3,0.00
i43,e05,c1,p15,l1,0.00
i43,e05,c1,p15,l3,0.00
i43,e05,c1,p16,l1,0.00
i43,e05,c1,p16,l3,0.00
i43,e05,c1,p17,l1,0.00
i43,e05,c1,p17,l3,0.00
i43,e05,c1,p18,l1,0.00
i43,e05,c1,p18,l3,0.00
i43,e05,c1,p19,l1,0.00
i43,e05,c1,p19,l3,0.00
i43,e05,c1,p20,l1,0.00
i43,e05,c1,p20,l3,0.00
i43,e05,c1,p21,l1,0.00
i43,e05,c1,p21,l3,0.00
i43,e05,c1,p22,l1,0.00
i43,e05,c1,p22,l3,0.00
i43,e05,c1,p23,l1,0.00
i43,e05,c1,p23,l3,0.00
i43,e05,c1,p24,l1,0.00
i43,e05,c1,p24,l3,0.00
i43,e05,c1,p25,l1,0.00
i43,e05,c1,p25,l3,0.00
i43,e05,c1,p26,l1,0.00
i43,e05,c1,p26,l3,0.00
i43,e05,c1,p28,l1,0.00
i43,e05,c1,p28,l3,0.00
i43,e05,c1,p29,l1,0.00
i43,e05,c1,p29,l3,0.00
i43,e05,c1,p30,l1,0.00
i43,e05,c1,p31,l1,0.00
i43,e05,c1,p31,l3,0.00
i43,e05,c1,p32,l1,0.00
i43,e05,c1,p32,l3,0.00
i43,e05,c1,p35,l1,0.00
i43,e05,c1,p35,l3,0.00
i43,e05,c4,p03,l3,0.00
i43,e05,c4,p04,l3,0.00
i43,e05,c4,p05,l3,0.00
i43,e05,c4,p06,l1,0.00
i43,e05,c4,p07,l3,0.00
i43,e05,c4,p11,l3,0.00
i43,e05,c4,p12,l1,0.00
i43,e05,c4,p17,l3,0.00
i43,e05,c4,p23,l3,0.00
i43,e05,c4,p24,l3,0.00
i43,e05,c4,p29,l1,0.00
i43,e05,c4,p35,l1,0.00
i43,e05,c4,p35,l3,0.00
i43,e06,c1,p01,l3,0.00
i43,e06,c1,p10,l3,0.00
i43,e07,c1,p01,l2,0.00
i43,e07,c1,p01,l3,1.02
i43,e07,c1,p02,l2,0.00
i43,e07,c1,p02,l3,0.00
i43,e07,c1,p03,l2,0.00
i43,e07,c1,p03,l3,1.53
i43,e07,c1,p04,l2,0.00
i43,e07,c1,p04,l3,0.00
i43,e07,c1,p05,l2,0.00
i43,e07,c1,p05,l3,0.00
i43,e07,c1,p06,l2,0.00
i43,e07,c1,p06,l3,0.00
i43,e07,c1,p07,l2,0.00
i43,e07,c1,p07,l3,0.00
i43,e07,c1,p08,l2,0.00
i43,e07,c1,p08,l3,0.00
i43,e07,c1,p09,l2,0.00
i43,e07,c1,p09,l3,0.00
i43,e07,c1,p10,l2,0.00
i43,e07,c1,p10,l3,4.10
i43,e07,c1,p11,l2,0.00
i43,e07,c1,p11,l3,0.00
i43,e07,c1,p12,l2,0.00
i43,e07,c1,p12,l3,0.00
i43,e07,c1,p13,l2,0.00
i43,e07,c1,p13,l3,0.00
i43,e07,c1,p14,l2,0.00
i43,e07,c1,p14,l3,0.00
i43,e07,c1,p15,l2,0.00
i43,e07,c1,p15,l3,0.00
i43,e07,c1,p16,l2,0.00
i43,e07,c1,p16,l3,0.00
i43,e07,c1,p17,l2,0.00
i43,e07,c1,p17,l3,0.00
i43,e07,c1,p18,l2,0.00
i43,e07,c1,p18,l3,0.00
i43,e07,c1,p19,l2,0.00
i43,e07,c1,p19,l3,0.00
i43,e07,c1,p20,l2,0.00
i43,e07,c1,p20,l3,0.00
i43,e07,c1,p21,l2,0.00
i43,e07,c1,p21,l3,0.00
i43,e07,c1,p22,l2,0.00
i43,e07,c1,p22,l3,0.00
i43,e07,c1,p23,l2,0.00
i43,e07,c1,p23,l3,0.00
i43,e07,c1,p24,l2,0.00
i43,e07,c1,p24,l3,0.00
i43,e07,c1,p25,l2,0.00
i43,e07,c1,p25,l3,0.00
i43,e07,c1,p26,l2,0.00
i43,e07,c1,p26,l3,0.00
i43,e07,c1,p28,l2,0.00
i43,e07,c1,p28,l3,0.00
i43,e07,c1,p29,l2,0.00
i43,e07,c1,p29,l3,0.00
i43,e07,c1,p30,l2,0.00
i43,e07,c1,p31,l2,0.00
i43,e07,c1,p31,l3,0.00
i43,e07,c1,p32,l2,0.00
i43,e07,c1,p32,l3,0.00
i43,e07,c1,p33,l2,0.00
i43,e07,c1,p33,l3,0.00
i43,e07,c1,p35,l2,0.00
i43,e07,c1,p35,l3,0.00
i43,e07,c4,p01,l2,0.00
i43,e07,c4,p01,l3,0.00
i43,e07,c4,p02,l2,0.00
i43,e07,c4,p02,l3,0.00
i43,e07,c4,p03,l2,0.00
i43,e07,c4,p03,l3,0.00
i43,e07,c4,p04,l2,0.00
i43,e07,c4,p04,l3,0.00
i43,e07,c4,p05,l2,0.00
i43,e07,c4,p05,l3,0.00
i43,e07,c4,p06,l2,0.00
i43,e07,c4,p06,l3,0.00
i43,e07,c4,p07,l2,0.00
i43,e07,c4,p07,l3,0.00
i43,e07,c4,p08,l2,0.00
i43,e07,c4,p08,l3,0.00
i43,e07,c4,p09,l2,0.00
i43,e07,c4,p09,l3,0.00
i43,e07,c4,p10,l2,0.00
i43,e07,c4,p10,l3,0.00
i43,e07,c4,p11,l2,0.00
i43,e07,c4,p11,l3,0.00
i43,e07,c4,p12,l2,0.00
i43,e07,c4,p12,l3,0.00
i43,e07,c4,p13,l2,0.00
i43,e07,c4,p13,l3,0.00
i43,e07,c4,p14,l2,0.00
i43,e07,c4,p14,l3,0.00
i43,e07,c4,p15,l2,0.00
i43,e07,c4,p17,l2,0.00
i43,e07,c4,p17,l3,0.00
i43,e07,c4,p18,l3,0.00
i43,e07,c4,p19,l2,0.00
i43,e07,c4,p19,l3,0.00
i43,e07,c4,p20,l2,0.00
i43,e07,c4,p21,l2,0.00
i43,e07,c4,p21,l3,0.00
i43,e07,c4,p24,l2,0.00
i43,e07,c4,p26,l2,0.00
i43,e07,c4,p28,l2,0.00
i43,e07,c4,p28,l3,0.00
i43,e07,c4,p29,l2,0.00
i43,e07,c4,p29,l3,0.00
i43,e07,c4,p31,l2,0.00
i43,e07,c4,p32,l2,0.00
i43,e07,c4,p35,l2,0.00
i43,e07,c4,p35,l3,0.00
i43,e07,c7,p03,l2,0.00
i43,e07,c7,p17,l2,0.00
i43,e07,c7,p17,l3,0.00
i43,e07,c7,p18,l2,0.00
i43,e08,c1,p01,l2,0.00
i43,e08,c1,p01,l3,0.00
i43,e08,c1,p02,l2,0.00
i43,e08,c1,p02,l3,0.00
i43,e08,c1,p03,l2,0.00
i43,e08,c1,p03,l3,0.00
i43,e08,c1,p04,l2,0.00
i43,e08,c1,p04,l3,0.00
i43,e08,c1,p05,l2,0.00
i43,e08,c1,p05,l3,0.00
i43,e08,c1,p06,l2,0.00
i43,e08,c1,p06,l3,0.00
i43,e08,c1,p07,l2,0.00
i43,e08,c1,p07,l3,15.53
i43,e08,c1,p08,l2,0.00
i43,e08,c1,p08,l3,0.00
i43,e08,c1,p09,l2,0.00
i43,e08,c1,p09,l3,0.00
i43,e08,c1,p10,l2,0.00
i43,e08,c1,p10,l3,3.14
i43,e08,c1,p11,l2,0.00
i43,e08,c1,p11,l3,0.00
i43,e08,c1,p12,l2,0.00
i43,e08,c1,p12,l3,0.00
i43,e08,c1,p13,l2,0.00
i43,e08,c1,p13,l3,0.00
i43,e08,c1,p14,l2,0.00
i43,e08,c1,p14,l3,0.00
i43,e08,c1,p15,l2,0.00
i43,e08,c1,p15,l3,0.00
i43,e08,c1,p16,l2,0.00
i43,e08,c1,p16,l3,0.00
i43,e08,c1,p17,l2,0.00
i43,e08,c1,p17,l3,2.22
i43,e08,c1,p18,l2,0.00
i43,e08,c1,p18,l3,0.00
i43,e08,c1,p19,l2,0.00
i43,e08,c1,p19,l3,0.00
i43,e08,c1,p20,l2,0.00
i43,e08,c1,p20,l3,0.00
i43,e08,c1,p21,l2,0.00
i43,e08,c1,p21,l3,0.00
i43,e08,c1,p22,l2,0.00
i43,e08,c1,p22,l3,0.00
i43,e08,c1,p23,l2,0.00
i43,e08,c1,p23,l3,0.00
i43,e08,c1,p24,l2,0.00
i43,e08,c1,p24,l3,0.00
i43,e08,c1,p25,l2,0.00
i43,e08,c1,p25,l3,0.00
i43,e08,c1,p26,l2,0.00
i43,e08,c1,p26,l3,0.00
i43,e08,c1,p27,l3,0.00
i43,e08,c1,p28,l2,0.00
i43,e08,c1,p28,l3,0.00
i43,e08,c1,p29,l2,0.00
i43,e08,c1,p29,l3,0.00
i43,e08,c1,p30,l3,0.00
i43,e08,c1,p31,l2,0.00
i43,e08,c1,p31,l3,0.00
i43,e08,c1,p32,l2,0.00
i43,e08,c1,p32,l3,0.00
i43,e08,c1,p33,l2,0.00
i43,e08,c1,p33,l3,0.00
i43,e08,c1,p34,l3,0.00
i43,e08,c1,p35,l2,0.00
i43,e08,c1,p35,l3,0.00
i43,e08,c4,p01,l2,0.00
i43,e08,c4,p01,l3,0.00
i43,e08,c4,p02,l2,0.00
i43,e08,c4,p02,l3,0.00
i43,e08,c4,p03,l2,0.00
i43,e08,c4,p03,l3,0.00
i43,e08,c4,p04,l2,0.00
i43,e08,c4,p04,l3,0.00
i43,e08,c4,p05,l2,0.00
i43,e08,c4,p05,l3,0.00
i43,e08,c4,p06,l2,0.00
i43,e08,c4,p06,l3,0.00
i43,e08,c4,p07,l2,0.00
i43,e08,c4,p07,l3,0.00
i43,e08,c4,p08,l3,0.00
i43,e08,c4,p09,l2,0.00
i43,e08,c4,p09,l3,0.00
i43,e08,c4,p10,l2,0.00
i43,e08,c4,p10,l3,0.00
i43,e08,c4,p11,l2,0.00
i43,e08,c4,p11,l3,0.00
i43,e08,c4,p12,l2,0.00
i43,e08,c4,p12,l3,0.00
i43,e08,c4,p13,l2,0.00
i43,e08,c4,p13,l3,0.00
i43,e08,c4,p14,l3,0.00
i43,e08,c4,p15,l2,0.00
i43,e08,c4,p15,l3,0.00
i43,e08,c4,p16,l3,0.00
i43,e08,c4,p17,l3,0.00
i43,e08,c4,p18,l3,0.00
i43,e08,c4,p19,l2,0.00
i43,e08,c4,p19,l3,0.00
i43,e08,c4,p20,l3,0.00
i43,e08,c4,p21,l3,0.00
i43,e08,c4,p22,l3,0.00
i43,e08,c4,p23,l2,0.00
i43,e08,c4,p23,l3,0.00
i43,e08,c4,p24,l3,0.00
i43,e08,c4,p25,l3,0.00
i43,e08,c4,p26,l2,0.00
i43,e08,c4,p28,l2,0.00
i43,e08,c4,p28,l3,0.00
i43,e08,c4,p29,l2,0.00
i43,e08,c4,p29,l3,0.00
i43,e08,c4,p31,l2,0.00
i43,e08,c4,p31,l3,0.00
i43,e08,c4,p32,l2,0.00
i43,e08,c4,p32,l3,0.00
i43,e08,c4,p35,l2,0.00
i43,e08,c4,p35,l3,0.00
i43,e08,c7,p01,l3,0.00
i43,e08,c7,p03,l2,0.00
i43,e08,c7,p13,l3,0.00
i43,e08,c7,p17,l3,0.00
i43,e08,c7,p19,l3,0.00
i43,e08,c7,p35,l3,0.00
i43,e09,c1,p01,l2,0.00
i43,e09,c1,p01,l3,2.08
i43,e09,c1,p02,l2,0.00
i43,e09,c1,p02,l3,0.00
i43,e09,c1,p03,l2,0.00
i43,e09,c1,p03,l3,0.00
i43,e09,c1,p04,l2,0.00
i43,e09,c1,p04,l3,0.00
i43,e09,c1,p05,l2,0.00
i43,e09,c1,p05,l3,2.29
i43,e09,c1,p06,l2,0.00
i43,e09,c1,p06,l3,0.00
i43,e09,c1,p07,l2,0.00
i43,e09,c1,p07,l3,7.72
i43,e09,c1,p08,l2,0.00
i43,e09,c1,p08,l3,1.14
i43,e09,c1,p09,l2,0.00
i43,e09,c1,p09,l3,0.00
i43,e09,c1,p10,l2,0.00
i43,e09,c1,p10,l3,6.17
i43,e09,c1,p11,l2,0.00
i43,e09,c1,p11,l3,0.00
i43,e09,c1,p12,l2,0.00
i43,e09,c1,p12,l3,1.53
i43,e09,c1,p13,l2,0.00
i43,e09,c1,p13,l3,0.00
i43,e09,c1,p14,l2,0.00
i43,e09,c1,p14,l3,0.00
i43,e09,c1,p15,l2,0.00
i43,e09,c1,p15,l3,1.04
i43,e09,c1,p16,l2,0.00
i43,e09,c1,p16,l3,0.00
i43,e09,c1,p17,l2,0.00
i43,e09,c1,p17,l3,1.82
i43,e09,c1,p18,l2,0.00
i43,e09,c1,p18,l3,0.00
i43,e09,c1,p19,l2,0.00
i43,e09,c1,p19,l3,0.00
i43,e09,c1,p20,l2,0.00
i43,e09,c1,p20,l3,0.00
i43,e09,c1,p21,l2,0.00
i43,e09,c1,p21,l3,0.00
i43,e09,c1,p22,l2,0.00
i43,e09,c1,p22,l3,0.00
i43,e09,c1,p23,l2,0.00
i43,e09,c1,p23,l3,0.00
i43,e09,c1,p24,l2,0.00
i43,e09,c1,p24,l3,0.00
i43,e09,c1,p25,l2,0.00
i43,e09,c1,p25,l3,0.00
i43,e09,c1,p26,l2,0.00
i43,e09,c1,p26,l3,0.00
i43,e09,c1,p27,l3,0.00
i43,e09,c1,p28,l2,0.00
i43,e09,c1,p28,l3,0.00
i43,e09,c1,p29,l2,0.00
i43,e09,c1,p29,l3,0.00
i43,e09,c1,p30,l2,0.00
i43,e09,c1,p30,l3,0.00
i43,e09,c1,p31,l2,0.00
i43,e09,c1,p31,l3,0.00
i43,e09,c1,p32,l2,0.00
i43,e09,c1,p32,l3,0.00
i43,e09,c1,p33,l2,0.00
i43,e09,c1,p33,l3,0.00
i43,e09,c1,p34,l3,0.00
i43,e09,c1,p35,l2,0.00
i43,e09,c1,p35,l3,1.30
i43,e09,c4,p01,l2,0.00
i43,e09,c4,p01,l3,0.00
i43,e09,c4,p02,l2,0.00
i43,e09,c4,p02,l3,0.00
i43,e09,c4,p03,l2,0.00
i43,e09,c4,p03,l3,0.00
i43,e09,c4,p04,l2,0.00
i43,e09,c4,p04,l3,0.00
i43,e09,c4,p05,l2,0.00
i43,e09,c4,p05,l3,0.00
i43,e09,c4,p06,l2,0.00
i43,e09,c4,p06,l3,0.00
i43,e09,c4,p07,l2,0.00
i43,e09,c4,p07,l3,0.00
i43,e09,c4,p08,l2,0.00
i43,e09,c4,p08,l3,0.00
i43,e09,c4,p09,l2,0.00
i43,e09,c4,p09,l3,0.00
i43,e09,c4,p10,l2,0.00
i43,e09,c4,p10,l3,0.00
i43,e09,c4,p11,l2,0.00
i43,e09,c4,p11,l3,0.00
i43,e09,c4,p12,l2,0.00
i43,e09,c4,p12,l3,0.00
i43,e09,c4,p13,l2,0.00
i43,e09,c4,p13,l3,0.00
i43,e09,c4,p14,l3,0.00
i43,e09,c4,p15,l2,0.00
i43,e09,c4,p15,l3,0.00
i43,e09,c4,p16,l3,0.00
i43,e09,c4,p17,l2,0.00
i43,e09,c4,p17,l3,0.00
i43,e09,c4,p18,l3,0.00
i43,e09,c4,p19,l2,0.00
i43,e09,c4,p19,l3,0.00
i43,e09,c4,p20,l3,0.00
i43,e09,c4,p21,l2,0.00
i43,e09,c4,p21,l3,0.00
i43,e09,c4,p22,l3,0.00
i43,e09,c4,p23,l2,0.00
i43,e09,c4,p23,l3,0.00
i43,e09,c4,p24,l2,0.00
i43,e09,c4,p24,l3,0.00
i43,e09,c4,p25,l2,0.00
i43,e09,c4,p25,l3,0.00
i43,e09,c4,p26,l2,0.00
i43,e09,c4,p26,l3,0.00
i43,e09,c4,p28,l2,0.00
i43,e09,c4,p28,l3,0.00
i43,e09,c4,p29,l2,0.00
i43,e09,c4,p29,l3,0.00
i43,e09,c4,p31,l2,0.00
i43,e09,c4,p31,l3,0.00
i43,e09,c4,p32,l3,0.00
i43,e09,c4,p35,l2,0.00
i43,e09,c4,p35,l3,0.00
i43,e09,c7,p03,l2,0.00
i43,e09,c7,p03,l3,0.00
i43,e09,c7,p06,l3,0.00
i43,e09,c7,p07,l3,0.00
i43,e09,c7,p11,l3,0.00
i43,e09,c7,p12,l3,0.00
i43,e09,c7,p13,l3,0.00
i43,e09,c7,p17,l3,0.00
i43,e09,c7,p19,l3,0.00
i43,e09,c7,p35,l3,0.00
i43,e10,c1,p01,l3,0.00
i43,e10,c1,p01,l4,0.00
i43,e10,c1,p10,l2,0.00
i43,e10,c1,p10,l3,0.00
i43,e10,c1,p10,l4,0.00
i43,e11,c1,p01,l2,0.00
i43,e11,c1,p01,l3,0.00
i43,e11,c1,p02,l2,0.00
i43,e11,c1,p02,l3,0.00
i43,e11,c1,p03,l2,0.00
i43,e11,c1,p03,l3,0.00
i43,e11,c1,p04,l2,0.00
i43,e11,c1,p04,l3,0.00
i43,e11,c1,p05,l2,0.00
i43,e11,c1,p05,l3,0.00
i43,e11,c1,p06,l2,0.00
i43,e11,c1,p06,l3,0.00
i43,e11,c1,p07,l2,0.00
i43,e11,c1,p07,l3,0.00
i43,e11,c1,p08,l2,0.00
i43,e11,c1,p08,l3,0.00
i43,e11,c1,p09,l2,0.00
i43,e11,c1,p09,l3,0.00
i43,e11,c1,p10,l2,0.00
i43,e11,c1,p10,l3,0.00
i43,e11,c1,p11,l2,0.00
i43,e11,c1,p11,l3,0.00
i43,e11,c1,p12,l2,0.00
i43,e11,c1,p12,l3,0.00
i43,e11,c1,p13,l2,0.00
i43,e11,c1,p13,l3,0.00
i43,e11,c1,p14,l2,0.00
i43,e11,c1,p14,l3,0.00
i43,e11,c1,p15,l2,0.00
i43,e11,c1,p15,l3,0.00
i43,e11,c1,p16,l2,0.00
i43,e11,c1,p16,l3,0.00
i43,e11,c1,p17,l2,0.00
i43,e11,c1,p17,l3,0.00
i43,e11,c1,p18,l2,0.00
i43,e11,c1,p18,l3,0.00
i43,e11,c1,p19,l2,0.00
i43,e11,c1,p19,l3,0.00
i43,e11,c1,p20,l2,0.00
i43,e11,c1,p20,l3,0.00
i43,e11,c1,p21,l2,0.00
i43,e11,c1,p21,l3,0.00
i43,e11,c1,p22,l2,0.00
i43,e11,c1,p22,l3,0.00
i43,e11,c1,p23,l2,0.00
i43,e11,c1,p23,l3,0.00
i43,e11,c1,p24,l2,0.00
i43,e11,c1,p24,l3,0.00
i43,e11,c1,p25,l2,0.00
i43,e11,c1,p25,l3,0.00
i43,e11,c1,p26,l2,0.00
i43,e11,c1,p26,l3,0.00
i43,e11,c1,p28,l2,0.00
i43,e11,c1,p28,l3,0.00
i43,e11,c1,p29,l2,0.00
i43,e11,c1,p29,l3,0.00
i43,e11,c1,p30,l2,0.00
i43,e11,c1,p31,l2,0.00
i43,e11,c1,p31,l3,0.00
i43,e11,c1,p32,l2,0.00
i43,e11,c1,p32,l3,0.00
i43,e11,c1,p33,l2,0.00
i43,e11,c1,p33,l3,0.00
i43,e11,c1,p35,l2,0.00
i43,e11,c1,p35,l3,0.00
i43,e11,c4,p01,l2,0.00
i43,e11,c4,p01,l3,0.00
i43,e11,c4,p02,l3,0.00
i43,e11,c4,p03,l2,0.00
i43,e11,c4,p03,l3,0.00
i43,e11,c4,p04,l2,0.00
i43,e11,c4,p05,l3,0.00
i43,e11,c4,p06,l3,0.00
i43,e11,c4,p07,l2,0.00
i43,e11,c4,p07,l3,0.00
i43,e11,c4,p08,l3,0.00
i43,e11,c4,p09,l2,0.00
i43,e11,c4,p09,l3,0.00
i43,e11,c4,p10,l2,0.00
i43,e11,c4,p10,l3,0.00
i43,e11,c4,p11,l2,0.00
i43,e11,c4,p11,l3,0.00
i43,e11,c4,p17,l3,0.00
i43,e11,c4,p18,l3,0.00
i43,e11,c4,p19,l2,0.00
i43,e11,c4,p21,l3,0.00
i43,e11,c4,p22,l3,0.00
i43,e11,c4,p24,l2,0.00
i43,e11,c4,p25,l2,0.00
i43,e11,c4,p25,l3,0.00
i43,e11,c4,p28,l3,0.00
i43,e11,c4,p31,l2,0.00
i43,e11,c4,p31,l3,0.00
i43,e11,c4,p35,l2,0.00
i43,e11,c4,p35,l3,0.00
i43,e11,c7,p17,l3,0.00
i43,e12,c1,p01,l3,0.00
i43,e12,c1,p02,l3,0.00
i43,e12,c1,p03,l3,0.00
i43,e12,c1,p04,l3,0.00
i43,e12,c1,p05,l3,0.00
i43,e12,c1,p06,l3,0.00
i43,e12,c1,p07,l3,0.00
i43,e12,c1,p08,l3,0.00
i43,e12,c1,p09,l3,0.00
i43,e12,c1,p10,l3,0.00
i43,e12,c1,p11,l3,0.00
i43,e12,c1,p12,l3,0.00
i43,e12,c1,p13,l3,0.00
i43,e12,c1,p14,l3,0.00
i43,e12,c1,p15,l3,0.00
i43,e12,c1,p16,l3,0.00
i43,e12,c1,p17,l3,0.00
i43,e12,c1,p18,l3,0.00
i43,e12,c1,p19,l3,0.00
i43,e12,c1,p20,l3,0.00
i43,e12,c1,p21,l3,0.00
i43,e12,c1,p22,l3,0.00
i43,e12,c1,p23,l3,0.00
i43,e12,c1,p24,l3,0.00
i43,e12,c1,p25,l3,0.00
i43,e12,c1,p26,l3,0.00
i43,e12,c1,p28,l3,0.00
i43,e12,c1,p29,l3,0.00
i43,e12,c1,p31,l3,0.00
i43,e12,c1,p32,l3,0.00
i43,e12,c1,p33,l3,0.00
i43,e12,c1,p35,l3,0.00
i43,e12,c4,p01,l3,0.00
i43,e12,c4,p02,l3,0.00
i43,e12,c4,p03,l3,0.00
i43,e12,c4,p04,l3,0.00
i43,e12,c4,p05,l3,0.00
i43,e12,c4,p06,l3,0.00
i43,e12,c4,p07,l3,0.00
i43,e12,c4,p08,l3,0.00
i43,e12,c4,p09,l3,0.00
i43,e12,c4,p10,l3,0.00
i43,e12,c4,p11,l3,0.00
i43,e12,c4,p12,l3,0.00
i43,e12,c4,p13,l3,0.00
i43,e12,c4,p14,l3,0.00
i43,e12,c4,p15,l3,0.00
i43,e12,c4,p17,l3,0.00
i43,e12,c4,p18,l3,0.00
i43,e12,c4,p19,l3,0.00
i43,e12,c4,p21,l3,0.00
i43,e12,c4,p24,l3,0.00
i43,e12,c4,p26,l3,0.00
i43,e12,c4,p29,l3,0.00
i43,e12,c4,p31,l3,0.00
i43,e12,c4,p32,l3,0.00
i43,e12,c4,p35,l3,0.00
i43,e12,c7,p17,l3,0.00
i43,e12,c7,p18,l3,0.00
i43,e12,c7,p21,l3,0.00
i43,e12,c7,p35,l3,0.00
i44,e01,c3,p01,l3,0.00
i44,e01,c3,p02,l3,0.00
i44,e01,c3,p03,l3,0.00
i44,e01,c3,p04,l3,0.00
i44,e01,c3,p05,l3,0.00
i44,e01,c3,p06,l3,0.00
i44,e01,c3,p07,l3,0.00
i44,e01,c3,p08,l3,0.00
i44,e01,c3,p09,l3,0.00
i44,e01,c3,p10,l3,0.00
i44,e01,c3,p11,l3,0.00
i44,e01,c3,p12,l3,0.00
i44,e01,c3,p13,l3,0.00
i44,e01,c3,p14,l3,0.00
i44,e01,c3,p15,l3,0.00
i44,e01,c3,p16,l3,0.00
i44,e01,c3,p17,l3,0.00
i44,e01,c3,p18,l3,0.00
i44,e01,c3,p19,l3,0.00
i44,e01,c3,p20,l3,0.00
i44,e01,c3,p21,l3,0.00
i44,e01,c3,p22,l3,0.00
i44,e01,c3,p23,l3,0.00
i44,e01,c3,p24,l3,0.00
i44,e01,c3,p25,l3,0.00
i44,e01,c3,p28,l3,0.00
i44,e01,c3,p29,l3,0.00
i44,e01,c3,p32,l3,0.00
i44,e01,c3,p35,l3,0.00
i44,e01,c5,p01,l3,0.00
i44,e01,c5,p10,l3,0.00
i44,e02,c3,p03,l1,0.00
i44,e02,c3,p04,l1,0.00
i44,e02,c3,p05,l1,0.00
i44,e02,c3,p06,l1,0.00
i44,e02,c3,p10,l1,0.00
i44,e02,c3,p10,l3,0.00
i44,e02,c3,p14,l1,0.00
i44,e02,c3,p15,l1,0.00
i44,e02,c3,p16,l1,0.00
i44,e02,c3,p21,l1,0.00
i44,e02,c3,p24,l1,0.00
i44,e02,c3,p28,l1,0.00
i44,e02,c3,p35,l1,0.00
i44,e02,c3,p35,l3,0.00
i44,e04,c3,p01,l1,0.00
i44,e04,c3,p01,l3,0.00
i44,e04,c3,p02,l1,0.00
i44,e04,c3,p02,l3,0.00
i44,e04,c3,p03,l1,0.00
i44,e04,c3,p03,l3,0.00
i44,e04,c3,p04,l1,0.00
i44,e04,c3,p04,l3,0.00
i44,e04,c3,p05,l1,0.00
i44,e04,c3,p05,l3,0.00
i44,e04,c3,p06,l1,0.00
i44,e04,c3,p06,l3,0.00
i44,e04,c3,p07,l1,0.00
i44,e04,c3,p07,l3,0.00
i44,e04,c3,p08,l1,0.00
i44,e04,c3,p08,l3,0.00
i44,e04,c3,p09,l1,0.00
i44,e04,c3,p09,l3,0.00
i44,e04,c3,p10,l1,0.00
i44,e04,c3,p10,l3,0.00
i44,e04,c3,p11,l1,0.00
i44,e04,c3,p11,l3,0.00
i44,e04,c3,p12,l1,0.00
i44,e04,c3,p12,l3,0.00
i44,e04,c3,p13,l1,0.00
i44,e04,c3,p13,l3,0.00
i44,e04,c3,p14,l1,0.00
i44,e04,c3,p14,l3,0.00
i44,e04,c3,p15,l1,0.00
i44,e04,c3,p15,l3,0.00
i44,e04,c3,p16,l1,0.00
i44,e04,c3,p16,l3,0.00
i44,e04,c3,p17,l1,0.00
i44,e04,c3,p17,l3,0.00
i44,e04,c3,p18,l1,0.00
i44,e04,c3,p18,l3,0.00
i44,e04,c3,p19,l1,0.00
i44,e04,c3,p19,l3,0.00
i44,e04,c3,p20,l1,0.00
i44,e04,c3,p21,l1,0.00
i44,e04,c3,p21,l3,0.00
i44,e04,c3,p22,l1,0.00
i44,e04,c3,p23,l1,0.00
i44,e04,c3,p23,l3,0.00
i44,e04,c3,p24,l1,0.00
i44,e04,c3,p24,l3,0.00
i44,e04,c3,p25,l1,0.00
i44,e04,c3,p28,l1,0.00
i44,e04,c3,p28,l3,0.00
i44,e04,c3,p29,l1,0.00
i44,e04,c3,p29,l3,0.00
i44,e04,c3,p32,l1,0.00
i44,e04,c3,p32,l3,0.00
i44,e04,c3,p35,l1,0.00
i44,e04,c3,p35,l3,0.00
i44,e04,c5,p01,l1,0.00
i44,e04,c5,p01,l3,0.00
i44,e04,c5,p06,l1,0.00
i44,e04,c5,p10,l3,0.00
i44,e04,c5,p13,l3,0.00
i44,e04,c5,p16,l1,0.00
i44,e05,c3,p10,l3,0.00
i44,e05,c3,p15,l3,0.00
i44,e05,c3,p24,l1,0.00
i44,e05,c3,p24,l3,0.00
i44,e05,c3,p35,l1,0.00
i44,e05,c3,p35,l3,0.00
i44,e05,c5,p10,l3,0.00
i44,e05,c5,p35,l3,0.00
i44,e05,c8,p24,l3,0.00
i44,e05,c8,p35,l3,0.00
i44,e08,c3,p01,l2,0.00
i44,e08,c3,p01,l3,0.00
i44,e08,c3,p02,l2,0.00
i44,e08,c3,p02,l3,0.00
i44,e08,c3,p03,l2,0.00
i44,e08,c3,p03,l3,0.00
i44,e08,c3,p04,l2,0.00
i44,e08,c3,p04,l3,0.00
i44,e08,c3,p05,l2,0.00
i44,e08,c3,p06,l2,0.00
i44,e08,c3,p06,l3,0.00
i44,e08,c3,p07,l2,0.00
i44,e08,c3,p07,l3,0.00
i44,e08,c3,p08,l2,0.00
i44,e08,c3,p08,l3,0.00
i44,e08,c3,p09,l2,0.00
i44,e08,c3,p09,l3,0.00
i44,e08,c3,p10,l2,0.00
i44,e08,c3,p10,l3,0.00
i44,e08,c3,p11,l2,0.00
i44,e08,c3,p11,l3,0.00
i44,e08,c3,p12,l2,0.00
i44,e08,c3,p12,l3,0.00
i44,e08,c3,p13,l2,0.00
i44,e08,c3,p13,l3,0.00
i44,e08,c3,p14,l2,0.00
i44,e08,c3,p14,l3,0.00
i44,e08,c3,p15,l2,0.00
i44,e08,c3,p15,l3,0.00
i44,e08,c3,p16,l2,0.00
i44,e08,c3,p16,l3,0.00
i44,e08,c3,p17,l2,0.00
i44,e08,c3,p17,l3,0.00
i44,e08,c3,p18,l2,0.00
i44,e08,c3,p18,l3,0.00
i44,e08,c3,p19,l2,0.00
i44,e08,c3,p19,l3,0.00
i44,e08,c3,p20,l2,0.00
i44,e08,c3,p21,l2,0.00
i44,e08,c3,p21,l3,0.00
i44,e08,c3,p22,l2,0.00
i44,e08,c3,p23,l2,0.00
i44,e08,c3,p23,l3,0.00
i44,e08,c3,p24,l2,0.00
i44,e08,c3,p24,l3,0.00
i44,e08,c3,p25,l2,0.00
i44,e08,c3,p28,l2,0.00
i44,e08,c3,p28,l3,0.00
i44,e08,c3,p29,l2,0.00
i44,e08,c3,p29,l3,0.00
i44,e08,c3,p32,l2,0.00
i44,e08,c3,p35,l2,0.00
i44,e08,c3,p35,l3,0.00
i44,e08,c5,p01,l2,0.00
i44,e08,c5,p10,l3,0.00
i44,e08,c5,p13,l3,0.00
i44,e08,c5,p35,l2,0.00
i44,e08,c5,p35,l3,0.00
i44,e08,c8,p10,l3,0.00
i44,e08,c8,p35,l3,0.00
i44,e09,c3,p01,l2,0.00
i44,e09,c3,p02,l2,0.00
i44,e09,c3,p02,l3,0.00
i44,e09,c3,p03,l2,0.00
i44,e09,c3,p03,l3,0.00
i44,e09,c3,p04,l2,0.00
i44,e09,c3,p04,l3,0.00
i44,e09,c3,p05,l2,0.00
i44,e09,c3,p06,l2,0.00
i44,e09,c3,p06,l3,0.00
i44,e09,c3,p07,l2,0.00
i44,e09,c3,p07,l3,0.00
i44,e09,c3,p08,l2,0.00
i44,e09,c3,p08,l3,0.00
i44,e09,c3,p09,l2,0.00
i44,e09,c3,p09,l3,0.00
i44,e09,c3,p10,l2,0.00
i44,e09,c3,p10,l3,0.00
i44,e09,c3,p11,l2,0.00
i44,e09,c3,p11,l3,0.00
i44,e09,c3,p12,l2,0.00
i44,e09,c3,p12,l3,0.00
i44,e09,c3,p13,l2,0.00
i44,e09,c3,p13,l3,0.00
i44,e09,c3,p14,l2,0.00
i44,e09,c3,p14,l3,0.00
i44,e09,c3,p15,l2,0.00
i44,e09,c3,p15,l3,0.00
i44,e09,c3,p16,l2,0.00
i44,e09,c3,p16,l3,0.00
i44,e09,c3,p17,l2,0.00
i44,e09,c3,p17,l3,0.00
i44,e09,c3,p18,l2,0.00
i44,e09,c3,p18,l3,0.00
i44,e09,c3,p19,l2,0.00
i44,e09,c3,p19,l3,0.00
i44,e09,c3,p20,l2,0.00
i44,e09,c3,p21,l2,0.00
i44,e09,c3,p21,l3,0.00
i44,e09,c3,p22,l2,0.00
i44,e09,c3,p23,l2,0.00
i44,e09,c3,p23,l3,0.00
i44,e09,c3,p24,l2,0.00
i44,e09,c3,p24,l3,0.00
i44,e09,c3,p25,l2,0.00
i44,e09,c3,p28,l2,0.00
i44,e09,c3,p28,l3,0.00
i44,e09,c3,p29,l2,0.00
i44,e09,c3,p29,l3,0.00
i44,e09,c3,p32,l2,0.00
i44,e09,c3,p32,l3,0.00
i44,e09,c3,p35,l2,0.00
i44,e09,c3,p35,l3,0.00
i44,e09,c5,p01,l2,0.00
i44,e09,c5,p01,l3,0.00
i44,e09,c5,p10,l3,0.00
i44,e09,c8,p10,l3,0.00
i44,e11,c3,p01,l2,0.00
i44,e11,c3,p02,l2,0.00
i44,e11,c3,p02,l3,0.00
i44,e11,c3,p03,l2,0.00
i44,e11,c3,p03,l3,0.00
i44,e11,c3,p04,l2,0.00
i44,e11,c3,p04,l3,0.00
i44,e11,c3,p05,l2,0.00
i44,e11,c3,p06,l2,0.00
i44,e11,c3,p06,l3,0.00
i44,e11,c3,p07,l2,0.00
i44,e11,c3,p07,l3,0.00
i44,e11,c3,p08,l2,0.00
i44,e11,c3,p08,l3,0.00
i44,e11,c3,p09,l2,0.00
i44,e11,c3,p09,l3,0.00
i44,e11,c3,p10,l2,0.00
i44,e11,c3,p10,l3,0.00
i44,e11,c3,p11,l2,0.00
i44,e11,c3,p11,l3,0.00
i44,e11,c3,p12,l2,0.00
i44,e11,c3,p12,l3,0.00
i44,e11,c3,p13,l2,0.00
i44,e11,c3,p13,l3,0.00
i44,e11,c3,p14,l2,0.00
i44,e11,c3,p15,l2,0.00
i44,e11,c3,p15,l3,0.00
i44,e11,c3,p17,l2,0.00
i44,e11,c3,p18,l2,0.00
i44,e11,c3,p18,l3,0.00
i44,e11,c3,p19,l2,0.00
i44,e11,c3,p19,l3,0.00
i44,e11,c3,p20,l2,0.00
i44,e11,c3,p21,l2,0.00
i44,e11,c3,p21,l3,0.00
i44,e11,c3,p22,l2,0.00
i44,e11,c3,p23,l2,0.00
i44,e11,c3,p23,l3,0.00
i44,e11,c3,p24,l2,0.00
i44,e11,c3,p25,l2,0.00
i44,e11,c3,p28,l2,0.00
i44,e11,c3,p29,l2,0.00
i44,e11,c3,p32,l2,0.00
i44,e11,c3,p32,l3,0.00
i44,e11,c3,p35,l2,0.00
i44,e11,c3,p35,l3,0.00
i45,e01,c1,p01,l3,0.00
i45,e01,c1,p03,l3,0.00
i45,e01,c1,p04,l3,0.00
i45,e01,c1,p05,l3,0.00
i45,e01,c1,p06,l3,0.00
i45,e01,c1,p07,l3,0.00
i45,e01,c1,p08,l3,0.00
i45,e01,c1,p09,l3,0.00
i45,e01,c1,p10,l3,0.00
i45,e01,c1,p11,l3,0.00
i45,e01,c1,p12,l3,0.00
i45,e01,c1,p13,l3,0.00
i45,e01,c1,p14,l3,0.00
i45,e01,c1,p15,l3,0.00
i45,e01,c1,p16,l3,0.00
i45,e01,c1,p17,l3,0.00
i45,e01,c1,p18,l3,0.00
i45,e01,c1,p19,l3,1.17
i45,e01,c1,p20,l3,0.00
i45,e01,c1,p21,l3,0.00
i45,e01,c1,p22,l3,0.00
i45,e01,c1,p23,l3,0.00
i45,e01,c1,p24,l3,0.00
i45,e01,c1,p25,l3,0.00
i45,e01,c1,p26,l3,0.00
i45,e01,c1,p28,l3,0.00
i45,e01,c1,p29,l3,0.00
i45,e01,c1,p30,l3,0.00
i45,e01,c1,p32,l3,0.00
i45,e01,c1,p35,l3,0.00
i45,e04,c1,p01,l1,0.00
i45,e04,c1,p01,l3,0.00
i45,e04,c1,p02,l1,0.00
i45,e04,c1,p02,l3,0.00
i45,e04,c1,p03,l1,0.00
i45,e04,c1,p03,l3,0.00
i45,e04,c1,p04,l1,0.00
i45,e04,c1,p04,l3,0.00
i45,e04,c1,p05,l1,0.00
i45,e04,c1,p05,l3,0.00
i45,e04,c1,p06,l3,0.00
i45,e04,c1,p07,l1,0.00
i45,e04,c1,p07,l3,0.00
i45,e04,c1,p08,l3,0.00
i45,e04,c1,p09,l1,0.00
i45,e04,c1,p09,l3,0.00
i45,e04,c1,p10,l1,0.00
i45,e04,c1,p10,l3,0.00
i45,e04,c1,p11,l1,0.00
i45,e04,c1,p11,l3,0.00
i45,e04,c1,p12,l1,0.00
i45,e04,c1,p12,l3,0.00
i45,e04,c1,p13,l1,0.00
i45,e04,c1,p13,l3,0.00
i45,e04,c1,p14,l1,0.00
i45,e04,c1,p14,l3,0.00
i45,e04,c1,p15,l1,0.00
i45,e04,c1,p15,l3,0.00
i45,e04,c1,p16,l1,0.00
i45,e04,c1,p16,l3,0.00
i45,e04,c1,p17,l1,0.00
i45,e04,c1,p17,l3,0.00
i45,e04,c1,p18,l1,0.00
i45,e04,c1,p18,l3,0.00
i45,e04,c1,p19,l1,0.00
i45,e04,c1,p19,l3,0.00
i45,e04,c1,p20,l3,0.00
i45,e04,c1,p21,l1,0.00
i45,e04,c1,p21,l3,0.00
i45,e04,c1,p22,l1,0.00
i45,e04,c1,p22,l3,0.00
i45,e04,c1,p23,l1,0.00
i45,e04,c1,p23,l3,0.00
i45,e04,c1,p24,l3,0.00
i45,e04,c1,p25,l1,0.00
i45,e04,c1,p25,l3,0.00
i45,e04,c1,p26,l1,0.00
i45,e04,c1,p28,l3,0.00
i45,e04,c1,p29,l1,0.00
i45,e04,c1,p29,l3,0.00
i45,e04,c1,p32,l1,0.00
i45,e04,c1,p32,l3,0.00
i45,e04,c1,p35,l1,0.00
i45,e04,c1,p35,l3,0.00
i45,e05,c1,p35,l1,0.00
i45,e05,c1,p35,l3,0.00
i45,e09,c1,p01,l2,0.00
i45,e09,c1,p01,l3,0.00
i45,e09,c1,p02,l2,0.00
i45,e09,c1,p02,l3,0.00
i45,e09,c1,p03,l2,0.00
i45,e09,c1,p03,l3,0.00
i45,e09,c1,p04,l2,0.00
i45,e09,c1,p04,l3,0.00
i45,e09,c1,p05,l2,0.00
i45,e09,c1,p05,l3,0.00
i45,e09,c1,p06,l3,0.00
i45,e09,c1,p07,l2,0.00
i45,e09,c1,p07,l3,0.00
i45,e09,c1,p08,l2,0.00
i45,e09,c1,p08,l3,0.00
i45,e09,c1,p09,l2,0.00
i45,e09,c1,p09,l3,0.00
i45,e09,c1,p10,l2,0.00
i45,e09,c1,p10,l3,0.00
i45,e09,c1,p11,l2,0.00
i45,e09,c1,p11,l3,0.00
i45,e09,c1,p12,l2,0.00
i45,e09,c1,p12,l3,0.00
i45,e09,c1,p13,l2,0.00
i45,e09,c1,p13,l3,0.00
i45,e09,c1,p14,l2,0.00
i45,e09,c1,p14,l3,0.00
i45,e09,c1,p15,l2,0.00
i45,e09,c1,p15,l3,0.00
i45,e09,c1,p16,l2,0.00
i45,e09,c1,p16,l3,0.00
i45,e09,c1,p17,l2,0.00
i45,e09,c1,p17,l3,0.00
i45,e09,c1,p18,l2,0.00
i45,e09,c1,p18,l3,0.00
i45,e09,c1,p19,l2,0.00
i45,e09,c1,p19,l3,0.00
i45,e09,c1,p20,l2,0.00
i45,e09,c1,p20,l3,0.00
i45,e09,c1,p21,l2,0.00
i45,e09,c1,p21,l3,0.00
i45,e09,c1,p22,l2,0.00
i45,e09,c1,p22,l3,0.00
i45,e09,c1,p23,l2,0.00
i45,e09,c1,p23,l3,0.00
i45,e09,c1,p24,l2,0.00
i45,e09,c1,p24,l3,0.00
i45,e09,c1,p25,l3,0.00
i45,e09,c1,p26,l2,0.00
i45,e09,c1,p28,l2,0.00
i45,e09,c1,p28,l3,0.00
i45,e09,c1,p29,l2,0.00
i45,e09,c1,p29,l3,0.00
i45,e09,c1,p30,l3,0.00
i45,e09,c1,p32,l2,0.00
i45,e09,c1,p32,l3,0.00
i45,e09,c1,p35,l2,0.00
i45,e09,c1,p35,l3,0.00
i46,e01,c1,p01,l3,0.00
i46,e01,c1,p02,l3,0.00
i46,e01,c1,p03,l3,0.00
i46,e01,c1,p04,l3,0.00
i46,e01,c1,p05,l3,0.00
i46,e01,c1,p06,l3,0.00
i46,e01,c1,p07,l3,0.00
i46,e01,c1,p08,l3,0.00
i46,e01,c1,p09,l3,0.00
i46,e01,c1,p10,l3,2.35
i46,e01,c1,p11,l3,2.13
i46,e01,c1,p12,l3,0.00
i46,e01,c1,p13,l3,2.06
i46,e01,c1,p14,l3,0.00
i46,e01,c1,p15,l3,2.73
i46,e01,c1,p16,l3,0.00
i46,e01,c1,p17,l3,0.00
i46,e01,c1,p18,l3,0.00
i46,e01,c1,p19,l3,0.00
i46,e01,c1,p20,l3,0.00
i46,e01,c1,p21,l3,0.00
i46,e01,c1,p22,l3,0.00
i46,e01,c1,p23,l3,0.00
i46,e01,c1,p24,l3,0.00
i46,e01,c1,p25,l3,0.00
i46,e01,c1,p26,l3,0.00
i46,e01,c1,p27,l3,0.00
i46,e01,c1,p28,l3,0.00
i46,e01,c1,p29,l3,0.00
i46,e01,c1,p30,l3,0.00
i46,e01,c1,p31,l3,0.00
i46,e01,c1,p32,l3,0.00
i46,e01,c1,p33,l3,0.00
i46,e01,c1,p34,l3,0.00
i46,e01,c1,p35,l3,41.37
i46,e01,c4,p01,l3,0.00
i46,e01,c4,p02,l3,0.00
i46,e01,c4,p03,l3,0.00
i46,e01,c4,p04,l3,0.00
i46,e01,c4,p05,l3,0.00
i46,e01,c4,p06,l3,0.00
i46,e01,c4,p07,l3,0.00
i46,e01,c4,p08,l3,0.00
i46,e01,c4,p09,l3,0.00
i46,e01,c4,p10,l3,0.00
i46,e01,c4,p11,l3,0.00
i46,e01,c4,p12,l3,0.00
i46,e01,c4,p13,l3,0.00
i46,e01,c4,p14,l3,0.00
i46,e01,c4,p15,l3,0.00
i46,e01,c4,p16,l3,0.00
i46,e01,c4,p17,l3,0.00
i46,e01,c4,p18,l3,0.00
i46,e01,c4,p19,l3,5.55
i46,e01,c4,p20,l3,0.00
i46,e01,c4,p21,l3,1.56
i46,e01,c4,p22,l3,0.00
i46,e01,c4,p23,l3,0.00
i46,e01,c4,p24,l3,0.00
i46,e01,c4,p25,l3,0.00
i46,e01,c4,p26,l3,0.00
i46,e01,c4,p27,l3,0.00
i46,e01,c4,p28,l3,0.00
i46,e01,c4,p29,l3,0.00
i46,e01,c4,p30,l3,0.00
i46,e01,c4,p31,l3,0.00
i46,e01,c4,p32,l3,0.00
i46,e01,c4,p33,l3,0.00
i46,e01,c4,p34,l3,0.00
i46,e01,c4,p35,l3,0.00
i46,e01,c7,p01,l3,0.00
i46,e01,c7,p02,l3,0.00
i46,e01,c7,p03,l3,0.00
i46,e01,c7,p04,l3,0.00
i46,e01,c7,p05,l3,0.00
i46,e01,c7,p10,l3,0.00
i46,e01,c7,p11,l3,0.00
i46,e01,c7,p12,l3,0.00
i46,e01,c7,p13,l3,0.00
i46,e01,c7,p14,l3,0.00
i46,e01,c7,p15,l3,0.00
i46,e01,c7,p16,l3,0.00
i46,e01,c7,p18,l3,0.00
i46,e01,c7,p19,l3,0.00
i46,e01,c7,p22,l3,0.00
i46,e01,c7,p24,l3,0.00
i46,e01,c7,p35,l3,0.00
i46,e04,c1,p01,l1,0.00
i46,e04,c1,p01,l3,0.00
i46,e04,c1,p02,l1,0.00
i46,e04,c1,p02,l3,0.00
i46,e04,c1,p03,l1,0.00
i46,e04,c1,p03,l3,0.00
i46,e04,c1,p04,l1,0.00
i46,e04,c1,p04,l3,0.00
i46,e04,c1,p05,l1,0.00
i46,e04,c1,p05,l3,0.00
i46,e04,c1,p06,l1,0.00
i46,e04,c1,p06,l3,0.00
i46,e04,c1,p07,l1,0.00
i46,e04,c1,p07,l3,0.00
i46,e04,c1,p08,l1,0.00
i46,e04,c1,p08,l3,0.00
i46,e04,c1,p09,l1,0.00
i46,e04,c1,p09,l3,0.00
i46,e04,c1,p10,l1,0.00
i46,e04,c1,p10,l3,0.00
i46,e04,c1,p11,l1,0.00
i46,e04,c1,p11,l3,0.00
i46,e04,c1,p12,l1,0.00
i46,e04,c1,p12,l3,0.00
i46,e04,c1,p13,l1,0.00
i46,e04,c1,p13,l3,0.00
i46,e04,c1,p14,l1,0.00
i46,e04,c1,p14,l3,0.00
i46,e04,c1,p15,l1,0.00
i46,e04,c1,p15,l3,1.35
i46,e04,c1,p16,l1,0.00
i46,e04,c1,p16,l3,0.00
i46,e04,c1,p17,l1,0.00
i46,e04,c1,p17,l3,1.45
i46,e04,c1,p18,l1,0.00
i46,e04,c1,p18,l3,0.00
i46,e04,c1,p19,l1,0.00
i46,e04,c1,p19,l3,6.32
i46,e04,c1,p20,l1,0.00
i46,e04,c1,p20,l3,0.00
i46,e04,c1,p21,l1,0.00
i46,e04,c1,p21,l3,1.16
i46,e04,c1,p22,l1,0.00
i46,e04,c1,p22,l3,0.00
i46,e04,c1,p23,l1,0.00
i46,e04,c1,p23,l3,0.00
i46,e04,c1,p24,l1,0.00
i46,e04,c1,p24,l3,0.00
i46,e04,c1,p25,l1,0.00
i46,e04,c1,p25,l3,0.00
i46,e04,c1,p26,l1,0.00
i46,e04,c1,p26,l3,0.00
i46,e04,c1,p27,l3,0.00
i46,e04,c1,p28,l1,0.00
i46,e04,c1,p28,l3,0.00
i46,e04,c1,p29,l1,0.00
i46,e04,c1,p29,l3,0.00
i46,e04,c1,p30,l1,0.00
i46,e04,c1,p30,l3,0.00
i46,e04,c1,p31,l1,0.00
i46,e04,c1,p31,l3,0.00
i46,e04,c1,p32,l1,0.00
i46,e04,c1,p32,l3,0.00
i46,e04,c1,p33,l1,0.00
i46,e04,c1,p33,l3,0.00
i46,e04,c1,p34,l1,0.00
i46,e04,c1,p34,l3,0.00
i46,e04,c1,p35,l1,0.00
i46,e04,c1,p35,l3,24.18
i46,e04,c4,p01,l1,0.00
i46,e04,c4,p01,l3,0.00
i46,e04,c4,p02,l1,0.00
i46,e04,c4,p02,l3,0.00
i46,e04,c4,p03,l1,0.00
i46,e04,c4,p03,l3,0.00
i46,e04,c4,p04,l1,0.00
i46,e04,c4,p04,l3,0.00
i46,e04,c4,p05,l1,0.00
i46,e04,c4,p05,l3,0.00
i46,e04,c4,p06,l1,0.00
i46,e04,c4,p06,l3,0.00
i46,e04,c4,p07,l1,0.00
i46,e04,c4,p07,l3,0.00
i46,e04,c4,p08,l1,0.00
i46,e04,c4,p08,l3,0.00
i46,e04,c4,p09,l1,0.00
i46,e04,c4,p09,l3,0.00
i46,e04,c4,p10,l1,0.00
i46,e04,c4,p10,l3,0.00
i46,e04,c4,p11,l1,0.00
i46,e04,c4,p11,l3,0.00
i46,e04,c4,p12,l1,0.00
i46,e04,c4,p12,l3,0.00
i46,e04,c4,p13,l1,0.00
i46,e04,c4,p13,l3,0.00
i46,e04,c4,p14,l1,0.00
i46,e04,c4,p14,l3,0.00
i46,e04,c4,p15,l1,0.00
i46,e04,c4,p15,l3,0.00
i46,e04,c4,p16,l1,0.00
i46,e04,c4,p16,l3,0.00
i46,e04,c4,p17,l1,0.00
i46,e04,c4,p17,l3,0.00
i46,e04,c4,p18,l1,0.00
i46,e04,c4,p18,l3,0.00
i46,e04,c4,p19,l1,0.00
i46,e04,c4,p19,l3,10.40
i46,e04,c4,p20,l1,0.00
i46,e04,c4,p20,l3,0.00
i46,e04,c4,p21,l1,0.00
i46,e04,c4,p21,l3,0.00
i46,e04,c4,p22,l1,0.00
i46,e04,c4,p22,l3,0.00
i46,e04,c4,p23,l1,0.00
i46,e04,c4,p23,l3,0.00
i46,e04,c4,p24,l1,0.00
i46,e04,c4,p24,l3,0.00
i46,e04,c4,p25,l1,0.00
i46,e04,c4,p25,l3,0.00
i46,e04,c4,p26,l1,0.00
i46,e04,c4,p26,l3,0.00
i46,e04,c4,p27,l3,0.00
i46,e04,c4,p28,l1,0.00
i46,e04,c4,p28,l3,0.00
i46,e04,c4,p29,l1,0.00
i46,e04,c4,p29,l3,0.00
i46,e04,c4,p30,l1,0.00
i46,e04,c4,p30,l3,0.00
i46,e04,c4,p31,l1,0.00
i46,e04,c4,p31,l3,0.00
i46,e04,c4,p32,l1,0.00
i46,e04,c4,p32,l3,0.00
i46,e04,c4,p33,l1,0.00
i46,e04,c4,p33,l3,0.00
i46,e04,c4,p34,l3,0.00
i46,e04,c4,p35,l1,0.00
i46,e04,c4,p35,l3,16.41
i46,e04,c7,p01,l3,0.00
i46,e04,c7,p02,l3,0.00
i46,e04,c7,p03,l3,0.00
i46,e04,c7,p04,l1,0.00
i46,e04,c7,p04,l3,0.00
i46,e04,c7,p05,l3,0.00
i46,e04,c7,p10,l3,0.00
i46,e04,c7,p11,l1,0.00
i46,e04,c7,p11,l3,0.00
i46,e04,c7,p12,l1,0.00
i46,e04,c7,p13,l3,0.00
i46,e04,c7,p14,l3,0.00
i46,e04,c7,p15,l3,0.00
i46,e04,c7,p16,l3,0.00
i46,e04,c7,p18,l3,0.00
i46,e04,c7,p19,l3,0.00
i46,e04,c7,p21,l3,0.00
i46,e04,c7,p24,l3,0.00
i46,e04,c7,p35,l1,0.00
i46,e04,c7,p35,l3,0.00
i46,e05,c1,p01,l1,0.00
i46,e05,c1,p01,l3,0.00
i46,e05,c1,p02,l1,0.00
i46,e05,c1,p02,l3,0.00
i46,e05,c1,p03,l1,0.00
i46,e05,c1,p03,l3,0.00
i46,e05,c1,p04,l1,0.00
i46,e05,c1,p04,l3,0.00
i46,e05,c1,p05,l1,0.00
i46,e05,c1,p05,l3,0.00
i46,e05,c1,p06,l1,0.00
i46,e05,c1,p06,l3,0.00
i46,e05,c1,p07,l1,0.00
i46,e05,c1,p07,l3,0.00
i46,e05,c1,p08,l1,0.00
i46,e05,c1,p08,l3,0.00
i46,e05,c1,p09,l1,0.00
i46,e05,c1,p09,l3,0.00
i46,e05,c1,p10,l1,0.00
i46,e05,c1,p10,l3,0.00
i46,e05,c1,p11,l1,0.00
i46,e05,c1,p11,l3,0.00
i46,e05,c1,p12,l1,0.00
i46,e05,c1,p12,l3,0.00
i46,e05,c1,p13,l1,0.00
i46,e05,c1,p13,l3,0.00
i46,e05,c1,p14,l1,0.00
i46,e05,c1,p14,l3,0.00
i46,e05,c1,p15,l1,0.00
i46,e05,c1,p15,l3,0.00
i46,e05,c1,p16,l1,0.00
i46,e05,c1,p16,l3,0.00
i46,e05,c1,p17,l1,0.00
i46,e05,c1,p17,l3,0.00
i46,e05,c1,p18,l1,0.00
i46,e05,c1,p18,l3,0.00
i46,e05,c1,p19,l1,0.00
i46,e05,c1,p19,l3,0.00
i46,e05,c1,p20,l1,0.00
i46,e05,c1,p20,l3,0.00
i46,e05,c1,p21,l1,0.00
i46,e05,c1,p21,l3,0.00
i46,e05,c1,p22,l1,0.00
i46,e05,c1,p22,l3,0.00
i46,e05,c1,p23,l1,0.00
i46,e05,c1,p23,l3,0.00
i46,e05,c1,p24,l1,0.00
i46,e05,c1,p24,l3,0.00
i46,e05,c1,p25,l1,0.00
i46,e05,c1,p25,l3,0.00
i46,e05,c1,p26,l1,0.00
i46,e05,c1,p26,l3,0.00
i46,e05,c1,p27,l3,0.00
i46,e05,c1,p28,l1,0.00
i46,e05,c1,p28,l3,0.00
i46,e05,c1,p29,l1,0.00
i46,e05,c1,p29,l3,0.00
i46,e05,c1,p30,l1,0.00
i46,e05,c1,p30,l3,0.00
i46,e05,c1,p31,l1,0.00
i46,e05,c1,p31,l3,0.00
i46,e05,c1,p32,l1,0.00
i46,e05,c1,p32,l3,0.00
i46,e05,c1,p33,l1,0.00
i46,e05,c1,p33,l3,0.00
i46,e05,c1,p34,l1,0.00
i46,e05,c1,p34,l3,0.00
i46,e05,c1,p35,l1,0.00
i46,e05,c1,p35,l3,1.77
i46,e05,c4,p01,l1,0.00
i46,e05,c4,p01,l3,0.00
i46,e05,c4,p02,l1,0.00
i46,e05,c4,p02,l3,0.00
i46,e05,c4,p03,l1,0.00
i46,e05,c4,p03,l3,0.00
i46,e05,c4,p04,l1,0.00
i46,e05,c4,p04,l3,0.00
i46,e05,c4,p05,l1,0.00
i46,e05,c4,p05,l3,0.00
i46,e05,c4,p06,l1,0.00
i46,e05,c4,p06,l3,0.00
i46,e05,c4,p07,l1,0.00
i46,e05,c4,p07,l3,0.00
i46,e05,c4,p08,l1,0.00
i46,e05,c4,p08,l3,0.00
i46,e05,c4,p09,l1,0.00
i46,e05,c4,p09,l3,0.00
i46,e05,c4,p10,l1,0.00
i46,e05,c4,p10,l3,0.00
i46,e05,c4,p11,l1,0.00
i46,e05,c4,p11,l3,0.00
i46,e05,c4,p12,l1,0.00
i46,e05,c4,p12,l3,0.00
i46,e05,c4,p13,l1,0.00
i46,e05,c4,p13,l3,0.00
i46,e05,c4,p14,l1,0.00
i46,e05,c4,p14,l3,0.00
i46,e05,c4,p15,l1,0.00
i46,e05,c4,p15,l3,0.00
i46,e05,c4,p16,l1,0.00
i46,e05,c4,p16,l3,0.00
i46,e05,c4,p17,l1,0.00
i46,e05,c4,p17,l3,0.00
i46,e05,c4,p18,l1,0.00
i46,e05,c4,p18,l3,0.00
i46,e05,c4,p19,l1,0.00
i46,e05,c4,p19,l3,0.00
i46,e05,c4,p20,l1,0.00
i46,e05,c4,p20,l3,0.00
i46,e05,c4,p21,l1,0.00
i46,e05,c4,p21,l3,0.00
i46,e05,c4,p22,l1,0.00
i46,e05,c4,p22,l3,0.00
i46,e05,c4,p23,l1,0.00
i46,e05,c4,p23,l3,0.00
i46,e05,c4,p24,l1,0.00
i46,e05,c4,p24,l3,0.00
i46,e05,c4,p25,l1,0.00
i46,e05,c4,p25,l3,0.00
i46,e05,c4,p26,l1,0.00
i46,e05,c4,p26,l3,0.00
i46,e05,c4,p27,l1,0.00
i46,e05,c4,p28,l1,0.00
i46,e05,c4,p28,l3,0.00
i46,e05,c4,p29,l1,0.00
i46,e05,c4,p29,l3,0.00
i46,e05,c4,p30,l1,0.00
i46,e05,c4,p30,l3,0.00
i46,e05,c4,p31,l3,0.00
i46,e05,c4,p32,l1,0.00
i46,e05,c4,p32,l3,0.00
i46,e05,c4,p33,l1,0.00
i46,e05,c4,p33,l3,0.00
i46,e05,c4,p35,l1,0.00
i46,e05,c4,p35,l3,0.00
i46,e05,c7,p03,l3,0.00
i46,e05,c7,p04,l3,0.00
i46,e05,c7,p11,l1,0.00
i46,e05,c7,p11,l3,0.00
i46,e05,c7,p13,l3,0.00
i46,e05,c7,p18,l1,0.00
i46,e05,c7,p18,l3,0.00
i46,e05,c7,p35,l1,0.00
i46,e05,c7,p35,l3,0.00
i46,e06,c1,p01,l3,0.00
i46,e06,c1,p02,l3,0.00
i46,e06,c1,p03,l3,0.00
i46,e06,c1,p04,l3,0.00
i46,e06,c1,p05,l3,0.00
i46,e06,c1,p06,l3,0.00
i46,e06,c1,p07,l3,0.00
i46,e06,c1,p08,l3,0.00
i46,e06,c1,p09,l3,0.00
i46,e06,c1,p10,l3,0.00
i46,e06,c1,p11,l3,0.00
i46,e06,c1,p12,l3,0.00
i46,e06,c1,p13,l3,0.00
i46,e06,c1,p14,l3,0.00
i46,e06,c1,p15,l3,0.00
i46,e06,c1,p16,l3,0.00
i46,e06,c1,p17,l3,0.00
i46,e06,c1,p18,l3,0.00
i46,e06,c1,p19,l3,0.00
i46,e06,c1,p20,l3,0.00
i46,e06,c1,p21,l3,0.00
i46,e06,c1,p22,l3,0.00
i46,e06,c1,p23,l3,0.00
i46,e06,c1,p24,l3,0.00
i46,e06,c1,p25,l3,0.00
i46,e06,c1,p26,l3,0.00
i46,e06,c1,p27,l3,0.00
i46,e06,c1,p28,l3,0.00
i46,e06,c1,p29,l3,0.00
i46,e06,c1,p30,l3,0.00
i46,e06,c1,p31,l3,0.00
i46,e06,c1,p32,l3,0.00
i46,e06,c1,p33,l3,0.00
i46,e06,c1,p34,l3,0.00
i46,e06,c1,p35,l3,2.91
i46,e06,c4,p01,l3,0.00
i46,e06,c4,p02,l3,0.00
i46,e06,c4,p03,l3,0.00
i46,e06,c4,p04,l3,0.00
i46,e06,c4,p05,l3,0.00
i46,e06,c4,p06,l3,0.00
i46,e06,c4,p07,l3,0.00
i46,e06,c4,p08,l3,0.00
i46,e06,c4,p09,l3,0.00
i46,e06,c4,p10,l3,0.00
i46,e06,c4,p11,l3,0.00
i46,e06,c4,p12,l3,0.00
i46,e06,c4,p13,l3,0.00
i46,e06,c4,p14,l3,0.00
i46,e06,c4,p15,l3,0.00
i46,e06,c4,p16,l3,0.00
i46,e06,c4,p17,l3,0.00
i46,e06,c4,p18,l3,0.00
i46,e06,c4,p19,l3,0.00
i46,e06,c4,p20,l3,0.00
i46,e06,c4,p21,l3,0.00
i46,e06,c4,p22,l3,0.00
i46,e06,c4,p23,l3,0.00
i46,e06,c4,p24,l3,0.00
i46,e06,c4,p25,l3,0.00
i46,e06,c4,p26,l3,0.00
i46,e06,c4,p28,l3,0.00
i46,e06,c4,p29,l3,0.00
i46,e06,c4,p30,l3,0.00
i46,e06,c4,p31,l3,0.00
i46,e06,c4,p32,l3,0.00
i46,e06,c4,p33,l3,0.00
i46,e06,c4,p34,l3,0.00
i46,e06,c4,p35,l3,3.04
i46,e06,c7,p03,l3,0.00
i46,e06,c7,p11,l3,0.00
i46,e06,c7,p13,l3,0.00
i46,e06,c7,p35,l3,0.00
i46,e07,c1,p01,l2,0.00
i46,e07,c1,p01,l3,0.00
i46,e07,c1,p02,l2,0.00
i46,e07,c1,p02,l3,0.00
i46,e07,c1,p03,l2,0.00
i46,e07,c1,p03,l3,0.00
i46,e07,c1,p04,l2,0.00
i46,e07,c1,p04,l3,0.00
i46,e07,c1,p05,l2,0.00
i46,e07,c1,p05,l3,0.00
i46,e07,c1,p06,l2,0.00
i46,e07,c1,p06,l3,0.00
i46,e07,c1,p07,l2,0.00
i46,e07,c1,p07,l3,0.00
i46,e07,c1,p08,l2,0.00
i46,e07,c1,p08,l3,0.00
i46,e07,c1,p09,l2,0.00
i46,e07,c1,p09,l3,0.00
i46,e07,c1,p10,l2,0.00
i46,e07,c1,p10,l3,0.00
i46,e07,c1,p11,l2,0.00
i46,e07,c1,p11,l3,0.00
i46,e07,c1,p12,l2,0.00
i46,e07,c1,p12,l3,0.00
i46,e07,c1,p13,l2,0.00
i46,e07,c1,p13,l3,0.00
i46,e07,c1,p14,l2,0.00
i46,e07,c1,p14,l3,0.00
i46,e07,c1,p15,l2,0.00
i46,e07,c1,p15,l3,0.00
i46,e07,c1,p16,l2,0.00
i46,e07,c1,p16,l3,0.00
i46,e07,c1,p17,l2,0.00
i46,e07,c1,p17,l3,0.00
i46,e07,c1,p18,l2,0.00
i46,e07,c1,p18,l3,0.00
i46,e07,c1,p19,l2,0.00
i46,e07,c1,p19,l3,0.00
i46,e07,c1,p20,l2,0.00
i46,e07,c1,p20,l3,0.00
i46,e07,c1,p21,l2,0.00
i46,e07,c1,p21,l3,0.00
i46,e07,c1,p22,l2,0.00
i46,e07,c1,p22,l3,0.00
i46,e07,c1,p23,l2,0.00
i46,e07,c1,p23,l3,0.00
i46,e07,c1,p24,l2,0.00
i46,e07,c1,p24,l3,0.00
i46,e07,c1,p25,l2,0.00
i46,e07,c1,p25,l3,0.00
i46,e07,c1,p26,l2,0.00
i46,e07,c1,p26,l3,0.00
i46,e07,c1,p27,l2,0.00
i46,e07,c1,p27,l3,0.00
i46,e07,c1,p28,l2,0.00
i46,e07,c1,p28,l3,0.00
i46,e07,c1,p29,l2,0.00
i46,e07,c1,p29,l3,0.00
i46,e07,c1,p30,l2,0.00
i46,e07,c1,p30,l3,0.00
i46,e07,c1,p31,l3,0.00
i46,e07,c1,p32,l2,0.00
i46,e07,c1,p32,l3,0.00
i46,e07,c1,p33,l3,0.00
i46,e07,c1,p35,l2,0.00
i46,e07,c1,p35,l3,0.00
i46,e07,c4,p01,l3,0.00
i46,e07,c4,p02,l2,0.00
i46,e07,c4,p02,l3,0.00
i46,e07,c4,p03,l2,0.00
i46,e07,c4,p03,l3,0.00
i46,e07,c4,p04,l2,0.00
i46,e07,c4,p04,l3,0.00
i46,e07,c4,p05,l2,0.00
i46,e07,c4,p05,l3,0.00
i46,e07,c4,p06,l3,0.00
i46,e07,c4,p07,l2,0.00
i46,e07,c4,p07,l3,0.00
i46,e07,c4,p08,l2,0.00
i46,e07,c4,p08,l3,0.00
i46,e07,c4,p09,l3,0.00
i46,e07,c4,p10,l2,0.00
i46,e07,c4,p10,l3,0.00
i46,e07,c4,p11,l3,0.00
i46,e07,c4,p12,l2,0.00
i46,e07,c4,p12,l3,0.00
i46,e07,c4,p13,l2,0.00
i46,e07,c4,p13,l3,0.00
i46,e07,c4,p14,l2,0.00
i46,e07,c4,p14,l3,0.00
i46,e07,c4,p15,l3,0.00
i46,e07,c4,p16,l2,0.00
i46,e07,c4,p16,l3,0.00
i46,e07,c4,p17,l3,0.00
i46,e07,c4,p18,l3,0.00
i46,e07,c4,p19,l2,0.00
i46,e07,c4,p19,l3,0.00
i46,e07,c4,p21,l2,0.00
i46,e07,c4,p21,l3,0.00
i46,e07,c4,p23,l3,0.00
i46,e07,c4,p24,l2,0.00
i46,e07,c4,p24,l3,0.00
i46,e07,c4,p28,l3,0.00
i46,e07,c4,p29,l3,0.00
i46,e07,c4,p30,l2,0.00
i46,e07,c4,p30,l3,0.00
i46,e07,c4,p31,l3,0.00
i46,e07,c4,p32,l3,0.00
i46,e07,c4,p35,l2,0.00
i46,e07,c4,p35,l3,0.00
i46,e08,c1,p01,l2,0.00
i46,e08,c1,p01,l3,2.21
i46,e08,c1,p02,l2,0.00
i46,e08,c1,p02,l3,30.08
i46,e08,c1,p03,l2,0.00
i46,e08,c1,p03,l3,4.40
i46,e08,c1,p04,l2,0.00
i46,e08,c1,p04,l3,10.38
i46,e08,c1,p05,l2,0.00
i46,e08,c1,p05,l3,237.03
i46,e08,c1,p06,l2,0.00
i46,e08,c1,p06,l3,0.00
i46,e08,c1,p07,l2,0.00
i46,e08,c1,p07,l3,0.00
i46,e08,c1,p08,l2,0.00
i46,e08,c1,p08,l3,0.00
i46,e08,c1,p09,l2,0.00
i46,e08,c1,p09,l3,0.00
i46,e08,c1,p10,l2,0.00
i46,e08,c1,p10,l3,18.49
i46,e08,c1,p11,l2,0.00
i46,e08,c1,p11,l3,21.32
i46,e08,c1,p12,l2,0.00
i46,e08,c1,p12,l3,742.18
i46,e08,c1,p13,l2,0.00
i46,e08,c1,p13,l3,0.00
i46,e08,c1,p14,l2,0.00
i46,e08,c1,p14,l3,27.55
i46,e08,c1,p15,l2,0.00
i46,e08,c1,p15,l3,10.41
i46,e08,c1,p16,l2,0.00
i46,e08,c1,p16,l3,0.00
i46,e08,c1,p17,l2,0.00
i46,e08,c1,p17,l3,17.26
i46,e08,c1,p18,l2,0.00
i46,e08,c1,p18,l3,0.00
i46,e08,c1,p19,l2,0.00
i46,e08,c1,p19,l3,28.50
i46,e08,c1,p20,l2,0.00
i46,e08,c1,p20,l3,0.00
i46,e08,c1,p21,l2,0.00
i46,e08,c1,p21,l3,3.58
i46,e08,c1,p22,l2,0.00
i46,e08,c1,p22,l3,3.31
i46,e08,c1,p23,l2,0.00
i46,e08,c1,p23,l3,0.00
i46,e08,c1,p24,l2,0.00
i46,e08,c1,p24,l3,0.00
i46,e08,c1,p25,l2,0.00
i46,e08,c1,p25,l3,0.00
i46,e08,c1,p26,l2,0.00
i46,e08,c1,p26,l3,0.00
i46,e08,c1,p27,l2,0.00
i46,e08,c1,p27,l3,0.00
i46,e08,c1,p28,l2,0.00
i46,e08,c1,p28,l3,0.00
i46,e08,c1,p29,l2,0.00
i46,e08,c1,p29,l3,3.39
i46,e08,c1,p30,l2,0.00
i46,e08,c1,p30,l3,0.00
i46,e08,c1,p31,l2,0.00
i46,e08,c1,p31,l3,0.00
i46,e08,c1,p32,l2,0.00
i46,e08,c1,p32,l3,0.00
i46,e08,c1,p33,l2,0.00
i46,e08,c1,p33,l3,0.00
i46,e08,c1,p34,l2,0.00
i46,e08,c1,p34,l3,0.00
i46,e08,c1,p35,l2,0.00
i46,e08,c1,p35,l3,1256.22
i46,e08,c4,p01,l2,0.00
i46,e08,c4,p01,l3,0.00
i46,e08,c4,p02,l2,0.00
i46,e08,c4,p02,l3,0.00
i46,e08,c4,p03,l2,0.00
i46,e08,c4,p03,l3,22.62
i46,e08,c4,p04,l2,0.00
i46,e08,c4,p04,l3,0.00
i46,e08,c4,p05,l2,0.00
i46,e08,c4,p05,l3,0.00
i46,e08,c4,p06,l2,0.00
i46,e08,c4,p06,l3,0.00
i46,e08,c4,p07,l2,0.00
i46,e08,c4,p07,l3,0.00
i46,e08,c4,p08,l2,0.00
i46,e08,c4,p08,l3,0.00
i46,e08,c4,p09,l2,0.00
i46,e08,c4,p09,l3,0.00
i46,e08,c4,p10,l2,0.00
i46,e08,c4,p10,l3,0.00
i46,e08,c4,p11,l2,0.00
i46,e08,c4,p11,l3,0.00
i46,e08,c4,p12,l2,0.00
i46,e08,c4,p12,l3,2.75
i46,e08,c4,p13,l2,0.00
i46,e08,c4,p13,l3,0.00
i46,e08,c4,p14,l2,0.00
i46,e08,c4,p14,l3,0.00
i46,e08,c4,p15,l2,0.00
i46,e08,c4,p15,l3,0.00
i46,e08,c4,p16,l2,0.00
i46,e08,c4,p16,l3,1.26
i46,e08,c4,p17,l2,0.00
i46,e08,c4,p17,l3,68.84
i46,e08,c4,p18,l2,0.00
i46,e08,c4,p18,l3,0.00
i46,e08,c4,p19,l2,0.00
i46,e08,c4,p19,l3,7.02
i46,e08,c4,p20,l2,0.00
i46,e08,c4,p20,l3,0.00
i46,e08,c4,p21,l2,0.00
i46,e08,c4,p21,l3,0.00
i46,e08,c4,p22,l2,0.00
i46,e08,c4,p22,l3,0.00
i46,e08,c4,p23,l2,0.00
i46,e08,c4,p23,l3,0.00
i46,e08,c4,p24,l2,0.00
i46,e08,c4,p24,l3,0.00
i46,e08,c4,p25,l2,0.00
i46,e08,c4,p25,l3,0.00
i46,e08,c4,p26,l2,0.00
i46,e08,c4,p26,l3,0.00
i46,e08,c4,p27,l3,0.00
i46,e08,c4,p28,l2,0.00
i46,e08,c4,p28,l3,0.00
i46,e08,c4,p29,l2,0.00
i46,e08,c4,p29,l3,0.00
i46,e08,c4,p30,l2,0.00
i46,e08,c4,p30,l3,0.00
i46,e08,c4,p31,l2,0.00
i46,e08,c4,p31,l3,0.00
i46,e08,c4,p32,l2,0.00
i46,e08,c4,p32,l3,0.00
i46,e08,c4,p33,l2,0.00
i46,e08,c4,p33,l3,0.00
i46,e08,c4,p34,l2,0.00
i46,e08,c4,p34,l3,0.00
i46,e08,c4,p35,l2,0.00
i46,e08,c4,p35,l3,323.45
i46,e08,c7,p01,l2,0.00
i46,e08,c7,p01,l3,0.00
i46,e08,c7,p02,l2,0.00
i46,e08,c7,p02,l3,0.00
i46,e08,c7,p03,l2,0.00
i46,e08,c7,p03,l3,0.00
i46,e08,c7,p04,l2,0.00
i46,e08,c7,p04,l3,0.00
i46,e08,c7,p05,l3,0.00
i46,e08,c7,p07,l2,0.00
i46,e08,c7,p07,l3,0.00
i46,e08,c7,p10,l3,0.00
i46,e08,c7,p11,l2,0.00
i46,e08,c7,p11,l3,0.00
i46,e08,c7,p12,l2,0.00
i46,e08,c7,p12,l3,0.00
i46,e08,c7,p13,l3,0.00
i46,e08,c7,p14,l3,0.00
i46,e08,c7,p15,l2,0.00
i46,e08,c7,p15,l3,0.00
i46,e08,c7,p16,l3,0.00
i46,e08,c7,p17,l3,0.00
i46,e08,c7,p18,l2,0.00
i46,e08,c7,p18,l3,0.00
i46,e08,c7,p19,l2,0.00
i46,e08,c7,p19,l3,0.00
i46,e08,c7,p21,l3,0.00
i46,e08,c7,p24,l3,0.00
i46,e08,c7,p28,l2,0.00
i46,e08,c7,p28,l3,0.00
i46,e08,c7,p29,l3,0.00
i46,e08,c7,p32,l3,0.00
i46,e08,c7,p33,l3,0.00
i46,e08,c7,p35,l2,0.00
i46,e08,c7,p35,l3,0.00
i46,e09,c1,p01,l2,0.00
i46,e09,c1,p01,l3,0.00
i46,e09,c1,p02,l2,0.00
i46,e09,c1,p02,l3,0.00
i46,e09,c1,p03,l2,0.00
i46,e09,c1,p03,l3,1.54
i46,e09,c1,p04,l2,0.00
i46,e09,c1,p04,l3,0.00
i46,e09,c1,p05,l2,0.00
i46,e09,c1,p05,l3,0.00
i46,e09,c1,p06,l2,0.00
i46,e09,c1,p06,l3,0.00
i46,e09,c1,p07,l2,0.00
i46,e09,c1,p07,l3,0.00
i46,e09,c1,p08,l2,0.00
i46,e09,c1,p08,l3,0.00
i46,e09,c1,p09,l2,0.00
i46,e09,c1,p09,l3,0.00
i46,e09,c1,p10,l2,0.00
i46,e09,c1,p10,l3,0.00
i46,e09,c1,p11,l2,0.00
i46,e09,c1,p11,l3,0.00
i46,e09,c1,p12,l2,0.00
i46,e09,c1,p12,l3,0.00
i46,e09,c1,p13,l2,0.00
i46,e09,c1,p13,l3,0.00
i46,e09,c1,p14,l2,0.00
i46,e09,c1,p14,l3,0.00
i46,e09,c1,p15,l2,0.00
i46,e09,c1,p15,l3,2.19
i46,e09,c1,p16,l2,0.00
i46,e09,c1,p16,l3,0.00
i46,e09,c1,p17,l2,0.00
i46,e09,c1,p17,l3,0.00
i46,e09,c1,p18,l2,0.00
i46,e09,c1,p18,l3,0.00
i46,e09,c1,p19,l2,0.00
i46,e09,c1,p19,l3,1.41
i46,e09,c1,p20,l2,0.00
i46,e09,c1,p20,l3,0.00
i46,e09,c1,p21,l2,0.00
i46,e09,c1,p21,l3,1.13
i46,e09,c1,p22,l2,0.00
i46,e09,c1,p22,l3,0.00
i46,e09,c1,p23,l2,0.00
i46,e09,c1,p23,l3,0.00
i46,e09,c1,p24,l2,0.00
i46,e09,c1,p24,l3,0.00
i46,e09,c1,p25,l2,0.00
i46,e09,c1,p25,l3,0.00
i46,e09,c1,p26,l2,0.00
i46,e09,c1,p26,l3,0.00
i46,e09,c1,p27,l2,0.00
i46,e09,c1,p27,l3,0.00
i46,e09,c1,p28,l2,0.00
i46,e09,c1,p28,l3,0.00
i46,e09,c1,p29,l2,0.00
i46,e09,c1,p29,l3,0.00
i46,e09,c1,p30,l2,0.00
i46,e09,c1,p30,l3,0.00
i46,e09,c1,p31,l2,0.00
i46,e09,c1,p31,l3,0.00
i46,e09,c1,p32,l2,0.00
i46,e09,c1,p32,l3,0.00
i46,e09,c1,p33,l2,0.00
i46,e09,c1,p33,l3,0.00
i46,e09,c1,p34,l2,0.00
i46,e09,c1,p34,l3,0.00
i46,e09,c1,p35,l2,0.00
i46,e09,c1,p35,l3,38.72
i46,e09,c4,p01,l2,0.00
i46,e09,c4,p01,l3,0.00
i46,e09,c4,p02,l2,0.00
i46,e09,c4,p02,l3,0.00
i46,e09,c4,p03,l2,0.00
i46,e09,c4,p03,l3,0.00
i46,e09,c4,p04,l2,0.00
i46,e09,c4,p04,l3,0.00
i46,e09,c4,p05,l2,0.00
i46,e09,c4,p05,l3,0.00
i46,e09,c4,p06,l2,0.00
i46,e09,c4,p06,l3,0.00
i46,e09,c4,p07,l2,0.00
i46,e09,c4,p07,l3,0.00
i46,e09,c4,p08,l2,0.00
i46,e09,c4,p08,l3,0.00
i46,e09,c4,p09,l2,0.00
i46,e09,c4,p09,l3,0.00
i46,e09,c4,p10,l2,0.00
i46,e09,c4,p10,l3,0.00
i46,e09,c4,p11,l2,0.00
i46,e09,c4,p11,l3,0.00
i46,e09,c4,p12,l2,0.00
i46,e09,c4,p12,l3,0.00
i46,e09,c4,p13,l2,0.00
i46,e09,c4,p13,l3,0.00
i46,e09,c4,p14,l2,0.00
i46,e09,c4,p14,l3,0.00
i46,e09,c4,p15,l2,0.00
i46,e09,c4,p15,l3,0.00
i46,e09,c4,p16,l2,0.00
i46,e09,c4,p16,l3,0.00
i46,e09,c4,p17,l2,0.00
i46,e09,c4,p17,l3,0.00
i46,e09,c4,p18,l2,0.00
i46,e09,c4,p18,l3,0.00
i46,e09,c4,p19,l2,0.00
i46,e09,c4,p19,l3,2.75
i46,e09,c4,p20,l2,0.00
i46,e09,c4,p20,l3,0.00
i46,e09,c4,p21,l2,0.00
i46,e09,c4,p21,l3,0.00
i46,e09,c4,p22,l2,0.00
i46,e09,c4,p22,l3,0.00
i46,e09,c4,p23,l2,0.00
i46,e09,c4,p23,l3,0.00
i46,e09,c4,p24,l2,0.00
i46,e09,c4,p24,l3,0.00
i46,e09,c4,p25,l2,0.00
i46,e09,c4,p25,l3,0.00
i46,e09,c4,p26,l2,0.00
i46,e09,c4,p26,l3,0.00
i46,e09,c4,p28,l2,0.00
i46,e09,c4,p28,l3,0.00
i46,e09,c4,p29,l2,0.00
i46,e09,c4,p29,l3,0.00
i46,e09,c4,p30,l2,0.00
i46,e09,c4,p30,l3,0.00
i46,e09,c4,p31,l2,0.00
i46,e09,c4,p31,l3,0.00
i46,e09,c4,p32,l2,0.00
i46,e09,c4,p32,l3,0.00
i46,e09,c4,p33,l2,0.00
i46,e09,c4,p33,l3,0.00
i46,e09,c4,p34,l3,0.00
i46,e09,c4,p35,l2,0.00
i46,e09,c4,p35,l3,5.76
i46,e09,c7,p01,l2,0.00
i46,e09,c7,p01,l3,0.00
i46,e09,c7,p02,l3,0.00
i46,e09,c7,p03,l2,0.00
i46,e09,c7,p03,l3,0.00
i46,e09,c7,p04,l2,0.00
i46,e09,c7,p04,l3,0.00
i46,e09,c7,p05,l3,0.00
i46,e09,c7,p10,l3,0.00
i46,e09,c7,p11,l2,0.00
i46,e09,c7,p11,l3,0.00
i46,e09,c7,p13,l3,0.00
i46,e09,c7,p14,l3,0.00
i46,e09,c7,p15,l2,0.00
i46,e09,c7,p15,l3,0.00
i46,e09,c7,p16,l3,0.00
i46,e09,c7,p18,l3,0.00
i46,e09,c7,p19,l3,0.00
i46,e09,c7,p24,l3,0.00
i46,e09,c7,p35,l2,0.00
i46,e09,c7,p35,l3,0.00
i46,e11,c1,p01,l2,0.00
i46,e11,c1,p01,l3,1.16
i46,e11,c1,p02,l2,0.00
i46,e11,c1,p02,l3,133.50
i46,e11,c1,p03,l2,0.00
i46,e11,c1,p03,l3,22.46
i46,e11,c1,p04,l2,0.00
i46,e11,c1,p04,l3,49.75
i46,e11,c1,p05,l2,0.00
i46,e11,c1,p05,l3,707.21
i46,e11,c1,p06,l2,0.00
i46,e11,c1,p06,l3,0.00
i46,e11,c1,p07,l2,0.00
i46,e11,c1,p07,l3,0.00
i46,e11,c1,p08,l2,0.00
i46,e11,c1,p08,l3,0.00
i46,e11,c1,p09,l2,0.00
i46,e11,c1,p09,l3,0.00
i46,e11,c1,p10,l2,0.00
i46,e11,c1,p10,l3,1.23
i46,e11,c1,p11,l2,0.00
i46,e11,c1,p11,l3,1.22
i46,e11,c1,p12,l2,0.00
i46,e11,c1,p12,l3,389.33
i46,e11,c1,p13,l2,0.00
i46,e11,c1,p13,l3,0.00
i46,e11,c1,p14,l2,0.00
i46,e11,c1,p14,l3,47.13
i46,e11,c1,p15,l2,0.00
i46,e11,c1,p15,l3,16.25
i46,e11,c1,p16,l2,0.00
i46,e11,c1,p16,l3,0.00
i46,e11,c1,p17,l2,0.00
i46,e11,c1,p17,l3,0.00
i46,e11,c1,p18,l2,0.00
i46,e11,c1,p18,l3,0.00
i46,e11,c1,p19,l2,0.00
i46,e11,c1,p19,l3,50.91
i46,e11,c1,p20,l2,0.00
i46,e11,c1,p20,l3,0.00
i46,e11,c1,p21,l2,0.00
i46,e11,c1,p21,l3,40.13
i46,e11,c1,p22,l2,0.00
i46,e11,c1,p22,l3,0.00
i46,e11,c1,p23,l2,0.00
i46,e11,c1,p23,l3,0.00
i46,e11,c1,p24,l2,0.00
i46,e11,c1,p24,l3,0.00
i46,e11,c1,p25,l2,0.00
i46,e11,c1,p25,l3,0.00
i46,e11,c1,p26,l2,0.00
i46,e11,c1,p26,l3,0.00
i46,e11,c1,p27,l2,0.00
i46,e11,c1,p27,l3,0.00
i46,e11,c1,p28,l2,0.00
i46,e11,c1,p28,l3,0.00
i46,e11,c1,p29,l2,0.00
i46,e11,c1,p29,l3,0.00
i46,e11,c1,p30,l2,0.00
i46,e11,c1,p30,l3,0.00
i46,e11,c1,p31,l2,0.00
i46,e11,c1,p31,l3,0.00
i46,e11,c1,p32,l2,0.00
i46,e11,c1,p32,l3,0.00
i46,e11,c1,p33,l2,0.00
i46,e11,c1,p33,l3,0.00
i46,e11,c1,p34,l2,0.00
i46,e11,c1,p34,l3,0.00
i46,e11,c1,p35,l2,0.00
i46,e11,c1,p35,l3,4954.18
i46,e11,c4,p01,l2,0.00
i46,e11,c4,p01,l3,0.00
i46,e11,c4,p02,l2,0.00
i46,e11,c4,p02,l3,0.00
i46,e11,c4,p03,l2,0.00
i46,e11,c4,p03,l3,0.00
i46,e11,c4,p04,l2,0.00
i46,e11,c4,p04,l3,0.00
i46,e11,c4,p05,l2,0.00
i46,e11,c4,p05,l3,0.00
i46,e11,c4,p06,l2,0.00
i46,e11,c4,p06,l3,0.00
i46,e11,c4,p07,l2,0.00
i46,e11,c4,p07,l3,0.00
i46,e11,c4,p08,l2,0.00
i46,e11,c4,p08,l3,0.00
i46,e11,c4,p09,l2,0.00
i46,e11,c4,p09,l3,0.00
i46,e11,c4,p10,l2,0.00
i46,e11,c4,p10,l3,0.00
i46,e11,c4,p11,l2,0.00
i46,e11,c4,p11,l3,0.00
i46,e11,c4,p12,l2,0.00
i46,e11,c4,p12,l3,45.06
i46,e11,c4,p13,l2,0.00
i46,e11,c4,p13,l3,0.00
i46,e11,c4,p14,l2,0.00
i46,e11,c4,p14,l3,0.00
i46,e11,c4,p15,l2,0.00
i46,e11,c4,p15,l3,0.00
i46,e11,c4,p16,l2,0.00
i46,e11,c4,p16,l3,0.00
i46,e11,c4,p17,l2,0.00
i46,e11,c4,p17,l3,24.81
i46,e11,c4,p18,l2,0.00
i46,e11,c4,p18,l3,0.00
i46,e11,c4,p19,l2,0.00
i46,e11,c4,p19,l3,0.00
i46,e11,c4,p20,l2,0.00
i46,e11,c4,p20,l3,0.00
i46,e11,c4,p21,l2,0.00
i46,e11,c4,p21,l3,0.00
i46,e11,c4,p22,l2,0.00
i46,e11,c4,p22,l3,0.00
i46,e11,c4,p23,l2,0.00
i46,e11,c4,p23,l3,0.00
i46,e11,c4,p24,l2,0.00
i46,e11,c4,p24,l3,10.72
i46,e11,c4,p25,l2,0.00
i46,e11,c4,p25,l3,0.00
i46,e11,c4,p26,l2,0.00
i46,e11,c4,p26,l3,0.00
i46,e11,c4,p27,l3,0.00
i46,e11,c4,p28,l2,0.00
i46,e11,c4,p28,l3,0.00
i46,e11,c4,p29,l2,0.00
i46,e11,c4,p29,l3,0.00
i46,e11,c4,p30,l2,0.00
i46,e11,c4,p30,l3,0.00
i46,e11,c4,p31,l2,0.00
i46,e11,c4,p31,l3,0.00
i46,e11,c4,p32,l2,0.00
i46,e11,c4,p32,l3,0.00
i46,e11,c4,p33,l2,0.00
i46,e11,c4,p33,l3,0.00
i46,e11,c4,p34,l2,0.00
i46,e11,c4,p34,l3,0.00
i46,e11,c4,p35,l2,0.00
i46,e11,c4,p35,l3,526.84
i46,e11,c7,p01,l2,0.00
i46,e11,c7,p01,l3,0.00
i46,e11,c7,p02,l3,0.00
i46,e11,c7,p03,l3,0.00
i46,e11,c7,p04,l3,0.00
i46,e11,c7,p05,l3,0.00
i46,e11,c7,p07,l2,0.00
i46,e11,c7,p07,l3,0.00
i46,e11,c7,p09,l3,0.00
i46,e11,c7,p10,l3,0.00
i46,e11,c7,p11,l2,0.00
i46,e11,c7,p11,l3,0.00
i46,e11,c7,p13,l2,0.00
i46,e11,c7,p13,l3,0.00
i46,e11,c7,p14,l3,0.00
i46,e11,c7,p15,l3,0.00
i46,e11,c7,p16,l3,0.00
i46,e11,c7,p18,l2,0.00
i46,e11,c7,p18,l3,0.00
i46,e11,c7,p19,l2,0.00
i46,e11,c7,p19,l3,0.00
i46,e11,c7,p21,l3,0.00
i46,e11,c7,p24,l3,0.00
i46,e11,c7,p25,l3,0.00
i46,e11,c7,p29,l3,0.00
i46,e11,c7,p35,l2,0.00
i46,e11,c7,p35,l3,0.00
i46,e12,c1,p01,l3,0.00
i46,e12,c1,p02,l3,0.00
i46,e12,c1,p03,l3,0.00
i46,e12,c1,p04,l3,0.00
i46,e12,c1,p05,l3,0.00
i46,e12,c1,p06,l3,0.00
i46,e12,c1,p07,l3,0.00
i46,e12,c1,p08,l3,0.00
i46,e12,c1,p09,l3,0.00
i46,e12,c1,p10,l3,0.00
i46,e12,c1,p11,l3,0.00
i46,e12,c1,p12,l3,0.00
i46,e12,c1,p13,l3,0.00
i46,e12,c1,p14,l3,0.00
i46,e12,c1,p15,l3,0.00
i46,e12,c1,p16,l3,0.00
i46,e12,c1,p17,l3,0.00
i46,e12,c1,p18,l3,0.00
i46,e12,c1,p19,l3,0.00
i46,e12,c1,p20,l3,0.00
i46,e12,c1,p21,l3,0.00
i46,e12,c1,p22,l3,0.00
i46,e12,c1,p23,l3,0.00
i46,e12,c1,p24,l3,0.00
i46,e12,c1,p25,l3,0.00
i46,e12,c1,p26,l3,0.00
i46,e12,c1,p27,l3,0.00
i46,e12,c1,p28,l3,0.00
i46,e12,c1,p29,l3,0.00
i46,e12,c1,p30,l3,0.00
i46,e12,c1,p31,l3,0.00
i46,e12,c1,p32,l3,0.00
i46,e12,c1,p33,l3,0.00
i46,e12,c1,p35,l3,0.00
i46,e12,c4,p01,l3,0.00
i46,e12,c4,p02,l3,0.00
i46,e12,c4,p03,l3,0.00
i46,e12,c4,p04,l3,0.00
i46,e12,c4,p05,l3,0.00
i46,e12,c4,p06,l3,0.00
i46,e12,c4,p07,l3,0.00
i46,e12,c4,p08,l3,0.00
i46,e12,c4,p09,l3,0.00
i46,e12,c4,p10,l3,0.00
i46,e12,c4,p11,l3,0.00
i46,e12,c4,p12,l3,0.00
i46,e12,c4,p13,l3,0.00
i46,e12,c4,p14,l3,0.00
i46,e12,c4,p15,l3,0.00
i46,e12,c4,p16,l3,0.00
i46,e12,c4,p17,l3,0.00
i46,e12,c4,p18,l3,0.00
i46,e12,c4,p19,l3,0.00
i46,e12,c4,p20,l3,0.00
i46,e12,c4,p21,l3,0.00
i46,e12,c4,p23,l3,0.00
i46,e12,c4,p24,l3,0.00
i46,e12,c4,p25,l3,0.00
i46,e12,c4,p29,l3,0.00
i46,e12,c4,p30,l3,0.00
i46,e12,c4,p31,l3,0.00
i46,e12,c4,p32,l3,0.00
i46,e12,c4,p35,l3,0.00
i46,e12,c7,p35,l3,0.00
i46,e13,c1,p01,l3,0.00
i46,e13,c1,p02,l3,0.00
i46,e13,c1,p03,l3,0.00
i46,e13,c1,p04,l3,0.00
i46,e13,c1,p05,l3,0.00
i46,e13,c1,p06,l3,0.00
i46,e13,c1,p07,l3,0.00
i46,e13,c1,p08,l3,0.00
i46,e13,c1,p09,l3,0.00
i46,e13,c1,p10,l3,0.00
i46,e13,c1,p11,l3,0.00
i46,e13,c1,p12,l3,0.00
i46,e13,c1,p13,l3,0.00
i46,e13,c1,p14,l3,0.00
i46,e13,c1,p15,l3,0.00
i46,e13,c1,p16,l3,0.00
i46,e13,c1,p17,l3,1.49
i46,e13,c1,p18,l3,0.00
i46,e13,c1,p19,l3,0.00
i46,e13,c1,p20,l3,0.00
i46,e13,c1,p21,l3,0.00
i46,e13,c1,p22,l3,0.00
i46,e13,c1,p23,l3,0.00
i46,e13,c1,p24,l3,0.00
i46,e13,c1,p25,l3,0.00
i46,e13,c1,p26,l3,0.00
i46,e13,c1,p27,l3,0.00
i46,e13,c1,p28,l3,0.00
i46,e13,c1,p29,l3,0.00
i46,e13,c1,p30,l3,0.00
i46,e13,c1,p31,l3,0.00
i46,e13,c1,p32,l3,0.00
i46,e13,c1,p33,l3,0.00
i46,e13,c1,p34,l3,0.00
i46,e13,c1,p35,l3,0.00
i46,e13,c4,p01,l3,0.00
i46,e13,c4,p02,l3,0.00
i46,e13,c4,p03,l3,0.00
i46,e13,c4,p04,l3,0.00
i46,e13,c4,p05,l3,0.00
i46,e13,c4,p06,l3,0.00
i46,e13,c4,p07,l3,0.00
i46,e13,c4,p08,l3,0.00
i46,e13,c4,p09,l3,0.00
i46,e13,c4,p10,l3,0.00
i46,e13,c4,p11,l3,0.00
i46,e13,c4,p12,l3,0.00
i46,e13,c4,p13,l3,0.00
i46,e13,c4,p14,l3,0.00
i46,e13,c4,p15,l3,0.00
i46,e13,c4,p16,l3,0.00
i46,e13,c4,p17,l3,0.00
i46,e13,c4,p18,l3,0.00
i46,e13,c4,p19,l3,0.00
i46,e13,c4,p20,l3,0.00
i46,e13,c4,p21,l3,0.00
i46,e13,c4,p22,l3,0.00
i46,e13,c4,p23,l3,0.00
i46,e13,c4,p24,l3,0.00
i46,e13,c4,p25,l3,0.00
i46,e13,c4,p26,l3,0.00
i46,e13,c4,p28,l3,0.00
i46,e13,c4,p29,l3,0.00
i46,e13,c4,p30,l3,0.00
i46,e13,c4,p31,l3,0.00
i46,e13,c4,p32,l3,0.00
i46,e13,c4,p33,l3,0.00
i46,e13,c4,p34,l3,0.00
i46,e13,c4,p35,l3,0.00
i46,e13,c7,p01,l3,0.00
i46,e13,c7,p02,l3,0.00
i46,e13,c7,p03,l3,0.00
i46,e13,c7,p04,l3,0.00
i46,e13,c7,p11,l3,0.00
i46,e13,c7,p13,l3,0.00
i46,e13,c7,p15,l3,0.00
i46,e13,c7,p18,l3,0.00
i46,e13,c7,p24,l3,0.00
i46,e13,c7,p35,l3,0.00
i47,e01,c1,p01,l3,0.00
i47,e01,c1,p02,l3,0.00
i47,e01,c1,p03,l3,0.00
i47,e01,c1,p04,l3,0.00
i47,e01,c1,p05,l3,0.00
i47,e01,c1,p06,l3,0.00
i47,e01,c1,p07,l3,0.00
i47,e01,c1,p08,l3,0.00
i47,e01,c1,p09,l3,0.00
i47,e01,c1,p10,l3,0.00
i47,e01,c1,p11,l3,0.00
i47,e01,c1,p12,l3,0.00
i47,e01,c1,p13,l3,1.47
i47,e01,c1,p14,l3,0.00
i47,e01,c1,p15,l3,0.00
i47,e01,c1,p16,l3,0.00
i47,e01,c1,p17,l3,0.00
i47,e01,c1,p18,l3,0.00
i47,e01,c1,p19,l3,0.00
i47,e01,c1,p20,l3,0.00
i47,e01,c1,p21,l3,0.00
i47,e01,c1,p22,l3,0.00
i47,e01,c1,p23,l3,0.00
i47,e01,c1,p24,l3,0.00
i47,e01,c1,p25,l3,0.00
i47,e01,c1,p26,l3,0.00
i47,e01,c1,p27,l3,0.00
i47,e01,c1,p28,l3,0.00
i47,e01,c1,p29,l3,0.00
i47,e01,c1,p30,l3,0.00
i47,e01,c1,p31,l3,0.00
i47,e01,c1,p32,l3,0.00
i47,e01,c1,p33,l3,0.00
i47,e01,c1,p34,l3,0.00
i47,e01,c1,p35,l3,268.44
i47,e01,c4,p01,l3,0.00
i47,e01,c4,p02,l3,0.00
i47,e01,c4,p03,l3,0.00
i47,e01,c4,p05,l3,0.00
i47,e01,c4,p07,l3,0.00
i47,e01,c4,p08,l3,0.00
i47,e01,c4,p10,l3,0.00
i47,e01,c4,p11,l3,0.00
i47,e01,c4,p12,l3,0.00
i47,e01,c4,p14,l3,0.00
i47,e01,c4,p15,l3,0.00
i47,e01,c4,p16,l3,0.00
i47,e01,c4,p17,l3,0.00
i47,e01,c4,p18,l3,0.00
i47,e01,c4,p19,l3,0.00
i47,e01,c4,p21,l3,0.00
i47,e01,c4,p24,l3,0.00
i47,e01,c4,p25,l3,0.00
i47,e01,c4,p32,l3,0.00
i47,e01,c4,p35,l3,1.08
i47,e01,c7,p09,l3,0.00
i47,e01,c7,p35,l3,0.00
i47,e04,c1,p01,l1,0.00
i47,e04,c1,p01,l3,0.00
i47,e04,c1,p02,l1,0.00
i47,e04,c1,p02,l3,0.00
i47,e04,c1,p03,l1,0.00
i47,e04,c1,p03,l3,0.00
i47,e04,c1,p04,l1,0.00
i47,e04,c1,p04,l3,0.00
i47,e04,c1,p05,l1,0.00
i47,e04,c1,p05,l3,0.00
i47,e04,c1,p06,l1,0.00
i47,e04,c1,p06,l3,0.00
i47,e04,c1,p07,l1,0.00
i47,e04,c1,p07,l3,0.00
i47,e04,c1,p08,l1,0.00
i47,e04,c1,p08,l3,0.00
i47,e04,c1,p09,l3,0.00
i47,e04,c1,p10,l1,0.00
i47,e04,c1,p10,l3,0.00
i47,e04,c1,p11,l1,0.00
i47,e04,c1,p11,l3,0.00
i47,e04,c1,p12,l1,0.00
i47,e04,c1,p12,l3,0.00
i47,e04,c1,p13,l1,0.00
i47,e04,c1,p13,l3,0.00
i47,e04,c1,p14,l1,0.00
i47,e04,c1,p14,l3,0.00
i47,e04,c1,p15,l1,0.00
i47,e04,c1,p15,l3,0.00
i47,e04,c1,p16,l1,0.00
i47,e04,c1,p16,l3,0.00
i47,e04,c1,p17,l1,0.00
i47,e04,c1,p17,l3,0.00
i47,e04,c1,p18,l1,0.00
i47,e04,c1,p18,l3,0.00
i47,e04,c1,p19,l1,0.00
i47,e04,c1,p19,l3,0.00
i47,e04,c1,p20,l1,0.00
i47,e04,c1,p20,l3,0.00
i47,e04,c1,p21,l1,0.00
i47,e04,c1,p21,l3,0.00
i47,e04,c1,p22,l1,0.00
i47,e04,c1,p22,l3,0.00
i47,e04,c1,p23,l1,0.00
i47,e04,c1,p23,l3,0.00
i47,e04,c1,p24,l1,0.00
i47,e04,c1,p24,l3,0.00
i47,e04,c1,p25,l1,0.00
i47,e04,c1,p25,l3,0.00
i47,e04,c1,p26,l1,0.00
i47,e04,c1,p26,l3,0.00
i47,e04,c1,p27,l3,0.00
i47,e04,c1,p28,l1,0.00
i47,e04,c1,p28,l3,0.00
i47,e04,c1,p29,l1,0.00
i47,e04,c1,p29,l3,0.00
i47,e04,c1,p30,l3,0.00
i47,e04,c1,p31,l3,0.00
i47,e04,c1,p32,l1,0.00
i47,e04,c1,p32,l3,0.00
i47,e04,c1,p33,l1,0.00
i47,e04,c1,p33,l3,0.00
i47,e04,c1,p34,l3,0.00
i47,e04,c1,p35,l1,0.00
i47,e04,c1,p35,l3,179.32
i47,e04,c4,p02,l3,0.00
i47,e04,c4,p03,l1,0.00
i47,e04,c4,p05,l3,0.00
i47,e04,c4,p08,l1,0.00
i47,e04,c4,p11,l3,0.00
i47,e04,c4,p13,l3,0.00
i47,e04,c4,p14,l3,0.00
i47,e04,c4,p15,l3,0.00
i47,e04,c4,p16,l3,0.00
i47,e04,c4,p19,l1,0.00
i47,e04,c4,p19,l3,0.00
i47,e04,c4,p21,l3,0.00
i47,e04,c4,p24,l3,0.00
i47,e04,c4,p32,l3,0.00
i47,e04,c4,p35,l1,0.00
i47,e04,c4,p35,l3,6.12
i47,e04,c7,p09,l1,0.00
i47,e04,c7,p35,l1,0.00
i47,e04,c7,p35,l3,0.00
i47,e09,c1,p01,l2,0.00
i47,e09,c1,p01,l3,0.00
i47,e09,c1,p02,l3,0.00
i47,e09,c1,p03,l2,0.00
i47,e09,c1,p03,l3,0.00
i47,e09,c1,p04,l2,0.00
i47,e09,c1,p04,l3,0.00
i47,e09,c1,p05,l2,0.00
i47,e09,c1,p05,l3,0.00
i47,e09,c1,p06,l2,0.00
i47,e09,c1,p06,l3,0.00
i47,e09,c1,p07,l2,0.00
i47,e09,c1,p07,l3,0.00
i47,e09,c1,p08,l2,0.00
i47,e09,c1,p08,l3,0.00
i47,e09,c1,p09,l3,0.00
i47,e09,c1,p10,l2,0.00
i47,e09,c1,p10,l3,0.00
i47,e09,c1,p11,l2,0.00
i47,e09,c1,p11,l3,0.00
i47,e09,c1,p12,l2,0.00
i47,e09,c1,p12,l3,0.00
i47,e09,c1,p13,l2,0.00
i47,e09,c1,p13,l3,0.00
i47,e09,c1,p14,l2,0.00
i47,e09,c1,p14,l3,0.00
i47,e09,c1,p15,l2,0.00
i47,e09,c1,p15,l3,0.00
i47,e09,c1,p16,l2,0.00
i47,e09,c1,p16,l3,0.00
i47,e09,c1,p17,l2,0.00
i47,e09,c1,p17,l3,0.00
i47,e09,c1,p18,l2,0.00
i47,e09,c1,p18,l3,0.00
i47,e09,c1,p19,l2,0.00
i47,e09,c1,p19,l3,0.00
i47,e09,c1,p20,l2,0.00
i47,e09,c1,p20,l3,0.00
i47,e09,c1,p21,l2,0.00
i47,e09,c1,p21,l3,0.00
i47,e09,c1,p22,l2,0.00
i47,e09,c1,p22,l3,0.00
i47,e09,c1,p23,l2,0.00
i47,e09,c1,p23,l3,0.00
i47,e09,c1,p24,l2,0.00
i47,e09,c1,p24,l3,0.00
i47,e09,c1,p25,l2,0.00
i47,e09,c1,p25,l3,0.00
i47,e09,c1,p26,l2,0.00
i47,e09,c1,p26,l3,0.00
i47,e09,c1,p27,l3,0.00
i47,e09,c1,p28,l3,0.00
i47,e09,c1,p29,l2,0.00
i47,e09,c1,p29,l3,0.00
i47,e09,c1,p30,l3,0.00
i47,e09,c1,p31,l3,0.00
i47,e09,c1,p32,l2,0.00
i47,e09,c1,p32,l3,0.00
i47,e09,c1,p33,l3,0.00
i47,e09,c1,p34,l3,0.00
i47,e09,c1,p35,l2,0.00
i47,e09,c1,p35,l3,222.05
i47,e09,c4,p01,l3,0.00
i47,e09,c4,p03,l2,0.00
i47,e09,c4,p03,l3,0.00
i47,e09,c4,p04,l3,0.00
i47,e09,c4,p08,l2,0.00
i47,e09,c4,p08,l3,0.00
i47,e09,c4,p10,l3,0.00
i47,e09,c4,p11,l3,0.00
i47,e09,c4,p12,l3,0.00
i47,e09,c4,p13,l3,0.00
i47,e09,c4,p15,l3,0.00
i47,e09,c4,p16,l3,0.00
i47,e09,c4,p17,l3,0.00
i47,e09,c4,p19,l2,0.00
i47,e09,c4,p19,l3,0.00
i47,e09,c4,p21,l2,0.00
i47,e09,c4,p21,l3,0.00
i47,e09,c4,p24,l3,0.00
i47,e09,c4,p32,l3,0.00
i47,e09,c4,p35,l2,0.00
i47,e09,c4,p35,l3,2.04
i47,e09,c7,p09,l2,0.00
i47,e09,c7,p35,l2,0.00
i47,e09,c7,p35,l3,0.00
i48,e01,c1,p01,l3,0.00
i48,e01,c1,p02,l3,0.00
i48,e01,c1,p03,l3,0.00
i48,e01,c1,p04,l3,0.00
i48,e01,c1,p05,l3,0.00
i48,e01,c1,p06,l3,0.00
i48,e01,c1,p07,l3,0.00
i48,e01,c1,p08,l3,0.00
i48,e01,c1,p09,l3,0.00
i48,e01,c1,p10,l3,0.00
i48,e01,c1,p11,l3,0.00
i48,e01,c1,p12,l3,0.00
i48,e01,c1,p13,l3,0.00
i48,e01,c1,p14,l3,0.00
i48,e01,c1,p15,l3,0.00
i48,e01,c1,p16,l3,0.00
i48,e01,c1,p17,l3,0.00
i48,e01,c1,p18,l3,0.00
i48,e01,c1,p19,l3,0.00
i48,e01,c1,p20,l3,0.00
i48,e01,c1,p21,l3,0.00
i48,e01,c1,p22,l3,0.00
i48,e01,c1,p23,l3,0.00
i48,e01,c1,p24,l3,0.00
i48,e01,c1,p25,l3,0.00
i48,e01,c1,p26,l3,0.00
i48,e01,c1,p28,l3,0.00
i48,e01,c1,p29,l3,0.00
i48,e01,c1,p30,l3,0.00
i48,e01,c1,p31,l3,0.00
i48,e01,c1,p32,l3,0.00
i48,e01,c1,p35,l3,0.00
i48,e01,c4,p01,l3,0.00
i48,e01,c4,p03,l3,0.00
i48,e01,c4,p05,l3,0.00
i48,e01,c4,p06,l3,0.00
i48,e01,c4,p09,l3,0.00
i48,e01,c4,p11,l3,0.00
i48,e01,c4,p12,l3,0.00
i48,e01,c4,p18,l3,0.00
i48,e01,c4,p19,l3,0.00
i48,e01,c4,p22,l3,0.00
i48,e01,c4,p24,l3,0.00
i48,e01,c4,p29,l3,0.00
i48,e01,c4,p35,l3,0.00
i48,e04,c1,p01,l1,0.00
i48,e04,c1,p01,l3,0.00
i48,e04,c1,p02,l1,0.00
i48,e04,c1,p02,l3,0.00
i48,e04,c1,p03,l1,0.00
i48,e04,c1,p03,l3,0.00
i48,e04,c1,p04,l1,0.00
i48,e04,c1,p04,l3,0.00
i48,e04,c1,p05,l1,0.00
i48,e04,c1,p05,l3,0.00
i48,e04,c1,p06,l1,0.00
i48,e04,c1,p06,l3,0.00
i48,e04,c1,p07,l1,0.00
i48,e04,c1,p07,l3,0.00
i48,e04,c1,p08,l1,0.00
i48,e04,c1,p08,l3,0.00
i48,e04,c1,p09,l1,0.00
i48,e04,c1,p09,l3,0.00
i48,e04,c1,p10,l1,0.00
i48,e04,c1,p10,l3,0.00
i48,e04,c1,p11,l1,0.00
i48,e04,c1,p11,l3,0.00
i48,e04,c1,p12,l1,0.00
i48,e04,c1,p12,l3,0.00
i48,e04,c1,p13,l1,0.00
i48,e04,c1,p13,l3,0.00
i48,e04,c1,p14,l1,0.00
i48,e04,c1,p14,l3,0.00
i48,e04,c1,p15,l1,0.00
i48,e04,c1,p15,l3,0.00
i48,e04,c1,p16,l1,0.00
i48,e04,c1,p16,l3,0.00
i48,e04,c1,p17,l1,0.00
i48,e04,c1,p17,l3,0.00
i48,e04,c1,p18,l1,0.00
i48,e04,c1,p18,l3,0.00
i48,e04,c1,p19,l1,0.00
i48,e04,c1,p19,l3,0.00
i48,e04,c1,p20,l3,0.00
i48,e04,c1,p21,l1,0.00
i48,e04,c1,p21,l3,0.00
i48,e04,c1,p22,l1,0.00
i48,e04,c1,p22,l3,0.00
i48,e04,c1,p23,l1,0.00
i48,e04,c1,p23,l3,0.00
i48,e04,c1,p24,l1,0.00
i48,e04,c1,p24,l3,0.00
i48,e04,c1,p25,l3,0.00
i48,e04,c1,p26,l3,0.00
i48,e04,c1,p28,l1,0.00
i48,e04,c1,p28,l3,0.00
i48,e04,c1,p29,l1,0.00
i48,e04,c1,p29,l3,0.00
i48,e04,c1,p31,l1,0.00
i48,e04,c1,p31,l3,0.00
i48,e04,c1,p32,l1,0.00
i48,e04,c1,p32,l3,0.00
i48,e04,c1,p33,l3,0.00
i48,e04,c1,p35,l1,0.00
i48,e04,c1,p35,l3,0.00
i48,e04,c4,p01,l3,0.00
i48,e04,c4,p03,l1,0.00
i48,e04,c4,p03,l3,0.00
i48,e04,c4,p05,l3,0.00
i48,e04,c4,p06,l3,0.00
i48,e04,c4,p08,l3,0.00
i48,e04,c4,p10,l3,0.00
i48,e04,c4,p11,l1,0.00
i48,e04,c4,p11,l3,0.00
i48,e04,c4,p12,l3,0.00
i48,e04,c4,p18,l3,0.00
i48,e04,c4,p19,l3,0.00
i48,e04,c4,p21,l3,0.00
i48,e04,c4,p23,l3,0.00
i48,e04,c4,p24,l3,0.00
i48,e04,c4,p31,l3,0.00
i48,e04,c4,p35,l1,0.00
i48,e04,c4,p35,l3,0.00
i48,e05,c1,p01,l3,0.00
i48,e05,c1,p02,l3,0.00
i48,e05,c1,p03,l1,0.00
i48,e05,c1,p03,l3,0.00
i48,e05,c1,p05,l3,0.00
i48,e05,c1,p06,l3,0.00
i48,e05,c1,p07,l3,0.00
i48,e05,c1,p08,l1,0.00
i48,e05,c1,p08,l3,0.00
i48,e05,c1,p09,l3,0.00
i48,e05,c1,p10,l1,0.00
i48,e05,c1,p10,l3,0.00
i48,e05,c1,p11,l1,0.00
i48,e05,c1,p11,l3,0.00
i48,e05,c1,p12,l3,0.00
i48,e05,c1,p13,l1,0.00
i48,e05,c1,p13,l3,0.00
i48,e05,c1,p14,l3,0.00
i48,e05,c1,p15,l1,0.00
i48,e05,c1,p15,l3,0.00
i48,e05,c1,p16,l1,0.00
i48,e05,c1,p16,l3,0.00
i48,e05,c1,p17,l1,0.00
i48,e05,c1,p17,l3,0.00
i48,e05,c1,p19,l1,0.00
i48,e05,c1,p19,l3,0.00
i48,e05,c1,p21,l1,0.00
i48,e05,c1,p21,l3,0.00
i48,e05,c1,p22,l3,0.00
i48,e05,c1,p24,l3,0.00
i48,e05,c1,p29,l3,0.00
i48,e05,c1,p32,l3,0.00
i48,e05,c1,p35,l1,0.00
i48,e05,c1,p35,l3,0.00
i48,e05,c4,p03,l3,0.00
i48,e05,c4,p11,l3,0.00
i48,e05,c4,p13,l3,0.00
i48,e05,c4,p19,l1,0.00
i48,e05,c4,p35,l3,0.00
i48,e08,c1,p01,l2,0.00
i48,e08,c1,p01,l3,0.00
i48,e08,c1,p02,l2,0.00
i48,e08,c1,p02,l3,0.00
i48,e08,c1,p03,l2,0.00
i48,e08,c1,p03,l3,0.00
i48,e08,c1,p04,l2,0.00
i48,e08,c1,p04,l3,0.00
i48,e08,c1,p05,l2,0.00
i48,e08,c1,p05,l3,0.00
i48,e08,c1,p06,l2,0.00
i48,e08,c1,p06,l3,0.00
i48,e08,c1,p07,l2,0.00
i48,e08,c1,p07,l3,0.00
i48,e08,c1,p08,l2,0.00
i48,e08,c1,p08,l3,0.00
i48,e08,c1,p09,l2,0.00
i48,e08,c1,p09,l3,0.00
i48,e08,c1,p10,l2,0.00
i48,e08,c1,p10,l3,0.00
i48,e08,c1,p11,l2,0.00
i48,e08,c1,p11,l3,0.00
i48,e08,c1,p12,l2,0.00
i48,e08,c1,p12,l3,0.00
i48,e08,c1,p13,l2,0.00
i48,e08,c1,p13,l3,0.00
i48,e08,c1,p14,l2,0.00
i48,e08,c1,p14,l3,0.00
i48,e08,c1,p15,l2,0.00
i48,e08,c1,p15,l3,0.00
i48,e08,c1,p16,l2,0.00
i48,e08,c1,p16,l3,0.00
i48,e08,c1,p17,l2,0.00
i48,e08,c1,p17,l3,1.02
i48,e08,c1,p18,l2,0.00
i48,e08,c1,p18,l3,0.00
i48,e08,c1,p19,l2,0.00
i48,e08,c1,p19,l3,0.00
i48,e08,c1,p20,l3,0.00
i48,e08,c1,p21,l2,0.00
i48,e08,c1,p21,l3,0.00
i48,e08,c1,p22,l2,0.00
i48,e08,c1,p22,l3,0.00
i48,e08,c1,p23,l2,0.00
i48,e08,c1,p23,l3,0.00
i48,e08,c1,p24,l2,0.00
i48,e08,c1,p24,l3,0.00
i48,e08,c1,p25,l2,0.00
i48,e08,c1,p25,l3,0.00
i48,e08,c1,p26,l3,0.00
i48,e08,c1,p28,l2,0.00
i48,e08,c1,p28,l3,0.00
i48,e08,c1,p29,l2,0.00
i48,e08,c1,p29,l3,0.00
i48,e08,c1,p30,l3,0.00
i48,e08,c1,p31,l2,0.00
i48,e08,c1,p31,l3,0.00
i48,e08,c1,p32,l2,0.00
i48,e08,c1,p32,l3,0.00
i48,e08,c1,p33,l3,0.00
i48,e08,c1,p35,l2,0.00
i48,e08,c1,p35,l3,27.69
i48,e08,c4,p01,l3,0.00
i48,e08,c4,p03,l3,0.00
i48,e08,c4,p05,l3,0.00
i48,e08,c4,p06,l3,0.00
i48,e08,c4,p08,l3,0.00
i48,e08,c4,p09,l3,0.00
i48,e08,c4,p10,l3,0.00
i48,e08,c4,p11,l3,0.00
i48,e08,c4,p12,l3,0.00
i48,e08,c4,p13,l3,0.00
i48,e08,c4,p15,l3,0.00
i48,e08,c4,p16,l3,0.00
i48,e08,c4,p17,l3,0.00
i48,e08,c4,p18,l2,0.00
i48,e08,c4,p18,l3,0.00
i48,e08,c4,p19,l3,0.00
i48,e08,c4,p21,l3,0.00
i48,e08,c4,p22,l2,0.00
i48,e08,c4,p22,l3,0.00
i48,e08,c4,p24,l3,0.00
i48,e08,c4,p29,l2,0.00
i48,e08,c4,p29,l3,0.00
i48,e08,c4,p35,l2,0.00
i48,e08,c4,p35,l3,0.00
i48,e08,c7,p13,l3,0.00
i48,e09,c1,p01,l2,0.00
i48,e09,c1,p01,l3,0.00
i48,e09,c1,p02,l2,0.00
i48,e09,c1,p02,l3,0.00
i48,e09,c1,p03,l2,0.00
i48,e09,c1,p03,l3,0.00
i48,e09,c1,p04,l2,0.00
i48,e09,c1,p04,l3,0.00
i48,e09,c1,p05,l2,0.00
i48,e09,c1,p05,l3,0.00
i48,e09,c1,p06,l2,0.00
i48,e09,c1,p06,l3,0.00
i48,e09,c1,p07,l2,0.00
i48,e09,c1,p07,l3,0.00
i48,e09,c1,p08,l2,0.00
i48,e09,c1,p08,l3,0.00
i48,e09,c1,p09,l2,0.00
i48,e09,c1,p09,l3,0.00
i48,e09,c1,p10,l2,0.00
i48,e09,c1,p10,l3,0.00
i48,e09,c1,p11,l2,0.00
i48,e09,c1,p11,l3,0.00
i48,e09,c1,p12,l2,0.00
i48,e09,c1,p12,l3,0.00
i48,e09,c1,p13,l2,0.00
i48,e09,c1,p13,l3,0.00
i48,e09,c1,p14,l2,0.00
i48,e09,c1,p14,l3,0.00
i48,e09,c1,p15,l2,0.00
i48,e09,c1,p15,l3,0.00
i48,e09,c1,p16,l2,0.00
i48,e09,c1,p16,l3,0.00
i48,e09,c1,p17,l2,0.00
i48,e09,c1,p17,l3,0.00
i48,e09,c1,p18,l2,0.00
i48,e09,c1,p18,l3,0.00
i48,e09,c1,p19,l2,0.00
i48,e09,c1,p19,l3,0.00
i48,e09,c1,p20,l3,0.00
i48,e09,c1,p21,l2,0.00
i48,e09,c1,p21,l3,0.00
i48,e09,c1,p22,l2,0.00
i48,e09,c1,p22,l3,0.00
i48,e09,c1,p23,l3,0.00
i48,e09,c1,p24,l2,0.00
i48,e09,c1,p24,l3,0.00
i48,e09,c1,p25,l3,0.00
i48,e09,c1,p26,l3,0.00
i48,e09,c1,p28,l2,0.00
i48,e09,c1,p28,l3,0.00
i48,e09,c1,p29,l2,0.00
i48,e09,c1,p29,l3,0.00
i48,e09,c1,p31,l2,0.00
i48,e09,c1,p31,l3,0.00
i48,e09,c1,p32,l2,0.00
i48,e09,c1,p32,l3,0.00
i48,e09,c1,p35,l2,0.00
i48,e09,c1,p35,l3,0.00
i48,e09,c4,p01,l3,0.00
i48,e09,c4,p03,l3,0.00
i48,e09,c4,p05,l3,0.00
i48,e09,c4,p06,l3,0.00
i48,e09,c4,p08,l3,0.00
i48,e09,c4,p09,l3,0.00
i48,e09,c4,p10,l3,0.00
i48,e09,c4,p11,l3,0.00
i48,e09,c4,p12,l3,0.00
i48,e09,c4,p15,l3,0.00
i48,e09,c4,p17,l2,0.00
i48,e09,c4,p17,l3,0.00
i48,e09,c4,p18,l3,0.00
i48,e09,c4,p19,l3,0.00
i48,e09,c4,p24,l3,0.00
i48,e09,c4,p29,l3,0.00
i48,e09,c4,p35,l2,0.00
i48,e09,c4,p35,l3,0.00
i48,e11,c1,p01,l2,0.00
i48,e11,c1,p01,l3,0.00
i48,e11,c1,p02,l2,0.00
i48,e11,c1,p02,l3,0.00
i48,e11,c1,p03,l2,0.00
i48,e11,c1,p03,l3,1.24
i48,e11,c1,p04,l2,0.00
i48,e11,c1,p04,l3,0.00
i48,e11,c1,p05,l2,0.00
i48,e11,c1,p05,l3,0.00
i48,e11,c1,p06,l2,0.00
i48,e11,c1,p06,l3,0.00
i48,e11,c1,p07,l2,0.00
i48,e11,c1,p07,l3,0.00
i48,e11,c1,p08,l2,0.00
i48,e11,c1,p08,l3,0.00
i48,e11,c1,p09,l2,0.00
i48,e11,c1,p09,l3,0.00
i48,e11,c1,p10,l2,0.00
i48,e11,c1,p10,l3,2.56
i48,e11,c1,p11,l2,0.00
i48,e11,c1,p11,l3,0.00
i48,e11,c1,p12,l2,0.00
i48,e11,c1,p12,l3,1.24
i48,e11,c1,p13,l2,0.00
i48,e11,c1,p13,l3,0.00
i48,e11,c1,p14,l2,0.00
i48,e11,c1,p14,l3,0.00
i48,e11,c1,p15,l2,0.00
i48,e11,c1,p15,l3,2.43
i48,e11,c1,p16,l2,0.00
i48,e11,c1,p16,l3,0.00
i48,e11,c1,p17,l2,0.00
i48,e11,c1,p17,l3,2.22
i48,e11,c1,p18,l2,0.00
i48,e11,c1,p18,l3,0.00
i48,e11,c1,p19,l2,0.00
i48,e11,c1,p19,l3,1.92
i48,e11,c1,p20,l2,0.00
i48,e11,c1,p20,l3,0.00
i48,e11,c1,p21,l2,0.00
i48,e11,c1,p21,l3,0.00
i48,e11,c1,p22,l2,0.00
i48,e11,c1,p22,l3,0.00
i48,e11,c1,p23,l2,0.00
i48,e11,c1,p23,l3,3.19
i48,e11,c1,p24,l2,0.00
i48,e11,c1,p24,l3,0.00
i48,e11,c1,p25,l2,0.00
i48,e11,c1,p25,l3,0.00
i48,e11,c1,p26,l2,0.00
i48,e11,c1,p26,l3,0.00
i48,e11,c1,p28,l2,0.00
i48,e11,c1,p28,l3,0.00
i48,e11,c1,p29,l2,0.00
i48,e11,c1,p29,l3,0.00
i48,e11,c1,p30,l3,0.00
i48,e11,c1,p31,l2,0.00
i48,e11,c1,p31,l3,0.00
i48,e11,c1,p32,l2,0.00
i48,e11,c1,p32,l3,0.00
i48,e11,c1,p33,l3,0.00
i48,e11,c1,p34,l3,0.00
i48,e11,c1,p35,l2,0.00
i48,e11,c1,p35,l3,3.02
i48,e11,c4,p01,l2,0.00
i48,e11,c4,p01,l3,0.00
i48,e11,c4,p02,l2,0.00
i48,e11,c4,p02,l3,0.00
i48,e11,c4,p03,l2,0.00
i48,e11,c4,p03,l3,0.00
i48,e11,c4,p04,l3,0.00
i48,e11,c4,p05,l3,0.00
i48,e11,c4,p06,l3,0.00
i48,e11,c4,p07,l3,0.00
i48,e11,c4,p08,l3,0.00
i48,e11,c4,p09,l3,0.00
i48,e11,c4,p10,l2,0.00
i48,e11,c4,p10,l3,0.00
i48,e11,c4,p11,l2,0.00
i48,e11,c4,p11,l3,0.00
i48,e11,c4,p12,l2,0.00
i48,e11,c4,p12,l3,0.00
i48,e11,c4,p13,l3,0.00
i48,e11,c4,p14,l3,0.00
i48,e11,c4,p15,l3,0.00
i48,e11,c4,p16,l3,0.00
i48,e11,c4,p17,l2,0.00
i48,e11,c4,p17,l3,0.00
i48,e11,c4,p18,l2,0.00
i48,e11,c4,p18,l3,0.00
i48,e11,c4,p19,l2,0.00
i48,e11,c4,p19,l3,0.00
i48,e11,c4,p20,l3,0.00
i48,e11,c4,p21,l3,0.00
i48,e11,c4,p22,l2,0.00
i48,e11,c4,p22,l3,0.00
i48,e11,c4,p23,l3,0.00
i48,e11,c4,p24,l3,0.00
i48,e11,c4,p25,l3,0.00
i48,e11,c4,p26,l3,0.00
i48,e11,c4,p28,l3,0.00
i48,e11,c4,p29,l2,0.00
i48,e11,c4,p29,l3,0.00
i48,e11,c4,p30,l3,0.00
i48,e11,c4,p31,l3,0.00
i48,e11,c4,p32,l3,0.00
i48,e11,c4,p35,l2,0.00
i48,e11,c4,p35,l3,0.00
i48,e11,c7,p06,l3,0.00
i48,e11,c7,p10,l3,0.00
i48,e11,c7,p13,l3,0.00
i48,e11,c7,p35,l3,0.00
i49,e01,c1,p01,l3,0.00
i49,e01,c1,p02,l3,0.00
i49,e01,c1,p03,l3,0.00
i49,e01,c1,p04,l3,0.00
i49,e01,c1,p05,l3,0.00
i49,e01,c1,p06,l3,0.00
i49,e01,c1,p09,l3,0.00
i49,e01,c1,p10,l3,0.00
i49,e01,c1,p11,l3,0.00
i49,e01,c1,p12,l3,0.00
i49,e01,c1,p13,l3,0.00
i49,e01,c1,p15,l3,0.00
i49,e01,c1,p16,l3,0.00
i49,e01,c1,p17,l3,0.00
i49,e01,c1,p18,l3,0.00
i49,e01,c1,p19,l3,0.00
i49,e01,c1,p20,l3,0.00
i49,e01,c1,p22,l3,0.00
i49,e01,c1,p24,l3,0.00
i49,e01,c1,p25,l3,0.00
i49,e01,c1,p27,l3,0.00
i49,e01,c1,p29,l3,0.00
i49,e01,c1,p33,l3,0.00
i49,e01,c1,p35,l3,0.00
i49,e01,c4,p01,l3,0.00
i49,e01,c4,p03,l3,0.00
i49,e01,c4,p05,l3,0.00
i49,e01,c4,p07,l3,0.00
i49,e01,c4,p10,l3,0.00
i49,e01,c4,p12,l3,0.00
i49,e01,c4,p19,l3,0.00
i49,e01,c4,p33,l3,0.00
i49,e01,c4,p35,l3,0.00
i49,e03,c1,p01,l3,0.00
i49,e03,c1,p02,l3,0.00
i49,e03,c1,p03,l3,0.00
i49,e03,c1,p04,l3,0.00
i49,e03,c1,p05,l3,0.00
i49,e03,c1,p06,l3,0.00
i49,e03,c1,p07,l3,0.00
i49,e03,c1,p08,l3,0.00
i49,e03,c1,p09,l3,0.00
i49,e03,c1,p10,l3,0.00
i49,e03,c1,p11,l3,0.00
i49,e03,c1,p12,l3,0.00
i49,e03,c1,p13,l3,0.00
i49,e03,c1,p14,l3,0.00
i49,e03,c1,p15,l3,0.00
i49,e03,c1,p16,l3,0.00
i49,e03,c1,p17,l3,0.00
i49,e03,c1,p18,l3,0.00
i49,e03,c1,p19,l3,0.00
i49,e03,c1,p20,l3,0.00
i49,e03,c1,p21,l3,0.00
i49,e03,c1,p24,l3,0.00
i49,e03,c1,p25,l3,0.00
i49,e03,c1,p27,l3,0.00
i49,e03,c1,p28,l3,0.00
i49,e03,c1,p29,l3,0.00
i49,e03,c1,p32,l3,0.00
i49,e03,c1,p33,l3,0.00
i49,e03,c1,p34,l3,0.00
i49,e03,c1,p35,l3,0.00
i49,e03,c4,p01,l3,0.00
i49,e03,c4,p03,l3,0.00
i49,e03,c4,p05,l3,0.00
i49,e03,c4,p07,l3,0.00
i49,e03,c4,p10,l3,0.00
i49,e03,c4,p11,l3,0.00
i49,e03,c4,p14,l3,0.00
i49,e03,c4,p19,l3,0.00
i49,e03,c4,p21,l3,0.00
i49,e03,c4,p33,l3,0.00
i49,e03,c4,p35,l3,0.00
i49,e04,c1,p01,l1,0.00
i49,e04,c1,p01,l3,0.00
i49,e04,c1,p02,l3,0.00
i49,e04,c1,p03,l1,0.00
i49,e04,c1,p03,l3,0.00
i49,e04,c1,p04,l3,0.00
i49,e04,c1,p05,l3,0.00
i49,e04,c1,p06,l3,0.00
i49,e04,c1,p09,l1,0.00
i49,e04,c1,p09,l3,0.00
i49,e04,c1,p10,l1,0.00
i49,e04,c1,p10,l3,0.00
i49,e04,c1,p11,l3,0.00
i49,e04,c1,p12,l3,0.00
i49,e04,c1,p13,l3,0.00
i49,e04,c1,p14,l3,0.00
i49,e04,c1,p15,l1,0.00
i49,e04,c1,p15,l3,0.00
i49,e04,c1,p16,l1,0.00
i49,e04,c1,p16,l3,0.00
i49,e04,c1,p17,l1,0.00
i49,e04,c1,p17,l3,0.00
i49,e04,c1,p18,l3,0.00
i49,e04,c1,p19,l1,0.00
i49,e04,c1,p19,l3,0.00
i49,e04,c1,p20,l3,0.00
i49,e04,c1,p21,l3,0.00
i49,e04,c1,p22,l3,0.00
i49,e04,c1,p24,l3,0.00
i49,e04,c1,p25,l3,0.00
i49,e04,c1,p27,l3,0.00
i49,e04,c1,p28,l3,0.00
i49,e04,c1,p29,l3,0.00
i49,e04,c1,p30,l1,0.00
i49,e04,c1,p33,l1,0.00
i49,e04,c1,p33,l3,0.00
i49,e04,c1,p35,l1,0.00
i49,e04,c1,p35,l3,0.00
i49,e04,c4,p01,l1,0.00
i49,e04,c4,p01,l3,0.00
i49,e04,c4,p03,l3,0.00
i49,e04,c4,p05,l3,0.00
i49,e04,c4,p07,l3,0.00
i49,e04,c4,p10,l3,0.00
i49,e04,c4,p11,l3,0.00
i49,e04,c4,p12,l3,0.00
i49,e04,c4,p14,l3,0.00
i49,e04,c4,p19,l1,0.00
i49,e04,c4,p19,l3,0.00
i49,e04,c4,p33,l1,0.00
i49,e04,c4,p33,l3,0.00
i49,e04,c4,p35,l3,0.00
i49,e05,c1,p01,l1,0.00
i49,e05,c1,p01,l3,0.00
i49,e05,c1,p03,l3,0.00
i49,e05,c1,p19,l3,0.00
i49,e05,c1,p33,l1,0.00
i49,e05,c1,p33,l3,0.00
i49,e05,c1,p35,l3,0.00
i49,e06,c1,p01,l3,0.00
i49,e06,c1,p02,l3,0.00
i49,e06,c1,p03,l3,0.00
i49,e06,c1,p04,l3,0.00
i49,e06,c1,p05,l3,0.00
i49,e06,c1,p06,l3,0.00
i49,e06,c1,p07,l3,0.00
i49,e06,c1,p08,l3,0.00
i49,e06,c1,p09,l3,0.00
i49,e06,c1,p10,l3,0.00
i49,e06,c1,p11,l3,0.00
i49,e06,c1,p12,l3,0.00
i49,e06,c1,p13,l3,0.00
i49,e06,c1,p14,l3,0.00
i49,e06,c1,p15,l3,0.00
i49,e06,c1,p16,l3,0.00
i49,e06,c1,p17,l3,0.00
i49,e06,c1,p18,l3,0.00
i49,e06,c1,p19,l3,0.00
i49,e06,c1,p20,l3,0.00
i49,e06,c1,p21,l3,0.00
i49,e06,c1,p22,l3,0.00
i49,e06,c1,p23,l3,0.00
i49,e06,c1,p24,l3,0.00
i49,e06,c1,p25,l3,0.00
i49,e06,c1,p27,l3,0.00
i49,e06,c1,p28,l3,0.00
i49,e06,c1,p29,l3,0.00
i49,e06,c1,p32,l3,0.00
i49,e06,c1,p33,l3,0.00
i49,e06,c1,p34,l3,0.00
i49,e06,c1,p35,l3,1.81
i49,e06,c4,p01,l3,0.00
i49,e06,c4,p02,l3,0.00
i49,e06,c4,p03,l3,0.00
i49,e06,c4,p04,l3,0.00
i49,e06,c4,p05,l3,0.00
i49,e06,c4,p07,l3,0.00
i49,e06,c4,p10,l3,0.00
i49,e06,c4,p11,l3,0.00
i49,e06,c4,p12,l3,0.00
i49,e06,c4,p13,l3,0.00
i49,e06,c4,p14,l3,0.00
i49,e06,c4,p16,l3,0.00
i49,e06,c4,p19,l3,0.00
i49,e06,c4,p21,l3,0.00
i49,e06,c4,p33,l3,0.00
i49,e06,c4,p35,l3,0.00
i49,e07,c1,p01,l3,0.00
i49,e07,c1,p33,l3,0.00
i49,e08,c1,p01,l2,0.00
i49,e08,c1,p01,l3,0.00
i49,e08,c1,p02,l2,0.00
i49,e08,c1,p02,l3,0.00
i49,e08,c1,p03,l2,0.00
i49,e08,c1,p03,l3,0.00
i49,e08,c1,p04,l3,0.00
i49,e08,c1,p05,l3,0.00
i49,e08,c1,p06,l3,0.00
i49,e08,c1,p07,l3,0.00
i49,e08,c1,p08,l3,0.00
i49,e08,c1,p09,l2,0.00
i49,e08,c1,p09,l3,0.00
i49,e08,c1,p10,l2,0.00
i49,e08,c1,p10,l3,0.00
i49,e08,c1,p11,l2,0.00
i49,e08,c1,p11,l3,0.00
i49,e08,c1,p12,l3,0.00
i49,e08,c1,p13,l2,0.00
i49,e08,c1,p13,l3,0.00
i49,e08,c1,p14,l3,0.00
i49,e08,c1,p15,l2,0.00
i49,e08,c1,p15,l3,0.00
i49,e08,c1,p16,l2,0.00
i49,e08,c1,p16,l3,0.00
i49,e08,c1,p17,l2,0.00
i49,e08,c1,p17,l3,0.00
i49,e08,c1,p18,l3,0.00
i49,e08,c1,p19,l2,0.00
i49,e08,c1,p19,l3,0.00
i49,e08,c1,p20,l3,0.00
i49,e08,c1,p21,l2,0.00
i49,e08,c1,p21,l3,0.00
i49,e08,c1,p22,l3,0.00
i49,e08,c1,p23,l3,0.00
i49,e08,c1,p24,l3,0.00
i49,e08,c1,p25,l3,0.00
i49,e08,c1,p27,l3,0.00
i49,e08,c1,p28,l2,0.00
i49,e08,c1,p28,l3,0.00
i49,e08,c1,p29,l3,0.00
i49,e08,c1,p30,l2,0.00
i49,e08,c1,p33,l2,0.00
i49,e08,c1,p33,l3,0.00
i49,e08,c1,p34,l3,0.00
i49,e08,c1,p35,l2,0.00
i49,e08,c1,p35,l3,0.00
i49,e08,c4,p01,l2,0.00
i49,e08,c4,p01,l3,0.00
i49,e08,c4,p02,l3,0.00
i49,e08,c4,p03,l3,0.00
i49,e08,c4,p04,l3,0.00
i49,e08,c4,p05,l3,0.00
i49,e08,c4,p07,l3,0.00
i49,e08,c4,p10,l3,0.00
i49,e08,c4,p11,l3,0.00
i49,e08,c4,p12,l3,0.00
i49,e08,c4,p13,l3,0.00
i49,e08,c4,p14,l3,0.00
i49,e08,c4,p16,l3,0.00
i49,e08,c4,p19,l2,0.00
i49,e08,c4,p19,l3,0.00
i49,e08,c4,p33,l2,0.00
i49,e08,c4,p33,l3,0.00
i49,e08,c4,p35,l3,0.00
i49,e09,c1,p01,l2,0.00
i49,e09,c1,p01,l3,0.00
i49,e09,c1,p02,l3,0.00
i49,e09,c1,p03,l3,0.00
i49,e09,c1,p04,l3,0.00
i49,e09,c1,p06,l3,0.00
i49,e09,c1,p09,l2,0.00
i49,e09,c1,p10,l2,0.00
i49,e09,c1,p10,l3,0.00
i49,e09,c1,p11,l3,0.00
i49,e09,c1,p12,l3,0.00
i49,e09,c1,p13,l3,0.00
i49,e09,c1,p15,l2,0.00
i49,e09,c1,p16,l2,0.00
i49,e09,c1,p16,l3,0.00
i49,e09,c1,p17,l2,0.00
i49,e09,c1,p17,l3,0.00
i49,e09,c1,p18,l3,0.00
i49,e09,c1,p19,l2,0.00
i49,e09,c1,p19,l3,0.00
i49,e09,c1,p20,l3,0.00
i49,e09,c1,p21,l3,0.00
i49,e09,c1,p22,l3,0.00
i49,e09,c1,p24,l3,0.00
i49,e09,c1,p25,l3,0.00
i49,e09,c1,p27,l3,0.00
i49,e09,c1,p28,l3,0.00
i49,e09,c1,p29,l3,0.00
i49,e09,c1,p33,l2,0.00
i49,e09,c1,p33,l3,0.00
i49,e09,c1,p35,l2,0.00
i49,e09,c1,p35,l3,0.00
i49,e09,c4,p01,l2,0.00
i49,e09,c4,p01,l3,0.00
i49,e09,c4,p07,l3,0.00
i49,e09,c4,p10,l3,0.00
i49,e09,c4,p14,l3,0.00
i49,e09,c4,p33,l2,0.00
i49,e09,c4,p33,l3,0.00
i49,e09,c4,p35,l2,0.00
i49,e09,c4,p35,l3,0.00
i49,e10,c1,p01,l3,0.00
i49,e10,c1,p02,l3,0.00
i49,e10,c1,p03,l3,0.00
i49,e10,c1,p04,l3,0.00
i49,e10,c1,p05,l3,0.00
i49,e10,c1,p06,l3,0.00
i49,e10,c1,p07,l3,0.00
i49,e10,c1,p08,l3,0.00
i49,e10,c1,p09,l3,0.00
i49,e10,c1,p10,l3,0.00
i49,e10,c1,p11,l3,0.00
i49,e10,c1,p12,l3,0.00
i49,e10,c1,p13,l3,0.00
i49,e10,c1,p14,l3,0.00
i49,e10,c1,p15,l3,0.00
i49,e10,c1,p16,l3,0.00
i49,e10,c1,p17,l3,0.00
i49,e10,c1,p18,l3,0.00
i49,e10,c1,p19,l3,0.00
i49,e10,c1,p20,l3,0.00
i49,e10,c1,p21,l3,0.00
i49,e10,c1,p22,l3,0.00
i49,e10,c1,p23,l3,0.00
i49,e10,c1,p24,l3,0.00
i49,e10,c1,p25,l3,0.00
i49,e10,c1,p27,l3,0.00
i49,e10,c1,p28,l3,0.00
i49,e10,c1,p29,l3,0.00
i49,e10,c1,p32,l3,0.00
i49,e10,c1,p33,l3,34.22
i49,e10,c1,p34,l3,0.00
i49,e10,c1,p35,l3,10.34
i49,e10,c4,p01,l3,0.00
i49,e10,c4,p02,l3,0.00
i49,e10,c4,p03,l3,0.00
i49,e10,c4,p04,l3,0.00
i49,e10,c4,p05,l3,0.00
i49,e10,c4,p07,l3,0.00
i49,e10,c4,p10,l3,0.00
i49,e10,c4,p11,l3,0.00
i49,e10,c4,p12,l3,0.00
i49,e10,c4,p13,l3,0.00
i49,e10,c4,p14,l3,0.00
i49,e10,c4,p16,l3,0.00
i49,e10,c4,p19,l3,0.00
i49,e10,c4,p21,l3,0.00
i49,e10,c4,p33,l3,0.00
i49,e10,c4,p35,l3,0.00
i49,e11,c1,p01,l2,0.00
i49,e11,c1,p01,l3,0.00
i49,e11,c1,p03,l3,0.00
i49,e11,c1,p09,l2,0.00
i49,e11,c1,p10,l3,0.00
i49,e11,c1,p13,l2,0.00
i49,e11,c1,p13,l3,0.00
i49,e11,c1,p14,l3,0.00
i49,e11,c1,p17,l2,0.00
i49,e11,c1,p17,l3,0.00
i49,e11,c1,p18,l2,0.00
i49,e11,c1,p18,l3,0.00
i49,e11,c1,p19,l2,0.00
i49,e11,c1,p19,l3,0.00
i49,e11,c1,p20,l3,0.00
i49,e11,c1,p21,l2,0.00
i49,e11,c1,p21,l3,0.00
i49,e11,c1,p23,l3,0.00
i49,e11,c1,p29,l3,0.00
i49,e11,c1,p33,l2,0.00
i49,e11,c1,p33,l3,0.00
i49,e11,c1,p35,l2,0.00
i49,e11,c1,p35,l3,0.00
i49,e11,c4,p01,l2,0.00
i49,e11,c4,p01,l3,0.00
i49,e11,c4,p05,l3,0.00
i49,e11,c4,p33,l2,0.00
i49,e11,c4,p33,l3,0.00
i49,e11,c4,p35,l3,0.00
i49,e12,c1,p01,l3,0.00
i49,e12,c1,p33,l3,0.00
i49,e12,c1,p35,l3,0.00
i49,e12,c4,p33,l3,0.00
i50,e01,c1,p05,l3,0.00
i50,e01,c1,p06,l3,0.00
i50,e01,c1,p07,l3,0.00
i50,e01,c1,p08,l3,0.00
i50,e01,c1,p09,l3,0.00
i50,e01,c1,p10,l3,0.00
i50,e01,c1,p11,l3,0.00
i50,e01,c1,p12,l3,0.00
i50,e01,c1,p13,l3,0.00
i50,e01,c1,p14,l3,0.00
i50,e01,c1,p15,l3,0.00
i50,e01,c1,p16,l3,0.00
i50,e01,c1,p17,l3,0.00
i50,e01,c1,p18,l3,0.00
i50,e01,c1,p19,l3,0.00
i50,e01,c1,p20,l3,0.00
i50,e01,c1,p21,l3,0.00
i50,e01,c1,p22,l3,0.00
i50,e01,c1,p23,l3,0.00
i50,e01,c1,p24,l3,0.00
i50,e01,c1,p25,l3,0.00
i50,e01,c1,p26,l3,0.00
i50,e01,c1,p28,l3,0.00
i50,e01,c1,p29,l3,0.00
i50,e01,c1,p31,l3,0.00
i50,e01,c1,p32,l3,0.00
i50,e01,c1,p33,l3,0.00
i50,e01,c1,p34,l3,0.00
i50,e01,c1,p35,l3,0.00
i50,e04,c1,p03,l3,0.00
i50,e04,c1,p05,l1,0.00
i50,e04,c1,p05,l3,0.00
i50,e04,c1,p06,l1,0.00
i50,e04,c1,p06,l3,0.00
i50,e04,c1,p07,l1,0.00
i50,e04,c1,p07,l3,0.00
i50,e04,c1,p08,l1,0.00
i50,e04,c1,p08,l3,0.00
i50,e04,c1,p09,l1,0.00
i50,e04,c1,p09,l3,0.00
i50,e04,c1,p10,l1,0.00
i50,e04,c1,p10,l3,0.00
i50,e04,c1,p11,l1,0.00
i50,e04,c1,p11,l3,0.00
i50,e04,c1,p12,l1,0.00
i50,e04,c1,p12,l3,0.00
i50,e04,c1,p13,l1,0.00
i50,e04,c1,p13,l3,0.00
i50,e04,c1,p14,l1,0.00
i50,e04,c1,p14,l3,0.00
i50,e04,c1,p15,l1,0.00
i50,e04,c1,p15,l3,0.00
i50,e04,c1,p16,l1,0.00
i50,e04,c1,p16,l3,0.00
i50,e04,c1,p17,l3,0.00
i50,e04,c1,p18,l1,0.00
i50,e04,c1,p18,l3,0.00
i50,e04,c1,p19,l1,0.00
i50,e04,c1,p19,l3,0.00
i50,e04,c1,p20,l1,0.00
i50,e04,c1,p20,l3,0.00
i50,e04,c1,p21,l1,0.00
i50,e04,c1,p21,l3,0.00
i50,e04,c1,p22,l1,0.00
i50,e04,c1,p22,l3,0.00
i50,e04,c1,p23,l1,0.00
i50,e04,c1,p23,l3,0.00
i50,e04,c1,p24,l1,0.00
i50,e04,c1,p24,l3,0.00
i50,e04,c1,p25,l1,0.00
i50,e04,c1,p25,l3,0.00
i50,e04,c1,p26,l1,0.00
i50,e04,c1,p26,l3,0.00
i50,e04,c1,p28,l1,0.00
i50,e04,c1,p28,l3,0.00
i50,e04,c1,p29,l1,0.00
i50,e04,c1,p29,l3,0.00
i50,e04,c1,p31,l3,0.00
i50,e04,c1,p32,l1,0.00
i50,e04,c1,p32,l3,0.00
i50,e04,c1,p33,l3,0.00
i50,e04,c1,p34,l3,0.00
i50,e04,c1,p35,l1,0.00
i50,e04,c1,p35,l3,0.00
i50,e05,c1,p05,l3,0.00
i50,e05,c1,p06,l3,0.00
i50,e05,c1,p09,l1,0.00
i50,e05,c1,p10,l1,0.00
i50,e05,c1,p10,l3,0.00
i50,e05,c1,p15,l1,0.00
i50,e05,c1,p15,l3,0.00
i50,e05,c1,p18,l3,0.00
i50,e05,c1,p19,l1,0.00
i50,e05,c1,p23,l3,0.00
i50,e05,c1,p25,l3,0.00
i50,e05,c1,p26,l3,0.00
i50,e05,c1,p35,l1,0.00
i50,e05,c1,p35,l3,0.00
i50,e09,c1,p05,l2,0.00
i50,e09,c1,p05,l3,0.00
i50,e09,c1,p06,l2,0.00
i50,e09,c1,p06,l3,0.00
i50,e09,c1,p07,l2,0.00
i50,e09,c1,p07,l3,0.00
i50,e09,c1,p08,l2,0.00
i50,e09,c1,p08,l3,0.00
i50,e09,c1,p09,l2,0.00
i50,e09,c1,p09,l3,0.00
i50,e09,c1,p10,l2,0.00
i50,e09,c1,p10,l3,0.00
i50,e09,c1,p11,l2,0.00
i50,e09,c1,p11,l3,0.00
i50,e09,c1,p12,l2,0.00
i50,e09,c1,p12,l3,0.00
i50,e09,c1,p13,l2,0.00
i50,e09,c1,p13,l3,0.00
i50,e09,c1,p14,l2,0.00
i50,e09,c1,p14,l3,0.00
i50,e09,c1,p15,l2,0.00
i50,e09,c1,p15,l3,0.00
i50,e09,c1,p16,l2,0.00
i50,e09,c1,p16,l3,0.00
i50,e09,c1,p17,l3,0.00
i50,e09,c1,p18,l2,0.00
i50,e09,c1,p18,l3,0.00
i50,e09,c1,p19,l2,0.00
i50,e09,c1,p19,l3,0.00
i50,e09,c1,p20,l2,0.00
i50,e09,c1,p20,l3,0.00
i50,e09,c1,p21,l2,0.00
i50,e09,c1,p21,l3,0.00
i50,e09,c1,p22,l2,0.00
i50,e09,c1,p22,l3,0.00
i50,e09,c1,p23,l2,0.00
i50,e09,c1,p23,l3,0.00
i50,e09,c1,p24,l2,0.00
i50,e09,c1,p24,l3,0.00
i50,e09,c1,p25,l2,0.00
i50,e09,c1,p25,l3,0.00
i50,e09,c1,p26,l2,0.00
i50,e09,c1,p26,l3,0.00
i50,e09,c1,p28,l2,0.00
i50,e09,c1,p28,l3,0.00
i50,e09,c1,p29,l2,0.00
i50,e09,c1,p29,l3,0.00
i50,e09,c1,p31,l3,0.00
i50,e09,c1,p32,l2,0.00
i50,e09,c1,p32,l3,0.00
i50,e09,c1,p33,l3,0.00
i50,e09,c1,p34,l3,0.00
i50,e09,c1,p35,l2,0.00
i50,e09,c1,p35,l3,0.00
i50,e12,c1,p35,l3,0.00
i51,e01,c4,p35,l3,0.00
i51,e04,c4,p35,l1,0.00
i51,e04,c4,p35,l3,0.00
i51,e05,c4,p35,l3,0.00
i51,e08,c4,p35,l2,0.00
i51,e08,c4,p35,l3,0.00
i51,e09,c4,p35,l2,0.00
i51,e09,c4,p35,l3,0.00
i51,e10,c4,p35,l1,0.00
i51,e10,c4,p35,l3,0.00
i51,e11,c4,p35,l3,0.00
i52,e01,c3,p01,l3,0.00
i52,e01,c3,p10,l3,0.00
i52,e01,c3,p35,l3,0.00
i52,e01,c5,p10,l3,0.00
i52,e01,c5,p35,l3,0.00
i52,e02,c3,p10,l3,0.00
i52,e02,c3,p35,l3,0.00
i52,e02,c5,p35,l3,0.00
i52,e04,c3,p01,l3,0.00
i52,e04,c3,p10,l1,0.00
i52,e04,c3,p10,l3,0.00
i52,e04,c3,p35,l1,0.00
i52,e04,c3,p35,l3,0.00
i52,e04,c5,p10,l3,0.00
i52,e04,c5,p35,l3,0.00
i52,e05,c3,p10,l3,0.00
i52,e05,c3,p35,l3,0.00
i52,e08,c3,p01,l3,0.00
i52,e08,c3,p10,l3,0.00
i52,e08,c3,p35,l3,0.00
i52,e08,c5,p10,l3,0.00
i52,e08,c5,p35,l3,0.00
i52,e09,c3,p01,l3,0.00
i52,e09,c3,p10,l3,0.00
i52,e09,c3,p35,l2,0.00
i52,e09,c3,p35,l3,0.00
i52,e09,c5,p10,l3,0.00
i52,e09,c5,p35,l3,0.00
i52,e11,c3,p01,l3,0.00
i52,e11,c3,p10,l3,0.00
i52,e11,c3,p35,l3,0.00
i53,e01,c5,p35,l3,0.00
i53,e02,c5,p35,l3,0.00
i53,e03,c5,p35,l3,0.00
i53,e04,c5,p35,l3,0.00
i53,e05,c5,p35,l3,0.00
i53,e08,c5,p35,l3,0.00
i53,e09,c5,p35,l3,0.00
i53,e11,c5,p35,l3,0.00
i53,e12,c5,p35,l3,0.00
i53,e13,c5,p10,l3,0.00
i53,e13,c5,p35,l3,0.00
i54,e01,c1,p35,l3,0.00
i54,e01,c4,p35,l3,0.00
i54,e04,c1,p35,l3,1.26
i54,e04,c4,p35,l3,0.00
i54,e05,c1,p35,l3,0.00
i54,e09,c1,p35,l3,0.00
i54,e09,c4,p35,l3,0.00
i54,e12,c1,p35,l3,0.00
i55,e01,c3,p10,l3,0.00
i55,e01,c5,p01,l3,0.00
i55,e01,c5,p03,l3,0.00
i55,e01,c5,p06,l3,0.00
i55,e01,c5,p10,l3,0.00
i55,e01,c5,p33,l3,0.00
i55,e01,c5,p35,l3,0.00
i55,e02,c5,p03,l3,0.00
i55,e02,c5,p10,l3,0.00
i55,e02,c5,p35,l3,0.00
i55,e03,c3,p10,l3,0.00
i55,e03,c5,p01,l3,0.00
i55,e03,c5,p03,l3,0.00
i55,e03,c5,p06,l3,0.00
i55,e03,c5,p10,l3,0.00
i55,e03,c5,p19,l3,0.00
i55,e03,c5,p24,l3,0.00
i55,e03,c5,p33,l3,0.00
i55,e03,c5,p35,l3,0.00
i55,e04,c3,p10,l3,0.00
i55,e04,c5,p01,l3,0.00
i55,e04,c5,p03,l3,0.00
i55,e04,c5,p06,l3,0.00
i55,e04,c5,p10,l3,0.00
i55,e04,c5,p19,l3,0.00
i55,e04,c5,p33,l3,0.00
i55,e04,c5,p35,l3,0.00
i55,e05,c3,p10,l3,0.00
i55,e05,c5,p01,l3,0.00
i55,e05,c5,p03,l3,0.00
i55,e05,c5,p10,l3,0.00
i55,e05,c5,p24,l3,0.00
i55,e05,c5,p33,l3,0.00
i55,e05,c5,p35,l3,0.00
i55,e07,c5,p01,l3,0.00
i55,e07,c5,p06,l3,0.00
i55,e07,c5,p10,l3,0.00
i55,e07,c5,p35,l3,0.00
i55,e08,c3,p10,l3,0.00
i55,e08,c5,p01,l3,0.00
i55,e08,c5,p03,l3,0.00
i55,e08,c5,p06,l3,0.00
i55,e08,c5,p10,l3,0.00
i55,e08,c5,p19,l3,0.00
i55,e08,c5,p33,l3,0.00
i55,e08,c5,p35,l3,0.00
i55,e09,c3,p10,l3,0.00
i55,e09,c5,p01,l3,0.00
i55,e09,c5,p03,l3,0.00
i55,e09,c5,p06,l3,0.00
i55,e09,c5,p10,l3,0.00
i55,e09,c5,p33,l3,0.00
i55,e09,c5,p35,l3,0.00
i55,e12,c3,p10,l3,0.00
i55,e12,c5,p01,l3,0.00
i55,e12,c5,p03,l3,0.00
i55,e12,c5,p06,l3,0.00
i55,e12,c5,p10,l3,0.00
i55,e12,c5,p35,l3,0.00
i55,e13,c3,p10,l3,0.00
i55,e13,c5,p01,l3,0.00
i55,e13,c5,p03,l3,0.00
i55,e13,c5,p06,l3,0.00
i55,e13,c5,p10,l3,0.00
i55,e13,c5,p19,l3,0.00
i55,e13,c5,p24,l3,0.00
i55,e13,c5,p35,l3,0.00
i56,e01,c5,p10,l3,0.00
i56,e01,c5,p35,l3,0.00
i56,e02,c3,p10,l3,0.00
i56,e02,c5,p10,l3,0.00
i56,e04,c5,p01,l3,0.00
i56,e04,c5,p10,l3,0.00
i56,e04,c5,p35,l3,0.00
i56,e05,c3,p10,l3,0.00
i56,e05,c5,p01,l3,0.00
i56,e05,c5,p10,l3,0.00
i56,e05,c5,p35,l3,0.00
i56,e07,c3,p10,l3,0.00
i56,e07,c5,p10,l3,0.00
i56,e07,c5,p35,l3,0.00
i56,e08,c5,p01,l3,0.00
i56,e08,c5,p10,l3,0.00
i56,e08,c5,p16,l3,0.00
i56,e08,c5,p35,l3,0.00
i56,e09,c3,p10,l3,0.00
i56,e09,c5,p10,l3,0.00
i56,e09,c5,p35,l3,0.00
i56,e11,c3,p10,l3,0.00
i56,e11,c5,p03,l3,0.00
i56,e11,c5,p10,l3,0.00
i56,e11,c5,p35,l3,0.00
i56,e12,c5,p10,l3,0.00
i56,e12,c5,p35,l3,0.00
i57,e12,c2,p10,l3,0.00
i57,e12,c8,p01,l3,0.00
i57,e12,c8,p03,l3,0.00
i57,e12,c8,p04,l3,0.00
i57,e12,c8,p05,l3,0.00
i57,e12,c8,p07,l3,0.00
i57,e12,c8,p10,l3,4.31
i57,e12,c8,p11,l3,0.00
i57,e12,c8,p15,l3,0.00
i57,e12,c8,p16,l3,0.00
i57,e12,c8,p19,l3,0.00
i57,e12,c8,p20,l3,0.00
i57,e12,c8,p21,l3,0.00
i57,e12,c8,p22,l3,0.00
i57,e12,c8,p33,l3,0.00
i58,e01,c5,p10,l3,0.00
i58,e01,c5,p35,l3,0.00
i58,e03,c5,p10,l3,0.00
i58,e03,c5,p35,l3,0.00
i58,e04,c5,p10,l3,0.00
i58,e04,c5,p35,l3,0.00
i58,e05,c3,p35,l3,0.00
i58,e05,c5,p10,l3,0.00
i58,e05,c5,p35,l3,0.00
i58,e07,c5,p35,l3,0.00
i58,e08,c3,p35,l3,0.00
i58,e08,c5,p10,l3,0.00
i58,e08,c5,p35,l3,0.00
i58,e09,c5,p10,l3,0.00
i58,e09,c5,p35,l3,0.00
i58,e11,c5,p10,l3,0.00
i58,e11,c5,p35,l3,0.00
i58,e12,c5,p10,l3,0.00
i58,e12,c5,p35,l3,0.00
i59,e01,c3,p01,l3,0.00
i59,e01,c3,p10,l3,0.00
i59,e01,c3,p16,l3,0.00
i59,e01,c3,p21,l3,0.00
i59,e01,c3,p35,l3,0.00
i59,e01,c5,p01,l3,0.00
i59,e01,c5,p02,l3,0.00
i59,e01,c5,p03,l3,0.00
i59,e01,c5,p04,l3,0.00
i59,e01,c5,p05,l3,0.00
i59,e01,c5,p06,l3,0.00
i59,e01,c5,p07,l3,0.00
i59,e01,c5,p08,l3,0.00
i59,e01,c5,p10,l3,0.00
i59,e01,c5,p11,l3,0.00
i59,e01,c5,p12,l3,0.00
i59,e01,c5,p13,l3,0.00
i59,e01,c5,p14,l3,0.00
i59,e01,c5,p15,l3,0.00
i59,e01,c5,p16,l3,0.00
i59,e01,c5,p17,l3,0.00
i59,e01,c5,p18,l3,0.00
i59,e01,c5,p19,l3,0.00
i59,e01,c5,p20,l3,0.00
i59,e01,c5,p21,l3,0.00
i59,e01,c5,p22,l3,0.00
i59,e01,c5,p23,l3,0.00
i59,e01,c5,p24,l3,0.00
i59,e01,c5,p25,l3,0.00
i59,e01,c5,p28,l3,0.00
i59,e01,c5,p29,l3,0.00
i59,e01,c5,p32,l3,0.00
i59,e01,c5,p33,l3,0.00
i59,e01,c5,p35,l3,0.00
i59,e02,c3,p10,l3,0.00
i59,e02,c5,p01,l1,0.00
i59,e02,c5,p01,l3,0.00
i59,e02,c5,p10,l1,0.00
i59,e02,c5,p10,l3,0.00
i59,e02,c5,p12,l1,0.00
i59,e02,c5,p12,l3,0.00
i59,e02,c5,p19,l3,0.00
i59,e02,c5,p21,l3,0.00
i59,e02,c5,p35,l3,0.00
i59,e04,c3,p01,l3,0.00
i59,e04,c3,p10,l3,0.00
i59,e04,c3,p11,l3,0.00
i59,e04,c3,p35,l3,0.00
i59,e04,c5,p01,l1,0.00
i59,e04,c5,p01,l3,0.00
i59,e04,c5,p02,l3,0.00
i59,e04,c5,p03,l3,0.00
i59,e04,c5,p04,l3,0.00
i59,e04,c5,p05,l3,0.00
i59,e04,c5,p06,l1,0.00
i59,e04,c5,p06,l3,0.00
i59,e04,c5,p07,l3,0.00
i59,e04,c5,p08,l3,0.00
i59,e04,c5,p09,l3,0.00
i59,e04,c5,p10,l1,0.00
i59,e04,c5,p10,l3,0.00
i59,e04,c5,p11,l3,0.00
i59,e04,c5,p12,l1,0.00
i59,e04,c5,p12,l3,0.00
i59,e04,c5,p13,l3,0.00
i59,e04,c5,p14,l3,0.00
i59,e04,c5,p15,l1,0.00
i59,e04,c5,p15,l3,0.00
i59,e04,c5,p16,l3,0.00
i59,e04,c5,p17,l3,0.00
i59,e04,c5,p18,l3,0.00
i59,e04,c5,p19,l1,0.00
i59,e04,c5,p19,l3,0.00
i59,e04,c5,p20,l3,0.00
i59,e04,c5,p21,l1,0.00
i59,e04,c5,p21,l3,0.00
i59,e04,c5,p22,l3,0.00
i59,e04,c5,p23,l3,0.00
i59,e04,c5,p24,l3,0.00
i59,e04,c5,p25,l3,0.00
i59,e04,c5,p28,l1,0.00
i59,e04,c5,p28,l3,0.00
i59,e04,c5,p29,l3,0.00
i59,e04,c5,p30,l3,0.00
i59,e04,c5,p32,l3,0.00
i59,e04,c5,p33,l3,0.00
i59,e04,c5,p35,l1,0.00
i59,e04,c5,p35,l3,0.00
i59,e05,c3,p01,l3,0.00
i59,e05,c3,p10,l1,0.00
i59,e05,c3,p10,l3,0.00
i59,e05,c3,p35,l1,0.00
i59,e05,c3,p35,l3,0.00
i59,e05,c5,p01,l1,0.00
i59,e05,c5,p01,l3,0.00
i59,e05,c5,p02,l3,0.00
i59,e05,c5,p03,l3,0.00
i59,e05,c5,p04,l3,0.00
i59,e05,c5,p05,l3,0.00
i59,e05,c5,p06,l3,0.00
i59,e05,c5,p10,l1,0.00
i59,e05,c5,p10,l3,0.00
i59,e05,c5,p11,l3,0.00
i59,e05,c5,p12,l1,0.00
i59,e05,c5,p12,l3,0.00
i59,e05,c5,p13,l1,0.00
i59,e05,c5,p13,l3,0.00
i59,e05,c5,p15,l1,0.00
i59,e05,c5,p15,l3,0.00
i59,e05,c5,p16,l3,0.00
i59,e05,c5,p17,l3,0.00
i59,e05,c5,p19,l1,0.00
i59,e05,c5,p19,l3,0.00
i59,e05,c5,p21,l1,0.00
i59,e05,c5,p21,l3,0.00
i59,e05,c5,p23,l3,0.00
i59,e05,c5,p24,l3,0.00
i59,e05,c5,p25,l3,0.00
i59,e05,c5,p26,l1,0.00
i59,e05,c5,p28,l3,0.00
i59,e05,c5,p30,l3,0.00
i59,e05,c5,p33,l3,0.00
i59,e05,c5,p35,l1,0.00
i59,e05,c5,p35,l3,0.00
i59,e07,c3,p35,l3,0.00
i59,e07,c5,p01,l3,0.00
i59,e07,c5,p05,l3,0.00
i59,e07,c5,p06,l3,0.00
i59,e07,c5,p07,l2,0.00
i59,e07,c5,p07,l3,0.00
i59,e07,c5,p08,l3,0.00
i59,e07,c5,p10,l2,0.00
i59,e07,c5,p10,l3,0.00
i59,e07,c5,p11,l3,0.00
i59,e07,c5,p12,l2,0.00
i59,e07,c5,p12,l3,0.00
i59,e07,c5,p15,l3,0.00
i59,e07,c5,p18,l3,0.00
i59,e07,c5,p19,l3,0.00
i59,e07,c5,p21,l3,0.00
i59,e07,c5,p28,l3,0.00
i59,e07,c5,p31,l3,0.00
i59,e07,c5,p35,l3,0.00
i59,e08,c3,p10,l2,0.00
i59,e08,c3,p10,l3,0.00
i59,e08,c3,p19,l3,0.00
i59,e08,c3,p21,l3,0.00
i59,e08,c3,p35,l2,0.00
i59,e08,c3,p35,l3,0.00
i59,e08,c5,p01,l2,0.00
i59,e08,c5,p01,l3,0.00
i59,e08,c5,p02,l3,0.00
i59,e08,c5,p03,l3,0.00
i59,e08,c5,p04,l2,0.00
i59,e08,c5,p04,l3,0.00
i59,e08,c5,p05,l3,0.00
i59,e08,c5,p06,l2,0.00
i59,e08,c5,p06,l3,0.00
i59,e08,c5,p07,l2,0.00
i59,e08,c5,p07,l3,0.00
i59,e08,c5,p08,l2,0.00
i59,e08,c5,p08,l3,0.00
i59,e08,c5,p09,l3,0.00
i59,e08,c5,p10,l2,0.00
i59,e08,c5,p10,l3,4.10
i59,e08,c5,p11,l2,0.00
i59,e08,c5,p11,l3,0.00
i59,e08,c5,p12,l2,0.00
i59,e08,c5,p12,l3,0.00
i59,e08,c5,p13,l3,0.00
i59,e08,c5,p14,l2,0.00
i59,e08,c5,p14,l3,0.00
i59,e08,c5,p15,l2,0.00
i59,e08,c5,p15,l3,0.00
i59,e08,c5,p16,l2,0.00
i59,e08,c5,p16,l3,0.00
i59,e08,c5,p17,l2,0.00
i59,e08,c5,p17,l3,0.00
i59,e08,c5,p18,l3,0.00
i59,e08,c5,p19,l2,0.00
i59,e08,c5,p19,l3,0.00
i59,e08,c5,p20,l3,0.00
i59,e08,c5,p21,l2,0.00
i59,e08,c5,p21,l3,0.00
i59,e08,c5,p22,l3,0.00
i59,e08,c5,p23,l2,0.00
i59,e08,c5,p23,l3,0.00
i59,e08,c5,p24,l2,0.00
i59,e08,c5,p24,l3,0.00
i59,e08,c5,p25,l2,0.00
i59,e08,c5,p25,l3,0.00
i59,e08,c5,p26,l2,0.00
i59,e08,c5,p28,l2,0.00
i59,e08,c5,p28,l3,0.00
i59,e08,c5,p29,l3,0.00
i59,e08,c5,p30,l3,0.00
i59,e08,c5,p31,l3,0.00
i59,e08,c5,p32,l3,0.00
i59,e08,c5,p33,l3,0.00
i59,e08,c5,p35,l2,0.00
i59,e08,c5,p35,l3,0.00
i59,e09,c3,p01,l3,0.00
i59,e09,c3,p10,l3,0.00
i59,e09,c3,p35,l3,0.00
i59,e09,c5,p01,l2,0.00
i59,e09,c5,p01,l3,0.00
i59,e09,c5,p02,l3,0.00
i59,e09,c5,p03,l3,0.00
i59,e09,c5,p04,l3,0.00
i59,e09,c5,p05,l3,0.00
i59,e09,c5,p06,l3,0.00
i59,e09,c5,p07,l3,0.00
i59,e09,c5,p08,l3,0.00
i59,e09,c5,p10,l2,0.00
i59,e09,c5,p10,l3,0.00
i59,e09,c5,p11,l3,0.00
i59,e09,c5,p12,l2,0.00
i59,e09,c5,p12,l3,0.00
i59,e09,c5,p13,l3,0.00
i59,e09,c5,p14,l3,0.00
i59,e09,c5,p15,l2,0.00
i59,e09,c5,p15,l3,0.00
i59,e09,c5,p16,l3,0.00
i59,e09,c5,p17,l3,0.00
i59,e09,c5,p18,l3,0.00
i59,e09,c5,p19,l2,0.00
i59,e09,c5,p19,l3,0.00
i59,e09,c5,p21,l2,0.00
i59,e09,c5,p21,l3,0.00
i59,e09,c5,p22,l3,0.00
i59,e09,c5,p23,l3,0.00
i59,e09,c5,p24,l3,0.00
i59,e09,c5,p25,l3,0.00
i59,e09,c5,p28,l2,0.00
i59,e09,c5,p28,l3,0.00
i59,e09,c5,p29,l3,0.00
i59,e09,c5,p30,l3,0.00
i59,e09,c5,p32,l3,0.00
i59,e09,c5,p33,l3,0.00
i59,e09,c5,p35,l2,0.00
i59,e09,c5,p35,l3,0.00
i59,e11,c3,p10,l2,0.00
i59,e11,c3,p10,l3,0.00
i59,e11,c5,p01,l2,0.00
i59,e11,c5,p01,l3,0.00
i59,e11,c5,p03,l3,0.00
i59,e11,c5,p04,l3,0.00
i59,e11,c5,p05,l3,0.00
i59,e11,c5,p07,l3,0.00
i59,e11,c5,p08,l3,0.00
i59,e11,c5,p10,l2,0.00
i59,e11,c5,p10,l3,0.00
i59,e11,c5,p11,l2,0.00
i59,e11,c5,p11,l3,0.00
i59,e11,c5,p12,l2,0.00
i59,e11,c5,p12,l3,0.00
i59,e11,c5,p14,l3,0.00
i59,e11,c5,p15,l2,0.00
i59,e11,c5,p15,l3,0.00
i59,e11,c5,p16,l3,0.00
i59,e11,c5,p18,l3,0.00
i59,e11,c5,p19,l2,0.00
i59,e11,c5,p19,l3,0.00
i59,e11,c5,p21,l2,0.00
i59,e11,c5,p21,l3,0.00
i59,e11,c5,p22,l3,0.00
i59,e11,c5,p23,l3,0.00
i59,e11,c5,p25,l2,0.00
i59,e11,c5,p28,l2,0.00
i59,e11,c5,p28,l3,0.00
i59,e11,c5,p35,l2,0.00
i59,e11,c5,p35,l3,0.00
i59,e12,c3,p13,l3,0.00
i59,e12,c3,p16,l3,0.00
i59,e12,c5,p01,l3,0.00
i59,e12,c5,p03,l3,0.00
i59,e12,c5,p04,l3,0.00
i59,e12,c5,p05,l3,0.00
i59,e12,c5,p06,l3,0.00
i59,e12,c5,p07,l3,0.00
i59,e12,c5,p10,l3,0.00
i59,e12,c5,p11,l3,0.00
i59,e12,c5,p12,l3,0.00
i59,e12,c5,p13,l3,0.00
i59,e12,c5,p14,l3,0.00
i59,e12,c5,p15,l3,0.00
i59,e12,c5,p16,l3,0.00
i59,e12,c5,p19,l3,0.00
i59,e12,c5,p20,l3,0.00
i59,e12,c5,p21,l3,0.00
i59,e12,c5,p25,l3,0.00
i59,e12,c5,p26,l3,0.00
i59,e12,c5,p28,l3,0.00
i59,e12,c5,p29,l3,0.00
i59,e12,c5,p35,l3,0.00
i60,e01,c3,p10,l3,0.00
i60,e01,c5,p10,l3,0.00
i60,e01,c5,p35,l3,0.00
i60,e02,c3,p10,l3,0.00
i60,e02,c5,p10,l3,0.00
i60,e04,c3,p10,l3,0.00
i60,e04,c5,p10,l3,0.00
i60,e04,c5,p35,l3,0.00
i60,e05,c3,p10,l3,0.00
i60,e05,c5,p10,l3,0.00
i60,e05,c5,p35,l3,0.00
i60,e08,c3,p10,l3,0.00
i60,e08,c5,p10,l3,0.00
i60,e08,c5,p35,l3,0.00
i60,e09,c3,p10,l3,0.00
i60,e09,c5,p10,l3,0.00
i60,e09,c5,p35,l3,0.00
i60,e11,c3,p10,l3,0.00
i60,e11,c5,p10,l3,0.00
i61,e01,c1,p06,l3,0.00
i61,e01,c1,p12,l3,0.00
i61,e01,c1,p35,l3,0.00
i61,e01,c4,p35,l3,0.00
i61,e04,c1,p06,l3,0.00
i61,e04,c1,p12,l1,0.00
i61,e04,c1,p12,l3,0.00
i61,e04,c1,p35,l1,0.00
i61,e04,c1,p35,l3,0.00
i61,e04,c4,p35,l1,0.00
i61,e04,c4,p35,l3,0.00
i61,e05,c1,p35,l1,0.00
i61,e05,c1,p35,l3,0.00
i61,e05,c4,p35,l1,0.00
i61,e05,c4,p35,l3,0.00
i61,e06,c1,p35,l3,0.00
i61,e07,c1,p35,l2,0.00
i61,e07,c1,p35,l3,0.00
i61,e07,c4,p35,l2,0.00
i61,e07,c4,p35,l3,0.00
i61,e08,c1,p02,l3,0.00
i61,e08,c1,p05,l3,0.00
i61,e08,c1,p06,l3,0.00
i61,e08,c1,p12,l2,0.00
i61,e08,c1,p12,l3,0.00
i61,e08,c1,p21,l3,0.00
i61,e08,c1,p35,l2,0.00
i61,e08,c1,p35,l3,8.85
i61,e08,c4,p35,l2,0.00
i61,e08,c4,p35,l3,0.00
i61,e09,c1,p02,l3,0.00
i61,e09,c1,p06,l3,0.00
i61,e09,c1,p12,l3,0.00
i61,e09,c1,p35,l2,0.00
i61,e09,c1,p35,l3,0.00
i61,e09,c4,p35,l2,0.00
i61,e09,c4,p35,l3,0.00
i61,e10,c1,p35,l1,0.00
i61,e10,c1,p35,l3,0.00
i61,e10,c4,p35,l1,0.00
i61,e10,c4,p35,l3,0.00
i61,e11,c1,p35,l2,0.00
i61,e11,c1,p35,l3,0.00
i61,e11,c4,p35,l2,0.00
i61,e11,c4,p35,l3,0.00
i61,e12,c1,p35,l3,0.00
i61,e12,c4,p35,l3,0.00
i62,e01,c1,p35,l3,0.00
i62,e01,c4,p35,l3,0.00
i62,e04,c1,p35,l1,0.00
i62,e04,c1,p35,l3,0.00
i62,e04,c4,p35,l3,0.00
i62,e09,c1,p35,l2,0.00
i62,e09,c1,p35,l3,0.00
i62,e09,c4,p35,l3,0.00
i63,e01,c1,p01,l3,0.00
i63,e01,c1,p02,l3,0.00
i63,e01,c1,p03,l3,0.00
i63,e01,c1,p05,l3,0.00
i63,e01,c1,p10,l3,0.00
i63,e01,c1,p12,l3,0.00
i63,e01,c1,p24,l3,0.00
i63,e01,c1,p26,l3,0.00
i63,e01,c1,p30,l3,0.00
i63,e01,c1,p32,l3,0.00
i63,e01,c1,p35,l3,0.00
i63,e01,c4,p01,l3,0.00
i63,e01,c4,p10,l3,0.00
i63,e01,c7,p10,l3,0.00
i63,e03,c1,p01,l3,0.00
i63,e03,c1,p02,l3,0.00
i63,e03,c1,p03,l3,0.00
i63,e03,c1,p04,l3,0.00
i63,e03,c1,p05,l3,0.00
i63,e03,c1,p08,l3,0.00
i63,e03,c1,p10,l3,0.00
i63,e03,c1,p12,l3,0.00
i63,e03,c1,p15,l3,0.00
i63,e03,c1,p19,l3,0.00
i63,e03,c1,p24,l3,0.00
i63,e03,c1,p26,l3,0.00
i63,e03,c1,p28,l3,0.00
i63,e03,c1,p30,l3,0.00
i63,e03,c1,p32,l3,0.00
i63,e03,c1,p35,l3,0.00
i63,e03,c4,p01,l3,0.00
i63,e03,c4,p03,l3,0.00
i63,e03,c4,p10,l3,0.00
i63,e03,c4,p35,l3,0.00
i63,e03,c7,p01,l3,0.00
i63,e03,c7,p10,l3,0.00
i63,e03,c7,p15,l3,0.00
i63,e04,c1,p01,l3,0.00
i63,e04,c1,p02,l3,0.00
i63,e04,c1,p03,l3,0.00
i63,e04,c1,p05,l3,0.00
i63,e04,c1,p09,l3,0.00
i63,e04,c1,p10,l3,0.00
i63,e04,c1,p12,l3,0.00
i63,e04,c1,p15,l3,0.00
i63,e04,c1,p19,l3,0.00
i63,e04,c1,p26,l3,0.00
i63,e04,c1,p28,l3,0.00
i63,e04,c1,p30,l3,0.00
i63,e04,c1,p32,l3,0.00
i63,e04,c1,p35,l3,0.00
i63,e04,c4,p01,l3,0.00
i63,e04,c4,p10,l3,0.00
i63,e04,c7,p01,l3,0.00
i63,e04,c7,p10,l3,0.00
i63,e04,c7,p15,l3,0.00
i63,e05,c1,p01,l3,0.00
i63,e05,c1,p03,l3,0.00
i63,e05,c1,p10,l3,0.00
i63,e05,c1,p35,l3,0.00
i63,e05,c4,p01,l3,0.00
i63,e05,c4,p10,l3,0.00
i63,e06,c1,p01,l3,0.00
i63,e06,c1,p03,l3,0.00
i63,e06,c1,p05,l3,0.00
i63,e06,c1,p10,l3,0.00
i63,e06,c1,p12,l3,0.00
i63,e06,c1,p35,l3,0.00
i63,e06,c4,p10,l3,0.00
i63,e06,c7,p01,l3,0.00
i63,e06,c7,p10,l3,0.00
i63,e07,c1,p01,l3,0.00
i63,e07,c1,p10,l3,0.00
i63,e08,c1,p01,l3,0.00
i63,e08,c1,p02,l3,0.00
i63,e08,c1,p03,l3,0.00
i63,e08,c1,p04,l3,0.00
i63,e08,c1,p05,l3,0.00
i63,e08,c1,p06,l3,0.00
i63,e08,c1,p08,l3,0.00
i63,e08,c1,p09,l3,0.00
i63,e08,c1,p10,l3,0.00
i63,e08,c1,p12,l3,0.00
i63,e08,c1,p15,l3,0.00
i63,e08,c1,p19,l3,0.00
i63,e08,c1,p24,l3,0.00
i63,e08,c1,p26,l3,0.00
i63,e08,c1,p28,l3,0.00
i63,e08,c1,p30,l3,0.00
i63,e08,c1,p32,l3,0.00
i63,e08,c1,p35,l3,0.00
i63,e08,c4,p01,l3,0.00
i63,e08,c4,p03,l3,0.00
i63,e08,c4,p10,l3,0.00
i63,e08,c4,p35,l3,0.00
i63,e08,c7,p01,l3,0.00
i63,e08,c7,p10,l3,0.00
i63,e08,c7,p15,l3,0.00
i63,e09,c1,p01,l3,0.00
i63,e09,c1,p03,l3,0.00
i63,e09,c1,p10,l3,0.00
i63,e09,c1,p12,l3,0.00
i63,e09,c1,p24,l3,0.00
i63,e09,c1,p26,l3,0.00
i63,e09,c1,p30,l3,0.00
i63,e09,c1,p32,l3,0.00
i63,e09,c1,p35,l3,0.00
i63,e09,c4,p10,l3,0.00
i63,e09,c7,p10,l3,0.00
i63,e10,c1,p01,l1,0.00
i63,e10,c1,p01,l2,0.00
i63,e10,c1,p01,l3,0.00
i63,e10,c1,p01,l4,0.00
i63,e10,c1,p02,l3,0.00
i63,e10,c1,p02,l4,0.00
i63,e10,c1,p03,l1,0.00
i63,e10,c1,p03,l2,0.00
i63,e10,c1,p03,l3,0.00
i63,e10,c1,p03,l4,0.00
i63,e10,c1,p04,l1,0.00
i63,e10,c1,p04,l3,0.00
i63,e10,c1,p04,l4,0.00
i63,e10,c1,p05,l1,0.00
i63,e10,c1,p05,l2,0.00
i63,e10,c1,p05,l3,0.00
i63,e10,c1,p05,l4,0.00
i63,e10,c1,p06,l3,0.00
i63,e10,c1,p06,l4,0.00
i63,e10,c1,p08,l1,0.00
i63,e10,c1,p08,l2,0.00
i63,e10,c1,p08,l3,0.00
i63,e10,c1,p08,l4,0.00
i63,e10,c1,p09,l2,0.00
i63,e10,c1,p09,l3,0.00
i63,e10,c1,p09,l4,0.00
i63,e10,c1,p10,l1,0.00
i63,e10,c1,p10,l2,0.00
i63,e10,c1,p10,l3,0.00
i63,e10,c1,p10,l4,0.00
i63,e10,c1,p11,l3,0.00
i63,e10,c1,p11,l4,0.00
i63,e10,c1,p12,l1,0.00
i63,e10,c1,p12,l2,0.00
i63,e10,c1,p12,l3,0.00
i63,e10,c1,p12,l4,0.00
i63,e10,c1,p15,l3,0.00
i63,e10,c1,p15,l4,0.00
i63,e10,c1,p19,l3,0.00
i63,e10,c1,p19,l4,0.00
i63,e10,c1,p24,l3,0.00
i63,e10,c1,p24,l4,0.00
i63,e10,c1,p26,l1,0.00
i63,e10,c1,p26,l2,0.00
i63,e10,c1,p26,l3,0.00
i63,e10,c1,p26,l4,0.00
i63,e10,c1,p28,l1,0.00
i63,e10,c1,p28,l2,0.00
i63,e10,c1,p28,l3,0.00
i63,e10,c1,p28,l4,0.00
i63,e10,c1,p30,l1,0.00
i63,e10,c1,p30,l2,0.00
i63,e10,c1,p30,l3,0.00
i63,e10,c1,p30,l4,0.00
i63,e10,c1,p32,l2,0.00
i63,e10,c1,p32,l3,0.00
i63,e10,c1,p32,l4,0.00
i63,e10,c1,p35,l1,0.00
i63,e10,c1,p35,l2,0.00
i63,e10,c1,p35,l3,0.00
i63,e10,c1,p35,l4,0.00
i63,e10,c4,p01,l2,0.00
i63,e10,c4,p01,l3,0.00
i63,e10,c4,p01,l4,0.00
i63,e10,c4,p03,l2,0.00
i63,e10,c4,p03,l3,0.00
i63,e10,c4,p03,l4,0.00
i63,e10,c4,p10,l1,0.00
i63,e10,c4,p10,l2,0.00
i63,e10,c4,p10,l3,0.00
i63,e10,c4,p10,l4,0.00
i63,e10,c4,p35,l2,0.00
i63,e10,c4,p35,l3,0.00
i63,e10,c4,p35,l4,0.00
i63,e10,c7,p01,l1,0.00
i63,e10,c7,p01,l2,0.00
i63,e10,c7,p01,l3,0.00
i63,e10,c7,p01,l4,0.00
i63,e10,c7,p10,l1,0.00
i63,e10,c7,p10,l2,0.00
i63,e10,c7,p10,l3,0.00
i63,e10,c7,p10,l4,0.00
i63,e10,c7,p15,l1,0.00
i63,e10,c7,p15,l3,0.00
i63,e10,c7,p15,l4,0.00
i63,e11,c1,p01,l3,0.00
i63,e11,c1,p02,l3,0.00
i63,e11,c1,p03,l3,0.00
i63,e11,c1,p04,l3,0.00
i63,e11,c1,p05,l3,0.00
i63,e11,c1,p06,l3,0.00
i63,e11,c1,p08,l3,0.00
i63,e11,c1,p09,l3,0.00
i63,e11,c1,p10,l3,0.00
i63,e11,c1,p12,l3,0.00
i63,e11,c1,p15,l3,0.00
i63,e11,c1,p19,l3,0.00
i63,e11,c1,p24,l3,0.00
i63,e11,c1,p26,l3,0.00
i63,e11,c1,p28,l3,0.00
i63,e11,c1,p30,l3,0.00
i63,e11,c1,p32,l3,0.00
i63,e11,c1,p35,l3,0.00
i63,e11,c4,p01,l3,0.00
i63,e11,c4,p03,l3,0.00
i63,e11,c4,p10,l3,0.00
i63,e11,c4,p35,l3,0.00
i63,e11,c7,p01,l3,0.00
i63,e11,c7,p10,l3,0.00
i63,e11,c7,p15,l3,0.00
i63,e12,c1,p01,l3,0.00
i63,e12,c1,p10,l3,0.00
i63,e12,c1,p35,l3,0.00
i64,e01,c3,p01,l3,0.00
i64,e01,c3,p02,l3,0.00
i64,e01,c3,p03,l3,0.00
i64,e01,c3,p04,l3,0.00
i64,e01,c3,p05,l3,0.00
i64,e01,c3,p06,l3,0.00
i64,e01,c3,p07,l3,0.00
i64,e01,c3,p08,l3,0.00
i64,e01,c3,p09,l3,0.00
i64,e01,c3,p10,l3,0.00
i64,e01,c3,p11,l3,0.00
i64,e01,c3,p12,l3,0.00
i64,e01,c3,p13,l3,0.00
i64,e01,c3,p14,l3,0.00
i64,e01,c3,p15,l3,0.00
i64,e01,c3,p16,l3,0.00
i64,e01,c3,p17,l3,0.00
i64,e01,c3,p18,l3,0.00
i64,e01,c3,p19,l3,0.00
i64,e01,c3,p20,l3,0.00
i64,e01,c3,p21,l3,0.00
i64,e01,c3,p22,l3,0.00
i64,e01,c3,p23,l3,0.00
i64,e01,c3,p24,l3,0.00
i64,e01,c3,p28,l3,0.00
i64,e01,c3,p29,l3,0.00
i64,e01,c3,p35,l3,0.00
i64,e01,c5,p01,l3,0.00
i64,e01,c5,p03,l3,0.00
i64,e01,c5,p04,l3,0.00
i64,e01,c5,p05,l3,0.00
i64,e01,c5,p06,l3,0.00
i64,e01,c5,p10,l3,0.00
i64,e01,c5,p11,l3,0.00
i64,e01,c5,p12,l3,0.00
i64,e01,c5,p13,l3,0.00
i64,e01,c5,p14,l3,0.00
i64,e01,c5,p15,l3,0.00
i64,e01,c5,p16,l3,0.00
i64,e01,c5,p17,l3,0.00
i64,e01,c5,p18,l3,0.00
i64,e01,c5,p19,l3,0.00
i64,e01,c5,p20,l3,0.00
i64,e01,c5,p21,l3,0.00
i64,e01,c5,p22,l3,0.00
i64,e01,c5,p24,l3,0.00
i64,e01,c5,p29,l3,0.00
i64,e01,c5,p35,l3,0.00
i64,e02,c3,p02,l1,0.00
i64,e02,c3,p02,l3,0.00
i64,e02,c3,p04,l1,0.00
i64,e02,c3,p05,l3,0.00
i64,e02,c3,p07,l3,0.00
i64,e02,c3,p10,l1,0.00
i64,e02,c3,p10,l3,0.00
i64,e02,c3,p11,l3,0.00
i64,e02,c3,p12,l3,0.00
i64,e02,c3,p15,l3,0.00
i64,e02,c3,p16,l3,0.00
i64,e02,c3,p17,l3,0.00
i64,e02,c3,p19,l3,0.00
i64,e02,c3,p21,l3,0.00
i64,e02,c3,p35,l3,0.00
i64,e02,c5,p17,l3,0.00
i64,e04,c3,p01,l3,0.00
i64,e04,c3,p02,l1,0.00
i64,e04,c3,p02,l3,0.00
i64,e04,c3,p03,l1,0.00
i64,e04,c3,p03,l3,0.00
i64,e04,c3,p04,l1,0.00
i64,e04,c3,p04,l3,0.00
i64,e04,c3,p05,l1,0.00
i64,e04,c3,p05,l3,0.00
i64,e04,c3,p06,l1,0.00
i64,e04,c3,p06,l3,0.00
i64,e04,c3,p07,l1,0.00
i64,e04,c3,p07,l3,0.00
i64,e04,c3,p09,l3,0.00
i64,e04,c3,p10,l1,0.00
i64,e04,c3,p10,l3,0.00
i64,e04,c3,p11,l1,0.00
i64,e04,c3,p11,l3,0.00
i64,e04,c3,p12,l1,0.00
i64,e04,c3,p12,l3,0.00
i64,e04,c3,p13,l1,0.00
i64,e04,c3,p13,l3,0.00
i64,e04,c3,p14,l1,0.00
i64,e04,c3,p14,l3,0.00
i64,e04,c3,p15,l1,0.00
i64,e04,c3,p15,l3,0.00
i64,e04,c3,p16,l1,0.00
i64,e04,c3,p16,l3,0.00
i64,e04,c3,p17,l1,0.00
i64,e04,c3,p17,l3,0.00
i64,e04,c3,p18,l1,0.00
i64,e04,c3,p18,l3,0.00
i64,e04,c3,p19,l1,0.00
i64,e04,c3,p19,l3,0.00
i64,e04,c3,p20,l1,0.00
i64,e04,c3,p20,l3,0.00
i64,e04,c3,p21,l1,0.00
i64,e04,c3,p21,l3,0.00
i64,e04,c3,p22,l1,0.00
i64,e04,c3,p22,l3,0.00
i64,e04,c3,p23,l1,0.00
i64,e04,c3,p23,l3,0.00
i64,e04,c3,p24,l1,0.00
i64,e04,c3,p24,l3,0.00
i64,e04,c3,p28,l3,0.00
i64,e04,c3,p29,l1,0.00
i64,e04,c3,p29,l3,0.00
i64,e04,c3,p35,l1,0.00
i64,e04,c3,p35,l3,0.00
i64,e04,c5,p01,l3,0.00
i64,e04,c5,p03,l3,0.00
i64,e04,c5,p04,l3,0.00
i64,e04,c5,p05,l3,0.00
i64,e04,c5,p06,l3,0.00
i64,e04,c5,p07,l3,0.00
i64,e04,c5,p10,l1,0.00
i64,e04,c5,p10,l3,0.00
i64,e04,c5,p11,l3,0.00
i64,e04,c5,p12,l3,0.00
i64,e04,c5,p13,l1,0.00
i64,e04,c5,p13,l3,0.00
i64,e04,c5,p15,l3,0.00
i64,e04,c5,p17,l1,0.00
i64,e04,c5,p17,l3,0.00
i64,e04,c5,p18,l3,0.00
i64,e04,c5,p19,l3,0.00
i64,e04,c5,p20,l1,0.00
i64,e04,c5,p20,l3,0.00
i64,e04,c5,p21,l1,0.00
i64,e04,c5,p21,l3,0.00
i64,e04,c5,p22,l3,0.00
i64,e04,c5,p24,l3,0.00
i64,e04,c5,p29,l1,0.00
i64,e04,c5,p35,l1,0.00
i64,e04,c5,p35,l3,0.00
i64,e05,c3,p01,l3,0.00
i64,e05,c3,p02,l1,0.00
i64,e05,c3,p02,l3,0.00
i64,e05,c3,p03,l3,0.00
i64,e05,c3,p04,l1,0.00
i64,e05,c3,p04,l3,0.00
i64,e05,c3,p05,l1,0.00
i64,e05,c3,p05,l3,0.00
i64,e05,c3,p06,l1,0.00
i64,e05,c3,p06,l3,0.00
i64,e05,c3,p07,l1,0.00
i64,e05,c3,p07,l3,0.00
i64,e05,c3,p10,l1,0.00
i64,e05,c3,p10,l3,0.00
i64,e05,c3,p11,l1,0.00
i64,e05,c3,p11,l3,0.00
i64,e05,c3,p12,l1,0.00
i64,e05,c3,p12,l3,0.00
i64,e05,c3,p13,l1,0.00
i64,e05,c3,p13,l3,0.00
i64,e05,c3,p14,l3,0.00
i64,e05,c3,p15,l1,0.00
i64,e05,c3,p15,l3,0.00
i64,e05,c3,p16,l1,0.00
i64,e05,c3,p16,l3,0.00
i64,e05,c3,p17,l1,0.00
i64,e05,c3,p17,l3,0.00
i64,e05,c3,p18,l3,0.00
i64,e05,c3,p19,l1,0.00
i64,e05,c3,p19,l3,0.00
i64,e05,c3,p21,l1,0.00
i64,e05,c3,p21,l3,0.00
i64,e05,c3,p22,l1,0.00
i64,e05,c3,p22,l3,0.00
i64,e05,c3,p23,l1,0.00
i64,e05,c3,p23,l3,0.00
i64,e05,c3,p24,l3,0.00
i64,e05,c3,p28,l3,0.00
i64,e05,c3,p29,l1,0.00
i64,e05,c3,p29,l3,0.00
i64,e05,c3,p35,l1,0.00
i64,e05,c3,p35,l3,0.00
i64,e05,c5,p05,l3,0.00
i64,e05,c5,p10,l1,0.00
i64,e05,c5,p10,l3,0.00
i64,e05,c5,p11,l3,0.00
i64,e05,c5,p13,l3,0.00
i64,e05,c5,p16,l3,0.00
i64,e05,c5,p19,l3,0.00
i64,e05,c5,p20,l3,0.00
i64,e05,c5,p22,l3,0.00
i64,e05,c5,p24,l3,0.00
i64,e05,c5,p29,l3,0.00
i64,e05,c5,p35,l1,0.00
i64,e05,c5,p35,l3,0.00
i64,e08,c3,p01,l2,0.00
i64,e08,c3,p01,l3,0.00
i64,e08,c3,p02,l2,0.00
i64,e08,c3,p02,l3,0.00
i64,e08,c3,p03,l2,0.00
i64,e08,c3,p03,l3,0.00
i64,e08,c3,p04,l2,0.00
i64,e08,c3,p04,l3,0.00
i64,e08,c3,p05,l2,0.00
i64,e08,c3,p05,l3,0.00
i64,e08,c3,p06,l2,0.00
i64,e08,c3,p06,l3,0.00
i64,e08,c3,p07,l2,0.00
i64,e08,c3,p07,l3,0.00
i64,e08,c3,p09,l3,0.00
i64,e08,c3,p10,l2,0.00
i64,e08,c3,p10,l3,0.00
i64,e08,c3,p11,l2,0.00
i64,e08,c3,p11,l3,0.00
i64,e08,c3,p12,l2,0.00
i64,e08,c3,p12,l3,0.00
i64,e08,c3,p13,l2,0.00
i64,e08,c3,p13,l3,0.00
i64,e08,c3,p14,l2,0.00
i64,e08,c3,p14,l3,0.00
i64,e08,c3,p15,l2,0.00
i64,e08,c3,p15,l3,0.00
i64,e08,c3,p16,l2,0.00
i64,e08,c3,p16,l3,0.00
i64,e08,c3,p17,l2,0.00
i64,e08,c3,p17,l3,0.00
i64,e08,c3,p18,l2,0.00
i64,e08,c3,p18,l3,0.00
i64,e08,c3,p19,l2,0.00
i64,e08,c3,p19,l3,0.00
i64,e08,c3,p20,l2,0.00
i64,e08,c3,p20,l3,0.00
i64,e08,c3,p21,l2,0.00
i64,e08,c3,p21,l3,0.00
i64,e08,c3,p22,l2,0.00
i64,e08,c3,p22,l3,0.00
i64,e08,c3,p23,l2,0.00
i64,e08,c3,p23,l3,0.00
i64,e08,c3,p24,l2,0.00
i64,e08,c3,p24,l3,0.00
i64,e08,c3,p28,l3,0.00
i64,e08,c3,p29,l2,0.00
i64,e08,c3,p29,l3,0.00
i64,e08,c3,p35,l2,0.00
i64,e08,c3,p35,l3,0.00
i64,e08,c5,p01,l3,0.00
i64,e08,c5,p03,l3,0.00
i64,e08,c5,p04,l3,0.00
i64,e08,c5,p05,l2,0.00
i64,e08,c5,p05,l3,0.00
i64,e08,c5,p06,l3,0.00
i64,e08,c5,p10,l2,0.00
i64,e08,c5,p10,l3,0.00
i64,e08,c5,p11,l2,0.00
i64,e08,c5,p11,l3,0.00
i64,e08,c5,p12,l3,0.00
i64,e08,c5,p13,l3,0.00
i64,e08,c5,p15,l3,0.00
i64,e08,c5,p16,l2,0.00
i64,e08,c5,p16,l3,0.00
i64,e08,c5,p17,l2,0.00
i64,e08,c5,p17,l3,0.00
i64,e08,c5,p18,l3,0.00
i64,e08,c5,p19,l3,0.00
i64,e08,c5,p20,l3,0.00
i64,e08,c5,p21,l2,0.00
i64,e08,c5,p21,l3,0.00
i64,e08,c5,p22,l3,0.00
i64,e08,c5,p23,l2,0.00
i64,e08,c5,p23,l3,0.00
i64,e08,c5,p24,l2,0.00
i64,e08,c5,p24,l3,0.00
i64,e08,c5,p28,l3,0.00
i64,e08,c5,p35,l2,0.00
i64,e08,c5,p35,l3,0.00
i64,e09,c3,p01,l3,0.00
i64,e09,c3,p02,l2,0.00
i64,e09,c3,p02,l3,0.00
i64,e09,c3,p03,l2,0.00
i64,e09,c3,p03,l3,0.00
i64,e09,c3,p04,l2,0.00
i64,e09,c3,p04,l3,0.00
i64,e09,c3,p05,l2,0.00
i64,e09,c3,p05,l3,0.00
i64,e09,c3,p06,l2,0.00
i64,e09,c3,p06,l3,0.00
i64,e09,c3,p07,l2,0.00
i64,e09,c3,p07,l3,0.00
i64,e09,c3,p08,l3,0.00
i64,e09,c3,p09,l3,0.00
i64,e09,c3,p10,l2,0.00
i64,e09,c3,p10,l3,0.00
i64,e09,c3,p11,l2,0.00
i64,e09,c3,p11,l3,0.00
i64,e09,c3,p12,l2,0.00
i64,e09,c3,p12,l3,0.00
i64,e09,c3,p13,l2,0.00
i64,e09,c3,p13,l3,0.00
i64,e09,c3,p14,l2,0.00
i64,e09,c3,p14,l3,0.00
i64,e09,c3,p15,l2,0.00
i64,e09,c3,p15,l3,0.00
i64,e09,c3,p16,l2,0.00
i64,e09,c3,p16,l3,0.00
i64,e09,c3,p17,l2,0.00
i64,e09,c3,p17,l3,0.00
i64,e09,c3,p18,l2,0.00
i64,e09,c3,p18,l3,0.00
i64,e09,c3,p19,l2,0.00
i64,e09,c3,p19,l3,0.00
i64,e09,c3,p20,l2,0.00
i64,e09,c3,p20,l3,0.00
i64,e09,c3,p21,l2,0.00
i64,e09,c3,p21,l3,0.00
i64,e09,c3,p22,l3,0.00
i64,e09,c3,p23,l2,0.00
i64,e09,c3,p23,l3,0.00
i64,e09,c3,p24,l2,0.00
i64,e09,c3,p24,l3,0.00
i64,e09,c3,p28,l3,0.00
i64,e09,c3,p29,l3,0.00
i64,e09,c3,p35,l2,0.00
i64,e09,c3,p35,l3,0.00
i64,e09,c5,p01,l3,0.00
i64,e09,c5,p03,l3,0.00
i64,e09,c5,p05,l2,0.00
i64,e09,c5,p05,l3,0.00
i64,e09,c5,p07,l3,0.00
i64,e09,c5,p10,l2,0.00
i64,e09,c5,p10,l3,0.00
i64,e09,c5,p11,l3,0.00
i64,e09,c5,p12,l3,0.00
i64,e09,c5,p15,l3,0.00
i64,e09,c5,p16,l2,0.00
i64,e09,c5,p16,l3,0.00
i64,e09,c5,p17,l2,0.00
i64,e09,c5,p17,l3,0.00
i64,e09,c5,p18,l3,0.00
i64,e09,c5,p19,l3,0.00
i64,e09,c5,p20,l3,0.00
i64,e09,c5,p21,l3,0.00
i64,e09,c5,p24,l2,0.00
i64,e09,c5,p24,l3,0.00
i64,e09,c5,p28,l3,0.00
i64,e09,c5,p35,l2,0.00
i64,e09,c5,p35,l3,0.00
i64,e10,c3,p05,l1,0.00
i64,e10,c3,p06,l1,0.00
i64,e10,c3,p07,l1,0.00
i64,e10,c3,p10,l1,0.00
i64,e10,c3,p10,l3,0.00
i64,e10,c3,p11,l1,0.00
i64,e10,c3,p15,l1,0.00
i64,e10,c3,p19,l1,0.00
i64,e10,c3,p21,l1,0.00
i64,e10,c3,p35,l1,0.00
i64,e10,c5,p03,l1,0.00
i64,e10,c5,p06,l1,0.00
i64,e10,c5,p10,l1,0.00
i64,e10,c5,p11,l1,0.00
i64,e10,c5,p17,l1,0.00
i64,e10,c5,p19,l1,0.00
i64,e10,c5,p35,l1,0.00
i64,e11,c3,p04,l3,0.00
i64,e11,c3,p05,l3,0.00
i64,e11,c3,p07,l3,0.00
i64,e11,c3,p10,l3,0.00
i64,e11,c3,p12,l3,0.00
i64,e11,c3,p15,l3,0.00
i64,e11,c3,p17,l3,0.00
i64,e11,c3,p18,l3,0.00
i64,e11,c3,p19,l3,0.00
i64,e11,c3,p21,l3,0.00
i64,e11,c3,p35,l2,0.00
i64,e11,c3,p35,l3,0.00
i64,e11,c5,p01,l3,0.00
i64,e11,c5,p10,l3,0.00
i64,e11,c5,p11,l3,0.00
i64,e11,c5,p21,l3,0.00
i64,e11,c5,p35,l3,0.00
i65,e01,c3,p03,l3,0.00
i65,e01,c3,p10,l3,0.00
i65,e01,c3,p35,l3,0.00
i65,e01,c5,p10,l3,0.00
i65,e02,c3,p10,l3,0.00
i65,e02,c5,p35,l3,0.00
i65,e04,c3,p01,l3,0.00
i65,e04,c3,p03,l3,0.00
i65,e04,c3,p10,l1,0.00
i65,e04,c3,p10,l3,0.00
i65,e04,c3,p17,l3,0.00
i65,e04,c3,p35,l1,0.00
i65,e04,c3,p35,l3,0.00
i65,e04,c5,p10,l3,0.00
i65,e04,c5,p24,l3,0.00
i65,e05,c3,p10,l1,0.00
i65,e05,c3,p10,l3,0.00
i65,e05,c3,p35,l3,0.00
i65,e05,c5,p10,l3,0.00
i65,e05,c5,p35,l3,0.00
i65,e08,c3,p01,l2,0.00
i65,e08,c3,p01,l3,0.00
i65,e08,c3,p03,l3,0.00
i65,e08,c3,p10,l2,0.00
i65,e08,c3,p10,l3,0.00
i65,e08,c3,p17,l3,0.00
i65,e08,c3,p35,l2,0.00
i65,e08,c3,p35,l3,0.00
i65,e08,c5,p10,l3,0.00
i65,e08,c5,p35,l3,0.00
i65,e09,c3,p10,l2,0.00
i65,e09,c3,p10,l3,0.00
i65,e09,c3,p35,l2,0.00
i65,e09,c3,p35,l3,0.00
i65,e09,c5,p10,l3,0.00
i65,e11,c3,p10,l3,0.00
i65,e11,c3,p35,l3,0.00
i65,e11,c5,p10,l3,0.00
i65,e11,c5,p24,l3,0.00
i66,e01,c3,p01,l3,0.00
i66,e01,c3,p02,l3,0.00
i66,e01,c3,p03,l3,0.00
i66,e01,c3,p04,l3,0.00
i66,e01,c3,p05,l3,0.00
i66,e01,c3,p06,l3,0.00
i66,e01,c3,p07,l3,0.00
i66,e01,c3,p08,l3,0.00
i66,e01,c3,p09,l3,0.00
i66,e01,c3,p10,l3,0.00
i66,e01,c3,p11,l3,0.00
i66,e01,c3,p12,l3,0.00
i66,e01,c3,p13,l3,0.00
i66,e01,c3,p14,l3,0.00
i66,e01,c3,p15,l3,0.00
i66,e01,c3,p16,l3,0.00
i66,e01,c3,p17,l3,0.00
i66,e01,c3,p18,l3,0.00
i66,e01,c3,p19,l3,0.00
i66,e01,c3,p20,l3,0.00
i66,e01,c3,p21,l3,0.00
i66,e01,c3,p22,l3,0.00
i66,e01,c3,p23,l3,0.00
i66,e01,c3,p24,l3,0.00
i66,e01,c3,p25,l3,0.00
i66,e01,c3,p26,l3,0.00
i66,e01,c3,p28,l3,0.00
i66,e01,c3,p29,l3,0.00
i66,e01,c3,p31,l3,0.00
i66,e01,c3,p32,l3,0.00
i66,e01,c3,p35,l3,0.00
i66,e04,c3,p01,l3,0.00
i66,e04,c3,p02,l3,0.00
i66,e04,c3,p03,l3,0.00
i66,e04,c3,p04,l3,0.00
i66,e04,c3,p05,l3,0.00
i66,e04,c3,p06,l3,0.00
i66,e04,c3,p07,l3,0.00
i66,e04,c3,p08,l3,0.00
i66,e04,c3,p09,l3,0.00
i66,e04,c3,p10,l3,0.00
i66,e04,c3,p11,l3,0.00
i66,e04,c3,p12,l3,0.00
i66,e04,c3,p13,l3,0.00
i66,e04,c3,p14,l3,0.00
i66,e04,c3,p15,l3,0.00
i66,e04,c3,p16,l3,0.00
i66,e04,c3,p17,l3,0.00
i66,e04,c3,p18,l3,0.00
i66,e04,c3,p19,l3,0.00
i66,e04,c3,p20,l3,0.00
i66,e04,c3,p21,l3,0.00
i66,e04,c3,p22,l3,0.00
i66,e04,c3,p23,l3,0.00
i66,e04,c3,p24,l3,0.00
i66,e04,c3,p25,l3,0.00
i66,e04,c3,p26,l3,0.00
i66,e04,c3,p28,l3,0.00
i66,e04,c3,p29,l3,0.00
i66,e04,c3,p31,l3,0.00
i66,e04,c3,p32,l3,0.00
i66,e04,c3,p35,l3,0.00
i66,e09,c3,p01,l3,0.00
i66,e09,c3,p02,l3,0.00
i66,e09,c3,p03,l3,0.00
i66,e09,c3,p04,l3,0.00
i66,e09,c3,p05,l3,0.00
i66,e09,c3,p06,l3,0.00
i66,e09,c3,p07,l3,0.00
i66,e09,c3,p08,l3,0.00
i66,e09,c3,p09,l3,0.00
i66,e09,c3,p10,l3,0.00
i66,e09,c3,p11,l3,0.00
i66,e09,c3,p12,l3,0.00
i66,e09,c3,p13,l3,0.00
i66,e09,c3,p14,l3,0.00
i66,e09,c3,p15,l3,0.00
i66,e09,c3,p16,l3,0.00
i66,e09,c3,p17,l3,0.00
i66,e09,c3,p18,l3,0.00
i66,e09,c3,p19,l3,0.00
i66,e09,c3,p20,l3,0.00
i66,e09,c3,p21,l3,0.00
i66,e09,c3,p22,l3,0.00
i66,e09,c3,p23,l3,0.00
i66,e09,c3,p24,l3,0.00
i66,e09,c3,p25,l3,0.00
i66,e09,c3,p26,l3,0.00
i66,e09,c3,p28,l3,0.00
i66,e09,c3,p29,l3,0.00
i66,e09,c3,p32,l3,0.00
i66,e09,c3,p35,l3,0.00
i67,e01,c3,p04,l3,0.00
i67,e01,c3,p05,l3,0.00
i67,e01,c3,p10,l3,0.00
i67,e01,c3,p11,l3,0.00
i67,e01,c3,p12,l3,0.00
i67,e01,c3,p15,l3,0.00
i67,e01,c3,p16,l3,0.00
i67,e01,c3,p19,l3,0.00
i67,e01,c3,p21,l3,0.00
i67,e01,c3,p23,l3,0.00
i67,e01,c3,p29,l3,0.00
i67,e01,c3,p35,l3,0.00
i67,e01,c5,p01,l3,0.00
i67,e01,c5,p02,l3,0.00
i67,e01,c5,p03,l3,0.00
i67,e01,c5,p04,l3,0.00
i67,e01,c5,p05,l3,0.00
i67,e01,c5,p06,l3,0.00
i67,e01,c5,p07,l3,0.00
i67,e01,c5,p08,l3,0.00
i67,e01,c5,p09,l3,0.00
i67,e01,c5,p10,l3,0.00
i67,e01,c5,p11,l3,0.00
i67,e01,c5,p12,l3,0.00
i67,e01,c5,p13,l3,0.00
i67,e01,c5,p14,l3,0.00
i67,e01,c5,p15,l3,0.00
i67,e01,c5,p16,l3,0.00
i67,e01,c5,p17,l3,0.00
i67,e01,c5,p18,l3,0.00
i67,e01,c5,p19,l3,0.00
i67,e01,c5,p20,l3,0.00
i67,e01,c5,p21,l3,0.00
i67,e01,c5,p22,l3,0.00
i67,e01,c5,p23,l3,0.00
i67,e01,c5,p24,l3,0.00
i67,e01,c5,p26,l3,0.00
i67,e01,c5,p28,l3,0.00
i67,e01,c5,p29,l3,0.00
i67,e01,c5,p32,l3,0.00
i67,e01,c5,p33,l3,0.00
i67,e01,c5,p35,l3,0.00
i67,e02,c3,p11,l3,0.00
i67,e02,c3,p19,l3,0.00
i67,e02,c5,p01,l3,0.00
i67,e02,c5,p02,l3,0.00
i67,e02,c5,p04,l3,0.00
i67,e02,c5,p05,l1,0.00
i67,e02,c5,p05,l3,0.00
i67,e02,c5,p06,l3,0.00
i67,e02,c5,p07,l3,0.00
i67,e02,c5,p10,l3,0.00
i67,e02,c5,p11,l3,0.00
i67,e02,c5,p12,l3,0.00
i67,e02,c5,p14,l1,0.00
i67,e02,c5,p14,l3,0.00
i67,e02,c5,p15,l3,0.00
i67,e02,c5,p16,l3,0.00
i67,e02,c5,p17,l3,0.00
i67,e02,c5,p18,l3,0.00
i67,e02,c5,p19,l1,0.00
i67,e02,c5,p19,l3,0.00
i67,e02,c5,p21,l3,0.00
i67,e02,c5,p22,l1,0.00
i67,e02,c5,p24,l3,0.00
i67,e02,c5,p28,l3,0.00
i67,e02,c5,p29,l3,0.00
i67,e02,c5,p35,l3,0.00
i67,e03,c5,p35,l3,0.00
i67,e04,c3,p05,l3,0.00
i67,e04,c3,p10,l1,0.00
i67,e04,c3,p10,l3,0.00
i67,e04,c3,p11,l3,0.00
i67,e04,c3,p12,l3,0.00
i67,e04,c3,p15,l3,0.00
i67,e04,c3,p16,l3,0.00
i67,e04,c3,p19,l1,0.00
i67,e04,c3,p19,l3,0.00
i67,e04,c3,p21,l3,0.00
i67,e04,c3,p23,l1,0.00
i67,e04,c3,p23,l3,0.00
i67,e04,c3,p29,l1,0.00
i67,e04,c3,p29,l3,0.00
i67,e04,c3,p35,l3,0.00
i67,e04,c5,p01,l1,0.00
i67,e04,c5,p01,l3,0.00
i67,e04,c5,p02,l1,0.00
i67,e04,c5,p02,l3,0.00
i67,e04,c5,p03,l1,0.00
i67,e04,c5,p03,l3,0.00
i67,e04,c5,p04,l1,0.00
i67,e04,c5,p04,l3,0.00
i67,e04,c5,p05,l1,0.00
i67,e04,c5,p05,l3,0.00
i67,e04,c5,p06,l1,0.00
i67,e04,c5,p06,l3,0.00
i67,e04,c5,p07,l1,0.00
i67,e04,c5,p07,l3,0.00
i67,e04,c5,p08,l1,0.00
i67,e04,c5,p08,l3,0.00
i67,e04,c5,p09,l1,0.00
i67,e04,c5,p09,l3,0.00
i67,e04,c5,p10,l1,0.00
i67,e04,c5,p10,l3,0.00
i67,e04,c5,p11,l1,0.00
i67,e04,c5,p11,l3,0.00
i67,e04,c5,p12,l1,0.00
i67,e04,c5,p12,l3,0.00
i67,e04,c5,p13,l1,0.00
i67,e04,c5,p13,l3,0.00
i67,e04,c5,p14,l1,0.00
i67,e04,c5,p14,l3,0.00
i67,e04,c5,p15,l1,0.00
i67,e04,c5,p15,l3,0.00
i67,e04,c5,p16,l1,0.00
i67,e04,c5,p16,l3,0.00
i67,e04,c5,p17,l1,0.00
i67,e04,c5,p17,l3,1.13
i67,e04,c5,p18,l1,0.00
i67,e04,c5,p18,l3,0.00
i67,e04,c5,p19,l1,0.00
i67,e04,c5,p19,l3,0.00
i67,e04,c5,p20,l1,0.00
i67,e04,c5,p20,l3,0.00
i67,e04,c5,p21,l1,0.00
i67,e04,c5,p21,l3,0.00
i67,e04,c5,p22,l1,0.00
i67,e04,c5,p22,l3,0.00
i67,e04,c5,p23,l1,0.00
i67,e04,c5,p23,l3,0.00
i67,e04,c5,p24,l1,0.00
i67,e04,c5,p24,l3,0.00
i67,e04,c5,p25,l3,0.00
i67,e04,c5,p28,l1,0.00
i67,e04,c5,p28,l3,0.00
i67,e04,c5,p29,l1,0.00
i67,e04,c5,p29,l3,0.00
i67,e04,c5,p32,l3,0.00
i67,e04,c5,p33,l3,0.00
i67,e04,c5,p35,l1,0.00
i67,e04,c5,p35,l3,0.00
i67,e05,c5,p01,l1,0.00
i67,e05,c5,p01,l3,0.00
i67,e05,c5,p02,l1,0.00
i67,e05,c5,p02,l3,0.00
i67,e05,c5,p03,l3,0.00
i67,e05,c5,p04,l1,0.00
i67,e05,c5,p04,l3,0.00
i67,e05,c5,p05,l1,0.00
i67,e05,c5,p05,l3,0.00
i67,e05,c5,p06,l1,0.00
i67,e05,c5,p06,l3,0.00
i67,e05,c5,p07,l1,0.00
i67,e05,c5,p07,l3,0.00
i67,e05,c5,p08,l1,0.00
i67,e05,c5,p08,l3,0.00
i67,e05,c5,p09,l3,0.00
i67,e05,c5,p10,l1,0.00
i67,e05,c5,p10,l3,0.00
i67,e05,c5,p11,l1,0.00
i67,e05,c5,p11,l3,0.00
i67,e05,c5,p12,l1,0.00
i67,e05,c5,p12,l3,0.00
i67,e05,c5,p13,l1,0.00
i67,e05,c5,p13,l3,0.00
i67,e05,c5,p14,l1,0.00
i67,e05,c5,p14,l3,0.00
i67,e05,c5,p15,l1,0.00
i67,e05,c5,p15,l3,0.00
i67,e05,c5,p16,l1,0.00
i67,e05,c5,p16,l3,0.00
i67,e05,c5,p17,l3,0.00
i67,e05,c5,p18,l1,0.00
i67,e05,c5,p18,l3,0.00
i67,e05,c5,p19,l1,0.00
i67,e05,c5,p19,l3,0.00
i67,e05,c5,p21,l1,0.00
i67,e05,c5,p21,l3,0.00
i67,e05,c5,p22,l1,0.00
i67,e05,c5,p22,l3,0.00
i67,e05,c5,p23,l1,0.00
i67,e05,c5,p24,l1,0.00
i67,e05,c5,p24,l3,0.00
i67,e05,c5,p28,l3,0.00
i67,e05,c5,p29,l3,0.00
i67,e05,c5,p35,l3,0.00
i67,e07,c5,p07,l3,0.00
i67,e08,c3,p05,l3,0.00
i67,e08,c3,p10,l2,0.00
i67,e08,c3,p10,l3,0.00
i67,e08,c3,p11,l3,0.00
i67,e08,c3,p12,l3,0.00
i67,e08,c3,p15,l3,0.00
i67,e08,c3,p19,l2,0.00
i67,e08,c3,p19,l3,0.00
i67,e08,c3,p21,l3,0.00
i67,e08,c3,p23,l3,0.00
i67,e08,c3,p24,l3,0.00
i67,e08,c3,p29,l3,0.00
i67,e08,c5,p01,l2,0.00
i67,e08,c5,p01,l3,0.00
i67,e08,c5,p02,l2,0.00
i67,e08,c5,p02,l3,0.00
i67,e08,c5,p03,l2,0.00
i67,e08,c5,p03,l3,0.00
i67,e08,c5,p04,l2,0.00
i67,e08,c5,p04,l3,0.00
i67,e08,c5,p05,l2,0.00
i67,e08,c5,p05,l3,0.00
i67,e08,c5,p06,l2,0.00
i67,e08,c5,p06,l3,0.00
i67,e08,c5,p07,l2,0.00
i67,e08,c5,p07,l3,0.00
i67,e08,c5,p08,l2,0.00
i67,e08,c5,p08,l3,0.00
i67,e08,c5,p09,l2,0.00
i67,e08,c5,p09,l3,0.00
i67,e08,c5,p10,l2,0.00
i67,e08,c5,p10,l3,0.00
i67,e08,c5,p11,l2,0.00
i67,e08,c5,p11,l3,0.00
i67,e08,c5,p12,l2,0.00
i67,e08,c5,p12,l3,0.00
i67,e08,c5,p13,l2,0.00
i67,e08,c5,p13,l3,0.00
i67,e08,c5,p14,l2,0.00
i67,e08,c5,p14,l3,0.00
i67,e08,c5,p15,l2,0.00
i67,e08,c5,p15,l3,0.00
i67,e08,c5,p16,l2,0.00
i67,e08,c5,p16,l3,0.00
i67,e08,c5,p17,l2,0.00
i67,e08,c5,p17,l3,3.28
i67,e08,c5,p18,l2,0.00
i67,e08,c5,p18,l3,0.00
i67,e08,c5,p19,l2,0.00
i67,e08,c5,p19,l3,0.00
i67,e08,c5,p20,l2,0.00
i67,e08,c5,p20,l3,0.00
i67,e08,c5,p21,l2,0.00
i67,e08,c5,p21,l3,0.00
i67,e08,c5,p22,l2,0.00
i67,e08,c5,p22,l3,0.00
i67,e08,c5,p23,l2,0.00
i67,e08,c5,p23,l3,0.00
i67,e08,c5,p24,l2,0.00
i67,e08,c5,p24,l3,0.00
i67,e08,c5,p25,l3,0.00
i67,e08,c5,p26,l3,0.00
i67,e08,c5,p28,l2,0.00
i67,e08,c5,p28,l3,0.00
i67,e08,c5,p29,l2,0.00
i67,e08,c5,p29,l3,0.00
i67,e08,c5,p32,l3,0.00
i67,e08,c5,p35,l2,0.00
i67,e08,c5,p35,l3,0.00
i67,e09,c3,p01,l3,0.00
i67,e09,c3,p05,l3,0.00
i67,e09,c3,p10,l3,0.00
i67,e09,c3,p11,l3,0.00
i67,e09,c3,p12,l3,0.00
i67,e09,c3,p15,l3,0.00
i67,e09,c3,p19,l2,0.00
i67,e09,c3,p19,l3,0.00
i67,e09,c3,p21,l3,0.00
i67,e09,c3,p29,l2,0.00
i67,e09,c3,p29,l3,0.00
i67,e09,c3,p35,l3,0.00
i67,e09,c5,p01,l2,0.00
i67,e09,c5,p01,l3,0.00
i67,e09,c5,p02,l2,0.00
i67,e09,c5,p02,l3,0.00
i67,e09,c5,p03,l2,0.00
i67,e09,c5,p03,l3,0.00
i67,e09,c5,p04,l2,0.00
i67,e09,c5,p04,l3,0.00
i67,e09,c5,p05,l2,0.00
i67,e09,c5,p05,l3,0.00
i67,e09,c5,p06,l2,0.00
i67,e09,c5,p06,l3,0.00
i67,e09,c5,p07,l2,0.00
i67,e09,c5,p07,l3,0.00
i67,e09,c5,p08,l2,0.00
i67,e09,c5,p08,l3,0.00
i67,e09,c5,p09,l2,0.00
i67,e09,c5,p09,l3,0.00
i67,e09,c5,p10,l2,0.00
i67,e09,c5,p10,l3,0.00
i67,e09,c5,p11,l2,0.00
i67,e09,c5,p11,l3,0.00
i67,e09,c5,p12,l2,0.00
i67,e09,c5,p12,l3,0.00
i67,e09,c5,p13,l2,0.00
i67,e09,c5,p13,l3,0.00
i67,e09,c5,p14,l2,0.00
i67,e09,c5,p14,l3,0.00
i67,e09,c5,p15,l2,0.00
i67,e09,c5,p15,l3,0.00
i67,e09,c5,p16,l2,0.00
i67,e09,c5,p16,l3,0.00
i67,e09,c5,p17,l2,0.00
i67,e09,c5,p17,l3,0.00
i67,e09,c5,p18,l2,0.00
i67,e09,c5,p18,l3,0.00
i67,e09,c5,p19,l2,0.00
i67,e09,c5,p19,l3,0.00
i67,e09,c5,p20,l2,0.00
i67,e09,c5,p20,l3,0.00
i67,e09,c5,p21,l2,0.00
i67,e09,c5,p21,l3,0.00
i67,e09,c5,p22,l2,0.00
i67,e09,c5,p22,l3,0.00
i67,e09,c5,p23,l2,0.00
i67,e09,c5,p23,l3,0.00
i67,e09,c5,p24,l2,0.00
i67,e09,c5,p24,l3,0.00
i67,e09,c5,p25,l3,0.00
i67,e09,c5,p26,l3,0.00
i67,e09,c5,p28,l2,0.00
i67,e09,c5,p28,l3,0.00
i67,e09,c5,p29,l2,0.00
i67,e09,c5,p29,l3,0.00
i67,e09,c5,p32,l3,0.00
i67,e09,c5,p35,l2,0.00
i67,e09,c5,p35,l3,0.00
i67,e10,c3,p01,l1,0.00
i67,e10,c3,p01,l3,0.00
i67,e10,c3,p05,l1,0.00
i67,e10,c3,p05,l3,0.00
i67,e10,c3,p10,l1,0.00
i67,e10,c3,p10,l3,0.00
i67,e10,c3,p11,l3,0.00
i67,e10,c3,p12,l3,0.00
i67,e10,c3,p15,l1,0.00
i67,e10,c3,p15,l3,0.00
i67,e10,c3,p16,l1,0.00
i67,e10,c3,p16,l3,0.00
i67,e10,c3,p19,l1,0.00
i67,e10,c3,p19,l3,0.00
i67,e10,c3,p21,l1,0.00
i67,e10,c3,p21,l3,0.00
i67,e10,c3,p23,l3,0.00
i67,e10,c3,p24,l3,0.00
i67,e10,c3,p29,l3,0.00
i67,e10,c3,p35,l1,0.00
i67,e10,c3,p35,l3,0.00
i67,e10,c5,p01,l1,0.00
i67,e10,c5,p01,l3,0.00
i67,e10,c5,p02,l1,0.00
i67,e10,c5,p02,l3,0.00
i67,e10,c5,p03,l1,0.00
i67,e10,c5,p03,l3,0.00
i67,e10,c5,p04,l1,0.00
i67,e10,c5,p04,l3,0.00
i67,e10,c5,p05,l1,0.00
i67,e10,c5,p05,l3,0.00
i67,e10,c5,p06,l1,0.00
i67,e10,c5,p06,l3,0.00
i67,e10,c5,p07,l1,0.00
i67,e10,c5,p07,l3,0.00
i67,e10,c5,p08,l1,0.00
i67,e10,c5,p08,l3,0.00
i67,e10,c5,p09,l1,0.00
i67,e10,c5,p09,l3,0.00
i67,e10,c5,p10,l1,0.00
i67,e10,c5,p10,l3,0.00
i67,e10,c5,p11,l1,0.00
i67,e10,c5,p11,l3,0.00
i67,e10,c5,p12,l1,0.00
i67,e10,c5,p12,l3,0.00
i67,e10,c5,p13,l1,0.00
i67,e10,c5,p13,l3,0.00
i67,e10,c5,p14,l1,0.00
i67,e10,c5,p14,l3,0.00
i67,e10,c5,p15,l1,0.00
i67,e10,c5,p15,l3,0.00
i67,e10,c5,p16,l1,0.00
i67,e10,c5,p16,l3,1.34
i67,e10,c5,p17,l1,0.00
i67,e10,c5,p17,l3,4.17
i67,e10,c5,p18,l1,0.00
i67,e10,c5,p18,l3,0.00
i67,e10,c5,p19,l1,0.00
i67,e10,c5,p19,l3,0.00
i67,e10,c5,p20,l1,0.00
i67,e10,c5,p20,l3,0.00
i67,e10,c5,p21,l1,0.00
i67,e10,c5,p21,l3,0.00
i67,e10,c5,p22,l1,0.00
i67,e10,c5,p22,l3,0.00
i67,e10,c5,p23,l1,0.00
i67,e10,c5,p23,l3,0.00
i67,e10,c5,p24,l1,0.00
i67,e10,c5,p24,l3,0.00
i67,e10,c5,p25,l3,0.00
i67,e10,c5,p26,l1,0.00
i67,e10,c5,p26,l3,0.00
i67,e10,c5,p28,l1,0.00
i67,e10,c5,p28,l3,0.00
i67,e10,c5,p29,l1,0.00
i67,e10,c5,p29,l3,0.00
i67,e10,c5,p31,l1,0.00
i67,e10,c5,p31,l3,0.00
i67,e10,c5,p32,l3,0.00
i67,e10,c5,p33,l3,0.00
i67,e10,c5,p35,l1,0.00
i67,e10,c5,p35,l3,0.00
i67,e11,c5,p01,l3,0.00
i67,e11,c5,p05,l3,0.00
i67,e11,c5,p10,l2,0.00
i67,e11,c5,p10,l3,0.00
i67,e11,c5,p11,l3,0.00
i67,e11,c5,p12,l3,0.00
i67,e11,c5,p15,l3,0.00
i67,e11,c5,p19,l3,0.00
i67,e11,c5,p21,l3,0.00
i67,e11,c5,p35,l2,0.00
i67,e11,c5,p35,l3,0.00
i67,e12,c5,p01,l3,0.00
i67,e12,c5,p02,l3,0.00
i67,e12,c5,p03,l3,0.00
i67,e12,c5,p05,l3,0.00
i67,e12,c5,p08,l3,0.00
i67,e12,c5,p10,l3,0.00
i67,e12,c5,p11,l3,0.00
i67,e12,c5,p13,l3,0.00
i67,e12,c5,p14,l3,0.00
i67,e12,c5,p15,l3,0.00
i67,e12,c5,p17,l3,0.00
i67,e12,c5,p18,l3,0.00
i67,e12,c5,p19,l3,0.00
i67,e12,c5,p20,l3,0.00
i67,e12,c5,p21,l3,0.00
i67,e12,c5,p24,l3,0.00
i67,e12,c5,p29,l3,0.00
i67,e12,c5,p35,l3,0.00
i68,e01,c1,p06,l3,0.00
i68,e01,c1,p09,l3,0.00
i68,e01,c1,p10,l3,0.00
i68,e01,c1,p11,l3,0.00
i68,e01,c1,p12,l3,0.00
i68,e01,c1,p13,l3,0.00
i68,e01,c1,p15,l3,0.00
i68,e01,c1,p16,l3,0.00
i68,e01,c1,p17,l3,0.00
i68,e01,c1,p18,l3,0.00
i68,e01,c1,p19,l3,0.00
i68,e01,c1,p21,l3,0.00
i68,e01,c1,p25,l3,0.00
i68,e01,c1,p27,l3,0.00
i68,e01,c1,p28,l3,0.00
i68,e01,c1,p29,l3,0.00
i68,e01,c1,p35,l3,0.00
i68,e01,c4,p10,l3,0.00
i68,e01,c4,p12,l3,0.00
i68,e01,c4,p35,l3,0.00
i68,e04,c1,p05,l3,0.00
i68,e04,c1,p06,l3,0.00
i68,e04,c1,p07,l3,0.00
i68,e04,c1,p08,l3,0.00
i68,e04,c1,p09,l3,0.00
i68,e04,c1,p10,l3,0.00
i68,e04,c1,p11,l3,0.00
i68,e04,c1,p12,l3,0.00
i68,e04,c1,p13,l3,0.00
i68,e04,c1,p15,l3,0.00
i68,e04,c1,p16,l3,0.00
i68,e04,c1,p17,l3,0.00
i68,e04,c1,p18,l3,0.00
i68,e04,c1,p19,l3,0.00
i68,e04,c1,p21,l3,0.00
i68,e04,c1,p24,l3,0.00
i68,e04,c1,p25,l3,0.00
i68,e04,c1,p28,l3,0.00
i68,e04,c1,p29,l3,0.00
i68,e04,c1,p35,l3,0.00
i68,e04,c4,p10,l3,0.00
i68,e04,c4,p12,l3,0.00
i68,e04,c4,p15,l3,0.00
i68,e04,c4,p35,l3,0.00
i68,e05,c1,p10,l3,0.00
i68,e05,c1,p11,l3,0.00
i68,e05,c1,p12,l3,0.00
i68,e05,c1,p15,l3,0.00
i68,e05,c1,p16,l3,0.00
i68,e05,c1,p19,l3,0.00
i68,e05,c1,p21,l3,0.00
i68,e05,c1,p35,l3,1.41
i68,e05,c4,p10,l3,0.00
i68,e05,c4,p35,l3,0.00
i68,e09,c1,p06,l3,0.00
i68,e09,c1,p08,l3,0.00
i68,e09,c1,p10,l3,0.00
i68,e09,c1,p11,l3,0.00
i68,e09,c1,p12,l3,0.00
i68,e09,c1,p13,l3,0.00
i68,e09,c1,p15,l3,0.00
i68,e09,c1,p16,l3,0.00
i68,e09,c1,p17,l3,0.00
i68,e09,c1,p18,l3,0.00
i68,e09,c1,p19,l3,0.00
i68,e09,c1,p21,l3,0.00
i68,e09,c1,p23,l3,0.00
i68,e09,c1,p24,l3,0.00
i68,e09,c1,p25,l3,0.00
i68,e09,c1,p27,l3,0.00
i68,e09,c1,p28,l3,0.00
i68,e09,c1,p35,l3,0.00
i68,e09,c4,p10,l3,0.00
i68,e09,c4,p12,l3,0.00
i68,e09,c4,p35,l3,0.00
i68,e12,c1,p05,l3,0.00
i68,e12,c1,p10,l3,0.00
i68,e12,c1,p11,l3,0.00
i68,e12,c1,p12,l3,0.00
i68,e12,c1,p13,l3,0.00
i68,e12,c1,p15,l3,0.00
i68,e12,c1,p16,l3,0.00
i68,e12,c1,p19,l3,0.00
i68,e12,c1,p21,l3,0.00
i68,e12,c1,p22,l3,0.00
i68,e12,c1,p24,l3,0.00
i68,e12,c1,p28,l3,0.00
i68,e12,c1,p35,l3,0.00
i68,e12,c4,p10,l3,0.00
i68,e12,c4,p12,l3,0.00
i68,e12,c4,p35,l3,0.00
i69,e01,c3,p01,l3,0.00
i69,e01,c3,p03,l3,0.00
i69,e01,c3,p10,l3,0.00
i69,e01,c3,p17,l3,0.00
i69,e01,c3,p19,l3,0.00
i69,e01,c3,p23,l3,0.00
i69,e01,c3,p24,l3,0.00
i69,e01,c3,p35,l3,0.00
i69,e01,c5,p10,l3,0.00
i69,e01,c5,p35,l3,0.00
i69,e02,c3,p10,l3,0.00
i69,e02,c3,p35,l3,0.00
i69,e02,c5,p10,l3,0.00
i69,e02,c5,p35,l3,0.00
i69,e04,c3,p01,l3,0.00
i69,e04,c3,p03,l3,0.00
i69,e04,c3,p10,l3,0.00
i69,e04,c3,p17,l3,0.00
i69,e04,c3,p19,l3,0.00
i69,e04,c3,p21,l3,0.00
i69,e04,c3,p23,l3,0.00
i69,e04,c3,p24,l3,0.00
i69,e04,c3,p35,l3,0.00
i69,e04,c5,p10,l3,0.00
i69,e04,c5,p35,l3,0.00
i69,e05,c3,p10,l3,0.00
i69,e05,c3,p17,l3,0.00
i69,e05,c3,p24,l3,0.00
i69,e05,c5,p10,l3,0.00
i69,e05,c5,p35,l3,0.00
i69,e08,c3,p01,l3,0.00
i69,e08,c3,p03,l3,0.00
i69,e08,c3,p10,l3,0.00
i69,e08,c3,p17,l3,0.00
i69,e08,c3,p19,l3,0.00
i69,e08,c3,p21,l3,0.00
i69,e08,c3,p24,l3,0.00
i69,e08,c3,p35,l3,0.00
i69,e08,c5,p10,l3,0.00
i69,e08,c5,p17,l3,0.00
i69,e08,c5,p35,l3,0.00
i69,e09,c3,p01,l3,0.00
i69,e09,c3,p03,l3,0.00
i69,e09,c3,p10,l3,0.00
i69,e09,c3,p17,l3,0.00
i69,e09,c3,p19,l3,0.00
i69,e09,c3,p23,l3,0.00
i69,e09,c3,p24,l3,0.00
i69,e09,c3,p35,l3,0.00
i69,e09,c5,p10,l3,0.00
i69,e09,c5,p35,l3,0.00
i69,e11,c3,p03,l3,0.00
i69,e11,c3,p10,l3,0.00
i69,e11,c3,p17,l3,0.00
i69,e11,c3,p19,l3,0.00
i69,e11,c3,p23,l3,0.00
i69,e11,c3,p24,l3,0.00
i69,e11,c3,p35,l3,0.00
i69,e11,c5,p01,l3,0.00
i69,e11,c5,p10,l3,0.00
i70,e01,c1,p35,l3,0.00
i70,e04,c1,p35,l3,0.00
i70,e05,c1,p35,l3,0.00
i70,e09,c1,p35,l3,0.00
i71,e01,c1,p10,l3,0.00
i71,e01,c1,p35,l3,0.00
i71,e04,c1,p10,l3,0.00
i71,e04,c1,p35,l3,0.00
i71,e05,c1,p35,l3,0.00
i71,e09,c1,p10,l3,0.00
i71,e09,c1,p35,l3,0.00
i72,e01,c1,p10,l3,0.00
i72,e01,c1,p35,l3,0.00
i72,e04,c1,p10,l3,0.00
i72,e04,c1,p35,l3,0.00
i72,e05,c1,p10,l3,0.00
i72,e05,c1,p35,l3,0.00
i72,e08,c1,p10,l3,0.00
i72,e08,c1,p35,l3,24.69
i72,e09,c1,p10,l3,0.00
i72,e09,c1,p35,l3,0.00
i72,e11,c1,p10,l3,0.00
i72,e11,c1,p35,l3,0.00
i73,e01,c3,p01,l3,0.00
i73,e01,c3,p04,l3,0.00
i73,e01,c3,p10,l3,0.00
i73,e01,c3,p12,l3,0.00
i73,e01,c3,p17,l3,0.00
i73,e01,c3,p19,l3,0.00
i73,e01,c3,p21,l3,0.00
i73,e01,c3,p24,l3,0.00
i73,e01,c3,p35,l3,0.00
i73,e02,c3,p12,l3,0.00
i73,e02,c3,p35,l1,0.00
i73,e02,c3,p35,l3,0.00
i73,e04,c3,p01,l1,0.00
i73,e04,c3,p01,l3,0.00
i73,e04,c3,p04,l1,0.00
i73,e04,c3,p04,l3,0.00
i73,e04,c3,p10,l1,0.00
i73,e04,c3,p10,l3,0.00
i73,e04,c3,p12,l1,0.00
i73,e04,c3,p12,l3,0.00
i73,e04,c3,p17,l1,0.00
i73,e04,c3,p17,l3,0.00
i73,e04,c3,p19,l1,0.00
i73,e04,c3,p19,l3,0.00
i73,e04,c3,p21,l3,0.00
i73,e04,c3,p24,l1,0.00
i73,e04,c3,p24,l3,0.00
i73,e04,c3,p35,l1,0.00
i73,e04,c3,p35,l3,0.00
i73,e05,c3,p01,l3,0.00
i73,e05,c3,p04,l3,0.00
i73,e05,c3,p10,l3,0.00
i73,e05,c3,p12,l3,0.00
i73,e05,c3,p17,l3,0.00
i73,e05,c3,p19,l3,0.00
i73,e05,c3,p24,l3,0.00
i73,e05,c3,p35,l1,0.00
i73,e05,c3,p35,l3,0.00
i73,e09,c3,p01,l3,0.00
i73,e09,c3,p04,l2,0.00
i73,e09,c3,p04,l3,0.00
i73,e09,c3,p10,l2,0.00
i73,e09,c3,p10,l3,0.00
i73,e09,c3,p12,l2,0.00
i73,e09,c3,p12,l3,0.00
i73,e09,c3,p17,l2,0.00
i73,e09,c3,p17,l3,0.00
i73,e09,c3,p19,l2,0.00
i73,e09,c3,p19,l3,0.00
i73,e09,c3,p21,l3,0.00
i73,e09,c3,p24,l3,0.00
i73,e09,c3,p35,l2,0.00
i73,e09,c3,p35,l3,0.00
i74,e01,c3,p04,l3,0.00
i74,e01,c3,p10,l3,0.00
i74,e01,c3,p11,l3,0.00
i74,e01,c3,p13,l3,0.00
i74,e01,c3,p15,l3,0.00
i74,e01,c3,p17,l3,0.00
i74,e01,c3,p22,l3,0.00
i74,e01,c3,p23,l3,0.00
i74,e01,c3,p29,l3,0.00
i74,e01,c5,p01,l3,0.00
i74,e01,c5,p02,l3,0.00
i74,e01,c5,p03,l3,0.00
i74,e01,c5,p04,l3,0.00
i74,e01,c5,p05,l3,0.00
i74,e01,c5,p06,l3,0.00
i74,e01,c5,p07,l3,0.00
i74,e01,c5,p08,l3,0.00
i74,e01,c5,p09,l3,0.00
i74,e01,c5,p10,l3,0.00
i74,e01,c5,p11,l3,1.86
i74,e01,c5,p12,l3,0.00
i74,e01,c5,p13,l3,0.00
i74,e01,c5,p14,l3,0.00
i74,e01,c5,p15,l3,1.31
i74,e01,c5,p16,l3,0.00
i74,e01,c5,p17,l3,0.00
i74,e01,c5,p18,l3,0.00
i74,e01,c5,p19,l3,0.00
i74,e01,c5,p20,l3,0.00
i74,e01,c5,p21,l3,0.00
i74,e01,c5,p22,l3,0.00
i74,e01,c5,p23,l3,0.00
i74,e01,c5,p24,l3,0.00
i74,e01,c5,p25,l3,0.00
i74,e01,c5,p26,l3,0.00
i74,e01,c5,p28,l3,0.00
i74,e01,c5,p29,l3,0.00
i74,e01,c5,p30,l3,0.00
i74,e01,c5,p31,l3,0.00
i74,e01,c5,p32,l3,0.00
i74,e01,c5,p33,l3,0.00
i74,e01,c5,p35,l3,0.00
i74,e02,c3,p03,l3,0.00
i74,e02,c3,p10,l3,0.00
i74,e02,c3,p11,l1,0.00
i74,e02,c3,p11,l3,0.00
i74,e02,c3,p15,l3,0.00
i74,e02,c3,p19,l3,0.00
i74,e02,c5,p01,l1,0.00
i74,e02,c5,p01,l3,0.00
i74,e02,c5,p02,l3,0.00
i74,e02,c5,p03,l3,0.00
i74,e02,c5,p04,l3,0.00
i74,e02,c5,p05,l3,0.00
i74,e02,c5,p06,l3,0.00
i74,e02,c5,p07,l1,0.00
i74,e02,c5,p07,l3,0.00
i74,e02,c5,p08,l3,0.00
i74,e02,c5,p09,l3,0.00
i74,e02,c5,p10,l1,0.00
i74,e02,c5,p10,l3,0.00
i74,e02,c5,p11,l3,0.00
i74,e02,c5,p12,l3,0.00
i74,e02,c5,p13,l1,0.00
i74,e02,c5,p13,l3,0.00
i74,e02,c5,p14,l3,0.00
i74,e02,c5,p15,l1,0.00
i74,e02,c5,p15,l3,0.00
i74,e02,c5,p16,l3,0.00
i74,e02,c5,p17,l3,0.00
i74,e02,c5,p18,l3,0.00
i74,e02,c5,p19,l1,0.00
i74,e02,c5,p19,l3,0.00
i74,e02,c5,p21,l1,0.00
i74,e02,c5,p21,l3,0.00
i74,e02,c5,p22,l1,0.00
i74,e02,c5,p22,l3,0.00
i74,e02,c5,p23,l3,0.00
i74,e02,c5,p24,l3,0.00
i74,e02,c5,p25,l3,0.00
i74,e02,c5,p28,l1,0.00
i74,e02,c5,p29,l1,0.00
i74,e02,c5,p29,l3,0.00
i74,e02,c5,p30,l3,0.00
i74,e02,c5,p35,l3,0.00
i74,e04,c3,p01,l3,0.00
i74,e04,c3,p09,l3,0.00
i74,e04,c3,p10,l3,0.00
i74,e04,c3,p11,l1,0.00
i74,e04,c3,p11,l3,0.00
i74,e04,c3,p14,l3,0.00
i74,e04,c3,p15,l3,0.00
i74,e04,c3,p16,l3,0.00
i74,e04,c3,p18,l3,0.00
i74,e04,c3,p19,l3,0.00
i74,e04,c3,p21,l1,0.00
i74,e04,c3,p21,l3,0.00
i74,e04,c3,p23,l3,0.00
i74,e04,c3,p29,l3,0.00
i74,e04,c3,p35,l3,0.00
i74,e04,c5,p01,l1,0.00
i74,e04,c5,p01,l3,0.00
i74,e04,c5,p02,l1,0.00
i74,e04,c5,p02,l3,0.00
i74,e04,c5,p03,l1,0.00
i74,e04,c5,p03,l3,0.00
i74,e04,c5,p04,l1,0.00
i74,e04,c5,p04,l3,0.00
i74,e04,c5,p05,l1,0.00
i74,e04,c5,p05,l3,0.00
i74,e04,c5,p06,l1,0.00
i74,e04,c5,p06,l3,0.00
i74,e04,c5,p07,l1,0.00
i74,e04,c5,p07,l3,0.00
i74,e04,c5,p08,l1,0.00
i74,e04,c5,p08,l3,0.00
i74,e04,c5,p09,l1,0.00
i74,e04,c5,p09,l3,0.00
i74,e04,c5,p10,l1,0.00
i74,e04,c5,p10,l3,0.00
i74,e04,c5,p11,l1,0.00
i74,e04,c5,p11,l3,4.10
i74,e04,c5,p12,l1,0.00
i74,e04,c5,p12,l3,0.00
i74,e04,c5,p13,l1,0.00
i74,e04,c5,p13,l3,0.00
i74,e04,c5,p14,l1,0.00
i74,e04,c5,p14,l3,0.00
i74,e04,c5,p15,l1,0.00
i74,e04,c5,p15,l3,4.24
i74,e04,c5,p16,l1,0.00
i74,e04,c5,p16,l3,0.00
i74,e04,c5,p17,l1,0.00
i74,e04,c5,p17,l3,0.00
i74,e04,c5,p18,l1,0.00
i74,e04,c5,p18,l3,0.00
i74,e04,c5,p19,l1,0.00
i74,e04,c5,p19,l3,0.00
i74,e04,c5,p20,l1,0.00
i74,e04,c5,p20,l3,0.00
i74,e04,c5,p21,l1,0.00
i74,e04,c5,p21,l3,0.00
i74,e04,c5,p22,l1,0.00
i74,e04,c5,p22,l3,0.00
i74,e04,c5,p23,l1,0.00
i74,e04,c5,p23,l3,0.00
i74,e04,c5,p24,l1,0.00
i74,e04,c5,p24,l3,0.00
i74,e04,c5,p25,l1,0.00
i74,e04,c5,p25,l3,0.00
i74,e04,c5,p26,l3,0.00
i74,e04,c5,p28,l1,0.00
i74,e04,c5,p28,l3,0.00
i74,e04,c5,p29,l1,0.00
i74,e04,c5,p29,l3,0.00
i74,e04,c5,p30,l3,0.00
i74,e04,c5,p31,l1,0.00
i74,e04,c5,p31,l3,0.00
i74,e04,c5,p32,l1,0.00
i74,e04,c5,p32,l3,0.00
i74,e04,c5,p33,l3,0.00
i74,e04,c5,p35,l1,0.00
i74,e04,c5,p35,l3,0.00
i74,e05,c3,p03,l3,0.00
i74,e05,c3,p07,l3,0.00
i74,e05,c3,p10,l3,0.00
i74,e05,c3,p11,l1,0.00
i74,e05,c3,p11,l3,0.00
i74,e05,c3,p15,l3,0.00
i74,e05,c3,p16,l3,0.00
i74,e05,c3,p18,l1,0.00
i74,e05,c3,p18,l3,0.00
i74,e05,c3,p24,l3,0.00
i74,e05,c3,p35,l3,0.00
i74,e05,c5,p01,l1,0.00
i74,e05,c5,p01,l3,0.00
i74,e05,c5,p02,l1,0.00
i74,e05,c5,p02,l3,0.00
i74,e05,c5,p03,l1,0.00
i74,e05,c5,p03,l3,0.00
i74,e05,c5,p04,l1,0.00
i74,e05,c5,p04,l3,0.00
i74,e05,c5,p05,l1,0.00
i74,e05,c5,p05,l3,0.00
i74,e05,c5,p06,l1,0.00
i74,e05,c5,p06,l3,0.00
i74,e05,c5,p07,l1,0.00
i74,e05,c5,p07,l3,0.00
i74,e05,c5,p08,l1,0.00
i74,e05,c5,p08,l3,0.00
i74,e05,c5,p09,l1,0.00
i74,e05,c5,p09,l3,0.00
i74,e05,c5,p10,l1,0.00
i74,e05,c5,p10,l3,0.00
i74,e05,c5,p11,l1,0.00
i74,e05,c5,p11,l3,0.00
i74,e05,c5,p12,l1,0.00
i74,e05,c5,p12,l3,0.00
i74,e05,c5,p13,l1,0.00
i74,e05,c5,p13,l3,0.00
i74,e05,c5,p14,l1,0.00
i74,e05,c5,p14,l3,0.00
i74,e05,c5,p15,l1,0.00
i74,e05,c5,p15,l3,0.00
i74,e05,c5,p16,l1,0.00
i74,e05,c5,p16,l3,0.00
i74,e05,c5,p17,l1,0.00
i74,e05,c5,p17,l3,0.00
i74,e05,c5,p18,l1,0.00
i74,e05,c5,p18,l3,0.00
i74,e05,c5,p19,l1,0.00
i74,e05,c5,p19,l3,0.00
i74,e05,c5,p20,l1,0.00
i74,e05,c5,p20,l3,0.00
i74,e05,c5,p21,l1,0.00
i74,e05,c5,p21,l3,0.00
i74,e05,c5,p22,l1,0.00
i74,e05,c5,p22,l3,0.00
i74,e05,c5,p23,l1,0.00
i74,e05,c5,p23,l3,0.00
i74,e05,c5,p24,l1,0.00
i74,e05,c5,p24,l3,0.00
i74,e05,c5,p25,l1,0.00
i74,e05,c5,p25,l3,0.00
i74,e05,c5,p28,l1,0.00
i74,e05,c5,p28,l3,0.00
i74,e05,c5,p29,l1,0.00
i74,e05,c5,p29,l3,0.00
i74,e05,c5,p30,l3,0.00
i74,e05,c5,p31,l1,0.00
i74,e05,c5,p31,l3,0.00
i74,e05,c5,p32,l1,0.00
i74,e05,c5,p32,l3,0.00
i74,e05,c5,p33,l1,0.00
i74,e05,c5,p33,l3,0.00
i74,e05,c5,p35,l1,0.00
i74,e05,c5,p35,l3,0.00
i74,e07,c5,p01,l3,0.00
i74,e07,c5,p02,l3,0.00
i74,e07,c5,p03,l3,0.00
i74,e07,c5,p04,l3,0.00
i74,e07,c5,p05,l3,0.00
i74,e07,c5,p06,l3,0.00
i74,e07,c5,p07,l2,0.00
i74,e07,c5,p07,l3,0.00
i74,e07,c5,p08,l2,0.00
i74,e07,c5,p09,l2,0.00
i74,e07,c5,p09,l3,0.00
i74,e07,c5,p10,l2,0.00
i74,e07,c5,p10,l3,0.00
i74,e07,c5,p11,l3,0.00
i74,e07,c5,p12,l3,0.00
i74,e07,c5,p13,l2,0.00
i74,e07,c5,p13,l3,0.00
i74,e07,c5,p14,l3,0.00
i74,e07,c5,p15,l2,0.00
i74,e07,c5,p15,l3,0.00
i74,e07,c5,p16,l2,0.00
i74,e07,c5,p16,l3,0.00
i74,e07,c5,p17,l3,0.00
i74,e07,c5,p18,l3,0.00
i74,e07,c5,p19,l2,0.00
i74,e07,c5,p19,l3,0.00
i74,e07,c5,p20,l2,0.00
i74,e07,c5,p20,l3,0.00
i74,e07,c5,p21,l2,0.00
i74,e07,c5,p21,l3,0.00
i74,e07,c5,p22,l3,0.00
i74,e07,c5,p23,l3,0.00
i74,e07,c5,p28,l3,0.00
i74,e07,c5,p29,l3,0.00
i74,e07,c5,p31,l2,0.00
i74,e07,c5,p35,l2,0.00
i74,e07,c5,p35,l3,0.00
i74,e08,c3,p01,l3,0.00
i74,e08,c3,p05,l3,0.00
i74,e08,c3,p06,l3,0.00
i74,e08,c3,p07,l3,0.00
i74,e08,c3,p09,l3,0.00
i74,e08,c3,p10,l3,0.00
i74,e08,c3,p14,l3,0.00
i74,e08,c3,p15,l3,0.00
i74,e08,c3,p16,l3,0.00
i74,e08,c3,p17,l3,0.00
i74,e08,c3,p18,l3,0.00
i74,e08,c3,p19,l3,0.00
i74,e08,c3,p21,l3,0.00
i74,e08,c3,p23,l3,0.00
i74,e08,c3,p24,l2,0.00
i74,e08,c3,p29,l3,0.00
i74,e08,c3,p35,l3,0.00
i74,e08,c5,p01,l2,0.00
i74,e08,c5,p01,l3,0.00
i74,e08,c5,p02,l2,0.00
i74,e08,c5,p02,l3,0.00
i74,e08,c5,p03,l2,0.00
i74,e08,c5,p03,l3,0.00
i74,e08,c5,p04,l2,0.00
i74,e08,c5,p04,l3,0.00
i74,e08,c5,p05,l2,0.00
i74,e08,c5,p05,l3,0.00
i74,e08,c5,p06,l2,0.00
i74,e08,c5,p06,l3,0.00
i74,e08,c5,p07,l2,0.00
i74,e08,c5,p07,l3,0.00
i74,e08,c5,p08,l2,0.00
i74,e08,c5,p08,l3,0.00
i74,e08,c5,p09,l2,0.00
i74,e08,c5,p09,l3,0.00
i74,e08,c5,p10,l2,0.00
i74,e08,c5,p10,l3,6.25
i74,e08,c5,p11,l2,0.00
i74,e08,c5,p11,l3,1.56
i74,e08,c5,p12,l2,0.00
i74,e08,c5,p12,l3,0.00
i74,e08,c5,p13,l2,0.00
i74,e08,c5,p13,l3,0.00
i74,e08,c5,p14,l2,0.00
i74,e08,c5,p14,l3,0.00
i74,e08,c5,p15,l2,0.00
i74,e08,c5,p15,l3,21.22
i74,e08,c5,p16,l2,0.00
i74,e08,c5,p16,l3,0.00
i74,e08,c5,p17,l2,0.00
i74,e08,c5,p17,l3,0.00
i74,e08,c5,p18,l2,0.00
i74,e08,c5,p18,l3,0.00
i74,e08,c5,p19,l2,0.00
i74,e08,c5,p19,l3,0.00
i74,e08,c5,p20,l2,0.00
i74,e08,c5,p20,l3,0.00
i74,e08,c5,p21,l2,0.00
i74,e08,c5,p21,l3,0.00
i74,e08,c5,p22,l2,0.00
i74,e08,c5,p22,l3,0.00
i74,e08,c5,p23,l2,0.00
i74,e08,c5,p23,l3,0.00
i74,e08,c5,p24,l2,0.00
i74,e08,c5,p24,l3,0.00
i74,e08,c5,p25,l2,0.00
i74,e08,c5,p25,l3,0.00
i74,e08,c5,p26,l3,0.00
i74,e08,c5,p28,l2,0.00
i74,e08,c5,p28,l3,0.00
i74,e08,c5,p29,l2,0.00
i74,e08,c5,p29,l3,0.00
i74,e08,c5,p30,l3,0.00
i74,e08,c5,p31,l2,0.00
i74,e08,c5,p31,l3,0.00
i74,e08,c5,p32,l2,0.00
i74,e08,c5,p32,l3,0.00
i74,e08,c5,p33,l3,0.00
i74,e08,c5,p35,l2,0.00
i74,e08,c5,p35,l3,0.00
i74,e09,c3,p03,l3,0.00
i74,e09,c3,p09,l3,0.00
i74,e09,c3,p10,l3,0.00
i74,e09,c3,p11,l3,0.00
i74,e09,c3,p13,l3,0.00
i74,e09,c3,p15,l3,0.00
i74,e09,c3,p16,l3,0.00
i74,e09,c3,p18,l3,0.00
i74,e09,c3,p21,l3,0.00
i74,e09,c3,p23,l3,0.00
i74,e09,c3,p29,l3,0.00
i74,e09,c3,p35,l3,0.00
i74,e09,c5,p01,l2,0.00
i74,e09,c5,p01,l3,0.00
i74,e09,c5,p02,l2,0.00
i74,e09,c5,p02,l3,0.00
i74,e09,c5,p03,l2,0.00
i74,e09,c5,p03,l3,0.00
i74,e09,c5,p04,l2,0.00
i74,e09,c5,p04,l3,0.00
i74,e09,c5,p05,l2,0.00
i74,e09,c5,p05,l3,0.00
i74,e09,c5,p06,l2,0.00
i74,e09,c5,p06,l3,0.00
i74,e09,c5,p07,l2,0.00
i74,e09,c5,p07,l3,0.00
i74,e09,c5,p08,l2,0.00
i74,e09,c5,p08,l3,0.00
i74,e09,c5,p09,l2,0.00
i74,e09,c5,p09,l3,0.00
i74,e09,c5,p10,l2,0.00
i74,e09,c5,p10,l3,0.00
i74,e09,c5,p11,l2,0.00
i74,e09,c5,p11,l3,0.00
i74,e09,c5,p12,l2,0.00
i74,e09,c5,p12,l3,0.00
i74,e09,c5,p13,l2,0.00
i74,e09,c5,p13,l3,0.00
i74,e09,c5,p14,l2,0.00
i74,e09,c5,p14,l3,0.00
i74,e09,c5,p15,l2,0.00
i74,e09,c5,p15,l3,0.00
i74,e09,c5,p16,l2,0.00
i74,e09,c5,p16,l3,0.00
i74,e09,c5,p17,l2,0.00
i74,e09,c5,p17,l3,0.00
i74,e09,c5,p18,l2,0.00
i74,e09,c5,p18,l3,0.00
i74,e09,c5,p19,l2,0.00
i74,e09,c5,p19,l3,0.00
i74,e09,c5,p20,l2,0.00
i74,e09,c5,p20,l3,0.00
i74,e09,c5,p21,l2,0.00
i74,e09,c5,p21,l3,0.00
i74,e09,c5,p22,l2,0.00
i74,e09,c5,p22,l3,0.00
i74,e09,c5,p23,l2,0.00
i74,e09,c5,p23,l3,0.00
i74,e09,c5,p24,l2,0.00
i74,e09,c5,p24,l3,0.00
i74,e09,c5,p25,l2,0.00
i74,e09,c5,p25,l3,0.00
i74,e09,c5,p26,l3,0.00
i74,e09,c5,p28,l2,0.00
i74,e09,c5,p28,l3,0.00
i74,e09,c5,p29,l2,0.00
i74,e09,c5,p29,l3,0.00
i74,e09,c5,p31,l2,0.00
i74,e09,c5,p31,l3,0.00
i74,e09,c5,p32,l2,0.00
i74,e09,c5,p32,l3,0.00
i74,e09,c5,p33,l3,0.00
i74,e09,c5,p35,l2,0.00
i74,e09,c5,p35,l3,0.00
i74,e11,c3,p05,l2,0.00
i74,e11,c3,p07,l3,0.00
i74,e11,c3,p09,l3,0.00
i74,e11,c3,p10,l3,0.00
i74,e11,c3,p15,l3,0.00
i74,e11,c3,p18,l3,0.00
i74,e11,c3,p21,l3,0.00
i74,e11,c3,p25,l3,0.00
i74,e11,c5,p01,l2,0.00
i74,e11,c5,p01,l3,0.00
i74,e11,c5,p02,l3,0.00
i74,e11,c5,p03,l2,0.00
i74,e11,c5,p03,l3,0.00
i74,e11,c5,p04,l2,0.00
i74,e11,c5,p04,l3,0.00
i74,e11,c5,p05,l2,0.00
i74,e11,c5,p05,l3,0.00
i74,e11,c5,p06,l2,0.00
i74,e11,c5,p06,l3,0.00
i74,e11,c5,p07,l2,0.00
i74,e11,c5,p07,l3,0.00
i74,e11,c5,p08,l2,0.00
i74,e11,c5,p08,l3,0.00
i74,e11,c5,p09,l2,0.00
i74,e11,c5,p09,l3,0.00
i74,e11,c5,p10,l2,0.00
i74,e11,c5,p10,l3,0.00
i74,e11,c5,p11,l2,0.00
i74,e11,c5,p11,l3,0.00
i74,e11,c5,p12,l2,0.00
i74,e11,c5,p12,l3,0.00
i74,e11,c5,p13,l2,0.00
i74,e11,c5,p13,l3,0.00
i74,e11,c5,p14,l3,0.00
i74,e11,c5,p15,l2,0.00
i74,e11,c5,p15,l3,0.00
i74,e11,c5,p16,l2,0.00
i74,e11,c5,p16,l3,0.00
i74,e11,c5,p17,l2,0.00
i74,e11,c5,p17,l3,0.00
i74,e11,c5,p18,l2,0.00
i74,e11,c5,p18,l3,0.00
i74,e11,c5,p19,l2,0.00
i74,e11,c5,p19,l3,0.00
i74,e11,c5,p21,l3,0.00
i74,e11,c5,p22,l2,0.00
i74,e11,c5,p22,l3,0.00
i74,e11,c5,p23,l3,0.00
i74,e11,c5,p24,l3,0.00
i74,e11,c5,p25,l3,0.00
i74,e11,c5,p26,l3,0.00
i74,e11,c5,p28,l2,0.00
i74,e11,c5,p28,l3,0.00
i74,e11,c5,p29,l2,0.00
i74,e11,c5,p29,l3,0.00
i74,e11,c5,p31,l3,0.00
i74,e11,c5,p32,l2,0.00
i74,e11,c5,p32,l3,0.00
i74,e11,c5,p33,l3,0.00
i74,e11,c5,p35,l2,0.00
i74,e11,c5,p35,l3,0.00
i74,e12,c3,p10,l3,0.00
i74,e12,c3,p15,l3,0.00
i74,e12,c5,p01,l3,0.00
i74,e12,c5,p02,l3,0.00
i74,e12,c5,p03,l3,0.00
i74,e12,c5,p04,l3,0.00
i74,e12,c5,p05,l3,0.00
i74,e12,c5,p06,l3,0.00
i74,e12,c5,p07,l3,0.00
i74,e12,c5,p08,l3,0.00
i74,e12,c5,p09,l3,0.00
i74,e12,c5,p10,l3,0.00
i74,e12,c5,p11,l3,0.00
i74,e12,c5,p12,l3,0.00
i74,e12,c5,p13,l3,0.00
i74,e12,c5,p14,l3,0.00
i74,e12,c5,p15,l3,0.00
i74,e12,c5,p16,l3,0.00
i74,e12,c5,p17,l3,0.00
i74,e12,c5,p18,l3,0.00
i74,e12,c5,p19,l3,0.00
i74,e12,c5,p20,l3,0.00
i74,e12,c5,p21,l3,0.00
i74,e12,c5,p22,l3,0.00
i74,e12,c5,p23,l3,0.00
i74,e12,c5,p24,l3,0.00
i74,e12,c5,p25,l3,0.00
i74,e12,c5,p28,l3,0.00
i74,e12,c5,p29,l3,0.00
i74,e12,c5,p31,l3,0.00
i74,e12,c5,p32,l3,0.00
i74,e12,c5,p35,l3,0.00
i75,e01,c1,p35,l3,0.00
i75,e04,c1,p35,l3,0.00
i75,e05,c1,p35,l3,0.00
i75,e08,c1,p35,l3,0.00
i75,e09,c1,p35,l3,0.00
i75,e11,c1,p35,l3,0.00
i76,e01,c3,p35,l3,0.00
i76,e01,c5,p01,l3,0.00
i76,e01,c5,p03,l3,0.00
i76,e01,c5,p04,l3,0.00
i76,e01,c5,p05,l3,0.00
i76,e01,c5,p06,l3,0.00
i76,e01,c5,p09,l3,0.00
i76,e01,c5,p10,l3,0.00
i76,e01,c5,p16,l3,0.00
i76,e01,c5,p18,l3,0.00
i76,e01,c5,p19,l3,0.00
i76,e01,c5,p21,l3,0.00
i76,e01,c5,p22,l3,0.00
i76,e01,c5,p23,l3,0.00
i76,e01,c5,p25,l3,0.00
i76,e01,c5,p35,l3,0.00
i76,e04,c3,p35,l3,0.00
i76,e04,c5,p01,l1,0.00
i76,e04,c5,p01,l3,0.00
i76,e04,c5,p03,l3,0.00
i76,e04,c5,p04,l1,0.00
i76,e04,c5,p04,l3,0.00
i76,e04,c5,p05,l3,0.00
i76,e04,c5,p06,l1,0.00
i76,e04,c5,p06,l3,0.00
i76,e04,c5,p09,l3,0.00
i76,e04,c5,p10,l1,0.00
i76,e04,c5,p10,l3,0.00
i76,e04,c5,p15,l3,0.00
i76,e04,c5,p16,l1,0.00
i76,e04,c5,p16,l3,0.00
i76,e04,c5,p18,l1,0.00
i76,e04,c5,p18,l3,0.00
i76,e04,c5,p19,l3,0.00
i76,e04,c5,p21,l1,0.00
i76,e04,c5,p21,l3,0.00
i76,e04,c5,p22,l1,0.00
i76,e04,c5,p22,l3,0.00
i76,e04,c5,p23,l3,0.00
i76,e04,c5,p25,l3,0.00
i76,e04,c5,p35,l1,0.00
i76,e04,c5,p35,l3,0.00
i76,e05,c5,p01,l3,0.00
i76,e05,c5,p06,l1,0.00
i76,e05,c5,p06,l3,0.00
i76,e05,c5,p19,l3,0.00
i76,e05,c5,p21,l1,0.00
i76,e05,c5,p21,l3,0.00
i76,e05,c5,p35,l1,0.00
i76,e05,c5,p35,l3,0.00
i76,e09,c3,p35,l3,0.00
i76,e09,c5,p01,l3,0.00
i76,e09,c5,p03,l3,0.00
i76,e09,c5,p04,l2,0.00
i76,e09,c5,p04,l3,0.00
i76,e09,c5,p06,l3,0.00
i76,e09,c5,p09,l3,0.00
i76,e09,c5,p10,l3,0.00
i76,e09,c5,p15,l3,0.00
i76,e09,c5,p16,l3,0.00
i76,e09,c5,p18,l2,0.00
i76,e09,c5,p18,l3,0.00
i76,e09,c5,p19,l3,0.00
i76,e09,c5,p21,l2,0.00
i76,e09,c5,p21,l3,0.00
i76,e09,c5,p25,l3,0.00
i76,e09,c5,p35,l2,0.00
i76,e09,c5,p35,l3,0.00
i77,e01,c5,p03,l3,0.00
i77,e01,c5,p04,l3,0.00
i77,e01,c5,p10,l3,0.00
i77,e01,c5,p17,l3,0.00
i77,e01,c5,p19,l3,0.00
i77,e01,c5,p35,l3,0.00
i77,e03,c5,p01,l3,0.00
i77,e03,c5,p03,l3,0.00
i77,e03,c5,p04,l3,0.00
i77,e03,c5,p07,l3,0.00
i77,e03,c5,p10,l3,0.00
i77,e03,c5,p12,l3,0.00
i77,e03,c5,p17,l3,0.00
i77,e03,c5,p19,l3,0.00
i77,e03,c5,p21,l3,0.00
i77,e03,c5,p24,l3,0.00
i77,e03,c5,p25,l3,0.00
i77,e03,c5,p32,l3,0.00
i77,e03,c5,p35,l3,0.00
i77,e04,c5,p01,l3,0.00
i77,e04,c5,p02,l3,0.00
i77,e04,c5,p04,l3,0.00
i77,e04,c5,p10,l3,0.00
i77,e04,c5,p11,l3,0.00
i77,e04,c5,p17,l3,0.00
i77,e04,c5,p19,l3,0.00
i77,e04,c5,p35,l3,0.00
i77,e05,c5,p01,l3,0.00
i77,e05,c5,p10,l1,0.00
i77,e05,c5,p10,l3,0.00
i77,e05,c5,p21,l3,0.00
i77,e05,c5,p35,l3,0.00
i77,e08,c5,p01,l3,0.00
i77,e08,c5,p02,l3,0.00
i77,e08,c5,p03,l3,0.00
i77,e08,c5,p04,l3,0.00
i77,e08,c5,p05,l3,0.00
i77,e08,c5,p10,l2,0.00
i77,e08,c5,p10,l3,0.00
i77,e08,c5,p11,l3,0.00
i77,e08,c5,p17,l3,0.00
i77,e08,c5,p18,l3,0.00
i77,e08,c5,p19,l3,0.00
i77,e08,c5,p24,l3,0.00
i77,e08,c5,p35,l3,0.00
i77,e09,c5,p01,l2,0.00
i77,e09,c5,p04,l3,0.00
i77,e09,c5,p10,l3,0.00
i77,e09,c5,p17,l3,0.00
i77,e09,c5,p19,l3,0.00
i77,e09,c5,p35,l3,0.00
i77,e12,c5,p01,l3,0.00
i77,e12,c5,p03,l3,0.00
i77,e12,c5,p10,l3,0.00
i77,e12,c5,p19,l3,0.00
i77,e12,c5,p21,l3,0.00
i77,e12,c5,p24,l3,0.00
i77,e12,c5,p35,l3,0.00
i78,e01,c1,p10,l3,0.00
i78,e01,c1,p11,l3,0.00
i78,e01,c1,p12,l3,0.00
i78,e01,c1,p13,l3,0.00
i78,e01,c1,p15,l3,0.00
i78,e01,c1,p18,l3,0.00
i78,e01,c1,p19,l3,0.00
i78,e01,c1,p20,l3,0.00
i78,e01,c1,p21,l3,0.00
i78,e01,c1,p23,l3,0.00
i78,e01,c1,p35,l3,0.00
i78,e01,c4,p12,l3,0.00
i78,e01,c4,p17,l3,0.00
i78,e01,c4,p19,l3,0.00
i78,e01,c4,p35,l3,0.00
i78,e01,c7,p35,l3,0.00
i78,e04,c1,p10,l3,0.00
i78,e04,c1,p12,l3,0.00
i78,e04,c1,p13,l3,0.00
i78,e04,c1,p15,l3,0.00
i78,e04,c1,p20,l3,0.00
i78,e04,c1,p21,l3,0.00
i78,e04,c1,p23,l3,0.00
i78,e04,c1,p35,l3,0.00
i78,e04,c4,p12,l3,0.00
i78,e04,c4,p17,l3,0.00
i78,e04,c4,p19,l3,0.00
i78,e04,c4,p35,l3,0.00
i78,e09,c1,p10,l3,0.00
i78,e09,c1,p11,l3,0.00
i78,e09,c1,p12,l3,0.00
i78,e09,c1,p13,l3,0.00
i78,e09,c1,p15,l3,0.00
i78,e09,c1,p20,l3,0.00
i78,e09,c1,p21,l3,0.00
i78,e09,c1,p23,l3,0.00
i78,e09,c1,p35,l3,0.00
i78,e09,c4,p12,l3,0.00
i78,e09,c4,p17,l3,0.00
i78,e09,c4,p19,l3,0.00
i78,e09,c4,p35,l3,0.00
i78,e09,c7,p35,l3,0.00
i79,e01,c1,p01,l3,0.00
i79,e01,c1,p02,l3,0.00
i79,e01,c1,p03,l3,0.00
i79,e01,c1,p04,l3,0.00
i79,e01,c1,p05,l3,0.00
i79,e01,c1,p07,l3,0.00
i79,e01,c1,p08,l3,0.00
i79,e01,c1,p10,l3,0.00
i79,e01,c1,p12,l3,0.00
i79,e01,c1,p19,l3,0.00
i79,e01,c1,p20,l3,0.00
i79,e01,c1,p21,l3,0.00
i79,e01,c1,p23,l3,0.00
i79,e01,c1,p24,l3,0.00
i79,e01,c1,p29,l3,0.00
i79,e01,c4,p12,l3,0.00
i79,e01,c4,p14,l3,0.00
i79,e03,c1,p01,l3,0.00
i79,e03,c1,p02,l3,0.00
i79,e03,c1,p03,l3,0.00
i79,e03,c1,p04,l3,0.00
i79,e03,c1,p05,l3,0.00
i79,e03,c1,p06,l3,0.00
i79,e03,c1,p07,l3,0.00
i79,e03,c1,p08,l3,0.00
i79,e03,c1,p10,l3,0.00
i79,e03,c1,p11,l3,0.00
i79,e03,c1,p12,l3,0.00
i79,e03,c1,p13,l3,0.00
i79,e03,c1,p14,l3,0.00
i79,e03,c1,p15,l3,0.00
i79,e03,c1,p16,l3,0.00
i79,e03,c1,p17,l3,0.00
i79,e03,c1,p19,l3,0.00
i79,e03,c1,p20,l3,0.00
i79,e03,c1,p21,l3,0.00
i79,e03,c1,p22,l3,0.00
i79,e03,c1,p24,l3,0.00
i79,e03,c1,p25,l3,0.00
i79,e03,c1,p29,l3,0.00
i79,e03,c1,p35,l3,0.00
i79,e03,c4,p01,l3,0.00
i79,e03,c4,p05,l3,0.00
i79,e03,c4,p12,l3,0.00
i79,e03,c4,p15,l3,0.00
i79,e03,c4,p21,l3,0.00
i79,e04,c1,p01,l3,0.00
i79,e04,c1,p02,l3,0.00
i79,e04,c1,p04,l3,0.00
i79,e04,c1,p07,l3,0.00
i79,e04,c1,p10,l3,0.00
i79,e04,c1,p12,l3,0.00
i79,e04,c1,p18,l3,0.00
i79,e04,c1,p19,l3,0.00
i79,e04,c1,p21,l3,0.00
i79,e04,c1,p24,l3,0.00
i79,e04,c1,p29,l3,0.00
i79,e04,c4,p10,l3,0.00
i79,e04,c4,p12,l3,0.00
i79,e04,c4,p14,l3,0.00
i79,e05,c1,p07,l3,0.00
i79,e05,c1,p10,l3,0.00
i79,e05,c1,p16,l3,0.00
i79,e05,c1,p35,l3,0.00
i79,e06,c1,p01,l3,0.00
i79,e07,c1,p01,l3,0.00
i79,e07,c1,p02,l3,0.00
i79,e07,c1,p03,l3,0.00
i79,e07,c1,p04,l3,0.00
i79,e07,c1,p05,l3,0.00
i79,e07,c1,p07,l3,0.00
i79,e07,c1,p10,l3,0.00
i79,e07,c1,p11,l3,0.00
i79,e07,c1,p12,l3,0.00
i79,e07,c1,p13,l3,0.00
i79,e07,c1,p14,l3,0.00
i79,e07,c1,p15,l3,0.00
i79,e07,c1,p16,l3,0.00
i79,e07,c1,p17,l3,0.00
i79,e07,c1,p18,l3,0.00
i79,e07,c1,p19,l3,0.00
i79,e07,c1,p21,l3,0.00
i79,e07,c1,p23,l3,0.00
i79,e07,c1,p24,l3,0.00
i79,e07,c1,p25,l3,0.00
i79,e07,c1,p29,l3,0.00
i79,e07,c1,p35,l3,0.00
i79,e07,c4,p05,l3,0.00
i79,e07,c4,p12,l3,0.00
i79,e07,c4,p17,l3,0.00
i79,e08,c1,p01,l3,0.00
i79,e08,c1,p02,l3,0.00
i79,e08,c1,p03,l3,0.00
i79,e08,c1,p04,l3,0.00
i79,e08,c1,p05,l3,0.00
i79,e08,c1,p07,l3,0.00
i79,e08,c1,p10,l3,0.00
i79,e08,c1,p11,l3,0.00
i79,e08,c1,p12,l3,0.00
i79,e08,c1,p13,l3,0.00
i79,e08,c1,p15,l3,0.00
i79,e08,c1,p17,l3,0.00
i79,e08,c1,p19,l3,0.00
i79,e08,c1,p21,l3,0.00
i79,e08,c1,p24,l3,0.00
i79,e08,c1,p29,l3,0.00
i79,e08,c1,p35,l3,0.00
i79,e08,c4,p05,l3,0.00
i79,e08,c4,p12,l3,0.00
i79,e09,c1,p01,l3,0.00
i79,e09,c1,p02,l3,0.00
i79,e09,c1,p03,l3,0.00
i79,e09,c1,p05,l3,0.00
i79,e09,c1,p07,l3,0.00
i79,e09,c1,p10,l3,0.00
i79,e09,c1,p12,l3,0.00
i79,e09,c1,p13,l3,0.00
i79,e09,c1,p18,l3,0.00
i79,e09,c1,p19,l3,0.00
i79,e09,c1,p20,l3,0.00
i79,e09,c1,p21,l3,0.00
i79,e09,c1,p23,l3,0.00
i79,e09,c1,p24,l3,0.00
i79,e09,c1,p29,l3,0.00
i79,e09,c1,p35,l3,0.00
i79,e09,c4,p10,l3,0.00
i79,e09,c4,p12,l3,0.00
i79,e09,c4,p14,l3,0.00
i79,e11,c1,p01,l3,0.00
i79,e11,c1,p02,l3,0.00
i79,e11,c1,p03,l3,0.00
i79,e11,c1,p04,l3,0.00
i79,e11,c1,p05,l3,0.00
i79,e11,c1,p06,l3,0.00
i79,e11,c1,p07,l3,0.00
i79,e11,c1,p10,l3,0.00
i79,e11,c1,p11,l3,0.00
i79,e11,c1,p12,l3,0.00
i79,e11,c1,p13,l3,0.00
i79,e11,c1,p15,l3,0.00
i79,e11,c1,p16,l3,0.00
i79,e11,c1,p17,l3,0.00
i79,e11,c1,p18,l3,0.00
i79,e11,c1,p19,l3,0.00
i79,e11,c1,p21,l3,0.00
i79,e11,c1,p23,l3,0.00
i79,e11,c1,p24,l3,0.00
i79,e11,c1,p25,l3,0.00
i79,e11,c1,p29,l3,0.00
i79,e11,c1,p35,l3,0.00
i79,e11,c4,p12,l3,0.00
i79,e12,c1,p01,l3,0.00
i79,e12,c1,p02,l3,0.00
i79,e12,c1,p03,l3,0.00
i79,e12,c1,p04,l3,0.00
i79,e12,c1,p05,l3,0.00
i79,e12,c1,p07,l3,0.00
i79,e12,c1,p10,l3,0.00
i79,e12,c1,p11,l3,0.00
i79,e12,c1,p12,l3,0.00
i79,e12,c1,p13,l3,0.00
i79,e12,c1,p19,l3,0.00
i79,e12,c1,p21,l3,0.00
i79,e12,c1,p24,l3,0.00
i79,e12,c1,p29,l3,0.00
i79,e12,c4,p12,l3,0.00
i80,e01,c3,p35,l3,2.05
i80,e01,c5,p35,l3,0.00
i80,e04,c3,p35,l1,0.00
i80,e04,c3,p35,l3,0.00
i80,e05,c3,p10,l3,0.00
i80,e05,c3,p35,l1,0.00
i80,e05,c3,p35,l3,0.00
i80,e09,c3,p35,l2,0.00
i80,e09,c3,p35,l3,1.09
i80,e09,c5,p35,l3,0.00
i81,e01,c5,p01,l3,0.00
i81,e01,c5,p03,l3,0.00
i81,e01,c5,p04,l3,0.00
i81,e01,c5,p10,l3,0.00
i81,e01,c5,p15,l3,0.00
i81,e01,c5,p16,l3,0.00
i81,e01,c5,p18,l3,0.00
i81,e01,c5,p19,l3,0.00
i81,e01,c5,p21,l3,0.00
i81,e01,c5,p22,l3,0.00
i81,e01,c5,p23,l3,0.00
i81,e01,c5,p35,l3,0.00
i81,e04,c5,p01,l3,0.00
i81,e04,c5,p03,l3,0.00
i81,e04,c5,p04,l3,0.00
i81,e04,c5,p06,l3,0.00
i81,e04,c5,p07,l3,0.00
i81,e04,c5,p09,l3,0.00
i81,e04,c5,p10,l3,0.00
i81,e04,c5,p12,l3,0.00
i81,e04,c5,p15,l3,0.00
i81,e04,c5,p16,l3,0.00
i81,e04,c5,p18,l3,0.00
i81,e04,c5,p19,l3,0.00
i81,e04,c5,p21,l3,0.00
i81,e04,c5,p22,l3,0.00
i81,e04,c5,p23,l3,0.00
i81,e04,c5,p35,l3,0.00
i81,e05,c5,p01,l3,0.00
i81,e05,c5,p03,l3,0.00
i81,e05,c5,p04,l3,0.00
i81,e05,c5,p10,l3,0.00
i81,e05,c5,p13,l3,0.00
i81,e05,c5,p16,l3,0.00
i81,e05,c5,p17,l3,0.00
i81,e05,c5,p19,l3,0.00
i81,e05,c5,p21,l3,0.00
i81,e05,c5,p22,l3,0.00
i81,e05,c5,p23,l3,0.00
i81,e05,c5,p35,l3,0.00
i81,e09,c5,p03,l3,0.00
i81,e09,c5,p04,l3,0.00
i81,e09,c5,p10,l3,0.00
i81,e09,c5,p15,l3,0.00
i81,e09,c5,p16,l3,0.00
i81,e09,c5,p18,l3,0.00
i81,e09,c5,p19,l3,0.00
i81,e09,c5,p21,l3,0.00
i81,e09,c5,p22,l3,0.00
i81,e09,c5,p23,l3,0.00
i81,e09,c5,p35,l3,0.00
i82,e01,c1,p35,l3,0.00
i82,e01,c4,p35,l3,0.00
i82,e04,c1,p35,l1,0.00
i82,e04,c1,p35,l3,0.00
i82,e04,c4,p35,l1,0.00
i82,e04,c4,p35,l3,0.00
i82,e05,c1,p35,l1,0.00
i82,e05,c1,p35,l3,0.00
i82,e05,c4,p35,l3,0.00
i82,e09,c1,p35,l2,0.00
i82,e09,c1,p35,l3,0.00
i82,e09,c4,p35,l2,0.00
i82,e09,c4,p35,l3,0.00
i83,e01,c3,p03,l3,0.00
i83,e01,c3,p10,l3,0.00
i83,e01,c3,p35,l3,0.00
i83,e04,c3,p03,l3,0.00
i83,e04,c3,p10,l1,0.00
i83,e04,c3,p10,l3,0.00
i83,e04,c3,p35,l1,0.00
i83,e04,c3,p35,l3,0.00
i83,e05,c3,p10,l3,0.00
i83,e05,c3,p35,l3,0.00
i83,e09,c3,p03,l3,0.00
i83,e09,c3,p10,l2,0.00
i83,e09,c3,p10,l3,0.00
i83,e09,c3,p35,l2,0.00
i83,e09,c3,p35,l3,0.00
i84,e01,c1,p35,l3,0.00
i84,e04,c1,p35,l3,0.00
i84,e05,c1,p35,l3,0.00
i84,e08,c1,p35,l3,0.00
i84,e09,c1,p35,l3,0.00
i84,e11,c1,p35,l3,0.00
i85,e01,c3,p01,l3,0.00
i85,e01,c3,p05,l3,0.00
i85,e01,c3,p06,l3,0.00
i85,e01,c3,p07,l3,0.00
i85,e01,c3,p10,l3,0.00
i85,e01,c3,p11,l3,0.00
i85,e01,c3,p12,l3,0.00
i85,e01,c3,p13,l3,0.00
i85,e01,c3,p14,l3,0.00
i85,e01,c3,p15,l3,0.00
i85,e01,c3,p16,l3,0.00
i85,e01,c3,p17,l3,0.00
i85,e01,c3,p18,l3,0.00
i85,e01,c3,p19,l3,0.00
i85,e01,c3,p21,l3,0.00
i85,e01,c3,p24,l3,0.00
i85,e01,c3,p29,l3,0.00
i85,e01,c3,p30,l3,0.00
i85,e01,c3,p35,l3,0.00
i85,e01,c5,p01,l3,0.00
i85,e01,c5,p02,l3,0.00
i85,e01,c5,p03,l3,0.00
i85,e01,c5,p04,l3,0.00
i85,e01,c5,p05,l3,0.00
i85,e01,c5,p06,l3,0.00
i85,e01,c5,p07,l3,0.00
i85,e01,c5,p08,l3,0.00
i85,e01,c5,p09,l3,0.00
i85,e01,c5,p10,l3,0.00
i85,e01,c5,p11,l3,0.00
i85,e01,c5,p12,l3,0.00
i85,e01,c5,p13,l3,0.00
i85,e01,c5,p14,l3,0.00
i85,e01,c5,p15,l3,0.00
i85,e01,c5,p16,l3,0.00
i85,e01,c5,p17,l3,0.00
i85,e01,c5,p18,l3,0.00
i85,e01,c5,p19,l3,0.00
i85,e01,c5,p21,l3,0.00
i85,e01,c5,p22,l3,0.00
i85,e01,c5,p23,l3,0.00
i85,e01,c5,p24,l3,0.00
i85,e01,c5,p25,l3,0.00
i85,e01,c5,p26,l3,0.00
i85,e01,c5,p28,l3,0.00
i85,e01,c5,p29,l3,0.00
i85,e01,c5,p35,l3,0.00
i85,e04,c3,p01,l3,0.00
i85,e04,c3,p02,l1,0.00
i85,e04,c3,p02,l3,0.00
i85,e04,c3,p03,l1,0.00
i85,e04,c3,p03,l3,0.00
i85,e04,c3,p04,l1,0.00
i85,e04,c3,p04,l3,0.00
i85,e04,c3,p05,l3,0.00
i85,e04,c3,p06,l3,0.00
i85,e04,c3,p07,l1,0.00
i85,e04,c3,p07,l3,0.00
i85,e04,c3,p08,l3,0.00
i85,e04,c3,p09,l1,0.00
i85,e04,c3,p09,l3,0.00
i85,e04,c3,p10,l1,0.00
i85,e04,c3,p10,l3,0.00
i85,e04,c3,p11,l1,0.00
i85,e04,c3,p11,l3,0.00
i85,e04,c3,p12,l1,0.00
i85,e04,c3,p12,l3,0.00
i85,e04,c3,p13,l1,0.00
i85,e04,c3,p13,l3,0.00
i85,e04,c3,p14,l1,0.00
i85,e04,c3,p14,l3,0.00
i85,e04,c3,p15,l1,0.00
i85,e04,c3,p15,l3,0.00
i85,e04,c3,p16,l1,0.00
i85,e04,c3,p17,l1,0.00
i85,e04,c3,p17,l3,0.00
i85,e04,c3,p18,l1,0.00
i85,e04,c3,p19,l1,0.00
i85,e04,c3,p19,l3,0.00
i85,e04,c3,p21,l1,0.00
i85,e04,c3,p21,l3,0.00
i85,e04,c3,p22,l1,0.00
i85,e04,c3,p22,l3,0.00
i85,e04,c3,p24,l1,0.00
i85,e04,c3,p24,l3,0.00
i85,e04,c3,p28,l1,0.00
i85,e04,c3,p28,l3,0.00
i85,e04,c3,p29,l1,0.00
i85,e04,c3,p29,l3,0.00
i85,e04,c3,p35,l1,0.00
i85,e04,c3,p35,l3,0.00
i85,e04,c5,p01,l1,0.00
i85,e04,c5,p01,l3,0.00
i85,e04,c5,p02,l1,0.00
i85,e04,c5,p02,l3,0.00
i85,e04,c5,p03,l1,0.00
i85,e04,c5,p03,l3,0.00
i85,e04,c5,p04,l1,0.00
i85,e04,c5,p04,l3,0.00
i85,e04,c5,p05,l1,0.00
i85,e04,c5,p05,l3,0.00
i85,e04,c5,p06,l1,0.00
i85,e04,c5,p07,l1,0.00
i85,e04,c5,p07,l3,0.00
i85,e04,c5,p09,l1,0.00
i85,e04,c5,p09,l3,0.00
i85,e04,c5,p10,l1,0.00
i85,e04,c5,p10,l3,0.00
i85,e04,c5,p11,l1,0.00
i85,e04,c5,p11,l3,0.00
i85,e04,c5,p12,l1,0.00
i85,e04,c5,p12,l3,0.00
i85,e04,c5,p13,l1,0.00
i85,e04,c5,p13,l3,0.00
i85,e04,c5,p14,l1,0.00
i85,e04,c5,p14,l3,0.00
i85,e04,c5,p15,l1,0.00
i85,e04,c5,p15,l3,0.00
i85,e04,c5,p16,l1,0.00
i85,e04,c5,p16,l3,0.00
i85,e04,c5,p17,l1,0.00
i85,e04,c5,p17,l3,0.00
i85,e04,c5,p18,l1,0.00
i85,e04,c5,p18,l3,0.00
i85,e04,c5,p19,l1,0.00
i85,e04,c5,p19,l3,0.00
i85,e04,c5,p20,l1,0.00
i85,e04,c5,p21,l1,0.00
i85,e04,c5,p21,l3,0.00
i85,e04,c5,p22,l1,0.00
i85,e04,c5,p22,l3,0.00
i85,e04,c5,p23,l1,0.00
i85,e04,c5,p24,l1,0.00
i85,e04,c5,p24,l3,0.00
i85,e04,c5,p25,l3,0.00
i85,e04,c5,p28,l1,0.00
i85,e04,c5,p28,l3,0.00
i85,e04,c5,p29,l1,0.00
i85,e04,c5,p29,l3,0.00
i85,e04,c5,p31,l1,0.00
i85,e04,c5,p32,l1,0.00
i85,e04,c5,p32,l3,0.00
i85,e04,c5,p35,l1,0.00
i85,e04,c5,p35,l3,0.00
i85,e09,c3,p01,l2,0.00
i85,e09,c3,p07,l2,0.00
i85,e09,c3,p07,l3,0.00
i85,e09,c3,p08,l3,0.00
i85,e09,c3,p10,l2,0.00
i85,e09,c3,p10,l3,0.00
i85,e09,c3,p11,l2,0.00
i85,e09,c3,p11,l3,0.00
i85,e09,c3,p13,l2,0.00
i85,e09,c3,p15,l2,0.00
i85,e09,c3,p15,l3,0.00
i85,e09,c3,p16,l2,0.00
i85,e09,c3,p16,l3,0.00
i85,e09,c3,p17,l3,0.00
i85,e09,c3,p18,l2,0.00
i85,e09,c3,p19,l2,0.00
i85,e09,c3,p21,l2,0.00
i85,e09,c3,p21,l3,0.00
i85,e09,c3,p22,l2,0.00
i85,e09,c3,p23,l3,0.00
i85,e09,c3,p24,l3,0.00
i85,e09,c3,p29,l2,0.00
i85,e09,c3,p29,l3,0.00
i85,e09,c3,p35,l2,0.00
i85,e09,c3,p35,l3,0.00
i85,e09,c5,p01,l3,0.00
i85,e09,c5,p04,l2,0.00
i85,e09,c5,p05,l2,0.00
i85,e09,c5,p05,l3,0.00
i85,e09,c5,p06,l2,0.00
i85,e09,c5,p06,l3,0.00
i85,e09,c5,p07,l2,0.00
i85,e09,c5,p07,l3,0.00
i85,e09,c5,p08,l3,0.00
i85,e09,c5,p09,l2,0.00
i85,e09,c5,p09,l3,0.00
i85,e09,c5,p10,l2,0.00
i85,e09,c5,p10,l3,0.00
i85,e09,c5,p11,l2,0.00
i85,e09,c5,p11,l3,0.00
i85,e09,c5,p12,l2,0.00
i85,e09,c5,p12,l3,0.00
i85,e09,c5,p13,l2,0.00
i85,e09,c5,p13,l3,0.00
i85,e09,c5,p14,l2,0.00
i85,e09,c5,p14,l3,0.00
i85,e09,c5,p15,l3,0.00
i85,e09,c5,p16,l2,0.00
i85,e09,c5,p16,l3,0.00
i85,e09,c5,p17,l2,0.00
i85,e09,c5,p17,l3,0.00
i85,e09,c5,p18,l2,0.00
i85,e09,c5,p18,l3,0.00
i85,e09,c5,p19,l2,0.00
i85,e09,c5,p19,l3,0.00
i85,e09,c5,p21,l2,0.00
i85,e09,c5,p21,l3,0.00
i85,e09,c5,p22,l2,0.00
i85,e09,c5,p22,l3,0.00
i85,e09,c5,p23,l2,0.00
i85,e09,c5,p23,l3,0.00
i85,e09,c5,p24,l2,0.00
i85,e09,c5,p24,l3,0.00
i85,e09,c5,p29,l3,0.00
i85,e09,c5,p31,l2,0.00
i85,e09,c5,p35,l2,0.00
i85,e09,c5,p35,l3,0.00
i86,e01,c5,p01,l3,0.00
i86,e01,c5,p02,l3,0.00
i86,e01,c5,p03,l3,0.00
i86,e01,c5,p04,l3,0.00
i86,e01,c5,p05,l3,0.00
i86,e01,c5,p06,l3,0.00
i86,e01,c5,p07,l3,0.00
i86,e01,c5,p08,l3,0.00
i86,e01,c5,p09,l3,0.00
i86,e01,c5,p10,l3,0.00
i86,e01,c5,p11,l3,0.00
i86,e01,c5,p12,l3,0.00
i86,e01,c5,p13,l3,0.00
i86,e01,c5,p16,l3,0.00
i86,e01,c5,p17,l3,0.00
i86,e01,c5,p18,l3,0.00
i86,e01,c5,p19,l3,0.00
i86,e01,c5,p21,l3,0.00
i86,e01,c5,p23,l3,0.00
i86,e01,c5,p24,l3,0.00
i86,e01,c5,p25,l3,0.00
i86,e01,c5,p28,l3,0.00
i86,e02,c5,p03,l3,0.00
i86,e02,c5,p10,l3,0.00
i86,e02,c5,p18,l3,0.00
i86,e04,c5,p01,l3,0.00
i86,e04,c5,p02,l3,0.00
i86,e04,c5,p03,l3,0.00
i86,e04,c5,p04,l3,0.00
i86,e04,c5,p05,l3,0.00
i86,e04,c5,p06,l3,0.00
i86,e04,c5,p07,l3,0.00
i86,e04,c5,p08,l3,0.00
i86,e04,c5,p10,l3,0.00
i86,e04,c5,p11,l3,0.00
i86,e04,c5,p12,l3,0.00
i86,e04,c5,p13,l3,0.00
i86,e04,c5,p14,l3,0.00
i86,e04,c5,p16,l3,0.00
i86,e04,c5,p17,l3,0.00
i86,e04,c5,p18,l3,0.00
i86,e04,c5,p19,l3,0.00
i86,e04,c5,p21,l3,0.00
i86,e04,c5,p22,l3,0.00
i86,e04,c5,p23,l3,0.00
i86,e04,c5,p24,l3,0.00
i86,e04,c5,p25,l3,0.00
i86,e04,c5,p28,l3,0.00
i86,e04,c5,p31,l3,0.00
i86,e04,c5,p35,l3,0.00
i86,e05,c5,p21,l3,0.00
i86,e08,c5,p01,l3,0.00
i86,e08,c5,p02,l3,0.00
i86,e08,c5,p03,l3,0.00
i86,e08,c5,p04,l3,0.00
i86,e08,c5,p05,l3,0.00
i86,e08,c5,p06,l3,0.00
i86,e08,c5,p07,l3,0.00
i86,e08,c5,p08,l3,0.00
i86,e08,c5,p10,l3,0.00
i86,e08,c5,p11,l3,0.00
i86,e08,c5,p12,l3,0.00
i86,e08,c5,p13,l3,0.00
i86,e08,c5,p16,l3,0.00
i86,e08,c5,p17,l3,0.00
i86,e08,c5,p19,l3,0.00
i86,e08,c5,p21,l3,0.00
i86,e08,c5,p23,l3,0.00
i86,e08,c5,p24,l3,0.00
i86,e08,c5,p25,l3,0.00
i86,e08,c5,p31,l3,0.00
i86,e08,c5,p35,l3,0.00
i86,e09,c5,p01,l3,0.00
i86,e09,c5,p02,l3,0.00
i86,e09,c5,p03,l3,0.00
i86,e09,c5,p04,l3,0.00
i86,e09,c5,p05,l3,0.00
i86,e09,c5,p07,l3,0.00
i86,e09,c5,p08,l3,0.00
i86,e09,c5,p10,l3,0.00
i86,e09,c5,p11,l3,0.00
i86,e09,c5,p12,l3,0.00
i86,e09,c5,p13,l3,0.00
i86,e09,c5,p16,l3,0.00
i86,e09,c5,p17,l3,0.00
i86,e09,c5,p18,l3,0.00
i86,e09,c5,p19,l3,0.00
i86,e09,c5,p21,l3,0.00
i86,e09,c5,p23,l3,0.00
i86,e09,c5,p24,l3,0.00
i86,e09,c5,p25,l3,0.00
i86,e11,c5,p01,l3,0.00
i86,e11,c5,p02,l3,0.00
i86,e11,c5,p04,l3,0.00
i86,e11,c5,p10,l3,0.00
i86,e11,c5,p19,l3,0.00
i86,e11,c5,p21,l3,0.00
i86,e13,c5,p01,l3,0.00
i86,e13,c5,p03,l3,0.00
i86,e13,c5,p04,l3,0.00
i86,e13,c5,p05,l3,0.00
i86,e13,c5,p06,l3,0.00
i86,e13,c5,p07,l3,0.00
i86,e13,c5,p09,l3,0.00
i86,e13,c5,p10,l3,0.00
i86,e13,c5,p11,l3,0.00
i86,e13,c5,p12,l3,0.00
i86,e13,c5,p13,l3,0.00
i86,e13,c5,p14,l3,0.00
i86,e13,c5,p15,l3,0.00
i86,e13,c5,p16,l3,0.00
i86,e13,c5,p17,l3,0.00
i86,e13,c5,p18,l3,0.00
i86,e13,c5,p19,l3,0.00
i86,e13,c5,p21,l3,0.00
i86,e13,c5,p22,l3,0.00
i86,e13,c5,p23,l3,0.00
i86,e13,c5,p24,l3,0.00
i86,e13,c5,p25,l3,0.00
i86,e13,c5,p28,l3,0.00
i86,e13,c5,p31,l3,0.00
i87,e01,c3,p35,l3,0.00
i87,e01,c5,p01,l3,0.00
i87,e01,c5,p02,l3,0.00
i87,e01,c5,p03,l3,0.00
i87,e01,c5,p05,l3,0.00
i87,e01,c5,p06,l3,0.00
i87,e01,c5,p07,l3,0.00
i87,e01,c5,p08,l3,0.00
i87,e01,c5,p09,l3,0.00
i87,e01,c5,p10,l3,0.00
i87,e01,c5,p11,l3,0.00
i87,e01,c5,p12,l3,0.00
i87,e01,c5,p13,l3,0.00
i87,e01,c5,p15,l3,0.00
i87,e01,c5,p16,l3,0.00
i87,e01,c5,p17,l3,0.00
i87,e01,c5,p18,l3,0.00
i87,e01,c5,p19,l3,0.00
i87,e01,c5,p20,l3,0.00
i87,e01,c5,p21,l3,0.00
i87,e01,c5,p22,l3,0.00
i87,e01,c5,p23,l3,0.00
i87,e01,c5,p24,l3,0.00
i87,e01,c5,p25,l3,0.00
i87,e01,c5,p28,l3,0.00
i87,e01,c5,p29,l3,0.00
i87,e01,c5,p31,l3,0.00
i87,e01,c5,p32,l3,0.00
i87,e01,c5,p35,l3,0.00
i87,e04,c3,p35,l3,0.00
i87,e04,c5,p01,l3,0.00
i87,e04,c5,p02,l3,0.00
i87,e04,c5,p03,l3,0.00
i87,e04,c5,p04,l3,0.00
i87,e04,c5,p05,l3,0.00
i87,e04,c5,p06,l3,0.00
i87,e04,c5,p07,l3,0.00
i87,e04,c5,p08,l3,0.00
i87,e04,c5,p10,l3,0.00
i87,e04,c5,p11,l3,0.00
i87,e04,c5,p12,l3,0.00
i87,e04,c5,p13,l3,0.00
i87,e04,c5,p14,l3,0.00
i87,e04,c5,p15,l3,0.00
i87,e04,c5,p16,l3,0.00
i87,e04,c5,p17,l3,0.00
i87,e04,c5,p18,l3,0.00
i87,e04,c5,p19,l3,0.00
i87,e04,c5,p20,l3,0.00
i87,e04,c5,p21,l3,0.00
i87,e04,c5,p22,l3,0.00
i87,e04,c5,p23,l3,0.00
i87,e04,c5,p24,l3,0.00
i87,e04,c5,p25,l3,0.00
i87,e04,c5,p28,l3,0.00
i87,e04,c5,p29,l3,0.00
i87,e04,c5,p32,l3,0.00
i87,e04,c5,p35,l3,0.00
i87,e05,c5,p01,l3,0.00
i87,e05,c5,p03,l3,0.00
i87,e05,c5,p06,l3,0.00
i87,e05,c5,p07,l3,0.00
i87,e05,c5,p08,l3,0.00
i87,e05,c5,p10,l3,0.00
i87,e05,c5,p11,l3,0.00
i87,e05,c5,p12,l3,0.00
i87,e05,c5,p14,l3,0.00
i87,e05,c5,p15,l3,0.00
i87,e05,c5,p16,l3,0.00
i87,e05,c5,p17,l3,0.00
i87,e05,c5,p18,l3,0.00
i87,e05,c5,p19,l3,0.00
i87,e05,c5,p20,l3,0.00
i87,e05,c5,p21,l3,0.00
i87,e05,c5,p22,l3,0.00
i87,e05,c5,p23,l3,0.00
i87,e05,c5,p24,l3,0.00
i87,e05,c5,p28,l3,0.00
i87,e05,c5,p29,l3,0.00
i87,e05,c5,p35,l3,0.00
i87,e09,c5,p01,l3,0.00
i87,e09,c5,p03,l3,0.00
i87,e09,c5,p05,l3,0.00
i87,e09,c5,p06,l3,0.00
i87,e09,c5,p07,l3,0.00
i87,e09,c5,p08,l3,0.00
i87,e09,c5,p10,l3,0.00
i87,e09,c5,p11,l3,0.00
i87,e09,c5,p12,l3,0.00
i87,e09,c5,p14,l3,0.00
i87,e09,c5,p15,l3,0.00
i87,e09,c5,p16,l3,0.00
i87,e09,c5,p17,l3,0.00
i87,e09,c5,p18,l3,0.00
i87,e09,c5,p19,l3,0.00
i87,e09,c5,p20,l3,0.00
i87,e09,c5,p21,l3,0.00
i87,e09,c5,p22,l3,0.00
i87,e09,c5,p23,l3,0.00
i87,e09,c5,p24,l3,0.00
i87,e09,c5,p25,l3,0.00
i87,e09,c5,p28,l3,0.00
i87,e09,c5,p29,l3,0.00
i87,e09,c5,p32,l3,0.00
i87,e09,c5,p35,l3,0.00
i88,e01,c1,p35,l3,0.00
i88,e01,c4,p35,l3,0.00
i88,e04,c1,p35,l3,0.00
i88,e05,c1,p35,l3,0.00
i88,e08,c1,p35,l3,0.00
i88,e09,c1,p35,l3,0.00
i88,e09,c4,p35,l3,0.00
i88,e11,c1,p35,l3,0.00
i88,e11,c4,p35,l3,0.00
i89,e01,c1,p01,l3,0.00
i89,e01,c1,p02,l3,0.00
i89,e01,c1,p03,l3,0.00
i89,e01,c1,p04,l3,0.00
i89,e01,c1,p05,l3,0.00
i89,e01,c1,p06,l3,0.00
i89,e01,c1,p07,l3,0.00
i89,e01,c1,p08,l3,0.00
i89,e01,c1,p09,l3,0.00
i89,e01,c1,p10,l3,0.00
i89,e01,c1,p11,l3,0.00
i89,e01,c1,p12,l3,0.00
i89,e01,c1,p13,l3,0.00
i89,e01,c1,p14,l3,0.00
i89,e01,c1,p15,l3,0.00
i89,e01,c1,p16,l3,0.00
i89,e01,c1,p17,l3,0.00
i89,e01,c1,p18,l3,0.00
i89,e01,c1,p19,l3,0.00
i89,e01,c1,p20,l3,0.00
i89,e01,c1,p21,l3,0.00
i89,e01,c1,p22,l3,0.00
i89,e01,c1,p23,l3,0.00
i89,e01,c1,p24,l3,0.00
i89,e01,c1,p25,l3,0.00
i89,e01,c1,p26,l3,0.00
i89,e01,c1,p28,l3,0.00
i89,e01,c1,p29,l3,0.00
i89,e01,c1,p30,l3,0.00
i89,e01,c1,p31,l3,0.00
i89,e01,c1,p32,l3,0.00
i89,e01,c1,p33,l3,0.00
i89,e01,c1,p35,l3,0.00
i89,e01,c4,p01,l3,0.00
i89,e01,c4,p02,l3,0.00
i89,e01,c4,p03,l3,0.00
i89,e01,c4,p04,l3,0.00
i89,e01,c4,p05,l3,0.00
i89,e01,c4,p07,l3,0.00
i89,e01,c4,p09,l3,0.00
i89,e01,c4,p10,l3,0.00
i89,e01,c4,p13,l3,0.00
i89,e01,c4,p14,l3,0.00
i89,e01,c4,p15,l3,0.00
i89,e01,c4,p18,l3,0.00
i89,e01,c4,p19,l3,0.00
i89,e01,c4,p21,l3,0.00
i89,e01,c4,p22,l3,0.00
i89,e01,c4,p23,l3,0.00
i89,e01,c4,p24,l3,0.00
i89,e01,c4,p25,l3,0.00
i89,e01,c4,p32,l3,0.00
i89,e01,c4,p35,l3,0.00
i89,e01,c7,p19,l3,0.00
i89,e04,c1,p01,l1,0.00
i89,e04,c1,p01,l3,0.00
i89,e04,c1,p02,l1,0.00
i89,e04,c1,p02,l3,0.00
i89,e04,c1,p03,l1,0.00
i89,e04,c1,p03,l3,0.00
i89,e04,c1,p04,l1,0.00
i89,e04,c1,p04,l3,0.00
i89,e04,c1,p05,l1,0.00
i89,e04,c1,p05,l3,0.00
i89,e04,c1,p06,l3,0.00
i89,e04,c1,p07,l1,0.00
i89,e04,c1,p07,l3,0.00
i89,e04,c1,p08,l1,0.00
i89,e04,c1,p08,l3,0.00
i89,e04,c1,p09,l1,0.00
i89,e04,c1,p09,l3,0.00
i89,e04,c1,p10,l1,0.00
i89,e04,c1,p10,l3,0.00
i89,e04,c1,p11,l1,0.00
i89,e04,c1,p11,l3,0.00
i89,e04,c1,p12,l1,0.00
i89,e04,c1,p12,l3,0.00
i89,e04,c1,p13,l1,0.00
i89,e04,c1,p13,l3,0.00
i89,e04,c1,p14,l1,0.00
i89,e04,c1,p14,l3,0.00
i89,e04,c1,p15,l1,0.00
i89,e04,c1,p15,l3,0.00
i89,e04,c1,p16,l1,0.00
i89,e04,c1,p16,l3,0.00
i89,e04,c1,p17,l1,0.00
i89,e04,c1,p17,l3,0.00
i89,e04,c1,p18,l1,0.00
i89,e04,c1,p18,l3,0.00
i89,e04,c1,p19,l1,0.00
i89,e04,c1,p19,l3,0.00
i89,e04,c1,p20,l1,0.00
i89,e04,c1,p20,l3,0.00
i89,e04,c1,p21,l1,0.00
i89,e04,c1,p21,l3,0.00
i89,e04,c1,p22,l1,0.00
i89,e04,c1,p22,l3,0.00
i89,e04,c1,p23,l1,0.00
i89,e04,c1,p23,l3,0.00
i89,e04,c1,p24,l1,0.00
i89,e04,c1,p24,l3,0.00
i89,e04,c1,p25,l1,0.00
i89,e04,c1,p25,l3,0.00
i89,e04,c1,p26,l3,0.00
i89,e04,c1,p28,l1,0.00
i89,e04,c1,p28,l3,0.00
i89,e04,c1,p29,l1,0.00
i89,e04,c1,p29,l3,0.00
i89,e04,c1,p30,l3,0.00
i89,e04,c1,p31,l1,0.00
i89,e04,c1,p31,l3,0.00
i89,e04,c1,p32,l1,0.00
i89,e04,c1,p32,l3,0.00
i89,e04,c1,p33,l3,0.00
i89,e04,c1,p35,l1,0.00
i89,e04,c1,p35,l3,0.00
i89,e04,c4,p01,l3,0.00
i89,e04,c4,p02,l1,0.00
i89,e04,c4,p03,l1,0.00
i89,e04,c4,p07,l3,0.00
i89,e04,c4,p08,l1,0.00
i89,e04,c4,p09,l3,0.00
i89,e04,c4,p10,l1,0.00
i89,e04,c4,p10,l3,0.00
i89,e04,c4,p13,l3,0.00
i89,e04,c4,p14,l3,0.00
i89,e04,c4,p15,l1,0.00
i89,e04,c4,p15,l3,0.00
i89,e04,c4,p18,l3,0.00
i89,e04,c4,p19,l3,0.00
i89,e04,c4,p21,l3,0.00
i89,e04,c4,p22,l3,0.00
i89,e04,c4,p23,l3,0.00
i89,e04,c4,p24,l3,0.00
i89,e04,c4,p25,l1,0.00
i89,e04,c4,p35,l1,0.00
i89,e04,c4,p35,l3,0.00
i89,e04,c7,p19,l3,0.00
i89,e05,c1,p01,l3,0.00
i89,e05,c1,p02,l3,0.00
i89,e05,c1,p03,l3,0.00
i89,e05,c1,p04,l3,0.00
i89,e05,c1,p05,l3,0.00
i89,e05,c1,p06,l3,0.00
i89,e05,c1,p07,l3,0.00
i89,e05,c1,p10,l3,0.00
i89,e05,c1,p11,l1,0.00
i89,e05,c1,p11,l3,0.00
i89,e05,c1,p12,l3,0.00
i89,e05,c1,p13,l3,0.00
i89,e05,c1,p14,l3,0.00
i89,e05,c1,p15,l3,0.00
i89,e05,c1,p16,l1,0.00
i89,e05,c1,p16,l3,0.00
i89,e05,c1,p17,l3,0.00
i89,e05,c1,p18,l3,0.00
i89,e05,c1,p19,l1,0.00
i89,e05,c1,p19,l3,0.00
i89,e05,c1,p21,l3,0.00
i89,e05,c1,p22,l3,0.00
i89,e05,c1,p23,l3,0.00
i89,e05,c1,p24,l1,0.00
i89,e05,c1,p24,l3,0.00
i89,e05,c1,p25,l3,0.00
i89,e05,c1,p28,l1,0.00
i89,e05,c1,p29,l3,0.00
i89,e05,c1,p32,l3,0.00
i89,e05,c1,p35,l1,0.00
i89,e05,c1,p35,l3,0.00
i89,e05,c4,p09,l3,0.00
i89,e05,c4,p23,l3,0.00
i89,e05,c4,p35,l3,0.00
i89,e09,c1,p01,l2,0.00
i89,e09,c1,p01,l3,0.00
i89,e09,c1,p02,l2,0.00
i89,e09,c1,p02,l3,0.00
i89,e09,c1,p03,l2,0.00
i89,e09,c1,p03,l3,0.00
i89,e09,c1,p04,l2,0.00
i89,e09,c1,p04,l3,0.00
i89,e09,c1,p05,l2,0.00
i89,e09,c1,p05,l3,0.00
i89,e09,c1,p06,l2,0.00
i89,e09,c1,p06,l3,0.00
i89,e09,c1,p07,l2,0.00
i89,e09,c1,p07,l3,0.00
i89,e09,c1,p08,l2,0.00
i89,e09,c1,p08,l3,0.00
i89,e09,c1,p09,l2,0.00
i89,e09,c1,p09,l3,0.00
i89,e09,c1,p10,l2,0.00
i89,e09,c1,p10,l3,0.00
i89,e09,c1,p11,l2,0.00
i89,e09,c1,p11,l3,0.00
i89,e09,c1,p12,l2,0.00
i89,e09,c1,p12,l3,0.00
i89,e09,c1,p13,l2,0.00
i89,e09,c1,p13,l3,0.00
i89,e09,c1,p14,l2,0.00
i89,e09,c1,p14,l3,0.00
i89,e09,c1,p15,l2,0.00
i89,e09,c1,p15,l3,0.00
i89,e09,c1,p16,l2,0.00
i89,e09,c1,p16,l3,0.00
i89,e09,c1,p17,l2,0.00
i89,e09,c1,p17,l3,0.00
i89,e09,c1,p18,l2,0.00
i89,e09,c1,p18,l3,0.00
i89,e09,c1,p19,l2,0.00
i89,e09,c1,p19,l3,0.00
i89,e09,c1,p20,l2,0.00
i89,e09,c1,p20,l3,0.00
i89,e09,c1,p21,l2,0.00
i89,e09,c1,p21,l3,0.00
i89,e09,c1,p22,l2,0.00
i89,e09,c1,p22,l3,0.00
i89,e09,c1,p23,l2,0.00
i89,e09,c1,p23,l3,0.00
i89,e09,c1,p24,l2,0.00
i89,e09,c1,p24,l3,0.00
i89,e09,c1,p25,l2,0.00
i89,e09,c1,p25,l3,0.00
i89,e09,c1,p26,l3,0.00
i89,e09,c1,p28,l3,0.00
i89,e09,c1,p29,l2,0.00
i89,e09,c1,p29,l3,0.00
i89,e09,c1,p30,l3,0.00
i89,e09,c1,p31,l3,0.00
i89,e09,c1,p32,l2,0.00
i89,e09,c1,p32,l3,0.00
i89,e09,c1,p33,l3,0.00
i89,e09,c1,p35,l2,0.00
i89,e09,c1,p35,l3,0.00
i89,e09,c4,p01,l2,0.00
i89,e09,c4,p01,l3,0.00
i89,e09,c4,p02,l2,0.00
i89,e09,c4,p03,l2,0.00
i89,e09,c4,p03,l3,0.00
i89,e09,c4,p05,l3,0.00
i89,e09,c4,p06,l2,0.00
i89,e09,c4,p07,l3,0.00
i89,e09,c4,p08,l3,0.00
i89,e09,c4,p09,l3,0.00
i89,e09,c4,p10,l2,0.00
i89,e09,c4,p10,l3,0.00
i89,e09,c4,p13,l2,0.00
i89,e09,c4,p13,l3,0.00
i89,e09,c4,p14,l3,0.00
i89,e09,c4,p15,l3,0.00
i89,e09,c4,p17,l3,0.00
i89,e09,c4,p18,l3,0.00
i89,e09,c4,p19,l3,0.00
i89,e09,c4,p21,l3,0.00
i89,e09,c4,p22,l3,0.00
i89,e09,c4,p35,l2,0.00
i89,e09,c4,p35,l3,0.00
i89,e09,c7,p19,l3,0.00
i89,e09,c7,p35,l3,0.00
i90,e01,c1,p01,l3,0.00
i90,e01,c1,p10,l3,0.00
i90,e01,c1,p11,l3,0.00
i90,e01,c1,p12,l3,0.00
i90,e01,c1,p14,l3,0.00
i90,e01,c1,p19,l3,0.00
i90,e01,c1,p23,l3,0.00
i90,e01,c1,p24,l3,0.00
i90,e01,c1,p26,l3,0.00
i90,e01,c1,p32,l3,0.00
i90,e03,c1,p01,l3,0.00
i90,e03,c1,p02,l3,0.00
i90,e03,c1,p03,l3,0.00
i90,e03,c1,p04,l3,0.00
i90,e03,c1,p05,l3,0.00
i90,e03,c1,p06,l3,0.00
i90,e03,c1,p08,l3,0.00
i90,e03,c1,p09,l3,0.00
i90,e03,c1,p10,l3,0.00
i90,e03,c1,p11,l3,0.00
i90,e03,c1,p12,l3,0.00
i90,e03,c1,p15,l3,0.00
i90,e03,c1,p16,l3,0.00
i90,e03,c1,p17,l3,0.00
i90,e03,c1,p18,l3,0.00
i90,e03,c1,p19,l3,0.00
i90,e03,c1,p20,l3,0.00
i90,e03,c1,p21,l3,0.00
i90,e03,c1,p23,l3,0.00
i90,e03,c1,p25,l3,0.00
i90,e03,c1,p26,l3,0.00
i90,e03,c1,p28,l3,0.00
i90,e03,c1,p32,l3,0.00
i90,e03,c1,p35,l3,0.00
i90,e03,c4,p01,l3,0.00
i90,e03,c4,p19,l3,0.00
i90,e04,c1,p04,l3,0.00
i90,e04,c1,p10,l3,0.00
i90,e04,c1,p11,l3,0.00
i90,e04,c1,p12,l3,0.00
i90,e04,c1,p15,l3,0.00
i90,e04,c1,p19,l3,0.00
i90,e04,c1,p23,l3,0.00
i90,e04,c1,p24,l3,0.00
i90,e04,c1,p26,l3,0.00
i90,e04,c1,p32,l3,0.00
i90,e08,c1,p01,l3,0.00
i90,e08,c1,p04,l3,0.00
i90,e08,c1,p05,l3,0.00
i90,e08,c1,p10,l3,0.00
i90,e08,c1,p11,l3,0.00
i90,e08,c1,p12,l2,0.00
i90,e08,c1,p19,l3,0.00
i90,e08,c1,p20,l3,0.00
i90,e08,c1,p21,l3,0.00
i90,e08,c1,p23,l3,0.00
i90,e08,c1,p26,l3,0.00
i90,e08,c1,p32,l3,0.00
i90,e08,c1,p35,l3,0.00
i90,e08,c4,p01,l3,0.00
i90,e09,c1,p10,l3,0.00
i90,e09,c1,p11,l3,0.00
i90,e09,c1,p12,l3,0.00
i90,e09,c1,p19,l3,0.00
i90,e09,c1,p23,l3,0.00
i90,e09,c1,p24,l3,0.00
i90,e09,c1,p25,l3,0.00
i90,e09,c1,p26,l3,0.00
i90,e09,c1,p32,l3,0.00
i90,e09,c4,p01,l3,0.00
i90,e11,c1,p01,l3,0.00
i90,e11,c1,p05,l3,0.00
i90,e11,c1,p10,l2,0.00
i90,e11,c1,p10,l3,0.00
i90,e11,c1,p11,l3,0.00
i90,e11,c1,p12,l3,0.00
i90,e11,c1,p23,l3,0.00
i91,e01,c1,p10,l3,0.00
i91,e04,c1,p10,l3,0.00
i91,e05,c1,p10,l3,0.00
i91,e08,c1,p10,l3,0.00
i91,e09,c1,p10,l3,0.00
i91,e13,c1,p10,l3,0.00
i93,e01,c5,p10,l3,0.00
i93,e01,c5,p35,l3,0.00
i93,e02,c5,p35,l3,0.00
i93,e03,c5,p10,l3,0.00
i93,e03,c5,p35,l3,0.00
i93,e04,c5,p10,l3,0.00
i93,e04,c5,p35,l3,0.00
i93,e05,c5,p01,l3,0.00
i93,e05,c5,p10,l3,0.00
i93,e05,c5,p35,l3,0.00
i93,e08,c5,p01,l3,0.00
i93,e08,c5,p10,l3,0.00
i93,e08,c5,p35,l3,0.00
i93,e09,c5,p10,l3,0.00
i93,e10,c5,p10,l3,0.00
i93,e10,c5,p35,l3,0.00
i93,e11,c5,p01,l3,0.00
i93,e11,c5,p10,l3,0.00
i93,e11,c5,p35,l3,0.00
i93,e12,c5,p10,l3,0.00
i93,e12,c5,p35,l3,0.00
i94,e01,c1,p35,l3,0.00
i94,e04,c1,p35,l3,0.00
i94,e05,c1,p35,l3,0.00
i94,e08,c1,p35,l3,0.00
i94,e09,c1,p35,l3,0.00
i94,e11,c1,p35,l3,0.00
i94,e13,c1,p35,l3,0.00
i95,e01,c3,p35,l3,0.00
i95,e01,c5,p35,l3,0.00
i95,e02,c3,p35,l3,0.00
i95,e02,c5,p35,l3,0.00
i95,e04,c3,p35,l3,0.00
i95,e04,c5,p35,l3,0.00
i95,e05,c3,p35,l3,0.00
i95,e05,c5,p35,l3,0.00
i95,e09,c3,p35,l3,0.00
i95,e09,c5,p35,l3,0.00
i96,e01,c3,p35,l3,0.00
i96,e01,c5,p01,l3,0.00
i96,e01,c5,p03,l3,0.00
i96,e01,c5,p06,l3,0.00
i96,e01,c5,p10,l3,0.00
i96,e01,c5,p13,l3,0.00
i96,e01,c5,p14,l3,0.00
i96,e01,c5,p19,l3,0.00
i96,e01,c5,p29,l3,0.00
i96,e01,c5,p35,l3,0.00
i96,e02,c5,p21,l3,0.00
i96,e04,c3,p35,l3,0.00
i96,e04,c5,p01,l3,0.00
i96,e04,c5,p03,l3,0.00
i96,e04,c5,p05,l3,0.00
i96,e04,c5,p06,l3,0.00
i96,e04,c5,p10,l3,0.00
i96,e04,c5,p11,l3,0.00
i96,e04,c5,p12,l3,0.00
i96,e04,c5,p13,l3,0.00
i96,e04,c5,p16,l3,0.00
i96,e04,c5,p18,l3,0.00
i96,e04,c5,p19,l3,0.00
i96,e04,c5,p28,l3,0.00
i96,e04,c5,p29,l3,0.00
i96,e04,c5,p35,l3,0.00
i96,e09,c3,p35,l3,0.00
i96,e09,c5,p01,l3,0.00
i96,e09,c5,p03,l3,0.00
i96,e09,c5,p10,l3,0.00
i96,e09,c5,p12,l3,0.00
i96,e09,c5,p13,l3,0.00
i96,e09,c5,p17,l3,0.00
i96,e09,c5,p18,l3,0.00
i96,e09,c5,p19,l3,0.00
i96,e09,c5,p29,l3,0.00
i96,e09,c5,p35,l3,0.00
i97,e01,c1,p10,l3,0.00
i97,e01,c1,p12,l3,0.00
i97,e01,c1,p35,l3,0.00
i97,e04,c1,p05,l3,0.00
i97,e04,c1,p10,l1,0.00
i97,e04,c1,p10,l3,0.00
i97,e04,c1,p12,l3,0.00
i97,e04,c1,p35,l1,0.00
i97,e04,c1,p35,l3,0.00
i97,e05,c1,p10,l3,0.00
i97,e05,c1,p35,l3,0.00
i97,e08,c1,p10,l2,0.00
i97,e08,c1,p10,l3,0.00
i97,e08,c1,p12,l3,0.00
i97,e08,c1,p35,l2,0.00
i97,e08,c1,p35,l3,0.00
i97,e09,c1,p10,l2,0.00
i97,e09,c1,p10,l3,0.00
i97,e09,c1,p12,l3,0.00
i97,e09,c1,p35,l2,0.00
i97,e09,c1,p35,l3,0.00
i97,e11,c1,p10,l2,0.00
i97,e11,c1,p10,l3,0.00
i97,e11,c1,p35,l2,0.00
i97,e11,c1,p35,l3,0.00
i98,e01,c1,p10,l3,0.00
i98,e01,c1,p21,l3,0.00
i98,e04,c1,p10,l1,0.00
i98,e04,c1,p10,l3,0.00
i98,e04,c1,p11,l1,0.00
i98,e04,c1,p28,l3,0.00
i98,e05,c1,p10,l1,0.00
i98,e05,c1,p10,l3,0.00
i98,e05,c1,p35,l1,0.00
i98,e05,c1,p35,l3,0.00
i98,e09,c1,p10,l2,0.00
i98,e09,c1,p10,l3,0.00
i98,e09,c1,p11,l2,0.00
i98,e12,c1,p03,l3,0.00
i98,e12,c1,p10,l3,0.00
i98,e12,c1,p11,l3,0.00
i98,e12,c1,p12,l3,0.00
i98,e12,c1,p28,l3,0.00
i99,e01,c5,p05,l3,0.00
i99,e01,c5,p07,l3,0.00
i99,e01,c5,p10,l3,0.00
i99,e01,c5,p19,l3,0.00
i99,e01,c5,p20,l3,0.00
i99,e01,c5,p23,l3,0.00
i99,e01,c5,p24,l3,0.00
i99,e01,c5,p35,l3,0.00
i99,e04,c3,p35,l3,0.00
i99,e04,c5,p02,l3,0.00
i99,e04,c5,p05,l3,0.00
i99,e04,c5,p06,l3,0.00
i99,e04,c5,p07,l3,0.00
i99,e04,c5,p08,l3,0.00
i99,e04,c5,p10,l3,0.00
i99,e04,c5,p12,l3,0.00
i99,e04,c5,p14,l3,0.00
i99,e04,c5,p15,l3,0.00
i99,e04,c5,p18,l3,0.00
i99,e04,c5,p19,l3,0.00
i99,e04,c5,p22,l3,0.00
i99,e04,c5,p23,l3,0.00
i99,e04,c5,p24,l3,0.00
i99,e04,c5,p25,l3,0.00
i99,e04,c5,p29,l3,0.00
i99,e04,c5,p35,l3,0.00
i99,e05,c3,p03,l3,0.00
i99,e05,c3,p07,l1,0.00
i99,e05,c3,p19,l3,0.00
i99,e05,c3,p35,l1,0.00
i99,e05,c3,p35,l3,0.00
i99,e05,c5,p01,l3,0.00
i99,e05,c5,p02,l3,0.00
i99,e05,c5,p03,l1,0.00
i99,e05,c5,p03,l3,0.00
i99,e05,c5,p04,l1,0.00
i99,e05,c5,p04,l3,0.00
i99,e05,c5,p05,l1,0.00
i99,e05,c5,p05,l3,0.00
i99,e05,c5,p06,l3,0.00
i99,e05,c5,p07,l1,0.00
i99,e05,c5,p07,l3,0.00
i99,e05,c5,p08,l3,0.00
i99,e05,c5,p09,l3,0.00
i99,e05,c5,p10,l1,0.00
i99,e05,c5,p10,l3,0.00
i99,e05,c5,p11,l3,0.00
i99,e05,c5,p12,l3,0.00
i99,e05,c5,p13,l1,0.00
i99,e05,c5,p13,l3,0.00
i99,e05,c5,p14,l3,0.00
i99,e05,c5,p15,l1,0.00
i99,e05,c5,p15,l3,0.00
i99,e05,c5,p16,l1,0.00
i99,e05,c5,p16,l3,0.00
i99,e05,c5,p17,l3,0.00
i99,e05,c5,p18,l3,0.00
i99,e05,c5,p19,l3,0.00
i99,e05,c5,p20,l3,0.00
i99,e05,c5,p21,l1,0.00
i99,e05,c5,p21,l3,0.00
i99,e05,c5,p22,l3,0.00
i99,e05,c5,p23,l3,0.00
i99,e05,c5,p24,l1,0.00
i99,e05,c5,p24,l3,0.00
i99,e05,c5,p25,l1,0.00
i99,e05,c5,p25,l3,0.00
i99,e05,c5,p28,l3,0.00
i99,e05,c5,p29,l3,0.00
i99,e05,c5,p31,l3,0.00
i99,e05,c5,p32,l3,0.00
i99,e05,c5,p35,l1,0.00
i99,e05,c5,p35,l3,0.00
i99,e09,c5,p06,l3,0.00
i99,e09,c5,p19,l3,0.00
i99,e09,c5,p21,l3,0.00
i99,e09,c5,p22,l2,0.00
i99,e09,c5,p29,l3,0.00
i99,e09,c5,p35,l2,0.00
i99,e09,c5,p35,l3,0.00
unknown,e01,c1,p01,l3,0.00
unknown,e01,c1,p02,l3,0.00
unknown,e01,c1,p03,l3,0.00
unknown,e01,c1,p05,l3,0.00
unknown,e01,c1,p06,l3,0.00
unknown,e01,c1,p07,l3,0.00
unknown,e01,c1,p08,l3,0.00
unknown,e01,c1,p10,l3,0.00
unknown,e01,c1,p11,l3,0.00
unknown,e01,c1,p12,l3,0.00
unknown,e01,c1,p13,l3,0.00
unknown,e01,c1,p15,l3,0.00
unknown,e01,c1,p16,l3,0.00
unknown,e01,c1,p17,l3,0.00
unknown,e01,c1,p18,l3,0.00
unknown,e01,c1,p19,l3,0.00
unknown,e01,c1,p20,l3,0.00
unknown,e01,c1,p21,l3,0.00
unknown,e01,c1,p22,l3,0.00
unknown,e01,c1,p23,l3,0.00
unknown,e01,c1,p24,l3,0.00
unknown,e01,c1,p28,l3,0.00
unknown,e01,c1,p29,l3,0.00
unknown,e01,c1,p35,l3,0.00
unknown,e01,c2,p35,l3,0.00
unknown,e01,c3,p10,l3,0.00
unknown,e01,c3,p35,l3,0.00
unknown,e01,c4,p05,l3,0.00
unknown,e01,c4,p08,l3,0.00
unknown,e01,c4,p10,l3,0.00
unknown,e01,c4,p22,l3,0.00
unknown,e01,c4,p24,l3,0.00
unknown,e01,c4,p35,l3,0.00
unknown,e01,c5,p04,l3,0.00
unknown,e01,c5,p10,l3,0.00
unknown,e01,c5,p19,l3,0.00
unknown,e01,c5,p33,l3,0.00
unknown,e01,c5,p35,l3,0.00
unknown,e01,c8,p35,l3,0.00
unknown,e02,c3,p01,l3,0.00
unknown,e02,c3,p10,l1,0.00
unknown,e02,c3,p10,l3,0.00
unknown,e02,c3,p35,l1,0.00
unknown,e02,c3,p35,l3,0.00
unknown,e02,c5,p10,l3,0.00
unknown,e02,c5,p35,l3,0.00
unknown,e03,c1,p10,l3,0.00
unknown,e03,c1,p35,l3,0.00
unknown,e03,c3,p10,l3,0.00
unknown,e03,c3,p35,l3,0.00
unknown,e03,c5,p03,l3,0.00
unknown,e03,c5,p10,l3,0.00
unknown,e03,c5,p19,l3,0.00
unknown,e03,c5,p33,l3,0.00
unknown,e03,c5,p35,l3,0.00
unknown,e04,c1,p01,l3,0.00
unknown,e04,c1,p02,l3,0.00
unknown,e04,c1,p06,l3,0.00
unknown,e04,c1,p07,l3,0.00
unknown,e04,c1,p10,l3,0.00
unknown,e04,c1,p12,l3,0.00
unknown,e04,c1,p13,l3,0.00
unknown,e04,c1,p17,l3,0.00
unknown,e04,c1,p19,l3,0.00
unknown,e04,c1,p22,l1,0.00
unknown,e04,c1,p22,l3,0.00
unknown,e04,c1,p24,l3,0.00
unknown,e04,c1,p35,l3,0.00
unknown,e04,c2,p35,l3,0.00
unknown,e04,c3,p01,l3,0.00
unknown,e04,c3,p10,l1,0.00
unknown,e04,c3,p10,l3,0.00
unknown,e04,c3,p35,l1,0.00
unknown,e04,c3,p35,l3,0.00
unknown,e04,c4,p10,l3,0.00
unknown,e04,c5,p04,l3,0.00
unknown,e04,c5,p05,l3,0.00
unknown,e04,c5,p10,l3,0.00
unknown,e04,c5,p19,l3,0.00
unknown,e04,c5,p33,l3,0.00
unknown,e04,c5,p35,l3,0.00
unknown,e04,c8,p10,l3,0.00
unknown,e04,c8,p35,l3,0.00
unknown,e05,c1,p01,l3,0.00
unknown,e05,c1,p02,l1,0.00
unknown,e05,c1,p02,l3,0.00
unknown,e05,c1,p03,l3,0.00
unknown,e05,c1,p07,l1,0.00
unknown,e05,c1,p07,l3,0.00
unknown,e05,c1,p09,l3,0.00
unknown,e05,c1,p10,l1,0.00
unknown,e05,c1,p10,l3,0.00
unknown,e05,c1,p11,l3,0.00
unknown,e05,c1,p12,l3,0.00
unknown,e05,c1,p13,l3,0.00
unknown,e05,c1,p14,l3,0.00
unknown,e05,c1,p15,l3,0.00
unknown,e05,c1,p18,l3,0.00
unknown,e05,c1,p22,l3,0.00
unknown,e05,c1,p35,l1,0.00
unknown,e05,c1,p35,l3,0.00
unknown,e05,c3,p01,l3,0.00
unknown,e05,c3,p03,l3,0.00
unknown,e05,c3,p07,l3,0.00
unknown,e05,c3,p10,l1,0.00
unknown,e05,c3,p10,l3,0.00
unknown,e05,c3,p11,l3,0.00
unknown,e05,c3,p21,l1,0.00
unknown,e05,c3,p21,l3,0.00
unknown,e05,c3,p28,l3,0.00
unknown,e05,c3,p35,l1,0.00
unknown,e05,c3,p35,l3,0.00
unknown,e05,c4,p11,l3,0.00
unknown,e05,c4,p21,l3,0.00
unknown,e05,c5,p01,l3,0.00
unknown,e05,c5,p03,l3,0.00
unknown,e05,c5,p10,l3,0.00
unknown,e05,c5,p11,l3,0.00
unknown,e05,c5,p19,l3,0.00
unknown,e05,c5,p25,l3,0.00
unknown,e05,c5,p28,l3,0.00
unknown,e05,c5,p35,l3,0.00
unknown,e06,c1,p09,l3,0.00
unknown,e07,c1,p02,l3,0.00
unknown,e07,c1,p10,l3,0.00
unknown,e07,c1,p13,l3,0.00
unknown,e07,c1,p19,l3,0.00
unknown,e07,c1,p35,l3,0.00
unknown,e07,c5,p10,l3,0.00
unknown,e07,c5,p35,l3,0.00
unknown,e08,c1,p01,l3,0.00
unknown,e08,c1,p02,l3,0.00
unknown,e08,c1,p03,l3,0.00
unknown,e08,c1,p04,l3,0.00
unknown,e08,c1,p05,l3,0.00
unknown,e08,c1,p07,l2,0.00
unknown,e08,c1,p07,l3,0.00
unknown,e08,c1,p10,l2,0.00
unknown,e08,c1,p10,l3,0.00
unknown,e08,c1,p11,l3,0.00
unknown,e08,c1,p12,l2,0.00
unknown,e08,c1,p12,l3,0.00
unknown,e08,c1,p13,l3,0.00
unknown,e08,c1,p15,l3,0.00
unknown,e08,c1,p16,l3,0.00
unknown,e08,c1,p19,l3,0.00
unknown,e08,c1,p20,l3,0.00
unknown,e08,c1,p21,l3,0.00
unknown,e08,c1,p23,l3,0.00
unknown,e08,c1,p24,l3,0.00
unknown,e08,c1,p29,l3,0.00
unknown,e08,c1,p33,l3,0.00
unknown,e08,c1,p35,l2,0.00
unknown,e08,c1,p35,l3,0.00
unknown,e08,c3,p01,l3,0.00
unknown,e08,c3,p03,l3,0.00
unknown,e08,c3,p10,l2,0.00
unknown,e08,c3,p10,l3,0.00
unknown,e08,c3,p35,l2,0.00
unknown,e08,c3,p35,l3,0.00
unknown,e08,c4,p35,l3,0.00
unknown,e08,c5,p03,l3,0.00
unknown,e08,c5,p04,l3,0.00
unknown,e08,c5,p10,l3,0.00
unknown,e08,c5,p19,l3,0.00
unknown,e08,c5,p33,l3,0.00
unknown,e08,c5,p35,l3,0.00
unknown,e08,c8,p10,l3,0.00
unknown,e08,c8,p35,l3,0.00
unknown,e08,unknown,p35,unknown,0.00
unknown,e09,c1,p05,l3,0.00
unknown,e09,c1,p06,l3,0.00
unknown,e09,c1,p07,l3,0.00
unknown,e09,c1,p10,l2,0.00
unknown,e09,c1,p10,l3,0.00
unknown,e09,c1,p11,l3,0.00
unknown,e09,c1,p12,l3,0.00
unknown,e09,c1,p13,l3,0.00
unknown,e09,c1,p16,l3,0.00
unknown,e09,c1,p17,l3,0.00
unknown,e09,c1,p19,l3,0.00
unknown,e09,c1,p21,l3,0.00
unknown,e09,c1,p22,l2,0.00
unknown,e09,c1,p22,l3,0.00
unknown,e09,c1,p24,l3,0.00
unknown,e09,c1,p29,l3,0.00
unknown,e09,c1,p32,l3,0.00
unknown,e09,c1,p35,l3,0.00
unknown,e09,c3,p10,l2,0.00
unknown,e09,c3,p10,l3,0.00
unknown,e09,c3,p35,l3,0.00
unknown,e09,c5,p10,l3,0.00
unknown,e09,c5,p19,l3,0.00
unknown,e09,c5,p33,l3,0.00
unknown,e09,c5,p35,l3,0.00
unknown,e09,c8,p10,l3,0.00
unknown,e09,c8,p35,l3,0.00
unknown,e10,c1,p10,l3,0.00
unknown,e10,c1,p35,l3,0.00
unknown,e10,c3,p10,l3,0.00
unknown,e10,c3,p10,l4,0.00
unknown,e10,c3,p35,l3,0.00
unknown,e10,c3,p35,l4,0.00
unknown,e10,c5,p01,l3,0.00
unknown,e10,c5,p01,unknown,0.00
unknown,e10,c5,p10,l3,0.00
unknown,e10,c5,p10,l4,0.00
unknown,e10,c5,p16,l3,0.00
unknown,e10,c5,p16,unknown,0.00
unknown,e10,c5,p18,l3,0.00
unknown,e10,c5,p19,l3,0.00
unknown,e10,c5,p25,unknown,0.00
unknown,e10,c5,p33,l3,0.00
unknown,e10,c5,p35,l3,0.00
unknown,e10,c5,p35,l4,0.00
unknown,e10,c5,p35,unknown,0.00
unknown,e10,unknown,p35,unknown,0.00
unknown,e11,c1,p01,l3,0.00
unknown,e11,c1,p02,l3,0.00
unknown,e11,c1,p03,l3,0.00
unknown,e11,c1,p10,l3,0.00
unknown,e11,c1,p11,l3,0.00
unknown,e11,c1,p13,l3,0.00
unknown,e11,c1,p17,l3,0.00
unknown,e11,c1,p19,l3,0.00
unknown,e11,c1,p21,l3,0.00
unknown,e11,c1,p23,l3,0.00
unknown,e11,c1,p35,l3,0.00
unknown,e11,c3,p10,l3,0.00
unknown,e11,c3,p35,l3,0.00
unknown,e11,c5,p10,l3,0.00
unknown,e11,c5,p19,l3,0.00
unknown,e11,c5,p35,l3,0.00
unknown,e12,c1,p01,l3,0.00
unknown,e12,c1,p02,l3,0.00
unknown,e12,c1,p03,l3,0.00
unknown,e12,c1,p04,l3,0.00
unknown,e12,c1,p09,l3,0.00
unknown,e12,c1,p10,l3,0.00
unknown,e12,c1,p11,l3,0.00
unknown,e12,c1,p12,l3,0.00
unknown,e12,c1,p13,l3,0.00
unknown,e12,c1,p14,l3,0.00
unknown,e12,c1,p15,l3,0.00
unknown,e12,c1,p18,l3,0.00
unknown,e12,c1,p19,l3,0.00
unknown,e12,c1,p20,l3,0.00
unknown,e12,c1,p21,l3,0.00
unknown,e12,c1,p24,l3,0.00
unknown,e12,c1,p35,l3,0.00
unknown,e12,c3,p10,l3,0.00
unknown,e12,c3,p35,l3,0.00
unknown,e12,c5,p10,l3,0.00
unknown,e12,c5,p19,l3,0.00
unknown,e12,c5,p35,l3,0.00
unknown,e12,c5,p35,unknown,0.00
unknown,e12,unknown,p35,unknown,0.00
unknown,e13,c1,p10,l3,0.00
unknown,e13,c5,p04,l3,0.00
unknown,e13,c5,p10,l3,0.00
unknown,e13,c5,p21,l3,0.00
unknown,e13,c5,p35,l3,0.00
