i01,e01,c1,p01,l3,2.28
i01,e01,c1,p02,l3,0.00
i01,e01,c1,p03,l3,0.00
i01,e01,c1,p04,l3,0.00
i01,e01,c1,p05,l3,0.00
i01,e01,c1,p06,l3,0.00
i01,e01,c1,p07,l3,0.00
i01,e01,c1,p08,l3,0.00
i01,e01,c1,p09,l3,1.44
i01,e01,c1,p10,l3,7.35
i01,e01,c1,p11,l3,0.00
i01,e01,c1,p12,l3,0.00
i01,e01,c1,p13,l3,0.00
i01,e01,c1,p14,l3,0.00
i01,e01,c1,p15,l3,0.00
i01,e01,c1,p16,l3,1.60
i01,e01,c1,p17,l3,4.41
i01,e01,c1,p18,l3,0.00
i01,e01,c1,p19,l3,7.50
i01,e01,c1,p20,l3,0.00
i01,e01,c1,p21,l3,2.09
i01,e01,c1,p22,l3,0.00
i01,e01,c1,p23,l3,1.17
i01,e01,c1,p24,l3,0.00
i01,e01,c1,p25,l3,0.00
i01,e01,c1,p26,l3,0.00
i01,e01,c1,p27,l3,0.00
i01,e01,c1,p28,l3,0.00
i01,e01,c1,p29,l3,0.00
i01,e01,c1,p30,l3,0.00
i01,e01,c1,p31,l3,0.00
i01,e01,c1,p32,l3,0.00
i01,e01,c1,p33,l3,0.00
i01,e01,c1,p34,l3,0.00
i01,e01,c1,p35,l3,16.60
i01,e01,c4,p01,l3,0.00
i01,e01,c4,p03,l3,0.00
i01,e01,c4,p04,l3,0.00
i01,e01,c4,p06,l3,0.00
i01,e01,c4,p07,l3,0.00
i01,e01,c4,p08,l3,0.00
i01,e01,c4,p09,l3,0.00
i01,e01,c4,p10,l3,0.00
i01,e01,c4,p11,l3,0.00
i01,e01,c4,p13,l3,0.00
i01,e01,c4,p15,l3,0.00
i01,e01,c4,p16,l3,0.00
i01,e01,c4,p17,l3,0.00
i01,e01,c4,p19,l3,0.00
i01,e01,c4,p21,l3,0.00
i01,e01,c4,p22,l3,0.00
i01,e01,c4,p23,l3,0.00
i01,e01,c4,p35,l3,0.00
i01,e01,c7,p35,l3,0.00
i01,e04,c1,p01,l1,0.00
i01,e04,c1,p01,l3,0.00
i01,e04,c1,p02,l1,0.00
i01,e04,c1,p02,l3,0.00
i01,e04,c1,p03,l1,0.00
i01,e04,c1,p03,l3,0.00
i01,e04,c1,p04,l1,0.00
i01,e04,c1,p04,l3,0.00
i01,e04,c1,p05,l1,0.00
i01,e04,c1,p05,l3,0.00
i01,e04,c1,p06,l1,0.00
i01,e04,c1,p06,l3,0.00
i01,e04,c1,p07,l1,0.00
i01,e04,c1,p07,l3,0.00
i01,e04,c1,p08,l1,0.00
i01,e04,c1,p08,l3,0.00
i01,e04,c1,p09,l1,0.00
i01,e04,c1,p09,l3,0.00
i01,e04,c1,p10,l1,0.00
i01,e04,c1,p10,l3,3.33
i01,e04,c1,p11,l1,0.00
i01,e04,c1,p11,l3,0.00
i01,e04,c1,p12,l1,0.00
i01,e04,c1,p12,l3,0.00
i01,e04,c1,p13,l1,0.00
i01,e04,c1,p13,l3,0.00
i01,e04,c1,p14,l1,0.00
i01,e04,c1,p14,l3,0.00
i01,e04,c1,p15,l1,0.00
i01,e04,c1,p15,l3,0.00
i01,e04,c1,p16,l1,0.00
i01,e04,c1,p16,l3,0.00
i01,e04,c1,p17,l1,0.00
i01,e04,c1,p17,l3,0.00
i01,e04,c1,p18,l1,0.00
i01,e04,c1,p18,l3,0.00
i01,e04,c1,p19,l1,0.00
i01,e04,c1,p19,l3,15.34
i01,e04,c1,p20,l1,0.00
i01,e04,c1,p20,l3,1.76
i01,e04,c1,p21,l1,0.00
i01,e04,c1,p21,l3,1.75
i01,e04,c1,p22,l1,0.00
i01,e04,c1,p22,l3,0.00
i01,e04,c1,p23,l1,0.00
i01,e04,c1,p23,l3,0.00
i01,e04,c1,p24,l1,0.00
i01,e04,c1,p24,l3,0.00
i01,e04,c1,p25,l1,0.00
i01,e04,c1,p25,l3,0.00
i01,e04,c1,p26,l1,0.00
i01,e04,c1,p26,l3,0.00
i01,e04,c1,p27,l3,0.00
i01,e04,c1,p28,l1,0.00
i01,e04,c1,p28,l3,1.83
i01,e04,c1,p29,l1,0.00
i01,e04,c1,p29,l3,0.00
i01,e04,c1,p30,l1,0.00
i01,e04,c1,p30,l3,0.00
i01,e04,c1,p31,l1,0.00
i01,e04,c1,p31,l3,0.00
i01,e04,c1,p32,l1,0.00
i01,e04,c1,p32,l3,0.00
i01,e04,c1,p33,l1,0.00
i01,e04,c1,p33,l3,0.00
i01,e04,c1,p34,l3,0.00
i01,e04,c1,p35,l1,0.00
i01,e04,c1,p35,l3,5.65
i01,e04,c4,p01,l1,0.00
i01,e04,c4,p01,l3,0.00
i01,e04,c4,p04,l1,0.00
i01,e04,c4,p04,l3,0.00
i01,e04,c4,p07,l3,0.00
i01,e04,c4,p08,l3,0.00
i01,e04,c4,p09,l3,0.00
i01,e04,c4,p10,l1,0.00
i01,e04,c4,p10,l3,0.00
i01,e04,c4,p11,l1,0.00
i01,e04,c4,p11,l3,0.00
i01,e04,c4,p13,l3,0.00
i01,e04,c4,p15,l3,0.00
i01,e04,c4,p16,l1,0.00
i01,e04,c4,p16,l3,0.00
i01,e04,c4,p19,l3,0.00
i01,e04,c4,p21,l3,0.00
i01,e04,c4,p22,l1,0.00
i01,e04,c4,p22,l3,0.00
i01,e04,c4,p23,l3,0.00
i01,e04,c4,p35,l1,0.00
i01,e04,c4,p35,l3,0.00
i01,e04,c7,p35,l3,0.00
i01,e05,c1,p01,l1,0.00
i01,e05,c1,p01,l3,0.00
i01,e05,c1,p02,l1,0.00
i01,e05,c1,p02,l3,0.00
i01,e05,c1,p03,l1,0.00
i01,e05,c1,p03,l3,0.00
i01,e05,c1,p04,l1,0.00
i01,e05,c1,p04,l3,0.00
i01,e05,c1,p05,l1,0.00
i01,e05,c1,p05,l3,0.00
i01,e05,c1,p06,l1,0.00
i01,e05,c1,p06,l3,0.00
i01,e05,c1,p07,l1,0.00
i01,e05,c1,p07,l3,0.00
i01,e05,c1,p08,l1,0.00
i01,e05,c1,p08,l3,0.00
i01,e05,c1,p09,l1,0.00
i01,e05,c1,p09,l3,0.00
i01,e05,c1,p10,l1,0.00
i01,e05,c1,p10,l3,0.00
i01,e05,c1,p11,l1,0.00
i01,e05,c1,p11,l3,0.00
i01,e05,c1,p12,l1,0.00
i01,e05,c1,p12,l3,0.00
i01,e05,c1,p13,l1,0.00
i01,e05,c1,p13,l3,0.00
i01,e05,c1,p14,l1,0.00
i01,e05,c1,p14,l3,0.00
i01,e05,c1,p15,l1,0.00
i01,e05,c1,p15,l3,0.00
i01,e05,c1,p16,l1,0.00
i01,e05,c1,p16,l3,0.00
i01,e05,c1,p17,l1,0.00
i01,e05,c1,p17,l3,0.00
i01,e05,c1,p18,l1,0.00
i01,e05,c1,p18,l3,0.00
i01,e05,c1,p19,l1,0.00
i01,e05,c1,p19,l3,0.00
i01,e05,c1,p20,l1,0.00
i01,e05,c1,p20,l3,0.00
i01,e05,c1,p21,l1,0.00
i01,e05,c1,p21,l3,0.00
i01,e05,c1,p22,l1,0.00
i01,e05,c1,p22,l3,0.00
i01,e05,c1,p23,l1,0.00
i01,e05,c1,p23,l3,0.00
i01,e05,c1,p24,l3,0.00
i01,e05,c1,p25,l3,0.00
i01,e05,c1,p26,l3,0.00
i01,e05,c1,p28,l1,0.00
i01,e05,c1,p28,l3,0.00
i01,e05,c1,p29,l1,0.00
i01,e05,c1,p29,l3,0.00
i01,e05,c1,p31,l1,0.00
i01,e05,c1,p31,l3,0.00
i01,e05,c1,p32,l1,0.00
i01,e05,c1,p32,l3,0.00
i01,e05,c1,p33,l3,0.00
i01,e05,c1,p35,l1,0.00
i01,e05,c1,p35,l3,0.00
i01,e05,c4,p01,l3,0.00
i01,e05,c4,p07,l1,0.00
i01,e05,c4,p12,l3,0.00
i01,e05,c4,p35,l3,0.00
i01,e06,c1,p01,l3,0.00
i01,e06,c1,p02,l3,0.00
i01,e06,c1,p03,l3,0.00
i01,e06,c1,p04,l3,0.00
i01,e06,c1,p05,l3,0.00
i01,e06,c1,p07,l3,0.00
i01,e06,c1,p08,l3,0.00
i01,e06,c1,p09,l3,0.00
i01,e06,c1,p10,l3,0.00
i01,e06,c1,p11,l3,0.00
i01,e06,c1,p12,l3,0.00
i01,e06,c1,p13,l3,0.00
i01,e06,c1,p14,l3,0.00
i01,e06,c1,p15,l3,0.00
i01,e06,c1,p16,l3,0.00
i01,e06,c1,p17,l3,0.00
i01,e06,c1,p18,l3,0.00
i01,e06,c1,p19,l3,0.00
i01,e06,c1,p21,l3,0.00
i01,e06,c1,p22,l3,0.00
i01,e06,c1,p23,l3,0.00
i01,e06,c1,p24,l3,0.00
i01,e06,c1,p25,l3,0.00
i01,e06,c1,p29,l3,0.00
i01,e06,c1,p31,l3,0.00
i01,e06,c1,p32,l3,0.00
i01,e06,c1,p35,l3,0.00
i01,e06,c4,p35,l3,0.00
i01,e07,c1,p01,l2,0.00
i01,e07,c1,p01,l3,0.00
i01,e07,c1,p02,l2,0.00
i01,e07,c1,p02,l3,0.00
i01,e07,c1,p03,l2,0.00
i01,e07,c1,p03,l3,0.00
i01,e07,c1,p04,l2,0.00
i01,e07,c1,p04,l3,0.00
i01,e07,c1,p05,l2,0.00
i01,e07,c1,p05,l3,0.00
i01,e07,c1,p06,l2,0.00
i01,e07,c1,p06,l3,0.00
i01,e07,c1,p07,l2,0.00
i01,e07,c1,p07,l3,0.00
i01,e07,c1,p08,l2,0.00
i01,e07,c1,p08,l3,0.00
i01,e07,c1,p09,l2,0.00
i01,e07,c1,p09,l3,0.00
i01,e07,c1,p10,l2,0.00
i01,e07,c1,p10,l3,0.00
i01,e07,c1,p11,l2,0.00
i01,e07,c1,p11,l3,0.00
i01,e07,c1,p12,l2,0.00
i01,e07,c1,p12,l3,0.00
i01,e07,c1,p13,l2,0.00
i01,e07,c1,p13,l3,0.00
i01,e07,c1,p14,l2,0.00
i01,e07,c1,p14,l3,0.00
i01,e07,c1,p15,l2,0.00
i01,e07,c1,p15,l3,0.00
i01,e07,c1,p16,l2,0.00
i01,e07,c1,p16,l3,0.00
i01,e07,c1,p17,l2,0.00
i01,e07,c1,p17,l3,0.00
i01,e07,c1,p18,l2,0.00
i01,e07,c1,p18,l3,0.00
i01,e07,c1,p19,l2,0.00
i01,e07,c1,p19,l3,0.00
i01,e07,c1,p20,l2,0.00
i01,e07,c1,p20,l3,0.00
i01,e07,c1,p21,l2,0.00
i01,e07,c1,p21,l3,0.00
i01,e07,c1,p22,l2,0.00
i01,e07,c1,p22,l3,0.00
i01,e07,c1,p23,l2,0.00
i01,e07,c1,p23,l3,0.00
i01,e07,c1,p24,l2,0.00
i01,e07,c1,p24,l3,0.00
i01,e07,c1,p25,l3,0.00
i01,e07,c1,p26,l2,0.00
i01,e07,c1,p26,l3,0.00
i01,e07,c1,p28,l2,0.00
i01,e07,c1,p28,l3,0.00
i01,e07,c1,p29,l2,0.00
i01,e07,c1,p29,l3,0.00
i01,e07,c1,p31,l2,0.00
i01,e07,c1,p32,l3,0.00
i01,e07,c1,p35,l2,0.00
i01,e07,c1,p35,l3,0.00
i01,e07,c4,p04,l2,0.00
i01,e07,c4,p16,l2,0.00
i01,e07,c4,p35,l2,0.00
i01,e07,c4,p35,l3,0.00
i01,e08,c1,p01,l2,0.00
i01,e08,c1,p01,l3,9.36
i01,e08,c1,p02,l2,0.00
i01,e08,c1,p02,l3,0.00
i01,e08,c1,p03,l2,0.00
i01,e08,c1,p03,l3,6.09
i01,e08,c1,p04,l2,0.00
i01,e08,c1,p04,l3,4.25
i01,e08,c1,p05,l2,0.00
i01,e08,c1,p05,l3,0.00
i01,e08,c1,p06,l2,0.00
i01,e08,c1,p06,l3,0.00
i01,e08,c1,p07,l2,0.00
i01,e08,c1,p07,l3,7.55
i01,e08,c1,p08,l2,0.00
i01,e08,c1,p08,l3,0.00
i01,e08,c1,p09,l2,0.00
i01,e08,c1,p09,l3,2.39
i01,e08,c1,p10,l2,0.00
i01,e08,c1,p10,l3,23.33
i01,e08,c1,p11,l2,0.00
i01,e08,c1,p11,l3,0.00
i01,e08,c1,p12,l2,0.00
i01,e08,c1,p12,l3,17.32
i01,e08,c1,p13,l2,0.00
i01,e08,c1,p13,l3,2.66
i01,e08,c1,p14,l2,0.00
i01,e08,c1,p14,l3,3.24
i01,e08,c1,p15,l2,0.00
i01,e08,c1,p15,l3,4.55
i01,e08,c1,p16,l2,0.00
i01,e08,c1,p16,l3,0.00
i01,e08,c1,p17,l2,0.00
i01,e08,c1,p17,l3,3.17
i01,e08,c1,p18,l2,0.00
i01,e08,c1,p18,l3,15.26
i01,e08,c1,p19,l2,0.00
i01,e08,c1,p19,l3,4.14
i01,e08,c1,p20,l2,0.00
i01,e08,c1,p20,l3,1.65
i01,e08,c1,p21,l2,0.00
i01,e08,c1,p21,l3,23.25
i01,e08,c1,p22,l2,0.00
i01,e08,c1,p22,l3,0.00
i01,e08,c1,p23,l2,0.00
i01,e08,c1,p23,l3,0.00
i01,e08,c1,p24,l2,0.00
i01,e08,c1,p24,l3,12.64
i01,e08,c1,p25,l2,0.00
i01,e08,c1,p25,l3,2.70
i01,e08,c1,p26,l2,0.00
i01,e08,c1,p26,l3,0.00
i01,e08,c1,p27,l3,0.00
i01,e08,c1,p28,l2,0.00
i01,e08,c1,p28,l3,5.24
i01,e08,c1,p29,l2,0.00
i01,e08,c1,p29,l3,0.00
i01,e08,c1,p30,l2,0.00
i01,e08,c1,p30,l3,0.00
i01,e08,c1,p31,l2,0.00
i01,e08,c1,p31,l3,0.00
i01,e08,c1,p32,l2,0.00
i01,e08,c1,p32,l3,0.00
i01,e08,c1,p33,l2,0.00
i01,e08,c1,p33,l3,0.00
i01,e08,c1,p34,l3,0.00
i01,e08,c1,p35,l2,0.00
i01,e08,c1,p35,l3,86.13
i01,e08,c4,p01,l2,0.00
i01,e08,c4,p01,l3,0.00
i01,e08,c4,p02,l2,0.00
i01,e08,c4,p03,l3,0.00
i01,e08,c4,p04,l2,0.00
i01,e08,c4,p04,l3,0.00
i01,e08,c4,p06,l3,0.00
i01,e08,c4,p07,l3,0.00
i01,e08,c4,p08,l2,0.00
i01,e08,c4,p08,l3,0.00
i01,e08,c4,p09,l3,0.00
i01,e08,c4,p10,l2,0.00
i01,e08,c4,p10,l3,0.00
i01,e08,c4,p11,l2,0.00
i01,e08,c4,p11,l3,0.00
i01,e08,c4,p12,l3,0.00
i01,e08,c4,p13,l2,0.00
i01,e08,c4,p13,l3,0.00
i01,e08,c4,p15,l2,0.00
i01,e08,c4,p15,l3,0.00
i01,e08,c4,p16,l2,0.00
i01,e08,c4,p16,l3,0.00
i01,e08,c4,p17,l3,0.00
i01,e08,c4,p18,l3,0.00
i01,e08,c4,p19,l2,0.00
i01,e08,c4,p19,l3,0.00
i01,e08,c4,p21,l2,0.00
i01,e08,c4,p21,l3,0.00
i01,e08,c4,p22,l2,0.00
i01,e08,c4,p22,l3,0.00
i01,e08,c4,p23,l3,0.00
i01,e08,c4,p35,l2,0.00
i01,e08,c4,p35,l3,0.00
i01,e08,c7,p35,l2,0.00
i01,e08,c7,p35,l3,0.00
i01,e08,c8,p04,l3,0.00
i01,e09,c1,p01,l2,0.00
i01,e09,c1,p01,l3,1.09
i01,e09,c1,p02,l2,0.00
i01,e09,c1,p02,l3,0.00
i01,e09,c1,p03,l2,0.00
i01,e09,c1,p03,l3,0.00
i01,e09,c1,p04,l2,0.00
i01,e09,c1,p04,l3,0.00
i01,e09,c1,p05,l2,0.00
i01,e09,c1,p05,l3,0.00
i01,e09,c1,p06,l2,0.00
i01,e09,c1,p06,l3,0.00
i01,e09,c1,p07,l2,0.00
i01,e09,c1,p07,l3,0.00
i01,e09,c1,p08,l2,0.00
i01,e09,c1,p08,l3,0.00
i01,e09,c1,p09,l2,0.00
i01,e09,c1,p09,l3,0.00
i01,e09,c1,p10,l2,0.00
i01,e09,c1,p10,l3,8.20
i01,e09,c1,p11,l2,0.00
i01,e09,c1,p11,l3,0.00
i01,e09,c1,p12,l2,0.00
i01,e09,c1,p12,l3,0.00
i01,e09,c1,p13,l2,0.00
i01,e09,c1,p13,l3,0.00
i01,e09,c1,p14,l2,0.00
i01,e09,c1,p14,l3,0.00
i01,e09,c1,p15,l2,0.00
i01,e09,c1,p15,l3,0.00
i01,e09,c1,p16,l2,0.00
i01,e09,c1,p16,l3,0.00
i01,e09,c1,p17,l2,0.00
i01,e09,c1,p17,l3,0.00
i01,e09,c1,p18,l2,0.00
i01,e09,c1,p18,l3,0.00
i01,e09,c1,p19,l2,0.00
i01,e09,c1,p19,l3,1.57
i01,e09,c1,p20,l2,0.00
i01,e09,c1,p20,l3,1.13
i01,e09,c1,p21,l2,0.00
i01,e09,c1,p21,l3,3.30
i01,e09,c1,p22,l2,0.00
i01,e09,c1,p22,l3,1.61
i01,e09,c1,p23,l2,0.00
i01,e09,c1,p23,l3,0.00
i01,e09,c1,p24,l2,0.00
i01,e09,c1,p24,l3,0.00
i01,e09,c1,p25,l2,0.00
i01,e09,c1,p25,l3,0.00
i01,e09,c1,p26,l2,0.00
i01,e09,c1,p26,l3,1.78
i01,e09,c1,p27,l3,0.00
i01,e09,c1,p28,l2,0.00
i01,e09,c1,p28,l3,0.00
i01,e09,c1,p29,l2,0.00
i01,e09,c1,p29,l3,1.34
i01,e09,c1,p30,l2,0.00
i01,e09,c1,p30,l3,0.00
i01,e09,c1,p31,l2,0.00
i01,e09,c1,p31,l3,0.00
i01,e09,c1,p32,l2,0.00
i01,e09,c1,p32,l3,0.00
i01,e09,c1,p33,l2,0.00
i01,e09,c1,p33,l3,0.00
i01,e09,c1,p34,l3,0.00
i01,e09,c1,p35,l2,0.00
i01,e09,c1,p35,l3,36.23
i01,e09,c4,p01,l2,0.00
i01,e09,c4,p01,l3,0.00
i01,e09,c4,p03,l3,0.00
i01,e09,c4,p04,l2,0.00
i01,e09,c4,p04,l3,0.00
i01,e09,c4,p06,l3,0.00
i01,e09,c4,p07,l2,0.00
i01,e09,c4,p07,l3,0.00
i01,e09,c4,p08,l3,0.00
i01,e09,c4,p09,l3,0.00
i01,e09,c4,p10,l2,0.00
i01,e09,c4,p10,l3,0.00
i01,e09,c4,p11,l2,0.00
i01,e09,c4,p11,l3,0.00
i01,e09,c4,p13,l3,0.00
i01,e09,c4,p15,l3,0.00
i01,e09,c4,p16,l2,0.00
i01,e09,c4,p16,l3,0.00
i01,e09,c4,p17,l3,0.00
i01,e09,c4,p19,l2,0.00
i01,e09,c4,p19,l3,0.00
i01,e09,c4,p21,l3,0.00
i01,e09,c4,p22,l2,0.00
i01,e09,c4,p22,l3,0.00
i01,e09,c4,p23,l3,0.00
i01,e09,c4,p35,l2,0.00
i01,e09,c4,p35,l3,0.00
i01,e09,c7,p35,l3,0.00
i01,e10,c1,p01,l3,0.00
i01,e10,c1,p02,l3,0.00
i01,e10,c1,p03,l3,0.00
i01,e10,c1,p04,l3,0.00
i01,e10,c1,p05,l3,0.00
i01,e10,c1,p06,l3,0.00
i01,e10,c1,p07,l3,0.00
i01,e10,c1,p08,l3,0.00
i01,e10,c1,p09,l3,0.00
i01,e10,c1,p10,l3,0.00
i01,e10,c1,p11,l3,0.00
i01,e10,c1,p12,l3,0.00
i01,e10,c1,p13,l3,0.00
i01,e10,c1,p14,l3,0.00
i01,e10,c1,p15,l3,0.00
i01,e10,c1,p16,l3,0.00
i01,e10,c1,p17,l3,0.00
i01,e10,c1,p18,l3,0.00
i01,e10,c1,p19,l3,0.00
i01,e10,c1,p20,l3,0.00
i01,e10,c1,p21,l3,0.00
i01,e10,c1,p22,l3,0.00
i01,e10,c1,p23,l3,0.00
i01,e10,c1,p24,l3,0.00
i01,e10,c1,p25,l3,0.00
i01,e10,c1,p28,l3,0.00
i01,e10,c1,p29,l3,0.00
i01,e10,c1,p31,l3,0.00
i01,e10,c1,p32,l3,0.00
i01,e10,c1,p35,l3,0.00
i01,e10,c4,p32,l3,0.00
i01,e10,c4,p35,l3,0.00
i01,e11,c1,p01,l2,0.00
i01,e11,c1,p01,l3,0.00
i01,e11,c1,p02,l2,0.00
i01,e11,c1,p02,l3,0.00
i01,e11,c1,p03,l2,0.00
i01,e11,c1,p03,l3,1.28
i01,e11,c1,p04,l2,0.00
i01,e11,c1,p04,l3,0.00
i01,e11,c1,p05,l2,0.00
i01,e11,c1,p05,l3,0.00
i01,e11,c1,p06,l2,0.00
i01,e11,c1,p06,l3,0.00
i01,e11,c1,p07,l2,0.00
i01,e11,c1,p07,l3,0.00
i01,e11,c1,p08,l2,0.00
i01,e11,c1,p08,l3,0.00
i01,e11,c1,p09,l2,0.00
i01,e11,c1,p09,l3,0.00
i01,e11,c1,p10,l2,0.00
i01,e11,c1,p10,l3,3.03
i01,e11,c1,p11,l2,0.00
i01,e11,c1,p11,l3,0.00
i01,e11,c1,p12,l2,0.00
i01,e11,c1,p12,l3,0.00
i01,e11,c1,p13,l2,0.00
i01,e11,c1,p13,l3,0.00
i01,e11,c1,p14,l2,0.00
i01,e11,c1,p14,l3,0.00
i01,e11,c1,p15,l2,0.00
i01,e11,c1,p15,l3,2.40
i01,e11,c1,p16,l2,0.00
i01,e11,c1,p16,l3,0.00
i01,e11,c1,p17,l2,0.00
i01,e11,c1,p17,l3,0.00
i01,e11,c1,p18,l2,0.00
i01,e11,c1,p18,l3,0.00
i01,e11,c1,p19,l2,0.00
i01,e11,c1,p19,l3,0.00
i01,e11,c1,p20,l2,0.00
i01,e11,c1,p20,l3,0.00
i01,e11,c1,p21,l2,0.00
i01,e11,c1,p21,l3,2.46
i01,e11,c1,p22,l2,0.00
i01,e11,c1,p22,l3,0.00
i01,e11,c1,p23,l2,0.00
i01,e11,c1,p23,l3,0.00
i01,e11,c1,p24,l2,0.00
i01,e11,c1,p24,l3,0.00
i01,e11,c1,p25,l2,0.00
i01,e11,c1,p25,l3,0.00
i01,e11,c1,p26,l3,0.00
i01,e11,c1,p28,l2,0.00
i01,e11,c1,p28,l3,0.00
i01,e11,c1,p29,l2,0.00
i01,e11,c1,p29,l3,0.00
i01,e11,c1,p30,l3,0.00
i01,e11,c1,p31,l2,0.00
i01,e11,c1,p31,l3,0.00
i01,e11,c1,p32,l2,0.00
i01,e11,c1,p32,l3,0.00
i01,e11,c1,p33,l3,0.00
i01,e11,c1,p35,l2,0.00
i01,e11,c1,p35,l3,2.10
i01,e11,c4,p01,l3,0.00
i01,e11,c4,p02,l3,0.00
i01,e11,c4,p03,l2,0.00
i01,e11,c4,p03,l3,0.00
i01,e11,c4,p04,l3,0.00
i01,e11,c4,p07,l3,0.00
i01,e11,c4,p08,l2,0.00
i01,e11,c4,p08,l3,0.00
i01,e11,c4,p09,l3,0.00
i01,e11,c4,p10,l2,0.00
i01,e11,c4,p10,l3,0.00
i01,e11,c4,p11,l3,0.00
i01,e11,c4,p12,l3,0.00
i01,e11,c4,p13,l3,0.00
i01,e11,c4,p15,l3,0.00
i01,e11,c4,p16,l3,0.00
i01,e11,c4,p18,l3,0.00
i01,e11,c4,p19,l3,0.00
i01,e11,c4,p21,l3,0.00
i01,e11,c4,p22,l3,0.00
i01,e11,c4,p23,l3,0.00
i01,e11,c4,p26,l3,0.00
i01,e11,c4,p32,l3,0.00
i01,e11,c4,p35,l2,0.00
i01,e11,c4,p35,l3,0.00
i01,e11,c7,p35,l3,0.00
i01,e12,c1,p01,l3,0.00
i01,e12,c1,p02,l3,0.00
i01,e12,c1,p03,l3,0.00
i01,e12,c1,p04,l3,0.00
i01,e12,c1,p05,l3,0.00
i01,e12,c1,p06,l3,0.00
i01,e12,c1,p07,l3,0.00
i01,e12,c1,p08,l3,0.00
i01,e12,c1,p09,l3,0.00
i01,e12,c1,p10,l3,0.00
i01,e12,c1,p11,l3,0.00
i01,e12,c1,p12,l3,0.00
i01,e12,c1,p13,l3,0.00
i01,e12,c1,p14,l3,0.00
i01,e12,c1,p15,l3,0.00
i01,e12,c1,p16,l3,0.00
i01,e12,c1,p17,l3,0.00
i01,e12,c1,p18,l3,0.00
i01,e12,c1,p19,l3,0.00
i01,e12,c1,p20,l3,0.00
i01,e12,c1,p21,l3,0.00
i01,e12,c1,p22,l3,0.00
i01,e12,c1,p23,l3,0.00
i01,e12,c1,p24,l3,0.00
i01,e12,c1,p25,l3,0.00
i01,e12,c1,p26,l3,0.00
i01,e12,c1,p28,l3,0.00
i01,e12,c1,p29,l3,0.00
i01,e12,c1,p30,l3,0.00
i01,e12,c1,p31,l3,0.00
i01,e12,c1,p32,l3,0.00
i01,e12,c1,p33,l3,0.00
i01,e12,c1,p34,l3,0.00
i01,e12,c1,p35,l3,0.00
i01,e12,c4,p01,l3,0.00
i01,e12,c4,p02,l3,0.00
i01,e12,c4,p04,l3,0.00
i01,e12,c4,p05,l3,0.00
i01,e12,c4,p11,l3,0.00
i01,e12,c4,p13,l3,0.00
i01,e12,c4,p16,l3,0.00
i01,e12,c4,p19,l3,0.00
i01,e12,c4,p23,l3,0.00
i01,e12,c4,p35,l3,0.00
i02,e01,c1,p01,l3,61.23
i02,e01,c1,p02,l3,0.00
i02,e01,c1,p03,l3,58.05
i02,e01,c1,p04,l3,36.04
i02,e01,c1,p05,l3,116.43
i02,e01,c1,p06,l3,5.73
i02,e01,c1,p07,l3,22.23
i02,e01,c1,p08,l3,3.00
i02,e01,c1,p09,l3,7.40
i02,e01,c1,p10,l3,112.01
i02,e01,c1,p11,l3,124.17
i02,e01,c1,p12,l3,54.77
i02,e01,c1,p13,l3,57.13
i02,e01,c1,p14,l3,46.04
i02,e01,c1,p15,l3,63.26
i02,e01,c1,p16,l3,41.89
i02,e01,c1,p17,l3,50.37
i02,e01,c1,p18,l3,17.29
i02,e01,c1,p19,l3,316.03
i02,e01,c1,p20,l3,11.19
i02,e01,c1,p21,l3,88.83
i02,e01,c1,p22,l3,17.01
i02,e01,c1,p23,l3,10.31
i02,e01,c1,p24,l3,20.50
i02,e01,c1,p25,l3,4.63
i02,e01,c1,p26,l3,0.00
i02,e01,c1,p28,l3,12.07
i02,e01,c1,p29,l3,64.32
i02,e01,c1,p30,l3,0.00
i02,e01,c1,p31,l3,0.00
i02,e01,c1,p32,l3,1.05
i02,e01,c1,p33,l3,0.00
i02,e01,c1,p34,l3,0.00
i02,e01,c1,p35,l3,31.17
i02,e01,c4,p02,l3,0.00
i02,e01,c4,p03,l3,0.00
i02,e01,c4,p04,l3,0.00
i02,e01,c4,p05,l3,0.00
i02,e01,c4,p07,l3,1.17
i02,e01,c4,p08,l3,0.00
i02,e01,c4,p09,l3,0.00
i02,e01,c4,p10,l3,0.00
i02,e01,c4,p11,l3,0.00
i02,e01,c4,p12,l3,0.00
i02,e01,c4,p13,l3,0.00
i02,e01,c4,p14,l3,0.00
i02,e01,c4,p15,l3,0.00
i02,e01,c4,p16,l3,0.00
i02,e01,c4,p17,l3,0.00
i02,e01,c4,p18,l3,0.00
i02,e01,c4,p19,l3,0.00
i02,e01,c4,p20,l3,0.00
i02,e01,c4,p22,l3,0.00
i02,e01,c4,p23,l3,0.00
i02,e01,c4,p24,l3,0.00
i02,e01,c4,p25,l3,0.00
i02,e01,c4,p28,l3,0.00
i02,e01,c4,p29,l3,0.00
i02,e01,c4,p32,l3,0.00
i02,e01,c4,p35,l3,0.00
i02,e01,c7,p12,l3,0.00
i02,e01,c7,p35,l3,0.00
i02,e04,c1,p01,l1,0.00
i02,e04,c1,p01,l3,63.79
i02,e04,c1,p02,l1,0.00
i02,e04,c1,p02,l3,2.30
i02,e04,c1,p03,l1,0.00
i02,e04,c1,p03,l3,73.32
i02,e04,c1,p04,l1,0.00
i02,e04,c1,p04,l3,79.23
i02,e04,c1,p05,l1,0.00
i02,e04,c1,p05,l3,46.43
i02,e04,c1,p06,l1,0.00
i02,e04,c1,p06,l3,5.11
i02,e04,c1,p07,l1,0.00
i02,e04,c1,p07,l3,19.14
i02,e04,c1,p08,l1,0.00
i02,e04,c1,p08,l3,8.74
i02,e04,c1,p09,l1,0.00
i02,e04,c1,p09,l3,9.52
i02,e04,c1,p10,l1,0.00
i02,e04,c1,p10,l3,142.37
i02,e04,c1,p11,l1,0.00
i02,e04,c1,p11,l3,163.89
i02,e04,c1,p12,l1,0.00
i02,e04,c1,p12,l3,58.34
i02,e04,c1,p13,l1,0.00
i02,e04,c1,p13,l3,53.52
i02,e04,c1,p14,l1,0.00
i02,e04,c1,p14,l3,44.38
i02,e04,c1,p15,l1,0.00
i02,e04,c1,p15,l3,44.20
i02,e04,c1,p16,l1,0.00
i02,e04,c1,p16,l3,59.43
i02,e04,c1,p17,l1,0.00
i02,e04,c1,p17,l3,40.50
i02,e04,c1,p18,l1,0.00
i02,e04,c1,p18,l3,14.74
i02,e04,c1,p19,l1,0.00
i02,e04,c1,p19,l3,422.23
i02,e04,c1,p20,l1,0.00
i02,e04,c1,p20,l3,29.37
i02,e04,c1,p21,l1,0.00
i02,e04,c1,p21,l3,92.11
i02,e04,c1,p22,l1,0.00
i02,e04,c1,p22,l3,20.77
i02,e04,c1,p23,l1,0.00
i02,e04,c1,p23,l3,27.32
i02,e04,c1,p24,l1,0.00
i02,e04,c1,p24,l3,35.09
i02,e04,c1,p25,l1,0.00
i02,e04,c1,p25,l3,8.29
i02,e04,c1,p26,l1,0.00
i02,e04,c1,p26,l3,0.00
i02,e04,c1,p28,l1,0.00
i02,e04,c1,p28,l3,0.00
i02,e04,c1,p29,l1,0.00
i02,e04,c1,p29,l3,69.29
i02,e04,c1,p30,l1,0.00
i02,e04,c1,p30,l3,0.00
i02,e04,c1,p31,l1,0.00
i02,e04,c1,p31,l3,0.00
i02,e04,c1,p32,l1,0.00
i02,e04,c1,p32,l3,6.38
i02,e04,c1,p33,l3,0.00
i02,e04,c1,p34,l3,0.00
i02,e04,c1,p35,l1,0.00
i02,e04,c1,p35,l3,23.86
i02,e04,c4,p02,l3,0.00
i02,e04,c4,p03,l1,0.00
i02,e04,c4,p03,l3,0.00
i02,e04,c4,p04,l1,0.00
i02,e04,c4,p04,l3,0.00
i02,e04,c4,p05,l3,0.00
i02,e04,c4,p07,l1,0.00
i02,e04,c4,p07,l3,3.82
i02,e04,c4,p08,l3,0.00
i02,e04,c4,p09,l1,0.00
i02,e04,c4,p09,l3,0.00
i02,e04,c4,p10,l1,0.00
i02,e04,c4,p10,l3,0.00
i02,e04,c4,p11,l1,0.00
i02,e04,c4,p11,l3,0.00
i02,e04,c4,p13,l3,0.00
i02,e04,c4,p14,l1,0.00
i02,e04,c4,p14,l3,0.00
i02,e04,c4,p15,l1,0.00
i02,e04,c4,p15,l3,0.00
i02,e04,c4,p16,l3,0.00
i02,e04,c4,p17,l1,0.00
i02,e04,c4,p17,l3,0.00
i02,e04,c4,p18,l1,0.00
i02,e04,c4,p18,l3,0.00
i02,e04,c4,p19,l1,0.00
i02,e04,c4,p19,l3,0.00
i02,e04,c4,p20,l3,0.00
i02,e04,c4,p22,l3,0.00
i02,e04,c4,p23,l1,0.00
i02,e04,c4,p23,l3,0.00
i02,e04,c4,p24,l3,0.00
i02,e04,c4,p25,l1,0.00
i02,e04,c4,p25,l3,0.00
i02,e04,c4,p28,l1,0.00
i02,e04,c4,p28,l3,0.00
i02,e04,c4,p29,l1,0.00
i02,e04,c4,p29,l3,0.00
i02,e04,c4,p32,l3,0.00
i02,e04,c4,p35,l1,0.00
i02,e04,c4,p35,l3,0.00
i02,e04,c7,p12,l1,0.00
i02,e04,c7,p12,l3,0.00
i02,e04,c7,p35,l3,0.00
i02,e05,c1,p01,l1,0.00
i02,e05,c1,p01,l3,0.00
i02,e05,c1,p02,l1,0.00
i02,e05,c1,p02,l3,0.00
i02,e05,c1,p03,l1,0.00
i02,e05,c1,p03,l3,0.00
i02,e05,c1,p04,l1,0.00
i02,e05,c1,p04,l3,0.00
i02,e05,c1,p05,l1,0.00
i02,e05,c1,p05,l3,0.00
i02,e05,c1,p06,l1,0.00
i02,e05,c1,p06,l3,0.00
i02,e05,c1,p07,l1,0.00
i02,e05,c1,p07,l3,0.00
i02,e05,c1,p08,l1,0.00
i02,e05,c1,p08,l3,0.00
i02,e05,c1,p09,l1,0.00
i02,e05,c1,p09,l3,0.00
i02,e05,c1,p10,l1,0.00
i02,e05,c1,p10,l3,0.00
i02,e05,c1,p11,l1,0.00
i02,e05,c1,p11,l3,0.00
i02,e05,c1,p12,l1,0.00
i02,e05,c1,p12,l3,0.00
i02,e05,c1,p13,l1,0.00
i02,e05,c1,p13,l3,0.00
i02,e05,c1,p14,l1,0.00
i02,e05,c1,p14,l3,0.00
i02,e05,c1,p15,l1,0.00
i02,e05,c1,p15,l3,0.00
i02,e05,c1,p16,l1,0.00
i02,e05,c1,p16,l3,0.00
i02,e05,c1,p17,l1,0.00
i02,e05,c1,p17,l3,0.00
i02,e05,c1,p18,l1,0.00
i02,e05,c1,p18,l3,0.00
i02,e05,c1,p19,l1,0.00
i02,e05,c1,p19,l3,0.00
i02,e05,c1,p20,l1,0.00
i02,e05,c1,p20,l3,0.00
i02,e05,c1,p21,l1,0.00
i02,e05,c1,p21,l3,0.00
i02,e05,c1,p22,l1,0.00
i02,e05,c1,p22,l3,0.00
i02,e05,c1,p23,l1,0.00
i02,e05,c1,p23,l3,0.00
i02,e05,c1,p24,l1,0.00
i02,e05,c1,p24,l3,0.00
i02,e05,c1,p25,l1,0.00
i02,e05,c1,p25,l3,0.00
i02,e05,c1,p26,l3,0.00
i02,e05,c1,p28,l1,0.00
i02,e05,c1,p28,l3,0.00
i02,e05,c1,p29,l1,0.00
i02,e05,c1,p29,l3,0.00
i02,e05,c1,p31,l3,0.00
i02,e05,c1,p32,l1,0.00
i02,e05,c1,p32,l3,0.00
i02,e05,c1,p35,l1,0.00
i02,e05,c1,p35,l3,0.00
i02,e05,c4,p07,l1,0.00
i02,e05,c4,p07,l3,0.00
i02,e05,c4,p09,l1,0.00
i02,e05,c4,p09,l3,0.00
i02,e05,c4,p15,l3,0.00
i02,e05,c4,p18,l3,0.00
i02,e05,c4,p19,l3,0.00
i02,e05,c4,p25,l3,0.00
i02,e05,c4,p28,l3,0.00
i02,e05,c4,p35,l3,0.00
i02,e06,c1,p01,l3,0.00
i02,e06,c1,p02,l3,0.00
i02,e06,c1,p03,l3,0.00
i02,e06,c1,p04,l3,0.00
i02,e06,c1,p05,l3,0.00
i02,e06,c1,p06,l3,0.00
i02,e06,c1,p07,l3,0.00
i02,e06,c1,p08,l3,0.00
i02,e06,c1,p09,l3,0.00
i02,e06,c1,p10,l3,0.00
i02,e06,c1,p11,l3,0.00
i02,e06,c1,p12,l3,0.00
i02,e06,c1,p13,l3,0.00
i02,e06,c1,p14,l3,0.00
i02,e06,c1,p15,l3,0.00
i02,e06,c1,p16,l3,0.00
i02,e06,c1,p17,l3,0.00
i02,e06,c1,p18,l3,0.00
i02,e06,c1,p19,l3,0.00
i02,e06,c1,p20,l3,0.00
i02,e06,c1,p21,l3,0.00
i02,e06,c1,p22,l3,0.00
i02,e06,c1,p23,l3,0.00
i02,e06,c1,p24,l3,0.00
i02,e06,c1,p25,l3,0.00
i02,e06,c1,p26,l3,0.00
i02,e06,c1,p28,l3,0.00
i02,e06,c1,p29,l3,0.00
i02,e06,c1,p31,l3,0.00
i02,e06,c1,p32,l3,0.00
i02,e06,c1,p35,l3,0.00
i02,e06,c4,p19,l3,0.00
i02,e07,c1,p01,l2,0.00
i02,e07,c1,p01,l3,0.00
i02,e07,c1,p02,l2,0.00
i02,e07,c1,p02,l3,0.00
i02,e07,c1,p03,l3,0.00
i02,e07,c1,p04,l2,0.00
i02,e07,c1,p04,l3,0.00
i02,e07,c1,p05,l3,0.00
i02,e07,c1,p06,l3,0.00
i02,e07,c1,p07,l3,0.00
i02,e07,c1,p08,l2,0.00
i02,e07,c1,p08,l3,0.00
i02,e07,c1,p09,l2,0.00
i02,e07,c1,p09,l3,0.00
i02,e07,c1,p10,l2,0.00
i02,e07,c1,p10,l3,0.00
i02,e07,c1,p11,l2,0.00
i02,e07,c1,p11,l3,0.00
i02,e07,c1,p12,l3,0.00
i02,e07,c1,p13,l2,0.00
i02,e07,c1,p13,l3,0.00
i02,e07,c1,p14,l2,0.00
i02,e07,c1,p14,l3,0.00
i02,e07,c1,p15,l2,0.00
i02,e07,c1,p15,l3,0.00
i02,e07,c1,p16,l2,0.00
i02,e07,c1,p16,l3,0.00
i02,e07,c1,p17,l2,0.00
i02,e07,c1,p17,l3,0.00
i02,e07,c1,p18,l2,0.00
i02,e07,c1,p18,l3,0.00
i02,e07,c1,p19,l2,0.00
i02,e07,c1,p19,l3,0.00
i02,e07,c1,p20,l3,0.00
i02,e07,c1,p21,l3,0.00
i02,e07,c1,p22,l2,0.00
i02,e07,c1,p22,l3,0.00
i02,e07,c1,p23,l2,0.00
i02,e07,c1,p23,l3,0.00
i02,e07,c1,p24,l3,0.00
i02,e07,c1,p25,l3,0.00
i02,e07,c1,p28,l3,0.00
i02,e07,c1,p29,l2,0.00
i02,e07,c1,p29,l3,0.00
i02,e07,c1,p35,l2,0.00
i02,e07,c1,p35,l3,0.00
i02,e07,c4,p15,l3,0.00
i02,e07,c4,p35,l3,0.00
i02,e08,c1,p01,l2,0.00
i02,e08,c1,p01,l3,296.03
i02,e08,c1,p02,l2,0.00
i02,e08,c1,p02,l3,116.59
i02,e08,c1,p03,l2,0.00
i02,e08,c1,p03,l3,72.35
i02,e08,c1,p04,l2,0.00
i02,e08,c1,p04,l3,255.08
i02,e08,c1,p05,l2,0.00
i02,e08,c1,p05,l3,86.13
i02,e08,c1,p06,l2,0.00
i02,e08,c1,p06,l3,15.46
i02,e08,c1,p07,l2,0.00
i02,e08,c1,p07,l3,43.24
i02,e08,c1,p08,l2,0.00
i02,e08,c1,p08,l3,64.06
i02,e08,c1,p09,l2,0.00
i02,e08,c1,p09,l3,41.61
i02,e08,c1,p10,l2,0.00
i02,e08,c1,p10,l3,399.24
i02,e08,c1,p11,l2,0.00
i02,e08,c1,p11,l3,664.44
i02,e08,c1,p12,l2,0.00
i02,e08,c1,p12,l3,334.57
i02,e08,c1,p13,l2,0.00
i02,e08,c1,p13,l3,283.55
i02,e08,c1,p14,l2,0.00
i02,e08,c1,p14,l3,516.49
i02,e08,c1,p15,l2,0.00
i02,e08,c1,p15,l3,392.45
i02,e08,c1,p16,l2,0.00
i02,e08,c1,p16,l3,53.32
i02,e08,c1,p17,l2,0.00
i02,e08,c1,p17,l3,50.45
i02,e08,c1,p18,l2,0.00
i02,e08,c1,p18,l3,166.30
i02,e08,c1,p19,l2,0.00
i02,e08,c1,p19,l3,1052.53
i02,e08,c1,p20,l2,0.00
i02,e08,c1,p20,l3,79.20
i02,e08,c1,p21,l2,0.00
i02,e08,c1,p21,l3,209.17
i02,e08,c1,p22,l2,0.00
i02,e08,c1,p22,l3,25.59
i02,e08,c1,p23,l2,0.00
i02,e08,c1,p23,l3,47.52
i02,e08,c1,p24,l2,0.00
i02,e08,c1,p24,l3,161.32
i02,e08,c1,p25,l2,0.00
i02,e08,c1,p25,l3,12.31
i02,e08,c1,p26,l2,0.00
i02,e08,c1,p26,l3,0.00
i02,e08,c1,p28,l2,0.00
i02,e08,c1,p28,l3,1.64
i02,e08,c1,p29,l2,0.00
i02,e08,c1,p29,l3,263.54
i02,e08,c1,p30,l2,0.00
i02,e08,c1,p30,l3,0.00
i02,e08,c1,p31,l2,0.00
i02,e08,c1,p31,l3,0.00
i02,e08,c1,p32,l2,0.00
i02,e08,c1,p32,l3,1.52
i02,e08,c1,p33,l3,0.00
i02,e08,c1,p34,l3,0.00
i02,e08,c1,p35,l2,0.00
i02,e08,c1,p35,l3,26.41
i02,e08,c4,p02,l3,0.00
i02,e08,c4,p03,l2,0.00
i02,e08,c4,p03,l3,0.00
i02,e08,c4,p04,l2,0.00
i02,e08,c4,p04,l3,0.00
i02,e08,c4,p05,l3,0.00
i02,e08,c4,p07,l2,0.00
i02,e08,c4,p07,l3,1.06
i02,e08,c4,p08,l3,0.00
i02,e08,c4,p09,l2,0.00
i02,e08,c4,p09,l3,0.00
i02,e08,c4,p10,l2,0.00
i02,e08,c4,p10,l3,0.00
i02,e08,c4,p11,l2,0.00
i02,e08,c4,p11,l3,0.00
i02,e08,c4,p13,l2,0.00
i02,e08,c4,p13,l3,0.00
i02,e08,c4,p14,l2,0.00
i02,e08,c4,p14,l3,0.00
i02,e08,c4,p15,l2,0.00
i02,e08,c4,p15,l3,0.00
i02,e08,c4,p16,l3,0.00
i02,e08,c4,p17,l2,0.00
i02,e08,c4,p17,l3,0.00
i02,e08,c4,p18,l2,0.00
i02,e08,c4,p18,l3,6.50
i02,e08,c4,p19,l2,0.00
i02,e08,c4,p19,l3,5.12
i02,e08,c4,p20,l3,0.00
i02,e08,c4,p22,l3,0.00
i02,e08,c4,p23,l2,0.00
i02,e08,c4,p23,l3,0.00
i02,e08,c4,p24,l3,0.00
i02,e08,c4,p25,l2,0.00
i02,e08,c4,p25,l3,0.00
i02,e08,c4,p28,l2,0.00
i02,e08,c4,p28,l3,0.00
i02,e08,c4,p29,l2,0.00
i02,e08,c4,p29,l3,0.00
i02,e08,c4,p32,l3,0.00
i02,e08,c4,p35,l2,0.00
i02,e08,c4,p35,l3,0.00
i02,e08,c7,p12,l2,0.00
i02,e08,c7,p12,l3,0.00
i02,e08,c7,p35,l2,0.00
i02,e08,c7,p35,l3,0.00
i02,e09,c1,p01,l2,0.00
i02,e09,c1,p01,l3,68.12
i02,e09,c1,p02,l2,0.00
i02,e09,c1,p02,l3,2.30
i02,e09,c1,p03,l2,0.00
i02,e09,c1,p03,l3,73.39
i02,e09,c1,p04,l2,0.00
i02,e09,c1,p04,l3,45.95
i02,e09,c1,p05,l2,0.00
i02,e09,c1,p05,l3,29.57
i02,e09,c1,p06,l2,0.00
i02,e09,c1,p06,l3,11.41
i02,e09,c1,p07,l2,0.00
i02,e09,c1,p07,l3,42.49
i02,e09,c1,p08,l2,0.00
i02,e09,c1,p08,l3,10.07
i02,e09,c1,p09,l2,0.00
i02,e09,c1,p09,l3,9.64
i02,e09,c1,p10,l2,0.00
i02,e09,c1,p10,l3,141.02
i02,e09,c1,p11,l2,0.00
i02,e09,c1,p11,l3,168.25
i02,e09,c1,p12,l2,0.00
i02,e09,c1,p12,l3,67.07
i02,e09,c1,p13,l2,0.00
i02,e09,c1,p13,l3,62.08
i02,e09,c1,p14,l2,0.00
i02,e09,c1,p14,l3,39.31
i02,e09,c1,p15,l2,0.00
i02,e09,c1,p15,l3,82.42
i02,e09,c1,p16,l2,0.00
i02,e09,c1,p16,l3,45.78
i02,e09,c1,p17,l2,0.00
i02,e09,c1,p17,l3,60.25
i02,e09,c1,p18,l2,0.00
i02,e09,c1,p18,l3,22.77
i02,e09,c1,p19,l2,0.00
i02,e09,c1,p19,l3,359.15
i02,e09,c1,p20,l2,0.00
i02,e09,c1,p20,l3,11.24
i02,e09,c1,p21,l2,0.00
i02,e09,c1,p21,l3,58.14
i02,e09,c1,p22,l2,0.00
i02,e09,c1,p22,l3,19.06
i02,e09,c1,p23,l2,0.00
i02,e09,c1,p23,l3,15.43
i02,e09,c1,p24,l2,0.00
i02,e09,c1,p24,l3,32.55
i02,e09,c1,p25,l2,0.00
i02,e09,c1,p25,l3,6.24
i02,e09,c1,p26,l2,0.00
i02,e09,c1,p26,l3,0.00
i02,e09,c1,p28,l2,0.00
i02,e09,c1,p28,l3,7.01
i02,e09,c1,p29,l2,0.00
i02,e09,c1,p29,l3,84.12
i02,e09,c1,p30,l2,0.00
i02,e09,c1,p30,l3,0.00
i02,e09,c1,p31,l2,0.00
i02,e09,c1,p31,l3,0.00
i02,e09,c1,p32,l2,0.00
i02,e09,c1,p32,l3,0.00
i02,e09,c1,p33,l3,0.00
i02,e09,c1,p34,l3,0.00
i02,e09,c1,p35,l2,0.00
i02,e09,c1,p35,l3,43.16
i02,e09,c4,p02,l3,0.00
i02,e09,c4,p03,l2,0.00
i02,e09,c4,p03,l3,0.00
i02,e09,c4,p04,l2,0.00
i02,e09,c4,p04,l3,0.00
i02,e09,c4,p05,l3,0.00
i02,e09,c4,p07,l2,0.00
i02,e09,c4,p07,l3,0.00
i02,e09,c4,p08,l2,0.00
i02,e09,c4,p08,l3,0.00
i02,e09,c4,p09,l2,0.00
i02,e09,c4,p09,l3,0.00
i02,e09,c4,p10,l2,0.00
i02,e09,c4,p10,l3,0.00
i02,e09,c4,p11,l2,0.00
i02,e09,c4,p11,l3,0.00
i02,e09,c4,p12,l3,0.00
i02,e09,c4,p13,l3,0.00
i02,e09,c4,p14,l2,0.00
i02,e09,c4,p14,l3,0.00
i02,e09,c4,p15,l2,0.00
i02,e09,c4,p15,l3,0.00
i02,e09,c4,p16,l3,0.00
i02,e09,c4,p17,l2,0.00
i02,e09,c4,p17,l3,0.00
i02,e09,c4,p18,l2,0.00
i02,e09,c4,p18,l3,0.00
i02,e09,c4,p19,l2,0.00
i02,e09,c4,p19,l3,0.00
i02,e09,c4,p20,l3,0.00
i02,e09,c4,p22,l3,0.00
i02,e09,c4,p23,l2,0.00
i02,e09,c4,p23,l3,0.00
i02,e09,c4,p24,l3,0.00
i02,e09,c4,p25,l2,0.00
i02,e09,c4,p25,l3,0.00
i02,e09,c4,p28,l2,0.00
i02,e09,c4,p28,l3,0.00
i02,e09,c4,p29,l2,0.00
i02,e09,c4,p29,l3,0.00
i02,e09,c4,p32,l3,0.00
i02,e09,c4,p35,l2,0.00
i02,e09,c4,p35,l3,0.00
i02,e09,c7,p12,l2,0.00
i02,e09,c7,p12,l3,0.00
i02,e09,c7,p35,l3,0.00
i02,e11,c1,p01,l2,0.00
i02,e11,c1,p01,l3,0.00
i02,e11,c1,p02,l2,0.00
i02,e11,c1,p02,l3,0.00
i02,e11,c1,p03,l2,0.00
i02,e11,c1,p03,l3,0.00
i02,e11,c1,p04,l2,0.00
i02,e11,c1,p04,l3,0.00
i02,e11,c1,p05,l2,0.00
i02,e11,c1,p05,l3,0.00
i02,e11,c1,p06,l2,0.00
i02,e11,c1,p06,l3,1.21
i02,e11,c1,p07,l2,0.00
i02,e11,c1,p07,l3,1.13
i02,e11,c1,p08,l2,0.00
i02,e11,c1,p08,l3,0.00
i02,e11,c1,p09,l2,0.00
i02,e11,c1,p09,l3,0.00
i02,e11,c1,p10,l2,0.00
i02,e11,c1,p10,l3,0.00
i02,e11,c1,p11,l2,0.00
i02,e11,c1,p11,l3,1.28
i02,e11,c1,p12,l2,0.00
i02,e11,c1,p12,l3,0.00
i02,e11,c1,p13,l2,0.00
i02,e11,c1,p13,l3,0.00
i02,e11,c1,p14,l2,0.00
i02,e11,c1,p14,l3,0.00
i02,e11,c1,p15,l2,0.00
i02,e11,c1,p15,l3,1.18
i02,e11,c1,p16,l2,0.00
i02,e11,c1,p16,l3,0.00
i02,e11,c1,p17,l2,0.00
i02,e11,c1,p17,l3,0.00
i02,e11,c1,p18,l2,0.00
i02,e11,c1,p18,l3,0.00
i02,e11,c1,p19,l2,0.00
i02,e11,c1,p19,l3,1.39
i02,e11,c1,p20,l2,0.00
i02,e11,c1,p20,l3,0.00
i02,e11,c1,p21,l2,0.00
i02,e11,c1,p21,l3,0.00
i02,e11,c1,p22,l2,0.00
i02,e11,c1,p22,l3,0.00
i02,e11,c1,p23,l2,0.00
i02,e11,c1,p23,l3,0.00
i02,e11,c1,p24,l2,0.00
i02,e11,c1,p24,l3,0.00
i02,e11,c1,p25,l2,0.00
i02,e11,c1,p25,l3,0.00
i02,e11,c1,p26,l2,0.00
i02,e11,c1,p26,l3,0.00
i02,e11,c1,p28,l2,0.00
i02,e11,c1,p28,l3,0.00
i02,e11,c1,p29,l2,0.00
i02,e11,c1,p29,l3,0.00
i02,e11,c1,p30,l2,0.00
i02,e11,c1,p30,l3,0.00
i02,e11,c1,p31,l2,0.00
i02,e11,c1,p31,l3,0.00
i02,e11,c1,p32,l2,0.00
i02,e11,c1,p32,l3,0.00
i02,e11,c1,p33,l3,0.00
i02,e11,c1,p34,l3,0.00
i02,e11,c1,p35,l2,0.00
i02,e11,c1,p35,l3,0.00
i02,e11,c4,p04,l2,0.00
i02,e11,c4,p04,l3,0.00
i02,e11,c4,p05,l3,0.00
i02,e11,c4,p07,l2,0.00
i02,e11,c4,p07,l3,0.00
i02,e11,c4,p08,l3,0.00
i02,e11,c4,p09,l2,0.00
i02,e11,c4,p09,l3,0.00
i02,e11,c4,p10,l2,0.00
i02,e11,c4,p10,l3,0.00
i02,e11,c4,p11,l3,0.00
i02,e11,c4,p13,l3,0.00
i02,e11,c4,p14,l3,0.00
i02,e11,c4,p15,l3,0.00
i02,e11,c4,p16,l3,0.00
i02,e11,c4,p17,l2,0.00
i02,e11,c4,p17,l3,0.00
i02,e11,c4,p18,l2,0.00
i02,e11,c4,p18,l3,0.00
i02,e11,c4,p19,l3,0.00
i02,e11,c4,p22,l3,0.00
i02,e11,c4,p23,l2,0.00
i02,e11,c4,p23,l3,0.00
i02,e11,c4,p24,l3,0.00
i02,e11,c4,p25,l2,0.00
i02,e11,c4,p25,l3,0.00
i02,e11,c4,p28,l2,0.00
i02,e11,c4,p28,l3,0.00
i02,e11,c4,p29,l3,0.00
i02,e11,c4,p32,l3,0.00
i02,e11,c4,p35,l2,0.00
i02,e11,c4,p35,l3,0.00
i02,e12,c1,p01,l3,0.00
i02,e12,c1,p02,l3,0.00
i02,e12,c1,p03,l3,0.00
i02,e12,c1,p04,l3,0.00
i02,e12,c1,p06,l3,0.00
i02,e12,c1,p07,l3,0.00
i02,e12,c1,p09,l3,0.00
i02,e12,c1,p10,l3,0.00
i02,e12,c1,p11,l3,0.00
i02,e12,c1,p12,l3,0.00
i02,e12,c1,p13,l3,0.00
i02,e12,c1,p15,l3,0.00
i02,e12,c1,p16,l3,0.00
i02,e12,c1,p17,l3,0.00
i02,e12,c1,p19,l3,0.00
i02,e12,c1,p21,l3,0.00
i02,e12,c1,p23,l3,0.00
i02,e12,c1,p35,l3,0.00
i03,e01,c3,p01,l3,0.00
i03,e01,c3,p03,l3,0.00
i03,e01,c3,p04,l3,0.00
i03,e01,c3,p05,l3,0.00
i03,e01,c3,p06,l3,0.00
i03,e01,c3,p09,l3,0.00
i03,e01,c3,p10,l3,0.00
i03,e01,c3,p11,l3,0.00
i03,e01,c3,p12,l3,0.00
i03,e01,c3,p15,l3,0.00
i03,e01,c3,p16,l3,0.00
i03,e01,c3,p18,l3,0.00
i03,e01,c3,p19,l3,0.00
i03,e01,c3,p20,l3,0.00
i03,e01,c3,p21,l3,0.00
i03,e01,c3,p23,l3,0.00
i03,e01,c3,p29,l3,0.00
i03,e01,c3,p35,l3,0.00
i03,e01,c5,p01,l3,5.50
i03,e01,c5,p02,l3,0.00
i03,e01,c5,p03,l3,0.00
i03,e01,c5,p04,l3,0.00
i03,e01,c5,p05,l3,1.79
i03,e01,c5,p06,l3,0.00
i03,e01,c5,p07,l3,0.00
i03,e01,c5,p08,l3,0.00
i03,e01,c5,p09,l3,0.00
i03,e01,c5,p10,l3,5.28
i03,e01,c5,p11,l3,0.00
i03,e01,c5,p12,l3,0.00
i03,e01,c5,p13,l3,0.00
i03,e01,c5,p14,l3,4.37
i03,e01,c5,p15,l3,1.14
i03,e01,c5,p16,l3,0.00
i03,e01,c5,p17,l3,0.00
i03,e01,c5,p18,l3,0.00
i03,e01,c5,p19,l3,0.00
i03,e01,c5,p20,l3,0.00
i03,e01,c5,p21,l3,1.44
i03,e01,c5,p22,l3,0.00
i03,e01,c5,p23,l3,0.00
i03,e01,c5,p24,l3,2.34
i03,e01,c5,p25,l3,0.00
i03,e01,c5,p26,l3,0.00
i03,e01,c5,p28,l3,0.00
i03,e01,c5,p29,l3,0.00
i03,e01,c5,p30,l3,0.00
i03,e01,c5,p31,l3,0.00
i03,e01,c5,p32,l3,0.00
i03,e01,c5,p33,l3,0.00
i03,e01,c5,p35,l3,0.00
i03,e02,c3,p10,l3,0.00
i03,e02,c3,p11,l3,0.00
i03,e02,c3,p19,l3,0.00
i03,e02,c5,p01,l1,0.00
i03,e02,c5,p01,l3,0.00
i03,e02,c5,p02,l1,0.00
i03,e02,c5,p02,l3,0.00
i03,e02,c5,p03,l3,0.00
i03,e02,c5,p04,l3,0.00
i03,e02,c5,p05,l1,0.00
i03,e02,c5,p05,l3,0.00
i03,e02,c5,p06,l1,0.00
i03,e02,c5,p06,l3,0.00
i03,e02,c5,p07,l1,0.00
i03,e02,c5,p07,l3,0.00
i03,e02,c5,p10,l1,0.00
i03,e02,c5,p10,l3,0.00
i03,e02,c5,p11,l1,0.00
i03,e02,c5,p11,l3,0.00
i03,e02,c5,p12,l1,0.00
i03,e02,c5,p12,l3,0.00
i03,e02,c5,p13,l3,0.00
i03,e02,c5,p14,l1,0.00
i03,e02,c5,p14,l3,0.00
i03,e02,c5,p15,l1,0.00
i03,e02,c5,p15,l3,0.00
i03,e02,c5,p16,l1,0.00
i03,e02,c5,p16,l3,0.00
i03,e02,c5,p17,l1,0.00
i03,e02,c5,p17,l3,0.00
i03,e02,c5,p18,l1,0.00
i03,e02,c5,p18,l3,0.00
i03,e02,c5,p19,l1,0.00
i03,e02,c5,p19,l3,0.00
i03,e02,c5,p20,l3,0.00
i03,e02,c5,p21,l1,0.00
i03,e02,c5,p21,l3,0.00
i03,e02,c5,p22,l1,0.00
i03,e02,c5,p22,l3,0.00
i03,e02,c5,p24,l1,0.00
i03,e02,c5,p24,l3,0.00
i03,e02,c5,p29,l3,0.00
i03,e02,c5,p35,l1,0.00
i03,e02,c5,p35,l3,0.00
i03,e03,c5,p07,l3,0.00
i03,e03,c5,p12,l3,0.00
i03,e03,c5,p16,l3,0.00
i03,e03,c5,p35,l3,0.00
i03,e04,c3,p01,l1,0.00
i03,e04,c3,p01,l3,0.00
i03,e04,c3,p03,l1,0.00
i03,e04,c3,p03,l3,0.00
i03,e04,c3,p04,l3,0.00
i03,e04,c3,p05,l1,0.00
i03,e04,c3,p05,l3,0.00
i03,e04,c3,p06,l1,0.00
i03,e04,c3,p06,l3,0.00
i03,e04,c3,p07,l3,0.00
i03,e04,c3,p09,l3,0.00
i03,e04,c3,p10,l1,0.00
i03,e04,c3,p10,l3,0.00
i03,e04,c3,p11,l1,0.00
i03,e04,c3,p11,l3,0.00
i03,e04,c3,p12,l3,0.00
i03,e04,c3,p15,l3,0.00
i03,e04,c3,p16,l1,0.00
i03,e04,c3,p16,l3,0.00
i03,e04,c3,p18,l1,0.00
i03,e04,c3,p18,l3,0.00
i03,e04,c3,p19,l1,0.00
i03,e04,c3,p19,l3,0.00
i03,e04,c3,p20,l3,0.00
i03,e04,c3,p21,l1,0.00
i03,e04,c3,p21,l3,0.00
i03,e04,c3,p22,l3,0.00
i03,e04,c3,p23,l1,0.00
i03,e04,c3,p23,l3,0.00
i03,e04,c3,p24,l3,0.00
i03,e04,c3,p29,l1,0.00
i03,e04,c3,p29,l3,0.00
i03,e04,c3,p35,l3,0.00
i03,e04,c5,p01,l1,0.00
i03,e04,c5,p01,l3,4.52
i03,e04,c5,p02,l1,0.00
i03,e04,c5,p02,l3,1.50
i03,e04,c5,p03,l1,0.00
i03,e04,c5,p03,l3,3.77
i03,e04,c5,p04,l1,0.00
i03,e04,c5,p04,l3,0.00
i03,e04,c5,p05,l1,0.00
i03,e04,c5,p05,l3,0.00
i03,e04,c5,p06,l1,0.00
i03,e04,c5,p06,l3,0.00
i03,e04,c5,p07,l1,0.00
i03,e04,c5,p07,l3,0.00
i03,e04,c5,p08,l1,0.00
i03,e04,c5,p08,l3,0.00
i03,e04,c5,p09,l1,0.00
i03,e04,c5,p09,l3,0.00
i03,e04,c5,p10,l1,0.00
i03,e04,c5,p10,l3,1.05
i03,e04,c5,p11,l1,0.00
i03,e04,c5,p11,l3,0.00
i03,e04,c5,p12,l1,0.00
i03,e04,c5,p12,l3,0.00
i03,e04,c5,p13,l1,0.00
i03,e04,c5,p13,l3,0.00
i03,e04,c5,p14,l1,0.00
i03,e04,c5,p14,l3,1.23
i03,e04,c5,p15,l1,0.00
i03,e04,c5,p15,l3,0.00
i03,e04,c5,p16,l1,0.00
i03,e04,c5,p16,l3,2.16
i03,e04,c5,p17,l1,0.00
i03,e04,c5,p17,l3,0.00
i03,e04,c5,p18,l1,0.00
i03,e04,c5,p18,l3,0.00
i03,e04,c5,p19,l1,0.00
i03,e04,c5,p19,l3,2.06
i03,e04,c5,p20,l1,0.00
i03,e04,c5,p20,l3,0.00
i03,e04,c5,p21,l1,0.00
i03,e04,c5,p21,l3,0.00
i03,e04,c5,p22,l1,0.00
i03,e04,c5,p22,l3,0.00
i03,e04,c5,p23,l1,0.00
i03,e04,c5,p23,l3,0.00
i03,e04,c5,p24,l1,0.00
i03,e04,c5,p24,l3,1.06
i03,e04,c5,p25,l3,0.00
i03,e04,c5,p26,l3,0.00
i03,e04,c5,p28,l1,0.00
i03,e04,c5,p28,l3,0.00
i03,e04,c5,p29,l1,0.00
i03,e04,c5,p29,l3,0.00
i03,e04,c5,p30,l3,0.00
i03,e04,c5,p31,l1,0.00
i03,e04,c5,p31,l3,0.00
i03,e04,c5,p32,l1,0.00
i03,e04,c5,p32,l3,0.00
i03,e04,c5,p33,l3,0.00
i03,e04,c5,p35,l1,0.00
i03,e04,c5,p35,l3,0.00
i03,e05,c3,p03,l3,0.00
i03,e05,c3,p04,l3,0.00
i03,e05,c3,p09,l3,0.00
i03,e05,c3,p11,l3,0.00
i03,e05,c3,p19,l3,0.00
i03,e05,c3,p21,l3,0.00
i03,e05,c3,p29,l3,0.00
i03,e05,c5,p01,l1,0.00
i03,e05,c5,p01,l3,0.00
i03,e05,c5,p02,l1,0.00
i03,e05,c5,p02,l3,0.00
i03,e05,c5,p03,l1,0.00
i03,e05,c5,p03,l3,0.00
i03,e05,c5,p04,l1,0.00
i03,e05,c5,p04,l3,0.00
i03,e05,c5,p05,l1,0.00
i03,e05,c5,p05,l3,0.00
i03,e05,c5,p06,l1,0.00
i03,e05,c5,p06,l3,0.00
i03,e05,c5,p07,l1,0.00
i03,e05,c5,p07,l3,0.00
i03,e05,c5,p08,l1,0.00
i03,e05,c5,p08,l3,0.00
i03,e05,c5,p09,l1,0.00
i03,e05,c5,p09,l3,0.00
i03,e05,c5,p10,l1,0.00
i03,e05,c5,p10,l3,0.00
i03,e05,c5,p11,l1,0.00
i03,e05,c5,p11,l3,0.00
i03,e05,c5,p12,l1,0.00
i03,e05,c5,p12,l3,0.00
i03,e05,c5,p13,l1,0.00
i03,e05,c5,p13,l3,0.00
i03,e05,c5,p14,l1,0.00
i03,e05,c5,p14,l3,0.00
i03,e05,c5,p15,l1,0.00
i03,e05,c5,p15,l3,0.00
i03,e05,c5,p16,l1,0.00
i03,e05,c5,p16,l3,0.00
i03,e05,c5,p17,l1,0.00
i03,e05,c5,p17,l3,0.00
i03,e05,c5,p18,l1,0.00
i03,e05,c5,p18,l3,0.00
i03,e05,c5,p19,l1,0.00
i03,e05,c5,p19,l3,0.00
i03,e05,c5,p20,l3,0.00
i03,e05,c5,p21,l1,0.00
i03,e05,c5,p21,l3,0.00
i03,e05,c5,p22,l1,0.00
i03,e05,c5,p22,l3,0.00
i03,e05,c5,p23,l1,0.00
i03,e05,c5,p23,l3,0.00
i03,e05,c5,p24,l1,0.00
i03,e05,c5,p24,l3,0.00
i03,e05,c5,p25,l3,0.00
i03,e05,c5,p28,l1,0.00
i03,e05,c5,p28,l3,0.00
i03,e05,c5,p29,l1,0.00
i03,e05,c5,p29,l3,0.00
i03,e05,c5,p33,l3,0.00
i03,e05,c5,p35,l1,0.00
i03,e05,c5,p35,l3,0.00
i03,e07,c5,p01,l3,1.68
i03,e07,c5,p03,l3,0.00
i03,e07,c5,p04,l2,0.00
i03,e07,c5,p04,l3,0.00
i03,e07,c5,p05,l3,0.00
i03,e07,c5,p06,l3,0.00
i03,e07,c5,p07,l3,0.00
i03,e07,c5,p09,l3,0.00
i03,e07,c5,p10,l3,0.00
i03,e07,c5,p12,l3,0.00
i03,e07,c5,p13,l3,0.00
i03,e07,c5,p15,l3,0.00
i03,e07,c5,p16,l3,0.00
i03,e07,c5,p17,l3,0.00
i03,e07,c5,p19,l3,0.00
i03,e07,c5,p22,l3,0.00
i03,e07,c5,p23,l3,0.00
i03,e07,c5,p24,l3,0.00
i03,e07,c5,p35,l3,0.00
i03,e08,c3,p01,l2,0.00
i03,e08,c3,p01,l3,0.00
i03,e08,c3,p03,l2,0.00
i03,e08,c3,p03,l3,0.00
i03,e08,c3,p05,l3,0.00
i03,e08,c3,p06,l2,0.00
i03,e08,c3,p06,l3,0.00
i03,e08,c3,p07,l3,0.00
i03,e08,c3,p09,l3,0.00
i03,e08,c3,p10,l2,0.00
i03,e08,c3,p10,l3,0.00
i03,e08,c3,p11,l2,0.00
i03,e08,c3,p11,l3,0.00
i03,e08,c3,p15,l3,0.00
i03,e08,c3,p16,l2,0.00
i03,e08,c3,p16,l3,0.00
i03,e08,c3,p18,l2,0.00
i03,e08,c3,p18,l3,0.00
i03,e08,c3,p19,l2,0.00
i03,e08,c3,p19,l3,0.00
i03,e08,c3,p20,l3,0.00
i03,e08,c3,p21,l3,0.00
i03,e08,c3,p23,l2,0.00
i03,e08,c3,p23,l3,0.00
i03,e08,c3,p24,l3,0.00
i03,e08,c3,p29,l2,0.00
i03,e08,c3,p29,l3,0.00
i03,e08,c3,p35,l3,0.00
i03,e08,c5,p01,l2,0.00
i03,e08,c5,p01,l3,6.31
i03,e08,c5,p02,l2,0.00
i03,e08,c5,p02,l3,0.00
i03,e08,c5,p03,l2,0.00
i03,e08,c5,p03,l3,0.00
i03,e08,c5,p04,l2,0.00
i03,e08,c5,p04,l3,20.67
i03,e08,c5,p05,l2,0.00
i03,e08,c5,p05,l3,0.00
i03,e08,c5,p06,l2,0.00
i03,e08,c5,p06,l3,0.00
i03,e08,c5,p07,l2,0.00
i03,e08,c5,p07,l3,0.00
i03,e08,c5,p08,l2,0.00
i03,e08,c5,p08,l3,0.00
i03,e08,c5,p09,l2,0.00
i03,e08,c5,p09,l3,0.00
i03,e08,c5,p10,l2,0.00
i03,e08,c5,p10,l3,0.00
i03,e08,c5,p11,l2,0.00
i03,e08,c5,p11,l3,0.00
i03,e08,c5,p12,l2,0.00
i03,e08,c5,p12,l3,0.00
i03,e08,c5,p13,l2,0.00
i03,e08,c5,p13,l3,0.00
i03,e08,c5,p14,l2,0.00
i03,e08,c5,p14,l3,0.00
i03,e08,c5,p15,l2,0.00
i03,e08,c5,p15,l3,0.00
i03,e08,c5,p16,l2,0.00
i03,e08,c5,p16,l3,0.00
i03,e08,c5,p17,l2,0.00
i03,e08,c5,p17,l3,0.00
i03,e08,c5,p18,l2,0.00
i03,e08,c5,p18,l3,1.73
i03,e08,c5,p19,l2,0.00
i03,e08,c5,p19,l3,0.00
i03,e08,c5,p20,l2,0.00
i03,e08,c5,p20,l3,0.00
i03,e08,c5,p21,l2,0.00
i03,e08,c5,p21,l3,1.07
i03,e08,c5,p22,l2,0.00
i03,e08,c5,p22,l3,0.00
i03,e08,c5,p23,l2,0.00
i03,e08,c5,p23,l3,0.00
i03,e08,c5,p24,l2,0.00
i03,e08,c5,p24,l3,1.49
i03,e08,c5,p25,l3,0.00
i03,e08,c5,p26,l3,0.00
i03,e08,c5,p28,l2,0.00
i03,e08,c5,p28,l3,1.53
i03,e08,c5,p29,l2,0.00
i03,e08,c5,p29,l3,0.00
i03,e08,c5,p30,l2,0.00
i03,e08,c5,p30,l3,0.00
i03,e08,c5,p31,l3,0.00
i03,e08,c5,p32,l2,0.00
i03,e08,c5,p32,l3,0.00
i03,e08,c5,p33,l3,0.00
i03,e08,c5,p35,l2,0.00
i03,e08,c5,p35,l3,0.00
i03,e09,c3,p01,l3,0.00
i03,e09,c3,p03,l2,0.00
i03,e09,c3,p03,l3,0.00
i03,e09,c3,p04,l3,0.00
i03,e09,c3,p05,l2,0.00
i03,e09,c3,p05,l3,0.00
i03,e09,c3,p06,l2,0.00
i03,e09,c3,p06,l3,0.00
i03,e09,c3,p09,l3,0.00
i03,e09,c3,p10,l2,0.00
i03,e09,c3,p10,l3,0.00
i03,e09,c3,p11,l2,0.00
i03,e09,c3,p11,l3,0.00
i03,e09,c3,p12,l3,0.00
i03,e09,c3,p15,l3,0.00
i03,e09,c3,p16,l2,0.00
i03,e09,c3,p16,l3,0.00
i03,e09,c3,p18,l3,0.00
i03,e09,c3,p19,l2,0.00
i03,e09,c3,p19,l3,0.00
i03,e09,c3,p20,l3,0.00
i03,e09,c3,p21,l2,0.00
i03,e09,c3,p21,l3,0.00
i03,e09,c3,p23,l2,0.00
i03,e09,c3,p23,l3,0.00
i03,e09,c3,p29,l3,0.00
i03,e09,c3,p35,l3,0.00
i03,e09,c5,p01,l2,0.00
i03,e09,c5,p01,l3,1.62
i03,e09,c5,p02,l2,0.00
i03,e09,c5,p02,l3,1.41
i03,e09,c5,p03,l2,0.00
i03,e09,c5,p03,l3,0.00
i03,e09,c5,p04,l2,0.00
i03,e09,c5,p04,l3,2.21
i03,e09,c5,p05,l2,0.00
i03,e09,c5,p05,l3,2.17
i03,e09,c5,p06,l2,0.00
i03,e09,c5,p06,l3,0.00
i03,e09,c5,p07,l2,0.00
i03,e09,c5,p07,l3,0.00
i03,e09,c5,p08,l2,0.00
i03,e09,c5,p08,l3,0.00
i03,e09,c5,p09,l2,0.00
i03,e09,c5,p09,l3,0.00
i03,e09,c5,p10,l2,0.00
i03,e09,c5,p10,l3,1.16
i03,e09,c5,p11,l2,0.00
i03,e09,c5,p11,l3,0.00
i03,e09,c5,p12,l2,0.00
i03,e09,c5,p12,l3,1.05
i03,e09,c5,p13,l2,0.00
i03,e09,c5,p13,l3,0.00
i03,e09,c5,p14,l2,0.00
i03,e09,c5,p14,l3,0.00
i03,e09,c5,p15,l2,0.00
i03,e09,c5,p15,l3,0.00
i03,e09,c5,p16,l2,0.00
i03,e09,c5,p16,l3,0.00
i03,e09,c5,p17,l2,0.00
i03,e09,c5,p17,l3,0.00
i03,e09,c5,p18,l2,0.00
i03,e09,c5,p18,l3,0.00
i03,e09,c5,p19,l2,0.00
i03,e09,c5,p19,l3,2.38
i03,e09,c5,p20,l2,0.00
i03,e09,c5,p20,l3,0.00
i03,e09,c5,p21,l2,0.00
i03,e09,c5,p21,l3,0.00
i03,e09,c5,p22,l2,0.00
i03,e09,c5,p22,l3,0.00
i03,e09,c5,p23,l2,0.00
i03,e09,c5,p23,l3,1.52
i03,e09,c5,p24,l2,0.00
i03,e09,c5,p24,l3,0.00
i03,e09,c5,p25,l3,0.00
i03,e09,c5,p26,l3,0.00
i03,e09,c5,p28,l2,0.00
i03,e09,c5,p28,l3,0.00
i03,e09,c5,p29,l2,0.00
i03,e09,c5,p29,l3,0.00
i03,e09,c5,p30,l3,0.00
i03,e09,c5,p31,l2,0.00
i03,e09,c5,p31,l3,0.00
i03,e09,c5,p32,l2,0.00
i03,e09,c5,p32,l3,0.00
i03,e09,c5,p33,l3,0.00
i03,e09,c5,p35,l2,0.00
i03,e09,c5,p35,l3,0.00
i03,e10,c3,p01,l3,0.00
i03,e10,c3,p03,l1,0.00
i03,e10,c3,p03,l3,0.00
i03,e10,c3,p04,l3,0.00
i03,e10,c3,p05,l1,0.00
i03,e10,c3,p05,l3,0.00
i03,e10,c3,p06,l1,0.00
i03,e10,c3,p06,l3,0.00
i03,e10,c3,p07,l3,0.00
i03,e10,c3,p09,l3,0.00
i03,e10,c3,p10,l1,0.00
i03,e10,c3,p10,l3,0.00
i03,e10,c3,p11,l1,0.00
i03,e10,c3,p11,l3,0.00
i03,e10,c3,p12,l3,0.00
i03,e10,c3,p15,l1,0.00
i03,e10,c3,p15,l3,0.00
i03,e10,c3,p16,l1,0.00
i03,e10,c3,p16,l3,0.00
i03,e10,c3,p18,l1,0.00
i03,e10,c3,p18,l3,0.00
i03,e10,c3,p19,l1,0.00
i03,e10,c3,p19,l3,0.00
i03,e10,c3,p20,l1,0.00
i03,e10,c3,p20,l3,0.00
i03,e10,c3,p21,l1,0.00
i03,e10,c3,p21,l3,0.00
i03,e10,c3,p22,l3,0.00
i03,e10,c3,p23,l1,0.00
i03,e10,c3,p23,l3,0.00
i03,e10,c3,p29,l1,0.00
i03,e10,c3,p29,l3,0.00
i03,e10,c3,p35,l1,0.00
i03,e10,c3,p35,l3,0.00
i03,e10,c5,p01,l1,0.00
i03,e10,c5,p01,l2,0.00
i03,e10,c5,p01,l3,8.71
i03,e10,c5,p02,l1,0.00
i03,e10,c5,p02,l3,0.00
i03,e10,c5,p03,l1,0.00
i03,e10,c5,p03,l2,0.00
i03,e10,c5,p03,l3,2.81
i03,e10,c5,p04,l1,0.00
i03,e10,c5,p04,l3,0.00
i03,e10,c5,p05,l1,0.00
i03,e10,c5,p05,l2,0.00
i03,e10,c5,p05,l3,3.07
i03,e10,c5,p06,l1,0.00
i03,e10,c5,p06,l2,0.00
i03,e10,c5,p06,l3,0.00
i03,e10,c5,p07,l1,0.00
i03,e10,c5,p07,l2,0.00
i03,e10,c5,p07,l3,0.00
i03,e10,c5,p08,l1,0.00
i03,e10,c5,p08,l2,0.00
i03,e10,c5,p08,l3,0.00
i03,e10,c5,p09,l1,0.00
i03,e10,c5,p09,l3,0.00
i03,e10,c5,p10,l1,0.00
i03,e10,c5,p10,l2,0.00
i03,e10,c5,p10,l3,2.24
i03,e10,c5,p11,l1,0.00
i03,e10,c5,p11,l2,0.00
i03,e10,c5,p11,l3,2.48
i03,e10,c5,p12,l1,0.00
i03,e10,c5,p12,l2,0.00
i03,e10,c5,p12,l3,4.08
i03,e10,c5,p13,l1,0.00
i03,e10,c5,p13,l2,0.00
i03,e10,c5,p13,l3,0.00
i03,e10,c5,p14,l1,0.00
i03,e10,c5,p14,l2,0.00
i03,e10,c5,p14,l3,0.00
i03,e10,c5,p15,l1,0.00
i03,e10,c5,p15,l2,0.00
i03,e10,c5,p15,l3,0.00
i03,e10,c5,p16,l1,0.00
i03,e10,c5,p16,l2,0.00
i03,e10,c5,p16,l3,0.00
i03,e10,c5,p17,l1,0.00
i03,e10,c5,p17,l2,0.00
i03,e10,c5,p17,l3,2.07
i03,e10,c5,p18,l1,0.00
i03,e10,c5,p18,l2,0.00
i03,e10,c5,p18,l3,0.00
i03,e10,c5,p19,l1,0.00
i03,e10,c5,p19,l2,0.00
i03,e10,c5,p19,l3,0.00
i03,e10,c5,p20,l1,0.00
i03,e10,c5,p20,l3,0.00
i03,e10,c5,p21,l1,0.00
i03,e10,c5,p21,l2,0.00
i03,e10,c5,p21,l3,0.00
i03,e10,c5,p22,l1,0.00
i03,e10,c5,p22,l2,0.00
i03,e10,c5,p22,l3,0.00
i03,e10,c5,p23,l1,0.00
i03,e10,c5,p23,l2,0.00
i03,e10,c5,p23,l3,0.00
i03,e10,c5,p24,l1,0.00
i03,e10,c5,p24,l2,0.00
i03,e10,c5,p24,l3,4.10
i03,e10,c5,p25,l1,0.00
i03,e10,c5,p25,l3,0.00
i03,e10,c5,p26,l1,0.00
i03,e10,c5,p26,l3,0.00
i03,e10,c5,p28,l1,0.00
i03,e10,c5,p28,l3,0.00
i03,e10,c5,p29,l1,0.00
i03,e10,c5,p29,l2,0.00
i03,e10,c5,p29,l3,9.32
i03,e10,c5,p30,l3,0.00
i03,e10,c5,p31,l1,0.00
i03,e10,c5,p31,l3,0.00
i03,e10,c5,p32,l3,0.00
i03,e10,c5,p33,l1,0.00
i03,e10,c5,p33,l3,0.00
i03,e10,c5,p35,l1,0.00
i03,e10,c5,p35,l2,0.00
i03,e10,c5,p35,l3,0.00
i03,e11,c5,p01,l2,0.00
i03,e11,c5,p01,l3,0.00
i03,e11,c5,p02,l3,0.00
i03,e11,c5,p04,l3,0.00
i03,e11,c5,p05,l2,0.00
i03,e11,c5,p05,l3,0.00
i03,e11,c5,p06,l3,0.00
i03,e11,c5,p07,l2,0.00
i03,e11,c5,p07,l3,0.00
i03,e11,c5,p08,l3,0.00
i03,e11,c5,p10,l2,0.00
i03,e11,c5,p10,l3,0.00
i03,e11,c5,p11,l3,0.00
i03,e11,c5,p12,l2,0.00
i03,e11,c5,p12,l3,0.00
i03,e11,c5,p14,l3,0.00
i03,e11,c5,p15,l2,0.00
i03,e11,c5,p15,l3,0.00
i03,e11,c5,p16,l2,0.00
i03,e11,c5,p16,l3,0.00
i03,e11,c5,p17,l3,0.00
i03,e11,c5,p18,l2,0.00
i03,e11,c5,p18,l3,0.00
i03,e11,c5,p19,l2,0.00
i03,e11,c5,p19,l3,0.00
i03,e11,c5,p21,l2,0.00
i03,e11,c5,p21,l3,0.00
i03,e11,c5,p23,l2,0.00
i03,e11,c5,p23,l3,0.00
i03,e11,c5,p24,l3,0.00
i03,e11,c5,p29,l2,0.00
i03,e11,c5,p29,l3,0.00
i03,e11,c5,p35,l2,0.00
i03,e11,c5,p35,l3,0.00
i03,e12,c3,p29,l3,0.00
i03,e12,c5,p01,l3,0.00
i03,e12,c5,p02,l3,0.00
i03,e12,c5,p03,l3,0.00
i03,e12,c5,p04,l3,0.00
i03,e12,c5,p05,l3,0.00
i03,e12,c5,p06,l3,0.00
i03,e12,c5,p07,l3,0.00
i03,e12,c5,p08,l3,0.00
i03,e12,c5,p09,l3,0.00
i03,e12,c5,p10,l3,0.00
i03,e12,c5,p11,l3,0.00
i03,e12,c5,p12,l3,0.00
i03,e12,c5,p13,l3,0.00
i03,e12,c5,p14,l3,0.00
i03,e12,c5,p15,l3,0.00
i03,e12,c5,p16,l3,0.00
i03,e12,c5,p17,l3,0.00
i03,e12,c5,p18,l3,0.00
i03,e12,c5,p19,l3,0.00
i03,e12,c5,p20,l3,0.00
i03,e12,c5,p21,l3,0.00
i03,e12,c5,p22,l3,0.00
i03,e12,c5,p23,l3,0.00
i03,e12,c5,p24,l3,0.00
i03,e12,c5,p29,l3,0.00
i03,e12,c5,p32,l3,0.00
i03,e12,c5,p35,l3,0.00
i04,e01,c3,p03,l3,0.00
i04,e01,c3,p10,l3,0.00
i04,e01,c3,p21,l3,0.00
i04,e01,c3,p24,l3,1.09
i04,e01,c3,p35,l3,4.52
i04,e01,c5,p10,l3,0.00
i04,e02,c3,p10,l3,0.00
i04,e02,c3,p24,l3,0.00
i04,e04,c3,p03,l1,0.00
i04,e04,c3,p03,l3,0.00
i04,e04,c3,p10,l1,0.00
i04,e04,c3,p10,l3,0.00
i04,e04,c3,p21,l1,0.00
i04,e04,c3,p21,l3,0.00
i04,e04,c3,p24,l1,0.00
i04,e04,c3,p24,l3,0.00
i04,e04,c3,p35,l1,0.00
i04,e04,c3,p35,l3,0.00
i04,e04,c5,p10,l1,0.00
i04,e05,c3,p10,l3,0.00
i04,e05,c3,p24,l3,0.00
i04,e05,c3,p35,l3,0.00
i04,e08,c3,p03,l3,0.00
i04,e08,c3,p10,l2,0.00
i04,e08,c3,p10,l3,0.00
i04,e08,c3,p21,l2,0.00
i04,e08,c3,p21,l3,0.00
i04,e08,c3,p24,l2,0.00
i04,e08,c3,p24,l3,0.00
i04,e08,c3,p35,l3,0.00
i04,e08,c5,p10,l2,0.00
i04,e09,c3,p03,l2,0.00
i04,e09,c3,p03,l3,0.00
i04,e09,c3,p10,l2,0.00
i04,e09,c3,p10,l3,0.00
i04,e09,c3,p21,l2,0.00
i04,e09,c3,p21,l3,0.00
i04,e09,c3,p24,l2,0.00
i04,e09,c3,p24,l3,0.00
i04,e09,c3,p35,l2,0.00
i04,e09,c3,p35,l3,7.05
i04,e09,c5,p10,l2,0.00
i04,e11,c3,p03,l2,0.00
i04,e11,c3,p10,l2,0.00
i04,e11,c3,p10,l3,0.00
i04,e11,c3,p21,l3,0.00
i04,e11,c3,p24,l2,0.00
i04,e11,c3,p24,l3,0.00
i04,e11,c3,p35,l2,0.00
i04,e11,c3,p35,l3,0.00
i05,e01,c1,p01,l3,0.00
i05,e01,c1,p02,l3,0.00
i05,e01,c1,p03,l3,2.28
i05,e01,c1,p04,l3,1.67
i05,e01,c1,p05,l3,0.00
i05,e01,c1,p06,l3,1.30
i05,e01,c1,p07,l3,3.66
i05,e01,c1,p08,l3,0.00
i05,e01,c1,p09,l3,0.00
i05,e01,c1,p10,l3,20.70
i05,e01,c1,p11,l3,4.05
i05,e01,c1,p12,l3,5.14
i05,e01,c1,p13,l3,13.05
i05,e01,c1,p14,l3,1.46
i05,e01,c1,p15,l3,5.83
i05,e01,c1,p16,l3,4.43
i05,e01,c1,p17,l3,0.00
i05,e01,c1,p18,l3,0.00
i05,e01,c1,p19,l3,18.25
i05,e01,c1,p20,l3,0.00
i05,e01,c1,p21,l3,8.59
i05,e01,c1,p22,l3,0.00
i05,e01,c1,p23,l3,2.97
i05,e01,c1,p24,l3,1.25
i05,e01,c1,p25,l3,2.64
i05,e01,c1,p26,l3,0.00
i05,e01,c1,p27,l3,0.00
i05,e01,c1,p28,l3,0.00
i05,e01,c1,p29,l3,0.00
i05,e01,c1,p30,l3,0.00
i05,e01,c1,p31,l3,0.00
i05,e01,c1,p32,l3,0.00
i05,e01,c1,p33,l3,0.00
i05,e01,c1,p34,l3,3.18
i05,e01,c1,p35,l3,33.04
i05,e01,c4,p01,l3,0.00
i05,e01,c4,p02,l3,0.00
i05,e01,c4,p03,l3,0.00
i05,e01,c4,p04,l3,0.00
i05,e01,c4,p05,l3,0.00
i05,e01,c4,p06,l3,0.00
i05,e01,c4,p07,l3,0.00
i05,e01,c4,p08,l3,0.00
i05,e01,c4,p09,l3,0.00
i05,e01,c4,p10,l3,0.00
i05,e01,c4,p11,l3,0.00
i05,e01,c4,p12,l3,0.00
i05,e01,c4,p13,l3,0.00
i05,e01,c4,p14,l3,0.00
i05,e01,c4,p15,l3,0.00
i05,e01,c4,p16,l3,0.00
i05,e01,c4,p17,l3,0.00
i05,e01,c4,p18,l3,0.00
i05,e01,c4,p19,l3,0.00
i05,e01,c4,p20,l3,0.00
i05,e01,c4,p21,l3,0.00
i05,e01,c4,p22,l3,0.00
i05,e01,c4,p23,l3,0.00
i05,e01,c4,p24,l3,0.00
i05,e01,c4,p25,l3,0.00
i05,e01,c4,p26,l3,0.00
i05,e01,c4,p28,l3,0.00
i05,e01,c4,p29,l3,0.00
i05,e01,c4,p30,l3,0.00
i05,e01,c4,p31,l3,0.00
i05,e01,c4,p32,l3,0.00
i05,e01,c4,p33,l3,0.00
i05,e01,c4,p35,l3,0.00
i05,e01,c7,p01,l3,0.00
i05,e01,c7,p03,l3,0.00
i05,e01,c7,p05,l3,0.00
i05,e01,c7,p10,l3,0.00
i05,e01,c7,p11,l3,0.00
i05,e01,c7,p12,l3,0.00
i05,e01,c7,p14,l3,0.00
i05,e01,c7,p17,l3,0.00
i05,e01,c7,p19,l3,0.00
i05,e01,c7,p21,l3,0.00
i05,e01,c7,p24,l3,0.00
i05,e01,c7,p35,l3,0.00
i05,e03,c1,p01,l3,0.00
i05,e03,c1,p02,l3,0.00
i05,e03,c1,p03,l3,2.39
i05,e03,c1,p04,l3,0.00
i05,e03,c1,p05,l3,0.00
i05,e03,c1,p06,l3,0.00
i05,e03,c1,p07,l3,1.02
i05,e03,c1,p08,l3,0.00
i05,e03,c1,p09,l3,0.00
i05,e03,c1,p10,l3,1.68
i05,e03,c1,p11,l3,4.99
i05,e03,c1,p12,l3,5.97
i05,e03,c1,p13,l3,3.68
i05,e03,c1,p14,l3,0.00
i05,e03,c1,p15,l3,1.22
i05,e03,c1,p16,l3,0.00
i05,e03,c1,p17,l3,2.30
i05,e03,c1,p18,l3,0.00
i05,e03,c1,p19,l3,4.25
i05,e03,c1,p20,l3,0.00
i05,e03,c1,p21,l3,0.00
i05,e03,c1,p22,l3,0.00
i05,e03,c1,p23,l3,0.00
i05,e03,c1,p24,l3,1.05
i05,e03,c1,p25,l3,1.33
i05,e03,c1,p26,l3,0.00
i05,e03,c1,p27,l3,0.00
i05,e03,c1,p28,l3,0.00
i05,e03,c1,p29,l3,1.30
i05,e03,c1,p30,l3,0.00
i05,e03,c1,p31,l3,0.00
i05,e03,c1,p32,l3,1.18
i05,e03,c1,p33,l3,0.00
i05,e03,c1,p34,l3,0.00
i05,e03,c1,p35,l3,12.21
i05,e03,c4,p01,l3,0.00
i05,e03,c4,p02,l3,0.00
i05,e03,c4,p03,l3,0.00
i05,e03,c4,p04,l3,0.00
i05,e03,c4,p05,l3,0.00
i05,e03,c4,p06,l3,0.00
i05,e03,c4,p07,l3,0.00
i05,e03,c4,p08,l3,0.00
i05,e03,c4,p09,l3,0.00
i05,e03,c4,p10,l3,0.00
i05,e03,c4,p11,l3,0.00
i05,e03,c4,p12,l3,0.00
i05,e03,c4,p13,l3,0.00
i05,e03,c4,p14,l3,0.00
i05,e03,c4,p15,l3,0.00
i05,e03,c4,p16,l3,0.00
i05,e03,c4,p17,l3,0.00
i05,e03,c4,p18,l3,0.00
i05,e03,c4,p19,l3,0.00
i05,e03,c4,p20,l3,0.00
i05,e03,c4,p21,l3,0.00
i05,e03,c4,p22,l3,0.00
i05,e03,c4,p23,l3,0.00
i05,e03,c4,p24,l3,0.00
i05,e03,c4,p25,l3,0.00
i05,e03,c4,p26,l3,0.00
i05,e03,c4,p28,l3,0.00
i05,e03,c4,p29,l3,0.00
i05,e03,c4,p30,l3,0.00
i05,e03,c4,p31,l3,0.00
i05,e03,c4,p32,l3,0.00
i05,e03,c4,p33,l3,0.00
i05,e03,c4,p35,l3,0.00
i05,e03,c7,p01,l3,0.00
i05,e03,c7,p02,l3,0.00
i05,e03,c7,p03,l3,0.00
i05,e03,c7,p05,l3,0.00
i05,e03,c7,p06,l3,0.00
i05,e03,c7,p10,l3,0.00
i05,e03,c7,p11,l3,0.00
i05,e03,c7,p12,l3,0.00
i05,e03,c7,p13,l3,0.00
i05,e03,c7,p15,l3,0.00
i05,e03,c7,p17,l3,0.00
i05,e03,c7,p18,l3,0.00
i05,e03,c7,p19,l3,0.00
i05,e03,c7,p21,l3,0.00
i05,e03,c7,p24,l3,0.00
i05,e03,c7,p26,l3,0.00
i05,e03,c7,p29,l3,0.00
i05,e03,c7,p35,l3,0.00
i05,e03,c8,p35,l3,0.00
i05,e04,c1,p01,l1,0.00
i05,e04,c1,p01,l3,1.27
i05,e04,c1,p02,l1,0.00
i05,e04,c1,p02,l3,0.00
i05,e04,c1,p03,l1,0.00
i05,e04,c1,p03,l3,0.00
i05,e04,c1,p04,l1,0.00
i05,e04,c1,p04,l3,0.00
i05,e04,c1,p05,l1,0.00
i05,e04,c1,p05,l3,0.00
i05,e04,c1,p06,l1,0.00
i05,e04,c1,p06,l3,3.18
i05,e04,c1,p07,l1,0.00
i05,e04,c1,p07,l3,0.00
i05,e04,c1,p08,l1,0.00
i05,e04,c1,p08,l3,0.00
i05,e04,c1,p09,l1,0.00
i05,e04,c1,p09,l3,0.00
i05,e04,c1,p10,l1,0.00
i05,e04,c1,p10,l3,11.11
i05,e04,c1,p11,l1,0.00
i05,e04,c1,p11,l3,1.24
i05,e04,c1,p12,l1,0.00
i05,e04,c1,p12,l3,11.13
i05,e04,c1,p13,l1,0.00
i05,e04,c1,p13,l3,2.60
i05,e04,c1,p14,l1,0.00
i05,e04,c1,p14,l3,0.00
i05,e04,c1,p15,l1,0.00
i05,e04,c1,p15,l3,0.00
i05,e04,c1,p16,l1,0.00
i05,e04,c1,p16,l3,0.00
i05,e04,c1,p17,l1,0.00
i05,e04,c1,p17,l3,0.00
i05,e04,c1,p18,l1,0.00
i05,e04,c1,p18,l3,0.00
i05,e04,c1,p19,l1,0.00
i05,e04,c1,p19,l3,13.10
i05,e04,c1,p20,l1,0.00
i05,e04,c1,p20,l3,0.00
i05,e04,c1,p21,l1,0.00
i05,e04,c1,p21,l3,1.03
i05,e04,c1,p22,l1,0.00
i05,e04,c1,p22,l3,0.00
i05,e04,c1,p23,l1,0.00
i05,e04,c1,p23,l3,1.02
i05,e04,c1,p24,l1,0.00
i05,e04,c1,p24,l3,0.00
i05,e04,c1,p25,l1,0.00
i05,e04,c1,p25,l3,3.63
i05,e04,c1,p26,l1,0.00
i05,e04,c1,p26,l3,0.00
i05,e04,c1,p27,l1,0.00
i05,e04,c1,p27,l3,0.00
i05,e04,c1,p28,l1,0.00
i05,e04,c1,p28,l3,0.00
i05,e04,c1,p29,l1,0.00
i05,e04,c1,p29,l3,0.00
i05,e04,c1,p30,l1,0.00
i05,e04,c1,p30,l3,0.00
i05,e04,c1,p31,l1,0.00
i05,e04,c1,p31,l3,0.00
i05,e04,c1,p32,l1,0.00
i05,e04,c1,p32,l3,11.10
i05,e04,c1,p33,l1,0.00
i05,e04,c1,p33,l3,0.00
i05,e04,c1,p34,l1,0.00
i05,e04,c1,p34,l3,0.00
i05,e04,c1,p35,l1,0.00
i05,e04,c1,p35,l3,33.42
i05,e04,c4,p01,l1,0.00
i05,e04,c4,p01,l3,0.00
i05,e04,c4,p02,l1,0.00
i05,e04,c4,p02,l3,0.00
i05,e04,c4,p03,l1,0.00
i05,e04,c4,p03,l3,0.00
i05,e04,c4,p04,l1,0.00
i05,e04,c4,p04,l3,0.00
i05,e04,c4,p05,l1,0.00
i05,e04,c4,p05,l3,0.00
i05,e04,c4,p06,l3,0.00
i05,e04,c4,p07,l1,0.00
i05,e04,c4,p07,l3,0.00
i05,e04,c4,p08,l1,0.00
i05,e04,c4,p08,l3,0.00
i05,e04,c4,p09,l1,0.00
i05,e04,c4,p09,l3,0.00
i05,e04,c4,p10,l1,0.00
i05,e04,c4,p10,l3,0.00
i05,e04,c4,p11,l1,0.00
i05,e04,c4,p11,l3,0.00
i05,e04,c4,p12,l1,0.00
i05,e04,c4,p12,l3,0.00
i05,e04,c4,p13,l1,0.00
i05,e04,c4,p13,l3,0.00
i05,e04,c4,p14,l1,0.00
i05,e04,c4,p14,l3,0.00
i05,e04,c4,p15,l1,0.00
i05,e04,c4,p15,l3,0.00
i05,e04,c4,p16,l1,0.00
i05,e04,c4,p16,l3,0.00
i05,e04,c4,p17,l1,0.00
i05,e04,c4,p17,l3,0.00
i05,e04,c4,p18,l1,0.00
i05,e04,c4,p18,l3,0.00
i05,e04,c4,p19,l1,0.00
i05,e04,c4,p19,l3,0.00
i05,e04,c4,p20,l1,0.00
i05,e04,c4,p20,l3,0.00
i05,e04,c4,p21,l1,0.00
i05,e04,c4,p21,l3,0.00
i05,e04,c4,p22,l3,0.00
i05,e04,c4,p23,l1,0.00
i05,e04,c4,p23,l3,0.00
i05,e04,c4,p24,l1,0.00
i05,e04,c4,p24,l3,0.00
i05,e04,c4,p25,l3,0.00
i05,e04,c4,p26,l3,0.00
i05,e04,c4,p28,l3,0.00
i05,e04,c4,p29,l3,0.00
i05,e04,c4,p30,l3,0.00
i05,e04,c4,p31,l3,0.00
i05,e04,c4,p32,l1,0.00
i05,e04,c4,p32,l3,0.00
i05,e04,c4,p33,l3,0.00
i05,e04,c4,p35,l1,0.00
i05,e04,c4,p35,l3,0.00
i05,e04,c7,p01,l3,0.00
i05,e04,c7,p03,l3,0.00
i05,e04,c7,p05,l3,0.00
i05,e04,c7,p10,l1,0.00
i05,e04,c7,p10,l3,0.00
i05,e04,c7,p11,l3,0.00
i05,e04,c7,p12,l3,0.00
i05,e04,c7,p13,l3,0.00
i05,e04,c7,p14,l3,0.00
i05,e04,c7,p17,l1,0.00
i05,e04,c7,p17,l3,0.00
i05,e04,c7,p19,l3,0.00
i05,e04,c7,p24,l3,0.00
i05,e04,c7,p35,l1,0.00
i05,e04,c7,p35,l3,0.00
i05,e05,c1,p01,l1,0.00
i05,e05,c1,p01,l3,0.00
i05,e05,c1,p02,l1,0.00
i05,e05,c1,p02,l3,0.00
i05,e05,c1,p03,l1,0.00
i05,e05,c1,p03,l3,0.00
i05,e05,c1,p04,l1,0.00
i05,e05,c1,p04,l3,0.00
i05,e05,c1,p05,l1,0.00
i05,e05,c1,p05,l3,0.00
i05,e05,c1,p06,l1,0.00
i05,e05,c1,p06,l3,0.00
i05,e05,c1,p07,l1,0.00
i05,e05,c1,p07,l3,0.00
i05,e05,c1,p08,l1,0.00
i05,e05,c1,p08,l3,0.00
i05,e05,c1,p09,l1,0.00
i05,e05,c1,p09,l3,0.00
i05,e05,c1,p10,l1,0.00
i05,e05,c1,p10,l3,0.00
i05,e05,c1,p11,l1,0.00
i05,e05,c1,p11,l3,0.00
i05,e05,c1,p12,l1,0.00
i05,e05,c1,p12,l3,0.00
i05,e05,c1,p13,l1,0.00
i05,e05,c1,p13,l3,0.00
i05,e05,c1,p14,l1,0.00
i05,e05,c1,p14,l3,0.00
i05,e05,c1,p15,l1,0.00
i05,e05,c1,p15,l3,0.00
i05,e05,c1,p16,l1,0.00
i05,e05,c1,p16,l3,0.00
i05,e05,c1,p17,l1,0.00
i05,e05,c1,p17,l3,0.00
i05,e05,c1,p18,l1,0.00
i05,e05,c1,p18,l3,0.00
i05,e05,c1,p19,l1,0.00
i05,e05,c1,p19,l3,0.00
i05,e05,c1,p20,l1,0.00
i05,e05,c1,p20,l3,0.00
i05,e05,c1,p21,l1,0.00
i05,e05,c1,p21,l3,0.00
i05,e05,c1,p22,l1,0.00
i05,e05,c1,p22,l3,0.00
i05,e05,c1,p23,l1,0.00
i05,e05,c1,p23,l3,0.00
i05,e05,c1,p24,l1,0.00
i05,e05,c1,p24,l3,0.00
i05,e05,c1,p25,l1,0.00
i05,e05,c1,p25,l3,0.00
i05,e05,c1,p26,l1,0.00
i05,e05,c1,p26,l3,0.00
i05,e05,c1,p27,l3,0.00
i05,e05,c1,p28,l1,0.00
i05,e05,c1,p28,l3,0.00
i05,e05,c1,p29,l1,0.00
i05,e05,c1,p29,l3,1.80
i05,e05,c1,p30,l1,0.00
i05,e05,c1,p30,l3,0.00
i05,e05,c1,p31,l1,0.00
i05,e05,c1,p31,l3,0.00
i05,e05,c1,p32,l1,0.00
i05,e05,c1,p32,l3,0.00
i05,e05,c1,p33,l1,0.00
i05,e05,c1,p33,l3,0.00
i05,e05,c1,p34,l3,0.00
i05,e05,c1,p35,l1,0.00
i05,e05,c1,p35,l3,3.08
i05,e05,c4,p01,l3,0.00
i05,e05,c4,p02,l1,0.00
i05,e05,c4,p02,l3,0.00
i05,e05,c4,p03,l1,0.00
i05,e05,c4,p03,l3,0.00
i05,e05,c4,p04,l3,0.00
i05,e05,c4,p05,l1,0.00
i05,e05,c4,p05,l3,0.00
i05,e05,c4,p06,l3,0.00
i05,e05,c4,p07,l1,0.00
i05,e05,c4,p07,l3,0.00
i05,e05,c4,p08,l3,0.00
i05,e05,c4,p09,l1,0.00
i05,e05,c4,p09,l3,0.00
i05,e05,c4,p10,l1,0.00
i05,e05,c4,p10,l3,0.00
i05,e05,c4,p11,l3,0.00
i05,e05,c4,p12,l1,0.00
i05,e05,c4,p12,l3,0.00
i05,e05,c4,p13,l3,0.00
i05,e05,c4,p15,l1,0.00
i05,e05,c4,p15,l3,0.00
i05,e05,c4,p16,l3,0.00
i05,e05,c4,p17,l3,0.00
i05,e05,c4,p18,l3,0.00
i05,e05,c4,p19,l3,0.00
i05,e05,c4,p21,l3,0.00
i05,e05,c4,p22,l3,0.00
i05,e05,c4,p23,l3,0.00
i05,e05,c4,p24,l3,0.00
i05,e05,c4,p28,l3,0.00
i05,e05,c4,p29,l1,0.00
i05,e05,c4,p29,l3,0.00
i05,e05,c4,p35,l1,0.00
i05,e05,c4,p35,l3,0.00
i05,e05,c7,p05,l3,0.00
i05,e05,c7,p10,l1,0.00
i05,e05,c7,p10,l3,0.00
i05,e05,c7,p35,l1,0.00
i05,e05,c7,p35,l3,0.00
i05,e06,c1,p01,l3,0.00
i05,e06,c1,p02,l3,1.03
i05,e06,c1,p03,l3,1.12
i05,e06,c1,p04,l3,4.05
i05,e06,c1,p05,l3,3.73
i05,e06,c1,p06,l3,0.00
i05,e06,c1,p07,l3,4.38
i05,e06,c1,p08,l3,1.52
i05,e06,c1,p09,l3,0.00
i05,e06,c1,p10,l3,16.71
i05,e06,c1,p11,l3,4.16
i05,e06,c1,p12,l3,7.27
i05,e06,c1,p13,l3,3.08
i05,e06,c1,p14,l3,1.68
i05,e06,c1,p15,l3,3.29
i05,e06,c1,p16,l3,4.32
i05,e06,c1,p17,l3,2.26
i05,e06,c1,p18,l3,2.52
i05,e06,c1,p19,l3,8.01
i05,e06,c1,p20,l3,0.00
i05,e06,c1,p21,l3,4.32
i05,e06,c1,p22,l3,1.07
i05,e06,c1,p23,l3,0.00
i05,e06,c1,p24,l3,1.40
i05,e06,c1,p25,l3,1.39
i05,e06,c1,p26,l3,0.00
i05,e06,c1,p27,l3,0.00
i05,e06,c1,p28,l3,0.00
i05,e06,c1,p29,l3,1.06
i05,e06,c1,p30,l3,0.00
i05,e06,c1,p31,l3,0.00
i05,e06,c1,p32,l3,0.00
i05,e06,c1,p33,l3,0.00
i05,e06,c1,p34,l3,0.00
i05,e06,c1,p35,l3,17.41
i05,e06,c4,p01,l3,0.00
i05,e06,c4,p02,l3,0.00
i05,e06,c4,p03,l3,0.00
i05,e06,c4,p04,l3,0.00
i05,e06,c4,p05,l3,0.00
i05,e06,c4,p06,l3,0.00
i05,e06,c4,p07,l3,0.00
i05,e06,c4,p08,l3,0.00
i05,e06,c4,p09,l3,0.00
i05,e06,c4,p10,l3,0.00
i05,e06,c4,p11,l3,0.00
i05,e06,c4,p12,l3,0.00
i05,e06,c4,p13,l3,0.00
i05,e06,c4,p14,l3,0.00
i05,e06,c4,p15,l3,0.00
i05,e06,c4,p16,l3,0.00
i05,e06,c4,p17,l3,0.00
i05,e06,c4,p18,l3,0.00
i05,e06,c4,p19,l3,0.00
i05,e06,c4,p20,l3,0.00
i05,e06,c4,p21,l3,0.00
i05,e06,c4,p22,l3,0.00
i05,e06,c4,p23,l3,0.00
i05,e06,c4,p24,l3,0.00
i05,e06,c4,p25,l3,0.00
i05,e06,c4,p26,l3,0.00
i05,e06,c4,p28,l3,0.00
i05,e06,c4,p29,l3,0.00
i05,e06,c4,p30,l3,0.00
i05,e06,c4,p31,l3,0.00
i05,e06,c4,p32,l3,0.00
i05,e06,c4,p35,l3,0.00
i05,e06,c7,p01,l3,0.00
i05,e06,c7,p02,l3,0.00
i05,e06,c7,p03,l3,0.00
i05,e06,c7,p04,l3,0.00
i05,e06,c7,p05,l3,0.00
i05,e06,c7,p06,l3,0.00
i05,e06,c7,p09,l3,0.00
i05,e06,c7,p10,l3,0.00
i05,e06,c7,p11,l3,0.00
i05,e06,c7,p12,l3,0.00
i05,e06,c7,p13,l3,0.00
i05,e06,c7,p15,l3,0.00
i05,e06,c7,p16,l3,0.00
i05,e06,c7,p17,l3,0.00
i05,e06,c7,p18,l3,0.00
i05,e06,c7,p19,l3,0.00
i05,e06,c7,p21,l3,0.00
i05,e06,c7,p23,l3,0.00
i05,e06,c7,p26,l3,0.00
i05,e06,c7,p29,l3,0.00
i05,e06,c7,p35,l3,0.00
i05,e07,c1,p01,l2,0.00
i05,e07,c1,p01,l3,14.35
i05,e07,c1,p02,l2,0.00
i05,e07,c1,p02,l3,0.00
i05,e07,c1,p03,l2,0.00
i05,e07,c1,p03,l3,21.29
i05,e07,c1,p04,l2,0.00
i05,e07,c1,p04,l3,5.17
i05,e07,c1,p05,l2,0.00
i05,e07,c1,p05,l3,2.06
i05,e07,c1,p06,l2,0.00
i05,e07,c1,p06,l3,2.74
i05,e07,c1,p07,l2,0.00
i05,e07,c1,p07,l3,0.00
i05,e07,c1,p08,l2,0.00
i05,e07,c1,p08,l3,13.50
i05,e07,c1,p09,l2,0.00
i05,e07,c1,p09,l3,1.92
i05,e07,c1,p10,l2,0.00
i05,e07,c1,p10,l3,146.02
i05,e07,c1,p11,l2,0.00
i05,e07,c1,p11,l3,27.15
i05,e07,c1,p12,l2,0.00
i05,e07,c1,p12,l3,17.00
i05,e07,c1,p13,l2,0.00
i05,e07,c1,p13,l3,13.21
i05,e07,c1,p14,l2,0.00
i05,e07,c1,p14,l3,10.18
i05,e07,c1,p15,l2,0.00
i05,e07,c1,p15,l3,4.84
i05,e07,c1,p16,l2,0.00
i05,e07,c1,p16,l3,4.29
i05,e07,c1,p17,l2,0.00
i05,e07,c1,p17,l3,17.30
i05,e07,c1,p18,l2,0.00
i05,e07,c1,p18,l3,0.00
i05,e07,c1,p19,l2,0.00
i05,e07,c1,p19,l3,35.20
i05,e07,c1,p20,l2,0.00
i05,e07,c1,p20,l3,0.00
i05,e07,c1,p21,l2,0.00
i05,e07,c1,p21,l3,20.08
i05,e07,c1,p22,l2,0.00
i05,e07,c1,p22,l3,1.27
i05,e07,c1,p23,l2,0.00
i05,e07,c1,p23,l3,0.00
i05,e07,c1,p24,l2,0.00
i05,e07,c1,p24,l3,10.78
i05,e07,c1,p25,l2,0.00
i05,e07,c1,p25,l3,3.01
i05,e07,c1,p26,l2,0.00
i05,e07,c1,p26,l3,0.00
i05,e07,c1,p27,l2,0.00
i05,e07,c1,p27,l3,0.00
i05,e07,c1,p28,l2,0.00
i05,e07,c1,p28,l3,0.00
i05,e07,c1,p29,l2,0.00
i05,e07,c1,p29,l3,3.60
i05,e07,c1,p30,l2,0.00
i05,e07,c1,p30,l3,0.00
i05,e07,c1,p31,l2,0.00
i05,e07,c1,p31,l3,0.00
i05,e07,c1,p32,l2,0.00
i05,e07,c1,p32,l3,2.13
i05,e07,c1,p33,l2,0.00
i05,e07,c1,p33,l3,0.00
i05,e07,c1,p34,l2,0.00
i05,e07,c1,p34,l3,0.00
i05,e07,c1,p35,l2,0.00
i05,e07,c1,p35,l3,66.20
i05,e07,c4,p01,l2,0.00
i05,e07,c4,p01,l3,0.00
i05,e07,c4,p02,l2,0.00
i05,e07,c4,p02,l3,0.00
i05,e07,c4,p03,l2,0.00
i05,e07,c4,p03,l3,0.00
i05,e07,c4,p04,l2,0.00
i05,e07,c4,p04,l3,3.71
i05,e07,c4,p05,l2,0.00
i05,e07,c4,p05,l3,0.00
i05,e07,c4,p06,l2,0.00
i05,e07,c4,p06,l3,0.00
i05,e07,c4,p07,l2,0.00
i05,e07,c4,p07,l3,0.00
i05,e07,c4,p08,l2,0.00
i05,e07,c4,p08,l3,0.00
i05,e07,c4,p09,l2,0.00
i05,e07,c4,p09,l3,0.00
i05,e07,c4,p10,l2,0.00
i05,e07,c4,p10,l3,0.00
i05,e07,c4,p11,l2,0.00
i05,e07,c4,p11,l3,0.00
i05,e07,c4,p12,l2,0.00
i05,e07,c4,p12,l3,0.00
i05,e07,c4,p13,l2,0.00
i05,e07,c4,p13,l3,0.00
i05,e07,c4,p14,l2,0.00
i05,e07,c4,p14,l3,0.00
i05,e07,c4,p15,l2,0.00
i05,e07,c4,p15,l3,5.42
i05,e07,c4,p16,l2,0.00
i05,e07,c4,p16,l3,0.00
i05,e07,c4,p17,l2,0.00
i05,e07,c4,p17,l3,0.00
i05,e07,c4,p18,l2,0.00
i05,e07,c4,p18,l3,0.00
i05,e07,c4,p19,l2,0.00
i05,e07,c4,p19,l3,0.00
i05,e07,c4,p20,l2,0.00
i05,e07,c4,p20,l3,0.00
i05,e07,c4,p21,l2,0.00
i05,e07,c4,p21,l3,0.00
i05,e07,c4,p22,l2,0.00
i05,e07,c4,p22,l3,0.00
i05,e07,c4,p23,l2,0.00
i05,e07,c4,p23,l3,0.00
i05,e07,c4,p24,l2,0.00
i05,e07,c4,p24,l3,0.00
i05,e07,c4,p25,l2,0.00
i05,e07,c4,p25,l3,0.00
i05,e07,c4,p26,l3,0.00
i05,e07,c4,p28,l2,0.00
i05,e07,c4,p28,l3,0.00
i05,e07,c4,p29,l2,0.00
i05,e07,c4,p29,l3,0.00
i05,e07,c4,p30,l3,0.00
i05,e07,c4,p31,l3,0.00
i05,e07,c4,p32,l2,0.00
i05,e07,c4,p32,l3,0.00
i05,e07,c4,p35,l2,0.00
i05,e07,c4,p35,l3,0.00
i05,e07,c7,p01,l3,0.00
i05,e07,c7,p03,l3,0.00
i05,e07,c7,p04,l3,0.00
i05,e07,c7,p05,l3,0.00
i05,e07,c7,p10,l2,0.00
i05,e07,c7,p10,l3,0.00
i05,e07,c7,p11,l3,0.00
i05,e07,c7,p12,l3,0.00
i05,e07,c7,p17,l2,0.00
i05,e07,c7,p17,l3,0.00
i05,e07,c7,p18,l3,0.00
i05,e07,c7,p23,l2,0.00
i05,e07,c7,p24,l3,0.00
i05,e07,c7,p35,l2,0.00
i05,e07,c7,p35,l3,0.00
i05,e08,c1,p01,l2,0.00
i05,e08,c1,p01,l3,54.15
i05,e08,c1,p02,l2,0.00
i05,e08,c1,p02,l3,0.00
i05,e08,c1,p03,l2,0.00
i05,e08,c1,p03,l3,4.98
i05,e08,c1,p04,l2,0.00
i05,e08,c1,p04,l3,1.78
i05,e08,c1,p05,l2,0.00
i05,e08,c1,p05,l3,2.35
i05,e08,c1,p06,l2,0.00
i05,e08,c1,p06,l3,2.65
i05,e08,c1,p07,l2,0.00
i05,e08,c1,p07,l3,11.21
i05,e08,c1,p08,l2,0.00
i05,e08,c1,p08,l3,0.00
i05,e08,c1,p09,l2,0.00
i05,e08,c1,p09,l3,0.00
i05,e08,c1,p10,l2,0.00
i05,e08,c1,p10,l3,25.32
i05,e08,c1,p11,l2,0.00
i05,e08,c1,p11,l3,3.75
i05,e08,c1,p12,l2,0.00
i05,e08,c1,p12,l3,6.37
i05,e08,c1,p13,l2,0.00
i05,e08,c1,p13,l3,2.13
i05,e08,c1,p14,l2,0.00
i05,e08,c1,p14,l3,1.19
i05,e08,c1,p15,l2,0.00
i05,e08,c1,p15,l3,10.21
i05,e08,c1,p16,l2,0.00
i05,e08,c1,p16,l3,0.00
i05,e08,c1,p17,l2,0.00
i05,e08,c1,p17,l3,488.62
i05,e08,c1,p18,l2,0.00
i05,e08,c1,p18,l3,0.00
i05,e08,c1,p19,l2,0.00
i05,e08,c1,p19,l3,71.82
i05,e08,c1,p20,l2,0.00
i05,e08,c1,p20,l3,0.00
i05,e08,c1,p21,l2,0.00
i05,e08,c1,p21,l3,11.65
i05,e08,c1,p22,l2,0.00
i05,e08,c1,p22,l3,0.00
i05,e08,c1,p23,l2,0.00
i05,e08,c1,p23,l3,4.45
i05,e08,c1,p24,l2,0.00
i05,e08,c1,p24,l3,1.27
i05,e08,c1,p25,l2,0.00
i05,e08,c1,p25,l3,0.00
i05,e08,c1,p26,l2,0.00
i05,e08,c1,p26,l3,0.00
i05,e08,c1,p27,l2,0.00
i05,e08,c1,p27,l3,0.00
i05,e08,c1,p28,l2,0.00
i05,e08,c1,p28,l3,0.00
i05,e08,c1,p29,l2,0.00
i05,e08,c1,p29,l3,2.15
i05,e08,c1,p30,l2,0.00
i05,e08,c1,p30,l3,0.00
i05,e08,c1,p31,l2,0.00
i05,e08,c1,p31,l3,0.00
i05,e08,c1,p32,l2,0.00
i05,e08,c1,p32,l3,12.66
i05,e08,c1,p33,l2,0.00
i05,e08,c1,p33,l3,0.00
i05,e08,c1,p34,l2,0.00
i05,e08,c1,p34,l3,0.00
i05,e08,c1,p35,l2,0.00
i05,e08,c1,p35,l3,484.05
i05,e08,c4,p01,l2,0.00
i05,e08,c4,p01,l3,0.00
i05,e08,c4,p02,l2,0.00
i05,e08,c4,p02,l3,0.00
i05,e08,c4,p03,l2,0.00
i05,e08,c4,p03,l3,0.00
i05,e08,c4,p04,l2,0.00
i05,e08,c4,p04,l3,0.00
i05,e08,c4,p05,l2,0.00
i05,e08,c4,p05,l3,0.00
i05,e08,c4,p06,l2,0.00
i05,e08,c4,p06,l3,0.00
i05,e08,c4,p07,l2,0.00
i05,e08,c4,p07,l3,0.00
i05,e08,c4,p08,l2,0.00
i05,e08,c4,p08,l3,0.00
i05,e08,c4,p09,l2,0.00
i05,e08,c4,p09,l3,0.00
i05,e08,c4,p10,l2,0.00
i05,e08,c4,p10,l3,0.00
i05,e08,c4,p11,l2,0.00
i05,e08,c4,p11,l3,0.00
i05,e08,c4,p12,l2,0.00
i05,e08,c4,p12,l3,0.00
i05,e08,c4,p13,l2,0.00
i05,e08,c4,p13,l3,0.00
i05,e08,c4,p14,l2,0.00
i05,e08,c4,p14,l3,0.00
i05,e08,c4,p15,l2,0.00
i05,e08,c4,p15,l3,0.00
i05,e08,c4,p16,l2,0.00
i05,e08,c4,p16,l3,0.00
i05,e08,c4,p17,l2,0.00
i05,e08,c4,p17,l3,0.00
i05,e08,c4,p18,l2,0.00
i05,e08,c4,p18,l3,0.00
i05,e08,c4,p19,l2,0.00
i05,e08,c4,p19,l3,0.00
i05,e08,c4,p20,l2,0.00
i05,e08,c4,p20,l3,0.00
i05,e08,c4,p21,l2,0.00
i05,e08,c4,p21,l3,0.00
i05,e08,c4,p22,l2,0.00
i05,e08,c4,p22,l3,0.00
i05,e08,c4,p23,l2,0.00
i05,e08,c4,p23,l3,0.00
i05,e08,c4,p24,l2,0.00
i05,e08,c4,p24,l3,0.00
i05,e08,c4,p25,l3,0.00
i05,e08,c4,p26,l2,0.00
i05,e08,c4,p26,l3,0.00
i05,e08,c4,p28,l3,0.00
i05,e08,c4,p29,l2,0.00
i05,e08,c4,p29,l3,0.00
i05,e08,c4,p31,l2,0.00
i05,e08,c4,p32,l2,0.00
i05,e08,c4,p32,l3,0.00
i05,e08,c4,p35,l2,0.00
i05,e08,c4,p35,l3,0.00
i05,e08,c7,p01,l3,0.00
i05,e08,c7,p03,l2,0.00
i05,e08,c7,p03,l3,0.00
i05,e08,c7,p05,l3,0.00
i05,e08,c7,p10,l2,0.00
i05,e08,c7,p10,l3,0.00
i05,e08,c7,p11,l3,0.00
i05,e08,c7,p12,l2,0.00
i05,e08,c7,p12,l3,0.00
i05,e08,c7,p17,l2,0.00
i05,e08,c7,p17,l3,0.00
i05,e08,c7,p19,l3,0.00
i05,e08,c7,p24,l3,0.00
i05,e08,c7,p26,l3,0.00
i05,e08,c7,p29,l3,0.00
i05,e08,c7,p35,l2,0.00
i05,e08,c7,p35,l3,0.00
i05,e09,c1,p01,l2,0.00
i05,e09,c1,p01,l3,1.83
i05,e09,c1,p02,l2,0.00
i05,e09,c1,p02,l3,0.00
i05,e09,c1,p03,l2,0.00
i05,e09,c1,p03,l3,1.66
i05,e09,c1,p04,l2,0.00
i05,e09,c1,p04,l3,0.00
i05,e09,c1,p05,l2,0.00
i05,e09,c1,p05,l3,0.00
i05,e09,c1,p06,l2,0.00
i05,e09,c1,p06,l3,2.72
i05,e09,c1,p07,l2,0.00
i05,e09,c1,p07,l3,1.75
i05,e09,c1,p08,l2,0.00
i05,e09,c1,p08,l3,1.29
i05,e09,c1,p09,l2,0.00
i05,e09,c1,p09,l3,0.00
i05,e09,c1,p10,l2,0.00
i05,e09,c1,p10,l3,11.05
i05,e09,c1,p11,l2,0.00
i05,e09,c1,p11,l3,0.00
i05,e09,c1,p12,l2,0.00
i05,e09,c1,p12,l3,11.26
i05,e09,c1,p13,l2,0.00
i05,e09,c1,p13,l3,1.18
i05,e09,c1,p14,l2,0.00
i05,e09,c1,p14,l3,0.00
i05,e09,c1,p15,l2,0.00
i05,e09,c1,p15,l3,1.77
i05,e09,c1,p16,l2,0.00
i05,e09,c1,p16,l3,0.00
i05,e09,c1,p17,l2,0.00
i05,e09,c1,p17,l3,2.06
i05,e09,c1,p18,l2,0.00
i05,e09,c1,p18,l3,0.00
i05,e09,c1,p19,l2,0.00
i05,e09,c1,p19,l3,8.23
i05,e09,c1,p20,l2,0.00
i05,e09,c1,p20,l3,0.00
i05,e09,c1,p21,l2,0.00
i05,e09,c1,p21,l3,5.26
i05,e09,c1,p22,l2,0.00
i05,e09,c1,p22,l3,0.00
i05,e09,c1,p23,l2,0.00
i05,e09,c1,p23,l3,0.00
i05,e09,c1,p24,l2,0.00
i05,e09,c1,p24,l3,2.33
i05,e09,c1,p25,l2,0.00
i05,e09,c1,p25,l3,0.00
i05,e09,c1,p26,l2,0.00
i05,e09,c1,p26,l3,0.00
i05,e09,c1,p27,l2,0.00
i05,e09,c1,p27,l3,0.00
i05,e09,c1,p28,l2,0.00
i05,e09,c1,p28,l3,0.00
i05,e09,c1,p29,l2,0.00
i05,e09,c1,p29,l3,1.03
i05,e09,c1,p30,l2,0.00
i05,e09,c1,p30,l3,0.00
i05,e09,c1,p31,l2,0.00
i05,e09,c1,p31,l3,0.00
i05,e09,c1,p32,l2,0.00
i05,e09,c1,p32,l3,0.00
i05,e09,c1,p33,l2,0.00
i05,e09,c1,p33,l3,0.00
i05,e09,c1,p34,l2,0.00
i05,e09,c1,p34,l3,0.00
i05,e09,c1,p35,l2,0.00
i05,e09,c1,p35,l3,21.52
i05,e09,c4,p01,l2,0.00
i05,e09,c4,p01,l3,0.00
i05,e09,c4,p02,l2,0.00
i05,e09,c4,p02,l3,0.00
i05,e09,c4,p03,l2,0.00
i05,e09,c4,p03,l3,0.00
i05,e09,c4,p04,l2,0.00
i05,e09,c4,p04,l3,0.00
i05,e09,c4,p05,l2,0.00
i05,e09,c4,p05,l3,0.00
i05,e09,c4,p06,l3,0.00
i05,e09,c4,p07,l2,0.00
i05,e09,c4,p07,l3,0.00
i05,e09,c4,p08,l2,0.00
i05,e09,c4,p08,l3,0.00
i05,e09,c4,p09,l2,0.00
i05,e09,c4,p09,l3,0.00
i05,e09,c4,p10,l2,0.00
i05,e09,c4,p10,l3,0.00
i05,e09,c4,p11,l2,0.00
i05,e09,c4,p11,l3,0.00
i05,e09,c4,p12,l2,0.00
i05,e09,c4,p12,l3,0.00
i05,e09,c4,p13,l2,0.00
i05,e09,c4,p13,l3,0.00
i05,e09,c4,p14,l2,0.00
i05,e09,c4,p14,l3,0.00
i05,e09,c4,p15,l2,0.00
i05,e09,c4,p15,l3,0.00
i05,e09,c4,p16,l2,0.00
i05,e09,c4,p16,l3,0.00
i05,e09,c4,p17,l2,0.00
i05,e09,c4,p17,l3,0.00
i05,e09,c4,p18,l3,0.00
i05,e09,c4,p19,l2,0.00
i05,e09,c4,p19,l3,0.00
i05,e09,c4,p20,l2,0.00
i05,e09,c4,p20,l3,0.00
i05,e09,c4,p21,l2,0.00
i05,e09,c4,p21,l3,0.00
i05,e09,c4,p22,l2,0.00
i05,e09,c4,p22,l3,0.00
i05,e09,c4,p23,l2,0.00
i05,e09,c4,p23,l3,0.00
i05,e09,c4,p24,l2,0.00
i05,e09,c4,p24,l3,0.00
i05,e09,c4,p25,l3,0.00
i05,e09,c4,p26,l3,0.00
i05,e09,c4,p28,l2,0.00
i05,e09,c4,p28,l3,0.00
i05,e09,c4,p29,l2,0.00
i05,e09,c4,p29,l3,0.00
i05,e09,c4,p30,l3,0.00
i05,e09,c4,p31,l3,0.00
i05,e09,c4,p32,l2,0.00
i05,e09,c4,p32,l3,0.00
i05,e09,c4,p33,l3,0.00
i05,e09,c4,p35,l2,0.00
i05,e09,c4,p35,l3,0.00
i05,e09,c7,p01,l3,0.00
i05,e09,c7,p03,l3,0.00
i05,e09,c7,p04,l3,0.00
i05,e09,c7,p05,l3,0.00
i05,e09,c7,p10,l2,0.00
i05,e09,c7,p10,l3,0.00
i05,e09,c7,p11,l3,0.00
i05,e09,c7,p12,l3,0.00
i05,e09,c7,p14,l3,0.00
i05,e09,c7,p17,l3,0.00
i05,e09,c7,p19,l3,0.00
i05,e09,c7,p24,l3,0.00
i05,e09,c7,p35,l2,0.00
i05,e09,c7,p35,l3,0.00
i05,e11,c1,p01,l2,0.00
i05,e11,c1,p01,l3,2.25
i05,e11,c1,p02,l2,0.00
i05,e11,c1,p02,l3,0.00
i05,e11,c1,p03,l2,0.00
i05,e11,c1,p03,l3,0.00
i05,e11,c1,p04,l2,0.00
i05,e11,c1,p04,l3,0.00
i05,e11,c1,p05,l2,0.00
i05,e11,c1,p05,l3,0.00
i05,e11,c1,p06,l2,0.00
i05,e11,c1,p06,l3,0.00
i05,e11,c1,p07,l2,0.00
i05,e11,c1,p07,l3,0.00
i05,e11,c1,p08,l2,0.00
i05,e11,c1,p08,l3,0.00
i05,e11,c1,p09,l2,0.00
i05,e11,c1,p09,l3,0.00
i05,e11,c1,p10,l2,0.00
i05,e11,c1,p10,l3,3.04
i05,e11,c1,p11,l2,0.00
i05,e11,c1,p11,l3,0.00
i05,e11,c1,p12,l2,0.00
i05,e11,c1,p12,l3,0.00
i05,e11,c1,p13,l2,0.00
i05,e11,c1,p13,l3,0.00
i05,e11,c1,p14,l2,0.00
i05,e11,c1,p14,l3,0.00
i05,e11,c1,p15,l2,0.00
i05,e11,c1,p15,l3,0.00
i05,e11,c1,p16,l2,0.00
i05,e11,c1,p16,l3,0.00
i05,e11,c1,p17,l2,0.00
i05,e11,c1,p17,l3,0.00
i05,e11,c1,p18,l2,0.00
i05,e11,c1,p18,l3,0.00
i05,e11,c1,p19,l2,0.00
i05,e11,c1,p19,l3,0.00
i05,e11,c1,p20,l2,0.00
i05,e11,c1,p20,l3,0.00
i05,e11,c1,p21,l2,0.00
i05,e11,c1,p21,l3,0.00
i05,e11,c1,p22,l2,0.00
i05,e11,c1,p22,l3,0.00
i05,e11,c1,p23,l2,0.00
i05,e11,c1,p23,l3,0.00
i05,e11,c1,p24,l2,0.00
i05,e11,c1,p24,l3,0.00
i05,e11,c1,p25,l2,0.00
i05,e11,c1,p25,l3,0.00
i05,e11,c1,p26,l2,0.00
i05,e11,c1,p26,l3,0.00
i05,e11,c1,p27,l2,0.00
i05,e11,c1,p27,l3,0.00
i05,e11,c1,p28,l2,0.00
i05,e11,c1,p28,l3,0.00
i05,e11,c1,p29,l2,0.00
i05,e11,c1,p29,l3,0.00
i05,e11,c1,p30,l2,0.00
i05,e11,c1,p30,l3,0.00
i05,e11,c1,p31,l2,0.00
i05,e11,c1,p31,l3,0.00
i05,e11,c1,p32,l2,0.00
i05,e11,c1,p32,l3,0.00
i05,e11,c1,p33,l2,0.00
i05,e11,c1,p33,l3,0.00
i05,e11,c1,p34,l2,0.00
i05,e11,c1,p34,l3,0.00
i05,e11,c1,p35,l2,0.00
i05,e11,c1,p35,l3,4.35
i05,e11,c4,p01,l2,0.00
i05,e11,c4,p01,l3,0.00
i05,e11,c4,p02,l2,0.00
i05,e11,c4,p02,l3,0.00
i05,e11,c4,p03,l2,0.00
i05,e11,c4,p03,l3,0.00
i05,e11,c4,p04,l2,0.00
i05,e11,c4,p04,l3,0.00
i05,e11,c4,p05,l2,0.00
i05,e11,c4,p05,l3,0.00
i05,e11,c4,p06,l3,0.00
i05,e11,c4,p07,l3,0.00
i05,e11,c4,p08,l3,0.00
i05,e11,c4,p09,l3,0.00
i05,e11,c4,p10,l2,0.00
i05,e11,c4,p10,l3,0.00
i05,e11,c4,p11,l2,0.00
i05,e11,c4,p11,l3,0.00
i05,e11,c4,p12,l3,0.00
i05,e11,c4,p13,l3,0.00
i05,e11,c4,p14,l3,0.00
i05,e11,c4,p15,l2,0.00
i05,e11,c4,p15,l3,0.00
i05,e11,c4,p16,l3,0.00
i05,e11,c4,p17,l2,0.00
i05,e11,c4,p17,l3,0.00
i05,e11,c4,p18,l3,0.00
i05,e11,c4,p19,l2,0.00
i05,e11,c4,p19,l3,0.00
i05,e11,c4,p21,l3,0.00
i05,e11,c4,p22,l3,0.00
i05,e11,c4,p23,l3,0.00
i05,e11,c4,p24,l3,0.00
i05,e11,c4,p29,l3,0.00
i05,e11,c4,p32,l3,0.00
i05,e11,c4,p35,l2,0.00
i05,e11,c4,p35,l3,0.00
i05,e11,c7,p17,l3,0.00
i05,e11,c7,p35,l3,0.00
i05,e12,c1,p01,l3,3.40
i05,e12,c1,p02,l3,3.51
i05,e12,c1,p03,l3,2.40
i05,e12,c1,p04,l3,5.66
i05,e12,c1,p05,l3,9.14
i05,e12,c1,p06,l3,3.27
i05,e12,c1,p07,l3,0.00
i05,e12,c1,p08,l3,1.39
i05,e12,c1,p09,l3,0.00
i05,e12,c1,p10,l3,40.32
i05,e12,c1,p11,l3,9.12
i05,e12,c1,p12,l3,2.18
i05,e12,c1,p13,l3,4.30
i05,e12,c1,p14,l3,4.44
i05,e12,c1,p15,l3,7.14
i05,e12,c1,p16,l3,7.21
i05,e12,c1,p17,l3,11.09
i05,e12,c1,p18,l3,0.00
i05,e12,c1,p19,l3,18.60
i05,e12,c1,p20,l3,0.00
i05,e12,c1,p21,l3,5.33
i05,e12,c1,p22,l3,1.49
i05,e12,c1,p23,l3,3.92
i05,e12,c1,p24,l3,1.36
i05,e12,c1,p25,l3,2.12
i05,e12,c1,p26,l3,0.00
i05,e12,c1,p27,l3,0.00
i05,e12,c1,p28,l3,0.00
i05,e12,c1,p29,l3,2.41
i05,e12,c1,p30,l3,0.00
i05,e12,c1,p31,l3,0.00
i05,e12,c1,p32,l3,0.00
i05,e12,c1,p33,l3,0.00
i05,e12,c1,p34,l3,0.00
i05,e12,c1,p35,l3,26.46
i05,e12,c4,p01,l3,0.00
i05,e12,c4,p02,l3,0.00
i05,e12,c4,p03,l3,0.00
i05,e12,c4,p04,l3,0.00
i05,e12,c4,p05,l3,0.00
i05,e12,c4,p06,l3,0.00
i05,e12,c4,p07,l3,0.00
i05,e12,c4,p08,l3,0.00
i05,e12,c4,p09,l3,0.00
i05,e12,c4,p10,l3,0.00
i05,e12,c4,p11,l3,0.00
i05,e12,c4,p12,l3,0.00
i05,e12,c4,p13,l3,0.00
i05,e12,c4,p14,l3,0.00
i05,e12,c4,p15,l3,0.00
i05,e12,c4,p16,l3,0.00
i05,e12,c4,p17,l3,0.00
i05,e12,c4,p18,l3,0.00
i05,e12,c4,p19,l3,0.00
i05,e12,c4,p20,l3,0.00
i05,e12,c4,p21,l3,0.00
i05,e12,c4,p22,l3,0.00
i05,e12,c4,p23,l3,0.00
i05,e12,c4,p24,l3,0.00
i05,e12,c4,p25,l3,0.00
i05,e12,c4,p26,l3,0.00
i05,e12,c4,p28,l3,0.00
i05,e12,c4,p29,l3,0.00
i05,e12,c4,p31,l3,0.00
i05,e12,c4,p32,l3,0.00
i05,e12,c4,p33,l3,0.00
i05,e12,c4,p35,l3,0.00
i05,e12,c7,p01,l3,0.00
i05,e12,c7,p02,l3,0.00
i05,e12,c7,p03,l3,0.00
i05,e12,c7,p04,l3,0.00
i05,e12,c7,p05,l3,0.00
i05,e12,c7,p06,l3,0.00
i05,e12,c7,p10,l3,0.00
i05,e12,c7,p11,l3,0.00
i05,e12,c7,p12,l3,0.00
i05,e12,c7,p13,l3,0.00
i05,e12,c7,p15,l3,0.00
i05,e12,c7,p16,l3,0.00
i05,e12,c7,p17,l3,0.00
i05,e12,c7,p18,l3,0.00
i05,e12,c7,p19,l3,0.00
i05,e12,c7,p24,l3,0.00
i05,e12,c7,p26,l3,0.00
i05,e12,c7,p35,l3,0.00
i05,e13,c1,p01,l3,0.00
i05,e13,c1,p02,l3,0.00
i05,e13,c1,p03,l3,0.00
i05,e13,c1,p04,l3,0.00
i05,e13,c1,p05,l3,0.00
i05,e13,c1,p06,l3,0.00
i05,e13,c1,p07,l3,0.00
i05,e13,c1,p08,l3,0.00
i05,e13,c1,p09,l3,0.00
i05,e13,c1,p10,l3,0.00
i05,e13,c1,p11,l3,0.00
i05,e13,c1,p12,l3,0.00
i05,e13,c1,p13,l3,0.00
i05,e13,c1,p14,l3,0.00
i05,e13,c1,p15,l3,0.00
i05,e13,c1,p16,l3,0.00
i05,e13,c1,p17,l3,0.00
i05,e13,c1,p18,l3,0.00
i05,e13,c1,p19,l3,0.00
i05,e13,c1,p20,l3,0.00
i05,e13,c1,p21,l3,0.00
i05,e13,c1,p22,l3,0.00
i05,e13,c1,p23,l3,0.00
i05,e13,c1,p24,l3,0.00
i05,e13,c1,p25,l3,0.00
i05,e13,c1,p26,l3,0.00
i05,e13,c1,p27,l3,0.00
i05,e13,c1,p28,l3,0.00
i05,e13,c1,p29,l3,0.00
i05,e13,c1,p30,l3,0.00
i05,e13,c1,p31,l3,0.00
i05,e13,c1,p32,l3,0.00
i05,e13,c1,p33,l3,0.00
i05,e13,c1,p34,l3,0.00
i05,e13,c1,p35,l3,0.00
i05,e13,c4,p01,l3,0.00
i05,e13,c4,p02,l3,0.00
i05,e13,c4,p03,l3,0.00
i05,e13,c4,p04,l3,0.00
i05,e13,c4,p05,l3,0.00
i05,e13,c4,p06,l3,0.00
i05,e13,c4,p07,l3,0.00
i05,e13,c4,p08,l3,0.00
i05,e13,c4,p09,l3,0.00
i05,e13,c4,p10,l3,0.00
i05,e13,c4,p11,l3,0.00
i05,e13,c4,p12,l3,0.00
i05,e13,c4,p13,l3,0.00
i05,e13,c4,p14,l3,0.00
i05,e13,c4,p15,l3,0.00
i05,e13,c4,p16,l3,0.00
i05,e13,c4,p17,l3,0.00
i05,e13,c4,p18,l3,0.00
i05,e13,c4,p19,l3,0.00
i05,e13,c4,p20,l3,0.00
i05,e13,c4,p21,l3,0.00
i05,e13,c4,p22,l3,0.00
i05,e13,c4,p24,l3,0.00
i05,e13,c4,p25,l3,0.00
i05,e13,c4,p26,l3,0.00
i05,e13,c4,p28,l3,0.00
i05,e13,c4,p29,l3,0.00
i05,e13,c4,p32,l3,0.00
i05,e13,c4,p35,l3,0.00
i05,e13,c7,p06,l3,0.00
i05,e13,c7,p10,l3,0.00
i05,e13,c7,p12,l3,0.00
i05,e13,c7,p15,l3,0.00
i05,e13,c7,p17,l3,0.00
i05,e13,c7,p35,l3,0.00
i06,e01,c3,p01,l2,0.00
i06,e01,c3,p01,l3,0.00
i06,e01,c3,p02,l3,0.00
i06,e01,c3,p02,l4,0.00
i06,e01,c3,p03,l3,1.11
i06,e01,c3,p03,l4,0.00
i06,e01,c3,p04,l2,0.00
i06,e01,c3,p04,l3,0.00
i06,e01,c3,p04,l4,0.00
i06,e01,c3,p05,l3,0.00
i06,e01,c3,p05,l4,0.00
i06,e01,c3,p06,l3,0.00
i06,e01,c3,p06,l4,0.00
i06,e01,c3,p07,l3,0.00
i06,e01,c3,p07,l4,0.00
i06,e01,c3,p08,l3,0.00
i06,e01,c3,p09,l3,9.16
i06,e01,c3,p10,l2,0.00
i06,e01,c3,p10,l3,2.27
i06,e01,c3,p10,l4,0.00
i06,e01,c3,p11,l2,0.00
i06,e01,c3,p11,l3,0.00
i06,e01,c3,p12,l3,13.55
i06,e01,c3,p13,l3,0.00
i06,e01,c3,p14,l2,0.00
i06,e01,c3,p14,l3,0.00
i06,e01,c3,p15,l3,0.00
i06,e01,c3,p15,l4,0.00
i06,e01,c3,p16,l3,0.00
i06,e01,c3,p16,l4,0.00
i06,e01,c3,p17,l3,0.00
i06,e01,c3,p17,l4,0.00
i06,e01,c3,p18,l2,0.00
i06,e01,c3,p18,l3,0.00
i06,e01,c3,p18,l4,0.00
i06,e01,c3,p19,l2,0.00
i06,e01,c3,p19,l3,2.34
i06,e01,c3,p19,l4,0.00
i06,e01,c3,p20,l3,0.00
i06,e01,c3,p21,l2,0.00
i06,e01,c3,p21,l3,0.00
i06,e01,c3,p21,l4,0.00
i06,e01,c3,p22,l3,0.00
i06,e01,c3,p22,l4,0.00
i06,e01,c3,p23,l3,0.00
i06,e01,c3,p23,l4,0.00
i06,e01,c3,p24,l3,0.00
i06,e01,c3,p25,l3,0.00
i06,e01,c3,p25,l4,0.00
i06,e01,c3,p26,l3,0.00
i06,e01,c3,p27,l3,0.00
i06,e01,c3,p28,l3,0.00
i06,e01,c3,p29,l3,0.00
i06,e01,c3,p30,l3,0.00
i06,e01,c3,p31,l3,0.00
i06,e01,c3,p32,l3,0.00
i06,e01,c3,p32,l4,0.00
i06,e01,c3,p33,l3,0.00
i06,e01,c3,p35,l2,0.00
i06,e01,c3,p35,l3,0.00
i06,e01,c3,p35,l4,0.00
i06,e01,c5,p01,l2,0.00
i06,e01,c5,p01,l3,146.71
i06,e01,c5,p01,l4,0.00
i06,e01,c5,p02,l2,0.00
i06,e01,c5,p02,l3,36.26
i06,e01,c5,p02,l4,0.00
i06,e01,c5,p03,l2,0.00
i06,e01,c5,p03,l3,91.02
i06,e01,c5,p03,l4,0.00
i06,e01,c5,p04,l2,0.00
i06,e01,c5,p04,l3,76.44
i06,e01,c5,p04,l4,0.00
i06,e01,c5,p05,l2,0.00
i06,e01,c5,p05,l3,86.07
i06,e01,c5,p05,l4,0.00
i06,e01,c5,p06,l2,0.00
i06,e01,c5,p06,l3,61.16
i06,e01,c5,p06,l4,0.00
i06,e01,c5,p07,l2,0.00
i06,e01,c5,p07,l3,64.23
i06,e01,c5,p07,l4,0.00
i06,e01,c5,p08,l2,0.00
i06,e01,c5,p08,l3,29.58
i06,e01,c5,p08,l4,0.00
i06,e01,c5,p09,l2,0.00
i06,e01,c5,p09,l3,40.27
i06,e01,c5,p09,l4,0.00
i06,e01,c5,p10,l2,0.00
i06,e01,c5,p10,l3,221.94
i06,e01,c5,p10,l4,0.00
i06,e01,c5,p11,l2,0.00
i06,e01,c5,p11,l3,83.41
i06,e01,c5,p11,l4,0.00
i06,e01,c5,p12,l2,0.00
i06,e01,c5,p12,l3,105.21
i06,e01,c5,p12,l4,0.00
i06,e01,c5,p13,l2,0.00
i06,e01,c5,p13,l3,76.26
i06,e01,c5,p13,l4,0.00
i06,e01,c5,p14,l2,0.00
i06,e01,c5,p14,l3,66.25
i06,e01,c5,p14,l4,0.00
i06,e01,c5,p15,l2,0.00
i06,e01,c5,p15,l3,121.24
i06,e01,c5,p15,l4,0.00
i06,e01,c5,p16,l2,0.00
i06,e01,c5,p16,l3,134.30
i06,e01,c5,p16,l4,0.00
i06,e01,c5,p17,l2,0.00
i06,e01,c5,p17,l3,108.06
i06,e01,c5,p17,l4,0.00
i06,e01,c5,p18,l2,0.00
i06,e01,c5,p18,l3,82.43
i06,e01,c5,p18,l4,0.00
i06,e01,c5,p19,l2,0.00
i06,e01,c5,p19,l3,268.82
i06,e01,c5,p19,l4,0.00
i06,e01,c5,p20,l2,0.00
i06,e01,c5,p20,l3,16.24
i06,e01,c5,p20,l4,0.00
i06,e01,c5,p21,l2,0.00
i06,e01,c5,p21,l3,152.82
i06,e01,c5,p21,l4,0.00
i06,e01,c5,p22,l2,0.00
i06,e01,c5,p22,l3,57.36
i06,e01,c5,p22,l4,0.00
i06,e01,c5,p23,l2,0.00
i06,e01,c5,p23,l3,66.55
i06,e01,c5,p23,l4,0.00
i06,e01,c5,p24,l2,0.00
i06,e01,c5,p24,l3,107.23
i06,e01,c5,p24,l4,0.00
i06,e01,c5,p25,l2,0.00
i06,e01,c5,p25,l3,50.01
i06,e01,c5,p25,l4,0.00
i06,e01,c5,p26,l2,0.00
i06,e01,c5,p26,l3,2.21
i06,e01,c5,p26,l4,0.00
i06,e01,c5,p27,l3,0.00
i06,e01,c5,p28,l2,0.00
i06,e01,c5,p28,l3,37.22
i06,e01,c5,p28,l4,0.00
i06,e01,c5,p29,l2,0.00
i06,e01,c5,p29,l3,103.22
i06,e01,c5,p29,l4,0.00
i06,e01,c5,p30,l2,0.00
i06,e01,c5,p30,l3,5.98
i06,e01,c5,p30,l4,0.00
i06,e01,c5,p31,l2,0.00
i06,e01,c5,p31,l3,11.64
i06,e01,c5,p31,l4,0.00
i06,e01,c5,p32,l2,0.00
i06,e01,c5,p32,l3,32.15
i06,e01,c5,p32,l4,0.00
i06,e01,c5,p33,l2,0.00
i06,e01,c5,p33,l3,0.00
i06,e01,c5,p33,l4,0.00
i06,e01,c5,p34,l3,0.00
i06,e01,c5,p35,l2,0.00
i06,e01,c5,p35,l3,87.70
i06,e01,c5,p35,l4,0.00
i06,e01,c8,p35,l3,0.00
i06,e02,c3,p01,l1,0.00
i06,e02,c3,p01,l3,0.00
i06,e02,c3,p02,l1,0.00
i06,e02,c3,p02,l3,0.00
i06,e02,c3,p03,l1,0.00
i06,e02,c3,p03,l3,0.00
i06,e02,c3,p04,l1,0.00
i06,e02,c3,p04,l3,0.00
i06,e02,c3,p05,l1,0.00
i06,e02,c3,p05,l3,0.00
i06,e02,c3,p06,l1,0.00
i06,e02,c3,p06,l3,0.00
i06,e02,c3,p07,l1,0.00
i06,e02,c3,p07,l3,0.00
i06,e02,c3,p08,l1,0.00
i06,e02,c3,p08,l3,0.00
i06,e02,c3,p09,l1,0.00
i06,e02,c3,p09,l3,0.00
i06,e02,c3,p10,l1,0.00
i06,e02,c3,p10,l3,0.00
i06,e02,c3,p11,l1,0.00
i06,e02,c3,p11,l3,0.00
i06,e02,c3,p12,l1,0.00
i06,e02,c3,p12,l3,0.00
i06,e02,c3,p13,l1,0.00
i06,e02,c3,p13,l3,0.00
i06,e02,c3,p14,l1,0.00
i06,e02,c3,p14,l3,0.00
i06,e02,c3,p15,l1,0.00
i06,e02,c3,p15,l3,0.00
i06,e02,c3,p16,l1,0.00
i06,e02,c3,p16,l3,0.00
i06,e02,c3,p17,l1,0.00
i06,e02,c3,p17,l3,0.00
i06,e02,c3,p18,l1,0.00
i06,e02,c3,p18,l3,0.00
i06,e02,c3,p19,l1,0.00
i06,e02,c3,p19,l3,0.00
i06,e02,c3,p20,l1,0.00
i06,e02,c3,p20,l3,0.00
i06,e02,c3,p21,l1,0.00
i06,e02,c3,p21,l3,0.00
i06,e02,c3,p22,l1,0.00
i06,e02,c3,p22,l3,0.00
i06,e02,c3,p23,l1,0.00
i06,e02,c3,p23,l3,0.00
i06,e02,c3,p24,l1,0.00
i06,e02,c3,p24,l3,0.00
i06,e02,c3,p25,l1,0.00
i06,e02,c3,p25,l3,0.00
i06,e02,c3,p26,l1,0.00
i06,e02,c3,p28,l1,0.00
i06,e02,c3,p28,l3,0.00
i06,e02,c3,p29,l1,0.00
i06,e02,c3,p29,l3,0.00
i06,e02,c3,p30,l1,0.00
i06,e02,c3,p31,l1,0.00
i06,e02,c3,p31,l3,0.00
i06,e02,c3,p32,l1,0.00
i06,e02,c3,p32,l3,0.00
i06,e02,c3,p33,l1,0.00
i06,e02,c3,p35,l1,0.00
i06,e02,c3,p35,l3,0.00
i06,e02,c5,p01,l1,0.00
i06,e02,c5,p01,l3,0.00
i06,e02,c5,p02,l1,1.44
i06,e02,c5,p02,l3,0.00
i06,e02,c5,p03,l1,0.00
i06,e02,c5,p03,l3,1.03
i06,e02,c5,p04,l1,0.00
i06,e02,c5,p04,l3,0.00
i06,e02,c5,p05,l1,0.00
i06,e02,c5,p05,l3,0.00
i06,e02,c5,p06,l1,0.00
i06,e02,c5,p06,l3,2.84
i06,e02,c5,p07,l1,0.00
i06,e02,c5,p07,l3,1.55
i06,e02,c5,p08,l1,1.03
i06,e02,c5,p08,l3,0.00
i06,e02,c5,p09,l1,0.00
i06,e02,c5,p09,l3,0.00
i06,e02,c5,p10,l1,4.17
i06,e02,c5,p10,l3,2.17
i06,e02,c5,p11,l1,1.25
i06,e02,c5,p11,l3,0.00
i06,e02,c5,p12,l1,0.00
i06,e02,c5,p12,l3,0.00
i06,e02,c5,p13,l1,0.00
i06,e02,c5,p13,l3,0.00
i06,e02,c5,p14,l1,0.00
i06,e02,c5,p14,l3,0.00
i06,e02,c5,p15,l1,0.00
i06,e02,c5,p15,l3,0.00
i06,e02,c5,p16,l1,0.00
i06,e02,c5,p16,l3,1.20
i06,e02,c5,p17,l1,0.00
i06,e02,c5,p17,l3,0.00
i06,e02,c5,p18,l1,0.00
i06,e02,c5,p18,l3,0.00
i06,e02,c5,p19,l1,1.01
i06,e02,c5,p19,l3,0.00
i06,e02,c5,p20,l1,0.00
i06,e02,c5,p20,l3,0.00
i06,e02,c5,p21,l1,1.10
i06,e02,c5,p21,l3,0.00
i06,e02,c5,p22,l1,0.00
i06,e02,c5,p22,l3,0.00
i06,e02,c5,p23,l1,0.00
i06,e02,c5,p23,l3,0.00
i06,e02,c5,p24,l1,0.00
i06,e02,c5,p24,l3,0.00
i06,e02,c5,p25,l1,1.83
i06,e02,c5,p25,l3,0.00
i06,e02,c5,p26,l1,0.00
i06,e02,c5,p26,l3,0.00
i06,e02,c5,p28,l1,0.00
i06,e02,c5,p28,l3,0.00
i06,e02,c5,p29,l1,1.87
i06,e02,c5,p29,l3,0.00
i06,e02,c5,p30,l1,0.00
i06,e02,c5,p30,l3,0.00
i06,e02,c5,p31,l1,0.00
i06,e02,c5,p31,l3,0.00
i06,e02,c5,p32,l1,0.00
i06,e02,c5,p32,l3,0.00
i06,e02,c5,p33,l1,0.00
i06,e02,c5,p33,l3,0.00
i06,e02,c5,p35,l1,1.67
i06,e02,c5,p35,l3,0.00
i06,e02,c8,p35,l3,0.00
i06,e04,c3,p01,l1,0.00
i06,e04,c3,p01,l3,0.00
i06,e04,c3,p01,l4,0.00
i06,e04,c3,p02,l1,0.00
i06,e04,c3,p02,l3,0.00
i06,e04,c3,p02,l4,0.00
i06,e04,c3,p03,l1,0.00
i06,e04,c3,p03,l3,0.00
i06,e04,c3,p03,l4,0.00
i06,e04,c3,p04,l1,0.00
i06,e04,c3,p04,l2,0.00
i06,e04,c3,p04,l3,0.00
i06,e04,c3,p04,l4,0.00
i06,e04,c3,p05,l1,0.00
i06,e04,c3,p05,l3,2.71
i06,e04,c3,p05,l4,0.00
i06,e04,c3,p06,l1,0.00
i06,e04,c3,p06,l3,0.00
i06,e04,c3,p06,l4,0.00
i06,e04,c3,p07,l1,0.00
i06,e04,c3,p07,l2,0.00
i06,e04,c3,p07,l3,0.00
i06,e04,c3,p07,l4,0.00
i06,e04,c3,p08,l1,0.00
i06,e04,c3,p08,l3,0.00
i06,e04,c3,p08,l4,0.00
i06,e04,c3,p09,l1,0.00
i06,e04,c3,p09,l2,0.00
i06,e04,c3,p09,l3,20.44
i06,e04,c3,p09,l4,0.00
i06,e04,c3,p10,l1,0.00
i06,e04,c3,p10,l2,0.00
i06,e04,c3,p10,l3,0.00
i06,e04,c3,p10,l4,0.00
i06,e04,c3,p11,l1,0.00
i06,e04,c3,p11,l2,0.00
i06,e04,c3,p11,l3,0.00
i06,e04,c3,p11,l4,0.00
i06,e04,c3,p12,l1,0.00
i06,e04,c3,p12,l3,38.29
i06,e04,c3,p12,l4,0.00
i06,e04,c3,p13,l1,0.00
i06,e04,c3,p13,l2,0.00
i06,e04,c3,p13,l3,0.00
i06,e04,c3,p13,l4,0.00
i06,e04,c3,p14,l1,0.00
i06,e04,c3,p14,l3,0.00
i06,e04,c3,p14,l4,0.00
i06,e04,c3,p15,l1,0.00
i06,e04,c3,p15,l3,0.00
i06,e04,c3,p15,l4,0.00
i06,e04,c3,p16,l1,0.00
i06,e04,c3,p16,l3,1.12
i06,e04,c3,p16,l4,0.00
i06,e04,c3,p17,l1,0.00
i06,e04,c3,p17,l3,0.00
i06,e04,c3,p17,l4,0.00
i06,e04,c3,p18,l1,0.00
i06,e04,c3,p18,l3,0.00
i06,e04,c3,p18,l4,0.00
i06,e04,c3,p19,l1,0.00
i06,e04,c3,p19,l2,0.00
i06,e04,c3,p19,l3,0.00
i06,e04,c3,p19,l4,0.00
i06,e04,c3,p20,l1,0.00
i06,e04,c3,p20,l3,0.00
i06,e04,c3,p20,l4,0.00
i06,e04,c3,p21,l1,0.00
i06,e04,c3,p21,l2,0.00
i06,e04,c3,p21,l3,0.00
i06,e04,c3,p21,l4,0.00
i06,e04,c3,p22,l1,0.00
i06,e04,c3,p22,l3,0.00
i06,e04,c3,p22,l4,0.00
i06,e04,c3,p23,l1,0.00
i06,e04,c3,p23,l3,0.00
i06,e04,c3,p23,l4,0.00
i06,e04,c3,p24,l1,0.00
i06,e04,c3,p24,l3,0.00
i06,e04,c3,p24,l4,0.00
i06,e04,c3,p25,l1,0.00
i06,e04,c3,p25,l3,0.00
i06,e04,c3,p25,l4,0.00
i06,e04,c3,p26,l1,0.00
i06,e04,c3,p26,l3,0.00
i06,e04,c3,p26,l4,0.00
i06,e04,c3,p27,l1,0.00
i06,e04,c3,p27,l3,0.00
i06,e04,c3,p28,l1,0.00
i06,e04,c3,p28,l3,0.00
i06,e04,c3,p28,l4,0.00
i06,e04,c3,p29,l1,0.00
i06,e04,c3,p29,l3,1.67
i06,e04,c3,p29,l4,0.00
i06,e04,c3,p30,l1,0.00
i06,e04,c3,p30,l3,0.00
i06,e04,c3,p30,l4,0.00
i06,e04,c3,p31,l1,0.00
i06,e04,c3,p31,l3,0.00
i06,e04,c3,p31,l4,0.00
i06,e04,c3,p32,l1,0.00
i06,e04,c3,p32,l3,0.00
i06,e04,c3,p32,l4,0.00
i06,e04,c3,p33,l1,0.00
i06,e04,c3,p33,l3,0.00
i06,e04,c3,p35,l1,0.00
i06,e04,c3,p35,l2,0.00
i06,e04,c3,p35,l3,0.00
i06,e04,c3,p35,l4,0.00
i06,e04,c5,p01,l1,0.00
i06,e04,c5,p01,l2,0.00
i06,e04,c5,p01,l3,250.10
i06,e04,c5,p01,l4,0.00
i06,e04,c5,p02,l1,0.00
i06,e04,c5,p02,l2,0.00
i06,e04,c5,p02,l3,85.53
i06,e04,c5,p02,l4,0.00
i06,e04,c5,p03,l1,0.00
i06,e04,c5,p03,l2,0.00
i06,e04,c5,p03,l3,86.03
i06,e04,c5,p03,l4,0.00
i06,e04,c5,p04,l1,0.00
i06,e04,c5,p04,l2,0.00
i06,e04,c5,p04,l3,273.18
i06,e04,c5,p04,l4,0.00
i06,e04,c5,p05,l1,0.00
i06,e04,c5,p05,l2,0.00
i06,e04,c5,p05,l3,210.08
i06,e04,c5,p05,l4,0.00
i06,e04,c5,p06,l1,0.00
i06,e04,c5,p06,l2,0.00
i06,e04,c5,p06,l3,123.05
i06,e04,c5,p06,l4,0.00
i06,e04,c5,p07,l1,0.00
i06,e04,c5,p07,l2,0.00
i06,e04,c5,p07,l3,123.76
i06,e04,c5,p07,l4,0.00
i06,e04,c5,p08,l1,0.00
i06,e04,c5,p08,l2,0.00
i06,e04,c5,p08,l3,52.24
i06,e04,c5,p08,l4,0.00
i06,e04,c5,p09,l1,0.00
i06,e04,c5,p09,l2,0.00
i06,e04,c5,p09,l3,69.08
i06,e04,c5,p09,l4,0.00
i06,e04,c5,p10,l1,0.00
i06,e04,c5,p10,l2,0.00
i06,e04,c5,p10,l3,424.11
i06,e04,c5,p10,l4,0.00
i06,e04,c5,p11,l1,0.00
i06,e04,c5,p11,l2,0.00
i06,e04,c5,p11,l3,107.19
i06,e04,c5,p11,l4,0.00
i06,e04,c5,p12,l1,0.00
i06,e04,c5,p12,l2,0.00
i06,e04,c5,p12,l3,173.12
i06,e04,c5,p12,l4,0.00
i06,e04,c5,p13,l1,0.00
i06,e04,c5,p13,l2,0.00
i06,e04,c5,p13,l3,133.66
i06,e04,c5,p13,l4,0.00
i06,e04,c5,p14,l1,0.00
i06,e04,c5,p14,l2,0.00
i06,e04,c5,p14,l3,128.42
i06,e04,c5,p14,l4,0.00
i06,e04,c5,p15,l1,0.00
i06,e04,c5,p15,l2,0.00
i06,e04,c5,p15,l3,350.05
i06,e04,c5,p15,l4,0.00
i06,e04,c5,p16,l1,0.00
i06,e04,c5,p16,l2,0.00
i06,e04,c5,p16,l3,255.52
i06,e04,c5,p16,l4,0.00
i06,e04,c5,p17,l1,0.00
i06,e04,c5,p17,l2,0.00
i06,e04,c5,p17,l3,213.17
i06,e04,c5,p17,l4,0.00
i06,e04,c5,p18,l1,0.00
i06,e04,c5,p18,l2,0.00
i06,e04,c5,p18,l3,242.01
i06,e04,c5,p18,l4,0.00
i06,e04,c5,p19,l1,0.00
i06,e04,c5,p19,l2,0.00
i06,e04,c5,p19,l3,411.44
i06,e04,c5,p19,l4,0.00
i06,e04,c5,p20,l1,0.00
i06,e04,c5,p20,l2,0.00
i06,e04,c5,p20,l3,19.26
i06,e04,c5,p20,l4,0.00
i06,e04,c5,p21,l1,0.00
i06,e04,c5,p21,l2,0.00
i06,e04,c5,p21,l3,230.55
i06,e04,c5,p21,l4,0.00
i06,e04,c5,p22,l1,0.00
i06,e04,c5,p22,l2,0.00
i06,e04,c5,p22,l3,107.28
i06,e04,c5,p22,l4,0.00
i06,e04,c5,p23,l1,0.00
i06,e04,c5,p23,l2,0.00
i06,e04,c5,p23,l3,97.12
i06,e04,c5,p23,l4,0.00
i06,e04,c5,p24,l1,0.00
i06,e04,c5,p24,l2,0.00
i06,e04,c5,p24,l3,172.54
i06,e04,c5,p24,l4,0.00
i06,e04,c5,p25,l1,0.00
i06,e04,c5,p25,l2,0.00
i06,e04,c5,p25,l3,56.15
i06,e04,c5,p25,l4,0.00
i06,e04,c5,p26,l1,0.00
i06,e04,c5,p26,l2,0.00
i06,e04,c5,p26,l3,6.10
i06,e04,c5,p26,l4,0.00
i06,e04,c5,p27,l1,0.00
i06,e04,c5,p27,l3,0.00
i06,e04,c5,p27,l4,0.00
i06,e04,c5,p28,l1,0.00
i06,e04,c5,p28,l2,0.00
i06,e04,c5,p28,l3,102.46
i06,e04,c5,p28,l4,0.00
i06,e04,c5,p29,l1,0.00
i06,e04,c5,p29,l2,0.00
i06,e04,c5,p29,l3,452.17
i06,e04,c5,p29,l4,0.00
i06,e04,c5,p30,l1,0.00
i06,e04,c5,p30,l2,0.00
i06,e04,c5,p30,l3,5.00
i06,e04,c5,p30,l4,0.00
i06,e04,c5,p31,l1,0.00
i06,e04,c5,p31,l2,0.00
i06,e04,c5,p31,l3,3.14
i06,e04,c5,p31,l4,0.00
i06,e04,c5,p32,l1,0.00
i06,e04,c5,p32,l2,0.00
i06,e04,c5,p32,l3,83.11
i06,e04,c5,p32,l4,0.00
i06,e04,c5,p33,l1,0.00
i06,e04,c5,p33,l3,0.00
i06,e04,c5,p33,l4,0.00
i06,e04,c5,p34,l1,0.00
i06,e04,c5,p34,l3,0.00
i06,e04,c5,p35,l1,0.00
i06,e04,c5,p35,l2,0.00
i06,e04,c5,p35,l3,319.61
i06,e04,c5,p35,l4,0.00
i06,e04,c8,p10,l3,0.00
i06,e04,c8,p35,l1,0.00
i06,e04,c8,p35,l3,0.00
i06,e05,c3,p01,l1,0.00
i06,e05,c3,p01,l3,0.00
i06,e05,c3,p02,l1,0.00
i06,e05,c3,p02,l3,0.00
i06,e05,c3,p03,l1,0.00
i06,e05,c3,p03,l3,0.00
i06,e05,c3,p04,l1,0.00
i06,e05,c3,p04,l3,0.00
i06,e05,c3,p05,l1,0.00
i06,e05,c3,p05,l3,0.00
i06,e05,c3,p06,l1,0.00
i06,e05,c3,p06,l3,0.00
i06,e05,c3,p07,l1,0.00
i06,e05,c3,p07,l3,0.00
i06,e05,c3,p08,l1,0.00
i06,e05,c3,p08,l3,0.00
i06,e05,c3,p09,l1,0.00
i06,e05,c3,p09,l3,0.00
i06,e05,c3,p10,l1,0.00
i06,e05,c3,p10,l3,0.00
i06,e05,c3,p11,l1,0.00
i06,e05,c3,p11,l3,0.00
i06,e05,c3,p12,l1,0.00
i06,e05,c3,p12,l3,0.00
i06,e05,c3,p13,l1,0.00
i06,e05,c3,p13,l3,0.00
i06,e05,c3,p14,l1,0.00
i06,e05,c3,p14,l3,0.00
i06,e05,c3,p15,l1,0.00
i06,e05,c3,p15,l3,0.00
i06,e05,c3,p16,l1,0.00
i06,e05,c3,p16,l3,0.00
i06,e05,c3,p17,l1,0.00
i06,e05,c3,p17,l3,0.00
i06,e05,c3,p18,l1,0.00
i06,e05,c3,p18,l3,0.00
i06,e05,c3,p19,l1,0.00
i06,e05,c3,p19,l3,0.00
i06,e05,c3,p20,l1,0.00
i06,e05,c3,p20,l3,0.00
i06,e05,c3,p21,l1,0.00
i06,e05,c3,p21,l3,0.00
i06,e05,c3,p22,l1,0.00
i06,e05,c3,p22,l3,0.00
i06,e05,c3,p23,l1,0.00
i06,e05,c3,p23,l3,0.00
i06,e05,c3,p24,l1,1.35
i06,e05,c3,p24,l3,0.00
i06,e05,c3,p25,l1,0.00
i06,e05,c3,p25,l3,0.00
i06,e05,c3,p26,l1,0.00
i06,e05,c3,p26,l3,0.00
i06,e05,c3,p27,l1,0.00
i06,e05,c3,p28,l1,0.00
i06,e05,c3,p28,l3,0.00
i06,e05,c3,p29,l1,0.00
i06,e05,c3,p29,l3,0.00
i06,e05,c3,p30,l1,0.00
i06,e05,c3,p30,l3,0.00
i06,e05,c3,p31,l1,0.00
i06,e05,c3,p31,l3,0.00
i06,e05,c3,p32,l1,0.00
i06,e05,c3,p32,l3,0.00
i06,e05,c3,p33,l1,0.00
i06,e05,c3,p35,l1,0.00
i06,e05,c3,p35,l3,0.00
i06,e05,c5,p01,l1,3.06
i06,e05,c5,p01,l3,0.00
i06,e05,c5,p02,l1,0.00
i06,e05,c5,p02,l3,0.00
i06,e05,c5,p03,l1,4.41
i06,e05,c5,p03,l3,0.00
i06,e05,c5,p04,l1,0.00
i06,e05,c5,p04,l3,0.00
i06,e05,c5,p05,l1,2.13
i06,e05,c5,p05,l3,2.23
i06,e05,c5,p06,l1,0.00
i06,e05,c5,p06,l3,0.00
i06,e05,c5,p07,l1,0.00
i06,e05,c5,p07,l3,0.00
i06,e05,c5,p08,l1,0.00
i06,e05,c5,p08,l3,0.00
i06,e05,c5,p09,l1,0.00
i06,e05,c5,p09,l3,0.00
i06,e05,c5,p10,l1,2.52
i06,e05,c5,p10,l3,0.00
i06,e05,c5,p11,l1,0.00
i06,e05,c5,p11,l3,3.23
i06,e05,c5,p12,l1,0.00
i06,e05,c5,p12,l3,0.00
i06,e05,c5,p13,l1,0.00
i06,e05,c5,p13,l3,0.00
i06,e05,c5,p14,l1,2.61
i06,e05,c5,p14,l3,0.00
i06,e05,c5,p15,l1,1.35
i06,e05,c5,p15,l3,1.46
i06,e05,c5,p16,l1,0.00
i06,e05,c5,p16,l3,0.00
i06,e05,c5,p17,l1,2.34
i06,e05,c5,p17,l3,0.00
i06,e05,c5,p18,l1,2.12
i06,e05,c5,p18,l3,0.00
i06,e05,c5,p19,l1,4.64
i06,e05,c5,p19,l3,1.57
i06,e05,c5,p20,l1,0.00
i06,e05,c5,p20,l3,0.00
i06,e05,c5,p21,l1,1.29
i06,e05,c5,p21,l3,1.50
i06,e05,c5,p22,l1,0.00
i06,e05,c5,p22,l3,0.00
i06,e05,c5,p23,l1,1.20
i06,e05,c5,p23,l3,7.53
i06,e05,c5,p24,l1,0.00
i06,e05,c5,p24,l3,2.30
i06,e05,c5,p25,l1,0.00
i06,e05,c5,p25,l3,0.00
i06,e05,c5,p26,l1,0.00
i06,e05,c5,p26,l3,0.00
i06,e05,c5,p27,l1,0.00
i06,e05,c5,p28,l1,0.00
i06,e05,c5,p28,l3,0.00
i06,e05,c5,p29,l1,0.00
i06,e05,c5,p29,l3,0.00
i06,e05,c5,p30,l1,0.00
i06,e05,c5,p30,l3,0.00
i06,e05,c5,p31,l1,0.00
i06,e05,c5,p31,l3,0.00
i06,e05,c5,p32,l1,0.00
i06,e05,c5,p32,l3,0.00
i06,e05,c5,p33,l1,0.00
i06,e05,c5,p33,l3,0.00
i06,e05,c5,p34,l1,0.00
i06,e05,c5,p35,l1,6.54
i06,e05,c5,p35,l3,1.23
i06,e05,c8,p10,l1,0.00
i06,e05,c8,p10,l3,0.00
i06,e05,c8,p32,l3,0.00
i06,e05,c8,p35,l1,0.00
i06,e05,c8,p35,l3,0.00
i06,e06,c5,p01,l1,0.00
i06,e06,c5,p01,l3,0.00
i06,e06,c5,p03,l1,0.00
i06,e06,c5,p03,l3,0.00
i06,e06,c5,p04,l3,0.00
i06,e06,c5,p05,l1,0.00
i06,e06,c5,p05,l3,0.00
i06,e06,c5,p06,l1,0.00
i06,e06,c5,p06,l3,0.00
i06,e06,c5,p07,l1,0.00
i06,e06,c5,p07,l3,0.00
i06,e06,c5,p09,l3,0.00
i06,e06,c5,p10,l1,0.00
i06,e06,c5,p10,l3,0.00
i06,e06,c5,p11,l1,0.00
i06,e06,c5,p12,l1,0.00
i06,e06,c5,p15,l1,0.00
i06,e06,c5,p15,l3,0.00
i06,e06,c5,p16,l3,0.00
i06,e06,c5,p17,l1,0.00
i06,e06,c5,p17,l3,0.00
i06,e06,c5,p19,l1,0.00
i06,e06,c5,p19,l3,0.00
i06,e06,c5,p21,l1,0.00
i06,e06,c5,p21,l3,0.00
i06,e06,c5,p25,l3,0.00
i06,e06,c5,p32,l1,0.00
i06,e06,c5,p32,l3,0.00
i06,e06,c5,p35,l1,0.00
i06,e07,c3,p01,l2,0.00
i06,e07,c3,p01,l3,0.00
i06,e07,c3,p02,l2,0.00
i06,e07,c3,p02,l3,0.00
i06,e07,c3,p03,l2,0.00
i06,e07,c3,p03,l3,0.00
i06,e07,c3,p04,l2,0.00
i06,e07,c3,p04,l3,0.00
i06,e07,c3,p05,l2,0.00
i06,e07,c3,p05,l3,0.00
i06,e07,c3,p06,l2,0.00
i06,e07,c3,p06,l3,0.00
i06,e07,c3,p07,l2,0.00
i06,e07,c3,p07,l3,0.00
i06,e07,c3,p08,l2,0.00
i06,e07,c3,p08,l3,0.00
i06,e07,c3,p09,l2,0.00
i06,e07,c3,p09,l3,0.00
i06,e07,c3,p10,l2,0.00
i06,e07,c3,p10,l3,0.00
i06,e07,c3,p11,l2,0.00
i06,e07,c3,p11,l3,0.00
i06,e07,c3,p12,l2,0.00
i06,e07,c3,p12,l3,0.00
i06,e07,c3,p13,l2,0.00
i06,e07,c3,p13,l3,0.00
i06,e07,c3,p14,l2,0.00
i06,e07,c3,p14,l3,0.00
i06,e07,c3,p15,l2,0.00
i06,e07,c3,p15,l3,0.00
i06,e07,c3,p16,l2,0.00
i06,e07,c3,p16,l3,0.00
i06,e07,c3,p17,l2,0.00
i06,e07,c3,p17,l3,0.00
i06,e07,c3,p18,l2,0.00
i06,e07,c3,p18,l3,0.00
i06,e07,c3,p19,l2,0.00
i06,e07,c3,p19,l3,0.00
i06,e07,c3,p20,l2,0.00
i06,e07,c3,p20,l3,0.00
i06,e07,c3,p21,l2,0.00
i06,e07,c3,p21,l3,0.00
i06,e07,c3,p22,l2,0.00
i06,e07,c3,p22,l3,0.00
i06,e07,c3,p23,l2,0.00
i06,e07,c3,p23,l3,0.00
i06,e07,c3,p24,l2,0.00
i06,e07,c3,p24,l3,0.00
i06,e07,c3,p25,l2,0.00
i06,e07,c3,p25,l3,0.00
i06,e07,c3,p26,l2,0.00
i06,e07,c3,p26,l3,0.00
i06,e07,c3,p28,l2,0.00
i06,e07,c3,p28,l3,0.00
i06,e07,c3,p29,l2,0.00
i06,e07,c3,p29,l3,0.00
i06,e07,c3,p30,l3,0.00
i06,e07,c3,p31,l2,0.00
i06,e07,c3,p31,l3,0.00
i06,e07,c3,p32,l2,0.00
i06,e07,c3,p32,l3,0.00
i06,e07,c3,p35,l2,0.00
i06,e07,c3,p35,l3,0.00
i06,e07,c5,p01,l1,0.00
i06,e07,c5,p01,l2,0.00
i06,e07,c5,p01,l3,2.63
i06,e07,c5,p02,l2,0.00
i06,e07,c5,p02,l3,1.33
i06,e07,c5,p03,l1,0.00
i06,e07,c5,p03,l2,0.00
i06,e07,c5,p03,l3,5.46
i06,e07,c5,p04,l2,0.00
i06,e07,c5,p04,l3,0.00
i06,e07,c5,p05,l2,0.00
i06,e07,c5,p05,l3,9.17
i06,e07,c5,p06,l2,0.00
i06,e07,c5,p06,l3,3.12
i06,e07,c5,p07,l2,0.00
i06,e07,c5,p07,l3,8.09
i06,e07,c5,p08,l2,0.00
i06,e07,c5,p08,l3,3.12
i06,e07,c5,p09,l2,0.00
i06,e07,c5,p09,l3,1.39
i06,e07,c5,p10,l2,0.00
i06,e07,c5,p10,l3,10.32
i06,e07,c5,p11,l1,0.00
i06,e07,c5,p11,l2,0.00
i06,e07,c5,p11,l3,4.69
i06,e07,c5,p12,l2,0.00
i06,e07,c5,p12,l3,4.55
i06,e07,c5,p13,l2,0.00
i06,e07,c5,p13,l3,3.73
i06,e07,c5,p14,l2,0.00
i06,e07,c5,p14,l3,4.67
i06,e07,c5,p15,l2,0.00
i06,e07,c5,p15,l3,21.41
i06,e07,c5,p16,l2,0.00
i06,e07,c5,p16,l3,4.63
i06,e07,c5,p17,l2,0.00
i06,e07,c5,p17,l3,4.53
i06,e07,c5,p18,l2,0.00
i06,e07,c5,p18,l3,2.07
i06,e07,c5,p19,l1,0.00
i06,e07,c5,p19,l2,0.00
i06,e07,c5,p19,l3,12.05
i06,e07,c5,p20,l2,0.00
i06,e07,c5,p20,l3,1.45
i06,e07,c5,p21,l2,0.00
i06,e07,c5,p21,l3,3.69
i06,e07,c5,p22,l2,0.00
i06,e07,c5,p22,l3,0.00
i06,e07,c5,p23,l2,0.00
i06,e07,c5,p23,l3,1.29
i06,e07,c5,p24,l2,0.00
i06,e07,c5,p24,l3,1.04
i06,e07,c5,p25,l2,0.00
i06,e07,c5,p25,l3,0.00
i06,e07,c5,p26,l2,0.00
i06,e07,c5,p26,l3,0.00
i06,e07,c5,p28,l1,0.00
i06,e07,c5,p28,l2,0.00
i06,e07,c5,p28,l3,2.26
i06,e07,c5,p29,l2,0.00
i06,e07,c5,p29,l3,1.04
i06,e07,c5,p30,l2,0.00
i06,e07,c5,p30,l3,0.00
i06,e07,c5,p31,l2,0.00
i06,e07,c5,p31,l3,0.00
i06,e07,c5,p32,l2,0.00
i06,e07,c5,p32,l3,0.00
i06,e07,c5,p33,l2,0.00
i06,e07,c5,p33,l3,0.00
i06,e07,c5,p35,l1,0.00
i06,e07,c5,p35,l2,0.00
i06,e07,c5,p35,l3,27.39
i06,e08,c3,p01,l1,0.00
i06,e08,c3,p01,l2,0.00
i06,e08,c3,p01,l3,0.00
i06,e08,c3,p01,l4,3.18
i06,e08,c3,p02,l1,0.00
i06,e08,c3,p02,l2,0.00
i06,e08,c3,p02,l3,0.00
i06,e08,c3,p02,l4,0.00
i06,e08,c3,p03,l1,0.00
i06,e08,c3,p03,l2,0.00
i06,e08,c3,p03,l3,0.00
i06,e08,c3,p03,l4,51.04
i06,e08,c3,p04,l1,0.00
i06,e08,c3,p04,l2,0.00
i06,e08,c3,p04,l3,0.00
i06,e08,c3,p04,l4,0.00
i06,e08,c3,p05,l1,0.00
i06,e08,c3,p05,l2,0.00
i06,e08,c3,p05,l3,0.00
i06,e08,c3,p05,l4,0.00
i06,e08,c3,p06,l1,0.00
i06,e08,c3,p06,l2,0.00
i06,e08,c3,p06,l3,0.00
i06,e08,c3,p06,l4,20.39
i06,e08,c3,p07,l2,0.00
i06,e08,c3,p07,l3,0.00
i06,e08,c3,p07,l4,0.00
i06,e08,c3,p08,l2,0.00
i06,e08,c3,p08,l3,0.00
i06,e08,c3,p08,l4,0.00
i06,e08,c3,p09,l1,0.00
i06,e08,c3,p09,l2,7.15
i06,e08,c3,p09,l3,0.00
i06,e08,c3,p09,l4,1.93
i06,e08,c3,p10,l1,0.00
i06,e08,c3,p10,l2,0.00
i06,e08,c3,p10,l3,3.43
i06,e08,c3,p10,l4,1.23
i06,e08,c3,p11,l1,0.00
i06,e08,c3,p11,l2,0.00
i06,e08,c3,p11,l3,0.00
i06,e08,c3,p11,l4,1.85
i06,e08,c3,p12,l1,0.00
i06,e08,c3,p12,l2,0.00
i06,e08,c3,p12,l3,0.00
i06,e08,c3,p12,l4,8.33
i06,e08,c3,p13,l1,0.00
i06,e08,c3,p13,l2,0.00
i06,e08,c3,p13,l3,0.00
i06,e08,c3,p13,l4,0.00
i06,e08,c3,p14,l1,0.00
i06,e08,c3,p14,l2,0.00
i06,e08,c3,p14,l3,0.00
i06,e08,c3,p14,l4,0.00
i06,e08,c3,p15,l1,0.00
i06,e08,c3,p15,l2,0.00
i06,e08,c3,p15,l3,0.00
i06,e08,c3,p15,l4,3.33
i06,e08,c3,p16,l1,0.00
i06,e08,c3,p16,l2,0.00
i06,e08,c3,p16,l3,0.00
i06,e08,c3,p16,l4,0.00
i06,e08,c3,p17,l1,0.00
i06,e08,c3,p17,l2,0.00
i06,e08,c3,p17,l3,0.00
i06,e08,c3,p17,l4,0.00
i06,e08,c3,p18,l1,0.00
i06,e08,c3,p18,l2,0.00
i06,e08,c3,p18,l3,0.00
i06,e08,c3,p18,l4,0.00
i06,e08,c3,p19,l1,0.00
i06,e08,c3,p19,l2,0.00
i06,e08,c3,p19,l3,0.00
i06,e08,c3,p19,l4,0.00
i06,e08,c3,p20,l2,0.00
i06,e08,c3,p20,l3,0.00
i06,e08,c3,p20,l4,0.00
i06,e08,c3,p21,l1,0.00
i06,e08,c3,p21,l2,0.00
i06,e08,c3,p21,l3,2.02
i06,e08,c3,p21,l4,0.00
i06,e08,c3,p22,l1,0.00
i06,e08,c3,p22,l2,0.00
i06,e08,c3,p22,l3,92.20
i06,e08,c3,p22,l4,0.00
i06,e08,c3,p23,l1,0.00
i06,e08,c3,p23,l2,0.00
i06,e08,c3,p23,l3,0.00
i06,e08,c3,p23,l4,0.00
i06,e08,c3,p24,l1,0.00
i06,e08,c3,p24,l2,0.00
i06,e08,c3,p24,l3,0.00
i06,e08,c3,p24,l4,1.39
i06,e08,c3,p25,l2,0.00
i06,e08,c3,p25,l3,0.00
i06,e08,c3,p25,l4,0.00
i06,e08,c3,p26,l2,0.00
i06,e08,c3,p26,l3,0.00
i06,e08,c3,p26,l4,0.00
i06,e08,c3,p27,l2,0.00
i06,e08,c3,p27,l4,0.00
i06,e08,c3,p28,l2,0.00
i06,e08,c3,p28,l3,0.00
i06,e08,c3,p28,l4,0.00
i06,e08,c3,p29,l2,0.00
i06,e08,c3,p29,l3,0.00
i06,e08,c3,p29,l4,2.71
i06,e08,c3,p30,l2,0.00
i06,e08,c3,p30,l3,0.00
i06,e08,c3,p30,l4,0.00
i06,e08,c3,p31,l2,0.00
i06,e08,c3,p31,l3,0.00
i06,e08,c3,p31,l4,0.00
i06,e08,c3,p32,l2,0.00
i06,e08,c3,p32,l3,0.00
i06,e08,c3,p32,l4,0.00
i06,e08,c3,p33,l2,0.00
i06,e08,c3,p33,l3,0.00
i06,e08,c3,p33,l4,0.00
i06,e08,c3,p35,l1,0.00
i06,e08,c3,p35,l2,0.00
i06,e08,c3,p35,l3,0.00
i06,e08,c3,p35,l4,4.73
i06,e08,c5,p01,l1,0.00
i06,e08,c5,p01,l2,47.03
i06,e08,c5,p01,l3,89.18
i06,e08,c5,p01,l4,1191.59
i06,e08,c5,p02,l1,0.00
i06,e08,c5,p02,l2,4.36
i06,e08,c5,p02,l3,31.31
i06,e08,c5,p02,l4,302.97
i06,e08,c5,p03,l1,0.00
i06,e08,c5,p03,l2,31.87
i06,e08,c5,p03,l3,79.53
i06,e08,c5,p03,l4,697.43
i06,e08,c5,p04,l1,0.00
i06,e08,c5,p04,l2,19.11
i06,e08,c5,p04,l3,70.12
i06,e08,c5,p04,l4,871.46
i06,e08,c5,p05,l1,0.00
i06,e08,c5,p05,l2,40.07
i06,e08,c5,p05,l3,188.46
i06,e08,c5,p05,l4,1353.27
i06,e08,c5,p06,l1,0.00
i06,e08,c5,p06,l2,35.96
i06,e08,c5,p06,l3,82.51
i06,e08,c5,p06,l4,835.29
i06,e08,c5,p07,l1,0.00
i06,e08,c5,p07,l2,23.28
i06,e08,c5,p07,l3,52.12
i06,e08,c5,p07,l4,865.45
i06,e08,c5,p08,l1,0.00
i06,e08,c5,p08,l2,5.01
i06,e08,c5,p08,l3,29.36
i06,e08,c5,p08,l4,270.11
i06,e08,c5,p09,l1,0.00
i06,e08,c5,p09,l2,13.53
i06,e08,c5,p09,l3,35.26
i06,e08,c5,p09,l4,528.57
i06,e08,c5,p10,l1,0.00
i06,e08,c5,p10,l2,60.43
i06,e08,c5,p10,l3,294.77
i06,e08,c5,p10,l4,2740.10
i06,e08,c5,p11,l1,0.00
i06,e08,c5,p11,l2,62.58
i06,e08,c5,p11,l3,71.49
i06,e08,c5,p11,l4,1253.23
i06,e08,c5,p12,l1,0.00
i06,e08,c5,p12,l2,8.19
i06,e08,c5,p12,l3,83.31
i06,e08,c5,p12,l4,978.58
i06,e08,c5,p13,l1,0.00
i06,e08,c5,p13,l2,65.28
i06,e08,c5,p13,l3,45.40
i06,e08,c5,p13,l4,779.23
i06,e08,c5,p14,l1,0.00
i06,e08,c5,p14,l2,14.59
i06,e08,c5,p14,l3,27.81
i06,e08,c5,p14,l4,473.15
i06,e08,c5,p15,l1,0.00
i06,e08,c5,p15,l2,53.65
i06,e08,c5,p15,l3,207.29
i06,e08,c5,p15,l4,1896.52
i06,e08,c5,p16,l1,0.00
i06,e08,c5,p16,l2,5.58
i06,e08,c5,p16,l3,99.32
i06,e08,c5,p16,l4,2324.74
i06,e08,c5,p17,l1,0.00
i06,e08,c5,p17,l2,21.30
i06,e08,c5,p17,l3,255.09
i06,e08,c5,p17,l4,1128.14
i06,e08,c5,p18,l1,0.00
i06,e08,c5,p18,l2,28.39
i06,e08,c5,p18,l3,205.33
i06,e08,c5,p18,l4,628.75
i06,e08,c5,p19,l1,0.00
i06,e08,c5,p19,l2,110.67
i06,e08,c5,p19,l3,359.10
i06,e08,c5,p19,l4,4141.53
i06,e08,c5,p20,l1,0.00
i06,e08,c5,p20,l2,5.26
i06,e08,c5,p20,l3,8.33
i06,e08,c5,p20,l4,236.21
i06,e08,c5,p21,l1,0.00
i06,e08,c5,p21,l2,41.36
i06,e08,c5,p21,l3,136.57
i06,e08,c5,p21,l4,1357.21
i06,e08,c5,p22,l1,0.00
i06,e08,c5,p22,l2,13.31
i06,e08,c5,p22,l3,34.10
i06,e08,c5,p22,l4,442.10
i06,e08,c5,p23,l1,0.00
i06,e08,c5,p23,l2,34.30
i06,e08,c5,p23,l3,15.85
i06,e08,c5,p23,l4,484.38
i06,e08,c5,p24,l1,0.00
i06,e08,c5,p24,l2,11.29
i06,e08,c5,p24,l3,78.19
i06,e08,c5,p24,l4,1343.42
i06,e08,c5,p25,l1,0.00
i06,e08,c5,p25,l2,2.26
i06,e08,c5,p25,l3,27.39
i06,e08,c5,p25,l4,302.05
i06,e08,c5,p26,l1,0.00
i06,e08,c5,p26,l2,3.34
i06,e08,c5,p26,l3,0.00
i06,e08,c5,p26,l4,27.06
i06,e08,c5,p27,l2,0.00
i06,e08,c5,p27,l3,0.00
i06,e08,c5,p27,l4,0.00
i06,e08,c5,p28,l1,0.00
i06,e08,c5,p28,l2,108.35
i06,e08,c5,p28,l3,10.29
i06,e08,c5,p28,l4,826.42
i06,e08,c5,p29,l1,0.00
i06,e08,c5,p29,l2,24.02
i06,e08,c5,p29,l3,104.98
i06,e08,c5,p29,l4,1834.26
i06,e08,c5,p30,l1,0.00
i06,e08,c5,p30,l2,0.00
i06,e08,c5,p30,l3,5.37
i06,e08,c5,p30,l4,16.40
i06,e08,c5,p31,l1,0.00
i06,e08,c5,p31,l2,1.19
i06,e08,c5,p31,l3,0.00
i06,e08,c5,p31,l4,70.57
i06,e08,c5,p32,l1,0.00
i06,e08,c5,p32,l2,25.69
i06,e08,c5,p32,l3,25.11
i06,e08,c5,p32,l4,568.15
i06,e08,c5,p33,l1,0.00
i06,e08,c5,p33,l2,0.00
i06,e08,c5,p33,l3,0.00
i06,e08,c5,p33,l4,1.79
i06,e08,c5,p34,l2,0.00
i06,e08,c5,p34,l3,0.00
i06,e08,c5,p34,l4,0.00
i06,e08,c5,p35,l1,0.00
i06,e08,c5,p35,l2,44.24
i06,e08,c5,p35,l3,160.37
i06,e08,c5,p35,l4,2155.68
i06,e08,c8,p05,l3,0.00
i06,e08,c8,p07,l2,0.00
i06,e08,c8,p10,l2,0.00
i06,e08,c8,p10,l3,0.00
i06,e08,c8,p10,l4,0.00
i06,e08,c8,p13,l4,0.00
i06,e08,c8,p17,l2,0.00
i06,e08,c8,p29,l2,0.00
i06,e08,c8,p35,l2,0.00
i06,e08,c8,p35,l3,0.00
i06,e08,c8,p35,l4,0.00
i06,e09,c3,p01,l2,0.00
i06,e09,c3,p01,l3,0.00
i06,e09,c3,p02,l2,0.00
i06,e09,c3,p02,l3,0.00
i06,e09,c3,p03,l2,0.00
i06,e09,c3,p03,l3,0.00
i06,e09,c3,p03,l4,0.00
i06,e09,c3,p04,l2,0.00
i06,e09,c3,p04,l3,0.00
i06,e09,c3,p04,l4,0.00
i06,e09,c3,p05,l2,0.00
i06,e09,c3,p05,l3,2.72
i06,e09,c3,p05,l4,0.00
i06,e09,c3,p06,l2,0.00
i06,e09,c3,p06,l3,0.00
i06,e09,c3,p07,l2,0.00
i06,e09,c3,p07,l3,0.00
i06,e09,c3,p07,l4,0.00
i06,e09,c3,p08,l2,0.00
i06,e09,c3,p08,l3,0.00
i06,e09,c3,p09,l2,0.00
i06,e09,c3,p09,l3,6.22
i06,e09,c3,p10,l2,0.00
i06,e09,c3,p10,l3,0.00
i06,e09,c3,p10,l4,0.00
i06,e09,c3,p11,l2,0.00
i06,e09,c3,p11,l3,0.00
i06,e09,c3,p12,l2,0.00
i06,e09,c3,p12,l3,21.40
i06,e09,c3,p13,l2,0.00
i06,e09,c3,p13,l3,0.00
i06,e09,c3,p13,l4,0.00
i06,e09,c3,p14,l2,0.00
i06,e09,c3,p14,l3,0.00
i06,e09,c3,p14,l4,0.00
i06,e09,c3,p15,l2,0.00
i06,e09,c3,p15,l3,0.00
i06,e09,c3,p15,l4,0.00
i06,e09,c3,p16,l2,0.00
i06,e09,c3,p16,l3,0.00
i06,e09,c3,p16,l4,0.00
i06,e09,c3,p17,l2,0.00
i06,e09,c3,p17,l3,0.00
i06,e09,c3,p18,l2,0.00
i06,e09,c3,p18,l3,0.00
i06,e09,c3,p18,l4,0.00
i06,e09,c3,p19,l2,0.00
i06,e09,c3,p19,l3,0.00
i06,e09,c3,p19,l4,0.00
i06,e09,c3,p20,l2,0.00
i06,e09,c3,p20,l3,0.00
i06,e09,c3,p20,l4,0.00
i06,e09,c3,p21,l2,0.00
i06,e09,c3,p21,l3,0.00
i06,e09,c3,p22,l2,0.00
i06,e09,c3,p22,l3,0.00
i06,e09,c3,p23,l2,0.00
i06,e09,c3,p23,l3,0.00
i06,e09,c3,p24,l2,0.00
i06,e09,c3,p24,l3,0.00
i06,e09,c3,p24,l4,0.00
i06,e09,c3,p25,l2,0.00
i06,e09,c3,p25,l3,0.00
i06,e09,c3,p26,l2,0.00
i06,e09,c3,p26,l3,0.00
i06,e09,c3,p28,l2,0.00
i06,e09,c3,p28,l3,0.00
i06,e09,c3,p29,l2,0.00
i06,e09,c3,p29,l3,0.00
i06,e09,c3,p30,l2,0.00
i06,e09,c3,p30,l3,0.00
i06,e09,c3,p31,l2,0.00
i06,e09,c3,p31,l3,0.00
i06,e09,c3,p32,l2,0.00
i06,e09,c3,p32,l3,0.00
i06,e09,c3,p32,l4,0.00
i06,e09,c3,p33,l2,0.00
i06,e09,c3,p33,l3,0.00
i06,e09,c3,p35,l2,0.00
i06,e09,c3,p35,l3,0.00
i06,e09,c3,p35,l4,0.00
i06,e09,c5,p01,l2,0.00
i06,e09,c5,p01,l3,110.18
i06,e09,c5,p01,l4,0.00
i06,e09,c5,p02,l2,0.00
i06,e09,c5,p02,l3,33.34
i06,e09,c5,p02,l4,0.00
i06,e09,c5,p03,l2,0.00
i06,e09,c5,p03,l3,79.48
i06,e09,c5,p03,l4,0.00
i06,e09,c5,p04,l2,0.00
i06,e09,c5,p04,l3,74.42
i06,e09,c5,p04,l4,0.00
i06,e09,c5,p05,l2,0.00
i06,e09,c5,p05,l3,70.03
i06,e09,c5,p05,l4,0.00
i06,e09,c5,p06,l2,0.00
i06,e09,c5,p06,l3,75.31
i06,e09,c5,p06,l4,0.00
i06,e09,c5,p07,l2,0.00
i06,e09,c5,p07,l3,45.75
i06,e09,c5,p07,l4,0.00
i06,e09,c5,p08,l2,0.00
i06,e09,c5,p08,l3,36.36
i06,e09,c5,p08,l4,0.00
i06,e09,c5,p09,l2,0.00
i06,e09,c5,p09,l3,15.72
i06,e09,c5,p09,l4,0.00
i06,e09,c5,p10,l2,0.00
i06,e09,c5,p10,l3,183.65
i06,e09,c5,p10,l4,0.00
i06,e09,c5,p11,l2,0.00
i06,e09,c5,p11,l3,92.48
i06,e09,c5,p11,l4,0.00
i06,e09,c5,p12,l2,0.00
i06,e09,c5,p12,l3,91.07
i06,e09,c5,p12,l4,0.00
i06,e09,c5,p13,l2,0.00
i06,e09,c5,p13,l3,64.46
i06,e09,c5,p13,l4,0.00
i06,e09,c5,p14,l2,0.00
i06,e09,c5,p14,l3,72.26
i06,e09,c5,p14,l4,0.00
i06,e09,c5,p15,l2,0.00
i06,e09,c5,p15,l3,147.05
i06,e09,c5,p15,l4,0.00
i06,e09,c5,p16,l2,0.00
i06,e09,c5,p16,l3,90.51
i06,e09,c5,p16,l4,0.00
i06,e09,c5,p17,l2,0.00
i06,e09,c5,p17,l3,82.25
i06,e09,c5,p17,l4,0.00
i06,e09,c5,p18,l2,0.00
i06,e09,c5,p18,l3,62.65
i06,e09,c5,p18,l4,0.00
i06,e09,c5,p19,l2,0.00
i06,e09,c5,p19,l3,205.24
i06,e09,c5,p19,l4,0.00
i06,e09,c5,p20,l2,0.00
i06,e09,c5,p20,l3,11.17
i06,e09,c5,p20,l4,0.00
i06,e09,c5,p21,l2,0.00
i06,e09,c5,p21,l3,88.53
i06,e09,c5,p21,l4,0.00
i06,e09,c5,p22,l2,0.00
i06,e09,c5,p22,l3,57.06
i06,e09,c5,p22,l4,0.00
i06,e09,c5,p23,l2,0.00
i06,e09,c5,p23,l3,76.98
i06,e09,c5,p23,l4,0.00
i06,e09,c5,p24,l2,0.00
i06,e09,c5,p24,l3,81.07
i06,e09,c5,p24,l4,0.00
i06,e09,c5,p25,l2,0.00
i06,e09,c5,p25,l3,48.48
i06,e09,c5,p25,l4,0.00
i06,e09,c5,p26,l2,0.00
i06,e09,c5,p26,l3,9.84
i06,e09,c5,p26,l4,0.00
i06,e09,c5,p27,l2,0.00
i06,e09,c5,p27,l3,0.00
i06,e09,c5,p28,l2,0.00
i06,e09,c5,p28,l3,28.28
i06,e09,c5,p28,l4,0.00
i06,e09,c5,p29,l2,0.00
i06,e09,c5,p29,l3,96.56
i06,e09,c5,p29,l4,0.00
i06,e09,c5,p30,l2,0.00
i06,e09,c5,p30,l3,5.07
i06,e09,c5,p30,l4,0.00
i06,e09,c5,p31,l2,0.00
i06,e09,c5,p31,l3,9.15
i06,e09,c5,p31,l4,0.00
i06,e09,c5,p32,l2,0.00
i06,e09,c5,p32,l3,45.27
i06,e09,c5,p32,l4,0.00
i06,e09,c5,p33,l2,0.00
i06,e09,c5,p33,l3,0.00
i06,e09,c5,p33,l4,0.00
i06,e09,c5,p34,l2,0.00
i06,e09,c5,p34,l3,0.00
i06,e09,c5,p35,l2,0.00
i06,e09,c5,p35,l3,124.43
i06,e09,c5,p35,l4,0.00
i06,e09,c8,p07,l3,0.00
i06,e10,c3,p01,l1,0.00
i06,e10,c3,p01,l2,0.00
i06,e10,c3,p01,l3,57.10
i06,e10,c3,p01,l4,2.23
i06,e10,c3,p02,l1,0.00
i06,e10,c3,p02,l2,0.00
i06,e10,c3,p02,l3,19.07
i06,e10,c3,p02,l4,0.00
i06,e10,c3,p03,l1,3.78
i06,e10,c3,p03,l2,0.00
i06,e10,c3,p03,l3,413.01
i06,e10,c3,p03,l4,9.42
i06,e10,c3,p04,l1,9.40
i06,e10,c3,p04,l2,0.00
i06,e10,c3,p04,l3,83.17
i06,e10,c3,p04,l4,0.00
i06,e10,c3,p05,l1,0.00
i06,e10,c3,p05,l2,0.00
i06,e10,c3,p05,l3,13.46
i06,e10,c3,p05,l4,6.25
i06,e10,c3,p06,l1,0.00
i06,e10,c3,p06,l2,0.00
i06,e10,c3,p06,l3,323.01
i06,e10,c3,p06,l4,13.01
i06,e10,c3,p07,l1,0.00
i06,e10,c3,p07,l2,4.11
i06,e10,c3,p07,l3,50.30
i06,e10,c3,p07,l4,7.01
i06,e10,c3,p08,l1,0.00
i06,e10,c3,p08,l2,0.00
i06,e10,c3,p08,l3,4.45
i06,e10,c3,p08,l4,7.17
i06,e10,c3,p09,l1,0.00
i06,e10,c3,p09,l2,0.00
i06,e10,c3,p09,l3,96.29
i06,e10,c3,p09,l4,4.31
i06,e10,c3,p10,l1,6.95
i06,e10,c3,p10,l2,0.00
i06,e10,c3,p10,l3,566.54
i06,e10,c3,p10,l4,37.11
i06,e10,c3,p11,l1,1.08
i06,e10,c3,p11,l2,0.00
i06,e10,c3,p11,l3,91.38
i06,e10,c3,p11,l4,5.01
i06,e10,c3,p12,l1,0.00
i06,e10,c3,p12,l2,0.00
i06,e10,c3,p12,l3,70.32
i06,e10,c3,p12,l4,10.66
i06,e10,c3,p13,l1,0.00
i06,e10,c3,p13,l2,0.00
i06,e10,c3,p13,l3,308.27
i06,e10,c3,p13,l4,12.11
i06,e10,c3,p14,l1,0.00
i06,e10,c3,p14,l2,0.00
i06,e10,c3,p14,l3,454.27
i06,e10,c3,p14,l4,3.02
i06,e10,c3,p15,l1,0.00
i06,e10,c3,p15,l2,5.37
i06,e10,c3,p15,l3,299.79
i06,e10,c3,p15,l4,25.28
i06,e10,c3,p16,l1,0.00
i06,e10,c3,p16,l2,0.00
i06,e10,c3,p16,l3,38.27
i06,e10,c3,p16,l4,3.46
i06,e10,c3,p17,l1,0.00
i06,e10,c3,p17,l2,0.00
i06,e10,c3,p17,l3,160.02
i06,e10,c3,p17,l4,4.02
i06,e10,c3,p18,l1,0.00
i06,e10,c3,p18,l2,0.00
i06,e10,c3,p18,l3,256.10
i06,e10,c3,p18,l4,4.35
i06,e10,c3,p19,l1,5.09
i06,e10,c3,p19,l2,1.14
i06,e10,c3,p19,l3,224.07
i06,e10,c3,p19,l4,3.13
i06,e10,c3,p20,l1,0.00
i06,e10,c3,p20,l2,0.00
i06,e10,c3,p20,l3,5.29
i06,e10,c3,p20,l4,3.07
i06,e10,c3,p21,l1,0.00
i06,e10,c3,p21,l2,0.00
i06,e10,c3,p21,l3,97.28
i06,e10,c3,p21,l4,21.22
i06,e10,c3,p22,l1,0.00
i06,e10,c3,p22,l2,0.00
i06,e10,c3,p22,l3,0.00
i06,e10,c3,p22,l4,0.00
i06,e10,c3,p23,l1,0.00
i06,e10,c3,p23,l2,0.00
i06,e10,c3,p23,l3,127.02
i06,e10,c3,p23,l4,0.00
i06,e10,c3,p24,l1,0.00
i06,e10,c3,p24,l2,0.00
i06,e10,c3,p24,l3,109.25
i06,e10,c3,p24,l4,8.19
i06,e10,c3,p25,l1,0.00
i06,e10,c3,p25,l2,0.00
i06,e10,c3,p25,l3,4.30
i06,e10,c3,p25,l4,5.65
i06,e10,c3,p26,l1,0.00
i06,e10,c3,p26,l2,0.00
i06,e10,c3,p26,l3,0.00
i06,e10,c3,p26,l4,0.00
i06,e10,c3,p28,l1,0.00
i06,e10,c3,p28,l2,0.00
i06,e10,c3,p28,l3,0.00
i06,e10,c3,p28,l4,0.00
i06,e10,c3,p29,l1,0.00
i06,e10,c3,p29,l2,0.00
i06,e10,c3,p29,l3,186.92
i06,e10,c3,p29,l4,18.27
i06,e10,c3,p30,l1,0.00
i06,e10,c3,p30,l2,0.00
i06,e10,c3,p30,l3,0.00
i06,e10,c3,p30,l4,0.00
i06,e10,c3,p31,l1,0.00
i06,e10,c3,p31,l2,0.00
i06,e10,c3,p31,l3,0.00
i06,e10,c3,p31,l4,0.00
i06,e10,c3,p32,l1,0.00
i06,e10,c3,p32,l2,0.00
i06,e10,c3,p32,l3,0.00
i06,e10,c3,p32,l4,0.00
i06,e10,c3,p33,l1,0.00
i06,e10,c3,p33,l2,0.00
i06,e10,c3,p33,l3,3.06
i06,e10,c3,p33,l4,0.00
i06,e10,c3,p35,l1,0.00
i06,e10,c3,p35,l2,0.00
i06,e10,c3,p35,l3,164.22
i06,e10,c3,p35,l4,0.00
i06,e10,c5,p01,l1,131.08
i06,e10,c5,p01,l2,108.01
i06,e10,c5,p01,l3,40214.53
i06,e10,c5,p01,l4,2108.45
i06,e10,c5,p02,l1,52.18
i06,e10,c5,p02,l2,21.05
i06,e10,c5,p02,l3,16562.02
i06,e10,c5,p02,l4,790.24
i06,e10,c5,p03,l1,64.32
i06,e10,c5,p03,l2,55.14
i06,e10,c5,p03,l3,34989.14
i06,e10,c5,p03,l4,1931.04
i06,e10,c5,p04,l1,46.28
i06,e10,c5,p04,l2,49.21
i06,e10,c5,p04,l3,21039.24
i06,e10,c5,p04,l4,1176.12
i06,e10,c5,p05,l1,150.37
i06,e10,c5,p05,l2,122.09
i06,e10,c5,p05,l3,58372.36
i06,e10,c5,p05,l4,2894.31
i06,e10,c5,p06,l1,47.07
i06,e10,c5,p06,l2,22.53
i06,e10,c5,p06,l3,30830.29
i06,e10,c5,p06,l4,1645.00
i06,e10,c5,p07,l1,109.58
i06,e10,c5,p07,l2,62.82
i06,e10,c5,p07,l3,33030.21
i06,e10,c5,p07,l4,1899.44
i06,e10,c5,p08,l1,39.48
i06,e10,c5,p08,l2,9.48
i06,e10,c5,p08,l3,16588.11
i06,e10,c5,p08,l4,817.01
i06,e10,c5,p09,l1,43.86
i06,e10,c5,p09,l2,56.03
i06,e10,c5,p09,l3,18824.53
i06,e10,c5,p09,l4,1030.31
i06,e10,c5,p10,l1,255.53
i06,e10,c5,p10,l2,316.28
i06,e10,c5,p10,l3,119973.78
i06,e10,c5,p10,l4,6567.16
i06,e10,c5,p11,l1,105.43
i06,e10,c5,p11,l2,200.35
i06,e10,c5,p11,l3,36820.18
i06,e10,c5,p11,l4,2070.05
i06,e10,c5,p12,l1,64.06
i06,e10,c5,p12,l2,94.71
i06,e10,c5,p12,l3,40032.41
i06,e10,c5,p12,l4,2070.78
i06,e10,c5,p13,l1,49.60
i06,e10,c5,p13,l2,52.23
i06,e10,c5,p13,l3,25973.24
i06,e10,c5,p13,l4,1655.33
i06,e10,c5,p14,l1,55.34
i06,e10,c5,p14,l2,39.09
i06,e10,c5,p14,l3,28324.22
i06,e10,c5,p14,l4,1506.34
i06,e10,c5,p15,l1,174.48
i06,e10,c5,p15,l2,212.04
i06,e10,c5,p15,l3,70190.00
i06,e10,c5,p15,l4,3802.42
i06,e10,c5,p16,l1,80.03
i06,e10,c5,p16,l2,76.25
i06,e10,c5,p16,l3,54046.91
i06,e10,c5,p16,l4,2720.31
i06,e10,c5,p17,l1,126.48
i06,e10,c5,p17,l2,90.28
i06,e10,c5,p17,l3,34522.18
i06,e10,c5,p17,l4,1939.01
i06,e10,c5,p18,l1,69.08
i06,e10,c5,p18,l2,21.09
i06,e10,c5,p18,l3,26885.11
i06,e10,c5,p18,l4,1399.08
i06,e10,c5,p19,l1,265.45
i06,e10,c5,p19,l2,220.25
i06,e10,c5,p19,l3,87656.42
i06,e10,c5,p19,l4,4742.29
i06,e10,c5,p20,l1,19.26
i06,e10,c5,p20,l2,25.77
i06,e10,c5,p20,l3,4907.15
i06,e10,c5,p20,l4,286.54
i06,e10,c5,p21,l1,131.57
i06,e10,c5,p21,l2,241.38
i06,e10,c5,p21,l3,48448.20
i06,e10,c5,p21,l4,2891.90
i06,e10,c5,p22,l1,29.20
i06,e10,c5,p22,l2,61.56
i06,e10,c5,p22,l3,15634.96
i06,e10,c5,p22,l4,986.21
i06,e10,c5,p23,l1,33.45
i06,e10,c5,p23,l2,35.78
i06,e10,c5,p23,l3,17646.09
i06,e10,c5,p23,l4,1127.46
i06,e10,c5,p24,l1,88.49
i06,e10,c5,p24,l2,62.42
i06,e10,c5,p24,l3,33629.15
i06,e10,c5,p24,l4,1803.59
i06,e10,c5,p25,l1,32.13
i06,e10,c5,p25,l2,36.28
i06,e10,c5,p25,l3,11110.03
i06,e10,c5,p25,l4,582.22
i06,e10,c5,p26,l1,10.20
i06,e10,c5,p26,l2,1.39
i06,e10,c5,p26,l3,2551.61
i06,e10,c5,p26,l4,197.18
i06,e10,c5,p27,l1,0.00
i06,e10,c5,p27,l2,0.00
i06,e10,c5,p27,l3,0.00
i06,e10,c5,p27,l4,0.00
i06,e10,c5,p28,l1,34.19
i06,e10,c5,p28,l2,190.14
i06,e10,c5,p28,l3,11707.18
i06,e10,c5,p28,l4,734.49
i06,e10,c5,p29,l1,59.33
i06,e10,c5,p29,l2,102.36
i06,e10,c5,p29,l3,23431.27
i06,e10,c5,p29,l4,1487.05
i06,e10,c5,p30,l1,6.66
i06,e10,c5,p30,l2,7.40
i06,e10,c5,p30,l3,708.52
i06,e10,c5,p30,l4,84.16
i06,e10,c5,p31,l1,11.36
i06,e10,c5,p31,l2,8.43
i06,e10,c5,p31,l3,3811.50
i06,e10,c5,p31,l4,177.00
i06,e10,c5,p32,l1,29.40
i06,e10,c5,p32,l2,31.35
i06,e10,c5,p32,l3,7083.40
i06,e10,c5,p32,l4,764.37
i06,e10,c5,p33,l1,1.06
i06,e10,c5,p33,l2,0.00
i06,e10,c5,p33,l3,48.12
i06,e10,c5,p33,l4,20.70
i06,e10,c5,p34,l1,0.00
i06,e10,c5,p34,l2,0.00
i06,e10,c5,p34,l3,0.00
i06,e10,c5,p34,l4,0.00
i06,e10,c5,p35,l1,145.21
i06,e10,c5,p35,l2,120.27
i06,e10,c5,p35,l3,57635.60
i06,e10,c5,p35,l4,2863.49
i06,e10,c8,p10,l3,0.00
i06,e10,c8,p12,l3,0.00
i06,e10,c8,p12,l4,0.00
i06,e10,c8,p13,l3,0.00
i06,e10,c8,p13,l4,0.00
i06,e10,c8,p14,l3,0.00
i06,e10,c8,p14,l4,0.00
i06,e10,c8,p17,l3,0.00
i06,e10,c8,p18,l3,0.00
i06,e10,c8,p19,l3,0.00
i06,e10,c8,p21,l3,0.00
i06,e10,c8,p35,l3,0.00
i06,e10,c8,p35,l4,0.00
i06,e11,c3,p01,l2,0.00
i06,e11,c3,p01,l3,0.00
i06,e11,c3,p02,l2,0.00
i06,e11,c3,p03,l2,0.00
i06,e11,c3,p03,l3,0.00
i06,e11,c3,p04,l2,0.00
i06,e11,c3,p04,l3,0.00
i06,e11,c3,p05,l1,0.00
i06,e11,c3,p05,l2,0.00
i06,e11,c3,p05,l3,0.00
i06,e11,c3,p06,l2,0.00
i06,e11,c3,p06,l3,0.00
i06,e11,c3,p07,l2,0.00
i06,e11,c3,p07,l3,0.00
i06,e11,c3,p08,l2,0.00
i06,e11,c3,p08,l3,0.00
i06,e11,c3,p09,l2,0.00
i06,e11,c3,p09,l3,0.00
i06,e11,c3,p10,l1,0.00
i06,e11,c3,p10,l2,22.04
i06,e11,c3,p10,l3,0.00
i06,e11,c3,p11,l2,0.00
i06,e11,c3,p11,l3,0.00
i06,e11,c3,p12,l1,0.00
i06,e11,c3,p12,l2,0.00
i06,e11,c3,p12,l3,0.00
i06,e11,c3,p13,l2,0.00
i06,e11,c3,p13,l3,0.00
i06,e11,c3,p14,l2,0.00
i06,e11,c3,p14,l3,0.00
i06,e11,c3,p15,l2,1.68
i06,e11,c3,p15,l3,0.00
i06,e11,c3,p16,l2,0.00
i06,e11,c3,p16,l3,0.00
i06,e11,c3,p17,l2,0.00
i06,e11,c3,p17,l3,0.00
i06,e11,c3,p18,l2,2.08
i06,e11,c3,p18,l3,0.00
i06,e11,c3,p19,l1,0.00
i06,e11,c3,p19,l2,0.00
i06,e11,c3,p19,l3,0.00
i06,e11,c3,p20,l2,0.00
i06,e11,c3,p21,l2,0.00
i06,e11,c3,p21,l3,0.00
i06,e11,c3,p22,l2,0.00
i06,e11,c3,p22,l3,0.00
i06,e11,c3,p23,l2,0.00
i06,e11,c3,p23,l3,0.00
i06,e11,c3,p24,l2,1.18
i06,e11,c3,p24,l3,0.00
i06,e11,c3,p25,l2,0.00
i06,e11,c3,p25,l3,0.00
i06,e11,c3,p26,l2,0.00
i06,e11,c3,p28,l2,0.00
i06,e11,c3,p29,l2,0.00
i06,e11,c3,p29,l3,0.00
i06,e11,c3,p30,l2,0.00
i06,e11,c3,p31,l2,0.00
i06,e11,c3,p32,l2,0.00
i06,e11,c3,p32,l3,0.00
i06,e11,c3,p33,l2,0.00
i06,e11,c3,p35,l1,0.00
i06,e11,c3,p35,l2,0.00
i06,e11,c3,p35,l3,0.00
i06,e11,c5,p01,l1,0.00
i06,e11,c5,p01,l2,752.01
i06,e11,c5,p01,l3,0.00
i06,e11,c5,p02,l1,0.00
i06,e11,c5,p02,l2,319.64
i06,e11,c5,p02,l3,0.00
i06,e11,c5,p03,l1,0.00
i06,e11,c5,p03,l2,569.03
i06,e11,c5,p03,l3,0.00
i06,e11,c5,p04,l1,0.00
i06,e11,c5,p04,l2,254.45
i06,e11,c5,p04,l3,0.00
i06,e11,c5,p05,l1,0.00
i06,e11,c5,p05,l2,856.16
i06,e11,c5,p05,l3,0.00
i06,e11,c5,p06,l1,0.00
i06,e11,c5,p06,l2,317.26
i06,e11,c5,p06,l3,0.00
i06,e11,c5,p07,l1,0.00
i06,e11,c5,p07,l2,462.27
i06,e11,c5,p07,l3,0.00
i06,e11,c5,p08,l1,0.00
i06,e11,c5,p08,l2,200.06
i06,e11,c5,p08,l3,0.00
i06,e11,c5,p09,l1,0.00
i06,e11,c5,p09,l2,182.35
i06,e11,c5,p09,l3,0.00
i06,e11,c5,p10,l1,0.00
i06,e11,c5,p10,l2,2348.03
i06,e11,c5,p10,l3,0.00
i06,e11,c5,p11,l1,0.00
i06,e11,c5,p11,l2,506.81
i06,e11,c5,p11,l3,0.00
i06,e11,c5,p12,l1,0.00
i06,e11,c5,p12,l2,545.44
i06,e11,c5,p12,l3,0.00
i06,e11,c5,p13,l1,0.00
i06,e11,c5,p13,l2,197.15
i06,e11,c5,p13,l3,0.00
i06,e11,c5,p14,l1,0.00
i06,e11,c5,p14,l2,290.29
i06,e11,c5,p14,l3,0.00
i06,e11,c5,p15,l1,0.00
i06,e11,c5,p15,l2,1287.41
i06,e11,c5,p15,l3,0.00
i06,e11,c5,p16,l1,0.00
i06,e11,c5,p16,l2,579.47
i06,e11,c5,p16,l3,0.00
i06,e11,c5,p17,l1,0.00
i06,e11,c5,p17,l2,399.21
i06,e11,c5,p17,l3,0.00
i06,e11,c5,p18,l1,0.00
i06,e11,c5,p18,l2,353.13
i06,e11,c5,p18,l3,0.00
i06,e11,c5,p19,l1,0.00
i06,e11,c5,p19,l2,1275.17
i06,e11,c5,p19,l3,0.00
i06,e11,c5,p20,l1,0.00
i06,e11,c5,p20,l2,37.22
i06,e11,c5,p20,l3,0.00
i06,e11,c5,p21,l1,0.00
i06,e11,c5,p21,l2,560.46
i06,e11,c5,p21,l3,0.00
i06,e11,c5,p22,l1,0.00
i06,e11,c5,p22,l2,172.32
i06,e11,c5,p22,l3,0.00
i06,e11,c5,p23,l1,0.00
i06,e11,c5,p23,l2,282.02
i06,e11,c5,p23,l3,0.00
i06,e11,c5,p24,l1,0.00
i06,e11,c5,p24,l2,400.56
i06,e11,c5,p24,l3,0.00
i06,e11,c5,p25,l1,0.00
i06,e11,c5,p25,l2,169.26
i06,e11,c5,p25,l3,0.00
i06,e11,c5,p26,l1,0.00
i06,e11,c5,p26,l2,16.72
i06,e11,c5,p26,l3,0.00
i06,e11,c5,p27,l2,0.00
i06,e11,c5,p27,l3,0.00
i06,e11,c5,p28,l1,0.00
i06,e11,c5,p28,l2,164.12
i06,e11,c5,p28,l3,0.00
i06,e11,c5,p29,l1,0.00
i06,e11,c5,p29,l2,317.48
i06,e11,c5,p29,l3,0.00
i06,e11,c5,p30,l1,0.00
i06,e11,c5,p30,l2,1.10
i06,e11,c5,p30,l3,0.00
i06,e11,c5,p31,l1,0.00
i06,e11,c5,p31,l2,68.07
i06,e11,c5,p31,l3,0.00
i06,e11,c5,p32,l1,0.00
i06,e11,c5,p32,l2,169.54
i06,e11,c5,p32,l3,0.00
i06,e11,c5,p33,l2,2.61
i06,e11,c5,p33,l3,0.00
i06,e11,c5,p34,l2,0.00
i06,e11,c5,p35,l1,0.00
i06,e11,c5,p35,l2,2294.57
i06,e11,c5,p35,l3,0.00
i06,e11,c8,p13,l2,0.00
i06,e11,c8,p35,l2,0.00
i06,e12,c3,p01,l3,0.00
i06,e12,c3,p01,l4,0.00
i06,e12,c3,p02,l3,0.00
i06,e12,c3,p02,l4,0.00
i06,e12,c3,p03,l3,0.00
i06,e12,c3,p03,l4,0.00
i06,e12,c3,p04,l3,0.00
i06,e12,c3,p04,l4,0.00
i06,e12,c3,p05,l3,0.00
i06,e12,c3,p05,l4,0.00
i06,e12,c3,p06,l3,1.49
i06,e12,c3,p06,l4,0.00
i06,e12,c3,p07,l3,0.00
i06,e12,c3,p07,l4,0.00
i06,e12,c3,p08,l3,0.00
i06,e12,c3,p08,l4,0.00
i06,e12,c3,p09,l3,0.00
i06,e12,c3,p09,l4,0.00
i06,e12,c3,p10,l3,7.61
i06,e12,c3,p10,l4,1.07
i06,e12,c3,p11,l3,0.00
i06,e12,c3,p11,l4,0.00
i06,e12,c3,p12,l3,0.00
i06,e12,c3,p12,l4,0.00
i06,e12,c3,p13,l3,0.00
i06,e12,c3,p13,l4,0.00
i06,e12,c3,p14,l3,0.00
i06,e12,c3,p14,l4,0.00
i06,e12,c3,p15,l3,1.10
i06,e12,c3,p15,l4,0.00
i06,e12,c3,p16,l3,0.00
i06,e12,c3,p16,l4,0.00
i06,e12,c3,p17,l3,0.00
i06,e12,c3,p17,l4,0.00
i06,e12,c3,p18,l3,0.00
i06,e12,c3,p18,l4,0.00
i06,e12,c3,p19,l3,0.00
i06,e12,c3,p19,l4,0.00
i06,e12,c3,p20,l3,0.00
i06,e12,c3,p20,l4,0.00
i06,e12,c3,p21,l3,0.00
i06,e12,c3,p21,l4,0.00
i06,e12,c3,p22,l3,0.00
i06,e12,c3,p22,l4,0.00
i06,e12,c3,p23,l3,0.00
i06,e12,c3,p23,l4,0.00
i06,e12,c3,p24,l3,0.00
i06,e12,c3,p24,l4,0.00
i06,e12,c3,p25,l3,0.00
i06,e12,c3,p25,l4,0.00
i06,e12,c3,p26,l3,0.00
i06,e12,c3,p26,l4,0.00
i06,e12,c3,p27,l3,0.00
i06,e12,c3,p28,l3,0.00
i06,e12,c3,p28,l4,0.00
i06,e12,c3,p29,l3,1.55
i06,e12,c3,p29,l4,1.02
i06,e12,c3,p30,l3,0.00
i06,e12,c3,p30,l4,0.00
i06,e12,c3,p31,l3,0.00
i06,e12,c3,p31,l4,0.00
i06,e12,c3,p32,l3,0.00
i06,e12,c3,p32,l4,0.00
i06,e12,c3,p33,l3,0.00
i06,e12,c3,p33,l4,0.00
i06,e12,c3,p35,l3,0.00
i06,e12,c3,p35,l4,0.00
i06,e12,c5,p01,l3,218.36
i06,e12,c5,p01,l4,2.02
i06,e12,c5,p02,l3,56.37
i06,e12,c5,p02,l4,4.04
i06,e12,c5,p03,l3,106.72
i06,e12,c5,p03,l4,3.32
i06,e12,c5,p04,l3,87.58
i06,e12,c5,p04,l4,5.28
i06,e12,c5,p05,l3,161.00
i06,e12,c5,p05,l4,26.40
i06,e12,c5,p06,l3,57.04
i06,e12,c5,p06,l4,9.03
i06,e12,c5,p07,l3,365.89
i06,e12,c5,p07,l4,16.10
i06,e12,c5,p08,l3,28.14
i06,e12,c5,p08,l4,6.51
i06,e12,c5,p09,l3,39.39
i06,e12,c5,p09,l4,9.12
i06,e12,c5,p10,l3,423.04
i06,e12,c5,p10,l4,27.18
i06,e12,c5,p11,l3,147.29
i06,e12,c5,p11,l4,7.26
i06,e12,c5,p12,l3,163.84
i06,e12,c5,p12,l4,7.51
i06,e12,c5,p13,l3,117.30
i06,e12,c5,p13,l4,5.36
i06,e12,c5,p14,l3,97.67
i06,e12,c5,p14,l4,9.22
i06,e12,c5,p15,l3,263.14
i06,e12,c5,p15,l4,12.54
i06,e12,c5,p16,l3,203.57
i06,e12,c5,p16,l4,14.36
i06,e12,c5,p17,l3,84.46
i06,e12,c5,p17,l4,12.64
i06,e12,c5,p18,l3,98.39
i06,e12,c5,p18,l4,4.45
i06,e12,c5,p19,l3,582.14
i06,e12,c5,p19,l4,35.06
i06,e12,c5,p20,l3,36.22
i06,e12,c5,p20,l4,3.61
i06,e12,c5,p21,l3,234.34
i06,e12,c5,p21,l4,13.28
i06,e12,c5,p22,l3,57.73
i06,e12,c5,p22,l4,8.05
i06,e12,c5,p23,l3,70.72
i06,e12,c5,p23,l4,5.09
i06,e12,c5,p24,l3,129.15
i06,e12,c5,p24,l4,3.86
i06,e12,c5,p25,l3,17.07
i06,e12,c5,p25,l4,4.43
i06,e12,c5,p26,l3,0.00
i06,e12,c5,p26,l4,0.00
i06,e12,c5,p27,l3,0.00
i06,e12,c5,p27,l4,0.00
i06,e12,c5,p28,l3,16.37
i06,e12,c5,p28,l4,3.31
i06,e12,c5,p29,l3,127.02
i06,e12,c5,p29,l4,10.12
i06,e12,c5,p30,l3,2.56
i06,e12,c5,p30,l4,1.69
i06,e12,c5,p31,l3,20.50
i06,e12,c5,p31,l4,0.00
i06,e12,c5,p32,l3,14.57
i06,e12,c5,p32,l4,2.20
i06,e12,c5,p33,l3,3.92
i06,e12,c5,p33,l4,0.00
i06,e12,c5,p34,l3,0.00
i06,e12,c5,p34,l4,0.00
i06,e12,c5,p35,l3,176.18
i06,e12,c5,p35,l4,15.14
i06,e13,c3,p10,l3,0.00
i06,e13,c5,p01,l3,0.00
i06,e13,c5,p03,l3,0.00
i06,e13,c5,p10,l3,0.00
i06,e13,c5,p17,l3,0.00
i06,e13,c5,p35,l3,0.00
i07,e01,c3,p01,l3,0.00
i07,e01,c3,p03,l3,0.00
i07,e01,c3,p06,l3,0.00
i07,e01,c3,p10,l3,0.00
i07,e01,c3,p12,l3,0.00
i07,e01,c3,p13,l3,0.00
i07,e01,c3,p14,l3,0.00
i07,e01,c3,p15,l3,0.00
i07,e01,c3,p16,l3,0.00
i07,e01,c3,p17,l3,0.00
i07,e01,c3,p18,l3,0.00
i07,e01,c3,p19,l3,0.00
i07,e01,c3,p21,l3,0.00
i07,e01,c3,p24,l3,0.00
i07,e01,c3,p25,l3,0.00
i07,e01,c3,p28,l3,0.00
i07,e01,c3,p29,l3,0.00
i07,e01,c3,p35,l3,0.00
i07,e01,c5,p01,l3,0.00
i07,e01,c5,p02,l3,0.00
i07,e01,c5,p03,l3,0.00
i07,e01,c5,p04,l3,0.00
i07,e01,c5,p05,l3,1.04
i07,e01,c5,p06,l3,2.81
i07,e01,c5,p07,l3,3.09
i07,e01,c5,p08,l3,0.00
i07,e01,c5,p09,l3,1.00
i07,e01,c5,p10,l3,1.51
i07,e01,c5,p11,l3,0.00
i07,e01,c5,p12,l3,0.00
i07,e01,c5,p13,l3,0.00
i07,e01,c5,p14,l3,0.00
i07,e01,c5,p15,l3,0.00
i07,e01,c5,p16,l3,0.00
i07,e01,c5,p17,l3,0.00
i07,e01,c5,p18,l3,3.05
i07,e01,c5,p19,l3,2.15
i07,e01,c5,p20,l3,0.00
i07,e01,c5,p21,l3,0.00
i07,e01,c5,p22,l3,1.69
i07,e01,c5,p23,l3,0.00
i07,e01,c5,p24,l3,0.00
i07,e01,c5,p25,l3,0.00
i07,e01,c5,p26,l3,0.00
i07,e01,c5,p28,l3,0.00
i07,e01,c5,p29,l3,0.00
i07,e01,c5,p30,l3,0.00
i07,e01,c5,p31,l3,0.00
i07,e01,c5,p32,l3,0.00
i07,e01,c5,p33,l3,0.00
i07,e01,c5,p35,l3,2.23
i07,e02,c3,p10,l3,0.00
i07,e02,c3,p15,l3,0.00
i07,e02,c3,p19,l1,0.00
i07,e02,c3,p19,l3,0.00
i07,e02,c3,p35,l3,0.00
i07,e02,c5,p01,l1,0.00
i07,e02,c5,p01,l3,0.00
i07,e02,c5,p02,l1,0.00
i07,e02,c5,p02,l3,0.00
i07,e02,c5,p03,l1,0.00
i07,e02,c5,p03,l3,0.00
i07,e02,c5,p04,l1,0.00
i07,e02,c5,p04,l3,0.00
i07,e02,c5,p05,l1,0.00
i07,e02,c5,p05,l3,0.00
i07,e02,c5,p06,l1,0.00
i07,e02,c5,p06,l3,0.00
i07,e02,c5,p07,l1,0.00
i07,e02,c5,p07,l3,0.00
i07,e02,c5,p08,l1,0.00
i07,e02,c5,p08,l3,0.00
i07,e02,c5,p09,l3,0.00
i07,e02,c5,p10,l1,0.00
i07,e02,c5,p10,l3,0.00
i07,e02,c5,p11,l1,0.00
i07,e02,c5,p11,l3,0.00
i07,e02,c5,p12,l1,0.00
i07,e02,c5,p12,l3,0.00
i07,e02,c5,p13,l1,0.00
i07,e02,c5,p13,l3,0.00
i07,e02,c5,p14,l3,0.00
i07,e02,c5,p15,l1,0.00
i07,e02,c5,p15,l3,0.00
i07,e02,c5,p16,l1,0.00
i07,e02,c5,p16,l3,0.00
i07,e02,c5,p17,l1,0.00
i07,e02,c5,p17,l3,0.00
i07,e02,c5,p18,l1,0.00
i07,e02,c5,p18,l3,0.00
i07,e02,c5,p19,l1,0.00
i07,e02,c5,p19,l3,0.00
i07,e02,c5,p20,l3,0.00
i07,e02,c5,p21,l1,0.00
i07,e02,c5,p21,l3,0.00
i07,e02,c5,p22,l1,0.00
i07,e02,c5,p22,l3,0.00
i07,e02,c5,p23,l1,0.00
i07,e02,c5,p23,l3,0.00
i07,e02,c5,p24,l1,0.00
i07,e02,c5,p24,l3,0.00
i07,e02,c5,p25,l3,0.00
i07,e02,c5,p28,l3,0.00
i07,e02,c5,p29,l1,0.00
i07,e02,c5,p29,l3,0.00
i07,e02,c5,p31,l1,0.00
i07,e02,c5,p31,l3,0.00
i07,e02,c5,p32,l3,0.00
i07,e02,c5,p35,l1,0.00
i07,e02,c5,p35,l3,0.00
i07,e03,c3,p19,l3,0.00
i07,e03,c3,p25,l3,0.00
i07,e03,c3,p35,l3,0.00
i07,e03,c5,p01,l3,0.00
i07,e03,c5,p02,l3,0.00
i07,e03,c5,p03,l3,0.00
i07,e03,c5,p04,l3,0.00
i07,e03,c5,p05,l3,0.00
i07,e03,c5,p06,l3,0.00
i07,e03,c5,p07,l3,0.00
i07,e03,c5,p08,l3,0.00
i07,e03,c5,p09,l3,0.00
i07,e03,c5,p10,l3,0.00
i07,e03,c5,p11,l3,0.00
i07,e03,c5,p12,l3,0.00
i07,e03,c5,p13,l3,0.00
i07,e03,c5,p14,l3,0.00
i07,e03,c5,p15,l3,0.00
i07,e03,c5,p16,l3,0.00
i07,e03,c5,p17,l3,0.00
i07,e03,c5,p18,l3,0.00
i07,e03,c5,p19,l3,0.00
i07,e03,c5,p20,l3,0.00
i07,e03,c5,p21,l3,0.00
i07,e03,c5,p22,l3,0.00
i07,e03,c5,p23,l3,0.00
i07,e03,c5,p24,l3,0.00
i07,e03,c5,p25,l3,0.00
i07,e03,c5,p26,l3,0.00
i07,e03,c5,p28,l3,0.00
i07,e03,c5,p29,l3,0.00
i07,e03,c5,p31,l3,0.00
i07,e03,c5,p32,l3,0.00
i07,e03,c5,p35,l3,0.00
i07,e04,c3,p01,l1,0.00
i07,e04,c3,p01,l3,0.00
i07,e04,c3,p03,l3,0.00
i07,e04,c3,p05,l3,0.00
i07,e04,c3,p06,l1,0.00
i07,e04,c3,p07,l3,0.00
i07,e04,c3,p09,l3,0.00
i07,e04,c3,p10,l3,0.00
i07,e04,c3,p11,l3,0.00
i07,e04,c3,p12,l1,0.00
i07,e04,c3,p12,l3,0.00
i07,e04,c3,p14,l3,0.00
i07,e04,c3,p15,l3,0.00
i07,e04,c3,p16,l1,0.00
i07,e04,c3,p16,l3,0.00
i07,e04,c3,p17,l1,0.00
i07,e04,c3,p17,l3,0.00
i07,e04,c3,p18,l3,0.00
i07,e04,c3,p19,l1,0.00
i07,e04,c3,p19,l3,0.00
i07,e04,c3,p21,l3,0.00
i07,e04,c3,p24,l1,0.00
i07,e04,c3,p24,l3,0.00
i07,e04,c3,p25,l3,0.00
i07,e04,c3,p28,l3,0.00
i07,e04,c3,p29,l3,0.00
i07,e04,c3,p35,l3,0.00
i07,e04,c5,p01,l1,0.00
i07,e04,c5,p01,l3,4.48
i07,e04,c5,p02,l1,0.00
i07,e04,c5,p02,l3,0.00
i07,e04,c5,p03,l1,0.00
i07,e04,c5,p03,l3,1.09
i07,e04,c5,p04,l1,0.00
i07,e04,c5,p04,l3,0.00
i07,e04,c5,p05,l1,0.00
i07,e04,c5,p05,l3,1.40
i07,e04,c5,p06,l1,0.00
i07,e04,c5,p06,l3,2.03
i07,e04,c5,p07,l1,0.00
i07,e04,c5,p07,l3,2.29
i07,e04,c5,p08,l1,0.00
i07,e04,c5,p08,l3,0.00
i07,e04,c5,p09,l1,0.00
i07,e04,c5,p09,l3,1.21
i07,e04,c5,p10,l1,0.00
i07,e04,c5,p10,l3,0.00
i07,e04,c5,p11,l1,0.00
i07,e04,c5,p11,l3,0.00
i07,e04,c5,p12,l1,0.00
i07,e04,c5,p12,l3,0.00
i07,e04,c5,p13,l1,0.00
i07,e04,c5,p13,l3,0.00
i07,e04,c5,p14,l1,0.00
i07,e04,c5,p14,l3,0.00
i07,e04,c5,p15,l1,0.00
i07,e04,c5,p15,l3,0.00
i07,e04,c5,p16,l1,0.00
i07,e04,c5,p16,l3,4.51
i07,e04,c5,p17,l1,0.00
i07,e04,c5,p17,l3,0.00
i07,e04,c5,p18,l1,0.00
i07,e04,c5,p18,l3,2.58
i07,e04,c5,p19,l1,0.00
i07,e04,c5,p19,l3,5.15
i07,e04,c5,p20,l1,0.00
i07,e04,c5,p20,l3,3.32
i07,e04,c5,p21,l1,0.00
i07,e04,c5,p21,l3,1.40
i07,e04,c5,p22,l1,0.00
i07,e04,c5,p22,l3,1.68
i07,e04,c5,p23,l1,0.00
i07,e04,c5,p23,l3,2.03
i07,e04,c5,p24,l1,0.00
i07,e04,c5,p24,l3,8.19
i07,e04,c5,p25,l1,0.00
i07,e04,c5,p25,l3,0.00
i07,e04,c5,p26,l1,0.00
i07,e04,c5,p26,l3,0.00
i07,e04,c5,p28,l1,0.00
i07,e04,c5,p28,l3,0.00
i07,e04,c5,p29,l1,0.00
i07,e04,c5,p29,l3,2.07
i07,e04,c5,p30,l1,0.00
i07,e04,c5,p30,l3,0.00
i07,e04,c5,p31,l1,0.00
i07,e04,c5,p31,l3,0.00
i07,e04,c5,p32,l1,0.00
i07,e04,c5,p32,l3,4.17
i07,e04,c5,p33,l3,0.00
i07,e04,c5,p35,l1,0.00
i07,e04,c5,p35,l3,0.00
i07,e05,c3,p06,l3,0.00
i07,e05,c3,p12,l3,0.00
i07,e05,c3,p19,l3,0.00
i07,e05,c3,p35,l3,0.00
i07,e05,c5,p01,l1,0.00
i07,e05,c5,p01,l3,0.00
i07,e05,c5,p02,l1,0.00
i07,e05,c5,p02,l3,0.00
i07,e05,c5,p03,l1,0.00
i07,e05,c5,p03,l3,0.00
i07,e05,c5,p04,l1,0.00
i07,e05,c5,p04,l3,0.00
i07,e05,c5,p05,l1,0.00
i07,e05,c5,p05,l3,0.00
i07,e05,c5,p06,l1,0.00
i07,e05,c5,p06,l3,0.00
i07,e05,c5,p07,l1,0.00
i07,e05,c5,p07,l3,0.00
i07,e05,c5,p08,l3,0.00
i07,e05,c5,p09,l1,0.00
i07,e05,c5,p09,l3,0.00
i07,e05,c5,p10,l1,0.00
i07,e05,c5,p10,l3,0.00
i07,e05,c5,p11,l1,0.00
i07,e05,c5,p11,l3,0.00
i07,e05,c5,p12,l1,0.00
i07,e05,c5,p12,l3,0.00
i07,e05,c5,p13,l1,0.00
i07,e05,c5,p13,l3,0.00
i07,e05,c5,p14,l1,0.00
i07,e05,c5,p14,l3,0.00
i07,e05,c5,p15,l1,0.00
i07,e05,c5,p15,l3,0.00
i07,e05,c5,p16,l1,0.00
i07,e05,c5,p16,l3,0.00
i07,e05,c5,p17,l3,0.00
i07,e05,c5,p18,l1,0.00
i07,e05,c5,p18,l3,1.63
i07,e05,c5,p19,l1,0.00
i07,e05,c5,p19,l3,0.00
i07,e05,c5,p20,l3,0.00
i07,e05,c5,p21,l1,0.00
i07,e05,c5,p21,l3,0.00
i07,e05,c5,p22,l3,0.00
i07,e05,c5,p23,l1,0.00
i07,e05,c5,p23,l3,0.00
i07,e05,c5,p24,l1,0.00
i07,e05,c5,p24,l3,0.00
i07,e05,c5,p25,l1,0.00
i07,e05,c5,p25,l3,0.00
i07,e05,c5,p26,l3,0.00
i07,e05,c5,p28,l1,0.00
i07,e05,c5,p28,l3,0.00
i07,e05,c5,p29,l1,0.00
i07,e05,c5,p29,l3,0.00
i07,e05,c5,p31,l1,0.00
i07,e05,c5,p31,l3,0.00
i07,e05,c5,p32,l1,0.00
i07,e05,c5,p32,l3,0.00
i07,e05,c5,p35,l1,0.00
i07,e05,c5,p35,l3,0.00
i07,e07,c3,p04,l3,0.00
i07,e07,c3,p10,l3,0.00
i07,e07,c3,p35,l3,0.00
i07,e07,c5,p01,l3,0.00
i07,e07,c5,p02,l3,0.00
i07,e07,c5,p03,l2,0.00
i07,e07,c5,p03,l3,0.00
i07,e07,c5,p04,l2,0.00
i07,e07,c5,p04,l3,0.00
i07,e07,c5,p05,l2,0.00
i07,e07,c5,p05,l3,0.00
i07,e07,c5,p06,l3,0.00
i07,e07,c5,p07,l2,0.00
i07,e07,c5,p07,l3,0.00
i07,e07,c5,p08,l2,0.00
i07,e07,c5,p08,l3,0.00
i07,e07,c5,p09,l3,0.00
i07,e07,c5,p10,l2,0.00
i07,e07,c5,p10,l3,0.00
i07,e07,c5,p11,l2,0.00
i07,e07,c5,p11,l3,0.00
i07,e07,c5,p12,l3,0.00
i07,e07,c5,p13,l2,0.00
i07,e07,c5,p13,l3,0.00
i07,e07,c5,p14,l3,0.00
i07,e07,c5,p15,l2,0.00
i07,e07,c5,p15,l3,0.00
i07,e07,c5,p16,l3,0.00
i07,e07,c5,p17,l3,0.00
i07,e07,c5,p18,l3,0.00
i07,e07,c5,p19,l3,0.00
i07,e07,c5,p20,l3,0.00
i07,e07,c5,p21,l2,0.00
i07,e07,c5,p21,l3,0.00
i07,e07,c5,p22,l3,0.00
i07,e07,c5,p23,l3,0.00
i07,e07,c5,p24,l3,0.00
i07,e07,c5,p25,l3,0.00
i07,e07,c5,p26,l3,0.00
i07,e07,c5,p28,l2,0.00
i07,e07,c5,p28,l3,0.00
i07,e07,c5,p29,l3,0.00
i07,e07,c5,p31,l3,0.00
i07,e07,c5,p32,l3,0.00
i07,e07,c5,p35,l3,0.00
i07,e08,c3,p01,l2,0.00
i07,e08,c3,p01,l3,0.00
i07,e08,c3,p02,l2,0.00
i07,e08,c3,p02,l3,0.00
i07,e08,c3,p03,l3,0.00
i07,e08,c3,p05,l3,0.00
i07,e08,c3,p06,l2,0.00
i07,e08,c3,p06,l3,0.00
i07,e08,c3,p07,l2,0.00
i07,e08,c3,p07,l3,0.00
i07,e08,c3,p09,l3,0.00
i07,e08,c3,p10,l2,0.00
i07,e08,c3,p10,l3,0.00
i07,e08,c3,p11,l2,0.00
i07,e08,c3,p11,l3,0.00
i07,e08,c3,p12,l2,0.00
i07,e08,c3,p12,l3,0.00
i07,e08,c3,p13,l2,0.00
i07,e08,c3,p13,l3,0.00
i07,e08,c3,p14,l3,0.00
i07,e08,c3,p15,l3,0.00
i07,e08,c3,p16,l2,0.00
i07,e08,c3,p16,l3,0.00
i07,e08,c3,p17,l2,0.00
i07,e08,c3,p17,l3,0.00
i07,e08,c3,p18,l2,0.00
i07,e08,c3,p18,l3,0.00
i07,e08,c3,p19,l2,0.00
i07,e08,c3,p19,l3,0.00
i07,e08,c3,p21,l2,0.00
i07,e08,c3,p21,l3,0.00
i07,e08,c3,p22,l3,0.00
i07,e08,c3,p24,l2,0.00
i07,e08,c3,p24,l3,0.00
i07,e08,c3,p25,l3,0.00
i07,e08,c3,p28,l3,0.00
i07,e08,c3,p35,l2,0.00
i07,e08,c3,p35,l3,0.00
i07,e08,c5,p01,l2,0.00
i07,e08,c5,p01,l3,2.16
i07,e08,c5,p02,l2,0.00
i07,e08,c5,p02,l3,0.00
i07,e08,c5,p03,l2,0.00
i07,e08,c5,p03,l3,1.55
i07,e08,c5,p04,l2,0.00
i07,e08,c5,p04,l3,1.59
i07,e08,c5,p05,l2,0.00
i07,e08,c5,p05,l3,1.24
i07,e08,c5,p06,l2,0.00
i07,e08,c5,p06,l3,1.24
i07,e08,c5,p07,l2,0.00
i07,e08,c5,p07,l3,0.00
i07,e08,c5,p08,l2,0.00
i07,e08,c5,p08,l3,0.00
i07,e08,c5,p09,l2,0.00
i07,e08,c5,p09,l3,1.02
i07,e08,c5,p10,l2,0.00
i07,e08,c5,p10,l3,47.03
i07,e08,c5,p11,l2,0.00
i07,e08,c5,p11,l3,0.00
i07,e08,c5,p12,l2,0.00
i07,e08,c5,p12,l3,17.21
i07,e08,c5,p13,l2,0.00
i07,e08,c5,p13,l3,0.00
i07,e08,c5,p14,l2,0.00
i07,e08,c5,p14,l3,1.41
i07,e08,c5,p15,l2,0.00
i07,e08,c5,p15,l3,1.11
i07,e08,c5,p16,l2,0.00
i07,e08,c5,p16,l3,4.31
i07,e08,c5,p17,l2,0.00
i07,e08,c5,p17,l3,0.00
i07,e08,c5,p18,l2,0.00
i07,e08,c5,p18,l3,0.00
i07,e08,c5,p19,l2,0.00
i07,e08,c5,p19,l3,1.22
i07,e08,c5,p20,l2,0.00
i07,e08,c5,p20,l3,0.00
i07,e08,c5,p21,l2,0.00
i07,e08,c5,p21,l3,0.00
i07,e08,c5,p22,l2,0.00
i07,e08,c5,p22,l3,0.00
i07,e08,c5,p23,l2,0.00
i07,e08,c5,p23,l3,0.00
i07,e08,c5,p24,l2,0.00
i07,e08,c5,p24,l3,0.00
i07,e08,c5,p25,l2,0.00
i07,e08,c5,p25,l3,0.00
i07,e08,c5,p26,l2,0.00
i07,e08,c5,p26,l3,1.08
i07,e08,c5,p28,l2,0.00
i07,e08,c5,p28,l3,0.00
i07,e08,c5,p29,l2,0.00
i07,e08,c5,p29,l3,2.56
i07,e08,c5,p30,l3,0.00
i07,e08,c5,p31,l2,0.00
i07,e08,c5,p31,l3,0.00
i07,e08,c5,p32,l2,0.00
i07,e08,c5,p32,l3,0.00
i07,e08,c5,p33,l2,0.00
i07,e08,c5,p33,l3,0.00
i07,e08,c5,p35,l2,0.00
i07,e08,c5,p35,l3,10.36
i07,e09,c3,p01,l3,0.00
i07,e09,c3,p03,l3,0.00
i07,e09,c3,p05,l3,0.00
i07,e09,c3,p07,l3,0.00
i07,e09,c3,p09,l3,0.00
i07,e09,c3,p10,l3,0.00
i07,e09,c3,p11,l3,0.00
i07,e09,c3,p12,l2,0.00
i07,e09,c3,p12,l3,0.00
i07,e09,c3,p13,l3,0.00
i07,e09,c3,p14,l3,0.00
i07,e09,c3,p15,l2,0.00
i07,e09,c3,p17,l3,0.00
i07,e09,c3,p19,l2,0.00
i07,e09,c3,p19,l3,0.00
i07,e09,c3,p21,l3,0.00
i07,e09,c3,p24,l3,0.00
i07,e09,c3,p25,l3,0.00
i07,e09,c3,p35,l3,0.00
i07,e09,c5,p01,l2,0.00
i07,e09,c5,p01,l3,1.23
i07,e09,c5,p02,l2,0.00
i07,e09,c5,p02,l3,0.00
i07,e09,c5,p03,l2,0.00
i07,e09,c5,p03,l3,0.00
i07,e09,c5,p04,l2,0.00
i07,e09,c5,p04,l3,0.00
i07,e09,c5,p05,l2,0.00
i07,e09,c5,p05,l3,0.00
i07,e09,c5,p06,l2,0.00
i07,e09,c5,p06,l3,1.29
i07,e09,c5,p07,l2,0.00
i07,e09,c5,p07,l3,2.17
i07,e09,c5,p08,l2,0.00
i07,e09,c5,p08,l3,0.00
i07,e09,c5,p09,l2,0.00
i07,e09,c5,p09,l3,1.54
i07,e09,c5,p10,l2,0.00
i07,e09,c5,p10,l3,1.55
i07,e09,c5,p11,l2,0.00
i07,e09,c5,p11,l3,0.00
i07,e09,c5,p12,l2,0.00
i07,e09,c5,p12,l3,0.00
i07,e09,c5,p13,l2,0.00
i07,e09,c5,p13,l3,0.00
i07,e09,c5,p14,l2,0.00
i07,e09,c5,p14,l3,0.00
i07,e09,c5,p15,l2,0.00
i07,e09,c5,p15,l3,0.00
i07,e09,c5,p16,l2,0.00
i07,e09,c5,p16,l3,0.00
i07,e09,c5,p17,l2,0.00
i07,e09,c5,p17,l3,0.00
i07,e09,c5,p18,l2,0.00
i07,e09,c5,p18,l3,0.00
i07,e09,c5,p19,l2,0.00
i07,e09,c5,p19,l3,4.89
i07,e09,c5,p20,l2,0.00
i07,e09,c5,p20,l3,0.00
i07,e09,c5,p21,l2,0.00
i07,e09,c5,p21,l3,0.00
i07,e09,c5,p22,l2,0.00
i07,e09,c5,p22,l3,1.93
i07,e09,c5,p23,l2,0.00
i07,e09,c5,p23,l3,0.00
i07,e09,c5,p24,l2,0.00
i07,e09,c5,p24,l3,3.15
i07,e09,c5,p25,l2,0.00
i07,e09,c5,p25,l3,0.00
i07,e09,c5,p26,l2,0.00
i07,e09,c5,p26,l3,0.00
i07,e09,c5,p28,l2,0.00
i07,e09,c5,p28,l3,0.00
i07,e09,c5,p29,l2,0.00
i07,e09,c5,p29,l3,0.00
i07,e09,c5,p30,l3,0.00
i07,e09,c5,p31,l2,0.00
i07,e09,c5,p31,l3,0.00
i07,e09,c5,p32,l2,0.00
i07,e09,c5,p32,l3,1.02
i07,e09,c5,p33,l3,0.00
i07,e09,c5,p35,l2,0.00
i07,e09,c5,p35,l3,0.00
i07,e10,c3,p01,l3,0.00
i07,e10,c3,p06,l3,0.00
i07,e10,c3,p10,l3,0.00
i07,e10,c3,p11,l3,0.00
i07,e10,c3,p12,l3,0.00
i07,e10,c3,p19,l3,0.00
i07,e10,c5,p01,l3,0.00
i07,e10,c5,p02,l3,0.00
i07,e10,c5,p03,l3,0.00
i07,e10,c5,p04,l3,0.00
i07,e10,c5,p05,l3,0.00
i07,e10,c5,p06,l3,0.00
i07,e10,c5,p07,l3,0.00
i07,e10,c5,p08,l3,0.00
i07,e10,c5,p09,l3,0.00
i07,e10,c5,p10,l3,0.00
i07,e10,c5,p11,l3,0.00
i07,e10,c5,p12,l3,0.00
i07,e10,c5,p13,l3,0.00
i07,e10,c5,p14,l3,0.00
i07,e10,c5,p15,l3,0.00
i07,e10,c5,p16,l3,0.00
i07,e10,c5,p17,l3,0.00
i07,e10,c5,p18,l3,0.00
i07,e10,c5,p19,l3,0.00
i07,e10,c5,p20,l3,0.00
i07,e10,c5,p21,l3,0.00
i07,e10,c5,p22,l3,0.00
i07,e10,c5,p23,l3,0.00
i07,e10,c5,p24,l3,0.00
i07,e10,c5,p25,l3,0.00
i07,e10,c5,p26,l3,0.00
i07,e10,c5,p28,l3,0.00
i07,e10,c5,p29,l3,0.00
i07,e10,c5,p31,l3,0.00
i07,e10,c5,p32,l3,0.00
i07,e10,c5,p35,l3,0.00
i07,e11,c3,p05,l3,0.00
i07,e11,c3,p07,l2,0.00
i07,e11,c3,p10,l3,0.00
i07,e11,c3,p11,l2,0.00
i07,e11,c3,p11,l3,0.00
i07,e11,c3,p14,l3,0.00
i07,e11,c3,p15,l3,0.00
i07,e11,c3,p19,l3,0.00
i07,e11,c3,p21,l3,0.00
i07,e11,c3,p24,l3,0.00
i07,e11,c3,p28,l3,0.00
i07,e11,c3,p35,l2,0.00
i07,e11,c3,p35,l3,0.00
i07,e11,c5,p01,l2,0.00
i07,e11,c5,p01,l3,5.17
i07,e11,c5,p02,l2,0.00
i07,e11,c5,p02,l3,0.00
i07,e11,c5,p03,l2,0.00
i07,e11,c5,p03,l3,0.00
i07,e11,c5,p04,l2,0.00
i07,e11,c5,p04,l3,0.00
i07,e11,c5,p05,l2,0.00
i07,e11,c5,p05,l3,0.00
i07,e11,c5,p06,l2,0.00
i07,e11,c5,p06,l3,0.00
i07,e11,c5,p07,l2,0.00
i07,e11,c5,p07,l3,0.00
i07,e11,c5,p08,l2,0.00
i07,e11,c5,p08,l3,0.00
i07,e11,c5,p09,l2,0.00
i07,e11,c5,p09,l3,0.00
i07,e11,c5,p10,l2,0.00
i07,e11,c5,p10,l3,4.25
i07,e11,c5,p11,l2,0.00
i07,e11,c5,p11,l3,0.00
i07,e11,c5,p12,l2,0.00
i07,e11,c5,p12,l3,0.00
i07,e11,c5,p13,l2,0.00
i07,e11,c5,p13,l3,0.00
i07,e11,c5,p14,l2,0.00
i07,e11,c5,p14,l3,0.00
i07,e11,c5,p15,l2,0.00
i07,e11,c5,p15,l3,0.00
i07,e11,c5,p16,l2,0.00
i07,e11,c5,p16,l3,0.00
i07,e11,c5,p17,l2,0.00
i07,e11,c5,p17,l3,0.00
i07,e11,c5,p18,l2,0.00
i07,e11,c5,p18,l3,2.66
i07,e11,c5,p19,l2,0.00
i07,e11,c5,p19,l3,0.00
i07,e11,c5,p20,l2,0.00
i07,e11,c5,p20,l3,1.53
i07,e11,c5,p21,l2,0.00
i07,e11,c5,p21,l3,0.00
i07,e11,c5,p22,l2,0.00
i07,e11,c5,p22,l3,0.00
i07,e11,c5,p23,l2,0.00
i07,e11,c5,p23,l3,0.00
i07,e11,c5,p24,l2,0.00
i07,e11,c5,p24,l3,0.00
i07,e11,c5,p25,l2,0.00
i07,e11,c5,p25,l3,0.00
i07,e11,c5,p26,l3,0.00
i07,e11,c5,p28,l2,0.00
i07,e11,c5,p28,l3,0.00
i07,e11,c5,p29,l2,0.00
i07,e11,c5,p29,l3,0.00
i07,e11,c5,p30,l3,0.00
i07,e11,c5,p31,l2,0.00
i07,e11,c5,p31,l3,0.00
i07,e11,c5,p32,l2,0.00
i07,e11,c5,p32,l3,0.00
i07,e11,c5,p35,l2,0.00
i07,e11,c5,p35,l3,0.00
i07,e12,c3,p01,l3,0.00
i07,e12,c3,p02,l3,0.00
i07,e12,c3,p03,l3,0.00
i07,e12,c3,p04,l3,0.00
i07,e12,c3,p05,l3,0.00
i07,e12,c3,p06,l3,0.00
i07,e12,c3,p07,l3,0.00
i07,e12,c3,p09,l3,0.00
i07,e12,c3,p10,l3,0.00
i07,e12,c3,p11,l3,0.00
i07,e12,c3,p12,l3,0.00
i07,e12,c3,p13,l3,0.00
i07,e12,c3,p14,l3,0.00
i07,e12,c3,p15,l3,0.00
i07,e12,c3,p16,l3,0.00
i07,e12,c3,p17,l3,0.00
i07,e12,c3,p18,l3,0.00
i07,e12,c3,p19,l3,0.00
i07,e12,c3,p21,l3,0.00
i07,e12,c3,p24,l3,0.00
i07,e12,c3,p25,l3,0.00
i07,e12,c3,p28,l3,0.00
i07,e12,c3,p35,l3,0.00
i07,e12,c5,p01,l3,26.44
i07,e12,c5,p02,l3,1.06
i07,e12,c5,p03,l3,1.37
i07,e12,c5,p04,l3,0.00
i07,e12,c5,p05,l3,2.09
i07,e12,c5,p06,l3,0.00
i07,e12,c5,p07,l3,8.16
i07,e12,c5,p08,l3,0.00
i07,e12,c5,p09,l3,0.00
i07,e12,c5,p10,l3,30.42
i07,e12,c5,p11,l3,4.24
i07,e12,c5,p12,l3,9.27
i07,e12,c5,p13,l3,3.38
i07,e12,c5,p14,l3,4.30
i07,e12,c5,p15,l3,0.00
i07,e12,c5,p16,l3,0.00
i07,e12,c5,p17,l3,0.00
i07,e12,c5,p18,l3,0.00
i07,e12,c5,p19,l3,11.31
i07,e12,c5,p20,l3,12.44
i07,e12,c5,p21,l3,8.11
i07,e12,c5,p22,l3,0.00
i07,e12,c5,p23,l3,46.31
i07,e12,c5,p24,l3,8.81
i07,e12,c5,p25,l3,0.00
i07,e12,c5,p26,l3,0.00
i07,e12,c5,p28,l3,1.10
i07,e12,c5,p29,l3,0.00
i07,e12,c5,p30,l3,0.00
i07,e12,c5,p31,l3,0.00
i07,e12,c5,p32,l3,0.00
i07,e12,c5,p33,l3,0.00
i07,e12,c5,p35,l3,159.08
i08,e01,c1,p01,l3,0.00
i08,e01,c1,p03,l3,0.00
i08,e01,c1,p04,l3,0.00
i08,e01,c1,p10,l3,0.00
i08,e01,c1,p12,l3,0.00
i08,e01,c1,p19,l3,0.00
i08,e01,c1,p35,l3,0.00
i08,e04,c1,p01,l3,0.00
i08,e04,c1,p03,l3,0.00
i08,e04,c1,p04,l3,0.00
i08,e04,c1,p10,l3,4.77
i08,e04,c1,p12,l3,0.00
i08,e04,c1,p21,l3,0.00
i08,e04,c1,p35,l3,0.00
i08,e07,c1,p10,l3,0.00
i08,e08,c1,p01,l3,0.00
i08,e08,c1,p03,l3,0.00
i08,e08,c1,p04,l3,0.00
i08,e08,c1,p10,l3,2.32
i08,e08,c1,p12,l3,0.00
i08,e08,c1,p35,l3,0.00
i08,e09,c1,p01,l3,0.00
i08,e09,c1,p03,l3,0.00
i08,e09,c1,p04,l3,0.00
i08,e09,c1,p10,l3,0.00
i08,e09,c1,p12,l3,0.00
i08,e09,c1,p19,l3,0.00
i08,e09,c1,p35,l3,0.00
i08,e11,c1,p01,l3,0.00
i08,e11,c1,p03,l3,0.00
i08,e11,c1,p10,l3,0.00
i08,e11,c1,p35,l3,0.00
i08,e12,c1,p10,l3,0.00
i09,e01,c3,p01,l3,0.00
i09,e01,c3,p02,l3,0.00
i09,e01,c3,p03,l3,0.00
i09,e01,c3,p05,l3,0.00
i09,e01,c3,p06,l3,0.00
i09,e01,c3,p08,l3,0.00
i09,e01,c3,p10,l3,0.00
i09,e01,c3,p11,l3,0.00
i09,e01,c3,p12,l3,0.00
i09,e01,c3,p13,l3,0.00
i09,e01,c3,p14,l3,0.00
i09,e01,c3,p15,l3,0.00
i09,e01,c3,p16,l3,0.00
i09,e01,c3,p17,l3,0.00
i09,e01,c3,p18,l3,0.00
i09,e01,c3,p19,l3,0.00
i09,e01,c3,p21,l3,0.00
i09,e01,c3,p22,l3,0.00
i09,e01,c3,p23,l3,0.00
i09,e01,c3,p24,l3,0.00
i09,e01,c3,p25,l3,0.00
i09,e01,c3,p29,l3,0.00
i09,e01,c3,p32,l3,0.00
i09,e01,c3,p35,l3,0.00
i09,e01,c5,p01,l3,0.00
i09,e01,c5,p02,l3,0.00
i09,e01,c5,p03,l3,0.00
i09,e01,c5,p04,l3,0.00
i09,e01,c5,p05,l3,0.00
i09,e01,c5,p06,l3,0.00
i09,e01,c5,p07,l3,0.00
i09,e01,c5,p08,l3,0.00
i09,e01,c5,p09,l3,0.00
i09,e01,c5,p10,l3,0.00
i09,e01,c5,p11,l3,0.00
i09,e01,c5,p12,l3,0.00
i09,e01,c5,p13,l3,0.00
i09,e01,c5,p14,l3,0.00
i09,e01,c5,p15,l3,0.00
i09,e01,c5,p16,l3,0.00
i09,e01,c5,p17,l3,0.00
i09,e01,c5,p18,l3,0.00
i09,e01,c5,p19,l3,0.00
i09,e01,c5,p20,l3,0.00
i09,e01,c5,p21,l3,0.00
i09,e01,c5,p22,l3,0.00
i09,e01,c5,p23,l3,0.00
i09,e01,c5,p24,l3,0.00
i09,e01,c5,p25,l3,0.00
i09,e01,c5,p26,l3,0.00
i09,e01,c5,p28,l3,0.00
i09,e01,c5,p29,l3,0.00
i09,e01,c5,p30,l3,0.00
i09,e01,c5,p31,l3,0.00
i09,e01,c5,p32,l3,0.00
i09,e01,c5,p35,l3,2.16
i09,e04,c3,p01,l3,0.00
i09,e04,c3,p02,l3,0.00
i09,e04,c3,p03,l3,0.00
i09,e04,c3,p05,l1,0.00
i09,e04,c3,p05,l3,0.00
i09,e04,c3,p06,l3,0.00
i09,e04,c3,p08,l1,0.00
i09,e04,c3,p08,l3,0.00
i09,e04,c3,p10,l1,0.00
i09,e04,c3,p10,l3,0.00
i09,e04,c3,p11,l3,0.00
i09,e04,c3,p12,l3,0.00
i09,e04,c3,p13,l3,0.00
i09,e04,c3,p15,l1,0.00
i09,e04,c3,p15,l3,0.00
i09,e04,c3,p16,l3,0.00
i09,e04,c3,p17,l3,0.00
i09,e04,c3,p18,l3,0.00
i09,e04,c3,p19,l3,0.00
i09,e04,c3,p20,l1,0.00
i09,e04,c3,p20,l3,0.00
i09,e04,c3,p21,l3,0.00
i09,e04,c3,p23,l3,0.00
i09,e04,c3,p24,l3,0.00
i09,e04,c3,p25,l3,0.00
i09,e04,c3,p27,l1,0.00
i09,e04,c3,p27,l3,0.00
i09,e04,c3,p28,l3,0.00
i09,e04,c3,p29,l3,0.00
i09,e04,c3,p35,l1,0.00
i09,e04,c3,p35,l3,0.00
i09,e04,c5,p01,l1,0.00
i09,e04,c5,p01,l3,4.01
i09,e04,c5,p02,l1,0.00
i09,e04,c5,p02,l3,0.00
i09,e04,c5,p03,l1,0.00
i09,e04,c5,p03,l3,0.00
i09,e04,c5,p04,l1,0.00
i09,e04,c5,p04,l3,0.00
i09,e04,c5,p05,l1,0.00
i09,e04,c5,p05,l3,0.00
i09,e04,c5,p06,l1,0.00
i09,e04,c5,p06,l3,0.00
i09,e04,c5,p07,l1,0.00
i09,e04,c5,p07,l3,0.00
i09,e04,c5,p08,l1,0.00
i09,e04,c5,p08,l3,0.00
i09,e04,c5,p09,l1,0.00
i09,e04,c5,p09,l3,0.00
i09,e04,c5,p10,l1,0.00
i09,e04,c5,p10,l3,0.00
i09,e04,c5,p11,l1,0.00
i09,e04,c5,p11,l3,0.00
i09,e04,c5,p12,l1,0.00
i09,e04,c5,p12,l3,0.00
i09,e04,c5,p13,l1,0.00
i09,e04,c5,p13,l3,0.00
i09,e04,c5,p14,l1,0.00
i09,e04,c5,p14,l3,0.00
i09,e04,c5,p15,l1,0.00
i09,e04,c5,p15,l3,0.00
i09,e04,c5,p16,l1,0.00
i09,e04,c5,p16,l3,0.00
i09,e04,c5,p17,l1,0.00
i09,e04,c5,p17,l3,0.00
i09,e04,c5,p18,l1,0.00
i09,e04,c5,p18,l3,0.00
i09,e04,c5,p19,l1,0.00
i09,e04,c5,p19,l3,0.00
i09,e04,c5,p20,l1,0.00
i09,e04,c5,p20,l3,0.00
i09,e04,c5,p21,l1,0.00
i09,e04,c5,p21,l3,0.00
i09,e04,c5,p22,l1,0.00
i09,e04,c5,p22,l3,0.00
i09,e04,c5,p23,l1,0.00
i09,e04,c5,p23,l3,0.00
i09,e04,c5,p24,l1,0.00
i09,e04,c5,p24,l3,0.00
i09,e04,c5,p25,l1,0.00
i09,e04,c5,p25,l3,0.00
i09,e04,c5,p26,l1,0.00
i09,e04,c5,p26,l3,0.00
i09,e04,c5,p28,l1,0.00
i09,e04,c5,p28,l3,0.00
i09,e04,c5,p29,l1,0.00
i09,e04,c5,p29,l3,0.00
i09,e04,c5,p30,l3,0.00
i09,e04,c5,p31,l1,0.00
i09,e04,c5,p31,l3,0.00
i09,e04,c5,p32,l1,0.00
i09,e04,c5,p32,l3,0.00
i09,e04,c5,p35,l1,0.00
i09,e04,c5,p35,l3,0.00
i09,e05,c3,p01,l3,0.00
i09,e05,c3,p03,l3,0.00
i09,e05,c3,p05,l3,0.00
i09,e05,c3,p10,l1,0.00
i09,e05,c3,p10,l3,0.00
i09,e05,c3,p13,l3,0.00
i09,e05,c3,p17,l3,0.00
i09,e05,c3,p23,l3,0.00
i09,e05,c3,p24,l3,0.00
i09,e05,c3,p35,l1,0.00
i09,e05,c3,p35,l3,0.00
i09,e05,c5,p01,l1,0.00
i09,e05,c5,p01,l3,0.00
i09,e05,c5,p02,l3,0.00
i09,e05,c5,p03,l1,0.00
i09,e05,c5,p03,l3,0.00
i09,e05,c5,p04,l3,0.00
i09,e05,c5,p05,l1,0.00
i09,e05,c5,p05,l3,0.00
i09,e05,c5,p06,l1,0.00
i09,e05,c5,p06,l3,0.00
i09,e05,c5,p07,l3,0.00
i09,e05,c5,p08,l3,0.00
i09,e05,c5,p09,l3,0.00
i09,e05,c5,p10,l1,0.00
i09,e05,c5,p10,l3,0.00
i09,e05,c5,p11,l3,0.00
i09,e05,c5,p12,l1,0.00
i09,e05,c5,p12,l3,0.00
i09,e05,c5,p13,l1,0.00
i09,e05,c5,p13,l3,0.00
i09,e05,c5,p14,l1,0.00
i09,e05,c5,p14,l3,0.00
i09,e05,c5,p15,l1,0.00
i09,e05,c5,p15,l3,0.00
i09,e05,c5,p16,l1,0.00
i09,e05,c5,p16,l3,0.00
i09,e05,c5,p17,l1,0.00
i09,e05,c5,p17,l3,0.00
i09,e05,c5,p18,l1,0.00
i09,e05,c5,p18,l3,0.00
i09,e05,c5,p19,l1,0.00
i09,e05,c5,p19,l3,0.00
i09,e05,c5,p20,l3,0.00
i09,e05,c5,p21,l3,0.00
i09,e05,c5,p22,l3,0.00
i09,e05,c5,p23,l1,0.00
i09,e05,c5,p23,l3,0.00
i09,e05,c5,p24,l1,0.00
i09,e05,c5,p24,l3,0.00
i09,e05,c5,p25,l3,0.00
i09,e05,c5,p28,l1,0.00
i09,e05,c5,p28,l3,0.00
i09,e05,c5,p29,l3,0.00
i09,e05,c5,p32,l3,0.00
i09,e05,c5,p35,l1,0.00
i09,e05,c5,p35,l3,0.00
i09,e09,c3,p01,l3,0.00
i09,e09,c3,p02,l3,0.00
i09,e09,c3,p03,l2,0.00
i09,e09,c3,p03,l3,0.00
i09,e09,c3,p05,l2,0.00
i09,e09,c3,p05,l3,0.00
i09,e09,c3,p06,l3,0.00
i09,e09,c3,p10,l2,0.00
i09,e09,c3,p10,l3,0.00
i09,e09,c3,p11,l3,0.00
i09,e09,c3,p12,l3,0.00
i09,e09,c3,p13,l3,0.00
i09,e09,c3,p15,l2,0.00
i09,e09,c3,p15,l3,0.00
i09,e09,c3,p16,l3,0.00
i09,e09,c3,p17,l3,0.00
i09,e09,c3,p18,l3,0.00
i09,e09,c3,p19,l3,0.00
i09,e09,c3,p21,l2,0.00
i09,e09,c3,p21,l3,0.00
i09,e09,c3,p22,l3,0.00
i09,e09,c3,p23,l3,0.00
i09,e09,c3,p24,l3,0.00
i09,e09,c3,p25,l3,0.00
i09,e09,c3,p27,l3,0.00
i09,e09,c3,p29,l3,0.00
i09,e09,c3,p32,l3,0.00
i09,e09,c3,p35,l2,0.00
i09,e09,c3,p35,l3,0.00
i09,e09,c5,p01,l2,0.00
i09,e09,c5,p01,l3,0.00
i09,e09,c5,p02,l2,0.00
i09,e09,c5,p02,l3,0.00
i09,e09,c5,p03,l2,0.00
i09,e09,c5,p03,l3,0.00
i09,e09,c5,p04,l2,0.00
i09,e09,c5,p04,l3,0.00
i09,e09,c5,p05,l2,0.00
i09,e09,c5,p05,l3,0.00
i09,e09,c5,p06,l2,0.00
i09,e09,c5,p06,l3,0.00
i09,e09,c5,p07,l2,0.00
i09,e09,c5,p07,l3,1.26
i09,e09,c5,p08,l2,0.00
i09,e09,c5,p08,l3,0.00
i09,e09,c5,p09,l2,0.00
i09,e09,c5,p09,l3,0.00
i09,e09,c5,p10,l2,0.00
i09,e09,c5,p10,l3,0.00
i09,e09,c5,p11,l2,0.00
i09,e09,c5,p11,l3,0.00
i09,e09,c5,p12,l2,0.00
i09,e09,c5,p12,l3,0.00
i09,e09,c5,p13,l2,0.00
i09,e09,c5,p13,l3,0.00
i09,e09,c5,p14,l2,0.00
i09,e09,c5,p14,l3,0.00
i09,e09,c5,p15,l2,0.00
i09,e09,c5,p15,l3,0.00
i09,e09,c5,p16,l2,0.00
i09,e09,c5,p16,l3,0.00
i09,e09,c5,p17,l2,0.00
i09,e09,c5,p17,l3,0.00
i09,e09,c5,p18,l2,0.00
i09,e09,c5,p18,l3,0.00
i09,e09,c5,p19,l2,0.00
i09,e09,c5,p19,l3,2.08
i09,e09,c5,p20,l2,0.00
i09,e09,c5,p20,l3,0.00
i09,e09,c5,p21,l2,0.00
i09,e09,c5,p21,l3,0.00
i09,e09,c5,p22,l2,0.00
i09,e09,c5,p22,l3,0.00
i09,e09,c5,p23,l2,0.00
i09,e09,c5,p23,l3,0.00
i09,e09,c5,p24,l2,0.00
i09,e09,c5,p24,l3,0.00
i09,e09,c5,p25,l2,0.00
i09,e09,c5,p25,l3,0.00
i09,e09,c5,p26,l2,0.00
i09,e09,c5,p26,l3,0.00
i09,e09,c5,p28,l2,0.00
i09,e09,c5,p28,l3,0.00
i09,e09,c5,p29,l2,0.00
i09,e09,c5,p29,l3,0.00
i09,e09,c5,p30,l3,0.00
i09,e09,c5,p31,l3,0.00
i09,e09,c5,p32,l2,0.00
i09,e09,c5,p32,l3,0.00
i09,e09,c5,p35,l2,0.00
i09,e09,c5,p35,l3,1.31
i10,e02,c3,p01,l1,0.00
i10,e02,c3,p01,l3,0.00
i10,e02,c3,p02,l1,0.00
i10,e02,c3,p02,l3,0.00
i10,e02,c3,p03,l1,0.00
i10,e02,c3,p03,l3,0.00
i10,e02,c3,p04,l1,0.00
i10,e02,c3,p04,l3,0.00
i10,e02,c3,p05,l1,0.00
i10,e02,c3,p05,l3,0.00
i10,e02,c3,p06,l3,0.00
i10,e02,c3,p07,l1,0.00
i10,e02,c3,p07,l3,0.00
i10,e02,c3,p08,l1,0.00
i10,e02,c3,p08,l3,0.00
i10,e02,c3,p09,l1,0.00
i10,e02,c3,p09,l3,0.00
i10,e02,c3,p10,l1,0.00
i10,e02,c3,p10,l3,0.00
i10,e02,c3,p11,l1,0.00
i10,e02,c3,p11,l3,0.00
i10,e02,c3,p12,l1,0.00
i10,e02,c3,p12,l3,0.00
i10,e02,c3,p13,l1,0.00
i10,e02,c3,p13,l3,0.00
i10,e02,c3,p14,l1,0.00
i10,e02,c3,p14,l3,0.00
i10,e02,c3,p15,l1,0.00
i10,e02,c3,p15,l3,0.00
i10,e02,c3,p16,l1,0.00
i10,e02,c3,p16,l3,0.00
i10,e02,c3,p17,l1,0.00
i10,e02,c3,p17,l3,0.00
i10,e02,c3,p18,l1,0.00
i10,e02,c3,p18,l3,0.00
i10,e02,c3,p19,l1,0.00
i10,e02,c3,p19,l3,0.00
i10,e02,c3,p20,l3,0.00
i10,e02,c3,p21,l1,0.00
i10,e02,c3,p21,l3,0.00
i10,e02,c3,p22,l1,0.00
i10,e02,c3,p22,l3,0.00
i10,e02,c3,p23,l1,0.00
i10,e02,c3,p23,l3,0.00
i10,e02,c3,p24,l1,0.00
i10,e02,c3,p24,l3,0.00
i10,e02,c3,p25,l1,0.00
i10,e02,c3,p25,l3,0.00
i10,e02,c3,p26,l1,0.00
i10,e02,c3,p26,l3,0.00
i10,e02,c3,p28,l1,0.00
i10,e02,c3,p28,l3,0.00
i10,e02,c3,p29,l1,0.00
i10,e02,c3,p29,l3,0.00
i10,e02,c3,p30,l3,0.00
i10,e02,c3,p31,l3,0.00
i10,e02,c3,p32,l3,0.00
i10,e02,c3,p35,l1,0.00
i10,e02,c3,p35,l3,0.00
i10,e05,c3,p01,l1,0.00
i10,e05,c3,p01,l3,0.00
i10,e05,c3,p02,l1,0.00
i10,e05,c3,p02,l3,0.00
i10,e05,c3,p03,l1,0.00
i10,e05,c3,p03,l3,0.00
i10,e05,c3,p04,l1,0.00
i10,e05,c3,p04,l3,0.00
i10,e05,c3,p05,l1,0.00
i10,e05,c3,p05,l3,0.00
i10,e05,c3,p06,l1,0.00
i10,e05,c3,p06,l3,0.00
i10,e05,c3,p07,l1,0.00
i10,e05,c3,p07,l3,0.00
i10,e05,c3,p08,l1,0.00
i10,e05,c3,p08,l3,0.00
i10,e05,c3,p09,l1,0.00
i10,e05,c3,p09,l3,0.00
i10,e05,c3,p10,l1,0.00
i10,e05,c3,p10,l3,0.00
i10,e05,c3,p11,l1,0.00
i10,e05,c3,p11,l3,0.00
i10,e05,c3,p12,l1,0.00
i10,e05,c3,p12,l3,0.00
i10,e05,c3,p13,l1,0.00
i10,e05,c3,p13,l3,0.00
i10,e05,c3,p14,l1,0.00
i10,e05,c3,p14,l3,0.00
i10,e05,c3,p15,l1,0.00
i10,e05,c3,p15,l3,0.00
i10,e05,c3,p16,l1,0.00
i10,e05,c3,p16,l3,0.00
i10,e05,c3,p17,l1,0.00
i10,e05,c3,p17,l3,0.00
i10,e05,c3,p18,l1,0.00
i10,e05,c3,p18,l3,0.00
i10,e05,c3,p19,l1,0.00
i10,e05,c3,p19,l3,0.00
i10,e05,c3,p20,l1,0.00
i10,e05,c3,p20,l3,0.00
i10,e05,c3,p21,l1,0.00
i10,e05,c3,p21,l3,0.00
i10,e05,c3,p22,l1,0.00
i10,e05,c3,p22,l3,0.00
i10,e05,c3,p23,l1,0.00
i10,e05,c3,p23,l3,0.00
i10,e05,c3,p24,l1,0.00
i10,e05,c3,p24,l3,0.00
i10,e05,c3,p25,l1,0.00
i10,e05,c3,p25,l3,0.00
i10,e05,c3,p26,l1,0.00
i10,e05,c3,p26,l3,0.00
i10,e05,c3,p27,l3,0.00
i10,e05,c3,p28,l1,0.00
i10,e05,c3,p28,l3,0.00
i10,e05,c3,p29,l1,0.00
i10,e05,c3,p29,l3,0.00
i10,e05,c3,p30,l1,0.00
i10,e05,c3,p30,l3,0.00
i10,e05,c3,p31,l1,0.00
i10,e05,c3,p31,l3,0.00
i10,e05,c3,p32,l1,0.00
i10,e05,c3,p32,l3,0.00
i10,e05,c3,p35,l1,0.00
i10,e05,c3,p35,l3,1.14
i10,e05,c5,p01,l3,0.00
i10,e05,c5,p02,l3,0.00
i10,e05,c5,p03,l1,0.00
i10,e05,c5,p03,l3,0.00
i10,e05,c5,p05,l1,0.00
i10,e05,c5,p05,l3,0.00
i10,e05,c5,p06,l1,0.00
i10,e05,c5,p07,l3,0.00
i10,e05,c5,p08,l3,0.00
i10,e05,c5,p10,l3,0.00
i10,e05,c5,p11,l3,0.00
i10,e05,c5,p12,l1,0.00
i10,e05,c5,p13,l3,0.00
i10,e05,c5,p15,l1,0.00
i10,e05,c5,p15,l3,0.00
i10,e05,c5,p16,l3,0.00
i10,e05,c5,p19,l1,0.00
i10,e05,c5,p19,l3,0.00
i10,e05,c5,p23,l3,0.00
i10,e05,c5,p24,l3,0.00
i10,e05,c5,p28,l1,0.00
i10,e05,c5,p35,l1,0.00
i10,e05,c5,p35,l3,0.00
i10,e05,c8,p10,l3,0.00
i10,e05,c8,p35,l3,0.00
i10,e13,c3,p01,l3,0.00
i10,e13,c3,p02,l3,0.00
i10,e13,c3,p03,l3,0.00
i10,e13,c3,p04,l3,0.00
i10,e13,c3,p05,l3,0.00
i10,e13,c3,p06,l3,0.00
i10,e13,c3,p07,l3,0.00
i10,e13,c3,p08,l3,0.00
i10,e13,c3,p09,l3,0.00
i10,e13,c3,p10,l3,0.00
i10,e13,c3,p11,l3,1.29
i10,e13,c3,p12,l3,0.00
i10,e13,c3,p13,l3,0.00
i10,e13,c3,p14,l3,0.00
i10,e13,c3,p15,l3,0.00
i10,e13,c3,p16,l3,0.00
i10,e13,c3,p17,l3,0.00
i10,e13,c3,p18,l3,0.00
i10,e13,c3,p19,l3,0.00
i10,e13,c3,p20,l3,0.00
i10,e13,c3,p21,l3,0.00
i10,e13,c3,p22,l3,0.00
i10,e13,c3,p23,l3,0.00
i10,e13,c3,p24,l3,0.00
i10,e13,c3,p25,l3,0.00
i10,e13,c3,p26,l3,0.00
i10,e13,c3,p27,l3,0.00
i10,e13,c3,p28,l3,0.00
i10,e13,c3,p29,l3,0.00
i10,e13,c3,p30,l3,0.00
i10,e13,c3,p31,l3,0.00
i10,e13,c3,p32,l3,0.00
i10,e13,c3,p35,l3,3.10
i10,e13,c5,p15,l3,0.00
i10,e13,c5,p19,l3,0.00
i10,e13,c5,p35,l3,0.00
i100,e01,c3,p10,l3,0.00
i100,e01,c5,p01,l3,0.00
i100,e01,c5,p10,l3,0.00
i100,e01,c5,p35,l3,0.00
i100,e02,c5,p35,l3,0.00
i100,e04,c5,p10,l3,0.00
i100,e04,c5,p35,l3,0.00
i100,e05,c5,p10,l3,0.00
i100,e05,c5,p35,l3,0.00
i100,e08,c5,p10,l3,0.00
i100,e08,c5,p35,l3,0.00
i100,e09,c3,p10,l3,0.00
i100,e09,c5,p10,l3,0.00
i100,e09,c5,p35,l3,0.00
i100,e11,c3,p10,l3,0.00
i100,e11,c5,p10,l3,0.00
i100,e11,c5,p35,l3,0.00
i100,e13,c3,p10,l3,0.00
i100,e13,c5,p01,l3,0.00
i100,e13,c5,p10,l3,0.00
i100,e13,c5,p35,l3,0.00
i101,e01,c1,p01,l3,0.00
i101,e01,c1,p02,l3,0.00
i101,e01,c1,p03,l3,0.00
i101,e01,c1,p04,l3,0.00
i101,e01,c1,p08,l3,0.00
i101,e01,c1,p10,l3,0.00
i101,e01,c1,p11,l3,0.00
i101,e01,c1,p12,l3,0.00
i101,e01,c1,p13,l3,0.00
i101,e01,c1,p17,l3,0.00
i101,e01,c1,p19,l3,0.00
i101,e01,c1,p21,l3,0.00
i101,e01,c1,p24,l3,0.00
i101,e01,c1,p32,l3,0.00
i101,e01,c1,p35,l3,0.00
i101,e04,c1,p01,l3,0.00
i101,e04,c1,p03,l3,0.00
i101,e04,c1,p04,l1,0.00
i101,e04,c1,p04,l3,0.00
i101,e04,c1,p10,l1,0.00
i101,e04,c1,p10,l3,0.00
i101,e04,c1,p11,l3,0.00
i101,e04,c1,p12,l3,0.00
i101,e04,c1,p17,l3,0.00
i101,e04,c1,p19,l3,0.00
i101,e04,c1,p21,l3,0.00
i101,e04,c1,p25,l3,0.00
i101,e04,c1,p32,l3,0.00
i101,e04,c1,p35,l1,0.00
i101,e04,c1,p35,l3,0.00
i101,e05,c1,p10,l3,0.00
i101,e05,c1,p35,l3,0.00
i101,e07,c1,p10,l2,0.00
i101,e07,c1,p10,l3,0.00
i101,e07,c1,p35,l3,0.00
i101,e08,c1,p03,l3,0.00
i101,e08,c1,p04,l3,0.00
i101,e08,c1,p06,l3,0.00
i101,e08,c1,p10,l2,0.00
i101,e08,c1,p10,l3,0.00
i101,e08,c1,p11,l3,0.00
i101,e08,c1,p12,l3,0.00
i101,e08,c1,p17,l3,0.00
i101,e08,c1,p19,l2,0.00
i101,e08,c1,p19,l3,0.00
i101,e08,c1,p21,l3,0.00
i101,e08,c1,p24,l2,0.00
i101,e08,c1,p24,l3,0.00
i101,e08,c1,p25,l3,0.00
i101,e08,c1,p32,l3,0.00
i101,e08,c1,p35,l2,0.00
i101,e08,c1,p35,l3,0.00
i101,e09,c1,p01,l3,0.00
i101,e09,c1,p03,l3,0.00
i101,e09,c1,p04,l2,0.00
i101,e09,c1,p04,l3,0.00
i101,e09,c1,p08,l3,0.00
i101,e09,c1,p10,l2,0.00
i101,e09,c1,p10,l3,0.00
i101,e09,c1,p11,l2,0.00
i101,e09,c1,p11,l3,0.00
i101,e09,c1,p12,l3,0.00
i101,e09,c1,p14,l3,0.00
i101,e09,c1,p15,l3,0.00
i101,e09,c1,p17,l3,0.00
i101,e09,c1,p19,l3,0.00
i101,e09,c1,p21,l3,0.00
i101,e09,c1,p24,l2,0.00
i101,e09,c1,p24,l3,0.00
i101,e09,c1,p32,l3,0.00
i101,e09,c1,p35,l2,0.00
i101,e09,c1,p35,l3,0.00
i101,e12,c1,p01,l3,0.00
i101,e12,c1,p02,l3,0.00
i101,e12,c1,p03,l3,0.00
i101,e12,c1,p04,l3,0.00
i101,e12,c1,p05,l3,0.00
i101,e12,c1,p07,l3,0.00
i101,e12,c1,p10,l3,0.00
i101,e12,c1,p11,l3,0.00
i101,e12,c1,p12,l3,0.00
i101,e12,c1,p15,l3,0.00
i101,e12,c1,p16,l3,0.00
i101,e12,c1,p17,l3,0.00
i101,e12,c1,p18,l3,0.00
i101,e12,c1,p19,l3,0.00
i101,e12,c1,p21,l3,0.00
i101,e12,c1,p24,l3,0.00
i101,e12,c1,p32,l3,0.00
i101,e12,c1,p35,l3,0.00
i102,e01,c3,p18,l3,0.00
i102,e01,c5,p10,l3,0.00
i102,e01,c5,p18,l3,0.00
i102,e01,c5,p19,l3,0.00
i102,e01,c5,p35,l3,0.00
i102,e04,c3,p18,l3,0.00
i102,e04,c5,p18,l1,0.00
i102,e04,c5,p18,l3,0.00
i102,e04,c5,p19,l3,0.00
i102,e04,c5,p35,l3,0.00
i102,e05,c5,p18,l3,0.00
i102,e08,c3,p18,l3,0.00
i102,e08,c5,p10,l3,0.00
i102,e08,c5,p17,l3,0.00
i102,e08,c5,p18,l2,0.00
i102,e08,c5,p18,l3,0.00
i102,e08,c5,p19,l3,0.00
i102,e08,c5,p23,l3,0.00
i102,e08,c5,p35,l2,0.00
i102,e08,c5,p35,l3,0.00
i102,e09,c5,p18,l2,0.00
i102,e09,c5,p18,l3,0.00
i102,e09,c5,p19,l3,0.00
i102,e09,c5,p35,l3,0.00
i102,e11,c5,p18,l3,0.00
i103,e02,c5,p01,l3,0.00
i103,e02,c5,p04,l3,0.00
i103,e02,c5,p06,l3,0.00
i103,e02,c5,p10,l3,0.00
i103,e02,c5,p11,l3,0.00
i103,e02,c5,p13,l3,0.00
i103,e02,c5,p16,l3,0.00
i103,e02,c5,p19,l3,0.00
i103,e02,c5,p24,l3,0.00
i103,e02,c5,p35,l1,0.00
i103,e02,c5,p35,l3,0.00
i103,e05,c3,p19,l3,0.00
i103,e05,c3,p31,l3,0.00
i103,e05,c5,p01,l1,0.00
i103,e05,c5,p01,l3,0.00
i103,e05,c5,p02,l3,0.00
i103,e05,c5,p03,l3,0.00
i103,e05,c5,p04,l1,0.00
i103,e05,c5,p04,l3,0.00
i103,e05,c5,p05,l1,0.00
i103,e05,c5,p05,l3,0.00
i103,e05,c5,p06,l1,0.00
i103,e05,c5,p06,l3,0.00
i103,e05,c5,p07,l3,0.00
i103,e05,c5,p08,l3,0.00
i103,e05,c5,p09,l1,0.00
i103,e05,c5,p09,l3,0.00
i103,e05,c5,p10,l1,0.00
i103,e05,c5,p10,l3,0.00
i103,e05,c5,p11,l1,0.00
i103,e05,c5,p11,l3,0.00
i103,e05,c5,p12,l1,0.00
i103,e05,c5,p12,l3,0.00
i103,e05,c5,p13,l1,0.00
i103,e05,c5,p13,l3,0.00
i103,e05,c5,p14,l3,0.00
i103,e05,c5,p15,l1,0.00
i103,e05,c5,p15,l3,0.00
i103,e05,c5,p16,l1,0.00
i103,e05,c5,p16,l3,0.00
i103,e05,c5,p17,l1,0.00
i103,e05,c5,p17,l3,0.00
i103,e05,c5,p18,l1,0.00
i103,e05,c5,p18,l3,0.00
i103,e05,c5,p19,l1,0.00
i103,e05,c5,p19,l3,0.00
i103,e05,c5,p20,l3,0.00
i103,e05,c5,p21,l3,0.00
i103,e05,c5,p22,l3,0.00
i103,e05,c5,p23,l3,0.00
i103,e05,c5,p24,l3,0.00
i103,e05,c5,p25,l3,0.00
i103,e05,c5,p26,l3,0.00
i103,e05,c5,p28,l3,0.00
i103,e05,c5,p29,l1,0.00
i103,e05,c5,p29,l3,0.00
i103,e05,c5,p30,l3,0.00
i103,e05,c5,p32,l3,0.00
i103,e05,c5,p35,l1,0.00
i103,e05,c5,p35,l3,0.00
i104,e02,c5,p01,l3,0.00
i104,e02,c5,p03,l3,0.00
i104,e02,c5,p04,l3,0.00
i104,e02,c5,p05,l3,0.00
i104,e02,c5,p06,l3,0.00
i104,e02,c5,p08,l3,0.00
i104,e02,c5,p09,l3,0.00
i104,e02,c5,p10,l3,0.00
i104,e02,c5,p11,l3,0.00
i104,e02,c5,p12,l3,0.00
i104,e02,c5,p13,l3,0.00
i104,e02,c5,p14,l3,0.00
i104,e02,c5,p15,l3,0.00
i104,e02,c5,p17,l3,0.00
i104,e02,c5,p19,l3,0.00
i104,e02,c5,p21,l3,0.00
i104,e02,c5,p23,l3,0.00
i104,e02,c5,p24,l3,0.00
i104,e02,c5,p25,l3,0.00
i104,e02,c5,p35,l3,0.00
i104,e05,c5,p01,l3,0.00
i104,e05,c5,p02,l3,0.00
i104,e05,c5,p03,l3,0.00
i104,e05,c5,p04,l3,0.00
i104,e05,c5,p05,l3,0.00
i104,e05,c5,p07,l3,0.00
i104,e05,c5,p08,l3,0.00
i104,e05,c5,p09,l3,0.00
i104,e05,c5,p10,l3,0.00
i104,e05,c5,p11,l3,0.00
i104,e05,c5,p12,l3,0.00
i104,e05,c5,p13,l3,0.00
i104,e05,c5,p14,l3,0.00
i104,e05,c5,p15,l3,0.00
i104,e05,c5,p16,l3,0.00
i104,e05,c5,p17,l3,0.00
i104,e05,c5,p18,l3,0.00
i104,e05,c5,p19,l3,0.00
i104,e05,c5,p21,l3,0.00
i104,e05,c5,p23,l3,0.00
i104,e05,c5,p24,l3,0.00
i104,e05,c5,p25,l3,0.00
i104,e05,c5,p28,l3,2.74
i104,e05,c5,p29,l3,0.00
i104,e05,c5,p32,l3,0.00
i104,e05,c5,p35,l3,0.00
i104,e07,c5,p08,l3,0.00
i104,e07,c5,p10,l3,0.00
i104,e07,c5,p11,l3,0.00
i104,e07,c5,p15,l3,0.00
i104,e12,c5,p01,l3,0.00
i104,e12,c5,p17,l3,0.00
i104,e12,c5,p32,l3,0.00
i105,e01,c5,p10,l3,0.00
i105,e02,c5,p09,l3,0.00
i105,e02,c5,p10,l3,0.00
i105,e02,c5,p29,l3,0.00
i105,e04,c5,p01,l3,0.00
i105,e04,c5,p10,l3,0.00
i105,e05,c3,p10,l3,0.00
i105,e05,c5,p01,l3,0.00
i105,e05,c5,p02,l3,0.00
i105,e05,c5,p03,l3,0.00
i105,e05,c5,p04,l3,0.00
i105,e05,c5,p05,l3,0.00
i105,e05,c5,p07,l3,0.00
i105,e05,c5,p08,l3,0.00
i105,e05,c5,p09,l3,0.00
i105,e05,c5,p10,l3,0.00
i105,e05,c5,p11,l3,0.00
i105,e05,c5,p12,l3,0.00
i105,e05,c5,p13,l3,0.00
i105,e05,c5,p14,l3,0.00
i105,e05,c5,p15,l3,0.00
i105,e05,c5,p16,l3,0.00
i105,e05,c5,p17,l3,0.00
i105,e05,c5,p18,l3,0.00
i105,e05,c5,p19,l3,0.00
i105,e05,c5,p21,l3,0.00
i105,e05,c5,p23,l3,0.00
i105,e05,c5,p24,l3,0.00
i105,e05,c5,p25,l3,0.00
i105,e05,c5,p28,l3,0.00
i105,e05,c5,p29,l3,0.00
i105,e05,c5,p32,l3,0.00
i105,e05,c5,p35,l3,0.00
i105,e07,c5,p10,l3,0.00
i105,e08,c5,p01,l3,0.00
i105,e08,c5,p04,l3,0.00
i105,e08,c5,p10,l3,0.00
i105,e08,c5,p16,l3,0.00
i105,e08,c5,p19,l3,0.00
i105,e08,c5,p21,l3,0.00
i105,e08,c5,p35,l3,0.00
i105,e09,c5,p10,l3,0.00
i105,e12,c5,p01,l3,0.00
i105,e12,c5,p03,l3,0.00
i105,e12,c5,p04,l3,0.00
i105,e12,c5,p05,l3,0.00
i105,e12,c5,p10,l3,0.00
i105,e12,c5,p11,l3,0.00
i105,e12,c5,p14,l3,0.00
i105,e12,c5,p15,l3,0.00
i105,e12,c5,p21,l3,0.00
i105,e12,c5,p24,l3,0.00
i105,e12,c5,p28,l3,0.00
i105,e12,c5,p29,l3,0.00
i105,e12,c5,p32,l3,0.00
i105,e12,c5,p35,l3,0.00
i106,e01,c3,p35,l3,0.00
i106,e01,c5,p35,l3,0.00
i106,e04,c3,p35,l1,0.00
i106,e04,c3,p35,l3,0.00
i106,e04,c5,p35,l1,0.00
i106,e04,c5,p35,l3,0.00
i106,e05,c3,p35,l1,0.00
i106,e05,c3,p35,l3,0.00
i106,e05,c5,p35,l3,0.00
i106,e09,c3,p35,l3,0.00
i106,e09,c5,p35,l2,0.00
i106,e09,c5,p35,l3,0.00
i107,e01,c2,p35,l3,0.00
i107,e04,c2,p35,l3,0.00
i107,e09,c2,p35,l3,0.00
i108,e01,c5,p01,l3,0.00
i108,e01,c5,p03,l3,0.00
i108,e01,c5,p06,l3,0.00
i108,e01,c5,p07,l3,0.00
i108,e01,c5,p09,l3,0.00
i108,e01,c5,p10,l3,0.00
i108,e01,c5,p16,l3,0.00
i108,e01,c5,p18,l3,0.00
i108,e01,c5,p21,l3,0.00
i108,e02,c5,p18,l3,0.00
i108,e04,c5,p01,l3,0.00
i108,e04,c5,p03,l3,0.00
i108,e04,c5,p04,l3,0.00
i108,e04,c5,p06,l3,0.00
i108,e04,c5,p07,l3,0.00
i108,e04,c5,p09,l3,0.00
i108,e04,c5,p10,l3,0.00
i108,e04,c5,p12,l3,0.00
i108,e04,c5,p16,l3,0.00
i108,e04,c5,p19,l3,0.00
i108,e04,c5,p21,l3,0.00
i108,e04,c5,p25,l3,0.00
i108,e04,c5,p31,l3,0.00
i108,e05,c5,p01,l3,0.00
i108,e05,c5,p03,l3,0.00
i108,e05,c5,p04,l3,0.00
i108,e05,c5,p07,l3,0.00
i108,e05,c5,p10,l3,0.00
i108,e05,c5,p14,l3,0.00
i108,e05,c5,p17,l3,0.00
i108,e05,c5,p18,l3,0.00
i108,e08,c5,p01,l3,0.00
i108,e08,c5,p03,l3,0.00
i108,e08,c5,p04,l3,0.00
i108,e08,c5,p09,l3,0.00
i108,e08,c5,p10,l3,0.00
i108,e08,c5,p13,l3,0.00
i108,e08,c5,p25,l3,0.00
i108,e08,c5,p35,l3,0.00
i108,e09,c5,p01,l3,0.00
i108,e09,c5,p04,l3,0.00
i108,e09,c5,p05,l3,0.00
i108,e09,c5,p06,l3,0.00
i108,e09,c5,p07,l3,0.00
i108,e09,c5,p10,l3,0.00
i108,e09,c5,p21,l3,0.00
i108,e13,c5,p01,l3,0.00
i108,e13,c5,p02,l3,0.00
i108,e13,c5,p03,l3,0.00
i108,e13,c5,p04,l3,0.00
i108,e13,c5,p05,l3,0.00
i108,e13,c5,p06,l3,0.00
i108,e13,c5,p07,l3,0.00
i108,e13,c5,p08,l3,0.00
i108,e13,c5,p09,l3,0.00
i108,e13,c5,p10,l3,0.00
i108,e13,c5,p11,l3,0.00
i108,e13,c5,p12,l3,0.00
i108,e13,c5,p13,l3,0.00
i108,e13,c5,p14,l3,0.00
i108,e13,c5,p15,l3,0.00
i108,e13,c5,p16,l3,0.00
i108,e13,c5,p17,l3,0.00
i108,e13,c5,p18,l3,0.00
i108,e13,c5,p19,l3,0.00
i108,e13,c5,p21,l3,0.00
i108,e13,c5,p22,l3,0.00
i108,e13,c5,p23,l3,0.00
i108,e13,c5,p24,l3,0.00
i108,e13,c5,p25,l3,0.00
i108,e13,c5,p28,l3,0.00
i108,e13,c5,p29,l3,0.00
i108,e13,c5,p31,l3,0.00
i108,e13,c5,p35,l3,0.00
i109,e01,c3,p10,l3,0.00
i109,e01,c3,p35,l3,0.00
i109,e01,c5,p10,l3,0.00
i109,e04,c3,p10,l3,0.00
i109,e04,c3,p35,l3,0.00
i109,e04,c5,p10,l3,0.00
i109,e05,c3,p10,l3,0.00
i109,e08,c3,p10,l3,0.00
i109,e08,c3,p35,l3,0.00
i109,e08,c5,p10,l3,0.00
i109,e09,c3,p10,l3,0.00
i109,e09,c3,p35,l3,0.00
i109,e09,c5,p10,l3,0.00
i109,e11,c3,p10,l3,0.00
i109,e11,c3,p35,l3,0.00
i11,e01,c4,p01,l3,0.00
i11,e01,c4,p02,l3,0.00
i11,e01,c4,p03,l3,0.00
i11,e01,c4,p04,l3,0.00
i11,e01,c4,p05,l3,0.00
i11,e01,c4,p06,l3,1.89
i11,e01,c4,p07,l3,0.00
i11,e01,c4,p08,l3,0.00
i11,e01,c4,p09,l3,0.00
i11,e01,c4,p10,l3,0.00
i11,e01,c4,p11,l3,0.00
i11,e01,c4,p12,l3,0.00
i11,e01,c4,p13,l3,0.00
i11,e01,c4,p14,l3,0.00
i11,e01,c4,p15,l3,0.00
i11,e01,c4,p16,l3,0.00
i11,e01,c4,p17,l3,0.00
i11,e01,c4,p18,l3,0.00
i11,e01,c4,p19,l3,0.00
i11,e01,c4,p20,l3,0.00
i11,e01,c4,p21,l3,0.00
i11,e01,c4,p22,l3,0.00
i11,e01,c4,p23,l3,0.00
i11,e01,c4,p24,l3,0.00
i11,e01,c4,p25,l3,0.00
i11,e01,c4,p26,l3,0.00
i11,e01,c4,p28,l3,0.00
i11,e01,c4,p29,l3,0.00
i11,e01,c4,p30,l3,0.00
i11,e01,c4,p31,l3,0.00
i11,e01,c4,p32,l3,0.00
i11,e01,c4,p35,l3,0.00
i11,e04,c4,p01,l3,0.00
i11,e04,c4,p02,l3,0.00
i11,e04,c4,p03,l3,0.00
i11,e04,c4,p04,l3,0.00
i11,e04,c4,p05,l3,0.00
i11,e04,c4,p06,l3,0.00
i11,e04,c4,p07,l3,0.00
i11,e04,c4,p08,l3,0.00
i11,e04,c4,p09,l3,0.00
i11,e04,c4,p10,l3,0.00
i11,e04,c4,p11,l3,0.00
i11,e04,c4,p12,l3,0.00
i11,e04,c4,p13,l3,0.00
i11,e04,c4,p14,l3,0.00
i11,e04,c4,p15,l3,0.00
i11,e04,c4,p16,l3,0.00
i11,e04,c4,p17,l3,0.00
i11,e04,c4,p18,l3,0.00
i11,e04,c4,p19,l3,0.00
i11,e04,c4,p20,l3,0.00
i11,e04,c4,p21,l3,0.00
i11,e04,c4,p22,l3,0.00
i11,e04,c4,p23,l3,0.00
i11,e04,c4,p24,l3,0.00
i11,e04,c4,p25,l3,0.00
i11,e04,c4,p26,l3,0.00
i11,e04,c4,p28,l3,0.00
i11,e04,c4,p29,l3,0.00
i11,e04,c4,p30,l3,0.00
i11,e04,c4,p31,l3,0.00
i11,e04,c4,p32,l3,0.00
i11,e04,c4,p35,l3,0.00
i11,e05,c4,p01,l3,0.00
i11,e05,c4,p02,l3,0.00
i11,e05,c4,p03,l3,0.00
i11,e05,c4,p04,l3,0.00
i11,e05,c4,p05,l3,0.00
i11,e05,c4,p06,l3,0.00
i11,e05,c4,p07,l3,0.00
i11,e05,c4,p08,l3,0.00
i11,e05,c4,p09,l3,0.00
i11,e05,c4,p10,l3,0.00
i11,e05,c4,p11,l3,0.00
i11,e05,c4,p12,l3,0.00
i11,e05,c4,p13,l3,0.00
i11,e05,c4,p14,l3,0.00
i11,e05,c4,p15,l3,0.00
i11,e05,c4,p16,l3,0.00
i11,e05,c4,p17,l3,0.00
i11,e05,c4,p18,l3,0.00
i11,e05,c4,p19,l3,0.00
i11,e05,c4,p20,l3,0.00
i11,e05,c4,p21,l3,0.00
i11,e05,c4,p22,l3,0.00
i11,e05,c4,p23,l3,0.00
i11,e05,c4,p24,l3,0.00
i11,e05,c4,p25,l3,0.00
i11,e05,c4,p26,l3,0.00
i11,e05,c4,p28,l3,0.00
i11,e05,c4,p29,l3,0.00
i11,e05,c4,p30,l3,0.00
i11,e05,c4,p31,l3,0.00
i11,e05,c4,p32,l3,0.00
i11,e05,c4,p34,l3,0.00
i11,e05,c4,p35,l3,0.00
i11,e09,c4,p01,l3,0.00
i11,e09,c4,p02,l3,0.00
i11,e09,c4,p03,l3,0.00
i11,e09,c4,p04,l3,0.00
i11,e09,c4,p05,l3,0.00
i11,e09,c4,p06,l3,0.00
i11,e09,c4,p07,l3,0.00
i11,e09,c4,p08,l3,0.00
i11,e09,c4,p09,l3,0.00
i11,e09,c4,p10,l3,0.00
i11,e09,c4,p11,l3,0.00
i11,e09,c4,p12,l3,0.00
i11,e09,c4,p13,l3,0.00
i11,e09,c4,p14,l3,0.00
i11,e09,c4,p15,l3,0.00
i11,e09,c4,p16,l3,0.00
i11,e09,c4,p17,l3,0.00
i11,e09,c4,p18,l3,0.00
i11,e09,c4,p19,l3,0.00
i11,e09,c4,p20,l3,0.00
i11,e09,c4,p21,l3,0.00
i11,e09,c4,p22,l3,0.00
i11,e09,c4,p23,l3,0.00
i11,e09,c4,p24,l3,0.00
i11,e09,c4,p25,l3,0.00
i11,e09,c4,p26,l3,0.00
i11,e09,c4,p28,l3,0.00
i11,e09,c4,p29,l3,0.00
i11,e09,c4,p30,l3,0.00
i11,e09,c4,p31,l3,0.00
i11,e09,c4,p32,l3,0.00
i11,e09,c4,p35,l3,0.00
i110,e01,c1,p01,l3,0.00
i110,e01,c1,p10,l3,0.00
i110,e01,c1,p19,l3,0.00
i110,e01,c1,p33,l3,0.00
i110,e01,c1,p35,l3,0.00
i110,e01,c4,p33,l3,0.00
i110,e03,c1,p01,l3,0.00
i110,e03,c1,p10,l3,0.00
i110,e03,c1,p14,l3,0.00
i110,e03,c1,p19,l3,0.00
i110,e03,c1,p33,l3,0.00
i110,e03,c1,p35,l3,0.00
i110,e03,c4,p33,l3,0.00
i110,e04,c1,p01,l3,0.00
i110,e04,c1,p10,l3,0.00
i110,e04,c1,p14,l3,0.00
i110,e04,c1,p19,l3,0.00
i110,e04,c1,p33,l3,0.00
i110,e04,c4,p33,l3,0.00
i110,e05,c1,p10,l3,0.00
i110,e05,c1,p33,l3,0.00
i110,e06,c1,p01,l3,0.00
i110,e06,c1,p10,l3,0.00
i110,e06,c1,p14,l3,0.00
i110,e06,c1,p19,l3,0.00
i110,e06,c1,p33,l3,0.00
i110,e08,c1,p01,l3,0.00
i110,e08,c1,p10,l3,0.00
i110,e08,c1,p14,l3,0.00
i110,e08,c1,p19,l3,0.00
i110,e08,c1,p33,l3,0.00
i110,e08,c4,p33,l3,0.00
i110,e09,c1,p01,l3,0.00
i110,e09,c1,p10,l3,0.00
i110,e09,c1,p14,l3,0.00
i110,e09,c1,p19,l3,0.00
i110,e09,c1,p33,l3,0.00
i110,e09,c4,p33,l3,0.00
i110,e10,c1,p01,l3,0.00
i110,e10,c1,p10,l3,0.00
i110,e10,c1,p14,l3,0.00
i110,e10,c1,p15,l3,0.00
i110,e10,c1,p19,l3,0.00
i110,e10,c1,p33,l3,0.00
i110,e10,c1,p35,l3,0.00
i110,e10,c4,p33,l3,0.00
i110,e11,c1,p10,l3,0.00
i110,e11,c1,p14,l3,0.00
i110,e11,c1,p19,l3,0.00
i110,e11,c1,p33,l3,0.00
i110,e11,c4,p33,l3,0.00
i111,e01,c1,p01,l3,0.00
i111,e01,c1,p02,l3,0.00
i111,e01,c1,p03,l3,0.00
i111,e01,c1,p04,l3,0.00
i111,e01,c1,p05,l3,0.00
i111,e01,c1,p07,l3,0.00
i111,e01,c1,p08,l3,0.00
i111,e01,c1,p09,l3,0.00
i111,e01,c1,p10,l3,0.00
i111,e01,c1,p11,l3,0.00
i111,e01,c1,p12,l3,0.00
i111,e01,c1,p13,l3,0.00
i111,e01,c1,p14,l3,0.00
i111,e01,c1,p15,l3,0.00
i111,e01,c1,p17,l3,0.00
i111,e01,c1,p18,l3,0.00
i111,e01,c1,p19,l3,0.00
i111,e01,c1,p21,l3,0.00
i111,e01,c1,p22,l3,0.00
i111,e01,c1,p23,l3,0.00
i111,e01,c1,p24,l3,0.00
i111,e01,c1,p28,l3,0.00
i111,e01,c1,p29,l3,0.00
i111,e01,c1,p35,l3,0.00
i111,e01,c4,p07,l3,0.00
i111,e01,c4,p23,l3,0.00
i111,e04,c1,p01,l3,0.00
i111,e04,c1,p02,l1,0.00
i111,e04,c1,p02,l3,0.00
i111,e04,c1,p03,l3,0.00
i111,e04,c1,p04,l3,0.00
i111,e04,c1,p05,l3,0.00
i111,e04,c1,p07,l1,0.00
i111,e04,c1,p07,l3,0.00
i111,e04,c1,p08,l3,0.00
i111,e04,c1,p09,l1,0.00
i111,e04,c1,p09,l3,0.00
i111,e04,c1,p10,l1,0.00
i111,e04,c1,p10,l3,0.00
i111,e04,c1,p11,l1,0.00
i111,e04,c1,p11,l3,0.00
i111,e04,c1,p12,l1,0.00
i111,e04,c1,p12,l3,0.00
i111,e04,c1,p13,l3,0.00
i111,e04,c1,p14,l3,0.00
i111,e04,c1,p15,l1,0.00
i111,e04,c1,p15,l3,0.00
i111,e04,c1,p17,l3,0.00
i111,e04,c1,p18,l1,0.00
i111,e04,c1,p18,l3,0.00
i111,e04,c1,p19,l1,0.00
i111,e04,c1,p19,l3,0.00
i111,e04,c1,p21,l1,0.00
i111,e04,c1,p21,l3,0.00
i111,e04,c1,p22,l1,0.00
i111,e04,c1,p22,l3,0.00
i111,e04,c1,p23,l1,0.00
i111,e04,c1,p23,l3,0.00
i111,e04,c1,p25,l3,0.00
i111,e04,c1,p26,l3,0.00
i111,e04,c1,p28,l3,0.00
i111,e04,c1,p29,l1,0.00
i111,e04,c1,p29,l3,0.00
i111,e04,c1,p35,l1,0.00
i111,e04,c1,p35,l3,0.00
i111,e04,c4,p07,l3,0.00
i111,e04,c4,p23,l3,0.00
i111,e05,c1,p01,l3,0.00
i111,e05,c1,p07,l3,0.00
i111,e05,c1,p10,l3,0.00
i111,e05,c1,p11,l1,0.00
i111,e05,c1,p11,l3,0.00
i111,e05,c1,p12,l3,0.00
i111,e05,c1,p21,l3,0.00
i111,e05,c1,p22,l3,0.00
i111,e05,c1,p29,l3,0.00
i111,e05,c1,p35,l3,0.00
i111,e08,c1,p01,l3,0.00
i111,e08,c1,p02,l3,0.00
i111,e08,c1,p03,l3,0.00
i111,e08,c1,p04,l3,0.00
i111,e08,c1,p05,l3,0.00
i111,e08,c1,p07,l2,0.00
i111,e08,c1,p07,l3,0.00
i111,e08,c1,p08,l3,0.00
i111,e08,c1,p09,l2,0.00
i111,e08,c1,p09,l3,0.00
i111,e08,c1,p10,l2,0.00
i111,e08,c1,p10,l3,0.00
i111,e08,c1,p11,l2,0.00
i111,e08,c1,p11,l3,0.00
i111,e08,c1,p12,l2,0.00
i111,e08,c1,p12,l3,0.00
i111,e08,c1,p13,l3,0.00
i111,e08,c1,p14,l3,0.00
i111,e08,c1,p15,l3,0.00
i111,e08,c1,p17,l2,0.00
i111,e08,c1,p17,l3,0.00
i111,e08,c1,p18,l3,0.00
i111,e08,c1,p19,l2,0.00
i111,e08,c1,p19,l3,0.00
i111,e08,c1,p21,l2,0.00
i111,e08,c1,p21,l3,0.00
i111,e08,c1,p22,l2,0.00
i111,e08,c1,p22,l3,0.00
i111,e08,c1,p23,l3,0.00
i111,e08,c1,p24,l3,0.00
i111,e08,c1,p25,l3,0.00
i111,e08,c1,p29,l2,0.00
i111,e08,c1,p29,l3,0.00
i111,e08,c1,p35,l2,0.00
i111,e08,c1,p35,l3,0.00
i111,e08,c4,p07,l3,0.00
i111,e08,c4,p23,l3,0.00
i111,e09,c1,p01,l3,0.00
i111,e09,c1,p02,l3,0.00
i111,e09,c1,p03,l2,0.00
i111,e09,c1,p03,l3,0.00
i111,e09,c1,p04,l3,0.00
i111,e09,c1,p07,l2,0.00
i111,e09,c1,p07,l3,0.00
i111,e09,c1,p08,l3,0.00
i111,e09,c1,p09,l2,0.00
i111,e09,c1,p09,l3,0.00
i111,e09,c1,p10,l2,0.00
i111,e09,c1,p10,l3,0.00
i111,e09,c1,p11,l2,0.00
i111,e09,c1,p11,l3,0.00
i111,e09,c1,p12,l2,0.00
i111,e09,c1,p12,l3,0.00
i111,e09,c1,p13,l3,0.00
i111,e09,c1,p14,l3,0.00
i111,e09,c1,p15,l2,0.00
i111,e09,c1,p15,l3,0.00
i111,e09,c1,p17,l3,0.00
i111,e09,c1,p18,l2,0.00
i111,e09,c1,p18,l3,0.00
i111,e09,c1,p19,l2,0.00
i111,e09,c1,p19,l3,0.00
i111,e09,c1,p21,l2,0.00
i111,e09,c1,p21,l3,0.00
i111,e09,c1,p22,l2,0.00
i111,e09,c1,p22,l3,0.00
i111,e09,c1,p23,l2,0.00
i111,e09,c1,p23,l3,0.00
i111,e09,c1,p24,l3,0.00
i111,e09,c1,p25,l3,0.00
i111,e09,c1,p29,l2,0.00
i111,e09,c1,p29,l3,0.00
i111,e09,c1,p35,l2,0.00
i111,e09,c1,p35,l3,0.00
i111,e11,c1,p01,l3,0.00
i111,e11,c1,p02,l2,0.00
i111,e11,c1,p03,l3,0.00
i111,e11,c1,p07,l3,0.00
i111,e11,c1,p09,l3,0.00
i111,e11,c1,p10,l3,0.00
i111,e11,c1,p11,l2,0.00
i111,e11,c1,p11,l3,0.00
i111,e11,c1,p12,l3,0.00
i111,e11,c1,p15,l3,0.00
i111,e11,c1,p19,l2,0.00
i111,e11,c1,p19,l3,0.00
i111,e11,c1,p21,l2,0.00
i111,e11,c1,p23,l2,0.00
i111,e11,c1,p23,l3,0.00
i111,e11,c1,p24,l3,0.00
i111,e11,c1,p25,l3,0.00
i111,e11,c1,p29,l2,0.00
i111,e11,c1,p29,l3,0.00
i111,e11,c1,p35,l2,0.00
i112,e02,c3,p03,l3,0.00
i112,e02,c5,p01,l3,0.00
i112,e02,c5,p02,l3,0.00
i112,e02,c5,p03,l3,0.00
i112,e02,c5,p10,l3,0.00
i112,e02,c5,p12,l3,0.00
i112,e02,c5,p19,l3,0.00
i112,e02,c5,p21,l3,0.00
i112,e02,c5,p29,l3,0.00
i112,e05,c5,p01,l1,0.00
i112,e05,c5,p01,l3,0.00
i112,e05,c5,p02,l1,0.00
i112,e05,c5,p02,l3,0.00
i112,e05,c5,p03,l3,0.00
i112,e05,c5,p04,l3,0.00
i112,e05,c5,p05,l1,0.00
i112,e05,c5,p05,l3,0.00
i112,e05,c5,p06,l3,0.00
i112,e05,c5,p07,l3,0.00
i112,e05,c5,p08,l3,0.00
i112,e05,c5,p09,l1,0.00
i112,e05,c5,p09,l3,0.00
i112,e05,c5,p10,l1,0.00
i112,e05,c5,p10,l3,0.00
i112,e05,c5,p11,l1,0.00
i112,e05,c5,p11,l3,0.00
i112,e05,c5,p12,l1,0.00
i112,e05,c5,p12,l3,0.00
i112,e05,c5,p13,l3,0.00
i112,e05,c5,p14,l3,0.00
i112,e05,c5,p15,l1,0.00
i112,e05,c5,p15,l3,0.00
i112,e05,c5,p18,l3,0.00
i112,e05,c5,p19,l1,0.00
i112,e05,c5,p19,l3,0.00
i112,e05,c5,p21,l1,0.00
i112,e05,c5,p21,l3,0.00
i112,e05,c5,p22,l1,0.00
i112,e05,c5,p22,l3,0.00
i112,e05,c5,p23,l3,0.00
i112,e05,c5,p24,l1,0.00
i112,e05,c5,p24,l3,0.00
i112,e05,c5,p28,l3,0.00
i112,e05,c5,p29,l1,0.00
i112,e05,c5,p29,l3,0.00
i112,e05,c5,p35,l1,0.00
i112,e05,c5,p35,l3,0.00
i113,e01,c5,p10,l3,0.00
i113,e01,c5,p35,l3,0.00
i113,e04,c5,p01,l3,0.00
i113,e04,c5,p10,l3,0.00
i113,e04,c5,p11,l3,0.00
i113,e04,c5,p18,l3,0.00
i113,e04,c5,p35,l3,0.00
i113,e05,c5,p10,l3,0.00
i113,e05,c5,p18,l3,0.00
i113,e05,c5,p35,l3,0.00
i113,e08,c5,p01,l3,0.00
i113,e08,c5,p10,l3,0.00
i113,e08,c5,p35,l3,0.00
i113,e09,c5,p10,l3,0.00
i113,e09,c5,p11,l3,0.00
i113,e09,c5,p18,l3,0.00
i113,e09,c5,p35,l3,0.00
i113,e11,c5,p10,l3,0.00
i114,e01,c3,p35,l3,0.00
i114,e01,c5,p09,l3,0.00
i114,e01,c5,p10,l3,0.00
i114,e01,c5,p19,l3,0.00
i114,e01,c5,p35,l3,0.00
i114,e04,c3,p35,l3,0.00
i114,e04,c5,p10,l3,0.00
i114,e04,c5,p19,l3,0.00
i114,e04,c5,p35,l3,0.00
i114,e05,c5,p12,l3,0.00
i114,e05,c5,p35,l3,0.00
i114,e09,c3,p35,l3,0.00
i114,e09,c5,p10,l3,0.00
i114,e09,c5,p35,l3,0.00
i115,e02,c5,p35,l3,0.00
i115,e05,c5,p10,l3,0.00
i115,e05,c5,p35,l3,0.00
i115,e13,c5,p10,l3,0.00
i115,e13,c5,p35,l3,0.00
i116,e01,c1,p05,l3,0.00
i116,e01,c1,p10,l3,0.00
i116,e01,c1,p11,l3,0.00
i116,e01,c1,p19,l3,0.00
i116,e01,c1,p35,l3,0.00
i116,e01,c4,p10,l3,0.00
i116,e04,c1,p05,l3,0.00
i116,e04,c1,p10,l3,0.00
i116,e04,c1,p11,l3,0.00
i116,e04,c1,p29,l3,0.00
i116,e04,c1,p35,l3,0.00
i116,e04,c4,p10,l3,0.00
i116,e09,c1,p05,l3,0.00
i116,e09,c1,p10,l3,0.00
i116,e09,c1,p19,l3,0.00
i116,e09,c1,p35,l3,0.00
i116,e09,c4,p10,l3,0.00
i117,e01,c1,p10,l3,0.00
i117,e01,c1,p35,l3,0.00
i117,e04,c1,p10,l1,0.00
i117,e04,c1,p10,l3,0.00
i117,e04,c1,p35,l3,0.00
i117,e07,c1,p10,l2,0.00
i117,e07,c1,p10,l3,0.00
i117,e07,c1,p35,l3,0.00
i117,e08,c1,p10,l3,0.00
i117,e08,c1,p35,l3,0.00
i117,e09,c1,p10,l2,0.00
i117,e09,c1,p10,l3,0.00
i117,e09,c1,p35,l3,0.00
i117,e10,c1,p10,l2,0.00
i117,e10,c1,p10,l3,0.00
i117,e11,c1,p10,l2,0.00
i117,e11,c1,p10,l3,0.00
i117,e11,c1,p35,l3,0.00
i117,e12,c1,p10,l3,0.00
i118,e02,c5,p10,l3,0.00
i118,e02,c5,p12,l3,0.00
i118,e02,c5,p21,l3,0.00
i118,e02,c5,p35,l3,0.00
i118,e05,c5,p01,l3,1.31
i118,e05,c5,p08,l3,0.00
i118,e05,c5,p10,l3,0.00
i118,e05,c5,p11,l3,0.00
i118,e05,c5,p12,l3,0.00
i118,e05,c5,p21,l3,0.00
i118,e05,c5,p28,l3,0.00
i119,e01,c5,p10,l3,0.00
i119,e01,c5,p35,l3,0.00
i119,e04,c5,p35,l3,0.00
i119,e05,c3,p35,l3,0.00
i119,e05,c5,p01,l3,0.00
i119,e05,c5,p10,l3,0.00
i119,e05,c5,p21,l3,0.00
i119,e05,c5,p35,l3,0.00
i119,e09,c5,p10,l3,0.00
i119,e09,c5,p35,l3,0.00
i12,e01,c3,p01,l3,0.00
i12,e01,c3,p03,l3,0.00
i12,e01,c3,p05,l3,0.00
i12,e01,c3,p10,l3,0.00
i12,e01,c3,p12,l3,0.00
i12,e01,c3,p13,l3,0.00
i12,e01,c3,p14,l3,0.00
i12,e01,c3,p16,l3,0.00
i12,e01,c3,p17,l3,0.00
i12,e01,c3,p18,l3,0.00
i12,e01,c3,p19,l3,0.00
i12,e01,c3,p21,l3,0.00
i12,e01,c3,p22,l3,0.00
i12,e01,c3,p28,l3,0.00
i12,e01,c3,p29,l3,0.00
i12,e01,c3,p33,l3,0.00
i12,e01,c3,p35,l3,0.00
i12,e01,c5,p01,l3,4.33
i12,e01,c5,p02,l3,0.00
i12,e01,c5,p03,l3,1.49
i12,e01,c5,p04,l3,1.31
i12,e01,c5,p05,l3,0.00
i12,e01,c5,p06,l3,0.00
i12,e01,c5,p07,l3,0.00
i12,e01,c5,p08,l3,0.00
i12,e01,c5,p09,l3,0.00
i12,e01,c5,p10,l3,15.64
i12,e01,c5,p11,l3,1.29
i12,e01,c5,p12,l3,0.00
i12,e01,c5,p13,l3,2.28
i12,e01,c5,p14,l3,0.00
i12,e01,c5,p15,l3,0.00
i12,e01,c5,p16,l3,3.24
i12,e01,c5,p17,l3,2.12
i12,e01,c5,p18,l3,0.00
i12,e01,c5,p19,l3,13.43
i12,e01,c5,p20,l3,0.00
i12,e01,c5,p21,l3,0.00
i12,e01,c5,p22,l3,0.00
i12,e01,c5,p23,l3,0.00
i12,e01,c5,p24,l3,0.00
i12,e01,c5,p25,l3,0.00
i12,e01,c5,p26,l3,0.00
i12,e01,c5,p27,l3,0.00
i12,e01,c5,p28,l3,0.00
i12,e01,c5,p29,l3,0.00
i12,e01,c5,p30,l3,0.00
i12,e01,c5,p31,l3,0.00
i12,e01,c5,p32,l3,0.00
i12,e01,c5,p33,l3,0.00
i12,e01,c5,p35,l3,0.00
i12,e04,c3,p01,l1,0.00
i12,e04,c3,p01,l3,0.00
i12,e04,c3,p03,l1,0.00
i12,e04,c3,p03,l3,0.00
i12,e04,c3,p05,l3,0.00
i12,e04,c3,p10,l1,0.00
i12,e04,c3,p10,l3,0.00
i12,e04,c3,p11,l3,0.00
i12,e04,c3,p12,l3,0.00
i12,e04,c3,p13,l3,0.00
i12,e04,c3,p14,l3,0.00
i12,e04,c3,p16,l1,0.00
i12,e04,c3,p16,l3,0.00
i12,e04,c3,p17,l3,0.00
i12,e04,c3,p18,l1,0.00
i12,e04,c3,p18,l3,0.00
i12,e04,c3,p19,l1,0.00
i12,e04,c3,p19,l3,0.00
i12,e04,c3,p21,l1,0.00
i12,e04,c3,p21,l3,0.00
i12,e04,c3,p22,l3,0.00
i12,e04,c3,p24,l3,0.00
i12,e04,c3,p28,l3,0.00
i12,e04,c3,p29,l1,0.00
i12,e04,c3,p33,l3,0.00
i12,e04,c3,p35,l3,0.00
i12,e04,c5,p01,l1,0.00
i12,e04,c5,p01,l3,12.01
i12,e04,c5,p02,l1,0.00
i12,e04,c5,p02,l3,0.00
i12,e04,c5,p03,l1,0.00
i12,e04,c5,p03,l3,0.00
i12,e04,c5,p04,l1,0.00
i12,e04,c5,p04,l3,0.00
i12,e04,c5,p05,l1,0.00
i12,e04,c5,p05,l3,9.02
i12,e04,c5,p06,l1,0.00
i12,e04,c5,p06,l3,8.11
i12,e04,c5,p07,l1,0.00
i12,e04,c5,p07,l3,0.00
i12,e04,c5,p08,l1,0.00
i12,e04,c5,p08,l3,3.44
i12,e04,c5,p09,l1,0.00
i12,e04,c5,p09,l3,0.00
i12,e04,c5,p10,l1,0.00
i12,e04,c5,p10,l3,20.84
i12,e04,c5,p11,l1,0.00
i12,e04,c5,p11,l3,3.51
i12,e04,c5,p12,l1,0.00
i12,e04,c5,p12,l3,2.81
i12,e04,c5,p13,l1,0.00
i12,e04,c5,p13,l3,5.06
i12,e04,c5,p14,l1,0.00
i12,e04,c5,p14,l3,1.74
i12,e04,c5,p15,l1,0.00
i12,e04,c5,p15,l3,5.11
i12,e04,c5,p16,l1,0.00
i12,e04,c5,p16,l3,10.53
i12,e04,c5,p17,l1,0.00
i12,e04,c5,p17,l3,8.62
i12,e04,c5,p18,l1,0.00
i12,e04,c5,p18,l3,14.17
i12,e04,c5,p19,l1,0.00
i12,e04,c5,p19,l3,41.26
i12,e04,c5,p20,l1,0.00
i12,e04,c5,p20,l3,0.00
i12,e04,c5,p21,l1,0.00
i12,e04,c5,p21,l3,12.03
i12,e04,c5,p22,l1,0.00
i12,e04,c5,p22,l3,0.00
i12,e04,c5,p23,l1,0.00
i12,e04,c5,p23,l3,0.00
i12,e04,c5,p24,l1,0.00
i12,e04,c5,p24,l3,0.00
i12,e04,c5,p25,l1,0.00
i12,e04,c5,p25,l3,0.00
i12,e04,c5,p26,l1,0.00
i12,e04,c5,p26,l3,0.00
i12,e04,c5,p27,l1,0.00
i12,e04,c5,p27,l3,0.00
i12,e04,c5,p28,l1,0.00
i12,e04,c5,p28,l3,0.00
i12,e04,c5,p29,l1,0.00
i12,e04,c5,p29,l3,8.30
i12,e04,c5,p30,l3,0.00
i12,e04,c5,p31,l1,0.00
i12,e04,c5,p31,l3,1.27
i12,e04,c5,p32,l1,0.00
i12,e04,c5,p32,l3,0.00
i12,e04,c5,p33,l1,0.00
i12,e04,c5,p33,l3,0.00
i12,e04,c5,p35,l1,0.00
i12,e04,c5,p35,l3,0.00
i12,e05,c3,p10,l3,0.00
i12,e05,c3,p12,l3,0.00
i12,e05,c5,p01,l1,0.00
i12,e05,c5,p01,l3,0.00
i12,e05,c5,p03,l1,0.00
i12,e05,c5,p03,l3,0.00
i12,e05,c5,p04,l1,0.00
i12,e05,c5,p04,l3,0.00
i12,e05,c5,p05,l1,0.00
i12,e05,c5,p05,l3,0.00
i12,e05,c5,p06,l3,0.00
i12,e05,c5,p07,l3,0.00
i12,e05,c5,p08,l3,0.00
i12,e05,c5,p09,l3,0.00
i12,e05,c5,p10,l1,0.00
i12,e05,c5,p10,l3,0.00
i12,e05,c5,p11,l1,0.00
i12,e05,c5,p11,l3,0.00
i12,e05,c5,p12,l1,0.00
i12,e05,c5,p12,l3,0.00
i12,e05,c5,p13,l1,0.00
i12,e05,c5,p13,l3,0.00
i12,e05,c5,p14,l3,0.00
i12,e05,c5,p15,l1,0.00
i12,e05,c5,p15,l3,0.00
i12,e05,c5,p16,l1,0.00
i12,e05,c5,p16,l3,0.00
i12,e05,c5,p17,l1,0.00
i12,e05,c5,p17,l3,0.00
i12,e05,c5,p18,l1,0.00
i12,e05,c5,p18,l3,0.00
i12,e05,c5,p19,l1,0.00
i12,e05,c5,p19,l3,0.00
i12,e05,c5,p21,l1,0.00
i12,e05,c5,p21,l3,0.00
i12,e05,c5,p22,l1,0.00
i12,e05,c5,p22,l3,0.00
i12,e05,c5,p23,l3,0.00
i12,e05,c5,p24,l1,0.00
i12,e05,c5,p25,l3,0.00
i12,e05,c5,p28,l3,0.00
i12,e05,c5,p29,l3,0.00
i12,e05,c5,p32,l3,0.00
i12,e05,c5,p35,l1,0.00
i12,e05,c5,p35,l3,0.00
i12,e07,c5,p10,l3,0.00
i12,e07,c5,p13,l3,0.00
i12,e07,c5,p16,l3,0.00
i12,e07,c5,p19,l3,0.00
i12,e07,c5,p28,l2,0.00
i12,e08,c3,p01,l2,0.00
i12,e08,c3,p01,l3,0.00
i12,e08,c3,p03,l2,0.00
i12,e08,c3,p03,l3,0.00
i12,e08,c3,p05,l3,0.00
i12,e08,c3,p10,l2,0.00
i12,e08,c3,p10,l3,0.00
i12,e08,c3,p11,l3,0.00
i12,e08,c3,p12,l3,0.00
i12,e08,c3,p13,l3,0.00
i12,e08,c3,p14,l3,0.00
i12,e08,c3,p16,l2,0.00
i12,e08,c3,p16,l3,0.00
i12,e08,c3,p17,l3,0.00
i12,e08,c3,p18,l2,0.00
i12,e08,c3,p18,l3,0.00
i12,e08,c3,p19,l2,0.00
i12,e08,c3,p19,l3,0.00
i12,e08,c3,p21,l2,0.00
i12,e08,c3,p21,l3,0.00
i12,e08,c3,p22,l3,0.00
i12,e08,c3,p24,l3,0.00
i12,e08,c3,p28,l3,0.00
i12,e08,c3,p29,l2,0.00
i12,e08,c3,p31,l3,0.00
i12,e08,c3,p33,l3,0.00
i12,e08,c3,p35,l3,0.00
i12,e08,c5,p01,l2,0.00
i12,e08,c5,p01,l3,10.07
i12,e08,c5,p02,l2,0.00
i12,e08,c5,p02,l3,0.00
i12,e08,c5,p03,l2,0.00
i12,e08,c5,p03,l3,0.00
i12,e08,c5,p04,l2,0.00
i12,e08,c5,p04,l3,0.00
i12,e08,c5,p05,l2,0.00
i12,e08,c5,p05,l3,7.06
i12,e08,c5,p06,l2,0.00
i12,e08,c5,p06,l3,5.40
i12,e08,c5,p07,l2,0.00
i12,e08,c5,p07,l3,0.00
i12,e08,c5,p08,l2,0.00
i12,e08,c5,p08,l3,6.40
i12,e08,c5,p09,l2,0.00
i12,e08,c5,p09,l3,0.00
i12,e08,c5,p10,l2,0.00
i12,e08,c5,p10,l3,26.08
i12,e08,c5,p11,l2,0.00
i12,e08,c5,p11,l3,7.61
i12,e08,c5,p12,l2,0.00
i12,e08,c5,p12,l3,2.06
i12,e08,c5,p13,l2,0.00
i12,e08,c5,p13,l3,5.39
i12,e08,c5,p14,l2,0.00
i12,e08,c5,p14,l3,0.00
i12,e08,c5,p15,l2,0.00
i12,e08,c5,p15,l3,3.04
i12,e08,c5,p16,l2,0.00
i12,e08,c5,p16,l3,5.94
i12,e08,c5,p17,l2,0.00
i12,e08,c5,p17,l3,11.17
i12,e08,c5,p18,l2,0.00
i12,e08,c5,p18,l3,17.38
i12,e08,c5,p19,l2,0.00
i12,e08,c5,p19,l3,40.67
i12,e08,c5,p20,l2,0.00
i12,e08,c5,p20,l3,0.00
i12,e08,c5,p21,l2,0.00
i12,e08,c5,p21,l3,0.00
i12,e08,c5,p22,l2,0.00
i12,e08,c5,p22,l3,0.00
i12,e08,c5,p23,l2,0.00
i12,e08,c5,p23,l3,0.00
i12,e08,c5,p24,l2,0.00
i12,e08,c5,p24,l3,0.00
i12,e08,c5,p25,l2,0.00
i12,e08,c5,p25,l3,0.00
i12,e08,c5,p26,l2,0.00
i12,e08,c5,p26,l3,0.00
i12,e08,c5,p28,l2,0.00
i12,e08,c5,p28,l3,0.00
i12,e08,c5,p29,l2,0.00
i12,e08,c5,p29,l3,4.46
i12,e08,c5,p30,l3,0.00
i12,e08,c5,p31,l2,0.00
i12,e08,c5,p31,l3,1.30
i12,e08,c5,p32,l2,0.00
i12,e08,c5,p32,l3,0.00
i12,e08,c5,p33,l2,0.00
i12,e08,c5,p33,l3,0.00
i12,e08,c5,p35,l2,0.00
i12,e08,c5,p35,l3,0.00
i12,e09,c3,p01,l2,0.00
i12,e09,c3,p01,l3,0.00
i12,e09,c3,p03,l2,0.00
i12,e09,c3,p03,l3,0.00
i12,e09,c3,p05,l2,0.00
i12,e09,c3,p05,l3,0.00
i12,e09,c3,p10,l2,0.00
i12,e09,c3,p10,l3,0.00
i12,e09,c3,p12,l3,0.00
i12,e09,c3,p13,l3,0.00
i12,e09,c3,p14,l3,0.00
i12,e09,c3,p16,l2,0.00
i12,e09,c3,p16,l3,0.00
i12,e09,c3,p17,l3,0.00
i12,e09,c3,p18,l2,0.00
i12,e09,c3,p18,l3,0.00
i12,e09,c3,p19,l2,0.00
i12,e09,c3,p19,l3,0.00
i12,e09,c3,p21,l2,0.00
i12,e09,c3,p21,l3,0.00
i12,e09,c3,p22,l3,0.00
i12,e09,c3,p28,l3,0.00
i12,e09,c3,p29,l2,0.00
i12,e09,c3,p33,l3,0.00
i12,e09,c3,p35,l3,0.00
i12,e09,c5,p01,l2,0.00
i12,e09,c5,p01,l3,1.28
i12,e09,c5,p02,l2,0.00
i12,e09,c5,p02,l3,0.00
i12,e09,c5,p03,l2,0.00
i12,e09,c5,p03,l3,0.00
i12,e09,c5,p04,l2,0.00
i12,e09,c5,p04,l3,0.00
i12,e09,c5,p05,l2,0.00
i12,e09,c5,p05,l3,0.00
i12,e09,c5,p06,l2,0.00
i12,e09,c5,p06,l3,0.00
i12,e09,c5,p07,l2,0.00
i12,e09,c5,p07,l3,0.00
i12,e09,c5,p08,l2,0.00
i12,e09,c5,p08,l3,0.00
i12,e09,c5,p09,l2,0.00
i12,e09,c5,p09,l3,0.00
i12,e09,c5,p10,l2,0.00
i12,e09,c5,p10,l3,7.31
i12,e09,c5,p11,l2,0.00
i12,e09,c5,p11,l3,0.00
i12,e09,c5,p12,l2,0.00
i12,e09,c5,p12,l3,0.00
i12,e09,c5,p13,l2,0.00
i12,e09,c5,p13,l3,2.72
i12,e09,c5,p14,l2,0.00
i12,e09,c5,p14,l3,0.00
i12,e09,c5,p15,l2,0.00
i12,e09,c5,p15,l3,1.41
i12,e09,c5,p16,l2,0.00
i12,e09,c5,p16,l3,1.33
i12,e09,c5,p17,l2,0.00
i12,e09,c5,p17,l3,3.56
i12,e09,c5,p18,l2,0.00
i12,e09,c5,p18,l3,1.06
i12,e09,c5,p19,l2,0.00
i12,e09,c5,p19,l3,8.60
i12,e09,c5,p20,l2,0.00
i12,e09,c5,p20,l3,0.00
i12,e09,c5,p21,l2,0.00
i12,e09,c5,p21,l3,0.00
i12,e09,c5,p22,l2,0.00
i12,e09,c5,p22,l3,0.00
i12,e09,c5,p23,l2,0.00
i12,e09,c5,p23,l3,0.00
i12,e09,c5,p24,l2,0.00
i12,e09,c5,p24,l3,0.00
i12,e09,c5,p25,l2,0.00
i12,e09,c5,p25,l3,1.04
i12,e09,c5,p26,l2,0.00
i12,e09,c5,p26,l3,0.00
i12,e09,c5,p27,l2,0.00
i12,e09,c5,p27,l3,0.00
i12,e09,c5,p28,l2,0.00
i12,e09,c5,p28,l3,0.00
i12,e09,c5,p29,l2,0.00
i12,e09,c5,p29,l3,0.00
i12,e09,c5,p30,l3,0.00
i12,e09,c5,p31,l2,0.00
i12,e09,c5,p31,l3,2.57
i12,e09,c5,p32,l2,0.00
i12,e09,c5,p32,l3,0.00
i12,e09,c5,p33,l2,0.00
i12,e09,c5,p33,l3,0.00
i12,e09,c5,p35,l2,0.00
i12,e09,c5,p35,l3,0.00
i12,e11,c5,p01,l3,0.00
i12,e11,c5,p13,l3,0.00
i12,e12,c3,p01,l3,0.00
i12,e12,c3,p03,l3,0.00
i12,e12,c3,p10,l3,0.00
i12,e12,c3,p16,l3,0.00
i12,e12,c3,p19,l3,0.00
i12,e12,c3,p35,l3,0.00
i12,e12,c5,p01,l3,0.00
i12,e12,c5,p02,l3,0.00
i12,e12,c5,p03,l3,0.00
i12,e12,c5,p04,l3,0.00
i12,e12,c5,p05,l3,0.00
i12,e12,c5,p06,l3,0.00
i12,e12,c5,p07,l3,0.00
i12,e12,c5,p08,l3,0.00
i12,e12,c5,p09,l3,0.00
i12,e12,c5,p10,l3,0.00
i12,e12,c5,p11,l3,0.00
i12,e12,c5,p12,l3,0.00
i12,e12,c5,p13,l3,0.00
i12,e12,c5,p14,l3,0.00
i12,e12,c5,p15,l3,0.00
i12,e12,c5,p16,l3,0.00
i12,e12,c5,p17,l3,0.00
i12,e12,c5,p18,l3,0.00
i12,e12,c5,p19,l3,0.00
i12,e12,c5,p20,l3,0.00
i12,e12,c5,p21,l3,0.00
i12,e12,c5,p22,l3,0.00
i12,e12,c5,p23,l3,0.00
i12,e12,c5,p24,l3,0.00
i12,e12,c5,p25,l3,0.00
i12,e12,c5,p28,l3,0.00
i12,e12,c5,p29,l3,0.00
i12,e12,c5,p31,l3,0.00
i12,e12,c5,p32,l3,0.00
i12,e12,c5,p33,l3,0.00
i12,e12,c5,p35,l3,0.00
i120,e01,c5,p10,l3,0.00
i120,e01,c5,p35,l3,0.00
i120,e03,c5,p10,l3,0.00
i120,e03,c5,p35,l3,0.00
i120,e04,c5,p10,l3,0.00
i120,e04,c5,p35,l3,0.00
i120,e05,c5,p10,l3,0.00
i120,e05,c5,p35,l3,0.00
i120,e08,c5,p10,l3,0.00
i120,e08,c5,p35,l3,0.00
i120,e09,c5,p10,l3,0.00
i120,e12,c5,p10,l3,0.00
i120,e12,c5,p35,l3,0.00
i121,e01,c3,p01,l3,0.00
i121,e01,c5,p01,l3,0.00
i121,e01,c5,p02,l3,0.00
i121,e01,c5,p03,l3,0.00
i121,e01,c5,p07,l3,0.00
i121,e01,c5,p10,l3,0.00
i121,e01,c5,p11,l3,0.00
i121,e01,c5,p12,l3,0.00
i121,e01,c5,p14,l3,0.00
i121,e01,c5,p15,l3,0.00
i121,e01,c5,p17,l3,0.00
i121,e01,c5,p19,l3,0.00
i121,e01,c5,p21,l3,0.00
i121,e01,c5,p35,l3,0.00
i121,e04,c3,p01,l3,0.00
i121,e04,c5,p02,l3,0.00
i121,e04,c5,p03,l3,0.00
i121,e04,c5,p04,l1,0.00
i121,e04,c5,p05,l3,0.00
i121,e04,c5,p07,l3,0.00
i121,e04,c5,p09,l3,0.00
i121,e04,c5,p10,l1,0.00
i121,e04,c5,p10,l3,0.00
i121,e04,c5,p11,l1,0.00
i121,e04,c5,p11,l3,0.00
i121,e04,c5,p14,l3,0.00
i121,e04,c5,p15,l1,0.00
i121,e04,c5,p19,l3,0.00
i121,e04,c5,p21,l1,0.00
i121,e04,c5,p21,l3,0.00
i121,e04,c5,p22,l3,0.00
i121,e04,c5,p29,l3,0.00
i121,e04,c5,p35,l1,0.00
i121,e04,c5,p35,l3,0.00
i121,e05,c5,p01,l3,0.00
i121,e05,c5,p02,l1,0.00
i121,e05,c5,p02,l3,0.00
i121,e05,c5,p10,l3,0.00
i121,e05,c5,p14,l3,0.00
i121,e08,c3,p01,l3,0.00
i121,e08,c5,p01,l2,0.00
i121,e08,c5,p01,l3,0.00
i121,e08,c5,p02,l2,0.00
i121,e08,c5,p02,l3,0.00
i121,e08,c5,p03,l2,0.00
i121,e08,c5,p03,l3,0.00
i121,e08,c5,p04,l2,0.00
i121,e08,c5,p07,l3,0.00
i121,e08,c5,p09,l3,0.00
i121,e08,c5,p10,l2,0.00
i121,e08,c5,p10,l3,0.00
i121,e08,c5,p11,l2,0.00
i121,e08,c5,p11,l3,0.00
i121,e08,c5,p12,l3,0.00
i121,e08,c5,p13,l3,0.00
i121,e08,c5,p14,l2,0.00
i121,e08,c5,p14,l3,0.00
i121,e08,c5,p15,l2,0.00
i121,e08,c5,p17,l3,0.00
i121,e08,c5,p18,l3,0.00
i121,e08,c5,p19,l3,0.00
i121,e08,c5,p20,l3,0.00
i121,e08,c5,p21,l2,0.00
i121,e08,c5,p21,l3,0.00
i121,e08,c5,p22,l3,0.00
i121,e08,c5,p29,l3,0.00
i121,e08,c5,p35,l2,0.00
i121,e08,c5,p35,l3,0.00
i121,e09,c3,p01,l3,0.00
i121,e09,c5,p01,l2,0.00
i121,e09,c5,p01,l3,0.00
i121,e09,c5,p02,l3,0.00
i121,e09,c5,p03,l3,0.00
i121,e09,c5,p04,l2,0.00
i121,e09,c5,p05,l3,0.00
i121,e09,c5,p07,l3,0.00
i121,e09,c5,p10,l2,0.00
i121,e09,c5,p10,l3,0.00
i121,e09,c5,p11,l2,0.00
i121,e09,c5,p11,l3,0.00
i121,e09,c5,p12,l3,0.00
i121,e09,c5,p13,l3,0.00
i121,e09,c5,p14,l3,0.00
i121,e09,c5,p19,l3,0.00
i121,e09,c5,p22,l3,0.00
i121,e09,c5,p35,l3,0.00
i121,e12,c5,p01,l3,0.00
i121,e12,c5,p02,l3,0.00
i121,e12,c5,p03,l3,0.00
i121,e12,c5,p07,l3,0.00
i121,e12,c5,p09,l3,0.00
i121,e12,c5,p10,l3,0.00
i121,e12,c5,p11,l3,0.00
i121,e12,c5,p12,l3,0.00
i121,e12,c5,p13,l3,0.00
i121,e12,c5,p14,l3,0.00
i121,e12,c5,p17,l3,0.00
i121,e12,c5,p19,l3,0.00
i121,e12,c5,p20,l3,0.00
i121,e12,c5,p21,l3,0.00
i121,e12,c5,p22,l3,0.00
i121,e12,c5,p28,l3,0.00
i121,e12,c5,p29,l3,0.00
i121,e12,c5,p35,l3,0.00
i122,e05,c5,p05,l3,0.00
i122,e05,c5,p11,l3,0.00
i122,e05,c5,p15,l3,0.00
i122,e05,c5,p35,l3,0.00
i123,e01,c3,p02,l3,0.00
i123,e01,c3,p03,l3,0.00
i123,e01,c3,p11,l3,0.00
i123,e01,c3,p29,l3,0.00
i123,e01,c3,p35,l3,0.00
i123,e01,c5,p01,l3,0.00
i123,e01,c5,p02,l3,0.00
i123,e01,c5,p03,l3,0.00
i123,e01,c5,p04,l3,0.00
i123,e01,c5,p05,l3,0.00
i123,e01,c5,p06,l3,0.00
i123,e01,c5,p07,l3,0.00
i123,e01,c5,p08,l3,0.00
i123,e01,c5,p09,l3,0.00
i123,e01,c5,p10,l3,0.00
i123,e01,c5,p11,l3,0.00
i123,e01,c5,p12,l3,0.00
i123,e01,c5,p14,l3,0.00
i123,e01,c5,p15,l3,0.00
i123,e01,c5,p16,l3,0.00
i123,e01,c5,p17,l3,0.00
i123,e01,c5,p18,l3,0.00
i123,e01,c5,p19,l3,0.00
i123,e01,c5,p20,l3,0.00
i123,e01,c5,p21,l3,0.00
i123,e01,c5,p22,l3,0.00
i123,e01,c5,p23,l3,0.00
i123,e01,c5,p24,l3,0.00
i123,e01,c5,p25,l3,0.00
i123,e01,c5,p28,l3,0.00
i123,e01,c5,p29,l3,0.00
i123,e01,c5,p32,l3,0.00
i123,e01,c5,p35,l3,0.00
i123,e04,c3,p01,l3,0.00
i123,e04,c3,p02,l3,0.00
i123,e04,c3,p03,l3,0.00
i123,e04,c3,p07,l3,0.00
i123,e04,c3,p11,l3,0.00
i123,e04,c3,p29,l3,0.00
i123,e04,c3,p35,l3,0.00
i123,e04,c5,p01,l3,0.00
i123,e04,c5,p02,l3,0.00
i123,e04,c5,p03,l3,0.00
i123,e04,c5,p04,l3,0.00
i123,e04,c5,p05,l3,0.00
i123,e04,c5,p06,l3,0.00
i123,e04,c5,p07,l3,0.00
i123,e04,c5,p08,l3,0.00
i123,e04,c5,p09,l3,0.00
i123,e04,c5,p10,l3,0.00
i123,e04,c5,p11,l3,0.00
i123,e04,c5,p12,l3,0.00
i123,e04,c5,p14,l3,0.00
i123,e04,c5,p15,l3,0.00
i123,e04,c5,p16,l3,0.00
i123,e04,c5,p17,l3,0.00
i123,e04,c5,p19,l3,0.00
i123,e04,c5,p20,l3,0.00
i123,e04,c5,p21,l3,0.00
i123,e04,c5,p22,l3,0.00
i123,e04,c5,p23,l3,0.00
i123,e04,c5,p24,l3,0.00
i123,e04,c5,p25,l3,0.00
i123,e04,c5,p28,l3,0.00
i123,e04,c5,p29,l3,0.00
i123,e04,c5,p35,l3,0.00
i123,e09,c3,p01,l3,0.00
i123,e09,c3,p02,l3,0.00
i123,e09,c3,p03,l3,0.00
i123,e09,c3,p05,l3,0.00
i123,e09,c3,p11,l3,0.00
i123,e09,c3,p16,l3,0.00
i123,e09,c3,p29,l3,0.00
i123,e09,c3,p35,l3,0.00
i123,e09,c5,p01,l3,0.00
i123,e09,c5,p02,l3,0.00
i123,e09,c5,p03,l3,0.00
i123,e09,c5,p04,l3,0.00
i123,e09,c5,p05,l3,0.00
i123,e09,c5,p06,l3,0.00
i123,e09,c5,p07,l3,0.00
i123,e09,c5,p08,l3,0.00
i123,e09,c5,p09,l3,0.00
i123,e09,c5,p10,l3,0.00
i123,e09,c5,p11,l3,0.00
i123,e09,c5,p12,l3,0.00
i123,e09,c5,p14,l3,0.00
i123,e09,c5,p15,l3,0.00
i123,e09,c5,p16,l3,0.00
i123,e09,c5,p17,l3,0.00
i123,e09,c5,p18,l3,0.00
i123,e09,c5,p19,l3,0.00
i123,e09,c5,p20,l3,0.00
i123,e09,c5,p21,l3,0.00
i123,e09,c5,p22,l3,0.00
i123,e09,c5,p23,l3,0.00
i123,e09,c5,p24,l3,0.00
i123,e09,c5,p25,l3,0.00
i123,e09,c5,p28,l3,0.00
i123,e09,c5,p29,l3,0.00
i123,e09,c5,p32,l3,0.00
i123,e09,c5,p35,l3,0.00
i124,e05,c5,p10,l3,0.00
i124,e08,c3,p01,l3,0.00
i124,e08,c3,p04,l2,0.00
i124,e08,c3,p04,l3,0.00
i124,e08,c3,p05,l3,0.00
i124,e08,c3,p10,l2,0.00
i124,e08,c3,p10,l3,0.00
i124,e08,c3,p12,l2,0.00
i124,e08,c3,p12,l3,0.00
i124,e08,c3,p13,l2,0.00
i124,e08,c3,p15,l2,0.00
i124,e08,c3,p15,l3,0.00
i124,e08,c3,p16,l2,0.00
i124,e08,c3,p16,l3,0.00
i124,e08,c3,p19,l3,0.00
i124,e08,c3,p21,l2,0.00
i124,e08,c3,p21,l3,0.00
i124,e08,c3,p22,l2,0.00
i124,e08,c3,p22,l3,0.00
i124,e08,c3,p28,l2,0.00
i124,e08,c3,p28,l3,0.00
i124,e08,c3,p35,l3,0.00
i124,e08,c5,p10,l3,0.00
i124,e11,c3,p04,l3,0.00
i124,e11,c3,p16,l2,0.00
i124,e11,c3,p16,l3,0.00
i125,e02,c3,p10,l1,0.00
i125,e02,c3,p10,l3,0.00
i125,e02,c3,p35,l3,0.00
i125,e05,c3,p01,l3,0.00
i125,e05,c3,p08,l3,0.00
i125,e05,c3,p10,l1,0.00
i125,e05,c3,p10,l3,0.00
i125,e05,c3,p11,l3,0.00
i125,e05,c3,p16,l3,0.00
i125,e05,c3,p35,l1,0.00
i125,e05,c3,p35,l3,0.00
i125,e05,c5,p10,l3,0.00
i126,e01,c5,p10,l3,0.00
i126,e01,c5,p11,l3,0.00
i126,e01,c5,p35,l3,0.00
i126,e04,c5,p11,l3,0.00
i126,e04,c5,p12,l3,0.00
i126,e04,c5,p13,l3,0.00
i126,e04,c5,p35,l3,0.00
i126,e05,c5,p35,l3,0.00
i126,e08,c5,p04,l3,0.00
i126,e08,c5,p10,l3,0.00
i126,e08,c5,p11,l2,0.00
i126,e08,c5,p11,l3,0.00
i126,e08,c5,p12,l2,0.00
i126,e08,c5,p12,l3,0.00
i126,e08,c5,p13,l3,0.00
i126,e08,c5,p16,l3,0.00
i126,e08,c5,p19,l3,0.00
i126,e08,c5,p21,l3,0.00
i126,e08,c5,p35,l2,0.00
i126,e08,c5,p35,l3,0.00
i126,e09,c5,p10,l3,0.00
i126,e09,c5,p11,l3,0.00
i126,e09,c5,p13,l3,0.00
i126,e09,c5,p35,l3,0.00
i126,e12,c5,p10,l3,0.00
i127,e01,c5,p10,l3,0.00
i127,e01,c5,p13,l3,0.00
i127,e01,c5,p25,l3,0.00
i127,e01,c5,p35,l3,0.00
i127,e02,c5,p04,l3,0.00
i127,e02,c5,p06,l3,0.00
i127,e02,c5,p19,l1,0.00
i127,e02,c5,p19,l3,0.00
i127,e02,c5,p35,l1,0.00
i127,e02,c5,p35,l3,0.00
i127,e04,c5,p09,l3,0.00
i127,e04,c5,p24,l3,0.00
i127,e04,c5,p35,l3,0.00
i127,e05,c3,p19,l3,0.00
i127,e05,c5,p01,l3,0.00
i127,e05,c5,p06,l3,0.00
i127,e05,c5,p13,l3,0.00
i127,e05,c5,p16,l1,0.00
i127,e05,c5,p19,l1,0.00
i127,e05,c5,p19,l3,0.00
i127,e05,c5,p21,l3,0.00
i127,e05,c5,p28,l3,0.00
i127,e05,c5,p35,l1,0.00
i127,e05,c5,p35,l3,0.00
i127,e08,c5,p09,l3,0.00
i127,e08,c5,p10,l3,0.00
i127,e08,c5,p22,l3,0.00
i127,e08,c5,p24,l3,0.00
i127,e08,c5,p35,l3,0.00
i128,e05,c3,p10,l3,0.00
i128,e05,c3,p19,l3,0.00
i129,e01,c5,p01,l3,0.00
i129,e01,c5,p02,l3,0.00
i129,e01,c5,p03,l3,0.00
i129,e01,c5,p04,l3,0.00
i129,e01,c5,p05,l3,0.00
i129,e01,c5,p06,l3,0.00
i129,e01,c5,p09,l3,0.00
i129,e01,c5,p10,l3,0.00
i129,e01,c5,p15,l3,0.00
i129,e01,c5,p16,l3,0.00
i129,e01,c5,p23,l3,0.00
i129,e01,c5,p24,l3,0.00
i129,e01,c5,p29,l3,0.00
i129,e01,c5,p35,l3,0.00
i129,e04,c5,p01,l3,0.00
i129,e04,c5,p02,l3,0.00
i129,e04,c5,p03,l3,0.00
i129,e04,c5,p04,l3,0.00
i129,e04,c5,p05,l3,0.00
i129,e04,c5,p06,l3,0.00
i129,e04,c5,p09,l3,0.00
i129,e04,c5,p10,l3,0.00
i129,e04,c5,p15,l3,0.00
i129,e04,c5,p16,l3,0.00
i129,e04,c5,p23,l3,0.00
i129,e04,c5,p24,l3,0.00
i129,e04,c5,p35,l3,0.00
i129,e05,c5,p01,l3,0.00
i129,e05,c5,p16,l3,0.00
i129,e08,c5,p01,l3,0.00
i129,e08,c5,p02,l3,0.00
i129,e08,c5,p03,l3,0.00
i129,e08,c5,p04,l3,0.00
i129,e08,c5,p05,l3,0.00
i129,e08,c5,p06,l3,0.00
i129,e08,c5,p09,l3,0.00
i129,e08,c5,p10,l3,0.00
i129,e08,c5,p15,l3,0.00
i129,e08,c5,p16,l3,0.00
i129,e08,c5,p23,l3,0.00
i129,e08,c5,p24,l3,0.00
i129,e08,c5,p29,l3,0.00
i129,e08,c5,p35,l3,0.00
i129,e09,c5,p01,l3,0.00
i129,e09,c5,p04,l3,0.00
i129,e09,c5,p09,l3,0.00
i129,e09,c5,p10,l3,0.00
i129,e09,c5,p15,l3,0.00
i129,e09,c5,p16,l3,0.00
i129,e09,c5,p23,l3,0.00
i129,e09,c5,p24,l3,0.00
i129,e09,c5,p35,l3,0.00
i129,e11,c5,p02,l3,0.00
i13,e01,c3,p01,l3,0.00
i13,e01,c3,p02,l3,0.00
i13,e01,c3,p03,l3,0.00
i13,e01,c3,p04,l3,0.00
i13,e01,c3,p05,l3,0.00
i13,e01,c3,p10,l3,0.00
i13,e01,c3,p11,l3,0.00
i13,e01,c3,p13,l3,0.00
i13,e01,c3,p15,l3,0.00
i13,e01,c3,p16,l3,0.00
i13,e01,c3,p17,l3,0.00
i13,e01,c3,p19,l3,0.00
i13,e01,c3,p21,l3,0.00
i13,e01,c3,p29,l3,0.00
i13,e01,c3,p35,l3,0.00
i13,e01,c5,p01,l3,0.00
i13,e01,c5,p02,l3,1.61
i13,e01,c5,p03,l3,0.00
i13,e01,c5,p04,l3,0.00
i13,e01,c5,p05,l3,0.00
i13,e01,c5,p06,l3,0.00
i13,e01,c5,p07,l3,0.00
i13,e01,c5,p08,l3,0.00
i13,e01,c5,p09,l3,3.19
i13,e01,c5,p10,l3,0.00
i13,e01,c5,p11,l3,0.00
i13,e01,c5,p12,l3,0.00
i13,e01,c5,p13,l3,0.00
i13,e01,c5,p14,l3,0.00
i13,e01,c5,p15,l3,0.00
i13,e01,c5,p16,l3,0.00
i13,e01,c5,p17,l3,0.00
i13,e01,c5,p18,l3,0.00
i13,e01,c5,p19,l3,0.00
i13,e01,c5,p20,l3,0.00
i13,e01,c5,p21,l3,0.00
i13,e01,c5,p22,l3,0.00
i13,e01,c5,p23,l3,0.00
i13,e01,c5,p24,l3,0.00
i13,e01,c5,p25,l3,0.00
i13,e01,c5,p26,l3,0.00
i13,e01,c5,p28,l3,0.00
i13,e01,c5,p29,l3,0.00
i13,e01,c5,p30,l3,0.00
i13,e01,c5,p31,l3,0.00
i13,e01,c5,p32,l3,0.00
i13,e01,c5,p33,l3,0.00
i13,e01,c5,p35,l3,0.00
i13,e02,c3,p01,l3,0.00
i13,e02,c3,p24,l3,0.00
i13,e02,c5,p01,l3,0.00
i13,e02,c5,p02,l3,0.00
i13,e02,c5,p03,l3,0.00
i13,e02,c5,p04,l3,0.00
i13,e02,c5,p05,l3,0.00
i13,e02,c5,p06,l3,0.00
i13,e02,c5,p07,l3,0.00
i13,e02,c5,p08,l3,0.00
i13,e02,c5,p09,l3,0.00
i13,e02,c5,p10,l3,0.00
i13,e02,c5,p11,l3,0.00
i13,e02,c5,p12,l3,0.00
i13,e02,c5,p14,l3,0.00
i13,e02,c5,p15,l3,0.00
i13,e02,c5,p16,l3,0.00
i13,e02,c5,p17,l3,0.00
i13,e02,c5,p18,l3,0.00
i13,e02,c5,p19,l3,0.00
i13,e02,c5,p21,l3,0.00
i13,e02,c5,p22,l3,0.00
i13,e02,c5,p24,l3,0.00
i13,e02,c5,p29,l3,0.00
i13,e02,c5,p32,l3,0.00
i13,e02,c5,p35,l3,0.00
i13,e03,c3,p01,l3,0.00
i13,e03,c3,p02,l3,0.00
i13,e03,c3,p03,l3,0.00
i13,e03,c3,p04,l3,0.00
i13,e03,c3,p05,l3,0.00
i13,e03,c3,p06,l3,0.00
i13,e03,c3,p07,l3,0.00
i13,e03,c3,p08,l3,0.00
i13,e03,c3,p09,l3,0.00
i13,e03,c3,p10,l3,0.00
i13,e03,c3,p11,l3,0.00
i13,e03,c3,p12,l3,0.00
i13,e03,c3,p13,l3,0.00
i13,e03,c3,p14,l3,0.00
i13,e03,c3,p15,l3,0.00
i13,e03,c3,p16,l3,0.00
i13,e03,c3,p17,l3,0.00
i13,e03,c3,p18,l3,0.00
i13,e03,c3,p19,l3,0.00
i13,e03,c3,p20,l3,0.00
i13,e03,c3,p21,l3,0.00
i13,e03,c3,p23,l3,0.00
i13,e03,c3,p24,l3,0.00
i13,e03,c3,p28,l3,0.00
i13,e03,c3,p29,l3,0.00
i13,e03,c3,p31,l3,0.00
i13,e03,c3,p32,l3,0.00
i13,e03,c3,p35,l3,0.00
i13,e03,c5,p01,l3,0.00
i13,e03,c5,p02,l3,0.00
i13,e03,c5,p03,l3,1.59
i13,e03,c5,p04,l3,0.00
i13,e03,c5,p05,l3,0.00
i13,e03,c5,p06,l3,0.00
i13,e03,c5,p07,l3,1.53
i13,e03,c5,p08,l3,0.00
i13,e03,c5,p09,l3,1.46
i13,e03,c5,p10,l3,0.00
i13,e03,c5,p11,l3,0.00
i13,e03,c5,p12,l3,0.00
i13,e03,c5,p13,l3,0.00
i13,e03,c5,p14,l3,0.00
i13,e03,c5,p15,l3,1.12
i13,e03,c5,p16,l3,0.00
i13,e03,c5,p17,l3,0.00
i13,e03,c5,p18,l3,1.27
i13,e03,c5,p19,l3,1.35
i13,e03,c5,p20,l3,0.00
i13,e03,c5,p21,l3,1.04
i13,e03,c5,p22,l3,0.00
i13,e03,c5,p23,l3,0.00
i13,e03,c5,p24,l3,0.00
i13,e03,c5,p25,l3,0.00
i13,e03,c5,p26,l3,0.00
i13,e03,c5,p28,l3,0.00
i13,e03,c5,p29,l3,0.00
i13,e03,c5,p30,l3,0.00
i13,e03,c5,p31,l3,0.00
i13,e03,c5,p32,l3,0.00
i13,e03,c5,p33,l3,0.00
i13,e03,c5,p35,l3,1.64
i13,e04,c3,p01,l3,0.00
i13,e04,c3,p02,l3,0.00
i13,e04,c3,p03,l3,0.00
i13,e04,c3,p04,l3,0.00
i13,e04,c3,p08,l3,0.00
i13,e04,c3,p10,l3,0.00
i13,e04,c3,p12,l3,0.00
i13,e04,c3,p13,l3,0.00
i13,e04,c3,p14,l3,0.00
i13,e04,c3,p16,l3,0.00
i13,e04,c3,p17,l3,0.00
i13,e04,c3,p19,l3,0.00
i13,e04,c3,p21,l3,0.00
i13,e04,c3,p24,l3,0.00
i13,e04,c3,p29,l3,0.00
i13,e04,c3,p35,l3,0.00
i13,e04,c5,p01,l3,0.00
i13,e04,c5,p02,l3,0.00
i13,e04,c5,p03,l3,0.00
i13,e04,c5,p04,l3,0.00
i13,e04,c5,p05,l3,0.00
i13,e04,c5,p06,l3,0.00
i13,e04,c5,p07,l3,0.00
i13,e04,c5,p08,l3,0.00
i13,e04,c5,p09,l3,0.00
i13,e04,c5,p10,l3,0.00
i13,e04,c5,p11,l3,0.00
i13,e04,c5,p12,l3,0.00
i13,e04,c5,p13,l3,0.00
i13,e04,c5,p14,l3,0.00
i13,e04,c5,p15,l3,1.20
i13,e04,c5,p16,l3,5.17
i13,e04,c5,p17,l3,0.00
i13,e04,c5,p18,l3,0.00
i13,e04,c5,p19,l3,0.00
i13,e04,c5,p20,l3,0.00
i13,e04,c5,p21,l3,0.00
i13,e04,c5,p22,l3,0.00
i13,e04,c5,p23,l3,0.00
i13,e04,c5,p24,l3,0.00
i13,e04,c5,p25,l3,0.00
i13,e04,c5,p26,l3,0.00
i13,e04,c5,p28,l3,2.14
i13,e04,c5,p29,l3,0.00
i13,e04,c5,p30,l3,0.00
i13,e04,c5,p31,l3,0.00
i13,e04,c5,p32,l3,0.00
i13,e04,c5,p33,l3,0.00
i13,e04,c5,p35,l3,0.00
i13,e05,c3,p01,l3,0.00
i13,e05,c3,p07,l3,0.00
i13,e05,c3,p10,l3,0.00
i13,e05,c3,p13,l3,0.00
i13,e05,c3,p17,l3,0.00
i13,e05,c3,p19,l3,0.00
i13,e05,c3,p21,l3,0.00
i13,e05,c3,p24,l3,0.00
i13,e05,c3,p35,l3,0.00
i13,e05,c5,p01,l3,0.00
i13,e05,c5,p02,l3,0.00
i13,e05,c5,p03,l3,0.00
i13,e05,c5,p04,l3,0.00
i13,e05,c5,p05,l3,0.00
i13,e05,c5,p06,l3,0.00
i13,e05,c5,p07,l3,0.00
i13,e05,c5,p08,l3,0.00
i13,e05,c5,p09,l3,0.00
i13,e05,c5,p10,l3,0.00
i13,e05,c5,p11,l3,0.00
i13,e05,c5,p12,l3,0.00
i13,e05,c5,p13,l3,0.00
i13,e05,c5,p14,l3,0.00
i13,e05,c5,p15,l3,0.00
i13,e05,c5,p16,l3,0.00
i13,e05,c5,p17,l3,1.12
i13,e05,c5,p18,l3,0.00
i13,e05,c5,p19,l3,0.00
i13,e05,c5,p20,l3,0.00
i13,e05,c5,p21,l3,0.00
i13,e05,c5,p22,l3,0.00
i13,e05,c5,p23,l3,0.00
i13,e05,c5,p24,l3,0.00
i13,e05,c5,p25,l3,0.00
i13,e05,c5,p26,l3,0.00
i13,e05,c5,p28,l3,0.00
i13,e05,c5,p29,l3,0.00
i13,e05,c5,p30,l3,0.00
i13,e05,c5,p31,l3,0.00
i13,e05,c5,p32,l3,0.00
i13,e05,c5,p35,l3,0.00
i13,e07,c3,p35,l3,0.00
i13,e07,c5,p01,l3,0.00
i13,e07,c5,p03,l3,0.00
i13,e07,c5,p04,l3,0.00
i13,e07,c5,p05,l3,0.00
i13,e07,c5,p06,l3,0.00
i13,e07,c5,p07,l3,0.00
i13,e07,c5,p08,l3,0.00
i13,e07,c5,p09,l3,0.00
i13,e07,c5,p10,l3,0.00
i13,e07,c5,p11,l3,0.00
i13,e07,c5,p12,l3,0.00
i13,e07,c5,p13,l3,0.00
i13,e07,c5,p15,l3,0.00
i13,e07,c5,p16,l3,0.00
i13,e07,c5,p17,l3,0.00
i13,e07,c5,p19,l3,0.00
i13,e07,c5,p21,l3,0.00
i13,e07,c5,p24,l3,0.00
i13,e07,c5,p28,l3,0.00
i13,e07,c5,p31,l3,0.00
i13,e07,c5,p35,l3,0.00
i13,e08,c3,p01,l3,0.00
i13,e08,c3,p02,l3,0.00
i13,e08,c3,p03,l3,0.00
i13,e08,c3,p04,l3,0.00
i13,e08,c3,p05,l3,0.00
i13,e08,c3,p06,l3,0.00
i13,e08,c3,p07,l3,0.00
i13,e08,c3,p08,l3,0.00
i13,e08,c3,p09,l3,0.00
i13,e08,c3,p10,l3,0.00
i13,e08,c3,p11,l3,0.00
i13,e08,c3,p12,l3,0.00
i13,e08,c3,p13,l3,0.00
i13,e08,c3,p14,l3,0.00
i13,e08,c3,p15,l3,0.00
i13,e08,c3,p16,l3,0.00
i13,e08,c3,p17,l3,0.00
i13,e08,c3,p18,l3,0.00
i13,e08,c3,p19,l3,0.00
i13,e08,c3,p21,l3,0.00
i13,e08,c3,p23,l3,0.00
i13,e08,c3,p24,l3,0.00
i13,e08,c3,p28,l3,0.00
i13,e08,c3,p29,l3,0.00
i13,e08,c3,p31,l3,0.00
i13,e08,c3,p32,l3,0.00
i13,e08,c3,p35,l3,0.00
i13,e08,c5,p01,l3,4.00
i13,e08,c5,p02,l3,0.00
i13,e08,c5,p03,l3,0.00
i13,e08,c5,p04,l3,4.03
i13,e08,c5,p05,l3,22.22
i13,e08,c5,p06,l3,18.51
i13,e08,c5,p07,l3,0.00
i13,e08,c5,p08,l3,0.00
i13,e08,c5,p09,l3,0.00
i13,e08,c5,p10,l3,25.26
i13,e08,c5,p11,l3,2.42
i13,e08,c5,p12,l3,0.00
i13,e08,c5,p13,l3,0.00
i13,e08,c5,p14,l3,0.00
i13,e08,c5,p15,l3,22.11
i13,e08,c5,p16,l3,16.57
i13,e08,c5,p17,l3,6.38
i13,e08,c5,p18,l3,5.29
i13,e08,c5,p19,l3,13.96
i13,e08,c5,p20,l3,0.00
i13,e08,c5,p21,l3,25.10
i13,e08,c5,p22,l3,0.00
i13,e08,c5,p23,l3,1.37
i13,e08,c5,p24,l3,21.41
i13,e08,c5,p25,l3,0.00
i13,e08,c5,p26,l3,0.00
i13,e08,c5,p28,l3,0.00
i13,e08,c5,p29,l3,0.00
i13,e08,c5,p30,l3,0.00
i13,e08,c5,p31,l3,9.30
i13,e08,c5,p32,l3,0.00
i13,e08,c5,p33,l3,0.00
i13,e08,c5,p35,l3,4.46
i13,e09,c3,p01,l3,0.00
i13,e09,c3,p02,l3,0.00
i13,e09,c3,p03,l3,0.00
i13,e09,c3,p04,l3,0.00
i13,e09,c3,p08,l3,0.00
i13,e09,c3,p09,l3,0.00
i13,e09,c3,p10,l3,0.00
i13,e09,c3,p12,l3,0.00
i13,e09,c3,p13,l3,0.00
i13,e09,c3,p15,l3,0.00
i13,e09,c3,p17,l3,0.00
i13,e09,c3,p19,l3,0.00
i13,e09,c3,p21,l3,0.00
i13,e09,c3,p35,l3,0.00
i13,e09,c5,p01,l3,0.00
i13,e09,c5,p02,l3,0.00
i13,e09,c5,p03,l3,0.00
i13,e09,c5,p04,l3,0.00
i13,e09,c5,p05,l3,0.00
i13,e09,c5,p06,l3,0.00
i13,e09,c5,p07,l3,0.00
i13,e09,c5,p08,l3,0.00
i13,e09,c5,p09,l3,0.00
i13,e09,c5,p10,l3,0.00
i13,e09,c5,p11,l3,0.00
i13,e09,c5,p12,l3,0.00
i13,e09,c5,p13,l3,0.00
i13,e09,c5,p14,l3,0.00
i13,e09,c5,p15,l3,0.00
i13,e09,c5,p16,l3,0.00
i13,e09,c5,p17,l3,0.00
i13,e09,c5,p18,l3,0.00
i13,e09,c5,p19,l3,0.00
i13,e09,c5,p20,l3,0.00
i13,e09,c5,p21,l3,1.75
i13,e09,c5,p22,l3,0.00
i13,e09,c5,p23,l3,0.00
i13,e09,c5,p24,l3,0.00
i13,e09,c5,p25,l3,0.00
i13,e09,c5,p26,l3,0.00
i13,e09,c5,p28,l3,0.00
i13,e09,c5,p29,l3,0.00
i13,e09,c5,p30,l3,0.00
i13,e09,c5,p31,l3,0.00
i13,e09,c5,p32,l3,0.00
i13,e09,c5,p33,l3,0.00
i13,e09,c5,p35,l3,0.00
i13,e10,c3,p01,l3,0.00
i13,e10,c3,p02,l3,0.00
i13,e10,c3,p05,l3,0.00
i13,e10,c3,p06,l3,0.00
i13,e10,c3,p10,l3,0.00
i13,e10,c3,p13,l3,0.00
i13,e10,c3,p15,l3,0.00
i13,e10,c3,p19,l3,0.00
i13,e10,c3,p21,l3,0.00
i13,e10,c3,p35,l3,0.00
i13,e10,c5,p01,l3,0.00
i13,e10,c5,p02,l3,0.00
i13,e10,c5,p03,l3,0.00
i13,e10,c5,p04,l3,0.00
i13,e10,c5,p05,l3,0.00
i13,e10,c5,p06,l3,0.00
i13,e10,c5,p07,l3,0.00
i13,e10,c5,p08,l3,0.00
i13,e10,c5,p09,l3,0.00
i13,e10,c5,p10,l3,0.00
i13,e10,c5,p11,l3,0.00
i13,e10,c5,p12,l3,0.00
i13,e10,c5,p13,l3,0.00
i13,e10,c5,p14,l3,0.00
i13,e10,c5,p15,l3,0.00
i13,e10,c5,p16,l3,0.00
i13,e10,c5,p17,l3,0.00
i13,e10,c5,p18,l3,0.00
i13,e10,c5,p19,l3,2.18
i13,e10,c5,p20,l3,0.00
i13,e10,c5,p21,l3,4.52
i13,e10,c5,p22,l3,0.00
i13,e10,c5,p23,l3,0.00
i13,e10,c5,p24,l3,0.00
i13,e10,c5,p25,l3,0.00
i13,e10,c5,p26,l3,0.00
i13,e10,c5,p28,l3,0.00
i13,e10,c5,p29,l3,0.00
i13,e10,c5,p30,l3,0.00
i13,e10,c5,p31,l3,0.00
i13,e10,c5,p32,l3,0.00
i13,e10,c5,p33,l3,0.00
i13,e10,c5,p35,l3,0.00
i13,e11,c3,p01,l3,0.00
i13,e11,c3,p02,l3,0.00
i13,e11,c3,p03,l3,0.00
i13,e11,c3,p04,l3,0.00
i13,e11,c3,p05,l3,0.00
i13,e11,c3,p06,l3,0.00
i13,e11,c3,p07,l3,0.00
i13,e11,c3,p08,l3,0.00
i13,e11,c3,p09,l3,0.00
i13,e11,c3,p10,l3,0.00
i13,e11,c3,p11,l3,0.00
i13,e11,c3,p12,l3,0.00
i13,e11,c3,p13,l3,0.00
i13,e11,c3,p14,l3,0.00
i13,e11,c3,p15,l3,0.00
i13,e11,c3,p16,l3,0.00
i13,e11,c3,p17,l3,0.00
i13,e11,c3,p18,l3,0.00
i13,e11,c3,p19,l3,0.00
i13,e11,c3,p21,l3,0.00
i13,e11,c3,p23,l3,0.00
i13,e11,c3,p24,l3,0.00
i13,e11,c3,p28,l3,0.00
i13,e11,c3,p29,l3,0.00
i13,e11,c3,p32,l3,0.00
i13,e11,c3,p35,l3,0.00
i13,e11,c5,p01,l3,1.36
i13,e11,c5,p02,l3,2.10
i13,e11,c5,p03,l3,15.38
i13,e11,c5,p04,l3,1.22
i13,e11,c5,p05,l3,22.29
i13,e11,c5,p06,l3,10.18
i13,e11,c5,p07,l3,7.49
i13,e11,c5,p08,l3,0.00
i13,e11,c5,p09,l3,6.02
i13,e11,c5,p10,l3,45.44
i13,e11,c5,p11,l3,7.65
i13,e11,c5,p12,l3,5.48
i13,e11,c5,p13,l3,6.39
i13,e11,c5,p14,l3,0.00
i13,e11,c5,p15,l3,12.25
i13,e11,c5,p16,l3,11.10
i13,e11,c5,p17,l3,3.63
i13,e11,c5,p18,l3,7.12
i13,e11,c5,p19,l3,32.37
i13,e11,c5,p20,l3,0.00
i13,e11,c5,p21,l3,17.06
i13,e11,c5,p22,l3,0.00
i13,e11,c5,p23,l3,6.47
i13,e11,c5,p24,l3,22.35
i13,e11,c5,p25,l3,0.00
i13,e11,c5,p26,l3,0.00
i13,e11,c5,p28,l3,0.00
i13,e11,c5,p29,l3,0.00
i13,e11,c5,p30,l3,0.00
i13,e11,c5,p31,l3,12.30
i13,e11,c5,p32,l3,2.16
i13,e11,c5,p33,l3,0.00
i13,e11,c5,p35,l3,21.07
i13,e12,c3,p01,l3,0.00
i13,e12,c3,p02,l3,0.00
i13,e12,c3,p03,l3,0.00
i13,e12,c3,p05,l3,0.00
i13,e12,c3,p06,l3,0.00
i13,e12,c3,p10,l3,0.00
i13,e12,c3,p11,l3,0.00
i13,e12,c3,p12,l3,0.00
i13,e12,c3,p13,l3,0.00
i13,e12,c3,p14,l3,0.00
i13,e12,c3,p15,l3,0.00
i13,e12,c3,p16,l3,0.00
i13,e12,c3,p17,l3,0.00
i13,e12,c3,p19,l3,0.00
i13,e12,c3,p21,l3,0.00
i13,e12,c3,p24,l3,0.00
i13,e12,c3,p28,l3,0.00
i13,e12,c3,p29,l3,0.00
i13,e12,c3,p32,l3,0.00
i13,e12,c3,p35,l3,0.00
i13,e12,c5,p01,l3,0.00
i13,e12,c5,p02,l3,0.00
i13,e12,c5,p03,l3,0.00
i13,e12,c5,p04,l3,0.00
i13,e12,c5,p05,l3,0.00
i13,e12,c5,p06,l3,2.29
i13,e12,c5,p07,l3,0.00
i13,e12,c5,p08,l3,0.00
i13,e12,c5,p09,l3,0.00
i13,e12,c5,p10,l3,3.10
i13,e12,c5,p11,l3,0.00
i13,e12,c5,p12,l3,0.00
i13,e12,c5,p13,l3,0.00
i13,e12,c5,p14,l3,0.00
i13,e12,c5,p15,l3,0.00
i13,e12,c5,p16,l3,0.00
i13,e12,c5,p17,l3,0.00
i13,e12,c5,p18,l3,0.00
i13,e12,c5,p19,l3,0.00
i13,e12,c5,p20,l3,0.00
i13,e12,c5,p21,l3,0.00
i13,e12,c5,p22,l3,0.00
i13,e12,c5,p23,l3,0.00
i13,e12,c5,p24,l3,0.00
i13,e12,c5,p25,l3,0.00
i13,e12,c5,p26,l3,0.00
i13,e12,c5,p28,l3,0.00
i13,e12,c5,p29,l3,0.00
i13,e12,c5,p30,l3,0.00
i13,e12,c5,p31,l3,1.42
i13,e12,c5,p32,l3,0.00
i13,e12,c5,p33,l3,0.00
i13,e12,c5,p35,l3,0.00
i13,e13,c5,p07,l3,0.00
i13,e13,c5,p22,l3,0.00
i130,e01,c5,p01,l3,0.00
i130,e01,c5,p10,l3,0.00
i130,e01,c5,p21,l3,0.00
i130,e01,c5,p24,l3,0.00
i130,e01,c5,p26,l3,0.00
i130,e02,c5,p35,l3,0.00
i130,e04,c5,p01,l3,0.00
i130,e04,c5,p10,l3,0.00
i130,e04,c5,p21,l3,0.00
i130,e04,c5,p24,l3,0.00
i130,e04,c5,p26,l3,0.00
i130,e05,c5,p01,l3,0.00
i130,e05,c5,p10,l3,0.00
i130,e05,c5,p16,l3,0.00
i130,e05,c5,p26,l3,0.00
i130,e05,c5,p35,l3,0.00
i130,e08,c5,p01,l3,0.00
i130,e08,c5,p05,l3,0.00
i130,e08,c5,p10,l3,0.00
i130,e08,c5,p16,l3,0.00
i130,e08,c5,p17,l3,0.00
i130,e08,c5,p21,l3,0.00
i130,e08,c5,p24,l3,0.00
i130,e08,c5,p25,l3,0.00
i130,e08,c5,p26,l3,0.00
i130,e08,c5,p35,l3,0.00
i130,e09,c5,p24,l3,0.00
i130,e09,c5,p26,l3,0.00
i130,e09,c5,p35,l3,0.00
i130,e11,c5,p01,l3,0.00
i130,e11,c5,p10,l3,0.00
i130,e11,c5,p26,l3,0.00
i130,e11,c5,p35,l3,0.00
i130,e13,c5,p10,l3,0.00
i130,e13,c5,p35,l3,0.00
i131,e05,c3,p02,l3,0.00
i131,e05,c3,p05,l3,0.00
i131,e05,c3,p10,l3,0.00
i131,e05,c3,p11,l3,0.00
i131,e05,c3,p12,l1,0.00
i131,e05,c3,p12,l3,0.00
i131,e05,c3,p16,l1,0.00
i131,e05,c3,p16,l3,0.00
i131,e05,c3,p17,l3,0.00
i131,e05,c3,p19,l3,0.00
i131,e05,c3,p29,l1,0.00
i131,e05,c3,p29,l3,0.00
i131,e05,c3,p35,l1,0.00
i131,e05,c3,p35,l3,0.00
i131,e05,c5,p02,l3,0.00
i131,e05,c5,p05,l3,0.00
i131,e05,c5,p06,l3,0.00
i131,e05,c5,p07,l3,0.00
i131,e05,c5,p10,l3,0.00
i131,e05,c5,p12,l1,0.00
i131,e05,c5,p12,l3,0.00
i131,e05,c5,p14,l1,0.00
i131,e05,c5,p14,l3,0.00
i131,e05,c5,p15,l3,0.00
i131,e05,c5,p16,l1,0.00
i131,e05,c5,p16,l3,0.00
i131,e05,c5,p17,l3,0.00
i131,e05,c5,p19,l1,0.00
i131,e05,c5,p19,l3,0.00
i131,e05,c5,p21,l3,0.00
i131,e05,c5,p22,l3,0.00
i131,e05,c5,p23,l3,0.00
i131,e05,c5,p24,l3,0.00
i131,e05,c5,p25,l3,0.00
i131,e05,c5,p27,l1,0.00
i131,e05,c5,p29,l3,0.00
i131,e05,c5,p35,l1,0.00
i131,e05,c5,p35,l3,0.00
i132,e01,c1,p35,l3,0.00
i132,e01,c4,p35,l3,0.00
i132,e01,c7,p35,l3,0.00
i132,e04,c1,p35,l1,0.00
i132,e04,c1,p35,l3,0.00
i132,e04,c4,p35,l1,0.00
i132,e04,c4,p35,l3,0.00
i132,e04,c7,p35,l3,0.00
i132,e05,c1,p35,l1,0.00
i132,e05,c1,p35,l3,0.00
i132,e05,c4,p35,l3,0.00
i132,e09,c1,p35,l2,0.00
i132,e09,c1,p35,l3,0.00
i132,e09,c4,p35,l2,0.00
i132,e09,c4,p35,l3,0.00
i132,e09,c7,p35,l3,0.00
i132,e12,c1,p35,l3,0.00
i132,e12,c4,p35,l3,0.00
i133,e01,c3,p10,l3,0.00
i133,e01,c3,p35,l3,0.00
i133,e04,c3,p10,l1,0.00
i133,e04,c3,p10,l3,0.00
i133,e04,c3,p35,l3,0.00
i133,e09,c3,p10,l2,0.00
i133,e09,c3,p10,l3,0.00
i133,e09,c3,p35,l3,0.00
i134,e01,c1,p10,l3,0.00
i134,e04,c1,p10,l3,0.00
i134,e05,c1,p10,l3,0.00
i134,e08,c1,p10,l3,0.00
i134,e09,c1,p10,l3,0.00
i135,e02,c5,p35,l3,0.00
i135,e05,c5,p10,l3,0.00
i135,e05,c5,p35,l3,0.00
i136,e01,c1,p01,l3,0.00
i136,e01,c1,p02,l3,0.00
i136,e01,c1,p03,l3,0.00
i136,e01,c1,p04,l3,0.00
i136,e01,c1,p05,l3,0.00
i136,e01,c1,p07,l3,0.00
i136,e01,c1,p09,l3,0.00
i136,e01,c1,p10,l3,0.00
i136,e01,c1,p11,l3,0.00
i136,e01,c1,p12,l3,0.00
i136,e01,c1,p13,l3,0.00
i136,e01,c1,p14,l3,0.00
i136,e01,c1,p15,l3,0.00
i136,e01,c1,p17,l3,0.00
i136,e01,c1,p18,l3,0.00
i136,e01,c1,p19,l3,0.00
i136,e01,c1,p22,l3,0.00
i136,e01,c1,p23,l3,0.00
i136,e01,c1,p24,l3,0.00
i136,e01,c1,p28,l3,0.00
i136,e01,c1,p29,l3,0.00
i136,e01,c1,p32,l3,0.00
i136,e04,c1,p01,l3,0.00
i136,e04,c1,p02,l3,0.00
i136,e04,c1,p03,l3,0.00
i136,e04,c1,p07,l3,0.00
i136,e04,c1,p09,l3,0.00
i136,e04,c1,p10,l3,0.00
i136,e04,c1,p11,l3,0.00
i136,e04,c1,p12,l3,0.00
i136,e04,c1,p13,l3,0.00
i136,e04,c1,p14,l3,0.00
i136,e04,c1,p15,l3,0.00
i136,e04,c1,p17,l3,0.00
i136,e04,c1,p19,l3,0.00
i136,e04,c1,p22,l3,0.00
i136,e04,c1,p23,l3,0.00
i136,e04,c1,p24,l3,0.00
i136,e04,c1,p28,l3,0.00
i136,e04,c1,p29,l3,0.00
i136,e04,c1,p32,l3,0.00
i136,e04,c1,p35,l3,0.00
i136,e05,c1,p01,l3,0.00
i136,e05,c1,p02,l3,0.00
i136,e05,c1,p03,l3,0.00
i136,e05,c1,p04,l3,0.00
i136,e05,c1,p05,l3,0.00
i136,e05,c1,p07,l3,0.00
i136,e05,c1,p09,l3,0.00
i136,e05,c1,p10,l3,0.00
i136,e05,c1,p11,l3,0.00
i136,e05,c1,p12,l3,0.00
i136,e05,c1,p13,l3,0.00
i136,e05,c1,p14,l3,0.00
i136,e05,c1,p15,l3,0.00
i136,e05,c1,p17,l3,0.00
i136,e05,c1,p18,l3,0.00
i136,e05,c1,p19,l3,0.00
i136,e05,c1,p21,l3,0.00
i136,e05,c1,p22,l3,0.00
i136,e05,c1,p23,l3,0.00
i136,e05,c1,p24,l3,0.00
i136,e05,c1,p28,l3,0.00
i136,e05,c1,p29,l3,0.00
i136,e05,c1,p32,l3,0.00
i136,e05,c1,p35,l3,0.00
i136,e09,c1,p01,l3,0.00
i136,e09,c1,p02,l3,0.00
i136,e09,c1,p03,l3,0.00
i136,e09,c1,p05,l3,0.00
i136,e09,c1,p07,l3,0.00
i136,e09,c1,p09,l3,0.00
i136,e09,c1,p10,l3,0.00
i136,e09,c1,p11,l3,0.00
i136,e09,c1,p12,l3,0.00
i136,e09,c1,p13,l3,0.00
i136,e09,c1,p14,l3,0.00
i136,e09,c1,p15,l3,0.00
i136,e09,c1,p17,l3,0.00
i136,e09,c1,p18,l3,0.00
i136,e09,c1,p19,l3,0.00
i136,e09,c1,p22,l3,0.00
i136,e09,c1,p23,l3,0.00
i136,e09,c1,p24,l3,0.00
i136,e09,c1,p28,l3,0.00
i136,e09,c1,p29,l3,0.00
i136,e09,c1,p32,l3,0.00
i136,e09,c1,p35,l3,0.00
i136,e13,c1,p01,l3,0.00
i136,e13,c1,p03,l3,0.00
i136,e13,c1,p10,l3,0.00
i136,e13,c1,p11,l3,0.00
i136,e13,c1,p19,l3,0.00
i136,e13,c1,p28,l3,0.00
i137,e05,c3,p35,l3,0.00
i138,e05,c3,p35,l1,0.00
i138,e05,c3,p35,l3,0.00
i138,e11,c3,p35,l3,0.00
i139,e02,c3,p35,l1,0.00
i139,e02,c3,p35,l3,0.00
i139,e02,c5,p10,l3,0.00
i139,e02,c5,p35,l1,0.00
i139,e02,c5,p35,l3,0.00
i139,e05,c3,p35,l1,0.00
i139,e05,c3,p35,l3,0.00
i139,e05,c5,p01,l3,0.00
i139,e05,c5,p07,l3,0.00
i139,e05,c5,p10,l3,0.00
i139,e05,c5,p15,l3,0.00
i139,e05,c5,p19,l3,0.00
i139,e05,c5,p23,l3,0.00
i139,e05,c5,p24,l3,0.00
i139,e05,c5,p28,l3,0.00
i139,e05,c5,p35,l1,0.00
i139,e05,c5,p35,l3,0.00
i14,e01,c3,p01,l3,0.00
i14,e01,c3,p02,l3,0.00
i14,e01,c3,p03,l3,0.00
i14,e01,c3,p04,l3,0.00
i14,e01,c3,p05,l3,0.00
i14,e01,c3,p06,l3,0.00
i14,e01,c3,p07,l3,0.00
i14,e01,c3,p08,l3,0.00
i14,e01,c3,p09,l3,0.00
i14,e01,c3,p10,l3,0.00
i14,e01,c3,p11,l3,0.00
i14,e01,c3,p12,l3,0.00
i14,e01,c3,p13,l3,0.00
i14,e01,c3,p14,l3,0.00
i14,e01,c3,p15,l3,0.00
i14,e01,c3,p16,l3,0.00
i14,e01,c3,p17,l3,0.00
i14,e01,c3,p18,l3,0.00
i14,e01,c3,p19,l3,0.00
i14,e01,c3,p20,l3,0.00
i14,e01,c3,p21,l3,0.00
i14,e01,c3,p22,l3,0.00
i14,e01,c3,p23,l3,0.00
i14,e01,c3,p24,l3,0.00
i14,e01,c3,p25,l3,0.00
i14,e01,c3,p26,l3,0.00
i14,e01,c3,p28,l3,0.00
i14,e01,c3,p29,l3,0.00
i14,e01,c3,p30,l3,0.00
i14,e01,c3,p31,l3,0.00
i14,e01,c3,p32,l3,0.00
i14,e01,c3,p33,l3,0.00
i14,e01,c3,p34,l3,0.00
i14,e01,c3,p35,l3,0.00
i14,e01,c5,p01,l3,6.38
i14,e01,c5,p02,l3,1.49
i14,e01,c5,p03,l3,4.09
i14,e01,c5,p04,l3,1.00
i14,e01,c5,p05,l3,6.64
i14,e01,c5,p06,l3,0.00
i14,e01,c5,p07,l3,3.33
i14,e01,c5,p08,l3,2.41
i14,e01,c5,p09,l3,0.00
i14,e01,c5,p10,l3,19.32
i14,e01,c5,p11,l3,1.47
i14,e01,c5,p12,l3,4.35
i14,e01,c5,p13,l3,3.45
i14,e01,c5,p14,l3,2.10
i14,e01,c5,p15,l3,15.66
i14,e01,c5,p16,l3,2.11
i14,e01,c5,p17,l3,7.04
i14,e01,c5,p18,l3,2.85
i14,e01,c5,p19,l3,22.11
i14,e01,c5,p20,l3,4.66
i14,e01,c5,p21,l3,6.70
i14,e01,c5,p22,l3,0.00
i14,e01,c5,p23,l3,1.17
i14,e01,c5,p24,l3,5.39
i14,e01,c5,p25,l3,3.00
i14,e01,c5,p26,l3,0.00
i14,e01,c5,p27,l3,0.00
i14,e01,c5,p28,l3,1.07
i14,e01,c5,p29,l3,0.00
i14,e01,c5,p30,l3,5.73
i14,e01,c5,p31,l3,0.00
i14,e01,c5,p32,l3,9.16
i14,e01,c5,p33,l3,1.51
i14,e01,c5,p34,l3,0.00
i14,e01,c5,p35,l3,14.76
i14,e01,c8,p02,l3,0.00
i14,e01,c8,p03,l3,0.00
i14,e01,c8,p04,l3,0.00
i14,e01,c8,p07,l3,0.00
i14,e01,c8,p08,l3,0.00
i14,e01,c8,p10,l3,0.00
i14,e01,c8,p15,l3,0.00
i14,e01,c8,p17,l3,0.00
i14,e01,c8,p18,l3,0.00
i14,e01,c8,p19,l3,0.00
i14,e01,c8,p21,l3,0.00
i14,e01,c8,p22,l3,0.00
i14,e01,c8,p28,l3,0.00
i14,e01,c8,p35,l3,0.00
i14,e02,c3,p01,l1,0.00
i14,e02,c3,p01,l3,0.00
i14,e02,c3,p02,l1,0.00
i14,e02,c3,p02,l3,0.00
i14,e02,c3,p03,l1,0.00
i14,e02,c3,p03,l3,0.00
i14,e02,c3,p04,l1,0.00
i14,e02,c3,p04,l3,0.00
i14,e02,c3,p05,l1,0.00
i14,e02,c3,p05,l3,0.00
i14,e02,c3,p06,l1,0.00
i14,e02,c3,p06,l3,0.00
i14,e02,c3,p07,l1,0.00
i14,e02,c3,p07,l3,0.00
i14,e02,c3,p08,l1,0.00
i14,e02,c3,p08,l3,0.00
i14,e02,c3,p09,l1,0.00
i14,e02,c3,p09,l3,0.00
i14,e02,c3,p10,l1,0.00
i14,e02,c3,p10,l3,0.00
i14,e02,c3,p11,l1,0.00
i14,e02,c3,p11,l3,0.00
i14,e02,c3,p12,l1,0.00
i14,e02,c3,p12,l3,0.00
i14,e02,c3,p13,l1,0.00
i14,e02,c3,p13,l3,0.00
i14,e02,c3,p14,l3,0.00
i14,e02,c3,p15,l1,0.00
i14,e02,c3,p15,l3,0.00
i14,e02,c3,p16,l1,0.00
i14,e02,c3,p16,l3,0.00
i14,e02,c3,p17,l3,0.00
i14,e02,c3,p18,l1,0.00
i14,e02,c3,p18,l3,0.00
i14,e02,c3,p19,l1,0.00
i14,e02,c3,p19,l3,0.00
i14,e02,c3,p20,l1,0.00
i14,e02,c3,p20,l3,0.00
i14,e02,c3,p21,l1,0.00
i14,e02,c3,p21,l3,0.00
i14,e02,c3,p22,l1,0.00
i14,e02,c3,p22,l3,0.00
i14,e02,c3,p23,l3,0.00
i14,e02,c3,p24,l1,0.00
i14,e02,c3,p24,l3,0.00
i14,e02,c3,p25,l3,0.00
i14,e02,c3,p26,l3,0.00
i14,e02,c3,p28,l1,0.00
i14,e02,c3,p28,l3,0.00
i14,e02,c3,p29,l1,0.00
i14,e02,c3,p29,l3,0.00
i14,e02,c3,p30,l3,0.00
i14,e02,c3,p31,l3,0.00
i14,e02,c3,p32,l1,0.00
i14,e02,c3,p32,l3,0.00
i14,e02,c3,p33,l3,0.00
i14,e02,c3,p35,l1,0.00
i14,e02,c3,p35,l3,0.00
i14,e02,c5,p01,l1,0.00
i14,e02,c5,p01,l3,0.00
i14,e02,c5,p02,l1,0.00
i14,e02,c5,p02,l3,0.00
i14,e02,c5,p03,l1,0.00
i14,e02,c5,p03,l3,0.00
i14,e02,c5,p04,l1,0.00
i14,e02,c5,p04,l3,0.00
i14,e02,c5,p05,l1,0.00
i14,e02,c5,p05,l3,0.00
i14,e02,c5,p06,l1,0.00
i14,e02,c5,p06,l3,0.00
i14,e02,c5,p07,l1,0.00
i14,e02,c5,p07,l3,0.00
i14,e02,c5,p08,l1,0.00
i14,e02,c5,p08,l3,0.00
i14,e02,c5,p09,l1,0.00
i14,e02,c5,p09,l3,0.00
i14,e02,c5,p10,l1,0.00
i14,e02,c5,p10,l3,0.00
i14,e02,c5,p11,l1,0.00
i14,e02,c5,p11,l3,0.00
i14,e02,c5,p12,l1,0.00
i14,e02,c5,p12,l3,0.00
i14,e02,c5,p13,l1,0.00
i14,e02,c5,p13,l3,0.00
i14,e02,c5,p14,l1,0.00
i14,e02,c5,p14,l3,0.00
i14,e02,c5,p15,l1,0.00
i14,e02,c5,p15,l3,0.00
i14,e02,c5,p16,l1,0.00
i14,e02,c5,p16,l3,0.00
i14,e02,c5,p17,l1,0.00
i14,e02,c5,p17,l3,1.16
i14,e02,c5,p18,l1,0.00
i14,e02,c5,p18,l3,0.00
i14,e02,c5,p19,l1,0.00
i14,e02,c5,p19,l3,0.00
i14,e02,c5,p20,l1,0.00
i14,e02,c5,p20,l3,0.00
i14,e02,c5,p21,l1,0.00
i14,e02,c5,p21,l3,0.00
i14,e02,c5,p22,l1,0.00
i14,e02,c5,p22,l3,0.00
i14,e02,c5,p23,l1,0.00
i14,e02,c5,p23,l3,1.27
i14,e02,c5,p24,l1,0.00
i14,e02,c5,p24,l3,0.00
i14,e02,c5,p25,l1,0.00
i14,e02,c5,p25,l3,0.00
i14,e02,c5,p26,l1,0.00
i14,e02,c5,p26,l3,0.00
i14,e02,c5,p28,l1,0.00
i14,e02,c5,p28,l3,0.00
i14,e02,c5,p29,l1,0.00
i14,e02,c5,p29,l3,0.00
i14,e02,c5,p30,l1,0.00
i14,e02,c5,p30,l3,0.00
i14,e02,c5,p31,l1,0.00
i14,e02,c5,p31,l3,0.00
i14,e02,c5,p32,l1,0.00
i14,e02,c5,p32,l3,0.00
i14,e02,c5,p33,l1,0.00
i14,e02,c5,p33,l3,0.00
i14,e02,c5,p35,l1,0.00
i14,e02,c5,p35,l3,0.00
i14,e02,c8,p35,l3,0.00
i14,e04,c3,p01,l1,0.00
i14,e04,c3,p01,l3,0.00
i14,e04,c3,p02,l1,0.00
i14,e04,c3,p02,l3,0.00
i14,e04,c3,p03,l1,0.00
i14,e04,c3,p03,l3,0.00
i14,e04,c3,p04,l1,0.00
i14,e04,c3,p04,l3,0.00
i14,e04,c3,p05,l1,0.00
i14,e04,c3,p05,l3,0.00
i14,e04,c3,p06,l1,0.00
i14,e04,c3,p06,l3,1.42
i14,e04,c3,p07,l1,0.00
i14,e04,c3,p07,l3,0.00
i14,e04,c3,p08,l1,0.00
i14,e04,c3,p08,l3,0.00
i14,e04,c3,p09,l1,0.00
i14,e04,c3,p09,l3,0.00
i14,e04,c3,p10,l1,0.00
i14,e04,c3,p10,l3,0.00
i14,e04,c3,p11,l1,0.00
i14,e04,c3,p11,l3,0.00
i14,e04,c3,p12,l1,0.00
i14,e04,c3,p12,l3,0.00
i14,e04,c3,p13,l1,0.00
i14,e04,c3,p13,l3,0.00
i14,e04,c3,p14,l1,0.00
i14,e04,c3,p14,l3,0.00
i14,e04,c3,p15,l1,0.00
i14,e04,c3,p15,l3,0.00
i14,e04,c3,p16,l1,0.00
i14,e04,c3,p16,l3,0.00
i14,e04,c3,p17,l1,0.00
i14,e04,c3,p17,l3,0.00
i14,e04,c3,p18,l1,0.00
i14,e04,c3,p18,l3,0.00
i14,e04,c3,p19,l1,0.00
i14,e04,c3,p19,l3,0.00
i14,e04,c3,p20,l1,0.00
i14,e04,c3,p20,l3,0.00
i14,e04,c3,p21,l1,0.00
i14,e04,c3,p21,l3,0.00
i14,e04,c3,p22,l1,0.00
i14,e04,c3,p22,l3,0.00
i14,e04,c3,p23,l1,0.00
i14,e04,c3,p23,l3,0.00
i14,e04,c3,p24,l1,0.00
i14,e04,c3,p24,l3,0.00
i14,e04,c3,p25,l1,0.00
i14,e04,c3,p25,l3,0.00
i14,e04,c3,p26,l1,0.00
i14,e04,c3,p26,l3,0.00
i14,e04,c3,p28,l1,0.00
i14,e04,c3,p28,l3,0.00
i14,e04,c3,p29,l1,0.00
i14,e04,c3,p29,l3,0.00
i14,e04,c3,p30,l1,0.00
i14,e04,c3,p30,l3,0.00
i14,e04,c3,p31,l1,0.00
i14,e04,c3,p31,l3,0.00
i14,e04,c3,p32,l1,0.00
i14,e04,c3,p32,l3,0.00
i14,e04,c3,p33,l1,0.00
i14,e04,c3,p33,l3,0.00
i14,e04,c3,p34,l3,0.00
i14,e04,c3,p35,l1,0.00
i14,e04,c3,p35,l3,0.00
i14,e04,c5,p01,l1,0.00
i14,e04,c5,p01,l3,95.29
i14,e04,c5,p02,l1,0.00
i14,e04,c5,p02,l3,2.54
i14,e04,c5,p03,l1,0.00
i14,e04,c5,p03,l3,73.33
i14,e04,c5,p04,l1,0.00
i14,e04,c5,p04,l3,21.62
i14,e04,c5,p05,l1,0.00
i14,e04,c5,p05,l3,19.14
i14,e04,c5,p06,l1,0.00
i14,e04,c5,p06,l3,1.04
i14,e04,c5,p07,l1,0.00
i14,e04,c5,p07,l3,10.79
i14,e04,c5,p08,l1,0.00
i14,e04,c5,p08,l3,4.33
i14,e04,c5,p09,l1,0.00
i14,e04,c5,p09,l3,0.00
i14,e04,c5,p10,l1,0.00
i14,e04,c5,p10,l3,38.06
i14,e04,c5,p11,l1,0.00
i14,e04,c5,p11,l3,3.33
i14,e04,c5,p12,l1,0.00
i14,e04,c5,p12,l3,9.24
i14,e04,c5,p13,l1,0.00
i14,e04,c5,p13,l3,97.36
i14,e04,c5,p14,l1,0.00
i14,e04,c5,p14,l3,7.75
i14,e04,c5,p15,l1,0.00
i14,e04,c5,p15,l3,15.15
i14,e04,c5,p16,l1,0.00
i14,e04,c5,p16,l3,7.14
i14,e04,c5,p17,l1,0.00
i14,e04,c5,p17,l3,20.98
i14,e04,c5,p18,l1,0.00
i14,e04,c5,p18,l3,6.36
i14,e04,c5,p19,l1,0.00
i14,e04,c5,p19,l3,44.62
i14,e04,c5,p20,l1,0.00
i14,e04,c5,p20,l3,14.00
i14,e04,c5,p21,l1,0.00
i14,e04,c5,p21,l3,13.09
i14,e04,c5,p22,l1,0.00
i14,e04,c5,p22,l3,9.42
i14,e04,c5,p23,l1,0.00
i14,e04,c5,p23,l3,1.19
i14,e04,c5,p24,l1,0.00
i14,e04,c5,p24,l3,10.05
i14,e04,c5,p25,l1,0.00
i14,e04,c5,p25,l3,2.39
i14,e04,c5,p26,l1,0.00
i14,e04,c5,p26,l3,0.00
i14,e04,c5,p27,l3,0.00
i14,e04,c5,p28,l1,0.00
i14,e04,c5,p28,l3,24.19
i14,e04,c5,p29,l1,0.00
i14,e04,c5,p29,l3,6.52
i14,e04,c5,p30,l1,0.00
i14,e04,c5,p30,l3,1.37
i14,e04,c5,p31,l1,0.00
i14,e04,c5,p31,l3,0.00
i14,e04,c5,p32,l1,0.00
i14,e04,c5,p32,l3,21.53
i14,e04,c5,p33,l1,0.00
i14,e04,c5,p33,l3,1.27
i14,e04,c5,p34,l3,0.00
i14,e04,c5,p35,l1,0.00
i14,e04,c5,p35,l3,28.16
i14,e04,c8,p01,l3,0.00
i14,e04,c8,p02,l3,0.00
i14,e04,c8,p03,l3,0.00
i14,e04,c8,p04,l3,0.00
i14,e04,c8,p07,l3,0.00
i14,e04,c8,p08,l3,0.00
i14,e04,c8,p09,l3,0.00
i14,e04,c8,p10,l3,0.00
i14,e04,c8,p15,l3,0.00
i14,e04,c8,p17,l3,0.00
i14,e04,c8,p19,l1,0.00
i14,e04,c8,p19,l3,0.00
i14,e04,c8,p21,l3,0.00
i14,e04,c8,p22,l3,0.00
i14,e04,c8,p24,l3,0.00
i14,e04,c8,p29,l3,0.00
i14,e04,c8,p35,l3,0.00
i14,e05,c3,p01,l1,0.00
i14,e05,c3,p01,l3,0.00
i14,e05,c3,p02,l1,0.00
i14,e05,c3,p02,l3,0.00
i14,e05,c3,p03,l1,0.00
i14,e05,c3,p03,l3,0.00
i14,e05,c3,p04,l1,0.00
i14,e05,c3,p04,l3,0.00
i14,e05,c3,p05,l1,0.00
i14,e05,c3,p05,l3,0.00
i14,e05,c3,p06,l1,0.00
i14,e05,c3,p06,l3,0.00
i14,e05,c3,p07,l1,0.00
i14,e05,c3,p07,l3,0.00
i14,e05,c3,p08,l1,0.00
i14,e05,c3,p08,l3,0.00
i14,e05,c3,p09,l1,0.00
i14,e05,c3,p09,l3,0.00
i14,e05,c3,p10,l1,0.00
i14,e05,c3,p10,l3,0.00
i14,e05,c3,p11,l1,0.00
i14,e05,c3,p11,l3,0.00
i14,e05,c3,p12,l1,0.00
i14,e05,c3,p12,l3,0.00
i14,e05,c3,p13,l1,0.00
i14,e05,c3,p13,l3,0.00
i14,e05,c3,p14,l1,0.00
i14,e05,c3,p14,l3,0.00
i14,e05,c3,p15,l1,0.00
i14,e05,c3,p15,l3,0.00
i14,e05,c3,p16,l1,0.00
i14,e05,c3,p16,l3,0.00
i14,e05,c3,p17,l1,0.00
i14,e05,c3,p17,l3,0.00
i14,e05,c3,p18,l1,0.00
i14,e05,c3,p18,l3,0.00
i14,e05,c3,p19,l1,0.00
i14,e05,c3,p19,l3,4.42
i14,e05,c3,p20,l1,0.00
i14,e05,c3,p20,l3,0.00
i14,e05,c3,p21,l1,0.00
i14,e05,c3,p21,l3,0.00
i14,e05,c3,p22,l1,0.00
i14,e05,c3,p22,l3,0.00
i14,e05,c3,p23,l1,0.00
i14,e05,c3,p23,l3,0.00
i14,e05,c3,p24,l1,0.00
i14,e05,c3,p24,l3,0.00
i14,e05,c3,p25,l1,0.00
i14,e05,c3,p25,l3,0.00
i14,e05,c3,p26,l1,0.00
i14,e05,c3,p26,l3,0.00
i14,e05,c3,p27,l3,0.00
i14,e05,c3,p28,l1,0.00
i14,e05,c3,p28,l3,0.00
i14,e05,c3,p29,l1,0.00
i14,e05,c3,p29,l3,0.00
i14,e05,c3,p30,l3,0.00
i14,e05,c3,p31,l3,0.00
i14,e05,c3,p32,l1,0.00
i14,e05,c3,p32,l3,0.00
i14,e05,c3,p33,l1,0.00
i14,e05,c3,p33,l3,0.00
i14,e05,c3,p34,l3,0.00
i14,e05,c3,p35,l1,0.00
i14,e05,c3,p35,l3,0.00
i14,e05,c5,p01,l1,0.00
i14,e05,c5,p01,l3,1.51
i14,e05,c5,p02,l1,0.00
i14,e05,c5,p02,l3,0.00
i14,e05,c5,p03,l1,0.00
i14,e05,c5,p03,l3,2.10
i14,e05,c5,p04,l1,0.00
i14,e05,c5,p04,l3,0.00
i14,e05,c5,p05,l1,0.00
i14,e05,c5,p05,l3,1.89
i14,e05,c5,p06,l1,0.00
i14,e05,c5,p06,l3,0.00
i14,e05,c5,p07,l1,0.00
i14,e05,c5,p07,l3,0.00
i14,e05,c5,p08,l1,0.00
i14,e05,c5,p08,l3,0.00
i14,e05,c5,p09,l1,0.00
i14,e05,c5,p09,l3,0.00
i14,e05,c5,p10,l1,0.00
i14,e05,c5,p10,l3,2.85
i14,e05,c5,p11,l1,0.00
i14,e05,c5,p11,l3,0.00
i14,e05,c5,p12,l1,0.00
i14,e05,c5,p12,l3,0.00
i14,e05,c5,p13,l1,0.00
i14,e05,c5,p13,l3,0.00
i14,e05,c5,p14,l1,0.00
i14,e05,c5,p14,l3,1.38
i14,e05,c5,p15,l1,0.00
i14,e05,c5,p15,l3,1.79
i14,e05,c5,p16,l1,0.00
i14,e05,c5,p16,l3,2.29
i14,e05,c5,p17,l1,0.00
i14,e05,c5,p17,l3,1.41
i14,e05,c5,p18,l1,0.00
i14,e05,c5,p18,l3,0.00
i14,e05,c5,p19,l1,0.00
i14,e05,c5,p19,l3,3.97
i14,e05,c5,p20,l1,0.00
i14,e05,c5,p20,l3,0.00
i14,e05,c5,p21,l1,0.00
i14,e05,c5,p21,l3,0.00
i14,e05,c5,p22,l1,0.00
i14,e05,c5,p22,l3,0.00
i14,e05,c5,p23,l1,0.00
i14,e05,c5,p23,l3,0.00
i14,e05,c5,p24,l1,0.00
i14,e05,c5,p24,l3,0.00
i14,e05,c5,p25,l1,0.00
i14,e05,c5,p25,l3,0.00
i14,e05,c5,p26,l1,0.00
i14,e05,c5,p26,l3,0.00
i14,e05,c5,p27,l3,0.00
i14,e05,c5,p28,l1,0.00
i14,e05,c5,p28,l3,0.00
i14,e05,c5,p29,l1,0.00
i14,e05,c5,p29,l3,33.09
i14,e05,c5,p30,l1,0.00
i14,e05,c5,p30,l3,0.00
i14,e05,c5,p31,l1,0.00
i14,e05,c5,p31,l3,0.00
i14,e05,c5,p32,l1,0.00
i14,e05,c5,p32,l3,0.00
i14,e05,c5,p33,l1,0.00
i14,e05,c5,p33,l3,0.00
i14,e05,c5,p34,l3,0.00
i14,e05,c5,p35,l1,0.00
i14,e05,c5,p35,l3,7.39
i14,e05,c8,p01,l3,0.00
i14,e05,c8,p02,l3,0.00
i14,e05,c8,p03,l3,0.00
i14,e05,c8,p04,l3,0.00
i14,e05,c8,p05,l3,0.00
i14,e05,c8,p06,l3,0.00
i14,e05,c8,p07,l3,0.00
i14,e05,c8,p08,l3,0.00
i14,e05,c8,p09,l3,0.00
i14,e05,c8,p10,l3,0.00
i14,e05,c8,p11,l3,0.00
i14,e05,c8,p12,l3,0.00
i14,e05,c8,p13,l3,0.00
i14,e05,c8,p14,l3,0.00
i14,e05,c8,p15,l3,0.00
i14,e05,c8,p16,l3,0.00
i14,e05,c8,p17,l3,0.00
i14,e05,c8,p18,l3,0.00
i14,e05,c8,p19,l3,0.00
i14,e05,c8,p20,l3,0.00
i14,e05,c8,p21,l3,0.00
i14,e05,c8,p22,l3,0.00
i14,e05,c8,p23,l3,0.00
i14,e05,c8,p24,l3,0.00
i14,e05,c8,p25,l3,0.00
i14,e05,c8,p26,l3,0.00
i14,e05,c8,p28,l3,0.00
i14,e05,c8,p29,l3,0.00
i14,e05,c8,p30,l3,0.00
i14,e05,c8,p31,l3,0.00
i14,e05,c8,p32,l3,0.00
i14,e05,c8,p33,l3,0.00
i14,e05,c8,p35,l3,0.00
i14,e06,c5,p29,l3,0.00
i14,e07,c3,p01,l3,0.00
i14,e07,c3,p03,l3,0.00
i14,e07,c3,p07,l3,0.00
i14,e07,c3,p09,l3,0.00
i14,e07,c3,p10,l3,0.00
i14,e07,c3,p11,l3,0.00
i14,e07,c3,p15,l3,0.00
i14,e07,c3,p19,l2,0.00
i14,e07,c3,p19,l3,0.00
i14,e07,c3,p21,l3,0.00
i14,e07,c3,p23,l2,0.00
i14,e07,c3,p26,l2,0.00
i14,e07,c3,p28,l3,0.00
i14,e07,c3,p31,l3,0.00
i14,e07,c3,p35,l3,0.00
i14,e07,c5,p01,l2,0.00
i14,e07,c5,p01,l3,0.00
i14,e07,c5,p02,l2,0.00
i14,e07,c5,p02,l3,0.00
i14,e07,c5,p03,l2,0.00
i14,e07,c5,p03,l3,0.00
i14,e07,c5,p04,l2,0.00
i14,e07,c5,p04,l3,0.00
i14,e07,c5,p05,l2,0.00
i14,e07,c5,p05,l3,0.00
i14,e07,c5,p06,l2,0.00
i14,e07,c5,p06,l3,0.00
i14,e07,c5,p07,l2,0.00
i14,e07,c5,p07,l3,0.00
i14,e07,c5,p08,l2,0.00
i14,e07,c5,p08,l3,0.00
i14,e07,c5,p09,l2,0.00
i14,e07,c5,p09,l3,0.00
i14,e07,c5,p10,l2,0.00
i14,e07,c5,p10,l3,0.00
i14,e07,c5,p11,l2,0.00
i14,e07,c5,p11,l3,0.00
i14,e07,c5,p12,l2,0.00
i14,e07,c5,p12,l3,0.00
i14,e07,c5,p13,l2,0.00
i14,e07,c5,p13,l3,0.00
i14,e07,c5,p14,l2,0.00
i14,e07,c5,p14,l3,0.00
i14,e07,c5,p15,l2,0.00
i14,e07,c5,p15,l3,0.00
i14,e07,c5,p16,l2,0.00
i14,e07,c5,p16,l3,0.00
i14,e07,c5,p17,l2,0.00
i14,e07,c5,p17,l3,0.00
i14,e07,c5,p18,l2,0.00
i14,e07,c5,p18,l3,0.00
i14,e07,c5,p19,l2,0.00
i14,e07,c5,p19,l3,0.00
i14,e07,c5,p20,l2,0.00
i14,e07,c5,p20,l3,0.00
i14,e07,c5,p21,l2,0.00
i14,e07,c5,p21,l3,0.00
i14,e07,c5,p22,l2,0.00
i14,e07,c5,p22,l3,0.00
i14,e07,c5,p23,l2,0.00
i14,e07,c5,p23,l3,0.00
i14,e07,c5,p24,l2,0.00
i14,e07,c5,p24,l3,0.00
i14,e07,c5,p25,l2,0.00
i14,e07,c5,p25,l3,0.00
i14,e07,c5,p26,l2,0.00
i14,e07,c5,p26,l3,0.00
i14,e07,c5,p28,l2,0.00
i14,e07,c5,p28,l3,0.00
i14,e07,c5,p29,l2,0.00
i14,e07,c5,p29,l3,0.00
i14,e07,c5,p30,l3,0.00
i14,e07,c5,p31,l2,0.00
i14,e07,c5,p31,l3,0.00
i14,e07,c5,p32,l2,0.00
i14,e07,c5,p32,l3,0.00
i14,e07,c5,p33,l2,0.00
i14,e07,c5,p33,l3,0.00
i14,e07,c5,p35,l2,0.00
i14,e07,c5,p35,l3,0.00
i14,e08,c3,p01,l2,0.00
i14,e08,c3,p01,l3,1.51
i14,e08,c3,p02,l2,0.00
i14,e08,c3,p02,l3,60.15
i14,e08,c3,p03,l2,0.00
i14,e08,c3,p03,l3,0.00
i14,e08,c3,p04,l2,0.00
i14,e08,c3,p04,l3,0.00
i14,e08,c3,p05,l2,0.00
i14,e08,c3,p05,l3,0.00
i14,e08,c3,p06,l2,0.00
i14,e08,c3,p06,l3,0.00
i14,e08,c3,p07,l2,0.00
i14,e08,c3,p07,l3,0.00
i14,e08,c3,p08,l2,0.00
i14,e08,c3,p08,l3,0.00
i14,e08,c3,p09,l2,0.00
i14,e08,c3,p09,l3,0.00
i14,e08,c3,p10,l2,0.00
i14,e08,c3,p10,l3,3.64
i14,e08,c3,p11,l2,0.00
i14,e08,c3,p11,l3,0.00
i14,e08,c3,p12,l2,0.00
i14,e08,c3,p12,l3,0.00
i14,e08,c3,p13,l2,0.00
i14,e08,c3,p13,l3,0.00
i14,e08,c3,p14,l2,0.00
i14,e08,c3,p14,l3,6.62
i14,e08,c3,p15,l2,0.00
i14,e08,c3,p15,l3,0.00
i14,e08,c3,p16,l2,0.00
i14,e08,c3,p16,l3,0.00
i14,e08,c3,p17,l2,0.00
i14,e08,c3,p17,l3,20.22
i14,e08,c3,p18,l2,0.00
i14,e08,c3,p18,l3,0.00
i14,e08,c3,p19,l2,0.00
i14,e08,c3,p19,l3,14.64
i14,e08,c3,p20,l2,0.00
i14,e08,c3,p20,l3,0.00
i14,e08,c3,p21,l2,0.00
i14,e08,c3,p21,l3,2.06
i14,e08,c3,p22,l2,0.00
i14,e08,c3,p22,l3,0.00
i14,e08,c3,p23,l2,0.00
i14,e08,c3,p23,l3,0.00
i14,e08,c3,p24,l2,0.00
i14,e08,c3,p24,l3,0.00
i14,e08,c3,p25,l2,0.00
i14,e08,c3,p25,l3,0.00
i14,e08,c3,p26,l2,0.00
i14,e08,c3,p26,l3,0.00
i14,e08,c3,p27,l3,0.00
i14,e08,c3,p28,l2,0.00
i14,e08,c3,p28,l3,0.00
i14,e08,c3,p29,l2,0.00
i14,e08,c3,p29,l3,0.00
i14,e08,c3,p30,l2,0.00
i14,e08,c3,p30,l3,0.00
i14,e08,c3,p31,l2,0.00
i14,e08,c3,p31,l3,0.00
i14,e08,c3,p32,l2,0.00
i14,e08,c3,p32,l3,0.00
i14,e08,c3,p33,l2,0.00
i14,e08,c3,p33,l3,4.38
i14,e08,c3,p34,l3,0.00
i14,e08,c3,p35,l2,0.00
i14,e08,c3,p35,l3,1.33
i14,e08,c5,p01,l2,0.00
i14,e08,c5,p01,l3,177.38
i14,e08,c5,p02,l2,0.00
i14,e08,c5,p02,l3,23.06
i14,e08,c5,p03,l2,0.00
i14,e08,c5,p03,l3,394.28
i14,e08,c5,p04,l2,0.00
i14,e08,c5,p04,l3,83.09
i14,e08,c5,p05,l2,0.00
i14,e08,c5,p05,l3,143.24
i14,e08,c5,p06,l2,0.00
i14,e08,c5,p06,l3,19.29
i14,e08,c5,p07,l2,0.00
i14,e08,c5,p07,l3,162.86
i14,e08,c5,p08,l2,0.00
i14,e08,c5,p08,l3,146.47
i14,e08,c5,p09,l2,0.00
i14,e08,c5,p09,l3,40.25
i14,e08,c5,p10,l2,0.00
i14,e08,c5,p10,l3,263.42
i14,e08,c5,p11,l2,0.00
i14,e08,c5,p11,l3,92.21
i14,e08,c5,p12,l2,0.00
i14,e08,c5,p12,l3,99.51
i14,e08,c5,p13,l2,0.00
i14,e08,c5,p13,l3,78.38
i14,e08,c5,p14,l2,0.00
i14,e08,c5,p14,l3,174.08
i14,e08,c5,p15,l2,0.00
i14,e08,c5,p15,l3,175.20
i14,e08,c5,p16,l2,0.00
i14,e08,c5,p16,l3,45.46
i14,e08,c5,p17,l2,0.00
i14,e08,c5,p17,l3,196.69
i14,e08,c5,p18,l2,0.00
i14,e08,c5,p18,l3,42.52
i14,e08,c5,p19,l2,0.00
i14,e08,c5,p19,l3,477.16
i14,e08,c5,p20,l2,0.00
i14,e08,c5,p20,l3,14.31
i14,e08,c5,p21,l2,0.00
i14,e08,c5,p21,l3,172.27
i14,e08,c5,p22,l2,0.00
i14,e08,c5,p22,l3,94.16
i14,e08,c5,p23,l2,0.00
i14,e08,c5,p23,l3,58.71
i14,e08,c5,p24,l2,0.00
i14,e08,c5,p24,l3,19.19
i14,e08,c5,p25,l2,0.00
i14,e08,c5,p25,l3,2.03
i14,e08,c5,p26,l2,0.00
i14,e08,c5,p26,l3,9.03
i14,e08,c5,p27,l2,0.00
i14,e08,c5,p27,l3,0.00
i14,e08,c5,p28,l2,0.00
i14,e08,c5,p28,l3,60.28
i14,e08,c5,p29,l2,0.00
i14,e08,c5,p29,l3,169.42
i14,e08,c5,p30,l2,0.00
i14,e08,c5,p30,l3,27.01
i14,e08,c5,p31,l2,0.00
i14,e08,c5,p31,l3,9.77
i14,e08,c5,p32,l2,0.00
i14,e08,c5,p32,l3,215.83
i14,e08,c5,p33,l2,0.00
i14,e08,c5,p33,l3,2.66
i14,e08,c5,p34,l3,0.00
i14,e08,c5,p35,l2,0.00
i14,e08,c5,p35,l3,181.09
i14,e08,c8,p01,l2,0.00
i14,e08,c8,p01,l3,0.00
i14,e08,c8,p02,l3,0.00
i14,e08,c8,p03,l2,0.00
i14,e08,c8,p03,l3,0.00
i14,e08,c8,p04,l3,0.00
i14,e08,c8,p05,l2,0.00
i14,e08,c8,p05,l3,0.00
i14,e08,c8,p06,l3,0.00
i14,e08,c8,p07,l2,0.00
i14,e08,c8,p07,l3,0.00
i14,e08,c8,p08,l2,0.00
i14,e08,c8,p08,l3,0.00
i14,e08,c8,p09,l3,0.00
i14,e08,c8,p10,l2,0.00
i14,e08,c8,p10,l3,0.00
i14,e08,c8,p11,l2,0.00
i14,e08,c8,p11,l3,0.00
i14,e08,c8,p12,l2,0.00
i14,e08,c8,p12,l3,0.00
i14,e08,c8,p13,l2,0.00
i14,e08,c8,p13,l3,0.00
i14,e08,c8,p14,l2,0.00
i14,e08,c8,p14,l3,0.00
i14,e08,c8,p15,l2,0.00
i14,e08,c8,p15,l3,0.00
i14,e08,c8,p16,l2,0.00
i14,e08,c8,p16,l3,0.00
i14,e08,c8,p17,l2,0.00
i14,e08,c8,p17,l3,0.00
i14,e08,c8,p18,l2,0.00
i14,e08,c8,p18,l3,0.00
i14,e08,c8,p19,l2,0.00
i14,e08,c8,p19,l3,0.00
i14,e08,c8,p20,l3,0.00
i14,e08,c8,p21,l2,0.00
i14,e08,c8,p21,l3,0.00
i14,e08,c8,p22,l3,0.00
i14,e08,c8,p23,l2,0.00
i14,e08,c8,p23,l3,0.00
i14,e08,c8,p24,l2,0.00
i14,e08,c8,p24,l3,0.00
i14,e08,c8,p25,l3,0.00
i14,e08,c8,p26,l3,0.00
i14,e08,c8,p28,l3,0.00
i14,e08,c8,p29,l2,0.00
i14,e08,c8,p29,l3,0.00
i14,e08,c8,p30,l3,0.00
i14,e08,c8,p31,l3,0.00
i14,e08,c8,p32,l3,0.00
i14,e08,c8,p33,l3,0.00
i14,e08,c8,p35,l2,0.00
i14,e08,c8,p35,l3,0.00
i14,e09,c3,p01,l2,0.00
i14,e09,c3,p01,l3,0.00
i14,e09,c3,p02,l2,0.00
i14,e09,c3,p02,l3,0.00
i14,e09,c3,p03,l2,0.00
i14,e09,c3,p03,l3,0.00
i14,e09,c3,p04,l2,0.00
i14,e09,c3,p04,l3,0.00
i14,e09,c3,p05,l2,0.00
i14,e09,c3,p05,l3,0.00
i14,e09,c3,p06,l2,0.00
i14,e09,c3,p06,l3,0.00
i14,e09,c3,p07,l2,0.00
i14,e09,c3,p07,l3,0.00
i14,e09,c3,p08,l2,0.00
i14,e09,c3,p08,l3,0.00
i14,e09,c3,p09,l2,0.00
i14,e09,c3,p09,l3,0.00
i14,e09,c3,p10,l2,0.00
i14,e09,c3,p10,l3,0.00
i14,e09,c3,p11,l2,0.00
i14,e09,c3,p11,l3,0.00
i14,e09,c3,p12,l2,0.00
i14,e09,c3,p12,l3,0.00
i14,e09,c3,p13,l2,0.00
i14,e09,c3,p13,l3,0.00
i14,e09,c3,p14,l2,0.00
i14,e09,c3,p14,l3,0.00
i14,e09,c3,p15,l2,0.00
i14,e09,c3,p15,l3,0.00
i14,e09,c3,p16,l2,0.00
i14,e09,c3,p16,l3,0.00
i14,e09,c3,p17,l2,0.00
i14,e09,c3,p17,l3,0.00
i14,e09,c3,p18,l2,0.00
i14,e09,c3,p18,l3,0.00
i14,e09,c3,p19,l2,0.00
i14,e09,c3,p19,l3,0.00
i14,e09,c3,p20,l2,0.00
i14,e09,c3,p20,l3,0.00
i14,e09,c3,p21,l2,0.00
i14,e09,c3,p21,l3,0.00
i14,e09,c3,p22,l2,0.00
i14,e09,c3,p22,l3,0.00
i14,e09,c3,p23,l2,0.00
i14,e09,c3,p23,l3,0.00
i14,e09,c3,p24,l2,0.00
i14,e09,c3,p24,l3,0.00
i14,e09,c3,p25,l2,0.00
i14,e09,c3,p25,l3,0.00
i14,e09,c3,p26,l2,0.00
i14,e09,c3,p26,l3,0.00
i14,e09,c3,p28,l2,0.00
i14,e09,c3,p28,l3,0.00
i14,e09,c3,p29,l2,0.00
i14,e09,c3,p29,l3,0.00
i14,e09,c3,p30,l2,0.00
i14,e09,c3,p30,l3,0.00
i14,e09,c3,p31,l2,0.00
i14,e09,c3,p31,l3,0.00
i14,e09,c3,p32,l2,0.00
i14,e09,c3,p32,l3,0.00
i14,e09,c3,p33,l2,0.00
i14,e09,c3,p33,l3,0.00
i14,e09,c3,p34,l3,0.00
i14,e09,c3,p35,l2,0.00
i14,e09,c3,p35,l3,0.00
i14,e09,c5,p01,l2,0.00
i14,e09,c5,p01,l3,3.31
i14,e09,c5,p02,l2,0.00
i14,e09,c5,p02,l3,3.16
i14,e09,c5,p03,l2,0.00
i14,e09,c5,p03,l3,0.00
i14,e09,c5,p04,l2,0.00
i14,e09,c5,p04,l3,3.11
i14,e09,c5,p05,l2,0.00
i14,e09,c5,p05,l3,2.28
i14,e09,c5,p06,l2,0.00
i14,e09,c5,p06,l3,0.00
i14,e09,c5,p07,l2,0.00
i14,e09,c5,p07,l3,6.07
i14,e09,c5,p08,l2,0.00
i14,e09,c5,p08,l3,1.91
i14,e09,c5,p09,l2,0.00
i14,e09,c5,p09,l3,0.00
i14,e09,c5,p10,l2,0.00
i14,e09,c5,p10,l3,9.16
i14,e09,c5,p11,l2,0.00
i14,e09,c5,p11,l3,7.30
i14,e09,c5,p12,l2,0.00
i14,e09,c5,p12,l3,2.04
i14,e09,c5,p13,l2,0.00
i14,e09,c5,p13,l3,4.05
i14,e09,c5,p14,l2,0.00
i14,e09,c5,p14,l3,4.04
i14,e09,c5,p15,l2,0.00
i14,e09,c5,p15,l3,7.26
i14,e09,c5,p16,l2,0.00
i14,e09,c5,p16,l3,0.00
i14,e09,c5,p17,l2,0.00
i14,e09,c5,p17,l3,5.55
i14,e09,c5,p18,l2,0.00
i14,e09,c5,p18,l3,2.29
i14,e09,c5,p19,l2,0.00
i14,e09,c5,p19,l3,20.05
i14,e09,c5,p20,l2,0.00
i14,e09,c5,p20,l3,5.74
i14,e09,c5,p21,l2,0.00
i14,e09,c5,p21,l3,6.10
i14,e09,c5,p22,l2,0.00
i14,e09,c5,p22,l3,0.00
i14,e09,c5,p23,l2,0.00
i14,e09,c5,p23,l3,4.90
i14,e09,c5,p24,l2,0.00
i14,e09,c5,p24,l3,10.06
i14,e09,c5,p25,l2,0.00
i14,e09,c5,p25,l3,2.58
i14,e09,c5,p26,l2,0.00
i14,e09,c5,p26,l3,0.00
i14,e09,c5,p27,l3,0.00
i14,e09,c5,p28,l2,0.00
i14,e09,c5,p28,l3,3.12
i14,e09,c5,p29,l2,0.00
i14,e09,c5,p29,l3,2.08
i14,e09,c5,p30,l2,0.00
i14,e09,c5,p30,l3,1.14
i14,e09,c5,p31,l2,0.00
i14,e09,c5,p31,l3,0.00
i14,e09,c5,p32,l2,0.00
i14,e09,c5,p32,l3,9.40
i14,e09,c5,p33,l2,0.00
i14,e09,c5,p33,l3,0.00
i14,e09,c5,p34,l3,0.00
i14,e09,c5,p35,l2,0.00
i14,e09,c5,p35,l3,9.33
i14,e09,c8,p03,l3,0.00
i14,e09,c8,p05,l3,0.00
i14,e09,c8,p08,l3,0.00
i14,e09,c8,p09,l3,0.00
i14,e09,c8,p10,l3,0.00
i14,e09,c8,p19,l2,0.00
i14,e09,c8,p19,l3,0.00
i14,e09,c8,p35,l3,0.00
i14,e11,c3,p01,l2,0.00
i14,e11,c3,p01,l3,1.38
i14,e11,c3,p02,l2,0.00
i14,e11,c3,p02,l3,0.00
i14,e11,c3,p03,l2,0.00
i14,e11,c3,p03,l3,0.00
i14,e11,c3,p04,l2,0.00
i14,e11,c3,p04,l3,0.00
i14,e11,c3,p05,l2,0.00
i14,e11,c3,p05,l3,0.00
i14,e11,c3,p06,l2,0.00
i14,e11,c3,p06,l3,0.00
i14,e11,c3,p07,l2,0.00
i14,e11,c3,p07,l3,0.00
i14,e11,c3,p08,l2,0.00
i14,e11,c3,p08,l3,0.00
i14,e11,c3,p09,l2,0.00
i14,e11,c3,p09,l3,0.00
i14,e11,c3,p10,l2,0.00
i14,e11,c3,p10,l3,0.00
i14,e11,c3,p11,l2,0.00
i14,e11,c3,p11,l3,0.00
i14,e11,c3,p12,l2,0.00
i14,e11,c3,p12,l3,0.00
i14,e11,c3,p13,l2,0.00
i14,e11,c3,p13,l3,0.00
i14,e11,c3,p14,l2,0.00
i14,e11,c3,p14,l3,0.00
i14,e11,c3,p15,l2,0.00
i14,e11,c3,p15,l3,0.00
i14,e11,c3,p16,l2,0.00
i14,e11,c3,p16,l3,0.00
i14,e11,c3,p17,l2,0.00
i14,e11,c3,p17,l3,0.00
i14,e11,c3,p18,l2,0.00
i14,e11,c3,p18,l3,0.00
i14,e11,c3,p19,l2,0.00
i14,e11,c3,p19,l3,0.00
i14,e11,c3,p20,l2,0.00
i14,e11,c3,p20,l3,0.00
i14,e11,c3,p21,l2,0.00
i14,e11,c3,p21,l3,0.00
i14,e11,c3,p22,l2,0.00
i14,e11,c3,p22,l3,0.00
i14,e11,c3,p23,l2,0.00
i14,e11,c3,p23,l3,0.00
i14,e11,c3,p24,l2,0.00
i14,e11,c3,p24,l3,0.00
i14,e11,c3,p25,l2,0.00
i14,e11,c3,p25,l3,0.00
i14,e11,c3,p26,l2,0.00
i14,e11,c3,p26,l3,0.00
i14,e11,c3,p28,l2,0.00
i14,e11,c3,p28,l3,0.00
i14,e11,c3,p29,l2,0.00
i14,e11,c3,p29,l3,0.00
i14,e11,c3,p30,l2,0.00
i14,e11,c3,p30,l3,0.00
i14,e11,c3,p31,l2,0.00
i14,e11,c3,p31,l3,0.00
i14,e11,c3,p32,l2,0.00
i14,e11,c3,p32,l3,0.00
i14,e11,c3,p33,l2,0.00
i14,e11,c3,p33,l3,0.00
i14,e11,c3,p34,l3,0.00
i14,e11,c3,p35,l2,0.00
i14,e11,c3,p35,l3,0.00
i14,e11,c5,p01,l2,0.00
i14,e11,c5,p01,l3,7.31
i14,e11,c5,p02,l2,0.00
i14,e11,c5,p02,l3,0.00
i14,e11,c5,p03,l2,0.00
i14,e11,c5,p03,l3,4.17
i14,e11,c5,p04,l2,0.00
i14,e11,c5,p04,l3,1.27
i14,e11,c5,p05,l2,0.00
i14,e11,c5,p05,l3,3.27
i14,e11,c5,p06,l2,0.00
i14,e11,c5,p06,l3,0.00
i14,e11,c5,p07,l2,0.00
i14,e11,c5,p07,l3,2.23
i14,e11,c5,p08,l2,0.00
i14,e11,c5,p08,l3,3.67
i14,e11,c5,p09,l2,0.00
i14,e11,c5,p09,l3,7.21
i14,e11,c5,p10,l2,0.00
i14,e11,c5,p10,l3,22.32
i14,e11,c5,p11,l2,0.00
i14,e11,c5,p11,l3,15.23
i14,e11,c5,p12,l2,0.00
i14,e11,c5,p12,l3,2.24
i14,e11,c5,p13,l2,0.00
i14,e11,c5,p13,l3,3.09
i14,e11,c5,p14,l2,0.00
i14,e11,c5,p14,l3,3.09
i14,e11,c5,p15,l2,0.00
i14,e11,c5,p15,l3,10.20
i14,e11,c5,p16,l2,0.00
i14,e11,c5,p16,l3,2.30
i14,e11,c5,p17,l2,0.00
i14,e11,c5,p17,l3,3.52
i14,e11,c5,p18,l2,0.00
i14,e11,c5,p18,l3,0.00
i14,e11,c5,p19,l2,0.00
i14,e11,c5,p19,l3,9.85
i14,e11,c5,p20,l2,0.00
i14,e11,c5,p20,l3,0.00
i14,e11,c5,p21,l2,0.00
i14,e11,c5,p21,l3,7.26
i14,e11,c5,p22,l2,0.00
i14,e11,c5,p22,l3,2.31
i14,e11,c5,p23,l2,0.00
i14,e11,c5,p23,l3,0.00
i14,e11,c5,p24,l2,0.00
i14,e11,c5,p24,l3,0.00
i14,e11,c5,p25,l2,0.00
i14,e11,c5,p25,l3,0.00
i14,e11,c5,p26,l2,0.00
i14,e11,c5,p26,l3,0.00
i14,e11,c5,p27,l3,0.00
i14,e11,c5,p28,l2,0.00
i14,e11,c5,p28,l3,1.23
i14,e11,c5,p29,l2,0.00
i14,e11,c5,p29,l3,15.25
i14,e11,c5,p30,l2,0.00
i14,e11,c5,p30,l3,1.70
i14,e11,c5,p31,l2,0.00
i14,e11,c5,p31,l3,0.00
i14,e11,c5,p32,l2,0.00
i14,e11,c5,p32,l3,0.00
i14,e11,c5,p33,l2,0.00
i14,e11,c5,p33,l3,0.00
i14,e11,c5,p34,l3,0.00
i14,e11,c5,p35,l2,0.00
i14,e11,c5,p35,l3,0.00
i14,e11,c8,p01,l3,0.00
i14,e11,c8,p02,l3,0.00
i14,e11,c8,p03,l2,0.00
i14,e11,c8,p03,l3,0.00
i14,e11,c8,p04,l3,0.00
i14,e11,c8,p05,l3,0.00
i14,e11,c8,p06,l3,0.00
i14,e11,c8,p07,l3,0.00
i14,e11,c8,p08,l3,0.00
i14,e11,c8,p09,l3,0.00
i14,e11,c8,p10,l3,0.00
i14,e11,c8,p11,l2,0.00
i14,e11,c8,p11,l3,0.00
i14,e11,c8,p12,l3,0.00
i14,e11,c8,p13,l3,0.00
i14,e11,c8,p14,l3,0.00
i14,e11,c8,p15,l3,0.00
i14,e11,c8,p16,l3,0.00
i14,e11,c8,p17,l2,0.00
i14,e11,c8,p17,l3,0.00
i14,e11,c8,p18,l3,0.00
i14,e11,c8,p19,l3,0.00
i14,e11,c8,p20,l3,0.00
i14,e11,c8,p21,l2,0.00
i14,e11,c8,p21,l3,0.00
i14,e11,c8,p22,l3,0.00
i14,e11,c8,p23,l3,0.00
i14,e11,c8,p24,l3,0.00
i14,e11,c8,p25,l3,0.00
i14,e11,c8,p28,l3,0.00
i14,e11,c8,p29,l3,0.00
i14,e11,c8,p31,l3,0.00
i14,e11,c8,p32,l3,0.00
i14,e11,c8,p35,l2,0.00
i14,e11,c8,p35,l3,0.00
i14,e12,c3,p01,l3,0.00
i14,e12,c3,p02,l3,0.00
i14,e12,c3,p03,l3,0.00
i14,e12,c3,p04,l3,0.00
i14,e12,c3,p05,l3,0.00
i14,e12,c3,p06,l3,0.00
i14,e12,c3,p07,l3,1500.39
i14,e12,c3,p08,l3,0.00
i14,e12,c3,p09,l3,0.00
i14,e12,c3,p10,l3,0.00
i14,e12,c3,p11,l3,0.00
i14,e12,c3,p12,l3,0.00
i14,e12,c3,p13,l3,0.00
i14,e12,c3,p14,l3,0.00
i14,e12,c3,p15,l3,0.00
i14,e12,c3,p16,l3,0.00
i14,e12,c3,p17,l3,0.00
i14,e12,c3,p18,l3,0.00
i14,e12,c3,p19,l3,0.00
i14,e12,c3,p20,l3,0.00
i14,e12,c3,p21,l3,0.00
i14,e12,c3,p22,l3,0.00
i14,e12,c3,p23,l3,0.00
i14,e12,c3,p24,l3,0.00
i14,e12,c3,p25,l3,0.00
i14,e12,c3,p26,l3,0.00
i14,e12,c3,p28,l3,0.00
i14,e12,c3,p29,l3,0.00
i14,e12,c3,p30,l3,0.00
i14,e12,c3,p31,l3,0.00
i14,e12,c3,p32,l3,0.00
i14,e12,c3,p33,l3,0.00
i14,e12,c3,p35,l3,0.00
i14,e12,c5,p01,l3,31.13
i14,e12,c5,p02,l3,3.92
i14,e12,c5,p03,l3,301.80
i14,e12,c5,p04,l3,1173.48
i14,e12,c5,p05,l3,15.79
i14,e12,c5,p06,l3,0.00
i14,e12,c5,p07,l3,0.00
i14,e12,c5,p08,l3,1422.31
i14,e12,c5,p09,l3,5.54
i14,e12,c5,p10,l3,5.70
i14,e12,c5,p11,l3,24.04
i14,e12,c5,p12,l3,0.00
i14,e12,c5,p13,l3,1465.00
i14,e12,c5,p14,l3,1.10
i14,e12,c5,p15,l3,944.23
i14,e12,c5,p16,l3,2.56
i14,e12,c5,p17,l3,5.45
i14,e12,c5,p18,l3,1.45
i14,e12,c5,p19,l3,24.72
i14,e12,c5,p20,l3,0.00
i14,e12,c5,p21,l3,2.18
i14,e12,c5,p22,l3,0.00
i14,e12,c5,p23,l3,2.23
i14,e12,c5,p24,l3,219.11
i14,e12,c5,p25,l3,3.35
i14,e12,c5,p26,l3,0.00
i14,e12,c5,p27,l3,0.00
i14,e12,c5,p28,l3,0.00
i14,e12,c5,p29,l3,16.36
i14,e12,c5,p30,l3,0.00
i14,e12,c5,p31,l3,0.00
i14,e12,c5,p32,l3,1.30
i14,e12,c5,p33,l3,0.00
i14,e12,c5,p35,l3,0.00
i14,e12,c8,p02,l3,0.00
i14,e12,c8,p04,l3,0.00
i14,e12,c8,p07,l3,0.00
i14,e12,c8,p08,l3,0.00
i14,e12,c8,p10,l3,0.00
i14,e12,c8,p13,l3,0.00
i14,e12,c8,p15,l3,0.00
i14,e12,c8,p17,l3,0.00
i14,e12,c8,p19,l3,0.00
i14,e12,c8,p20,l3,0.00
i14,e12,c8,p21,l3,0.00
i14,e12,c8,p28,l3,0.00
i14,e12,c8,p29,l3,0.00
i14,e12,c8,p35,l3,0.00
i14,e13,c3,p01,l3,0.00
i14,e13,c3,p02,l3,0.00
i14,e13,c3,p03,l3,2.38
i14,e13,c3,p04,l3,0.00
i14,e13,c3,p05,l3,0.00
i14,e13,c3,p06,l3,0.00
i14,e13,c3,p07,l3,0.00
i14,e13,c3,p08,l3,0.00
i14,e13,c3,p09,l3,0.00
i14,e13,c3,p10,l3,1.35
i14,e13,c3,p11,l3,0.00
i14,e13,c3,p12,l3,0.00
i14,e13,c3,p13,l3,0.00
i14,e13,c3,p14,l3,0.00
i14,e13,c3,p15,l3,0.00
i14,e13,c3,p16,l3,0.00
i14,e13,c3,p17,l3,0.00
i14,e13,c3,p18,l3,0.00
i14,e13,c3,p19,l3,0.00
i14,e13,c3,p20,l3,0.00
i14,e13,c3,p21,l3,0.00
i14,e13,c3,p22,l3,0.00
i14,e13,c3,p23,l3,0.00
i14,e13,c3,p24,l3,0.00
i14,e13,c3,p25,l3,0.00
i14,e13,c3,p26,l3,0.00
i14,e13,c3,p27,l3,0.00
i14,e13,c3,p28,l3,0.00
i14,e13,c3,p29,l3,0.00
i14,e13,c3,p30,l3,0.00
i14,e13,c3,p31,l3,0.00
i14,e13,c3,p32,l3,0.00
i14,e13,c3,p33,l3,0.00
i14,e13,c3,p34,l3,0.00
i14,e13,c3,p35,l3,0.00
i14,e13,c5,p01,l3,9.88
i14,e13,c5,p02,l3,12.89
i14,e13,c5,p03,l3,12.29
i14,e13,c5,p04,l3,10.61
i14,e13,c5,p05,l3,21.03
i14,e13,c5,p06,l3,2.03
i14,e13,c5,p07,l3,9.13
i14,e13,c5,p08,l3,3.06
i14,e13,c5,p09,l3,2.05
i14,e13,c5,p10,l3,21.53
i14,e13,c5,p11,l3,30.13
i14,e13,c5,p12,l3,10.09
i14,e13,c5,p13,l3,10.00
i14,e13,c5,p14,l3,11.82
i14,e13,c5,p15,l3,48.78
i14,e13,c5,p16,l3,9.47
i14,e13,c5,p17,l3,11.29
i14,e13,c5,p18,l3,8.13
i14,e13,c5,p19,l3,44.54
i14,e13,c5,p20,l3,2.37
i14,e13,c5,p21,l3,22.44
i14,e13,c5,p22,l3,6.16
i14,e13,c5,p23,l3,8.52
i14,e13,c5,p24,l3,8.81
i14,e13,c5,p25,l3,1.41
i14,e13,c5,p26,l3,2.25
i14,e13,c5,p27,l3,0.00
i14,e13,c5,p28,l3,6.11
i14,e13,c5,p29,l3,5.30
i14,e13,c5,p30,l3,3.06
i14,e13,c5,p31,l3,1.95
i14,e13,c5,p32,l3,7.61
i14,e13,c5,p33,l3,1.22
i14,e13,c5,p34,l3,0.00
i14,e13,c5,p35,l3,15.47
i14,e13,c8,p02,l3,0.00
i14,e13,c8,p04,l3,0.00
i14,e13,c8,p05,l3,0.00
i14,e13,c8,p07,l3,0.00
i14,e13,c8,p10,l3,0.00
i14,e13,c8,p12,l3,0.00
i14,e13,c8,p13,l3,0.00
i14,e13,c8,p15,l3,0.00
i14,e13,c8,p16,l3,0.00
i14,e13,c8,p19,l3,0.00
i14,e13,c8,p20,l3,0.00
i14,e13,c8,p21,l3,0.00
i14,e13,c8,p35,l3,0.00
i140,e01,c5,p35,l3,0.00
i140,e04,c5,p19,l3,0.00
i140,e04,c5,p35,l3,0.00
i140,e09,c5,p35,l3,0.00
i141,e01,c5,p01,l3,0.00
i141,e01,c5,p03,l3,0.00
i141,e01,c5,p10,l3,0.00
i141,e01,c5,p35,l3,0.00
i141,e04,c5,p01,l3,0.00
i141,e04,c5,p03,l3,0.00
i141,e04,c5,p10,l3,0.00
i141,e04,c5,p35,l3,0.00
i141,e05,c5,p10,l3,0.00
i141,e05,c5,p12,l3,0.00
i141,e05,c5,p35,l3,0.00
i141,e08,c5,p01,l3,0.00
i141,e08,c5,p03,l3,0.00
i141,e08,c5,p04,l3,0.00
i141,e08,c5,p10,l3,0.00
i141,e08,c5,p35,l3,0.00
i141,e09,c5,p01,l3,0.00
i141,e09,c5,p03,l3,0.00
i141,e09,c5,p10,l3,0.00
i141,e09,c5,p12,l3,0.00
i141,e09,c5,p35,l3,0.00
i141,e11,c5,p10,l3,0.00
i141,e11,c5,p35,l3,0.00
i141,e13,c5,p01,l3,0.00
i141,e13,c5,p03,l3,0.00
i141,e13,c5,p04,l3,0.00
i141,e13,c5,p07,l3,0.00
i141,e13,c5,p10,l3,0.00
i141,e13,c5,p12,l3,0.00
i141,e13,c5,p35,l3,0.00
i142,e01,c2,p35,l3,0.00
i142,e04,c2,p35,l3,0.00
i142,e09,c2,p35,l2,0.00
i142,e09,c2,p35,l3,0.00
i143,e08,c1,p10,l3,0.00
i144,e01,c5,p10,l3,0.00
i144,e01,c5,p35,l3,0.00
i144,e04,c5,p10,l3,0.00
i144,e04,c5,p35,l3,0.00
i144,e05,c5,p10,l3,0.00
i144,e05,c5,p35,l3,0.00
i144,e08,c5,p10,l3,0.00
i144,e08,c5,p35,l3,0.00
i144,e09,c5,p10,l3,0.00
i144,e09,c5,p35,l3,0.00
i144,e11,c3,p10,l3,0.00
i144,e11,c5,p01,l3,0.00
i144,e11,c5,p10,l3,0.00
i144,e11,c5,p35,l3,0.00
i145,e01,c5,p35,l3,0.00
i145,e03,c5,p35,l3,0.00
i145,e04,c5,p35,l3,0.00
i145,e05,c3,p35,l3,0.00
i145,e05,c5,p10,l3,0.00
i145,e05,c5,p35,l1,0.00
i145,e05,c5,p35,l3,0.00
i145,e08,c5,p35,l3,0.00
i145,e11,c5,p35,l3,0.00
i145,e12,c5,p35,l3,0.00
i147,e02,c5,p10,l3,0.00
i147,e05,c5,p10,l3,0.00
i147,e05,c5,p19,l3,0.00
i147,e05,c5,p35,l3,0.00
i148,e05,c5,p10,l3,0.00
i15,e01,c2,p35,l3,207.44
i15,e01,c6,p35,l3,11.14
i15,e01,c8,p35,l3,0.00
i15,e04,c2,p35,l1,0.00
i15,e04,c2,p35,l3,107.39
i15,e04,c6,p35,l1,0.00
i15,e04,c6,p35,l3,0.00
i15,e04,c8,p35,l3,0.00
i15,e09,c2,p35,l2,0.00
i15,e09,c2,p35,l3,130.35
i15,e09,c6,p35,l2,0.00
i15,e09,c6,p35,l3,0.00
i15,e09,c8,p35,l3,0.00
i16,e01,c3,p01,l3,0.00
i16,e01,c3,p02,l3,0.00
i16,e01,c3,p03,l3,0.00
i16,e01,c3,p04,l3,0.00
i16,e01,c3,p05,l3,0.00
i16,e01,c3,p07,l3,0.00
i16,e01,c3,p09,l3,0.00
i16,e01,c3,p10,l3,0.00
i16,e01,c3,p11,l3,0.00
i16,e01,c3,p12,l3,0.00
i16,e01,c3,p13,l3,0.00
i16,e01,c3,p15,l3,0.00
i16,e01,c3,p16,l3,0.00
i16,e01,c3,p17,l3,0.00
i16,e01,c3,p20,l3,0.00
i16,e01,c3,p21,l3,0.00
i16,e01,c3,p22,l3,0.00
i16,e01,c3,p24,l3,0.00
i16,e01,c3,p25,l3,2.20
i16,e01,c3,p35,l3,0.00
i16,e01,c5,p01,l3,3.30
i16,e01,c5,p02,l3,0.00
i16,e01,c5,p03,l3,8.21
i16,e01,c5,p04,l3,3.28
i16,e01,c5,p05,l3,1.21
i16,e01,c5,p06,l3,3.44
i16,e01,c5,p07,l3,10.56
i16,e01,c5,p08,l3,1.40
i16,e01,c5,p09,l3,1.33
i16,e01,c5,p10,l3,12.95
i16,e01,c5,p11,l3,2.17
i16,e01,c5,p12,l3,5.39
i16,e01,c5,p13,l3,6.09
i16,e01,c5,p14,l3,0.00
i16,e01,c5,p15,l3,4.36
i16,e01,c5,p16,l3,2.51
i16,e01,c5,p17,l3,3.48
i16,e01,c5,p18,l3,0.00
i16,e01,c5,p19,l3,12.03
i16,e01,c5,p20,l3,1.05
i16,e01,c5,p21,l3,4.21
i16,e01,c5,p22,l3,2.17
i16,e01,c5,p23,l3,1.65
i16,e01,c5,p24,l3,3.74
i16,e01,c5,p25,l3,0.00
i16,e01,c5,p26,l3,2.36
i16,e01,c5,p28,l3,2.40
i16,e01,c5,p29,l3,9.66
i16,e01,c5,p30,l3,0.00
i16,e01,c5,p31,l3,3.77
i16,e01,c5,p32,l3,0.00
i16,e01,c5,p35,l3,0.00
i16,e04,c3,p01,l3,0.00
i16,e04,c3,p02,l1,0.00
i16,e04,c3,p02,l3,0.00
i16,e04,c3,p03,l3,0.00
i16,e04,c3,p04,l1,0.00
i16,e04,c3,p04,l3,0.00
i16,e04,c3,p05,l1,0.00
i16,e04,c3,p05,l3,0.00
i16,e04,c3,p06,l3,0.00
i16,e04,c3,p07,l3,0.00
i16,e04,c3,p09,l1,0.00
i16,e04,c3,p09,l3,0.00
i16,e04,c3,p10,l1,0.00
i16,e04,c3,p10,l3,0.00
i16,e04,c3,p11,l3,0.00
i16,e04,c3,p12,l1,0.00
i16,e04,c3,p12,l3,0.00
i16,e04,c3,p13,l1,0.00
i16,e04,c3,p13,l3,0.00
i16,e04,c3,p15,l1,0.00
i16,e04,c3,p15,l3,0.00
i16,e04,c3,p16,l1,0.00
i16,e04,c3,p16,l3,0.00
i16,e04,c3,p17,l3,0.00
i16,e04,c3,p20,l1,0.00
i16,e04,c3,p21,l1,0.00
i16,e04,c3,p21,l3,0.00
i16,e04,c3,p22,l3,0.00
i16,e04,c3,p24,l3,0.00
i16,e04,c3,p25,l1,0.00
i16,e04,c3,p25,l3,1.64
i16,e04,c3,p35,l3,0.00
i16,e04,c5,p01,l1,0.00
i16,e04,c5,p01,l3,6.05
i16,e04,c5,p02,l1,0.00
i16,e04,c5,p02,l3,3.63
i16,e04,c5,p03,l1,0.00
i16,e04,c5,p03,l3,4.40
i16,e04,c5,p04,l1,0.00
i16,e04,c5,p04,l3,5.05
i16,e04,c5,p05,l1,0.00
i16,e04,c5,p05,l3,5.23
i16,e04,c5,p06,l1,0.00
i16,e04,c5,p06,l3,7.28
i16,e04,c5,p07,l1,0.00
i16,e04,c5,p07,l3,8.53
i16,e04,c5,p08,l1,0.00
i16,e04,c5,p08,l3,6.22
i16,e04,c5,p09,l1,0.00
i16,e04,c5,p09,l3,1.14
i16,e04,c5,p10,l1,0.00
i16,e04,c5,p10,l3,28.86
i16,e04,c5,p11,l1,0.00
i16,e04,c5,p11,l3,3.68
i16,e04,c5,p12,l1,0.00
i16,e04,c5,p12,l3,4.70
i16,e04,c5,p13,l1,0.00
i16,e04,c5,p13,l3,3.12
i16,e04,c5,p14,l1,0.00
i16,e04,c5,p14,l3,0.00
i16,e04,c5,p15,l1,0.00
i16,e04,c5,p15,l3,3.53
i16,e04,c5,p16,l1,0.00
i16,e04,c5,p16,l3,3.46
i16,e04,c5,p17,l1,0.00
i16,e04,c5,p17,l3,4.23
i16,e04,c5,p18,l1,0.00
i16,e04,c5,p18,l3,7.22
i16,e04,c5,p19,l1,0.00
i16,e04,c5,p19,l3,20.78
i16,e04,c5,p20,l1,0.00
i16,e04,c5,p20,l3,2.08
i16,e04,c5,p21,l1,0.00
i16,e04,c5,p21,l3,16.27
i16,e04,c5,p22,l1,0.00
i16,e04,c5,p22,l3,2.24
i16,e04,c5,p23,l1,0.00
i16,e04,c5,p23,l3,0.00
i16,e04,c5,p24,l1,0.00
i16,e04,c5,p24,l3,3.22
i16,e04,c5,p25,l1,0.00
i16,e04,c5,p25,l3,0.00
i16,e04,c5,p26,l1,0.00
i16,e04,c5,p26,l3,2.47
i16,e04,c5,p28,l1,0.00
i16,e04,c5,p28,l3,0.00
i16,e04,c5,p29,l1,0.00
i16,e04,c5,p29,l3,9.08
i16,e04,c5,p30,l1,0.00
i16,e04,c5,p30,l3,0.00
i16,e04,c5,p31,l1,0.00
i16,e04,c5,p31,l3,0.00
i16,e04,c5,p32,l1,0.00
i16,e04,c5,p32,l3,0.00
i16,e04,c5,p33,l3,0.00
i16,e04,c5,p35,l1,0.00
i16,e04,c5,p35,l3,1.17
i16,e05,c3,p02,l3,0.00
i16,e05,c3,p03,l3,0.00
i16,e05,c3,p04,l1,0.00
i16,e05,c3,p04,l3,0.00
i16,e05,c3,p05,l3,0.00
i16,e05,c3,p09,l1,0.00
i16,e05,c3,p09,l3,0.00
i16,e05,c3,p10,l3,0.00
i16,e05,c3,p11,l3,0.00
i16,e05,c3,p12,l3,0.00
i16,e05,c3,p13,l3,0.00
i16,e05,c3,p15,l3,0.00
i16,e05,c3,p16,l1,0.00
i16,e05,c3,p16,l3,0.00
i16,e05,c3,p20,l1,0.00
i16,e05,c3,p21,l3,0.00
i16,e05,c5,p01,l1,0.00
i16,e05,c5,p01,l3,0.00
i16,e05,c5,p02,l1,0.00
i16,e05,c5,p02,l3,0.00
i16,e05,c5,p03,l1,0.00
i16,e05,c5,p03,l3,0.00
i16,e05,c5,p04,l1,0.00
i16,e05,c5,p04,l3,0.00
i16,e05,c5,p05,l1,0.00
i16,e05,c5,p05,l3,0.00
i16,e05,c5,p06,l1,0.00
i16,e05,c5,p06,l3,1.28
i16,e05,c5,p07,l1,0.00
i16,e05,c5,p07,l3,0.00
i16,e05,c5,p08,l1,0.00
i16,e05,c5,p08,l3,0.00
i16,e05,c5,p09,l1,0.00
i16,e05,c5,p09,l3,0.00
i16,e05,c5,p10,l1,0.00
i16,e05,c5,p10,l3,0.00
i16,e05,c5,p11,l1,0.00
i16,e05,c5,p11,l3,0.00
i16,e05,c5,p12,l1,0.00
i16,e05,c5,p12,l3,0.00
i16,e05,c5,p13,l1,0.00
i16,e05,c5,p13,l3,0.00
i16,e05,c5,p14,l1,0.00
i16,e05,c5,p14,l3,0.00
i16,e05,c5,p15,l1,0.00
i16,e05,c5,p15,l3,1.76
i16,e05,c5,p16,l1,0.00
i16,e05,c5,p16,l3,0.00
i16,e05,c5,p17,l1,0.00
i16,e05,c5,p17,l3,0.00
i16,e05,c5,p18,l1,0.00
i16,e05,c5,p18,l3,0.00
i16,e05,c5,p19,l1,0.00
i16,e05,c5,p19,l3,0.00
i16,e05,c5,p20,l1,0.00
i16,e05,c5,p20,l3,0.00
i16,e05,c5,p21,l1,0.00
i16,e05,c5,p21,l3,0.00
i16,e05,c5,p22,l1,0.00
i16,e05,c5,p22,l3,0.00
i16,e05,c5,p23,l1,0.00
i16,e05,c5,p23,l3,0.00
i16,e05,c5,p24,l1,0.00
i16,e05,c5,p24,l3,0.00
i16,e05,c5,p25,l1,0.00
i16,e05,c5,p25,l3,0.00
i16,e05,c5,p26,l1,0.00
i16,e05,c5,p26,l3,0.00
i16,e05,c5,p28,l1,0.00
i16,e05,c5,p28,l3,0.00
i16,e05,c5,p29,l1,0.00
i16,e05,c5,p29,l3,0.00
i16,e05,c5,p30,l3,0.00
i16,e05,c5,p31,l1,0.00
i16,e05,c5,p31,l3,0.00
i16,e05,c5,p32,l1,0.00
i16,e05,c5,p32,l3,0.00
i16,e05,c5,p35,l3,0.00
i16,e08,c3,p01,l3,0.00
i16,e08,c3,p02,l3,0.00
i16,e08,c3,p03,l3,0.00
i16,e08,c3,p04,l2,0.00
i16,e08,c3,p04,l3,0.00
i16,e08,c3,p05,l2,0.00
i16,e08,c3,p05,l3,0.00
i16,e08,c3,p07,l3,0.00
i16,e08,c3,p09,l3,0.00
i16,e08,c3,p10,l2,0.00
i16,e08,c3,p10,l3,0.00
i16,e08,c3,p11,l2,0.00
i16,e08,c3,p11,l3,0.00
i16,e08,c3,p12,l2,0.00
i16,e08,c3,p12,l3,0.00
i16,e08,c3,p13,l2,0.00
i16,e08,c3,p13,l3,0.00
i16,e08,c3,p15,l2,0.00
i16,e08,c3,p15,l3,0.00
i16,e08,c3,p16,l2,0.00
i16,e08,c3,p16,l3,0.00
i16,e08,c3,p20,l2,0.00
i16,e08,c3,p21,l2,0.00
i16,e08,c3,p21,l3,0.00
i16,e08,c3,p22,l3,0.00
i16,e08,c3,p24,l3,0.00
i16,e08,c3,p25,l2,0.00
i16,e08,c3,p25,l3,0.00
i16,e08,c3,p35,l3,0.00
i16,e08,c5,p01,l2,0.00
i16,e08,c5,p01,l3,0.00
i16,e08,c5,p02,l2,0.00
i16,e08,c5,p02,l3,0.00
i16,e08,c5,p03,l2,0.00
i16,e08,c5,p03,l3,3.11
i16,e08,c5,p04,l2,0.00
i16,e08,c5,p04,l3,0.00
i16,e08,c5,p05,l2,0.00
i16,e08,c5,p05,l3,6.57
i16,e08,c5,p06,l2,0.00
i16,e08,c5,p06,l3,4.21
i16,e08,c5,p07,l2,0.00
i16,e08,c5,p07,l3,11.44
i16,e08,c5,p08,l2,0.00
i16,e08,c5,p08,l3,3.85
i16,e08,c5,p09,l2,0.00
i16,e08,c5,p09,l3,0.00
i16,e08,c5,p10,l2,0.00
i16,e08,c5,p10,l3,40.51
i16,e08,c5,p11,l2,0.00
i16,e08,c5,p11,l3,7.04
i16,e08,c5,p12,l2,0.00
i16,e08,c5,p12,l3,7.12
i16,e08,c5,p13,l2,0.00
i16,e08,c5,p13,l3,0.00
i16,e08,c5,p14,l2,0.00
i16,e08,c5,p14,l3,0.00
i16,e08,c5,p15,l2,0.00
i16,e08,c5,p15,l3,1.94
i16,e08,c5,p16,l2,0.00
i16,e08,c5,p16,l3,4.83
i16,e08,c5,p17,l2,0.00
i16,e08,c5,p17,l3,0.00
i16,e08,c5,p18,l2,0.00
i16,e08,c5,p18,l3,9.30
i16,e08,c5,p19,l2,0.00
i16,e08,c5,p19,l3,39.43
i16,e08,c5,p20,l2,0.00
i16,e08,c5,p20,l3,0.00
i16,e08,c5,p21,l2,0.00
i16,e08,c5,p21,l3,32.00
i16,e08,c5,p22,l2,0.00
i16,e08,c5,p22,l3,10.29
i16,e08,c5,p23,l2,0.00
i16,e08,c5,p23,l3,2.42
i16,e08,c5,p24,l2,0.00
i16,e08,c5,p24,l3,10.47
i16,e08,c5,p25,l2,0.00
i16,e08,c5,p25,l3,2.26
i16,e08,c5,p26,l2,0.00
i16,e08,c5,p26,l3,0.00
i16,e08,c5,p28,l2,0.00
i16,e08,c5,p28,l3,10.08
i16,e08,c5,p29,l2,0.00
i16,e08,c5,p29,l3,1.46
i16,e08,c5,p30,l2,0.00
i16,e08,c5,p30,l3,0.00
i16,e08,c5,p31,l2,0.00
i16,e08,c5,p31,l3,1.36
i16,e08,c5,p32,l2,0.00
i16,e08,c5,p32,l3,0.00
i16,e08,c5,p33,l3,0.00
i16,e08,c5,p35,l2,0.00
i16,e08,c5,p35,l3,1.74
i16,e09,c3,p01,l3,0.00
i16,e09,c3,p02,l3,0.00
i16,e09,c3,p03,l3,0.00
i16,e09,c3,p04,l2,0.00
i16,e09,c3,p04,l3,0.00
i16,e09,c3,p05,l2,0.00
i16,e09,c3,p05,l3,0.00
i16,e09,c3,p09,l3,0.00
i16,e09,c3,p10,l3,0.00
i16,e09,c3,p11,l2,0.00
i16,e09,c3,p11,l3,0.00
i16,e09,c3,p12,l2,0.00
i16,e09,c3,p12,l3,0.00
i16,e09,c3,p13,l2,0.00
i16,e09,c3,p13,l3,0.00
i16,e09,c3,p15,l2,0.00
i16,e09,c3,p15,l3,0.00
i16,e09,c3,p16,l2,0.00
i16,e09,c3,p16,l3,0.00
i16,e09,c3,p17,l3,0.00
i16,e09,c3,p21,l3,0.00
i16,e09,c3,p22,l3,0.00
i16,e09,c3,p24,l3,0.00
i16,e09,c3,p25,l3,0.00
i16,e09,c3,p35,l3,0.00
i16,e09,c5,p01,l2,0.00
i16,e09,c5,p01,l3,4.19
i16,e09,c5,p02,l2,0.00
i16,e09,c5,p02,l3,0.00
i16,e09,c5,p03,l2,0.00
i16,e09,c5,p03,l3,15.34
i16,e09,c5,p04,l2,0.00
i16,e09,c5,p04,l3,1.23
i16,e09,c5,p05,l2,0.00
i16,e09,c5,p05,l3,0.00
i16,e09,c5,p06,l2,0.00
i16,e09,c5,p06,l3,0.00
i16,e09,c5,p07,l2,0.00
i16,e09,c5,p07,l3,2.35
i16,e09,c5,p08,l2,0.00
i16,e09,c5,p08,l3,0.00
i16,e09,c5,p09,l2,0.00
i16,e09,c5,p09,l3,0.00
i16,e09,c5,p10,l2,0.00
i16,e09,c5,p10,l3,10.83
i16,e09,c5,p11,l2,0.00
i16,e09,c5,p11,l3,1.30
i16,e09,c5,p12,l2,0.00
i16,e09,c5,p12,l3,1.24
i16,e09,c5,p13,l2,0.00
i16,e09,c5,p13,l3,3.01
i16,e09,c5,p14,l2,0.00
i16,e09,c5,p14,l3,0.00
i16,e09,c5,p15,l2,0.00
i16,e09,c5,p15,l3,1.02
i16,e09,c5,p16,l2,0.00
i16,e09,c5,p16,l3,2.18
i16,e09,c5,p17,l2,0.00
i16,e09,c5,p17,l3,2.25
i16,e09,c5,p18,l2,0.00
i16,e09,c5,p18,l3,0.00
i16,e09,c5,p19,l2,0.00
i16,e09,c5,p19,l3,9.58
i16,e09,c5,p20,l2,0.00
i16,e09,c5,p20,l3,1.01
i16,e09,c5,p21,l2,0.00
i16,e09,c5,p21,l3,1.80
i16,e09,c5,p22,l2,0.00
i16,e09,c5,p22,l3,0.00
i16,e09,c5,p23,l2,0.00
i16,e09,c5,p23,l3,3.70
i16,e09,c5,p24,l2,0.00
i16,e09,c5,p24,l3,4.16
i16,e09,c5,p25,l2,0.00
i16,e09,c5,p25,l3,0.00
i16,e09,c5,p26,l2,0.00
i16,e09,c5,p26,l3,0.00
i16,e09,c5,p28,l2,0.00
i16,e09,c5,p28,l3,0.00
i16,e09,c5,p29,l2,0.00
i16,e09,c5,p29,l3,4.06
i16,e09,c5,p30,l2,0.00
i16,e09,c5,p30,l3,0.00
i16,e09,c5,p31,l2,0.00
i16,e09,c5,p31,l3,0.00
i16,e09,c5,p32,l2,0.00
i16,e09,c5,p32,l3,0.00
i16,e09,c5,p33,l3,0.00
i16,e09,c5,p35,l2,0.00
i16,e09,c5,p35,l3,0.00
i16,e11,c3,p01,l3,0.00
i16,e11,c3,p02,l3,0.00
i16,e11,c3,p04,l3,0.00
i16,e11,c3,p05,l3,0.00
i16,e11,c3,p09,l3,0.00
i16,e11,c3,p10,l3,0.00
i16,e11,c3,p11,l3,0.00
i16,e11,c3,p13,l3,0.00
i16,e11,c3,p15,l3,0.00
i16,e11,c3,p16,l2,0.00
i16,e11,c3,p16,l3,0.00
i16,e11,c3,p21,l3,0.00
i16,e11,c3,p25,l3,0.00
i16,e11,c5,p01,l2,0.00
i16,e11,c5,p01,l3,0.00
i16,e11,c5,p02,l2,0.00
i16,e11,c5,p02,l3,0.00
i16,e11,c5,p03,l2,0.00
i16,e11,c5,p03,l3,0.00
i16,e11,c5,p04,l2,0.00
i16,e11,c5,p04,l3,0.00
i16,e11,c5,p05,l2,0.00
i16,e11,c5,p05,l3,0.00
i16,e11,c5,p06,l2,0.00
i16,e11,c5,p06,l3,0.00
i16,e11,c5,p07,l2,0.00
i16,e11,c5,p07,l3,0.00
i16,e11,c5,p08,l2,0.00
i16,e11,c5,p08,l3,0.00
i16,e11,c5,p09,l2,0.00
i16,e11,c5,p09,l3,1.49
i16,e11,c5,p10,l2,0.00
i16,e11,c5,p10,l3,0.00
i16,e11,c5,p11,l2,0.00
i16,e11,c5,p11,l3,0.00
i16,e11,c5,p12,l2,0.00
i16,e11,c5,p12,l3,0.00
i16,e11,c5,p13,l2,0.00
i16,e11,c5,p13,l3,0.00
i16,e11,c5,p14,l2,0.00
i16,e11,c5,p14,l3,0.00
i16,e11,c5,p15,l2,0.00
i16,e11,c5,p15,l3,0.00
i16,e11,c5,p16,l2,0.00
i16,e11,c5,p16,l3,0.00
i16,e11,c5,p17,l2,0.00
i16,e11,c5,p17,l3,0.00
i16,e11,c5,p18,l2,0.00
i16,e11,c5,p18,l3,0.00
i16,e11,c5,p19,l2,0.00
i16,e11,c5,p19,l3,0.00
i16,e11,c5,p20,l2,0.00
i16,e11,c5,p20,l3,0.00
i16,e11,c5,p21,l2,0.00
i16,e11,c5,p21,l3,1.24
i16,e11,c5,p22,l2,0.00
i16,e11,c5,p22,l3,0.00
i16,e11,c5,p23,l2,0.00
i16,e11,c5,p23,l3,0.00
i16,e11,c5,p24,l2,0.00
i16,e11,c5,p24,l3,0.00
i16,e11,c5,p25,l2,0.00
i16,e11,c5,p25,l3,0.00
i16,e11,c5,p26,l2,0.00
i16,e11,c5,p26,l3,0.00
i16,e11,c5,p28,l2,0.00
i16,e11,c5,p28,l3,0.00
i16,e11,c5,p29,l2,0.00
i16,e11,c5,p29,l3,0.00
i16,e11,c5,p30,l2,0.00
i16,e11,c5,p30,l3,0.00
i16,e11,c5,p31,l3,0.00
i16,e11,c5,p32,l2,0.00
i16,e11,c5,p32,l3,1.50
i16,e11,c5,p33,l3,0.00
i16,e11,c5,p35,l2,0.00
i16,e11,c5,p35,l3,0.00
i17,e01,c3,p01,l3,0.00
i17,e01,c3,p02,l3,0.00
i17,e01,c3,p03,l3,0.00
i17,e01,c3,p04,l3,0.00
i17,e01,c3,p05,l3,0.00
i17,e01,c3,p06,l3,0.00
i17,e01,c3,p07,l3,0.00
i17,e01,c3,p08,l3,0.00
i17,e01,c3,p09,l3,1.27
i17,e01,c3,p10,l3,0.00
i17,e01,c3,p10,l4,0.00
i17,e01,c3,p11,l3,0.00
i17,e01,c3,p12,l3,0.00
i17,e01,c3,p13,l3,0.00
i17,e01,c3,p14,l3,0.00
i17,e01,c3,p15,l3,0.00
i17,e01,c3,p16,l3,0.00
i17,e01,c3,p17,l3,0.00
i17,e01,c3,p18,l3,0.00
i17,e01,c3,p19,l3,0.00
i17,e01,c3,p21,l3,0.00
i17,e01,c3,p22,l3,0.00
i17,e01,c3,p24,l3,0.00
i17,e01,c3,p25,l3,0.00
i17,e01,c3,p26,l3,0.00
i17,e01,c3,p28,l3,0.00
i17,e01,c3,p29,l3,0.00
i17,e01,c3,p30,l3,0.00
i17,e01,c3,p35,l3,0.00
i17,e01,c5,p01,l3,26.87
i17,e01,c5,p01,l4,0.00
i17,e01,c5,p02,l3,2.81
i17,e01,c5,p02,l4,0.00
i17,e01,c5,p03,l3,0.00
i17,e01,c5,p03,l4,0.00
i17,e01,c5,p04,l3,6.07
i17,e01,c5,p04,l4,0.00
i17,e01,c5,p05,l3,3.62
i17,e01,c5,p05,l4,0.00
i17,e01,c5,p06,l3,4.46
i17,e01,c5,p06,l4,0.00
i17,e01,c5,p07,l3,5.49
i17,e01,c5,p07,l4,0.00
i17,e01,c5,p08,l3,2.09
i17,e01,c5,p08,l4,0.00
i17,e01,c5,p09,l3,0.00
i17,e01,c5,p09,l4,0.00
i17,e01,c5,p10,l3,37.17
i17,e01,c5,p10,l4,0.00
i17,e01,c5,p11,l3,11.39
i17,e01,c5,p11,l4,0.00
i17,e01,c5,p12,l3,9.54
i17,e01,c5,p12,l4,0.00
i17,e01,c5,p13,l3,5.25
i17,e01,c5,p13,l4,0.00
i17,e01,c5,p14,l3,22.67
i17,e01,c5,p14,l4,0.00
i17,e01,c5,p15,l3,8.57
i17,e01,c5,p15,l4,0.00
i17,e01,c5,p16,l3,14.57
i17,e01,c5,p16,l4,0.00
i17,e01,c5,p17,l3,3.62
i17,e01,c5,p17,l4,0.00
i17,e01,c5,p18,l3,2.08
i17,e01,c5,p18,l4,0.00
i17,e01,c5,p19,l3,32.27
i17,e01,c5,p19,l4,0.00
i17,e01,c5,p20,l3,15.06
i17,e01,c5,p20,l4,0.00
i17,e01,c5,p21,l3,7.84
i17,e01,c5,p21,l4,0.00
i17,e01,c5,p22,l3,2.09
i17,e01,c5,p22,l4,0.00
i17,e01,c5,p23,l3,1.77
i17,e01,c5,p23,l4,0.00
i17,e01,c5,p24,l3,10.48
i17,e01,c5,p24,l4,0.00
i17,e01,c5,p25,l3,4.57
i17,e01,c5,p25,l4,0.00
i17,e01,c5,p26,l3,1.35
i17,e01,c5,p26,l4,0.00
i17,e01,c5,p28,l3,1.36
i17,e01,c5,p28,l4,0.00
i17,e01,c5,p29,l3,18.04
i17,e01,c5,p29,l4,0.00
i17,e01,c5,p30,l3,0.00
i17,e01,c5,p31,l3,0.00
i17,e01,c5,p31,l4,0.00
i17,e01,c5,p32,l3,2.37
i17,e01,c5,p32,l4,0.00
i17,e01,c5,p33,l3,1.38
i17,e01,c5,p33,l4,0.00
i17,e01,c5,p35,l3,1.74
i17,e01,c5,p35,l4,0.00
i17,e04,c3,p01,l1,0.00
i17,e04,c3,p01,l3,0.00
i17,e04,c3,p02,l1,0.00
i17,e04,c3,p02,l3,0.00
i17,e04,c3,p03,l1,0.00
i17,e04,c3,p03,l3,0.00
i17,e04,c3,p04,l1,0.00
i17,e04,c3,p04,l3,0.00
i17,e04,c3,p05,l1,0.00
i17,e04,c3,p05,l3,0.00
i17,e04,c3,p06,l1,0.00
i17,e04,c3,p06,l3,0.00
i17,e04,c3,p07,l1,0.00
i17,e04,c3,p07,l3,0.00
i17,e04,c3,p08,l3,0.00
i17,e04,c3,p09,l1,0.00
i17,e04,c3,p09,l3,0.00
i17,e04,c3,p10,l1,0.00
i17,e04,c3,p10,l3,0.00
i17,e04,c3,p10,l4,0.00
i17,e04,c3,p11,l1,0.00
i17,e04,c3,p11,l3,0.00
i17,e04,c3,p12,l1,0.00
i17,e04,c3,p12,l3,0.00
i17,e04,c3,p13,l3,0.00
i17,e04,c3,p14,l1,0.00
i17,e04,c3,p14,l3,0.00
i17,e04,c3,p15,l1,0.00
i17,e04,c3,p15,l3,2.49
i17,e04,c3,p16,l3,0.00
i17,e04,c3,p17,l1,0.00
i17,e04,c3,p17,l3,0.00
i17,e04,c3,p18,l1,0.00
i17,e04,c3,p18,l3,0.00
i17,e04,c3,p19,l1,0.00
i17,e04,c3,p19,l3,0.00
i17,e04,c3,p21,l1,0.00
i17,e04,c3,p21,l3,0.00
i17,e04,c3,p22,l3,0.00
i17,e04,c3,p24,l1,0.00
i17,e04,c3,p24,l3,0.00
i17,e04,c3,p25,l1,0.00
i17,e04,c3,p25,l3,0.00
i17,e04,c3,p26,l3,0.00
i17,e04,c3,p28,l3,0.00
i17,e04,c3,p29,l1,0.00
i17,e04,c3,p29,l3,0.00
i17,e04,c3,p30,l3,0.00
i17,e04,c3,p35,l1,0.00
i17,e04,c3,p35,l3,0.00
i17,e04,c5,p01,l1,0.00
i17,e04,c5,p01,l3,61.65
i17,e04,c5,p01,l4,0.00
i17,e04,c5,p02,l1,0.00
i17,e04,c5,p02,l3,13.20
i17,e04,c5,p02,l4,0.00
i17,e04,c5,p03,l1,0.00
i17,e04,c5,p03,l3,21.21
i17,e04,c5,p03,l4,0.00
i17,e04,c5,p04,l1,0.00
i17,e04,c5,p04,l3,48.87
i17,e04,c5,p04,l4,0.00
i17,e04,c5,p05,l1,0.00
i17,e04,c5,p05,l3,31.45
i17,e04,c5,p05,l4,0.00
i17,e04,c5,p06,l1,0.00
i17,e04,c5,p06,l3,47.07
i17,e04,c5,p06,l4,0.00
i17,e04,c5,p07,l1,0.00
i17,e04,c5,p07,l3,12.06
i17,e04,c5,p07,l4,0.00
i17,e04,c5,p08,l1,0.00
i17,e04,c5,p08,l3,4.16
i17,e04,c5,p08,l4,0.00
i17,e04,c5,p09,l1,0.00
i17,e04,c5,p09,l3,12.25
i17,e04,c5,p09,l4,0.00
i17,e04,c5,p10,l1,0.00
i17,e04,c5,p10,l3,119.20
i17,e04,c5,p10,l4,0.00
i17,e04,c5,p11,l1,0.00
i17,e04,c5,p11,l3,28.53
i17,e04,c5,p11,l4,0.00
i17,e04,c5,p12,l1,0.00
i17,e04,c5,p12,l3,7.16
i17,e04,c5,p12,l4,0.00
i17,e04,c5,p13,l1,0.00
i17,e04,c5,p13,l3,23.91
i17,e04,c5,p13,l4,0.00
i17,e04,c5,p14,l1,0.00
i17,e04,c5,p14,l3,27.21
i17,e04,c5,p14,l4,0.00
i17,e04,c5,p15,l1,0.00
i17,e04,c5,p15,l3,25.17
i17,e04,c5,p15,l4,0.00
i17,e04,c5,p16,l1,0.00
i17,e04,c5,p16,l3,37.11
i17,e04,c5,p16,l4,0.00
i17,e04,c5,p17,l1,0.00
i17,e04,c5,p17,l3,20.69
i17,e04,c5,p17,l4,0.00
i17,e04,c5,p18,l1,0.00
i17,e04,c5,p18,l3,12.23
i17,e04,c5,p18,l4,0.00
i17,e04,c5,p19,l1,0.00
i17,e04,c5,p19,l3,87.11
i17,e04,c5,p19,l4,0.00
i17,e04,c5,p20,l1,0.00
i17,e04,c5,p20,l3,14.18
i17,e04,c5,p20,l4,0.00
i17,e04,c5,p21,l1,0.00
i17,e04,c5,p21,l3,14.20
i17,e04,c5,p21,l4,0.00
i17,e04,c5,p22,l1,0.00
i17,e04,c5,p22,l3,8.19
i17,e04,c5,p22,l4,0.00
i17,e04,c5,p23,l1,0.00
i17,e04,c5,p23,l3,11.30
i17,e04,c5,p23,l4,0.00
i17,e04,c5,p24,l1,0.00
i17,e04,c5,p24,l3,28.12
i17,e04,c5,p24,l4,0.00
i17,e04,c5,p25,l1,0.00
i17,e04,c5,p25,l3,28.40
i17,e04,c5,p25,l4,0.00
i17,e04,c5,p26,l1,0.00
i17,e04,c5,p26,l3,0.00
i17,e04,c5,p26,l4,0.00
i17,e04,c5,p28,l1,0.00
i17,e04,c5,p28,l3,8.13
i17,e04,c5,p28,l4,0.00
i17,e04,c5,p29,l1,0.00
i17,e04,c5,p29,l3,50.22
i17,e04,c5,p29,l4,0.00
i17,e04,c5,p30,l1,0.00
i17,e04,c5,p30,l3,0.00
i17,e04,c5,p31,l1,0.00
i17,e04,c5,p31,l3,2.43
i17,e04,c5,p31,l4,0.00
i17,e04,c5,p32,l1,0.00
i17,e04,c5,p32,l3,11.34
i17,e04,c5,p32,l4,0.00
i17,e04,c5,p33,l1,0.00
i17,e04,c5,p33,l3,0.00
i17,e04,c5,p33,l4,0.00
i17,e04,c5,p35,l1,0.00
i17,e04,c5,p35,l3,9.81
i17,e05,c3,p01,l3,0.00
i17,e05,c3,p04,l3,0.00
i17,e05,c3,p09,l3,0.00
i17,e05,c3,p10,l3,0.00
i17,e05,c3,p19,l3,0.00
i17,e05,c3,p25,l3,0.00
i17,e05,c3,p35,l1,0.00
i17,e05,c3,p35,l3,0.00
i17,e05,c5,p01,l1,0.00
i17,e05,c5,p01,l3,0.00
i17,e05,c5,p02,l1,0.00
i17,e05,c5,p02,l3,0.00
i17,e05,c5,p03,l1,0.00
i17,e05,c5,p03,l3,0.00
i17,e05,c5,p04,l1,0.00
i17,e05,c5,p04,l3,0.00
i17,e05,c5,p05,l1,0.00
i17,e05,c5,p05,l3,0.00
i17,e05,c5,p06,l1,0.00
i17,e05,c5,p06,l3,0.00
i17,e05,c5,p07,l1,0.00
i17,e05,c5,p07,l3,0.00
i17,e05,c5,p08,l1,0.00
i17,e05,c5,p08,l3,0.00
i17,e05,c5,p09,l1,0.00
i17,e05,c5,p09,l3,0.00
i17,e05,c5,p10,l1,0.00
i17,e05,c5,p10,l3,0.00
i17,e05,c5,p11,l1,0.00
i17,e05,c5,p11,l3,0.00
i17,e05,c5,p12,l1,0.00
i17,e05,c5,p12,l3,0.00
i17,e05,c5,p13,l1,0.00
i17,e05,c5,p13,l3,0.00
i17,e05,c5,p14,l1,0.00
i17,e05,c5,p14,l3,0.00
i17,e05,c5,p15,l1,0.00
i17,e05,c5,p15,l3,0.00
i17,e05,c5,p16,l1,0.00
i17,e05,c5,p16,l3,0.00
i17,e05,c5,p17,l1,0.00
i17,e05,c5,p17,l3,0.00
i17,e05,c5,p18,l1,0.00
i17,e05,c5,p18,l3,0.00
i17,e05,c5,p19,l1,0.00
i17,e05,c5,p19,l3,0.00
i17,e05,c5,p20,l1,0.00
i17,e05,c5,p20,l3,0.00
i17,e05,c5,p21,l1,0.00
i17,e05,c5,p21,l3,0.00
i17,e05,c5,p22,l1,0.00
i17,e05,c5,p22,l3,0.00
i17,e05,c5,p23,l1,0.00
i17,e05,c5,p23,l3,0.00
i17,e05,c5,p24,l1,0.00
i17,e05,c5,p24,l3,0.00
i17,e05,c5,p25,l1,0.00
i17,e05,c5,p25,l3,0.00
i17,e05,c5,p26,l3,0.00
i17,e05,c5,p28,l1,0.00
i17,e05,c5,p28,l3,0.00
i17,e05,c5,p29,l1,0.00
i17,e05,c5,p29,l3,0.00
i17,e05,c5,p30,l3,0.00
i17,e05,c5,p31,l1,0.00
i17,e05,c5,p31,l3,0.00
i17,e05,c5,p32,l1,0.00
i17,e05,c5,p32,l3,0.00
i17,e05,c5,p33,l3,0.00
i17,e05,c5,p35,l1,0.00
i17,e05,c5,p35,l3,0.00
i17,e08,c3,p01,l2,0.00
i17,e08,c3,p01,l3,0.00
i17,e08,c3,p02,l3,0.00
i17,e08,c3,p03,l2,0.00
i17,e08,c3,p03,l3,0.00
i17,e08,c3,p04,l2,0.00
i17,e08,c3,p04,l3,0.00
i17,e08,c3,p05,l3,0.00
i17,e08,c3,p06,l2,0.00
i17,e08,c3,p06,l3,0.00
i17,e08,c3,p07,l3,0.00
i17,e08,c3,p08,l3,0.00
i17,e08,c3,p09,l2,0.00
i17,e08,c3,p09,l3,0.00
i17,e08,c3,p10,l2,0.00
i17,e08,c3,p10,l3,0.00
i17,e08,c3,p11,l2,0.00
i17,e08,c3,p11,l3,0.00
i17,e08,c3,p12,l3,0.00
i17,e08,c3,p13,l3,0.00
i17,e08,c3,p14,l2,0.00
i17,e08,c3,p14,l3,0.00
i17,e08,c3,p15,l2,0.00
i17,e08,c3,p15,l3,0.00
i17,e08,c3,p16,l3,0.00
i17,e08,c3,p17,l3,0.00
i17,e08,c3,p18,l2,0.00
i17,e08,c3,p18,l3,0.00
i17,e08,c3,p19,l2,0.00
i17,e08,c3,p19,l3,1.40
i17,e08,c3,p21,l2,0.00
i17,e08,c3,p21,l3,0.00
i17,e08,c3,p22,l3,0.00
i17,e08,c3,p23,l2,0.00
i17,e08,c3,p24,l2,0.00
i17,e08,c3,p24,l3,0.00
i17,e08,c3,p25,l3,0.00
i17,e08,c3,p26,l3,0.00
i17,e08,c3,p29,l2,0.00
i17,e08,c3,p29,l3,0.00
i17,e08,c3,p30,l3,0.00
i17,e08,c3,p35,l2,0.00
i17,e08,c3,p35,l3,0.00
i17,e08,c5,p01,l2,0.00
i17,e08,c5,p01,l3,32.50
i17,e08,c5,p02,l2,0.00
i17,e08,c5,p02,l3,15.44
i17,e08,c5,p03,l2,0.00
i17,e08,c5,p03,l3,15.25
i17,e08,c5,p04,l2,0.00
i17,e08,c5,p04,l3,20.42
i17,e08,c5,p05,l2,0.00
i17,e08,c5,p05,l3,51.08
i17,e08,c5,p06,l2,0.00
i17,e08,c5,p06,l3,41.12
i17,e08,c5,p07,l2,0.00
i17,e08,c5,p07,l3,8.86
i17,e08,c5,p08,l2,0.00
i17,e08,c5,p08,l3,7.17
i17,e08,c5,p09,l2,0.00
i17,e08,c5,p09,l3,12.04
i17,e08,c5,p10,l2,0.00
i17,e08,c5,p10,l3,93.01
i17,e08,c5,p11,l2,0.00
i17,e08,c5,p11,l3,22.24
i17,e08,c5,p12,l2,0.00
i17,e08,c5,p12,l3,4.85
i17,e08,c5,p13,l2,0.00
i17,e08,c5,p13,l3,19.59
i17,e08,c5,p14,l2,0.00
i17,e08,c5,p14,l3,64.15
i17,e08,c5,p15,l2,0.00
i17,e08,c5,p15,l3,14.11
i17,e08,c5,p16,l2,0.00
i17,e08,c5,p16,l3,51.04
i17,e08,c5,p17,l2,0.00
i17,e08,c5,p17,l3,14.52
i17,e08,c5,p18,l2,0.00
i17,e08,c5,p18,l3,7.20
i17,e08,c5,p19,l2,0.00
i17,e08,c5,p19,l3,85.15
i17,e08,c5,p20,l2,0.00
i17,e08,c5,p20,l3,9.90
i17,e08,c5,p21,l2,0.00
i17,e08,c5,p21,l3,7.09
i17,e08,c5,p22,l2,0.00
i17,e08,c5,p22,l3,5.43
i17,e08,c5,p23,l2,0.00
i17,e08,c5,p23,l3,5.65
i17,e08,c5,p24,l2,0.00
i17,e08,c5,p24,l3,19.37
i17,e08,c5,p25,l2,0.00
i17,e08,c5,p25,l3,21.25
i17,e08,c5,p26,l2,0.00
i17,e08,c5,p26,l3,0.00
i17,e08,c5,p28,l2,0.00
i17,e08,c5,p28,l3,0.00
i17,e08,c5,p29,l2,0.00
i17,e08,c5,p29,l3,42.75
i17,e08,c5,p30,l2,0.00
i17,e08,c5,p30,l3,0.00
i17,e08,c5,p31,l2,0.00
i17,e08,c5,p31,l3,6.49
i17,e08,c5,p32,l2,0.00
i17,e08,c5,p32,l3,2.50
i17,e08,c5,p33,l2,0.00
i17,e08,c5,p33,l3,0.00
i17,e08,c5,p35,l2,0.00
i17,e08,c5,p35,l3,3.31
i17,e09,c3,p01,l2,0.00
i17,e09,c3,p01,l3,0.00
i17,e09,c3,p02,l2,0.00
i17,e09,c3,p02,l3,0.00
i17,e09,c3,p03,l2,0.00
i17,e09,c3,p03,l3,0.00
i17,e09,c3,p04,l2,0.00
i17,e09,c3,p04,l3,0.00
i17,e09,c3,p05,l2,0.00
i17,e09,c3,p05,l3,0.00
i17,e09,c3,p06,l2,0.00
i17,e09,c3,p06,l3,0.00
i17,e09,c3,p07,l2,0.00
i17,e09,c3,p07,l3,0.00
i17,e09,c3,p08,l2,0.00
i17,e09,c3,p08,l3,0.00
i17,e09,c3,p09,l2,0.00
i17,e09,c3,p09,l3,0.00
i17,e09,c3,p10,l2,0.00
i17,e09,c3,p10,l3,0.00
i17,e09,c3,p11,l2,0.00
i17,e09,c3,p11,l3,0.00
i17,e09,c3,p12,l2,0.00
i17,e09,c3,p12,l3,0.00
i17,e09,c3,p13,l3,0.00
i17,e09,c3,p14,l2,0.00
i17,e09,c3,p14,l3,0.00
i17,e09,c3,p15,l2,0.00
i17,e09,c3,p15,l3,0.00
i17,e09,c3,p16,l3,0.00
i17,e09,c3,p17,l3,0.00
i17,e09,c3,p18,l2,0.00
i17,e09,c3,p18,l3,0.00
i17,e09,c3,p19,l2,0.00
i17,e09,c3,p19,l3,0.00
i17,e09,c3,p20,l3,0.00
i17,e09,c3,p21,l2,0.00
i17,e09,c3,p21,l3,0.00
i17,e09,c3,p22,l3,0.00
i17,e09,c3,p23,l3,0.00
i17,e09,c3,p24,l2,0.00
i17,e09,c3,p24,l3,0.00
i17,e09,c3,p25,l2,0.00
i17,e09,c3,p25,l3,0.00
i17,e09,c3,p26,l3,0.00
i17,e09,c3,p29,l2,0.00
i17,e09,c3,p29,l3,0.00
i17,e09,c3,p30,l3,0.00
i17,e09,c3,p35,l2,0.00
i17,e09,c3,p35,l3,0.00
i17,e09,c5,p01,l2,0.00
i17,e09,c5,p01,l3,21.08
i17,e09,c5,p01,l4,0.00
i17,e09,c5,p02,l2,0.00
i17,e09,c5,p02,l3,3.53
i17,e09,c5,p02,l4,0.00
i17,e09,c5,p03,l2,0.00
i17,e09,c5,p03,l3,6.02
i17,e09,c5,p03,l4,0.00
i17,e09,c5,p04,l2,0.00
i17,e09,c5,p04,l3,14.70
i17,e09,c5,p04,l4,0.00
i17,e09,c5,p05,l2,0.00
i17,e09,c5,p05,l3,6.24
i17,e09,c5,p05,l4,0.00
i17,e09,c5,p06,l2,0.00
i17,e09,c5,p06,l3,6.83
i17,e09,c5,p06,l4,0.00
i17,e09,c5,p07,l2,0.00
i17,e09,c5,p07,l3,2.56
i17,e09,c5,p07,l4,0.00
i17,e09,c5,p08,l2,0.00
i17,e09,c5,p08,l3,1.63
i17,e09,c5,p08,l4,0.00
i17,e09,c5,p09,l2,0.00
i17,e09,c5,p09,l3,0.00
i17,e09,c5,p09,l4,0.00
i17,e09,c5,p10,l2,0.00
i17,e09,c5,p10,l3,54.17
i17,e09,c5,p10,l4,0.00
i17,e09,c5,p11,l2,0.00
i17,e09,c5,p11,l3,10.02
i17,e09,c5,p11,l4,0.00
i17,e09,c5,p12,l2,0.00
i17,e09,c5,p12,l3,10.99
i17,e09,c5,p12,l4,0.00
i17,e09,c5,p13,l2,0.00
i17,e09,c5,p13,l3,3.86
i17,e09,c5,p13,l4,0.00
i17,e09,c5,p14,l2,0.00
i17,e09,c5,p14,l3,17.48
i17,e09,c5,p14,l4,0.00
i17,e09,c5,p15,l2,0.00
i17,e09,c5,p15,l3,5.08
i17,e09,c5,p15,l4,0.00
i17,e09,c5,p16,l2,0.00
i17,e09,c5,p16,l3,8.81
i17,e09,c5,p16,l4,0.00
i17,e09,c5,p17,l2,0.00
i17,e09,c5,p17,l3,7.38
i17,e09,c5,p17,l4,0.00
i17,e09,c5,p18,l2,0.00
i17,e09,c5,p18,l3,0.00
i17,e09,c5,p18,l4,0.00
i17,e09,c5,p19,l2,0.00
i17,e09,c5,p19,l3,18.28
i17,e09,c5,p19,l4,0.00
i17,e09,c5,p20,l2,0.00
i17,e09,c5,p20,l3,2.49
i17,e09,c5,p20,l4,0.00
i17,e09,c5,p21,l2,0.00
i17,e09,c5,p21,l3,9.05
i17,e09,c5,p21,l4,0.00
i17,e09,c5,p22,l2,0.00
i17,e09,c5,p22,l3,4.25
i17,e09,c5,p22,l4,0.00
i17,e09,c5,p23,l2,0.00
i17,e09,c5,p23,l3,2.28
i17,e09,c5,p23,l4,0.00
i17,e09,c5,p24,l2,0.00
i17,e09,c5,p24,l3,10.15
i17,e09,c5,p24,l4,0.00
i17,e09,c5,p25,l2,0.00
i17,e09,c5,p25,l3,8.18
i17,e09,c5,p25,l4,0.00
i17,e09,c5,p26,l2,0.00
i17,e09,c5,p26,l3,0.00
i17,e09,c5,p26,l4,0.00
i17,e09,c5,p28,l2,0.00
i17,e09,c5,p28,l3,0.00
i17,e09,c5,p28,l4,0.00
i17,e09,c5,p29,l2,0.00
i17,e09,c5,p29,l3,5.15
i17,e09,c5,p29,l4,0.00
i17,e09,c5,p30,l2,0.00
i17,e09,c5,p30,l3,0.00
i17,e09,c5,p31,l2,0.00
i17,e09,c5,p31,l3,5.29
i17,e09,c5,p31,l4,0.00
i17,e09,c5,p32,l2,0.00
i17,e09,c5,p32,l3,3.01
i17,e09,c5,p32,l4,0.00
i17,e09,c5,p33,l2,0.00
i17,e09,c5,p33,l3,0.00
i17,e09,c5,p33,l4,0.00
i17,e09,c5,p35,l2,0.00
i17,e09,c5,p35,l3,3.26
i17,e09,c5,p35,l4,0.00
i17,e10,c3,p03,l3,0.00
i17,e10,c3,p10,l3,0.00
i17,e10,c3,p21,l3,0.00
i17,e10,c3,p29,l3,0.00
i17,e10,c3,p35,l3,0.00
i17,e10,c5,p01,l3,0.00
i17,e10,c5,p02,l2,0.00
i17,e10,c5,p02,l3,0.00
i17,e10,c5,p03,l2,0.00
i17,e10,c5,p03,l3,0.00
i17,e10,c5,p04,l2,0.00
i17,e10,c5,p04,l3,0.00
i17,e10,c5,p05,l2,0.00
i17,e10,c5,p05,l3,0.00
i17,e10,c5,p06,l2,0.00
i17,e10,c5,p06,l3,0.00
i17,e10,c5,p07,l3,0.00
i17,e10,c5,p08,l2,0.00
i17,e10,c5,p08,l3,0.00
i17,e10,c5,p09,l3,0.00
i17,e10,c5,p10,l2,0.00
i17,e10,c5,p10,l3,0.00
i17,e10,c5,p11,l2,0.00
i17,e10,c5,p11,l3,0.00
i17,e10,c5,p12,l3,0.00
i17,e10,c5,p13,l3,0.00
i17,e10,c5,p14,l2,0.00
i17,e10,c5,p14,l3,0.00
i17,e10,c5,p15,l3,0.00
i17,e10,c5,p16,l2,0.00
i17,e10,c5,p16,l3,0.00
i17,e10,c5,p17,l2,0.00
i17,e10,c5,p17,l3,0.00
i17,e10,c5,p18,l2,0.00
i17,e10,c5,p18,l3,0.00
i17,e10,c5,p19,l2,0.00
i17,e10,c5,p19,l3,0.00
i17,e10,c5,p20,l3,0.00
i17,e10,c5,p21,l2,0.00
i17,e10,c5,p21,l3,0.00
i17,e10,c5,p22,l3,0.00
i17,e10,c5,p23,l3,0.00
i17,e10,c5,p24,l3,0.00
i17,e10,c5,p25,l3,0.00
i17,e10,c5,p26,l3,0.00
i17,e10,c5,p28,l3,0.00
i17,e10,c5,p29,l3,0.00
i17,e10,c5,p31,l3,0.00
i17,e10,c5,p32,l3,0.00
i17,e10,c5,p35,l3,0.00
i17,e11,c3,p01,l2,0.00
i17,e11,c3,p01,l3,0.00
i17,e11,c3,p01,l4,0.00
i17,e11,c3,p02,l3,0.00
i17,e11,c3,p02,l4,0.00
i17,e11,c3,p03,l2,0.00
i17,e11,c3,p03,l3,0.00
i17,e11,c3,p03,l4,0.00
i17,e11,c3,p04,l2,0.00
i17,e11,c3,p04,l3,0.00
i17,e11,c3,p04,l4,0.00
i17,e11,c3,p05,l3,0.00
i17,e11,c3,p05,l4,0.00
i17,e11,c3,p06,l3,0.00
i17,e11,c3,p07,l3,0.00
i17,e11,c3,p08,l3,0.00
i17,e11,c3,p08,l4,0.00
i17,e11,c3,p09,l2,0.00
i17,e11,c3,p09,l3,0.00
i17,e11,c3,p09,l4,0.00
i17,e11,c3,p10,l2,0.00
i17,e11,c3,p10,l3,0.00
i17,e11,c3,p10,l4,0.00
i17,e11,c3,p11,l2,0.00
i17,e11,c3,p11,l3,0.00
i17,e11,c3,p11,l4,0.00
i17,e11,c3,p12,l3,0.00
i17,e11,c3,p12,l4,0.00
i17,e11,c3,p13,l3,0.00
i17,e11,c3,p13,l4,0.00
i17,e11,c3,p14,l2,0.00
i17,e11,c3,p14,l3,0.00
i17,e11,c3,p14,l4,0.00
i17,e11,c3,p15,l2,0.00
i17,e11,c3,p15,l3,0.00
i17,e11,c3,p15,l4,0.00
i17,e11,c3,p16,l3,0.00
i17,e11,c3,p16,l4,0.00
i17,e11,c3,p17,l3,0.00
i17,e11,c3,p17,l4,0.00
i17,e11,c3,p18,l3,0.00
i17,e11,c3,p19,l2,0.00
i17,e11,c3,p19,l3,0.00
i17,e11,c3,p19,l4,0.00
i17,e11,c3,p21,l2,0.00
i17,e11,c3,p21,l3,0.00
i17,e11,c3,p21,l4,0.00
i17,e11,c3,p22,l4,0.00
i17,e11,c3,p23,l4,0.00
i17,e11,c3,p24,l2,0.00
i17,e11,c3,p24,l3,0.00
i17,e11,c3,p24,l4,0.00
i17,e11,c3,p25,l3,0.00
i17,e11,c3,p25,l4,0.00
i17,e11,c3,p26,l4,0.00
i17,e11,c3,p29,l3,0.00
i17,e11,c3,p29,l4,0.00
i17,e11,c3,p30,l3,0.00
i17,e11,c3,p30,l4,0.00
i17,e11,c3,p33,l3,0.00
i17,e11,c3,p35,l3,0.00
i17,e11,c3,p35,l4,0.00
i17,e11,c5,p01,l2,0.00
i17,e11,c5,p01,l3,1.61
i17,e11,c5,p01,l4,8.11
i17,e11,c5,p02,l2,0.00
i17,e11,c5,p02,l3,0.00
i17,e11,c5,p02,l4,2.69
i17,e11,c5,p03,l2,0.00
i17,e11,c5,p03,l3,3.58
i17,e11,c5,p03,l4,16.25
i17,e11,c5,p04,l2,0.00
i17,e11,c5,p04,l3,0.00
i17,e11,c5,p04,l4,0.00
i17,e11,c5,p05,l2,0.00
i17,e11,c5,p05,l3,15.13
i17,e11,c5,p05,l4,54.16
i17,e11,c5,p06,l2,0.00
i17,e11,c5,p06,l3,0.00
i17,e11,c5,p06,l4,22.59
i17,e11,c5,p07,l2,0.00
i17,e11,c5,p07,l3,0.00
i17,e11,c5,p07,l4,5.52
i17,e11,c5,p08,l2,0.00
i17,e11,c5,p08,l3,0.00
i17,e11,c5,p08,l4,0.00
i17,e11,c5,p09,l2,0.00
i17,e11,c5,p09,l3,0.00
i17,e11,c5,p09,l4,8.89
i17,e11,c5,p10,l2,0.00
i17,e11,c5,p10,l3,6.22
i17,e11,c5,p10,l4,137.03
i17,e11,c5,p11,l2,0.00
i17,e11,c5,p11,l3,2.36
i17,e11,c5,p11,l4,15.54
i17,e11,c5,p12,l2,0.00
i17,e11,c5,p12,l3,8.21
i17,e11,c5,p12,l4,52.53
i17,e11,c5,p13,l2,0.00
i17,e11,c5,p13,l3,0.00
i17,e11,c5,p13,l4,16.90
i17,e11,c5,p14,l2,0.00
i17,e11,c5,p14,l3,0.00
i17,e11,c5,p14,l4,72.08
i17,e11,c5,p15,l2,0.00
i17,e11,c5,p15,l3,0.00
i17,e11,c5,p15,l4,9.47
i17,e11,c5,p16,l2,0.00
i17,e11,c5,p16,l3,3.52
i17,e11,c5,p16,l4,16.43
i17,e11,c5,p17,l2,0.00
i17,e11,c5,p17,l3,0.00
i17,e11,c5,p17,l4,13.03
i17,e11,c5,p18,l2,0.00
i17,e11,c5,p18,l3,1.34
i17,e11,c5,p18,l4,7.05
i17,e11,c5,p19,l2,0.00
i17,e11,c5,p19,l3,51.32
i17,e11,c5,p19,l4,22.24
i17,e11,c5,p20,l2,0.00
i17,e11,c5,p20,l3,0.00
i17,e11,c5,p20,l4,4.11
i17,e11,c5,p21,l2,0.00
i17,e11,c5,p21,l3,2.14
i17,e11,c5,p21,l4,89.38
i17,e11,c5,p22,l2,0.00
i17,e11,c5,p22,l3,0.00
i17,e11,c5,p22,l4,8.08
i17,e11,c5,p23,l2,0.00
i17,e11,c5,p23,l3,8.93
i17,e11,c5,p23,l4,17.73
i17,e11,c5,p24,l2,0.00
i17,e11,c5,p24,l3,20.59
i17,e11,c5,p24,l4,9.16
i17,e11,c5,p25,l2,0.00
i17,e11,c5,p25,l3,0.00
i17,e11,c5,p25,l4,4.19
i17,e11,c5,p26,l2,0.00
i17,e11,c5,p26,l3,0.00
i17,e11,c5,p26,l4,0.00
i17,e11,c5,p28,l2,0.00
i17,e11,c5,p28,l3,0.00
i17,e11,c5,p28,l4,2.30
i17,e11,c5,p29,l2,0.00
i17,e11,c5,p29,l3,11.62
i17,e11,c5,p29,l4,6.42
i17,e11,c5,p30,l2,0.00
i17,e11,c5,p30,l3,0.00
i17,e11,c5,p30,l4,0.00
i17,e11,c5,p31,l2,0.00
i17,e11,c5,p31,l3,0.00
i17,e11,c5,p31,l4,4.23
i17,e11,c5,p32,l2,0.00
i17,e11,c5,p32,l3,0.00
i17,e11,c5,p32,l4,3.65
i17,e11,c5,p33,l2,0.00
i17,e11,c5,p33,l3,0.00
i17,e11,c5,p33,l4,0.00
i17,e11,c5,p35,l2,0.00
i17,e11,c5,p35,l3,0.00
i17,e11,c5,p35,l4,7.47
i18,e01,c1,p35,l3,37.01
i18,e01,c4,p35,l3,0.00
i18,e04,c1,p35,l1,0.00
i18,e04,c1,p35,l3,25.50
i18,e04,c4,p35,l1,0.00
i18,e04,c4,p35,l3,0.00
i18,e05,c1,p35,l1,0.00
i18,e05,c1,p35,l3,0.00
i18,e05,c4,p35,l3,0.00
i18,e06,c1,p35,l3,0.00
i18,e07,c1,p35,l2,0.00
i18,e07,c1,p35,l3,1.24
i18,e07,c4,p35,l2,0.00
i18,e07,c4,p35,l3,0.00
i18,e08,c1,p35,l2,0.00
i18,e08,c1,p35,l3,9.04
i18,e08,c4,p35,l2,0.00
i18,e08,c4,p35,l3,0.00
i18,e09,c1,p35,l2,0.00
i18,e09,c1,p35,l3,28.80
i18,e09,c4,p35,l2,0.00
i18,e09,c4,p35,l3,0.00
i18,e11,c1,p35,l2,0.00
i18,e11,c1,p35,l3,0.00
i18,e11,c4,p35,l3,0.00
i18,e12,c1,p35,l3,1.89
i18,e12,c4,p35,l3,0.00
i18,e13,c1,p35,l3,0.00
i19,e01,c3,p10,l3,0.00
i19,e01,c3,p35,l3,0.00
i19,e01,c5,p01,l3,0.00
i19,e01,c5,p03,l3,0.00
i19,e01,c5,p05,l3,0.00
i19,e01,c5,p07,l3,0.00
i19,e01,c5,p10,l3,0.00
i19,e01,c5,p11,l3,0.00
i19,e01,c5,p12,l3,0.00
i19,e01,c5,p15,l3,0.00
i19,e01,c5,p16,l3,0.00
i19,e01,c5,p17,l3,0.00
i19,e01,c5,p18,l3,0.00
i19,e01,c5,p19,l3,0.00
i19,e01,c5,p24,l3,0.00
i19,e01,c5,p35,l3,0.00
i19,e02,c3,p10,l3,0.00
i19,e02,c3,p35,l3,0.00
i19,e02,c5,p01,l3,0.00
i19,e02,c5,p03,l3,0.00
i19,e02,c5,p10,l3,0.00
i19,e02,c5,p18,l3,0.00
i19,e02,c5,p35,l3,0.00
i19,e03,c3,p10,l3,0.00
i19,e03,c3,p35,l3,0.00
i19,e03,c5,p01,l3,0.00
i19,e03,c5,p02,l3,0.00
i19,e03,c5,p03,l3,0.00
i19,e03,c5,p05,l3,0.00
i19,e03,c5,p07,l3,0.00
i19,e03,c5,p10,l3,0.00
i19,e03,c5,p11,l3,0.00
i19,e03,c5,p12,l3,0.00
i19,e03,c5,p13,l3,0.00
i19,e03,c5,p15,l3,0.00
i19,e03,c5,p16,l3,0.00
i19,e03,c5,p17,l3,0.00
i19,e03,c5,p18,l3,0.00
i19,e03,c5,p19,l3,0.00
i19,e03,c5,p24,l3,0.00
i19,e03,c5,p33,l3,0.00
i19,e03,c5,p35,l3,0.00
i19,e04,c3,p10,l3,0.00
i19,e04,c3,p35,l3,0.00
i19,e04,c5,p01,l3,0.00
i19,e04,c5,p03,l3,0.00
i19,e04,c5,p05,l3,0.00
i19,e04,c5,p07,l3,0.00
i19,e04,c5,p10,l3,0.00
i19,e04,c5,p11,l3,0.00
i19,e04,c5,p12,l3,0.00
i19,e04,c5,p13,l3,0.00
i19,e04,c5,p15,l3,0.00
i19,e04,c5,p16,l3,0.00
i19,e04,c5,p17,l3,0.00
i19,e04,c5,p18,l3,0.00
i19,e04,c5,p19,l3,0.00
i19,e04,c5,p33,l3,0.00
i19,e04,c5,p35,l3,0.00
i19,e05,c3,p10,l3,0.00
i19,e05,c3,p35,l3,0.00
i19,e05,c5,p01,l3,0.00
i19,e05,c5,p03,l3,0.00
i19,e05,c5,p07,l3,0.00
i19,e05,c5,p10,l3,0.00
i19,e05,c5,p12,l3,0.00
i19,e05,c5,p15,l3,0.00
i19,e05,c5,p17,l3,0.00
i19,e05,c5,p18,l3,0.00
i19,e05,c5,p35,l3,0.00
i19,e07,c3,p10,l3,0.00
i19,e07,c5,p03,l3,0.00
i19,e07,c5,p10,l3,0.00
i19,e07,c5,p35,l3,0.00
i19,e08,c3,p10,l3,0.00
i19,e08,c3,p35,l3,0.00
i19,e08,c5,p01,l3,0.00
i19,e08,c5,p03,l3,0.00
i19,e08,c5,p05,l3,0.00
i19,e08,c5,p07,l3,0.00
i19,e08,c5,p10,l3,0.00
i19,e08,c5,p11,l3,0.00
i19,e08,c5,p12,l3,0.00
i19,e08,c5,p13,l3,0.00
i19,e08,c5,p15,l3,0.00
i19,e08,c5,p16,l3,0.00
i19,e08,c5,p17,l3,0.00
i19,e08,c5,p19,l3,0.00
i19,e08,c5,p24,l3,0.00
i19,e08,c5,p33,l3,0.00
i19,e08,c5,p35,l3,0.00
i19,e09,c3,p10,l3,0.00
i19,e09,c3,p35,l3,0.00
i19,e09,c5,p01,l3,0.00
i19,e09,c5,p03,l3,0.00
i19,e09,c5,p05,l3,0.00
i19,e09,c5,p07,l3,0.00
i19,e09,c5,p10,l3,0.00
i19,e09,c5,p11,l3,0.00
i19,e09,c5,p12,l3,0.00
i19,e09,c5,p15,l3,0.00
i19,e09,c5,p16,l3,0.00
i19,e09,c5,p17,l3,0.00
i19,e09,c5,p18,l3,0.00
i19,e09,c5,p19,l3,0.00
i19,e09,c5,p35,l3,0.00
i19,e10,c3,p10,l1,0.00
i19,e10,c3,p10,l2,0.00
i19,e10,c3,p10,l3,0.00
i19,e10,c3,p10,l4,0.00
i19,e10,c3,p35,l1,0.00
i19,e10,c3,p35,l2,0.00
i19,e10,c3,p35,l3,0.00
i19,e10,c3,p35,l4,0.00
i19,e10,c5,p01,l1,0.00
i19,e10,c5,p01,l2,0.00
i19,e10,c5,p01,l3,0.00
i19,e10,c5,p01,l4,0.00
i19,e10,c5,p03,l1,0.00
i19,e10,c5,p03,l2,0.00
i19,e10,c5,p03,l3,0.00
i19,e10,c5,p03,l4,0.00
i19,e10,c5,p05,l3,0.00
i19,e10,c5,p05,l4,0.00
i19,e10,c5,p07,l1,0.00
i19,e10,c5,p07,l2,0.00
i19,e10,c5,p07,l3,0.00
i19,e10,c5,p07,l4,0.00
i19,e10,c5,p10,l1,0.00
i19,e10,c5,p10,l2,0.00
i19,e10,c5,p10,l3,0.00
i19,e10,c5,p10,l4,0.00
i19,e10,c5,p11,l3,0.00
i19,e10,c5,p11,l4,0.00
i19,e10,c5,p12,l2,0.00
i19,e10,c5,p12,l3,0.00
i19,e10,c5,p12,l4,0.00
i19,e10,c5,p15,l2,0.00
i19,e10,c5,p15,l3,0.00
i19,e10,c5,p15,l4,0.00
i19,e10,c5,p16,l1,0.00
i19,e10,c5,p16,l3,0.00
i19,e10,c5,p16,l4,0.00
i19,e10,c5,p17,l1,0.00
i19,e10,c5,p17,l2,0.00
i19,e10,c5,p17,l3,0.00
i19,e10,c5,p17,l4,0.00
i19,e10,c5,p18,l1,0.00
i19,e10,c5,p18,l3,0.00
i19,e10,c5,p18,l4,0.00
i19,e10,c5,p19,l2,0.00
i19,e10,c5,p19,l3,0.00
i19,e10,c5,p23,l3,0.00
i19,e10,c5,p23,l4,0.00
i19,e10,c5,p24,l3,0.00
i19,e10,c5,p24,l4,0.00
i19,e10,c5,p35,l1,0.00
i19,e10,c5,p35,l2,0.00
i19,e10,c5,p35,l3,0.00
i19,e10,c5,p35,l4,0.00
i19,e11,c3,p10,l3,0.00
i19,e11,c3,p35,l3,0.00
i19,e11,c5,p01,l3,0.00
i19,e11,c5,p02,l3,0.00
i19,e11,c5,p03,l3,0.00
i19,e11,c5,p05,l3,0.00
i19,e11,c5,p07,l3,0.00
i19,e11,c5,p10,l3,0.00
i19,e11,c5,p11,l3,0.00
i19,e11,c5,p12,l3,0.00
i19,e11,c5,p13,l3,0.00
i19,e11,c5,p15,l3,0.00
i19,e11,c5,p16,l3,0.00
i19,e11,c5,p17,l3,0.00
i19,e11,c5,p19,l3,0.00
i19,e11,c5,p24,l3,0.00
i19,e11,c5,p35,l3,0.00
i19,e12,c3,p10,l3,0.00
i19,e12,c5,p01,l3,0.00
i19,e12,c5,p03,l3,0.00
i19,e12,c5,p07,l3,0.00
i19,e12,c5,p10,l3,0.00
i19,e12,c5,p12,l3,0.00
i19,e12,c5,p15,l3,0.00
i19,e12,c5,p16,l3,0.00
i19,e12,c5,p17,l3,0.00
i19,e12,c5,p19,l3,0.00
i19,e12,c5,p35,l3,0.00
i19,e13,c3,p10,l3,0.00
i19,e13,c3,p35,l3,0.00
i19,e13,c5,p01,l3,0.00
i19,e13,c5,p02,l3,0.00
i19,e13,c5,p03,l3,0.00
i19,e13,c5,p05,l3,0.00
i19,e13,c5,p07,l3,0.00
i19,e13,c5,p10,l3,0.00
i19,e13,c5,p11,l3,0.00
i19,e13,c5,p12,l3,0.00
i19,e13,c5,p13,l3,0.00
i19,e13,c5,p15,l3,0.00
i19,e13,c5,p16,l3,0.00
i19,e13,c5,p17,l3,0.00
i19,e13,c5,p18,l3,0.00
i19,e13,c5,p19,l3,0.00
i19,e13,c5,p23,l3,0.00
i19,e13,c5,p24,l3,0.00
i19,e13,c5,p35,l3,0.00
i20,e01,c3,p10,l3,0.00
i20,e01,c5,p01,l3,0.00
i20,e01,c5,p02,l3,0.00
i20,e01,c5,p03,l3,0.00
i20,e01,c5,p04,l3,0.00
i20,e01,c5,p05,l3,0.00
i20,e01,c5,p06,l3,0.00
i20,e01,c5,p07,l3,0.00
i20,e01,c5,p08,l3,0.00
i20,e01,c5,p09,l3,0.00
i20,e01,c5,p10,l3,0.00
i20,e01,c5,p11,l3,0.00
i20,e01,c5,p12,l3,0.00
i20,e01,c5,p13,l3,0.00
i20,e01,c5,p14,l3,0.00
i20,e01,c5,p15,l3,0.00
i20,e01,c5,p16,l3,0.00
i20,e01,c5,p17,l3,0.00
i20,e01,c5,p18,l3,0.00
i20,e01,c5,p19,l3,0.00
i20,e01,c5,p20,l3,0.00
i20,e01,c5,p21,l3,0.00
i20,e01,c5,p22,l3,0.00
i20,e01,c5,p23,l3,0.00
i20,e01,c5,p24,l3,0.00
i20,e01,c5,p25,l3,0.00
i20,e01,c5,p26,l3,0.00
i20,e01,c5,p28,l3,0.00
i20,e01,c5,p29,l3,0.00
i20,e01,c5,p31,l3,0.00
i20,e01,c5,p32,l3,0.00
i20,e01,c5,p35,l3,0.00
i20,e02,c3,p10,l3,0.00
i20,e02,c5,p01,l1,0.00
i20,e02,c5,p01,l3,0.00
i20,e02,c5,p02,l3,0.00
i20,e02,c5,p03,l1,0.00
i20,e02,c5,p03,l3,0.00
i20,e02,c5,p04,l1,0.00
i20,e02,c5,p04,l3,0.00
i20,e02,c5,p05,l1,0.00
i20,e02,c5,p05,l3,0.00
i20,e02,c5,p06,l1,0.00
i20,e02,c5,p06,l3,0.00
i20,e02,c5,p07,l1,0.00
i20,e02,c5,p07,l3,0.00
i20,e02,c5,p08,l3,0.00
i20,e02,c5,p09,l1,0.00
i20,e02,c5,p09,l3,0.00
i20,e02,c5,p10,l1,0.00
i20,e02,c5,p10,l3,0.00
i20,e02,c5,p11,l1,0.00
i20,e02,c5,p11,l3,0.00
i20,e02,c5,p12,l1,0.00
i20,e02,c5,p12,l3,0.00
i20,e02,c5,p13,l1,0.00
i20,e02,c5,p13,l3,0.00
i20,e02,c5,p14,l3,0.00
i20,e02,c5,p15,l1,0.00
i20,e02,c5,p15,l3,0.00
i20,e02,c5,p16,l1,0.00
i20,e02,c5,p16,l3,0.00
i20,e02,c5,p17,l1,0.00
i20,e02,c5,p17,l3,0.00
i20,e02,c5,p18,l1,0.00
i20,e02,c5,p18,l3,0.00
i20,e02,c5,p19,l1,0.00
i20,e02,c5,p19,l3,0.00
i20,e02,c5,p20,l3,0.00
i20,e02,c5,p21,l1,0.00
i20,e02,c5,p21,l3,0.00
i20,e02,c5,p22,l3,0.00
i20,e02,c5,p23,l1,0.00
i20,e02,c5,p23,l3,0.00
i20,e02,c5,p24,l1,0.00
i20,e02,c5,p24,l3,0.00
i20,e02,c5,p25,l1,0.00
i20,e02,c5,p25,l3,0.00
i20,e02,c5,p26,l3,0.00
i20,e02,c5,p29,l1,0.00
i20,e02,c5,p29,l3,0.00
i20,e02,c5,p31,l3,0.00
i20,e02,c5,p35,l1,0.00
i20,e02,c5,p35,l3,0.00
i20,e04,c3,p07,l1,0.00
i20,e04,c3,p07,l3,0.00
i20,e04,c3,p10,l3,0.00
i20,e04,c3,p35,l1,0.00
i20,e04,c5,p01,l1,0.00
i20,e04,c5,p01,l3,0.00
i20,e04,c5,p02,l1,0.00
i20,e04,c5,p02,l3,0.00
i20,e04,c5,p03,l1,0.00
i20,e04,c5,p03,l3,0.00
i20,e04,c5,p04,l1,0.00
i20,e04,c5,p04,l3,0.00
i20,e04,c5,p05,l1,0.00
i20,e04,c5,p05,l3,0.00
i20,e04,c5,p06,l1,0.00
i20,e04,c5,p06,l3,0.00
i20,e04,c5,p07,l1,0.00
i20,e04,c5,p07,l3,0.00
i20,e04,c5,p08,l1,0.00
i20,e04,c5,p08,l3,6.42
i20,e04,c5,p09,l1,0.00
i20,e04,c5,p09,l3,0.00
i20,e04,c5,p10,l1,0.00
i20,e04,c5,p10,l3,0.00
i20,e04,c5,p11,l1,0.00
i20,e04,c5,p11,l3,0.00
i20,e04,c5,p12,l1,0.00
i20,e04,c5,p12,l3,0.00
i20,e04,c5,p13,l1,0.00
i20,e04,c5,p13,l3,0.00
i20,e04,c5,p14,l1,0.00
i20,e04,c5,p14,l3,0.00
i20,e04,c5,p15,l1,0.00
i20,e04,c5,p15,l3,0.00
i20,e04,c5,p16,l1,0.00
i20,e04,c5,p16,l3,0.00
i20,e04,c5,p17,l1,0.00
i20,e04,c5,p17,l3,1.89
i20,e04,c5,p18,l1,0.00
i20,e04,c5,p18,l3,0.00
i20,e04,c5,p19,l1,0.00
i20,e04,c5,p19,l3,0.00
i20,e04,c5,p20,l1,0.00
i20,e04,c5,p20,l3,0.00
i20,e04,c5,p21,l1,0.00
i20,e04,c5,p21,l3,0.00
i20,e04,c5,p22,l1,0.00
i20,e04,c5,p22,l3,0.00
i20,e04,c5,p23,l1,0.00
i20,e04,c5,p23,l3,0.00
i20,e04,c5,p24,l1,0.00
i20,e04,c5,p24,l3,0.00
i20,e04,c5,p25,l1,0.00
i20,e04,c5,p25,l3,0.00
i20,e04,c5,p26,l3,0.00
i20,e04,c5,p28,l1,0.00
i20,e04,c5,p28,l3,0.00
i20,e04,c5,p29,l1,0.00
i20,e04,c5,p29,l3,1.52
i20,e04,c5,p30,l1,0.00
i20,e04,c5,p30,l3,0.00
i20,e04,c5,p31,l1,0.00
i20,e04,c5,p31,l3,0.00
i20,e04,c5,p32,l1,0.00
i20,e04,c5,p32,l3,0.00
i20,e04,c5,p35,l1,0.00
i20,e04,c5,p35,l3,0.00
i20,e05,c3,p07,l3,0.00
i20,e05,c3,p10,l3,0.00
i20,e05,c5,p01,l1,0.00
i20,e05,c5,p01,l3,0.00
i20,e05,c5,p02,l1,0.00
i20,e05,c5,p02,l3,0.00
i20,e05,c5,p03,l1,0.00
i20,e05,c5,p03,l3,0.00
i20,e05,c5,p04,l1,0.00
i20,e05,c5,p04,l3,0.00
i20,e05,c5,p05,l1,0.00
i20,e05,c5,p05,l3,0.00
i20,e05,c5,p06,l1,0.00
i20,e05,c5,p06,l3,0.00
i20,e05,c5,p07,l1,0.00
i20,e05,c5,p07,l3,0.00
i20,e05,c5,p08,l1,0.00
i20,e05,c5,p08,l3,0.00
i20,e05,c5,p09,l1,0.00
i20,e05,c5,p09,l3,0.00
i20,e05,c5,p10,l1,0.00
i20,e05,c5,p10,l3,0.00
i20,e05,c5,p11,l1,0.00
i20,e05,c5,p11,l3,0.00
i20,e05,c5,p12,l1,0.00
i20,e05,c5,p12,l3,0.00
i20,e05,c5,p13,l1,0.00
i20,e05,c5,p13,l3,0.00
i20,e05,c5,p14,l1,0.00
i20,e05,c5,p14,l3,0.00
i20,e05,c5,p15,l1,0.00
i20,e05,c5,p15,l3,0.00
i20,e05,c5,p16,l1,0.00
i20,e05,c5,p16,l3,0.00
i20,e05,c5,p17,l1,0.00
i20,e05,c5,p17,l3,0.00
i20,e05,c5,p18,l1,0.00
i20,e05,c5,p18,l3,0.00
i20,e05,c5,p19,l1,0.00
i20,e05,c5,p19,l3,0.00
i20,e05,c5,p20,l3,0.00
i20,e05,c5,p21,l1,0.00
i20,e05,c5,p21,l3,0.00
i20,e05,c5,p22,l1,0.00
i20,e05,c5,p22,l3,0.00
i20,e05,c5,p23,l1,0.00
i20,e05,c5,p23,l3,0.00
i20,e05,c5,p24,l1,0.00
i20,e05,c5,p24,l3,0.00
i20,e05,c5,p25,l1,0.00
i20,e05,c5,p25,l3,0.00
i20,e05,c5,p26,l3,0.00
i20,e05,c5,p28,l1,0.00
i20,e05,c5,p28,l3,0.00
i20,e05,c5,p29,l1,0.00
i20,e05,c5,p29,l3,0.00
i20,e05,c5,p31,l3,0.00
i20,e05,c5,p32,l1,0.00
i20,e05,c5,p32,l3,0.00
i20,e05,c5,p35,l1,0.00
i20,e05,c5,p35,l3,0.00
i20,e08,c3,p07,l2,0.00
i20,e08,c3,p07,l3,0.00
i20,e08,c3,p10,l2,0.00
i20,e08,c3,p10,l3,0.00
i20,e08,c3,p35,l2,0.00
i20,e08,c5,p01,l2,0.00
i20,e08,c5,p01,l3,0.00
i20,e08,c5,p02,l2,0.00
i20,e08,c5,p02,l3,0.00
i20,e08,c5,p03,l2,0.00
i20,e08,c5,p03,l3,0.00
i20,e08,c5,p04,l2,0.00
i20,e08,c5,p04,l3,0.00
i20,e08,c5,p05,l2,0.00
i20,e08,c5,p05,l3,0.00
i20,e08,c5,p06,l2,0.00
i20,e08,c5,p06,l3,0.00
i20,e08,c5,p07,l2,0.00
i20,e08,c5,p07,l3,0.00
i20,e08,c5,p08,l2,0.00
i20,e08,c5,p08,l3,0.00
i20,e08,c5,p09,l2,0.00
i20,e08,c5,p09,l3,0.00
i20,e08,c5,p10,l2,0.00
i20,e08,c5,p10,l3,0.00
i20,e08,c5,p11,l2,0.00
i20,e08,c5,p11,l3,0.00
i20,e08,c5,p12,l2,0.00
i20,e08,c5,p12,l3,0.00
i20,e08,c5,p13,l2,0.00
i20,e08,c5,p13,l3,0.00
i20,e08,c5,p14,l2,0.00
i20,e08,c5,p14,l3,0.00
i20,e08,c5,p15,l2,0.00
i20,e08,c5,p15,l3,0.00
i20,e08,c5,p16,l2,0.00
i20,e08,c5,p16,l3,0.00
i20,e08,c5,p17,l2,0.00
i20,e08,c5,p17,l3,0.00
i20,e08,c5,p18,l2,0.00
i20,e08,c5,p18,l3,0.00
i20,e08,c5,p19,l2,0.00
i20,e08,c5,p19,l3,0.00
i20,e08,c5,p20,l2,0.00
i20,e08,c5,p20,l3,0.00
i20,e08,c5,p21,l2,0.00
i20,e08,c5,p21,l3,0.00
i20,e08,c5,p22,l2,0.00
i20,e08,c5,p22,l3,0.00
i20,e08,c5,p23,l2,0.00
i20,e08,c5,p23,l3,0.00
i20,e08,c5,p24,l2,0.00
i20,e08,c5,p24,l3,0.00
i20,e08,c5,p25,l2,0.00
i20,e08,c5,p25,l3,0.00
i20,e08,c5,p26,l3,0.00
i20,e08,c5,p28,l2,0.00
i20,e08,c5,p28,l3,0.00
i20,e08,c5,p29,l2,0.00
i20,e08,c5,p29,l3,2.33
i20,e08,c5,p30,l2,0.00
i20,e08,c5,p30,l3,0.00
i20,e08,c5,p31,l2,0.00
i20,e08,c5,p31,l3,0.00
i20,e08,c5,p32,l2,0.00
i20,e08,c5,p32,l3,0.00
i20,e08,c5,p35,l2,0.00
i20,e08,c5,p35,l3,1.47
i20,e09,c3,p10,l3,0.00
i20,e09,c5,p01,l2,0.00
i20,e09,c5,p01,l3,0.00
i20,e09,c5,p02,l2,0.00
i20,e09,c5,p02,l3,0.00
i20,e09,c5,p03,l2,0.00
i20,e09,c5,p03,l3,0.00
i20,e09,c5,p04,l2,0.00
i20,e09,c5,p04,l3,0.00
i20,e09,c5,p05,l2,0.00
i20,e09,c5,p05,l3,0.00
i20,e09,c5,p06,l2,0.00
i20,e09,c5,p06,l3,0.00
i20,e09,c5,p07,l2,0.00
i20,e09,c5,p07,l3,0.00
i20,e09,c5,p08,l2,0.00
i20,e09,c5,p08,l3,0.00
i20,e09,c5,p09,l2,0.00
i20,e09,c5,p09,l3,0.00
i20,e09,c5,p10,l2,0.00
i20,e09,c5,p10,l3,0.00
i20,e09,c5,p11,l2,0.00
i20,e09,c5,p11,l3,0.00
i20,e09,c5,p12,l2,0.00
i20,e09,c5,p12,l3,0.00
i20,e09,c5,p13,l2,0.00
i20,e09,c5,p13,l3,0.00
i20,e09,c5,p14,l2,0.00
i20,e09,c5,p14,l3,0.00
i20,e09,c5,p15,l2,0.00
i20,e09,c5,p15,l3,0.00
i20,e09,c5,p16,l2,0.00
i20,e09,c5,p16,l3,0.00
i20,e09,c5,p17,l2,0.00
i20,e09,c5,p17,l3,0.00
i20,e09,c5,p18,l2,0.00
i20,e09,c5,p18,l3,0.00
i20,e09,c5,p19,l2,0.00
i20,e09,c5,p19,l3,0.00
i20,e09,c5,p20,l2,0.00
i20,e09,c5,p20,l3,0.00
i20,e09,c5,p21,l2,0.00
i20,e09,c5,p21,l3,0.00
i20,e09,c5,p22,l2,0.00
i20,e09,c5,p22,l3,0.00
i20,e09,c5,p23,l2,0.00
i20,e09,c5,p23,l3,0.00
i20,e09,c5,p24,l2,0.00
i20,e09,c5,p24,l3,0.00
i20,e09,c5,p25,l2,0.00
i20,e09,c5,p25,l3,0.00
i20,e09,c5,p26,l3,0.00
i20,e09,c5,p28,l2,0.00
i20,e09,c5,p28,l3,0.00
i20,e09,c5,p29,l2,0.00
i20,e09,c5,p29,l3,0.00
i20,e09,c5,p31,l3,0.00
i20,e09,c5,p32,l2,0.00
i20,e09,c5,p32,l3,0.00
i20,e09,c5,p35,l2,0.00
i20,e09,c5,p35,l3,1.06
i20,e11,c5,p01,l3,0.00
i20,e11,c5,p02,l3,0.00
i20,e11,c5,p03,l2,0.00
i20,e11,c5,p03,l3,0.00
i20,e11,c5,p04,l3,0.00
i20,e11,c5,p05,l2,0.00
i20,e11,c5,p05,l3,0.00
i20,e11,c5,p06,l3,0.00
i20,e11,c5,p07,l2,0.00
i20,e11,c5,p07,l3,0.00
i20,e11,c5,p08,l3,0.00
i20,e11,c5,p09,l3,0.00
i20,e11,c5,p10,l3,0.00
i20,e11,c5,p11,l3,0.00
i20,e11,c5,p12,l3,0.00
i20,e11,c5,p13,l3,0.00
i20,e11,c5,p14,l3,0.00
i20,e11,c5,p15,l3,0.00
i20,e11,c5,p16,l2,0.00
i20,e11,c5,p16,l3,0.00
i20,e11,c5,p17,l2,0.00
i20,e11,c5,p17,l3,0.00
i20,e11,c5,p18,l3,0.00
i20,e11,c5,p19,l2,0.00
i20,e11,c5,p19,l3,0.00
i20,e11,c5,p21,l3,0.00
i20,e11,c5,p22,l3,0.00
i20,e11,c5,p23,l3,0.00
i20,e11,c5,p24,l2,0.00
i20,e11,c5,p24,l3,0.00
i20,e11,c5,p25,l3,0.00
i20,e11,c5,p28,l3,0.00
i20,e11,c5,p29,l3,0.00
i20,e11,c5,p30,l3,0.00
i20,e11,c5,p31,l3,0.00
i20,e11,c5,p32,l2,0.00
i20,e11,c5,p32,l3,0.00
i20,e11,c5,p35,l3,0.00
i21,e01,c1,p01,l3,7.11
i21,e01,c1,p02,l3,0.00
i21,e01,c1,p03,l3,0.00
i21,e01,c1,p04,l3,0.00
i21,e01,c1,p05,l3,1.18
i21,e01,c1,p06,l3,0.00
i21,e01,c1,p07,l3,0.00
i21,e01,c1,p08,l3,0.00
i21,e01,c1,p09,l3,0.00
i21,e01,c1,p10,l3,2.06
i21,e01,c1,p11,l3,4.98
i21,e01,c1,p12,l3,0.00
i21,e01,c1,p13,l3,4.20
i21,e01,c1,p14,l3,0.00
i21,e01,c1,p15,l3,1.41
i21,e01,c1,p16,l3,0.00
i21,e01,c1,p17,l3,0.00
i21,e01,c1,p18,l3,0.00
i21,e01,c1,p19,l3,3.76
i21,e01,c1,p20,l3,0.00
i21,e01,c1,p21,l3,0.00
i21,e01,c1,p22,l3,1.32
i21,e01,c1,p23,l3,0.00
i21,e01,c1,p24,l3,1.31
i21,e01,c1,p25,l3,0.00
i21,e01,c1,p26,l3,0.00
i21,e01,c1,p28,l3,0.00
i21,e01,c1,p29,l3,0.00
i21,e01,c1,p30,l3,0.00
i21,e01,c1,p31,l3,0.00
i21,e01,c1,p32,l3,0.00
i21,e01,c1,p33,l3,0.00
i21,e01,c1,p34,l3,0.00
i21,e01,c1,p35,l3,0.00
i21,e01,c4,p01,l3,0.00
i21,e01,c4,p02,l3,0.00
i21,e01,c4,p03,l3,0.00
i21,e01,c4,p04,l3,0.00
i21,e01,c4,p05,l3,0.00
i21,e01,c4,p07,l3,0.00
i21,e01,c4,p08,l3,0.00
i21,e01,c4,p10,l3,0.00
i21,e01,c4,p11,l3,0.00
i21,e01,c4,p13,l3,0.00
i21,e01,c4,p14,l3,0.00
i21,e01,c4,p15,l3,0.00
i21,e01,c4,p16,l3,0.00
i21,e01,c4,p17,l3,0.00
i21,e01,c4,p18,l3,0.00
i21,e01,c4,p19,l3,0.00
i21,e01,c4,p21,l3,0.00
i21,e01,c4,p23,l3,0.00
i21,e01,c4,p25,l3,0.00
i21,e01,c4,p28,l3,0.00
i21,e01,c4,p29,l3,0.00
i21,e01,c4,p32,l3,0.00
i21,e01,c7,p01,l3,0.00
i21,e01,c7,p10,l3,0.00
i21,e03,c1,p01,l3,2.11
i21,e03,c1,p02,l3,0.00
i21,e03,c1,p03,l3,4.04
i21,e03,c1,p04,l3,0.00
i21,e03,c1,p05,l3,1.46
i21,e03,c1,p06,l3,0.00
i21,e03,c1,p07,l3,0.00
i21,e03,c1,p08,l3,0.00
i21,e03,c1,p09,l3,0.00
i21,e03,c1,p10,l3,4.27
i21,e03,c1,p11,l3,6.28
i21,e03,c1,p12,l3,0.00
i21,e03,c1,p13,l3,5.13
i21,e03,c1,p14,l3,0.00
i21,e03,c1,p15,l3,0.00
i21,e03,c1,p16,l3,1.00
i21,e03,c1,p17,l3,0.00
i21,e03,c1,p18,l3,0.00
i21,e03,c1,p19,l3,0.00
i21,e03,c1,p20,l3,0.00
i21,e03,c1,p21,l3,0.00
i21,e03,c1,p22,l3,0.00
i21,e03,c1,p23,l3,0.00
i21,e03,c1,p24,l3,1.77
i21,e03,c1,p25,l3,0.00
i21,e03,c1,p26,l3,0.00
i21,e03,c1,p28,l3,0.00
i21,e03,c1,p29,l3,4.23
i21,e03,c1,p30,l3,0.00
i21,e03,c1,p31,l3,0.00
i21,e03,c1,p32,l3,0.00
i21,e03,c1,p33,l3,0.00
i21,e03,c1,p34,l3,0.00
i21,e03,c1,p35,l3,0.00
i21,e03,c4,p01,l3,0.00
i21,e03,c4,p02,l3,0.00
i21,e03,c4,p03,l3,0.00
i21,e03,c4,p04,l3,0.00
i21,e03,c4,p05,l3,0.00
i21,e03,c4,p06,l3,0.00
i21,e03,c4,p07,l3,0.00
i21,e03,c4,p08,l3,0.00
i21,e03,c4,p09,l3,0.00
i21,e03,c4,p10,l3,0.00
i21,e03,c4,p11,l3,0.00
i21,e03,c4,p12,l3,0.00
i21,e03,c4,p13,l3,0.00
i21,e03,c4,p14,l3,0.00
i21,e03,c4,p15,l3,0.00
i21,e03,c4,p16,l3,0.00
i21,e03,c4,p17,l3,0.00
i21,e03,c4,p18,l3,0.00
i21,e03,c4,p19,l3,0.00
i21,e03,c4,p20,l3,0.00
i21,e03,c4,p21,l3,0.00
i21,e03,c4,p22,l3,0.00
i21,e03,c4,p23,l3,0.00
i21,e03,c4,p24,l3,0.00
i21,e03,c4,p25,l3,0.00
i21,e03,c4,p28,l3,0.00
i21,e03,c4,p29,l3,0.00
i21,e03,c7,p29,l3,0.00
i21,e04,c1,p01,l1,0.00
i21,e04,c1,p01,l3,7.63
i21,e04,c1,p02,l1,0.00
i21,e04,c1,p02,l3,0.00
i21,e04,c1,p03,l1,0.00
i21,e04,c1,p03,l3,0.00
i21,e04,c1,p04,l1,0.00
i21,e04,c1,p04,l3,0.00
i21,e04,c1,p05,l1,0.00
i21,e04,c1,p05,l3,2.34
i21,e04,c1,p06,l1,0.00
i21,e04,c1,p06,l3,0.00
i21,e04,c1,p07,l1,0.00
i21,e04,c1,p07,l3,0.00
i21,e04,c1,p08,l1,0.00
i21,e04,c1,p08,l3,0.00
i21,e04,c1,p09,l1,0.00
i21,e04,c1,p09,l3,0.00
i21,e04,c1,p10,l1,0.00
i21,e04,c1,p10,l3,2.02
i21,e04,c1,p11,l1,0.00
i21,e04,c1,p11,l3,0.00
i21,e04,c1,p12,l1,0.00
i21,e04,c1,p12,l3,0.00
i21,e04,c1,p13,l1,0.00
i21,e04,c1,p13,l3,1.86
i21,e04,c1,p14,l1,0.00
i21,e04,c1,p14,l3,2.14
i21,e04,c1,p15,l1,0.00
i21,e04,c1,p15,l3,0.00
i21,e04,c1,p16,l1,0.00
i21,e04,c1,p16,l3,0.00
i21,e04,c1,p17,l1,0.00
i21,e04,c1,p17,l3,4.24
i21,e04,c1,p18,l1,0.00
i21,e04,c1,p18,l3,0.00
i21,e04,c1,p19,l1,0.00
i21,e04,c1,p19,l3,0.00
i21,e04,c1,p20,l1,0.00
i21,e04,c1,p20,l3,0.00
i21,e04,c1,p21,l1,0.00
i21,e04,c1,p21,l3,0.00
i21,e04,c1,p22,l1,0.00
i21,e04,c1,p22,l3,0.00
i21,e04,c1,p23,l1,0.00
i21,e04,c1,p23,l3,0.00
i21,e04,c1,p24,l1,0.00
i21,e04,c1,p24,l3,0.00
i21,e04,c1,p25,l1,0.00
i21,e04,c1,p25,l3,0.00
i21,e04,c1,p26,l1,0.00
i21,e04,c1,p26,l3,0.00
i21,e04,c1,p28,l1,0.00
i21,e04,c1,p28,l3,0.00
i21,e04,c1,p29,l1,0.00
i21,e04,c1,p29,l3,0.00
i21,e04,c1,p30,l3,0.00
i21,e04,c1,p31,l1,0.00
i21,e04,c1,p31,l3,0.00
i21,e04,c1,p32,l1,0.00
i21,e04,c1,p32,l3,0.00
i21,e04,c1,p33,l1,0.00
i21,e04,c1,p33,l3,0.00
i21,e04,c1,p35,l1,0.00
i21,e04,c1,p35,l3,0.00
i21,e04,c4,p01,l3,0.00
i21,e04,c4,p02,l1,0.00
i21,e04,c4,p02,l3,0.00
i21,e04,c4,p03,l3,0.00
i21,e04,c4,p04,l1,0.00
i21,e04,c4,p04,l3,0.00
i21,e04,c4,p05,l1,0.00
i21,e04,c4,p05,l3,0.00
i21,e04,c4,p06,l3,0.00
i21,e04,c4,p07,l3,0.00
i21,e04,c4,p08,l3,0.00
i21,e04,c4,p09,l3,0.00
i21,e04,c4,p10,l1,0.00
i21,e04,c4,p10,l3,0.00
i21,e04,c4,p11,l3,0.00
i21,e04,c4,p12,l3,0.00
i21,e04,c4,p13,l3,0.00
i21,e04,c4,p14,l3,0.00
i21,e04,c4,p15,l3,0.00
i21,e04,c4,p16,l1,0.00
i21,e04,c4,p16,l3,0.00
i21,e04,c4,p17,l3,0.00
i21,e04,c4,p18,l1,0.00
i21,e04,c4,p18,l3,0.00
i21,e04,c4,p19,l3,0.00
i21,e04,c4,p20,l3,0.00
i21,e04,c4,p21,l3,0.00
i21,e04,c4,p23,l3,0.00
i21,e04,c4,p24,l3,0.00
i21,e04,c4,p29,l3,0.00
i21,e04,c4,p32,l3,0.00
i21,e05,c1,p01,l1,0.00
i21,e05,c1,p01,l3,0.00
i21,e05,c1,p02,l1,0.00
i21,e05,c1,p02,l3,0.00
i21,e05,c1,p03,l1,0.00
i21,e05,c1,p03,l3,0.00
i21,e05,c1,p04,l1,0.00
i21,e05,c1,p04,l3,0.00
i21,e05,c1,p05,l1,0.00
i21,e05,c1,p05,l3,0.00
i21,e05,c1,p06,l1,0.00
i21,e05,c1,p06,l3,0.00
i21,e05,c1,p07,l1,0.00
i21,e05,c1,p07,l3,0.00
i21,e05,c1,p08,l1,0.00
i21,e05,c1,p08,l3,0.00
i21,e05,c1,p09,l1,0.00
i21,e05,c1,p09,l3,0.00
i21,e05,c1,p10,l1,0.00
i21,e05,c1,p10,l3,0.00
i21,e05,c1,p11,l1,0.00
i21,e05,c1,p11,l3,0.00
i21,e05,c1,p12,l1,0.00
i21,e05,c1,p12,l3,0.00
i21,e05,c1,p13,l1,0.00
i21,e05,c1,p13,l3,0.00
i21,e05,c1,p14,l1,0.00
i21,e05,c1,p14,l3,0.00
i21,e05,c1,p15,l1,0.00
i21,e05,c1,p15,l3,0.00
i21,e05,c1,p16,l1,0.00
i21,e05,c1,p16,l3,0.00
i21,e05,c1,p17,l1,0.00
i21,e05,c1,p17,l3,0.00
i21,e05,c1,p18,l1,0.00
i21,e05,c1,p18,l3,0.00
i21,e05,c1,p19,l1,0.00
i21,e05,c1,p19,l3,0.00
i21,e05,c1,p20,l1,0.00
i21,e05,c1,p20,l3,0.00
i21,e05,c1,p21,l1,0.00
i21,e05,c1,p21,l3,0.00
i21,e05,c1,p22,l1,0.00
i21,e05,c1,p22,l3,0.00
i21,e05,c1,p23,l1,0.00
i21,e05,c1,p23,l3,0.00
i21,e05,c1,p24,l1,0.00
i21,e05,c1,p24,l3,0.00
i21,e05,c1,p25,l1,0.00
i21,e05,c1,p25,l3,0.00
i21,e05,c1,p26,l1,0.00
i21,e05,c1,p26,l3,0.00
i21,e05,c1,p28,l1,0.00
i21,e05,c1,p28,l3,0.00
i21,e05,c1,p29,l1,0.00
i21,e05,c1,p29,l3,0.00
i21,e05,c1,p30,l3,0.00
i21,e05,c1,p31,l1,0.00
i21,e05,c1,p31,l3,0.00
i21,e05,c1,p32,l1,0.00
i21,e05,c1,p32,l3,0.00
i21,e05,c1,p35,l1,0.00
i21,e05,c1,p35,l3,1.12
i21,e05,c4,p01,l3,0.00
i21,e05,c4,p02,l3,0.00
i21,e05,c4,p04,l3,0.00
i21,e05,c4,p05,l3,0.00
i21,e05,c4,p10,l3,0.00
i21,e05,c4,p11,l3,0.00
i21,e05,c4,p13,l3,0.00
i21,e05,c4,p14,l3,0.00
i21,e05,c4,p15,l3,0.00
i21,e05,c4,p17,l3,0.00
i21,e05,c4,p18,l3,0.00
i21,e05,c4,p21,l3,0.00
i21,e05,c4,p29,l3,0.00
i21,e07,c1,p05,l2,0.00
i21,e07,c1,p05,l3,0.00
i21,e07,c1,p07,l2,0.00
i21,e07,c1,p07,l3,0.00
i21,e07,c1,p10,l2,0.00
i21,e07,c1,p10,l3,0.00
i21,e07,c1,p15,l2,0.00
i21,e07,c1,p19,l2,0.00
i21,e07,c1,p19,l3,0.00
i21,e08,c1,p05,l2,0.00
i21,e08,c1,p05,l3,0.00
i21,e08,c1,p07,l2,0.00
i21,e08,c1,p07,l3,0.00
i21,e08,c1,p10,l2,0.00
i21,e08,c1,p10,l3,0.00
i21,e08,c1,p15,l2,0.00
i21,e08,c1,p19,l2,0.00
i21,e08,c1,p19,l3,0.00
i21,e09,c1,p01,l2,0.00
i21,e09,c1,p01,l3,3.37
i21,e09,c1,p02,l2,0.00
i21,e09,c1,p02,l3,0.00
i21,e09,c1,p03,l2,0.00
i21,e09,c1,p03,l3,1.16
i21,e09,c1,p04,l2,0.00
i21,e09,c1,p04,l3,1.00
i21,e09,c1,p05,l2,0.00
i21,e09,c1,p05,l3,0.00
i21,e09,c1,p06,l2,0.00
i21,e09,c1,p06,l3,0.00
i21,e09,c1,p07,l2,0.00
i21,e09,c1,p07,l3,0.00
i21,e09,c1,p08,l2,0.00
i21,e09,c1,p08,l3,0.00
i21,e09,c1,p09,l2,0.00
i21,e09,c1,p09,l3,0.00
i21,e09,c1,p10,l2,0.00
i21,e09,c1,p10,l3,2.12
i21,e09,c1,p11,l2,0.00
i21,e09,c1,p11,l3,0.00
i21,e09,c1,p12,l2,0.00
i21,e09,c1,p12,l3,0.00
i21,e09,c1,p13,l2,0.00
i21,e09,c1,p13,l3,7.06
i21,e09,c1,p14,l2,0.00
i21,e09,c1,p14,l3,0.00
i21,e09,c1,p15,l2,0.00
i21,e09,c1,p15,l3,0.00
i21,e09,c1,p16,l2,0.00
i21,e09,c1,p16,l3,0.00
i21,e09,c1,p17,l2,0.00
i21,e09,c1,p17,l3,2.47
i21,e09,c1,p18,l2,0.00
i21,e09,c1,p18,l3,0.00
i21,e09,c1,p19,l2,0.00
i21,e09,c1,p19,l3,1.26
i21,e09,c1,p20,l2,0.00
i21,e09,c1,p20,l3,0.00
i21,e09,c1,p21,l2,0.00
i21,e09,c1,p21,l3,0.00
i21,e09,c1,p22,l2,0.00
i21,e09,c1,p22,l3,0.00
i21,e09,c1,p23,l2,0.00
i21,e09,c1,p23,l3,0.00
i21,e09,c1,p24,l2,0.00
i21,e09,c1,p24,l3,0.00
i21,e09,c1,p25,l2,0.00
i21,e09,c1,p25,l3,0.00
i21,e09,c1,p26,l2,0.00
i21,e09,c1,p26,l3,0.00
i21,e09,c1,p27,l3,0.00
i21,e09,c1,p28,l2,0.00
i21,e09,c1,p28,l3,0.00
i21,e09,c1,p29,l2,0.00
i21,e09,c1,p29,l3,0.00
i21,e09,c1,p30,l2,0.00
i21,e09,c1,p30,l3,0.00
i21,e09,c1,p31,l2,0.00
i21,e09,c1,p31,l3,0.00
i21,e09,c1,p32,l2,0.00
i21,e09,c1,p32,l3,0.00
i21,e09,c1,p33,l3,0.00
i21,e09,c1,p34,l3,0.00
i21,e09,c1,p35,l2,0.00
i21,e09,c1,p35,l3,0.00
i21,e09,c4,p01,l3,0.00
i21,e09,c4,p02,l3,0.00
i21,e09,c4,p03,l3,0.00
i21,e09,c4,p04,l2,0.00
i21,e09,c4,p04,l3,0.00
i21,e09,c4,p05,l3,0.00
i21,e09,c4,p06,l3,0.00
i21,e09,c4,p07,l3,0.00
i21,e09,c4,p08,l3,0.00
i21,e09,c4,p09,l3,0.00
i21,e09,c4,p10,l2,0.00
i21,e09,c4,p10,l3,0.00
i21,e09,c4,p11,l3,0.00
i21,e09,c4,p12,l3,0.00
i21,e09,c4,p13,l3,0.00
i21,e09,c4,p14,l3,0.00
i21,e09,c4,p15,l3,0.00
i21,e09,c4,p16,l3,0.00
i21,e09,c4,p17,l3,0.00
i21,e09,c4,p18,l2,0.00
i21,e09,c4,p18,l3,0.00
i21,e09,c4,p19,l3,0.00
i21,e09,c4,p20,l3,0.00
i21,e09,c4,p21,l2,0.00
i21,e09,c4,p21,l3,0.00
i21,e09,c4,p23,l3,0.00
i21,e09,c4,p24,l3,0.00
i21,e09,c4,p25,l3,0.00
i21,e09,c4,p29,l3,0.00
i21,e09,c4,p32,l3,0.00
i21,e10,c1,p07,l3,0.00
i21,e10,c1,p08,l3,0.00
i21,e10,c1,p10,l3,0.00
i21,e10,c1,p15,l3,0.00
i21,e10,c4,p10,l3,0.00
i21,e11,c1,p07,l2,0.00
i21,e11,c1,p10,l3,0.00
i21,e11,c1,p19,l2,0.00
i21,e11,c1,p19,l3,0.00
i21,e11,c4,p10,l2,0.00
i21,e12,c1,p01,l3,0.00
i21,e12,c1,p02,l3,6.08
i21,e12,c1,p03,l3,0.00
i21,e12,c1,p04,l3,0.00
i21,e12,c1,p05,l3,1.68
i21,e12,c1,p06,l3,0.00
i21,e12,c1,p07,l3,0.00
i21,e12,c1,p08,l3,0.00
i21,e12,c1,p09,l3,0.00
i21,e12,c1,p10,l3,5.50
i21,e12,c1,p11,l3,5.64
i21,e12,c1,p12,l3,0.00
i21,e12,c1,p13,l3,0.00
i21,e12,c1,p14,l3,0.00
i21,e12,c1,p15,l3,0.00
i21,e12,c1,p16,l3,0.00
i21,e12,c1,p17,l3,0.00
i21,e12,c1,p18,l3,0.00
i21,e12,c1,p19,l3,0.00
i21,e12,c1,p20,l3,0.00
i21,e12,c1,p21,l3,0.00
i21,e12,c1,p22,l3,0.00
i21,e12,c1,p23,l3,0.00
i21,e12,c1,p24,l3,4.53
i21,e12,c1,p25,l3,0.00
i21,e12,c1,p26,l3,0.00
i21,e12,c1,p28,l3,0.00
i21,e12,c1,p29,l3,1.34
i21,e12,c1,p30,l3,0.00
i21,e12,c1,p31,l3,0.00
i21,e12,c1,p32,l3,0.00
i21,e12,c1,p33,l3,0.00
i21,e12,c1,p35,l3,0.00
i21,e12,c4,p01,l3,0.00
i21,e12,c4,p02,l3,0.00
i21,e12,c4,p03,l3,0.00
i21,e12,c4,p04,l3,0.00
i21,e12,c4,p05,l3,0.00
i21,e12,c4,p07,l3,0.00
i21,e12,c4,p08,l3,0.00
i21,e12,c4,p09,l3,0.00
i21,e12,c4,p10,l3,0.00
i21,e12,c4,p11,l3,0.00
i21,e12,c4,p12,l3,0.00
i21,e12,c4,p13,l3,0.00
i21,e12,c4,p14,l3,0.00
i21,e12,c4,p15,l3,0.00
i21,e12,c4,p16,l3,0.00
i21,e12,c4,p17,l3,0.00
i21,e12,c4,p18,l3,0.00
i21,e12,c4,p19,l3,0.00
i21,e12,c4,p21,l3,0.00
i21,e12,c4,p22,l3,0.00
i21,e12,c4,p23,l3,0.00
i21,e12,c4,p24,l3,0.00
i21,e12,c4,p29,l3,0.00
i21,e12,c7,p01,l3,0.00
i21,e12,c7,p03,l3,0.00
i21,e12,c7,p10,l3,0.00
i22,e01,c3,p01,l3,0.00
i22,e01,c3,p02,l3,0.00
i22,e01,c3,p04,l3,0.00
i22,e01,c3,p05,l3,0.00
i22,e01,c3,p06,l3,0.00
i22,e01,c3,p07,l3,0.00
i22,e01,c3,p08,l3,0.00
i22,e01,c3,p09,l3,0.00
i22,e01,c3,p10,l3,0.00
i22,e01,c3,p11,l3,0.00
i22,e01,c3,p12,l3,0.00
i22,e01,c3,p13,l3,0.00
i22,e01,c3,p15,l3,0.00
i22,e01,c3,p16,l3,0.00
i22,e01,c3,p17,l3,0.00
i22,e01,c3,p18,l3,0.00
i22,e01,c3,p19,l3,0.00
i22,e01,c3,p20,l3,0.00
i22,e01,c3,p21,l3,0.00
i22,e01,c3,p22,l3,0.00
i22,e01,c3,p23,l3,0.00
i22,e01,c3,p25,l3,0.00
i22,e01,c3,p29,l3,0.00
i22,e01,c3,p35,l3,0.00
i22,e01,c5,p01,l3,0.00
i22,e01,c5,p02,l3,0.00
i22,e01,c5,p03,l3,0.00
i22,e01,c5,p04,l3,0.00
i22,e01,c5,p05,l3,0.00
i22,e01,c5,p06,l3,0.00
i22,e01,c5,p07,l3,0.00
i22,e01,c5,p08,l3,0.00
i22,e01,c5,p09,l3,0.00
i22,e01,c5,p10,l3,0.00
i22,e01,c5,p11,l3,0.00
i22,e01,c5,p12,l3,0.00
i22,e01,c5,p13,l3,0.00
i22,e01,c5,p14,l3,0.00
i22,e01,c5,p15,l3,0.00
i22,e01,c5,p16,l3,0.00
i22,e01,c5,p17,l3,0.00
i22,e01,c5,p18,l3,0.00
i22,e01,c5,p19,l3,0.00
i22,e01,c5,p20,l3,0.00
i22,e01,c5,p21,l3,0.00
i22,e01,c5,p22,l3,0.00
i22,e01,c5,p23,l3,0.00
i22,e01,c5,p24,l3,0.00
i22,e01,c5,p25,l3,0.00
i22,e01,c5,p26,l3,0.00
i22,e01,c5,p28,l3,0.00
i22,e01,c5,p29,l3,0.00
i22,e01,c5,p30,l3,0.00
i22,e01,c5,p31,l3,0.00
i22,e01,c5,p32,l3,0.00
i22,e01,c5,p33,l3,0.00
i22,e01,c5,p35,l3,0.00
i22,e02,c3,p02,l3,0.00
i22,e02,c3,p03,l3,0.00
i22,e02,c3,p05,l3,0.00
i22,e02,c3,p07,l3,0.00
i22,e02,c3,p08,l1,0.00
i22,e02,c3,p08,l3,0.00
i22,e02,c3,p09,l1,0.00
i22,e02,c3,p09,l3,0.00
i22,e02,c3,p10,l1,0.00
i22,e02,c3,p10,l3,0.00
i22,e02,c3,p11,l3,0.00
i22,e02,c3,p12,l1,0.00
i22,e02,c3,p12,l3,0.00
i22,e02,c3,p13,l1,0.00
i22,e02,c3,p13,l3,0.00
i22,e02,c3,p15,l1,0.00
i22,e02,c3,p15,l3,0.00
i22,e02,c3,p16,l1,0.00
i22,e02,c3,p16,l3,0.00
i22,e02,c3,p18,l1,0.00
i22,e02,c3,p19,l1,0.00
i22,e02,c3,p22,l1,0.00
i22,e02,c3,p22,l3,0.00
i22,e02,c3,p23,l3,0.00
i22,e02,c3,p25,l3,0.00
i22,e02,c3,p28,l1,0.00
i22,e02,c3,p28,l3,0.00
i22,e02,c3,p35,l1,0.00
i22,e02,c3,p35,l3,0.00
i22,e02,c5,p01,l1,0.00
i22,e02,c5,p01,l3,0.00
i22,e02,c5,p02,l1,0.00
i22,e02,c5,p02,l3,0.00
i22,e02,c5,p03,l1,0.00
i22,e02,c5,p03,l3,0.00
i22,e02,c5,p04,l1,0.00
i22,e02,c5,p04,l3,0.00
i22,e02,c5,p05,l1,0.00
i22,e02,c5,p05,l3,0.00
i22,e02,c5,p06,l1,0.00
i22,e02,c5,p06,l3,0.00
i22,e02,c5,p07,l1,0.00
i22,e02,c5,p07,l3,0.00
i22,e02,c5,p08,l1,0.00
i22,e02,c5,p08,l3,0.00
i22,e02,c5,p09,l1,0.00
i22,e02,c5,p09,l3,0.00
i22,e02,c5,p10,l1,0.00
i22,e02,c5,p10,l3,0.00
i22,e02,c5,p11,l1,0.00
i22,e02,c5,p11,l3,0.00
i22,e02,c5,p12,l1,0.00
i22,e02,c5,p12,l3,0.00
i22,e02,c5,p13,l1,0.00
i22,e02,c5,p13,l3,0.00
i22,e02,c5,p14,l1,0.00
i22,e02,c5,p14,l3,0.00
i22,e02,c5,p15,l1,0.00
i22,e02,c5,p15,l3,0.00
i22,e02,c5,p16,l1,0.00
i22,e02,c5,p16,l3,0.00
i22,e02,c5,p17,l1,0.00
i22,e02,c5,p17,l3,0.00
i22,e02,c5,p18,l1,0.00
i22,e02,c5,p18,l3,0.00
i22,e02,c5,p19,l1,0.00
i22,e02,c5,p19,l3,0.00
i22,e02,c5,p20,l1,0.00
i22,e02,c5,p20,l3,0.00
i22,e02,c5,p21,l1,0.00
i22,e02,c5,p21,l3,0.00
i22,e02,c5,p22,l1,0.00
i22,e02,c5,p22,l3,0.00
i22,e02,c5,p23,l1,0.00
i22,e02,c5,p23,l3,0.00
i22,e02,c5,p24,l1,0.00
i22,e02,c5,p24,l3,0.00
i22,e02,c5,p25,l1,0.00
i22,e02,c5,p25,l3,0.00
i22,e02,c5,p26,l1,0.00
i22,e02,c5,p26,l3,0.00
i22,e02,c5,p28,l1,0.00
i22,e02,c5,p28,l3,0.00
i22,e02,c5,p29,l1,0.00
i22,e02,c5,p29,l3,0.00
i22,e02,c5,p31,l1,0.00
i22,e02,c5,p31,l3,0.00
i22,e02,c5,p32,l1,0.00
i22,e02,c5,p32,l3,0.00
i22,e02,c5,p35,l1,0.00
i22,e02,c5,p35,l3,2.30
i22,e04,c3,p01,l1,0.00
i22,e04,c3,p01,l3,0.00
i22,e04,c3,p02,l1,0.00
i22,e04,c3,p02,l3,0.00
i22,e04,c3,p04,l1,0.00
i22,e04,c3,p04,l3,0.00
i22,e04,c3,p05,l1,0.00
i22,e04,c3,p05,l3,0.00
i22,e04,c3,p06,l1,0.00
i22,e04,c3,p06,l3,0.00
i22,e04,c3,p07,l1,0.00
i22,e04,c3,p07,l3,0.00
i22,e04,c3,p08,l1,0.00
i22,e04,c3,p08,l3,0.00
i22,e04,c3,p09,l1,0.00
i22,e04,c3,p09,l3,0.00
i22,e04,c3,p10,l1,0.00
i22,e04,c3,p10,l3,0.00
i22,e04,c3,p11,l1,0.00
i22,e04,c3,p11,l3,0.00
i22,e04,c3,p12,l1,0.00
i22,e04,c3,p12,l3,0.00
i22,e04,c3,p13,l1,0.00
i22,e04,c3,p13,l3,0.00
i22,e04,c3,p15,l1,0.00
i22,e04,c3,p15,l3,0.00
i22,e04,c3,p16,l1,0.00
i22,e04,c3,p16,l3,0.00
i22,e04,c3,p17,l1,0.00
i22,e04,c3,p17,l3,0.00
i22,e04,c3,p18,l1,0.00
i22,e04,c3,p18,l3,0.00
i22,e04,c3,p19,l1,0.00
i22,e04,c3,p19,l3,0.00
i22,e04,c3,p20,l1,0.00
i22,e04,c3,p20,l3,0.00
i22,e04,c3,p21,l1,0.00
i22,e04,c3,p21,l3,0.00
i22,e04,c3,p22,l1,0.00
i22,e04,c3,p22,l3,0.00
i22,e04,c3,p23,l1,0.00
i22,e04,c3,p23,l3,0.00
i22,e04,c3,p25,l1,0.00
i22,e04,c3,p25,l3,0.00
i22,e04,c3,p26,l3,0.00
i22,e04,c3,p28,l1,0.00
i22,e04,c3,p28,l3,0.00
i22,e04,c3,p29,l1,0.00
i22,e04,c3,p29,l3,0.00
i22,e04,c3,p35,l1,0.00
i22,e04,c3,p35,l3,0.00
i22,e04,c5,p01,l1,0.00
i22,e04,c5,p01,l3,0.00
i22,e04,c5,p02,l1,0.00
i22,e04,c5,p02,l3,0.00
i22,e04,c5,p03,l1,0.00
i22,e04,c5,p03,l3,0.00
i22,e04,c5,p04,l1,0.00
i22,e04,c5,p04,l3,0.00
i22,e04,c5,p05,l1,0.00
i22,e04,c5,p05,l3,0.00
i22,e04,c5,p06,l1,0.00
i22,e04,c5,p06,l3,0.00
i22,e04,c5,p07,l1,0.00
i22,e04,c5,p07,l3,0.00
i22,e04,c5,p08,l1,0.00
i22,e04,c5,p08,l3,0.00
i22,e04,c5,p09,l1,0.00
i22,e04,c5,p09,l3,0.00
i22,e04,c5,p10,l1,0.00
i22,e04,c5,p10,l3,0.00
i22,e04,c5,p11,l1,0.00
i22,e04,c5,p11,l3,0.00
i22,e04,c5,p12,l1,0.00
i22,e04,c5,p12,l3,0.00
i22,e04,c5,p13,l1,0.00
i22,e04,c5,p13,l3,0.00
i22,e04,c5,p14,l1,0.00
i22,e04,c5,p14,l3,0.00
i22,e04,c5,p15,l1,0.00
i22,e04,c5,p15,l3,0.00
i22,e04,c5,p16,l1,0.00
i22,e04,c5,p16,l3,0.00
i22,e04,c5,p17,l1,0.00
i22,e04,c5,p17,l3,0.00
i22,e04,c5,p18,l1,0.00
i22,e04,c5,p18,l3,0.00
i22,e04,c5,p19,l1,0.00
i22,e04,c5,p19,l3,0.00
i22,e04,c5,p20,l1,0.00
i22,e04,c5,p20,l3,0.00
i22,e04,c5,p21,l1,0.00
i22,e04,c5,p21,l3,0.00
i22,e04,c5,p22,l1,0.00
i22,e04,c5,p22,l3,0.00
i22,e04,c5,p23,l1,0.00
i22,e04,c5,p23,l3,0.00
i22,e04,c5,p24,l1,0.00
i22,e04,c5,p24,l3,0.00
i22,e04,c5,p25,l1,0.00
i22,e04,c5,p25,l3,0.00
i22,e04,c5,p26,l1,0.00
i22,e04,c5,p26,l3,0.00
i22,e04,c5,p28,l1,0.00
i22,e04,c5,p28,l3,0.00
i22,e04,c5,p29,l1,0.00
i22,e04,c5,p29,l3,0.00
i22,e04,c5,p30,l1,0.00
i22,e04,c5,p30,l3,0.00
i22,e04,c5,p31,l1,0.00
i22,e04,c5,p31,l3,0.00
i22,e04,c5,p32,l1,0.00
i22,e04,c5,p32,l3,0.00
i22,e04,c5,p33,l1,0.00
i22,e04,c5,p33,l3,0.00
i22,e04,c5,p35,l1,0.00
i22,e04,c5,p35,l3,0.00
i22,e04,c8,p18,l3,0.00
i22,e05,c3,p01,l3,0.00
i22,e05,c3,p04,l1,0.00
i22,e05,c3,p05,l1,0.00
i22,e05,c3,p05,l3,0.00
i22,e05,c3,p06,l3,0.00
i22,e05,c3,p07,l1,0.00
i22,e05,c3,p08,l3,0.00
i22,e05,c3,p09,l1,0.00
i22,e05,c3,p09,l3,0.00
i22,e05,c3,p10,l1,0.00
i22,e05,c3,p10,l3,0.00
i22,e05,c3,p12,l3,0.00
i22,e05,c3,p15,l1,0.00
i22,e05,c3,p16,l3,0.00
i22,e05,c3,p18,l1,0.00
i22,e05,c3,p18,l3,0.00
i22,e05,c3,p19,l3,0.00
i22,e05,c3,p25,l1,0.00
i22,e05,c3,p25,l3,0.00
i22,e05,c3,p28,l1,0.00
i22,e05,c3,p28,l3,0.00
i22,e05,c3,p29,l3,0.00
i22,e05,c3,p35,l1,0.00
i22,e05,c3,p35,l3,0.00
i22,e05,c5,p01,l1,0.00
i22,e05,c5,p01,l3,0.00
i22,e05,c5,p02,l1,0.00
i22,e05,c5,p02,l3,0.00
i22,e05,c5,p03,l1,0.00
i22,e05,c5,p03,l3,0.00
i22,e05,c5,p04,l1,0.00
i22,e05,c5,p04,l3,0.00
i22,e05,c5,p05,l1,0.00
i22,e05,c5,p05,l3,0.00
i22,e05,c5,p06,l1,0.00
i22,e05,c5,p06,l3,0.00
i22,e05,c5,p07,l1,0.00
i22,e05,c5,p07,l3,0.00
i22,e05,c5,p08,l1,0.00
i22,e05,c5,p08,l3,0.00
i22,e05,c5,p09,l1,0.00
i22,e05,c5,p09,l3,0.00
i22,e05,c5,p10,l1,0.00
i22,e05,c5,p10,l3,5.08
i22,e05,c5,p11,l1,0.00
i22,e05,c5,p11,l3,3.22
i22,e05,c5,p12,l1,0.00
i22,e05,c5,p12,l3,0.00
i22,e05,c5,p13,l1,0.00
i22,e05,c5,p13,l3,0.00
i22,e05,c5,p14,l1,0.00
i22,e05,c5,p14,l3,0.00
i22,e05,c5,p15,l1,0.00
i22,e05,c5,p15,l3,0.00
i22,e05,c5,p16,l1,0.00
i22,e05,c5,p16,l3,0.00
i22,e05,c5,p17,l1,0.00
i22,e05,c5,p17,l3,0.00
i22,e05,c5,p18,l1,0.00
i22,e05,c5,p18,l3,0.00
i22,e05,c5,p19,l1,0.00
i22,e05,c5,p19,l3,0.00
i22,e05,c5,p20,l1,0.00
i22,e05,c5,p20,l3,0.00
i22,e05,c5,p21,l1,0.00
i22,e05,c5,p21,l3,0.00
i22,e05,c5,p22,l1,0.00
i22,e05,c5,p22,l3,0.00
i22,e05,c5,p23,l1,0.00
i22,e05,c5,p23,l3,0.00
i22,e05,c5,p24,l1,0.00
i22,e05,c5,p24,l3,0.00
i22,e05,c5,p25,l1,0.00
i22,e05,c5,p25,l3,0.00
i22,e05,c5,p26,l1,0.00
i22,e05,c5,p26,l3,0.00
i22,e05,c5,p28,l1,0.00
i22,e05,c5,p28,l3,0.00
i22,e05,c5,p29,l1,0.00
i22,e05,c5,p29,l3,0.00
i22,e05,c5,p30,l1,0.00
i22,e05,c5,p30,l3,0.00
i22,e05,c5,p31,l1,0.00
i22,e05,c5,p31,l3,0.00
i22,e05,c5,p32,l1,0.00
i22,e05,c5,p32,l3,0.00
i22,e05,c5,p35,l1,0.00
i22,e05,c5,p35,l3,11.02
i22,e08,c3,p01,l2,0.00
i22,e08,c3,p01,l3,0.00
i22,e08,c3,p02,l2,0.00
i22,e08,c3,p04,l3,0.00
i22,e08,c3,p05,l2,0.00
i22,e08,c3,p05,l3,0.00
i22,e08,c3,p06,l2,0.00
i22,e08,c3,p06,l3,0.00
i22,e08,c3,p07,l2,0.00
i22,e08,c3,p07,l3,0.00
i22,e08,c3,p08,l2,0.00
i22,e08,c3,p08,l3,0.00
i22,e08,c3,p09,l2,0.00
i22,e08,c3,p09,l3,0.00
i22,e08,c3,p10,l2,0.00
i22,e08,c3,p10,l3,0.00
i22,e08,c3,p11,l2,0.00
i22,e08,c3,p11,l3,0.00
i22,e08,c3,p12,l2,0.00
i22,e08,c3,p12,l3,0.00
i22,e08,c3,p13,l2,0.00
i22,e08,c3,p13,l3,0.00
i22,e08,c3,p15,l2,0.00
i22,e08,c3,p15,l3,0.00
i22,e08,c3,p16,l2,0.00
i22,e08,c3,p16,l3,0.00
i22,e08,c3,p17,l3,0.00
i22,e08,c3,p18,l2,0.00
i22,e08,c3,p18,l3,0.00
i22,e08,c3,p19,l2,0.00
i22,e08,c3,p19,l3,0.00
i22,e08,c3,p20,l2,0.00
i22,e08,c3,p21,l2,0.00
i22,e08,c3,p21,l3,0.00
i22,e08,c3,p22,l2,0.00
i22,e08,c3,p22,l3,0.00
i22,e08,c3,p23,l2,0.00
i22,e08,c3,p23,l3,0.00
i22,e08,c3,p25,l2,0.00
i22,e08,c3,p25,l3,0.00
i22,e08,c3,p26,l3,0.00
i22,e08,c3,p29,l2,0.00
i22,e08,c3,p29,l3,0.00
i22,e08,c3,p35,l2,0.00
i22,e08,c3,p35,l3,0.00
i22,e08,c5,p01,l2,0.00
i22,e08,c5,p01,l3,0.00
i22,e08,c5,p02,l2,0.00
i22,e08,c5,p02,l3,0.00
i22,e08,c5,p03,l2,0.00
i22,e08,c5,p03,l3,0.00
i22,e08,c5,p04,l2,0.00
i22,e08,c5,p04,l3,0.00
i22,e08,c5,p05,l2,0.00
i22,e08,c5,p05,l3,0.00
i22,e08,c5,p06,l2,0.00
i22,e08,c5,p06,l3,0.00
i22,e08,c5,p07,l2,0.00
i22,e08,c5,p07,l3,0.00
i22,e08,c5,p08,l2,0.00
i22,e08,c5,p08,l3,0.00
i22,e08,c5,p09,l2,0.00
i22,e08,c5,p09,l3,0.00
i22,e08,c5,p10,l2,0.00
i22,e08,c5,p10,l3,0.00
i22,e08,c5,p11,l2,0.00
i22,e08,c5,p11,l3,0.00
i22,e08,c5,p12,l2,0.00
i22,e08,c5,p12,l3,0.00
i22,e08,c5,p13,l2,0.00
i22,e08,c5,p13,l3,0.00
i22,e08,c5,p14,l2,0.00
i22,e08,c5,p14,l3,0.00
i22,e08,c5,p15,l2,0.00
i22,e08,c5,p15,l3,0.00
i22,e08,c5,p16,l2,0.00
i22,e08,c5,p16,l3,0.00
i22,e08,c5,p17,l2,0.00
i22,e08,c5,p17,l3,0.00
i22,e08,c5,p18,l2,0.00
i22,e08,c5,p18,l3,0.00
i22,e08,c5,p19,l2,0.00
i22,e08,c5,p19,l3,0.00
i22,e08,c5,p20,l2,0.00
i22,e08,c5,p20,l3,0.00
i22,e08,c5,p21,l2,0.00
i22,e08,c5,p21,l3,0.00
i22,e08,c5,p22,l2,0.00
i22,e08,c5,p22,l3,0.00
i22,e08,c5,p23,l2,0.00
i22,e08,c5,p23,l3,0.00
i22,e08,c5,p24,l2,0.00
i22,e08,c5,p24,l3,0.00
i22,e08,c5,p25,l2,0.00
i22,e08,c5,p25,l3,0.00
i22,e08,c5,p26,l2,0.00
i22,e08,c5,p26,l3,0.00
i22,e08,c5,p28,l2,0.00
i22,e08,c5,p28,l3,0.00
i22,e08,c5,p29,l2,0.00
i22,e08,c5,p29,l3,0.00
i22,e08,c5,p30,l2,0.00
i22,e08,c5,p30,l3,0.00
i22,e08,c5,p31,l2,0.00
i22,e08,c5,p31,l3,0.00
i22,e08,c5,p32,l2,0.00
i22,e08,c5,p32,l3,0.00
i22,e08,c5,p33,l2,0.00
i22,e08,c5,p33,l3,0.00
i22,e08,c5,p35,l2,0.00
i22,e08,c5,p35,l3,0.00
i22,e09,c3,p01,l2,0.00
i22,e09,c3,p01,l3,0.00
i22,e09,c3,p02,l2,0.00
i22,e09,c3,p02,l3,0.00
i22,e09,c3,p04,l2,0.00
i22,e09,c3,p04,l3,0.00
i22,e09,c3,p05,l2,0.00
i22,e09,c3,p05,l3,0.00
i22,e09,c3,p06,l2,0.00
i22,e09,c3,p06,l3,0.00
i22,e09,c3,p07,l2,0.00
i22,e09,c3,p07,l3,0.00
i22,e09,c3,p08,l2,0.00
i22,e09,c3,p08,l3,0.00
i22,e09,c3,p09,l2,0.00
i22,e09,c3,p09,l3,0.00
i22,e09,c3,p10,l2,0.00
i22,e09,c3,p10,l3,0.00
i22,e09,c3,p11,l2,0.00
i22,e09,c3,p11,l3,0.00
i22,e09,c3,p12,l2,0.00
i22,e09,c3,p12,l3,0.00
i22,e09,c3,p13,l2,0.00
i22,e09,c3,p13,l3,0.00
i22,e09,c3,p15,l2,0.00
i22,e09,c3,p15,l3,0.00
i22,e09,c3,p16,l2,0.00
i22,e09,c3,p16,l3,0.00
i22,e09,c3,p17,l2,0.00
i22,e09,c3,p17,l3,0.00
i22,e09,c3,p18,l2,0.00
i22,e09,c3,p18,l3,0.00
i22,e09,c3,p19,l2,0.00
i22,e09,c3,p19,l3,0.00
i22,e09,c3,p20,l3,0.00
i22,e09,c3,p21,l2,0.00
i22,e09,c3,p21,l3,0.00
i22,e09,c3,p22,l2,0.00
i22,e09,c3,p22,l3,0.00
i22,e09,c3,p23,l2,0.00
i22,e09,c3,p23,l3,0.00
i22,e09,c3,p25,l2,0.00
i22,e09,c3,p28,l2,0.00
i22,e09,c3,p28,l3,0.00
i22,e09,c3,p29,l2,0.00
i22,e09,c3,p29,l3,0.00
i22,e09,c3,p35,l2,0.00
i22,e09,c3,p35,l3,0.00
i22,e09,c5,p01,l2,0.00
i22,e09,c5,p01,l3,0.00
i22,e09,c5,p02,l2,0.00
i22,e09,c5,p02,l3,0.00
i22,e09,c5,p03,l2,0.00
i22,e09,c5,p03,l3,0.00
i22,e09,c5,p04,l2,0.00
i22,e09,c5,p04,l3,0.00
i22,e09,c5,p05,l2,0.00
i22,e09,c5,p05,l3,0.00
i22,e09,c5,p06,l2,0.00
i22,e09,c5,p06,l3,0.00
i22,e09,c5,p07,l2,0.00
i22,e09,c5,p07,l3,0.00
i22,e09,c5,p08,l2,0.00
i22,e09,c5,p08,l3,0.00
i22,e09,c5,p09,l2,0.00
i22,e09,c5,p09,l3,0.00
i22,e09,c5,p10,l2,0.00
i22,e09,c5,p10,l3,0.00
i22,e09,c5,p11,l2,0.00
i22,e09,c5,p11,l3,0.00
i22,e09,c5,p12,l2,0.00
i22,e09,c5,p12,l3,0.00
i22,e09,c5,p13,l2,0.00
i22,e09,c5,p13,l3,0.00
i22,e09,c5,p14,l2,0.00
i22,e09,c5,p14,l3,0.00
i22,e09,c5,p15,l2,0.00
i22,e09,c5,p15,l3,0.00
i22,e09,c5,p16,l2,0.00
i22,e09,c5,p16,l3,0.00
i22,e09,c5,p17,l2,0.00
i22,e09,c5,p17,l3,0.00
i22,e09,c5,p18,l2,0.00
i22,e09,c5,p18,l3,0.00
i22,e09,c5,p19,l2,0.00
i22,e09,c5,p19,l3,0.00
i22,e09,c5,p20,l2,0.00
i22,e09,c5,p20,l3,0.00
i22,e09,c5,p21,l2,0.00
i22,e09,c5,p21,l3,0.00
i22,e09,c5,p22,l2,0.00
i22,e09,c5,p22,l3,0.00
i22,e09,c5,p23,l2,0.00
i22,e09,c5,p23,l3,0.00
i22,e09,c5,p24,l2,0.00
i22,e09,c5,p24,l3,0.00
i22,e09,c5,p25,l2,0.00
i22,e09,c5,p25,l3,0.00
i22,e09,c5,p26,l2,0.00
i22,e09,c5,p26,l3,0.00
i22,e09,c5,p28,l2,0.00
i22,e09,c5,p28,l3,0.00
i22,e09,c5,p29,l2,0.00
i22,e09,c5,p29,l3,0.00
i22,e09,c5,p30,l2,0.00
i22,e09,c5,p30,l3,0.00
i22,e09,c5,p31,l2,0.00
i22,e09,c5,p31,l3,0.00
i22,e09,c5,p32,l2,0.00
i22,e09,c5,p32,l3,0.00
i22,e09,c5,p33,l2,0.00
i22,e09,c5,p33,l3,0.00
i22,e09,c5,p35,l2,0.00
i22,e09,c5,p35,l3,0.00
i22,e11,c3,p02,l2,0.00
i22,e11,c3,p06,l2,0.00
i22,e11,c3,p06,l3,0.00
i22,e11,c3,p07,l2,0.00
i22,e11,c3,p07,l3,0.00
i22,e11,c3,p08,l2,0.00
i22,e11,c3,p08,l3,0.00
i22,e11,c3,p09,l2,0.00
i22,e11,c3,p09,l3,0.00
i22,e11,c3,p10,l2,0.00
i22,e11,c3,p10,l3,0.00
i22,e11,c3,p13,l2,0.00
i22,e11,c3,p13,l3,0.00
i22,e11,c3,p15,l3,0.00
i22,e11,c3,p16,l2,0.00
i22,e11,c3,p16,l3,0.00
i22,e11,c3,p18,l3,0.00
i22,e11,c3,p19,l2,0.00
i22,e11,c3,p19,l3,0.00
i22,e11,c3,p20,l2,0.00
i22,e11,c3,p21,l2,0.00
i22,e11,c3,p22,l2,0.00
i22,e11,c3,p22,l3,0.00
i22,e11,c3,p23,l2,0.00
i22,e11,c3,p23,l3,0.00
i22,e11,c3,p25,l2,0.00
i22,e11,c3,p25,l3,0.00
i22,e11,c3,p28,l2,0.00
i22,e11,c3,p28,l3,0.00
i22,e11,c3,p29,l2,0.00
i22,e11,c3,p29,l3,0.00
i22,e11,c3,p35,l2,0.00
i22,e11,c3,p35,l3,0.00
i22,e11,c5,p01,l2,0.00
i22,e11,c5,p01,l3,0.00
i22,e11,c5,p02,l2,0.00
i22,e11,c5,p02,l3,0.00
i22,e11,c5,p03,l2,0.00
i22,e11,c5,p03,l3,0.00
i22,e11,c5,p04,l2,0.00
i22,e11,c5,p04,l3,0.00
i22,e11,c5,p05,l2,0.00
i22,e11,c5,p05,l3,0.00
i22,e11,c5,p06,l2,0.00
i22,e11,c5,p06,l3,0.00
i22,e11,c5,p07,l2,0.00
i22,e11,c5,p07,l3,0.00
i22,e11,c5,p08,l2,0.00
i22,e11,c5,p08,l3,0.00
i22,e11,c5,p09,l2,0.00
i22,e11,c5,p09,l3,0.00
i22,e11,c5,p10,l2,0.00
i22,e11,c5,p10,l3,0.00
i22,e11,c5,p11,l2,0.00
i22,e11,c5,p11,l3,0.00
i22,e11,c5,p12,l2,0.00
i22,e11,c5,p12,l3,0.00
i22,e11,c5,p13,l2,0.00
i22,e11,c5,p13,l3,0.00
i22,e11,c5,p14,l2,0.00
i22,e11,c5,p14,l3,0.00
i22,e11,c5,p15,l2,0.00
i22,e11,c5,p15,l3,0.00
i22,e11,c5,p16,l2,0.00
i22,e11,c5,p16,l3,0.00
i22,e11,c5,p17,l2,0.00
i22,e11,c5,p17,l3,0.00
i22,e11,c5,p18,l2,0.00
i22,e11,c5,p18,l3,0.00
i22,e11,c5,p19,l2,0.00
i22,e11,c5,p19,l3,0.00
i22,e11,c5,p20,l2,0.00
i22,e11,c5,p20,l3,0.00
i22,e11,c5,p21,l2,0.00
i22,e11,c5,p21,l3,0.00
i22,e11,c5,p22,l2,0.00
i22,e11,c5,p22,l3,0.00
i22,e11,c5,p23,l2,0.00
i22,e11,c5,p23,l3,0.00
i22,e11,c5,p24,l2,0.00
i22,e11,c5,p24,l3,0.00
i22,e11,c5,p25,l2,0.00
i22,e11,c5,p25,l3,0.00
i22,e11,c5,p26,l2,0.00
i22,e11,c5,p26,l3,0.00
i22,e11,c5,p28,l2,0.00
i22,e11,c5,p28,l3,0.00
i22,e11,c5,p29,l2,0.00
i22,e11,c5,p29,l3,0.00
i22,e11,c5,p30,l2,0.00
i22,e11,c5,p30,l3,0.00
i22,e11,c5,p31,l2,0.00
i22,e11,c5,p31,l3,0.00
i22,e11,c5,p32,l2,0.00
i22,e11,c5,p32,l3,0.00
i22,e11,c5,p33,l2,0.00
i22,e11,c5,p33,l3,0.00
i22,e11,c5,p35,l2,0.00
i22,e11,c5,p35,l3,0.00
i23,e01,c3,p01,l3,0.00
i23,e01,c3,p02,l3,0.00
i23,e01,c3,p03,l3,0.00
i23,e01,c3,p04,l3,0.00
i23,e01,c3,p05,l3,0.00
i23,e01,c3,p06,l3,0.00
i23,e01,c3,p07,l3,0.00
i23,e01,c3,p08,l3,0.00
i23,e01,c3,p09,l3,0.00
i23,e01,c3,p10,l3,0.00
i23,e01,c3,p11,l3,0.00
i23,e01,c3,p12,l3,0.00
i23,e01,c3,p13,l3,0.00
i23,e01,c3,p14,l3,0.00
i23,e01,c3,p15,l3,0.00
i23,e01,c3,p16,l3,0.00
i23,e01,c3,p17,l3,0.00
i23,e01,c3,p18,l3,0.00
i23,e01,c3,p19,l3,0.00
i23,e01,c3,p20,l3,0.00
i23,e01,c3,p21,l3,0.00
i23,e01,c3,p22,l3,0.00
i23,e01,c3,p23,l3,0.00
i23,e01,c3,p24,l3,0.00
i23,e01,c3,p26,l3,0.00
i23,e01,c3,p28,l3,0.00
i23,e01,c3,p29,l3,0.00
i23,e01,c3,p31,l3,0.00
i23,e01,c3,p35,l3,0.00
i23,e01,c5,p01,l3,10.35
i23,e01,c5,p02,l3,0.00
i23,e01,c5,p03,l3,7.80
i23,e01,c5,p04,l3,2.38
i23,e01,c5,p05,l3,0.00
i23,e01,c5,p06,l3,2.11
i23,e01,c5,p07,l3,4.07
i23,e01,c5,p08,l3,0.00
i23,e01,c5,p09,l3,0.00
i23,e01,c5,p10,l3,10.03
i23,e01,c5,p11,l3,3.03
i23,e01,c5,p12,l3,1.02
i23,e01,c5,p13,l3,0.00
i23,e01,c5,p14,l3,0.00
i23,e01,c5,p15,l3,8.98
i23,e01,c5,p16,l3,2.02
i23,e01,c5,p17,l3,3.71
i23,e01,c5,p18,l3,0.00
i23,e01,c5,p19,l3,2.66
i23,e01,c5,p20,l3,0.00
i23,e01,c5,p21,l3,1.23
i23,e01,c5,p22,l3,5.26
i23,e01,c5,p23,l3,0.00
i23,e01,c5,p24,l3,2.66
i23,e01,c5,p25,l3,0.00
i23,e01,c5,p26,l3,0.00
i23,e01,c5,p28,l3,1.06
i23,e01,c5,p29,l3,1.18
i23,e01,c5,p30,l3,0.00
i23,e01,c5,p31,l3,0.00
i23,e01,c5,p32,l3,0.00
i23,e01,c5,p33,l3,0.00
i23,e01,c5,p35,l3,10.08
i23,e02,c3,p06,l1,0.00
i23,e02,c3,p07,l3,0.00
i23,e02,c3,p10,l3,0.00
i23,e02,c3,p12,l1,0.00
i23,e02,c3,p14,l3,0.00
i23,e02,c3,p15,l3,0.00
i23,e02,c3,p24,l1,0.00
i23,e02,c3,p29,l3,0.00
i23,e02,c3,p35,l1,0.00
i23,e02,c5,p01,l1,0.00
i23,e02,c5,p01,l3,0.00
i23,e02,c5,p02,l1,0.00
i23,e02,c5,p02,l3,0.00
i23,e02,c5,p03,l1,0.00
i23,e02,c5,p03,l3,0.00
i23,e02,c5,p04,l1,0.00
i23,e02,c5,p04,l3,0.00
i23,e02,c5,p05,l1,0.00
i23,e02,c5,p05,l3,0.00
i23,e02,c5,p06,l1,0.00
i23,e02,c5,p06,l3,0.00
i23,e02,c5,p07,l1,0.00
i23,e02,c5,p07,l3,0.00
i23,e02,c5,p08,l1,0.00
i23,e02,c5,p08,l3,0.00
i23,e02,c5,p09,l1,0.00
i23,e02,c5,p09,l3,0.00
i23,e02,c5,p10,l1,0.00
i23,e02,c5,p10,l3,0.00
i23,e02,c5,p11,l1,0.00
i23,e02,c5,p11,l3,0.00
i23,e02,c5,p12,l1,0.00
i23,e02,c5,p12,l3,0.00
i23,e02,c5,p13,l1,0.00
i23,e02,c5,p13,l3,0.00
i23,e02,c5,p14,l1,0.00
i23,e02,c5,p14,l3,0.00
i23,e02,c5,p15,l1,0.00
i23,e02,c5,p15,l3,0.00
i23,e02,c5,p16,l1,0.00
i23,e02,c5,p16,l3,0.00
i23,e02,c5,p17,l1,0.00
i23,e02,c5,p17,l3,0.00
i23,e02,c5,p18,l1,0.00
i23,e02,c5,p18,l3,0.00
i23,e02,c5,p19,l1,0.00
i23,e02,c5,p19,l3,0.00
i23,e02,c5,p20,l1,0.00
i23,e02,c5,p20,l3,0.00
i23,e02,c5,p21,l1,0.00
i23,e02,c5,p21,l3,0.00
i23,e02,c5,p22,l1,0.00
i23,e02,c5,p22,l3,0.00
i23,e02,c5,p23,l1,0.00
i23,e02,c5,p23,l3,0.00
i23,e02,c5,p24,l1,0.00
i23,e02,c5,p24,l3,0.00
i23,e02,c5,p25,l1,0.00
i23,e02,c5,p25,l3,0.00
i23,e02,c5,p26,l3,0.00
i23,e02,c5,p28,l1,0.00
i23,e02,c5,p28,l3,0.00
i23,e02,c5,p29,l1,0.00
i23,e02,c5,p29,l3,0.00
i23,e02,c5,p31,l3,0.00
i23,e02,c5,p32,l1,0.00
i23,e02,c5,p32,l3,0.00
i23,e02,c5,p35,l1,0.00
i23,e02,c5,p35,l3,0.00
i23,e03,c3,p01,l3,0.00
i23,e03,c3,p02,l3,1.39
i23,e03,c3,p03,l3,0.00
i23,e03,c3,p04,l3,0.00
i23,e03,c3,p05,l3,0.00
i23,e03,c3,p06,l3,0.00
i23,e03,c3,p07,l3,0.00
i23,e03,c3,p08,l3,0.00
i23,e03,c3,p09,l3,0.00
i23,e03,c3,p10,l3,0.00
i23,e03,c3,p11,l3,0.00
i23,e03,c3,p12,l3,0.00
i23,e03,c3,p13,l3,0.00
i23,e03,c3,p14,l3,0.00
i23,e03,c3,p15,l3,0.00
i23,e03,c3,p16,l3,0.00
i23,e03,c3,p17,l3,0.00
i23,e03,c3,p18,l3,0.00
i23,e03,c3,p19,l3,0.00
i23,e03,c3,p20,l3,0.00
i23,e03,c3,p21,l3,0.00
i23,e03,c3,p22,l3,0.00
i23,e03,c3,p23,l3,0.00
i23,e03,c3,p24,l3,0.00
i23,e03,c3,p26,l3,0.00
i23,e03,c3,p28,l3,0.00
i23,e03,c3,p29,l3,0.00
i23,e03,c3,p35,l3,0.00
i23,e03,c5,p01,l3,3.56
i23,e03,c5,p02,l3,2.93
i23,e03,c5,p03,l3,5.33
i23,e03,c5,p04,l3,2.18
i23,e03,c5,p05,l3,1.02
i23,e03,c5,p06,l3,1.43
i23,e03,c5,p07,l3,5.61
i23,e03,c5,p08,l3,2.20
i23,e03,c5,p09,l3,3.00
i23,e03,c5,p10,l3,13.14
i23,e03,c5,p11,l3,2.29
i23,e03,c5,p12,l3,2.11
i23,e03,c5,p13,l3,0.00
i23,e03,c5,p14,l3,0.00
i23,e03,c5,p15,l3,3.41
i23,e03,c5,p16,l3,3.72
i23,e03,c5,p17,l3,6.00
i23,e03,c5,p18,l3,18.98
i23,e03,c5,p19,l3,5.29
i23,e03,c5,p20,l3,0.00
i23,e03,c5,p21,l3,1.05
i23,e03,c5,p22,l3,4.71
i23,e03,c5,p23,l3,0.00
i23,e03,c5,p24,l3,2.42
i23,e03,c5,p25,l3,0.00
i23,e03,c5,p26,l3,2.08
i23,e03,c5,p28,l3,1.21
i23,e03,c5,p29,l3,1.63
i23,e03,c5,p30,l3,0.00
i23,e03,c5,p31,l3,0.00
i23,e03,c5,p32,l3,0.00
i23,e03,c5,p33,l3,0.00
i23,e03,c5,p35,l3,2.07
i23,e04,c3,p01,l1,0.00
i23,e04,c3,p01,l3,0.00
i23,e04,c3,p02,l1,0.00
i23,e04,c3,p02,l3,0.00
i23,e04,c3,p03,l1,0.00
i23,e04,c3,p03,l3,0.00
i23,e04,c3,p04,l1,0.00
i23,e04,c3,p04,l3,0.00
i23,e04,c3,p05,l1,0.00
i23,e04,c3,p05,l3,0.00
i23,e04,c3,p06,l1,0.00
i23,e04,c3,p06,l3,0.00
i23,e04,c3,p07,l1,0.00
i23,e04,c3,p07,l3,0.00
i23,e04,c3,p08,l3,0.00
i23,e04,c3,p09,l1,0.00
i23,e04,c3,p09,l3,0.00
i23,e04,c3,p10,l1,0.00
i23,e04,c3,p10,l3,0.00
i23,e04,c3,p11,l1,0.00
i23,e04,c3,p11,l3,0.00
i23,e04,c3,p12,l1,0.00
i23,e04,c3,p12,l3,0.00
i23,e04,c3,p13,l1,0.00
i23,e04,c3,p13,l3,0.00
i23,e04,c3,p14,l3,0.00
i23,e04,c3,p15,l1,0.00
i23,e04,c3,p15,l3,0.00
i23,e04,c3,p16,l3,0.00
i23,e04,c3,p17,l1,0.00
i23,e04,c3,p17,l3,0.00
i23,e04,c3,p18,l3,0.00
i23,e04,c3,p19,l1,0.00
i23,e04,c3,p19,l3,0.00
i23,e04,c3,p21,l1,0.00
i23,e04,c3,p21,l3,0.00
i23,e04,c3,p22,l3,0.00
i23,e04,c3,p23,l1,0.00
i23,e04,c3,p23,l3,0.00
i23,e04,c3,p24,l1,0.00
i23,e04,c3,p24,l3,0.00
i23,e04,c3,p26,l3,0.00
i23,e04,c3,p28,l3,0.00
i23,e04,c3,p29,l1,0.00
i23,e04,c3,p29,l3,0.00
i23,e04,c3,p31,l1,0.00
i23,e04,c3,p35,l1,0.00
i23,e04,c3,p35,l3,0.00
i23,e04,c5,p01,l1,0.00
i23,e04,c5,p01,l3,7.45
i23,e04,c5,p02,l1,0.00
i23,e04,c5,p02,l3,0.00
i23,e04,c5,p03,l1,0.00
i23,e04,c5,p03,l3,4.68
i23,e04,c5,p04,l1,0.00
i23,e04,c5,p04,l3,11.86
i23,e04,c5,p05,l1,0.00
i23,e04,c5,p05,l3,6.05
i23,e04,c5,p06,l1,0.00
i23,e04,c5,p06,l3,0.00
i23,e04,c5,p07,l1,0.00
i23,e04,c5,p07,l3,13.26
i23,e04,c5,p08,l1,0.00
i23,e04,c5,p08,l3,0.00
i23,e04,c5,p09,l1,0.00
i23,e04,c5,p09,l3,3.34
i23,e04,c5,p10,l1,0.00
i23,e04,c5,p10,l3,9.40
i23,e04,c5,p11,l1,0.00
i23,e04,c5,p11,l3,6.54
i23,e04,c5,p12,l1,0.00
i23,e04,c5,p12,l3,4.35
i23,e04,c5,p13,l1,0.00
i23,e04,c5,p13,l3,0.00
i23,e04,c5,p14,l1,0.00
i23,e04,c5,p14,l3,0.00
i23,e04,c5,p15,l1,0.00
i23,e04,c5,p15,l3,2.44
i23,e04,c5,p16,l1,0.00
i23,e04,c5,p16,l3,0.00
i23,e04,c5,p17,l1,0.00
i23,e04,c5,p17,l3,2.56
i23,e04,c5,p18,l1,0.00
i23,e04,c5,p18,l3,3.25
i23,e04,c5,p19,l1,0.00
i23,e04,c5,p19,l3,2.66
i23,e04,c5,p20,l1,0.00
i23,e04,c5,p20,l3,0.00
i23,e04,c5,p21,l1,0.00
i23,e04,c5,p21,l3,0.00
i23,e04,c5,p22,l1,0.00
i23,e04,c5,p22,l3,1.07
i23,e04,c5,p23,l1,0.00
i23,e04,c5,p23,l3,0.00
i23,e04,c5,p24,l1,0.00
i23,e04,c5,p24,l3,1.09
i23,e04,c5,p25,l1,0.00
i23,e04,c5,p25,l3,0.00
i23,e04,c5,p26,l1,0.00
i23,e04,c5,p26,l3,0.00
i23,e04,c5,p28,l1,0.00
i23,e04,c5,p28,l3,0.00
i23,e04,c5,p29,l1,0.00
i23,e04,c5,p29,l3,14.11
i23,e04,c5,p30,l1,0.00
i23,e04,c5,p30,l3,0.00
i23,e04,c5,p31,l1,0.00
i23,e04,c5,p31,l3,0.00
i23,e04,c5,p32,l1,0.00
i23,e04,c5,p32,l3,0.00
i23,e04,c5,p33,l1,0.00
i23,e04,c5,p33,l3,0.00
i23,e04,c5,p35,l1,0.00
i23,e04,c5,p35,l3,3.23
i23,e05,c3,p01,l3,0.00
i23,e05,c3,p02,l3,0.00
i23,e05,c3,p03,l1,0.00
i23,e05,c3,p03,l3,0.00
i23,e05,c3,p04,l3,0.00
i23,e05,c3,p05,l3,0.00
i23,e05,c3,p06,l3,0.00
i23,e05,c3,p07,l3,0.00
i23,e05,c3,p09,l3,0.00
i23,e05,c3,p10,l3,0.00
i23,e05,c3,p14,l3,0.00
i23,e05,c3,p15,l3,0.00
i23,e05,c3,p23,l3,0.00
i23,e05,c3,p24,l3,0.00
i23,e05,c3,p29,l3,0.00
i23,e05,c3,p35,l3,0.00
i23,e05,c5,p01,l1,0.00
i23,e05,c5,p01,l3,0.00
i23,e05,c5,p02,l1,0.00
i23,e05,c5,p02,l3,0.00
i23,e05,c5,p03,l1,0.00
i23,e05,c5,p03,l3,1.53
i23,e05,c5,p04,l1,0.00
i23,e05,c5,p04,l3,0.00
i23,e05,c5,p05,l1,0.00
i23,e05,c5,p05,l3,0.00
i23,e05,c5,p06,l1,0.00
i23,e05,c5,p06,l3,0.00
i23,e05,c5,p07,l1,0.00
i23,e05,c5,p07,l3,0.00
i23,e05,c5,p08,l1,0.00
i23,e05,c5,p08,l3,0.00
i23,e05,c5,p09,l1,0.00
i23,e05,c5,p09,l3,0.00
i23,e05,c5,p10,l1,0.00
i23,e05,c5,p10,l3,0.00
i23,e05,c5,p11,l1,0.00
i23,e05,c5,p11,l3,0.00
i23,e05,c5,p12,l1,0.00
i23,e05,c5,p12,l3,0.00
i23,e05,c5,p13,l1,0.00
i23,e05,c5,p13,l3,0.00
i23,e05,c5,p14,l1,0.00
i23,e05,c5,p14,l3,0.00
i23,e05,c5,p15,l1,0.00
i23,e05,c5,p15,l3,0.00
i23,e05,c5,p16,l1,0.00
i23,e05,c5,p16,l3,0.00
i23,e05,c5,p17,l1,0.00
i23,e05,c5,p17,l3,0.00
i23,e05,c5,p18,l1,0.00
i23,e05,c5,p18,l3,0.00
i23,e05,c5,p19,l1,0.00
i23,e05,c5,p19,l3,0.00
i23,e05,c5,p20,l1,0.00
i23,e05,c5,p20,l3,0.00
i23,e05,c5,p21,l1,0.00
i23,e05,c5,p21,l3,0.00
i23,e05,c5,p22,l1,0.00
i23,e05,c5,p22,l3,0.00
i23,e05,c5,p23,l1,0.00
i23,e05,c5,p23,l3,0.00
i23,e05,c5,p24,l1,0.00
i23,e05,c5,p24,l3,0.00
i23,e05,c5,p25,l1,0.00
i23,e05,c5,p25,l3,0.00
i23,e05,c5,p26,l1,0.00
i23,e05,c5,p26,l3,0.00
i23,e05,c5,p28,l1,0.00
i23,e05,c5,p28,l3,0.00
i23,e05,c5,p29,l1,0.00
i23,e05,c5,p29,l3,0.00
i23,e05,c5,p31,l1,0.00
i23,e05,c5,p31,l3,0.00
i23,e05,c5,p32,l1,0.00
i23,e05,c5,p32,l3,0.00
i23,e05,c5,p35,l1,0.00
i23,e05,c5,p35,l3,1.08
i23,e07,c3,p02,l3,0.00
i23,e07,c3,p16,l2,0.00
i23,e07,c3,p35,l2,0.00
i23,e07,c5,p01,l2,0.00
i23,e07,c5,p01,l3,0.00
i23,e07,c5,p02,l2,0.00
i23,e07,c5,p02,l3,0.00
i23,e07,c5,p03,l2,0.00
i23,e07,c5,p03,l3,0.00
i23,e07,c5,p04,l2,0.00
i23,e07,c5,p04,l3,0.00
i23,e07,c5,p05,l2,0.00
i23,e07,c5,p05,l3,0.00
i23,e07,c5,p06,l2,0.00
i23,e07,c5,p06,l3,0.00
i23,e07,c5,p07,l2,0.00
i23,e07,c5,p07,l3,0.00
i23,e07,c5,p08,l2,0.00
i23,e07,c5,p08,l3,0.00
i23,e07,c5,p09,l2,0.00
i23,e07,c5,p09,l3,0.00
i23,e07,c5,p10,l2,0.00
i23,e07,c5,p10,l3,0.00
i23,e07,c5,p11,l2,0.00
i23,e07,c5,p11,l3,0.00
i23,e07,c5,p12,l2,0.00
i23,e07,c5,p12,l3,0.00
i23,e07,c5,p13,l2,0.00
i23,e07,c5,p13,l3,0.00
i23,e07,c5,p14,l2,0.00
i23,e07,c5,p14,l3,0.00
i23,e07,c5,p15,l2,0.00
i23,e07,c5,p15,l3,0.00
i23,e07,c5,p16,l2,0.00
i23,e07,c5,p16,l3,0.00
i23,e07,c5,p17,l2,0.00
i23,e07,c5,p17,l3,0.00
i23,e07,c5,p18,l2,0.00
i23,e07,c5,p18,l3,0.00
i23,e07,c5,p19,l2,0.00
i23,e07,c5,p19,l3,0.00
i23,e07,c5,p20,l2,0.00
i23,e07,c5,p20,l3,0.00
i23,e07,c5,p21,l2,0.00
i23,e07,c5,p21,l3,0.00
i23,e07,c5,p22,l2,0.00
i23,e07,c5,p22,l3,0.00
i23,e07,c5,p23,l2,0.00
i23,e07,c5,p23,l3,0.00
i23,e07,c5,p24,l2,0.00
i23,e07,c5,p24,l3,0.00
i23,e07,c5,p25,l2,0.00
i23,e07,c5,p28,l2,0.00
i23,e07,c5,p28,l3,0.00
i23,e07,c5,p29,l2,0.00
i23,e07,c5,p29,l3,0.00
i23,e07,c5,p31,l2,0.00
i23,e07,c5,p31,l3,0.00
i23,e07,c5,p32,l2,0.00
i23,e07,c5,p32,l3,0.00
i23,e07,c5,p35,l2,0.00
i23,e07,c5,p35,l3,0.00
i23,e08,c3,p01,l3,0.00
i23,e08,c3,p02,l2,0.00
i23,e08,c3,p02,l3,0.00
i23,e08,c3,p03,l2,0.00
i23,e08,c3,p03,l3,0.00
i23,e08,c3,p04,l3,0.00
i23,e08,c3,p05,l3,0.00
i23,e08,c3,p06,l2,0.00
i23,e08,c3,p06,l3,0.00
i23,e08,c3,p07,l2,0.00
i23,e08,c3,p07,l3,0.00
i23,e08,c3,p09,l2,0.00
i23,e08,c3,p09,l3,0.00
i23,e08,c3,p10,l2,0.00
i23,e08,c3,p10,l3,0.00
i23,e08,c3,p11,l2,0.00
i23,e08,c3,p11,l3,0.00
i23,e08,c3,p12,l2,0.00
i23,e08,c3,p12,l3,0.00
i23,e08,c3,p13,l2,0.00
i23,e08,c3,p13,l3,1.08
i23,e08,c3,p14,l3,0.00
i23,e08,c3,p15,l2,0.00
i23,e08,c3,p15,l3,0.00
i23,e08,c3,p16,l3,0.00
i23,e08,c3,p17,l2,0.00
i23,e08,c3,p17,l3,0.00
i23,e08,c3,p18,l3,0.00
i23,e08,c3,p19,l3,0.00
i23,e08,c3,p21,l2,0.00
i23,e08,c3,p21,l3,0.00
i23,e08,c3,p22,l2,0.00
i23,e08,c3,p22,l3,0.00
i23,e08,c3,p23,l2,0.00
i23,e08,c3,p23,l3,0.00
i23,e08,c3,p24,l2,0.00
i23,e08,c3,p24,l3,0.00
i23,e08,c3,p26,l3,0.00
i23,e08,c3,p28,l3,0.00
i23,e08,c3,p29,l2,0.00
i23,e08,c3,p29,l3,0.00
i23,e08,c3,p31,l2,0.00
i23,e08,c3,p35,l2,0.00
i23,e08,c3,p35,l3,0.00
i23,e08,c5,p01,l2,0.00
i23,e08,c5,p01,l3,7.14
i23,e08,c5,p02,l2,0.00
i23,e08,c5,p02,l3,0.00
i23,e08,c5,p03,l2,0.00
i23,e08,c5,p03,l3,5.17
i23,e08,c5,p04,l2,0.00
i23,e08,c5,p04,l3,14.75
i23,e08,c5,p05,l2,0.00
i23,e08,c5,p05,l3,9.16
i23,e08,c5,p06,l2,0.00
i23,e08,c5,p06,l3,0.00
i23,e08,c5,p07,l2,0.00
i23,e08,c5,p07,l3,3.71
i23,e08,c5,p08,l2,0.00
i23,e08,c5,p08,l3,0.00
i23,e08,c5,p09,l2,0.00
i23,e08,c5,p09,l3,0.00
i23,e08,c5,p10,l2,0.00
i23,e08,c5,p10,l3,18.14
i23,e08,c5,p11,l2,0.00
i23,e08,c5,p11,l3,1.15
i23,e08,c5,p12,l2,0.00
i23,e08,c5,p12,l3,3.10
i23,e08,c5,p13,l2,0.00
i23,e08,c5,p13,l3,0.00
i23,e08,c5,p14,l2,0.00
i23,e08,c5,p14,l3,0.00
i23,e08,c5,p15,l2,0.00
i23,e08,c5,p15,l3,3.72
i23,e08,c5,p16,l2,0.00
i23,e08,c5,p16,l3,0.00
i23,e08,c5,p17,l2,0.00
i23,e08,c5,p17,l3,4.08
i23,e08,c5,p18,l2,0.00
i23,e08,c5,p18,l3,0.00
i23,e08,c5,p19,l2,0.00
i23,e08,c5,p19,l3,1.70
i23,e08,c5,p20,l2,0.00
i23,e08,c5,p20,l3,0.00
i23,e08,c5,p21,l2,0.00
i23,e08,c5,p21,l3,0.00
i23,e08,c5,p22,l2,0.00
i23,e08,c5,p22,l3,0.00
i23,e08,c5,p23,l2,0.00
i23,e08,c5,p23,l3,0.00
i23,e08,c5,p24,l2,0.00
i23,e08,c5,p24,l3,0.00
i23,e08,c5,p25,l2,0.00
i23,e08,c5,p25,l3,0.00
i23,e08,c5,p26,l2,0.00
i23,e08,c5,p26,l3,36.11
i23,e08,c5,p28,l2,0.00
i23,e08,c5,p28,l3,0.00
i23,e08,c5,p29,l2,0.00
i23,e08,c5,p29,l3,0.00
i23,e08,c5,p30,l2,0.00
i23,e08,c5,p30,l3,0.00
i23,e08,c5,p31,l2,0.00
i23,e08,c5,p31,l3,0.00
i23,e08,c5,p32,l2,0.00
i23,e08,c5,p32,l3,0.00
i23,e08,c5,p33,l3,0.00
i23,e08,c5,p35,l2,0.00
i23,e08,c5,p35,l3,0.00
i23,e09,c3,p01,l2,0.00
i23,e09,c3,p01,l3,0.00
i23,e09,c3,p02,l2,0.00
i23,e09,c3,p02,l3,0.00
i23,e09,c3,p03,l2,0.00
i23,e09,c3,p03,l3,0.00
i23,e09,c3,p04,l3,0.00
i23,e09,c3,p05,l3,0.00
i23,e09,c3,p06,l2,0.00
i23,e09,c3,p06,l3,0.00
i23,e09,c3,p07,l2,0.00
i23,e09,c3,p07,l3,0.00
i23,e09,c3,p08,l3,0.00
i23,e09,c3,p09,l2,0.00
i23,e09,c3,p09,l3,0.00
i23,e09,c3,p10,l2,0.00
i23,e09,c3,p10,l3,0.00
i23,e09,c3,p11,l2,0.00
i23,e09,c3,p11,l3,0.00
i23,e09,c3,p12,l2,0.00
i23,e09,c3,p12,l3,0.00
i23,e09,c3,p13,l2,0.00
i23,e09,c3,p13,l3,0.00
i23,e09,c3,p14,l2,0.00
i23,e09,c3,p14,l3,0.00
i23,e09,c3,p15,l2,0.00
i23,e09,c3,p15,l3,0.00
i23,e09,c3,p16,l2,0.00
i23,e09,c3,p16,l3,0.00
i23,e09,c3,p17,l2,0.00
i23,e09,c3,p17,l3,0.00
i23,e09,c3,p18,l2,0.00
i23,e09,c3,p18,l3,0.00
i23,e09,c3,p19,l2,0.00
i23,e09,c3,p19,l3,0.00
i23,e09,c3,p20,l3,0.00
i23,e09,c3,p21,l2,0.00
i23,e09,c3,p21,l3,0.00
i23,e09,c3,p22,l2,0.00
i23,e09,c3,p22,l3,0.00
i23,e09,c3,p23,l2,0.00
i23,e09,c3,p23,l3,0.00
i23,e09,c3,p24,l2,0.00
i23,e09,c3,p24,l3,0.00
i23,e09,c3,p26,l3,0.00
i23,e09,c3,p28,l3,0.00
i23,e09,c3,p29,l2,0.00
i23,e09,c3,p29,l3,0.00
i23,e09,c3,p31,l2,0.00
i23,e09,c3,p35,l2,0.00
i23,e09,c3,p35,l3,0.00
i23,e09,c5,p01,l2,0.00
i23,e09,c5,p01,l3,1.80
i23,e09,c5,p02,l2,0.00
i23,e09,c5,p02,l3,0.00
i23,e09,c5,p03,l2,0.00
i23,e09,c5,p03,l3,3.14
i23,e09,c5,p04,l2,0.00
i23,e09,c5,p04,l3,2.49
i23,e09,c5,p05,l2,0.00
i23,e09,c5,p05,l3,1.69
i23,e09,c5,p06,l2,0.00
i23,e09,c5,p06,l3,0.00
i23,e09,c5,p07,l2,0.00
i23,e09,c5,p07,l3,5.09
i23,e09,c5,p08,l2,0.00
i23,e09,c5,p08,l3,1.66
i23,e09,c5,p09,l2,0.00
i23,e09,c5,p09,l3,0.00
i23,e09,c5,p10,l2,0.00
i23,e09,c5,p10,l3,9.32
i23,e09,c5,p11,l2,0.00
i23,e09,c5,p11,l3,5.25
i23,e09,c5,p12,l2,0.00
i23,e09,c5,p12,l3,2.47
i23,e09,c5,p13,l2,0.00
i23,e09,c5,p13,l3,0.00
i23,e09,c5,p14,l2,0.00
i23,e09,c5,p14,l3,0.00
i23,e09,c5,p15,l2,0.00
i23,e09,c5,p15,l3,4.64
i23,e09,c5,p16,l2,0.00
i23,e09,c5,p16,l3,1.13
i23,e09,c5,p17,l2,0.00
i23,e09,c5,p17,l3,0.00
i23,e09,c5,p18,l2,0.00
i23,e09,c5,p18,l3,0.00
i23,e09,c5,p19,l2,0.00
i23,e09,c5,p19,l3,2.62
i23,e09,c5,p20,l2,0.00
i23,e09,c5,p20,l3,0.00
i23,e09,c5,p21,l2,0.00
i23,e09,c5,p21,l3,0.00
i23,e09,c5,p22,l2,0.00
i23,e09,c5,p22,l3,3.62
i23,e09,c5,p23,l2,0.00
i23,e09,c5,p23,l3,0.00
i23,e09,c5,p24,l2,0.00
i23,e09,c5,p24,l3,0.00
i23,e09,c5,p25,l2,0.00
i23,e09,c5,p25,l3,0.00
i23,e09,c5,p26,l2,0.00
i23,e09,c5,p26,l3,0.00
i23,e09,c5,p28,l2,0.00
i23,e09,c5,p28,l3,0.00
i23,e09,c5,p29,l2,0.00
i23,e09,c5,p29,l3,3.35
i23,e09,c5,p30,l2,0.00
i23,e09,c5,p30,l3,0.00
i23,e09,c5,p31,l2,0.00
i23,e09,c5,p31,l3,0.00
i23,e09,c5,p32,l2,0.00
i23,e09,c5,p32,l3,0.00
i23,e09,c5,p33,l3,0.00
i23,e09,c5,p35,l2,0.00
i23,e09,c5,p35,l3,6.04
i23,e10,c3,p01,l2,0.00
i23,e10,c3,p01,l3,0.00
i23,e10,c3,p02,l3,0.00
i23,e10,c3,p03,l2,0.00
i23,e10,c3,p03,l3,0.00
i23,e10,c3,p04,l3,0.00
i23,e10,c3,p05,l3,0.00
i23,e10,c3,p07,l2,0.00
i23,e10,c3,p07,l3,0.00
i23,e10,c3,p09,l3,0.00
i23,e10,c3,p10,l2,0.00
i23,e10,c3,p10,l3,0.00
i23,e10,c3,p11,l3,0.00
i23,e10,c3,p12,l3,0.00
i23,e10,c3,p13,l3,0.00
i23,e10,c3,p14,l3,0.00
i23,e10,c3,p15,l3,0.00
i23,e10,c3,p16,l3,0.00
i23,e10,c3,p17,l3,0.00
i23,e10,c3,p19,l3,0.00
i23,e10,c3,p21,l3,0.00
i23,e10,c3,p22,l3,0.00
i23,e10,c3,p24,l3,0.00
i23,e10,c3,p26,l3,0.00
i23,e10,c3,p35,l3,0.00
i23,e10,c5,p01,l2,0.00
i23,e10,c5,p01,l3,0.00
i23,e10,c5,p01,l4,0.00
i23,e10,c5,p02,l2,0.00
i23,e10,c5,p02,l3,0.00
i23,e10,c5,p02,l4,0.00
i23,e10,c5,p03,l2,0.00
i23,e10,c5,p03,l3,0.00
i23,e10,c5,p03,l4,0.00
i23,e10,c5,p04,l2,0.00
i23,e10,c5,p04,l3,15.08
i23,e10,c5,p04,l4,0.00
i23,e10,c5,p05,l2,0.00
i23,e10,c5,p05,l3,0.00
i23,e10,c5,p05,l4,0.00
i23,e10,c5,p06,l2,0.00
i23,e10,c5,p06,l3,0.00
i23,e10,c5,p06,l4,0.00
i23,e10,c5,p07,l2,0.00
i23,e10,c5,p07,l3,0.00
i23,e10,c5,p07,l4,0.00
i23,e10,c5,p08,l2,0.00
i23,e10,c5,p08,l3,0.00
i23,e10,c5,p09,l2,0.00
i23,e10,c5,p09,l3,0.00
i23,e10,c5,p09,l4,0.00
i23,e10,c5,p10,l2,0.00
i23,e10,c5,p10,l3,8.19
i23,e10,c5,p10,l4,0.00
i23,e10,c5,p11,l2,0.00
i23,e10,c5,p11,l3,0.00
i23,e10,c5,p11,l4,0.00
i23,e10,c5,p12,l2,0.00
i23,e10,c5,p12,l3,0.00
i23,e10,c5,p12,l4,0.00
i23,e10,c5,p13,l2,0.00
i23,e10,c5,p13,l3,0.00
i23,e10,c5,p13,l4,0.00
i23,e10,c5,p14,l2,0.00
i23,e10,c5,p14,l3,0.00
i23,e10,c5,p15,l2,0.00
i23,e10,c5,p15,l3,0.00
i23,e10,c5,p15,l4,0.00
i23,e10,c5,p16,l2,0.00
i23,e10,c5,p16,l3,0.00
i23,e10,c5,p16,l4,0.00
i23,e10,c5,p17,l2,0.00
i23,e10,c5,p17,l3,0.00
i23,e10,c5,p17,l4,0.00
i23,e10,c5,p18,l2,0.00
i23,e10,c5,p18,l3,0.00
i23,e10,c5,p18,l4,0.00
i23,e10,c5,p19,l2,0.00
i23,e10,c5,p19,l3,0.00
i23,e10,c5,p19,l4,0.00
i23,e10,c5,p20,l2,0.00
i23,e10,c5,p20,l3,0.00
i23,e10,c5,p21,l2,0.00
i23,e10,c5,p21,l3,0.00
i23,e10,c5,p21,l4,0.00
i23,e10,c5,p22,l2,0.00
i23,e10,c5,p22,l3,0.00
i23,e10,c5,p22,l4,0.00
i23,e10,c5,p23,l2,0.00
i23,e10,c5,p23,l3,0.00
i23,e10,c5,p23,l4,0.00
i23,e10,c5,p24,l2,0.00
i23,e10,c5,p24,l3,0.00
i23,e10,c5,p24,l4,0.00
i23,e10,c5,p25,l2,0.00
i23,e10,c5,p25,l3,0.00
i23,e10,c5,p25,l4,0.00
i23,e10,c5,p26,l2,0.00
i23,e10,c5,p26,l3,0.00
i23,e10,c5,p28,l2,0.00
i23,e10,c5,p28,l3,0.00
i23,e10,c5,p29,l2,0.00
i23,e10,c5,p29,l3,0.00
i23,e10,c5,p29,l4,0.00
i23,e10,c5,p30,l3,0.00
i23,e10,c5,p31,l2,0.00
i23,e10,c5,p31,l3,0.00
i23,e10,c5,p32,l2,0.00
i23,e10,c5,p32,l3,0.00
i23,e10,c5,p32,l4,0.00
i23,e10,c5,p33,l3,0.00
i23,e10,c5,p35,l2,0.00
i23,e10,c5,p35,l3,0.00
i23,e10,c5,p35,l4,0.00
i23,e11,c3,p02,l2,0.00
i23,e11,c3,p03,l2,0.00
i23,e11,c3,p03,l3,0.00
i23,e11,c3,p04,l2,0.00
i23,e11,c3,p04,l3,0.00
i23,e11,c3,p10,l2,0.00
i23,e11,c3,p10,l3,0.00
i23,e11,c3,p13,l3,0.00
i23,e11,c3,p14,l3,0.00
i23,e11,c3,p17,l2,0.00
i23,e11,c3,p19,l2,0.00
i23,e11,c3,p22,l3,0.00
i23,e11,c3,p23,l2,0.00
i23,e11,c3,p23,l3,0.00
i23,e11,c3,p24,l2,0.00
i23,e11,c3,p31,l2,0.00
i23,e11,c3,p35,l2,0.00
i23,e11,c3,p35,l3,0.00
i23,e11,c5,p01,l2,0.00
i23,e11,c5,p01,l3,0.00
i23,e11,c5,p02,l2,0.00
i23,e11,c5,p02,l3,0.00
i23,e11,c5,p03,l2,0.00
i23,e11,c5,p03,l3,0.00
i23,e11,c5,p04,l2,0.00
i23,e11,c5,p04,l3,0.00
i23,e11,c5,p05,l2,0.00
i23,e11,c5,p05,l3,0.00
i23,e11,c5,p06,l2,0.00
i23,e11,c5,p06,l3,0.00
i23,e11,c5,p07,l2,0.00
i23,e11,c5,p07,l3,0.00
i23,e11,c5,p08,l2,0.00
i23,e11,c5,p08,l3,0.00
i23,e11,c5,p09,l2,0.00
i23,e11,c5,p09,l3,0.00
i23,e11,c5,p10,l2,0.00
i23,e11,c5,p10,l3,0.00
i23,e11,c5,p11,l2,0.00
i23,e11,c5,p11,l3,0.00
i23,e11,c5,p12,l2,0.00
i23,e11,c5,p12,l3,0.00
i23,e11,c5,p13,l2,0.00
i23,e11,c5,p13,l3,0.00
i23,e11,c5,p14,l2,0.00
i23,e11,c5,p14,l3,0.00
i23,e11,c5,p15,l2,0.00
i23,e11,c5,p15,l3,0.00
i23,e11,c5,p16,l2,0.00
i23,e11,c5,p16,l3,0.00
i23,e11,c5,p17,l2,0.00
i23,e11,c5,p17,l3,0.00
i23,e11,c5,p18,l2,0.00
i23,e11,c5,p18,l3,0.00
i23,e11,c5,p19,l2,0.00
i23,e11,c5,p19,l3,0.00
i23,e11,c5,p20,l2,0.00
i23,e11,c5,p20,l3,0.00
i23,e11,c5,p21,l2,0.00
i23,e11,c5,p21,l3,0.00
i23,e11,c5,p22,l2,0.00
i23,e11,c5,p22,l3,0.00
i23,e11,c5,p23,l2,0.00
i23,e11,c5,p23,l3,0.00
i23,e11,c5,p24,l2,0.00
i23,e11,c5,p24,l3,0.00
i23,e11,c5,p25,l2,0.00
i23,e11,c5,p25,l3,0.00
i23,e11,c5,p26,l2,0.00
i23,e11,c5,p26,l3,0.00
i23,e11,c5,p28,l2,0.00
i23,e11,c5,p28,l3,0.00
i23,e11,c5,p29,l2,0.00
i23,e11,c5,p29,l3,0.00
i23,e11,c5,p30,l2,0.00
i23,e11,c5,p31,l2,0.00
i23,e11,c5,p31,l3,0.00
i23,e11,c5,p32,l2,0.00
i23,e11,c5,p32,l3,0.00
i23,e11,c5,p35,l2,0.00
i23,e11,c5,p35,l3,0.00
i23,e12,c3,p01,l3,0.00
i23,e12,c3,p02,l3,0.00
i23,e12,c3,p03,l3,0.00
i23,e12,c3,p04,l3,0.00
i23,e12,c3,p05,l3,0.00
i23,e12,c3,p06,l3,0.00
i23,e12,c3,p07,l3,0.00
i23,e12,c3,p09,l3,0.00
i23,e12,c3,p10,l3,0.00
i23,e12,c3,p11,l3,0.00
i23,e12,c3,p12,l3,0.00
i23,e12,c3,p13,l3,0.00
i23,e12,c3,p14,l3,0.00
i23,e12,c3,p15,l3,0.00
i23,e12,c3,p16,l3,0.00
i23,e12,c3,p17,l3,0.00
i23,e12,c3,p19,l3,0.00
i23,e12,c3,p21,l3,0.00
i23,e12,c3,p22,l3,0.00
i23,e12,c3,p23,l3,0.00
i23,e12,c3,p26,l3,0.00
i23,e12,c3,p31,l3,0.00
i23,e12,c3,p35,l3,0.00
i23,e12,c5,p01,l3,0.00
i23,e12,c5,p02,l3,0.00
i23,e12,c5,p03,l3,0.00
i23,e12,c5,p04,l3,260.40
i23,e12,c5,p05,l3,0.00
i23,e12,c5,p06,l3,0.00
i23,e12,c5,p07,l3,0.00
i23,e12,c5,p08,l3,0.00
i23,e12,c5,p09,l3,0.00
i23,e12,c5,p10,l3,0.00
i23,e12,c5,p11,l3,0.00
i23,e12,c5,p12,l3,0.00
i23,e12,c5,p13,l3,0.00
i23,e12,c5,p14,l3,0.00
i23,e12,c5,p15,l3,0.00
i23,e12,c5,p16,l3,0.00
i23,e12,c5,p17,l3,0.00
i23,e12,c5,p18,l3,0.00
i23,e12,c5,p19,l3,0.00
i23,e12,c5,p20,l3,0.00
i23,e12,c5,p21,l3,0.00
i23,e12,c5,p22,l3,0.00
i23,e12,c5,p23,l3,0.00
i23,e12,c5,p24,l3,0.00
i23,e12,c5,p25,l3,0.00
i23,e12,c5,p26,l3,0.00
i23,e12,c5,p28,l3,0.00
i23,e12,c5,p29,l3,2.15
i23,e12,c5,p30,l3,0.00
i23,e12,c5,p31,l3,0.00
i23,e12,c5,p32,l3,0.00
i23,e12,c5,p33,l3,0.00
i23,e12,c5,p35,l3,0.00
i23,e13,c3,p01,l3,0.00
i23,e13,c3,p02,l3,0.00
i23,e13,c3,p03,l3,0.00
i23,e13,c3,p04,l3,0.00
i23,e13,c3,p05,l3,0.00
i23,e13,c3,p06,l3,0.00
i23,e13,c3,p07,l3,0.00
i23,e13,c3,p08,l3,0.00
i23,e13,c3,p09,l3,0.00
i23,e13,c3,p10,l3,0.00
i23,e13,c3,p11,l3,0.00
i23,e13,c3,p12,l3,0.00
i23,e13,c3,p13,l3,0.00
i23,e13,c3,p14,l3,0.00
i23,e13,c3,p15,l3,0.00
i23,e13,c3,p16,l3,0.00
i23,e13,c3,p17,l3,0.00
i23,e13,c3,p18,l3,0.00
i23,e13,c3,p19,l3,0.00
i23,e13,c3,p20,l3,0.00
i23,e13,c3,p21,l3,0.00
i23,e13,c3,p22,l3,0.00
i23,e13,c3,p23,l3,0.00
i23,e13,c3,p24,l3,0.00
i23,e13,c3,p26,l3,0.00
i23,e13,c3,p28,l3,0.00
i23,e13,c3,p29,l3,0.00
i23,e13,c3,p31,l3,0.00
i23,e13,c3,p35,l3,0.00
i23,e13,c5,p01,l3,12.27
i23,e13,c5,p02,l3,3.37
i23,e13,c5,p03,l3,50.22
i23,e13,c5,p04,l3,6.27
i23,e13,c5,p05,l3,11.17
i23,e13,c5,p06,l3,1.19
i23,e13,c5,p07,l3,19.56
i23,e13,c5,p08,l3,8.83
i23,e13,c5,p09,l3,16.62
i23,e13,c5,p10,l3,51.39
i23,e13,c5,p11,l3,5.16
i23,e13,c5,p12,l3,17.46
i23,e13,c5,p13,l3,19.48
i23,e13,c5,p14,l3,6.21
i23,e13,c5,p15,l3,33.31
i23,e13,c5,p16,l3,8.20
i23,e13,c5,p17,l3,23.39
i23,e13,c5,p18,l3,20.04
i23,e13,c5,p19,l3,40.18
i23,e13,c5,p20,l3,0.00
i23,e13,c5,p21,l3,12.95
i23,e13,c5,p22,l3,6.35
i23,e13,c5,p23,l3,3.24
i23,e13,c5,p24,l3,2.28
i23,e13,c5,p25,l3,0.00
i23,e13,c5,p26,l3,0.00
i23,e13,c5,p28,l3,11.14
i23,e13,c5,p29,l3,18.63
i23,e13,c5,p30,l3,0.00
i23,e13,c5,p31,l3,0.00
i23,e13,c5,p32,l3,0.00
i23,e13,c5,p33,l3,0.00
i23,e13,c5,p35,l3,13.53
i24,e01,c1,p01,l3,0.00
i24,e01,c1,p02,l3,0.00
i24,e01,c1,p03,l3,0.00
i24,e01,c1,p04,l3,0.00
i24,e01,c1,p05,l3,0.00
i24,e01,c1,p06,l3,0.00
i24,e01,c1,p07,l3,0.00
i24,e01,c1,p08,l3,0.00
i24,e01,c1,p09,l3,0.00
i24,e01,c1,p10,l3,0.00
i24,e01,c1,p11,l3,0.00
i24,e01,c1,p12,l3,0.00
i24,e01,c1,p13,l3,0.00
i24,e01,c1,p14,l3,0.00
i24,e01,c1,p15,l3,0.00
i24,e01,c1,p16,l3,0.00
i24,e01,c1,p17,l3,0.00
i24,e01,c1,p18,l3,0.00
i24,e01,c1,p19,l3,4.20
i24,e01,c1,p20,l3,0.00
i24,e01,c1,p21,l3,0.00
i24,e01,c1,p22,l3,0.00
i24,e01,c1,p23,l3,0.00
i24,e01,c1,p24,l3,0.00
i24,e01,c1,p25,l3,0.00
i24,e01,c1,p28,l3,0.00
i24,e01,c1,p29,l3,0.00
i24,e01,c1,p32,l3,0.00
i24,e01,c1,p33,l3,0.00
i24,e01,c1,p34,l3,0.00
i24,e01,c1,p35,l3,1.16
i24,e01,c4,p01,l3,0.00
i24,e01,c4,p06,l3,0.00
i24,e01,c4,p10,l3,0.00
i24,e01,c4,p16,l3,0.00
i24,e01,c4,p17,l3,0.00
i24,e01,c4,p19,l3,0.00
i24,e01,c4,p21,l3,0.00
i24,e01,c4,p35,l3,0.00
i24,e01,c7,p17,l3,0.00
i24,e01,c7,p35,l3,0.00
i24,e04,c1,p01,l1,0.00
i24,e04,c1,p01,l3,0.00
i24,e04,c1,p02,l3,0.00
i24,e04,c1,p03,l3,0.00
i24,e04,c1,p04,l3,0.00
i24,e04,c1,p05,l1,0.00
i24,e04,c1,p05,l3,0.00
i24,e04,c1,p06,l1,0.00
i24,e04,c1,p06,l3,0.00
i24,e04,c1,p07,l1,0.00
i24,e04,c1,p07,l3,0.00
i24,e04,c1,p08,l1,0.00
i24,e04,c1,p08,l3,0.00
i24,e04,c1,p09,l1,0.00
i24,e04,c1,p09,l3,0.00
i24,e04,c1,p10,l1,0.00
i24,e04,c1,p10,l3,0.00
i24,e04,c1,p11,l1,0.00
i24,e04,c1,p11,l3,0.00
i24,e04,c1,p12,l1,0.00
i24,e04,c1,p12,l3,0.00
i24,e04,c1,p13,l3,0.00
i24,e04,c1,p14,l3,0.00
i24,e04,c1,p15,l1,0.00
i24,e04,c1,p15,l3,0.00
i24,e04,c1,p16,l1,0.00
i24,e04,c1,p16,l3,0.00
i24,e04,c1,p17,l3,0.00
i24,e04,c1,p18,l1,0.00
i24,e04,c1,p18,l3,0.00
i24,e04,c1,p19,l1,0.00
i24,e04,c1,p19,l3,0.00
i24,e04,c1,p20,l3,0.00
i24,e04,c1,p21,l1,0.00
i24,e04,c1,p21,l3,0.00
i24,e04,c1,p22,l1,0.00
i24,e04,c1,p22,l3,0.00
i24,e04,c1,p23,l1,0.00
i24,e04,c1,p23,l3,0.00
i24,e04,c1,p24,l1,0.00
i24,e04,c1,p24,l3,0.00
i24,e04,c1,p25,l3,0.00
i24,e04,c1,p28,l3,0.00
i24,e04,c1,p29,l3,0.00
i24,e04,c1,p32,l1,0.00
i24,e04,c1,p32,l3,0.00
i24,e04,c1,p33,l3,0.00
i24,e04,c1,p35,l1,0.00
i24,e04,c1,p35,l3,0.00
i24,e04,c4,p01,l3,0.00
i24,e04,c4,p06,l3,0.00
i24,e04,c4,p10,l3,0.00
i24,e04,c4,p17,l3,0.00
i24,e04,c4,p19,l1,0.00
i24,e04,c4,p19,l3,0.00
i24,e04,c4,p21,l3,0.00
i24,e04,c4,p22,l3,0.00
i24,e04,c4,p35,l1,0.00
i24,e04,c4,p35,l3,0.00
i24,e04,c7,p17,l3,0.00
i24,e05,c1,p01,l1,0.00
i24,e05,c1,p01,l3,0.00
i24,e05,c1,p05,l3,0.00
i24,e05,c1,p06,l1,0.00
i24,e05,c1,p10,l3,0.00
i24,e05,c1,p15,l3,0.00
i24,e05,c1,p18,l3,0.00
i24,e05,c1,p19,l1,0.00
i24,e05,c1,p19,l3,0.00
i24,e05,c1,p35,l1,0.00
i24,e05,c1,p35,l3,0.00
i24,e05,c4,p19,l1,0.00
i24,e05,c4,p19,l3,0.00
i24,e06,c1,p01,l3,0.00
i24,e06,c1,p03,l3,0.00
i24,e06,c1,p06,l3,0.00
i24,e06,c1,p10,l3,0.00
i24,e06,c1,p14,l3,0.00
i24,e06,c1,p15,l3,0.00
i24,e06,c1,p18,l3,0.00
i24,e06,c1,p19,l3,0.00
i24,e06,c1,p25,l3,0.00
i24,e06,c1,p29,l3,0.00
i24,e06,c1,p35,l3,0.00
i24,e06,c4,p35,l3,0.00
i24,e07,c1,p01,l2,0.00
i24,e07,c1,p01,l3,0.00
i24,e07,c1,p03,l2,0.00
i24,e07,c1,p03,l3,0.00
i24,e07,c1,p04,l3,0.00
i24,e07,c1,p05,l3,0.00
i24,e07,c1,p06,l2,0.00
i24,e07,c1,p06,l3,0.00
i24,e07,c1,p07,l2,0.00
i24,e07,c1,p07,l3,0.00
i24,e07,c1,p08,l3,0.00
i24,e07,c1,p09,l2,0.00
i24,e07,c1,p09,l3,0.00
i24,e07,c1,p10,l2,0.00
i24,e07,c1,p10,l3,0.00
i24,e07,c1,p11,l2,0.00
i24,e07,c1,p11,l3,0.00
i24,e07,c1,p12,l2,0.00
i24,e07,c1,p12,l3,0.00
i24,e07,c1,p13,l3,0.00
i24,e07,c1,p14,l3,0.00
i24,e07,c1,p15,l2,0.00
i24,e07,c1,p15,l3,0.00
i24,e07,c1,p16,l3,0.00
i24,e07,c1,p17,l3,0.00
i24,e07,c1,p18,l2,0.00
i24,e07,c1,p18,l3,0.00
i24,e07,c1,p19,l2,0.00
i24,e07,c1,p19,l3,0.00
i24,e07,c1,p20,l2,0.00
i24,e07,c1,p20,l3,0.00
i24,e07,c1,p21,l2,0.00
i24,e07,c1,p21,l3,0.00
i24,e07,c1,p22,l3,0.00
i24,e07,c1,p23,l2,0.00
i24,e07,c1,p24,l2,0.00
i24,e07,c1,p24,l3,0.00
i24,e07,c1,p25,l2,0.00
i24,e07,c1,p25,l3,0.00
i24,e07,c1,p28,l3,0.00
i24,e07,c1,p29,l3,0.00
i24,e07,c1,p30,l3,0.00
i24,e07,c1,p32,l3,0.00
i24,e07,c1,p35,l2,0.00
i24,e07,c1,p35,l3,0.00
i24,e07,c4,p01,l3,0.00
i24,e07,c4,p06,l3,0.00
i24,e07,c4,p17,l3,0.00
i24,e07,c4,p18,l3,0.00
i24,e07,c4,p19,l2,0.00
i24,e07,c4,p19,l3,0.00
i24,e07,c4,p21,l3,0.00
i24,e07,c4,p35,l2,0.00
i24,e07,c4,p35,l3,0.00
i24,e07,c7,p35,l3,0.00
i24,e08,c1,p01,l2,0.00
i24,e08,c1,p01,l3,0.00
i24,e08,c1,p02,l2,0.00
i24,e08,c1,p02,l3,0.00
i24,e08,c1,p03,l2,0.00
i24,e08,c1,p03,l3,0.00
i24,e08,c1,p04,l3,0.00
i24,e08,c1,p05,l2,0.00
i24,e08,c1,p05,l3,0.00
i24,e08,c1,p06,l2,0.00
i24,e08,c1,p06,l3,0.00
i24,e08,c1,p07,l2,0.00
i24,e08,c1,p07,l3,0.00
i24,e08,c1,p08,l2,0.00
i24,e08,c1,p08,l3,0.00
i24,e08,c1,p09,l2,0.00
i24,e08,c1,p09,l3,0.00
i24,e08,c1,p10,l2,0.00
i24,e08,c1,p10,l3,0.00
i24,e08,c1,p11,l2,0.00
i24,e08,c1,p11,l3,0.00
i24,e08,c1,p12,l2,0.00
i24,e08,c1,p12,l3,0.00
i24,e08,c1,p13,l2,0.00
i24,e08,c1,p13,l3,0.00
i24,e08,c1,p14,l2,0.00
i24,e08,c1,p14,l3,0.00
i24,e08,c1,p15,l2,0.00
i24,e08,c1,p15,l3,0.00
i24,e08,c1,p16,l2,0.00
i24,e08,c1,p16,l3,0.00
i24,e08,c1,p17,l2,0.00
i24,e08,c1,p17,l3,0.00
i24,e08,c1,p18,l2,0.00
i24,e08,c1,p18,l3,0.00
i24,e08,c1,p19,l2,0.00
i24,e08,c1,p19,l3,73.23
i24,e08,c1,p20,l2,0.00
i24,e08,c1,p20,l3,0.00
i24,e08,c1,p21,l2,0.00
i24,e08,c1,p21,l3,0.00
i24,e08,c1,p22,l2,0.00
i24,e08,c1,p22,l3,0.00
i24,e08,c1,p23,l2,0.00
i24,e08,c1,p23,l3,0.00
i24,e08,c1,p24,l2,0.00
i24,e08,c1,p24,l3,0.00
i24,e08,c1,p25,l2,0.00
i24,e08,c1,p25,l3,0.00
i24,e08,c1,p26,l3,0.00
i24,e08,c1,p28,l2,0.00
i24,e08,c1,p28,l3,0.00
i24,e08,c1,p29,l2,0.00
i24,e08,c1,p29,l3,0.00
i24,e08,c1,p30,l3,0.00
i24,e08,c1,p31,l3,0.00
i24,e08,c1,p32,l2,0.00
i24,e08,c1,p32,l3,0.00
i24,e08,c1,p33,l3,0.00
i24,e08,c1,p34,l3,0.00
i24,e08,c1,p35,l2,0.00
i24,e08,c1,p35,l3,7.19
i24,e08,c4,p01,l3,0.00
i24,e08,c4,p06,l3,0.00
i24,e08,c4,p08,l3,0.00
i24,e08,c4,p09,l3,0.00
i24,e08,c4,p10,l3,0.00
i24,e08,c4,p15,l3,0.00
i24,e08,c4,p16,l2,0.00
i24,e08,c4,p17,l3,0.00
i24,e08,c4,p18,l3,0.00
i24,e08,c4,p19,l2,0.00
i24,e08,c4,p19,l3,0.00
i24,e08,c4,p21,l3,0.00
i24,e08,c4,p25,l2,0.00
i24,e08,c4,p25,l3,0.00
i24,e08,c4,p35,l2,0.00
i24,e08,c4,p35,l3,0.00
i24,e08,c7,p17,l3,0.00
i24,e08,c7,p19,l3,0.00
i24,e08,c7,p35,l3,0.00
i24,e09,c1,p01,l2,0.00
i24,e09,c1,p01,l3,0.00
i24,e09,c1,p02,l3,0.00
i24,e09,c1,p03,l3,0.00
i24,e09,c1,p04,l3,0.00
i24,e09,c1,p05,l2,0.00
i24,e09,c1,p05,l3,0.00
i24,e09,c1,p06,l2,0.00
i24,e09,c1,p06,l3,0.00
i24,e09,c1,p07,l2,0.00
i24,e09,c1,p07,l3,0.00
i24,e09,c1,p08,l2,0.00
i24,e09,c1,p08,l3,0.00
i24,e09,c1,p09,l2,0.00
i24,e09,c1,p09,l3,0.00
i24,e09,c1,p10,l2,0.00
i24,e09,c1,p10,l3,0.00
i24,e09,c1,p11,l2,0.00
i24,e09,c1,p11,l3,0.00
i24,e09,c1,p12,l2,0.00
i24,e09,c1,p12,l3,0.00
i24,e09,c1,p13,l2,0.00
i24,e09,c1,p13,l3,0.00
i24,e09,c1,p14,l3,0.00
i24,e09,c1,p15,l2,0.00
i24,e09,c1,p15,l3,0.00
i24,e09,c1,p16,l2,0.00
i24,e09,c1,p16,l3,0.00
i24,e09,c1,p17,l3,0.00
i24,e09,c1,p18,l2,0.00
i24,e09,c1,p18,l3,0.00
i24,e09,c1,p19,l2,0.00
i24,e09,c1,p19,l3,0.00
i24,e09,c1,p20,l3,0.00
i24,e09,c1,p21,l3,0.00
i24,e09,c1,p22,l2,0.00
i24,e09,c1,p22,l3,0.00
i24,e09,c1,p23,l3,0.00
i24,e09,c1,p24,l3,0.00
i24,e09,c1,p25,l2,0.00
i24,e09,c1,p25,l3,0.00
i24,e09,c1,p26,l3,0.00
i24,e09,c1,p28,l3,0.00
i24,e09,c1,p29,l3,0.00
i24,e09,c1,p30,l3,0.00
i24,e09,c1,p32,l2,0.00
i24,e09,c1,p32,l3,0.00
i24,e09,c1,p33,l3,0.00
i24,e09,c1,p35,l2,0.00
i24,e09,c1,p35,l3,0.00
i24,e09,c4,p01,l3,0.00
i24,e09,c4,p05,l3,0.00
i24,e09,c4,p06,l3,0.00
i24,e09,c4,p09,l3,0.00
i24,e09,c4,p17,l3,0.00
i24,e09,c4,p19,l2,0.00
i24,e09,c4,p19,l3,0.00
i24,e09,c4,p21,l3,0.00
i24,e09,c4,p35,l2,0.00
i24,e09,c4,p35,l3,0.00
i24,e09,c7,p19,l3,0.00
i24,e09,c7,p35,l3,0.00
i24,e11,c1,p01,l2,0.00
i24,e11,c1,p01,l3,0.00
i24,e11,c1,p02,l3,0.00
i24,e11,c1,p03,l2,0.00
i24,e11,c1,p03,l3,0.00
i24,e11,c1,p04,l3,0.00
i24,e11,c1,p05,l3,0.00
i24,e11,c1,p06,l2,0.00
i24,e11,c1,p06,l3,0.00
i24,e11,c1,p07,l2,0.00
i24,e11,c1,p07,l3,0.00
i24,e11,c1,p10,l2,0.00
i24,e11,c1,p10,l3,0.00
i24,e11,c1,p11,l2,0.00
i24,e11,c1,p11,l3,0.00
i24,e11,c1,p12,l3,0.00
i24,e11,c1,p14,l3,0.00
i24,e11,c1,p15,l2,0.00
i24,e11,c1,p15,l3,0.00
i24,e11,c1,p17,l2,0.00
i24,e11,c1,p17,l3,0.00
i24,e11,c1,p18,l2,0.00
i24,e11,c1,p18,l3,0.00
i24,e11,c1,p19,l2,0.00
i24,e11,c1,p19,l3,0.00
i24,e11,c1,p20,l3,0.00
i24,e11,c1,p21,l3,0.00
i24,e11,c1,p22,l2,0.00
i24,e11,c1,p22,l3,0.00
i24,e11,c1,p24,l3,0.00
i24,e11,c1,p25,l2,0.00
i24,e11,c1,p25,l3,0.00
i24,e11,c1,p28,l3,0.00
i24,e11,c1,p29,l3,0.00
i24,e11,c1,p32,l3,0.00
i24,e11,c1,p33,l3,0.00
i24,e11,c1,p35,l2,0.00
i24,e11,c1,p35,l3,0.00
i24,e11,c4,p15,l3,0.00
i24,e11,c4,p19,l2,0.00
i24,e11,c4,p19,l3,0.00
i24,e11,c4,p35,l3,0.00
i24,e12,c1,p01,l3,0.00
i24,e12,c1,p03,l3,0.00
i24,e12,c1,p06,l3,0.00
i24,e12,c1,p07,l3,0.00
i24,e12,c1,p09,l3,0.00
i24,e12,c1,p10,l3,0.00
i24,e12,c1,p14,l3,0.00
i24,e12,c1,p15,l3,0.00
i24,e12,c1,p18,l3,0.00
i24,e12,c1,p19,l3,0.00
i24,e12,c1,p20,l3,0.00
i24,e12,c1,p21,l3,0.00
i24,e12,c1,p22,l3,0.00
i24,e12,c1,p23,l3,0.00
i24,e12,c1,p24,l3,0.00
i24,e12,c1,p25,l3,0.00
i24,e12,c1,p28,l3,0.00
i24,e12,c1,p35,l3,0.00
i24,e12,c4,p19,l3,0.00
i24,e12,c4,p35,l3,0.00
i24,e12,c7,p35,l3,0.00
i25,e01,c3,p03,l3,0.00
i25,e01,c3,p14,l3,0.00
i25,e01,c3,p19,l3,0.00
i25,e01,c3,p35,l3,0.00
i25,e01,c5,p01,l3,0.00
i25,e01,c5,p02,l3,0.00
i25,e01,c5,p03,l3,0.00
i25,e01,c5,p04,l3,0.00
i25,e01,c5,p05,l3,0.00
i25,e01,c5,p06,l3,0.00
i25,e01,c5,p07,l3,0.00
i25,e01,c5,p08,l3,0.00
i25,e01,c5,p09,l3,0.00
i25,e01,c5,p10,l3,0.00
i25,e01,c5,p11,l3,0.00
i25,e01,c5,p12,l3,0.00
i25,e01,c5,p13,l3,0.00
i25,e01,c5,p14,l3,0.00
i25,e01,c5,p15,l3,0.00
i25,e01,c5,p16,l3,0.00
i25,e01,c5,p17,l3,0.00
i25,e01,c5,p18,l3,0.00
i25,e01,c5,p19,l3,0.00
i25,e01,c5,p20,l3,0.00
i25,e01,c5,p21,l3,0.00
i25,e01,c5,p22,l3,0.00
i25,e01,c5,p23,l3,0.00
i25,e01,c5,p24,l3,0.00
i25,e01,c5,p25,l3,0.00
i25,e01,c5,p26,l3,0.00
i25,e01,c5,p28,l3,0.00
i25,e01,c5,p29,l3,0.00
i25,e01,c5,p31,l3,0.00
i25,e01,c5,p32,l3,0.00
i25,e01,c5,p35,l3,0.00
i25,e03,c3,p03,l3,0.00
i25,e03,c3,p06,l3,0.00
i25,e03,c3,p10,l3,0.00
i25,e03,c3,p12,l3,0.00
i25,e03,c3,p14,l3,0.00
i25,e03,c3,p16,l3,0.00
i25,e03,c3,p19,l3,0.00
i25,e03,c3,p21,l3,0.00
i25,e03,c3,p35,l3,0.00
i25,e03,c5,p01,l3,0.00
i25,e03,c5,p02,l3,0.00
i25,e03,c5,p03,l3,0.00
i25,e03,c5,p04,l3,0.00
i25,e03,c5,p05,l3,0.00
i25,e03,c5,p06,l3,0.00
i25,e03,c5,p07,l3,0.00
i25,e03,c5,p08,l3,0.00
i25,e03,c5,p09,l3,0.00
i25,e03,c5,p10,l3,1.40
i25,e03,c5,p11,l3,0.00
i25,e03,c5,p12,l3,1.62
i25,e03,c5,p13,l3,0.00
i25,e03,c5,p14,l3,0.00
i25,e03,c5,p15,l3,0.00
i25,e03,c5,p16,l3,0.00
i25,e03,c5,p17,l3,0.00
i25,e03,c5,p18,l3,0.00
i25,e03,c5,p19,l3,0.00
i25,e03,c5,p20,l3,0.00
i25,e03,c5,p21,l3,1.07
i25,e03,c5,p22,l3,0.00
i25,e03,c5,p23,l3,0.00
i25,e03,c5,p24,l3,0.00
i25,e03,c5,p25,l3,0.00
i25,e03,c5,p26,l3,0.00
i25,e03,c5,p28,l3,0.00
i25,e03,c5,p29,l3,0.00
i25,e03,c5,p31,l3,0.00
i25,e03,c5,p32,l3,0.00
i25,e03,c5,p33,l3,0.00
i25,e03,c5,p35,l3,0.00
i25,e04,c3,p12,l3,0.00
i25,e04,c3,p14,l3,0.00
i25,e04,c3,p21,l3,0.00
i25,e04,c5,p01,l3,0.00
i25,e04,c5,p02,l3,0.00
i25,e04,c5,p03,l3,0.00
i25,e04,c5,p04,l3,0.00
i25,e04,c5,p05,l3,0.00
i25,e04,c5,p06,l3,0.00
i25,e04,c5,p07,l3,0.00
i25,e04,c5,p08,l3,0.00
i25,e04,c5,p09,l3,0.00
i25,e04,c5,p10,l3,0.00
i25,e04,c5,p11,l3,0.00
i25,e04,c5,p12,l3,0.00
i25,e04,c5,p13,l3,0.00
i25,e04,c5,p14,l3,0.00
i25,e04,c5,p15,l3,0.00
i25,e04,c5,p16,l3,0.00
i25,e04,c5,p17,l3,0.00
i25,e04,c5,p18,l3,0.00
i25,e04,c5,p19,l3,0.00
i25,e04,c5,p20,l3,0.00
i25,e04,c5,p21,l3,0.00
i25,e04,c5,p22,l3,0.00
i25,e04,c5,p23,l3,0.00
i25,e04,c5,p24,l3,0.00
i25,e04,c5,p25,l3,0.00
i25,e04,c5,p28,l3,0.00
i25,e04,c5,p29,l3,0.00
i25,e04,c5,p31,l3,0.00
i25,e04,c5,p32,l3,0.00
i25,e04,c5,p35,l3,0.00
i25,e05,c5,p01,l3,0.00
i25,e05,c5,p02,l3,0.00
i25,e05,c5,p03,l3,0.00
i25,e05,c5,p04,l3,0.00
i25,e05,c5,p05,l3,0.00
i25,e05,c5,p07,l3,0.00
i25,e05,c5,p09,l3,0.00
i25,e05,c5,p10,l3,0.00
i25,e05,c5,p11,l3,0.00
i25,e05,c5,p12,l3,0.00
i25,e05,c5,p13,l3,0.00
i25,e05,c5,p15,l3,0.00
i25,e05,c5,p16,l3,0.00
i25,e05,c5,p17,l3,0.00
i25,e05,c5,p18,l3,0.00
i25,e05,c5,p19,l3,0.00
i25,e05,c5,p21,l3,0.00
i25,e05,c5,p22,l3,0.00
i25,e05,c5,p23,l3,0.00
i25,e05,c5,p24,l3,0.00
i25,e05,c5,p25,l3,0.00
i25,e05,c5,p28,l3,0.00
i25,e05,c5,p29,l3,0.00
i25,e05,c5,p31,l3,0.00
i25,e05,c5,p35,l3,0.00
i25,e07,c3,p02,l3,0.00
i25,e07,c3,p03,l3,0.00
i25,e07,c5,p01,l3,0.00
i25,e07,c5,p02,l3,0.00
i25,e07,c5,p03,l3,0.00
i25,e07,c5,p04,l3,0.00
i25,e07,c5,p06,l3,0.00
i25,e07,c5,p07,l3,0.00
i25,e07,c5,p09,l3,0.00
i25,e07,c5,p10,l3,0.00
i25,e07,c5,p11,l3,0.00
i25,e07,c5,p12,l3,0.00
i25,e07,c5,p15,l3,0.00
i25,e07,c5,p16,l3,0.00
i25,e07,c5,p17,l3,0.00
i25,e07,c5,p18,l3,0.00
i25,e07,c5,p19,l3,0.00
i25,e07,c5,p21,l3,0.00
i25,e07,c5,p24,l3,0.00
i25,e07,c5,p25,l3,0.00
i25,e07,c5,p28,l3,0.00
i25,e07,c5,p29,l3,0.00
i25,e07,c5,p35,l3,0.00
i25,e08,c3,p01,l3,0.00
i25,e08,c3,p02,l3,0.00
i25,e08,c3,p03,l3,0.00
i25,e08,c3,p04,l3,0.00
i25,e08,c3,p06,l3,0.00
i25,e08,c3,p10,l3,126.32
i25,e08,c3,p12,l3,0.00
i25,e08,c3,p13,l3,0.00
i25,e08,c3,p14,l3,0.00
i25,e08,c3,p16,l3,0.00
i25,e08,c3,p17,l3,0.00
i25,e08,c3,p19,l3,0.00
i25,e08,c3,p21,l3,0.00
i25,e08,c3,p28,l3,0.00
i25,e08,c3,p35,l3,0.00
i25,e08,c5,p01,l3,0.00
i25,e08,c5,p02,l3,0.00
i25,e08,c5,p03,l3,0.00
i25,e08,c5,p04,l3,0.00
i25,e08,c5,p05,l3,0.00
i25,e08,c5,p06,l3,0.00
i25,e08,c5,p07,l3,0.00
i25,e08,c5,p08,l3,0.00
i25,e08,c5,p09,l3,0.00
i25,e08,c5,p10,l3,3.35
i25,e08,c5,p11,l3,0.00
i25,e08,c5,p12,l3,0.00
i25,e08,c5,p13,l3,0.00
i25,e08,c5,p14,l3,0.00
i25,e08,c5,p15,l3,0.00
i25,e08,c5,p16,l3,0.00
i25,e08,c5,p17,l3,0.00
i25,e08,c5,p18,l3,0.00
i25,e08,c5,p19,l3,0.00
i25,e08,c5,p20,l3,0.00
i25,e08,c5,p21,l3,0.00
i25,e08,c5,p22,l3,0.00
i25,e08,c5,p23,l3,0.00
i25,e08,c5,p24,l3,0.00
i25,e08,c5,p25,l3,0.00
i25,e08,c5,p26,l3,0.00
i25,e08,c5,p28,l3,0.00
i25,e08,c5,p29,l3,0.00
i25,e08,c5,p31,l3,0.00
i25,e08,c5,p32,l3,0.00
i25,e08,c5,p33,l3,0.00
i25,e08,c5,p35,l3,0.00
i25,e09,c3,p03,l3,0.00
i25,e09,c3,p10,l3,0.00
i25,e09,c3,p14,l3,0.00
i25,e09,c3,p17,l3,0.00
i25,e09,c3,p19,l3,0.00
i25,e09,c3,p21,l3,0.00
i25,e09,c3,p35,l3,0.00
i25,e09,c5,p01,l3,0.00
i25,e09,c5,p02,l3,0.00
i25,e09,c5,p03,l3,0.00
i25,e09,c5,p04,l3,0.00
i25,e09,c5,p05,l3,0.00
i25,e09,c5,p06,l3,0.00
i25,e09,c5,p07,l3,0.00
i25,e09,c5,p08,l3,0.00
i25,e09,c5,p09,l3,0.00
i25,e09,c5,p10,l3,0.00
i25,e09,c5,p11,l3,0.00
i25,e09,c5,p12,l3,0.00
i25,e09,c5,p13,l3,0.00
i25,e09,c5,p14,l3,0.00
i25,e09,c5,p15,l3,0.00
i25,e09,c5,p16,l3,0.00
i25,e09,c5,p17,l3,0.00
i25,e09,c5,p18,l3,0.00
i25,e09,c5,p19,l3,0.00
i25,e09,c5,p20,l3,0.00
i25,e09,c5,p21,l3,0.00
i25,e09,c5,p22,l3,0.00
i25,e09,c5,p23,l3,0.00
i25,e09,c5,p24,l3,0.00
i25,e09,c5,p25,l3,0.00
i25,e09,c5,p26,l3,0.00
i25,e09,c5,p28,l3,0.00
i25,e09,c5,p29,l3,0.00
i25,e09,c5,p31,l3,0.00
i25,e09,c5,p32,l3,0.00
i25,e09,c5,p35,l3,0.00
i25,e10,c3,p01,l4,0.00
i25,e10,c3,p02,l4,0.00
i25,e10,c3,p03,l4,0.00
i25,e10,c3,p04,l4,0.00
i25,e10,c3,p06,l3,0.00
i25,e10,c3,p06,l4,0.00
i25,e10,c3,p07,l4,0.00
i25,e10,c3,p10,l3,0.00
i25,e10,c3,p10,l4,1.55
i25,e10,c3,p12,l3,0.00
i25,e10,c3,p12,l4,0.00
i25,e10,c3,p13,l4,0.00
i25,e10,c3,p14,l3,0.00
i25,e10,c3,p14,l4,0.00
i25,e10,c3,p15,l3,0.00
i25,e10,c3,p15,l4,0.00
i25,e10,c3,p16,l4,0.00
i25,e10,c3,p17,l3,0.00
i25,e10,c3,p17,l4,0.00
i25,e10,c3,p19,l4,0.00
i25,e10,c3,p21,l4,0.00
i25,e10,c3,p28,l4,0.00
i25,e10,c3,p35,l3,0.00
i25,e10,c3,p35,l4,0.00
i25,e10,c5,p01,l3,0.00
i25,e10,c5,p01,l4,4.09
i25,e10,c5,p02,l3,0.00
i25,e10,c5,p02,l4,0.00
i25,e10,c5,p03,l3,0.00
i25,e10,c5,p03,l4,0.00
i25,e10,c5,p04,l3,0.00
i25,e10,c5,p04,l4,0.00
i25,e10,c5,p05,l3,0.00
i25,e10,c5,p05,l4,0.00
i25,e10,c5,p06,l3,0.00
i25,e10,c5,p06,l4,0.00
i25,e10,c5,p07,l3,0.00
i25,e10,c5,p07,l4,0.00
i25,e10,c5,p08,l3,0.00
i25,e10,c5,p08,l4,0.00
i25,e10,c5,p09,l3,0.00
i25,e10,c5,p09,l4,0.00
i25,e10,c5,p10,l3,0.00
i25,e10,c5,p10,l4,5.59
i25,e10,c5,p11,l3,0.00
i25,e10,c5,p11,l4,0.00
i25,e10,c5,p12,l3,0.00
i25,e10,c5,p12,l4,0.00
i25,e10,c5,p13,l3,0.00
i25,e10,c5,p13,l4,0.00
i25,e10,c5,p14,l3,0.00
i25,e10,c5,p14,l4,0.00
i25,e10,c5,p15,l3,0.00
i25,e10,c5,p15,l4,0.00
i25,e10,c5,p16,l3,0.00
i25,e10,c5,p16,l4,0.00
i25,e10,c5,p17,l3,0.00
i25,e10,c5,p17,l4,0.00
i25,e10,c5,p18,l3,0.00
i25,e10,c5,p18,l4,0.00
i25,e10,c5,p19,l3,0.00
i25,e10,c5,p19,l4,5.22
i25,e10,c5,p20,l3,0.00
i25,e10,c5,p20,l4,0.00
i25,e10,c5,p21,l3,0.00
i25,e10,c5,p21,l4,6.79
i25,e10,c5,p22,l3,0.00
i25,e10,c5,p22,l4,0.00
i25,e10,c5,p23,l3,0.00
i25,e10,c5,p23,l4,0.00
i25,e10,c5,p24,l3,0.00
i25,e10,c5,p24,l4,0.00
i25,e10,c5,p25,l3,0.00
i25,e10,c5,p25,l4,0.00
i25,e10,c5,p26,l3,0.00
i25,e10,c5,p26,l4,0.00
i25,e10,c5,p28,l3,0.00
i25,e10,c5,p28,l4,0.00
i25,e10,c5,p29,l3,0.00
i25,e10,c5,p29,l4,0.00
i25,e10,c5,p30,l4,0.00
i25,e10,c5,p31,l3,0.00
i25,e10,c5,p31,l4,0.00
i25,e10,c5,p32,l3,0.00
i25,e10,c5,p32,l4,0.00
i25,e10,c5,p33,l3,0.00
i25,e10,c5,p33,l4,0.00
i25,e10,c5,p35,l3,0.00
i25,e10,c5,p35,l4,0.00
i25,e11,c3,p06,l3,0.00
i25,e11,c3,p10,l3,0.00
i25,e11,c3,p14,l3,0.00
i25,e11,c5,p01,l3,8.29
i25,e11,c5,p02,l3,0.00
i25,e11,c5,p03,l3,0.00
i25,e11,c5,p04,l3,0.00
i25,e11,c5,p05,l3,0.00
i25,e11,c5,p06,l3,0.00
i25,e11,c5,p07,l3,0.00
i25,e11,c5,p08,l3,0.00
i25,e11,c5,p09,l3,0.00
i25,e11,c5,p10,l3,0.00
i25,e11,c5,p11,l3,0.00
i25,e11,c5,p12,l3,0.00
i25,e11,c5,p13,l3,0.00
i25,e11,c5,p14,l3,0.00
i25,e11,c5,p15,l3,0.00
i25,e11,c5,p16,l3,0.00
i25,e11,c5,p17,l3,0.00
i25,e11,c5,p18,l3,0.00
i25,e11,c5,p19,l3,0.00
i25,e11,c5,p20,l3,0.00
i25,e11,c5,p21,l3,1.29
i25,e11,c5,p22,l3,0.00
i25,e11,c5,p23,l3,0.00
i25,e11,c5,p24,l3,1.49
i25,e11,c5,p25,l3,0.00
i25,e11,c5,p28,l3,0.00
i25,e11,c5,p29,l3,0.00
i25,e11,c5,p31,l3,0.00
i25,e11,c5,p32,l3,0.00
i25,e11,c5,p33,l3,0.00
i25,e11,c5,p35,l3,0.00
i25,e12,c3,p01,l3,0.00
i25,e12,c3,p03,l3,0.00
i25,e12,c3,p04,l3,0.00
i25,e12,c3,p10,l3,0.00
i25,e12,c3,p14,l3,0.00
i25,e12,c3,p16,l3,0.00
i25,e12,c3,p19,l3,0.00
i25,e12,c3,p35,l3,0.00
i25,e12,c5,p01,l3,0.00
i25,e12,c5,p02,l3,0.00
i25,e12,c5,p03,l3,0.00
i25,e12,c5,p04,l3,0.00
i25,e12,c5,p05,l3,0.00
i25,e12,c5,p06,l3,0.00
i25,e12,c5,p07,l3,0.00
i25,e12,c5,p08,l3,0.00
i25,e12,c5,p09,l3,0.00
i25,e12,c5,p10,l3,0.00
i25,e12,c5,p11,l3,1.38
i25,e12,c5,p12,l3,0.00
i25,e12,c5,p13,l3,0.00
i25,e12,c5,p14,l3,0.00
i25,e12,c5,p15,l3,0.00
i25,e12,c5,p16,l3,0.00
i25,e12,c5,p17,l3,0.00
i25,e12,c5,p18,l3,0.00
i25,e12,c5,p19,l3,0.00
i25,e12,c5,p20,l3,0.00
i25,e12,c5,p21,l3,0.00
i25,e12,c5,p22,l3,0.00
i25,e12,c5,p23,l3,0.00
i25,e12,c5,p24,l3,0.00
i25,e12,c5,p25,l3,0.00
i25,e12,c5,p26,l3,0.00
i25,e12,c5,p28,l3,0.00
i25,e12,c5,p29,l3,0.00
i25,e12,c5,p31,l3,0.00
i25,e12,c5,p32,l3,0.00
i25,e12,c5,p33,l3,0.00
i25,e12,c5,p35,l3,0.00
i26,e01,c1,p35,l3,0.00
i26,e01,c4,p35,l3,0.00
i26,e04,c1,p35,l1,0.00
i26,e04,c1,p35,l3,1.39
i26,e04,c4,p35,l1,0.00
i26,e04,c4,p35,l3,0.00
i26,e04,c7,p35,l3,0.00
i26,e05,c1,p35,l1,0.00
i26,e05,c1,p35,l3,0.00
i26,e05,c7,p35,l3,0.00
i26,e08,c1,p35,l2,0.00
i26,e08,c1,p35,l3,3.71
i26,e08,c4,p35,l2,0.00
i26,e08,c4,p35,l3,0.00
i26,e09,c1,p35,l2,0.00
i26,e09,c1,p35,l3,0.00
i26,e09,c4,p35,l2,0.00
i26,e09,c4,p35,l3,0.00
i26,e09,c7,p35,l3,0.00
i26,e11,c1,p35,l2,0.00
i26,e11,c1,p35,l3,19.13
i26,e11,c4,p35,l2,0.00
i26,e11,c4,p35,l3,0.00
i26,e11,c7,p35,l3,0.00
i27,e01,c3,p01,l3,0.00
i27,e01,c3,p03,l3,0.00
i27,e01,c3,p04,l3,0.00
i27,e01,c3,p05,l3,0.00
i27,e01,c3,p06,l3,0.00
i27,e01,c3,p07,l3,0.00
i27,e01,c3,p08,l3,0.00
i27,e01,c3,p10,l3,0.00
i27,e01,c3,p11,l3,0.00
i27,e01,c3,p15,l3,0.00
i27,e01,c3,p16,l3,0.00
i27,e01,c3,p17,l3,0.00
i27,e01,c3,p18,l3,0.00
i27,e01,c3,p19,l3,0.00
i27,e01,c3,p21,l3,0.00
i27,e01,c3,p22,l3,0.00
i27,e01,c3,p23,l3,0.00
i27,e01,c3,p24,l3,0.00
i27,e01,c3,p29,l3,0.00
i27,e01,c3,p35,l3,0.00
i27,e01,c5,p01,l3,0.00
i27,e01,c5,p02,l3,2.11
i27,e01,c5,p03,l3,0.00
i27,e01,c5,p04,l3,0.00
i27,e01,c5,p05,l3,5.29
i27,e01,c5,p06,l3,0.00
i27,e01,c5,p07,l3,0.00
i27,e01,c5,p08,l3,0.00
i27,e01,c5,p09,l3,0.00
i27,e01,c5,p10,l3,0.00
i27,e01,c5,p11,l3,3.11
i27,e01,c5,p12,l3,1.36
i27,e01,c5,p13,l3,0.00
i27,e01,c5,p14,l3,0.00
i27,e01,c5,p15,l3,0.00
i27,e01,c5,p16,l3,1.74
i27,e01,c5,p17,l3,2.40
i27,e01,c5,p18,l3,2.33
i27,e01,c5,p19,l3,5.02
i27,e01,c5,p20,l3,0.00
i27,e01,c5,p21,l3,0.00
i27,e01,c5,p22,l3,3.15
i27,e01,c5,p23,l3,0.00
i27,e01,c5,p24,l3,1.16
i27,e01,c5,p25,l3,0.00
i27,e01,c5,p26,l3,0.00
i27,e01,c5,p28,l3,0.00
i27,e01,c5,p29,l3,0.00
i27,e01,c5,p31,l3,0.00
i27,e01,c5,p32,l3,0.00
i27,e01,c5,p35,l3,0.00
i27,e02,c3,p17,l1,0.00
i27,e02,c5,p01,l1,0.00
i27,e02,c5,p01,l3,0.00
i27,e02,c5,p02,l1,0.00
i27,e02,c5,p02,l3,0.00
i27,e02,c5,p03,l1,0.00
i27,e02,c5,p03,l3,0.00
i27,e02,c5,p04,l1,0.00
i27,e02,c5,p04,l3,0.00
i27,e02,c5,p05,l1,0.00
i27,e02,c5,p05,l3,0.00
i27,e02,c5,p06,l1,0.00
i27,e02,c5,p06,l3,0.00
i27,e02,c5,p07,l1,0.00
i27,e02,c5,p07,l3,0.00
i27,e02,c5,p10,l1,0.00
i27,e02,c5,p10,l3,0.00
i27,e02,c5,p11,l3,0.00
i27,e02,c5,p12,l3,0.00
i27,e02,c5,p13,l1,0.00
i27,e02,c5,p13,l3,0.00
i27,e02,c5,p14,l1,0.00
i27,e02,c5,p14,l3,0.00
i27,e02,c5,p15,l1,0.00
i27,e02,c5,p15,l3,0.00
i27,e02,c5,p16,l1,0.00
i27,e02,c5,p16,l3,0.00
i27,e02,c5,p17,l3,0.00
i27,e02,c5,p18,l1,0.00
i27,e02,c5,p18,l3,0.00
i27,e02,c5,p19,l1,0.00
i27,e02,c5,p19,l3,0.00
i27,e02,c5,p20,l3,0.00
i27,e02,c5,p21,l1,0.00
i27,e02,c5,p21,l3,0.00
i27,e02,c5,p22,l1,0.00
i27,e02,c5,p22,l3,0.00
i27,e02,c5,p24,l1,0.00
i27,e02,c5,p24,l3,0.00
i27,e02,c5,p28,l3,0.00
i27,e02,c5,p29,l1,0.00
i27,e02,c5,p29,l3,0.00
i27,e02,c5,p35,l1,0.00
i27,e02,c5,p35,l3,0.00
i27,e04,c3,p01,l3,0.00
i27,e04,c3,p03,l1,0.00
i27,e04,c3,p03,l3,0.00
i27,e04,c3,p04,l3,0.00
i27,e04,c3,p05,l1,0.00
i27,e04,c3,p05,l3,0.00
i27,e04,c3,p06,l3,0.00
i27,e04,c3,p07,l1,0.00
i27,e04,c3,p07,l3,0.00
i27,e04,c3,p08,l1,0.00
i27,e04,c3,p08,l3,0.00
i27,e04,c3,p10,l1,0.00
i27,e04,c3,p10,l3,0.00
i27,e04,c3,p11,l1,0.00
i27,e04,c3,p11,l3,0.00
i27,e04,c3,p15,l1,0.00
i27,e04,c3,p15,l3,0.00
i27,e04,c3,p16,l1,0.00
i27,e04,c3,p16,l3,0.00
i27,e04,c3,p17,l3,0.00
i27,e04,c3,p18,l3,0.00
i27,e04,c3,p19,l1,0.00
i27,e04,c3,p19,l3,0.00
i27,e04,c3,p21,l3,0.00
i27,e04,c3,p22,l1,0.00
i27,e04,c3,p22,l3,0.00
i27,e04,c3,p23,l3,0.00
i27,e04,c3,p24,l1,0.00
i27,e04,c3,p24,l3,0.00
i27,e04,c3,p29,l1,0.00
i27,e04,c3,p29,l3,0.00
i27,e04,c3,p35,l1,0.00
i27,e04,c3,p35,l3,0.00
i27,e04,c5,p01,l1,0.00
i27,e04,c5,p01,l3,0.00
i27,e04,c5,p02,l1,0.00
i27,e04,c5,p02,l3,0.00
i27,e04,c5,p03,l1,0.00
i27,e04,c5,p03,l3,0.00
i27,e04,c5,p04,l1,0.00
i27,e04,c5,p04,l3,1.03
i27,e04,c5,p05,l1,0.00
i27,e04,c5,p05,l3,4.66
i27,e04,c5,p06,l1,0.00
i27,e04,c5,p06,l3,2.34
i27,e04,c5,p07,l1,0.00
i27,e04,c5,p07,l3,0.00
i27,e04,c5,p08,l1,0.00
i27,e04,c5,p08,l3,0.00
i27,e04,c5,p09,l1,0.00
i27,e04,c5,p09,l3,0.00
i27,e04,c5,p10,l1,0.00
i27,e04,c5,p10,l3,0.00
i27,e04,c5,p11,l1,0.00
i27,e04,c5,p11,l3,2.28
i27,e04,c5,p12,l1,0.00
i27,e04,c5,p12,l3,3.66
i27,e04,c5,p13,l1,0.00
i27,e04,c5,p13,l3,0.00
i27,e04,c5,p14,l1,0.00
i27,e04,c5,p14,l3,0.00
i27,e04,c5,p15,l1,0.00
i27,e04,c5,p15,l3,0.00
i27,e04,c5,p16,l1,0.00
i27,e04,c5,p16,l3,1.94
i27,e04,c5,p17,l1,0.00
i27,e04,c5,p17,l3,1.35
i27,e04,c5,p18,l1,0.00
i27,e04,c5,p18,l3,0.00
i27,e04,c5,p19,l1,0.00
i27,e04,c5,p19,l3,6.20
i27,e04,c5,p20,l1,0.00
i27,e04,c5,p20,l3,1.62
i27,e04,c5,p21,l1,0.00
i27,e04,c5,p21,l3,0.00
i27,e04,c5,p22,l1,0.00
i27,e04,c5,p22,l3,1.58
i27,e04,c5,p23,l1,0.00
i27,e04,c5,p23,l3,2.12
i27,e04,c5,p24,l1,0.00
i27,e04,c5,p24,l3,1.05
i27,e04,c5,p25,l1,0.00
i27,e04,c5,p25,l3,0.00
i27,e04,c5,p26,l3,0.00
i27,e04,c5,p28,l1,0.00
i27,e04,c5,p28,l3,0.00
i27,e04,c5,p29,l1,0.00
i27,e04,c5,p29,l3,1.02
i27,e04,c5,p31,l3,0.00
i27,e04,c5,p32,l1,0.00
i27,e04,c5,p32,l3,0.00
i27,e04,c5,p33,l3,0.00
i27,e04,c5,p35,l1,0.00
i27,e04,c5,p35,l3,0.00
i27,e05,c3,p03,l3,0.00
i27,e05,c3,p05,l3,0.00
i27,e05,c3,p06,l1,0.00
i27,e05,c3,p06,l3,0.00
i27,e05,c3,p10,l1,0.00
i27,e05,c3,p10,l3,0.00
i27,e05,c3,p11,l3,0.00
i27,e05,c3,p19,l3,0.00
i27,e05,c3,p21,l3,0.00
i27,e05,c3,p22,l3,0.00
i27,e05,c3,p35,l3,0.00
i27,e05,c5,p01,l1,0.00
i27,e05,c5,p01,l3,0.00
i27,e05,c5,p02,l1,0.00
i27,e05,c5,p02,l3,0.00
i27,e05,c5,p03,l1,0.00
i27,e05,c5,p03,l3,0.00
i27,e05,c5,p04,l1,0.00
i27,e05,c5,p04,l3,0.00
i27,e05,c5,p05,l1,0.00
i27,e05,c5,p05,l3,0.00
i27,e05,c5,p06,l1,0.00
i27,e05,c5,p06,l3,0.00
i27,e05,c5,p07,l1,0.00
i27,e05,c5,p07,l3,0.00
i27,e05,c5,p08,l3,0.00
i27,e05,c5,p09,l1,0.00
i27,e05,c5,p09,l3,0.00
i27,e05,c5,p10,l1,0.00
i27,e05,c5,p10,l3,0.00
i27,e05,c5,p11,l1,0.00
i27,e05,c5,p11,l3,0.00
i27,e05,c5,p12,l1,0.00
i27,e05,c5,p12,l3,0.00
i27,e05,c5,p13,l1,0.00
i27,e05,c5,p13,l3,0.00
i27,e05,c5,p14,l1,0.00
i27,e05,c5,p14,l3,0.00
i27,e05,c5,p15,l1,0.00
i27,e05,c5,p15,l3,0.00
i27,e05,c5,p16,l1,0.00
i27,e05,c5,p16,l3,0.00
i27,e05,c5,p17,l1,0.00
i27,e05,c5,p17,l3,0.00
i27,e05,c5,p18,l1,0.00
i27,e05,c5,p18,l3,0.00
i27,e05,c5,p19,l1,0.00
i27,e05,c5,p19,l3,0.00
i27,e05,c5,p20,l1,0.00
i27,e05,c5,p20,l3,0.00
i27,e05,c5,p21,l1,0.00
i27,e05,c5,p21,l3,0.00
i27,e05,c5,p22,l1,0.00
i27,e05,c5,p22,l3,0.00
i27,e05,c5,p23,l1,0.00
i27,e05,c5,p23,l3,0.00
i27,e05,c5,p24,l1,0.00
i27,e05,c5,p24,l3,0.00
i27,e05,c5,p28,l3,0.00
i27,e05,c5,p29,l1,0.00
i27,e05,c5,p29,l3,0.00
i27,e05,c5,p35,l1,0.00
i27,e05,c5,p35,l3,0.00
i27,e07,c5,p01,l3,0.00
i27,e07,c5,p10,l3,0.00
i27,e07,c5,p29,l3,0.00
i27,e08,c3,p01,l3,0.00
i27,e08,c3,p03,l2,0.00
i27,e08,c3,p03,l3,0.00
i27,e08,c3,p04,l3,0.00
i27,e08,c3,p05,l2,0.00
i27,e08,c3,p05,l3,0.00
i27,e08,c3,p07,l2,0.00
i27,e08,c3,p07,l3,0.00
i27,e08,c3,p08,l2,0.00
i27,e08,c3,p08,l3,0.00
i27,e08,c3,p10,l3,0.00
i27,e08,c3,p11,l2,0.00
i27,e08,c3,p11,l3,0.00
i27,e08,c3,p15,l2,0.00
i27,e08,c3,p15,l3,0.00
i27,e08,c3,p16,l2,0.00
i27,e08,c3,p16,l3,0.00
i27,e08,c3,p17,l3,0.00
i27,e08,c3,p18,l3,0.00
i27,e08,c3,p19,l2,0.00
i27,e08,c3,p19,l3,0.00
i27,e08,c3,p21,l2,0.00
i27,e08,c3,p21,l3,0.00
i27,e08,c3,p22,l2,0.00
i27,e08,c3,p22,l3,0.00
i27,e08,c3,p24,l3,0.00
i27,e08,c3,p29,l2,0.00
i27,e08,c3,p29,l3,0.00
i27,e08,c3,p35,l2,0.00
i27,e08,c3,p35,l3,0.00
i27,e08,c5,p01,l2,0.00
i27,e08,c5,p01,l3,0.00
i27,e08,c5,p02,l2,0.00
i27,e08,c5,p02,l3,0.00
i27,e08,c5,p03,l2,0.00
i27,e08,c5,p03,l3,0.00
i27,e08,c5,p04,l2,0.00
i27,e08,c5,p04,l3,1.23
i27,e08,c5,p05,l2,0.00
i27,e08,c5,p05,l3,0.00
i27,e08,c5,p06,l2,0.00
i27,e08,c5,p06,l3,0.00
i27,e08,c5,p07,l2,0.00
i27,e08,c5,p07,l3,0.00
i27,e08,c5,p08,l2,0.00
i27,e08,c5,p08,l3,0.00
i27,e08,c5,p09,l2,0.00
i27,e08,c5,p09,l3,0.00
i27,e08,c5,p10,l2,0.00
i27,e08,c5,p10,l3,0.00
i27,e08,c5,p11,l2,0.00
i27,e08,c5,p11,l3,0.00
i27,e08,c5,p12,l2,0.00
i27,e08,c5,p12,l3,0.00
i27,e08,c5,p13,l2,0.00
i27,e08,c5,p13,l3,0.00
i27,e08,c5,p14,l2,0.00
i27,e08,c5,p14,l3,0.00
i27,e08,c5,p15,l2,0.00
i27,e08,c5,p15,l3,0.00
i27,e08,c5,p16,l2,0.00
i27,e08,c5,p16,l3,0.00
i27,e08,c5,p17,l2,0.00
i27,e08,c5,p17,l3,0.00
i27,e08,c5,p18,l2,0.00
i27,e08,c5,p18,l3,1.10
i27,e08,c5,p19,l2,0.00
i27,e08,c5,p19,l3,0.00
i27,e08,c5,p20,l2,0.00
i27,e08,c5,p20,l3,0.00
i27,e08,c5,p21,l2,0.00
i27,e08,c5,p21,l3,0.00
i27,e08,c5,p22,l2,0.00
i27,e08,c5,p22,l3,0.00
i27,e08,c5,p23,l2,0.00
i27,e08,c5,p23,l3,0.00
i27,e08,c5,p24,l2,0.00
i27,e08,c5,p24,l3,0.00
i27,e08,c5,p25,l2,0.00
i27,e08,c5,p25,l3,0.00
i27,e08,c5,p26,l3,0.00
i27,e08,c5,p28,l2,0.00
i27,e08,c5,p28,l3,0.00
i27,e08,c5,p29,l2,0.00
i27,e08,c5,p29,l3,1.12
i27,e08,c5,p32,l2,0.00
i27,e08,c5,p32,l3,0.00
i27,e08,c5,p35,l2,0.00
i27,e08,c5,p35,l3,0.00
i27,e09,c3,p01,l2,0.00
i27,e09,c3,p01,l3,0.00
i27,e09,c3,p03,l2,0.00
i27,e09,c3,p03,l3,0.00
i27,e09,c3,p04,l2,0.00
i27,e09,c3,p04,l3,0.00
i27,e09,c3,p05,l2,0.00
i27,e09,c3,p05,l3,0.00
i27,e09,c3,p06,l2,0.00
i27,e09,c3,p06,l3,0.00
i27,e09,c3,p07,l2,0.00
i27,e09,c3,p07,l3,0.00
i27,e09,c3,p08,l2,0.00
i27,e09,c3,p08,l3,0.00
i27,e09,c3,p10,l2,0.00
i27,e09,c3,p10,l3,0.00
i27,e09,c3,p11,l2,0.00
i27,e09,c3,p11,l3,0.00
i27,e09,c3,p15,l2,0.00
i27,e09,c3,p15,l3,0.00
i27,e09,c3,p16,l3,0.00
i27,e09,c3,p17,l2,0.00
i27,e09,c3,p17,l3,0.00
i27,e09,c3,p18,l3,0.00
i27,e09,c3,p19,l2,0.00
i27,e09,c3,p19,l3,0.00
i27,e09,c3,p21,l2,0.00
i27,e09,c3,p21,l3,0.00
i27,e09,c3,p22,l2,0.00
i27,e09,c3,p22,l3,0.00
i27,e09,c3,p23,l3,0.00
i27,e09,c3,p24,l3,0.00
i27,e09,c3,p29,l2,0.00
i27,e09,c3,p29,l3,0.00
i27,e09,c3,p35,l2,0.00
i27,e09,c3,p35,l3,0.00
i27,e09,c5,p01,l2,0.00
i27,e09,c5,p01,l3,0.00
i27,e09,c5,p02,l2,0.00
i27,e09,c5,p02,l3,0.00
i27,e09,c5,p03,l2,0.00
i27,e09,c5,p03,l3,0.00
i27,e09,c5,p04,l2,0.00
i27,e09,c5,p04,l3,0.00
i27,e09,c5,p05,l2,0.00
i27,e09,c5,p05,l3,1.17
i27,e09,c5,p06,l2,0.00
i27,e09,c5,p06,l3,0.00
i27,e09,c5,p07,l2,0.00
i27,e09,c5,p07,l3,0.00
i27,e09,c5,p08,l2,0.00
i27,e09,c5,p08,l3,0.00
i27,e09,c5,p09,l2,0.00
i27,e09,c5,p09,l3,0.00
i27,e09,c5,p10,l2,0.00
i27,e09,c5,p10,l3,1.14
i27,e09,c5,p11,l2,0.00
i27,e09,c5,p11,l3,1.62
i27,e09,c5,p12,l2,0.00
i27,e09,c5,p12,l3,0.00
i27,e09,c5,p13,l2,0.00
i27,e09,c5,p13,l3,0.00
i27,e09,c5,p14,l2,0.00
i27,e09,c5,p14,l3,0.00
i27,e09,c5,p15,l2,0.00
i27,e09,c5,p15,l3,0.00
i27,e09,c5,p16,l2,0.00
i27,e09,c5,p16,l3,0.00
i27,e09,c5,p17,l2,0.00
i27,e09,c5,p17,l3,0.00
i27,e09,c5,p18,l2,0.00
i27,e09,c5,p18,l3,0.00
i27,e09,c5,p19,l2,0.00
i27,e09,c5,p19,l3,5.38
i27,e09,c5,p20,l2,0.00
i27,e09,c5,p20,l3,0.00
i27,e09,c5,p21,l2,0.00
i27,e09,c5,p21,l3,0.00
i27,e09,c5,p22,l2,0.00
i27,e09,c5,p22,l3,2.22
i27,e09,c5,p23,l2,0.00
i27,e09,c5,p23,l3,5.47
i27,e09,c5,p24,l2,0.00
i27,e09,c5,p24,l3,0.00
i27,e09,c5,p25,l2,0.00
i27,e09,c5,p25,l3,0.00
i27,e09,c5,p26,l3,0.00
i27,e09,c5,p28,l2,0.00
i27,e09,c5,p28,l3,0.00
i27,e09,c5,p29,l2,0.00
i27,e09,c5,p29,l3,0.00
i27,e09,c5,p32,l2,0.00
i27,e09,c5,p32,l3,0.00
i27,e09,c5,p35,l2,0.00
i27,e09,c5,p35,l3,0.00
i27,e10,c3,p01,l3,0.00
i27,e10,c3,p03,l3,0.00
i27,e10,c3,p04,l3,0.00
i27,e10,c3,p05,l1,0.00
i27,e10,c3,p05,l3,0.00
i27,e10,c3,p06,l3,0.00
i27,e10,c3,p07,l1,0.00
i27,e10,c3,p07,l3,0.00
i27,e10,c3,p08,l3,0.00
i27,e10,c3,p10,l1,0.00
i27,e10,c3,p10,l3,0.00
i27,e10,c3,p11,l3,0.00
i27,e10,c3,p15,l3,0.00
i27,e10,c3,p16,l3,0.00
i27,e10,c3,p17,l3,0.00
i27,e10,c3,p18,l3,0.00
i27,e10,c3,p19,l1,0.00
i27,e10,c3,p19,l3,0.00
i27,e10,c3,p21,l3,0.00
i27,e10,c3,p22,l3,0.00
i27,e10,c3,p24,l3,0.00
i27,e10,c3,p29,l3,0.00
i27,e10,c3,p35,l1,0.00
i27,e10,c3,p35,l3,0.00
i27,e10,c5,p01,l1,0.00
i27,e10,c5,p01,l3,0.00
i27,e10,c5,p02,l1,0.00
i27,e10,c5,p02,l3,0.00
i27,e10,c5,p03,l1,0.00
i27,e10,c5,p03,l3,2.01
i27,e10,c5,p04,l1,0.00
i27,e10,c5,p04,l3,0.00
i27,e10,c5,p05,l1,0.00
i27,e10,c5,p05,l3,0.00
i27,e10,c5,p06,l1,0.00
i27,e10,c5,p06,l3,5.12
i27,e10,c5,p07,l1,0.00
i27,e10,c5,p07,l3,0.00
i27,e10,c5,p08,l3,0.00
i27,e10,c5,p09,l1,0.00
i27,e10,c5,p09,l3,0.00
i27,e10,c5,p10,l1,0.00
i27,e10,c5,p10,l3,0.00
i27,e10,c5,p11,l1,0.00
i27,e10,c5,p11,l3,0.00
i27,e10,c5,p12,l1,0.00
i27,e10,c5,p12,l3,0.00
i27,e10,c5,p13,l1,0.00
i27,e10,c5,p13,l3,0.00
i27,e10,c5,p14,l1,0.00
i27,e10,c5,p14,l3,0.00
i27,e10,c5,p15,l1,0.00
i27,e10,c5,p15,l3,0.00
i27,e10,c5,p16,l1,0.00
i27,e10,c5,p16,l3,0.00
i27,e10,c5,p17,l1,0.00
i27,e10,c5,p17,l3,0.00
i27,e10,c5,p18,l1,0.00
i27,e10,c5,p18,l3,0.00
i27,e10,c5,p19,l1,0.00
i27,e10,c5,p19,l3,2.64
i27,e10,c5,p20,l1,0.00
i27,e10,c5,p20,l3,0.00
i27,e10,c5,p21,l1,0.00
i27,e10,c5,p21,l3,0.00
i27,e10,c5,p22,l1,0.00
i27,e10,c5,p22,l3,2.18
i27,e10,c5,p23,l1,0.00
i27,e10,c5,p23,l3,0.00
i27,e10,c5,p24,l1,0.00
i27,e10,c5,p24,l3,0.00
i27,e10,c5,p25,l3,0.00
i27,e10,c5,p28,l3,0.00
i27,e10,c5,p29,l1,0.00
i27,e10,c5,p29,l3,0.00
i27,e10,c5,p35,l1,0.00
i27,e10,c5,p35,l3,0.00
i27,e11,c3,p05,l3,0.00
i27,e11,c5,p01,l3,0.00
i27,e11,c5,p04,l3,0.00
i27,e11,c5,p05,l3,0.00
i27,e11,c5,p07,l3,0.00
i27,e11,c5,p10,l3,0.00
i27,e11,c5,p11,l3,0.00
i27,e11,c5,p12,l3,0.00
i27,e11,c5,p13,l3,0.00
i27,e11,c5,p14,l3,0.00
i27,e11,c5,p15,l3,0.00
i27,e11,c5,p16,l3,0.00
i27,e11,c5,p17,l3,0.00
i27,e11,c5,p18,l3,0.00
i27,e11,c5,p19,l3,0.00
i27,e11,c5,p20,l3,0.00
i27,e11,c5,p21,l3,0.00
i27,e11,c5,p22,l3,0.00
i27,e11,c5,p23,l3,0.00
i27,e11,c5,p24,l3,0.00
i27,e11,c5,p29,l3,0.00
i27,e11,c5,p35,l3,0.00
i27,e12,c3,p05,l3,0.00
i27,e12,c5,p01,l3,0.00
i27,e12,c5,p02,l3,0.00
i27,e12,c5,p03,l3,0.00
i27,e12,c5,p04,l3,0.00
i27,e12,c5,p05,l3,0.00
i27,e12,c5,p06,l3,0.00
i27,e12,c5,p07,l3,0.00
i27,e12,c5,p08,l3,0.00
i27,e12,c5,p09,l3,0.00
i27,e12,c5,p10,l3,0.00
i27,e12,c5,p11,l3,0.00
i27,e12,c5,p12,l3,0.00
i27,e12,c5,p13,l3,0.00
i27,e12,c5,p15,l3,0.00
i27,e12,c5,p16,l3,0.00
i27,e12,c5,p17,l3,0.00
i27,e12,c5,p18,l3,0.00
i27,e12,c5,p19,l3,0.00
i27,e12,c5,p20,l3,0.00
i27,e12,c5,p21,l3,0.00
i27,e12,c5,p22,l3,0.00
i27,e12,c5,p24,l3,0.00
i27,e12,c5,p28,l3,0.00
i27,e12,c5,p29,l3,0.00
i27,e12,c5,p35,l3,0.00
i28,e01,c1,p35,l3,24.18
i28,e01,c4,p35,l3,0.00
i28,e04,c1,p35,l1,0.00
i28,e04,c1,p35,l3,26.52
i28,e04,c4,p35,l1,0.00
i28,e04,c4,p35,l3,0.00
i28,e05,c1,p35,l1,0.00
i28,e05,c1,p35,l3,0.00
i28,e05,c4,p35,l3,0.00
i28,e07,c1,p35,l3,0.00
i28,e08,c1,p35,l2,0.00
i28,e08,c1,p35,l3,53128.64
i28,e08,c4,p35,l2,0.00
i28,e08,c4,p35,l3,0.00
i28,e09,c1,p35,l2,0.00
i28,e09,c1,p35,l3,1.34
i28,e09,c4,p35,l2,0.00
i28,e09,c4,p35,l3,0.00
i28,e10,c1,p35,l1,0.00
i28,e10,c1,p35,l3,0.00
i28,e10,c4,p35,l1,0.00
i28,e10,c4,p35,l3,0.00
i28,e11,c1,p35,l2,0.00
i28,e11,c1,p35,l3,0.00
i28,e11,c4,p35,l3,0.00
i28,e12,c1,p35,l3,0.00
i28,e12,c4,p35,l3,0.00
i29,e01,c5,p01,l3,0.00
i29,e01,c5,p02,l3,0.00
i29,e01,c5,p03,l3,0.00
i29,e01,c5,p04,l3,0.00
i29,e01,c5,p05,l3,0.00
i29,e01,c5,p06,l3,0.00
i29,e01,c5,p07,l3,1.60
i29,e01,c5,p08,l3,0.00
i29,e01,c5,p10,l3,0.00
i29,e01,c5,p11,l3,0.00
i29,e01,c5,p12,l3,0.00
i29,e01,c5,p13,l3,0.00
i29,e01,c5,p15,l3,0.00
i29,e01,c5,p16,l3,1.67
i29,e01,c5,p17,l3,0.00
i29,e01,c5,p18,l3,0.00
i29,e01,c5,p19,l3,0.00
i29,e01,c5,p21,l3,0.00
i29,e01,c5,p22,l3,0.00
i29,e01,c5,p23,l3,0.00
i29,e01,c5,p24,l3,0.00
i29,e01,c5,p29,l3,0.00
i29,e01,c5,p31,l3,0.00
i29,e01,c5,p32,l3,0.00
i29,e01,c5,p35,l3,6.54
i29,e04,c5,p01,l3,0.00
i29,e04,c5,p02,l3,0.00
i29,e04,c5,p03,l3,0.00
i29,e04,c5,p04,l3,0.00
i29,e04,c5,p05,l3,0.00
i29,e04,c5,p06,l3,0.00
i29,e04,c5,p07,l3,0.00
i29,e04,c5,p08,l3,0.00
i29,e04,c5,p10,l3,2.35
i29,e04,c5,p11,l3,0.00
i29,e04,c5,p12,l3,0.00
i29,e04,c5,p13,l3,0.00
i29,e04,c5,p14,l3,0.00
i29,e04,c5,p15,l3,0.00
i29,e04,c5,p16,l3,0.00
i29,e04,c5,p17,l3,0.00
i29,e04,c5,p18,l3,0.00
i29,e04,c5,p19,l3,0.00
i29,e04,c5,p21,l3,0.00
i29,e04,c5,p22,l3,0.00
i29,e04,c5,p23,l3,0.00
i29,e04,c5,p24,l3,0.00
i29,e04,c5,p29,l3,0.00
i29,e04,c5,p31,l3,0.00
i29,e04,c5,p32,l3,0.00
i29,e04,c5,p35,l3,3.78
i29,e09,c5,p01,l3,0.00
i29,e09,c5,p02,l3,0.00
i29,e09,c5,p03,l3,0.00
i29,e09,c5,p04,l3,0.00
i29,e09,c5,p05,l3,0.00
i29,e09,c5,p06,l3,0.00
i29,e09,c5,p07,l3,2.07
i29,e09,c5,p08,l3,0.00
i29,e09,c5,p10,l3,0.00
i29,e09,c5,p11,l3,0.00
i29,e09,c5,p12,l3,0.00
i29,e09,c5,p13,l3,0.00
i29,e09,c5,p15,l3,0.00
i29,e09,c5,p16,l3,0.00
i29,e09,c5,p17,l3,0.00
i29,e09,c5,p18,l3,0.00
i29,e09,c5,p19,l3,0.00
i29,e09,c5,p21,l3,0.00
i29,e09,c5,p22,l3,0.00
i29,e09,c5,p23,l3,0.00
i29,e09,c5,p24,l3,0.00
i29,e09,c5,p29,l3,0.00
i29,e09,c5,p31,l3,0.00
i29,e09,c5,p32,l3,0.00
i29,e09,c5,p35,l3,4.55
i30,e01,c1,p01,l3,3.99
i30,e01,c1,p02,l3,1.39
i30,e01,c1,p03,l3,48.41
i30,e01,c1,p04,l3,7.21
i30,e01,c1,p05,l3,1.14
i30,e01,c1,p06,l3,1.66
i30,e01,c1,p07,l3,2.74
i30,e01,c1,p08,l3,2.27
i30,e01,c1,p09,l3,1.80
i30,e01,c1,p10,l3,22.88
i30,e01,c1,p11,l3,12.26
i30,e01,c1,p12,l3,1.38
i30,e01,c1,p13,l3,4.82
i30,e01,c1,p14,l3,0.00
i30,e01,c1,p15,l3,2.23
i30,e01,c1,p16,l3,1.48
i30,e01,c1,p17,l3,4.40
i30,e01,c1,p18,l3,2.31
i30,e01,c1,p19,l3,17.03
i30,e01,c1,p20,l3,0.00
i30,e01,c1,p21,l3,16.21
i30,e01,c1,p22,l3,0.00
i30,e01,c1,p23,l3,7.34
i30,e01,c1,p24,l3,5.62
i30,e01,c1,p25,l3,0.00
i30,e01,c1,p26,l3,0.00
i30,e01,c1,p28,l3,5.33
i30,e01,c1,p29,l3,4.13
i30,e01,c1,p31,l3,0.00
i30,e01,c1,p32,l3,0.00
i30,e01,c1,p34,l3,0.00
i30,e01,c1,p35,l3,3.56
i30,e01,c4,p02,l3,0.00
i30,e01,c4,p04,l3,0.00
i30,e01,c4,p07,l3,0.00
i30,e01,c4,p10,l3,0.00
i30,e01,c4,p13,l3,0.00
i30,e01,c4,p17,l3,0.00
i30,e01,c4,p23,l3,0.00
i30,e01,c4,p35,l3,0.00
i30,e04,c1,p01,l3,0.00
i30,e04,c1,p02,l3,0.00
i30,e04,c1,p03,l3,0.00
i30,e04,c1,p04,l3,4.42
i30,e04,c1,p05,l3,0.00
i30,e04,c1,p06,l3,0.00
i30,e04,c1,p07,l3,0.00
i30,e04,c1,p08,l3,0.00
i30,e04,c1,p09,l3,0.00
i30,e04,c1,p10,l3,49.20
i30,e04,c1,p11,l3,0.00
i30,e04,c1,p12,l3,1.49
i30,e04,c1,p13,l3,1.60
i30,e04,c1,p14,l3,2.52
i30,e04,c1,p15,l3,2.81
i30,e04,c1,p16,l3,7.15
i30,e04,c1,p17,l3,7.78
i30,e04,c1,p18,l3,1.72
i30,e04,c1,p19,l3,20.11
i30,e04,c1,p20,l3,0.00
i30,e04,c1,p21,l3,17.19
i30,e04,c1,p22,l3,11.25
i30,e04,c1,p23,l3,0.00
i30,e04,c1,p24,l3,4.03
i30,e04,c1,p25,l3,0.00
i30,e04,c1,p26,l3,0.00
i30,e04,c1,p28,l3,0.00
i30,e04,c1,p29,l3,10.00
i30,e04,c1,p31,l3,0.00
i30,e04,c1,p32,l3,3.29
i30,e04,c1,p35,l3,7.03
i30,e04,c4,p04,l3,0.00
i30,e04,c4,p07,l3,0.00
i30,e04,c4,p10,l3,0.00
i30,e04,c4,p13,l3,0.00
i30,e04,c4,p17,l3,0.00
i30,e04,c4,p23,l3,0.00
i30,e04,c4,p35,l3,0.00
i30,e05,c1,p35,l3,0.00
i30,e09,c1,p01,l3,2.16
i30,e09,c1,p02,l3,0.00
i30,e09,c1,p03,l3,5.41
i30,e09,c1,p04,l3,11.09
i30,e09,c1,p05,l3,0.00
i30,e09,c1,p06,l3,0.00
i30,e09,c1,p07,l3,1.46
i30,e09,c1,p08,l3,2.20
i30,e09,c1,p09,l3,0.00
i30,e09,c1,p10,l3,15.65
i30,e09,c1,p11,l3,3.19
i30,e09,c1,p12,l3,4.22
i30,e09,c1,p13,l3,0.00
i30,e09,c1,p14,l3,3.70
i30,e09,c1,p15,l3,4.11
i30,e09,c1,p16,l3,4.31
i30,e09,c1,p17,l3,6.10
i30,e09,c1,p18,l3,1.25
i30,e09,c1,p19,l3,12.07
i30,e09,c1,p20,l3,0.00
i30,e09,c1,p21,l3,6.83
i30,e09,c1,p22,l3,0.00
i30,e09,c1,p23,l3,0.00
i30,e09,c1,p24,l3,0.00
i30,e09,c1,p25,l3,0.00
i30,e09,c1,p26,l3,0.00
i30,e09,c1,p28,l3,0.00
i30,e09,c1,p29,l3,9.76
i30,e09,c1,p31,l3,0.00
i30,e09,c1,p32,l3,0.00
i30,e09,c1,p35,l3,2.29
i30,e09,c4,p02,l3,0.00
i30,e09,c4,p04,l3,0.00
i30,e09,c4,p07,l3,0.00
i30,e09,c4,p10,l3,0.00
i30,e09,c4,p13,l3,0.00
i30,e09,c4,p17,l3,0.00
i30,e09,c4,p23,l3,0.00
i30,e09,c4,p35,l3,0.00
i31,e01,c1,p01,l3,0.00
i31,e01,c1,p02,l3,0.00
i31,e01,c1,p03,l3,0.00
i31,e01,c1,p04,l3,1.30
i31,e01,c1,p05,l3,0.00
i31,e01,c1,p06,l3,0.00
i31,e01,c1,p07,l3,0.00
i31,e01,c1,p08,l3,0.00
i31,e01,c1,p09,l3,0.00
i31,e01,c1,p10,l3,0.00
i31,e01,c1,p11,l3,0.00
i31,e01,c1,p12,l3,0.00
i31,e01,c1,p13,l3,0.00
i31,e01,c1,p14,l3,0.00
i31,e01,c1,p15,l3,0.00
i31,e01,c1,p16,l3,0.00
i31,e01,c1,p17,l3,0.00
i31,e01,c1,p18,l3,0.00
i31,e01,c1,p19,l3,0.00
i31,e01,c1,p20,l3,0.00
i31,e01,c1,p21,l3,0.00
i31,e01,c1,p22,l3,0.00
i31,e01,c1,p23,l3,1.21
i31,e01,c1,p24,l3,0.00
i31,e01,c1,p25,l3,0.00
i31,e01,c1,p27,l3,0.00
i31,e01,c1,p28,l3,0.00
i31,e01,c1,p29,l3,0.00
i31,e01,c1,p32,l3,0.00
i31,e01,c1,p35,l3,0.00
i31,e01,c4,p03,l3,0.00
i31,e01,c4,p04,l3,0.00
i31,e01,c4,p06,l3,0.00
i31,e01,c4,p07,l3,0.00
i31,e01,c4,p10,l3,0.00
i31,e01,c4,p11,l3,0.00
i31,e01,c4,p13,l3,0.00
i31,e01,c4,p14,l3,0.00
i31,e01,c4,p15,l3,0.00
i31,e01,c4,p16,l3,0.00
i31,e01,c4,p17,l3,0.00
i31,e01,c4,p18,l3,0.00
i31,e01,c4,p19,l3,0.00
i31,e01,c4,p20,l3,0.00
i31,e01,c4,p24,l3,0.00
i31,e01,c4,p29,l3,0.00
i31,e01,c4,p35,l3,0.00
i31,e04,c1,p01,l1,0.00
i31,e04,c1,p01,l3,0.00
i31,e04,c1,p02,l1,0.00
i31,e04,c1,p02,l3,0.00
i31,e04,c1,p03,l1,0.00
i31,e04,c1,p03,l3,0.00
i31,e04,c1,p04,l1,0.00
i31,e04,c1,p04,l3,0.00
i31,e04,c1,p05,l1,0.00
i31,e04,c1,p05,l3,0.00
i31,e04,c1,p06,l1,0.00
i31,e04,c1,p06,l3,0.00
i31,e04,c1,p07,l1,0.00
i31,e04,c1,p07,l3,0.00
i31,e04,c1,p08,l1,0.00
i31,e04,c1,p08,l3,0.00
i31,e04,c1,p09,l1,0.00
i31,e04,c1,p09,l3,0.00
i31,e04,c1,p10,l1,0.00
i31,e04,c1,p10,l3,0.00
i31,e04,c1,p11,l1,0.00
i31,e04,c1,p11,l3,0.00
i31,e04,c1,p12,l1,0.00
i31,e04,c1,p12,l3,0.00
i31,e04,c1,p13,l1,0.00
i31,e04,c1,p13,l3,0.00
i31,e04,c1,p14,l1,0.00
i31,e04,c1,p14,l3,0.00
i31,e04,c1,p15,l1,0.00
i31,e04,c1,p15,l3,0.00
i31,e04,c1,p16,l1,0.00
i31,e04,c1,p16,l3,0.00
i31,e04,c1,p17,l1,0.00
i31,e04,c1,p17,l3,0.00
i31,e04,c1,p18,l1,0.00
i31,e04,c1,p18,l3,0.00
i31,e04,c1,p19,l1,0.00
i31,e04,c1,p19,l3,0.00
i31,e04,c1,p20,l1,0.00
i31,e04,c1,p20,l3,0.00
i31,e04,c1,p21,l1,0.00
i31,e04,c1,p21,l3,0.00
i31,e04,c1,p22,l1,0.00
i31,e04,c1,p22,l3,0.00
i31,e04,c1,p23,l1,0.00
i31,e04,c1,p23,l3,0.00
i31,e04,c1,p24,l1,0.00
i31,e04,c1,p24,l3,0.00
i31,e04,c1,p25,l3,0.00
i31,e04,c1,p28,l1,0.00
i31,e04,c1,p28,l3,0.00
i31,e04,c1,p29,l1,0.00
i31,e04,c1,p29,l3,0.00
i31,e04,c1,p32,l3,0.00
i31,e04,c1,p35,l1,0.00
i31,e04,c1,p35,l3,0.00
i31,e04,c4,p03,l1,0.00
i31,e04,c4,p03,l3,0.00
i31,e04,c4,p04,l3,0.00
i31,e04,c4,p07,l3,0.00
i31,e04,c4,p08,l3,0.00
i31,e04,c4,p10,l3,0.00
i31,e04,c4,p11,l1,0.00
i31,e04,c4,p11,l3,0.00
i31,e04,c4,p13,l3,0.00
i31,e04,c4,p14,l3,0.00
i31,e04,c4,p15,l1,0.00
i31,e04,c4,p15,l3,0.00
i31,e04,c4,p16,l1,0.00
i31,e04,c4,p16,l3,0.00
i31,e04,c4,p17,l1,0.00
i31,e04,c4,p17,l3,0.00
i31,e04,c4,p19,l1,0.00
i31,e04,c4,p19,l3,0.00
i31,e04,c4,p20,l3,0.00
i31,e04,c4,p21,l1,0.00
i31,e04,c4,p21,l3,0.00
i31,e04,c4,p24,l3,0.00
i31,e04,c4,p35,l1,0.00
i31,e04,c4,p35,l3,0.00
i31,e05,c1,p01,l3,0.00
i31,e05,c1,p02,l1,0.00
i31,e05,c1,p02,l3,0.00
i31,e05,c1,p03,l1,0.00
i31,e05,c1,p03,l3,0.00
i31,e05,c1,p04,l1,0.00
i31,e05,c1,p04,l3,0.00
i31,e05,c1,p05,l1,0.00
i31,e05,c1,p05,l3,0.00
i31,e05,c1,p06,l1,0.00
i31,e05,c1,p06,l3,0.00
i31,e05,c1,p07,l1,0.00
i31,e05,c1,p07,l3,0.00
i31,e05,c1,p08,l3,0.00
i31,e05,c1,p09,l3,0.00
i31,e05,c1,p10,l1,0.00
i31,e05,c1,p10,l3,0.00
i31,e05,c1,p11,l1,0.00
i31,e05,c1,p11,l3,0.00
i31,e05,c1,p12,l1,0.00
i31,e05,c1,p12,l3,0.00
i31,e05,c1,p13,l1,0.00
i31,e05,c1,p13,l3,0.00
i31,e05,c1,p14,l1,0.00
i31,e05,c1,p14,l3,0.00
i31,e05,c1,p15,l1,0.00
i31,e05,c1,p15,l3,0.00
i31,e05,c1,p16,l1,0.00
i31,e05,c1,p16,l3,0.00
i31,e05,c1,p17,l1,0.00
i31,e05,c1,p17,l3,0.00
i31,e05,c1,p18,l1,0.00
i31,e05,c1,p18,l3,0.00
i31,e05,c1,p19,l1,0.00
i31,e05,c1,p19,l3,0.00
i31,e05,c1,p20,l1,0.00
i31,e05,c1,p21,l1,0.00
i31,e05,c1,p21,l3,0.00
i31,e05,c1,p22,l1,0.00
i31,e05,c1,p22,l3,0.00
i31,e05,c1,p23,l1,0.00
i31,e05,c1,p23,l3,0.00
i31,e05,c1,p24,l1,0.00
i31,e05,c1,p24,l3,0.00
i31,e05,c1,p28,l1,0.00
i31,e05,c1,p28,l3,0.00
i31,e05,c1,p29,l1,0.00
i31,e05,c1,p29,l3,0.00
i31,e05,c1,p35,l1,0.00
i31,e05,c1,p35,l3,0.00
i31,e05,c4,p03,l3,0.00
i31,e05,c4,p06,l3,0.00
i31,e05,c4,p10,l3,0.00
i31,e05,c4,p13,l3,0.00
i31,e05,c4,p16,l3,0.00
i31,e05,c4,p19,l3,0.00
i31,e05,c4,p20,l3,0.00
i31,e05,c4,p35,l3,0.00
i31,e06,c1,p07,l3,0.00
i31,e06,c1,p19,l3,0.00
i31,e06,c1,p21,l3,0.00
i31,e06,c1,p35,l3,0.00
i31,e07,c1,p01,l2,0.00
i31,e07,c1,p01,l3,0.00
i31,e07,c1,p02,l2,0.00
i31,e07,c1,p02,l3,0.00
i31,e07,c1,p03,l2,0.00
i31,e07,c1,p03,l3,0.00
i31,e07,c1,p04,l2,0.00
i31,e07,c1,p04,l3,0.00
i31,e07,c1,p05,l2,0.00
i31,e07,c1,p05,l3,0.00
i31,e07,c1,p06,l2,0.00
i31,e07,c1,p06,l3,0.00
i31,e07,c1,p07,l2,0.00
i31,e07,c1,p07,l3,0.00
i31,e07,c1,p08,l3,0.00
i31,e07,c1,p09,l2,0.00
i31,e07,c1,p09,l3,0.00
i31,e07,c1,p10,l2,0.00
i31,e07,c1,p10,l3,0.00
i31,e07,c1,p11,l2,0.00
i31,e07,c1,p11,l3,0.00
i31,e07,c1,p12,l2,0.00
i31,e07,c1,p12,l3,0.00
i31,e07,c1,p13,l2,0.00
i31,e07,c1,p13,l3,0.00
i31,e07,c1,p14,l2,0.00
i31,e07,c1,p14,l3,0.00
i31,e07,c1,p15,l2,0.00
i31,e07,c1,p15,l3,0.00
i31,e07,c1,p16,l2,0.00
i31,e07,c1,p16,l3,0.00
i31,e07,c1,p17,l2,0.00
i31,e07,c1,p17,l3,0.00
i31,e07,c1,p18,l2,0.00
i31,e07,c1,p18,l3,0.00
i31,e07,c1,p19,l2,0.00
i31,e07,c1,p19,l3,0.00
i31,e07,c1,p20,l2,0.00
i31,e07,c1,p20,l3,0.00
i31,e07,c1,p21,l2,0.00
i31,e07,c1,p21,l3,0.00
i31,e07,c1,p22,l2,0.00
i31,e07,c1,p22,l3,0.00
i31,e07,c1,p23,l2,0.00
i31,e07,c1,p23,l3,0.00
i31,e07,c1,p24,l2,0.00
i31,e07,c1,p24,l3,0.00
i31,e07,c1,p28,l2,0.00
i31,e07,c1,p28,l3,0.00
i31,e07,c1,p29,l2,0.00
i31,e07,c1,p29,l3,0.00
i31,e07,c1,p35,l2,0.00
i31,e07,c1,p35,l3,0.00
i31,e07,c4,p03,l3,0.00
i31,e07,c4,p07,l3,0.00
i31,e07,c4,p10,l3,0.00
i31,e07,c4,p11,l3,0.00
i31,e07,c4,p13,l2,0.00
i31,e07,c4,p13,l3,0.00
i31,e07,c4,p15,l2,0.00
i31,e07,c4,p16,l2,0.00
i31,e07,c4,p16,l3,0.00
i31,e07,c4,p17,l2,0.00
i31,e07,c4,p17,l3,0.00
i31,e07,c4,p19,l2,0.00
i31,e07,c4,p19,l3,0.00
i31,e07,c4,p20,l2,0.00
i31,e07,c4,p20,l3,0.00
i31,e07,c4,p28,l3,0.00
i31,e07,c4,p35,l2,0.00
i31,e07,c4,p35,l3,0.00
i31,e08,c1,p01,l2,0.00
i31,e08,c1,p01,l3,0.00
i31,e08,c1,p02,l2,0.00
i31,e08,c1,p02,l3,0.00
i31,e08,c1,p03,l2,0.00
i31,e08,c1,p03,l3,0.00
i31,e08,c1,p04,l2,0.00
i31,e08,c1,p04,l3,2.76
i31,e08,c1,p05,l2,0.00
i31,e08,c1,p05,l3,0.00
i31,e08,c1,p06,l2,0.00
i31,e08,c1,p06,l3,0.00
i31,e08,c1,p07,l2,0.00
i31,e08,c1,p07,l3,0.00
i31,e08,c1,p08,l2,0.00
i31,e08,c1,p08,l3,0.00
i31,e08,c1,p09,l2,0.00
i31,e08,c1,p09,l3,0.00
i31,e08,c1,p10,l2,0.00
i31,e08,c1,p10,l3,32.24
i31,e08,c1,p11,l2,0.00
i31,e08,c1,p11,l3,1.03
i31,e08,c1,p12,l2,0.00
i31,e08,c1,p12,l3,0.00
i31,e08,c1,p13,l2,0.00
i31,e08,c1,p13,l3,0.00
i31,e08,c1,p14,l2,0.00
i31,e08,c1,p14,l3,0.00
i31,e08,c1,p15,l2,0.00
i31,e08,c1,p15,l3,2.36
i31,e08,c1,p16,l2,0.00
i31,e08,c1,p16,l3,0.00
i31,e08,c1,p17,l2,0.00
i31,e08,c1,p17,l3,0.00
i31,e08,c1,p18,l2,0.00
i31,e08,c1,p18,l3,1.81
i31,e08,c1,p19,l2,0.00
i31,e08,c1,p19,l3,21.34
i31,e08,c1,p20,l2,0.00
i31,e08,c1,p20,l3,0.00
i31,e08,c1,p21,l2,0.00
i31,e08,c1,p21,l3,0.00
i31,e08,c1,p22,l2,0.00
i31,e08,c1,p22,l3,0.00
i31,e08,c1,p23,l2,0.00
i31,e08,c1,p23,l3,0.00
i31,e08,c1,p24,l2,0.00
i31,e08,c1,p24,l3,0.00
i31,e08,c1,p25,l2,0.00
i31,e08,c1,p25,l3,0.00
i31,e08,c1,p26,l3,0.00
i31,e08,c1,p27,l3,0.00
i31,e08,c1,p28,l2,0.00
i31,e08,c1,p28,l3,0.00
i31,e08,c1,p29,l2,0.00
i31,e08,c1,p29,l3,0.00
i31,e08,c1,p32,l2,0.00
i31,e08,c1,p32,l3,0.00
i31,e08,c1,p33,l3,0.00
i31,e08,c1,p35,l2,0.00
i31,e08,c1,p35,l3,12.10
i31,e08,c4,p03,l2,0.00
i31,e08,c4,p03,l3,0.00
i31,e08,c4,p04,l2,0.00
i31,e08,c4,p04,l3,0.00
i31,e08,c4,p05,l2,0.00
i31,e08,c4,p05,l3,0.00
i31,e08,c4,p06,l2,0.00
i31,e08,c4,p06,l3,0.00
i31,e08,c4,p07,l2,0.00
i31,e08,c4,p07,l3,0.00
i31,e08,c4,p08,l2,0.00
i31,e08,c4,p08,l3,0.00
i31,e08,c4,p10,l2,0.00
i31,e08,c4,p10,l3,0.00
i31,e08,c4,p11,l2,0.00
i31,e08,c4,p11,l3,0.00
i31,e08,c4,p12,l2,0.00
i31,e08,c4,p12,l3,0.00
i31,e08,c4,p13,l2,0.00
i31,e08,c4,p13,l3,0.00
i31,e08,c4,p14,l2,0.00
i31,e08,c4,p14,l3,0.00
i31,e08,c4,p15,l2,0.00
i31,e08,c4,p15,l3,0.00
i31,e08,c4,p16,l2,0.00
i31,e08,c4,p16,l3,0.00
i31,e08,c4,p17,l2,0.00
i31,e08,c4,p17,l3,0.00
i31,e08,c4,p18,l3,0.00
i31,e08,c4,p19,l2,0.00
i31,e08,c4,p19,l3,0.00
i31,e08,c4,p20,l2,0.00
i31,e08,c4,p20,l3,0.00
i31,e08,c4,p21,l2,0.00
i31,e08,c4,p21,l3,0.00
i31,e08,c4,p23,l2,0.00
i31,e08,c4,p24,l3,0.00
i31,e08,c4,p28,l3,0.00
i31,e08,c4,p29,l2,0.00
i31,e08,c4,p29,l3,0.00
i31,e08,c4,p35,l2,0.00
i31,e08,c4,p35,l3,0.00
i31,e09,c1,p01,l2,0.00
i31,e09,c1,p01,l3,0.00
i31,e09,c1,p02,l2,0.00
i31,e09,c1,p02,l3,0.00
i31,e09,c1,p03,l2,0.00
i31,e09,c1,p03,l3,0.00
i31,e09,c1,p04,l2,0.00
i31,e09,c1,p04,l3,0.00
i31,e09,c1,p05,l2,0.00
i31,e09,c1,p05,l3,0.00
i31,e09,c1,p06,l2,0.00
i31,e09,c1,p06,l3,0.00
i31,e09,c1,p07,l2,0.00
i31,e09,c1,p07,l3,0.00
i31,e09,c1,p08,l2,0.00
i31,e09,c1,p08,l3,0.00
i31,e09,c1,p09,l2,0.00
i31,e09,c1,p09,l3,0.00
i31,e09,c1,p10,l2,0.00
i31,e09,c1,p10,l3,0.00
i31,e09,c1,p11,l2,0.00
i31,e09,c1,p11,l3,0.00
i31,e09,c1,p12,l2,0.00
i31,e09,c1,p12,l3,0.00
i31,e09,c1,p13,l2,0.00
i31,e09,c1,p13,l3,0.00
i31,e09,c1,p14,l2,0.00
i31,e09,c1,p14,l3,0.00
i31,e09,c1,p15,l2,0.00
i31,e09,c1,p15,l3,0.00
i31,e09,c1,p16,l2,0.00
i31,e09,c1,p16,l3,1.56
i31,e09,c1,p17,l2,0.00
i31,e09,c1,p17,l3,0.00
i31,e09,c1,p18,l2,0.00
i31,e09,c1,p18,l3,0.00
i31,e09,c1,p19,l2,0.00
i31,e09,c1,p19,l3,0.00
i31,e09,c1,p20,l2,0.00
i31,e09,c1,p20,l3,0.00
i31,e09,c1,p21,l2,0.00
i31,e09,c1,p21,l3,0.00
i31,e09,c1,p22,l2,0.00
i31,e09,c1,p22,l3,0.00
i31,e09,c1,p23,l2,0.00
i31,e09,c1,p23,l3,0.00
i31,e09,c1,p24,l2,0.00
i31,e09,c1,p24,l3,0.00
i31,e09,c1,p25,l3,0.00
i31,e09,c1,p28,l2,0.00
i31,e09,c1,p28,l3,0.00
i31,e09,c1,p29,l2,0.00
i31,e09,c1,p29,l3,0.00
i31,e09,c1,p35,l2,0.00
i31,e09,c1,p35,l3,0.00
i31,e09,c4,p03,l2,0.00
i31,e09,c4,p03,l3,0.00
i31,e09,c4,p04,l2,0.00
i31,e09,c4,p07,l2,0.00
i31,e09,c4,p07,l3,0.00
i31,e09,c4,p08,l3,0.00
i31,e09,c4,p10,l3,0.00
i31,e09,c4,p11,l2,0.00
i31,e09,c4,p11,l3,0.00
i31,e09,c4,p12,l3,0.00
i31,e09,c4,p13,l3,0.00
i31,e09,c4,p14,l3,0.00
i31,e09,c4,p15,l2,0.00
i31,e09,c4,p15,l3,0.00
i31,e09,c4,p16,l2,0.00
i31,e09,c4,p16,l3,0.00
i31,e09,c4,p17,l2,0.00
i31,e09,c4,p17,l3,0.00
i31,e09,c4,p19,l2,0.00
i31,e09,c4,p19,l3,0.00
i31,e09,c4,p20,l2,0.00
i31,e09,c4,p20,l3,0.00
i31,e09,c4,p21,l3,0.00
i31,e09,c4,p24,l3,0.00
i31,e09,c4,p29,l3,0.00
i31,e09,c4,p35,l2,0.00
i31,e09,c4,p35,l3,0.00
i31,e10,c1,p01,l1,0.00
i31,e10,c1,p01,l2,0.00
i31,e10,c1,p01,l3,0.00
i31,e10,c1,p02,l1,0.00
i31,e10,c1,p02,l2,0.00
i31,e10,c1,p02,l3,0.00
i31,e10,c1,p03,l1,0.00
i31,e10,c1,p03,l2,0.00
i31,e10,c1,p03,l3,0.00
i31,e10,c1,p04,l1,0.00
i31,e10,c1,p04,l2,0.00
i31,e10,c1,p04,l3,0.00
i31,e10,c1,p05,l1,0.00
i31,e10,c1,p05,l2,0.00
i31,e10,c1,p05,l3,0.00
i31,e10,c1,p06,l1,0.00
i31,e10,c1,p06,l2,0.00
i31,e10,c1,p06,l3,0.00
i31,e10,c1,p07,l1,0.00
i31,e10,c1,p07,l2,0.00
i31,e10,c1,p07,l3,0.00
i31,e10,c1,p08,l1,0.00
i31,e10,c1,p08,l2,0.00
i31,e10,c1,p08,l3,0.00
i31,e10,c1,p09,l1,0.00
i31,e10,c1,p09,l2,0.00
i31,e10,c1,p09,l3,0.00
i31,e10,c1,p10,l1,0.00
i31,e10,c1,p10,l2,0.00
i31,e10,c1,p10,l3,0.00
i31,e10,c1,p11,l1,0.00
i31,e10,c1,p11,l2,0.00
i31,e10,c1,p11,l3,0.00
i31,e10,c1,p12,l1,0.00
i31,e10,c1,p12,l2,0.00
i31,e10,c1,p12,l3,0.00
i31,e10,c1,p13,l1,0.00
i31,e10,c1,p13,l2,0.00
i31,e10,c1,p13,l3,0.00
i31,e10,c1,p14,l1,0.00
i31,e10,c1,p14,l2,0.00
i31,e10,c1,p14,l3,0.00
i31,e10,c1,p15,l1,0.00
i31,e10,c1,p15,l2,0.00
i31,e10,c1,p15,l3,0.00
i31,e10,c1,p16,l1,0.00
i31,e10,c1,p16,l2,0.00
i31,e10,c1,p16,l3,0.00
i31,e10,c1,p17,l1,0.00
i31,e10,c1,p17,l2,0.00
i31,e10,c1,p17,l3,0.00
i31,e10,c1,p18,l1,0.00
i31,e10,c1,p18,l2,0.00
i31,e10,c1,p18,l3,0.00
i31,e10,c1,p19,l1,0.00
i31,e10,c1,p19,l2,0.00
i31,e10,c1,p19,l3,0.00
i31,e10,c1,p20,l1,0.00
i31,e10,c1,p20,l2,0.00
i31,e10,c1,p20,l3,0.00
i31,e10,c1,p21,l1,0.00
i31,e10,c1,p21,l2,0.00
i31,e10,c1,p21,l3,0.00
i31,e10,c1,p22,l1,0.00
i31,e10,c1,p22,l2,0.00
i31,e10,c1,p22,l3,0.00
i31,e10,c1,p23,l1,0.00
i31,e10,c1,p23,l2,0.00
i31,e10,c1,p23,l3,0.00
i31,e10,c1,p24,l1,0.00
i31,e10,c1,p24,l2,0.00
i31,e10,c1,p24,l3,0.00
i31,e10,c1,p25,l1,0.00
i31,e10,c1,p25,l2,0.00
i31,e10,c1,p25,l3,0.00
i31,e10,c1,p27,l1,0.00
i31,e10,c1,p27,l2,0.00
i31,e10,c1,p27,l3,0.00
i31,e10,c1,p28,l1,0.00
i31,e10,c1,p28,l2,0.00
i31,e10,c1,p28,l3,0.00
i31,e10,c1,p29,l1,0.00
i31,e10,c1,p29,l2,0.00
i31,e10,c1,p29,l3,0.00
i31,e10,c1,p35,l1,0.00
i31,e10,c1,p35,l2,0.00
i31,e10,c1,p35,l3,0.00
i31,e10,c4,p03,l1,0.00
i31,e10,c4,p03,l2,0.00
i31,e10,c4,p03,l3,0.00
i31,e10,c4,p04,l1,0.00
i31,e10,c4,p04,l2,0.00
i31,e10,c4,p04,l3,0.00
i31,e10,c4,p06,l1,0.00
i31,e10,c4,p06,l2,0.00
i31,e10,c4,p06,l3,0.00
i31,e10,c4,p07,l1,0.00
i31,e10,c4,p07,l2,0.00
i31,e10,c4,p07,l3,0.00
i31,e10,c4,p08,l1,0.00
i31,e10,c4,p08,l2,0.00
i31,e10,c4,p08,l3,0.00
i31,e10,c4,p10,l1,0.00
i31,e10,c4,p10,l2,0.00
i31,e10,c4,p10,l3,0.00
i31,e10,c4,p11,l1,0.00
i31,e10,c4,p11,l2,0.00
i31,e10,c4,p11,l3,0.00
i31,e10,c4,p12,l1,0.00
i31,e10,c4,p12,l2,0.00
i31,e10,c4,p12,l3,0.00
i31,e10,c4,p13,l1,0.00
i31,e10,c4,p13,l2,0.00
i31,e10,c4,p13,l3,0.00
i31,e10,c4,p14,l1,0.00
i31,e10,c4,p14,l2,0.00
i31,e10,c4,p14,l3,0.00
i31,e10,c4,p15,l1,0.00
i31,e10,c4,p15,l2,0.00
i31,e10,c4,p15,l3,0.00
i31,e10,c4,p16,l1,0.00
i31,e10,c4,p16,l2,0.00
i31,e10,c4,p16,l3,0.00
i31,e10,c4,p17,l1,0.00
i31,e10,c4,p17,l2,0.00
i31,e10,c4,p17,l3,0.00
i31,e10,c4,p18,l2,0.00
i31,e10,c4,p18,l3,0.00
i31,e10,c4,p19,l1,0.00
i31,e10,c4,p19,l2,0.00
i31,e10,c4,p19,l3,0.00
i31,e10,c4,p20,l1,0.00
i31,e10,c4,p20,l2,0.00
i31,e10,c4,p20,l3,0.00
i31,e10,c4,p21,l1,0.00
i31,e10,c4,p21,l2,0.00
i31,e10,c4,p21,l3,0.00
i31,e10,c4,p23,l1,0.00
i31,e10,c4,p23,l2,0.00
i31,e10,c4,p23,l3,0.00
i31,e10,c4,p24,l2,0.00
i31,e10,c4,p24,l3,0.00
i31,e10,c4,p28,l1,0.00
i31,e10,c4,p28,l2,0.00
i31,e10,c4,p28,l3,0.00
i31,e10,c4,p29,l1,0.00
i31,e10,c4,p29,l2,0.00
i31,e10,c4,p29,l3,0.00
i31,e10,c4,p35,l1,0.00
i31,e10,c4,p35,l2,0.00
i31,e10,c4,p35,l3,0.00
i31,e11,c1,p01,l2,0.00
i31,e11,c1,p01,l3,0.00
i31,e11,c1,p02,l2,0.00
i31,e11,c1,p02,l3,2.15
i31,e11,c1,p03,l2,0.00
i31,e11,c1,p03,l3,0.00
i31,e11,c1,p04,l2,0.00
i31,e11,c1,p04,l3,0.00
i31,e11,c1,p05,l2,0.00
i31,e11,c1,p05,l3,0.00
i31,e11,c1,p06,l2,0.00
i31,e11,c1,p06,l3,0.00
i31,e11,c1,p07,l2,0.00
i31,e11,c1,p07,l3,0.00
i31,e11,c1,p08,l2,0.00
i31,e11,c1,p08,l3,0.00
i31,e11,c1,p09,l2,0.00
i31,e11,c1,p09,l3,0.00
i31,e11,c1,p10,l2,0.00
i31,e11,c1,p10,l3,0.00
i31,e11,c1,p11,l2,0.00
i31,e11,c1,p11,l3,0.00
i31,e11,c1,p12,l2,0.00
i31,e11,c1,p12,l3,0.00
i31,e11,c1,p13,l2,0.00
i31,e11,c1,p13,l3,3.30
i31,e11,c1,p14,l2,0.00
i31,e11,c1,p14,l3,0.00
i31,e11,c1,p15,l2,0.00
i31,e11,c1,p15,l3,0.00
i31,e11,c1,p16,l2,0.00
i31,e11,c1,p16,l3,0.00
i31,e11,c1,p17,l2,0.00
i31,e11,c1,p17,l3,0.00
i31,e11,c1,p18,l2,0.00
i31,e11,c1,p18,l3,45.34
i31,e11,c1,p19,l2,0.00
i31,e11,c1,p19,l3,8.04
i31,e11,c1,p20,l2,0.00
i31,e11,c1,p20,l3,0.00
i31,e11,c1,p21,l2,0.00
i31,e11,c1,p21,l3,2.21
i31,e11,c1,p22,l2,0.00
i31,e11,c1,p22,l3,0.00
i31,e11,c1,p23,l2,0.00
i31,e11,c1,p23,l3,0.00
i31,e11,c1,p24,l2,0.00
i31,e11,c1,p24,l3,1.39
i31,e11,c1,p25,l3,0.00
i31,e11,c1,p26,l3,0.00
i31,e11,c1,p27,l3,0.00
i31,e11,c1,p28,l2,0.00
i31,e11,c1,p28,l3,0.00
i31,e11,c1,p29,l2,0.00
i31,e11,c1,p29,l3,0.00
i31,e11,c1,p32,l2,0.00
i31,e11,c1,p32,l3,0.00
i31,e11,c1,p33,l3,0.00
i31,e11,c1,p35,l2,0.00
i31,e11,c1,p35,l3,87.19
i31,e11,c4,p03,l2,0.00
i31,e11,c4,p03,l3,0.00
i31,e11,c4,p04,l3,0.00
i31,e11,c4,p06,l3,0.00
i31,e11,c4,p07,l2,0.00
i31,e11,c4,p07,l3,0.00
i31,e11,c4,p08,l3,0.00
i31,e11,c4,p10,l2,0.00
i31,e11,c4,p10,l3,0.00
i31,e11,c4,p11,l2,0.00
i31,e11,c4,p11,l3,0.00
i31,e11,c4,p12,l3,0.00
i31,e11,c4,p13,l2,0.00
i31,e11,c4,p13,l3,0.00
i31,e11,c4,p14,l2,0.00
i31,e11,c4,p14,l3,0.00
i31,e11,c4,p15,l2,0.00
i31,e11,c4,p15,l3,0.00
i31,e11,c4,p16,l2,0.00
i31,e11,c4,p16,l3,0.00
i31,e11,c4,p17,l2,0.00
i31,e11,c4,p17,l3,0.00
i31,e11,c4,p19,l2,0.00
i31,e11,c4,p19,l3,0.00
i31,e11,c4,p20,l2,0.00
i31,e11,c4,p20,l3,0.00
i31,e11,c4,p21,l2,0.00
i31,e11,c4,p21,l3,0.00
i31,e11,c4,p23,l3,0.00
i31,e11,c4,p24,l3,0.00
i31,e11,c4,p28,l3,0.00
i31,e11,c4,p29,l3,0.00
i31,e11,c4,p35,l2,0.00
i31,e11,c4,p35,l3,0.00
i31,e12,c1,p01,l3,0.00
i31,e12,c1,p02,l3,0.00
i31,e12,c1,p03,l3,0.00
i31,e12,c1,p04,l3,0.00
i31,e12,c1,p05,l3,0.00
i31,e12,c1,p06,l3,0.00
i31,e12,c1,p07,l3,0.00
i31,e12,c1,p08,l3,0.00
i31,e12,c1,p09,l3,0.00
i31,e12,c1,p10,l3,0.00
i31,e12,c1,p11,l3,0.00
i31,e12,c1,p12,l3,0.00
i31,e12,c1,p13,l3,0.00
i31,e12,c1,p14,l3,0.00
i31,e12,c1,p15,l3,0.00
i31,e12,c1,p16,l3,0.00
i31,e12,c1,p17,l3,0.00
i31,e12,c1,p18,l3,0.00
i31,e12,c1,p19,l3,0.00
i31,e12,c1,p20,l3,0.00
i31,e12,c1,p21,l3,0.00
i31,e12,c1,p22,l3,0.00
i31,e12,c1,p23,l3,0.00
i31,e12,c1,p24,l3,0.00
i31,e12,c1,p28,l3,0.00
i31,e12,c1,p29,l3,0.00
i31,e12,c1,p35,l3,0.00
i31,e12,c4,p03,l3,0.00
i31,e12,c4,p05,l3,0.00
i31,e12,c4,p07,l3,0.00
i31,e12,c4,p11,l3,0.00
i31,e12,c4,p13,l3,0.00
i31,e12,c4,p14,l3,0.00
i31,e12,c4,p16,l3,0.00
i31,e12,c4,p17,l3,0.00
i31,e12,c4,p19,l3,0.00
i31,e12,c4,p20,l3,0.00
i31,e12,c4,p21,l3,0.00
i31,e12,c4,p24,l3,0.00
i31,e12,c4,p35,l3,0.00
i32,e01,c3,p02,l3,0.00
i32,e01,c3,p04,l3,0.00
i32,e01,c3,p35,l3,0.00
i32,e01,c5,p01,l3,0.00
i32,e01,c5,p02,l3,0.00
i32,e01,c5,p03,l3,0.00
i32,e01,c5,p04,l3,0.00
i32,e01,c5,p05,l3,0.00
i32,e01,c5,p06,l3,0.00
i32,e01,c5,p07,l3,0.00
i32,e01,c5,p08,l3,0.00
i32,e01,c5,p09,l3,0.00
i32,e01,c5,p10,l3,0.00
i32,e01,c5,p11,l3,0.00
i32,e01,c5,p12,l3,0.00
i32,e01,c5,p13,l3,0.00
i32,e01,c5,p14,l3,0.00
i32,e01,c5,p15,l3,0.00
i32,e01,c5,p16,l3,0.00
i32,e01,c5,p17,l3,0.00
i32,e01,c5,p18,l3,0.00
i32,e01,c5,p19,l3,0.00
i32,e01,c5,p20,l3,0.00
i32,e01,c5,p21,l3,0.00
i32,e01,c5,p22,l3,0.00
i32,e01,c5,p23,l3,0.00
i32,e01,c5,p24,l3,0.00
i32,e01,c5,p25,l3,0.00
i32,e01,c5,p26,l3,0.00
i32,e01,c5,p28,l3,0.00
i32,e01,c5,p29,l3,0.00
i32,e01,c5,p31,l3,0.00
i32,e01,c5,p32,l3,0.00
i32,e01,c5,p35,l3,2.30
i32,e03,c5,p11,l3,0.00
i32,e03,c5,p35,l3,0.00
i32,e04,c3,p02,l1,0.00
i32,e04,c3,p02,l3,0.00
i32,e04,c3,p04,l1,0.00
i32,e04,c3,p04,l3,0.00
i32,e04,c3,p35,l1,0.00
i32,e04,c3,p35,l3,0.00
i32,e04,c5,p01,l1,0.00
i32,e04,c5,p01,l3,0.00
i32,e04,c5,p02,l1,0.00
i32,e04,c5,p02,l3,0.00
i32,e04,c5,p03,l1,0.00
i32,e04,c5,p03,l3,0.00
i32,e04,c5,p04,l1,0.00
i32,e04,c5,p04,l3,0.00
i32,e04,c5,p05,l1,0.00
i32,e04,c5,p05,l3,0.00
i32,e04,c5,p06,l1,0.00
i32,e04,c5,p06,l3,0.00
i32,e04,c5,p07,l1,0.00
i32,e04,c5,p07,l3,0.00
i32,e04,c5,p08,l1,0.00
i32,e04,c5,p08,l3,0.00
i32,e04,c5,p09,l1,0.00
i32,e04,c5,p09,l3,0.00
i32,e04,c5,p10,l1,0.00
i32,e04,c5,p10,l3,0.00
i32,e04,c5,p11,l1,0.00
i32,e04,c5,p11,l3,0.00
i32,e04,c5,p12,l1,0.00
i32,e04,c5,p12,l3,0.00
i32,e04,c5,p13,l1,0.00
i32,e04,c5,p13,l3,0.00
i32,e04,c5,p14,l1,0.00
i32,e04,c5,p14,l3,0.00
i32,e04,c5,p15,l1,0.00
i32,e04,c5,p15,l3,0.00
i32,e04,c5,p16,l1,0.00
i32,e04,c5,p16,l3,0.00
i32,e04,c5,p17,l1,0.00
i32,e04,c5,p17,l3,0.00
i32,e04,c5,p18,l1,0.00
i32,e04,c5,p18,l3,0.00
i32,e04,c5,p19,l1,0.00
i32,e04,c5,p19,l3,0.00
i32,e04,c5,p20,l1,0.00
i32,e04,c5,p20,l3,0.00
i32,e04,c5,p21,l1,0.00
i32,e04,c5,p21,l3,0.00
i32,e04,c5,p22,l3,0.00
i32,e04,c5,p23,l1,0.00
i32,e04,c5,p23,l3,0.00
i32,e04,c5,p24,l1,0.00
i32,e04,c5,p24,l3,0.00
i32,e04,c5,p25,l1,0.00
i32,e04,c5,p25,l3,0.00
i32,e04,c5,p26,l1,0.00
i32,e04,c5,p26,l3,0.00
i32,e04,c5,p28,l1,0.00
i32,e04,c5,p28,l3,0.00
i32,e04,c5,p29,l1,0.00
i32,e04,c5,p29,l3,0.00
i32,e04,c5,p31,l3,0.00
i32,e04,c5,p32,l3,0.00
i32,e04,c5,p35,l1,0.00
i32,e04,c5,p35,l3,0.00
i32,e05,c3,p03,l1,0.00
i32,e05,c3,p03,l3,0.00
i32,e05,c3,p04,l1,0.00
i32,e05,c3,p04,l3,0.00
i32,e05,c3,p35,l3,0.00
i32,e05,c5,p01,l3,0.00
i32,e05,c5,p02,l3,0.00
i32,e05,c5,p03,l3,0.00
i32,e05,c5,p04,l1,0.00
i32,e05,c5,p04,l3,0.00
i32,e05,c5,p05,l1,0.00
i32,e05,c5,p05,l3,0.00
i32,e05,c5,p06,l3,0.00
i32,e05,c5,p07,l3,0.00
i32,e05,c5,p08,l3,0.00
i32,e05,c5,p09,l3,0.00
i32,e05,c5,p10,l1,0.00
i32,e05,c5,p10,l3,0.00
i32,e05,c5,p11,l3,0.00
i32,e05,c5,p12,l3,0.00
i32,e05,c5,p13,l1,0.00
i32,e05,c5,p13,l3,0.00
i32,e05,c5,p14,l3,0.00
i32,e05,c5,p15,l3,0.00
i32,e05,c5,p16,l1,0.00
i32,e05,c5,p16,l3,2.17
i32,e05,c5,p17,l1,0.00
i32,e05,c5,p17,l3,0.00
i32,e05,c5,p18,l3,0.00
i32,e05,c5,p19,l3,0.00
i32,e05,c5,p21,l1,0.00
i32,e05,c5,p21,l3,0.00
i32,e05,c5,p22,l3,0.00
i32,e05,c5,p23,l3,0.00
i32,e05,c5,p24,l3,0.00
i32,e05,c5,p25,l3,0.00
i32,e05,c5,p26,l3,0.00
i32,e05,c5,p28,l3,0.00
i32,e05,c5,p29,l3,0.00
i32,e05,c5,p32,l1,0.00
i32,e05,c5,p32,l3,0.00
i32,e05,c5,p35,l1,0.00
i32,e05,c5,p35,l3,1.37
i32,e08,c3,p02,l2,0.00
i32,e08,c3,p02,l3,0.00
i32,e08,c3,p04,l2,0.00
i32,e08,c3,p04,l3,0.00
i32,e08,c3,p35,l2,0.00
i32,e08,c3,p35,l3,0.00
i32,e08,c5,p01,l2,0.00
i32,e08,c5,p01,l3,0.00
i32,e08,c5,p02,l2,0.00
i32,e08,c5,p02,l3,0.00
i32,e08,c5,p03,l2,0.00
i32,e08,c5,p03,l3,0.00
i32,e08,c5,p04,l2,0.00
i32,e08,c5,p04,l3,0.00
i32,e08,c5,p05,l2,0.00
i32,e08,c5,p05,l3,0.00
i32,e08,c5,p06,l2,0.00
i32,e08,c5,p06,l3,0.00
i32,e08,c5,p07,l2,0.00
i32,e08,c5,p07,l3,0.00
i32,e08,c5,p08,l2,0.00
i32,e08,c5,p08,l3,0.00
i32,e08,c5,p09,l2,0.00
i32,e08,c5,p09,l3,0.00
i32,e08,c5,p10,l2,0.00
i32,e08,c5,p10,l3,0.00
i32,e08,c5,p11,l2,0.00
i32,e08,c5,p11,l3,0.00
i32,e08,c5,p12,l2,0.00
i32,e08,c5,p12,l3,0.00
i32,e08,c5,p13,l2,0.00
i32,e08,c5,p13,l3,0.00
i32,e08,c5,p14,l2,0.00
i32,e08,c5,p14,l3,0.00
i32,e08,c5,p15,l2,0.00
i32,e08,c5,p15,l3,0.00
i32,e08,c5,p16,l2,0.00
i32,e08,c5,p16,l3,0.00
i32,e08,c5,p17,l2,0.00
i32,e08,c5,p17,l3,0.00
i32,e08,c5,p18,l2,0.00
i32,e08,c5,p18,l3,0.00
i32,e08,c5,p19,l2,0.00
i32,e08,c5,p19,l3,0.00
i32,e08,c5,p20,l3,0.00
i32,e08,c5,p21,l2,0.00
i32,e08,c5,p21,l3,0.00
i32,e08,c5,p22,l2,0.00
i32,e08,c5,p22,l3,0.00
i32,e08,c5,p23,l2,0.00
i32,e08,c5,p23,l3,0.00
i32,e08,c5,p24,l2,0.00
i32,e08,c5,p24,l3,0.00
i32,e08,c5,p25,l2,0.00
i32,e08,c5,p25,l3,0.00
i32,e08,c5,p26,l2,0.00
i32,e08,c5,p26,l3,0.00
i32,e08,c5,p28,l2,0.00
i32,e08,c5,p28,l3,0.00
i32,e08,c5,p29,l2,0.00
i32,e08,c5,p29,l3,0.00
i32,e08,c5,p31,l2,0.00
i32,e08,c5,p31,l3,0.00
i32,e08,c5,p32,l2,0.00
i32,e08,c5,p32,l3,0.00
i32,e08,c5,p35,l2,0.00
i32,e08,c5,p35,l3,5.07
i32,e09,c3,p02,l2,0.00
i32,e09,c3,p02,l3,0.00
i32,e09,c3,p04,l3,0.00
i32,e09,c3,p35,l3,0.00
i32,e09,c5,p01,l2,0.00
i32,e09,c5,p01,l3,0.00
i32,e09,c5,p02,l2,0.00
i32,e09,c5,p02,l3,0.00
i32,e09,c5,p03,l2,0.00
i32,e09,c5,p03,l3,0.00
i32,e09,c5,p04,l2,0.00
i32,e09,c5,p04,l3,0.00
i32,e09,c5,p05,l2,0.00
i32,e09,c5,p05,l3,0.00
i32,e09,c5,p06,l3,0.00
i32,e09,c5,p07,l2,0.00
i32,e09,c5,p07,l3,0.00
i32,e09,c5,p08,l2,0.00
i32,e09,c5,p08,l3,0.00
i32,e09,c5,p09,l2,0.00
i32,e09,c5,p09,l3,0.00
i32,e09,c5,p10,l2,0.00
i32,e09,c5,p10,l3,0.00
i32,e09,c5,p11,l2,0.00
i32,e09,c5,p11,l3,0.00
i32,e09,c5,p12,l2,0.00
i32,e09,c5,p12,l3,0.00
i32,e09,c5,p13,l2,0.00
i32,e09,c5,p13,l3,0.00
i32,e09,c5,p14,l2,0.00
i32,e09,c5,p14,l3,0.00
i32,e09,c5,p15,l2,0.00
i32,e09,c5,p15,l3,0.00
i32,e09,c5,p16,l2,0.00
i32,e09,c5,p16,l3,0.00
i32,e09,c5,p17,l2,0.00
i32,e09,c5,p17,l3,0.00
i32,e09,c5,p18,l2,0.00
i32,e09,c5,p18,l3,0.00
i32,e09,c5,p19,l2,0.00
i32,e09,c5,p19,l3,0.00
i32,e09,c5,p20,l2,0.00
i32,e09,c5,p20,l3,0.00
i32,e09,c5,p21,l2,0.00
i32,e09,c5,p21,l3,0.00
i32,e09,c5,p22,l3,0.00
i32,e09,c5,p23,l3,0.00
i32,e09,c5,p24,l2,0.00
i32,e09,c5,p24,l3,0.00
i32,e09,c5,p25,l2,0.00
i32,e09,c5,p25,l3,0.00
i32,e09,c5,p26,l2,0.00
i32,e09,c5,p26,l3,0.00
i32,e09,c5,p28,l2,0.00
i32,e09,c5,p28,l3,0.00
i32,e09,c5,p29,l2,0.00
i32,e09,c5,p29,l3,0.00
i32,e09,c5,p31,l3,0.00
i32,e09,c5,p32,l2,0.00
i32,e09,c5,p32,l3,0.00
i32,e09,c5,p35,l2,0.00
i32,e09,c5,p35,l3,0.00
i32,e11,c3,p02,l2,0.00
i32,e11,c3,p02,l3,0.00
i32,e11,c3,p04,l2,0.00
i32,e11,c3,p04,l3,0.00
i32,e11,c3,p10,l2,0.00
i32,e11,c3,p10,l3,0.00
i32,e11,c3,p35,l2,0.00
i32,e11,c3,p35,l3,0.00
i32,e11,c5,p01,l2,0.00
i32,e11,c5,p01,l3,0.00
i32,e11,c5,p02,l2,0.00
i32,e11,c5,p02,l3,0.00
i32,e11,c5,p03,l2,0.00
i32,e11,c5,p03,l3,2.36
i32,e11,c5,p04,l2,0.00
i32,e11,c5,p04,l3,0.00
i32,e11,c5,p05,l2,0.00
i32,e11,c5,p05,l3,0.00
i32,e11,c5,p06,l2,0.00
i32,e11,c5,p06,l3,0.00
i32,e11,c5,p07,l2,0.00
i32,e11,c5,p07,l3,0.00
i32,e11,c5,p08,l2,0.00
i32,e11,c5,p08,l3,0.00
i32,e11,c5,p09,l2,0.00
i32,e11,c5,p09,l3,0.00
i32,e11,c5,p10,l2,0.00
i32,e11,c5,p10,l3,0.00
i32,e11,c5,p11,l2,0.00
i32,e11,c5,p11,l3,0.00
i32,e11,c5,p12,l2,0.00
i32,e11,c5,p12,l3,0.00
i32,e11,c5,p13,l2,0.00
i32,e11,c5,p13,l3,0.00
i32,e11,c5,p14,l2,0.00
i32,e11,c5,p14,l3,0.00
i32,e11,c5,p15,l2,0.00
i32,e11,c5,p15,l3,0.00
i32,e11,c5,p16,l2,0.00
i32,e11,c5,p16,l3,0.00
i32,e11,c5,p17,l2,0.00
i32,e11,c5,p17,l3,0.00
i32,e11,c5,p18,l2,0.00
i32,e11,c5,p18,l3,0.00
i32,e11,c5,p19,l2,0.00
i32,e11,c5,p19,l3,1.24
i32,e11,c5,p20,l2,0.00
i32,e11,c5,p20,l3,0.00
i32,e11,c5,p21,l2,0.00
i32,e11,c5,p21,l3,0.00
i32,e11,c5,p22,l2,0.00
i32,e11,c5,p22,l3,0.00
i32,e11,c5,p23,l2,0.00
i32,e11,c5,p23,l3,0.00
i32,e11,c5,p24,l2,0.00
i32,e11,c5,p24,l3,0.00
i32,e11,c5,p25,l2,0.00
i32,e11,c5,p25,l3,0.00
i32,e11,c5,p26,l2,0.00
i32,e11,c5,p26,l3,0.00
i32,e11,c5,p28,l2,0.00
i32,e11,c5,p28,l3,0.00
i32,e11,c5,p29,l2,0.00
i32,e11,c5,p29,l3,0.00
i32,e11,c5,p31,l2,0.00
i32,e11,c5,p31,l3,0.00
i32,e11,c5,p32,l2,0.00
i32,e11,c5,p32,l3,0.00
i32,e11,c5,p35,l2,0.00
i32,e11,c5,p35,l3,11.29
i32,e12,c3,p02,l3,0.00
i32,e12,c3,p04,l3,0.00
i32,e12,c3,p35,l3,0.00
i32,e12,c5,p01,l3,0.00
i32,e12,c5,p02,l3,0.00
i32,e12,c5,p03,l3,0.00
i32,e12,c5,p04,l3,0.00
i32,e12,c5,p05,l3,0.00
i32,e12,c5,p06,l3,0.00
i32,e12,c5,p07,l3,0.00
i32,e12,c5,p08,l3,0.00
i32,e12,c5,p09,l3,0.00
i32,e12,c5,p10,l3,0.00
i32,e12,c5,p11,l3,0.00
i32,e12,c5,p12,l3,0.00
i32,e12,c5,p13,l3,0.00
i32,e12,c5,p14,l3,0.00
i32,e12,c5,p15,l3,0.00
i32,e12,c5,p16,l3,0.00
i32,e12,c5,p17,l3,0.00
i32,e12,c5,p18,l3,0.00
i32,e12,c5,p19,l3,0.00
i32,e12,c5,p20,l3,0.00
i32,e12,c5,p21,l3,0.00
i32,e12,c5,p22,l3,0.00
i32,e12,c5,p23,l3,0.00
i32,e12,c5,p24,l3,0.00
i32,e12,c5,p25,l3,0.00
i32,e12,c5,p26,l3,0.00
i32,e12,c5,p28,l3,0.00
i32,e12,c5,p29,l3,0.00
i32,e12,c5,p31,l3,0.00
i32,e12,c5,p32,l3,0.00
i32,e12,c5,p35,l3,0.00
i33,e01,c1,p01,l3,0.00
i33,e01,c1,p02,l3,0.00
i33,e01,c1,p03,l3,0.00
i33,e01,c1,p04,l3,0.00
i33,e01,c1,p05,l3,0.00
i33,e01,c1,p06,l3,0.00
i33,e01,c1,p07,l3,0.00
i33,e01,c1,p08,l3,0.00
i33,e01,c1,p09,l3,0.00
i33,e01,c1,p10,l3,0.00
i33,e01,c1,p11,l3,0.00
i33,e01,c1,p12,l3,0.00
i33,e01,c1,p13,l3,0.00
i33,e01,c1,p14,l3,0.00
i33,e01,c1,p15,l3,0.00
i33,e01,c1,p16,l3,0.00
i33,e01,c1,p17,l3,0.00
i33,e01,c1,p18,l3,0.00
i33,e01,c1,p19,l3,0.00
i33,e01,c1,p20,l3,0.00
i33,e01,c1,p21,l3,0.00
i33,e01,c1,p22,l3,1.31
i33,e01,c1,p23,l3,0.00
i33,e01,c1,p24,l3,0.00
i33,e01,c1,p25,l3,0.00
i33,e01,c1,p26,l3,0.00
i33,e01,c1,p28,l3,0.00
i33,e01,c1,p29,l3,0.00
i33,e01,c1,p31,l3,0.00
i33,e01,c1,p32,l3,0.00
i33,e01,c1,p35,l3,0.00
i33,e01,c4,p01,l3,0.00
i33,e01,c4,p03,l3,0.00
i33,e01,c4,p04,l3,0.00
i33,e01,c4,p05,l3,0.00
i33,e01,c4,p08,l3,0.00
i33,e01,c4,p10,l3,0.00
i33,e01,c4,p11,l3,0.00
i33,e01,c4,p12,l3,0.00
i33,e01,c4,p13,l3,0.00
i33,e01,c4,p15,l3,0.00
i33,e01,c4,p16,l3,0.00
i33,e01,c4,p17,l3,0.00
i33,e01,c4,p18,l3,0.00
i33,e01,c4,p19,l3,0.00
i33,e01,c4,p21,l3,0.00
i33,e03,c1,p01,l3,0.00
i33,e03,c1,p02,l3,0.00
i33,e03,c1,p03,l3,0.00
i33,e03,c1,p04,l3,0.00
i33,e03,c1,p05,l3,1.48
i33,e03,c1,p06,l3,0.00
i33,e03,c1,p07,l3,0.00
i33,e03,c1,p08,l3,0.00
i33,e03,c1,p09,l3,0.00
i33,e03,c1,p10,l3,2.11
i33,e03,c1,p11,l3,0.00
i33,e03,c1,p12,l3,0.00
i33,e03,c1,p13,l3,0.00
i33,e03,c1,p14,l3,0.00
i33,e03,c1,p15,l3,0.00
i33,e03,c1,p16,l3,1.18
i33,e03,c1,p17,l3,0.00
i33,e03,c1,p18,l3,0.00
i33,e03,c1,p19,l3,0.00
i33,e03,c1,p20,l3,0.00
i33,e03,c1,p21,l3,0.00
i33,e03,c1,p22,l3,0.00
i33,e03,c1,p23,l3,0.00
i33,e03,c1,p24,l3,0.00
i33,e03,c1,p25,l3,0.00
i33,e03,c1,p26,l3,0.00
i33,e03,c1,p28,l3,0.00
i33,e03,c1,p29,l3,0.00
i33,e03,c1,p30,l3,0.00
i33,e03,c1,p31,l3,0.00
i33,e03,c1,p32,l3,0.00
i33,e03,c1,p33,l3,0.00
i33,e03,c1,p34,l3,0.00
i33,e03,c1,p35,l3,0.00
i33,e03,c4,p01,l3,0.00
i33,e03,c4,p03,l3,0.00
i33,e03,c4,p04,l3,0.00
i33,e03,c4,p05,l3,0.00
i33,e03,c4,p07,l3,0.00
i33,e03,c4,p08,l3,0.00
i33,e03,c4,p09,l3,0.00
i33,e03,c4,p10,l3,0.00
i33,e03,c4,p11,l3,0.00
i33,e03,c4,p13,l3,0.00
i33,e03,c4,p14,l3,0.00
i33,e03,c4,p15,l3,0.00
i33,e03,c4,p16,l3,0.00
i33,e03,c4,p17,l3,0.00
i33,e03,c4,p18,l3,0.00
i33,e03,c4,p19,l3,0.00
i33,e03,c4,p21,l3,0.00
i33,e03,c4,p24,l3,0.00
i33,e03,c4,p35,l3,0.00
i33,e03,c7,p10,l3,0.00
i33,e04,c1,p01,l3,0.00
i33,e04,c1,p02,l3,0.00
i33,e04,c1,p03,l3,0.00
i33,e04,c1,p04,l3,0.00
i33,e04,c1,p05,l3,0.00
i33,e04,c1,p06,l3,0.00
i33,e04,c1,p07,l3,0.00
i33,e04,c1,p08,l3,0.00
i33,e04,c1,p09,l3,0.00
i33,e04,c1,p10,l3,0.00
i33,e04,c1,p11,l3,0.00
i33,e04,c1,p12,l3,0.00
i33,e04,c1,p13,l3,0.00
i33,e04,c1,p14,l3,0.00
i33,e04,c1,p15,l3,0.00
i33,e04,c1,p16,l3,0.00
i33,e04,c1,p17,l3,0.00
i33,e04,c1,p18,l3,0.00
i33,e04,c1,p19,l3,0.00
i33,e04,c1,p20,l3,0.00
i33,e04,c1,p21,l3,0.00
i33,e04,c1,p22,l3,0.00
i33,e04,c1,p23,l3,0.00
i33,e04,c1,p24,l3,0.00
i33,e04,c1,p25,l3,0.00
i33,e04,c1,p26,l3,0.00
i33,e04,c1,p28,l3,0.00
i33,e04,c1,p29,l3,0.00
i33,e04,c1,p31,l3,0.00
i33,e04,c1,p32,l3,0.00
i33,e04,c1,p33,l3,0.00
i33,e04,c1,p35,l3,0.00
i33,e04,c4,p01,l3,0.00
i33,e04,c4,p03,l3,0.00
i33,e04,c4,p05,l3,0.00
i33,e04,c4,p07,l3,0.00
i33,e04,c4,p08,l3,0.00
i33,e04,c4,p09,l3,0.00
i33,e04,c4,p10,l3,0.00
i33,e04,c4,p11,l3,0.00
i33,e04,c4,p13,l3,0.00
i33,e04,c4,p15,l3,0.00
i33,e04,c4,p16,l3,0.00
i33,e04,c4,p19,l3,0.00
i33,e04,c7,p10,l3,0.00
i33,e05,c1,p01,l3,0.00
i33,e05,c1,p02,l3,0.00
i33,e05,c1,p03,l3,0.00
i33,e05,c1,p04,l3,0.00
i33,e05,c1,p05,l3,0.00
i33,e05,c1,p06,l3,0.00
i33,e05,c1,p07,l3,0.00
i33,e05,c1,p08,l3,0.00
i33,e05,c1,p10,l3,0.00
i33,e05,c1,p11,l3,0.00
i33,e05,c1,p12,l3,0.00
i33,e05,c1,p13,l3,0.00
i33,e05,c1,p14,l3,0.00
i33,e05,c1,p15,l3,0.00
i33,e05,c1,p16,l3,0.00
i33,e05,c1,p17,l3,0.00
i33,e05,c1,p18,l3,0.00
i33,e05,c1,p19,l3,0.00
i33,e05,c1,p21,l3,0.00
i33,e05,c1,p22,l3,0.00
i33,e05,c1,p24,l3,0.00
i33,e05,c1,p25,l3,0.00
i33,e05,c1,p26,l3,0.00
i33,e05,c1,p28,l3,0.00
i33,e05,c1,p29,l3,0.00
i33,e05,c1,p32,l3,0.00
i33,e05,c1,p35,l3,0.00
i33,e05,c4,p03,l3,0.00
i33,e05,c4,p10,l3,0.00
i33,e05,c4,p19,l3,0.00
i33,e05,c4,p35,l3,0.00
i33,e08,c1,p01,l3,0.00
i33,e08,c1,p02,l3,0.00
i33,e08,c1,p03,l3,0.00
i33,e08,c1,p04,l3,0.00
i33,e08,c1,p05,l3,0.00
i33,e08,c1,p06,l3,0.00
i33,e08,c1,p07,l3,0.00
i33,e08,c1,p08,l3,0.00
i33,e08,c1,p09,l3,0.00
i33,e08,c1,p10,l3,10.56
i33,e08,c1,p11,l3,0.00
i33,e08,c1,p12,l3,0.00
i33,e08,c1,p13,l3,0.00
i33,e08,c1,p14,l3,0.00
i33,e08,c1,p15,l3,2.29
i33,e08,c1,p16,l3,0.00
i33,e08,c1,p17,l3,0.00
i33,e08,c1,p18,l3,0.00
i33,e08,c1,p19,l3,0.00
i33,e08,c1,p20,l3,0.00
i33,e08,c1,p21,l3,0.00
i33,e08,c1,p22,l3,0.00
i33,e08,c1,p23,l3,0.00
i33,e08,c1,p24,l3,0.00
i33,e08,c1,p25,l3,0.00
i33,e08,c1,p26,l3,0.00
i33,e08,c1,p28,l3,0.00
i33,e08,c1,p29,l3,0.00
i33,e08,c1,p30,l3,0.00
i33,e08,c1,p31,l3,0.00
i33,e08,c1,p32,l3,0.00
i33,e08,c1,p33,l3,0.00
i33,e08,c1,p34,l3,0.00
i33,e08,c1,p35,l3,0.00
i33,e08,c4,p01,l3,0.00
i33,e08,c4,p02,l3,0.00
i33,e08,c4,p03,l3,0.00
i33,e08,c4,p04,l3,0.00
i33,e08,c4,p05,l3,0.00
i33,e08,c4,p07,l3,0.00
i33,e08,c4,p08,l3,0.00
i33,e08,c4,p09,l3,0.00
i33,e08,c4,p10,l3,0.00
i33,e08,c4,p11,l3,0.00
i33,e08,c4,p12,l3,0.00
i33,e08,c4,p13,l3,0.00
i33,e08,c4,p15,l3,0.00
i33,e08,c4,p16,l3,0.00
i33,e08,c4,p17,l3,0.00
i33,e08,c4,p18,l3,0.00
i33,e08,c4,p19,l3,0.00
i33,e08,c4,p21,l3,0.00
i33,e08,c4,p24,l3,0.00
i33,e08,c4,p31,l3,0.00
i33,e08,c4,p32,l3,0.00
i33,e09,c1,p01,l3,0.00
i33,e09,c1,p02,l3,0.00
i33,e09,c1,p03,l3,0.00
i33,e09,c1,p04,l3,0.00
i33,e09,c1,p05,l3,0.00
i33,e09,c1,p06,l3,0.00
i33,e09,c1,p07,l3,0.00
i33,e09,c1,p08,l3,0.00
i33,e09,c1,p09,l3,0.00
i33,e09,c1,p10,l3,1.67
i33,e09,c1,p11,l3,0.00
i33,e09,c1,p12,l3,0.00
i33,e09,c1,p13,l3,0.00
i33,e09,c1,p14,l3,0.00
i33,e09,c1,p15,l3,0.00
i33,e09,c1,p16,l3,0.00
i33,e09,c1,p17,l3,0.00
i33,e09,c1,p18,l3,0.00
i33,e09,c1,p19,l3,0.00
i33,e09,c1,p20,l3,0.00
i33,e09,c1,p21,l3,0.00
i33,e09,c1,p22,l3,0.00
i33,e09,c1,p23,l3,0.00
i33,e09,c1,p24,l3,0.00
i33,e09,c1,p25,l3,0.00
i33,e09,c1,p26,l3,0.00
i33,e09,c1,p28,l3,0.00
i33,e09,c1,p29,l3,0.00
i33,e09,c1,p31,l3,0.00
i33,e09,c1,p32,l3,0.00
i33,e09,c1,p33,l3,0.00
i33,e09,c1,p35,l3,0.00
i33,e09,c4,p01,l3,0.00
i33,e09,c4,p03,l3,0.00
i33,e09,c4,p05,l3,0.00
i33,e09,c4,p08,l3,0.00
i33,e09,c4,p10,l3,0.00
i33,e09,c4,p13,l3,0.00
i33,e09,c4,p15,l3,0.00
i33,e09,c4,p16,l3,0.00
i33,e09,c4,p17,l3,0.00
i33,e09,c4,p19,l3,0.00
i33,e09,c4,p21,l3,0.00
i33,e10,c1,p01,l3,2.95
i33,e10,c1,p02,l3,0.00
i33,e10,c1,p03,l3,0.00
i33,e10,c1,p04,l3,0.00
i33,e10,c1,p05,l3,0.00
i33,e10,c1,p06,l3,0.00
i33,e10,c1,p07,l3,0.00
i33,e10,c1,p08,l3,0.00
i33,e10,c1,p09,l3,0.00
i33,e10,c1,p10,l3,0.00
i33,e10,c1,p11,l3,0.00
i33,e10,c1,p12,l3,0.00
i33,e10,c1,p13,l3,0.00
i33,e10,c1,p14,l3,0.00
i33,e10,c1,p15,l3,1.40
i33,e10,c1,p16,l3,0.00
i33,e10,c1,p17,l3,0.00
i33,e10,c1,p18,l3,0.00
i33,e10,c1,p19,l3,2.83
i33,e10,c1,p20,l3,0.00
i33,e10,c1,p21,l3,0.00
i33,e10,c1,p22,l3,0.00
i33,e10,c1,p23,l3,0.00
i33,e10,c1,p24,l3,0.00
i33,e10,c1,p25,l3,0.00
i33,e10,c1,p26,l3,0.00
i33,e10,c1,p28,l3,0.00
i33,e10,c1,p29,l3,0.00
i33,e10,c1,p30,l3,0.00
i33,e10,c1,p31,l3,0.00
i33,e10,c1,p32,l3,0.00
i33,e10,c1,p33,l3,0.00
i33,e10,c1,p34,l3,0.00
i33,e10,c1,p35,l3,0.00
i33,e10,c4,p01,l3,0.00
i33,e10,c4,p03,l3,0.00
i33,e10,c4,p05,l3,0.00
i33,e10,c4,p07,l3,0.00
i33,e10,c4,p10,l3,0.00
i33,e10,c4,p11,l3,0.00
i33,e10,c4,p16,l3,0.00
i33,e10,c4,p17,l3,0.00
i33,e10,c4,p18,l3,0.00
i33,e10,c4,p19,l3,0.00
i33,e10,c4,p21,l3,0.00
i33,e11,c1,p01,l3,0.00
i33,e11,c1,p02,l3,0.00
i33,e11,c1,p03,l3,0.00
i33,e11,c1,p04,l3,0.00
i33,e11,c1,p05,l3,0.00
i33,e11,c1,p06,l3,0.00
i33,e11,c1,p07,l3,0.00
i33,e11,c1,p08,l3,0.00
i33,e11,c1,p09,l3,0.00
i33,e11,c1,p10,l3,0.00
i33,e11,c1,p11,l3,0.00
i33,e11,c1,p12,l3,0.00
i33,e11,c1,p13,l3,0.00
i33,e11,c1,p14,l3,0.00
i33,e11,c1,p15,l3,0.00
i33,e11,c1,p16,l3,0.00
i33,e11,c1,p17,l3,0.00
i33,e11,c1,p18,l3,0.00
i33,e11,c1,p19,l3,0.00
i33,e11,c1,p21,l3,0.00
i33,e11,c1,p22,l3,0.00
i33,e11,c1,p23,l3,0.00
i33,e11,c1,p24,l3,0.00
i33,e11,c1,p25,l3,0.00
i33,e11,c1,p26,l3,0.00
i33,e11,c1,p28,l3,0.00
i33,e11,c1,p29,l3,0.00
i33,e11,c1,p32,l3,0.00
i33,e11,c1,p35,l3,0.00
i33,e11,c4,p05,l3,0.00
i33,e11,c4,p07,l3,0.00
i33,e11,c4,p10,l3,0.00
i34,e01,c3,p01,l3,0.00
i34,e01,c3,p02,l3,0.00
i34,e01,c3,p03,l3,0.00
i34,e01,c3,p04,l3,0.00
i34,e01,c3,p05,l3,0.00
i34,e01,c3,p06,l3,0.00
i34,e01,c3,p07,l3,0.00
i34,e01,c3,p08,l3,0.00
i34,e01,c3,p09,l3,0.00
i34,e01,c3,p10,l3,0.00
i34,e01,c3,p11,l3,0.00
i34,e01,c3,p12,l3,0.00
i34,e01,c3,p13,l3,0.00
i34,e01,c3,p14,l3,0.00
i34,e01,c3,p15,l3,0.00
i34,e01,c3,p16,l3,0.00
i34,e01,c3,p17,l3,0.00
i34,e01,c3,p18,l3,0.00
i34,e01,c3,p19,l3,0.00
i34,e01,c3,p20,l3,0.00
i34,e01,c3,p21,l3,0.00
i34,e01,c3,p22,l3,0.00
i34,e01,c3,p23,l3,0.00
i34,e01,c3,p24,l3,0.00
i34,e01,c3,p25,l3,0.00
i34,e01,c3,p26,l3,0.00
i34,e01,c3,p28,l3,0.00
i34,e01,c3,p29,l3,0.00
i34,e01,c3,p31,l3,0.00
i34,e01,c3,p32,l3,0.00
i34,e01,c3,p33,l3,0.00
i34,e01,c3,p35,l3,2.02
i34,e01,c5,p01,l3,2.91
i34,e01,c5,p02,l3,0.00
i34,e01,c5,p03,l3,9.23
i34,e01,c5,p04,l3,8.59
i34,e01,c5,p05,l3,13.12
i34,e01,c5,p06,l3,8.26
i34,e01,c5,p07,l3,2.69
i34,e01,c5,p08,l3,0.00
i34,e01,c5,p09,l3,1.65
i34,e01,c5,p10,l3,20.74
i34,e01,c5,p11,l3,7.31
i34,e01,c5,p12,l3,3.30
i34,e01,c5,p13,l3,1.82
i34,e01,c5,p14,l3,9.63
i34,e01,c5,p15,l3,32.31
i34,e01,c5,p16,l3,10.30
i34,e01,c5,p17,l3,5.44
i34,e01,c5,p18,l3,9.86
i34,e01,c5,p19,l3,25.02
i34,e01,c5,p20,l3,0.00
i34,e01,c5,p21,l3,9.17
i34,e01,c5,p22,l3,7.40
i34,e01,c5,p23,l3,5.40
i34,e01,c5,p24,l3,14.13
i34,e01,c5,p25,l3,1.61
i34,e01,c5,p26,l3,0.00
i34,e01,c5,p27,l3,0.00
i34,e01,c5,p28,l3,3.46
i34,e01,c5,p29,l3,1.84
i34,e01,c5,p30,l3,0.00
i34,e01,c5,p31,l3,1.64
i34,e01,c5,p32,l3,2.94
i34,e01,c5,p33,l3,0.00
i34,e01,c5,p35,l3,34.14
i34,e02,c3,p01,l1,0.00
i34,e02,c3,p01,l3,0.00
i34,e02,c3,p02,l3,0.00
i34,e02,c3,p03,l1,0.00
i34,e02,c3,p03,l3,0.00
i34,e02,c3,p07,l1,0.00
i34,e02,c3,p07,l3,0.00
i34,e02,c3,p10,l1,0.00
i34,e02,c3,p10,l3,0.00
i34,e02,c3,p11,l3,0.00
i34,e02,c3,p12,l1,0.00
i34,e02,c3,p12,l3,0.00
i34,e02,c3,p13,l1,0.00
i34,e02,c3,p13,l3,0.00
i34,e02,c3,p14,l3,0.00
i34,e02,c3,p15,l3,0.00
i34,e02,c3,p16,l1,0.00
i34,e02,c3,p17,l1,0.00
i34,e02,c3,p17,l3,0.00
i34,e02,c3,p18,l3,0.00
i34,e02,c3,p19,l1,0.00
i34,e02,c3,p19,l3,0.00
i34,e02,c3,p21,l1,0.00
i34,e02,c3,p21,l3,0.00
i34,e02,c3,p23,l1,0.00
i34,e02,c3,p24,l3,0.00
i34,e02,c3,p29,l1,0.00
i34,e02,c3,p29,l3,0.00
i34,e02,c3,p35,l1,0.00
i34,e02,c3,p35,l3,0.00
i34,e02,c5,p01,l1,0.00
i34,e02,c5,p01,l3,0.00
i34,e02,c5,p02,l1,0.00
i34,e02,c5,p02,l3,0.00
i34,e02,c5,p03,l1,0.00
i34,e02,c5,p03,l3,0.00
i34,e02,c5,p04,l1,0.00
i34,e02,c5,p04,l3,0.00
i34,e02,c5,p05,l1,0.00
i34,e02,c5,p05,l3,0.00
i34,e02,c5,p06,l1,0.00
i34,e02,c5,p06,l3,0.00
i34,e02,c5,p07,l1,0.00
i34,e02,c5,p07,l3,0.00
i34,e02,c5,p08,l1,0.00
i34,e02,c5,p08,l3,0.00
i34,e02,c5,p09,l1,0.00
i34,e02,c5,p09,l3,0.00
i34,e02,c5,p10,l1,0.00
i34,e02,c5,p10,l3,0.00
i34,e02,c5,p11,l1,0.00
i34,e02,c5,p11,l3,0.00
i34,e02,c5,p12,l1,0.00
i34,e02,c5,p12,l3,0.00
i34,e02,c5,p13,l1,0.00
i34,e02,c5,p13,l3,0.00
i34,e02,c5,p14,l1,0.00
i34,e02,c5,p14,l3,0.00
i34,e02,c5,p15,l1,0.00
i34,e02,c5,p15,l3,0.00
i34,e02,c5,p16,l1,0.00
i34,e02,c5,p16,l3,0.00
i34,e02,c5,p17,l1,0.00
i34,e02,c5,p17,l3,0.00
i34,e02,c5,p18,l1,0.00
i34,e02,c5,p18,l3,0.00
i34,e02,c5,p19,l1,0.00
i34,e02,c5,p19,l3,0.00
i34,e02,c5,p20,l1,0.00
i34,e02,c5,p20,l3,0.00
i34,e02,c5,p21,l1,0.00
i34,e02,c5,p21,l3,0.00
i34,e02,c5,p22,l1,0.00
i34,e02,c5,p22,l3,0.00
i34,e02,c5,p23,l1,0.00
i34,e02,c5,p23,l3,0.00
i34,e02,c5,p24,l1,0.00
i34,e02,c5,p24,l3,0.00
i34,e02,c5,p25,l1,0.00
i34,e02,c5,p25,l3,0.00
i34,e02,c5,p26,l3,0.00
i34,e02,c5,p28,l1,0.00
i34,e02,c5,p28,l3,0.00
i34,e02,c5,p29,l1,0.00
i34,e02,c5,p29,l3,0.00
i34,e02,c5,p30,l3,0.00
i34,e02,c5,p31,l1,0.00
i34,e02,c5,p31,l3,0.00
i34,e02,c5,p32,l1,0.00
i34,e02,c5,p32,l3,0.00
i34,e02,c5,p35,l1,0.00
i34,e02,c5,p35,l3,0.00
i34,e03,c3,p01,l3,0.00
i34,e03,c3,p02,l3,0.00
i34,e03,c3,p03,l3,0.00
i34,e03,c3,p04,l3,1.08
i34,e03,c3,p05,l3,0.00
i34,e03,c3,p06,l3,0.00
i34,e03,c3,p07,l3,0.00
i34,e03,c3,p08,l3,0.00
i34,e03,c3,p09,l3,0.00
i34,e03,c3,p10,l3,1.17
i34,e03,c3,p11,l3,0.00
i34,e03,c3,p12,l3,0.00
i34,e03,c3,p13,l3,0.00
i34,e03,c3,p14,l3,0.00
i34,e03,c3,p15,l3,0.00
i34,e03,c3,p16,l3,0.00
i34,e03,c3,p17,l3,0.00
i34,e03,c3,p18,l3,0.00
i34,e03,c3,p19,l3,0.00
i34,e03,c3,p20,l3,0.00
i34,e03,c3,p21,l3,0.00
i34,e03,c3,p22,l3,0.00
i34,e03,c3,p23,l3,0.00
i34,e03,c3,p24,l3,0.00
i34,e03,c3,p25,l3,0.00
i34,e03,c3,p26,l3,0.00
i34,e03,c3,p28,l3,0.00
i34,e03,c3,p29,l3,0.00
i34,e03,c3,p30,l3,0.00
i34,e03,c3,p31,l3,0.00
i34,e03,c3,p32,l3,0.00
i34,e03,c3,p33,l3,0.00
i34,e03,c3,p35,l3,6.51
i34,e03,c5,p01,l3,109.49
i34,e03,c5,p02,l3,5.19
i34,e03,c5,p03,l3,75.65
i34,e03,c5,p04,l3,12.73
i34,e03,c5,p05,l3,111.08
i34,e03,c5,p06,l3,61.24
i34,e03,c5,p07,l3,55.15
i34,e03,c5,p08,l3,1.10
i34,e03,c5,p09,l3,32.21
i34,e03,c5,p10,l3,202.88
i34,e03,c5,p11,l3,55.20
i34,e03,c5,p12,l3,64.37
i34,e03,c5,p13,l3,47.54
i34,e03,c5,p14,l3,24.90
i34,e03,c5,p15,l3,48.47
i34,e03,c5,p16,l3,24.38
i34,e03,c5,p17,l3,51.55
i34,e03,c5,p18,l3,17.41
i34,e03,c5,p19,l3,205.35
i34,e03,c5,p20,l3,2.12
i34,e03,c5,p21,l3,69.33
i34,e03,c5,p22,l3,25.08
i34,e03,c5,p23,l3,14.22
i34,e03,c5,p24,l3,28.71
i34,e03,c5,p25,l3,8.18
i34,e03,c5,p26,l3,9.12
i34,e03,c5,p27,l3,0.00
i34,e03,c5,p28,l3,4.29
i34,e03,c5,p29,l3,18.30
i34,e03,c5,p30,l3,0.00
i34,e03,c5,p31,l3,8.39
i34,e03,c5,p32,l3,5.27
i34,e03,c5,p33,l3,0.00
i34,e03,c5,p35,l3,195.73
i34,e03,c8,p35,l3,0.00
i34,e04,c3,p01,l1,0.00
i34,e04,c3,p01,l3,0.00
i34,e04,c3,p02,l1,0.00
i34,e04,c3,p02,l3,0.00
i34,e04,c3,p03,l1,0.00
i34,e04,c3,p03,l3,0.00
i34,e04,c3,p04,l1,0.00
i34,e04,c3,p04,l3,0.00
i34,e04,c3,p05,l1,0.00
i34,e04,c3,p05,l3,0.00
i34,e04,c3,p06,l1,0.00
i34,e04,c3,p06,l3,0.00
i34,e04,c3,p07,l1,0.00
i34,e04,c3,p07,l3,0.00
i34,e04,c3,p08,l1,0.00
i34,e04,c3,p08,l3,0.00
i34,e04,c3,p09,l1,0.00
i34,e04,c3,p09,l3,0.00
i34,e04,c3,p10,l1,0.00
i34,e04,c3,p10,l3,0.00
i34,e04,c3,p11,l1,0.00
i34,e04,c3,p11,l3,0.00
i34,e04,c3,p12,l1,0.00
i34,e04,c3,p12,l3,0.00
i34,e04,c3,p13,l1,0.00
i34,e04,c3,p13,l3,0.00
i34,e04,c3,p14,l1,0.00
i34,e04,c3,p14,l3,0.00
i34,e04,c3,p15,l1,0.00
i34,e04,c3,p15,l3,0.00
i34,e04,c3,p16,l1,0.00
i34,e04,c3,p16,l3,0.00
i34,e04,c3,p17,l1,0.00
i34,e04,c3,p17,l3,0.00
i34,e04,c3,p18,l1,0.00
i34,e04,c3,p18,l3,0.00
i34,e04,c3,p19,l1,0.00
i34,e04,c3,p19,l3,0.00
i34,e04,c3,p20,l1,0.00
i34,e04,c3,p20,l3,0.00
i34,e04,c3,p21,l1,0.00
i34,e04,c3,p21,l3,0.00
i34,e04,c3,p22,l1,0.00
i34,e04,c3,p22,l3,0.00
i34,e04,c3,p23,l1,0.00
i34,e04,c3,p23,l3,0.00
i34,e04,c3,p24,l1,0.00
i34,e04,c3,p24,l3,0.00
i34,e04,c3,p25,l3,0.00
i34,e04,c3,p26,l1,0.00
i34,e04,c3,p26,l3,0.00
i34,e04,c3,p28,l1,0.00
i34,e04,c3,p28,l3,0.00
i34,e04,c3,p29,l1,0.00
i34,e04,c3,p29,l3,0.00
i34,e04,c3,p31,l1,0.00
i34,e04,c3,p31,l3,0.00
i34,e04,c3,p32,l1,0.00
i34,e04,c3,p32,l3,0.00
i34,e04,c3,p33,l3,0.00
i34,e04,c3,p35,l1,0.00
i34,e04,c3,p35,l3,0.00
i34,e04,c5,p01,l1,0.00
i34,e04,c5,p01,l3,11.20
i34,e04,c5,p02,l1,0.00
i34,e04,c5,p02,l3,0.00
i34,e04,c5,p03,l1,0.00
i34,e04,c5,p03,l3,11.65
i34,e04,c5,p04,l1,0.00
i34,e04,c5,p04,l3,3.88
i34,e04,c5,p05,l1,0.00
i34,e04,c5,p05,l3,10.40
i34,e04,c5,p06,l1,0.00
i34,e04,c5,p06,l3,5.18
i34,e04,c5,p07,l1,0.00
i34,e04,c5,p07,l3,6.45
i34,e04,c5,p08,l1,0.00
i34,e04,c5,p08,l3,0.00
i34,e04,c5,p09,l1,0.00
i34,e04,c5,p09,l3,1.61
i34,e04,c5,p10,l1,0.00
i34,e04,c5,p10,l3,15.40
i34,e04,c5,p11,l1,0.00
i34,e04,c5,p11,l3,25.75
i34,e04,c5,p12,l1,0.00
i34,e04,c5,p12,l3,9.41
i34,e04,c5,p13,l1,0.00
i34,e04,c5,p13,l3,1.76
i34,e04,c5,p14,l1,0.00
i34,e04,c5,p14,l3,21.13
i34,e04,c5,p15,l1,0.00
i34,e04,c5,p15,l3,46.76
i34,e04,c5,p16,l1,0.00
i34,e04,c5,p16,l3,4.67
i34,e04,c5,p17,l1,0.00
i34,e04,c5,p17,l3,38.47
i34,e04,c5,p18,l1,0.00
i34,e04,c5,p18,l3,2.77
i34,e04,c5,p19,l1,0.00
i34,e04,c5,p19,l3,29.27
i34,e04,c5,p20,l1,0.00
i34,e04,c5,p20,l3,2.22
i34,e04,c5,p21,l1,0.00
i34,e04,c5,p21,l3,9.03
i34,e04,c5,p22,l1,0.00
i34,e04,c5,p22,l3,12.44
i34,e04,c5,p23,l1,0.00
i34,e04,c5,p23,l3,1.29
i34,e04,c5,p24,l1,0.00
i34,e04,c5,p24,l3,3.67
i34,e04,c5,p25,l1,0.00
i34,e04,c5,p25,l3,0.00
i34,e04,c5,p26,l1,0.00
i34,e04,c5,p26,l3,0.00
i34,e04,c5,p27,l3,0.00
i34,e04,c5,p28,l1,0.00
i34,e04,c5,p28,l3,6.34
i34,e04,c5,p29,l1,0.00
i34,e04,c5,p29,l3,15.18
i34,e04,c5,p30,l1,0.00
i34,e04,c5,p30,l3,0.00
i34,e04,c5,p31,l1,0.00
i34,e04,c5,p31,l3,0.00
i34,e04,c5,p32,l1,0.00
i34,e04,c5,p32,l3,7.41
i34,e04,c5,p33,l1,0.00
i34,e04,c5,p33,l3,0.00
i34,e04,c5,p35,l1,0.00
i34,e04,c5,p35,l3,22.07
i34,e05,c3,p01,l3,0.00
i34,e05,c3,p02,l3,0.00
i34,e05,c3,p03,l3,0.00
i34,e05,c3,p04,l3,0.00
i34,e05,c3,p05,l1,0.00
i34,e05,c3,p05,l3,0.00
i34,e05,c3,p06,l3,0.00
i34,e05,c3,p07,l3,0.00
i34,e05,c3,p08,l1,0.00
i34,e05,c3,p08,l3,0.00
i34,e05,c3,p09,l3,0.00
i34,e05,c3,p10,l1,0.00
i34,e05,c3,p10,l3,0.00
i34,e05,c3,p11,l3,0.00
i34,e05,c3,p12,l1,0.00
i34,e05,c3,p12,l3,0.00
i34,e05,c3,p13,l3,0.00
i34,e05,c3,p14,l3,0.00
i34,e05,c3,p15,l3,0.00
i34,e05,c3,p16,l3,0.00
i34,e05,c3,p17,l3,0.00
i34,e05,c3,p18,l1,0.00
i34,e05,c3,p18,l3,0.00
i34,e05,c3,p19,l1,0.00
i34,e05,c3,p19,l3,0.00
i34,e05,c3,p21,l3,0.00
i34,e05,c3,p22,l3,0.00
i34,e05,c3,p24,l3,0.00
i34,e05,c3,p25,l3,0.00
i34,e05,c3,p28,l3,0.00
i34,e05,c3,p29,l3,0.00
i34,e05,c3,p32,l1,0.00
i34,e05,c3,p32,l3,0.00
i34,e05,c3,p35,l1,0.00
i34,e05,c3,p35,l3,0.00
i34,e05,c5,p01,l1,0.00
i34,e05,c5,p01,l3,0.00
i34,e05,c5,p02,l1,0.00
i34,e05,c5,p02,l3,0.00
i34,e05,c5,p03,l1,0.00
i34,e05,c5,p03,l3,0.00
i34,e05,c5,p04,l1,0.00
i34,e05,c5,p04,l3,0.00
i34,e05,c5,p05,l1,0.00
i34,e05,c5,p05,l3,0.00
i34,e05,c5,p06,l1,0.00
i34,e05,c5,p06,l3,0.00
i34,e05,c5,p07,l1,0.00
i34,e05,c5,p07,l3,0.00
i34,e05,c5,p08,l1,0.00
i34,e05,c5,p08,l3,0.00
i34,e05,c5,p09,l1,0.00
i34,e05,c5,p09,l3,0.00
i34,e05,c5,p10,l1,0.00
i34,e05,c5,p10,l3,0.00
i34,e05,c5,p11,l1,0.00
i34,e05,c5,p11,l3,0.00
i34,e05,c5,p12,l1,0.00
i34,e05,c5,p12,l3,0.00
i34,e05,c5,p13,l1,0.00
i34,e05,c5,p13,l3,0.00
i34,e05,c5,p14,l1,0.00
i34,e05,c5,p14,l3,0.00
i34,e05,c5,p15,l1,0.00
i34,e05,c5,p15,l3,0.00
i34,e05,c5,p16,l1,0.00
i34,e05,c5,p16,l3,0.00
i34,e05,c5,p17,l1,0.00
i34,e05,c5,p17,l3,0.00
i34,e05,c5,p18,l1,0.00
i34,e05,c5,p18,l3,0.00
i34,e05,c5,p19,l1,0.00
i34,e05,c5,p19,l3,0.00
i34,e05,c5,p20,l1,0.00
i34,e05,c5,p20,l3,0.00
i34,e05,c5,p21,l1,0.00
i34,e05,c5,p21,l3,0.00
i34,e05,c5,p22,l1,0.00
i34,e05,c5,p22,l3,0.00
i34,e05,c5,p23,l1,0.00
i34,e05,c5,p23,l3,0.00
i34,e05,c5,p24,l1,0.00
i34,e05,c5,p24,l3,0.00
i34,e05,c5,p25,l1,0.00
i34,e05,c5,p25,l3,0.00
i34,e05,c5,p26,l1,0.00
i34,e05,c5,p26,l3,0.00
i34,e05,c5,p28,l1,0.00
i34,e05,c5,p28,l3,0.00
i34,e05,c5,p29,l1,0.00
i34,e05,c5,p29,l3,0.00
i34,e05,c5,p30,l1,0.00
i34,e05,c5,p30,l3,0.00
i34,e05,c5,p31,l1,0.00
i34,e05,c5,p31,l3,0.00
i34,e05,c5,p32,l1,0.00
i34,e05,c5,p32,l3,0.00
i34,e05,c5,p33,l3,0.00
i34,e05,c5,p35,l1,0.00
i34,e05,c5,p35,l3,0.00
i34,e06,c5,p24,l3,0.00
i34,e07,c5,p10,l3,0.00
i34,e07,c5,p17,l3,0.00
i34,e07,c5,p19,l3,0.00
i34,e07,c5,p23,l3,0.00
i34,e07,c5,p35,l2,0.00
i34,e07,c5,p35,l3,0.00
i34,e08,c3,p01,l2,0.00
i34,e08,c3,p01,l3,0.00
i34,e08,c3,p02,l2,0.00
i34,e08,c3,p02,l3,0.00
i34,e08,c3,p03,l2,0.00
i34,e08,c3,p03,l3,0.00
i34,e08,c3,p04,l2,0.00
i34,e08,c3,p04,l3,2.45
i34,e08,c3,p05,l2,0.00
i34,e08,c3,p05,l3,0.00
i34,e08,c3,p06,l2,0.00
i34,e08,c3,p06,l3,0.00
i34,e08,c3,p07,l2,0.00
i34,e08,c3,p07,l3,0.00
i34,e08,c3,p08,l2,0.00
i34,e08,c3,p08,l3,0.00
i34,e08,c3,p09,l2,0.00
i34,e08,c3,p09,l3,0.00
i34,e08,c3,p10,l2,0.00
i34,e08,c3,p10,l3,0.00
i34,e08,c3,p11,l2,0.00
i34,e08,c3,p11,l3,0.00
i34,e08,c3,p12,l2,0.00
i34,e08,c3,p12,l3,0.00
i34,e08,c3,p13,l2,0.00
i34,e08,c3,p13,l3,0.00
i34,e08,c3,p14,l2,0.00
i34,e08,c3,p14,l3,0.00
i34,e08,c3,p15,l2,0.00
i34,e08,c3,p15,l3,0.00
i34,e08,c3,p16,l2,0.00
i34,e08,c3,p16,l3,0.00
i34,e08,c3,p17,l2,0.00
i34,e08,c3,p17,l3,0.00
i34,e08,c3,p18,l2,0.00
i34,e08,c3,p18,l3,0.00
i34,e08,c3,p19,l2,0.00
i34,e08,c3,p19,l3,0.00
i34,e08,c3,p20,l2,0.00
i34,e08,c3,p20,l3,0.00
i34,e08,c3,p21,l2,0.00
i34,e08,c3,p21,l3,0.00
i34,e08,c3,p22,l2,0.00
i34,e08,c3,p22,l3,0.00
i34,e08,c3,p23,l2,0.00
i34,e08,c3,p23,l3,0.00
i34,e08,c3,p24,l2,0.00
i34,e08,c3,p24,l3,0.00
i34,e08,c3,p25,l3,0.00
i34,e08,c3,p26,l3,0.00
i34,e08,c3,p28,l2,0.00
i34,e08,c3,p28,l3,0.00
i34,e08,c3,p29,l2,0.00
i34,e08,c3,p29,l3,0.00
i34,e08,c3,p31,l2,0.00
i34,e08,c3,p31,l3,0.00
i34,e08,c3,p32,l2,0.00
i34,e08,c3,p32,l3,0.00
i34,e08,c3,p33,l3,0.00
i34,e08,c3,p35,l2,0.00
i34,e08,c3,p35,l3,0.00
i34,e08,c5,p01,l2,0.00
i34,e08,c5,p01,l3,5.44
i34,e08,c5,p02,l2,0.00
i34,e08,c5,p02,l3,0.00
i34,e08,c5,p03,l2,0.00
i34,e08,c5,p03,l3,4.03
i34,e08,c5,p04,l2,0.00
i34,e08,c5,p04,l3,1.09
i34,e08,c5,p05,l2,0.00
i34,e08,c5,p05,l3,7.73
i34,e08,c5,p06,l2,0.00
i34,e08,c5,p06,l3,2.38
i34,e08,c5,p07,l2,0.00
i34,e08,c5,p07,l3,4.29
i34,e08,c5,p08,l2,0.00
i34,e08,c5,p08,l3,0.00
i34,e08,c5,p09,l2,0.00
i34,e08,c5,p09,l3,2.32
i34,e08,c5,p10,l2,0.00
i34,e08,c5,p10,l3,91.05
i34,e08,c5,p11,l2,0.00
i34,e08,c5,p11,l3,68.20
i34,e08,c5,p12,l2,0.00
i34,e08,c5,p12,l3,7.16
i34,e08,c5,p13,l2,0.00
i34,e08,c5,p13,l3,3.04
i34,e08,c5,p14,l2,0.00
i34,e08,c5,p14,l3,10.81
i34,e08,c5,p15,l2,0.00
i34,e08,c5,p15,l3,77.93
i34,e08,c5,p16,l2,0.00
i34,e08,c5,p16,l3,6.34
i34,e08,c5,p17,l2,0.00
i34,e08,c5,p17,l3,13.07
i34,e08,c5,p18,l2,0.00
i34,e08,c5,p18,l3,5.35
i34,e08,c5,p19,l2,0.00
i34,e08,c5,p19,l3,93.23
i34,e08,c5,p20,l2,0.00
i34,e08,c5,p20,l3,0.00
i34,e08,c5,p21,l2,0.00
i34,e08,c5,p21,l3,36.07
i34,e08,c5,p22,l2,0.00
i34,e08,c5,p22,l3,23.75
i34,e08,c5,p23,l2,0.00
i34,e08,c5,p23,l3,1.14
i34,e08,c5,p24,l2,0.00
i34,e08,c5,p24,l3,3.46
i34,e08,c5,p25,l2,0.00
i34,e08,c5,p25,l3,6.07
i34,e08,c5,p26,l2,0.00
i34,e08,c5,p26,l3,0.00
i34,e08,c5,p27,l3,0.00
i34,e08,c5,p28,l2,0.00
i34,e08,c5,p28,l3,13.32
i34,e08,c5,p29,l2,0.00
i34,e08,c5,p29,l3,15.09
i34,e08,c5,p30,l2,0.00
i34,e08,c5,p30,l3,0.00
i34,e08,c5,p31,l2,0.00
i34,e08,c5,p31,l3,0.00
i34,e08,c5,p32,l2,0.00
i34,e08,c5,p32,l3,12.45
i34,e08,c5,p33,l2,0.00
i34,e08,c5,p33,l3,0.00
i34,e08,c5,p35,l2,0.00
i34,e08,c5,p35,l3,36.04
i34,e09,c3,p01,l2,0.00
i34,e09,c3,p01,l3,0.00
i34,e09,c3,p02,l2,0.00
i34,e09,c3,p02,l3,0.00
i34,e09,c3,p03,l2,0.00
i34,e09,c3,p03,l3,0.00
i34,e09,c3,p04,l2,0.00
i34,e09,c3,p04,l3,0.00
i34,e09,c3,p05,l2,0.00
i34,e09,c3,p05,l3,0.00
i34,e09,c3,p06,l2,0.00
i34,e09,c3,p06,l3,0.00
i34,e09,c3,p07,l2,0.00
i34,e09,c3,p07,l3,0.00
i34,e09,c3,p08,l2,0.00
i34,e09,c3,p08,l3,0.00
i34,e09,c3,p09,l2,0.00
i34,e09,c3,p09,l3,0.00
i34,e09,c3,p10,l2,0.00
i34,e09,c3,p10,l3,0.00
i34,e09,c3,p11,l2,0.00
i34,e09,c3,p11,l3,0.00
i34,e09,c3,p12,l2,0.00
i34,e09,c3,p12,l3,0.00
i34,e09,c3,p13,l2,0.00
i34,e09,c3,p13,l3,0.00
i34,e09,c3,p14,l2,0.00
i34,e09,c3,p14,l3,0.00
i34,e09,c3,p15,l2,0.00
i34,e09,c3,p15,l3,0.00
i34,e09,c3,p16,l2,0.00
i34,e09,c3,p16,l3,0.00
i34,e09,c3,p17,l2,0.00
i34,e09,c3,p17,l3,0.00
i34,e09,c3,p18,l2,0.00
i34,e09,c3,p18,l3,0.00
i34,e09,c3,p19,l2,0.00
i34,e09,c3,p19,l3,0.00
i34,e09,c3,p20,l3,0.00
i34,e09,c3,p21,l2,0.00
i34,e09,c3,p21,l3,0.00
i34,e09,c3,p22,l2,0.00
i34,e09,c3,p22,l3,0.00
i34,e09,c3,p23,l2,0.00
i34,e09,c3,p23,l3,0.00
i34,e09,c3,p24,l2,0.00
i34,e09,c3,p24,l3,0.00
i34,e09,c3,p25,l3,0.00
i34,e09,c3,p26,l3,0.00
i34,e09,c3,p28,l2,0.00
i34,e09,c3,p28,l3,0.00
i34,e09,c3,p29,l2,0.00
i34,e09,c3,p29,l3,0.00
i34,e09,c3,p31,l3,0.00
i34,e09,c3,p32,l2,0.00
i34,e09,c3,p32,l3,0.00
i34,e09,c3,p33,l3,0.00
i34,e09,c3,p35,l2,0.00
i34,e09,c3,p35,l3,3.14
i34,e09,c5,p01,l2,0.00
i34,e09,c5,p01,l3,4.30
i34,e09,c5,p02,l2,0.00
i34,e09,c5,p02,l3,0.00
i34,e09,c5,p03,l2,0.00
i34,e09,c5,p03,l3,9.98
i34,e09,c5,p04,l2,0.00
i34,e09,c5,p04,l3,9.09
i34,e09,c5,p05,l2,0.00
i34,e09,c5,p05,l3,7.38
i34,e09,c5,p06,l2,0.00
i34,e09,c5,p06,l3,1.60
i34,e09,c5,p07,l2,0.00
i34,e09,c5,p07,l3,2.09
i34,e09,c5,p08,l2,0.00
i34,e09,c5,p08,l3,0.00
i34,e09,c5,p09,l2,0.00
i34,e09,c5,p09,l3,4.31
i34,e09,c5,p10,l2,0.00
i34,e09,c5,p10,l3,25.00
i34,e09,c5,p11,l2,0.00
i34,e09,c5,p11,l3,2.17
i34,e09,c5,p12,l2,0.00
i34,e09,c5,p12,l3,10.30
i34,e09,c5,p13,l2,0.00
i34,e09,c5,p13,l3,2.08
i34,e09,c5,p14,l2,0.00
i34,e09,c5,p14,l3,5.29
i34,e09,c5,p15,l2,0.00
i34,e09,c5,p15,l3,37.49
i34,e09,c5,p16,l2,0.00
i34,e09,c5,p16,l3,4.05
i34,e09,c5,p17,l2,0.00
i34,e09,c5,p17,l3,0.00
i34,e09,c5,p18,l2,0.00
i34,e09,c5,p18,l3,6.88
i34,e09,c5,p19,l2,0.00
i34,e09,c5,p19,l3,23.36
i34,e09,c5,p20,l2,0.00
i34,e09,c5,p20,l3,1.14
i34,e09,c5,p21,l2,0.00
i34,e09,c5,p21,l3,7.70
i34,e09,c5,p22,l2,0.00
i34,e09,c5,p22,l3,15.20
i34,e09,c5,p23,l2,0.00
i34,e09,c5,p23,l3,2.66
i34,e09,c5,p24,l2,0.00
i34,e09,c5,p24,l3,3.55
i34,e09,c5,p25,l2,0.00
i34,e09,c5,p25,l3,1.28
i34,e09,c5,p26,l2,0.00
i34,e09,c5,p26,l3,0.00
i34,e09,c5,p27,l3,0.00
i34,e09,c5,p28,l2,0.00
i34,e09,c5,p28,l3,8.08
i34,e09,c5,p29,l2,0.00
i34,e09,c5,p29,l3,0.00
i34,e09,c5,p30,l2,0.00
i34,e09,c5,p30,l3,0.00
i34,e09,c5,p31,l2,0.00
i34,e09,c5,p31,l3,0.00
i34,e09,c5,p32,l2,0.00
i34,e09,c5,p32,l3,0.00
i34,e09,c5,p33,l2,0.00
i34,e09,c5,p33,l3,0.00
i34,e09,c5,p35,l2,0.00
i34,e09,c5,p35,l3,31.01
i34,e11,c3,p07,l3,0.00
i34,e11,c3,p11,l3,0.00
i34,e11,c3,p12,l3,0.00
i34,e11,c3,p14,l3,0.00
i34,e11,c3,p15,l3,0.00
i34,e11,c3,p23,l3,0.00
i34,e11,c3,p25,l3,0.00
i34,e11,c3,p35,l3,0.00
i34,e11,c5,p01,l2,0.00
i34,e11,c5,p01,l3,0.00
i34,e11,c5,p02,l2,0.00
i34,e11,c5,p02,l3,0.00
i34,e11,c5,p03,l2,0.00
i34,e11,c5,p03,l3,0.00
i34,e11,c5,p04,l3,0.00
i34,e11,c5,p05,l3,0.00
i34,e11,c5,p06,l3,0.00
i34,e11,c5,p07,l3,0.00
i34,e11,c5,p08,l3,0.00
i34,e11,c5,p09,l3,0.00
i34,e11,c5,p10,l2,0.00
i34,e11,c5,p10,l3,0.00
i34,e11,c5,p11,l2,0.00
i34,e11,c5,p11,l3,0.00
i34,e11,c5,p12,l3,0.00
i34,e11,c5,p13,l2,0.00
i34,e11,c5,p13,l3,0.00
i34,e11,c5,p14,l3,0.00
i34,e11,c5,p15,l3,0.00
i34,e11,c5,p16,l3,0.00
i34,e11,c5,p17,l3,0.00
i34,e11,c5,p18,l3,0.00
i34,e11,c5,p19,l2,0.00
i34,e11,c5,p19,l3,0.00
i34,e11,c5,p20,l3,0.00
i34,e11,c5,p21,l2,0.00
i34,e11,c5,p21,l3,0.00
i34,e11,c5,p22,l3,0.00
i34,e11,c5,p23,l3,0.00
i34,e11,c5,p24,l3,0.00
i34,e11,c5,p29,l3,0.00
i34,e11,c5,p31,l2,0.00
i34,e11,c5,p31,l3,0.00
i34,e11,c5,p32,l3,0.00
i34,e11,c5,p35,l2,0.00
i34,e11,c5,p35,l3,0.00
i34,e12,c3,p11,l3,0.00
i34,e12,c3,p14,l3,0.00
i34,e12,c3,p16,l3,0.00
i34,e12,c3,p24,l3,0.00
i34,e12,c3,p35,l3,0.00
i34,e12,c5,p01,l3,0.00
i34,e12,c5,p02,l3,0.00
i34,e12,c5,p03,l3,0.00
i34,e12,c5,p04,l3,0.00
i34,e12,c5,p05,l3,0.00
i34,e12,c5,p06,l3,0.00
i34,e12,c5,p07,l3,0.00
i34,e12,c5,p08,l3,0.00
i34,e12,c5,p09,l3,0.00
i34,e12,c5,p10,l3,0.00
i34,e12,c5,p11,l3,0.00
i34,e12,c5,p12,l3,0.00
i34,e12,c5,p13,l3,0.00
i34,e12,c5,p14,l3,0.00
i34,e12,c5,p15,l3,0.00
i34,e12,c5,p16,l3,0.00
i34,e12,c5,p17,l3,0.00
i34,e12,c5,p18,l3,0.00
i34,e12,c5,p19,l3,0.00
i34,e12,c5,p21,l3,0.00
i34,e12,c5,p22,l3,0.00
i34,e12,c5,p23,l3,0.00
i34,e12,c5,p24,l3,0.00
i34,e12,c5,p25,l3,0.00
i34,e12,c5,p26,l3,0.00
i34,e12,c5,p28,l3,0.00
i34,e12,c5,p29,l3,0.00
i34,e12,c5,p31,l3,0.00
i34,e12,c5,p32,l3,0.00
i34,e12,c5,p35,l3,0.00
i34,e13,c3,p01,l3,0.00
i34,e13,c3,p02,l3,0.00
i34,e13,c3,p03,l3,0.00
i34,e13,c3,p04,l3,0.00
i34,e13,c3,p05,l3,0.00
i34,e13,c3,p06,l3,0.00
i34,e13,c3,p07,l3,0.00
i34,e13,c3,p08,l3,0.00
i34,e13,c3,p09,l3,0.00
i34,e13,c3,p10,l3,0.00
i34,e13,c3,p11,l3,0.00
i34,e13,c3,p12,l3,0.00
i34,e13,c3,p13,l3,0.00
i34,e13,c3,p14,l3,0.00
i34,e13,c3,p15,l3,0.00
i34,e13,c3,p16,l3,0.00
i34,e13,c3,p17,l3,0.00
i34,e13,c3,p18,l3,0.00
i34,e13,c3,p19,l3,0.00
i34,e13,c3,p20,l3,0.00
i34,e13,c3,p21,l3,0.00
i34,e13,c3,p22,l3,0.00
i34,e13,c3,p23,l3,0.00
i34,e13,c3,p24,l3,0.00
i34,e13,c3,p25,l3,0.00
i34,e13,c3,p26,l3,0.00
i34,e13,c3,p28,l3,0.00
i34,e13,c3,p29,l3,0.00
i34,e13,c3,p31,l3,0.00
i34,e13,c3,p32,l3,0.00
i34,e13,c3,p35,l3,0.00
i34,e13,c5,p01,l3,0.00
i34,e13,c5,p02,l3,0.00
i34,e13,c5,p03,l3,0.00
i34,e13,c5,p04,l3,0.00
i34,e13,c5,p05,l3,0.00
i34,e13,c5,p06,l3,0.00
i34,e13,c5,p07,l3,0.00
i34,e13,c5,p08,l3,0.00
i34,e13,c5,p09,l3,0.00
i34,e13,c5,p10,l3,0.00
i34,e13,c5,p11,l3,0.00
i34,e13,c5,p12,l3,0.00
i34,e13,c5,p13,l3,0.00
i34,e13,c5,p14,l3,0.00
i34,e13,c5,p15,l3,0.00
i34,e13,c5,p16,l3,0.00
i34,e13,c5,p17,l3,0.00
i34,e13,c5,p18,l3,0.00
i34,e13,c5,p19,l3,0.00
i34,e13,c5,p20,l3,0.00
i34,e13,c5,p21,l3,0.00
i34,e13,c5,p22,l3,0.00
i34,e13,c5,p23,l3,0.00
i34,e13,c5,p24,l3,0.00
i34,e13,c5,p25,l3,0.00
i34,e13,c5,p26,l3,0.00
i34,e13,c5,p27,l3,0.00
i34,e13,c5,p28,l3,0.00
i34,e13,c5,p29,l3,0.00
i34,e13,c5,p30,l3,0.00
i34,e13,c5,p31,l3,0.00
i34,e13,c5,p32,l3,0.00
i34,e13,c5,p33,l3,0.00
i34,e13,c5,p35,l3,0.00
i35,e01,c2,p35,l3,1.05
i35,e04,c2,p35,l1,0.00
i35,e04,c2,p35,l3,0.00
i35,e09,c2,p35,l2,0.00
i35,e09,c2,p35,l3,23.06
i36,e01,c3,p35,l3,0.00
i36,e01,c5,p03,l3,0.00
i36,e01,c5,p10,l3,0.00
i36,e01,c5,p22,l3,0.00
i36,e01,c5,p25,l3,0.00
i36,e01,c5,p35,l3,0.00
i36,e02,c3,p35,l3,0.00
i36,e02,c5,p10,l3,0.00
i36,e02,c5,p35,l1,0.00
i36,e02,c5,p35,l3,0.00
i36,e03,c3,p35,l3,0.00
i36,e03,c5,p10,l3,0.00
i36,e03,c5,p35,l3,0.00
i36,e04,c3,p35,l1,0.00
i36,e04,c3,p35,l3,0.00
i36,e04,c5,p03,l3,0.00
i36,e04,c5,p10,l3,0.00
i36,e04,c5,p22,l3,0.00
i36,e04,c5,p25,l3,0.00
i36,e04,c5,p35,l1,0.00
i36,e04,c5,p35,l3,2.34
i36,e05,c3,p35,l1,0.00
i36,e05,c3,p35,l3,0.00
i36,e05,c5,p35,l1,0.00
i36,e05,c5,p35,l3,0.00
i36,e07,c5,p35,l3,0.00
i36,e08,c3,p35,l2,0.00
i36,e08,c3,p35,l3,0.00
i36,e08,c5,p03,l3,0.00
i36,e08,c5,p10,l3,0.00
i36,e08,c5,p12,l3,0.00
i36,e08,c5,p22,l3,0.00
i36,e08,c5,p25,l2,0.00
i36,e08,c5,p25,l3,0.00
i36,e08,c5,p35,l2,0.00
i36,e08,c5,p35,l3,7.31
i36,e09,c3,p35,l2,0.00
i36,e09,c3,p35,l3,0.00
i36,e09,c5,p03,l3,0.00
i36,e09,c5,p10,l3,0.00
i36,e09,c5,p12,l3,0.00
i36,e09,c5,p22,l3,0.00
i36,e09,c5,p25,l2,0.00
i36,e09,c5,p25,l3,0.00
i36,e09,c5,p35,l2,0.00
i36,e09,c5,p35,l3,0.00
i36,e11,c3,p35,l2,0.00
i36,e11,c3,p35,l3,0.00
i36,e11,c5,p03,l3,0.00
i36,e11,c5,p12,l3,0.00
i36,e11,c5,p25,l2,0.00
i36,e11,c5,p25,l3,0.00
i36,e11,c5,p35,l2,0.00
i36,e11,c5,p35,l3,0.00
i36,e12,c3,p35,l3,0.00
i36,e12,c5,p22,l3,0.00
i36,e12,c5,p25,l3,0.00
i36,e12,c5,p35,l3,0.00
i36,e13,c5,p10,l3,0.00
i36,e13,c5,p35,l3,0.00
i37,e01,c3,p33,l3,0.00
i37,e01,c3,p35,l3,0.00
i37,e01,c5,p09,l3,0.00
i37,e01,c5,p10,l3,0.00
i37,e01,c5,p11,l3,0.00
i37,e01,c5,p13,l3,0.00
i37,e01,c5,p15,l3,0.00
i37,e01,c5,p19,l3,0.00
i37,e01,c5,p33,l3,0.00
i37,e01,c5,p35,l3,0.00
i37,e02,c5,p33,l3,0.00
i37,e03,c3,p33,l3,0.00
i37,e03,c5,p01,l3,0.00
i37,e03,c5,p10,l3,0.00
i37,e03,c5,p11,l3,0.00
i37,e03,c5,p13,l3,0.00
i37,e03,c5,p15,l3,0.00
i37,e03,c5,p17,l3,0.00
i37,e03,c5,p18,l3,0.00
i37,e03,c5,p19,l3,0.00
i37,e03,c5,p33,l3,0.00
i37,e03,c5,p35,l3,0.00
i37,e04,c3,p19,l3,0.00
i37,e04,c3,p33,l3,0.00
i37,e04,c5,p09,l3,0.00
i37,e04,c5,p10,l3,0.00
i37,e04,c5,p11,l3,0.00
i37,e04,c5,p13,l3,0.00
i37,e04,c5,p18,l3,0.00
i37,e04,c5,p19,l3,0.00
i37,e04,c5,p33,l3,0.00
i37,e04,c5,p35,l3,0.00
i37,e05,c3,p35,l3,0.00
i37,e05,c5,p01,l3,0.00
i37,e05,c5,p10,l3,0.00
i37,e05,c5,p11,l3,0.00
i37,e05,c5,p13,l3,0.00
i37,e05,c5,p17,l3,0.00
i37,e05,c5,p19,l3,0.00
i37,e05,c5,p33,l3,0.00
i37,e05,c5,p35,l3,0.00
i37,e07,c5,p33,l3,0.00
i37,e08,c3,p19,l3,0.00
i37,e08,c3,p33,l3,0.00
i37,e08,c3,p35,l3,0.00
i37,e08,c5,p01,l3,0.00
i37,e08,c5,p03,l3,0.00
i37,e08,c5,p08,l3,0.00
i37,e08,c5,p09,l3,0.00
i37,e08,c5,p10,l3,0.00
i37,e08,c5,p11,l3,0.00
i37,e08,c5,p13,l3,0.00
i37,e08,c5,p15,l3,0.00
i37,e08,c5,p17,l3,0.00
i37,e08,c5,p19,l3,0.00
i37,e08,c5,p29,l3,0.00
i37,e08,c5,p33,l3,5.53
i37,e08,c5,p35,l3,0.00
i37,e09,c3,p19,l3,0.00
i37,e09,c3,p33,l3,0.00
i37,e09,c3,p35,l3,0.00
i37,e09,c5,p09,l3,0.00
i37,e09,c5,p10,l3,0.00
i37,e09,c5,p11,l3,0.00
i37,e09,c5,p13,l3,0.00
i37,e09,c5,p15,l3,0.00
i37,e09,c5,p17,l3,0.00
i37,e09,c5,p18,l3,0.00
i37,e09,c5,p19,l3,0.00
i37,e09,c5,p33,l3,0.00
i37,e09,c5,p35,l3,0.00
i37,e10,c3,p19,l3,0.00
i37,e10,c3,p33,l3,0.00
i37,e10,c3,p35,l3,0.00
i37,e10,c5,p01,l3,0.00
i37,e10,c5,p03,l3,0.00
i37,e10,c5,p08,l3,0.00
i37,e10,c5,p09,l3,0.00
i37,e10,c5,p10,l3,0.00
i37,e10,c5,p11,l3,0.00
i37,e10,c5,p13,l3,0.00
i37,e10,c5,p15,l3,0.00
i37,e10,c5,p17,l3,0.00
i37,e10,c5,p18,l3,0.00
i37,e10,c5,p19,l3,0.00
i37,e10,c5,p21,l3,0.00
i37,e10,c5,p29,l3,0.00
i37,e10,c5,p33,l3,56.65
i37,e10,c5,p35,l3,0.00
i37,e11,c3,p33,l3,0.00
i37,e11,c5,p01,l3,0.00
i37,e11,c5,p10,l3,0.00
i37,e11,c5,p11,l3,0.00
i37,e11,c5,p19,l3,0.00
i37,e11,c5,p33,l3,0.00
i37,e11,c5,p35,l3,0.00
i37,e12,c3,p33,l3,0.00
i37,e12,c5,p10,l3,0.00
i37,e12,c5,p19,l3,0.00
i37,e12,c5,p33,l3,0.00
i37,e12,c5,p35,l3,0.00
i38,e01,c1,p01,l2,0.00
i38,e01,c1,p01,l3,74.93
i38,e01,c1,p01,l4,0.00
i38,e01,c1,p02,l2,0.00
i38,e01,c1,p02,l3,5.06
i38,e01,c1,p02,l4,0.00
i38,e01,c1,p03,l2,0.00
i38,e01,c1,p03,l3,36.16
i38,e01,c1,p03,l4,0.00
i38,e01,c1,p04,l2,0.00
i38,e01,c1,p04,l3,36.82
i38,e01,c1,p04,l4,0.00
i38,e01,c1,p05,l2,0.00
i38,e01,c1,p05,l3,20.00
i38,e01,c1,p05,l4,0.00
i38,e01,c1,p06,l2,0.00
i38,e01,c1,p06,l3,20.18
i38,e01,c1,p06,l4,0.00
i38,e01,c1,p07,l2,0.00
i38,e01,c1,p07,l3,58.60
i38,e01,c1,p07,l4,0.00
i38,e01,c1,p08,l2,0.00
i38,e01,c1,p08,l3,24.20
i38,e01,c1,p08,l4,0.00
i38,e01,c1,p09,l2,0.00
i38,e01,c1,p09,l3,29.16
i38,e01,c1,p09,l4,0.00
i38,e01,c1,p10,l2,0.00
i38,e01,c1,p10,l3,919.16
i38,e01,c1,p10,l4,0.00
i38,e01,c1,p11,l2,0.00
i38,e01,c1,p11,l3,52.23
i38,e01,c1,p11,l4,0.00
i38,e01,c1,p12,l2,0.00
i38,e01,c1,p12,l3,89.07
i38,e01,c1,p12,l4,0.00
i38,e01,c1,p13,l2,0.00
i38,e01,c1,p13,l3,585.50
i38,e01,c1,p13,l4,0.00
i38,e01,c1,p14,l2,0.00
i38,e01,c1,p14,l3,38.42
i38,e01,c1,p14,l4,0.00
i38,e01,c1,p15,l2,0.00
i38,e01,c1,p15,l3,60.13
i38,e01,c1,p15,l4,0.00
i38,e01,c1,p16,l2,0.00
i38,e01,c1,p16,l3,22.13
i38,e01,c1,p16,l4,0.00
i38,e01,c1,p17,l2,0.00
i38,e01,c1,p17,l3,57.35
i38,e01,c1,p17,l4,0.00
i38,e01,c1,p18,l2,0.00
i38,e01,c1,p18,l3,40.05
i38,e01,c1,p18,l4,0.00
i38,e01,c1,p19,l2,0.00
i38,e01,c1,p19,l3,145.30
i38,e01,c1,p19,l4,0.00
i38,e01,c1,p20,l2,0.00
i38,e01,c1,p20,l3,10.49
i38,e01,c1,p20,l4,0.00
i38,e01,c1,p21,l2,0.00
i38,e01,c1,p21,l3,45.21
i38,e01,c1,p21,l4,0.00
i38,e01,c1,p22,l2,0.00
i38,e01,c1,p22,l3,12.44
i38,e01,c1,p22,l4,0.00
i38,e01,c1,p23,l2,0.00
i38,e01,c1,p23,l3,11.24
i38,e01,c1,p23,l4,0.00
i38,e01,c1,p24,l2,0.00
i38,e01,c1,p24,l3,19.72
i38,e01,c1,p24,l4,0.00
i38,e01,c1,p25,l2,0.00
i38,e01,c1,p25,l3,7.33
i38,e01,c1,p25,l4,0.00
i38,e01,c1,p26,l2,0.00
i38,e01,c1,p26,l3,5.44
i38,e01,c1,p26,l4,0.00
i38,e01,c1,p27,l3,0.00
i38,e01,c1,p28,l2,0.00
i38,e01,c1,p28,l3,3.05
i38,e01,c1,p28,l4,0.00
i38,e01,c1,p29,l2,0.00
i38,e01,c1,p29,l3,34.35
i38,e01,c1,p29,l4,0.00
i38,e01,c1,p30,l2,0.00
i38,e01,c1,p30,l3,0.00
i38,e01,c1,p30,l4,0.00
i38,e01,c1,p31,l2,0.00
i38,e01,c1,p31,l3,8.95
i38,e01,c1,p31,l4,0.00
i38,e01,c1,p32,l2,0.00
i38,e01,c1,p32,l3,12.55
i38,e01,c1,p32,l4,0.00
i38,e01,c1,p33,l2,0.00
i38,e01,c1,p33,l3,0.00
i38,e01,c1,p33,l4,0.00
i38,e01,c1,p34,l3,0.00
i38,e01,c1,p34,l4,0.00
i38,e01,c1,p35,l2,0.00
i38,e01,c1,p35,l3,14.29
i38,e01,c1,p35,l4,0.00
i38,e01,c4,p01,l2,0.00
i38,e01,c4,p01,l3,0.00
i38,e01,c4,p01,l4,0.00
i38,e01,c4,p02,l2,0.00
i38,e01,c4,p02,l3,0.00
i38,e01,c4,p02,l4,0.00
i38,e01,c4,p03,l2,0.00
i38,e01,c4,p03,l3,1.29
i38,e01,c4,p03,l4,0.00
i38,e01,c4,p04,l2,0.00
i38,e01,c4,p04,l3,0.00
i38,e01,c4,p04,l4,0.00
i38,e01,c4,p05,l2,0.00
i38,e01,c4,p05,l3,0.00
i38,e01,c4,p05,l4,0.00
i38,e01,c4,p06,l2,0.00
i38,e01,c4,p06,l3,0.00
i38,e01,c4,p06,l4,0.00
i38,e01,c4,p07,l2,0.00
i38,e01,c4,p07,l3,1.46
i38,e01,c4,p07,l4,0.00
i38,e01,c4,p08,l3,0.00
i38,e01,c4,p08,l4,0.00
i38,e01,c4,p09,l3,0.00
i38,e01,c4,p09,l4,0.00
i38,e01,c4,p10,l2,0.00
i38,e01,c4,p10,l3,16.62
i38,e01,c4,p10,l4,0.00
i38,e01,c4,p11,l2,0.00
i38,e01,c4,p11,l3,6.16
i38,e01,c4,p11,l4,0.00
i38,e01,c4,p12,l2,0.00
i38,e01,c4,p12,l3,0.00
i38,e01,c4,p12,l4,0.00
i38,e01,c4,p13,l2,0.00
i38,e01,c4,p13,l3,1.22
i38,e01,c4,p13,l4,0.00
i38,e01,c4,p14,l3,0.00
i38,e01,c4,p14,l4,0.00
i38,e01,c4,p15,l2,0.00
i38,e01,c4,p15,l3,1.00
i38,e01,c4,p15,l4,0.00
i38,e01,c4,p16,l3,6.17
i38,e01,c4,p16,l4,0.00
i38,e01,c4,p17,l2,0.00
i38,e01,c4,p17,l3,0.00
i38,e01,c4,p17,l4,0.00
i38,e01,c4,p18,l2,0.00
i38,e01,c4,p18,l3,0.00
i38,e01,c4,p18,l4,0.00
i38,e01,c4,p19,l2,0.00
i38,e01,c4,p19,l3,0.00
i38,e01,c4,p19,l4,0.00
i38,e01,c4,p20,l2,0.00
i38,e01,c4,p20,l3,0.00
i38,e01,c4,p20,l4,0.00
i38,e01,c4,p21,l2,0.00
i38,e01,c4,p21,l3,0.00
i38,e01,c4,p21,l4,0.00
i38,e01,c4,p22,l2,0.00
i38,e01,c4,p22,l3,0.00
i38,e01,c4,p22,l4,0.00
i38,e01,c4,p23,l2,0.00
i38,e01,c4,p23,l3,0.00
i38,e01,c4,p23,l4,0.00
i38,e01,c4,p24,l3,4.13
i38,e01,c4,p24,l4,0.00
i38,e01,c4,p25,l2,0.00
i38,e01,c4,p25,l3,0.00
i38,e01,c4,p25,l4,0.00
i38,e01,c4,p26,l3,0.00
i38,e01,c4,p26,l4,0.00
i38,e01,c4,p27,l3,0.00
i38,e01,c4,p28,l2,0.00
i38,e01,c4,p28,l3,0.00
i38,e01,c4,p28,l4,0.00
i38,e01,c4,p29,l2,0.00
i38,e01,c4,p29,l3,0.00
i38,e01,c4,p29,l4,0.00
i38,e01,c4,p30,l3,0.00
i38,e01,c4,p31,l3,0.00
i38,e01,c4,p31,l4,0.00
i38,e01,c4,p32,l3,0.00
i38,e01,c4,p32,l4,0.00
i38,e01,c4,p33,l3,0.00
i38,e01,c4,p33,l4,0.00
i38,e01,c4,p34,l3,0.00
i38,e01,c4,p35,l3,0.00
i38,e01,c4,p35,l4,0.00
i38,e01,c7,p01,l3,0.00
i38,e01,c7,p02,l3,0.00
i38,e01,c7,p03,l3,0.00
i38,e01,c7,p04,l3,0.00
i38,e01,c7,p05,l3,0.00
i38,e01,c7,p06,l3,0.00
i38,e01,c7,p07,l3,0.00
i38,e01,c7,p07,l4,0.00
i38,e01,c7,p08,l3,0.00
i38,e01,c7,p09,l3,0.00
i38,e01,c7,p10,l3,0.00
i38,e01,c7,p10,l4,0.00
i38,e01,c7,p11,l3,0.00
i38,e01,c7,p12,l3,0.00
i38,e01,c7,p13,l3,0.00
i38,e01,c7,p14,l3,0.00
i38,e01,c7,p15,l3,0.00
i38,e01,c7,p16,l3,0.00
i38,e01,c7,p17,l3,0.00
i38,e01,c7,p18,l3,0.00
i38,e01,c7,p19,l3,0.00
i38,e01,c7,p20,l3,0.00
i38,e01,c7,p21,l3,0.00
i38,e01,c7,p21,l4,0.00
i38,e01,c7,p22,l3,0.00
i38,e01,c7,p23,l3,0.00
i38,e01,c7,p24,l3,0.00
i38,e01,c7,p25,l3,0.00
i38,e01,c7,p26,l3,0.00
i38,e01,c7,p28,l3,0.00
i38,e01,c7,p28,l4,0.00
i38,e01,c7,p29,l3,0.00
i38,e01,c7,p31,l3,0.00
i38,e01,c7,p32,l3,0.00
i38,e01,c7,p34,l3,0.00
i38,e01,c7,p35,l3,0.00
i38,e01,c8,p01,l3,0.00
i38,e01,c8,p01,l4,0.00
i38,e01,c8,p02,l3,0.00
i38,e01,c8,p05,l3,0.00
i38,e01,c8,p06,l3,0.00
i38,e01,c8,p06,l4,0.00
i38,e01,c8,p07,l3,0.00
i38,e01,c8,p07,l4,0.00
i38,e01,c8,p09,l3,0.00
i38,e01,c8,p10,l2,0.00
i38,e01,c8,p10,l3,0.00
i38,e01,c8,p10,l4,0.00
i38,e01,c8,p11,l3,0.00
i38,e01,c8,p11,l4,0.00
i38,e01,c8,p12,l3,0.00
i38,e01,c8,p12,l4,0.00
i38,e01,c8,p13,l3,0.00
i38,e01,c8,p14,l3,0.00
i38,e01,c8,p15,l3,0.00
i38,e01,c8,p15,l4,0.00
i38,e01,c8,p16,l3,0.00
i38,e01,c8,p16,l4,0.00
i38,e01,c8,p19,l3,0.00
i38,e01,c8,p20,l3,0.00
i38,e01,c8,p21,l3,0.00
i38,e01,c8,p23,l3,0.00
i38,e01,c8,p23,l4,0.00
i38,e01,c8,p24,l3,0.00
i38,e01,c8,p28,l3,0.00
i38,e01,c8,p28,l4,0.00
i38,e01,c8,p29,l3,0.00
i38,e01,c8,p31,l3,0.00
i38,e04,c1,p01,l1,0.00
i38,e04,c1,p01,l2,0.00
i38,e04,c1,p01,l3,129.51
i38,e04,c1,p01,l4,0.00
i38,e04,c1,p02,l1,0.00
i38,e04,c1,p02,l2,0.00
i38,e04,c1,p02,l3,17.62
i38,e04,c1,p02,l4,0.00
i38,e04,c1,p03,l1,0.00
i38,e04,c1,p03,l2,0.00
i38,e04,c1,p03,l3,39.08
i38,e04,c1,p03,l4,0.00
i38,e04,c1,p04,l1,0.00
i38,e04,c1,p04,l2,0.00
i38,e04,c1,p04,l3,12.07
i38,e04,c1,p04,l4,0.00
i38,e04,c1,p05,l1,0.00
i38,e04,c1,p05,l2,0.00
i38,e04,c1,p05,l3,31.13
i38,e04,c1,p05,l4,0.00
i38,e04,c1,p06,l1,0.00
i38,e04,c1,p06,l2,0.00
i38,e04,c1,p06,l3,18.59
i38,e04,c1,p06,l4,0.00
i38,e04,c1,p07,l1,0.00
i38,e04,c1,p07,l2,0.00
i38,e04,c1,p07,l3,29.08
i38,e04,c1,p07,l4,0.00
i38,e04,c1,p08,l1,0.00
i38,e04,c1,p08,l2,0.00
i38,e04,c1,p08,l3,5.64
i38,e04,c1,p08,l4,0.00
i38,e04,c1,p09,l1,0.00
i38,e04,c1,p09,l2,0.00
i38,e04,c1,p09,l3,17.31
i38,e04,c1,p09,l4,0.00
i38,e04,c1,p10,l1,0.00
i38,e04,c1,p10,l2,0.00
i38,e04,c1,p10,l3,1322.19
i38,e04,c1,p10,l4,0.00
i38,e04,c1,p11,l1,0.00
i38,e04,c1,p11,l2,0.00
i38,e04,c1,p11,l3,54.04
i38,e04,c1,p11,l4,0.00
i38,e04,c1,p12,l1,0.00
i38,e04,c1,p12,l2,0.00
i38,e04,c1,p12,l3,60.41
i38,e04,c1,p12,l4,0.00
i38,e04,c1,p13,l1,0.00
i38,e04,c1,p13,l2,0.00
i38,e04,c1,p13,l3,1161.22
i38,e04,c1,p13,l4,0.00
i38,e04,c1,p14,l1,0.00
i38,e04,c1,p14,l2,0.00
i38,e04,c1,p14,l3,246.08
i38,e04,c1,p14,l4,0.00
i38,e04,c1,p15,l1,0.00
i38,e04,c1,p15,l2,0.00
i38,e04,c1,p15,l3,64.01
i38,e04,c1,p15,l4,0.00
i38,e04,c1,p16,l1,0.00
i38,e04,c1,p16,l2,0.00
i38,e04,c1,p16,l3,67.39
i38,e04,c1,p16,l4,0.00
i38,e04,c1,p17,l1,0.00
i38,e04,c1,p17,l2,0.00
i38,e04,c1,p17,l3,76.81
i38,e04,c1,p17,l4,0.00
i38,e04,c1,p18,l1,0.00
i38,e04,c1,p18,l2,0.00
i38,e04,c1,p18,l3,54.05
i38,e04,c1,p18,l4,0.00
i38,e04,c1,p19,l1,0.00
i38,e04,c1,p19,l2,0.00
i38,e04,c1,p19,l3,166.68
i38,e04,c1,p19,l4,0.00
i38,e04,c1,p20,l1,0.00
i38,e04,c1,p20,l2,0.00
i38,e04,c1,p20,l3,4.55
i38,e04,c1,p20,l4,0.00
i38,e04,c1,p21,l1,0.00
i38,e04,c1,p21,l2,0.00
i38,e04,c1,p21,l3,52.43
i38,e04,c1,p21,l4,0.00
i38,e04,c1,p22,l1,0.00
i38,e04,c1,p22,l2,0.00
i38,e04,c1,p22,l3,14.29
i38,e04,c1,p22,l4,0.00
i38,e04,c1,p23,l1,0.00
i38,e04,c1,p23,l2,0.00
i38,e04,c1,p23,l3,27.21
i38,e04,c1,p23,l4,0.00
i38,e04,c1,p24,l1,0.00
i38,e04,c1,p24,l2,0.00
i38,e04,c1,p24,l3,13.42
i38,e04,c1,p24,l4,0.00
i38,e04,c1,p25,l1,0.00
i38,e04,c1,p25,l2,0.00
i38,e04,c1,p25,l3,6.13
i38,e04,c1,p25,l4,0.00
i38,e04,c1,p26,l1,0.00
i38,e04,c1,p26,l2,0.00
i38,e04,c1,p26,l3,11.35
i38,e04,c1,p26,l4,0.00
i38,e04,c1,p27,l1,0.00
i38,e04,c1,p27,l3,0.00
i38,e04,c1,p27,l4,0.00
i38,e04,c1,p28,l1,0.00
i38,e04,c1,p28,l2,0.00
i38,e04,c1,p28,l3,1.30
i38,e04,c1,p28,l4,0.00
i38,e04,c1,p29,l1,0.00
i38,e04,c1,p29,l2,0.00
i38,e04,c1,p29,l3,56.63
i38,e04,c1,p29,l4,0.00
i38,e04,c1,p30,l1,0.00
i38,e04,c1,p30,l2,0.00
i38,e04,c1,p30,l3,1.22
i38,e04,c1,p30,l4,0.00
i38,e04,c1,p31,l1,0.00
i38,e04,c1,p31,l2,0.00
i38,e04,c1,p31,l3,14.02
i38,e04,c1,p31,l4,0.00
i38,e04,c1,p32,l1,0.00
i38,e04,c1,p32,l2,0.00
i38,e04,c1,p32,l3,16.63
i38,e04,c1,p32,l4,0.00
i38,e04,c1,p33,l1,0.00
i38,e04,c1,p33,l2,0.00
i38,e04,c1,p33,l3,0.00
i38,e04,c1,p33,l4,0.00
i38,e04,c1,p34,l1,0.00
i38,e04,c1,p34,l3,0.00
i38,e04,c1,p34,l4,0.00
i38,e04,c1,p35,l1,0.00
i38,e04,c1,p35,l2,0.00
i38,e04,c1,p35,l3,0.00
i38,e04,c1,p35,l4,0.00
i38,e04,c4,p01,l1,0.00
i38,e04,c4,p01,l2,0.00
i38,e04,c4,p01,l3,1.40
i38,e04,c4,p01,l4,0.00
i38,e04,c4,p02,l1,0.00
i38,e04,c4,p02,l3,0.00
i38,e04,c4,p02,l4,0.00
i38,e04,c4,p03,l1,0.00
i38,e04,c4,p03,l2,0.00
i38,e04,c4,p03,l3,1.05
i38,e04,c4,p03,l4,0.00
i38,e04,c4,p04,l1,0.00
i38,e04,c4,p04,l2,0.00
i38,e04,c4,p04,l3,0.00
i38,e04,c4,p04,l4,0.00
i38,e04,c4,p05,l1,0.00
i38,e04,c4,p05,l2,0.00
i38,e04,c4,p05,l3,0.00
i38,e04,c4,p05,l4,0.00
i38,e04,c4,p06,l1,0.00
i38,e04,c4,p06,l2,0.00
i38,e04,c4,p06,l3,0.00
i38,e04,c4,p06,l4,0.00
i38,e04,c4,p07,l1,0.00
i38,e04,c4,p07,l2,0.00
i38,e04,c4,p07,l3,6.16
i38,e04,c4,p07,l4,0.00
i38,e04,c4,p08,l1,0.00
i38,e04,c4,p08,l2,0.00
i38,e04,c4,p08,l3,0.00
i38,e04,c4,p08,l4,0.00
i38,e04,c4,p09,l1,0.00
i38,e04,c4,p09,l2,0.00
i38,e04,c4,p09,l3,0.00
i38,e04,c4,p09,l4,0.00
i38,e04,c4,p10,l1,0.00
i38,e04,c4,p10,l2,0.00
i38,e04,c4,p10,l3,22.36
i38,e04,c4,p10,l4,0.00
i38,e04,c4,p11,l1,0.00
i38,e04,c4,p11,l2,0.00
i38,e04,c4,p11,l3,4.46
i38,e04,c4,p11,l4,0.00
i38,e04,c4,p12,l1,0.00
i38,e04,c4,p12,l2,0.00
i38,e04,c4,p12,l3,3.17
i38,e04,c4,p12,l4,0.00
i38,e04,c4,p13,l1,0.00
i38,e04,c4,p13,l2,0.00
i38,e04,c4,p13,l3,1.21
i38,e04,c4,p13,l4,0.00
i38,e04,c4,p14,l1,0.00
i38,e04,c4,p14,l2,0.00
i38,e04,c4,p14,l3,0.00
i38,e04,c4,p14,l4,0.00
i38,e04,c4,p15,l1,0.00
i38,e04,c4,p15,l2,0.00
i38,e04,c4,p15,l3,0.00
i38,e04,c4,p15,l4,0.00
i38,e04,c4,p16,l1,0.00
i38,e04,c4,p16,l3,0.00
i38,e04,c4,p16,l4,0.00
i38,e04,c4,p17,l1,0.00
i38,e04,c4,p17,l2,0.00
i38,e04,c4,p17,l3,2.16
i38,e04,c4,p17,l4,0.00
i38,e04,c4,p18,l1,0.00
i38,e04,c4,p18,l2,0.00
i38,e04,c4,p18,l3,0.00
i38,e04,c4,p18,l4,0.00
i38,e04,c4,p19,l1,0.00
i38,e04,c4,p19,l2,0.00
i38,e04,c4,p19,l3,1.26
i38,e04,c4,p19,l4,0.00
i38,e04,c4,p20,l1,0.00
i38,e04,c4,p20,l2,0.00
i38,e04,c4,p20,l3,0.00
i38,e04,c4,p20,l4,0.00
i38,e04,c4,p21,l1,0.00
i38,e04,c4,p21,l2,0.00
i38,e04,c4,p21,l3,0.00
i38,e04,c4,p21,l4,0.00
i38,e04,c4,p22,l1,0.00
i38,e04,c4,p22,l3,0.00
i38,e04,c4,p22,l4,0.00
i38,e04,c4,p23,l1,0.00
i38,e04,c4,p23,l3,0.00
i38,e04,c4,p23,l4,0.00
i38,e04,c4,p24,l1,0.00
i38,e04,c4,p24,l2,0.00
i38,e04,c4,p24,l3,0.00
i38,e04,c4,p24,l4,0.00
i38,e04,c4,p25,l1,0.00
i38,e04,c4,p25,l2,0.00
i38,e04,c4,p25,l3,0.00
i38,e04,c4,p25,l4,0.00
i38,e04,c4,p26,l1,0.00
i38,e04,c4,p26,l3,0.00
i38,e04,c4,p26,l4,0.00
i38,e04,c4,p27,l1,0.00
i38,e04,c4,p27,l3,0.00
i38,e04,c4,p27,l4,0.00
i38,e04,c4,p28,l1,0.00
i38,e04,c4,p28,l3,0.00
i38,e04,c4,p28,l4,0.00
i38,e04,c4,p29,l1,0.00
i38,e04,c4,p29,l2,0.00
i38,e04,c4,p29,l3,0.00
i38,e04,c4,p29,l4,0.00
i38,e04,c4,p30,l1,0.00
i38,e04,c4,p30,l2,0.00
i38,e04,c4,p30,l3,0.00
i38,e04,c4,p30,l4,0.00
i38,e04,c4,p31,l1,0.00
i38,e04,c4,p31,l3,0.00
i38,e04,c4,p31,l4,0.00
i38,e04,c4,p32,l1,0.00
i38,e04,c4,p32,l3,2.05
i38,e04,c4,p32,l4,0.00
i38,e04,c4,p33,l1,0.00
i38,e04,c4,p33,l3,0.00
i38,e04,c4,p33,l4,0.00
i38,e04,c4,p34,l1,0.00
i38,e04,c4,p34,l3,0.00
i38,e04,c4,p35,l1,0.00
i38,e04,c4,p35,l3,0.00
i38,e04,c4,p35,l4,0.00
i38,e04,c7,p01,l1,0.00
i38,e04,c7,p01,l3,0.00
i38,e04,c7,p01,l4,0.00
i38,e04,c7,p02,l1,0.00
i38,e04,c7,p02,l3,0.00
i38,e04,c7,p03,l1,0.00
i38,e04,c7,p03,l3,0.00
i38,e04,c7,p03,l4,0.00
i38,e04,c7,p04,l1,0.00
i38,e04,c7,p04,l3,0.00
i38,e04,c7,p04,l4,0.00
i38,e04,c7,p05,l1,0.00
i38,e04,c7,p05,l3,0.00
i38,e04,c7,p05,l4,0.00
i38,e04,c7,p06,l1,0.00
i38,e04,c7,p06,l3,0.00
i38,e04,c7,p07,l1,0.00
i38,e04,c7,p07,l3,0.00
i38,e04,c7,p07,l4,0.00
i38,e04,c7,p08,l1,0.00
i38,e04,c7,p08,l3,0.00
i38,e04,c7,p09,l1,0.00
i38,e04,c7,p09,l3,0.00
i38,e04,c7,p10,l1,0.00
i38,e04,c7,p10,l3,0.00
i38,e04,c7,p10,l4,0.00
i38,e04,c7,p11,l1,0.00
i38,e04,c7,p11,l3,0.00
i38,e04,c7,p11,l4,0.00
i38,e04,c7,p12,l1,0.00
i38,e04,c7,p12,l3,0.00
i38,e04,c7,p12,l4,0.00
i38,e04,c7,p13,l1,0.00
i38,e04,c7,p13,l3,0.00
i38,e04,c7,p14,l1,0.00
i38,e04,c7,p14,l3,0.00
i38,e04,c7,p15,l1,0.00
i38,e04,c7,p15,l3,0.00
i38,e04,c7,p16,l1,0.00
i38,e04,c7,p16,l3,0.00
i38,e04,c7,p17,l1,0.00
i38,e04,c7,p17,l3,0.00
i38,e04,c7,p18,l1,0.00
i38,e04,c7,p18,l3,0.00
i38,e04,c7,p19,l1,0.00
i38,e04,c7,p19,l3,0.00
i38,e04,c7,p19,l4,0.00
i38,e04,c7,p20,l1,0.00
i38,e04,c7,p20,l3,0.00
i38,e04,c7,p21,l1,0.00
i38,e04,c7,p21,l3,0.00
i38,e04,c7,p21,l4,0.00
i38,e04,c7,p22,l1,0.00
i38,e04,c7,p23,l1,0.00
i38,e04,c7,p23,l3,0.00
i38,e04,c7,p23,l4,0.00
i38,e04,c7,p24,l1,0.00
i38,e04,c7,p24,l3,0.00
i38,e04,c7,p24,l4,0.00
i38,e04,c7,p25,l1,0.00
i38,e04,c7,p25,l3,0.00
i38,e04,c7,p25,l4,0.00
i38,e04,c7,p26,l1,0.00
i38,e04,c7,p28,l1,0.00
i38,e04,c7,p28,l3,0.00
i38,e04,c7,p29,l1,0.00
i38,e04,c7,p29,l3,0.00
i38,e04,c7,p31,l1,0.00
i38,e04,c7,p32,l1,0.00
i38,e04,c7,p32,l3,0.00
i38,e04,c7,p34,l3,0.00
i38,e04,c7,p35,l1,0.00
i38,e04,c7,p35,l3,0.00
i38,e04,c8,p01,l1,0.00
i38,e04,c8,p01,l3,0.00
i38,e04,c8,p02,l1,0.00
i38,e04,c8,p05,l1,0.00
i38,e04,c8,p06,l1,0.00
i38,e04,c8,p07,l1,0.00
i38,e04,c8,p09,l1,0.00
i38,e04,c8,p10,l1,0.00
i38,e04,c8,p10,l2,0.00
i38,e04,c8,p10,l3,0.00
i38,e04,c8,p10,l4,0.00
i38,e04,c8,p11,l1,0.00
i38,e04,c8,p11,l4,0.00
i38,e04,c8,p12,l1,0.00
i38,e04,c8,p13,l1,0.00
i38,e04,c8,p14,l1,0.00
i38,e04,c8,p14,l3,0.00
i38,e04,c8,p14,l4,0.00
i38,e04,c8,p15,l1,0.00
i38,e04,c8,p15,l3,0.00
i38,e04,c8,p16,l1,0.00
i38,e04,c8,p16,l4,0.00
i38,e04,c8,p19,l1,0.00
i38,e04,c8,p19,l4,0.00
i38,e04,c8,p20,l1,0.00
i38,e04,c8,p20,l3,0.00
i38,e04,c8,p21,l1,0.00
i38,e04,c8,p23,l1,0.00
i38,e04,c8,p23,l3,0.00
i38,e04,c8,p24,l1,0.00
i38,e04,c8,p28,l1,0.00
i38,e04,c8,p28,l3,0.00
i38,e04,c8,p29,l1,0.00
i38,e04,c8,p29,l3,0.00
i38,e04,c8,p31,l1,0.00
i38,e05,c1,p01,l1,0.00
i38,e05,c1,p01,l3,0.00
i38,e05,c1,p02,l1,0.00
i38,e05,c1,p02,l3,0.00
i38,e05,c1,p03,l1,1.09
i38,e05,c1,p03,l3,0.00
i38,e05,c1,p04,l1,0.00
i38,e05,c1,p04,l3,0.00
i38,e05,c1,p05,l1,1.29
i38,e05,c1,p05,l3,0.00
i38,e05,c1,p06,l1,1.06
i38,e05,c1,p06,l3,0.00
i38,e05,c1,p07,l1,2.02
i38,e05,c1,p07,l3,0.00
i38,e05,c1,p08,l1,0.00
i38,e05,c1,p08,l3,0.00
i38,e05,c1,p09,l1,1.04
i38,e05,c1,p10,l1,55.33
i38,e05,c1,p10,l3,0.00
i38,e05,c1,p11,l1,1.12
i38,e05,c1,p11,l3,0.00
i38,e05,c1,p12,l1,3.05
i38,e05,c1,p12,l3,0.00
i38,e05,c1,p13,l1,2.38
i38,e05,c1,p13,l3,0.00
i38,e05,c1,p14,l1,0.00
i38,e05,c1,p14,l3,0.00
i38,e05,c1,p15,l1,0.00
i38,e05,c1,p15,l3,0.00
i38,e05,c1,p16,l1,5.71
i38,e05,c1,p16,l3,0.00
i38,e05,c1,p17,l1,1.26
i38,e05,c1,p17,l3,0.00
i38,e05,c1,p18,l1,0.00
i38,e05,c1,p18,l3,0.00
i38,e05,c1,p19,l1,2.73
i38,e05,c1,p19,l3,0.00
i38,e05,c1,p20,l1,0.00
i38,e05,c1,p21,l1,1.85
i38,e05,c1,p21,l3,0.00
i38,e05,c1,p22,l1,0.00
i38,e05,c1,p22,l3,0.00
i38,e05,c1,p23,l1,0.00
i38,e05,c1,p23,l3,0.00
i38,e05,c1,p24,l1,1.43
i38,e05,c1,p24,l3,0.00
i38,e05,c1,p25,l1,0.00
i38,e05,c1,p25,l3,0.00
i38,e05,c1,p26,l1,0.00
i38,e05,c1,p27,l1,0.00
i38,e05,c1,p28,l1,0.00
i38,e05,c1,p28,l3,0.00
i38,e05,c1,p29,l1,0.00
i38,e05,c1,p30,l1,0.00
i38,e05,c1,p30,l3,0.00
i38,e05,c1,p31,l1,0.00
i38,e05,c1,p31,l3,0.00
i38,e05,c1,p32,l1,0.00
i38,e05,c1,p32,l3,0.00
i38,e05,c1,p33,l1,0.00
i38,e05,c1,p34,l1,0.00
i38,e05,c1,p35,l1,1.16
i38,e05,c1,p35,l3,0.00
i38,e05,c4,p01,l1,0.00
i38,e05,c4,p01,l3,0.00
i38,e05,c4,p02,l1,0.00
i38,e05,c4,p03,l1,0.00
i38,e05,c4,p03,l3,0.00
i38,e05,c4,p04,l1,0.00
i38,e05,c4,p05,l1,0.00
i38,e05,c4,p06,l1,0.00
i38,e05,c4,p07,l1,0.00
i38,e05,c4,p08,l1,0.00
i38,e05,c4,p09,l1,0.00
i38,e05,c4,p10,l1,0.00
i38,e05,c4,p10,l3,0.00
i38,e05,c4,p11,l1,0.00
i38,e05,c4,p12,l1,0.00
i38,e05,c4,p13,l1,0.00
i38,e05,c4,p14,l1,0.00
i38,e05,c4,p15,l1,0.00
i38,e05,c4,p15,l3,0.00
i38,e05,c4,p16,l1,0.00
i38,e05,c4,p16,l3,0.00
i38,e05,c4,p17,l1,0.00
i38,e05,c4,p18,l1,0.00
i38,e05,c4,p19,l1,0.00
i38,e05,c4,p20,l1,0.00
i38,e05,c4,p21,l1,0.00
i38,e05,c4,p22,l1,0.00
i38,e05,c4,p23,l1,0.00
i38,e05,c4,p24,l1,0.00
i38,e05,c4,p24,l3,0.00
i38,e05,c4,p25,l1,0.00
i38,e05,c4,p26,l1,0.00
i38,e05,c4,p28,l1,0.00
i38,e05,c4,p28,l3,0.00
i38,e05,c4,p29,l1,0.00
i38,e05,c4,p30,l1,0.00
i38,e05,c4,p31,l1,0.00
i38,e05,c4,p32,l1,0.00
i38,e05,c4,p33,l1,0.00
i38,e05,c4,p35,l1,0.00
i38,e05,c7,p01,l1,0.00
i38,e05,c7,p02,l1,0.00
i38,e05,c7,p03,l1,0.00
i38,e05,c7,p04,l1,0.00
i38,e05,c7,p07,l1,0.00
i38,e05,c7,p08,l1,0.00
i38,e05,c7,p10,l1,0.00
i38,e05,c7,p11,l1,0.00
i38,e05,c7,p12,l1,0.00
i38,e05,c7,p13,l1,0.00
i38,e05,c7,p14,l1,0.00
i38,e05,c7,p15,l1,0.00
i38,e05,c7,p16,l1,0.00
i38,e05,c7,p17,l1,0.00
i38,e05,c7,p19,l1,0.00
i38,e05,c7,p21,l1,0.00
i38,e05,c7,p22,l1,0.00
i38,e05,c7,p23,l1,0.00
i38,e05,c7,p24,l1,0.00
i38,e05,c7,p28,l1,0.00
i38,e05,c7,p29,l1,0.00
i38,e05,c7,p32,l1,0.00
i38,e05,c7,p35,l1,0.00
i38,e05,c8,p10,l3,0.00
i38,e06,c1,p01,l3,378.63
i38,e06,c1,p02,l3,90.06
i38,e06,c1,p03,l3,91.46
i38,e06,c1,p04,l3,124.15
i38,e06,c1,p05,l3,217.20
i38,e06,c1,p06,l3,91.66
i38,e06,c1,p07,l3,228.36
i38,e06,c1,p08,l3,65.14
i38,e06,c1,p09,l3,91.03
i38,e06,c1,p10,l3,4687.06
i38,e06,c1,p11,l3,324.77
i38,e06,c1,p12,l3,358.16
i38,e06,c1,p13,l3,2297.43
i38,e06,c1,p14,l3,308.29
i38,e06,c1,p15,l3,548.75
i38,e06,c1,p16,l3,210.01
i38,e06,c1,p17,l3,113.32
i38,e06,c1,p18,l3,177.02
i38,e06,c1,p19,l3,379.82
i38,e06,c1,p20,l3,98.39
i38,e06,c1,p21,l3,257.74
i38,e06,c1,p22,l3,104.94
i38,e06,c1,p23,l3,74.17
i38,e06,c1,p24,l3,56.36
i38,e06,c1,p25,l3,15.35
i38,e06,c1,p26,l3,19.11
i38,e06,c1,p27,l3,0.00
i38,e06,c1,p28,l3,89.32
i38,e06,c1,p29,l3,65.69
i38,e06,c1,p30,l3,0.00
i38,e06,c1,p31,l3,34.40
i38,e06,c1,p32,l3,13.12
i38,e06,c1,p33,l3,0.00
i38,e06,c1,p34,l3,0.00
i38,e06,c1,p35,l3,2.51
i38,e06,c4,p01,l3,2.91
i38,e06,c4,p02,l3,0.00
i38,e06,c4,p03,l3,26.72
i38,e06,c4,p04,l3,0.00
i38,e06,c4,p05,l3,0.00
i38,e06,c4,p06,l3,0.00
i38,e06,c4,p07,l3,0.00
i38,e06,c4,p08,l3,13.16
i38,e06,c4,p09,l3,13.43
i38,e06,c4,p10,l3,104.53
i38,e06,c4,p11,l3,26.66
i38,e06,c4,p12,l3,0.00
i38,e06,c4,p13,l3,0.00
i38,e06,c4,p14,l3,0.00
i38,e06,c4,p15,l3,13.77
i38,e06,c4,p16,l3,0.00
i38,e06,c4,p17,l3,14.09
i38,e06,c4,p18,l3,0.00
i38,e06,c4,p19,l3,13.24
i38,e06,c4,p20,l3,0.00
i38,e06,c4,p21,l3,0.00
i38,e06,c4,p22,l3,0.00
i38,e06,c4,p23,l3,13.21
i38,e06,c4,p24,l3,0.00
i38,e06,c4,p25,l3,0.00
i38,e06,c4,p26,l3,0.00
i38,e06,c4,p27,l3,0.00
i38,e06,c4,p28,l3,13.11
i38,e06,c4,p29,l3,0.00
i38,e06,c4,p30,l3,0.00
i38,e06,c4,p31,l3,0.00
i38,e06,c4,p32,l3,13.76
i38,e06,c4,p33,l3,0.00
i38,e06,c4,p34,l3,0.00
i38,e06,c4,p35,l3,0.00
i38,e06,c7,p01,l3,0.00
i38,e06,c7,p02,l3,0.00
i38,e06,c7,p03,l3,0.00
i38,e06,c7,p04,l3,0.00
i38,e06,c7,p05,l3,0.00
i38,e06,c7,p06,l3,0.00
i38,e06,c7,p07,l3,0.00
i38,e06,c7,p08,l3,0.00
i38,e06,c7,p09,l3,0.00
i38,e06,c7,p10,l3,0.00
i38,e06,c7,p11,l3,0.00
i38,e06,c7,p12,l3,0.00
i38,e06,c7,p13,l3,0.00
i38,e06,c7,p14,l3,0.00
i38,e06,c7,p15,l3,0.00
i38,e06,c7,p16,l3,0.00
i38,e06,c7,p17,l3,0.00
i38,e06,c7,p18,l3,0.00
i38,e06,c7,p19,l3,0.00
i38,e06,c7,p20,l3,0.00
i38,e06,c7,p21,l3,0.00
i38,e06,c7,p22,l3,0.00
i38,e06,c7,p23,l3,0.00
i38,e06,c7,p24,l3,0.00
i38,e06,c7,p25,l3,0.00
i38,e06,c7,p26,l3,0.00
i38,e06,c7,p28,l3,0.00
i38,e06,c7,p29,l3,0.00
i38,e06,c7,p31,l3,0.00
i38,e06,c7,p32,l3,0.00
i38,e06,c7,p34,l3,0.00
i38,e06,c7,p35,l3,0.00
i38,e06,c8,p13,l3,0.00
i38,e06,c8,p14,l3,0.00
i38,e06,c8,p18,l3,0.00
i38,e07,c1,p01,l2,0.00
i38,e07,c1,p01,l3,4.76
i38,e07,c1,p02,l2,0.00
i38,e07,c1,p02,l3,0.00
i38,e07,c1,p03,l2,0.00
i38,e07,c1,p03,l3,11.37
i38,e07,c1,p04,l2,0.00
i38,e07,c1,p04,l3,0.00
i38,e07,c1,p05,l2,0.00
i38,e07,c1,p05,l3,4.25
i38,e07,c1,p06,l2,0.00
i38,e07,c1,p06,l3,26.22
i38,e07,c1,p07,l2,0.00
i38,e07,c1,p07,l3,5.77
i38,e07,c1,p08,l2,0.00
i38,e07,c1,p08,l3,0.00
i38,e07,c1,p09,l2,0.00
i38,e07,c1,p09,l3,1.05
i38,e07,c1,p10,l2,0.00
i38,e07,c1,p10,l3,68.45
i38,e07,c1,p11,l2,0.00
i38,e07,c1,p11,l3,5.21
i38,e07,c1,p12,l2,0.00
i38,e07,c1,p12,l3,12.09
i38,e07,c1,p13,l2,0.00
i38,e07,c1,p13,l3,19.02
i38,e07,c1,p14,l2,0.00
i38,e07,c1,p14,l3,0.00
i38,e07,c1,p15,l2,0.00
i38,e07,c1,p15,l3,32.16
i38,e07,c1,p16,l2,0.00
i38,e07,c1,p16,l3,17.64
i38,e07,c1,p17,l2,0.00
i38,e07,c1,p17,l3,2.30
i38,e07,c1,p18,l2,0.00
i38,e07,c1,p18,l3,0.00
i38,e07,c1,p19,l2,0.00
i38,e07,c1,p19,l3,12.05
i38,e07,c1,p20,l2,0.00
i38,e07,c1,p20,l3,0.00
i38,e07,c1,p21,l2,0.00
i38,e07,c1,p21,l3,3.02
i38,e07,c1,p22,l2,0.00
i38,e07,c1,p22,l3,0.00
i38,e07,c1,p23,l2,0.00
i38,e07,c1,p23,l3,1.63
i38,e07,c1,p24,l2,0.00
i38,e07,c1,p24,l3,0.00
i38,e07,c1,p25,l2,0.00
i38,e07,c1,p25,l3,0.00
i38,e07,c1,p26,l2,0.00
i38,e07,c1,p26,l3,0.00
i38,e07,c1,p27,l2,0.00
i38,e07,c1,p27,l3,0.00
i38,e07,c1,p28,l2,0.00
i38,e07,c1,p28,l3,0.00
i38,e07,c1,p29,l2,0.00
i38,e07,c1,p29,l3,0.00
i38,e07,c1,p30,l2,0.00
i38,e07,c1,p30,l3,0.00
i38,e07,c1,p31,l2,0.00
i38,e07,c1,p31,l3,1.73
i38,e07,c1,p32,l2,0.00
i38,e07,c1,p32,l3,0.00
i38,e07,c1,p33,l2,0.00
i38,e07,c1,p33,l3,0.00
i38,e07,c1,p34,l2,0.00
i38,e07,c1,p34,l3,0.00
i38,e07,c1,p35,l2,0.00
i38,e07,c1,p35,l3,0.00
i38,e07,c4,p01,l2,0.00
i38,e07,c4,p01,l3,0.00
i38,e07,c4,p02,l2,0.00
i38,e07,c4,p02,l3,0.00
i38,e07,c4,p03,l2,0.00
i38,e07,c4,p03,l3,0.00
i38,e07,c4,p04,l2,0.00
i38,e07,c4,p04,l3,0.00
i38,e07,c4,p05,l2,0.00
i38,e07,c4,p05,l3,0.00
i38,e07,c4,p06,l2,0.00
i38,e07,c4,p06,l3,0.00
i38,e07,c4,p07,l2,0.00
i38,e07,c4,p07,l3,3.58
i38,e07,c4,p08,l2,0.00
i38,e07,c4,p08,l3,0.00
i38,e07,c4,p09,l2,0.00
i38,e07,c4,p09,l3,0.00
i38,e07,c4,p10,l2,0.00
i38,e07,c4,p10,l3,0.00
i38,e07,c4,p11,l2,0.00
i38,e07,c4,p11,l3,0.00
i38,e07,c4,p12,l2,0.00
i38,e07,c4,p12,l3,0.00
i38,e07,c4,p13,l2,0.00
i38,e07,c4,p13,l3,2.18
i38,e07,c4,p14,l2,0.00
i38,e07,c4,p14,l3,0.00
i38,e07,c4,p15,l2,0.00
i38,e07,c4,p15,l3,4.05
i38,e07,c4,p16,l2,0.00
i38,e07,c4,p16,l3,0.00
i38,e07,c4,p17,l2,0.00
i38,e07,c4,p17,l3,0.00
i38,e07,c4,p18,l2,0.00
i38,e07,c4,p18,l3,0.00
i38,e07,c4,p19,l2,0.00
i38,e07,c4,p19,l3,0.00
i38,e07,c4,p20,l2,0.00
i38,e07,c4,p20,l3,0.00
i38,e07,c4,p21,l2,0.00
i38,e07,c4,p21,l3,0.00
i38,e07,c4,p22,l2,0.00
i38,e07,c4,p22,l3,0.00
i38,e07,c4,p23,l2,0.00
i38,e07,c4,p23,l3,0.00
i38,e07,c4,p24,l2,0.00
i38,e07,c4,p24,l3,0.00
i38,e07,c4,p25,l2,0.00
i38,e07,c4,p25,l3,0.00
i38,e07,c4,p26,l2,0.00
i38,e07,c4,p26,l3,0.00
i38,e07,c4,p28,l2,0.00
i38,e07,c4,p28,l3,0.00
i38,e07,c4,p29,l2,0.00
i38,e07,c4,p29,l3,0.00
i38,e07,c4,p30,l2,0.00
i38,e07,c4,p30,l3,0.00
i38,e07,c4,p31,l2,0.00
i38,e07,c4,p31,l3,0.00
i38,e07,c4,p32,l2,0.00
i38,e07,c4,p32,l3,0.00
i38,e07,c4,p33,l2,0.00
i38,e07,c4,p33,l3,0.00
i38,e07,c4,p34,l2,0.00
i38,e07,c4,p35,l2,0.00
i38,e07,c4,p35,l3,0.00
i38,e07,c7,p01,l3,0.00
i38,e07,c7,p02,l2,0.00
i38,e07,c7,p02,l3,0.00
i38,e07,c7,p03,l2,0.00
i38,e07,c7,p03,l3,0.00
i38,e07,c7,p06,l3,0.00
i38,e07,c7,p07,l3,0.00
i38,e07,c7,p09,l2,0.00
i38,e07,c7,p09,l3,0.00
i38,e07,c7,p10,l2,0.00
i38,e07,c7,p10,l3,0.00
i38,e07,c7,p11,l2,0.00
i38,e07,c7,p11,l3,0.00
i38,e07,c7,p12,l2,0.00
i38,e07,c7,p13,l2,0.00
i38,e07,c7,p15,l2,0.00
i38,e07,c7,p16,l2,0.00
i38,e07,c7,p17,l2,0.00
i38,e07,c7,p17,l3,0.00
i38,e07,c7,p18,l3,0.00
i38,e07,c7,p19,l2,0.00
i38,e07,c7,p19,l3,0.00
i38,e07,c7,p21,l2,0.00
i38,e07,c7,p22,l2,0.00
i38,e07,c7,p24,l2,0.00
i38,e07,c7,p29,l2,0.00
i38,e08,c1,p01,l2,114.07
i38,e08,c1,p01,l3,6.05
i38,e08,c1,p01,l4,296.44
i38,e08,c1,p02,l2,9.28
i38,e08,c1,p02,l3,2.60
i38,e08,c1,p02,l4,64.14
i38,e08,c1,p03,l2,51.91
i38,e08,c1,p03,l3,2.56
i38,e08,c1,p03,l4,125.17
i38,e08,c1,p04,l2,25.05
i38,e08,c1,p04,l3,1.90
i38,e08,c1,p04,l4,30.23
i38,e08,c1,p05,l2,41.51
i38,e08,c1,p05,l3,1.28
i38,e08,c1,p05,l4,184.03
i38,e08,c1,p06,l2,65.19
i38,e08,c1,p06,l3,2.15
i38,e08,c1,p06,l4,68.26
i38,e08,c1,p07,l2,37.28
i38,e08,c1,p07,l3,1.77
i38,e08,c1,p07,l4,143.61
i38,e08,c1,p08,l2,13.13
i38,e08,c1,p08,l3,1.16
i38,e08,c1,p08,l4,6.03
i38,e08,c1,p09,l2,80.27
i38,e08,c1,p09,l3,1.01
i38,e08,c1,p09,l4,56.03
i38,e08,c1,p10,l2,297.50
i38,e08,c1,p10,l3,10.06
i38,e08,c1,p10,l4,3910.59
i38,e08,c1,p11,l2,83.45
i38,e08,c1,p11,l3,3.12
i38,e08,c1,p11,l4,113.46
i38,e08,c1,p12,l2,114.00
i38,e08,c1,p12,l3,0.00
i38,e08,c1,p12,l4,98.03
i38,e08,c1,p13,l2,173.08
i38,e08,c1,p13,l3,2.01
i38,e08,c1,p13,l4,1170.24
i38,e08,c1,p14,l2,16.47
i38,e08,c1,p14,l3,0.00
i38,e08,c1,p14,l4,84.36
i38,e08,c1,p15,l2,57.12
i38,e08,c1,p15,l3,2.18
i38,e08,c1,p15,l4,130.21
i38,e08,c1,p16,l2,27.42
i38,e08,c1,p16,l3,1.98
i38,e08,c1,p16,l4,39.11
i38,e08,c1,p17,l2,34.60
i38,e08,c1,p17,l3,1.11
i38,e08,c1,p17,l4,127.54
i38,e08,c1,p18,l2,30.51
i38,e08,c1,p18,l3,1.34
i38,e08,c1,p18,l4,72.23
i38,e08,c1,p19,l2,103.46
i38,e08,c1,p19,l3,2.08
i38,e08,c1,p19,l4,235.05
i38,e08,c1,p20,l2,1.05
i38,e08,c1,p20,l3,0.00
i38,e08,c1,p20,l4,7.42
i38,e08,c1,p21,l2,61.61
i38,e08,c1,p21,l3,0.00
i38,e08,c1,p21,l4,90.04
i38,e08,c1,p22,l2,8.56
i38,e08,c1,p22,l3,0.00
i38,e08,c1,p22,l4,63.95
i38,e08,c1,p23,l2,3.76
i38,e08,c1,p23,l3,1.19
i38,e08,c1,p23,l4,36.41
i38,e08,c1,p24,l2,31.61
i38,e08,c1,p24,l3,1.08
i38,e08,c1,p24,l4,15.08
i38,e08,c1,p25,l2,11.31
i38,e08,c1,p25,l3,0.00
i38,e08,c1,p25,l4,84.24
i38,e08,c1,p26,l2,0.00
i38,e08,c1,p26,l3,0.00
i38,e08,c1,p26,l4,4.31
i38,e08,c1,p27,l2,0.00
i38,e08,c1,p27,l3,0.00
i38,e08,c1,p27,l4,0.00
i38,e08,c1,p28,l2,6.47
i38,e08,c1,p28,l3,0.00
i38,e08,c1,p28,l4,15.59
i38,e08,c1,p29,l2,39.15
i38,e08,c1,p29,l3,0.00
i38,e08,c1,p29,l4,390.09
i38,e08,c1,p30,l2,0.00
i38,e08,c1,p30,l3,0.00
i38,e08,c1,p30,l4,1.61
i38,e08,c1,p31,l2,11.30
i38,e08,c1,p31,l3,0.00
i38,e08,c1,p31,l4,3.41
i38,e08,c1,p32,l2,4.61
i38,e08,c1,p32,l3,0.00
i38,e08,c1,p32,l4,124.80
i38,e08,c1,p33,l2,8.37
i38,e08,c1,p33,l3,0.00
i38,e08,c1,p33,l4,0.00
i38,e08,c1,p34,l2,0.00
i38,e08,c1,p34,l3,0.00
i38,e08,c1,p34,l4,0.00
i38,e08,c1,p35,l2,6.28
i38,e08,c1,p35,l3,0.00
i38,e08,c1,p35,l4,377.72
i38,e08,c4,p01,l2,1.15
i38,e08,c4,p01,l3,0.00
i38,e08,c4,p01,l4,9.04
i38,e08,c4,p02,l2,0.00
i38,e08,c4,p02,l3,0.00
i38,e08,c4,p02,l4,0.00
i38,e08,c4,p03,l2,4.19
i38,e08,c4,p03,l3,0.00
i38,e08,c4,p03,l4,127.11
i38,e08,c4,p04,l2,0.00
i38,e08,c4,p04,l3,0.00
i38,e08,c4,p04,l4,5.05
i38,e08,c4,p05,l2,0.00
i38,e08,c4,p05,l3,0.00
i38,e08,c4,p05,l4,7.00
i38,e08,c4,p06,l2,0.00
i38,e08,c4,p06,l3,0.00
i38,e08,c4,p06,l4,2.02
i38,e08,c4,p07,l2,0.00
i38,e08,c4,p07,l3,0.00
i38,e08,c4,p07,l4,7.22
i38,e08,c4,p08,l2,0.00
i38,e08,c4,p08,l3,0.00
i38,e08,c4,p08,l4,1.57
i38,e08,c4,p09,l2,0.00
i38,e08,c4,p09,l3,0.00
i38,e08,c4,p09,l4,1.46
i38,e08,c4,p10,l2,7.29
i38,e08,c4,p10,l3,0.00
i38,e08,c4,p10,l4,21.10
i38,e08,c4,p11,l2,0.00
i38,e08,c4,p11,l3,0.00
i38,e08,c4,p11,l4,75.15
i38,e08,c4,p12,l2,0.00
i38,e08,c4,p12,l3,0.00
i38,e08,c4,p12,l4,3.12
i38,e08,c4,p13,l2,0.00
i38,e08,c4,p13,l3,0.00
i38,e08,c4,p13,l4,0.00
i38,e08,c4,p14,l2,0.00
i38,e08,c4,p14,l3,0.00
i38,e08,c4,p14,l4,13.05
i38,e08,c4,p15,l2,0.00
i38,e08,c4,p15,l3,0.00
i38,e08,c4,p15,l4,0.00
i38,e08,c4,p16,l2,2.15
i38,e08,c4,p16,l3,0.00
i38,e08,c4,p16,l4,0.00
i38,e08,c4,p17,l2,0.00
i38,e08,c4,p17,l3,0.00
i38,e08,c4,p17,l4,2.54
i38,e08,c4,p18,l2,0.00
i38,e08,c4,p18,l3,0.00
i38,e08,c4,p18,l4,0.00
i38,e08,c4,p19,l2,1.35
i38,e08,c4,p19,l3,0.00
i38,e08,c4,p19,l4,5.09
i38,e08,c4,p20,l2,0.00
i38,e08,c4,p20,l3,0.00
i38,e08,c4,p20,l4,1.33
i38,e08,c4,p21,l2,39.20
i38,e08,c4,p21,l3,0.00
i38,e08,c4,p21,l4,1.09
i38,e08,c4,p22,l2,0.00
i38,e08,c4,p22,l3,0.00
i38,e08,c4,p22,l4,0.00
i38,e08,c4,p23,l2,0.00
i38,e08,c4,p23,l3,0.00
i38,e08,c4,p23,l4,0.00
i38,e08,c4,p24,l2,0.00
i38,e08,c4,p24,l3,0.00
i38,e08,c4,p24,l4,0.00
i38,e08,c4,p25,l2,0.00
i38,e08,c4,p25,l3,0.00
i38,e08,c4,p25,l4,0.00
i38,e08,c4,p26,l2,0.00
i38,e08,c4,p26,l3,0.00
i38,e08,c4,p26,l4,0.00
i38,e08,c4,p27,l2,0.00
i38,e08,c4,p27,l4,0.00
i38,e08,c4,p28,l2,0.00
i38,e08,c4,p28,l3,0.00
i38,e08,c4,p28,l4,0.00
i38,e08,c4,p29,l2,2.88
i38,e08,c4,p29,l3,0.00
i38,e08,c4,p29,l4,0.00
i38,e08,c4,p30,l2,0.00
i38,e08,c4,p30,l3,0.00
i38,e08,c4,p30,l4,0.00
i38,e08,c4,p31,l2,19.22
i38,e08,c4,p31,l3,0.00
i38,e08,c4,p31,l4,0.00
i38,e08,c4,p32,l2,0.00
i38,e08,c4,p32,l3,0.00
i38,e08,c4,p32,l4,0.00
i38,e08,c4,p33,l2,0.00
i38,e08,c4,p33,l4,0.00
i38,e08,c4,p34,l2,0.00
i38,e08,c4,p34,l3,0.00
i38,e08,c4,p34,l4,0.00
i38,e08,c4,p35,l2,0.00
i38,e08,c4,p35,l3,0.00
i38,e08,c4,p35,l4,0.00
i38,e08,c7,p01,l2,0.00
i38,e08,c7,p01,l3,0.00
i38,e08,c7,p01,l4,0.00
i38,e08,c7,p02,l2,0.00
i38,e08,c7,p02,l4,0.00
i38,e08,c7,p03,l2,0.00
i38,e08,c7,p03,l3,0.00
i38,e08,c7,p03,l4,0.00
i38,e08,c7,p04,l2,0.00
i38,e08,c7,p04,l3,0.00
i38,e08,c7,p04,l4,0.00
i38,e08,c7,p05,l2,0.00
i38,e08,c7,p05,l4,0.00
i38,e08,c7,p06,l2,0.00
i38,e08,c7,p06,l4,0.00
i38,e08,c7,p07,l2,0.00
i38,e08,c7,p07,l4,0.00
i38,e08,c7,p08,l2,0.00
i38,e08,c7,p08,l4,0.00
i38,e08,c7,p09,l2,0.00
i38,e08,c7,p09,l4,0.00
i38,e08,c7,p10,l2,0.00
i38,e08,c7,p10,l3,0.00
i38,e08,c7,p10,l4,0.00
i38,e08,c7,p11,l2,0.00
i38,e08,c7,p11,l4,0.00
i38,e08,c7,p12,l2,0.00
i38,e08,c7,p12,l4,0.00
i38,e08,c7,p13,l2,0.00
i38,e08,c7,p13,l3,0.00
i38,e08,c7,p13,l4,0.00
i38,e08,c7,p14,l2,0.00
i38,e08,c7,p14,l3,0.00
i38,e08,c7,p14,l4,0.00
i38,e08,c7,p15,l2,0.00
i38,e08,c7,p15,l3,0.00
i38,e08,c7,p15,l4,0.00
i38,e08,c7,p16,l2,0.00
i38,e08,c7,p16,l3,0.00
i38,e08,c7,p16,l4,0.00
i38,e08,c7,p17,l2,0.00
i38,e08,c7,p17,l3,0.00
i38,e08,c7,p17,l4,0.00
i38,e08,c7,p18,l2,0.00
i38,e08,c7,p18,l4,0.00
i38,e08,c7,p19,l2,0.00
i38,e08,c7,p19,l3,0.00
i38,e08,c7,p19,l4,0.00
i38,e08,c7,p20,l2,0.00
i38,e08,c7,p20,l4,0.00
i38,e08,c7,p21,l2,0.00
i38,e08,c7,p21,l3,0.00
i38,e08,c7,p21,l4,0.00
i38,e08,c7,p22,l2,0.00
i38,e08,c7,p22,l4,0.00
i38,e08,c7,p23,l2,0.00
i38,e08,c7,p23,l4,0.00
i38,e08,c7,p24,l2,0.00
i38,e08,c7,p24,l3,0.00
i38,e08,c7,p24,l4,0.00
i38,e08,c7,p25,l2,0.00
i38,e08,c7,p25,l4,0.00
i38,e08,c7,p26,l2,0.00
i38,e08,c7,p26,l4,0.00
i38,e08,c7,p28,l2,0.00
i38,e08,c7,p28,l4,0.00
i38,e08,c7,p29,l2,0.00
i38,e08,c7,p29,l4,0.00
i38,e08,c7,p31,l2,0.00
i38,e08,c7,p32,l2,0.00
i38,e08,c7,p32,l3,0.00
i38,e08,c7,p32,l4,0.00
i38,e08,c7,p34,l2,0.00
i38,e08,c7,p34,l3,0.00
i38,e08,c7,p34,l4,0.00
i38,e08,c7,p35,l2,0.00
i38,e08,c7,p35,l4,0.00
i38,e08,c8,p01,l2,0.00
i38,e08,c8,p01,l4,0.00
i38,e08,c8,p02,l4,0.00
i38,e08,c8,p03,l4,0.00
i38,e08,c8,p05,l2,0.00
i38,e08,c8,p05,l4,0.00
i38,e08,c8,p06,l4,0.00
i38,e08,c8,p07,l2,0.00
i38,e08,c8,p07,l4,0.00
i38,e08,c8,p09,l2,0.00
i38,e08,c8,p09,l4,0.00
i38,e08,c8,p10,l2,0.00
i38,e08,c8,p10,l3,0.00
i38,e08,c8,p10,l4,0.00
i38,e08,c8,p11,l2,0.00
i38,e08,c8,p11,l4,0.00
i38,e08,c8,p12,l2,0.00
i38,e08,c8,p12,l4,0.00
i38,e08,c8,p13,l2,0.00
i38,e08,c8,p13,l4,0.00
i38,e08,c8,p14,l2,0.00
i38,e08,c8,p14,l3,0.00
i38,e08,c8,p14,l4,0.00
i38,e08,c8,p15,l2,0.00
i38,e08,c8,p15,l4,0.00
i38,e08,c8,p16,l2,0.00
i38,e08,c8,p16,l4,0.00
i38,e08,c8,p17,l2,0.00
i38,e08,c8,p17,l4,0.00
i38,e08,c8,p18,l4,0.00
i38,e08,c8,p19,l2,0.00
i38,e08,c8,p19,l4,0.00
i38,e08,c8,p20,l2,0.00
i38,e08,c8,p20,l4,0.00
i38,e08,c8,p21,l2,0.00
i38,e08,c8,p21,l4,0.00
i38,e08,c8,p23,l2,0.00
i38,e08,c8,p23,l4,0.00
i38,e08,c8,p24,l2,0.00
i38,e08,c8,p24,l4,0.00
i38,e08,c8,p26,l2,0.00
i38,e08,c8,p26,l4,0.00
i38,e08,c8,p28,l2,0.00
i38,e08,c8,p28,l4,0.00
i38,e08,c8,p29,l2,0.00
i38,e08,c8,p29,l4,0.00
i38,e08,c8,p31,l2,0.00
i38,e08,c8,p31,l4,0.00
i38,e09,c1,p01,l2,0.00
i38,e09,c1,p01,l3,107.48
i38,e09,c1,p01,l4,0.00
i38,e09,c1,p02,l2,0.00
i38,e09,c1,p02,l3,8.24
i38,e09,c1,p02,l4,0.00
i38,e09,c1,p03,l2,0.00
i38,e09,c1,p03,l3,35.06
i38,e09,c1,p03,l4,0.00
i38,e09,c1,p04,l2,0.00
i38,e09,c1,p04,l3,31.76
i38,e09,c1,p04,l4,0.00
i38,e09,c1,p05,l2,0.00
i38,e09,c1,p05,l3,26.19
i38,e09,c1,p05,l4,0.00
i38,e09,c1,p06,l2,0.00
i38,e09,c1,p06,l3,26.13
i38,e09,c1,p06,l4,0.00
i38,e09,c1,p07,l2,0.00
i38,e09,c1,p07,l3,39.18
i38,e09,c1,p07,l4,0.00
i38,e09,c1,p08,l2,0.00
i38,e09,c1,p08,l3,10.34
i38,e09,c1,p08,l4,0.00
i38,e09,c1,p09,l2,0.00
i38,e09,c1,p09,l3,23.24
i38,e09,c1,p09,l4,0.00
i38,e09,c1,p10,l2,0.00
i38,e09,c1,p10,l3,915.25
i38,e09,c1,p10,l4,0.00
i38,e09,c1,p11,l2,0.00
i38,e09,c1,p11,l3,28.60
i38,e09,c1,p11,l4,0.00
i38,e09,c1,p12,l2,0.00
i38,e09,c1,p12,l3,67.18
i38,e09,c1,p12,l4,0.00
i38,e09,c1,p13,l2,0.00
i38,e09,c1,p13,l3,566.23
i38,e09,c1,p13,l4,0.00
i38,e09,c1,p14,l2,0.00
i38,e09,c1,p14,l3,37.51
i38,e09,c1,p14,l4,0.00
i38,e09,c1,p15,l2,0.00
i38,e09,c1,p15,l3,68.40
i38,e09,c1,p15,l4,0.00
i38,e09,c1,p16,l2,0.00
i38,e09,c1,p16,l3,33.09
i38,e09,c1,p16,l4,0.00
i38,e09,c1,p17,l2,0.00
i38,e09,c1,p17,l3,69.40
i38,e09,c1,p17,l4,0.00
i38,e09,c1,p18,l2,0.00
i38,e09,c1,p18,l3,42.40
i38,e09,c1,p18,l4,0.00
i38,e09,c1,p19,l2,0.00
i38,e09,c1,p19,l3,142.15
i38,e09,c1,p19,l4,0.00
i38,e09,c1,p20,l2,0.00
i38,e09,c1,p20,l3,9.71
i38,e09,c1,p20,l4,0.00
i38,e09,c1,p21,l2,0.00
i38,e09,c1,p21,l3,40.08
i38,e09,c1,p21,l4,0.00
i38,e09,c1,p22,l2,0.00
i38,e09,c1,p22,l3,14.19
i38,e09,c1,p22,l4,0.00
i38,e09,c1,p23,l2,0.00
i38,e09,c1,p23,l3,19.05
i38,e09,c1,p23,l4,0.00
i38,e09,c1,p24,l2,0.00
i38,e09,c1,p24,l3,15.43
i38,e09,c1,p24,l4,0.00
i38,e09,c1,p25,l2,0.00
i38,e09,c1,p25,l3,7.16
i38,e09,c1,p25,l4,0.00
i38,e09,c1,p26,l2,0.00
i38,e09,c1,p26,l3,3.07
i38,e09,c1,p26,l4,0.00
i38,e09,c1,p27,l2,0.00
i38,e09,c1,p27,l3,0.00
i38,e09,c1,p28,l2,0.00
i38,e09,c1,p28,l3,0.00
i38,e09,c1,p28,l4,0.00
i38,e09,c1,p29,l2,0.00
i38,e09,c1,p29,l3,40.47
i38,e09,c1,p29,l4,0.00
i38,e09,c1,p30,l2,0.00
i38,e09,c1,p30,l3,0.00
i38,e09,c1,p30,l4,0.00
i38,e09,c1,p31,l2,0.00
i38,e09,c1,p31,l3,18.30
i38,e09,c1,p31,l4,0.00
i38,e09,c1,p32,l2,0.00
i38,e09,c1,p32,l3,18.47
i38,e09,c1,p32,l4,0.00
i38,e09,c1,p33,l2,0.00
i38,e09,c1,p33,l3,0.00
i38,e09,c1,p33,l4,0.00
i38,e09,c1,p34,l2,0.00
i38,e09,c1,p34,l3,0.00
i38,e09,c1,p34,l4,0.00
i38,e09,c1,p35,l2,0.00
i38,e09,c1,p35,l3,5.29
i38,e09,c1,p35,l4,0.00
i38,e09,c4,p01,l2,0.00
i38,e09,c4,p01,l3,0.00
i38,e09,c4,p01,l4,0.00
i38,e09,c4,p02,l2,0.00
i38,e09,c4,p02,l3,0.00
i38,e09,c4,p02,l4,0.00
i38,e09,c4,p03,l2,0.00
i38,e09,c4,p03,l3,2.39
i38,e09,c4,p03,l4,0.00
i38,e09,c4,p04,l2,0.00
i38,e09,c4,p04,l3,0.00
i38,e09,c4,p04,l4,0.00
i38,e09,c4,p05,l2,0.00
i38,e09,c4,p05,l3,0.00
i38,e09,c4,p05,l4,0.00
i38,e09,c4,p06,l2,0.00
i38,e09,c4,p06,l3,0.00
i38,e09,c4,p06,l4,0.00
i38,e09,c4,p07,l2,0.00
i38,e09,c4,p07,l3,5.36
i38,e09,c4,p07,l4,0.00
i38,e09,c4,p08,l2,0.00
i38,e09,c4,p08,l3,0.00
i38,e09,c4,p08,l4,0.00
i38,e09,c4,p09,l2,0.00
i38,e09,c4,p09,l3,1.39
i38,e09,c4,p09,l4,0.00
i38,e09,c4,p10,l2,0.00
i38,e09,c4,p10,l3,30.19
i38,e09,c4,p10,l4,0.00
i38,e09,c4,p11,l2,0.00
i38,e09,c4,p11,l3,9.15
i38,e09,c4,p11,l4,0.00
i38,e09,c4,p12,l2,0.00
i38,e09,c4,p12,l3,2.13
i38,e09,c4,p12,l4,0.00
i38,e09,c4,p13,l2,0.00
i38,e09,c4,p13,l3,0.00
i38,e09,c4,p13,l4,0.00
i38,e09,c4,p14,l2,0.00
i38,e09,c4,p14,l3,0.00
i38,e09,c4,p14,l4,0.00
i38,e09,c4,p15,l2,0.00
i38,e09,c4,p15,l3,0.00
i38,e09,c4,p15,l4,0.00
i38,e09,c4,p16,l2,0.00
i38,e09,c4,p16,l3,0.00
i38,e09,c4,p16,l4,0.00
i38,e09,c4,p17,l2,0.00
i38,e09,c4,p17,l3,0.00
i38,e09,c4,p17,l4,0.00
i38,e09,c4,p18,l2,0.00
i38,e09,c4,p18,l3,0.00
i38,e09,c4,p18,l4,0.00
i38,e09,c4,p19,l2,0.00
i38,e09,c4,p19,l3,3.30
i38,e09,c4,p19,l4,0.00
i38,e09,c4,p20,l2,0.00
i38,e09,c4,p20,l3,0.00
i38,e09,c4,p20,l4,0.00
i38,e09,c4,p21,l2,0.00
i38,e09,c4,p21,l3,1.60
i38,e09,c4,p21,l4,0.00
i38,e09,c4,p22,l2,0.00
i38,e09,c4,p22,l3,0.00
i38,e09,c4,p22,l4,0.00
i38,e09,c4,p23,l2,0.00
i38,e09,c4,p23,l3,0.00
i38,e09,c4,p23,l4,0.00
i38,e09,c4,p24,l2,0.00
i38,e09,c4,p24,l3,0.00
i38,e09,c4,p24,l4,0.00
i38,e09,c4,p25,l2,0.00
i38,e09,c4,p25,l3,0.00
i38,e09,c4,p25,l4,0.00
i38,e09,c4,p26,l2,0.00
i38,e09,c4,p26,l3,0.00
i38,e09,c4,p26,l4,0.00
i38,e09,c4,p27,l2,0.00
i38,e09,c4,p27,l3,0.00
i38,e09,c4,p28,l2,0.00
i38,e09,c4,p28,l3,0.00
i38,e09,c4,p28,l4,0.00
i38,e09,c4,p29,l2,0.00
i38,e09,c4,p29,l3,0.00
i38,e09,c4,p29,l4,0.00
i38,e09,c4,p30,l2,0.00
i38,e09,c4,p30,l3,0.00
i38,e09,c4,p30,l4,0.00
i38,e09,c4,p31,l2,0.00
i38,e09,c4,p31,l3,0.00
i38,e09,c4,p31,l4,0.00
i38,e09,c4,p32,l2,0.00
i38,e09,c4,p32,l3,0.00
i38,e09,c4,p32,l4,0.00
i38,e09,c4,p33,l2,0.00
i38,e09,c4,p33,l3,0.00
i38,e09,c4,p34,l3,0.00
i38,e09,c4,p35,l2,0.00
i38,e09,c4,p35,l3,0.00
i38,e09,c4,p35,l4,0.00
i38,e09,c7,p01,l2,0.00
i38,e09,c7,p01,l3,0.00
i38,e09,c7,p01,l4,0.00
i38,e09,c7,p02,l2,0.00
i38,e09,c7,p02,l3,0.00
i38,e09,c7,p03,l2,0.00
i38,e09,c7,p03,l3,0.00
i38,e09,c7,p04,l2,0.00
i38,e09,c7,p04,l3,0.00
i38,e09,c7,p04,l4,0.00
i38,e09,c7,p05,l2,0.00
i38,e09,c7,p05,l3,0.00
i38,e09,c7,p06,l2,0.00
i38,e09,c7,p06,l3,0.00
i38,e09,c7,p07,l2,0.00
i38,e09,c7,p07,l3,0.00
i38,e09,c7,p08,l2,0.00
i38,e09,c7,p08,l3,0.00
i38,e09,c7,p09,l2,0.00
i38,e09,c7,p09,l3,0.00
i38,e09,c7,p10,l2,0.00
i38,e09,c7,p10,l3,0.00
i38,e09,c7,p10,l4,0.00
i38,e09,c7,p11,l2,0.00
i38,e09,c7,p11,l3,0.00
i38,e09,c7,p12,l2,0.00
i38,e09,c7,p12,l3,0.00
i38,e09,c7,p13,l2,0.00
i38,e09,c7,p13,l3,0.00
i38,e09,c7,p14,l2,0.00
i38,e09,c7,p14,l3,0.00
i38,e09,c7,p15,l2,0.00
i38,e09,c7,p15,l3,0.00
i38,e09,c7,p16,l2,0.00
i38,e09,c7,p16,l3,0.00
i38,e09,c7,p17,l2,0.00
i38,e09,c7,p17,l3,0.00
i38,e09,c7,p18,l2,0.00
i38,e09,c7,p18,l3,0.00
i38,e09,c7,p19,l2,0.00
i38,e09,c7,p19,l3,0.00
i38,e09,c7,p19,l4,0.00
i38,e09,c7,p20,l2,0.00
i38,e09,c7,p20,l3,0.00
i38,e09,c7,p21,l2,0.00
i38,e09,c7,p21,l3,0.00
i38,e09,c7,p21,l4,0.00
i38,e09,c7,p22,l2,0.00
i38,e09,c7,p23,l2,0.00
i38,e09,c7,p23,l3,0.00
i38,e09,c7,p24,l2,0.00
i38,e09,c7,p24,l3,0.00
i38,e09,c7,p25,l2,0.00
i38,e09,c7,p25,l3,0.00
i38,e09,c7,p26,l2,0.00
i38,e09,c7,p28,l2,0.00
i38,e09,c7,p28,l3,0.00
i38,e09,c7,p29,l2,0.00
i38,e09,c7,p29,l3,0.00
i38,e09,c7,p31,l2,0.00
i38,e09,c7,p32,l2,0.00
i38,e09,c7,p32,l3,0.00
i38,e09,c7,p34,l3,0.00
i38,e09,c7,p35,l2,0.00
i38,e09,c8,p01,l2,0.00
i38,e09,c8,p01,l3,0.00
i38,e09,c8,p01,l4,0.00
i38,e09,c8,p02,l2,0.00
i38,e09,c8,p05,l2,0.00
i38,e09,c8,p05,l4,0.00
i38,e09,c8,p06,l2,0.00
i38,e09,c8,p06,l4,0.00
i38,e09,c8,p07,l2,0.00
i38,e09,c8,p09,l2,0.00
i38,e09,c8,p10,l2,0.00
i38,e09,c8,p10,l3,0.00
i38,e09,c8,p10,l4,0.00
i38,e09,c8,p11,l2,0.00
i38,e09,c8,p12,l2,0.00
i38,e09,c8,p13,l2,0.00
i38,e09,c8,p14,l2,0.00
i38,e09,c8,p14,l3,0.00
i38,e09,c8,p15,l2,0.00
i38,e09,c8,p15,l3,0.00
i38,e09,c8,p15,l4,0.00
i38,e09,c8,p16,l2,0.00
i38,e09,c8,p19,l2,0.00
i38,e09,c8,p20,l2,0.00
i38,e09,c8,p20,l3,0.00
i38,e09,c8,p21,l2,0.00
i38,e09,c8,p23,l2,0.00
i38,e09,c8,p23,l3,0.00
i38,e09,c8,p23,l4,0.00
i38,e09,c8,p24,l2,0.00
i38,e09,c8,p28,l2,0.00
i38,e09,c8,p28,l3,0.00
i38,e09,c8,p29,l2,0.00
i38,e09,c8,p29,l3,0.00
i38,e09,c8,p31,l2,0.00
i38,e10,c1,p01,l1,57.80
i38,e10,c1,p01,l2,179.54
i38,e10,c1,p01,l3,18986.44
i38,e10,c1,p01,l4,2577.69
i38,e10,c1,p02,l1,18.76
i38,e10,c1,p02,l2,22.06
i38,e10,c1,p02,l3,4290.46
i38,e10,c1,p02,l4,682.33
i38,e10,c1,p03,l1,33.60
i38,e10,c1,p03,l2,44.28
i38,e10,c1,p03,l3,13561.25
i38,e10,c1,p03,l4,2021.33
i38,e10,c1,p04,l1,13.41
i38,e10,c1,p04,l2,22.11
i38,e10,c1,p04,l3,5137.24
i38,e10,c1,p04,l4,737.13
i38,e10,c1,p05,l1,44.54
i38,e10,c1,p05,l2,75.51
i38,e10,c1,p05,l3,11625.32
i38,e10,c1,p05,l4,1680.63
i38,e10,c1,p06,l1,14.18
i38,e10,c1,p06,l2,55.41
i38,e10,c1,p06,l3,5380.16
i38,e10,c1,p06,l4,633.19
i38,e10,c1,p07,l1,29.30
i38,e10,c1,p07,l2,80.46
i38,e10,c1,p07,l3,12830.32
i38,e10,c1,p07,l4,1885.25
i38,e10,c1,p08,l1,12.23
i38,e10,c1,p08,l2,16.21
i38,e10,c1,p08,l3,3288.17
i38,e10,c1,p08,l4,592.05
i38,e10,c1,p09,l1,12.52
i38,e10,c1,p09,l2,44.45
i38,e10,c1,p09,l3,5844.70
i38,e10,c1,p09,l4,865.65
i38,e10,c1,p10,l1,197.67
i38,e10,c1,p10,l2,4013.00
i38,e10,c1,p10,l3,70800.21
i38,e10,c1,p10,l4,11234.20
i38,e10,c1,p11,l1,39.67
i38,e10,c1,p11,l2,127.08
i38,e10,c1,p11,l3,16287.05
i38,e10,c1,p11,l4,2178.80
i38,e10,c1,p12,l1,30.77
i38,e10,c1,p12,l2,128.47
i38,e10,c1,p12,l3,10412.16
i38,e10,c1,p12,l4,1699.42
i38,e10,c1,p13,l1,39.85
i38,e10,c1,p13,l2,1122.39
i38,e10,c1,p13,l3,11074.17
i38,e10,c1,p13,l4,3811.18
i38,e10,c1,p14,l1,8.33
i38,e10,c1,p14,l2,107.01
i38,e10,c1,p14,l3,6877.01
i38,e10,c1,p14,l4,878.03
i38,e10,c1,p15,l1,45.29
i38,e10,c1,p15,l2,207.71
i38,e10,c1,p15,l3,13780.50
i38,e10,c1,p15,l4,2178.39
i38,e10,c1,p16,l1,26.40
i38,e10,c1,p16,l2,46.12
i38,e10,c1,p16,l3,8474.22
i38,e10,c1,p16,l4,1309.63
i38,e10,c1,p17,l1,23.64
i38,e10,c1,p17,l2,41.12
i38,e10,c1,p17,l3,11839.95
i38,e10,c1,p17,l4,1641.34
i38,e10,c1,p18,l1,13.00
i38,e10,c1,p18,l2,120.49
i38,e10,c1,p18,l3,5888.56
i38,e10,c1,p18,l4,934.55
i38,e10,c1,p19,l1,79.34
i38,e10,c1,p19,l2,156.07
i38,e10,c1,p19,l3,29704.52
i38,e10,c1,p19,l4,3772.31
i38,e10,c1,p20,l1,6.18
i38,e10,c1,p20,l2,14.72
i38,e10,c1,p20,l3,1215.04
i38,e10,c1,p20,l4,207.30
i38,e10,c1,p21,l1,28.75
i38,e10,c1,p21,l2,88.20
i38,e10,c1,p21,l3,9181.53
i38,e10,c1,p21,l4,1608.98
i38,e10,c1,p22,l1,5.17
i38,e10,c1,p22,l2,12.62
i38,e10,c1,p22,l3,2479.15
i38,e10,c1,p22,l4,383.20
i38,e10,c1,p23,l1,6.68
i38,e10,c1,p23,l2,30.12
i38,e10,c1,p23,l3,2451.06
i38,e10,c1,p23,l4,470.88
i38,e10,c1,p24,l1,18.69
i38,e10,c1,p24,l2,45.00
i38,e10,c1,p24,l3,6499.75
i38,e10,c1,p24,l4,965.04
i38,e10,c1,p25,l1,5.05
i38,e10,c1,p25,l2,6.11
i38,e10,c1,p25,l3,1659.47
i38,e10,c1,p25,l4,284.07
i38,e10,c1,p26,l1,1.46
i38,e10,c1,p26,l2,14.68
i38,e10,c1,p26,l3,735.52
i38,e10,c1,p26,l4,80.27
i38,e10,c1,p27,l1,0.00
i38,e10,c1,p27,l2,0.00
i38,e10,c1,p27,l3,0.00
i38,e10,c1,p27,l4,0.00
i38,e10,c1,p28,l1,12.08
i38,e10,c1,p28,l2,17.22
i38,e10,c1,p28,l3,2696.58
i38,e10,c1,p28,l4,446.07
i38,e10,c1,p29,l1,16.44
i38,e10,c1,p29,l2,18.47
i38,e10,c1,p29,l3,3884.13
i38,e10,c1,p29,l4,739.16
i38,e10,c1,p30,l1,3.30
i38,e10,c1,p30,l2,0.00
i38,e10,c1,p30,l3,87.33
i38,e10,c1,p30,l4,3.28
i38,e10,c1,p31,l1,0.00
i38,e10,c1,p31,l2,9.37
i38,e10,c1,p31,l3,626.52
i38,e10,c1,p31,l4,139.22
i38,e10,c1,p32,l1,4.43
i38,e10,c1,p32,l2,13.06
i38,e10,c1,p32,l3,1750.21
i38,e10,c1,p32,l4,465.06
i38,e10,c1,p33,l1,0.00
i38,e10,c1,p33,l2,0.00
i38,e10,c1,p33,l3,58.56
i38,e10,c1,p33,l4,2.51
i38,e10,c1,p34,l1,0.00
i38,e10,c1,p34,l2,0.00
i38,e10,c1,p34,l3,0.00
i38,e10,c1,p34,l4,0.00
i38,e10,c1,p35,l1,4.17
i38,e10,c1,p35,l2,660.86
i38,e10,c1,p35,l3,926.14
i38,e10,c1,p35,l4,347.41
i38,e10,c4,p01,l1,13.30
i38,e10,c4,p01,l2,0.00
i38,e10,c4,p01,l3,383.26
i38,e10,c4,p01,l4,133.05
i38,e10,c4,p02,l1,0.00
i38,e10,c4,p02,l2,0.00
i38,e10,c4,p02,l3,25.43
i38,e10,c4,p02,l4,9.41
i38,e10,c4,p03,l1,0.00
i38,e10,c4,p03,l2,4.35
i38,e10,c4,p03,l3,176.08
i38,e10,c4,p03,l4,35.56
i38,e10,c4,p04,l1,1.31
i38,e10,c4,p04,l2,0.00
i38,e10,c4,p04,l3,98.36
i38,e10,c4,p04,l4,38.13
i38,e10,c4,p05,l1,4.01
i38,e10,c4,p05,l2,8.03
i38,e10,c4,p05,l3,144.31
i38,e10,c4,p05,l4,37.24
i38,e10,c4,p06,l1,0.00
i38,e10,c4,p06,l2,0.00
i38,e10,c4,p06,l3,119.38
i38,e10,c4,p06,l4,46.76
i38,e10,c4,p07,l1,3.29
i38,e10,c4,p07,l2,0.00
i38,e10,c4,p07,l3,494.93
i38,e10,c4,p07,l4,71.76
i38,e10,c4,p08,l1,0.00
i38,e10,c4,p08,l2,5.40
i38,e10,c4,p08,l3,146.24
i38,e10,c4,p08,l4,39.05
i38,e10,c4,p09,l1,0.00
i38,e10,c4,p09,l2,0.00
i38,e10,c4,p09,l3,52.55
i38,e10,c4,p09,l4,20.58
i38,e10,c4,p10,l1,20.87
i38,e10,c4,p10,l2,28.62
i38,e10,c4,p10,l3,2111.53
i38,e10,c4,p10,l4,281.63
i38,e10,c4,p11,l1,0.00
i38,e10,c4,p11,l2,3.33
i38,e10,c4,p11,l3,227.30
i38,e10,c4,p11,l4,60.20
i38,e10,c4,p12,l1,3.10
i38,e10,c4,p12,l2,3.92
i38,e10,c4,p12,l3,140.39
i38,e10,c4,p12,l4,33.78
i38,e10,c4,p13,l1,4.14
i38,e10,c4,p13,l2,0.00
i38,e10,c4,p13,l3,271.57
i38,e10,c4,p13,l4,55.10
i38,e10,c4,p14,l1,0.00
i38,e10,c4,p14,l2,0.00
i38,e10,c4,p14,l3,60.47
i38,e10,c4,p14,l4,20.45
i38,e10,c4,p15,l1,2.34
i38,e10,c4,p15,l2,2.29
i38,e10,c4,p15,l3,132.32
i38,e10,c4,p15,l4,26.30
i38,e10,c4,p16,l1,10.50
i38,e10,c4,p16,l2,7.14
i38,e10,c4,p16,l3,300.46
i38,e10,c4,p16,l4,61.27
i38,e10,c4,p17,l1,0.00
i38,e10,c4,p17,l2,2.57
i38,e10,c4,p17,l3,430.07
i38,e10,c4,p17,l4,38.07
i38,e10,c4,p18,l1,0.00
i38,e10,c4,p18,l2,0.00
i38,e10,c4,p18,l3,335.83
i38,e10,c4,p18,l4,18.26
i38,e10,c4,p19,l1,2.35
i38,e10,c4,p19,l2,25.24
i38,e10,c4,p19,l3,529.03
i38,e10,c4,p19,l4,87.20
i38,e10,c4,p20,l1,0.00
i38,e10,c4,p20,l2,0.00
i38,e10,c4,p20,l3,90.20
i38,e10,c4,p20,l4,12.33
i38,e10,c4,p21,l1,0.00
i38,e10,c4,p21,l2,0.00
i38,e10,c4,p21,l3,310.18
i38,e10,c4,p21,l4,37.29
i38,e10,c4,p22,l1,0.00
i38,e10,c4,p22,l2,0.00
i38,e10,c4,p22,l3,42.29
i38,e10,c4,p22,l4,17.51
i38,e10,c4,p23,l1,0.00
i38,e10,c4,p23,l2,0.00
i38,e10,c4,p23,l3,84.02
i38,e10,c4,p23,l4,17.64
i38,e10,c4,p24,l1,5.14
i38,e10,c4,p24,l2,4.03
i38,e10,c4,p24,l3,259.01
i38,e10,c4,p24,l4,24.21
i38,e10,c4,p25,l1,0.00
i38,e10,c4,p25,l2,0.00
i38,e10,c4,p25,l3,30.56
i38,e10,c4,p25,l4,6.14
i38,e10,c4,p26,l1,0.00
i38,e10,c4,p26,l2,0.00
i38,e10,c4,p26,l3,0.00
i38,e10,c4,p26,l4,0.00
i38,e10,c4,p27,l2,0.00
i38,e10,c4,p27,l3,0.00
i38,e10,c4,p27,l4,0.00
i38,e10,c4,p28,l1,0.00
i38,e10,c4,p28,l2,2.14
i38,e10,c4,p28,l3,21.19
i38,e10,c4,p28,l4,14.60
i38,e10,c4,p29,l1,0.00
i38,e10,c4,p29,l2,0.00
i38,e10,c4,p29,l3,91.19
i38,e10,c4,p29,l4,9.17
i38,e10,c4,p30,l1,0.00
i38,e10,c4,p30,l2,0.00
i38,e10,c4,p30,l3,0.00
i38,e10,c4,p30,l4,0.00
i38,e10,c4,p31,l1,0.00
i38,e10,c4,p31,l2,0.00
i38,e10,c4,p31,l3,26.29
i38,e10,c4,p31,l4,0.00
i38,e10,c4,p32,l1,0.00
i38,e10,c4,p32,l2,2.37
i38,e10,c4,p32,l3,20.49
i38,e10,c4,p32,l4,5.10
i38,e10,c4,p33,l1,0.00
i38,e10,c4,p33,l2,0.00
i38,e10,c4,p33,l3,0.00
i38,e10,c4,p33,l4,0.00
i38,e10,c4,p34,l1,0.00
i38,e10,c4,p34,l2,0.00
i38,e10,c4,p34,l3,0.00
i38,e10,c4,p34,l4,0.00
i38,e10,c4,p35,l1,0.00
i38,e10,c4,p35,l2,1.81
i38,e10,c4,p35,l3,15.41
i38,e10,c4,p35,l4,23.21
i38,e10,c7,p01,l1,0.00
i38,e10,c7,p01,l2,0.00
i38,e10,c7,p01,l3,0.00
i38,e10,c7,p01,l4,0.00
i38,e10,c7,p02,l1,0.00
i38,e10,c7,p02,l2,0.00
i38,e10,c7,p02,l3,0.00
i38,e10,c7,p02,l4,0.00
i38,e10,c7,p03,l1,0.00
i38,e10,c7,p03,l2,0.00
i38,e10,c7,p03,l3,0.00
i38,e10,c7,p03,l4,0.00
i38,e10,c7,p04,l1,0.00
i38,e10,c7,p04,l2,0.00
i38,e10,c7,p04,l3,0.00
i38,e10,c7,p04,l4,0.00
i38,e10,c7,p05,l1,0.00
i38,e10,c7,p05,l2,0.00
i38,e10,c7,p05,l3,0.00
i38,e10,c7,p05,l4,0.00
i38,e10,c7,p06,l1,0.00
i38,e10,c7,p06,l2,0.00
i38,e10,c7,p06,l3,0.00
i38,e10,c7,p06,l4,0.00
i38,e10,c7,p07,l1,0.00
i38,e10,c7,p07,l2,0.00
i38,e10,c7,p07,l3,0.00
i38,e10,c7,p07,l4,0.00
i38,e10,c7,p08,l1,0.00
i38,e10,c7,p08,l2,0.00
i38,e10,c7,p08,l3,0.00
i38,e10,c7,p08,l4,0.00
i38,e10,c7,p09,l1,0.00
i38,e10,c7,p09,l2,0.00
i38,e10,c7,p09,l3,0.00
i38,e10,c7,p09,l4,0.00
i38,e10,c7,p10,l1,0.00
i38,e10,c7,p10,l2,0.00
i38,e10,c7,p10,l3,0.00
i38,e10,c7,p10,l4,0.00
i38,e10,c7,p11,l1,0.00
i38,e10,c7,p11,l2,0.00
i38,e10,c7,p11,l3,0.00
i38,e10,c7,p11,l4,0.00
i38,e10,c7,p12,l1,0.00
i38,e10,c7,p12,l2,0.00
i38,e10,c7,p12,l3,0.00
i38,e10,c7,p12,l4,0.00
i38,e10,c7,p13,l1,0.00
i38,e10,c7,p13,l2,2.66
i38,e10,c7,p13,l3,4.29
i38,e10,c7,p13,l4,4.01
i38,e10,c7,p14,l1,0.00
i38,e10,c7,p14,l2,0.00
i38,e10,c7,p14,l3,0.00
i38,e10,c7,p14,l4,0.00
i38,e10,c7,p15,l1,0.00
i38,e10,c7,p15,l2,0.00
i38,e10,c7,p15,l3,0.00
i38,e10,c7,p15,l4,0.00
i38,e10,c7,p16,l1,0.00
i38,e10,c7,p16,l2,0.00
i38,e10,c7,p16,l3,0.00
i38,e10,c7,p16,l4,0.00
i38,e10,c7,p17,l1,0.00
i38,e10,c7,p17,l2,0.00
i38,e10,c7,p17,l3,0.00
i38,e10,c7,p17,l4,0.00
i38,e10,c7,p18,l1,0.00
i38,e10,c7,p18,l2,0.00
i38,e10,c7,p18,l3,0.00
i38,e10,c7,p18,l4,0.00
i38,e10,c7,p19,l1,0.00
i38,e10,c7,p19,l2,0.00
i38,e10,c7,p19,l3,2.27
i38,e10,c7,p19,l4,0.00
i38,e10,c7,p20,l1,0.00
i38,e10,c7,p20,l2,0.00
i38,e10,c7,p20,l3,0.00
i38,e10,c7,p20,l4,0.00
i38,e10,c7,p21,l1,0.00
i38,e10,c7,p21,l2,0.00
i38,e10,c7,p21,l3,0.00
i38,e10,c7,p21,l4,0.00
i38,e10,c7,p22,l1,0.00
i38,e10,c7,p22,l2,0.00
i38,e10,c7,p22,l3,0.00
i38,e10,c7,p22,l4,0.00
i38,e10,c7,p23,l1,0.00
i38,e10,c7,p23,l2,0.00
i38,e10,c7,p23,l3,0.00
i38,e10,c7,p23,l4,0.00
i38,e10,c7,p24,l1,0.00
i38,e10,c7,p24,l2,0.00
i38,e10,c7,p24,l3,0.00
i38,e10,c7,p24,l4,0.00
i38,e10,c7,p25,l1,0.00
i38,e10,c7,p25,l2,0.00
i38,e10,c7,p25,l3,0.00
i38,e10,c7,p25,l4,0.00
i38,e10,c7,p26,l1,0.00
i38,e10,c7,p26,l2,0.00
i38,e10,c7,p26,l3,0.00
i38,e10,c7,p26,l4,0.00
i38,e10,c7,p28,l1,0.00
i38,e10,c7,p28,l2,0.00
i38,e10,c7,p28,l3,0.00
i38,e10,c7,p28,l4,0.00
i38,e10,c7,p29,l1,0.00
i38,e10,c7,p29,l2,0.00
i38,e10,c7,p29,l3,0.00
i38,e10,c7,p29,l4,0.00
i38,e10,c7,p31,l2,0.00
i38,e10,c7,p31,l3,0.00
i38,e10,c7,p31,l4,0.00
i38,e10,c7,p32,l1,0.00
i38,e10,c7,p32,l2,0.00
i38,e10,c7,p32,l3,0.00
i38,e10,c7,p32,l4,0.00
i38,e10,c7,p34,l1,0.00
i38,e10,c7,p34,l2,0.00
i38,e10,c7,p34,l3,0.00
i38,e10,c7,p34,l4,0.00
i38,e10,c7,p35,l1,0.00
i38,e10,c7,p35,l2,0.00
i38,e10,c7,p35,l3,0.00
i38,e10,c7,p35,l4,0.00
i38,e10,c8,p01,l2,0.00
i38,e10,c8,p01,l3,0.00
i38,e10,c8,p01,l4,0.00
i38,e10,c8,p02,l2,0.00
i38,e10,c8,p02,l3,0.00
i38,e10,c8,p02,l4,0.00
i38,e10,c8,p03,l3,0.00
i38,e10,c8,p03,l4,0.00
i38,e10,c8,p05,l2,0.00
i38,e10,c8,p05,l3,0.00
i38,e10,c8,p05,l4,0.00
i38,e10,c8,p06,l3,0.00
i38,e10,c8,p06,l4,0.00
i38,e10,c8,p07,l2,0.00
i38,e10,c8,p07,l3,0.00
i38,e10,c8,p07,l4,0.00
i38,e10,c8,p09,l3,0.00
i38,e10,c8,p09,l4,0.00
i38,e10,c8,p10,l2,0.00
i38,e10,c8,p10,l3,0.00
i38,e10,c8,p10,l4,0.00
i38,e10,c8,p11,l2,0.00
i38,e10,c8,p11,l3,0.00
i38,e10,c8,p11,l4,0.00
i38,e10,c8,p12,l2,0.00
i38,e10,c8,p12,l3,0.00
i38,e10,c8,p12,l4,0.00
i38,e10,c8,p13,l1,0.00
i38,e10,c8,p13,l3,0.00
i38,e10,c8,p13,l4,0.00
i38,e10,c8,p14,l2,0.00
i38,e10,c8,p14,l3,0.00
i38,e10,c8,p14,l4,0.00
i38,e10,c8,p15,l2,0.00
i38,e10,c8,p15,l3,0.00
i38,e10,c8,p15,l4,0.00
i38,e10,c8,p16,l3,0.00
i38,e10,c8,p16,l4,0.00
i38,e10,c8,p17,l2,0.00
i38,e10,c8,p17,l3,0.00
i38,e10,c8,p17,l4,0.00
i38,e10,c8,p18,l2,0.00
i38,e10,c8,p18,l3,0.00
i38,e10,c8,p18,l4,0.00
i38,e10,c8,p19,l3,0.00
i38,e10,c8,p19,l4,0.00
i38,e10,c8,p20,l3,0.00
i38,e10,c8,p20,l4,0.00
i38,e10,c8,p21,l3,0.00
i38,e10,c8,p21,l4,0.00
i38,e10,c8,p23,l2,0.00
i38,e10,c8,p23,l3,0.00
i38,e10,c8,p23,l4,0.00
i38,e10,c8,p24,l3,0.00
i38,e10,c8,p24,l4,0.00
i38,e10,c8,p26,l3,0.00
i38,e10,c8,p26,l4,0.00
i38,e10,c8,p28,l2,0.00
i38,e10,c8,p28,l3,0.00
i38,e10,c8,p28,l4,0.00
i38,e10,c8,p29,l3,0.00
i38,e10,c8,p29,l4,0.00
i38,e10,c8,p31,l3,0.00
i38,e10,c8,p31,l4,0.00
i38,e11,c1,p01,l2,12.01
i38,e11,c1,p01,l3,0.00
i38,e11,c1,p01,l4,290.57
i38,e11,c1,p02,l2,2.51
i38,e11,c1,p02,l3,0.00
i38,e11,c1,p02,l4,78.29
i38,e11,c1,p03,l2,13.02
i38,e11,c1,p03,l3,0.00
i38,e11,c1,p03,l4,220.60
i38,e11,c1,p04,l2,23.16
i38,e11,c1,p04,l3,0.00
i38,e11,c1,p04,l4,80.29
i38,e11,c1,p05,l2,5.35
i38,e11,c1,p05,l3,0.00
i38,e11,c1,p05,l4,179.34
i38,e11,c1,p06,l2,3.64
i38,e11,c1,p06,l3,0.00
i38,e11,c1,p06,l4,60.32
i38,e11,c1,p07,l2,0.00
i38,e11,c1,p07,l3,0.00
i38,e11,c1,p07,l4,181.11
i38,e11,c1,p08,l2,1.25
i38,e11,c1,p08,l3,0.00
i38,e11,c1,p08,l4,53.47
i38,e11,c1,p09,l2,26.17
i38,e11,c1,p09,l3,0.00
i38,e11,c1,p09,l4,82.85
i38,e11,c1,p10,l2,31.08
i38,e11,c1,p10,l3,0.00
i38,e11,c1,p10,l4,1106.47
i38,e11,c1,p11,l2,9.41
i38,e11,c1,p11,l3,0.00
i38,e11,c1,p11,l4,241.84
i38,e11,c1,p12,l2,4.38
i38,e11,c1,p12,l3,0.00
i38,e11,c1,p12,l4,166.36
i38,e11,c1,p13,l2,8.03
i38,e11,c1,p13,l3,0.00
i38,e11,c1,p13,l4,262.38
i38,e11,c1,p14,l2,10.06
i38,e11,c1,p14,l3,0.00
i38,e11,c1,p14,l4,75.18
i38,e11,c1,p15,l2,15.24
i38,e11,c1,p15,l3,0.00
i38,e11,c1,p15,l4,209.30
i38,e11,c1,p16,l2,0.00
i38,e11,c1,p16,l3,0.00
i38,e11,c1,p16,l4,122.23
i38,e11,c1,p17,l2,5.24
i38,e11,c1,p17,l3,0.00
i38,e11,c1,p17,l4,164.13
i38,e11,c1,p18,l2,5.13
i38,e11,c1,p18,l3,0.00
i38,e11,c1,p18,l4,84.16
i38,e11,c1,p19,l2,17.06
i38,e11,c1,p19,l3,0.00
i38,e11,c1,p19,l4,414.10
i38,e11,c1,p20,l2,0.00
i38,e11,c1,p20,l3,0.00
i38,e11,c1,p20,l4,23.71
i38,e11,c1,p21,l2,6.08
i38,e11,c1,p21,l3,0.00
i38,e11,c1,p21,l4,151.62
i38,e11,c1,p22,l2,0.00
i38,e11,c1,p22,l3,0.00
i38,e11,c1,p22,l4,35.31
i38,e11,c1,p23,l2,2.26
i38,e11,c1,p23,l3,0.00
i38,e11,c1,p23,l4,46.63
i38,e11,c1,p24,l2,2.89
i38,e11,c1,p24,l3,0.00
i38,e11,c1,p24,l4,91.20
i38,e11,c1,p25,l2,0.00
i38,e11,c1,p25,l3,0.00
i38,e11,c1,p25,l4,22.77
i38,e11,c1,p26,l2,0.00
i38,e11,c1,p26,l3,0.00
i38,e11,c1,p26,l4,6.99
i38,e11,c1,p27,l2,0.00
i38,e11,c1,p27,l3,0.00
i38,e11,c1,p27,l4,1.93
i38,e11,c1,p28,l2,0.00
i38,e11,c1,p28,l3,0.00
i38,e11,c1,p28,l4,30.08
i38,e11,c1,p29,l2,1.55
i38,e11,c1,p29,l3,0.00
i38,e11,c1,p29,l4,81.33
i38,e11,c1,p30,l2,0.00
i38,e11,c1,p30,l3,0.00
i38,e11,c1,p30,l4,0.00
i38,e11,c1,p31,l2,0.00
i38,e11,c1,p31,l3,0.00
i38,e11,c1,p31,l4,13.30
i38,e11,c1,p32,l2,1.16
i38,e11,c1,p32,l3,0.00
i38,e11,c1,p32,l4,23.27
i38,e11,c1,p33,l2,0.00
i38,e11,c1,p33,l3,0.00
i38,e11,c1,p33,l4,1.05
i38,e11,c1,p34,l2,0.00
i38,e11,c1,p34,l3,0.00
i38,e11,c1,p34,l4,0.00
i38,e11,c1,p35,l2,0.00
i38,e11,c1,p35,l3,0.00
i38,e11,c1,p35,l4,29.03
i38,e11,c4,p01,l2,0.00
i38,e11,c4,p01,l3,0.00
i38,e11,c4,p01,l4,15.18
i38,e11,c4,p02,l2,0.00
i38,e11,c4,p02,l3,0.00
i38,e11,c4,p02,l4,1.66
i38,e11,c4,p03,l2,0.00
i38,e11,c4,p03,l3,0.00
i38,e11,c4,p03,l4,7.23
i38,e11,c4,p04,l2,0.00
i38,e11,c4,p04,l3,0.00
i38,e11,c4,p04,l4,4.51
i38,e11,c4,p05,l2,0.00
i38,e11,c4,p05,l3,0.00
i38,e11,c4,p05,l4,4.77
i38,e11,c4,p06,l2,0.00
i38,e11,c4,p06,l3,0.00
i38,e11,c4,p06,l4,4.34
i38,e11,c4,p07,l2,0.00
i38,e11,c4,p07,l3,0.00
i38,e11,c4,p07,l4,7.67
i38,e11,c4,p08,l2,0.00
i38,e11,c4,p08,l3,0.00
i38,e11,c4,p08,l4,4.26
i38,e11,c4,p09,l2,0.00
i38,e11,c4,p09,l3,0.00
i38,e11,c4,p09,l4,3.30
i38,e11,c4,p10,l2,2.17
i38,e11,c4,p10,l3,0.00
i38,e11,c4,p10,l4,29.31
i38,e11,c4,p11,l2,0.00
i38,e11,c4,p11,l3,0.00
i38,e11,c4,p11,l4,9.54
i38,e11,c4,p12,l2,0.00
i38,e11,c4,p12,l3,0.00
i38,e11,c4,p12,l4,3.70
i38,e11,c4,p13,l2,0.00
i38,e11,c4,p13,l3,0.00
i38,e11,c4,p13,l4,5.61
i38,e11,c4,p14,l2,0.00
i38,e11,c4,p14,l3,0.00
i38,e11,c4,p14,l4,2.25
i38,e11,c4,p15,l2,0.00
i38,e11,c4,p15,l3,0.00
i38,e11,c4,p15,l4,10.41
i38,e11,c4,p16,l2,0.00
i38,e11,c4,p16,l3,0.00
i38,e11,c4,p16,l4,2.33
i38,e11,c4,p17,l2,1.06
i38,e11,c4,p17,l3,0.00
i38,e11,c4,p17,l4,3.02
i38,e11,c4,p18,l2,0.00
i38,e11,c4,p18,l3,0.00
i38,e11,c4,p18,l4,1.08
i38,e11,c4,p19,l2,0.00
i38,e11,c4,p19,l3,0.00
i38,e11,c4,p19,l4,4.37
i38,e11,c4,p20,l2,0.00
i38,e11,c4,p20,l3,0.00
i38,e11,c4,p20,l4,1.44
i38,e11,c4,p21,l2,0.00
i38,e11,c4,p21,l3,0.00
i38,e11,c4,p21,l4,1.86
i38,e11,c4,p22,l2,0.00
i38,e11,c4,p22,l3,0.00
i38,e11,c4,p22,l4,1.27
i38,e11,c4,p23,l2,0.00
i38,e11,c4,p23,l3,0.00
i38,e11,c4,p23,l4,1.18
i38,e11,c4,p24,l2,0.00
i38,e11,c4,p24,l3,0.00
i38,e11,c4,p24,l4,2.30
i38,e11,c4,p25,l2,0.00
i38,e11,c4,p25,l3,0.00
i38,e11,c4,p25,l4,1.28
i38,e11,c4,p26,l2,0.00
i38,e11,c4,p26,l4,0.00
i38,e11,c4,p27,l2,0.00
i38,e11,c4,p27,l4,0.00
i38,e11,c4,p28,l2,0.00
i38,e11,c4,p28,l3,0.00
i38,e11,c4,p28,l4,3.94
i38,e11,c4,p29,l2,0.00
i38,e11,c4,p29,l3,0.00
i38,e11,c4,p29,l4,2.82
i38,e11,c4,p30,l2,0.00
i38,e11,c4,p30,l3,0.00
i38,e11,c4,p30,l4,0.00
i38,e11,c4,p31,l2,0.00
i38,e11,c4,p31,l3,0.00
i38,e11,c4,p31,l4,0.00
i38,e11,c4,p32,l2,0.00
i38,e11,c4,p32,l3,0.00
i38,e11,c4,p32,l4,1.20
i38,e11,c4,p33,l2,0.00
i38,e11,c4,p33,l4,0.00
i38,e11,c4,p34,l2,0.00
i38,e11,c4,p34,l4,0.00
i38,e11,c4,p35,l2,0.00
i38,e11,c4,p35,l3,0.00
i38,e11,c4,p35,l4,2.22
i38,e11,c7,p01,l2,0.00
i38,e11,c7,p01,l4,0.00
i38,e11,c7,p02,l2,0.00
i38,e11,c7,p02,l4,0.00
i38,e11,c7,p03,l2,0.00
i38,e11,c7,p03,l4,0.00
i38,e11,c7,p04,l2,0.00
i38,e11,c7,p04,l4,0.00
i38,e11,c7,p05,l2,0.00
i38,e11,c7,p05,l3,0.00
i38,e11,c7,p05,l4,0.00
i38,e11,c7,p06,l2,0.00
i38,e11,c7,p06,l4,0.00
i38,e11,c7,p07,l2,0.00
i38,e11,c7,p07,l4,0.00
i38,e11,c7,p08,l2,0.00
i38,e11,c7,p08,l4,0.00
i38,e11,c7,p09,l2,0.00
i38,e11,c7,p09,l4,0.00
i38,e11,c7,p10,l2,0.00
i38,e11,c7,p10,l3,0.00
i38,e11,c7,p10,l4,0.00
i38,e11,c7,p11,l2,0.00
i38,e11,c7,p11,l4,0.00
i38,e11,c7,p12,l2,0.00
i38,e11,c7,p12,l3,0.00
i38,e11,c7,p12,l4,0.00
i38,e11,c7,p13,l2,0.00
i38,e11,c7,p13,l4,0.00
i38,e11,c7,p14,l2,0.00
i38,e11,c7,p14,l4,0.00
i38,e11,c7,p15,l2,0.00
i38,e11,c7,p15,l4,0.00
i38,e11,c7,p16,l2,0.00
i38,e11,c7,p16,l3,0.00
i38,e11,c7,p16,l4,0.00
i38,e11,c7,p17,l2,0.00
i38,e11,c7,p17,l3,0.00
i38,e11,c7,p17,l4,0.00
i38,e11,c7,p18,l2,0.00
i38,e11,c7,p18,l4,0.00
i38,e11,c7,p19,l2,0.00
i38,e11,c7,p19,l3,0.00
i38,e11,c7,p19,l4,0.00
i38,e11,c7,p20,l2,0.00
i38,e11,c7,p20,l4,0.00
i38,e11,c7,p21,l2,0.00
i38,e11,c7,p21,l3,0.00
i38,e11,c7,p21,l4,0.00
i38,e11,c7,p22,l2,0.00
i38,e11,c7,p22,l4,0.00
i38,e11,c7,p23,l2,0.00
i38,e11,c7,p23,l4,0.00
i38,e11,c7,p24,l2,0.00
i38,e11,c7,p24,l4,0.00
i38,e11,c7,p25,l2,0.00
i38,e11,c7,p25,l4,0.00
i38,e11,c7,p26,l2,0.00
i38,e11,c7,p26,l4,0.00
i38,e11,c7,p28,l2,0.00
i38,e11,c7,p28,l4,0.00
i38,e11,c7,p29,l2,0.00
i38,e11,c7,p29,l4,0.00
i38,e11,c7,p31,l2,0.00
i38,e11,c7,p32,l2,0.00
i38,e11,c7,p32,l4,0.00
i38,e11,c7,p34,l2,0.00
i38,e11,c7,p34,l4,0.00
i38,e11,c7,p35,l2,0.00
i38,e11,c7,p35,l4,0.00
i38,e11,c8,p01,l4,0.00
i38,e11,c8,p02,l4,0.00
i38,e11,c8,p03,l4,0.00
i38,e11,c8,p05,l4,0.00
i38,e11,c8,p06,l4,0.00
i38,e11,c8,p07,l4,0.00
i38,e11,c8,p09,l4,0.00
i38,e11,c8,p10,l2,0.00
i38,e11,c8,p10,l4,0.00
i38,e11,c8,p11,l4,0.00
i38,e11,c8,p12,l2,0.00
i38,e11,c8,p12,l4,0.00
i38,e11,c8,p13,l2,0.00
i38,e11,c8,p13,l4,0.00
i38,e11,c8,p14,l4,0.00
i38,e11,c8,p15,l4,0.00
i38,e11,c8,p16,l4,0.00
i38,e11,c8,p17,l4,0.00
i38,e11,c8,p19,l2,0.00
i38,e11,c8,p19,l4,0.00
i38,e11,c8,p20,l4,0.00
i38,e11,c8,p21,l4,0.00
i38,e11,c8,p23,l4,0.00
i38,e11,c8,p24,l4,0.00
i38,e11,c8,p26,l4,0.00
i38,e11,c8,p28,l2,0.00
i38,e11,c8,p28,l4,0.00
i38,e11,c8,p29,l4,0.00
i38,e11,c8,p31,l4,0.00
i38,e12,c1,p01,l3,12.07
i38,e12,c1,p02,l3,1.10
i38,e12,c1,p03,l3,509.68
i38,e12,c1,p04,l3,0.00
i38,e12,c1,p05,l3,6.29
i38,e12,c1,p06,l3,0.00
i38,e12,c1,p07,l3,4.62
i38,e12,c1,p08,l3,0.00
i38,e12,c1,p09,l3,1.02
i38,e12,c1,p10,l3,23.13
i38,e12,c1,p11,l3,1.06
i38,e12,c1,p12,l3,1.40
i38,e12,c1,p13,l3,7.03
i38,e12,c1,p14,l3,3.31
i38,e12,c1,p15,l3,4.09
i38,e12,c1,p16,l3,1.43
i38,e12,c1,p17,l3,3.79
i38,e12,c1,p18,l3,10.01
i38,e12,c1,p19,l3,20.05
i38,e12,c1,p20,l3,0.00
i38,e12,c1,p21,l3,0.00
i38,e12,c1,p22,l3,0.00
i38,e12,c1,p23,l3,2.92
i38,e12,c1,p24,l3,1.46
i38,e12,c1,p25,l3,0.00
i38,e12,c1,p26,l3,0.00
i38,e12,c1,p27,l3,0.00
i38,e12,c1,p28,l3,0.00
i38,e12,c1,p29,l3,1.86
i38,e12,c1,p30,l3,0.00
i38,e12,c1,p31,l3,1.06
i38,e12,c1,p32,l3,0.00
i38,e12,c1,p33,l3,0.00
i38,e12,c1,p34,l3,0.00
i38,e12,c1,p35,l3,0.00
i38,e12,c4,p01,l3,0.00
i38,e12,c4,p02,l3,0.00
i38,e12,c4,p03,l3,0.00
i38,e12,c4,p04,l3,0.00
i38,e12,c4,p05,l3,0.00
i38,e12,c4,p06,l3,0.00
i38,e12,c4,p07,l3,3.67
i38,e12,c4,p08,l3,0.00
i38,e12,c4,p09,l3,0.00
i38,e12,c4,p10,l3,1.18
i38,e12,c4,p11,l3,1.61
i38,e12,c4,p12,l3,1.67
i38,e12,c4,p13,l3,0.00
i38,e12,c4,p14,l3,0.00
i38,e12,c4,p15,l3,4.79
i38,e12,c4,p16,l3,0.00
i38,e12,c4,p17,l3,0.00
i38,e12,c4,p18,l3,0.00
i38,e12,c4,p19,l3,0.00
i38,e12,c4,p20,l3,0.00
i38,e12,c4,p21,l3,0.00
i38,e12,c4,p22,l3,0.00
i38,e12,c4,p23,l3,0.00
i38,e12,c4,p24,l3,0.00
i38,e12,c4,p25,l3,0.00
i38,e12,c4,p26,l3,0.00
i38,e12,c4,p28,l3,0.00
i38,e12,c4,p29,l3,0.00
i38,e12,c4,p30,l3,0.00
i38,e12,c4,p31,l3,0.00
i38,e12,c4,p32,l3,0.00
i38,e12,c4,p33,l3,0.00
i38,e12,c4,p35,l3,0.00
i38,e12,c7,p01,l3,0.00
i38,e12,c7,p02,l3,0.00
i38,e12,c7,p03,l3,0.00
i38,e12,c7,p04,l3,0.00
i38,e12,c7,p05,l3,0.00
i38,e12,c7,p07,l3,0.00
i38,e12,c7,p09,l3,0.00
i38,e12,c7,p10,l3,0.00
i38,e12,c7,p11,l3,0.00
i38,e12,c7,p12,l3,0.00
i38,e12,c7,p13,l3,0.00
i38,e12,c7,p15,l3,0.00
i38,e12,c7,p16,l3,0.00
i38,e12,c7,p17,l3,0.00
i38,e12,c7,p18,l3,0.00
i38,e12,c7,p19,l3,0.00
i38,e12,c7,p21,l3,0.00
i38,e12,c7,p22,l3,0.00
i38,e12,c7,p23,l3,0.00
i38,e12,c7,p24,l3,0.00
i38,e12,c7,p28,l3,0.00
i38,e12,c7,p29,l3,0.00
i38,e12,c7,p35,l3,0.00
i39,e01,c3,p01,l3,0.00
i39,e01,c3,p02,l3,0.00
i39,e01,c3,p03,l3,0.00
i39,e01,c3,p04,l3,0.00
i39,e01,c3,p07,l3,0.00
i39,e01,c3,p10,l3,0.00
i39,e01,c3,p12,l3,0.00
i39,e01,c3,p15,l3,0.00
i39,e01,c3,p17,l3,0.00
i39,e01,c3,p19,l3,0.00
i39,e01,c3,p20,l3,0.00
i39,e01,c3,p21,l3,0.00
i39,e01,c3,p25,l3,0.00
i39,e01,c3,p29,l3,0.00
i39,e01,c3,p35,l3,0.00
i39,e01,c5,p01,l3,24.14
i39,e01,c5,p02,l3,2.25
i39,e01,c5,p03,l3,17.33
i39,e01,c5,p04,l3,26.47
i39,e01,c5,p05,l3,6.53
i39,e01,c5,p06,l3,21.36
i39,e01,c5,p07,l3,8.75
i39,e01,c5,p08,l3,1.28
i39,e01,c5,p09,l3,5.06
i39,e01,c5,p10,l3,48.53
i39,e01,c5,p11,l3,26.11
i39,e01,c5,p12,l3,37.35
i39,e01,c5,p13,l3,24.15
i39,e01,c5,p14,l3,10.13
i39,e01,c5,p15,l3,25.03
i39,e01,c5,p16,l3,5.04
i39,e01,c5,p17,l3,17.42
i39,e01,c5,p18,l3,20.08
i39,e01,c5,p19,l3,69.57
i39,e01,c5,p20,l3,1.49
i39,e01,c5,p21,l3,50.48
i39,e01,c5,p22,l3,7.13
i39,e01,c5,p23,l3,9.22
i39,e01,c5,p24,l3,4.42
i39,e01,c5,p25,l3,1.59
i39,e01,c5,p26,l3,0.00
i39,e01,c5,p28,l3,4.03
i39,e01,c5,p29,l3,27.84
i39,e01,c5,p30,l3,0.00
i39,e01,c5,p31,l3,26.44
i39,e01,c5,p32,l3,26.47
i39,e01,c5,p35,l3,533.02
i39,e04,c3,p01,l1,0.00
i39,e04,c3,p01,l3,0.00
i39,e04,c3,p02,l1,0.00
i39,e04,c3,p02,l3,0.00
i39,e04,c3,p03,l1,0.00
i39,e04,c3,p03,l3,0.00
i39,e04,c3,p04,l3,0.00
i39,e04,c3,p07,l1,0.00
i39,e04,c3,p07,l3,0.00
i39,e04,c3,p10,l1,0.00
i39,e04,c3,p10,l3,0.00
i39,e04,c3,p12,l1,0.00
i39,e04,c3,p12,l3,0.00
i39,e04,c3,p15,l3,0.00
i39,e04,c3,p17,l1,0.00
i39,e04,c3,p17,l3,0.00
i39,e04,c3,p19,l1,0.00
i39,e04,c3,p19,l3,0.00
i39,e04,c3,p20,l3,0.00
i39,e04,c3,p21,l1,0.00
i39,e04,c3,p21,l3,0.00
i39,e04,c3,p23,l1,0.00
i39,e04,c3,p23,l3,0.00
i39,e04,c3,p25,l1,0.00
i39,e04,c3,p25,l3,0.00
i39,e04,c3,p29,l3,0.00
i39,e04,c3,p35,l1,0.00
i39,e04,c3,p35,l3,0.00
i39,e04,c5,p01,l1,0.00
i39,e04,c5,p01,l3,34.30
i39,e04,c5,p02,l1,0.00
i39,e04,c5,p02,l3,0.00
i39,e04,c5,p03,l1,0.00
i39,e04,c5,p03,l3,17.34
i39,e04,c5,p04,l1,0.00
i39,e04,c5,p04,l3,69.74
i39,e04,c5,p05,l1,0.00
i39,e04,c5,p05,l3,15.16
i39,e04,c5,p06,l1,0.00
i39,e04,c5,p06,l3,49.83
i39,e04,c5,p07,l1,0.00
i39,e04,c5,p07,l3,8.96
i39,e04,c5,p08,l1,0.00
i39,e04,c5,p08,l3,0.00
i39,e04,c5,p09,l1,0.00
i39,e04,c5,p09,l3,1.00
i39,e04,c5,p10,l1,0.00
i39,e04,c5,p10,l3,58.41
i39,e04,c5,p11,l1,0.00
i39,e04,c5,p11,l3,16.17
i39,e04,c5,p12,l1,0.00
i39,e04,c5,p12,l3,132.87
i39,e04,c5,p13,l1,0.00
i39,e04,c5,p13,l3,32.50
i39,e04,c5,p14,l1,0.00
i39,e04,c5,p14,l3,12.23
i39,e04,c5,p15,l1,0.00
i39,e04,c5,p15,l3,20.36
i39,e04,c5,p16,l1,0.00
i39,e04,c5,p16,l3,14.29
i39,e04,c5,p17,l1,0.00
i39,e04,c5,p17,l3,26.01
i39,e04,c5,p18,l1,0.00
i39,e04,c5,p18,l3,20.56
i39,e04,c5,p19,l1,0.00
i39,e04,c5,p19,l3,102.52
i39,e04,c5,p20,l1,0.00
i39,e04,c5,p20,l3,2.27
i39,e04,c5,p21,l1,0.00
i39,e04,c5,p21,l3,77.12
i39,e04,c5,p22,l1,0.00
i39,e04,c5,p22,l3,9.04
i39,e04,c5,p23,l1,0.00
i39,e04,c5,p23,l3,4.08
i39,e04,c5,p24,l1,0.00
i39,e04,c5,p24,l3,22.19
i39,e04,c5,p25,l1,0.00
i39,e04,c5,p25,l3,28.24
i39,e04,c5,p26,l1,0.00
i39,e04,c5,p26,l3,3.60
i39,e04,c5,p28,l1,0.00
i39,e04,c5,p28,l3,17.38
i39,e04,c5,p29,l1,0.00
i39,e04,c5,p29,l3,56.55
i39,e04,c5,p30,l1,0.00
i39,e04,c5,p30,l3,0.00
i39,e04,c5,p31,l1,0.00
i39,e04,c5,p31,l3,7.06
i39,e04,c5,p32,l1,0.00
i39,e04,c5,p32,l3,16.38
i39,e04,c5,p35,l1,0.00
i39,e04,c5,p35,l3,759.40
i39,e05,c3,p02,l1,0.00
i39,e05,c3,p02,l3,0.00
i39,e05,c3,p03,l3,0.00
i39,e05,c3,p12,l3,0.00
i39,e05,c3,p35,l1,0.00
i39,e05,c3,p35,l3,0.00
i39,e05,c5,p01,l1,0.00
i39,e05,c5,p01,l3,0.00
i39,e05,c5,p02,l1,0.00
i39,e05,c5,p02,l3,0.00
i39,e05,c5,p03,l1,0.00
i39,e05,c5,p03,l3,0.00
i39,e05,c5,p04,l1,0.00
i39,e05,c5,p04,l3,0.00
i39,e05,c5,p05,l1,0.00
i39,e05,c5,p05,l3,0.00
i39,e05,c5,p06,l1,0.00
i39,e05,c5,p06,l3,0.00
i39,e05,c5,p07,l1,0.00
i39,e05,c5,p07,l3,0.00
i39,e05,c5,p08,l1,0.00
i39,e05,c5,p08,l3,0.00
i39,e05,c5,p09,l1,0.00
i39,e05,c5,p09,l3,0.00
i39,e05,c5,p10,l1,0.00
i39,e05,c5,p10,l3,0.00
i39,e05,c5,p11,l1,0.00
i39,e05,c5,p11,l3,0.00
i39,e05,c5,p12,l1,0.00
i39,e05,c5,p12,l3,0.00
i39,e05,c5,p13,l1,0.00
i39,e05,c5,p13,l3,0.00
i39,e05,c5,p14,l1,0.00
i39,e05,c5,p14,l3,0.00
i39,e05,c5,p15,l1,0.00
i39,e05,c5,p15,l3,0.00
i39,e05,c5,p16,l1,0.00
i39,e05,c5,p16,l3,0.00
i39,e05,c5,p17,l1,0.00
i39,e05,c5,p17,l3,0.00
i39,e05,c5,p18,l1,0.00
i39,e05,c5,p18,l3,0.00
i39,e05,c5,p19,l1,0.00
i39,e05,c5,p19,l3,0.00
i39,e05,c5,p20,l1,0.00
i39,e05,c5,p20,l3,0.00
i39,e05,c5,p21,l1,0.00
i39,e05,c5,p21,l3,0.00
i39,e05,c5,p22,l1,0.00
i39,e05,c5,p22,l3,0.00
i39,e05,c5,p23,l1,0.00
i39,e05,c5,p23,l3,0.00
i39,e05,c5,p24,l1,0.00
i39,e05,c5,p24,l3,0.00
i39,e05,c5,p25,l1,0.00
i39,e05,c5,p25,l3,0.00
i39,e05,c5,p26,l1,0.00
i39,e05,c5,p26,l3,0.00
i39,e05,c5,p28,l1,0.00
i39,e05,c5,p28,l3,0.00
i39,e05,c5,p29,l1,0.00
i39,e05,c5,p29,l3,0.00
i39,e05,c5,p31,l1,0.00
i39,e05,c5,p31,l3,0.00
i39,e05,c5,p32,l3,0.00
i39,e05,c5,p35,l1,0.00
i39,e05,c5,p35,l3,1.46
i39,e09,c3,p01,l2,0.00
i39,e09,c3,p01,l3,0.00
i39,e09,c3,p02,l2,0.00
i39,e09,c3,p02,l3,0.00
i39,e09,c3,p03,l2,0.00
i39,e09,c3,p03,l3,0.00
i39,e09,c3,p04,l3,0.00
i39,e09,c3,p07,l2,0.00
i39,e09,c3,p07,l3,0.00
i39,e09,c3,p10,l2,0.00
i39,e09,c3,p10,l3,0.00
i39,e09,c3,p12,l2,0.00
i39,e09,c3,p12,l3,0.00
i39,e09,c3,p15,l3,0.00
i39,e09,c3,p17,l2,0.00
i39,e09,c3,p17,l3,0.00
i39,e09,c3,p19,l2,0.00
i39,e09,c3,p19,l3,0.00
i39,e09,c3,p20,l3,0.00
i39,e09,c3,p21,l2,0.00
i39,e09,c3,p21,l3,0.00
i39,e09,c3,p25,l2,0.00
i39,e09,c3,p25,l3,0.00
i39,e09,c3,p35,l2,0.00
i39,e09,c3,p35,l3,0.00
i39,e09,c5,p01,l2,0.00
i39,e09,c5,p01,l3,10.02
i39,e09,c5,p02,l2,0.00
i39,e09,c5,p02,l3,2.08
i39,e09,c5,p03,l2,0.00
i39,e09,c5,p03,l3,14.13
i39,e09,c5,p04,l2,0.00
i39,e09,c5,p04,l3,26.37
i39,e09,c5,p05,l2,0.00
i39,e09,c5,p05,l3,7.75
i39,e09,c5,p06,l2,0.00
i39,e09,c5,p06,l3,8.28
i39,e09,c5,p07,l2,0.00
i39,e09,c5,p07,l3,9.10
i39,e09,c5,p08,l2,0.00
i39,e09,c5,p08,l3,0.00
i39,e09,c5,p09,l2,0.00
i39,e09,c5,p09,l3,0.00
i39,e09,c5,p10,l2,0.00
i39,e09,c5,p10,l3,40.69
i39,e09,c5,p11,l2,0.00
i39,e09,c5,p11,l3,10.03
i39,e09,c5,p12,l2,0.00
i39,e09,c5,p12,l3,47.33
i39,e09,c5,p13,l2,0.00
i39,e09,c5,p13,l3,6.30
i39,e09,c5,p14,l2,0.00
i39,e09,c5,p14,l3,8.06
i39,e09,c5,p15,l2,0.00
i39,e09,c5,p15,l3,19.54
i39,e09,c5,p16,l2,0.00
i39,e09,c5,p16,l3,8.62
i39,e09,c5,p17,l2,0.00
i39,e09,c5,p17,l3,21.74
i39,e09,c5,p18,l2,0.00
i39,e09,c5,p18,l3,9.37
i39,e09,c5,p19,l2,0.00
i39,e09,c5,p19,l3,53.76
i39,e09,c5,p20,l2,0.00
i39,e09,c5,p20,l3,4.67
i39,e09,c5,p21,l2,0.00
i39,e09,c5,p21,l3,28.04
i39,e09,c5,p22,l2,0.00
i39,e09,c5,p22,l3,3.09
i39,e09,c5,p23,l2,0.00
i39,e09,c5,p23,l3,0.00
i39,e09,c5,p24,l2,0.00
i39,e09,c5,p24,l3,2.15
i39,e09,c5,p25,l2,0.00
i39,e09,c5,p25,l3,3.30
i39,e09,c5,p26,l2,0.00
i39,e09,c5,p26,l3,0.00
i39,e09,c5,p28,l2,0.00
i39,e09,c5,p28,l3,3.04
i39,e09,c5,p29,l2,0.00
i39,e09,c5,p29,l3,12.16
i39,e09,c5,p30,l2,0.00
i39,e09,c5,p30,l3,0.00
i39,e09,c5,p31,l2,0.00
i39,e09,c5,p31,l3,18.62
i39,e09,c5,p32,l2,0.00
i39,e09,c5,p32,l3,3.03
i39,e09,c5,p35,l2,0.00
i39,e09,c5,p35,l3,430.16
i40,e02,c5,p35,l3,0.00
i40,e05,c5,p35,l1,0.00
i40,e05,c5,p35,l3,0.00
i40,e13,c5,p35,l3,46.39
i41,e01,c1,p01,l3,15.06
i41,e01,c1,p02,l3,3.15
i41,e01,c1,p03,l3,16.39
i41,e01,c1,p04,l3,9.31
i41,e01,c1,p05,l3,2.02
i41,e01,c1,p06,l3,2.31
i41,e01,c1,p07,l3,2.01
i41,e01,c1,p08,l3,0.00
i41,e01,c1,p09,l3,0.00
i41,e01,c1,p10,l3,30.36
i41,e01,c1,p11,l3,26.51
i41,e01,c1,p12,l3,9.22
i41,e01,c1,p13,l3,10.10
i41,e01,c1,p14,l3,5.94
i41,e01,c1,p15,l3,3.70
i41,e01,c1,p16,l3,2.68
i41,e01,c1,p17,l3,11.91
i41,e01,c1,p18,l3,4.04
i41,e01,c1,p19,l3,39.10
i41,e01,c1,p20,l3,4.35
i41,e01,c1,p21,l3,6.13
i41,e01,c1,p22,l3,0.00
i41,e01,c1,p23,l3,3.24
i41,e01,c1,p24,l3,0.00
i41,e01,c1,p25,l3,0.00
i41,e01,c1,p26,l3,5.86
i41,e01,c1,p27,l3,0.00
i41,e01,c1,p28,l3,1.33
i41,e01,c1,p29,l3,4.42
i41,e01,c1,p30,l3,0.00
i41,e01,c1,p31,l3,0.00
i41,e01,c1,p32,l3,4.15
i41,e01,c1,p33,l3,0.00
i41,e01,c1,p34,l3,0.00
i41,e01,c1,p35,l3,25.00
i41,e01,c4,p01,l3,0.00
i41,e01,c4,p02,l3,0.00
i41,e01,c4,p04,l3,0.00
i41,e01,c4,p07,l3,0.00
i41,e01,c4,p10,l3,0.00
i41,e01,c4,p16,l3,0.00
i41,e01,c4,p19,l3,0.00
i41,e01,c4,p21,l3,0.00
i41,e01,c4,p22,l3,0.00
i41,e01,c4,p23,l3,0.00
i41,e01,c4,p28,l3,0.00
i41,e01,c4,p35,l3,0.00
i41,e01,c7,p10,l3,0.00
i41,e01,c7,p35,l3,0.00
i41,e04,c1,p01,l1,0.00
i41,e04,c1,p01,l3,15.05
i41,e04,c1,p02,l1,0.00
i41,e04,c1,p02,l3,4.19
i41,e04,c1,p03,l1,0.00
i41,e04,c1,p03,l3,15.40
i41,e04,c1,p04,l1,0.00
i41,e04,c1,p04,l3,12.23
i41,e04,c1,p05,l1,0.00
i41,e04,c1,p05,l3,1.49
i41,e04,c1,p06,l1,0.00
i41,e04,c1,p06,l3,2.29
i41,e04,c1,p07,l1,0.00
i41,e04,c1,p07,l3,0.00
i41,e04,c1,p08,l1,0.00
i41,e04,c1,p08,l3,0.00
i41,e04,c1,p09,l1,0.00
i41,e04,c1,p09,l3,0.00
i41,e04,c1,p10,l1,0.00
i41,e04,c1,p10,l3,28.05
i41,e04,c1,p11,l1,0.00
i41,e04,c1,p11,l3,3.20
i41,e04,c1,p12,l1,0.00
i41,e04,c1,p12,l3,1.31
i41,e04,c1,p13,l1,0.00
i41,e04,c1,p13,l3,7.49
i41,e04,c1,p14,l1,0.00
i41,e04,c1,p14,l3,3.23
i41,e04,c1,p15,l1,0.00
i41,e04,c1,p15,l3,5.24
i41,e04,c1,p16,l1,0.00
i41,e04,c1,p16,l3,11.43
i41,e04,c1,p17,l1,0.00
i41,e04,c1,p17,l3,6.50
i41,e04,c1,p18,l1,0.00
i41,e04,c1,p18,l3,3.47
i41,e04,c1,p19,l1,0.00
i41,e04,c1,p19,l3,34.49
i41,e04,c1,p20,l1,0.00
i41,e04,c1,p20,l3,0.00
i41,e04,c1,p21,l1,0.00
i41,e04,c1,p21,l3,12.64
i41,e04,c1,p22,l1,0.00
i41,e04,c1,p22,l3,2.13
i41,e04,c1,p23,l1,0.00
i41,e04,c1,p23,l3,6.00
i41,e04,c1,p24,l1,0.00
i41,e04,c1,p24,l3,7.68
i41,e04,c1,p25,l1,0.00
i41,e04,c1,p25,l3,0.00
i41,e04,c1,p26,l1,0.00
i41,e04,c1,p26,l3,1.00
i41,e04,c1,p28,l1,0.00
i41,e04,c1,p28,l3,0.00
i41,e04,c1,p29,l1,0.00
i41,e04,c1,p29,l3,8.15
i41,e04,c1,p30,l1,0.00
i41,e04,c1,p30,l3,0.00
i41,e04,c1,p31,l1,0.00
i41,e04,c1,p31,l3,0.00
i41,e04,c1,p32,l1,0.00
i41,e04,c1,p32,l3,3.88
i41,e04,c1,p33,l1,0.00
i41,e04,c1,p33,l3,0.00
i41,e04,c1,p34,l3,0.00
i41,e04,c1,p35,l1,0.00
i41,e04,c1,p35,l3,54.75
i41,e04,c4,p01,l3,0.00
i41,e04,c4,p02,l1,0.00
i41,e04,c4,p02,l3,0.00
i41,e04,c4,p04,l3,0.00
i41,e04,c4,p07,l3,0.00
i41,e04,c4,p10,l3,0.00
i41,e04,c4,p15,l3,0.00
i41,e04,c4,p16,l3,0.00
i41,e04,c4,p19,l3,0.00
i41,e04,c4,p21,l3,0.00
i41,e04,c4,p22,l3,0.00
i41,e04,c4,p23,l3,0.00
i41,e04,c4,p28,l3,0.00
i41,e04,c4,p35,l1,0.00
i41,e04,c4,p35,l3,0.00
i41,e04,c7,p35,l3,0.00
i41,e05,c1,p01,l1,0.00
i41,e05,c1,p01,l3,1.47
i41,e05,c1,p02,l1,0.00
i41,e05,c1,p02,l3,0.00
i41,e05,c1,p03,l1,0.00
i41,e05,c1,p03,l3,1.19
i41,e05,c1,p04,l1,0.00
i41,e05,c1,p04,l3,0.00
i41,e05,c1,p05,l1,0.00
i41,e05,c1,p05,l3,1.12
i41,e05,c1,p06,l1,0.00
i41,e05,c1,p06,l3,0.00
i41,e05,c1,p07,l1,0.00
i41,e05,c1,p07,l3,0.00
i41,e05,c1,p08,l1,0.00
i41,e05,c1,p08,l3,0.00
i41,e05,c1,p09,l1,0.00
i41,e05,c1,p09,l3,0.00
i41,e05,c1,p10,l1,0.00
i41,e05,c1,p10,l3,1.01
i41,e05,c1,p11,l1,0.00
i41,e05,c1,p11,l3,0.00
i41,e05,c1,p12,l1,0.00
i41,e05,c1,p12,l3,1.61
i41,e05,c1,p13,l1,0.00
i41,e05,c1,p13,l3,1.02
i41,e05,c1,p14,l1,0.00
i41,e05,c1,p14,l3,0.00
i41,e05,c1,p15,l1,0.00
i41,e05,c1,p15,l3,0.00
i41,e05,c1,p16,l1,0.00
i41,e05,c1,p16,l3,0.00
i41,e05,c1,p17,l1,0.00
i41,e05,c1,p17,l3,0.00
i41,e05,c1,p18,l1,0.00
i41,e05,c1,p18,l3,0.00
i41,e05,c1,p19,l1,0.00
i41,e05,c1,p19,l3,0.00
i41,e05,c1,p20,l1,0.00
i41,e05,c1,p20,l3,0.00
i41,e05,c1,p21,l1,0.00
i41,e05,c1,p21,l3,0.00
i41,e05,c1,p22,l1,0.00
i41,e05,c1,p22,l3,0.00
i41,e05,c1,p23,l1,0.00
i41,e05,c1,p23,l3,0.00
i41,e05,c1,p24,l1,0.00
i41,e05,c1,p24,l3,0.00
i41,e05,c1,p25,l1,0.00
i41,e05,c1,p25,l3,0.00
i41,e05,c1,p26,l1,0.00
i41,e05,c1,p26,l3,0.00
i41,e05,c1,p28,l1,0.00
i41,e05,c1,p28,l3,0.00
i41,e05,c1,p29,l1,0.00
i41,e05,c1,p29,l3,1.47
i41,e05,c1,p30,l3,0.00
i41,e05,c1,p31,l1,0.00
i41,e05,c1,p31,l3,0.00
i41,e05,c1,p32,l1,0.00
i41,e05,c1,p32,l3,0.00
i41,e05,c1,p35,l1,0.00
i41,e05,c1,p35,l3,2.08
i41,e05,c7,p35,l3,0.00
i41,e07,c1,p01,l2,0.00
i41,e07,c1,p01,l3,196.66
i41,e07,c1,p02,l2,0.00
i41,e07,c1,p02,l3,37.44
i41,e07,c1,p03,l2,0.00
i41,e07,c1,p03,l3,186.24
i41,e07,c1,p04,l2,0.00
i41,e07,c1,p04,l3,56.51
i41,e07,c1,p05,l2,0.00
i41,e07,c1,p05,l3,14.21
i41,e07,c1,p06,l2,0.00
i41,e07,c1,p06,l3,5.87
i41,e07,c1,p07,l2,0.00
i41,e07,c1,p07,l3,30.22
i41,e07,c1,p08,l2,0.00
i41,e07,c1,p08,l3,1.35
i41,e07,c1,p09,l2,0.00
i41,e07,c1,p09,l3,7.11
i41,e07,c1,p10,l2,0.00
i41,e07,c1,p10,l3,199.86
i41,e07,c1,p11,l2,0.00
i41,e07,c1,p11,l3,69.15
i41,e07,c1,p12,l2,0.00
i41,e07,c1,p12,l3,83.10
i41,e07,c1,p13,l2,0.00
i41,e07,c1,p13,l3,69.04
i41,e07,c1,p14,l2,0.00
i41,e07,c1,p14,l3,42.51
i41,e07,c1,p15,l2,0.00
i41,e07,c1,p15,l3,65.25
i41,e07,c1,p16,l2,0.00
i41,e07,c1,p16,l3,20.64
i41,e07,c1,p17,l2,0.00
i41,e07,c1,p17,l3,35.27
i41,e07,c1,p18,l2,0.00
i41,e07,c1,p18,l3,47.27
i41,e07,c1,p19,l2,0.00
i41,e07,c1,p19,l3,110.34
i41,e07,c1,p20,l2,0.00
i41,e07,c1,p20,l3,20.59
i41,e07,c1,p21,l2,0.00
i41,e07,c1,p21,l3,90.37
i41,e07,c1,p22,l2,0.00
i41,e07,c1,p22,l3,21.35
i41,e07,c1,p23,l2,0.00
i41,e07,c1,p23,l3,19.13
i41,e07,c1,p24,l2,0.00
i41,e07,c1,p24,l3,66.69
i41,e07,c1,p25,l2,0.00
i41,e07,c1,p25,l3,5.24
i41,e07,c1,p26,l2,0.00
i41,e07,c1,p26,l3,2.11
i41,e07,c1,p27,l3,0.00
i41,e07,c1,p28,l2,0.00
i41,e07,c1,p28,l3,8.00
i41,e07,c1,p29,l2,0.00
i41,e07,c1,p29,l3,40.38
i41,e07,c1,p30,l3,0.00
i41,e07,c1,p31,l2,0.00
i41,e07,c1,p31,l3,5.06
i41,e07,c1,p32,l2,0.00
i41,e07,c1,p32,l3,53.33
i41,e07,c1,p33,l3,0.00
i41,e07,c1,p34,l3,0.00
i41,e07,c1,p35,l2,0.00
i41,e07,c1,p35,l3,251.26
i41,e07,c4,p01,l3,0.00
i41,e07,c4,p02,l3,0.00
i41,e07,c4,p04,l3,0.00
i41,e07,c4,p05,l3,0.00
i41,e07,c4,p10,l3,0.00
i41,e07,c4,p15,l3,0.00
i41,e07,c4,p16,l3,0.00
i41,e07,c4,p19,l2,0.00
i41,e07,c4,p19,l3,0.00
i41,e07,c4,p21,l3,0.00
i41,e07,c4,p22,l3,0.00
i41,e07,c4,p35,l3,0.00
i41,e07,c7,p35,l3,0.00
i41,e08,c1,p01,l2,0.00
i41,e08,c1,p01,l3,2.23
i41,e08,c1,p02,l2,0.00
i41,e08,c1,p02,l3,1.57
i41,e08,c1,p03,l2,0.00
i41,e08,c1,p03,l3,5.66
i41,e08,c1,p04,l2,0.00
i41,e08,c1,p04,l3,11.66
i41,e08,c1,p05,l2,0.00
i41,e08,c1,p05,l3,1.57
i41,e08,c1,p06,l2,0.00
i41,e08,c1,p06,l3,0.00
i41,e08,c1,p07,l2,0.00
i41,e08,c1,p07,l3,16.78
i41,e08,c1,p08,l2,0.00
i41,e08,c1,p08,l3,0.00
i41,e08,c1,p09,l2,0.00
i41,e08,c1,p09,l3,0.00
i41,e08,c1,p10,l2,0.00
i41,e08,c1,p10,l3,25.58
i41,e08,c1,p11,l2,0.00
i41,e08,c1,p11,l3,10.01
i41,e08,c1,p12,l2,0.00
i41,e08,c1,p12,l3,0.00
i41,e08,c1,p13,l2,0.00
i41,e08,c1,p13,l3,16.13
i41,e08,c1,p14,l2,0.00
i41,e08,c1,p14,l3,2.35
i41,e08,c1,p15,l2,0.00
i41,e08,c1,p15,l3,1.02
i41,e08,c1,p16,l2,0.00
i41,e08,c1,p16,l3,0.00
i41,e08,c1,p17,l2,0.00
i41,e08,c1,p17,l3,6.07
i41,e08,c1,p18,l2,0.00
i41,e08,c1,p18,l3,0.00
i41,e08,c1,p19,l2,0.00
i41,e08,c1,p19,l3,33.23
i41,e08,c1,p20,l2,0.00
i41,e08,c1,p20,l3,2.03
i41,e08,c1,p21,l2,0.00
i41,e08,c1,p21,l3,11.01
i41,e08,c1,p22,l2,0.00
i41,e08,c1,p22,l3,0.00
i41,e08,c1,p23,l2,0.00
i41,e08,c1,p23,l3,6.72
i41,e08,c1,p24,l2,0.00
i41,e08,c1,p24,l3,0.00
i41,e08,c1,p25,l2,0.00
i41,e08,c1,p25,l3,0.00
i41,e08,c1,p26,l2,0.00
i41,e08,c1,p26,l3,0.00
i41,e08,c1,p28,l2,0.00
i41,e08,c1,p28,l3,0.00
i41,e08,c1,p29,l2,0.00
i41,e08,c1,p29,l3,6.55
i41,e08,c1,p30,l2,0.00
i41,e08,c1,p30,l3,0.00
i41,e08,c1,p31,l2,0.00
i41,e08,c1,p31,l3,0.00
i41,e08,c1,p32,l2,0.00
i41,e08,c1,p32,l3,0.00
i41,e08,c1,p33,l3,0.00
i41,e08,c1,p34,l3,0.00
i41,e08,c1,p35,l2,0.00
i41,e08,c1,p35,l3,50.03
i41,e08,c4,p01,l3,0.00
i41,e08,c4,p02,l3,0.00
i41,e08,c4,p04,l3,0.00
i41,e08,c4,p07,l3,0.00
i41,e08,c4,p10,l3,0.00
i41,e08,c4,p19,l3,0.00
i41,e08,c4,p21,l2,0.00
i41,e08,c4,p21,l3,0.00
i41,e08,c4,p22,l3,0.00
i41,e08,c4,p23,l2,0.00
i41,e08,c4,p23,l3,0.00
i41,e08,c4,p28,l3,0.00
i41,e08,c4,p35,l2,0.00
i41,e08,c4,p35,l3,0.00
i41,e08,c7,p35,l3,0.00
i41,e09,c1,p01,l2,0.00
i41,e09,c1,p01,l3,11.19
i41,e09,c1,p02,l2,0.00
i41,e09,c1,p02,l3,2.12
i41,e09,c1,p03,l2,0.00
i41,e09,c1,p03,l3,14.72
i41,e09,c1,p04,l2,0.00
i41,e09,c1,p04,l3,15.97
i41,e09,c1,p05,l2,0.00
i41,e09,c1,p05,l3,3.15
i41,e09,c1,p06,l2,0.00
i41,e09,c1,p06,l3,1.19
i41,e09,c1,p07,l2,0.00
i41,e09,c1,p07,l3,3.05
i41,e09,c1,p08,l2,0.00
i41,e09,c1,p08,l3,0.00
i41,e09,c1,p09,l2,0.00
i41,e09,c1,p09,l3,3.43
i41,e09,c1,p10,l2,0.00
i41,e09,c1,p10,l3,32.10
i41,e09,c1,p11,l2,0.00
i41,e09,c1,p11,l3,6.53
i41,e09,c1,p12,l2,0.00
i41,e09,c1,p12,l3,6.05
i41,e09,c1,p13,l2,0.00
i41,e09,c1,p13,l3,8.01
i41,e09,c1,p14,l2,0.00
i41,e09,c1,p14,l3,8.40
i41,e09,c1,p15,l2,0.00
i41,e09,c1,p15,l3,9.07
i41,e09,c1,p16,l2,0.00
i41,e09,c1,p16,l3,3.43
i41,e09,c1,p17,l2,0.00
i41,e09,c1,p17,l3,5.07
i41,e09,c1,p18,l2,0.00
i41,e09,c1,p18,l3,5.37
i41,e09,c1,p19,l2,0.00
i41,e09,c1,p19,l3,28.86
i41,e09,c1,p20,l2,0.00
i41,e09,c1,p20,l3,3.30
i41,e09,c1,p21,l2,0.00
i41,e09,c1,p21,l3,2.73
i41,e09,c1,p22,l2,0.00
i41,e09,c1,p22,l3,1.13
i41,e09,c1,p23,l2,0.00
i41,e09,c1,p23,l3,5.96
i41,e09,c1,p24,l2,0.00
i41,e09,c1,p24,l3,7.47
i41,e09,c1,p25,l2,0.00
i41,e09,c1,p25,l3,0.00
i41,e09,c1,p26,l2,0.00
i41,e09,c1,p26,l3,0.00
i41,e09,c1,p27,l3,0.00
i41,e09,c1,p28,l2,0.00
i41,e09,c1,p28,l3,0.00
i41,e09,c1,p29,l2,0.00
i41,e09,c1,p29,l3,8.01
i41,e09,c1,p30,l2,0.00
i41,e09,c1,p30,l3,0.00
i41,e09,c1,p31,l2,0.00
i41,e09,c1,p31,l3,0.00
i41,e09,c1,p32,l2,0.00
i41,e09,c1,p32,l3,0.00
i41,e09,c1,p33,l2,0.00
i41,e09,c1,p33,l3,0.00
i41,e09,c1,p34,l3,0.00
i41,e09,c1,p35,l2,0.00
i41,e09,c1,p35,l3,19.06
i41,e09,c4,p01,l3,0.00
i41,e09,c4,p02,l2,0.00
i41,e09,c4,p02,l3,0.00
i41,e09,c4,p03,l3,0.00
i41,e09,c4,p04,l3,0.00
i41,e09,c4,p07,l3,0.00
i41,e09,c4,p10,l3,0.00
i41,e09,c4,p15,l3,0.00
i41,e09,c4,p16,l3,0.00
i41,e09,c4,p19,l2,0.00
i41,e09,c4,p19,l3,0.00
i41,e09,c4,p21,l3,0.00
i41,e09,c4,p22,l3,0.00
i41,e09,c4,p23,l3,0.00
i41,e09,c4,p28,l3,0.00
i41,e09,c4,p35,l2,0.00
i41,e09,c4,p35,l3,0.00
i41,e09,c7,p35,l3,0.00
i41,e11,c1,p01,l2,0.00
i41,e11,c1,p01,l3,0.00
i41,e11,c1,p02,l2,0.00
i41,e11,c1,p02,l3,0.00
i41,e11,c1,p03,l2,0.00
i41,e11,c1,p03,l3,0.00
i41,e11,c1,p04,l2,0.00
i41,e11,c1,p04,l3,0.00
i41,e11,c1,p05,l2,0.00
i41,e11,c1,p05,l3,0.00
i41,e11,c1,p06,l2,0.00
i41,e11,c1,p06,l3,0.00
i41,e11,c1,p07,l2,0.00
i41,e11,c1,p07,l3,0.00
i41,e11,c1,p08,l2,0.00
i41,e11,c1,p08,l3,0.00
i41,e11,c1,p09,l2,0.00
i41,e11,c1,p09,l3,0.00
i41,e11,c1,p10,l2,0.00
i41,e11,c1,p10,l3,0.00
i41,e11,c1,p11,l2,0.00
i41,e11,c1,p11,l3,0.00
i41,e11,c1,p12,l2,0.00
i41,e11,c1,p12,l3,0.00
i41,e11,c1,p13,l2,0.00
i41,e11,c1,p13,l3,0.00
i41,e11,c1,p14,l2,0.00
i41,e11,c1,p14,l3,0.00
i41,e11,c1,p15,l2,0.00
i41,e11,c1,p15,l3,0.00
i41,e11,c1,p16,l2,0.00
i41,e11,c1,p16,l3,0.00
i41,e11,c1,p17,l2,0.00
i41,e11,c1,p17,l3,0.00
i41,e11,c1,p18,l2,0.00
i41,e11,c1,p18,l3,0.00
i41,e11,c1,p19,l2,0.00
i41,e11,c1,p19,l3,0.00
i41,e11,c1,p20,l2,0.00
i41,e11,c1,p20,l3,0.00
i41,e11,c1,p21,l2,0.00
i41,e11,c1,p21,l3,0.00
i41,e11,c1,p22,l2,0.00
i41,e11,c1,p22,l3,0.00
i41,e11,c1,p23,l2,0.00
i41,e11,c1,p23,l3,0.00
i41,e11,c1,p24,l2,0.00
i41,e11,c1,p24,l3,0.00
i41,e11,c1,p25,l2,0.00
i41,e11,c1,p25,l3,0.00
i41,e11,c1,p26,l2,0.00
i41,e11,c1,p26,l3,0.00
i41,e11,c1,p27,l3,0.00
i41,e11,c1,p28,l2,0.00
i41,e11,c1,p28,l3,0.00
i41,e11,c1,p29,l2,0.00
i41,e11,c1,p29,l3,0.00
i41,e11,c1,p30,l3,0.00
i41,e11,c1,p31,l2,0.00
i41,e11,c1,p31,l3,0.00
i41,e11,c1,p32,l2,0.00
i41,e11,c1,p32,l3,0.00
i41,e11,c1,p33,l2,0.00
i41,e11,c1,p33,l3,0.00
i41,e11,c1,p35,l2,0.00
i41,e11,c1,p35,l3,0.00
i41,e11,c4,p01,l3,0.00
i41,e11,c4,p02,l2,0.00
i41,e11,c4,p02,l3,0.00
i41,e11,c4,p10,l2,0.00
i41,e11,c4,p10,l3,0.00
i41,e11,c4,p19,l2,0.00
i41,e11,c4,p19,l3,0.00
i41,e11,c4,p21,l3,0.00
i41,e11,c4,p23,l3,0.00
i41,e11,c4,p35,l2,0.00
i41,e11,c4,p35,l3,0.00
i41,e11,c7,p35,l3,0.00
i41,e12,c1,p01,l3,0.00
i41,e12,c1,p02,l3,0.00
i41,e12,c1,p03,l3,0.00
i41,e12,c1,p04,l3,0.00
i41,e12,c1,p05,l3,0.00
i41,e12,c1,p06,l3,0.00
i41,e12,c1,p07,l3,0.00
i41,e12,c1,p08,l3,0.00
i41,e12,c1,p09,l3,0.00
i41,e12,c1,p10,l3,0.00
i41,e12,c1,p11,l3,0.00
i41,e12,c1,p12,l3,1.14
i41,e12,c1,p13,l3,0.00
i41,e12,c1,p14,l3,0.00
i41,e12,c1,p15,l3,0.00
i41,e12,c1,p16,l3,0.00
i41,e12,c1,p17,l3,0.00
i41,e12,c1,p18,l3,1.08
i41,e12,c1,p19,l3,0.00
i41,e12,c1,p20,l3,0.00
i41,e12,c1,p21,l3,0.00
i41,e12,c1,p22,l3,0.00
i41,e12,c1,p23,l3,0.00
i41,e12,c1,p24,l3,0.00
i41,e12,c1,p25,l3,0.00
i41,e12,c1,p26,l3,0.00
i41,e12,c1,p28,l3,0.00
i41,e12,c1,p29,l3,0.00
i41,e12,c1,p31,l3,0.00
i41,e12,c1,p32,l3,0.00
i41,e12,c1,p35,l3,1.35
i41,e12,c4,p01,l3,0.00
i41,e12,c4,p10,l3,0.00
i41,e12,c4,p16,l3,0.00
i41,e12,c4,p35,l3,0.00
i41,e13,c1,p01,l3,2.36
i41,e13,c1,p02,l3,1.73
i41,e13,c1,p03,l3,1.21
i41,e13,c1,p04,l3,0.00
i41,e13,c1,p05,l3,0.00
i41,e13,c1,p06,l3,0.00
i41,e13,c1,p07,l3,0.00
i41,e13,c1,p08,l3,0.00
i41,e13,c1,p09,l3,0.00
i41,e13,c1,p10,l3,3.95
i41,e13,c1,p11,l3,0.00
i41,e13,c1,p12,l3,6.41
i41,e13,c1,p13,l3,0.00
i41,e13,c1,p14,l3,0.00
i41,e13,c1,p15,l3,3.52
i41,e13,c1,p16,l3,1.22
i41,e13,c1,p17,l3,0.00
i41,e13,c1,p18,l3,1.14
i41,e13,c1,p19,l3,2.46
i41,e13,c1,p20,l3,0.00
i41,e13,c1,p21,l3,0.00
i41,e13,c1,p22,l3,0.00
i41,e13,c1,p23,l3,1.90
i41,e13,c1,p24,l3,0.00
i41,e13,c1,p25,l3,0.00
i41,e13,c1,p26,l3,0.00
i41,e13,c1,p28,l3,0.00
i41,e13,c1,p29,l3,0.00
i41,e13,c1,p30,l3,0.00
i41,e13,c1,p31,l3,0.00
i41,e13,c1,p32,l3,0.00
i41,e13,c1,p33,l3,0.00
i41,e13,c1,p34,l3,0.00
i41,e13,c1,p35,l3,0.00
i41,e13,c4,p01,l3,0.00
i41,e13,c4,p02,l3,0.00
i41,e13,c4,p19,l3,0.00
i41,e13,c4,p35,l3,0.00
i41,e13,c7,p35,l3,0.00
i42,e01,c3,p01,l3,0.00
i42,e01,c3,p04,l3,0.00
i42,e01,c3,p11,l3,0.00
i42,e01,c3,p19,l3,0.00
i42,e01,c5,p01,l3,0.00
i42,e01,c5,p02,l3,0.00
i42,e01,c5,p03,l3,0.00
i42,e01,c5,p04,l3,0.00
i42,e01,c5,p05,l3,0.00
i42,e01,c5,p06,l3,0.00
i42,e01,c5,p07,l3,0.00
i42,e01,c5,p08,l3,0.00
i42,e01,c5,p09,l3,0.00
i42,e01,c5,p10,l3,0.00
i42,e01,c5,p11,l3,0.00
i42,e01,c5,p13,l3,0.00
i42,e01,c5,p14,l3,0.00
i42,e01,c5,p15,l3,0.00
i42,e01,c5,p16,l3,0.00
i42,e01,c5,p17,l3,0.00
i42,e01,c5,p18,l3,0.00
i42,e01,c5,p19,l3,0.00
i42,e01,c5,p20,l3,0.00
i42,e01,c5,p21,l3,0.00
i42,e01,c5,p23,l3,0.00
i42,e01,c5,p24,l3,0.00
i42,e01,c5,p25,l3,0.00
i42,e01,c5,p26,l3,0.00
i42,e01,c5,p28,l3,0.00
i42,e01,c5,p29,l3,0.00
i42,e01,c5,p31,l3,0.00
i42,e01,c5,p32,l3,0.00
i42,e01,c5,p35,l3,0.00
i42,e02,c3,p01,l1,0.00
i42,e02,c3,p01,l3,0.00
i42,e02,c3,p02,l1,0.00
i42,e02,c3,p02,l3,0.00
i42,e02,c3,p03,l1,0.00
i42,e02,c3,p03,l3,0.00
i42,e02,c3,p04,l1,0.00
i42,e02,c3,p04,l3,0.00
i42,e02,c3,p05,l1,0.00
i42,e02,c3,p05,l3,0.00
i42,e02,c3,p06,l1,0.00
i42,e02,c3,p06,l3,0.00
i42,e02,c3,p07,l1,0.00
i42,e02,c3,p07,l3,0.00
i42,e02,c3,p08,l1,0.00
i42,e02,c3,p08,l3,0.00
i42,e02,c3,p09,l1,0.00
i42,e02,c3,p09,l3,0.00
i42,e02,c3,p10,l1,0.00
i42,e02,c3,p10,l3,0.00
i42,e02,c3,p11,l1,0.00
i42,e02,c3,p11,l3,0.00
i42,e02,c3,p12,l1,0.00
i42,e02,c3,p12,l3,0.00
i42,e02,c3,p13,l1,0.00
i42,e02,c3,p13,l3,0.00
i42,e02,c3,p14,l1,0.00
i42,e02,c3,p14,l3,0.00
i42,e02,c3,p15,l1,0.00
i42,e02,c3,p15,l3,0.00
i42,e02,c3,p16,l1,0.00
i42,e02,c3,p16,l3,0.00
i42,e02,c3,p17,l1,0.00
i42,e02,c3,p17,l3,0.00
i42,e02,c3,p18,l1,0.00
i42,e02,c3,p18,l3,0.00
i42,e02,c3,p19,l1,0.00
i42,e02,c3,p19,l3,2.18
i42,e02,c3,p20,l1,0.00
i42,e02,c3,p20,l3,0.00
i42,e02,c3,p21,l1,0.00
i42,e02,c3,p21,l3,0.00
i42,e02,c3,p22,l1,0.00
i42,e02,c3,p22,l3,0.00
i42,e02,c3,p23,l1,0.00
i42,e02,c3,p23,l3,0.00
i42,e02,c3,p24,l1,0.00
i42,e02,c3,p24,l3,0.00
i42,e02,c3,p25,l1,0.00
i42,e02,c3,p25,l3,0.00
i42,e02,c3,p26,l1,0.00
i42,e02,c3,p26,l3,0.00
i42,e02,c3,p27,l3,0.00
i42,e02,c3,p28,l1,0.00
i42,e02,c3,p28,l3,0.00
i42,e02,c3,p29,l1,0.00
i42,e02,c3,p29,l3,0.00
i42,e02,c3,p30,l1,0.00
i42,e02,c3,p30,l3,0.00
i42,e02,c3,p31,l1,0.00
i42,e02,c3,p31,l3,0.00
i42,e02,c3,p32,l1,0.00
i42,e02,c3,p32,l3,0.00
i42,e02,c3,p33,l1,0.00
i42,e02,c3,p33,l3,0.00
i42,e02,c3,p35,l1,0.00
i42,e02,c3,p35,l3,0.00
i42,e02,c5,p01,l1,0.00
i42,e02,c5,p01,l3,0.00
i42,e02,c5,p02,l1,0.00
i42,e02,c5,p02,l3,0.00
i42,e02,c5,p03,l1,0.00
i42,e02,c5,p03,l3,0.00
i42,e02,c5,p04,l1,0.00
i42,e02,c5,p04,l3,0.00
i42,e02,c5,p05,l1,0.00
i42,e02,c5,p05,l3,0.00
i42,e02,c5,p06,l1,0.00
i42,e02,c5,p06,l3,0.00
i42,e02,c5,p07,l1,0.00
i42,e02,c5,p07,l3,0.00
i42,e02,c5,p08,l1,0.00
i42,e02,c5,p08,l3,0.00
i42,e02,c5,p09,l1,0.00
i42,e02,c5,p09,l3,0.00
i42,e02,c5,p10,l1,0.00
i42,e02,c5,p10,l3,1.38
i42,e02,c5,p11,l1,0.00
i42,e02,c5,p11,l3,0.00
i42,e02,c5,p12,l1,0.00
i42,e02,c5,p12,l3,0.00
i42,e02,c5,p13,l1,0.00
i42,e02,c5,p13,l3,0.00
i42,e02,c5,p14,l1,0.00
i42,e02,c5,p14,l3,0.00
i42,e02,c5,p15,l1,0.00
i42,e02,c5,p15,l3,1.05
i42,e02,c5,p16,l1,0.00
i42,e02,c5,p16,l3,0.00
i42,e02,c5,p17,l1,0.00
i42,e02,c5,p17,l3,1.43
i42,e02,c5,p18,l1,0.00
i42,e02,c5,p18,l3,0.00
i42,e02,c5,p19,l1,0.00
i42,e02,c5,p19,l3,1.07
i42,e02,c5,p20,l1,0.00
i42,e02,c5,p20,l3,0.00
i42,e02,c5,p21,l1,0.00
i42,e02,c5,p21,l3,3.11
i42,e02,c5,p22,l1,0.00
i42,e02,c5,p22,l3,0.00
i42,e02,c5,p23,l1,0.00
i42,e02,c5,p23,l3,0.00
i42,e02,c5,p24,l1,0.00
i42,e02,c5,p24,l3,1.53
i42,e02,c5,p25,l1,0.00
i42,e02,c5,p25,l3,0.00
i42,e02,c5,p26,l1,0.00
i42,e02,c5,p26,l3,0.00
i42,e02,c5,p27,l1,0.00
i42,e02,c5,p27,l3,0.00
i42,e02,c5,p28,l1,0.00
i42,e02,c5,p28,l3,2.03
i42,e02,c5,p29,l1,0.00
i42,e02,c5,p29,l3,1.22
i42,e02,c5,p30,l1,0.00
i42,e02,c5,p30,l3,0.00
i42,e02,c5,p31,l1,0.00
i42,e02,c5,p31,l3,0.00
i42,e02,c5,p32,l1,0.00
i42,e02,c5,p32,l3,0.00
i42,e02,c5,p33,l1,0.00
i42,e02,c5,p33,l3,0.00
i42,e02,c5,p35,l1,0.00
i42,e02,c5,p35,l3,0.00
i42,e04,c3,p01,l1,0.00
i42,e04,c3,p09,l3,0.00
i42,e04,c3,p11,l3,0.00
i42,e04,c3,p14,l3,0.00
i42,e04,c3,p15,l3,0.00
i42,e04,c3,p16,l3,0.00
i42,e04,c3,p17,l1,0.00
i42,e04,c3,p19,l3,0.00
i42,e04,c3,p21,l3,0.00
i42,e04,c5,p01,l1,0.00
i42,e04,c5,p01,l3,0.00
i42,e04,c5,p02,l3,0.00
i42,e04,c5,p03,l3,0.00
i42,e04,c5,p04,l1,0.00
i42,e04,c5,p04,l3,0.00
i42,e04,c5,p05,l3,0.00
i42,e04,c5,p06,l1,0.00
i42,e04,c5,p06,l3,0.00
i42,e04,c5,p07,l3,0.00
i42,e04,c5,p08,l3,0.00
i42,e04,c5,p09,l1,0.00
i42,e04,c5,p09,l3,0.00
i42,e04,c5,p10,l1,0.00
i42,e04,c5,p10,l3,0.00
i42,e04,c5,p11,l3,0.00
i42,e04,c5,p12,l3,0.00
i42,e04,c5,p13,l3,0.00
i42,e04,c5,p14,l3,0.00
i42,e04,c5,p15,l1,0.00
i42,e04,c5,p15,l3,0.00
i42,e04,c5,p16,l1,0.00
i42,e04,c5,p16,l3,0.00
i42,e04,c5,p17,l3,0.00
i42,e04,c5,p18,l1,0.00
i42,e04,c5,p18,l3,0.00
i42,e04,c5,p19,l1,0.00
i42,e04,c5,p19,l3,0.00
i42,e04,c5,p20,l3,0.00
i42,e04,c5,p21,l1,0.00
i42,e04,c5,p21,l3,0.00
i42,e04,c5,p22,l3,0.00
i42,e04,c5,p23,l3,0.00
i42,e04,c5,p24,l3,0.00
i42,e04,c5,p25,l3,0.00
i42,e04,c5,p26,l1,0.00
i42,e04,c5,p26,l3,0.00
i42,e04,c5,p28,l1,0.00
i42,e04,c5,p28,l3,0.00
i42,e04,c5,p29,l1,0.00
i42,e04,c5,p29,l3,0.00
i42,e04,c5,p31,l1,0.00
i42,e04,c5,p31,l3,0.00
i42,e04,c5,p32,l3,0.00
i42,e04,c5,p35,l1,0.00
i42,e04,c5,p35,l3,0.00
i42,e05,c3,p01,l1,0.00
i42,e05,c3,p01,l3,14.29
i42,e05,c3,p02,l1,0.00
i42,e05,c3,p02,l3,0.00
i42,e05,c3,p03,l1,0.00
i42,e05,c3,p03,l3,1.58
i42,e05,c3,p04,l1,0.00
i42,e05,c3,p04,l3,0.00
i42,e05,c3,p05,l1,0.00
i42,e05,c3,p05,l3,0.00
i42,e05,c3,p06,l1,0.00
i42,e05,c3,p06,l3,0.00
i42,e05,c3,p07,l1,0.00
i42,e05,c3,p07,l3,0.00
i42,e05,c3,p08,l1,0.00
i42,e05,c3,p08,l3,0.00
i42,e05,c3,p09,l1,0.00
i42,e05,c3,p09,l3,16.05
i42,e05,c3,p10,l1,0.00
i42,e05,c3,p10,l3,1.02
i42,e05,c3,p11,l1,0.00
i42,e05,c3,p11,l3,0.00
i42,e05,c3,p12,l1,0.00
i42,e05,c3,p12,l3,0.00
i42,e05,c3,p13,l1,0.00
i42,e05,c3,p13,l3,0.00
i42,e05,c3,p14,l1,0.00
i42,e05,c3,p14,l3,0.00
i42,e05,c3,p15,l1,0.00
i42,e05,c3,p15,l3,0.00
i42,e05,c3,p16,l1,0.00
i42,e05,c3,p16,l3,4.22
i42,e05,c3,p17,l1,0.00
i42,e05,c3,p17,l3,1.32
i42,e05,c3,p18,l1,0.00
i42,e05,c3,p18,l3,0.00
i42,e05,c3,p19,l1,0.00
i42,e05,c3,p19,l3,2.46
i42,e05,c3,p20,l1,0.00
i42,e05,c3,p20,l3,0.00
i42,e05,c3,p21,l1,0.00
i42,e05,c3,p21,l3,0.00
i42,e05,c3,p22,l1,0.00
i42,e05,c3,p22,l3,0.00
i42,e05,c3,p23,l1,0.00
i42,e05,c3,p23,l3,1.22
i42,e05,c3,p24,l1,0.00
i42,e05,c3,p24,l3,0.00
i42,e05,c3,p25,l1,0.00
i42,e05,c3,p25,l3,0.00
i42,e05,c3,p26,l1,0.00
i42,e05,c3,p26,l3,0.00
i42,e05,c3,p27,l1,0.00
i42,e05,c3,p27,l3,0.00
i42,e05,c3,p28,l1,0.00
i42,e05,c3,p28,l3,0.00
i42,e05,c3,p29,l1,0.00
i42,e05,c3,p29,l3,0.00
i42,e05,c3,p30,l1,0.00
i42,e05,c3,p30,l3,0.00
i42,e05,c3,p31,l1,0.00
i42,e05,c3,p31,l3,0.00
i42,e05,c3,p32,l1,0.00
i42,e05,c3,p32,l3,0.00
i42,e05,c3,p33,l1,0.00
i42,e05,c3,p33,l3,0.00
i42,e05,c3,p35,l1,0.00
i42,e05,c3,p35,l3,1.36
i42,e05,c5,p01,l1,0.00
i42,e05,c5,p01,l3,0.00
i42,e05,c5,p02,l1,0.00
i42,e05,c5,p02,l3,1.29
i42,e05,c5,p03,l1,0.00
i42,e05,c5,p03,l3,1.65
i42,e05,c5,p04,l1,0.00
i42,e05,c5,p04,l3,0.00
i42,e05,c5,p05,l1,0.00
i42,e05,c5,p05,l3,5.28
i42,e05,c5,p06,l1,0.00
i42,e05,c5,p06,l3,2.74
i42,e05,c5,p07,l1,0.00
i42,e05,c5,p07,l3,1.36
i42,e05,c5,p08,l1,0.00
i42,e05,c5,p08,l3,0.00
i42,e05,c5,p09,l1,0.00
i42,e05,c5,p09,l3,0.00
i42,e05,c5,p10,l1,0.00
i42,e05,c5,p10,l3,3.48
i42,e05,c5,p11,l1,0.00
i42,e05,c5,p11,l3,3.33
i42,e05,c5,p12,l1,0.00
i42,e05,c5,p12,l3,2.11
i42,e05,c5,p13,l1,0.00
i42,e05,c5,p13,l3,1.58
i42,e05,c5,p14,l1,0.00
i42,e05,c5,p14,l3,7.53
i42,e05,c5,p15,l1,0.00
i42,e05,c5,p15,l3,16.10
i42,e05,c5,p16,l1,0.00
i42,e05,c5,p16,l3,12.33
i42,e05,c5,p17,l1,0.00
i42,e05,c5,p17,l3,7.33
i42,e05,c5,p18,l1,0.00
i42,e05,c5,p18,l3,11.97
i42,e05,c5,p19,l1,0.00
i42,e05,c5,p19,l3,20.62
i42,e05,c5,p20,l1,0.00
i42,e05,c5,p20,l3,0.00
i42,e05,c5,p21,l1,0.00
i42,e05,c5,p21,l3,6.53
i42,e05,c5,p22,l1,0.00
i42,e05,c5,p22,l3,4.12
i42,e05,c5,p23,l1,0.00
i42,e05,c5,p23,l3,5.03
i42,e05,c5,p24,l1,0.00
i42,e05,c5,p24,l3,0.00
i42,e05,c5,p25,l1,0.00
i42,e05,c5,p25,l3,7.01
i42,e05,c5,p26,l1,0.00
i42,e05,c5,p26,l3,0.00
i42,e05,c5,p27,l1,0.00
i42,e05,c5,p27,l3,0.00
i42,e05,c5,p28,l1,0.00
i42,e05,c5,p28,l3,3.14
i42,e05,c5,p29,l1,0.00
i42,e05,c5,p29,l3,2.32
i42,e05,c5,p30,l1,0.00
i42,e05,c5,p30,l3,0.00
i42,e05,c5,p31,l1,0.00
i42,e05,c5,p31,l3,2.09
i42,e05,c5,p32,l1,0.00
i42,e05,c5,p32,l3,0.00
i42,e05,c5,p33,l1,0.00
i42,e05,c5,p33,l3,0.00
i42,e05,c5,p35,l1,0.00
i42,e05,c5,p35,l3,13.72
i42,e05,c8,p10,l3,0.00
i42,e05,c8,p11,l3,0.00
i42,e05,c8,p15,l3,0.00
i42,e05,c8,p21,l3,0.00
i42,e05,c8,p22,l3,0.00
i42,e05,c8,p32,l3,0.00
i42,e05,c8,p35,l3,0.00
i42,e07,c5,p07,l2,0.00
i42,e07,c5,p07,l3,0.00
i42,e07,c5,p18,l2,0.00
i42,e08,c3,p09,l3,0.00
i42,e08,c3,p19,l3,0.00
i42,e08,c5,p01,l2,0.00
i42,e08,c5,p01,l3,0.00
i42,e08,c5,p02,l3,0.00
i42,e08,c5,p03,l2,0.00
i42,e08,c5,p03,l3,0.00
i42,e08,c5,p04,l2,0.00
i42,e08,c5,p04,l3,0.00
i42,e08,c5,p05,l2,0.00
i42,e08,c5,p05,l3,0.00
i42,e08,c5,p06,l3,0.00
i42,e08,c5,p07,l2,0.00
i42,e08,c5,p07,l3,0.00
i42,e08,c5,p08,l3,0.00
i42,e08,c5,p09,l3,0.00
i42,e08,c5,p10,l2,0.00
i42,e08,c5,p10,l3,0.00
i42,e08,c5,p11,l2,0.00
i42,e08,c5,p11,l3,0.00
i42,e08,c5,p12,l3,0.00
i42,e08,c5,p13,l2,0.00
i42,e08,c5,p13,l3,0.00
i42,e08,c5,p14,l2,0.00
i42,e08,c5,p14,l3,0.00
i42,e08,c5,p15,l3,0.00
i42,e08,c5,p16,l2,0.00
i42,e08,c5,p16,l3,0.00
i42,e08,c5,p17,l3,0.00
i42,e08,c5,p18,l3,0.00
i42,e08,c5,p19,l2,0.00
i42,e08,c5,p19,l3,0.00
i42,e08,c5,p20,l3,0.00
i42,e08,c5,p21,l2,0.00
i42,e08,c5,p21,l3,0.00
i42,e08,c5,p22,l3,0.00
i42,e08,c5,p23,l2,0.00
i42,e08,c5,p23,l3,0.00
i42,e08,c5,p24,l3,0.00
i42,e08,c5,p25,l3,0.00
i42,e08,c5,p26,l3,0.00
i42,e08,c5,p28,l2,0.00
i42,e08,c5,p28,l3,0.00
i42,e08,c5,p29,l3,0.00
i42,e08,c5,p31,l3,0.00
i42,e08,c5,p32,l3,0.00
i42,e08,c5,p35,l2,0.00
i42,e08,c5,p35,l3,0.00
i42,e09,c3,p01,l2,0.00
i42,e09,c3,p03,l3,0.00
i42,e09,c3,p04,l2,0.00
i42,e09,c3,p15,l2,0.00
i42,e09,c3,p15,l3,0.00
i42,e09,c3,p21,l3,0.00
i42,e09,c3,p29,l3,0.00
i42,e09,c3,p35,l3,0.00
i42,e09,c5,p01,l3,0.00
i42,e09,c5,p02,l3,0.00
i42,e09,c5,p04,l2,0.00
i42,e09,c5,p04,l3,0.00
i42,e09,c5,p05,l3,0.00
i42,e09,c5,p06,l2,0.00
i42,e09,c5,p06,l3,0.00
i42,e09,c5,p07,l3,0.00
i42,e09,c5,p08,l3,0.00
i42,e09,c5,p09,l2,0.00
i42,e09,c5,p10,l3,0.00
i42,e09,c5,p11,l3,0.00
i42,e09,c5,p12,l3,0.00
i42,e09,c5,p13,l3,0.00
i42,e09,c5,p14,l3,0.00
i42,e09,c5,p15,l2,0.00
i42,e09,c5,p15,l3,0.00
i42,e09,c5,p16,l2,0.00
i42,e09,c5,p16,l3,0.00
i42,e09,c5,p17,l3,0.00
i42,e09,c5,p18,l2,0.00
i42,e09,c5,p18,l3,0.00
i42,e09,c5,p19,l2,0.00
i42,e09,c5,p19,l3,0.00
i42,e09,c5,p20,l2,0.00
i42,e09,c5,p20,l3,0.00
i42,e09,c5,p21,l2,0.00
i42,e09,c5,p21,l3,0.00
i42,e09,c5,p22,l3,0.00
i42,e09,c5,p23,l3,0.00
i42,e09,c5,p24,l3,0.00
i42,e09,c5,p25,l3,0.00
i42,e09,c5,p26,l2,0.00
i42,e09,c5,p28,l2,0.00
i42,e09,c5,p29,l2,0.00
i42,e09,c5,p29,l3,0.00
i42,e09,c5,p31,l3,0.00
i42,e09,c5,p32,l3,0.00
i42,e09,c5,p35,l3,0.00
i42,e12,c3,p01,l3,0.00
i42,e12,c3,p02,l3,0.00
i42,e12,c3,p03,l3,0.00
i42,e12,c3,p04,l3,0.00
i42,e12,c3,p05,l3,0.00
i42,e12,c3,p06,l3,0.00
i42,e12,c3,p07,l3,0.00
i42,e12,c3,p08,l3,0.00
i42,e12,c3,p09,l3,0.00
i42,e12,c3,p10,l3,0.00
i42,e12,c3,p11,l3,0.00
i42,e12,c3,p12,l3,0.00
i42,e12,c3,p13,l3,0.00
i42,e12,c3,p14,l3,0.00
i42,e12,c3,p15,l3,0.00
i42,e12,c3,p16,l3,0.00
i42,e12,c3,p17,l3,0.00
i42,e12,c3,p18,l3,0.00
i42,e12,c3,p19,l3,0.00
i42,e12,c3,p20,l3,0.00
i42,e12,c3,p21,l3,0.00
i42,e12,c3,p22,l3,0.00
i42,e12,c3,p23,l3,0.00
i42,e12,c3,p24,l3,0.00
i42,e12,c3,p25,l3,0.00
i42,e12,c3,p26,l3,0.00
i42,e12,c3,p28,l3,0.00
i42,e12,c3,p29,l3,0.00
i42,e12,c3,p30,l3,0.00
i42,e12,c3,p31,l3,0.00
i42,e12,c3,p32,l3,0.00
i42,e12,c3,p33,l3,0.00
i42,e12,c3,p35,l3,0.00
i42,e12,c5,p01,l3,0.00
i42,e12,c5,p02,l3,0.00
i42,e12,c5,p03,l3,0.00
i42,e12,c5,p04,l3,0.00
i42,e12,c5,p05,l3,0.00
i42,e12,c5,p06,l3,0.00
i42,e12,c5,p07,l3,0.00
i42,e12,c5,p08,l3,0.00
i42,e12,c5,p09,l3,0.00
i42,e12,c5,p10,l3,0.00
i42,e12,c5,p11,l3,0.00
i42,e12,c5,p12,l3,0.00
i42,e12,c5,p13,l3,0.00
i42,e12,c5,p14,l3,0.00
i42,e12,c5,p15,l3,0.00
i42,e12,c5,p16,l3,0.00
i42,e12,c5,p17,l3,0.00
i42,e12,c5,p18,l3,0.00
i42,e12,c5,p19,l3,0.00
i42,e12,c5,p20,l3,0.00
i42,e12,c5,p21,l3,0.00
i42,e12,c5,p22,l3,0.00
i42,e12,c5,p23,l3,0.00
i42,e12,c5,p24,l3,0.00
i42,e12,c5,p25,l3,0.00
i42,e12,c5,p26,l3,0.00
i42,e12,c5,p28,l3,0.00
i42,e12,c5,p29,l3,0.00
i42,e12,c5,p30,l3,0.00
i42,e12,c5,p31,l3,0.00
i42,e12,c5,p32,l3,0.00
i42,e12,c5,p33,l3,0.00
i42,e12,c5,p35,l3,0.00
i42,e12,c8,p35,l3,0.00
i43,e01,c1,p01,l3,4.21
i43,e01,c1,p02,l3,3.85
i43,e01,c1,p03,l3,5.50
i43,e01,c1,p04,l3,4.77
i43,e01,c1,p05,l3,1.51
i43,e01,c1,p06,l3,2.54
i43,e01,c1,p07,l3,4.74
i43,e01,c1,p08,l3,2.37
i43,e01,c1,p09,l3,0.00
i43,e01,c1,p10,l3,17.40
i43,e01,c1,p11,l3,11.14
i43,e01,c1,p12,l3,1.36
i43,e01,c1,p13,l3,0.00
i43,e01,c1,p14,l3,0.00
i43,e01,c1,p15,l3,8.11
i43,e01,c1,p16,l3,0.00
i43,e01,c1,p17,l3,5.48
i43,e01,c1,p18,l3,3.46
i43,e01,c1,p19,l3,8.21
i43,e01,c1,p20,l3,0.00
i43,e01,c1,p21,l3,11.23
i43,e01,c1,p22,l3,3.32
i43,e01,c1,p23,l3,0.00
i43,e01,c1,p24,l3,4.13
i43,e01,c1,p25,l3,0.00
i43,e01,c1,p26,l3,0.00
i43,e01,c1,p27,l3,0.00
i43,e01,c1,p28,l3,0.00
i43,e01,c1,p29,l3,4.71
i43,e01,c1,p30,l3,0.00
i43,e01,c1,p31,l3,0.00
i43,e01,c1,p32,l3,0.00
i43,e01,c1,p33,l3,0.00
i43,e01,c1,p34,l3,0.00
i43,e01,c1,p35,l3,9.91
i43,e01,c4,p01,l3,0.00
i43,e01,c4,p02,l3,0.00
i43,e01,c4,p03,l3,0.00
i43,e01,c4,p04,l3,0.00
i43,e01,c4,p05,l3,0.00
i43,e01,c4,p06,l3,0.00
i43,e01,c4,p07,l3,0.00
i43,e01,c4,p08,l3,0.00
i43,e01,c4,p09,l3,0.00
i43,e01,c4,p10,l3,0.00
i43,e01,c4,p11,l3,0.00
i43,e01,c4,p12,l3,0.00
i43,e01,c4,p13,l3,0.00
i43,e01,c4,p14,l3,0.00
i43,e01,c4,p15,l3,0.00
i43,e01,c4,p16,l3,0.00
i43,e01,c4,p17,l3,0.00
i43,e01,c4,p18,l3,0.00
i43,e01,c4,p19,l3,0.00
i43,e01,c4,p20,l3,0.00
i43,e01,c4,p21,l3,0.00
i43,e01,c4,p22,l3,0.00
i43,e01,c4,p23,l3,0.00
i43,e01,c4,p24,l3,0.00
i43,e01,c4,p25,l3,0.00
i43,e01,c4,p26,l3,0.00
i43,e01,c4,p28,l3,0.00
i43,e01,c4,p29,l3,0.00
i43,e01,c4,p31,l3,0.00
i43,e01,c4,p32,l3,0.00
i43,e01,c4,p35,l3,0.00
i43,e01,c7,p01,l3,0.00
i43,e01,c7,p03,l3,0.00
i43,e01,c7,p07,l3,0.00
i43,e01,c7,p12,l3,0.00
i43,e01,c7,p13,l3,0.00
i43,e01,c7,p17,l3,0.00
i43,e01,c7,p19,l3,0.00
i43,e01,c7,p35,l3,0.00
i43,e03,c1,p01,l3,0.00
i43,e03,c1,p02,l3,0.00
i43,e03,c1,p03,l3,0.00
i43,e03,c1,p04,l3,1.10
i43,e03,c1,p05,l3,0.00
i43,e03,c1,p06,l3,0.00
i43,e03,c1,p07,l3,0.00
i43,e03,c1,p08,l3,0.00
i43,e03,c1,p09,l3,0.00
i43,e03,c1,p10,l3,1.48
i43,e03,c1,p11,l3,0.00
i43,e03,c1,p12,l3,1.04
i43,e03,c1,p13,l3,0.00
i43,e03,c1,p14,l3,0.00
i43,e03,c1,p15,l3,0.00
i43,e03,c1,p16,l3,0.00
i43,e03,c1,p17,l3,0.00
i43,e03,c1,p18,l3,1.17
i43,e03,c1,p19,l3,4.09
i43,e03,c1,p20,l3,0.00
i43,e03,c1,p21,l3,0.00
i43,e03,c1,p22,l3,0.00
i43,e03,c1,p23,l3,0.00
i43,e03,c1,p24,l3,0.00
i43,e03,c1,p25,l3,0.00
i43,e03,c1,p26,l3,0.00
i43,e03,c1,p28,l3,0.00
i43,e03,c1,p29,l3,0.00
i43,e03,c1,p30,l3,0.00
i43,e03,c1,p31,l3,0.00
i43,e03,c1,p32,l3,0.00
i43,e03,c1,p35,l3,5.37
i43,e03,c4,p01,l3,0.00
i43,e03,c4,p02,l3,0.00
i43,e03,c4,p03,l3,0.00
i43,e03,c4,p04,l3,0.00
i43,e03,c4,p05,l3,0.00
i43,e03,c4,p06,l3,0.00
i43,e03,c4,p07,l3,0.00
i43,e03,c4,p08,l3,0.00
i43,e03,c4,p09,l3,0.00
i43,e03,c4,p10,l3,0.00
i43,e03,c4,p11,l3,0.00
i43,e03,c4,p12,l3,0.00
i43,e03,c4,p13,l3,0.00
i43,e03,c4,p14,l3,0.00
i43,e03,c4,p15,l3,0.00
i43,e03,c4,p16,l3,0.00
i43,e03,c4,p17,l3,0.00
i43,e03,c4,p18,l3,0.00
i43,e03,c4,p19,l3,0.00
i43,e03,c4,p21,l3,0.00
i43,e03,c4,p23,l3,0.00
i43,e03,c4,p24,l3,0.00
i43,e03,c4,p25,l3,0.00
i43,e03,c4,p28,l3,0.00
i43,e03,c4,p29,l3,0.00
i43,e03,c4,p32,l3,0.00
i43,e03,c4,p35,l3,0.00
i43,e03,c7,p13,l3,0.00
i43,e03,c7,p17,l3,0.00
i43,e04,c1,p01,l1,0.00
i43,e04,c1,p01,l3,7.11
i43,e04,c1,p02,l1,0.00
i43,e04,c1,p02,l3,5.08
i43,e04,c1,p03,l1,0.00
i43,e04,c1,p03,l3,0.00
i43,e04,c1,p04,l1,0.00
i43,e04,c1,p04,l3,9.35
i43,e04,c1,p05,l1,0.00
i43,e04,c1,p05,l3,1.44
i43,e04,c1,p06,l1,0.00
i43,e04,c1,p06,l3,0.00
i43,e04,c1,p07,l1,0.00
i43,e04,c1,p07,l3,3.13
i43,e04,c1,p08,l1,0.00
i43,e04,c1,p08,l3,0.00
i43,e04,c1,p09,l1,0.00
i43,e04,c1,p09,l3,0.00
i43,e04,c1,p10,l1,0.00
i43,e04,c1,p10,l3,4.37
i43,e04,c1,p11,l1,0.00
i43,e04,c1,p11,l3,1.02
i43,e04,c1,p12,l1,0.00
i43,e04,c1,p12,l3,0.00
i43,e04,c1,p13,l1,0.00
i43,e04,c1,p13,l3,2.36
i43,e04,c1,p14,l1,0.00
i43,e04,c1,p14,l3,1.19
i43,e04,c1,p15,l1,0.00
i43,e04,c1,p15,l3,0.00
i43,e04,c1,p16,l1,0.00
i43,e04,c1,p16,l3,0.00
i43,e04,c1,p17,l1,0.00
i43,e04,c1,p17,l3,8.06
i43,e04,c1,p18,l1,0.00
i43,e04,c1,p18,l3,21.33
i43,e04,c1,p19,l1,0.00
i43,e04,c1,p19,l3,2.51
i43,e04,c1,p20,l1,0.00
i43,e04,c1,p20,l3,0.00
i43,e04,c1,p21,l1,0.00
i43,e04,c1,p21,l3,3.05
i43,e04,c1,p22,l1,0.00
i43,e04,c1,p22,l3,0.00
i43,e04,c1,p23,l1,0.00
i43,e04,c1,p23,l3,0.00
i43,e04,c1,p24,l1,0.00
i43,e04,c1,p24,l3,0.00
i43,e04,c1,p25,l1,0.00
i43,e04,c1,p25,l3,0.00
i43,e04,c1,p26,l1,0.00
i43,e04,c1,p26,l3,0.00
i43,e04,c1,p27,l3,0.00
i43,e04,c1,p28,l1,0.00
i43,e04,c1,p28,l3,0.00
i43,e04,c1,p29,l1,0.00
i43,e04,c1,p29,l3,11.24
i43,e04,c1,p30,l1,0.00
i43,e04,c1,p30,l3,0.00
i43,e04,c1,p31,l1,0.00
i43,e04,c1,p31,l3,0.00
i43,e04,c1,p32,l1,0.00
i43,e04,c1,p32,l3,0.00
i43,e04,c1,p33,l1,0.00
i43,e04,c1,p33,l3,0.00
i43,e04,c1,p34,l3,0.00
i43,e04,c1,p35,l1,0.00
i43,e04,c1,p35,l3,8.37
i43,e04,c4,p01,l1,0.00
i43,e04,c4,p01,l3,0.00
i43,e04,c4,p02,l3,0.00
i43,e04,c4,p03,l1,0.00
i43,e04,c4,p03,l3,0.00
i43,e04,c4,p04,l1,0.00
i43,e04,c4,p04,l3,0.00
i43,e04,c4,p05,l1,0.00
i43,e04,c4,p05,l3,0.00
i43,e04,c4,p06,l1,0.00
i43,e04,c4,p06,l3,0.00
i43,e04,c4,p07,l1,0.00
i43,e04,c4,p07,l3,0.00
i43,e04,c4,p08,l3,0.00
i43,e04,c4,p09,l1,0.00
i43,e04,c4,p09,l3,0.00
i43,e04,c4,p10,l1,0.00
i43,e04,c4,p10,l3,0.00
i43,e04,c4,p11,l1,0.00
i43,e04,c4,p11,l3,0.00
i43,e04,c4,p12,l1,0.00
i43,e04,c4,p12,l3,0.00
i43,e04,c4,p13,l3,0.00
i43,e04,c4,p14,l3,0.00
i43,e04,c4,p15,l3,0.00
i43,e04,c4,p16,l3,0.00
i43,e04,c4,p17,l3,0.00
i43,e04,c4,p18,l3,0.00
i43,e04,c4,p19,l1,0.00
i43,e04,c4,p19,l3,0.00
i43,e04,c4,p20,l3,0.00
i43,e04,c4,p21,l3,0.00
i43,e04,c4,p22,l3,0.00
i43,e04,c4,p23,l3,0.00
i43,e04,c4,p24,l3,0.00
i43,e04,c4,p25,l3,0.00
i43,e04,c4,p26,l1,0.00
i43,e04,c4,p28,l3,0.00
i43,e04,c4,p29,l1,0.00
i43,e04,c4,p29,l3,0.00
i43,e04,c4,p31,l3,0.00
i43,e04,c4,p32,l3,0.00
i43,e04,c4,p35,l1,0.00
i43,e04,c4,p35,l3,0.00
i43,e04,c7,p03,l1,0.00
i43,e04,c7,p06,l3,0.00
i43,e04,c7,p07,l3,0.00
i43,e04,c7,p12,l3,0.00
i43,e04,c7,p13,l3,0.00
i43,e04,c7,p17,l3,0.00
i43,e04,c7,p19,l3,0.00
i43,e04,c7,p35,l3,0.00
i43,e05,c1,p01,l1,0.00
i43,e05,c1,p01,l3,0.00
i43,e05,c1,p02,l1,0.00
i43,e05,c1,p02,l3,0.00
i43,e05,c1,p03,l1,0.00
i43,e05,c1,p03,l3,0.00
i43,e05,c1,p04,l1,0.00
i43,e05,c1,p04,l3,0.00
i43,e05,c1,p05,l1,0.00
i43,e05,c1,p05,l3,0.00
i43,e05,c1,p06,l1,0.00
i43,e05,c1,p06,l3,0.00
i43,e05,c1,p07,l1,0.00
i43,e05,c1,p07,l3,0.00
i43,e05,c1,p08,l1,0.00
i43,e05,c1,p08,l3,0.00
i43,e05,c1,p09,l1,0.00
i43,e05,c1,p09,l3,0.00
i43,e05,c1,p10,l1,0.00
i43,e05,c1,p10,l3,1.37
i43,e05,c1,p11,l1,0.00
i43,e05,c1,p11,l3,0.00
i43,e05,c1,p12,l1,0.00
i43,e05,c1,p12,l3,0.00
i43,e05,c1,p13,l1,0.00
i43,e05,c1,p13,l3,0.00
i43,e05,c1,p14,l1,0.00
i43,e05,c1,p14,l3,0.00
i43,e05,c1,p15,l1,0.00
i43,e05,c1,p15,l3,0.00
i43,e05,c1,p16,l1,0.00
i43,e05,c1,p16,l3,0.00
i43,e05,c1,p17,l1,0.00
i43,e05,c1,p17,l3,0.00
i43,e05,c1,p18,l1,0.00
i43,e05,c1,p18,l3,0.00
i43,e05,c1,p19,l1,0.00
i43,e05,c1,p19,l3,0.00
i43,e05,c1,p20,l1,0.00
i43,e05,c1,p20,l3,0.00
i43,e05,c1,p21,l1,0.00
i43,e05,c1,p21,l3,0.00
i43,e05,c1,p22,l1,0.00
i43,e05,c1,p22,l3,0.00
i43,e05,c1,p23,l1,0.00
i43,e05,c1,p23,l3,0.00
i43,e05,c1,p24,l1,0.00
i43,e05,c1,p24,l3,0.00
i43,e05,c1,p25,l1,0.00
i43,e05,c1,p25,l3,0.00
i43,e05,c1,p26,l1,0.00
i43,e05,c1,p26,l3,0.00
i43,e05,c1,p28,l1,0.00
i43,e05,c1,p28,l3,0.00
i43,e05,c1,p29,l1,0.00
i43,e05,c1,p29,l3,0.00
i43,e05,c1,p30,l1,0.00
i43,e05,c1,p31,l1,0.00
i43,e05,c1,p31,l3,0.00
i43,e05,c1,p32,l1,0.00
i43,e05,c1,p32,l3,0.00
i43,e05,c1,p35,l1,0.00
i43,e05,c1,p35,l3,0.00
i43,e05,c4,p03,l3,0.00
i43,e05,c4,p04,l3,0.00
i43,e05,c4,p05,l3,0.00
i43,e05,c4,p06,l1,0.00
i43,e05,c4,p07,l3,0.00
i43,e05,c4,p11,l3,0.00
i43,e05,c4,p12,l1,0.00
i43,e05,c4,p17,l3,0.00
i43,e05,c4,p23,l3,0.00
i43,e05,c4,p24,l3,0.00
i43,e05,c4,p29,l1,0.00
i43,e05,c4,p35,l1,0.00
i43,e05,c4,p35,l3,0.00
i43,e06,c1,p01,l3,0.00
i43,e06,c1,p10,l3,0.00
i43,e07,c1,p01,l2,0.00
i43,e07,c1,p01,l3,0.00
i43,e07,c1,p02,l2,0.00
i43,e07,c1,p02,l3,0.00
i43,e07,c1,p03,l2,0.00
i43,e07,c1,p03,l3,3.21
i43,e07,c1,p04,l2,0.00
i43,e07,c1,p04,l3,0.00
i43,e07,c1,p05,l2,0.00
i43,e07,c1,p05,l3,0.00
i43,e07,c1,p06,l2,0.00
i43,e07,c1,p06,l3,0.00
i43,e07,c1,p07,l2,0.00
i43,e07,c1,p07,l3,0.00
i43,e07,c1,p08,l2,0.00
i43,e07,c1,p08,l3,0.00
i43,e07,c1,p09,l2,0.00
i43,e07,c1,p09,l3,0.00
i43,e07,c1,p10,l2,0.00
i43,e07,c1,p10,l3,2.56
i43,e07,c1,p11,l2,0.00
i43,e07,c1,p11,l3,0.00
i43,e07,c1,p12,l2,0.00
i43,e07,c1,p12,l3,0.00
i43,e07,c1,p13,l2,0.00
i43,e07,c1,p13,l3,0.00
i43,e07,c1,p14,l2,0.00
i43,e07,c1,p14,l3,5.11
i43,e07,c1,p15,l2,0.00
i43,e07,c1,p15,l3,0.00
i43,e07,c1,p16,l2,0.00
i43,e07,c1,p16,l3,0.00
i43,e07,c1,p17,l2,0.00
i43,e07,c1,p17,l3,0.00
i43,e07,c1,p18,l2,0.00
i43,e07,c1,p18,l3,1.16
i43,e07,c1,p19,l2,0.00
i43,e07,c1,p19,l3,0.00
i43,e07,c1,p20,l2,0.00
i43,e07,c1,p20,l3,0.00
i43,e07,c1,p21,l2,0.00
i43,e07,c1,p21,l3,0.00
i43,e07,c1,p22,l2,0.00
i43,e07,c1,p22,l3,1.63
i43,e07,c1,p23,l2,0.00
i43,e07,c1,p23,l3,0.00
i43,e07,c1,p24,l2,0.00
i43,e07,c1,p24,l3,0.00
i43,e07,c1,p25,l2,0.00
i43,e07,c1,p25,l3,0.00
i43,e07,c1,p26,l2,0.00
i43,e07,c1,p26,l3,0.00
i43,e07,c1,p28,l2,0.00
i43,e07,c1,p28,l3,0.00
i43,e07,c1,p29,l2,0.00
i43,e07,c1,p29,l3,1.46
i43,e07,c1,p30,l2,0.00
i43,e07,c1,p31,l2,0.00
i43,e07,c1,p31,l3,0.00
i43,e07,c1,p32,l2,0.00
i43,e07,c1,p32,l3,0.00
i43,e07,c1,p33,l2,0.00
i43,e07,c1,p33,l3,0.00
i43,e07,c1,p35,l2,0.00
i43,e07,c1,p35,l3,2.10
i43,e07,c4,p01,l2,0.00
i43,e07,c4,p01,l3,0.00
i43,e07,c4,p02,l2,0.00
i43,e07,c4,p02,l3,0.00
i43,e07,c4,p03,l2,0.00
i43,e07,c4,p03,l3,0.00
i43,e07,c4,p04,l2,0.00
i43,e07,c4,p04,l3,0.00
i43,e07,c4,p05,l2,0.00
i43,e07,c4,p05,l3,0.00
i43,e07,c4,p06,l2,0.00
i43,e07,c4,p06,l3,0.00
i43,e07,c4,p07,l2,0.00
i43,e07,c4,p07,l3,0.00
i43,e07,c4,p08,l2,0.00
i43,e07,c4,p08,l3,0.00
i43,e07,c4,p09,l2,0.00
i43,e07,c4,p09,l3,0.00
i43,e07,c4,p10,l2,0.00
i43,e07,c4,p10,l3,0.00
i43,e07,c4,p11,l2,0.00
i43,e07,c4,p11,l3,0.00
i43,e07,c4,p12,l2,0.00
i43,e07,c4,p12,l3,0.00
i43,e07,c4,p13,l2,0.00
i43,e07,c4,p13,l3,0.00
i43,e07,c4,p14,l2,0.00
i43,e07,c4,p14,l3,0.00
i43,e07,c4,p15,l2,0.00
i43,e07,c4,p17,l2,0.00
i43,e07,c4,p17,l3,0.00
i43,e07,c4,p18,l3,0.00
i43,e07,c4,p19,l2,0.00
i43,e07,c4,p19,l3,0.00
i43,e07,c4,p20,l2,0.00
i43,e07,c4,p21,l2,0.00
i43,e07,c4,p21,l3,0.00
i43,e07,c4,p24,l2,0.00
i43,e07,c4,p26,l2,0.00
i43,e07,c4,p28,l2,0.00
i43,e07,c4,p28,l3,0.00
i43,e07,c4,p29,l2,0.00
i43,e07,c4,p29,l3,0.00
i43,e07,c4,p31,l2,0.00
i43,e07,c4,p32,l2,0.00
i43,e07,c4,p35,l2,0.00
i43,e07,c4,p35,l3,0.00
i43,e07,c7,p03,l2,0.00
i43,e07,c7,p17,l2,0.00
i43,e07,c7,p17,l3,0.00
i43,e07,c7,p18,l2,0.00
i43,e08,c1,p01,l2,0.00
i43,e08,c1,p01,l3,2.78
i43,e08,c1,p02,l2,0.00
i43,e08,c1,p02,l3,7.56
i43,e08,c1,p03,l2,0.00
i43,e08,c1,p03,l3,0.00
i43,e08,c1,p04,l2,0.00
i43,e08,c1,p04,l3,6.87
i43,e08,c1,p05,l2,0.00
i43,e08,c1,p05,l3,0.00
i43,e08,c1,p06,l2,0.00
i43,e08,c1,p06,l3,0.00
i43,e08,c1,p07,l2,0.00
i43,e08,c1,p07,l3,0.00
i43,e08,c1,p08,l2,0.00
i43,e08,c1,p08,l3,2.40
i43,e08,c1,p09,l2,0.00
i43,e08,c1,p09,l3,0.00
i43,e08,c1,p10,l2,0.00
i43,e08,c1,p10,l3,0.00
i43,e08,c1,p11,l2,0.00
i43,e08,c1,p11,l3,1.25
i43,e08,c1,p12,l2,0.00
i43,e08,c1,p12,l3,0.00
i43,e08,c1,p13,l2,0.00
i43,e08,c1,p13,l3,4.13
i43,e08,c1,p14,l2,0.00
i43,e08,c1,p14,l3,1.26
i43,e08,c1,p15,l2,0.00
i43,e08,c1,p15,l3,0.00
i43,e08,c1,p16,l2,0.00
i43,e08,c1,p16,l3,0.00
i43,e08,c1,p17,l2,0.00
i43,e08,c1,p17,l3,4.65
i43,e08,c1,p18,l2,0.00
i43,e08,c1,p18,l3,13.10
i43,e08,c1,p19,l2,0.00
i43,e08,c1,p19,l3,1.52
i43,e08,c1,p20,l2,0.00
i43,e08,c1,p20,l3,0.00
i43,e08,c1,p21,l2,0.00
i43,e08,c1,p21,l3,0.00
i43,e08,c1,p22,l2,0.00
i43,e08,c1,p22,l3,0.00
i43,e08,c1,p23,l2,0.00
i43,e08,c1,p23,l3,0.00
i43,e08,c1,p24,l2,0.00
i43,e08,c1,p24,l3,5.45
i43,e08,c1,p25,l2,0.00
i43,e08,c1,p25,l3,0.00
i43,e08,c1,p26,l2,0.00
i43,e08,c1,p26,l3,0.00
i43,e08,c1,p27,l3,0.00
i43,e08,c1,p28,l2,0.00
i43,e08,c1,p28,l3,0.00
i43,e08,c1,p29,l2,0.00
i43,e08,c1,p29,l3,0.00
i43,e08,c1,p30,l3,0.00
i43,e08,c1,p31,l2,0.00
i43,e08,c1,p31,l3,0.00
i43,e08,c1,p32,l2,0.00
i43,e08,c1,p32,l3,0.00
i43,e08,c1,p33,l2,0.00
i43,e08,c1,p33,l3,0.00
i43,e08,c1,p34,l3,0.00
i43,e08,c1,p35,l2,0.00
i43,e08,c1,p35,l3,85.46
i43,e08,c4,p01,l2,0.00
i43,e08,c4,p01,l3,0.00
i43,e08,c4,p02,l2,0.00
i43,e08,c4,p02,l3,0.00
i43,e08,c4,p03,l2,0.00
i43,e08,c4,p03,l3,0.00
i43,e08,c4,p04,l2,0.00
i43,e08,c4,p04,l3,0.00
i43,e08,c4,p05,l2,0.00
i43,e08,c4,p05,l3,0.00
i43,e08,c4,p06,l2,0.00
i43,e08,c4,p06,l3,0.00
i43,e08,c4,p07,l2,0.00
i43,e08,c4,p07,l3,0.00
i43,e08,c4,p08,l3,0.00
i43,e08,c4,p09,l2,0.00
i43,e08,c4,p09,l3,0.00
i43,e08,c4,p10,l2,0.00
i43,e08,c4,p10,l3,0.00
i43,e08,c4,p11,l2,0.00
i43,e08,c4,p11,l3,0.00
i43,e08,c4,p12,l2,0.00
i43,e08,c4,p12,l3,0.00
i43,e08,c4,p13,l2,0.00
i43,e08,c4,p13,l3,0.00
i43,e08,c4,p14,l3,0.00
i43,e08,c4,p15,l2,0.00
i43,e08,c4,p15,l3,0.00
i43,e08,c4,p16,l3,0.00
i43,e08,c4,p17,l3,0.00
i43,e08,c4,p18,l3,0.00
i43,e08,c4,p19,l2,0.00
i43,e08,c4,p19,l3,0.00
i43,e08,c4,p20,l3,0.00
i43,e08,c4,p21,l3,0.00
i43,e08,c4,p22,l3,0.00
i43,e08,c4,p23,l2,0.00
i43,e08,c4,p23,l3,0.00
i43,e08,c4,p24,l3,0.00
i43,e08,c4,p25,l3,0.00
i43,e08,c4,p26,l2,0.00
i43,e08,c4,p28,l2,0.00
i43,e08,c4,p28,l3,0.00
i43,e08,c4,p29,l2,0.00
i43,e08,c4,p29,l3,0.00
i43,e08,c4,p31,l2,0.00
i43,e08,c4,p31,l3,0.00
i43,e08,c4,p32,l2,0.00
i43,e08,c4,p32,l3,0.00
i43,e08,c4,p35,l2,0.00
i43,e08,c4,p35,l3,0.00
i43,e08,c7,p01,l3,0.00
i43,e08,c7,p03,l2,0.00
i43,e08,c7,p13,l3,0.00
i43,e08,c7,p17,l3,0.00
i43,e08,c7,p19,l3,0.00
i43,e08,c7,p35,l3,0.00
i43,e09,c1,p01,l2,0.00
i43,e09,c1,p01,l3,6.06
i43,e09,c1,p02,l2,0.00
i43,e09,c1,p02,l3,1.86
i43,e09,c1,p03,l2,0.00
i43,e09,c1,p03,l3,9.70
i43,e09,c1,p04,l2,0.00
i43,e09,c1,p04,l3,2.06
i43,e09,c1,p05,l2,0.00
i43,e09,c1,p05,l3,0.00
i43,e09,c1,p06,l2,0.00
i43,e09,c1,p06,l3,1.14
i43,e09,c1,p07,l2,0.00
i43,e09,c1,p07,l3,10.27
i43,e09,c1,p08,l2,0.00
i43,e09,c1,p08,l3,2.07
i43,e09,c1,p09,l2,0.00
i43,e09,c1,p09,l3,0.00
i43,e09,c1,p10,l2,0.00
i43,e09,c1,p10,l3,14.02
i43,e09,c1,p11,l2,0.00
i43,e09,c1,p11,l3,7.12
i43,e09,c1,p12,l2,0.00
i43,e09,c1,p12,l3,0.00
i43,e09,c1,p13,l2,0.00
i43,e09,c1,p13,l3,1.20
i43,e09,c1,p14,l2,0.00
i43,e09,c1,p14,l3,3.61
i43,e09,c1,p15,l2,0.00
i43,e09,c1,p15,l3,1.11
i43,e09,c1,p16,l2,0.00
i43,e09,c1,p16,l3,0.00
i43,e09,c1,p17,l2,0.00
i43,e09,c1,p17,l3,10.10
i43,e09,c1,p18,l2,0.00
i43,e09,c1,p18,l3,7.09
i43,e09,c1,p19,l2,0.00
i43,e09,c1,p19,l3,7.00
i43,e09,c1,p20,l2,0.00
i43,e09,c1,p20,l3,0.00
i43,e09,c1,p21,l2,0.00
i43,e09,c1,p21,l3,10.44
i43,e09,c1,p22,l2,0.00
i43,e09,c1,p22,l3,1.12
i43,e09,c1,p23,l2,0.00
i43,e09,c1,p23,l3,0.00
i43,e09,c1,p24,l2,0.00
i43,e09,c1,p24,l3,6.27
i43,e09,c1,p25,l2,0.00
i43,e09,c1,p25,l3,0.00
i43,e09,c1,p26,l2,0.00
i43,e09,c1,p26,l3,0.00
i43,e09,c1,p27,l3,0.00
i43,e09,c1,p28,l2,0.00
i43,e09,c1,p28,l3,0.00
i43,e09,c1,p29,l2,0.00
i43,e09,c1,p29,l3,6.25
i43,e09,c1,p30,l2,0.00
i43,e09,c1,p30,l3,0.00
i43,e09,c1,p31,l2,0.00
i43,e09,c1,p31,l3,0.00
i43,e09,c1,p32,l2,0.00
i43,e09,c1,p32,l3,0.00
i43,e09,c1,p33,l2,0.00
i43,e09,c1,p33,l3,0.00
i43,e09,c1,p34,l3,0.00
i43,e09,c1,p35,l2,0.00
i43,e09,c1,p35,l3,5.14
i43,e09,c4,p01,l2,0.00
i43,e09,c4,p01,l3,0.00
i43,e09,c4,p02,l2,0.00
i43,e09,c4,p02,l3,0.00
i43,e09,c4,p03,l2,0.00
i43,e09,c4,p03,l3,0.00
i43,e09,c4,p04,l2,0.00
i43,e09,c4,p04,l3,0.00
i43,e09,c4,p05,l2,0.00
i43,e09,c4,p05,l3,0.00
i43,e09,c4,p06,l2,0.00
i43,e09,c4,p06,l3,0.00
i43,e09,c4,p07,l2,0.00
i43,e09,c4,p07,l3,0.00
i43,e09,c4,p08,l2,0.00
i43,e09,c4,p08,l3,0.00
i43,e09,c4,p09,l2,0.00
i43,e09,c4,p09,l3,0.00
i43,e09,c4,p10,l2,0.00
i43,e09,c4,p10,l3,0.00
i43,e09,c4,p11,l2,0.00
i43,e09,c4,p11,l3,0.00
i43,e09,c4,p12,l2,0.00
i43,e09,c4,p12,l3,0.00
i43,e09,c4,p13,l2,0.00
i43,e09,c4,p13,l3,0.00
i43,e09,c4,p14,l3,0.00
i43,e09,c4,p15,l2,0.00
i43,e09,c4,p15,l3,0.00
i43,e09,c4,p16,l3,0.00
i43,e09,c4,p17,l2,0.00
i43,e09,c4,p17,l3,0.00
i43,e09,c4,p18,l3,0.00
i43,e09,c4,p19,l2,0.00
i43,e09,c4,p19,l3,0.00
i43,e09,c4,p20,l3,0.00
i43,e09,c4,p21,l2,0.00
i43,e09,c4,p21,l3,0.00
i43,e09,c4,p22,l3,0.00
i43,e09,c4,p23,l2,0.00
i43,e09,c4,p23,l3,0.00
i43,e09,c4,p24,l2,0.00
i43,e09,c4,p24,l3,0.00
i43,e09,c4,p25,l2,0.00
i43,e09,c4,p25,l3,0.00
i43,e09,c4,p26,l2,0.00
i43,e09,c4,p26,l3,0.00
i43,e09,c4,p28,l2,0.00
i43,e09,c4,p28,l3,0.00
i43,e09,c4,p29,l2,0.00
i43,e09,c4,p29,l3,0.00
i43,e09,c4,p31,l2,0.00
i43,e09,c4,p31,l3,0.00
i43,e09,c4,p32,l3,0.00
i43,e09,c4,p35,l2,0.00
i43,e09,c4,p35,l3,0.00
i43,e09,c7,p03,l2,0.00
i43,e09,c7,p03,l3,0.00
i43,e09,c7,p06,l3,0.00
i43,e09,c7,p07,l3,0.00
i43,e09,c7,p11,l3,0.00
i43,e09,c7,p12,l3,0.00
i43,e09,c7,p13,l3,0.00
i43,e09,c7,p17,l3,0.00
i43,e09,c7,p19,l3,0.00
i43,e09,c7,p35,l3,0.00
i43,e10,c1,p01,l3,0.00
i43,e10,c1,p01,l4,0.00
i43,e10,c1,p10,l2,0.00
i43,e10,c1,p10,l3,0.00
i43,e10,c1,p10,l4,0.00
i43,e11,c1,p01,l2,0.00
i43,e11,c1,p01,l3,0.00
i43,e11,c1,p02,l2,0.00
i43,e11,c1,p02,l3,0.00
i43,e11,c1,p03,l2,0.00
i43,e11,c1,p03,l3,0.00
i43,e11,c1,p04,l2,0.00
i43,e11,c1,p04,l3,0.00
i43,e11,c1,p05,l2,0.00
i43,e11,c1,p05,l3,0.00
i43,e11,c1,p06,l2,0.00
i43,e11,c1,p06,l3,0.00
i43,e11,c1,p07,l2,0.00
i43,e11,c1,p07,l3,0.00
i43,e11,c1,p08,l2,0.00
i43,e11,c1,p08,l3,0.00
i43,e11,c1,p09,l2,0.00
i43,e11,c1,p09,l3,0.00
i43,e11,c1,p10,l2,0.00
i43,e11,c1,p10,l3,0.00
i43,e11,c1,p11,l2,0.00
i43,e11,c1,p11,l3,0.00
i43,e11,c1,p12,l2,0.00
i43,e11,c1,p12,l3,0.00
i43,e11,c1,p13,l2,0.00
i43,e11,c1,p13,l3,0.00
i43,e11,c1,p14,l2,0.00
i43,e11,c1,p14,l3,0.00
i43,e11,c1,p15,l2,0.00
i43,e11,c1,p15,l3,0.00
i43,e11,c1,p16,l2,0.00
i43,e11,c1,p16,l3,0.00
i43,e11,c1,p17,l2,0.00
i43,e11,c1,p17,l3,0.00
i43,e11,c1,p18,l2,0.00
i43,e11,c1,p18,l3,0.00
i43,e11,c1,p19,l2,0.00
i43,e11,c1,p19,l3,0.00
i43,e11,c1,p20,l2,0.00
i43,e11,c1,p20,l3,0.00
i43,e11,c1,p21,l2,0.00
i43,e11,c1,p21,l3,0.00
i43,e11,c1,p22,l2,0.00
i43,e11,c1,p22,l3,0.00
i43,e11,c1,p23,l2,0.00
i43,e11,c1,p23,l3,0.00
i43,e11,c1,p24,l2,0.00
i43,e11,c1,p24,l3,0.00
i43,e11,c1,p25,l2,0.00
i43,e11,c1,p25,l3,0.00
i43,e11,c1,p26,l2,0.00
i43,e11,c1,p26,l3,0.00
i43,e11,c1,p28,l2,0.00
i43,e11,c1,p28,l3,0.00
i43,e11,c1,p29,l2,0.00
i43,e11,c1,p29,l3,0.00
i43,e11,c1,p30,l2,0.00
i43,e11,c1,p31,l2,0.00
i43,e11,c1,p31,l3,0.00
i43,e11,c1,p32,l2,0.00
i43,e11,c1,p32,l3,0.00
i43,e11,c1,p33,l2,0.00
i43,e11,c1,p33,l3,0.00
i43,e11,c1,p35,l2,0.00
i43,e11,c1,p35,l3,0.00
i43,e11,c4,p01,l2,0.00
i43,e11,c4,p01,l3,0.00
i43,e11,c4,p02,l3,0.00
i43,e11,c4,p03,l2,0.00
i43,e11,c4,p03,l3,0.00
i43,e11,c4,p04,l2,0.00
i43,e11,c4,p05,l3,0.00
i43,e11,c4,p06,l3,0.00
i43,e11,c4,p07,l2,0.00
i43,e11,c4,p07,l3,0.00
i43,e11,c4,p08,l3,0.00
i43,e11,c4,p09,l2,0.00
i43,e11,c4,p09,l3,0.00
i43,e11,c4,p10,l2,0.00
i43,e11,c4,p10,l3,0.00
i43,e11,c4,p11,l2,0.00
i43,e11,c4,p11,l3,0.00
i43,e11,c4,p17,l3,0.00
i43,e11,c4,p18,l3,0.00
i43,e11,c4,p19,l2,0.00
i43,e11,c4,p21,l3,0.00
i43,e11,c4,p22,l3,0.00
i43,e11,c4,p24,l2,0.00
i43,e11,c4,p25,l2,0.00
i43,e11,c4,p25,l3,0.00
i43,e11,c4,p28,l3,0.00
i43,e11,c4,p31,l2,0.00
i43,e11,c4,p31,l3,0.00
i43,e11,c4,p35,l2,0.00
i43,e11,c4,p35,l3,0.00
i43,e11,c7,p17,l3,0.00
i43,e12,c1,p01,l3,0.00
i43,e12,c1,p02,l3,0.00
i43,e12,c1,p03,l3,0.00
i43,e12,c1,p04,l3,0.00
i43,e12,c1,p05,l3,0.00
i43,e12,c1,p06,l3,0.00
i43,e12,c1,p07,l3,0.00
i43,e12,c1,p08,l3,0.00
i43,e12,c1,p09,l3,0.00
i43,e12,c1,p10,l3,0.00
i43,e12,c1,p11,l3,0.00
i43,e12,c1,p12,l3,0.00
i43,e12,c1,p13,l3,0.00
i43,e12,c1,p14,l3,0.00
i43,e12,c1,p15,l3,0.00
i43,e12,c1,p16,l3,0.00
i43,e12,c1,p17,l3,0.00
i43,e12,c1,p18,l3,1.16
i43,e12,c1,p19,l3,0.00
i43,e12,c1,p20,l3,0.00
i43,e12,c1,p21,l3,0.00
i43,e12,c1,p22,l3,0.00
i43,e12,c1,p23,l3,0.00
i43,e12,c1,p24,l3,0.00
i43,e12,c1,p25,l3,0.00
i43,e12,c1,p26,l3,0.00
i43,e12,c1,p28,l3,0.00
i43,e12,c1,p29,l3,0.00
i43,e12,c1,p31,l3,0.00
i43,e12,c1,p32,l3,0.00
i43,e12,c1,p33,l3,0.00
i43,e12,c1,p35,l3,0.00
i43,e12,c4,p01,l3,0.00
i43,e12,c4,p02,l3,0.00
i43,e12,c4,p03,l3,0.00
i43,e12,c4,p04,l3,0.00
i43,e12,c4,p05,l3,0.00
i43,e12,c4,p06,l3,0.00
i43,e12,c4,p07,l3,0.00
i43,e12,c4,p08,l3,0.00
i43,e12,c4,p09,l3,0.00
i43,e12,c4,p10,l3,0.00
i43,e12,c4,p11,l3,0.00
i43,e12,c4,p12,l3,0.00
i43,e12,c4,p13,l3,0.00
i43,e12,c4,p14,l3,0.00
i43,e12,c4,p15,l3,0.00
i43,e12,c4,p17,l3,0.00
i43,e12,c4,p18,l3,0.00
i43,e12,c4,p19,l3,0.00
i43,e12,c4,p21,l3,0.00
i43,e12,c4,p24,l3,0.00
i43,e12,c4,p26,l3,0.00
i43,e12,c4,p29,l3,0.00
i43,e12,c4,p31,l3,0.00
i43,e12,c4,p32,l3,0.00
i43,e12,c4,p35,l3,0.00
i43,e12,c7,p17,l3,0.00
i43,e12,c7,p18,l3,0.00
i43,e12,c7,p21,l3,0.00
i43,e12,c7,p35,l3,0.00
i44,e01,c3,p01,l3,0.00
i44,e01,c3,p02,l3,0.00
i44,e01,c3,p03,l3,0.00
i44,e01,c3,p04,l3,0.00
i44,e01,c3,p05,l3,0.00
i44,e01,c3,p06,l3,0.00
i44,e01,c3,p07,l3,0.00
i44,e01,c3,p08,l3,0.00
i44,e01,c3,p09,l3,0.00
i44,e01,c3,p10,l3,0.00
i44,e01,c3,p11,l3,0.00
i44,e01,c3,p12,l3,0.00
i44,e01,c3,p13,l3,0.00
i44,e01,c3,p14,l3,0.00
i44,e01,c3,p15,l3,0.00
i44,e01,c3,p16,l3,0.00
i44,e01,c3,p17,l3,0.00
i44,e01,c3,p18,l3,0.00
i44,e01,c3,p19,l3,0.00
i44,e01,c3,p20,l3,0.00
i44,e01,c3,p21,l3,0.00
i44,e01,c3,p22,l3,0.00
i44,e01,c3,p23,l3,0.00
i44,e01,c3,p24,l3,0.00
i44,e01,c3,p25,l3,0.00
i44,e01,c3,p28,l3,0.00
i44,e01,c3,p29,l3,0.00
i44,e01,c3,p32,l3,0.00
i44,e01,c3,p35,l3,2.21
i44,e01,c5,p01,l3,0.00
i44,e01,c5,p10,l3,0.00
i44,e02,c3,p03,l1,0.00
i44,e02,c3,p04,l1,0.00
i44,e02,c3,p05,l1,0.00
i44,e02,c3,p06,l1,0.00
i44,e02,c3,p10,l1,0.00
i44,e02,c3,p10,l3,0.00
i44,e02,c3,p14,l1,0.00
i44,e02,c3,p15,l1,0.00
i44,e02,c3,p16,l1,0.00
i44,e02,c3,p21,l1,0.00
i44,e02,c3,p24,l1,0.00
i44,e02,c3,p28,l1,0.00
i44,e02,c3,p35,l1,0.00
i44,e02,c3,p35,l3,0.00
i44,e04,c3,p01,l1,0.00
i44,e04,c3,p01,l3,0.00
i44,e04,c3,p02,l1,0.00
i44,e04,c3,p02,l3,0.00
i44,e04,c3,p03,l1,0.00
i44,e04,c3,p03,l3,1.12
i44,e04,c3,p04,l1,0.00
i44,e04,c3,p04,l3,0.00
i44,e04,c3,p05,l1,0.00
i44,e04,c3,p05,l3,0.00
i44,e04,c3,p06,l1,0.00
i44,e04,c3,p06,l3,0.00
i44,e04,c3,p07,l1,0.00
i44,e04,c3,p07,l3,0.00
i44,e04,c3,p08,l1,0.00
i44,e04,c3,p08,l3,0.00
i44,e04,c3,p09,l1,0.00
i44,e04,c3,p09,l3,0.00
i44,e04,c3,p10,l1,0.00
i44,e04,c3,p10,l3,0.00
i44,e04,c3,p11,l1,0.00
i44,e04,c3,p11,l3,0.00
i44,e04,c3,p12,l1,0.00
i44,e04,c3,p12,l3,0.00
i44,e04,c3,p13,l1,0.00
i44,e04,c3,p13,l3,0.00
i44,e04,c3,p14,l1,0.00
i44,e04,c3,p14,l3,0.00
i44,e04,c3,p15,l1,0.00
i44,e04,c3,p15,l3,0.00
i44,e04,c3,p16,l1,0.00
i44,e04,c3,p16,l3,0.00
i44,e04,c3,p17,l1,0.00
i44,e04,c3,p17,l3,0.00
i44,e04,c3,p18,l1,0.00
i44,e04,c3,p18,l3,0.00
i44,e04,c3,p19,l1,0.00
i44,e04,c3,p19,l3,0.00
i44,e04,c3,p20,l1,0.00
i44,e04,c3,p21,l1,0.00
i44,e04,c3,p21,l3,0.00
i44,e04,c3,p22,l1,0.00
i44,e04,c3,p23,l1,0.00
i44,e04,c3,p23,l3,0.00
i44,e04,c3,p24,l1,0.00
i44,e04,c3,p24,l3,0.00
i44,e04,c3,p25,l1,0.00
i44,e04,c3,p28,l1,0.00
i44,e04,c3,p28,l3,0.00
i44,e04,c3,p29,l1,0.00
i44,e04,c3,p29,l3,0.00
i44,e04,c3,p32,l1,0.00
i44,e04,c3,p32,l3,0.00
i44,e04,c3,p35,l1,0.00
i44,e04,c3,p35,l3,4.56
i44,e04,c5,p01,l1,0.00
i44,e04,c5,p01,l3,0.00
i44,e04,c5,p06,l1,0.00
i44,e04,c5,p10,l3,0.00
i44,e04,c5,p13,l3,0.00
i44,e04,c5,p16,l1,0.00
i44,e05,c3,p10,l3,0.00
i44,e05,c3,p15,l3,0.00
i44,e05,c3,p24,l1,0.00
i44,e05,c3,p24,l3,0.00
i44,e05,c3,p35,l1,0.00
i44,e05,c3,p35,l3,0.00
i44,e05,c5,p10,l3,0.00
i44,e05,c5,p35,l3,0.00
i44,e05,c8,p24,l3,0.00
i44,e05,c8,p35,l3,0.00
i44,e08,c3,p01,l2,0.00
i44,e08,c3,p01,l3,0.00
i44,e08,c3,p02,l2,0.00
i44,e08,c3,p02,l3,0.00
i44,e08,c3,p03,l2,0.00
i44,e08,c3,p03,l3,0.00
i44,e08,c3,p04,l2,0.00
i44,e08,c3,p04,l3,0.00
i44,e08,c3,p05,l2,0.00
i44,e08,c3,p06,l2,0.00
i44,e08,c3,p06,l3,0.00
i44,e08,c3,p07,l2,0.00
i44,e08,c3,p07,l3,0.00
i44,e08,c3,p08,l2,0.00
i44,e08,c3,p08,l3,0.00
i44,e08,c3,p09,l2,0.00
i44,e08,c3,p09,l3,0.00
i44,e08,c3,p10,l2,0.00
i44,e08,c3,p10,l3,0.00
i44,e08,c3,p11,l2,0.00
i44,e08,c3,p11,l3,0.00
i44,e08,c3,p12,l2,0.00
i44,e08,c3,p12,l3,0.00
i44,e08,c3,p13,l2,0.00
i44,e08,c3,p13,l3,0.00
i44,e08,c3,p14,l2,0.00
i44,e08,c3,p14,l3,0.00
i44,e08,c3,p15,l2,0.00
i44,e08,c3,p15,l3,0.00
i44,e08,c3,p16,l2,0.00
i44,e08,c3,p16,l3,0.00
i44,e08,c3,p17,l2,0.00
i44,e08,c3,p17,l3,0.00
i44,e08,c3,p18,l2,0.00
i44,e08,c3,p18,l3,0.00
i44,e08,c3,p19,l2,0.00
i44,e08,c3,p19,l3,0.00
i44,e08,c3,p20,l2,0.00
i44,e08,c3,p21,l2,0.00
i44,e08,c3,p21,l3,0.00
i44,e08,c3,p22,l2,0.00
i44,e08,c3,p23,l2,0.00
i44,e08,c3,p23,l3,0.00
i44,e08,c3,p24,l2,0.00
i44,e08,c3,p24,l3,0.00
i44,e08,c3,p25,l2,0.00
i44,e08,c3,p28,l2,0.00
i44,e08,c3,p28,l3,0.00
i44,e08,c3,p29,l2,0.00
i44,e08,c3,p29,l3,0.00
i44,e08,c3,p32,l2,0.00
i44,e08,c3,p35,l2,0.00
i44,e08,c3,p35,l3,0.00
i44,e08,c5,p01,l2,0.00
i44,e08,c5,p10,l3,0.00
i44,e08,c5,p13,l3,0.00
i44,e08,c5,p35,l2,0.00
i44,e08,c5,p35,l3,0.00
i44,e08,c8,p10,l3,0.00
i44,e08,c8,p35,l3,0.00
i44,e09,c3,p01,l2,0.00
i44,e09,c3,p02,l2,0.00
i44,e09,c3,p02,l3,0.00
i44,e09,c3,p03,l2,0.00
i44,e09,c3,p03,l3,0.00
i44,e09,c3,p04,l2,0.00
i44,e09,c3,p04,l3,0.00
i44,e09,c3,p05,l2,0.00
i44,e09,c3,p06,l2,0.00
i44,e09,c3,p06,l3,0.00
i44,e09,c3,p07,l2,0.00
i44,e09,c3,p07,l3,0.00
i44,e09,c3,p08,l2,0.00
i44,e09,c3,p08,l3,0.00
i44,e09,c3,p09,l2,0.00
i44,e09,c3,p09,l3,0.00
i44,e09,c3,p10,l2,0.00
i44,e09,c3,p10,l3,0.00
i44,e09,c3,p11,l2,0.00
i44,e09,c3,p11,l3,0.00
i44,e09,c3,p12,l2,0.00
i44,e09,c3,p12,l3,0.00
i44,e09,c3,p13,l2,0.00
i44,e09,c3,p13,l3,0.00
i44,e09,c3,p14,l2,0.00
i44,e09,c3,p14,l3,0.00
i44,e09,c3,p15,l2,0.00
i44,e09,c3,p15,l3,0.00
i44,e09,c3,p16,l2,0.00
i44,e09,c3,p16,l3,0.00
i44,e09,c3,p17,l2,0.00
i44,e09,c3,p17,l3,0.00
i44,e09,c3,p18,l2,0.00
i44,e09,c3,p18,l3,0.00
i44,e09,c3,p19,l2,0.00
i44,e09,c3,p19,l3,0.00
i44,e09,c3,p20,l2,0.00
i44,e09,c3,p21,l2,0.00
i44,e09,c3,p21,l3,0.00
i44,e09,c3,p22,l2,0.00
i44,e09,c3,p23,l2,0.00
i44,e09,c3,p23,l3,0.00
i44,e09,c3,p24,l2,0.00
i44,e09,c3,p24,l3,0.00
i44,e09,c3,p25,l2,0.00
i44,e09,c3,p28,l2,0.00
i44,e09,c3,p28,l3,0.00
i44,e09,c3,p29,l2,0.00
i44,e09,c3,p29,l3,0.00
i44,e09,c3,p32,l2,0.00
i44,e09,c3,p32,l3,0.00
i44,e09,c3,p35,l2,0.00
i44,e09,c3,p35,l3,4.20
i44,e09,c5,p01,l2,0.00
i44,e09,c5,p01,l3,0.00
i44,e09,c5,p10,l3,0.00
i44,e09,c8,p10,l3,0.00
i44,e11,c3,p01,l2,0.00
i44,e11,c3,p02,l2,0.00
i44,e11,c3,p02,l3,0.00
i44,e11,c3,p03,l2,0.00
i44,e11,c3,p03,l3,0.00
i44,e11,c3,p04,l2,0.00
i44,e11,c3,p04,l3,0.00
i44,e11,c3,p05,l2,0.00
i44,e11,c3,p06,l2,0.00
i44,e11,c3,p06,l3,0.00
i44,e11,c3,p07,l2,0.00
i44,e11,c3,p07,l3,0.00
i44,e11,c3,p08,l2,0.00
i44,e11,c3,p08,l3,0.00
i44,e11,c3,p09,l2,0.00
i44,e11,c3,p09,l3,0.00
i44,e11,c3,p10,l2,0.00
i44,e11,c3,p10,l3,0.00
i44,e11,c3,p11,l2,0.00
i44,e11,c3,p11,l3,0.00
i44,e11,c3,p12,l2,0.00
i44,e11,c3,p12,l3,0.00
i44,e11,c3,p13,l2,0.00
i44,e11,c3,p13,l3,0.00
i44,e11,c3,p14,l2,0.00
i44,e11,c3,p15,l2,0.00
i44,e11,c3,p15,l3,0.00
i44,e11,c3,p17,l2,0.00
i44,e11,c3,p18,l2,0.00
i44,e11,c3,p18,l3,0.00
i44,e11,c3,p19,l2,0.00
i44,e11,c3,p19,l3,0.00
i44,e11,c3,p20,l2,0.00
i44,e11,c3,p21,l2,0.00
i44,e11,c3,p21,l3,0.00
i44,e11,c3,p22,l2,0.00
i44,e11,c3,p23,l2,0.00
i44,e11,c3,p23,l3,1.23
i44,e11,c3,p24,l2,0.00
i44,e11,c3,p25,l2,0.00
i44,e11,c3,p28,l2,0.00
i44,e11,c3,p29,l2,0.00
i44,e11,c3,p32,l2,0.00
i44,e11,c3,p32,l3,0.00
i44,e11,c3,p35,l2,0.00
i44,e11,c3,p35,l3,0.00
i45,e01,c1,p01,l3,0.00
i45,e01,c1,p03,l3,0.00
i45,e01,c1,p04,l3,0.00
i45,e01,c1,p05,l3,0.00
i45,e01,c1,p06,l3,0.00
i45,e01,c1,p07,l3,0.00
i45,e01,c1,p08,l3,0.00
i45,e01,c1,p09,l3,0.00
i45,e01,c1,p10,l3,0.00
i45,e01,c1,p11,l3,0.00
i45,e01,c1,p12,l3,0.00
i45,e01,c1,p13,l3,0.00
i45,e01,c1,p14,l3,0.00
i45,e01,c1,p15,l3,0.00
i45,e01,c1,p16,l3,0.00
i45,e01,c1,p17,l3,0.00
i45,e01,c1,p18,l3,0.00
i45,e01,c1,p19,l3,1.13
i45,e01,c1,p20,l3,0.00
i45,e01,c1,p21,l3,0.00
i45,e01,c1,p22,l3,0.00
i45,e01,c1,p23,l3,0.00
i45,e01,c1,p24,l3,0.00
i45,e01,c1,p25,l3,0.00
i45,e01,c1,p26,l3,0.00
i45,e01,c1,p28,l3,0.00
i45,e01,c1,p29,l3,0.00
i45,e01,c1,p30,l3,0.00
i45,e01,c1,p32,l3,0.00
i45,e01,c1,p35,l3,0.00
i45,e04,c1,p01,l1,0.00
i45,e04,c1,p01,l3,0.00
i45,e04,c1,p02,l1,0.00
i45,e04,c1,p02,l3,0.00
i45,e04,c1,p03,l1,0.00
i45,e04,c1,p03,l3,0.00
i45,e04,c1,p04,l1,0.00
i45,e04,c1,p04,l3,0.00
i45,e04,c1,p05,l1,0.00
i45,e04,c1,p05,l3,0.00
i45,e04,c1,p06,l3,0.00
i45,e04,c1,p07,l1,0.00
i45,e04,c1,p07,l3,0.00
i45,e04,c1,p08,l3,0.00
i45,e04,c1,p09,l1,0.00
i45,e04,c1,p09,l3,0.00
i45,e04,c1,p10,l1,0.00
i45,e04,c1,p10,l3,0.00
i45,e04,c1,p11,l1,0.00
i45,e04,c1,p11,l3,0.00
i45,e04,c1,p12,l1,0.00
i45,e04,c1,p12,l3,0.00
i45,e04,c1,p13,l1,0.00
i45,e04,c1,p13,l3,0.00
i45,e04,c1,p14,l1,0.00
i45,e04,c1,p14,l3,0.00
i45,e04,c1,p15,l1,0.00
i45,e04,c1,p15,l3,0.00
i45,e04,c1,p16,l1,0.00
i45,e04,c1,p16,l3,0.00
i45,e04,c1,p17,l1,0.00
i45,e04,c1,p17,l3,0.00
i45,e04,c1,p18,l1,0.00
i45,e04,c1,p18,l3,0.00
i45,e04,c1,p19,l1,0.00
i45,e04,c1,p19,l3,0.00
i45,e04,c1,p20,l3,0.00
i45,e04,c1,p21,l1,0.00
i45,e04,c1,p21,l3,0.00
i45,e04,c1,p22,l1,0.00
i45,e04,c1,p22,l3,0.00
i45,e04,c1,p23,l1,0.00
i45,e04,c1,p23,l3,0.00
i45,e04,c1,p24,l3,0.00
i45,e04,c1,p25,l1,0.00
i45,e04,c1,p25,l3,0.00
i45,e04,c1,p26,l1,0.00
i45,e04,c1,p28,l3,0.00
i45,e04,c1,p29,l1,0.00
i45,e04,c1,p29,l3,0.00
i45,e04,c1,p32,l1,0.00
i45,e04,c1,p32,l3,0.00
i45,e04,c1,p35,l1,0.00
i45,e04,c1,p35,l3,0.00
i45,e05,c1,p35,l1,0.00
i45,e05,c1,p35,l3,0.00
i45,e09,c1,p01,l2,0.00
i45,e09,c1,p01,l3,0.00
i45,e09,c1,p02,l2,0.00
i45,e09,c1,p02,l3,0.00
i45,e09,c1,p03,l2,0.00
i45,e09,c1,p03,l3,0.00
i45,e09,c1,p04,l2,0.00
i45,e09,c1,p04,l3,0.00
i45,e09,c1,p05,l2,0.00
i45,e09,c1,p05,l3,0.00
i45,e09,c1,p06,l3,0.00
i45,e09,c1,p07,l2,0.00
i45,e09,c1,p07,l3,0.00
i45,e09,c1,p08,l2,0.00
i45,e09,c1,p08,l3,0.00
i45,e09,c1,p09,l2,0.00
i45,e09,c1,p09,l3,0.00
i45,e09,c1,p10,l2,0.00
i45,e09,c1,p10,l3,0.00
i45,e09,c1,p11,l2,0.00
i45,e09,c1,p11,l3,0.00
i45,e09,c1,p12,l2,0.00
i45,e09,c1,p12,l3,0.00
i45,e09,c1,p13,l2,0.00
i45,e09,c1,p13,l3,0.00
i45,e09,c1,p14,l2,0.00
i45,e09,c1,p14,l3,0.00
i45,e09,c1,p15,l2,0.00
i45,e09,c1,p15,l3,0.00
i45,e09,c1,p16,l2,0.00
i45,e09,c1,p16,l3,0.00
i45,e09,c1,p17,l2,0.00
i45,e09,c1,p17,l3,0.00
i45,e09,c1,p18,l2,0.00
i45,e09,c1,p18,l3,0.00
i45,e09,c1,p19,l2,0.00
i45,e09,c1,p19,l3,0.00
i45,e09,c1,p20,l2,0.00
i45,e09,c1,p20,l3,0.00
i45,e09,c1,p21,l2,0.00
i45,e09,c1,p21,l3,0.00
i45,e09,c1,p22,l2,0.00
i45,e09,c1,p22,l3,0.00
i45,e09,c1,p23,l2,0.00
i45,e09,c1,p23,l3,0.00
i45,e09,c1,p24,l2,0.00
i45,e09,c1,p24,l3,0.00
i45,e09,c1,p25,l3,0.00
i45,e09,c1,p26,l2,0.00
i45,e09,c1,p28,l2,0.00
i45,e09,c1,p28,l3,0.00
i45,e09,c1,p29,l2,0.00
i45,e09,c1,p29,l3,0.00
i45,e09,c1,p30,l3,0.00
i45,e09,c1,p32,l2,0.00
i45,e09,c1,p32,l3,0.00
i45,e09,c1,p35,l2,0.00
i45,e09,c1,p35,l3,0.00
i46,e01,c1,p01,l3,0.00
i46,e01,c1,p02,l3,5.14
i46,e01,c1,p03,l3,5.13
i46,e01,c1,p04,l3,0.00
i46,e01,c1,p05,l3,1.06
i46,e01,c1,p06,l3,0.00
i46,e01,c1,p07,l3,0.00
i46,e01,c1,p08,l3,0.00
i46,e01,c1,p09,l3,0.00
i46,e01,c1,p10,l3,0.00
i46,e01,c1,p11,l3,1.10
i46,e01,c1,p12,l3,0.00
i46,e01,c1,p13,l3,0.00
i46,e01,c1,p14,l3,0.00
i46,e01,c1,p15,l3,3.29
i46,e01,c1,p16,l3,1.37
i46,e01,c1,p17,l3,1.41
i46,e01,c1,p18,l3,1.39
i46,e01,c1,p19,l3,8.24
i46,e01,c1,p20,l3,0.00
i46,e01,c1,p21,l3,1.07
i46,e01,c1,p22,l3,0.00
i46,e01,c1,p23,l3,0.00
i46,e01,c1,p24,l3,0.00
i46,e01,c1,p25,l3,0.00
i46,e01,c1,p26,l3,4.12
i46,e01,c1,p27,l3,0.00
i46,e01,c1,p28,l3,0.00
i46,e01,c1,p29,l3,0.00
i46,e01,c1,p30,l3,0.00
i46,e01,c1,p31,l3,0.00
i46,e01,c1,p32,l3,0.00
i46,e01,c1,p33,l3,0.00
i46,e01,c1,p34,l3,0.00
i46,e01,c1,p35,l3,139.30
i46,e01,c4,p01,l3,0.00
i46,e01,c4,p02,l3,0.00
i46,e01,c4,p03,l3,7.53
i46,e01,c4,p04,l3,2.10
i46,e01,c4,p05,l3,0.00
i46,e01,c4,p06,l3,0.00
i46,e01,c4,p07,l3,0.00
i46,e01,c4,p08,l3,0.00
i46,e01,c4,p09,l3,0.00
i46,e01,c4,p10,l3,0.00
i46,e01,c4,p11,l3,0.00
i46,e01,c4,p12,l3,0.00
i46,e01,c4,p13,l3,0.00
i46,e01,c4,p14,l3,0.00
i46,e01,c4,p15,l3,0.00
i46,e01,c4,p16,l3,0.00
i46,e01,c4,p17,l3,0.00
i46,e01,c4,p18,l3,0.00
i46,e01,c4,p19,l3,5.22
i46,e01,c4,p20,l3,0.00
i46,e01,c4,p21,l3,0.00
i46,e01,c4,p22,l3,0.00
i46,e01,c4,p23,l3,0.00
i46,e01,c4,p24,l3,2.16
i46,e01,c4,p25,l3,0.00
i46,e01,c4,p26,l3,0.00
i46,e01,c4,p27,l3,0.00
i46,e01,c4,p28,l3,0.00
i46,e01,c4,p29,l3,0.00
i46,e01,c4,p30,l3,0.00
i46,e01,c4,p31,l3,0.00
i46,e01,c4,p32,l3,0.00
i46,e01,c4,p33,l3,0.00
i46,e01,c4,p34,l3,0.00
i46,e01,c4,p35,l3,20.07
i46,e01,c7,p01,l3,0.00
i46,e01,c7,p02,l3,0.00
i46,e01,c7,p03,l3,0.00
i46,e01,c7,p04,l3,0.00
i46,e01,c7,p05,l3,0.00
i46,e01,c7,p10,l3,0.00
i46,e01,c7,p11,l3,0.00
i46,e01,c7,p12,l3,0.00
i46,e01,c7,p13,l3,0.00
i46,e01,c7,p14,l3,0.00
i46,e01,c7,p15,l3,0.00
i46,e01,c7,p16,l3,0.00
i46,e01,c7,p18,l3,0.00
i46,e01,c7,p19,l3,0.00
i46,e01,c7,p22,l3,0.00
i46,e01,c7,p24,l3,0.00
i46,e01,c7,p35,l3,0.00
i46,e04,c1,p01,l1,0.00
i46,e04,c1,p01,l3,0.00
i46,e04,c1,p02,l1,0.00
i46,e04,c1,p02,l3,18.01
i46,e04,c1,p03,l1,0.00
i46,e04,c1,p03,l3,1.71
i46,e04,c1,p04,l1,0.00
i46,e04,c1,p04,l3,0.00
i46,e04,c1,p05,l1,0.00
i46,e04,c1,p05,l3,0.00
i46,e04,c1,p06,l1,0.00
i46,e04,c1,p06,l3,0.00
i46,e04,c1,p07,l1,0.00
i46,e04,c1,p07,l3,0.00
i46,e04,c1,p08,l1,0.00
i46,e04,c1,p08,l3,0.00
i46,e04,c1,p09,l1,0.00
i46,e04,c1,p09,l3,0.00
i46,e04,c1,p10,l1,0.00
i46,e04,c1,p10,l3,0.00
i46,e04,c1,p11,l1,0.00
i46,e04,c1,p11,l3,0.00
i46,e04,c1,p12,l1,0.00
i46,e04,c1,p12,l3,0.00
i46,e04,c1,p13,l1,0.00
i46,e04,c1,p13,l3,0.00
i46,e04,c1,p14,l1,0.00
i46,e04,c1,p14,l3,0.00
i46,e04,c1,p15,l1,0.00
i46,e04,c1,p15,l3,0.00
i46,e04,c1,p16,l1,0.00
i46,e04,c1,p16,l3,0.00
i46,e04,c1,p17,l1,0.00
i46,e04,c1,p17,l3,0.00
i46,e04,c1,p18,l1,0.00
i46,e04,c1,p18,l3,0.00
i46,e04,c1,p19,l1,0.00
i46,e04,c1,p19,l3,0.00
i46,e04,c1,p20,l1,0.00
i46,e04,c1,p20,l3,0.00
i46,e04,c1,p21,l1,0.00
i46,e04,c1,p21,l3,0.00
i46,e04,c1,p22,l1,0.00
i46,e04,c1,p22,l3,0.00
i46,e04,c1,p23,l1,0.00
i46,e04,c1,p23,l3,2.54
i46,e04,c1,p24,l1,0.00
i46,e04,c1,p24,l3,0.00
i46,e04,c1,p25,l1,0.00
i46,e04,c1,p25,l3,0.00
i46,e04,c1,p26,l1,0.00
i46,e04,c1,p26,l3,0.00
i46,e04,c1,p27,l3,0.00
i46,e04,c1,p28,l1,0.00
i46,e04,c1,p28,l3,0.00
i46,e04,c1,p29,l1,0.00
i46,e04,c1,p29,l3,0.00
i46,e04,c1,p30,l1,0.00
i46,e04,c1,p30,l3,0.00
i46,e04,c1,p31,l1,0.00
i46,e04,c1,p31,l3,0.00
i46,e04,c1,p32,l1,0.00
i46,e04,c1,p32,l3,0.00
i46,e04,c1,p33,l1,0.00
i46,e04,c1,p33,l3,0.00
i46,e04,c1,p34,l1,0.00
i46,e04,c1,p34,l3,0.00
i46,e04,c1,p35,l1,0.00
i46,e04,c1,p35,l3,116.29
i46,e04,c4,p01,l1,0.00
i46,e04,c4,p01,l3,0.00
i46,e04,c4,p02,l1,0.00
i46,e04,c4,p02,l3,0.00
i46,e04,c4,p03,l1,0.00
i46,e04,c4,p03,l3,3.44
i46,e04,c4,p04,l1,0.00
i46,e04,c4,p04,l3,0.00
i46,e04,c4,p05,l1,0.00
i46,e04,c4,p05,l3,0.00
i46,e04,c4,p06,l1,0.00
i46,e04,c4,p06,l3,0.00
i46,e04,c4,p07,l1,0.00
i46,e04,c4,p07,l3,0.00
i46,e04,c4,p08,l1,0.00
i46,e04,c4,p08,l3,0.00
i46,e04,c4,p09,l1,0.00
i46,e04,c4,p09,l3,0.00
i46,e04,c4,p10,l1,0.00
i46,e04,c4,p10,l3,0.00
i46,e04,c4,p11,l1,0.00
i46,e04,c4,p11,l3,0.00
i46,e04,c4,p12,l1,0.00
i46,e04,c4,p12,l3,0.00
i46,e04,c4,p13,l1,0.00
i46,e04,c4,p13,l3,0.00
i46,e04,c4,p14,l1,0.00
i46,e04,c4,p14,l3,0.00
i46,e04,c4,p15,l1,0.00
i46,e04,c4,p15,l3,0.00
i46,e04,c4,p16,l1,0.00
i46,e04,c4,p16,l3,0.00
i46,e04,c4,p17,l1,0.00
i46,e04,c4,p17,l3,0.00
i46,e04,c4,p18,l1,0.00
i46,e04,c4,p18,l3,0.00
i46,e04,c4,p19,l1,0.00
i46,e04,c4,p19,l3,24.13
i46,e04,c4,p20,l1,0.00
i46,e04,c4,p20,l3,0.00
i46,e04,c4,p21,l1,0.00
i46,e04,c4,p21,l3,0.00
i46,e04,c4,p22,l1,0.00
i46,e04,c4,p22,l3,0.00
i46,e04,c4,p23,l1,0.00
i46,e04,c4,p23,l3,0.00
i46,e04,c4,p24,l1,0.00
i46,e04,c4,p24,l3,0.00
i46,e04,c4,p25,l1,0.00
i46,e04,c4,p25,l3,0.00
i46,e04,c4,p26,l1,0.00
i46,e04,c4,p26,l3,0.00
i46,e04,c4,p27,l3,0.00
i46,e04,c4,p28,l1,0.00
i46,e04,c4,p28,l3,0.00
i46,e04,c4,p29,l1,0.00
i46,e04,c4,p29,l3,0.00
i46,e04,c4,p30,l1,0.00
i46,e04,c4,p30,l3,0.00
i46,e04,c4,p31,l1,0.00
i46,e04,c4,p31,l3,0.00
i46,e04,c4,p32,l1,0.00
i46,e04,c4,p32,l3,0.00
i46,e04,c4,p33,l1,0.00
i46,e04,c4,p33,l3,0.00
i46,e04,c4,p34,l3,0.00
i46,e04,c4,p35,l1,0.00
i46,e04,c4,p35,l3,81.55
i46,e04,c7,p01,l3,0.00
i46,e04,c7,p02,l3,0.00
i46,e04,c7,p03,l3,0.00
i46,e04,c7,p04,l1,0.00
i46,e04,c7,p04,l3,0.00
i46,e04,c7,p05,l3,0.00
i46,e04,c7,p10,l3,0.00
i46,e04,c7,p11,l1,0.00
i46,e04,c7,p11,l3,0.00
i46,e04,c7,p12,l1,0.00
i46,e04,c7,p13,l3,0.00
i46,e04,c7,p14,l3,0.00
i46,e04,c7,p15,l3,0.00
i46,e04,c7,p16,l3,0.00
i46,e04,c7,p18,l3,0.00
i46,e04,c7,p19,l3,0.00
i46,e04,c7,p21,l3,0.00
i46,e04,c7,p24,l3,0.00
i46,e04,c7,p35,l1,0.00
i46,e04,c7,p35,l3,0.00
i46,e05,c1,p01,l1,0.00
i46,e05,c1,p01,l3,0.00
i46,e05,c1,p02,l1,0.00
i46,e05,c1,p02,l3,0.00
i46,e05,c1,p03,l1,0.00
i46,e05,c1,p03,l3,0.00
i46,e05,c1,p04,l1,0.00
i46,e05,c1,p04,l3,0.00
i46,e05,c1,p05,l1,0.00
i46,e05,c1,p05,l3,0.00
i46,e05,c1,p06,l1,0.00
i46,e05,c1,p06,l3,0.00
i46,e05,c1,p07,l1,0.00
i46,e05,c1,p07,l3,0.00
i46,e05,c1,p08,l1,0.00
i46,e05,c1,p08,l3,0.00
i46,e05,c1,p09,l1,0.00
i46,e05,c1,p09,l3,0.00
i46,e05,c1,p10,l1,0.00
i46,e05,c1,p10,l3,0.00
i46,e05,c1,p11,l1,0.00
i46,e05,c1,p11,l3,0.00
i46,e05,c1,p12,l1,0.00
i46,e05,c1,p12,l3,0.00
i46,e05,c1,p13,l1,0.00
i46,e05,c1,p13,l3,0.00
i46,e05,c1,p14,l1,0.00
i46,e05,c1,p14,l3,0.00
i46,e05,c1,p15,l1,0.00
i46,e05,c1,p15,l3,0.00
i46,e05,c1,p16,l1,0.00
i46,e05,c1,p16,l3,0.00
i46,e05,c1,p17,l1,0.00
i46,e05,c1,p17,l3,0.00
i46,e05,c1,p18,l1,0.00
i46,e05,c1,p18,l3,0.00
i46,e05,c1,p19,l1,0.00
i46,e05,c1,p19,l3,0.00
i46,e05,c1,p20,l1,0.00
i46,e05,c1,p20,l3,0.00
i46,e05,c1,p21,l1,0.00
i46,e05,c1,p21,l3,0.00
i46,e05,c1,p22,l1,0.00
i46,e05,c1,p22,l3,0.00
i46,e05,c1,p23,l1,0.00
i46,e05,c1,p23,l3,0.00
i46,e05,c1,p24,l1,0.00
i46,e05,c1,p24,l3,0.00
i46,e05,c1,p25,l1,0.00
i46,e05,c1,p25,l3,0.00
i46,e05,c1,p26,l1,0.00
i46,e05,c1,p26,l3,0.00
i46,e05,c1,p27,l3,0.00
i46,e05,c1,p28,l1,0.00
i46,e05,c1,p28,l3,0.00
i46,e05,c1,p29,l1,0.00
i46,e05,c1,p29,l3,0.00
i46,e05,c1,p30,l1,0.00
i46,e05,c1,p30,l3,0.00
i46,e05,c1,p31,l1,0.00
i46,e05,c1,p31,l3,0.00
i46,e05,c1,p32,l1,0.00
i46,e05,c1,p32,l3,0.00
i46,e05,c1,p33,l1,0.00
i46,e05,c1,p33,l3,0.00
i46,e05,c1,p34,l1,0.00
i46,e05,c1,p34,l3,0.00
i46,e05,c1,p35,l1,0.00
i46,e05,c1,p35,l3,3.01
i46,e05,c4,p01,l1,0.00
i46,e05,c4,p01,l3,0.00
i46,e05,c4,p02,l1,0.00
i46,e05,c4,p02,l3,0.00
i46,e05,c4,p03,l1,0.00
i46,e05,c4,p03,l3,0.00
i46,e05,c4,p04,l1,0.00
i46,e05,c4,p04,l3,0.00
i46,e05,c4,p05,l1,0.00
i46,e05,c4,p05,l3,0.00
i46,e05,c4,p06,l1,0.00
i46,e05,c4,p06,l3,0.00
i46,e05,c4,p07,l1,0.00
i46,e05,c4,p07,l3,0.00
i46,e05,c4,p08,l1,0.00
i46,e05,c4,p08,l3,0.00
i46,e05,c4,p09,l1,0.00
i46,e05,c4,p09,l3,0.00
i46,e05,c4,p10,l1,0.00
i46,e05,c4,p10,l3,0.00
i46,e05,c4,p11,l1,0.00
i46,e05,c4,p11,l3,0.00
i46,e05,c4,p12,l1,0.00
i46,e05,c4,p12,l3,0.00
i46,e05,c4,p13,l1,0.00
i46,e05,c4,p13,l3,0.00
i46,e05,c4,p14,l1,0.00
i46,e05,c4,p14,l3,0.00
i46,e05,c4,p15,l1,0.00
i46,e05,c4,p15,l3,3.40
i46,e05,c4,p16,l1,0.00
i46,e05,c4,p16,l3,0.00
i46,e05,c4,p17,l1,0.00
i46,e05,c4,p17,l3,0.00
i46,e05,c4,p18,l1,0.00
i46,e05,c4,p18,l3,0.00
i46,e05,c4,p19,l1,0.00
i46,e05,c4,p19,l3,0.00
i46,e05,c4,p20,l1,0.00
i46,e05,c4,p20,l3,0.00
i46,e05,c4,p21,l1,0.00
i46,e05,c4,p21,l3,0.00
i46,e05,c4,p22,l1,0.00
i46,e05,c4,p22,l3,0.00
i46,e05,c4,p23,l1,0.00
i46,e05,c4,p23,l3,0.00
i46,e05,c4,p24,l1,0.00
i46,e05,c4,p24,l3,0.00
i46,e05,c4,p25,l1,0.00
i46,e05,c4,p25,l3,0.00
i46,e05,c4,p26,l1,0.00
i46,e05,c4,p26,l3,0.00
i46,e05,c4,p27,l1,0.00
i46,e05,c4,p28,l1,0.00
i46,e05,c4,p28,l3,0.00
i46,e05,c4,p29,l1,0.00
i46,e05,c4,p29,l3,0.00
i46,e05,c4,p30,l1,0.00
i46,e05,c4,p30,l3,0.00
i46,e05,c4,p31,l3,0.00
i46,e05,c4,p32,l1,0.00
i46,e05,c4,p32,l3,0.00
i46,e05,c4,p33,l1,0.00
i46,e05,c4,p33,l3,0.00
i46,e05,c4,p35,l1,0.00
i46,e05,c4,p35,l3,2.18
i46,e05,c7,p03,l3,0.00
i46,e05,c7,p04,l3,0.00
i46,e05,c7,p11,l1,0.00
i46,e05,c7,p11,l3,0.00
i46,e05,c7,p13,l3,0.00
i46,e05,c7,p18,l1,0.00
i46,e05,c7,p18,l3,0.00
i46,e05,c7,p35,l1,0.00
i46,e05,c7,p35,l3,0.00
i46,e06,c1,p01,l3,0.00
i46,e06,c1,p02,l3,0.00
i46,e06,c1,p03,l3,0.00
i46,e06,c1,p04,l3,0.00
i46,e06,c1,p05,l3,0.00
i46,e06,c1,p06,l3,0.00
i46,e06,c1,p07,l3,0.00
i46,e06,c1,p08,l3,0.00
i46,e06,c1,p09,l3,0.00
i46,e06,c1,p10,l3,1.12
i46,e06,c1,p11,l3,0.00
i46,e06,c1,p12,l3,0.00
i46,e06,c1,p13,l3,0.00
i46,e06,c1,p14,l3,1.21
i46,e06,c1,p15,l3,0.00
i46,e06,c1,p16,l3,0.00
i46,e06,c1,p17,l3,0.00
i46,e06,c1,p18,l3,0.00
i46,e06,c1,p19,l3,0.00
i46,e06,c1,p20,l3,0.00
i46,e06,c1,p21,l3,0.00
i46,e06,c1,p22,l3,0.00
i46,e06,c1,p23,l3,2.94
i46,e06,c1,p24,l3,0.00
i46,e06,c1,p25,l3,0.00
i46,e06,c1,p26,l3,0.00
i46,e06,c1,p27,l3,0.00
i46,e06,c1,p28,l3,0.00
i46,e06,c1,p29,l3,0.00
i46,e06,c1,p30,l3,0.00
i46,e06,c1,p31,l3,0.00
i46,e06,c1,p32,l3,0.00
i46,e06,c1,p33,l3,0.00
i46,e06,c1,p34,l3,0.00
i46,e06,c1,p35,l3,8.37
i46,e06,c4,p01,l3,0.00
i46,e06,c4,p02,l3,0.00
i46,e06,c4,p03,l3,0.00
i46,e06,c4,p04,l3,0.00
i46,e06,c4,p05,l3,0.00
i46,e06,c4,p06,l3,0.00
i46,e06,c4,p07,l3,0.00
i46,e06,c4,p08,l3,0.00
i46,e06,c4,p09,l3,0.00
i46,e06,c4,p10,l3,0.00
i46,e06,c4,p11,l3,0.00
i46,e06,c4,p12,l3,0.00
i46,e06,c4,p13,l3,0.00
i46,e06,c4,p14,l3,0.00
i46,e06,c4,p15,l3,0.00
i46,e06,c4,p16,l3,0.00
i46,e06,c4,p17,l3,0.00
i46,e06,c4,p18,l3,0.00
i46,e06,c4,p19,l3,0.00
i46,e06,c4,p20,l3,0.00
i46,e06,c4,p21,l3,0.00
i46,e06,c4,p22,l3,0.00
i46,e06,c4,p23,l3,0.00
i46,e06,c4,p24,l3,0.00
i46,e06,c4,p25,l3,0.00
i46,e06,c4,p26,l3,0.00
i46,e06,c4,p28,l3,0.00
i46,e06,c4,p29,l3,0.00
i46,e06,c4,p30,l3,0.00
i46,e06,c4,p31,l3,0.00
i46,e06,c4,p32,l3,0.00
i46,e06,c4,p33,l3,0.00
i46,e06,c4,p34,l3,0.00
i46,e06,c4,p35,l3,1.08
i46,e06,c7,p03,l3,0.00
i46,e06,c7,p11,l3,0.00
i46,e06,c7,p13,l3,0.00
i46,e06,c7,p35,l3,0.00
i46,e07,c1,p01,l2,0.00
i46,e07,c1,p01,l3,0.00
i46,e07,c1,p02,l2,0.00
i46,e07,c1,p02,l3,0.00
i46,e07,c1,p03,l2,0.00
i46,e07,c1,p03,l3,0.00
i46,e07,c1,p04,l2,0.00
i46,e07,c1,p04,l3,0.00
i46,e07,c1,p05,l2,0.00
i46,e07,c1,p05,l3,0.00
i46,e07,c1,p06,l2,0.00
i46,e07,c1,p06,l3,0.00
i46,e07,c1,p07,l2,0.00
i46,e07,c1,p07,l3,0.00
i46,e07,c1,p08,l2,0.00
i46,e07,c1,p08,l3,0.00
i46,e07,c1,p09,l2,0.00
i46,e07,c1,p09,l3,0.00
i46,e07,c1,p10,l2,0.00
i46,e07,c1,p10,l3,0.00
i46,e07,c1,p11,l2,0.00
i46,e07,c1,p11,l3,0.00
i46,e07,c1,p12,l2,0.00
i46,e07,c1,p12,l3,0.00
i46,e07,c1,p13,l2,0.00
i46,e07,c1,p13,l3,0.00
i46,e07,c1,p14,l2,0.00
i46,e07,c1,p14,l3,0.00
i46,e07,c1,p15,l2,0.00
i46,e07,c1,p15,l3,0.00
i46,e07,c1,p16,l2,0.00
i46,e07,c1,p16,l3,0.00
i46,e07,c1,p17,l2,0.00
i46,e07,c1,p17,l3,0.00
i46,e07,c1,p18,l2,0.00
i46,e07,c1,p18,l3,0.00
i46,e07,c1,p19,l2,0.00
i46,e07,c1,p19,l3,0.00
i46,e07,c1,p20,l2,0.00
i46,e07,c1,p20,l3,0.00
i46,e07,c1,p21,l2,0.00
i46,e07,c1,p21,l3,0.00
i46,e07,c1,p22,l2,0.00
i46,e07,c1,p22,l3,0.00
i46,e07,c1,p23,l2,0.00
i46,e07,c1,p23,l3,0.00
i46,e07,c1,p24,l2,0.00
i46,e07,c1,p24,l3,0.00
i46,e07,c1,p25,l2,0.00
i46,e07,c1,p25,l3,0.00
i46,e07,c1,p26,l2,0.00
i46,e07,c1,p26,l3,0.00
i46,e07,c1,p27,l2,0.00
i46,e07,c1,p27,l3,0.00
i46,e07,c1,p28,l2,0.00
i46,e07,c1,p28,l3,0.00
i46,e07,c1,p29,l2,0.00
i46,e07,c1,p29,l3,0.00
i46,e07,c1,p30,l2,0.00
i46,e07,c1,p30,l3,0.00
i46,e07,c1,p31,l3,0.00
i46,e07,c1,p32,l2,0.00
i46,e07,c1,p32,l3,0.00
i46,e07,c1,p33,l3,0.00
i46,e07,c1,p35,l2,0.00
i46,e07,c1,p35,l3,0.00
i46,e07,c4,p01,l3,0.00
i46,e07,c4,p02,l2,0.00
i46,e07,c4,p02,l3,0.00
i46,e07,c4,p03,l2,0.00
i46,e07,c4,p03,l3,0.00
i46,e07,c4,p04,l2,0.00
i46,e07,c4,p04,l3,0.00
i46,e07,c4,p05,l2,0.00
i46,e07,c4,p05,l3,0.00
i46,e07,c4,p06,l3,0.00
i46,e07,c4,p07,l2,0.00
i46,e07,c4,p07,l3,0.00
i46,e07,c4,p08,l2,0.00
i46,e07,c4,p08,l3,0.00
i46,e07,c4,p09,l3,0.00
i46,e07,c4,p10,l2,0.00
i46,e07,c4,p10,l3,0.00
i46,e07,c4,p11,l3,0.00
i46,e07,c4,p12,l2,0.00
i46,e07,c4,p12,l3,0.00
i46,e07,c4,p13,l2,0.00
i46,e07,c4,p13,l3,0.00
i46,e07,c4,p14,l2,0.00
i46,e07,c4,p14,l3,0.00
i46,e07,c4,p15,l3,0.00
i46,e07,c4,p16,l2,0.00
i46,e07,c4,p16,l3,0.00
i46,e07,c4,p17,l3,0.00
i46,e07,c4,p18,l3,0.00
i46,e07,c4,p19,l2,0.00
i46,e07,c4,p19,l3,0.00
i46,e07,c4,p21,l2,0.00
i46,e07,c4,p21,l3,0.00
i46,e07,c4,p23,l3,0.00
i46,e07,c4,p24,l2,0.00
i46,e07,c4,p24,l3,0.00
i46,e07,c4,p28,l3,0.00
i46,e07,c4,p29,l3,0.00
i46,e07,c4,p30,l2,0.00
i46,e07,c4,p30,l3,0.00
i46,e07,c4,p31,l3,0.00
i46,e07,c4,p32,l3,0.00
i46,e07,c4,p35,l2,0.00
i46,e07,c4,p35,l3,0.00
i46,e08,c1,p01,l2,0.00
i46,e08,c1,p01,l3,3.07
i46,e08,c1,p02,l2,0.00
i46,e08,c1,p02,l3,9.40
i46,e08,c1,p03,l2,0.00
i46,e08,c1,p03,l3,10.28
i46,e08,c1,p04,l2,0.00
i46,e08,c1,p04,l3,5.14
i46,e08,c1,p05,l2,0.00
i46,e08,c1,p05,l3,10.64
i46,e08,c1,p06,l2,0.00
i46,e08,c1,p06,l3,1.54
i46,e08,c1,p07,l2,0.00
i46,e08,c1,p07,l3,10.21
i46,e08,c1,p08,l2,0.00
i46,e08,c1,p08,l3,201.41
i46,e08,c1,p09,l2,0.00
i46,e08,c1,p09,l3,0.00
i46,e08,c1,p10,l2,0.00
i46,e08,c1,p10,l3,13.50
i46,e08,c1,p11,l2,0.00
i46,e08,c1,p11,l3,19.09
i46,e08,c1,p12,l2,0.00
i46,e08,c1,p12,l3,45.13
i46,e08,c1,p13,l2,0.00
i46,e08,c1,p13,l3,7.19
i46,e08,c1,p14,l2,0.00
i46,e08,c1,p14,l3,6.45
i46,e08,c1,p15,l2,0.00
i46,e08,c1,p15,l3,5.76
i46,e08,c1,p16,l2,0.00
i46,e08,c1,p16,l3,16.45
i46,e08,c1,p17,l2,0.00
i46,e08,c1,p17,l3,41.56
i46,e08,c1,p18,l2,0.00
i46,e08,c1,p18,l3,8.69
i46,e08,c1,p19,l2,0.00
i46,e08,c1,p19,l3,185.31
i46,e08,c1,p20,l2,0.00
i46,e08,c1,p20,l3,1.30
i46,e08,c1,p21,l2,0.00
i46,e08,c1,p21,l3,6.16
i46,e08,c1,p22,l2,0.00
i46,e08,c1,p22,l3,0.00
i46,e08,c1,p23,l2,0.00
i46,e08,c1,p23,l3,22.21
i46,e08,c1,p24,l2,0.00
i46,e08,c1,p24,l3,16.34
i46,e08,c1,p25,l2,0.00
i46,e08,c1,p25,l3,0.00
i46,e08,c1,p26,l2,0.00
i46,e08,c1,p26,l3,9.57
i46,e08,c1,p27,l2,0.00
i46,e08,c1,p27,l3,0.00
i46,e08,c1,p28,l2,0.00
i46,e08,c1,p28,l3,10.45
i46,e08,c1,p29,l2,0.00
i46,e08,c1,p29,l3,6.18
i46,e08,c1,p30,l2,0.00
i46,e08,c1,p30,l3,0.00
i46,e08,c1,p31,l2,0.00
i46,e08,c1,p31,l3,0.00
i46,e08,c1,p32,l2,0.00
i46,e08,c1,p32,l3,0.00
i46,e08,c1,p33,l2,0.00
i46,e08,c1,p33,l3,1.57
i46,e08,c1,p34,l2,0.00
i46,e08,c1,p34,l3,0.00
i46,e08,c1,p35,l2,0.00
i46,e08,c1,p35,l3,3159.66
i46,e08,c4,p01,l2,0.00
i46,e08,c4,p01,l3,7.71
i46,e08,c4,p02,l2,0.00
i46,e08,c4,p02,l3,21.23
i46,e08,c4,p03,l2,0.00
i46,e08,c4,p03,l3,5.40
i46,e08,c4,p04,l2,0.00
i46,e08,c4,p04,l3,4.45
i46,e08,c4,p05,l2,0.00
i46,e08,c4,p05,l3,0.00
i46,e08,c4,p06,l2,0.00
i46,e08,c4,p06,l3,0.00
i46,e08,c4,p07,l2,0.00
i46,e08,c4,p07,l3,8.78
i46,e08,c4,p08,l2,0.00
i46,e08,c4,p08,l3,0.00
i46,e08,c4,p09,l2,0.00
i46,e08,c4,p09,l3,0.00
i46,e08,c4,p10,l2,0.00
i46,e08,c4,p10,l3,0.00
i46,e08,c4,p11,l2,0.00
i46,e08,c4,p11,l3,7.04
i46,e08,c4,p12,l2,0.00
i46,e08,c4,p12,l3,0.00
i46,e08,c4,p13,l2,0.00
i46,e08,c4,p13,l3,3.37
i46,e08,c4,p14,l2,0.00
i46,e08,c4,p14,l3,0.00
i46,e08,c4,p15,l2,0.00
i46,e08,c4,p15,l3,0.00
i46,e08,c4,p16,l2,0.00
i46,e08,c4,p16,l3,4.23
i46,e08,c4,p17,l2,0.00
i46,e08,c4,p17,l3,0.00
i46,e08,c4,p18,l2,0.00
i46,e08,c4,p18,l3,3.20
i46,e08,c4,p19,l2,0.00
i46,e08,c4,p19,l3,29.29
i46,e08,c4,p20,l2,0.00
i46,e08,c4,p20,l3,0.00
i46,e08,c4,p21,l2,0.00
i46,e08,c4,p21,l3,19.48
i46,e08,c4,p22,l2,0.00
i46,e08,c4,p22,l3,0.00
i46,e08,c4,p23,l2,0.00
i46,e08,c4,p23,l3,0.00
i46,e08,c4,p24,l2,0.00
i46,e08,c4,p24,l3,1.31
i46,e08,c4,p25,l2,0.00
i46,e08,c4,p25,l3,5.02
i46,e08,c4,p26,l2,0.00
i46,e08,c4,p26,l3,0.00
i46,e08,c4,p27,l3,0.00
i46,e08,c4,p28,l2,0.00
i46,e08,c4,p28,l3,1.02
i46,e08,c4,p29,l2,0.00
i46,e08,c4,p29,l3,0.00
i46,e08,c4,p30,l2,0.00
i46,e08,c4,p30,l3,0.00
i46,e08,c4,p31,l2,0.00
i46,e08,c4,p31,l3,0.00
i46,e08,c4,p32,l2,0.00
i46,e08,c4,p32,l3,0.00
i46,e08,c4,p33,l2,0.00
i46,e08,c4,p33,l3,0.00
i46,e08,c4,p34,l2,0.00
i46,e08,c4,p34,l3,0.00
i46,e08,c4,p35,l2,0.00
i46,e08,c4,p35,l3,313.24
i46,e08,c7,p01,l2,0.00
i46,e08,c7,p01,l3,0.00
i46,e08,c7,p02,l2,0.00
i46,e08,c7,p02,l3,0.00
i46,e08,c7,p03,l2,0.00
i46,e08,c7,p03,l3,0.00
i46,e08,c7,p04,l2,0.00
i46,e08,c7,p04,l3,0.00
i46,e08,c7,p05,l3,0.00
i46,e08,c7,p07,l2,0.00
i46,e08,c7,p07,l3,0.00
i46,e08,c7,p10,l3,0.00
i46,e08,c7,p11,l2,0.00
i46,e08,c7,p11,l3,0.00
i46,e08,c7,p12,l2,0.00
i46,e08,c7,p12,l3,0.00
i46,e08,c7,p13,l3,0.00
i46,e08,c7,p14,l3,0.00
i46,e08,c7,p15,l2,0.00
i46,e08,c7,p15,l3,0.00
i46,e08,c7,p16,l3,0.00
i46,e08,c7,p17,l3,0.00
i46,e08,c7,p18,l2,0.00
i46,e08,c7,p18,l3,0.00
i46,e08,c7,p19,l2,0.00
i46,e08,c7,p19,l3,0.00
i46,e08,c7,p21,l3,0.00
i46,e08,c7,p24,l3,0.00
i46,e08,c7,p28,l2,0.00
i46,e08,c7,p28,l3,0.00
i46,e08,c7,p29,l3,0.00
i46,e08,c7,p32,l3,0.00
i46,e08,c7,p33,l3,0.00
i46,e08,c7,p35,l2,0.00
i46,e08,c7,p35,l3,0.00
i46,e09,c1,p01,l2,0.00
i46,e09,c1,p01,l3,0.00
i46,e09,c1,p02,l2,0.00
i46,e09,c1,p02,l3,15.41
i46,e09,c1,p03,l2,0.00
i46,e09,c1,p03,l3,1.09
i46,e09,c1,p04,l2,0.00
i46,e09,c1,p04,l3,0.00
i46,e09,c1,p05,l2,0.00
i46,e09,c1,p05,l3,0.00
i46,e09,c1,p06,l2,0.00
i46,e09,c1,p06,l3,0.00
i46,e09,c1,p07,l2,0.00
i46,e09,c1,p07,l3,0.00
i46,e09,c1,p08,l2,0.00
i46,e09,c1,p08,l3,0.00
i46,e09,c1,p09,l2,0.00
i46,e09,c1,p09,l3,0.00
i46,e09,c1,p10,l2,0.00
i46,e09,c1,p10,l3,1.53
i46,e09,c1,p11,l2,0.00
i46,e09,c1,p11,l3,0.00
i46,e09,c1,p12,l2,0.00
i46,e09,c1,p12,l3,1.87
i46,e09,c1,p13,l2,0.00
i46,e09,c1,p13,l3,0.00
i46,e09,c1,p14,l2,0.00
i46,e09,c1,p14,l3,0.00
i46,e09,c1,p15,l2,0.00
i46,e09,c1,p15,l3,2.24
i46,e09,c1,p16,l2,0.00
i46,e09,c1,p16,l3,0.00
i46,e09,c1,p17,l2,0.00
i46,e09,c1,p17,l3,0.00
i46,e09,c1,p18,l2,0.00
i46,e09,c1,p18,l3,3.82
i46,e09,c1,p19,l2,0.00
i46,e09,c1,p19,l3,3.80
i46,e09,c1,p20,l2,0.00
i46,e09,c1,p20,l3,0.00
i46,e09,c1,p21,l2,0.00
i46,e09,c1,p21,l3,0.00
i46,e09,c1,p22,l2,0.00
i46,e09,c1,p22,l3,0.00
i46,e09,c1,p23,l2,0.00
i46,e09,c1,p23,l3,0.00
i46,e09,c1,p24,l2,0.00
i46,e09,c1,p24,l3,0.00
i46,e09,c1,p25,l2,0.00
i46,e09,c1,p25,l3,0.00
i46,e09,c1,p26,l2,0.00
i46,e09,c1,p26,l3,1.96
i46,e09,c1,p27,l2,0.00
i46,e09,c1,p27,l3,0.00
i46,e09,c1,p28,l2,0.00
i46,e09,c1,p28,l3,0.00
i46,e09,c1,p29,l2,0.00
i46,e09,c1,p29,l3,0.00
i46,e09,c1,p30,l2,0.00
i46,e09,c1,p30,l3,0.00
i46,e09,c1,p31,l2,0.00
i46,e09,c1,p31,l3,0.00
i46,e09,c1,p32,l2,0.00
i46,e09,c1,p32,l3,0.00
i46,e09,c1,p33,l2,0.00
i46,e09,c1,p33,l3,0.00
i46,e09,c1,p34,l2,0.00
i46,e09,c1,p34,l3,0.00
i46,e09,c1,p35,l2,0.00
i46,e09,c1,p35,l3,127.36
i46,e09,c4,p01,l2,0.00
i46,e09,c4,p01,l3,0.00
i46,e09,c4,p02,l2,0.00
i46,e09,c4,p02,l3,0.00
i46,e09,c4,p03,l2,0.00
i46,e09,c4,p03,l3,6.50
i46,e09,c4,p04,l2,0.00
i46,e09,c4,p04,l3,0.00
i46,e09,c4,p05,l2,0.00
i46,e09,c4,p05,l3,0.00
i46,e09,c4,p06,l2,0.00
i46,e09,c4,p06,l3,0.00
i46,e09,c4,p07,l2,0.00
i46,e09,c4,p07,l3,0.00
i46,e09,c4,p08,l2,0.00
i46,e09,c4,p08,l3,0.00
i46,e09,c4,p09,l2,0.00
i46,e09,c4,p09,l3,0.00
i46,e09,c4,p10,l2,0.00
i46,e09,c4,p10,l3,0.00
i46,e09,c4,p11,l2,0.00
i46,e09,c4,p11,l3,0.00
i46,e09,c4,p12,l2,0.00
i46,e09,c4,p12,l3,0.00
i46,e09,c4,p13,l2,0.00
i46,e09,c4,p13,l3,0.00
i46,e09,c4,p14,l2,0.00
i46,e09,c4,p14,l3,0.00
i46,e09,c4,p15,l2,0.00
i46,e09,c4,p15,l3,0.00
i46,e09,c4,p16,l2,0.00
i46,e09,c4,p16,l3,0.00
i46,e09,c4,p17,l2,0.00
i46,e09,c4,p17,l3,0.00
i46,e09,c4,p18,l2,0.00
i46,e09,c4,p18,l3,0.00
i46,e09,c4,p19,l2,0.00
i46,e09,c4,p19,l3,6.06
i46,e09,c4,p20,l2,0.00
i46,e09,c4,p20,l3,0.00
i46,e09,c4,p21,l2,0.00
i46,e09,c4,p21,l3,0.00
i46,e09,c4,p22,l2,0.00
i46,e09,c4,p22,l3,0.00
i46,e09,c4,p23,l2,0.00
i46,e09,c4,p23,l3,0.00
i46,e09,c4,p24,l2,0.00
i46,e09,c4,p24,l3,1.04
i46,e09,c4,p25,l2,0.00
i46,e09,c4,p25,l3,0.00
i46,e09,c4,p26,l2,0.00
i46,e09,c4,p26,l3,0.00
i46,e09,c4,p28,l2,0.00
i46,e09,c4,p28,l3,0.00
i46,e09,c4,p29,l2,0.00
i46,e09,c4,p29,l3,0.00
i46,e09,c4,p30,l2,0.00
i46,e09,c4,p30,l3,0.00
i46,e09,c4,p31,l2,0.00
i46,e09,c4,p31,l3,0.00
i46,e09,c4,p32,l2,0.00
i46,e09,c4,p32,l3,0.00
i46,e09,c4,p33,l2,0.00
i46,e09,c4,p33,l3,0.00
i46,e09,c4,p34,l3,0.00
i46,e09,c4,p35,l2,0.00
i46,e09,c4,p35,l3,18.14
i46,e09,c7,p01,l2,0.00
i46,e09,c7,p01,l3,0.00
i46,e09,c7,p02,l3,0.00
i46,e09,c7,p03,l2,0.00
i46,e09,c7,p03,l3,0.00
i46,e09,c7,p04,l2,0.00
i46,e09,c7,p04,l3,0.00
i46,e09,c7,p05,l3,0.00
i46,e09,c7,p10,l3,0.00
i46,e09,c7,p11,l2,0.00
i46,e09,c7,p11,l3,0.00
i46,e09,c7,p13,l3,0.00
i46,e09,c7,p14,l3,0.00
i46,e09,c7,p15,l2,0.00
i46,e09,c7,p15,l3,0.00
i46,e09,c7,p16,l3,0.00
i46,e09,c7,p18,l3,0.00
i46,e09,c7,p19,l3,0.00
i46,e09,c7,p24,l3,0.00
i46,e09,c7,p35,l2,0.00
i46,e09,c7,p35,l3,0.00
i46,e11,c1,p01,l2,0.00
i46,e11,c1,p01,l3,0.00
i46,e11,c1,p02,l2,0.00
i46,e11,c1,p02,l3,1.12
i46,e11,c1,p03,l2,0.00
i46,e11,c1,p03,l3,29.29
i46,e11,c1,p04,l2,0.00
i46,e11,c1,p04,l3,20.10
i46,e11,c1,p05,l2,0.00
i46,e11,c1,p05,l3,1.14
i46,e11,c1,p06,l2,0.00
i46,e11,c1,p06,l3,0.00
i46,e11,c1,p07,l2,0.00
i46,e11,c1,p07,l3,2.40
i46,e11,c1,p08,l2,0.00
i46,e11,c1,p08,l3,638.24
i46,e11,c1,p09,l2,0.00
i46,e11,c1,p09,l3,0.00
i46,e11,c1,p10,l2,0.00
i46,e11,c1,p10,l3,25.75
i46,e11,c1,p11,l2,0.00
i46,e11,c1,p11,l3,22.93
i46,e11,c1,p12,l2,0.00
i46,e11,c1,p12,l3,16.04
i46,e11,c1,p13,l2,0.00
i46,e11,c1,p13,l3,0.00
i46,e11,c1,p14,l2,0.00
i46,e11,c1,p14,l3,0.00
i46,e11,c1,p15,l2,0.00
i46,e11,c1,p15,l3,72.53
i46,e11,c1,p16,l2,0.00
i46,e11,c1,p16,l3,11.46
i46,e11,c1,p17,l2,0.00
i46,e11,c1,p17,l3,23.08
i46,e11,c1,p18,l2,0.00
i46,e11,c1,p18,l3,78.57
i46,e11,c1,p19,l2,0.00
i46,e11,c1,p19,l3,226.25
i46,e11,c1,p20,l2,0.00
i46,e11,c1,p20,l3,28.29
i46,e11,c1,p21,l2,0.00
i46,e11,c1,p21,l3,7.24
i46,e11,c1,p22,l2,0.00
i46,e11,c1,p22,l3,0.00
i46,e11,c1,p23,l2,0.00
i46,e11,c1,p23,l3,1.12
i46,e11,c1,p24,l2,0.00
i46,e11,c1,p24,l3,0.00
i46,e11,c1,p25,l2,0.00
i46,e11,c1,p25,l3,0.00
i46,e11,c1,p26,l2,0.00
i46,e11,c1,p26,l3,93.17
i46,e11,c1,p27,l2,0.00
i46,e11,c1,p27,l3,0.00
i46,e11,c1,p28,l2,0.00
i46,e11,c1,p28,l3,0.00
i46,e11,c1,p29,l2,0.00
i46,e11,c1,p29,l3,6.97
i46,e11,c1,p30,l2,0.00
i46,e11,c1,p30,l3,0.00
i46,e11,c1,p31,l2,0.00
i46,e11,c1,p31,l3,0.00
i46,e11,c1,p32,l2,0.00
i46,e11,c1,p32,l3,0.00
i46,e11,c1,p33,l2,0.00
i46,e11,c1,p33,l3,0.00
i46,e11,c1,p34,l2,0.00
i46,e11,c1,p34,l3,0.00
i46,e11,c1,p35,l2,0.00
i46,e11,c1,p35,l3,11779.11
i46,e11,c4,p01,l2,0.00
i46,e11,c4,p01,l3,1.13
i46,e11,c4,p02,l2,0.00
i46,e11,c4,p02,l3,40.43
i46,e11,c4,p03,l2,0.00
i46,e11,c4,p03,l3,31.56
i46,e11,c4,p04,l2,0.00
i46,e11,c4,p04,l3,20.27
i46,e11,c4,p05,l2,0.00
i46,e11,c4,p05,l3,126.71
i46,e11,c4,p06,l2,0.00
i46,e11,c4,p06,l3,0.00
i46,e11,c4,p07,l2,0.00
i46,e11,c4,p07,l3,0.00
i46,e11,c4,p08,l2,0.00
i46,e11,c4,p08,l3,0.00
i46,e11,c4,p09,l2,0.00
i46,e11,c4,p09,l3,0.00
i46,e11,c4,p10,l2,0.00
i46,e11,c4,p10,l3,0.00
i46,e11,c4,p11,l2,0.00
i46,e11,c4,p11,l3,5.77
i46,e11,c4,p12,l2,0.00
i46,e11,c4,p12,l3,0.00
i46,e11,c4,p13,l2,0.00
i46,e11,c4,p13,l3,10.48
i46,e11,c4,p14,l2,0.00
i46,e11,c4,p14,l3,0.00
i46,e11,c4,p15,l2,0.00
i46,e11,c4,p15,l3,0.00
i46,e11,c4,p16,l2,0.00
i46,e11,c4,p16,l3,28.04
i46,e11,c4,p17,l2,0.00
i46,e11,c4,p17,l3,0.00
i46,e11,c4,p18,l2,0.00
i46,e11,c4,p18,l3,90.12
i46,e11,c4,p19,l2,0.00
i46,e11,c4,p19,l3,226.14
i46,e11,c4,p20,l2,0.00
i46,e11,c4,p20,l3,1.55
i46,e11,c4,p21,l2,0.00
i46,e11,c4,p21,l3,32.16
i46,e11,c4,p22,l2,0.00
i46,e11,c4,p22,l3,0.00
i46,e11,c4,p23,l2,0.00
i46,e11,c4,p23,l3,0.00
i46,e11,c4,p24,l2,0.00
i46,e11,c4,p24,l3,0.00
i46,e11,c4,p25,l2,0.00
i46,e11,c4,p25,l3,0.00
i46,e11,c4,p26,l2,0.00
i46,e11,c4,p26,l3,0.00
i46,e11,c4,p27,l3,0.00
i46,e11,c4,p28,l2,0.00
i46,e11,c4,p28,l3,0.00
i46,e11,c4,p29,l2,0.00
i46,e11,c4,p29,l3,0.00
i46,e11,c4,p30,l2,0.00
i46,e11,c4,p30,l3,0.00
i46,e11,c4,p31,l2,0.00
i46,e11,c4,p31,l3,0.00
i46,e11,c4,p32,l2,0.00
i46,e11,c4,p32,l3,0.00
i46,e11,c4,p33,l2,0.00
i46,e11,c4,p33,l3,0.00
i46,e11,c4,p34,l2,0.00
i46,e11,c4,p34,l3,0.00
i46,e11,c4,p35,l2,0.00
i46,e11,c4,p35,l3,282.10
i46,e11,c7,p01,l2,0.00
i46,e11,c7,p01,l3,0.00
i46,e11,c7,p02,l3,0.00
i46,e11,c7,p03,l3,0.00
i46,e11,c7,p04,l3,0.00
i46,e11,c7,p05,l3,0.00
i46,e11,c7,p07,l2,0.00
i46,e11,c7,p07,l3,0.00
i46,e11,c7,p09,l3,0.00
i46,e11,c7,p10,l3,0.00
i46,e11,c7,p11,l2,0.00
i46,e11,c7,p11,l3,0.00
i46,e11,c7,p13,l2,0.00
i46,e11,c7,p13,l3,0.00
i46,e11,c7,p14,l3,0.00
i46,e11,c7,p15,l3,0.00
i46,e11,c7,p16,l3,0.00
i46,e11,c7,p18,l2,0.00
i46,e11,c7,p18,l3,0.00
i46,e11,c7,p19,l2,0.00
i46,e11,c7,p19,l3,0.00
i46,e11,c7,p21,l3,0.00
i46,e11,c7,p24,l3,0.00
i46,e11,c7,p25,l3,0.00
i46,e11,c7,p29,l3,0.00
i46,e11,c7,p35,l2,0.00
i46,e11,c7,p35,l3,0.00
i46,e12,c1,p01,l3,0.00
i46,e12,c1,p02,l3,0.00
i46,e12,c1,p03,l3,0.00
i46,e12,c1,p04,l3,0.00
i46,e12,c1,p05,l3,0.00
i46,e12,c1,p06,l3,0.00
i46,e12,c1,p07,l3,0.00
i46,e12,c1,p08,l3,0.00
i46,e12,c1,p09,l3,0.00
i46,e12,c1,p10,l3,0.00
i46,e12,c1,p11,l3,0.00
i46,e12,c1,p12,l3,0.00
i46,e12,c1,p13,l3,0.00
i46,e12,c1,p14,l3,0.00
i46,e12,c1,p15,l3,0.00
i46,e12,c1,p16,l3,0.00
i46,e12,c1,p17,l3,0.00
i46,e12,c1,p18,l3,0.00
i46,e12,c1,p19,l3,0.00
i46,e12,c1,p20,l3,0.00
i46,e12,c1,p21,l3,0.00
i46,e12,c1,p22,l3,0.00
i46,e12,c1,p23,l3,0.00
i46,e12,c1,p24,l3,0.00
i46,e12,c1,p25,l3,0.00
i46,e12,c1,p26,l3,0.00
i46,e12,c1,p27,l3,0.00
i46,e12,c1,p28,l3,0.00
i46,e12,c1,p29,l3,0.00
i46,e12,c1,p30,l3,0.00
i46,e12,c1,p31,l3,0.00
i46,e12,c1,p32,l3,0.00
i46,e12,c1,p33,l3,0.00
i46,e12,c1,p35,l3,0.00
i46,e12,c4,p01,l3,0.00
i46,e12,c4,p02,l3,0.00
i46,e12,c4,p03,l3,0.00
i46,e12,c4,p04,l3,0.00
i46,e12,c4,p05,l3,0.00
i46,e12,c4,p06,l3,0.00
i46,e12,c4,p07,l3,0.00
i46,e12,c4,p08,l3,0.00
i46,e12,c4,p09,l3,0.00
i46,e12,c4,p10,l3,0.00
i46,e12,c4,p11,l3,0.00
i46,e12,c4,p12,l3,0.00
i46,e12,c4,p13,l3,0.00
i46,e12,c4,p14,l3,0.00
i46,e12,c4,p15,l3,0.00
i46,e12,c4,p16,l3,0.00
i46,e12,c4,p17,l3,0.00
i46,e12,c4,p18,l3,0.00
i46,e12,c4,p19,l3,0.00
i46,e12,c4,p20,l3,0.00
i46,e12,c4,p21,l3,0.00
i46,e12,c4,p23,l3,0.00
i46,e12,c4,p24,l3,0.00
i46,e12,c4,p25,l3,0.00
i46,e12,c4,p29,l3,0.00
i46,e12,c4,p30,l3,0.00
i46,e12,c4,p31,l3,0.00
i46,e12,c4,p32,l3,0.00
i46,e12,c4,p35,l3,0.00
i46,e12,c7,p35,l3,0.00
i46,e13,c1,p01,l3,0.00
i46,e13,c1,p02,l3,0.00
i46,e13,c1,p03,l3,0.00
i46,e13,c1,p04,l3,0.00
i46,e13,c1,p05,l3,0.00
i46,e13,c1,p06,l3,0.00
i46,e13,c1,p07,l3,0.00
i46,e13,c1,p08,l3,0.00
i46,e13,c1,p09,l3,0.00
i46,e13,c1,p10,l3,0.00
i46,e13,c1,p11,l3,0.00
i46,e13,c1,p12,l3,0.00
i46,e13,c1,p13,l3,0.00
i46,e13,c1,p14,l3,0.00
i46,e13,c1,p15,l3,0.00
i46,e13,c1,p16,l3,0.00
i46,e13,c1,p17,l3,0.00
i46,e13,c1,p18,l3,0.00
i46,e13,c1,p19,l3,0.00
i46,e13,c1,p20,l3,0.00
i46,e13,c1,p21,l3,2.10
i46,e13,c1,p22,l3,0.00
i46,e13,c1,p23,l3,0.00
i46,e13,c1,p24,l3,0.00
i46,e13,c1,p25,l3,0.00
i46,e13,c1,p26,l3,0.00
i46,e13,c1,p27,l3,0.00
i46,e13,c1,p28,l3,0.00
i46,e13,c1,p29,l3,0.00
i46,e13,c1,p30,l3,0.00
i46,e13,c1,p31,l3,0.00
i46,e13,c1,p32,l3,0.00
i46,e13,c1,p33,l3,0.00
i46,e13,c1,p34,l3,0.00
i46,e13,c1,p35,l3,14.11
i46,e13,c4,p01,l3,0.00
i46,e13,c4,p02,l3,0.00
i46,e13,c4,p03,l3,0.00
i46,e13,c4,p04,l3,0.00
i46,e13,c4,p05,l3,0.00
i46,e13,c4,p06,l3,0.00
i46,e13,c4,p07,l3,0.00
i46,e13,c4,p08,l3,0.00
i46,e13,c4,p09,l3,0.00
i46,e13,c4,p10,l3,0.00
i46,e13,c4,p11,l3,0.00
i46,e13,c4,p12,l3,0.00
i46,e13,c4,p13,l3,0.00
i46,e13,c4,p14,l3,0.00
i46,e13,c4,p15,l3,0.00
i46,e13,c4,p16,l3,0.00
i46,e13,c4,p17,l3,0.00
i46,e13,c4,p18,l3,0.00
i46,e13,c4,p19,l3,0.00
i46,e13,c4,p20,l3,0.00
i46,e13,c4,p21,l3,0.00
i46,e13,c4,p22,l3,0.00
i46,e13,c4,p23,l3,0.00
i46,e13,c4,p24,l3,1.53
i46,e13,c4,p25,l3,0.00
i46,e13,c4,p26,l3,0.00
i46,e13,c4,p28,l3,0.00
i46,e13,c4,p29,l3,0.00
i46,e13,c4,p30,l3,0.00
i46,e13,c4,p31,l3,0.00
i46,e13,c4,p32,l3,0.00
i46,e13,c4,p33,l3,0.00
i46,e13,c4,p34,l3,0.00
i46,e13,c4,p35,l3,4.07
i46,e13,c7,p01,l3,0.00
i46,e13,c7,p02,l3,0.00
i46,e13,c7,p03,l3,0.00
i46,e13,c7,p04,l3,0.00
i46,e13,c7,p11,l3,0.00
i46,e13,c7,p13,l3,0.00
i46,e13,c7,p15,l3,0.00
i46,e13,c7,p18,l3,0.00
i46,e13,c7,p24,l3,0.00
i46,e13,c7,p35,l3,0.00
i47,e01,c1,p01,l3,0.00
i47,e01,c1,p02,l3,0.00
i47,e01,c1,p03,l3,0.00
i47,e01,c1,p04,l3,0.00
i47,e01,c1,p05,l3,0.00
i47,e01,c1,p06,l3,0.00
i47,e01,c1,p07,l3,0.00
i47,e01,c1,p08,l3,0.00
i47,e01,c1,p09,l3,0.00
i47,e01,c1,p10,l3,0.00
i47,e01,c1,p11,l3,0.00
i47,e01,c1,p12,l3,0.00
i47,e01,c1,p13,l3,0.00
i47,e01,c1,p14,l3,0.00
i47,e01,c1,p15,l3,0.00
i47,e01,c1,p16,l3,0.00
i47,e01,c1,p17,l3,0.00
i47,e01,c1,p18,l3,0.00
i47,e01,c1,p19,l3,0.00
i47,e01,c1,p20,l3,0.00
i47,e01,c1,p21,l3,0.00
i47,e01,c1,p22,l3,0.00
i47,e01,c1,p23,l3,0.00
i47,e01,c1,p24,l3,0.00
i47,e01,c1,p25,l3,0.00
i47,e01,c1,p26,l3,0.00
i47,e01,c1,p27,l3,0.00
i47,e01,c1,p28,l3,0.00
i47,e01,c1,p29,l3,0.00
i47,e01,c1,p30,l3,0.00
i47,e01,c1,p31,l3,0.00
i47,e01,c1,p32,l3,0.00
i47,e01,c1,p33,l3,0.00
i47,e01,c1,p34,l3,0.00
i47,e01,c1,p35,l3,321.30
i47,e01,c4,p01,l3,0.00
i47,e01,c4,p02,l3,0.00
i47,e01,c4,p03,l3,0.00
i47,e01,c4,p05,l3,0.00
i47,e01,c4,p07,l3,0.00
i47,e01,c4,p08,l3,0.00
i47,e01,c4,p10,l3,0.00
i47,e01,c4,p11,l3,0.00
i47,e01,c4,p12,l3,0.00
i47,e01,c4,p14,l3,0.00
i47,e01,c4,p15,l3,0.00
i47,e01,c4,p16,l3,0.00
i47,e01,c4,p17,l3,0.00
i47,e01,c4,p18,l3,0.00
i47,e01,c4,p19,l3,0.00
i47,e01,c4,p21,l3,0.00
i47,e01,c4,p24,l3,0.00
i47,e01,c4,p25,l3,0.00
i47,e01,c4,p32,l3,0.00
i47,e01,c4,p35,l3,4.20
i47,e01,c7,p09,l3,0.00
i47,e01,c7,p35,l3,1.67
i47,e04,c1,p01,l1,0.00
i47,e04,c1,p01,l3,0.00
i47,e04,c1,p02,l1,0.00
i47,e04,c1,p02,l3,0.00
i47,e04,c1,p03,l1,0.00
i47,e04,c1,p03,l3,0.00
i47,e04,c1,p04,l1,0.00
i47,e04,c1,p04,l3,0.00
i47,e04,c1,p05,l1,0.00
i47,e04,c1,p05,l3,0.00
i47,e04,c1,p06,l1,0.00
i47,e04,c1,p06,l3,0.00
i47,e04,c1,p07,l1,0.00
i47,e04,c1,p07,l3,0.00
i47,e04,c1,p08,l1,0.00
i47,e04,c1,p08,l3,0.00
i47,e04,c1,p09,l3,0.00
i47,e04,c1,p10,l1,0.00
i47,e04,c1,p10,l3,0.00
i47,e04,c1,p11,l1,0.00
i47,e04,c1,p11,l3,0.00
i47,e04,c1,p12,l1,0.00
i47,e04,c1,p12,l3,0.00
i47,e04,c1,p13,l1,0.00
i47,e04,c1,p13,l3,0.00
i47,e04,c1,p14,l1,0.00
i47,e04,c1,p14,l3,0.00
i47,e04,c1,p15,l1,0.00
i47,e04,c1,p15,l3,0.00
i47,e04,c1,p16,l1,0.00
i47,e04,c1,p16,l3,0.00
i47,e04,c1,p17,l1,0.00
i47,e04,c1,p17,l3,0.00
i47,e04,c1,p18,l1,0.00
i47,e04,c1,p18,l3,0.00
i47,e04,c1,p19,l1,0.00
i47,e04,c1,p19,l3,0.00
i47,e04,c1,p20,l1,0.00
i47,e04,c1,p20,l3,0.00
i47,e04,c1,p21,l1,0.00
i47,e04,c1,p21,l3,0.00
i47,e04,c1,p22,l1,0.00
i47,e04,c1,p22,l3,0.00
i47,e04,c1,p23,l1,0.00
i47,e04,c1,p23,l3,0.00
i47,e04,c1,p24,l1,0.00
i47,e04,c1,p24,l3,0.00
i47,e04,c1,p25,l1,0.00
i47,e04,c1,p25,l3,0.00
i47,e04,c1,p26,l1,0.00
i47,e04,c1,p26,l3,0.00
i47,e04,c1,p27,l3,0.00
i47,e04,c1,p28,l1,0.00
i47,e04,c1,p28,l3,0.00
i47,e04,c1,p29,l1,0.00
i47,e04,c1,p29,l3,0.00
i47,e04,c1,p30,l3,0.00
i47,e04,c1,p31,l3,0.00
i47,e04,c1,p32,l1,0.00
i47,e04,c1,p32,l3,0.00
i47,e04,c1,p33,l1,0.00
i47,e04,c1,p33,l3,0.00
i47,e04,c1,p34,l3,0.00
i47,e04,c1,p35,l1,0.00
i47,e04,c1,p35,l3,402.75
i47,e04,c4,p02,l3,0.00
i47,e04,c4,p03,l1,0.00
i47,e04,c4,p05,l3,0.00
i47,e04,c4,p08,l1,0.00
i47,e04,c4,p11,l3,0.00
i47,e04,c4,p13,l3,0.00
i47,e04,c4,p14,l3,0.00
i47,e04,c4,p15,l3,0.00
i47,e04,c4,p16,l3,0.00
i47,e04,c4,p19,l1,0.00
i47,e04,c4,p19,l3,0.00
i47,e04,c4,p21,l3,0.00
i47,e04,c4,p24,l3,0.00
i47,e04,c4,p32,l3,0.00
i47,e04,c4,p35,l1,0.00
i47,e04,c4,p35,l3,2.43
i47,e04,c7,p09,l1,0.00
i47,e04,c7,p35,l1,0.00
i47,e04,c7,p35,l3,0.00
i47,e09,c1,p01,l2,0.00
i47,e09,c1,p01,l3,0.00
i47,e09,c1,p02,l3,0.00
i47,e09,c1,p03,l2,0.00
i47,e09,c1,p03,l3,0.00
i47,e09,c1,p04,l2,0.00
i47,e09,c1,p04,l3,0.00
i47,e09,c1,p05,l2,0.00
i47,e09,c1,p05,l3,0.00
i47,e09,c1,p06,l2,0.00
i47,e09,c1,p06,l3,0.00
i47,e09,c1,p07,l2,0.00
i47,e09,c1,p07,l3,0.00
i47,e09,c1,p08,l2,0.00
i47,e09,c1,p08,l3,0.00
i47,e09,c1,p09,l3,0.00
i47,e09,c1,p10,l2,0.00
i47,e09,c1,p10,l3,0.00
i47,e09,c1,p11,l2,0.00
i47,e09,c1,p11,l3,0.00
i47,e09,c1,p12,l2,0.00
i47,e09,c1,p12,l3,0.00
i47,e09,c1,p13,l2,0.00
i47,e09,c1,p13,l3,0.00
i47,e09,c1,p14,l2,0.00
i47,e09,c1,p14,l3,0.00
i47,e09,c1,p15,l2,0.00
i47,e09,c1,p15,l3,0.00
i47,e09,c1,p16,l2,0.00
i47,e09,c1,p16,l3,0.00
i47,e09,c1,p17,l2,0.00
i47,e09,c1,p17,l3,0.00
i47,e09,c1,p18,l2,0.00
i47,e09,c1,p18,l3,0.00
i47,e09,c1,p19,l2,0.00
i47,e09,c1,p19,l3,0.00
i47,e09,c1,p20,l2,0.00
i47,e09,c1,p20,l3,0.00
i47,e09,c1,p21,l2,0.00
i47,e09,c1,p21,l3,0.00
i47,e09,c1,p22,l2,0.00
i47,e09,c1,p22,l3,0.00
i47,e09,c1,p23,l2,0.00
i47,e09,c1,p23,l3,0.00
i47,e09,c1,p24,l2,0.00
i47,e09,c1,p24,l3,0.00
i47,e09,c1,p25,l2,0.00
i47,e09,c1,p25,l3,0.00
i47,e09,c1,p26,l2,0.00
i47,e09,c1,p26,l3,0.00
i47,e09,c1,p27,l3,0.00
i47,e09,c1,p28,l3,0.00
i47,e09,c1,p29,l2,0.00
i47,e09,c1,p29,l3,0.00
i47,e09,c1,p30,l3,0.00
i47,e09,c1,p31,l3,0.00
i47,e09,c1,p32,l2,0.00
i47,e09,c1,p32,l3,0.00
i47,e09,c1,p33,l3,0.00
i47,e09,c1,p34,l3,0.00
i47,e09,c1,p35,l2,0.00
i47,e09,c1,p35,l3,351.19
i47,e09,c4,p01,l3,0.00
i47,e09,c4,p03,l2,0.00
i47,e09,c4,p03,l3,0.00
i47,e09,c4,p04,l3,0.00
i47,e09,c4,p08,l2,0.00
i47,e09,c4,p08,l3,0.00
i47,e09,c4,p10,l3,0.00
i47,e09,c4,p11,l3,0.00
i47,e09,c4,p12,l3,0.00
i47,e09,c4,p13,l3,0.00
i47,e09,c4,p15,l3,0.00
i47,e09,c4,p16,l3,0.00
i47,e09,c4,p17,l3,0.00
i47,e09,c4,p19,l2,0.00
i47,e09,c4,p19,l3,0.00
i47,e09,c4,p21,l2,0.00
i47,e09,c4,p21,l3,0.00
i47,e09,c4,p24,l3,0.00
i47,e09,c4,p32,l3,0.00
i47,e09,c4,p35,l2,0.00
i47,e09,c4,p35,l3,4.06
i47,e09,c7,p09,l2,0.00
i47,e09,c7,p35,l2,0.00
i47,e09,c7,p35,l3,0.00
i48,e01,c1,p01,l3,0.00
i48,e01,c1,p02,l3,0.00
i48,e01,c1,p03,l3,0.00
i48,e01,c1,p04,l3,0.00
i48,e01,c1,p05,l3,0.00
i48,e01,c1,p06,l3,0.00
i48,e01,c1,p07,l3,0.00
i48,e01,c1,p08,l3,0.00
i48,e01,c1,p09,l3,0.00
i48,e01,c1,p10,l3,0.00
i48,e01,c1,p11,l3,0.00
i48,e01,c1,p12,l3,0.00
i48,e01,c1,p13,l3,0.00
i48,e01,c1,p14,l3,0.00
i48,e01,c1,p15,l3,0.00
i48,e01,c1,p16,l3,0.00
i48,e01,c1,p17,l3,0.00
i48,e01,c1,p18,l3,0.00
i48,e01,c1,p19,l3,0.00
i48,e01,c1,p20,l3,0.00
i48,e01,c1,p21,l3,0.00
i48,e01,c1,p22,l3,0.00
i48,e01,c1,p23,l3,0.00
i48,e01,c1,p24,l3,0.00
i48,e01,c1,p25,l3,0.00
i48,e01,c1,p26,l3,0.00
i48,e01,c1,p28,l3,0.00
i48,e01,c1,p29,l3,0.00
i48,e01,c1,p30,l3,0.00
i48,e01,c1,p31,l3,0.00
i48,e01,c1,p32,l3,0.00
i48,e01,c1,p35,l3,0.00
i48,e01,c4,p01,l3,0.00
i48,e01,c4,p03,l3,0.00
i48,e01,c4,p05,l3,0.00
i48,e01,c4,p06,l3,0.00
i48,e01,c4,p09,l3,0.00
i48,e01,c4,p11,l3,0.00
i48,e01,c4,p12,l3,0.00
i48,e01,c4,p18,l3,0.00
i48,e01,c4,p19,l3,0.00
i48,e01,c4,p22,l3,0.00
i48,e01,c4,p24,l3,0.00
i48,e01,c4,p29,l3,0.00
i48,e01,c4,p35,l3,0.00
i48,e04,c1,p01,l1,0.00
i48,e04,c1,p01,l3,0.00
i48,e04,c1,p02,l1,0.00
i48,e04,c1,p02,l3,0.00
i48,e04,c1,p03,l1,0.00
i48,e04,c1,p03,l3,0.00
i48,e04,c1,p04,l1,0.00
i48,e04,c1,p04,l3,0.00
i48,e04,c1,p05,l1,0.00
i48,e04,c1,p05,l3,0.00
i48,e04,c1,p06,l1,0.00
i48,e04,c1,p06,l3,0.00
i48,e04,c1,p07,l1,0.00
i48,e04,c1,p07,l3,0.00
i48,e04,c1,p08,l1,0.00
i48,e04,c1,p08,l3,0.00
i48,e04,c1,p09,l1,0.00
i48,e04,c1,p09,l3,0.00
i48,e04,c1,p10,l1,0.00
i48,e04,c1,p10,l3,0.00
i48,e04,c1,p11,l1,0.00
i48,e04,c1,p11,l3,0.00
i48,e04,c1,p12,l1,0.00
i48,e04,c1,p12,l3,0.00
i48,e04,c1,p13,l1,0.00
i48,e04,c1,p13,l3,0.00
i48,e04,c1,p14,l1,0.00
i48,e04,c1,p14,l3,0.00
i48,e04,c1,p15,l1,0.00
i48,e04,c1,p15,l3,0.00
i48,e04,c1,p16,l1,0.00
i48,e04,c1,p16,l3,0.00
i48,e04,c1,p17,l1,0.00
i48,e04,c1,p17,l3,0.00
i48,e04,c1,p18,l1,0.00
i48,e04,c1,p18,l3,0.00
i48,e04,c1,p19,l1,0.00
i48,e04,c1,p19,l3,0.00
i48,e04,c1,p20,l3,0.00
i48,e04,c1,p21,l1,0.00
i48,e04,c1,p21,l3,0.00
i48,e04,c1,p22,l1,0.00
i48,e04,c1,p22,l3,0.00
i48,e04,c1,p23,l1,0.00
i48,e04,c1,p23,l3,0.00
i48,e04,c1,p24,l1,0.00
i48,e04,c1,p24,l3,0.00
i48,e04,c1,p25,l3,0.00
i48,e04,c1,p26,l3,0.00
i48,e04,c1,p28,l1,0.00
i48,e04,c1,p28,l3,0.00
i48,e04,c1,p29,l1,0.00
i48,e04,c1,p29,l3,0.00
i48,e04,c1,p31,l1,0.00
i48,e04,c1,p31,l3,0.00
i48,e04,c1,p32,l1,0.00
i48,e04,c1,p32,l3,0.00
i48,e04,c1,p33,l3,0.00
i48,e04,c1,p35,l1,0.00
i48,e04,c1,p35,l3,0.00
i48,e04,c4,p01,l3,0.00
i48,e04,c4,p03,l1,0.00
i48,e04,c4,p03,l3,0.00
i48,e04,c4,p05,l3,0.00
i48,e04,c4,p06,l3,0.00
i48,e04,c4,p08,l3,0.00
i48,e04,c4,p10,l3,0.00
i48,e04,c4,p11,l1,0.00
i48,e04,c4,p11,l3,0.00
i48,e04,c4,p12,l3,0.00
i48,e04,c4,p18,l3,0.00
i48,e04,c4,p19,l3,0.00
i48,e04,c4,p21,l3,0.00
i48,e04,c4,p23,l3,0.00
i48,e04,c4,p24,l3,0.00
i48,e04,c4,p31,l3,0.00
i48,e04,c4,p35,l1,0.00
i48,e04,c4,p35,l3,0.00
i48,e05,c1,p01,l3,0.00
i48,e05,c1,p02,l3,0.00
i48,e05,c1,p03,l1,0.00
i48,e05,c1,p03,l3,0.00
i48,e05,c1,p05,l3,0.00
i48,e05,c1,p06,l3,0.00
i48,e05,c1,p07,l3,0.00
i48,e05,c1,p08,l1,0.00
i48,e05,c1,p08,l3,0.00
i48,e05,c1,p09,l3,0.00
i48,e05,c1,p10,l1,0.00
i48,e05,c1,p10,l3,0.00
i48,e05,c1,p11,l1,0.00
i48,e05,c1,p11,l3,0.00
i48,e05,c1,p12,l3,0.00
i48,e05,c1,p13,l1,0.00
i48,e05,c1,p13,l3,0.00
i48,e05,c1,p14,l3,0.00
i48,e05,c1,p15,l1,0.00
i48,e05,c1,p15,l3,0.00
i48,e05,c1,p16,l1,0.00
i48,e05,c1,p16,l3,0.00
i48,e05,c1,p17,l1,0.00
i48,e05,c1,p17,l3,0.00
i48,e05,c1,p19,l1,0.00
i48,e05,c1,p19,l3,0.00
i48,e05,c1,p21,l1,0.00
i48,e05,c1,p21,l3,0.00
i48,e05,c1,p22,l3,0.00
i48,e05,c1,p24,l3,0.00
i48,e05,c1,p29,l3,0.00
i48,e05,c1,p32,l3,0.00
i48,e05,c1,p35,l1,0.00
i48,e05,c1,p35,l3,0.00
i48,e05,c4,p03,l3,0.00
i48,e05,c4,p11,l3,0.00
i48,e05,c4,p13,l3,0.00
i48,e05,c4,p19,l1,0.00
i48,e05,c4,p35,l3,0.00
i48,e08,c1,p01,l2,0.00
i48,e08,c1,p01,l3,0.00
i48,e08,c1,p02,l2,0.00
i48,e08,c1,p02,l3,0.00
i48,e08,c1,p03,l2,0.00
i48,e08,c1,p03,l3,0.00
i48,e08,c1,p04,l2,0.00
i48,e08,c1,p04,l3,0.00
i48,e08,c1,p05,l2,0.00
i48,e08,c1,p05,l3,0.00
i48,e08,c1,p06,l2,0.00
i48,e08,c1,p06,l3,0.00
i48,e08,c1,p07,l2,0.00
i48,e08,c1,p07,l3,0.00
i48,e08,c1,p08,l2,0.00
i48,e08,c1,p08,l3,0.00
i48,e08,c1,p09,l2,0.00
i48,e08,c1,p09,l3,0.00
i48,e08,c1,p10,l2,0.00
i48,e08,c1,p10,l3,0.00
i48,e08,c1,p11,l2,0.00
i48,e08,c1,p11,l3,0.00
i48,e08,c1,p12,l2,0.00
i48,e08,c1,p12,l3,0.00
i48,e08,c1,p13,l2,0.00
i48,e08,c1,p13,l3,0.00
i48,e08,c1,p14,l2,0.00
i48,e08,c1,p14,l3,0.00
i48,e08,c1,p15,l2,0.00
i48,e08,c1,p15,l3,0.00
i48,e08,c1,p16,l2,0.00
i48,e08,c1,p16,l3,0.00
i48,e08,c1,p17,l2,0.00
i48,e08,c1,p17,l3,0.00
i48,e08,c1,p18,l2,0.00
i48,e08,c1,p18,l3,0.00
i48,e08,c1,p19,l2,0.00
i48,e08,c1,p19,l3,0.00
i48,e08,c1,p20,l3,0.00
i48,e08,c1,p21,l2,0.00
i48,e08,c1,p21,l3,0.00
i48,e08,c1,p22,l2,0.00
i48,e08,c1,p22,l3,0.00
i48,e08,c1,p23,l2,0.00
i48,e08,c1,p23,l3,0.00
i48,e08,c1,p24,l2,0.00
i48,e08,c1,p24,l3,0.00
i48,e08,c1,p25,l2,0.00
i48,e08,c1,p25,l3,0.00
i48,e08,c1,p26,l3,0.00
i48,e08,c1,p28,l2,0.00
i48,e08,c1,p28,l3,0.00
i48,e08,c1,p29,l2,0.00
i48,e08,c1,p29,l3,0.00
i48,e08,c1,p30,l3,0.00
i48,e08,c1,p31,l2,0.00
i48,e08,c1,p31,l3,0.00
i48,e08,c1,p32,l2,0.00
i48,e08,c1,p32,l3,0.00
i48,e08,c1,p33,l3,0.00
i48,e08,c1,p35,l2,0.00
i48,e08,c1,p35,l3,0.00
i48,e08,c4,p01,l3,0.00
i48,e08,c4,p03,l3,0.00
i48,e08,c4,p05,l3,0.00
i48,e08,c4,p06,l3,0.00
i48,e08,c4,p08,l3,0.00
i48,e08,c4,p09,l3,0.00
i48,e08,c4,p10,l3,0.00
i48,e08,c4,p11,l3,0.00
i48,e08,c4,p12,l3,0.00
i48,e08,c4,p13,l3,0.00
i48,e08,c4,p15,l3,0.00
i48,e08,c4,p16,l3,0.00
i48,e08,c4,p17,l3,0.00
i48,e08,c4,p18,l2,0.00
i48,e08,c4,p18,l3,0.00
i48,e08,c4,p19,l3,0.00
i48,e08,c4,p21,l3,0.00
i48,e08,c4,p22,l2,0.00
i48,e08,c4,p22,l3,0.00
i48,e08,c4,p24,l3,0.00
i48,e08,c4,p29,l2,0.00
i48,e08,c4,p29,l3,0.00
i48,e08,c4,p35,l2,0.00
i48,e08,c4,p35,l3,0.00
i48,e08,c7,p13,l3,0.00
i48,e09,c1,p01,l2,0.00
i48,e09,c1,p01,l3,0.00
i48,e09,c1,p02,l2,0.00
i48,e09,c1,p02,l3,0.00
i48,e09,c1,p03,l2,0.00
i48,e09,c1,p03,l3,0.00
i48,e09,c1,p04,l2,0.00
i48,e09,c1,p04,l3,0.00
i48,e09,c1,p05,l2,0.00
i48,e09,c1,p05,l3,0.00
i48,e09,c1,p06,l2,0.00
i48,e09,c1,p06,l3,0.00
i48,e09,c1,p07,l2,0.00
i48,e09,c1,p07,l3,0.00
i48,e09,c1,p08,l2,0.00
i48,e09,c1,p08,l3,0.00
i48,e09,c1,p09,l2,0.00
i48,e09,c1,p09,l3,0.00
i48,e09,c1,p10,l2,0.00
i48,e09,c1,p10,l3,0.00
i48,e09,c1,p11,l2,0.00
i48,e09,c1,p11,l3,0.00
i48,e09,c1,p12,l2,0.00
i48,e09,c1,p12,l3,0.00
i48,e09,c1,p13,l2,0.00
i48,e09,c1,p13,l3,0.00
i48,e09,c1,p14,l2,0.00
i48,e09,c1,p14,l3,0.00
i48,e09,c1,p15,l2,0.00
i48,e09,c1,p15,l3,0.00
i48,e09,c1,p16,l2,0.00
i48,e09,c1,p16,l3,0.00
i48,e09,c1,p17,l2,0.00
i48,e09,c1,p17,l3,0.00
i48,e09,c1,p18,l2,0.00
i48,e09,c1,p18,l3,0.00
i48,e09,c1,p19,l2,0.00
i48,e09,c1,p19,l3,0.00
i48,e09,c1,p20,l3,0.00
i48,e09,c1,p21,l2,0.00
i48,e09,c1,p21,l3,0.00
i48,e09,c1,p22,l2,0.00
i48,e09,c1,p22,l3,0.00
i48,e09,c1,p23,l3,0.00
i48,e09,c1,p24,l2,0.00
i48,e09,c1,p24,l3,0.00
i48,e09,c1,p25,l3,0.00
i48,e09,c1,p26,l3,0.00
i48,e09,c1,p28,l2,0.00
i48,e09,c1,p28,l3,0.00
i48,e09,c1,p29,l2,0.00
i48,e09,c1,p29,l3,0.00
i48,e09,c1,p31,l2,0.00
i48,e09,c1,p31,l3,0.00
i48,e09,c1,p32,l2,0.00
i48,e09,c1,p32,l3,0.00
i48,e09,c1,p35,l2,0.00
i48,e09,c1,p35,l3,0.00
i48,e09,c4,p01,l3,0.00
i48,e09,c4,p03,l3,0.00
i48,e09,c4,p05,l3,0.00
i48,e09,c4,p06,l3,0.00
i48,e09,c4,p08,l3,0.00
i48,e09,c4,p09,l3,0.00
i48,e09,c4,p10,l3,0.00
i48,e09,c4,p11,l3,0.00
i48,e09,c4,p12,l3,0.00
i48,e09,c4,p15,l3,0.00
i48,e09,c4,p17,l2,0.00
i48,e09,c4,p17,l3,0.00
i48,e09,c4,p18,l3,0.00
i48,e09,c4,p19,l3,0.00
i48,e09,c4,p24,l3,0.00
i48,e09,c4,p29,l3,0.00
i48,e09,c4,p35,l2,0.00
i48,e09,c4,p35,l3,0.00
i48,e11,c1,p01,l2,0.00
i48,e11,c1,p01,l3,1.53
i48,e11,c1,p02,l2,0.00
i48,e11,c1,p02,l3,0.00
i48,e11,c1,p03,l2,0.00
i48,e11,c1,p03,l3,1.08
i48,e11,c1,p04,l2,0.00
i48,e11,c1,p04,l3,0.00
i48,e11,c1,p05,l2,0.00
i48,e11,c1,p05,l3,0.00
i48,e11,c1,p06,l2,0.00
i48,e11,c1,p06,l3,0.00
i48,e11,c1,p07,l2,0.00
i48,e11,c1,p07,l3,0.00
i48,e11,c1,p08,l2,0.00
i48,e11,c1,p08,l3,0.00
i48,e11,c1,p09,l2,0.00
i48,e11,c1,p09,l3,0.00
i48,e11,c1,p10,l2,0.00
i48,e11,c1,p10,l3,10.62
i48,e11,c1,p11,l2,0.00
i48,e11,c1,p11,l3,0.00
i48,e11,c1,p12,l2,0.00
i48,e11,c1,p12,l3,0.00
i48,e11,c1,p13,l2,0.00
i48,e11,c1,p13,l3,3.24
i48,e11,c1,p14,l2,0.00
i48,e11,c1,p14,l3,0.00
i48,e11,c1,p15,l2,0.00
i48,e11,c1,p15,l3,1.27
i48,e11,c1,p16,l2,0.00
i48,e11,c1,p16,l3,1.19
i48,e11,c1,p17,l2,0.00
i48,e11,c1,p17,l3,0.00
i48,e11,c1,p18,l2,0.00
i48,e11,c1,p18,l3,0.00
i48,e11,c1,p19,l2,0.00
i48,e11,c1,p19,l3,2.40
i48,e11,c1,p20,l2,0.00
i48,e11,c1,p20,l3,0.00
i48,e11,c1,p21,l2,0.00
i48,e11,c1,p21,l3,0.00
i48,e11,c1,p22,l2,0.00
i48,e11,c1,p22,l3,0.00
i48,e11,c1,p23,l2,0.00
i48,e11,c1,p23,l3,0.00
i48,e11,c1,p24,l2,0.00
i48,e11,c1,p24,l3,0.00
i48,e11,c1,p25,l2,0.00
i48,e11,c1,p25,l3,0.00
i48,e11,c1,p26,l2,0.00
i48,e11,c1,p26,l3,0.00
i48,e11,c1,p28,l2,0.00
i48,e11,c1,p28,l3,0.00
i48,e11,c1,p29,l2,0.00
i48,e11,c1,p29,l3,0.00
i48,e11,c1,p30,l3,0.00
i48,e11,c1,p31,l2,0.00
i48,e11,c1,p31,l3,0.00
i48,e11,c1,p32,l2,0.00
i48,e11,c1,p32,l3,0.00
i48,e11,c1,p33,l3,0.00
i48,e11,c1,p34,l3,0.00
i48,e11,c1,p35,l2,0.00
i48,e11,c1,p35,l3,8.05
i48,e11,c4,p01,l2,0.00
i48,e11,c4,p01,l3,0.00
i48,e11,c4,p02,l2,0.00
i48,e11,c4,p02,l3,0.00
i48,e11,c4,p03,l2,0.00
i48,e11,c4,p03,l3,0.00
i48,e11,c4,p04,l3,0.00
i48,e11,c4,p05,l3,0.00
i48,e11,c4,p06,l3,0.00
i48,e11,c4,p07,l3,0.00
i48,e11,c4,p08,l3,0.00
i48,e11,c4,p09,l3,0.00
i48,e11,c4,p10,l2,0.00
i48,e11,c4,p10,l3,0.00
i48,e11,c4,p11,l2,0.00
i48,e11,c4,p11,l3,0.00
i48,e11,c4,p12,l2,0.00
i48,e11,c4,p12,l3,0.00
i48,e11,c4,p13,l3,0.00
i48,e11,c4,p14,l3,0.00
i48,e11,c4,p15,l3,0.00
i48,e11,c4,p16,l3,0.00
i48,e11,c4,p17,l2,0.00
i48,e11,c4,p17,l3,0.00
i48,e11,c4,p18,l2,0.00
i48,e11,c4,p18,l3,0.00
i48,e11,c4,p19,l2,0.00
i48,e11,c4,p19,l3,0.00
i48,e11,c4,p20,l3,0.00
i48,e11,c4,p21,l3,0.00
i48,e11,c4,p22,l2,0.00
i48,e11,c4,p22,l3,0.00
i48,e11,c4,p23,l3,0.00
i48,e11,c4,p24,l3,0.00
i48,e11,c4,p25,l3,0.00
i48,e11,c4,p26,l3,0.00
i48,e11,c4,p28,l3,0.00
i48,e11,c4,p29,l2,0.00
i48,e11,c4,p29,l3,0.00
i48,e11,c4,p30,l3,0.00
i48,e11,c4,p31,l3,0.00
i48,e11,c4,p32,l3,0.00
i48,e11,c4,p35,l2,0.00
i48,e11,c4,p35,l3,1.09
i48,e11,c7,p06,l3,0.00
i48,e11,c7,p10,l3,0.00
i48,e11,c7,p13,l3,0.00
i48,e11,c7,p35,l3,0.00
i49,e01,c1,p01,l3,0.00
i49,e01,c1,p02,l3,0.00
i49,e01,c1,p03,l3,0.00
i49,e01,c1,p04,l3,0.00
i49,e01,c1,p05,l3,0.00
i49,e01,c1,p06,l3,0.00
i49,e01,c1,p09,l3,0.00
i49,e01,c1,p10,l3,0.00
i49,e01,c1,p11,l3,0.00
i49,e01,c1,p12,l3,0.00
i49,e01,c1,p13,l3,0.00
i49,e01,c1,p15,l3,0.00
i49,e01,c1,p16,l3,0.00
i49,e01,c1,p17,l3,0.00
i49,e01,c1,p18,l3,0.00
i49,e01,c1,p19,l3,0.00
i49,e01,c1,p20,l3,0.00
i49,e01,c1,p22,l3,0.00
i49,e01,c1,p24,l3,0.00
i49,e01,c1,p25,l3,0.00
i49,e01,c1,p27,l3,0.00
i49,e01,c1,p29,l3,0.00
i49,e01,c1,p33,l3,0.00
i49,e01,c1,p35,l3,0.00
i49,e01,c4,p01,l3,0.00
i49,e01,c4,p03,l3,0.00
i49,e01,c4,p05,l3,0.00
i49,e01,c4,p07,l3,0.00
i49,e01,c4,p10,l3,0.00
i49,e01,c4,p12,l3,0.00
i49,e01,c4,p19,l3,0.00
i49,e01,c4,p33,l3,0.00
i49,e01,c4,p35,l3,0.00
i49,e03,c1,p01,l3,1.08
i49,e03,c1,p02,l3,0.00
i49,e03,c1,p03,l3,0.00
i49,e03,c1,p04,l3,0.00
i49,e03,c1,p05,l3,0.00
i49,e03,c1,p06,l3,0.00
i49,e03,c1,p07,l3,0.00
i49,e03,c1,p08,l3,0.00
i49,e03,c1,p09,l3,0.00
i49,e03,c1,p10,l3,0.00
i49,e03,c1,p11,l3,0.00
i49,e03,c1,p12,l3,0.00
i49,e03,c1,p13,l3,0.00
i49,e03,c1,p14,l3,0.00
i49,e03,c1,p15,l3,0.00
i49,e03,c1,p16,l3,0.00
i49,e03,c1,p17,l3,0.00
i49,e03,c1,p18,l3,0.00
i49,e03,c1,p19,l3,0.00
i49,e03,c1,p20,l3,0.00
i49,e03,c1,p21,l3,0.00
i49,e03,c1,p24,l3,0.00
i49,e03,c1,p25,l3,0.00
i49,e03,c1,p27,l3,0.00
i49,e03,c1,p28,l3,0.00
i49,e03,c1,p29,l3,0.00
i49,e03,c1,p32,l3,0.00
i49,e03,c1,p33,l3,8.55
i49,e03,c1,p34,l3,0.00
i49,e03,c1,p35,l3,0.00
i49,e03,c4,p01,l3,0.00
i49,e03,c4,p03,l3,0.00
i49,e03,c4,p05,l3,0.00
i49,e03,c4,p07,l3,0.00
i49,e03,c4,p10,l3,0.00
i49,e03,c4,p11,l3,0.00
i49,e03,c4,p14,l3,0.00
i49,e03,c4,p19,l3,0.00
i49,e03,c4,p21,l3,0.00
i49,e03,c4,p33,l3,0.00
i49,e03,c4,p35,l3,0.00
i49,e04,c1,p01,l1,0.00
i49,e04,c1,p01,l3,0.00
i49,e04,c1,p02,l3,0.00
i49,e04,c1,p03,l1,0.00
i49,e04,c1,p03,l3,0.00
i49,e04,c1,p04,l3,0.00
i49,e04,c1,p05,l3,0.00
i49,e04,c1,p06,l3,0.00
i49,e04,c1,p09,l1,0.00
i49,e04,c1,p09,l3,0.00
i49,e04,c1,p10,l1,0.00
i49,e04,c1,p10,l3,0.00
i49,e04,c1,p11,l3,0.00
i49,e04,c1,p12,l3,0.00
i49,e04,c1,p13,l3,0.00
i49,e04,c1,p14,l3,0.00
i49,e04,c1,p15,l1,0.00
i49,e04,c1,p15,l3,0.00
i49,e04,c1,p16,l1,0.00
i49,e04,c1,p16,l3,0.00
i49,e04,c1,p17,l1,0.00
i49,e04,c1,p17,l3,0.00
i49,e04,c1,p18,l3,0.00
i49,e04,c1,p19,l1,0.00
i49,e04,c1,p19,l3,0.00
i49,e04,c1,p20,l3,0.00
i49,e04,c1,p21,l3,0.00
i49,e04,c1,p22,l3,0.00
i49,e04,c1,p24,l3,0.00
i49,e04,c1,p25,l3,0.00
i49,e04,c1,p27,l3,0.00
i49,e04,c1,p28,l3,0.00
i49,e04,c1,p29,l3,0.00
i49,e04,c1,p30,l1,0.00
i49,e04,c1,p33,l1,0.00
i49,e04,c1,p33,l3,1.13
i49,e04,c1,p35,l1,0.00
i49,e04,c1,p35,l3,0.00
i49,e04,c4,p01,l1,0.00
i49,e04,c4,p01,l3,0.00
i49,e04,c4,p03,l3,0.00
i49,e04,c4,p05,l3,0.00
i49,e04,c4,p07,l3,0.00
i49,e04,c4,p10,l3,0.00
i49,e04,c4,p11,l3,0.00
i49,e04,c4,p12,l3,0.00
i49,e04,c4,p14,l3,0.00
i49,e04,c4,p19,l1,0.00
i49,e04,c4,p19,l3,0.00
i49,e04,c4,p33,l1,0.00
i49,e04,c4,p33,l3,0.00
i49,e04,c4,p35,l3,0.00
i49,e05,c1,p01,l1,0.00
i49,e05,c1,p01,l3,0.00
i49,e05,c1,p03,l3,0.00
i49,e05,c1,p19,l3,0.00
i49,e05,c1,p33,l1,0.00
i49,e05,c1,p33,l3,0.00
i49,e05,c1,p35,l3,0.00
i49,e06,c1,p01,l3,0.00
i49,e06,c1,p02,l3,0.00
i49,e06,c1,p03,l3,0.00
i49,e06,c1,p04,l3,0.00
i49,e06,c1,p05,l3,0.00
i49,e06,c1,p06,l3,0.00
i49,e06,c1,p07,l3,0.00
i49,e06,c1,p08,l3,0.00
i49,e06,c1,p09,l3,0.00
i49,e06,c1,p10,l3,0.00
i49,e06,c1,p11,l3,0.00
i49,e06,c1,p12,l3,0.00
i49,e06,c1,p13,l3,0.00
i49,e06,c1,p14,l3,0.00
i49,e06,c1,p15,l3,0.00
i49,e06,c1,p16,l3,0.00
i49,e06,c1,p17,l3,0.00
i49,e06,c1,p18,l3,0.00
i49,e06,c1,p19,l3,0.00
i49,e06,c1,p20,l3,0.00
i49,e06,c1,p21,l3,0.00
i49,e06,c1,p22,l3,0.00
i49,e06,c1,p23,l3,0.00
i49,e06,c1,p24,l3,0.00
i49,e06,c1,p25,l3,0.00
i49,e06,c1,p27,l3,0.00
i49,e06,c1,p28,l3,0.00
i49,e06,c1,p29,l3,0.00
i49,e06,c1,p32,l3,0.00
i49,e06,c1,p33,l3,4.80
i49,e06,c1,p34,l3,0.00
i49,e06,c1,p35,l3,0.00
i49,e06,c4,p01,l3,0.00
i49,e06,c4,p02,l3,0.00
i49,e06,c4,p03,l3,0.00
i49,e06,c4,p04,l3,0.00
i49,e06,c4,p05,l3,0.00
i49,e06,c4,p07,l3,0.00
i49,e06,c4,p10,l3,0.00
i49,e06,c4,p11,l3,0.00
i49,e06,c4,p12,l3,0.00
i49,e06,c4,p13,l3,0.00
i49,e06,c4,p14,l3,0.00
i49,e06,c4,p16,l3,0.00
i49,e06,c4,p19,l3,0.00
i49,e06,c4,p21,l3,0.00
i49,e06,c4,p33,l3,0.00
i49,e06,c4,p35,l3,0.00
i49,e07,c1,p01,l3,0.00
i49,e07,c1,p33,l3,0.00
i49,e08,c1,p01,l2,0.00
i49,e08,c1,p01,l3,0.00
i49,e08,c1,p02,l2,0.00
i49,e08,c1,p02,l3,0.00
i49,e08,c1,p03,l2,0.00
i49,e08,c1,p03,l3,0.00
i49,e08,c1,p04,l3,0.00
i49,e08,c1,p05,l3,0.00
i49,e08,c1,p06,l3,0.00
i49,e08,c1,p07,l3,0.00
i49,e08,c1,p08,l3,0.00
i49,e08,c1,p09,l2,0.00
i49,e08,c1,p09,l3,0.00
i49,e08,c1,p10,l2,0.00
i49,e08,c1,p10,l3,0.00
i49,e08,c1,p11,l2,0.00
i49,e08,c1,p11,l3,0.00
i49,e08,c1,p12,l3,0.00
i49,e08,c1,p13,l2,0.00
i49,e08,c1,p13,l3,0.00
i49,e08,c1,p14,l3,0.00
i49,e08,c1,p15,l2,0.00
i49,e08,c1,p15,l3,0.00
i49,e08,c1,p16,l2,0.00
i49,e08,c1,p16,l3,0.00
i49,e08,c1,p17,l2,0.00
i49,e08,c1,p17,l3,0.00
i49,e08,c1,p18,l3,0.00
i49,e08,c1,p19,l2,0.00
i49,e08,c1,p19,l3,0.00
i49,e08,c1,p20,l3,0.00
i49,e08,c1,p21,l2,0.00
i49,e08,c1,p21,l3,0.00
i49,e08,c1,p22,l3,0.00
i49,e08,c1,p23,l3,0.00
i49,e08,c1,p24,l3,0.00
i49,e08,c1,p25,l3,0.00
i49,e08,c1,p27,l3,0.00
i49,e08,c1,p28,l2,0.00
i49,e08,c1,p28,l3,0.00
i49,e08,c1,p29,l3,0.00
i49,e08,c1,p30,l2,0.00
i49,e08,c1,p33,l2,0.00
i49,e08,c1,p33,l3,8.23
i49,e08,c1,p34,l3,0.00
i49,e08,c1,p35,l2,0.00
i49,e08,c1,p35,l3,0.00
i49,e08,c4,p01,l2,0.00
i49,e08,c4,p01,l3,0.00
i49,e08,c4,p02,l3,0.00
i49,e08,c4,p03,l3,0.00
i49,e08,c4,p04,l3,0.00
i49,e08,c4,p05,l3,0.00
i49,e08,c4,p07,l3,0.00
i49,e08,c4,p10,l3,0.00
i49,e08,c4,p11,l3,0.00
i49,e08,c4,p12,l3,0.00
i49,e08,c4,p13,l3,0.00
i49,e08,c4,p14,l3,0.00
i49,e08,c4,p16,l3,0.00
i49,e08,c4,p19,l2,0.00
i49,e08,c4,p19,l3,0.00
i49,e08,c4,p33,l2,0.00
i49,e08,c4,p33,l3,0.00
i49,e08,c4,p35,l3,0.00
i49,e09,c1,p01,l2,0.00
i49,e09,c1,p01,l3,0.00
i49,e09,c1,p02,l3,0.00
i49,e09,c1,p03,l3,0.00
i49,e09,c1,p04,l3,0.00
i49,e09,c1,p06,l3,0.00
i49,e09,c1,p09,l2,0.00
i49,e09,c1,p10,l2,0.00
i49,e09,c1,p10,l3,0.00
i49,e09,c1,p11,l3,0.00
i49,e09,c1,p12,l3,0.00
i49,e09,c1,p13,l3,0.00
i49,e09,c1,p15,l2,0.00
i49,e09,c1,p16,l2,0.00
i49,e09,c1,p16,l3,0.00
i49,e09,c1,p17,l2,0.00
i49,e09,c1,p17,l3,0.00
i49,e09,c1,p18,l3,0.00
i49,e09,c1,p19,l2,0.00
i49,e09,c1,p19,l3,0.00
i49,e09,c1,p20,l3,0.00
i49,e09,c1,p21,l3,0.00
i49,e09,c1,p22,l3,0.00
i49,e09,c1,p24,l3,0.00
i49,e09,c1,p25,l3,0.00
i49,e09,c1,p27,l3,0.00
i49,e09,c1,p28,l3,0.00
i49,e09,c1,p29,l3,0.00
i49,e09,c1,p33,l2,0.00
i49,e09,c1,p33,l3,0.00
i49,e09,c1,p35,l2,0.00
i49,e09,c1,p35,l3,0.00
i49,e09,c4,p01,l2,0.00
i49,e09,c4,p01,l3,0.00
i49,e09,c4,p07,l3,0.00
i49,e09,c4,p10,l3,0.00
i49,e09,c4,p14,l3,0.00
i49,e09,c4,p33,l2,0.00
i49,e09,c4,p33,l3,0.00
i49,e09,c4,p35,l2,0.00
i49,e09,c4,p35,l3,0.00
i49,e10,c1,p01,l3,0.00
i49,e10,c1,p02,l3,0.00
i49,e10,c1,p03,l3,0.00
i49,e10,c1,p04,l3,0.00
i49,e10,c1,p05,l3,0.00
i49,e10,c1,p06,l3,0.00
i49,e10,c1,p07,l3,0.00
i49,e10,c1,p08,l3,0.00
i49,e10,c1,p09,l3,0.00
i49,e10,c1,p10,l3,0.00
i49,e10,c1,p11,l3,0.00
i49,e10,c1,p12,l3,0.00
i49,e10,c1,p13,l3,0.00
i49,e10,c1,p14,l3,0.00
i49,e10,c1,p15,l3,0.00
i49,e10,c1,p16,l3,0.00
i49,e10,c1,p17,l3,0.00
i49,e10,c1,p18,l3,0.00
i49,e10,c1,p19,l3,0.00
i49,e10,c1,p20,l3,0.00
i49,e10,c1,p21,l3,0.00
i49,e10,c1,p22,l3,0.00
i49,e10,c1,p23,l3,0.00
i49,e10,c1,p24,l3,0.00
i49,e10,c1,p25,l3,0.00
i49,e10,c1,p27,l3,0.00
i49,e10,c1,p28,l3,0.00
i49,e10,c1,p29,l3,0.00
i49,e10,c1,p32,l3,0.00
i49,e10,c1,p33,l3,148.10
i49,e10,c1,p34,l3,0.00
i49,e10,c1,p35,l3,0.00
i49,e10,c4,p01,l3,0.00
i49,e10,c4,p02,l3,0.00
i49,e10,c4,p03,l3,0.00
i49,e10,c4,p04,l3,0.00
i49,e10,c4,p05,l3,0.00
i49,e10,c4,p07,l3,0.00
i49,e10,c4,p10,l3,0.00
i49,e10,c4,p11,l3,0.00
i49,e10,c4,p12,l3,0.00
i49,e10,c4,p13,l3,0.00
i49,e10,c4,p14,l3,0.00
i49,e10,c4,p16,l3,0.00
i49,e10,c4,p19,l3,0.00
i49,e10,c4,p21,l3,0.00
i49,e10,c4,p33,l3,0.00
i49,e10,c4,p35,l3,0.00
i49,e11,c1,p01,l2,0.00
i49,e11,c1,p01,l3,0.00
i49,e11,c1,p03,l3,0.00
i49,e11,c1,p09,l2,0.00
i49,e11,c1,p10,l3,0.00
i49,e11,c1,p13,l2,0.00
i49,e11,c1,p13,l3,0.00
i49,e11,c1,p14,l3,0.00
i49,e11,c1,p17,l2,0.00
i49,e11,c1,p17,l3,0.00
i49,e11,c1,p18,l2,0.00
i49,e11,c1,p18,l3,0.00
i49,e11,c1,p19,l2,0.00
i49,e11,c1,p19,l3,0.00
i49,e11,c1,p20,l3,0.00
i49,e11,c1,p21,l2,0.00
i49,e11,c1,p21,l3,0.00
i49,e11,c1,p23,l3,0.00
i49,e11,c1,p29,l3,0.00
i49,e11,c1,p33,l2,0.00
i49,e11,c1,p33,l3,0.00
i49,e11,c1,p35,l2,0.00
i49,e11,c1,p35,l3,0.00
i49,e11,c4,p01,l2,0.00
i49,e11,c4,p01,l3,0.00
i49,e11,c4,p05,l3,0.00
i49,e11,c4,p33,l2,0.00
i49,e11,c4,p33,l3,0.00
i49,e11,c4,p35,l3,0.00
i49,e12,c1,p01,l3,0.00
i49,e12,c1,p33,l3,0.00
i49,e12,c1,p35,l3,0.00
i49,e12,c4,p33,l3,0.00
i50,e01,c1,p05,l3,0.00
i50,e01,c1,p06,l3,0.00
i50,e01,c1,p07,l3,0.00
i50,e01,c1,p08,l3,0.00
i50,e01,c1,p09,l3,0.00
i50,e01,c1,p10,l3,0.00
i50,e01,c1,p11,l3,0.00
i50,e01,c1,p12,l3,0.00
i50,e01,c1,p13,l3,0.00
i50,e01,c1,p14,l3,0.00
i50,e01,c1,p15,l3,2.19
i50,e01,c1,p16,l3,1.63
i50,e01,c1,p17,l3,0.00
i50,e01,c1,p18,l3,0.00
i50,e01,c1,p19,l3,0.00
i50,e01,c1,p20,l3,0.00
i50,e01,c1,p21,l3,0.00
i50,e01,c1,p22,l3,0.00
i50,e01,c1,p23,l3,0.00
i50,e01,c1,p24,l3,0.00
i50,e01,c1,p25,l3,0.00
i50,e01,c1,p26,l3,0.00
i50,e01,c1,p28,l3,0.00
i50,e01,c1,p29,l3,1.01
i50,e01,c1,p31,l3,0.00
i50,e01,c1,p32,l3,2.38
i50,e01,c1,p33,l3,0.00
i50,e01,c1,p34,l3,0.00
i50,e01,c1,p35,l3,1.01
i50,e04,c1,p03,l3,0.00
i50,e04,c1,p05,l1,0.00
i50,e04,c1,p05,l3,0.00
i50,e04,c1,p06,l1,0.00
i50,e04,c1,p06,l3,0.00
i50,e04,c1,p07,l1,0.00
i50,e04,c1,p07,l3,0.00
i50,e04,c1,p08,l1,0.00
i50,e04,c1,p08,l3,0.00
i50,e04,c1,p09,l1,0.00
i50,e04,c1,p09,l3,0.00
i50,e04,c1,p10,l1,0.00
i50,e04,c1,p10,l3,0.00
i50,e04,c1,p11,l1,0.00
i50,e04,c1,p11,l3,0.00
i50,e04,c1,p12,l1,0.00
i50,e04,c1,p12,l3,0.00
i50,e04,c1,p13,l1,0.00
i50,e04,c1,p13,l3,0.00
i50,e04,c1,p14,l1,0.00
i50,e04,c1,p14,l3,0.00
i50,e04,c1,p15,l1,0.00
i50,e04,c1,p15,l3,0.00
i50,e04,c1,p16,l1,0.00
i50,e04,c1,p16,l3,0.00
i50,e04,c1,p17,l3,0.00
i50,e04,c1,p18,l1,0.00
i50,e04,c1,p18,l3,0.00
i50,e04,c1,p19,l1,0.00
i50,e04,c1,p19,l3,0.00
i50,e04,c1,p20,l1,0.00
i50,e04,c1,p20,l3,0.00
i50,e04,c1,p21,l1,0.00
i50,e04,c1,p21,l3,0.00
i50,e04,c1,p22,l1,0.00
i50,e04,c1,p22,l3,0.00
i50,e04,c1,p23,l1,0.00
i50,e04,c1,p23,l3,3.18
i50,e04,c1,p24,l1,0.00
i50,e04,c1,p24,l3,0.00
i50,e04,c1,p25,l1,0.00
i50,e04,c1,p25,l3,0.00
i50,e04,c1,p26,l1,0.00
i50,e04,c1,p26,l3,0.00
i50,e04,c1,p28,l1,0.00
i50,e04,c1,p28,l3,0.00
i50,e04,c1,p29,l1,0.00
i50,e04,c1,p29,l3,0.00
i50,e04,c1,p31,l3,0.00
i50,e04,c1,p32,l1,0.00
i50,e04,c1,p32,l3,2.69
i50,e04,c1,p33,l3,0.00
i50,e04,c1,p34,l3,0.00
i50,e04,c1,p35,l1,0.00
i50,e04,c1,p35,l3,7.47
i50,e05,c1,p05,l3,0.00
i50,e05,c1,p06,l3,0.00
i50,e05,c1,p09,l1,0.00
i50,e05,c1,p10,l1,0.00
i50,e05,c1,p10,l3,0.00
i50,e05,c1,p15,l1,0.00
i50,e05,c1,p15,l3,0.00
i50,e05,c1,p18,l3,0.00
i50,e05,c1,p19,l1,0.00
i50,e05,c1,p23,l3,0.00
i50,e05,c1,p25,l3,0.00
i50,e05,c1,p26,l3,0.00
i50,e05,c1,p35,l1,0.00
i50,e05,c1,p35,l3,0.00
i50,e09,c1,p05,l2,0.00
i50,e09,c1,p05,l3,0.00
i50,e09,c1,p06,l2,0.00
i50,e09,c1,p06,l3,0.00
i50,e09,c1,p07,l2,0.00
i50,e09,c1,p07,l3,1.52
i50,e09,c1,p08,l2,0.00
i50,e09,c1,p08,l3,0.00
i50,e09,c1,p09,l2,0.00
i50,e09,c1,p09,l3,0.00
i50,e09,c1,p10,l2,0.00
i50,e09,c1,p10,l3,0.00
i50,e09,c1,p11,l2,0.00
i50,e09,c1,p11,l3,0.00
i50,e09,c1,p12,l2,0.00
i50,e09,c1,p12,l3,1.51
i50,e09,c1,p13,l2,0.00
i50,e09,c1,p13,l3,0.00
i50,e09,c1,p14,l2,0.00
i50,e09,c1,p14,l3,0.00
i50,e09,c1,p15,l2,0.00
i50,e09,c1,p15,l3,0.00
i50,e09,c1,p16,l2,0.00
i50,e09,c1,p16,l3,0.00
i50,e09,c1,p17,l3,0.00
i50,e09,c1,p18,l2,0.00
i50,e09,c1,p18,l3,0.00
i50,e09,c1,p19,l2,0.00
i50,e09,c1,p19,l3,0.00
i50,e09,c1,p20,l2,0.00
i50,e09,c1,p20,l3,0.00
i50,e09,c1,p21,l2,0.00
i50,e09,c1,p21,l3,0.00
i50,e09,c1,p22,l2,0.00
i50,e09,c1,p22,l3,2.74
i50,e09,c1,p23,l2,0.00
i50,e09,c1,p23,l3,1.14
i50,e09,c1,p24,l2,0.00
i50,e09,c1,p24,l3,1.34
i50,e09,c1,p25,l2,0.00
i50,e09,c1,p25,l3,0.00
i50,e09,c1,p26,l2,0.00
i50,e09,c1,p26,l3,0.00
i50,e09,c1,p28,l2,0.00
i50,e09,c1,p28,l3,0.00
i50,e09,c1,p29,l2,0.00
i50,e09,c1,p29,l3,0.00
i50,e09,c1,p31,l3,0.00
i50,e09,c1,p32,l2,0.00
i50,e09,c1,p32,l3,0.00
i50,e09,c1,p33,l3,0.00
i50,e09,c1,p34,l3,0.00
i50,e09,c1,p35,l2,0.00
i50,e09,c1,p35,l3,1.06
i50,e12,c1,p35,l3,0.00
i51,e01,c4,p35,l3,0.00
i51,e04,c4,p35,l1,0.00
i51,e04,c4,p35,l3,0.00
i51,e05,c4,p35,l3,0.00
i51,e08,c4,p35,l2,0.00
i51,e08,c4,p35,l3,0.00
i51,e09,c4,p35,l2,0.00
i51,e09,c4,p35,l3,0.00
i51,e10,c4,p35,l1,0.00
i51,e10,c4,p35,l3,0.00
i51,e11,c4,p35,l3,0.00
i52,e01,c3,p01,l3,0.00
i52,e01,c3,p10,l3,0.00
i52,e01,c3,p35,l3,0.00
i52,e01,c5,p10,l3,0.00
i52,e01,c5,p35,l3,0.00
i52,e02,c3,p10,l3,0.00
i52,e02,c3,p35,l3,0.00
i52,e02,c5,p35,l3,0.00
i52,e04,c3,p01,l3,0.00
i52,e04,c3,p10,l1,0.00
i52,e04,c3,p10,l3,0.00
i52,e04,c3,p35,l1,0.00
i52,e04,c3,p35,l3,0.00
i52,e04,c5,p10,l3,0.00
i52,e04,c5,p35,l3,0.00
i52,e05,c3,p10,l3,0.00
i52,e05,c3,p35,l3,0.00
i52,e08,c3,p01,l3,0.00
i52,e08,c3,p10,l3,0.00
i52,e08,c3,p35,l3,0.00
i52,e08,c5,p10,l3,0.00
i52,e08,c5,p35,l3,0.00
i52,e09,c3,p01,l3,0.00
i52,e09,c3,p10,l3,0.00
i52,e09,c3,p35,l2,0.00
i52,e09,c3,p35,l3,0.00
i52,e09,c5,p10,l3,0.00
i52,e09,c5,p35,l3,0.00
i52,e11,c3,p01,l3,0.00
i52,e11,c3,p10,l3,0.00
i52,e11,c3,p35,l3,0.00
i53,e01,c5,p35,l3,0.00
i53,e02,c5,p35,l3,0.00
i53,e03,c5,p35,l3,0.00
i53,e04,c5,p35,l3,0.00
i53,e05,c5,p35,l3,0.00
i53,e08,c5,p35,l3,0.00
i53,e09,c5,p35,l3,0.00
i53,e11,c5,p35,l3,0.00
i53,e12,c5,p35,l3,0.00
i53,e13,c5,p10,l3,0.00
i53,e13,c5,p35,l3,0.00
i54,e01,c1,p35,l3,0.00
i54,e01,c4,p35,l3,0.00
i54,e04,c1,p35,l3,0.00
i54,e04,c4,p35,l3,0.00
i54,e05,c1,p35,l3,0.00
i54,e09,c1,p35,l3,0.00
i54,e09,c4,p35,l3,0.00
i54,e12,c1,p35,l3,0.00
i55,e01,c3,p10,l3,0.00
i55,e01,c5,p01,l3,0.00
i55,e01,c5,p03,l3,0.00
i55,e01,c5,p06,l3,0.00
i55,e01,c5,p10,l3,0.00
i55,e01,c5,p33,l3,0.00
i55,e01,c5,p35,l3,0.00
i55,e02,c5,p03,l3,0.00
i55,e02,c5,p10,l3,0.00
i55,e02,c5,p35,l3,0.00
i55,e03,c3,p10,l3,0.00
i55,e03,c5,p01,l3,0.00
i55,e03,c5,p03,l3,0.00
i55,e03,c5,p06,l3,0.00
i55,e03,c5,p10,l3,0.00
i55,e03,c5,p19,l3,0.00
i55,e03,c5,p24,l3,0.00
i55,e03,c5,p33,l3,0.00
i55,e03,c5,p35,l3,0.00
i55,e04,c3,p10,l3,0.00
i55,e04,c5,p01,l3,0.00
i55,e04,c5,p03,l3,0.00
i55,e04,c5,p06,l3,0.00
i55,e04,c5,p10,l3,0.00
i55,e04,c5,p19,l3,0.00
i55,e04,c5,p33,l3,0.00
i55,e04,c5,p35,l3,0.00
i55,e05,c3,p10,l3,0.00
i55,e05,c5,p01,l3,0.00
i55,e05,c5,p03,l3,0.00
i55,e05,c5,p10,l3,0.00
i55,e05,c5,p24,l3,0.00
i55,e05,c5,p33,l3,0.00
i55,e05,c5,p35,l3,0.00
i55,e07,c5,p01,l3,0.00
i55,e07,c5,p06,l3,0.00
i55,e07,c5,p10,l3,0.00
i55,e07,c5,p35,l3,0.00
i55,e08,c3,p10,l3,0.00
i55,e08,c5,p01,l3,0.00
i55,e08,c5,p03,l3,0.00
i55,e08,c5,p06,l3,0.00
i55,e08,c5,p10,l3,0.00
i55,e08,c5,p19,l3,0.00
i55,e08,c5,p33,l3,0.00
i55,e08,c5,p35,l3,0.00
i55,e09,c3,p10,l3,0.00
i55,e09,c5,p01,l3,0.00
i55,e09,c5,p03,l3,0.00
i55,e09,c5,p06,l3,0.00
i55,e09,c5,p10,l3,0.00
i55,e09,c5,p33,l3,0.00
i55,e09,c5,p35,l3,0.00
i55,e12,c3,p10,l3,0.00
i55,e12,c5,p01,l3,0.00
i55,e12,c5,p03,l3,0.00
i55,e12,c5,p06,l3,0.00
i55,e12,c5,p10,l3,0.00
i55,e12,c5,p35,l3,0.00
i55,e13,c3,p10,l3,0.00
i55,e13,c5,p01,l3,0.00
i55,e13,c5,p03,l3,0.00
i55,e13,c5,p06,l3,0.00
i55,e13,c5,p10,l3,0.00
i55,e13,c5,p19,l3,0.00
i55,e13,c5,p24,l3,0.00
i55,e13,c5,p35,l3,0.00
i56,e01,c5,p10,l3,0.00
i56,e01,c5,p35,l3,0.00
i56,e02,c3,p10,l3,0.00
i56,e02,c5,p10,l3,0.00
i56,e04,c5,p01,l3,0.00
i56,e04,c5,p10,l3,0.00
i56,e04,c5,p35,l3,0.00
i56,e05,c3,p10,l3,0.00
i56,e05,c5,p01,l3,0.00
i56,e05,c5,p10,l3,0.00
i56,e05,c5,p35,l3,0.00
i56,e07,c3,p10,l3,0.00
i56,e07,c5,p10,l3,0.00
i56,e07,c5,p35,l3,0.00
i56,e08,c5,p01,l3,0.00
i56,e08,c5,p10,l3,0.00
i56,e08,c5,p16,l3,0.00
i56,e08,c5,p35,l3,0.00
i56,e09,c3,p10,l3,0.00
i56,e09,c5,p10,l3,0.00
i56,e09,c5,p35,l3,0.00
i56,e11,c3,p10,l3,0.00
i56,e11,c5,p03,l3,0.00
i56,e11,c5,p10,l3,0.00
i56,e11,c5,p35,l3,0.00
i56,e12,c5,p10,l3,0.00
i56,e12,c5,p35,l3,0.00
i57,e12,c2,p10,l3,1.28
i57,e12,c8,p01,l3,0.00
i57,e12,c8,p03,l3,0.00
i57,e12,c8,p04,l3,0.00
i57,e12,c8,p05,l3,0.00
i57,e12,c8,p07,l3,0.00
i57,e12,c8,p10,l3,2.44
i57,e12,c8,p11,l3,0.00
i57,e12,c8,p15,l3,0.00
i57,e12,c8,p16,l3,0.00
i57,e12,c8,p19,l3,0.00
i57,e12,c8,p20,l3,0.00
i57,e12,c8,p21,l3,0.00
i57,e12,c8,p22,l3,0.00
i57,e12,c8,p33,l3,0.00
i58,e01,c5,p10,l3,0.00
i58,e01,c5,p35,l3,0.00
i58,e03,c5,p10,l3,0.00
i58,e03,c5,p35,l3,0.00
i58,e04,c5,p10,l3,0.00
i58,e04,c5,p35,l3,0.00
i58,e05,c3,p35,l3,0.00
i58,e05,c5,p10,l3,0.00
i58,e05,c5,p35,l3,0.00
i58,e07,c5,p35,l3,0.00
i58,e08,c3,p35,l3,0.00
i58,e08,c5,p10,l3,0.00
i58,e08,c5,p35,l3,0.00
i58,e09,c5,p10,l3,0.00
i58,e09,c5,p35,l3,0.00
i58,e11,c5,p10,l3,0.00
i58,e11,c5,p35,l3,0.00
i58,e12,c5,p10,l3,0.00
i58,e12,c5,p35,l3,0.00
i59,e01,c3,p01,l3,0.00
i59,e01,c3,p10,l3,0.00
i59,e01,c3,p16,l3,0.00
i59,e01,c3,p21,l3,0.00
i59,e01,c3,p35,l3,0.00
i59,e01,c5,p01,l3,4.01
i59,e01,c5,p02,l3,0.00
i59,e01,c5,p03,l3,0.00
i59,e01,c5,p04,l3,0.00
i59,e01,c5,p05,l3,0.00
i59,e01,c5,p06,l3,0.00
i59,e01,c5,p07,l3,0.00
i59,e01,c5,p08,l3,0.00
i59,e01,c5,p10,l3,0.00
i59,e01,c5,p11,l3,0.00
i59,e01,c5,p12,l3,0.00
i59,e01,c5,p13,l3,0.00
i59,e01,c5,p14,l3,0.00
i59,e01,c5,p15,l3,0.00
i59,e01,c5,p16,l3,0.00
i59,e01,c5,p17,l3,0.00
i59,e01,c5,p18,l3,0.00
i59,e01,c5,p19,l3,0.00
i59,e01,c5,p20,l3,0.00
i59,e01,c5,p21,l3,0.00
i59,e01,c5,p22,l3,0.00
i59,e01,c5,p23,l3,0.00
i59,e01,c5,p24,l3,0.00
i59,e01,c5,p25,l3,0.00
i59,e01,c5,p28,l3,0.00
i59,e01,c5,p29,l3,0.00
i59,e01,c5,p32,l3,0.00
i59,e01,c5,p33,l3,0.00
i59,e01,c5,p35,l3,0.00
i59,e02,c3,p10,l3,0.00
i59,e02,c5,p01,l1,0.00
i59,e02,c5,p01,l3,0.00
i59,e02,c5,p10,l1,0.00
i59,e02,c5,p10,l3,0.00
i59,e02,c5,p12,l1,0.00
i59,e02,c5,p12,l3,0.00
i59,e02,c5,p19,l3,0.00
i59,e02,c5,p21,l3,0.00
i59,e02,c5,p35,l3,0.00
i59,e04,c3,p01,l3,0.00
i59,e04,c3,p10,l3,0.00
i59,e04,c3,p11,l3,0.00
i59,e04,c3,p35,l3,0.00
i59,e04,c5,p01,l1,0.00
i59,e04,c5,p01,l3,0.00
i59,e04,c5,p02,l3,0.00
i59,e04,c5,p03,l3,0.00
i59,e04,c5,p04,l3,0.00
i59,e04,c5,p05,l3,0.00
i59,e04,c5,p06,l1,0.00
i59,e04,c5,p06,l3,0.00
i59,e04,c5,p07,l3,0.00
i59,e04,c5,p08,l3,0.00
i59,e04,c5,p09,l3,0.00
i59,e04,c5,p10,l1,0.00
i59,e04,c5,p10,l3,0.00
i59,e04,c5,p11,l3,0.00
i59,e04,c5,p12,l1,0.00
i59,e04,c5,p12,l3,0.00
i59,e04,c5,p13,l3,0.00
i59,e04,c5,p14,l3,0.00
i59,e04,c5,p15,l1,0.00
i59,e04,c5,p15,l3,0.00
i59,e04,c5,p16,l3,0.00
i59,e04,c5,p17,l3,0.00
i59,e04,c5,p18,l3,0.00
i59,e04,c5,p19,l1,0.00
i59,e04,c5,p19,l3,0.00
i59,e04,c5,p20,l3,0.00
i59,e04,c5,p21,l1,0.00
i59,e04,c5,p21,l3,0.00
i59,e04,c5,p22,l3,0.00
i59,e04,c5,p23,l3,0.00
i59,e04,c5,p24,l3,0.00
i59,e04,c5,p25,l3,0.00
i59,e04,c5,p28,l1,0.00
i59,e04,c5,p28,l3,0.00
i59,e04,c5,p29,l3,0.00
i59,e04,c5,p30,l3,0.00
i59,e04,c5,p32,l3,0.00
i59,e04,c5,p33,l3,0.00
i59,e04,c5,p35,l1,0.00
i59,e04,c5,p35,l3,2.57
i59,e05,c3,p01,l3,0.00
i59,e05,c3,p10,l1,0.00
i59,e05,c3,p10,l3,0.00
i59,e05,c3,p35,l1,0.00
i59,e05,c3,p35,l3,0.00
i59,e05,c5,p01,l1,0.00
i59,e05,c5,p01,l3,0.00
i59,e05,c5,p02,l3,0.00
i59,e05,c5,p03,l3,0.00
i59,e05,c5,p04,l3,0.00
i59,e05,c5,p05,l3,0.00
i59,e05,c5,p06,l3,0.00
i59,e05,c5,p10,l1,0.00
i59,e05,c5,p10,l3,1.59
i59,e05,c5,p11,l3,0.00
i59,e05,c5,p12,l1,0.00
i59,e05,c5,p12,l3,1.53
i59,e05,c5,p13,l1,0.00
i59,e05,c5,p13,l3,0.00
i59,e05,c5,p15,l1,0.00
i59,e05,c5,p15,l3,0.00
i59,e05,c5,p16,l3,0.00
i59,e05,c5,p17,l3,0.00
i59,e05,c5,p19,l1,0.00
i59,e05,c5,p19,l3,0.00
i59,e05,c5,p21,l1,0.00
i59,e05,c5,p21,l3,0.00
i59,e05,c5,p23,l3,0.00
i59,e05,c5,p24,l3,0.00
i59,e05,c5,p25,l3,0.00
i59,e05,c5,p26,l1,0.00
i59,e05,c5,p28,l3,0.00
i59,e05,c5,p30,l3,0.00
i59,e05,c5,p33,l3,0.00
i59,e05,c5,p35,l1,0.00
i59,e05,c5,p35,l3,0.00
i59,e07,c3,p35,l3,0.00
i59,e07,c5,p01,l3,0.00
i59,e07,c5,p05,l3,0.00
i59,e07,c5,p06,l3,0.00
i59,e07,c5,p07,l2,0.00
i59,e07,c5,p07,l3,0.00
i59,e07,c5,p08,l3,0.00
i59,e07,c5,p10,l2,0.00
i59,e07,c5,p10,l3,0.00
i59,e07,c5,p11,l3,0.00
i59,e07,c5,p12,l2,0.00
i59,e07,c5,p12,l3,0.00
i59,e07,c5,p15,l3,0.00
i59,e07,c5,p18,l3,0.00
i59,e07,c5,p19,l3,0.00
i59,e07,c5,p21,l3,0.00
i59,e07,c5,p28,l3,0.00
i59,e07,c5,p31,l3,0.00
i59,e07,c5,p35,l3,0.00
i59,e08,c3,p10,l2,0.00
i59,e08,c3,p10,l3,0.00
i59,e08,c3,p19,l3,0.00
i59,e08,c3,p21,l3,0.00
i59,e08,c3,p35,l2,0.00
i59,e08,c3,p35,l3,0.00
i59,e08,c5,p01,l2,0.00
i59,e08,c5,p01,l3,0.00
i59,e08,c5,p02,l3,0.00
i59,e08,c5,p03,l3,0.00
i59,e08,c5,p04,l2,0.00
i59,e08,c5,p04,l3,0.00
i59,e08,c5,p05,l3,0.00
i59,e08,c5,p06,l2,0.00
i59,e08,c5,p06,l3,0.00
i59,e08,c5,p07,l2,0.00
i59,e08,c5,p07,l3,0.00
i59,e08,c5,p08,l2,0.00
i59,e08,c5,p08,l3,0.00
i59,e08,c5,p09,l3,0.00
i59,e08,c5,p10,l2,0.00
i59,e08,c5,p10,l3,14.55
i59,e08,c5,p11,l2,0.00
i59,e08,c5,p11,l3,0.00
i59,e08,c5,p12,l2,0.00
i59,e08,c5,p12,l3,0.00
i59,e08,c5,p13,l3,0.00
i59,e08,c5,p14,l2,0.00
i59,e08,c5,p14,l3,0.00
i59,e08,c5,p15,l2,0.00
i59,e08,c5,p15,l3,0.00
i59,e08,c5,p16,l2,0.00
i59,e08,c5,p16,l3,0.00
i59,e08,c5,p17,l2,0.00
i59,e08,c5,p17,l3,0.00
i59,e08,c5,p18,l3,0.00
i59,e08,c5,p19,l2,0.00
i59,e08,c5,p19,l3,0.00
i59,e08,c5,p20,l3,0.00
i59,e08,c5,p21,l2,0.00
i59,e08,c5,p21,l3,0.00
i59,e08,c5,p22,l3,0.00
i59,e08,c5,p23,l2,0.00
i59,e08,c5,p23,l3,0.00
i59,e08,c5,p24,l2,0.00
i59,e08,c5,p24,l3,0.00
i59,e08,c5,p25,l2,0.00
i59,e08,c5,p25,l3,0.00
i59,e08,c5,p26,l2,0.00
i59,e08,c5,p28,l2,0.00
i59,e08,c5,p28,l3,0.00
i59,e08,c5,p29,l3,0.00
i59,e08,c5,p30,l3,0.00
i59,e08,c5,p31,l3,0.00
i59,e08,c5,p32,l3,0.00
i59,e08,c5,p33,l3,0.00
i59,e08,c5,p35,l2,0.00
i59,e08,c5,p35,l3,4.44
i59,e09,c3,p01,l3,0.00
i59,e09,c3,p10,l3,0.00
i59,e09,c3,p35,l3,0.00
i59,e09,c5,p01,l2,0.00
i59,e09,c5,p01,l3,0.00
i59,e09,c5,p02,l3,0.00
i59,e09,c5,p03,l3,0.00
i59,e09,c5,p04,l3,0.00
i59,e09,c5,p05,l3,0.00
i59,e09,c5,p06,l3,0.00
i59,e09,c5,p07,l3,0.00
i59,e09,c5,p08,l3,0.00
i59,e09,c5,p10,l2,0.00
i59,e09,c5,p10,l3,0.00
i59,e09,c5,p11,l3,0.00
i59,e09,c5,p12,l2,0.00
i59,e09,c5,p12,l3,0.00
i59,e09,c5,p13,l3,0.00
i59,e09,c5,p14,l3,0.00
i59,e09,c5,p15,l2,0.00
i59,e09,c5,p15,l3,0.00
i59,e09,c5,p16,l3,0.00
i59,e09,c5,p17,l3,0.00
i59,e09,c5,p18,l3,0.00
i59,e09,c5,p19,l2,0.00
i59,e09,c5,p19,l3,0.00
i59,e09,c5,p21,l2,0.00
i59,e09,c5,p21,l3,0.00
i59,e09,c5,p22,l3,0.00
i59,e09,c5,p23,l3,0.00
i59,e09,c5,p24,l3,0.00
i59,e09,c5,p25,l3,0.00
i59,e09,c5,p28,l2,0.00
i59,e09,c5,p28,l3,0.00
i59,e09,c5,p29,l3,0.00
i59,e09,c5,p30,l3,0.00
i59,e09,c5,p32,l3,0.00
i59,e09,c5,p33,l3,0.00
i59,e09,c5,p35,l2,0.00
i59,e09,c5,p35,l3,0.00
i59,e11,c3,p10,l2,0.00
i59,e11,c3,p10,l3,0.00
i59,e11,c5,p01,l2,0.00
i59,e11,c5,p01,l3,0.00
i59,e11,c5,p03,l3,0.00
i59,e11,c5,p04,l3,0.00
i59,e11,c5,p05,l3,0.00
i59,e11,c5,p07,l3,0.00
i59,e11,c5,p08,l3,0.00
i59,e11,c5,p10,l2,0.00
i59,e11,c5,p10,l3,0.00
i59,e11,c5,p11,l2,0.00
i59,e11,c5,p11,l3,0.00
i59,e11,c5,p12,l2,0.00
i59,e11,c5,p12,l3,0.00
i59,e11,c5,p14,l3,0.00
i59,e11,c5,p15,l2,0.00
i59,e11,c5,p15,l3,0.00
i59,e11,c5,p16,l3,0.00
i59,e11,c5,p18,l3,0.00
i59,e11,c5,p19,l2,0.00
i59,e11,c5,p19,l3,0.00
i59,e11,c5,p21,l2,0.00
i59,e11,c5,p21,l3,0.00
i59,e11,c5,p22,l3,0.00
i59,e11,c5,p23,l3,0.00
i59,e11,c5,p25,l2,0.00
i59,e11,c5,p28,l2,0.00
i59,e11,c5,p28,l3,0.00
i59,e11,c5,p35,l2,0.00
i59,e11,c5,p35,l3,0.00
i59,e12,c3,p13,l3,0.00
i59,e12,c3,p16,l3,0.00
i59,e12,c5,p01,l3,0.00
i59,e12,c5,p03,l3,0.00
i59,e12,c5,p04,l3,0.00
i59,e12,c5,p05,l3,0.00
i59,e12,c5,p06,l3,0.00
i59,e12,c5,p07,l3,0.00
i59,e12,c5,p10,l3,0.00
i59,e12,c5,p11,l3,0.00
i59,e12,c5,p12,l3,0.00
i59,e12,c5,p13,l3,0.00
i59,e12,c5,p14,l3,0.00
i59,e12,c5,p15,l3,0.00
i59,e12,c5,p16,l3,0.00
i59,e12,c5,p19,l3,0.00
i59,e12,c5,p20,l3,0.00
i59,e12,c5,p21,l3,0.00
i59,e12,c5,p25,l3,0.00
i59,e12,c5,p26,l3,0.00
i59,e12,c5,p28,l3,0.00
i59,e12,c5,p29,l3,0.00
i59,e12,c5,p35,l3,0.00
i60,e01,c3,p10,l3,0.00
i60,e01,c5,p10,l3,0.00
i60,e01,c5,p35,l3,0.00
i60,e02,c3,p10,l3,0.00
i60,e02,c5,p10,l3,0.00
i60,e04,c3,p10,l3,0.00
i60,e04,c5,p10,l3,0.00
i60,e04,c5,p35,l3,0.00
i60,e05,c3,p10,l3,0.00
i60,e05,c5,p10,l3,0.00
i60,e05,c5,p35,l3,0.00
i60,e08,c3,p10,l3,0.00
i60,e08,c5,p10,l3,0.00
i60,e08,c5,p35,l3,0.00
i60,e09,c3,p10,l3,0.00
i60,e09,c5,p10,l3,0.00
i60,e09,c5,p35,l3,0.00
i60,e11,c3,p10,l3,0.00
i60,e11,c5,p10,l3,0.00
i61,e01,c1,p06,l3,0.00
i61,e01,c1,p12,l3,0.00
i61,e01,c1,p35,l3,8.68
i61,e01,c4,p35,l3,0.00
i61,e04,c1,p06,l3,0.00
i61,e04,c1,p12,l1,0.00
i61,e04,c1,p12,l3,0.00
i61,e04,c1,p35,l1,0.00
i61,e04,c1,p35,l3,6.25
i61,e04,c4,p35,l1,0.00
i61,e04,c4,p35,l3,0.00
i61,e05,c1,p35,l1,0.00
i61,e05,c1,p35,l3,0.00
i61,e05,c4,p35,l1,0.00
i61,e05,c4,p35,l3,0.00
i61,e06,c1,p35,l3,0.00
i61,e07,c1,p35,l2,0.00
i61,e07,c1,p35,l3,2.04
i61,e07,c4,p35,l2,0.00
i61,e07,c4,p35,l3,0.00
i61,e08,c1,p02,l3,0.00
i61,e08,c1,p05,l3,0.00
i61,e08,c1,p06,l3,0.00
i61,e08,c1,p12,l2,0.00
i61,e08,c1,p12,l3,0.00
i61,e08,c1,p21,l3,0.00
i61,e08,c1,p35,l2,0.00
i61,e08,c1,p35,l3,54.95
i61,e08,c4,p35,l2,0.00
i61,e08,c4,p35,l3,0.00
i61,e09,c1,p02,l3,0.00
i61,e09,c1,p06,l3,0.00
i61,e09,c1,p12,l3,0.00
i61,e09,c1,p35,l2,0.00
i61,e09,c1,p35,l3,1.77
i61,e09,c4,p35,l2,0.00
i61,e09,c4,p35,l3,0.00
i61,e10,c1,p35,l1,0.00
i61,e10,c1,p35,l3,0.00
i61,e10,c4,p35,l1,0.00
i61,e10,c4,p35,l3,0.00
i61,e11,c1,p35,l2,0.00
i61,e11,c1,p35,l3,3.68
i61,e11,c4,p35,l2,0.00
i61,e11,c4,p35,l3,0.00
i61,e12,c1,p35,l3,0.00
i61,e12,c4,p35,l3,0.00
i62,e01,c1,p35,l3,0.00
i62,e01,c4,p35,l3,0.00
i62,e04,c1,p35,l1,0.00
i62,e04,c1,p35,l3,0.00
i62,e04,c4,p35,l3,0.00
i62,e09,c1,p35,l2,0.00
i62,e09,c1,p35,l3,0.00
i62,e09,c4,p35,l3,0.00
i63,e01,c1,p01,l3,0.00
i63,e01,c1,p02,l3,0.00
i63,e01,c1,p03,l3,0.00
i63,e01,c1,p05,l3,0.00
i63,e01,c1,p10,l3,0.00
i63,e01,c1,p12,l3,0.00
i63,e01,c1,p24,l3,0.00
i63,e01,c1,p26,l3,0.00
i63,e01,c1,p30,l3,0.00
i63,e01,c1,p32,l3,0.00
i63,e01,c1,p35,l3,0.00
i63,e01,c4,p01,l3,0.00
i63,e01,c4,p10,l3,0.00
i63,e01,c7,p10,l3,0.00
i63,e03,c1,p01,l3,0.00
i63,e03,c1,p02,l3,0.00
i63,e03,c1,p03,l3,0.00
i63,e03,c1,p04,l3,0.00
i63,e03,c1,p05,l3,0.00
i63,e03,c1,p08,l3,0.00
i63,e03,c1,p10,l3,0.00
i63,e03,c1,p12,l3,0.00
i63,e03,c1,p15,l3,0.00
i63,e03,c1,p19,l3,0.00
i63,e03,c1,p24,l3,0.00
i63,e03,c1,p26,l3,0.00
i63,e03,c1,p28,l3,0.00
i63,e03,c1,p30,l3,0.00
i63,e03,c1,p32,l3,0.00
i63,e03,c1,p35,l3,0.00
i63,e03,c4,p01,l3,0.00
i63,e03,c4,p03,l3,0.00
i63,e03,c4,p10,l3,0.00
i63,e03,c4,p35,l3,0.00
i63,e03,c7,p01,l3,0.00
i63,e03,c7,p10,l3,0.00
i63,e03,c7,p15,l3,0.00
i63,e04,c1,p01,l3,0.00
i63,e04,c1,p02,l3,0.00
i63,e04,c1,p03,l3,0.00
i63,e04,c1,p05,l3,0.00
i63,e04,c1,p09,l3,0.00
i63,e04,c1,p10,l3,0.00
i63,e04,c1,p12,l3,0.00
i63,e04,c1,p15,l3,0.00
i63,e04,c1,p19,l3,0.00
i63,e04,c1,p26,l3,0.00
i63,e04,c1,p28,l3,0.00
i63,e04,c1,p30,l3,0.00
i63,e04,c1,p32,l3,0.00
i63,e04,c1,p35,l3,0.00
i63,e04,c4,p01,l3,0.00
i63,e04,c4,p10,l3,0.00
i63,e04,c7,p01,l3,0.00
i63,e04,c7,p10,l3,0.00
i63,e04,c7,p15,l3,0.00
i63,e05,c1,p01,l3,0.00
i63,e05,c1,p03,l3,0.00
i63,e05,c1,p10,l3,0.00
i63,e05,c1,p35,l3,0.00
i63,e05,c4,p01,l3,0.00
i63,e05,c4,p10,l3,0.00
i63,e06,c1,p01,l3,0.00
i63,e06,c1,p03,l3,0.00
i63,e06,c1,p05,l3,0.00
i63,e06,c1,p10,l3,0.00
i63,e06,c1,p12,l3,0.00
i63,e06,c1,p35,l3,0.00
i63,e06,c4,p10,l3,0.00
i63,e06,c7,p01,l3,0.00
i63,e06,c7,p10,l3,0.00
i63,e07,c1,p01,l3,0.00
i63,e07,c1,p10,l3,0.00
i63,e08,c1,p01,l3,0.00
i63,e08,c1,p02,l3,0.00
i63,e08,c1,p03,l3,0.00
i63,e08,c1,p04,l3,0.00
i63,e08,c1,p05,l3,0.00
i63,e08,c1,p06,l3,0.00
i63,e08,c1,p08,l3,0.00
i63,e08,c1,p09,l3,0.00
i63,e08,c1,p10,l3,0.00
i63,e08,c1,p12,l3,0.00
i63,e08,c1,p15,l3,0.00
i63,e08,c1,p19,l3,0.00
i63,e08,c1,p24,l3,0.00
i63,e08,c1,p26,l3,0.00
i63,e08,c1,p28,l3,0.00
i63,e08,c1,p30,l3,0.00
i63,e08,c1,p32,l3,0.00
i63,e08,c1,p35,l3,0.00
i63,e08,c4,p01,l3,0.00
i63,e08,c4,p03,l3,0.00
i63,e08,c4,p10,l3,0.00
i63,e08,c4,p35,l3,0.00
i63,e08,c7,p01,l3,0.00
i63,e08,c7,p10,l3,0.00
i63,e08,c7,p15,l3,0.00
i63,e09,c1,p01,l3,0.00
i63,e09,c1,p03,l3,0.00
i63,e09,c1,p10,l3,0.00
i63,e09,c1,p12,l3,0.00
i63,e09,c1,p24,l3,0.00
i63,e09,c1,p26,l3,0.00
i63,e09,c1,p30,l3,0.00
i63,e09,c1,p32,l3,0.00
i63,e09,c1,p35,l3,0.00
i63,e09,c4,p10,l3,0.00
i63,e09,c7,p10,l3,0.00
i63,e10,c1,p01,l1,0.00
i63,e10,c1,p01,l2,0.00
i63,e10,c1,p01,l3,0.00
i63,e10,c1,p01,l4,0.00
i63,e10,c1,p02,l3,0.00
i63,e10,c1,p02,l4,0.00
i63,e10,c1,p03,l1,0.00
i63,e10,c1,p03,l2,0.00
i63,e10,c1,p03,l3,0.00
i63,e10,c1,p03,l4,0.00
i63,e10,c1,p04,l1,0.00
i63,e10,c1,p04,l3,0.00
i63,e10,c1,p04,l4,0.00
i63,e10,c1,p05,l1,0.00
i63,e10,c1,p05,l2,0.00
i63,e10,c1,p05,l3,0.00
i63,e10,c1,p05,l4,0.00
i63,e10,c1,p06,l3,0.00
i63,e10,c1,p06,l4,0.00
i63,e10,c1,p08,l1,0.00
i63,e10,c1,p08,l2,0.00
i63,e10,c1,p08,l3,0.00
i63,e10,c1,p08,l4,0.00
i63,e10,c1,p09,l2,0.00
i63,e10,c1,p09,l3,0.00
i63,e10,c1,p09,l4,0.00
i63,e10,c1,p10,l1,0.00
i63,e10,c1,p10,l2,0.00
i63,e10,c1,p10,l3,0.00
i63,e10,c1,p10,l4,0.00
i63,e10,c1,p11,l3,0.00
i63,e10,c1,p11,l4,0.00
i63,e10,c1,p12,l1,0.00
i63,e10,c1,p12,l2,0.00
i63,e10,c1,p12,l3,0.00
i63,e10,c1,p12,l4,0.00
i63,e10,c1,p15,l3,0.00
i63,e10,c1,p15,l4,0.00
i63,e10,c1,p19,l3,0.00
i63,e10,c1,p19,l4,0.00
i63,e10,c1,p24,l3,0.00
i63,e10,c1,p24,l4,0.00
i63,e10,c1,p26,l1,0.00
i63,e10,c1,p26,l2,0.00
i63,e10,c1,p26,l3,0.00
i63,e10,c1,p26,l4,0.00
i63,e10,c1,p28,l1,0.00
i63,e10,c1,p28,l2,0.00
i63,e10,c1,p28,l3,0.00
i63,e10,c1,p28,l4,0.00
i63,e10,c1,p30,l1,0.00
i63,e10,c1,p30,l2,0.00
i63,e10,c1,p30,l3,0.00
i63,e10,c1,p30,l4,0.00
i63,e10,c1,p32,l2,0.00
i63,e10,c1,p32,l3,0.00
i63,e10,c1,p32,l4,0.00
i63,e10,c1,p35,l1,0.00
i63,e10,c1,p35,l2,0.00
i63,e10,c1,p35,l3,0.00
i63,e10,c1,p35,l4,0.00
i63,e10,c4,p01,l2,0.00
i63,e10,c4,p01,l3,0.00
i63,e10,c4,p01,l4,0.00
i63,e10,c4,p03,l2,0.00
i63,e10,c4,p03,l3,0.00
i63,e10,c4,p03,l4,0.00
i63,e10,c4,p10,l1,0.00
i63,e10,c4,p10,l2,0.00
i63,e10,c4,p10,l3,0.00
i63,e10,c4,p10,l4,0.00
i63,e10,c4,p35,l2,0.00
i63,e10,c4,p35,l3,0.00
i63,e10,c4,p35,l4,0.00
i63,e10,c7,p01,l1,0.00
i63,e10,c7,p01,l2,0.00
i63,e10,c7,p01,l3,0.00
i63,e10,c7,p01,l4,0.00
i63,e10,c7,p10,l1,0.00
i63,e10,c7,p10,l2,0.00
i63,e10,c7,p10,l3,0.00
i63,e10,c7,p10,l4,0.00
i63,e10,c7,p15,l1,0.00
i63,e10,c7,p15,l3,0.00
i63,e10,c7,p15,l4,0.00
i63,e11,c1,p01,l3,0.00
i63,e11,c1,p02,l3,0.00
i63,e11,c1,p03,l3,0.00
i63,e11,c1,p04,l3,0.00
i63,e11,c1,p05,l3,0.00
i63,e11,c1,p06,l3,0.00
i63,e11,c1,p08,l3,0.00
i63,e11,c1,p09,l3,0.00
i63,e11,c1,p10,l3,0.00
i63,e11,c1,p12,l3,0.00
i63,e11,c1,p15,l3,0.00
i63,e11,c1,p19,l3,0.00
i63,e11,c1,p24,l3,0.00
i63,e11,c1,p26,l3,0.00
i63,e11,c1,p28,l3,0.00
i63,e11,c1,p30,l3,0.00
i63,e11,c1,p32,l3,0.00
i63,e11,c1,p35,l3,0.00
i63,e11,c4,p01,l3,0.00
i63,e11,c4,p03,l3,0.00
i63,e11,c4,p10,l3,0.00
i63,e11,c4,p35,l3,0.00
i63,e11,c7,p01,l3,0.00
i63,e11,c7,p10,l3,0.00
i63,e11,c7,p15,l3,0.00
i63,e12,c1,p01,l3,0.00
i63,e12,c1,p10,l3,0.00
i63,e12,c1,p35,l3,0.00
i64,e01,c3,p01,l3,0.00
i64,e01,c3,p02,l3,0.00
i64,e01,c3,p03,l3,0.00
i64,e01,c3,p04,l3,0.00
i64,e01,c3,p05,l3,0.00
i64,e01,c3,p06,l3,0.00
i64,e01,c3,p07,l3,0.00
i64,e01,c3,p08,l3,0.00
i64,e01,c3,p09,l3,0.00
i64,e01,c3,p10,l3,0.00
i64,e01,c3,p11,l3,0.00
i64,e01,c3,p12,l3,0.00
i64,e01,c3,p13,l3,0.00
i64,e01,c3,p14,l3,0.00
i64,e01,c3,p15,l3,0.00
i64,e01,c3,p16,l3,0.00
i64,e01,c3,p17,l3,0.00
i64,e01,c3,p18,l3,0.00
i64,e01,c3,p19,l3,0.00
i64,e01,c3,p20,l3,0.00
i64,e01,c3,p21,l3,0.00
i64,e01,c3,p22,l3,0.00
i64,e01,c3,p23,l3,0.00
i64,e01,c3,p24,l3,0.00
i64,e01,c3,p28,l3,0.00
i64,e01,c3,p29,l3,0.00
i64,e01,c3,p35,l3,0.00
i64,e01,c5,p01,l3,0.00
i64,e01,c5,p03,l3,0.00
i64,e01,c5,p04,l3,0.00
i64,e01,c5,p05,l3,0.00
i64,e01,c5,p06,l3,0.00
i64,e01,c5,p10,l3,0.00
i64,e01,c5,p11,l3,0.00
i64,e01,c5,p12,l3,0.00
i64,e01,c5,p13,l3,0.00
i64,e01,c5,p14,l3,0.00
i64,e01,c5,p15,l3,0.00
i64,e01,c5,p16,l3,0.00
i64,e01,c5,p17,l3,0.00
i64,e01,c5,p18,l3,0.00
i64,e01,c5,p19,l3,0.00
i64,e01,c5,p20,l3,0.00
i64,e01,c5,p21,l3,0.00
i64,e01,c5,p22,l3,0.00
i64,e01,c5,p24,l3,0.00
i64,e01,c5,p29,l3,0.00
i64,e01,c5,p35,l3,0.00
i64,e02,c3,p02,l1,0.00
i64,e02,c3,p02,l3,0.00
i64,e02,c3,p04,l1,0.00
i64,e02,c3,p05,l3,0.00
i64,e02,c3,p07,l3,0.00
i64,e02,c3,p10,l1,0.00
i64,e02,c3,p10,l3,0.00
i64,e02,c3,p11,l3,0.00
i64,e02,c3,p12,l3,0.00
i64,e02,c3,p15,l3,0.00
i64,e02,c3,p16,l3,0.00
i64,e02,c3,p17,l3,0.00
i64,e02,c3,p19,l3,0.00
i64,e02,c3,p21,l3,0.00
i64,e02,c3,p35,l3,0.00
i64,e02,c5,p17,l3,0.00
i64,e04,c3,p01,l3,0.00
i64,e04,c3,p02,l1,0.00
i64,e04,c3,p02,l3,0.00
i64,e04,c3,p03,l1,0.00
i64,e04,c3,p03,l3,0.00
i64,e04,c3,p04,l1,0.00
i64,e04,c3,p04,l3,0.00
i64,e04,c3,p05,l1,0.00
i64,e04,c3,p05,l3,0.00
i64,e04,c3,p06,l1,0.00
i64,e04,c3,p06,l3,0.00
i64,e04,c3,p07,l1,0.00
i64,e04,c3,p07,l3,0.00
i64,e04,c3,p09,l3,0.00
i64,e04,c3,p10,l1,0.00
i64,e04,c3,p10,l3,0.00
i64,e04,c3,p11,l1,0.00
i64,e04,c3,p11,l3,0.00
i64,e04,c3,p12,l1,0.00
i64,e04,c3,p12,l3,0.00
i64,e04,c3,p13,l1,0.00
i64,e04,c3,p13,l3,0.00
i64,e04,c3,p14,l1,0.00
i64,e04,c3,p14,l3,0.00
i64,e04,c3,p15,l1,0.00
i64,e04,c3,p15,l3,0.00
i64,e04,c3,p16,l1,0.00
i64,e04,c3,p16,l3,0.00
i64,e04,c3,p17,l1,0.00
i64,e04,c3,p17,l3,0.00
i64,e04,c3,p18,l1,0.00
i64,e04,c3,p18,l3,0.00
i64,e04,c3,p19,l1,0.00
i64,e04,c3,p19,l3,0.00
i64,e04,c3,p20,l1,0.00
i64,e04,c3,p20,l3,0.00
i64,e04,c3,p21,l1,0.00
i64,e04,c3,p21,l3,0.00
i64,e04,c3,p22,l1,0.00
i64,e04,c3,p22,l3,0.00
i64,e04,c3,p23,l1,0.00
i64,e04,c3,p23,l3,0.00
i64,e04,c3,p24,l1,0.00
i64,e04,c3,p24,l3,0.00
i64,e04,c3,p28,l3,0.00
i64,e04,c3,p29,l1,0.00
i64,e04,c3,p29,l3,0.00
i64,e04,c3,p35,l1,0.00
i64,e04,c3,p35,l3,0.00
i64,e04,c5,p01,l3,0.00
i64,e04,c5,p03,l3,0.00
i64,e04,c5,p04,l3,0.00
i64,e04,c5,p05,l3,0.00
i64,e04,c5,p06,l3,0.00
i64,e04,c5,p07,l3,0.00
i64,e04,c5,p10,l1,0.00
i64,e04,c5,p10,l3,0.00
i64,e04,c5,p11,l3,0.00
i64,e04,c5,p12,l3,0.00
i64,e04,c5,p13,l1,0.00
i64,e04,c5,p13,l3,0.00
i64,e04,c5,p15,l3,0.00
i64,e04,c5,p17,l1,0.00
i64,e04,c5,p17,l3,0.00
i64,e04,c5,p18,l3,0.00
i64,e04,c5,p19,l3,0.00
i64,e04,c5,p20,l1,0.00
i64,e04,c5,p20,l3,0.00
i64,e04,c5,p21,l1,0.00
i64,e04,c5,p21,l3,0.00
i64,e04,c5,p22,l3,0.00
i64,e04,c5,p24,l3,0.00
i64,e04,c5,p29,l1,0.00
i64,e04,c5,p35,l1,0.00
i64,e04,c5,p35,l3,0.00
i64,e05,c3,p01,l3,0.00
i64,e05,c3,p02,l1,0.00
i64,e05,c3,p02,l3,0.00
i64,e05,c3,p03,l3,0.00
i64,e05,c3,p04,l1,0.00
i64,e05,c3,p04,l3,0.00
i64,e05,c3,p05,l1,0.00
i64,e05,c3,p05,l3,0.00
i64,e05,c3,p06,l1,0.00
i64,e05,c3,p06,l3,0.00
i64,e05,c3,p07,l1,0.00
i64,e05,c3,p07,l3,0.00
i64,e05,c3,p10,l1,0.00
i64,e05,c3,p10,l3,0.00
i64,e05,c3,p11,l1,0.00
i64,e05,c3,p11,l3,0.00
i64,e05,c3,p12,l1,0.00
i64,e05,c3,p12,l3,0.00
i64,e05,c3,p13,l1,0.00
i64,e05,c3,p13,l3,0.00
i64,e05,c3,p14,l3,0.00
i64,e05,c3,p15,l1,0.00
i64,e05,c3,p15,l3,0.00
i64,e05,c3,p16,l1,0.00
i64,e05,c3,p16,l3,0.00
i64,e05,c3,p17,l1,0.00
i64,e05,c3,p17,l3,0.00
i64,e05,c3,p18,l3,0.00
i64,e05,c3,p19,l1,0.00
i64,e05,c3,p19,l3,1.49
i64,e05,c3,p21,l1,0.00
i64,e05,c3,p21,l3,0.00
i64,e05,c3,p22,l1,0.00
i64,e05,c3,p22,l3,0.00
i64,e05,c3,p23,l1,0.00
i64,e05,c3,p23,l3,0.00
i64,e05,c3,p24,l3,0.00
i64,e05,c3,p28,l3,0.00
i64,e05,c3,p29,l1,0.00
i64,e05,c3,p29,l3,0.00
i64,e05,c3,p35,l1,0.00
i64,e05,c3,p35,l3,0.00
i64,e05,c5,p05,l3,0.00
i64,e05,c5,p10,l1,0.00
i64,e05,c5,p10,l3,0.00
i64,e05,c5,p11,l3,0.00
i64,e05,c5,p13,l3,0.00
i64,e05,c5,p16,l3,0.00
i64,e05,c5,p19,l3,0.00
i64,e05,c5,p20,l3,0.00
i64,e05,c5,p22,l3,0.00
i64,e05,c5,p24,l3,0.00
i64,e05,c5,p29,l3,0.00
i64,e05,c5,p35,l1,0.00
i64,e05,c5,p35,l3,0.00
i64,e08,c3,p01,l2,0.00
i64,e08,c3,p01,l3,0.00
i64,e08,c3,p02,l2,0.00
i64,e08,c3,p02,l3,0.00
i64,e08,c3,p03,l2,0.00
i64,e08,c3,p03,l3,0.00
i64,e08,c3,p04,l2,0.00
i64,e08,c3,p04,l3,0.00
i64,e08,c3,p05,l2,0.00
i64,e08,c3,p05,l3,0.00
i64,e08,c3,p06,l2,0.00
i64,e08,c3,p06,l3,0.00
i64,e08,c3,p07,l2,0.00
i64,e08,c3,p07,l3,0.00
i64,e08,c3,p09,l3,0.00
i64,e08,c3,p10,l2,0.00
i64,e08,c3,p10,l3,0.00
i64,e08,c3,p11,l2,0.00
i64,e08,c3,p11,l3,0.00
i64,e08,c3,p12,l2,0.00
i64,e08,c3,p12,l3,0.00
i64,e08,c3,p13,l2,0.00
i64,e08,c3,p13,l3,0.00
i64,e08,c3,p14,l2,0.00
i64,e08,c3,p14,l3,0.00
i64,e08,c3,p15,l2,0.00
i64,e08,c3,p15,l3,0.00
i64,e08,c3,p16,l2,0.00
i64,e08,c3,p16,l3,0.00
i64,e08,c3,p17,l2,0.00
i64,e08,c3,p17,l3,0.00
i64,e08,c3,p18,l2,0.00
i64,e08,c3,p18,l3,0.00
i64,e08,c3,p19,l2,0.00
i64,e08,c3,p19,l3,0.00
i64,e08,c3,p20,l2,0.00
i64,e08,c3,p20,l3,0.00
i64,e08,c3,p21,l2,0.00
i64,e08,c3,p21,l3,0.00
i64,e08,c3,p22,l2,0.00
i64,e08,c3,p22,l3,0.00
i64,e08,c3,p23,l2,0.00
i64,e08,c3,p23,l3,0.00
i64,e08,c3,p24,l2,0.00
i64,e08,c3,p24,l3,0.00
i64,e08,c3,p28,l3,0.00
i64,e08,c3,p29,l2,0.00
i64,e08,c3,p29,l3,0.00
i64,e08,c3,p35,l2,0.00
i64,e08,c3,p35,l3,0.00
i64,e08,c5,p01,l3,0.00
i64,e08,c5,p03,l3,0.00
i64,e08,c5,p04,l3,0.00
i64,e08,c5,p05,l2,0.00
i64,e08,c5,p05,l3,0.00
i64,e08,c5,p06,l3,0.00
i64,e08,c5,p10,l2,0.00
i64,e08,c5,p10,l3,0.00
i64,e08,c5,p11,l2,0.00
i64,e08,c5,p11,l3,0.00
i64,e08,c5,p12,l3,0.00
i64,e08,c5,p13,l3,0.00
i64,e08,c5,p15,l3,0.00
i64,e08,c5,p16,l2,0.00
i64,e08,c5,p16,l3,0.00
i64,e08,c5,p17,l2,0.00
i64,e08,c5,p17,l3,0.00
i64,e08,c5,p18,l3,0.00
i64,e08,c5,p19,l3,0.00
i64,e08,c5,p20,l3,0.00
i64,e08,c5,p21,l2,0.00
i64,e08,c5,p21,l3,0.00
i64,e08,c5,p22,l3,0.00
i64,e08,c5,p23,l2,0.00
i64,e08,c5,p23,l3,0.00
i64,e08,c5,p24,l2,0.00
i64,e08,c5,p24,l3,0.00
i64,e08,c5,p28,l3,0.00
i64,e08,c5,p35,l2,0.00
i64,e08,c5,p35,l3,0.00
i64,e09,c3,p01,l3,0.00
i64,e09,c3,p02,l2,0.00
i64,e09,c3,p02,l3,0.00
i64,e09,c3,p03,l2,0.00
i64,e09,c3,p03,l3,0.00
i64,e09,c3,p04,l2,0.00
i64,e09,c3,p04,l3,0.00
i64,e09,c3,p05,l2,0.00
i64,e09,c3,p05,l3,0.00
i64,e09,c3,p06,l2,0.00
i64,e09,c3,p06,l3,0.00
i64,e09,c3,p07,l2,0.00
i64,e09,c3,p07,l3,0.00
i64,e09,c3,p08,l3,0.00
i64,e09,c3,p09,l3,0.00
i64,e09,c3,p10,l2,0.00
i64,e09,c3,p10,l3,0.00
i64,e09,c3,p11,l2,0.00
i64,e09,c3,p11,l3,0.00
i64,e09,c3,p12,l2,0.00
i64,e09,c3,p12,l3,0.00
i64,e09,c3,p13,l2,0.00
i64,e09,c3,p13,l3,0.00
i64,e09,c3,p14,l2,0.00
i64,e09,c3,p14,l3,0.00
i64,e09,c3,p15,l2,0.00
i64,e09,c3,p15,l3,0.00
i64,e09,c3,p16,l2,0.00
i64,e09,c3,p16,l3,0.00
i64,e09,c3,p17,l2,0.00
i64,e09,c3,p17,l3,0.00
i64,e09,c3,p18,l2,0.00
i64,e09,c3,p18,l3,0.00
i64,e09,c3,p19,l2,0.00
i64,e09,c3,p19,l3,0.00
i64,e09,c3,p20,l2,0.00
i64,e09,c3,p20,l3,0.00
i64,e09,c3,p21,l2,0.00
i64,e09,c3,p21,l3,0.00
i64,e09,c3,p22,l3,0.00
i64,e09,c3,p23,l2,0.00
i64,e09,c3,p23,l3,0.00
i64,e09,c3,p24,l2,0.00
i64,e09,c3,p24,l3,0.00
i64,e09,c3,p28,l3,0.00
i64,e09,c3,p29,l3,0.00
i64,e09,c3,p35,l2,0.00
i64,e09,c3,p35,l3,0.00
i64,e09,c5,p01,l3,0.00
i64,e09,c5,p03,l3,0.00
i64,e09,c5,p05,l2,0.00
i64,e09,c5,p05,l3,0.00
i64,e09,c5,p07,l3,0.00
i64,e09,c5,p10,l2,0.00
i64,e09,c5,p10,l3,0.00
i64,e09,c5,p11,l3,0.00
i64,e09,c5,p12,l3,0.00
i64,e09,c5,p15,l3,0.00
i64,e09,c5,p16,l2,0.00
i64,e09,c5,p16,l3,0.00
i64,e09,c5,p17,l2,0.00
i64,e09,c5,p17,l3,0.00
i64,e09,c5,p18,l3,0.00
i64,e09,c5,p19,l3,0.00
i64,e09,c5,p20,l3,0.00
i64,e09,c5,p21,l3,0.00
i64,e09,c5,p24,l2,0.00
i64,e09,c5,p24,l3,0.00
i64,e09,c5,p28,l3,0.00
i64,e09,c5,p35,l2,0.00
i64,e09,c5,p35,l3,0.00
i64,e10,c3,p05,l1,0.00
i64,e10,c3,p06,l1,0.00
i64,e10,c3,p07,l1,0.00
i64,e10,c3,p10,l1,0.00
i64,e10,c3,p10,l3,0.00
i64,e10,c3,p11,l1,0.00
i64,e10,c3,p15,l1,0.00
i64,e10,c3,p19,l1,0.00
i64,e10,c3,p21,l1,0.00
i64,e10,c3,p35,l1,0.00
i64,e10,c5,p03,l1,0.00
i64,e10,c5,p06,l1,0.00
i64,e10,c5,p10,l1,0.00
i64,e10,c5,p11,l1,0.00
i64,e10,c5,p17,l1,0.00
i64,e10,c5,p19,l1,0.00
i64,e10,c5,p35,l1,0.00
i64,e11,c3,p04,l3,0.00
i64,e11,c3,p05,l3,0.00
i64,e11,c3,p07,l3,0.00
i64,e11,c3,p10,l3,0.00
i64,e11,c3,p12,l3,0.00
i64,e11,c3,p15,l3,0.00
i64,e11,c3,p17,l3,0.00
i64,e11,c3,p18,l3,0.00
i64,e11,c3,p19,l3,0.00
i64,e11,c3,p21,l3,0.00
i64,e11,c3,p35,l2,0.00
i64,e11,c3,p35,l3,0.00
i64,e11,c5,p01,l3,0.00
i64,e11,c5,p10,l3,0.00
i64,e11,c5,p11,l3,0.00
i64,e11,c5,p21,l3,0.00
i64,e11,c5,p35,l3,0.00
i65,e01,c3,p03,l3,0.00
i65,e01,c3,p10,l3,1.17
i65,e01,c3,p35,l3,6.36
i65,e01,c5,p10,l3,0.00
i65,e02,c3,p10,l3,0.00
i65,e02,c5,p35,l3,0.00
i65,e04,c3,p01,l3,0.00
i65,e04,c3,p03,l3,0.00
i65,e04,c3,p10,l1,0.00
i65,e04,c3,p10,l3,1.21
i65,e04,c3,p17,l3,0.00
i65,e04,c3,p35,l1,0.00
i65,e04,c3,p35,l3,0.00
i65,e04,c5,p10,l3,0.00
i65,e04,c5,p24,l3,0.00
i65,e05,c3,p10,l1,0.00
i65,e05,c3,p10,l3,0.00
i65,e05,c3,p35,l3,0.00
i65,e05,c5,p10,l3,0.00
i65,e05,c5,p35,l3,0.00
i65,e08,c3,p01,l2,0.00
i65,e08,c3,p01,l3,0.00
i65,e08,c3,p03,l3,0.00
i65,e08,c3,p10,l2,0.00
i65,e08,c3,p10,l3,0.00
i65,e08,c3,p17,l3,0.00
i65,e08,c3,p35,l2,0.00
i65,e08,c3,p35,l3,0.00
i65,e08,c5,p10,l3,0.00
i65,e08,c5,p35,l3,0.00
i65,e09,c3,p10,l2,0.00
i65,e09,c3,p10,l3,0.00
i65,e09,c3,p35,l2,0.00
i65,e09,c3,p35,l3,0.00
i65,e09,c5,p10,l3,0.00
i65,e11,c3,p10,l3,0.00
i65,e11,c3,p35,l3,0.00
i65,e11,c5,p10,l3,0.00
i65,e11,c5,p24,l3,0.00
i66,e01,c3,p01,l3,0.00
i66,e01,c3,p02,l3,0.00
i66,e01,c3,p03,l3,0.00
i66,e01,c3,p04,l3,0.00
i66,e01,c3,p05,l3,0.00
i66,e01,c3,p06,l3,0.00
i66,e01,c3,p07,l3,0.00
i66,e01,c3,p08,l3,0.00
i66,e01,c3,p09,l3,0.00
i66,e01,c3,p10,l3,0.00
i66,e01,c3,p11,l3,0.00
i66,e01,c3,p12,l3,0.00
i66,e01,c3,p13,l3,0.00
i66,e01,c3,p14,l3,0.00
i66,e01,c3,p15,l3,0.00
i66,e01,c3,p16,l3,0.00
i66,e01,c3,p17,l3,0.00
i66,e01,c3,p18,l3,0.00
i66,e01,c3,p19,l3,1.74
i66,e01,c3,p20,l3,0.00
i66,e01,c3,p21,l3,0.00
i66,e01,c3,p22,l3,0.00
i66,e01,c3,p23,l3,0.00
i66,e01,c3,p24,l3,1.49
i66,e01,c3,p25,l3,0.00
i66,e01,c3,p26,l3,0.00
i66,e01,c3,p28,l3,0.00
i66,e01,c3,p29,l3,0.00
i66,e01,c3,p31,l3,0.00
i66,e01,c3,p32,l3,0.00
i66,e01,c3,p35,l3,0.00
i66,e04,c3,p01,l3,0.00
i66,e04,c3,p02,l3,0.00
i66,e04,c3,p03,l3,0.00
i66,e04,c3,p04,l3,0.00
i66,e04,c3,p05,l3,0.00
i66,e04,c3,p06,l3,0.00
i66,e04,c3,p07,l3,0.00
i66,e04,c3,p08,l3,0.00
i66,e04,c3,p09,l3,0.00
i66,e04,c3,p10,l3,0.00
i66,e04,c3,p11,l3,0.00
i66,e04,c3,p12,l3,0.00
i66,e04,c3,p13,l3,0.00
i66,e04,c3,p14,l3,0.00
i66,e04,c3,p15,l3,0.00
i66,e04,c3,p16,l3,0.00
i66,e04,c3,p17,l3,0.00
i66,e04,c3,p18,l3,0.00
i66,e04,c3,p19,l3,3.53
i66,e04,c3,p20,l3,0.00
i66,e04,c3,p21,l3,0.00
i66,e04,c3,p22,l3,0.00
i66,e04,c3,p23,l3,0.00
i66,e04,c3,p24,l3,0.00
i66,e04,c3,p25,l3,0.00
i66,e04,c3,p26,l3,0.00
i66,e04,c3,p28,l3,0.00
i66,e04,c3,p29,l3,0.00
i66,e04,c3,p31,l3,0.00
i66,e04,c3,p32,l3,0.00
i66,e04,c3,p35,l3,5.13
i66,e09,c3,p01,l3,0.00
i66,e09,c3,p02,l3,0.00
i66,e09,c3,p03,l3,0.00
i66,e09,c3,p04,l3,0.00
i66,e09,c3,p05,l3,0.00
i66,e09,c3,p06,l3,0.00
i66,e09,c3,p07,l3,0.00
i66,e09,c3,p08,l3,0.00
i66,e09,c3,p09,l3,0.00
i66,e09,c3,p10,l3,0.00
i66,e09,c3,p11,l3,0.00
i66,e09,c3,p12,l3,0.00
i66,e09,c3,p13,l3,0.00
i66,e09,c3,p14,l3,0.00
i66,e09,c3,p15,l3,0.00
i66,e09,c3,p16,l3,0.00
i66,e09,c3,p17,l3,0.00
i66,e09,c3,p18,l3,0.00
i66,e09,c3,p19,l3,0.00
i66,e09,c3,p20,l3,0.00
i66,e09,c3,p21,l3,0.00
i66,e09,c3,p22,l3,0.00
i66,e09,c3,p23,l3,0.00
i66,e09,c3,p24,l3,0.00
i66,e09,c3,p25,l3,0.00
i66,e09,c3,p26,l3,0.00
i66,e09,c3,p28,l3,0.00
i66,e09,c3,p29,l3,0.00
i66,e09,c3,p32,l3,0.00
i66,e09,c3,p35,l3,2.30
i67,e01,c3,p04,l3,0.00
i67,e01,c3,p05,l3,0.00
i67,e01,c3,p10,l3,0.00
i67,e01,c3,p11,l3,0.00
i67,e01,c3,p12,l3,0.00
i67,e01,c3,p15,l3,0.00
i67,e01,c3,p16,l3,0.00
i67,e01,c3,p19,l3,0.00
i67,e01,c3,p21,l3,0.00
i67,e01,c3,p23,l3,0.00
i67,e01,c3,p29,l3,0.00
i67,e01,c3,p35,l3,0.00
i67,e01,c5,p01,l3,0.00
i67,e01,c5,p02,l3,0.00
i67,e01,c5,p03,l3,0.00
i67,e01,c5,p04,l3,0.00
i67,e01,c5,p05,l3,0.00
i67,e01,c5,p06,l3,0.00
i67,e01,c5,p07,l3,0.00
i67,e01,c5,p08,l3,0.00
i67,e01,c5,p09,l3,0.00
i67,e01,c5,p10,l3,0.00
i67,e01,c5,p11,l3,0.00
i67,e01,c5,p12,l3,0.00
i67,e01,c5,p13,l3,0.00
i67,e01,c5,p14,l3,0.00
i67,e01,c5,p15,l3,0.00
i67,e01,c5,p16,l3,0.00
i67,e01,c5,p17,l3,0.00
i67,e01,c5,p18,l3,0.00
i67,e01,c5,p19,l3,0.00
i67,e01,c5,p20,l3,0.00
i67,e01,c5,p21,l3,0.00
i67,e01,c5,p22,l3,1.77
i67,e01,c5,p23,l3,0.00
i67,e01,c5,p24,l3,0.00
i67,e01,c5,p26,l3,0.00
i67,e01,c5,p28,l3,0.00
i67,e01,c5,p29,l3,0.00
i67,e01,c5,p32,l3,0.00
i67,e01,c5,p33,l3,0.00
i67,e01,c5,p35,l3,0.00
i67,e02,c3,p11,l3,0.00
i67,e02,c3,p19,l3,0.00
i67,e02,c5,p01,l3,0.00
i67,e02,c5,p02,l3,0.00
i67,e02,c5,p04,l3,0.00
i67,e02,c5,p05,l1,0.00
i67,e02,c5,p05,l3,0.00
i67,e02,c5,p06,l3,0.00
i67,e02,c5,p07,l3,0.00
i67,e02,c5,p10,l3,0.00
i67,e02,c5,p11,l3,0.00
i67,e02,c5,p12,l3,0.00
i67,e02,c5,p14,l1,0.00
i67,e02,c5,p14,l3,0.00
i67,e02,c5,p15,l3,0.00
i67,e02,c5,p16,l3,0.00
i67,e02,c5,p17,l3,0.00
i67,e02,c5,p18,l3,0.00
i67,e02,c5,p19,l1,0.00
i67,e02,c5,p19,l3,0.00
i67,e02,c5,p21,l3,0.00
i67,e02,c5,p22,l1,0.00
i67,e02,c5,p24,l3,0.00
i67,e02,c5,p28,l3,0.00
i67,e02,c5,p29,l3,0.00
i67,e02,c5,p35,l3,0.00
i67,e03,c5,p35,l3,0.00
i67,e04,c3,p05,l3,0.00
i67,e04,c3,p10,l1,0.00
i67,e04,c3,p10,l3,0.00
i67,e04,c3,p11,l3,0.00
i67,e04,c3,p12,l3,0.00
i67,e04,c3,p15,l3,0.00
i67,e04,c3,p16,l3,0.00
i67,e04,c3,p19,l1,0.00
i67,e04,c3,p19,l3,0.00
i67,e04,c3,p21,l3,0.00
i67,e04,c3,p23,l1,0.00
i67,e04,c3,p23,l3,0.00
i67,e04,c3,p29,l1,0.00
i67,e04,c3,p29,l3,0.00
i67,e04,c3,p35,l3,0.00
i67,e04,c5,p01,l1,0.00
i67,e04,c5,p01,l3,0.00
i67,e04,c5,p02,l1,0.00
i67,e04,c5,p02,l3,0.00
i67,e04,c5,p03,l1,0.00
i67,e04,c5,p03,l3,0.00
i67,e04,c5,p04,l1,0.00
i67,e04,c5,p04,l3,0.00
i67,e04,c5,p05,l1,0.00
i67,e04,c5,p05,l3,0.00
i67,e04,c5,p06,l1,0.00
i67,e04,c5,p06,l3,0.00
i67,e04,c5,p07,l1,0.00
i67,e04,c5,p07,l3,0.00
i67,e04,c5,p08,l1,0.00
i67,e04,c5,p08,l3,0.00
i67,e04,c5,p09,l1,0.00
i67,e04,c5,p09,l3,0.00
i67,e04,c5,p10,l1,0.00
i67,e04,c5,p10,l3,3.52
i67,e04,c5,p11,l1,0.00
i67,e04,c5,p11,l3,0.00
i67,e04,c5,p12,l1,0.00
i67,e04,c5,p12,l3,0.00
i67,e04,c5,p13,l1,0.00
i67,e04,c5,p13,l3,0.00
i67,e04,c5,p14,l1,0.00
i67,e04,c5,p14,l3,0.00
i67,e04,c5,p15,l1,0.00
i67,e04,c5,p15,l3,0.00
i67,e04,c5,p16,l1,0.00
i67,e04,c5,p16,l3,0.00
i67,e04,c5,p17,l1,0.00
i67,e04,c5,p17,l3,0.00
i67,e04,c5,p18,l1,0.00
i67,e04,c5,p18,l3,0.00
i67,e04,c5,p19,l1,0.00
i67,e04,c5,p19,l3,1.60
i67,e04,c5,p20,l1,0.00
i67,e04,c5,p20,l3,0.00
i67,e04,c5,p21,l1,0.00
i67,e04,c5,p21,l3,0.00
i67,e04,c5,p22,l1,0.00
i67,e04,c5,p22,l3,0.00
i67,e04,c5,p23,l1,0.00
i67,e04,c5,p23,l3,0.00
i67,e04,c5,p24,l1,0.00
i67,e04,c5,p24,l3,0.00
i67,e04,c5,p25,l3,0.00
i67,e04,c5,p28,l1,0.00
i67,e04,c5,p28,l3,0.00
i67,e04,c5,p29,l1,0.00
i67,e04,c5,p29,l3,0.00
i67,e04,c5,p32,l3,0.00
i67,e04,c5,p33,l3,0.00
i67,e04,c5,p35,l1,0.00
i67,e04,c5,p35,l3,0.00
i67,e05,c5,p01,l1,0.00
i67,e05,c5,p01,l3,0.00
i67,e05,c5,p02,l1,0.00
i67,e05,c5,p02,l3,0.00
i67,e05,c5,p03,l3,0.00
i67,e05,c5,p04,l1,0.00
i67,e05,c5,p04,l3,0.00
i67,e05,c5,p05,l1,0.00
i67,e05,c5,p05,l3,0.00
i67,e05,c5,p06,l1,0.00
i67,e05,c5,p06,l3,0.00
i67,e05,c5,p07,l1,0.00
i67,e05,c5,p07,l3,0.00
i67,e05,c5,p08,l1,0.00
i67,e05,c5,p08,l3,0.00
i67,e05,c5,p09,l3,0.00
i67,e05,c5,p10,l1,0.00
i67,e05,c5,p10,l3,0.00
i67,e05,c5,p11,l1,0.00
i67,e05,c5,p11,l3,0.00
i67,e05,c5,p12,l1,0.00
i67,e05,c5,p12,l3,0.00
i67,e05,c5,p13,l1,0.00
i67,e05,c5,p13,l3,0.00
i67,e05,c5,p14,l1,0.00
i67,e05,c5,p14,l3,0.00
i67,e05,c5,p15,l1,0.00
i67,e05,c5,p15,l3,0.00
i67,e05,c5,p16,l1,0.00
i67,e05,c5,p16,l3,0.00
i67,e05,c5,p17,l3,0.00
i67,e05,c5,p18,l1,0.00
i67,e05,c5,p18,l3,0.00
i67,e05,c5,p19,l1,0.00
i67,e05,c5,p19,l3,0.00
i67,e05,c5,p21,l1,0.00
i67,e05,c5,p21,l3,0.00
i67,e05,c5,p22,l1,0.00
i67,e05,c5,p22,l3,0.00
i67,e05,c5,p23,l1,0.00
i67,e05,c5,p24,l1,0.00
i67,e05,c5,p24,l3,0.00
i67,e05,c5,p28,l3,0.00
i67,e05,c5,p29,l3,0.00
i67,e05,c5,p35,l3,0.00
i67,e07,c5,p07,l3,0.00
i67,e08,c3,p05,l3,0.00
i67,e08,c3,p10,l2,0.00
i67,e08,c3,p10,l3,0.00
i67,e08,c3,p11,l3,0.00
i67,e08,c3,p12,l3,0.00
i67,e08,c3,p15,l3,0.00
i67,e08,c3,p19,l2,0.00
i67,e08,c3,p19,l3,0.00
i67,e08,c3,p21,l3,0.00
i67,e08,c3,p23,l3,0.00
i67,e08,c3,p24,l3,0.00
i67,e08,c3,p29,l3,0.00
i67,e08,c5,p01,l2,0.00
i67,e08,c5,p01,l3,0.00
i67,e08,c5,p02,l2,0.00
i67,e08,c5,p02,l3,0.00
i67,e08,c5,p03,l2,0.00
i67,e08,c5,p03,l3,0.00
i67,e08,c5,p04,l2,0.00
i67,e08,c5,p04,l3,0.00
i67,e08,c5,p05,l2,0.00
i67,e08,c5,p05,l3,0.00
i67,e08,c5,p06,l2,0.00
i67,e08,c5,p06,l3,0.00
i67,e08,c5,p07,l2,0.00
i67,e08,c5,p07,l3,0.00
i67,e08,c5,p08,l2,0.00
i67,e08,c5,p08,l3,0.00
i67,e08,c5,p09,l2,0.00
i67,e08,c5,p09,l3,0.00
i67,e08,c5,p10,l2,0.00
i67,e08,c5,p10,l3,0.00
i67,e08,c5,p11,l2,0.00
i67,e08,c5,p11,l3,0.00
i67,e08,c5,p12,l2,0.00
i67,e08,c5,p12,l3,0.00
i67,e08,c5,p13,l2,0.00
i67,e08,c5,p13,l3,0.00
i67,e08,c5,p14,l2,0.00
i67,e08,c5,p14,l3,0.00
i67,e08,c5,p15,l2,0.00
i67,e08,c5,p15,l3,0.00
i67,e08,c5,p16,l2,0.00
i67,e08,c5,p16,l3,0.00
i67,e08,c5,p17,l2,0.00
i67,e08,c5,p17,l3,0.00
i67,e08,c5,p18,l2,0.00
i67,e08,c5,p18,l3,0.00
i67,e08,c5,p19,l2,0.00
i67,e08,c5,p19,l3,0.00
i67,e08,c5,p20,l2,0.00
i67,e08,c5,p20,l3,0.00
i67,e08,c5,p21,l2,0.00
i67,e08,c5,p21,l3,0.00
i67,e08,c5,p22,l2,0.00
i67,e08,c5,p22,l3,0.00
i67,e08,c5,p23,l2,0.00
i67,e08,c5,p23,l3,0.00
i67,e08,c5,p24,l2,0.00
i67,e08,c5,p24,l3,0.00
i67,e08,c5,p25,l3,0.00
i67,e08,c5,p26,l3,0.00
i67,e08,c5,p28,l2,0.00
i67,e08,c5,p28,l3,0.00
i67,e08,c5,p29,l2,0.00
i67,e08,c5,p29,l3,0.00
i67,e08,c5,p32,l3,0.00
i67,e08,c5,p35,l2,0.00
i67,e08,c5,p35,l3,0.00
i67,e09,c3,p01,l3,0.00
i67,e09,c3,p05,l3,0.00
i67,e09,c3,p10,l3,0.00
i67,e09,c3,p11,l3,0.00
i67,e09,c3,p12,l3,0.00
i67,e09,c3,p15,l3,0.00
i67,e09,c3,p19,l2,0.00
i67,e09,c3,p19,l3,0.00
i67,e09,c3,p21,l3,0.00
i67,e09,c3,p29,l2,0.00
i67,e09,c3,p29,l3,0.00
i67,e09,c3,p35,l3,0.00
i67,e09,c5,p01,l2,0.00
i67,e09,c5,p01,l3,0.00
i67,e09,c5,p02,l2,0.00
i67,e09,c5,p02,l3,0.00
i67,e09,c5,p03,l2,0.00
i67,e09,c5,p03,l3,0.00
i67,e09,c5,p04,l2,0.00
i67,e09,c5,p04,l3,0.00
i67,e09,c5,p05,l2,0.00
i67,e09,c5,p05,l3,0.00
i67,e09,c5,p06,l2,0.00
i67,e09,c5,p06,l3,0.00
i67,e09,c5,p07,l2,0.00
i67,e09,c5,p07,l3,0.00
i67,e09,c5,p08,l2,0.00
i67,e09,c5,p08,l3,0.00
i67,e09,c5,p09,l2,0.00
i67,e09,c5,p09,l3,0.00
i67,e09,c5,p10,l2,0.00
i67,e09,c5,p10,l3,0.00
i67,e09,c5,p11,l2,0.00
i67,e09,c5,p11,l3,0.00
i67,e09,c5,p12,l2,0.00
i67,e09,c5,p12,l3,0.00
i67,e09,c5,p13,l2,0.00
i67,e09,c5,p13,l3,0.00
i67,e09,c5,p14,l2,0.00
i67,e09,c5,p14,l3,0.00
i67,e09,c5,p15,l2,0.00
i67,e09,c5,p15,l3,0.00
i67,e09,c5,p16,l2,0.00
i67,e09,c5,p16,l3,0.00
i67,e09,c5,p17,l2,0.00
i67,e09,c5,p17,l3,0.00
i67,e09,c5,p18,l2,0.00
i67,e09,c5,p18,l3,0.00
i67,e09,c5,p19,l2,0.00
i67,e09,c5,p19,l3,0.00
i67,e09,c5,p20,l2,0.00
i67,e09,c5,p20,l3,0.00
i67,e09,c5,p21,l2,0.00
i67,e09,c5,p21,l3,0.00
i67,e09,c5,p22,l2,0.00
i67,e09,c5,p22,l3,0.00
i67,e09,c5,p23,l2,0.00
i67,e09,c5,p23,l3,0.00
i67,e09,c5,p24,l2,0.00
i67,e09,c5,p24,l3,0.00
i67,e09,c5,p25,l3,0.00
i67,e09,c5,p26,l3,0.00
i67,e09,c5,p28,l2,0.00
i67,e09,c5,p28,l3,0.00
i67,e09,c5,p29,l2,0.00
i67,e09,c5,p29,l3,0.00
i67,e09,c5,p32,l3,0.00
i67,e09,c5,p35,l2,0.00
i67,e09,c5,p35,l3,0.00
i67,e10,c3,p01,l1,0.00
i67,e10,c3,p01,l3,0.00
i67,e10,c3,p05,l1,0.00
i67,e10,c3,p05,l3,0.00
i67,e10,c3,p10,l1,0.00
i67,e10,c3,p10,l3,0.00
i67,e10,c3,p11,l3,0.00
i67,e10,c3,p12,l3,0.00
i67,e10,c3,p15,l1,0.00
i67,e10,c3,p15,l3,0.00
i67,e10,c3,p16,l1,0.00
i67,e10,c3,p16,l3,0.00
i67,e10,c3,p19,l1,0.00
i67,e10,c3,p19,l3,0.00
i67,e10,c3,p21,l1,0.00
i67,e10,c3,p21,l3,0.00
i67,e10,c3,p23,l3,0.00
i67,e10,c3,p24,l3,0.00
i67,e10,c3,p29,l3,0.00
i67,e10,c3,p35,l1,0.00
i67,e10,c3,p35,l3,0.00
i67,e10,c5,p01,l1,0.00
i67,e10,c5,p01,l3,0.00
i67,e10,c5,p02,l1,0.00
i67,e10,c5,p02,l3,0.00
i67,e10,c5,p03,l1,0.00
i67,e10,c5,p03,l3,0.00
i67,e10,c5,p04,l1,0.00
i67,e10,c5,p04,l3,0.00
i67,e10,c5,p05,l1,0.00
i67,e10,c5,p05,l3,2.07
i67,e10,c5,p06,l1,0.00
i67,e10,c5,p06,l3,0.00
i67,e10,c5,p07,l1,0.00
i67,e10,c5,p07,l3,0.00
i67,e10,c5,p08,l1,0.00
i67,e10,c5,p08,l3,0.00
i67,e10,c5,p09,l1,0.00
i67,e10,c5,p09,l3,0.00
i67,e10,c5,p10,l1,0.00
i67,e10,c5,p10,l3,3.46
i67,e10,c5,p11,l1,0.00
i67,e10,c5,p11,l3,2.07
i67,e10,c5,p12,l1,0.00
i67,e10,c5,p12,l3,0.00
i67,e10,c5,p13,l1,0.00
i67,e10,c5,p13,l3,0.00
i67,e10,c5,p14,l1,0.00
i67,e10,c5,p14,l3,0.00
i67,e10,c5,p15,l1,0.00
i67,e10,c5,p15,l3,0.00
i67,e10,c5,p16,l1,0.00
i67,e10,c5,p16,l3,2.29
i67,e10,c5,p17,l1,0.00
i67,e10,c5,p17,l3,0.00
i67,e10,c5,p18,l1,0.00
i67,e10,c5,p18,l3,0.00
i67,e10,c5,p19,l1,0.00
i67,e10,c5,p19,l3,2.54
i67,e10,c5,p20,l1,0.00
i67,e10,c5,p20,l3,0.00
i67,e10,c5,p21,l1,0.00
i67,e10,c5,p21,l3,4.01
i67,e10,c5,p22,l1,0.00
i67,e10,c5,p22,l3,2.38
i67,e10,c5,p23,l1,0.00
i67,e10,c5,p23,l3,0.00
i67,e10,c5,p24,l1,0.00
i67,e10,c5,p24,l3,7.18
i67,e10,c5,p25,l3,0.00
i67,e10,c5,p26,l1,0.00
i67,e10,c5,p26,l3,0.00
i67,e10,c5,p28,l1,0.00
i67,e10,c5,p28,l3,0.00
i67,e10,c5,p29,l1,0.00
i67,e10,c5,p29,l3,0.00
i67,e10,c5,p31,l1,0.00
i67,e10,c5,p31,l3,0.00
i67,e10,c5,p32,l3,0.00
i67,e10,c5,p33,l3,0.00
i67,e10,c5,p35,l1,0.00
i67,e10,c5,p35,l3,0.00
i67,e11,c5,p01,l3,0.00
i67,e11,c5,p05,l3,0.00
i67,e11,c5,p10,l2,0.00
i67,e11,c5,p10,l3,0.00
i67,e11,c5,p11,l3,0.00
i67,e11,c5,p12,l3,0.00
i67,e11,c5,p15,l3,0.00
i67,e11,c5,p19,l3,0.00
i67,e11,c5,p21,l3,0.00
i67,e11,c5,p35,l2,0.00
i67,e11,c5,p35,l3,0.00
i67,e12,c5,p01,l3,0.00
i67,e12,c5,p02,l3,0.00
i67,e12,c5,p03,l3,0.00
i67,e12,c5,p05,l3,0.00
i67,e12,c5,p08,l3,0.00
i67,e12,c5,p10,l3,0.00
i67,e12,c5,p11,l3,0.00
i67,e12,c5,p13,l3,0.00
i67,e12,c5,p14,l3,0.00
i67,e12,c5,p15,l3,0.00
i67,e12,c5,p17,l3,0.00
i67,e12,c5,p18,l3,0.00
i67,e12,c5,p19,l3,0.00
i67,e12,c5,p20,l3,0.00
i67,e12,c5,p21,l3,0.00
i67,e12,c5,p24,l3,0.00
i67,e12,c5,p29,l3,0.00
i67,e12,c5,p35,l3,0.00
i68,e01,c1,p06,l3,0.00
i68,e01,c1,p09,l3,0.00
i68,e01,c1,p10,l3,0.00
i68,e01,c1,p11,l3,0.00
i68,e01,c1,p12,l3,1.58
i68,e01,c1,p13,l3,0.00
i68,e01,c1,p15,l3,0.00
i68,e01,c1,p16,l3,0.00
i68,e01,c1,p17,l3,0.00
i68,e01,c1,p18,l3,0.00
i68,e01,c1,p19,l3,0.00
i68,e01,c1,p21,l3,0.00
i68,e01,c1,p25,l3,0.00
i68,e01,c1,p27,l3,0.00
i68,e01,c1,p28,l3,0.00
i68,e01,c1,p29,l3,0.00
i68,e01,c1,p35,l3,4.04
i68,e01,c4,p10,l3,0.00
i68,e01,c4,p12,l3,0.00
i68,e01,c4,p35,l3,0.00
i68,e04,c1,p05,l3,0.00
i68,e04,c1,p06,l3,0.00
i68,e04,c1,p07,l3,0.00
i68,e04,c1,p08,l3,0.00
i68,e04,c1,p09,l3,0.00
i68,e04,c1,p10,l3,0.00
i68,e04,c1,p11,l3,0.00
i68,e04,c1,p12,l3,7.02
i68,e04,c1,p13,l3,0.00
i68,e04,c1,p15,l3,0.00
i68,e04,c1,p16,l3,0.00
i68,e04,c1,p17,l3,0.00
i68,e04,c1,p18,l3,0.00
i68,e04,c1,p19,l3,0.00
i68,e04,c1,p21,l3,0.00
i68,e04,c1,p24,l3,0.00
i68,e04,c1,p25,l3,0.00
i68,e04,c1,p28,l3,0.00
i68,e04,c1,p29,l3,0.00
i68,e04,c1,p35,l3,0.00
i68,e04,c4,p10,l3,0.00
i68,e04,c4,p12,l3,0.00
i68,e04,c4,p15,l3,0.00
i68,e04,c4,p35,l3,0.00
i68,e05,c1,p10,l3,0.00
i68,e05,c1,p11,l3,0.00
i68,e05,c1,p12,l3,0.00
i68,e05,c1,p15,l3,0.00
i68,e05,c1,p16,l3,0.00
i68,e05,c1,p19,l3,0.00
i68,e05,c1,p21,l3,0.00
i68,e05,c1,p35,l3,11.33
i68,e05,c4,p10,l3,0.00
i68,e05,c4,p35,l3,0.00
i68,e09,c1,p06,l3,0.00
i68,e09,c1,p08,l3,0.00
i68,e09,c1,p10,l3,0.00
i68,e09,c1,p11,l3,0.00
i68,e09,c1,p12,l3,1.19
i68,e09,c1,p13,l3,0.00
i68,e09,c1,p15,l3,0.00
i68,e09,c1,p16,l3,0.00
i68,e09,c1,p17,l3,0.00
i68,e09,c1,p18,l3,0.00
i68,e09,c1,p19,l3,0.00
i68,e09,c1,p21,l3,0.00
i68,e09,c1,p23,l3,0.00
i68,e09,c1,p24,l3,0.00
i68,e09,c1,p25,l3,0.00
i68,e09,c1,p27,l3,0.00
i68,e09,c1,p28,l3,0.00
i68,e09,c1,p35,l3,0.00
i68,e09,c4,p10,l3,0.00
i68,e09,c4,p12,l3,0.00
i68,e09,c4,p35,l3,0.00
i68,e12,c1,p05,l3,0.00
i68,e12,c1,p10,l3,0.00
i68,e12,c1,p11,l3,0.00
i68,e12,c1,p12,l3,0.00
i68,e12,c1,p13,l3,0.00
i68,e12,c1,p15,l3,0.00
i68,e12,c1,p16,l3,0.00
i68,e12,c1,p19,l3,0.00
i68,e12,c1,p21,l3,0.00
i68,e12,c1,p22,l3,0.00
i68,e12,c1,p24,l3,0.00
i68,e12,c1,p28,l3,0.00
i68,e12,c1,p35,l3,0.00
i68,e12,c4,p10,l3,0.00
i68,e12,c4,p12,l3,0.00
i68,e12,c4,p35,l3,0.00
i69,e01,c3,p01,l3,0.00
i69,e01,c3,p03,l3,0.00
i69,e01,c3,p10,l3,0.00
i69,e01,c3,p17,l3,0.00
i69,e01,c3,p19,l3,0.00
i69,e01,c3,p23,l3,0.00
i69,e01,c3,p24,l3,0.00
i69,e01,c3,p35,l3,0.00
i69,e01,c5,p10,l3,0.00
i69,e01,c5,p35,l3,0.00
i69,e02,c3,p10,l3,0.00
i69,e02,c3,p35,l3,0.00
i69,e02,c5,p10,l3,0.00
i69,e02,c5,p35,l3,0.00
i69,e04,c3,p01,l3,0.00
i69,e04,c3,p03,l3,0.00
i69,e04,c3,p10,l3,0.00
i69,e04,c3,p17,l3,0.00
i69,e04,c3,p19,l3,0.00
i69,e04,c3,p21,l3,0.00
i69,e04,c3,p23,l3,0.00
i69,e04,c3,p24,l3,0.00
i69,e04,c3,p35,l3,0.00
i69,e04,c5,p10,l3,0.00
i69,e04,c5,p35,l3,0.00
i69,e05,c3,p10,l3,0.00
i69,e05,c3,p17,l3,0.00
i69,e05,c3,p24,l3,0.00
i69,e05,c5,p10,l3,0.00
i69,e05,c5,p35,l3,0.00
i69,e08,c3,p01,l3,0.00
i69,e08,c3,p03,l3,0.00
i69,e08,c3,p10,l3,0.00
i69,e08,c3,p17,l3,0.00
i69,e08,c3,p19,l3,0.00
i69,e08,c3,p21,l3,0.00
i69,e08,c3,p24,l3,0.00
i69,e08,c3,p35,l3,0.00
i69,e08,c5,p10,l3,0.00
i69,e08,c5,p17,l3,0.00
i69,e08,c5,p35,l3,0.00
i69,e09,c3,p01,l3,0.00
i69,e09,c3,p03,l3,0.00
i69,e09,c3,p10,l3,0.00
i69,e09,c3,p17,l3,0.00
i69,e09,c3,p19,l3,0.00
i69,e09,c3,p23,l3,0.00
i69,e09,c3,p24,l3,0.00
i69,e09,c3,p35,l3,0.00
i69,e09,c5,p10,l3,0.00
i69,e09,c5,p35,l3,0.00
i69,e11,c3,p03,l3,0.00
i69,e11,c3,p10,l3,0.00
i69,e11,c3,p17,l3,0.00
i69,e11,c3,p19,l3,0.00
i69,e11,c3,p23,l3,0.00
i69,e11,c3,p24,l3,0.00
i69,e11,c3,p35,l3,0.00
i69,e11,c5,p01,l3,0.00
i69,e11,c5,p10,l3,0.00
i70,e01,c1,p35,l3,0.00
i70,e04,c1,p35,l3,0.00
i70,e05,c1,p35,l3,0.00
i70,e09,c1,p35,l3,0.00
i71,e01,c1,p10,l3,0.00
i71,e01,c1,p35,l3,0.00
i71,e04,c1,p10,l3,0.00
i71,e04,c1,p35,l3,0.00
i71,e05,c1,p35,l3,0.00
i71,e09,c1,p10,l3,0.00
i71,e09,c1,p35,l3,0.00
i72,e01,c1,p10,l3,0.00
i72,e01,c1,p35,l3,0.00
i72,e04,c1,p10,l3,0.00
i72,e04,c1,p35,l3,0.00
i72,e05,c1,p10,l3,0.00
i72,e05,c1,p35,l3,0.00
i72,e08,c1,p10,l3,0.00
i72,e08,c1,p35,l3,0.00
i72,e09,c1,p10,l3,0.00
i72,e09,c1,p35,l3,0.00
i72,e11,c1,p10,l3,0.00
i72,e11,c1,p35,l3,0.00
i73,e01,c3,p01,l3,0.00
i73,e01,c3,p04,l3,0.00
i73,e01,c3,p10,l3,0.00
i73,e01,c3,p12,l3,0.00
i73,e01,c3,p17,l3,0.00
i73,e01,c3,p19,l3,0.00
i73,e01,c3,p21,l3,0.00
i73,e01,c3,p24,l3,0.00
i73,e01,c3,p35,l3,2.05
i73,e02,c3,p12,l3,0.00
i73,e02,c3,p35,l1,0.00
i73,e02,c3,p35,l3,0.00
i73,e04,c3,p01,l1,0.00
i73,e04,c3,p01,l3,0.00
i73,e04,c3,p04,l1,0.00
i73,e04,c3,p04,l3,0.00
i73,e04,c3,p10,l1,0.00
i73,e04,c3,p10,l3,0.00
i73,e04,c3,p12,l1,0.00
i73,e04,c3,p12,l3,0.00
i73,e04,c3,p17,l1,0.00
i73,e04,c3,p17,l3,0.00
i73,e04,c3,p19,l1,0.00
i73,e04,c3,p19,l3,0.00
i73,e04,c3,p21,l3,0.00
i73,e04,c3,p24,l1,0.00
i73,e04,c3,p24,l3,0.00
i73,e04,c3,p35,l1,0.00
i73,e04,c3,p35,l3,0.00
i73,e05,c3,p01,l3,0.00
i73,e05,c3,p04,l3,0.00
i73,e05,c3,p10,l3,0.00
i73,e05,c3,p12,l3,0.00
i73,e05,c3,p17,l3,0.00
i73,e05,c3,p19,l3,0.00
i73,e05,c3,p24,l3,0.00
i73,e05,c3,p35,l1,0.00
i73,e05,c3,p35,l3,0.00
i73,e09,c3,p01,l3,0.00
i73,e09,c3,p04,l2,0.00
i73,e09,c3,p04,l3,0.00
i73,e09,c3,p10,l2,0.00
i73,e09,c3,p10,l3,0.00
i73,e09,c3,p12,l2,0.00
i73,e09,c3,p12,l3,0.00
i73,e09,c3,p17,l2,0.00
i73,e09,c3,p17,l3,0.00
i73,e09,c3,p19,l2,0.00
i73,e09,c3,p19,l3,0.00
i73,e09,c3,p21,l3,0.00
i73,e09,c3,p24,l3,0.00
i73,e09,c3,p35,l2,0.00
i73,e09,c3,p35,l3,0.00
i74,e01,c3,p04,l3,0.00
i74,e01,c3,p10,l3,0.00
i74,e01,c3,p11,l3,0.00
i74,e01,c3,p13,l3,0.00
i74,e01,c3,p15,l3,0.00
i74,e01,c3,p17,l3,0.00
i74,e01,c3,p22,l3,0.00
i74,e01,c3,p23,l3,0.00
i74,e01,c3,p29,l3,0.00
i74,e01,c5,p01,l3,0.00
i74,e01,c5,p02,l3,0.00
i74,e01,c5,p03,l3,0.00
i74,e01,c5,p04,l3,0.00
i74,e01,c5,p05,l3,0.00
i74,e01,c5,p06,l3,0.00
i74,e01,c5,p07,l3,0.00
i74,e01,c5,p08,l3,0.00
i74,e01,c5,p09,l3,0.00
i74,e01,c5,p10,l3,0.00
i74,e01,c5,p11,l3,0.00
i74,e01,c5,p12,l3,0.00
i74,e01,c5,p13,l3,1.54
i74,e01,c5,p14,l3,0.00
i74,e01,c5,p15,l3,0.00
i74,e01,c5,p16,l3,0.00
i74,e01,c5,p17,l3,0.00
i74,e01,c5,p18,l3,0.00
i74,e01,c5,p19,l3,0.00
i74,e01,c5,p20,l3,0.00
i74,e01,c5,p21,l3,0.00
i74,e01,c5,p22,l3,0.00
i74,e01,c5,p23,l3,0.00
i74,e01,c5,p24,l3,0.00
i74,e01,c5,p25,l3,0.00
i74,e01,c5,p26,l3,0.00
i74,e01,c5,p28,l3,0.00
i74,e01,c5,p29,l3,0.00
i74,e01,c5,p30,l3,0.00
i74,e01,c5,p31,l3,0.00
i74,e01,c5,p32,l3,0.00
i74,e01,c5,p33,l3,0.00
i74,e01,c5,p35,l3,0.00
i74,e02,c3,p03,l3,0.00
i74,e02,c3,p10,l3,0.00
i74,e02,c3,p11,l1,0.00
i74,e02,c3,p11,l3,0.00
i74,e02,c3,p15,l3,0.00
i74,e02,c3,p19,l3,0.00
i74,e02,c5,p01,l1,0.00
i74,e02,c5,p01,l3,0.00
i74,e02,c5,p02,l3,0.00
i74,e02,c5,p03,l3,0.00
i74,e02,c5,p04,l3,0.00
i74,e02,c5,p05,l3,0.00
i74,e02,c5,p06,l3,0.00
i74,e02,c5,p07,l1,0.00
i74,e02,c5,p07,l3,0.00
i74,e02,c5,p08,l3,0.00
i74,e02,c5,p09,l3,0.00
i74,e02,c5,p10,l1,0.00
i74,e02,c5,p10,l3,0.00
i74,e02,c5,p11,l3,0.00
i74,e02,c5,p12,l3,0.00
i74,e02,c5,p13,l1,0.00
i74,e02,c5,p13,l3,0.00
i74,e02,c5,p14,l3,0.00
i74,e02,c5,p15,l1,0.00
i74,e02,c5,p15,l3,0.00
i74,e02,c5,p16,l3,0.00
i74,e02,c5,p17,l3,0.00
i74,e02,c5,p18,l3,0.00
i74,e02,c5,p19,l1,0.00
i74,e02,c5,p19,l3,0.00
i74,e02,c5,p21,l1,0.00
i74,e02,c5,p21,l3,0.00
i74,e02,c5,p22,l1,0.00
i74,e02,c5,p22,l3,0.00
i74,e02,c5,p23,l3,0.00
i74,e02,c5,p24,l3,0.00
i74,e02,c5,p25,l3,0.00
i74,e02,c5,p28,l1,0.00
i74,e02,c5,p29,l1,0.00
i74,e02,c5,p29,l3,0.00
i74,e02,c5,p30,l3,0.00
i74,e02,c5,p35,l3,0.00
i74,e04,c3,p01,l3,0.00
i74,e04,c3,p09,l3,0.00
i74,e04,c3,p10,l3,0.00
i74,e04,c3,p11,l1,0.00
i74,e04,c3,p11,l3,0.00
i74,e04,c3,p14,l3,0.00
i74,e04,c3,p15,l3,0.00
i74,e04,c3,p16,l3,0.00
i74,e04,c3,p18,l3,0.00
i74,e04,c3,p19,l3,0.00
i74,e04,c3,p21,l1,0.00
i74,e04,c3,p21,l3,0.00
i74,e04,c3,p23,l3,0.00
i74,e04,c3,p29,l3,0.00
i74,e04,c3,p35,l3,0.00
i74,e04,c5,p01,l1,0.00
i74,e04,c5,p01,l3,0.00
i74,e04,c5,p02,l1,0.00
i74,e04,c5,p02,l3,0.00
i74,e04,c5,p03,l1,0.00
i74,e04,c5,p03,l3,0.00
i74,e04,c5,p04,l1,0.00
i74,e04,c5,p04,l3,0.00
i74,e04,c5,p05,l1,0.00
i74,e04,c5,p05,l3,0.00
i74,e04,c5,p06,l1,0.00
i74,e04,c5,p06,l3,0.00
i74,e04,c5,p07,l1,0.00
i74,e04,c5,p07,l3,0.00
i74,e04,c5,p08,l1,0.00
i74,e04,c5,p08,l3,0.00
i74,e04,c5,p09,l1,0.00
i74,e04,c5,p09,l3,0.00
i74,e04,c5,p10,l1,0.00
i74,e04,c5,p10,l3,0.00
i74,e04,c5,p11,l1,0.00
i74,e04,c5,p11,l3,0.00
i74,e04,c5,p12,l1,0.00
i74,e04,c5,p12,l3,0.00
i74,e04,c5,p13,l1,0.00
i74,e04,c5,p13,l3,0.00
i74,e04,c5,p14,l1,0.00
i74,e04,c5,p14,l3,0.00
i74,e04,c5,p15,l1,0.00
i74,e04,c5,p15,l3,0.00
i74,e04,c5,p16,l1,0.00
i74,e04,c5,p16,l3,0.00
i74,e04,c5,p17,l1,0.00
i74,e04,c5,p17,l3,0.00
i74,e04,c5,p18,l1,0.00
i74,e04,c5,p18,l3,0.00
i74,e04,c5,p19,l1,0.00
i74,e04,c5,p19,l3,0.00
i74,e04,c5,p20,l1,0.00
i74,e04,c5,p20,l3,0.00
i74,e04,c5,p21,l1,0.00
i74,e04,c5,p21,l3,0.00
i74,e04,c5,p22,l1,0.00
i74,e04,c5,p22,l3,0.00
i74,e04,c5,p23,l1,0.00
i74,e04,c5,p23,l3,0.00
i74,e04,c5,p24,l1,0.00
i74,e04,c5,p24,l3,0.00
i74,e04,c5,p25,l1,0.00
i74,e04,c5,p25,l3,0.00
i74,e04,c5,p26,l3,0.00
i74,e04,c5,p28,l1,0.00
i74,e04,c5,p28,l3,0.00
i74,e04,c5,p29,l1,0.00
i74,e04,c5,p29,l3,0.00
i74,e04,c5,p30,l3,0.00
i74,e04,c5,p31,l1,0.00
i74,e04,c5,p31,l3,0.00
i74,e04,c5,p32,l1,0.00
i74,e04,c5,p32,l3,0.00
i74,e04,c5,p33,l3,0.00
i74,e04,c5,p35,l1,0.00
i74,e04,c5,p35,l3,0.00
i74,e05,c3,p03,l3,0.00
i74,e05,c3,p07,l3,0.00
i74,e05,c3,p10,l3,0.00
i74,e05,c3,p11,l1,0.00
i74,e05,c3,p11,l3,0.00
i74,e05,c3,p15,l3,0.00
i74,e05,c3,p16,l3,0.00
i74,e05,c3,p18,l1,0.00
i74,e05,c3,p18,l3,0.00
i74,e05,c3,p24,l3,0.00
i74,e05,c3,p35,l3,0.00
i74,e05,c5,p01,l1,0.00
i74,e05,c5,p01,l3,0.00
i74,e05,c5,p02,l1,0.00
i74,e05,c5,p02,l3,0.00
i74,e05,c5,p03,l1,0.00
i74,e05,c5,p03,l3,0.00
i74,e05,c5,p04,l1,0.00
i74,e05,c5,p04,l3,0.00
i74,e05,c5,p05,l1,0.00
i74,e05,c5,p05,l3,0.00
i74,e05,c5,p06,l1,0.00
i74,e05,c5,p06,l3,0.00
i74,e05,c5,p07,l1,0.00
i74,e05,c5,p07,l3,0.00
i74,e05,c5,p08,l1,0.00
i74,e05,c5,p08,l3,1.13
i74,e05,c5,p09,l1,0.00
i74,e05,c5,p09,l3,0.00
i74,e05,c5,p10,l1,0.00
i74,e05,c5,p10,l3,0.00
i74,e05,c5,p11,l1,0.00
i74,e05,c5,p11,l3,0.00
i74,e05,c5,p12,l1,0.00
i74,e05,c5,p12,l3,0.00
i74,e05,c5,p13,l1,0.00
i74,e05,c5,p13,l3,0.00
i74,e05,c5,p14,l1,0.00
i74,e05,c5,p14,l3,0.00
i74,e05,c5,p15,l1,0.00
i74,e05,c5,p15,l3,0.00
i74,e05,c5,p16,l1,0.00
i74,e05,c5,p16,l3,0.00
i74,e05,c5,p17,l1,0.00
i74,e05,c5,p17,l3,0.00
i74,e05,c5,p18,l1,0.00
i74,e05,c5,p18,l3,0.00
i74,e05,c5,p19,l1,0.00
i74,e05,c5,p19,l3,0.00
i74,e05,c5,p20,l1,0.00
i74,e05,c5,p20,l3,0.00
i74,e05,c5,p21,l1,0.00
i74,e05,c5,p21,l3,0.00
i74,e05,c5,p22,l1,0.00
i74,e05,c5,p22,l3,0.00
i74,e05,c5,p23,l1,0.00
i74,e05,c5,p23,l3,0.00
i74,e05,c5,p24,l1,0.00
i74,e05,c5,p24,l3,0.00
i74,e05,c5,p25,l1,0.00
i74,e05,c5,p25,l3,0.00
i74,e05,c5,p28,l1,0.00
i74,e05,c5,p28,l3,0.00
i74,e05,c5,p29,l1,0.00
i74,e05,c5,p29,l3,0.00
i74,e05,c5,p30,l3,0.00
i74,e05,c5,p31,l1,0.00
i74,e05,c5,p31,l3,0.00
i74,e05,c5,p32,l1,0.00
i74,e05,c5,p32,l3,0.00
i74,e05,c5,p33,l1,0.00
i74,e05,c5,p33,l3,0.00
i74,e05,c5,p35,l1,0.00
i74,e05,c5,p35,l3,0.00
i74,e07,c5,p01,l3,0.00
i74,e07,c5,p02,l3,0.00
i74,e07,c5,p03,l3,0.00
i74,e07,c5,p04,l3,0.00
i74,e07,c5,p05,l3,0.00
i74,e07,c5,p06,l3,0.00
i74,e07,c5,p07,l2,0.00
i74,e07,c5,p07,l3,0.00
i74,e07,c5,p08,l2,0.00
i74,e07,c5,p09,l2,0.00
i74,e07,c5,p09,l3,0.00
i74,e07,c5,p10,l2,0.00
i74,e07,c5,p10,l3,0.00
i74,e07,c5,p11,l3,0.00
i74,e07,c5,p12,l3,0.00
i74,e07,c5,p13,l2,0.00
i74,e07,c5,p13,l3,0.00
i74,e07,c5,p14,l3,0.00
i74,e07,c5,p15,l2,0.00
i74,e07,c5,p15,l3,0.00
i74,e07,c5,p16,l2,0.00
i74,e07,c5,p16,l3,0.00
i74,e07,c5,p17,l3,0.00
i74,e07,c5,p18,l3,0.00
i74,e07,c5,p19,l2,0.00
i74,e07,c5,p19,l3,0.00
i74,e07,c5,p20,l2,0.00
i74,e07,c5,p20,l3,0.00
i74,e07,c5,p21,l2,0.00
i74,e07,c5,p21,l3,0.00
i74,e07,c5,p22,l3,0.00
i74,e07,c5,p23,l3,0.00
i74,e07,c5,p28,l3,0.00
i74,e07,c5,p29,l3,0.00
i74,e07,c5,p31,l2,0.00
i74,e07,c5,p35,l2,0.00
i74,e07,c5,p35,l3,0.00
i74,e08,c3,p01,l3,0.00
i74,e08,c3,p05,l3,0.00
i74,e08,c3,p06,l3,0.00
i74,e08,c3,p07,l3,0.00
i74,e08,c3,p09,l3,0.00
i74,e08,c3,p10,l3,0.00
i74,e08,c3,p14,l3,0.00
i74,e08,c3,p15,l3,0.00
i74,e08,c3,p16,l3,0.00
i74,e08,c3,p17,l3,0.00
i74,e08,c3,p18,l3,0.00
i74,e08,c3,p19,l3,0.00
i74,e08,c3,p21,l3,0.00
i74,e08,c3,p23,l3,0.00
i74,e08,c3,p24,l2,0.00
i74,e08,c3,p29,l3,0.00
i74,e08,c3,p35,l3,0.00
i74,e08,c5,p01,l2,0.00
i74,e08,c5,p01,l3,0.00
i74,e08,c5,p02,l2,0.00
i74,e08,c5,p02,l3,0.00
i74,e08,c5,p03,l2,0.00
i74,e08,c5,p03,l3,0.00
i74,e08,c5,p04,l2,0.00
i74,e08,c5,p04,l3,0.00
i74,e08,c5,p05,l2,0.00
i74,e08,c5,p05,l3,0.00
i74,e08,c5,p06,l2,0.00
i74,e08,c5,p06,l3,0.00
i74,e08,c5,p07,l2,0.00
i74,e08,c5,p07,l3,0.00
i74,e08,c5,p08,l2,0.00
i74,e08,c5,p08,l3,0.00
i74,e08,c5,p09,l2,0.00
i74,e08,c5,p09,l3,0.00
i74,e08,c5,p10,l2,0.00
i74,e08,c5,p10,l3,0.00
i74,e08,c5,p11,l2,0.00
i74,e08,c5,p11,l3,0.00
i74,e08,c5,p12,l2,0.00
i74,e08,c5,p12,l3,0.00
i74,e08,c5,p13,l2,0.00
i74,e08,c5,p13,l3,0.00
i74,e08,c5,p14,l2,0.00
i74,e08,c5,p14,l3,0.00
i74,e08,c5,p15,l2,0.00
i74,e08,c5,p15,l3,0.00
i74,e08,c5,p16,l2,0.00
i74,e08,c5,p16,l3,0.00
i74,e08,c5,p17,l2,0.00
i74,e08,c5,p17,l3,0.00
i74,e08,c5,p18,l2,0.00
i74,e08,c5,p18,l3,0.00
i74,e08,c5,p19,l2,0.00
i74,e08,c5,p19,l3,0.00
i74,e08,c5,p20,l2,0.00
i74,e08,c5,p20,l3,0.00
i74,e08,c5,p21,l2,0.00
i74,e08,c5,p21,l3,0.00
i74,e08,c5,p22,l2,0.00
i74,e08,c5,p22,l3,0.00
i74,e08,c5,p23,l2,0.00
i74,e08,c5,p23,l3,0.00
i74,e08,c5,p24,l2,0.00
i74,e08,c5,p24,l3,0.00
i74,e08,c5,p25,l2,0.00
i74,e08,c5,p25,l3,0.00
i74,e08,c5,p26,l3,0.00
i74,e08,c5,p28,l2,0.00
i74,e08,c5,p28,l3,0.00
i74,e08,c5,p29,l2,0.00
i74,e08,c5,p29,l3,0.00
i74,e08,c5,p30,l3,0.00
i74,e08,c5,p31,l2,0.00
i74,e08,c5,p31,l3,0.00
i74,e08,c5,p32,l2,0.00
i74,e08,c5,p32,l3,0.00
i74,e08,c5,p33,l3,0.00
i74,e08,c5,p35,l2,0.00
i74,e08,c5,p35,l3,0.00
i74,e09,c3,p03,l3,0.00
i74,e09,c3,p09,l3,0.00
i74,e09,c3,p10,l3,0.00
i74,e09,c3,p11,l3,0.00
i74,e09,c3,p13,l3,0.00
i74,e09,c3,p15,l3,0.00
i74,e09,c3,p16,l3,0.00
i74,e09,c3,p18,l3,0.00
i74,e09,c3,p21,l3,0.00
i74,e09,c3,p23,l3,0.00
i74,e09,c3,p29,l3,0.00
i74,e09,c3,p35,l3,0.00
i74,e09,c5,p01,l2,0.00
i74,e09,c5,p01,l3,0.00
i74,e09,c5,p02,l2,0.00
i74,e09,c5,p02,l3,0.00
i74,e09,c5,p03,l2,0.00
i74,e09,c5,p03,l3,0.00
i74,e09,c5,p04,l2,0.00
i74,e09,c5,p04,l3,0.00
i74,e09,c5,p05,l2,0.00
i74,e09,c5,p05,l3,0.00
i74,e09,c5,p06,l2,0.00
i74,e09,c5,p06,l3,0.00
i74,e09,c5,p07,l2,0.00
i74,e09,c5,p07,l3,0.00
i74,e09,c5,p08,l2,0.00
i74,e09,c5,p08,l3,0.00
i74,e09,c5,p09,l2,0.00
i74,e09,c5,p09,l3,0.00
i74,e09,c5,p10,l2,0.00
i74,e09,c5,p10,l3,0.00
i74,e09,c5,p11,l2,0.00
i74,e09,c5,p11,l3,0.00
i74,e09,c5,p12,l2,0.00
i74,e09,c5,p12,l3,0.00
i74,e09,c5,p13,l2,0.00
i74,e09,c5,p13,l3,0.00
i74,e09,c5,p14,l2,0.00
i74,e09,c5,p14,l3,0.00
i74,e09,c5,p15,l2,0.00
i74,e09,c5,p15,l3,0.00
i74,e09,c5,p16,l2,0.00
i74,e09,c5,p16,l3,0.00
i74,e09,c5,p17,l2,0.00
i74,e09,c5,p17,l3,0.00
i74,e09,c5,p18,l2,0.00
i74,e09,c5,p18,l3,0.00
i74,e09,c5,p19,l2,0.00
i74,e09,c5,p19,l3,0.00
i74,e09,c5,p20,l2,0.00
i74,e09,c5,p20,l3,0.00
i74,e09,c5,p21,l2,0.00
i74,e09,c5,p21,l3,0.00
i74,e09,c5,p22,l2,0.00
i74,e09,c5,p22,l3,0.00
i74,e09,c5,p23,l2,0.00
i74,e09,c5,p23,l3,0.00
i74,e09,c5,p24,l2,0.00
i74,e09,c5,p24,l3,0.00
i74,e09,c5,p25,l2,0.00
i74,e09,c5,p25,l3,0.00
i74,e09,c5,p26,l3,0.00
i74,e09,c5,p28,l2,0.00
i74,e09,c5,p28,l3,0.00
i74,e09,c5,p29,l2,0.00
i74,e09,c5,p29,l3,0.00
i74,e09,c5,p31,l2,0.00
i74,e09,c5,p31,l3,0.00
i74,e09,c5,p32,l2,0.00
i74,e09,c5,p32,l3,0.00
i74,e09,c5,p33,l3,0.00
i74,e09,c5,p35,l2,0.00
i74,e09,c5,p35,l3,0.00
i74,e11,c3,p05,l2,0.00
i74,e11,c3,p07,l3,0.00
i74,e11,c3,p09,l3,0.00
i74,e11,c3,p10,l3,0.00
i74,e11,c3,p15,l3,0.00
i74,e11,c3,p18,l3,0.00
i74,e11,c3,p21,l3,0.00
i74,e11,c3,p25,l3,0.00
i74,e11,c5,p01,l2,0.00
i74,e11,c5,p01,l3,0.00
i74,e11,c5,p02,l3,0.00
i74,e11,c5,p03,l2,0.00
i74,e11,c5,p03,l3,0.00
i74,e11,c5,p04,l2,0.00
i74,e11,c5,p04,l3,0.00
i74,e11,c5,p05,l2,0.00
i74,e11,c5,p05,l3,0.00
i74,e11,c5,p06,l2,0.00
i74,e11,c5,p06,l3,0.00
i74,e11,c5,p07,l2,0.00
i74,e11,c5,p07,l3,0.00
i74,e11,c5,p08,l2,0.00
i74,e11,c5,p08,l3,0.00
i74,e11,c5,p09,l2,0.00
i74,e11,c5,p09,l3,0.00
i74,e11,c5,p10,l2,0.00
i74,e11,c5,p10,l3,0.00
i74,e11,c5,p11,l2,0.00
i74,e11,c5,p11,l3,0.00
i74,e11,c5,p12,l2,0.00
i74,e11,c5,p12,l3,0.00
i74,e11,c5,p13,l2,0.00
i74,e11,c5,p13,l3,0.00
i74,e11,c5,p14,l3,0.00
i74,e11,c5,p15,l2,0.00
i74,e11,c5,p15,l3,0.00
i74,e11,c5,p16,l2,0.00
i74,e11,c5,p16,l3,0.00
i74,e11,c5,p17,l2,0.00
i74,e11,c5,p17,l3,0.00
i74,e11,c5,p18,l2,0.00
i74,e11,c5,p18,l3,0.00
i74,e11,c5,p19,l2,0.00
i74,e11,c5,p19,l3,0.00
i74,e11,c5,p21,l3,0.00
i74,e11,c5,p22,l2,0.00
i74,e11,c5,p22,l3,0.00
i74,e11,c5,p23,l3,0.00
i74,e11,c5,p24,l3,0.00
i74,e11,c5,p25,l3,0.00
i74,e11,c5,p26,l3,0.00
i74,e11,c5,p28,l2,0.00
i74,e11,c5,p28,l3,0.00
i74,e11,c5,p29,l2,0.00
i74,e11,c5,p29,l3,0.00
i74,e11,c5,p31,l3,0.00
i74,e11,c5,p32,l2,0.00
i74,e11,c5,p32,l3,0.00
i74,e11,c5,p33,l3,0.00
i74,e11,c5,p35,l2,0.00
i74,e11,c5,p35,l3,0.00
i74,e12,c3,p10,l3,0.00
i74,e12,c3,p15,l3,0.00
i74,e12,c5,p01,l3,0.00
i74,e12,c5,p02,l3,0.00
i74,e12,c5,p03,l3,0.00
i74,e12,c5,p04,l3,0.00
i74,e12,c5,p05,l3,0.00
i74,e12,c5,p06,l3,0.00
i74,e12,c5,p07,l3,0.00
i74,e12,c5,p08,l3,0.00
i74,e12,c5,p09,l3,0.00
i74,e12,c5,p10,l3,0.00
i74,e12,c5,p11,l3,0.00
i74,e12,c5,p12,l3,0.00
i74,e12,c5,p13,l3,0.00
i74,e12,c5,p14,l3,0.00
i74,e12,c5,p15,l3,0.00
i74,e12,c5,p16,l3,0.00
i74,e12,c5,p17,l3,0.00
i74,e12,c5,p18,l3,0.00
i74,e12,c5,p19,l3,0.00
i74,e12,c5,p20,l3,0.00
i74,e12,c5,p21,l3,0.00
i74,e12,c5,p22,l3,0.00
i74,e12,c5,p23,l3,0.00
i74,e12,c5,p24,l3,0.00
i74,e12,c5,p25,l3,0.00
i74,e12,c5,p28,l3,0.00
i74,e12,c5,p29,l3,0.00
i74,e12,c5,p31,l3,0.00
i74,e12,c5,p32,l3,0.00
i74,e12,c5,p35,l3,0.00
i75,e01,c1,p35,l3,0.00
i75,e04,c1,p35,l3,0.00
i75,e05,c1,p35,l3,0.00
i75,e08,c1,p35,l3,0.00
i75,e09,c1,p35,l3,0.00
i75,e11,c1,p35,l3,0.00
i76,e01,c3,p35,l3,0.00
i76,e01,c5,p01,l3,0.00
i76,e01,c5,p03,l3,0.00
i76,e01,c5,p04,l3,0.00
i76,e01,c5,p05,l3,0.00
i76,e01,c5,p06,l3,0.00
i76,e01,c5,p09,l3,0.00
i76,e01,c5,p10,l3,0.00
i76,e01,c5,p16,l3,0.00
i76,e01,c5,p18,l3,0.00
i76,e01,c5,p19,l3,0.00
i76,e01,c5,p21,l3,0.00
i76,e01,c5,p22,l3,0.00
i76,e01,c5,p23,l3,0.00
i76,e01,c5,p25,l3,0.00
i76,e01,c5,p35,l3,0.00
i76,e04,c3,p35,l3,0.00
i76,e04,c5,p01,l1,0.00
i76,e04,c5,p01,l3,0.00
i76,e04,c5,p03,l3,0.00
i76,e04,c5,p04,l1,0.00
i76,e04,c5,p04,l3,0.00
i76,e04,c5,p05,l3,0.00
i76,e04,c5,p06,l1,0.00
i76,e04,c5,p06,l3,0.00
i76,e04,c5,p09,l3,0.00
i76,e04,c5,p10,l1,0.00
i76,e04,c5,p10,l3,0.00
i76,e04,c5,p15,l3,0.00
i76,e04,c5,p16,l1,0.00
i76,e04,c5,p16,l3,0.00
i76,e04,c5,p18,l1,0.00
i76,e04,c5,p18,l3,0.00
i76,e04,c5,p19,l3,0.00
i76,e04,c5,p21,l1,0.00
i76,e04,c5,p21,l3,0.00
i76,e04,c5,p22,l1,0.00
i76,e04,c5,p22,l3,0.00
i76,e04,c5,p23,l3,0.00
i76,e04,c5,p25,l3,0.00
i76,e04,c5,p35,l1,0.00
i76,e04,c5,p35,l3,1.72
i76,e05,c5,p01,l3,0.00
i76,e05,c5,p06,l1,0.00
i76,e05,c5,p06,l3,0.00
i76,e05,c5,p19,l3,0.00
i76,e05,c5,p21,l1,0.00
i76,e05,c5,p21,l3,0.00
i76,e05,c5,p35,l1,0.00
i76,e05,c5,p35,l3,0.00
i76,e09,c3,p35,l3,0.00
i76,e09,c5,p01,l3,0.00
i76,e09,c5,p03,l3,0.00
i76,e09,c5,p04,l2,0.00
i76,e09,c5,p04,l3,0.00
i76,e09,c5,p06,l3,0.00
i76,e09,c5,p09,l3,0.00
i76,e09,c5,p10,l3,0.00
i76,e09,c5,p15,l3,0.00
i76,e09,c5,p16,l3,0.00
i76,e09,c5,p18,l2,0.00
i76,e09,c5,p18,l3,0.00
i76,e09,c5,p19,l3,0.00
i76,e09,c5,p21,l2,0.00
i76,e09,c5,p21,l3,0.00
i76,e09,c5,p25,l3,0.00
i76,e09,c5,p35,l2,0.00
i76,e09,c5,p35,l3,2.50
i77,e01,c5,p03,l3,0.00
i77,e01,c5,p04,l3,0.00
i77,e01,c5,p10,l3,0.00
i77,e01,c5,p17,l3,0.00
i77,e01,c5,p19,l3,0.00
i77,e01,c5,p35,l3,0.00
i77,e03,c5,p01,l3,0.00
i77,e03,c5,p03,l3,0.00
i77,e03,c5,p04,l3,0.00
i77,e03,c5,p07,l3,0.00
i77,e03,c5,p10,l3,0.00
i77,e03,c5,p12,l3,0.00
i77,e03,c5,p17,l3,0.00
i77,e03,c5,p19,l3,0.00
i77,e03,c5,p21,l3,0.00
i77,e03,c5,p24,l3,0.00
i77,e03,c5,p25,l3,0.00
i77,e03,c5,p32,l3,0.00
i77,e03,c5,p35,l3,0.00
i77,e04,c5,p01,l3,0.00
i77,e04,c5,p02,l3,0.00
i77,e04,c5,p04,l3,0.00
i77,e04,c5,p10,l3,0.00
i77,e04,c5,p11,l3,0.00
i77,e04,c5,p17,l3,0.00
i77,e04,c5,p19,l3,0.00
i77,e04,c5,p35,l3,0.00
i77,e05,c5,p01,l3,0.00
i77,e05,c5,p10,l1,0.00
i77,e05,c5,p10,l3,0.00
i77,e05,c5,p21,l3,0.00
i77,e05,c5,p35,l3,0.00
i77,e08,c5,p01,l3,0.00
i77,e08,c5,p02,l3,0.00
i77,e08,c5,p03,l3,0.00
i77,e08,c5,p04,l3,0.00
i77,e08,c5,p05,l3,0.00
i77,e08,c5,p10,l2,0.00
i77,e08,c5,p10,l3,0.00
i77,e08,c5,p11,l3,0.00
i77,e08,c5,p17,l3,0.00
i77,e08,c5,p18,l3,0.00
i77,e08,c5,p19,l3,0.00
i77,e08,c5,p24,l3,0.00
i77,e08,c5,p35,l3,0.00
i77,e09,c5,p01,l2,0.00
i77,e09,c5,p04,l3,0.00
i77,e09,c5,p10,l3,0.00
i77,e09,c5,p17,l3,0.00
i77,e09,c5,p19,l3,0.00
i77,e09,c5,p35,l3,0.00
i77,e12,c5,p01,l3,0.00
i77,e12,c5,p03,l3,0.00
i77,e12,c5,p10,l3,0.00
i77,e12,c5,p19,l3,0.00
i77,e12,c5,p21,l3,0.00
i77,e12,c5,p24,l3,0.00
i77,e12,c5,p35,l3,0.00
i78,e01,c1,p10,l3,0.00
i78,e01,c1,p11,l3,0.00
i78,e01,c1,p12,l3,0.00
i78,e01,c1,p13,l3,0.00
i78,e01,c1,p15,l3,0.00
i78,e01,c1,p18,l3,0.00
i78,e01,c1,p19,l3,0.00
i78,e01,c1,p20,l3,0.00
i78,e01,c1,p21,l3,0.00
i78,e01,c1,p23,l3,0.00
i78,e01,c1,p35,l3,0.00
i78,e01,c4,p12,l3,0.00
i78,e01,c4,p17,l3,0.00
i78,e01,c4,p19,l3,0.00
i78,e01,c4,p35,l3,0.00
i78,e01,c7,p35,l3,0.00
i78,e04,c1,p10,l3,0.00
i78,e04,c1,p12,l3,0.00
i78,e04,c1,p13,l3,0.00
i78,e04,c1,p15,l3,0.00
i78,e04,c1,p20,l3,0.00
i78,e04,c1,p21,l3,0.00
i78,e04,c1,p23,l3,0.00
i78,e04,c1,p35,l3,0.00
i78,e04,c4,p12,l3,0.00
i78,e04,c4,p17,l3,0.00
i78,e04,c4,p19,l3,0.00
i78,e04,c4,p35,l3,0.00
i78,e09,c1,p10,l3,0.00
i78,e09,c1,p11,l3,0.00
i78,e09,c1,p12,l3,0.00
i78,e09,c1,p13,l3,0.00
i78,e09,c1,p15,l3,0.00
i78,e09,c1,p20,l3,0.00
i78,e09,c1,p21,l3,0.00
i78,e09,c1,p23,l3,0.00
i78,e09,c1,p35,l3,0.00
i78,e09,c4,p12,l3,0.00
i78,e09,c4,p17,l3,0.00
i78,e09,c4,p19,l3,0.00
i78,e09,c4,p35,l3,0.00
i78,e09,c7,p35,l3,0.00
i79,e01,c1,p01,l3,0.00
i79,e01,c1,p02,l3,0.00
i79,e01,c1,p03,l3,0.00
i79,e01,c1,p04,l3,0.00
i79,e01,c1,p05,l3,0.00
i79,e01,c1,p07,l3,0.00
i79,e01,c1,p08,l3,0.00
i79,e01,c1,p10,l3,0.00
i79,e01,c1,p12,l3,0.00
i79,e01,c1,p19,l3,0.00
i79,e01,c1,p20,l3,0.00
i79,e01,c1,p21,l3,0.00
i79,e01,c1,p23,l3,0.00
i79,e01,c1,p24,l3,0.00
i79,e01,c1,p29,l3,0.00
i79,e01,c4,p12,l3,0.00
i79,e01,c4,p14,l3,0.00
i79,e03,c1,p01,l3,0.00
i79,e03,c1,p02,l3,0.00
i79,e03,c1,p03,l3,0.00
i79,e03,c1,p04,l3,0.00
i79,e03,c1,p05,l3,0.00
i79,e03,c1,p06,l3,0.00
i79,e03,c1,p07,l3,0.00
i79,e03,c1,p08,l3,0.00
i79,e03,c1,p10,l3,0.00
i79,e03,c1,p11,l3,0.00
i79,e03,c1,p12,l3,0.00
i79,e03,c1,p13,l3,0.00
i79,e03,c1,p14,l3,0.00
i79,e03,c1,p15,l3,0.00
i79,e03,c1,p16,l3,0.00
i79,e03,c1,p17,l3,0.00
i79,e03,c1,p19,l3,0.00
i79,e03,c1,p20,l3,0.00
i79,e03,c1,p21,l3,0.00
i79,e03,c1,p22,l3,0.00
i79,e03,c1,p24,l3,0.00
i79,e03,c1,p25,l3,0.00
i79,e03,c1,p29,l3,0.00
i79,e03,c1,p35,l3,0.00
i79,e03,c4,p01,l3,0.00
i79,e03,c4,p05,l3,0.00
i79,e03,c4,p12,l3,0.00
i79,e03,c4,p15,l3,0.00
i79,e03,c4,p21,l3,0.00
i79,e04,c1,p01,l3,0.00
i79,e04,c1,p02,l3,0.00
i79,e04,c1,p04,l3,0.00
i79,e04,c1,p07,l3,0.00
i79,e04,c1,p10,l3,0.00
i79,e04,c1,p12,l3,0.00
i79,e04,c1,p18,l3,0.00
i79,e04,c1,p19,l3,0.00
i79,e04,c1,p21,l3,0.00
i79,e04,c1,p24,l3,0.00
i79,e04,c1,p29,l3,0.00
i79,e04,c4,p10,l3,0.00
i79,e04,c4,p12,l3,0.00
i79,e04,c4,p14,l3,0.00
i79,e05,c1,p07,l3,0.00
i79,e05,c1,p10,l3,0.00
i79,e05,c1,p16,l3,0.00
i79,e05,c1,p35,l3,0.00
i79,e06,c1,p01,l3,0.00
i79,e07,c1,p01,l3,0.00
i79,e07,c1,p02,l3,0.00
i79,e07,c1,p03,l3,0.00
i79,e07,c1,p04,l3,0.00
i79,e07,c1,p05,l3,0.00
i79,e07,c1,p07,l3,0.00
i79,e07,c1,p10,l3,0.00
i79,e07,c1,p11,l3,0.00
i79,e07,c1,p12,l3,0.00
i79,e07,c1,p13,l3,0.00
i79,e07,c1,p14,l3,0.00
i79,e07,c1,p15,l3,0.00
i79,e07,c1,p16,l3,0.00
i79,e07,c1,p17,l3,0.00
i79,e07,c1,p18,l3,0.00
i79,e07,c1,p19,l3,0.00
i79,e07,c1,p21,l3,0.00
i79,e07,c1,p23,l3,0.00
i79,e07,c1,p24,l3,0.00
i79,e07,c1,p25,l3,0.00
i79,e07,c1,p29,l3,0.00
i79,e07,c1,p35,l3,0.00
i79,e07,c4,p05,l3,0.00
i79,e07,c4,p12,l3,0.00
i79,e07,c4,p17,l3,0.00
i79,e08,c1,p01,l3,0.00
i79,e08,c1,p02,l3,0.00
i79,e08,c1,p03,l3,0.00
i79,e08,c1,p04,l3,0.00
i79,e08,c1,p05,l3,0.00
i79,e08,c1,p07,l3,0.00
i79,e08,c1,p10,l3,0.00
i79,e08,c1,p11,l3,0.00
i79,e08,c1,p12,l3,0.00
i79,e08,c1,p13,l3,0.00
i79,e08,c1,p15,l3,0.00
i79,e08,c1,p17,l3,0.00
i79,e08,c1,p19,l3,0.00
i79,e08,c1,p21,l3,0.00
i79,e08,c1,p24,l3,0.00
i79,e08,c1,p29,l3,0.00
i79,e08,c1,p35,l3,0.00
i79,e08,c4,p05,l3,0.00
i79,e08,c4,p12,l3,0.00
i79,e09,c1,p01,l3,0.00
i79,e09,c1,p02,l3,0.00
i79,e09,c1,p03,l3,0.00
i79,e09,c1,p05,l3,0.00
i79,e09,c1,p07,l3,0.00
i79,e09,c1,p10,l3,0.00
i79,e09,c1,p12,l3,0.00
i79,e09,c1,p13,l3,0.00
i79,e09,c1,p18,l3,0.00
i79,e09,c1,p19,l3,0.00
i79,e09,c1,p20,l3,0.00
i79,e09,c1,p21,l3,0.00
i79,e09,c1,p23,l3,0.00
i79,e09,c1,p24,l3,0.00
i79,e09,c1,p29,l3,0.00
i79,e09,c1,p35,l3,0.00
i79,e09,c4,p10,l3,0.00
i79,e09,c4,p12,l3,0.00
i79,e09,c4,p14,l3,0.00
i79,e11,c1,p01,l3,0.00
i79,e11,c1,p02,l3,0.00
i79,e11,c1,p03,l3,0.00
i79,e11,c1,p04,l3,0.00
i79,e11,c1,p05,l3,0.00
i79,e11,c1,p06,l3,0.00
i79,e11,c1,p07,l3,0.00
i79,e11,c1,p10,l3,0.00
i79,e11,c1,p11,l3,0.00
i79,e11,c1,p12,l3,0.00
i79,e11,c1,p13,l3,0.00
i79,e11,c1,p15,l3,0.00
i79,e11,c1,p16,l3,0.00
i79,e11,c1,p17,l3,0.00
i79,e11,c1,p18,l3,0.00
i79,e11,c1,p19,l3,0.00
i79,e11,c1,p21,l3,0.00
i79,e11,c1,p23,l3,0.00
i79,e11,c1,p24,l3,0.00
i79,e11,c1,p25,l3,0.00
i79,e11,c1,p29,l3,0.00
i79,e11,c1,p35,l3,0.00
i79,e11,c4,p12,l3,0.00
i79,e12,c1,p01,l3,0.00
i79,e12,c1,p02,l3,0.00
i79,e12,c1,p03,l3,0.00
i79,e12,c1,p04,l3,0.00
i79,e12,c1,p05,l3,0.00
i79,e12,c1,p07,l3,0.00
i79,e12,c1,p10,l3,0.00
i79,e12,c1,p11,l3,0.00
i79,e12,c1,p12,l3,0.00
i79,e12,c1,p13,l3,0.00
i79,e12,c1,p19,l3,0.00
i79,e12,c1,p21,l3,0.00
i79,e12,c1,p24,l3,0.00
i79,e12,c1,p29,l3,0.00
i79,e12,c4,p12,l3,0.00
i80,e01,c3,p35,l3,1.42
i80,e01,c5,p35,l3,0.00
i80,e04,c3,p35,l1,0.00
i80,e04,c3,p35,l3,5.36
i80,e05,c3,p10,l3,0.00
i80,e05,c3,p35,l1,0.00
i80,e05,c3,p35,l3,0.00
i80,e09,c3,p35,l2,0.00
i80,e09,c3,p35,l3,1.71
i80,e09,c5,p35,l3,0.00
i81,e01,c5,p01,l3,0.00
i81,e01,c5,p03,l3,0.00
i81,e01,c5,p04,l3,0.00
i81,e01,c5,p10,l3,0.00
i81,e01,c5,p15,l3,0.00
i81,e01,c5,p16,l3,0.00
i81,e01,c5,p18,l3,0.00
i81,e01,c5,p19,l3,0.00
i81,e01,c5,p21,l3,0.00
i81,e01,c5,p22,l3,0.00
i81,e01,c5,p23,l3,0.00
i81,e01,c5,p35,l3,0.00
i81,e04,c5,p01,l3,0.00
i81,e04,c5,p03,l3,0.00
i81,e04,c5,p04,l3,0.00
i81,e04,c5,p06,l3,0.00
i81,e04,c5,p07,l3,0.00
i81,e04,c5,p09,l3,0.00
i81,e04,c5,p10,l3,0.00
i81,e04,c5,p12,l3,0.00
i81,e04,c5,p15,l3,0.00
i81,e04,c5,p16,l3,0.00
i81,e04,c5,p18,l3,0.00
i81,e04,c5,p19,l3,0.00
i81,e04,c5,p21,l3,0.00
i81,e04,c5,p22,l3,0.00
i81,e04,c5,p23,l3,0.00
i81,e04,c5,p35,l3,0.00
i81,e05,c5,p01,l3,0.00
i81,e05,c5,p03,l3,0.00
i81,e05,c5,p04,l3,0.00
i81,e05,c5,p10,l3,0.00
i81,e05,c5,p13,l3,0.00
i81,e05,c5,p16,l3,0.00
i81,e05,c5,p17,l3,0.00
i81,e05,c5,p19,l3,0.00
i81,e05,c5,p21,l3,0.00
i81,e05,c5,p22,l3,0.00
i81,e05,c5,p23,l3,0.00
i81,e05,c5,p35,l3,1.71
i81,e09,c5,p03,l3,0.00
i81,e09,c5,p04,l3,0.00
i81,e09,c5,p10,l3,0.00
i81,e09,c5,p15,l3,0.00
i81,e09,c5,p16,l3,0.00
i81,e09,c5,p18,l3,0.00
i81,e09,c5,p19,l3,0.00
i81,e09,c5,p21,l3,0.00
i81,e09,c5,p22,l3,0.00
i81,e09,c5,p23,l3,0.00
i81,e09,c5,p35,l3,0.00
i82,e01,c1,p35,l3,0.00
i82,e01,c4,p35,l3,0.00
i82,e04,c1,p35,l1,0.00
i82,e04,c1,p35,l3,0.00
i82,e04,c4,p35,l1,0.00
i82,e04,c4,p35,l3,0.00
i82,e05,c1,p35,l1,0.00
i82,e05,c1,p35,l3,0.00
i82,e05,c4,p35,l3,0.00
i82,e09,c1,p35,l2,0.00
i82,e09,c1,p35,l3,0.00
i82,e09,c4,p35,l2,0.00
i82,e09,c4,p35,l3,0.00
i83,e01,c3,p03,l3,0.00
i83,e01,c3,p10,l3,0.00
i83,e01,c3,p35,l3,0.00
i83,e04,c3,p03,l3,0.00
i83,e04,c3,p10,l1,0.00
i83,e04,c3,p10,l3,0.00
i83,e04,c3,p35,l1,0.00
i83,e04,c3,p35,l3,0.00
i83,e05,c3,p10,l3,0.00
i83,e05,c3,p35,l3,0.00
i83,e09,c3,p03,l3,0.00
i83,e09,c3,p10,l2,0.00
i83,e09,c3,p10,l3,0.00
i83,e09,c3,p35,l2,0.00
i83,e09,c3,p35,l3,0.00
i84,e01,c1,p35,l3,0.00
i84,e04,c1,p35,l3,0.00
i84,e05,c1,p35,l3,0.00
i84,e08,c1,p35,l3,0.00
i84,e09,c1,p35,l3,0.00
i84,e11,c1,p35,l3,0.00
i85,e01,c3,p01,l3,0.00
i85,e01,c3,p05,l3,0.00
i85,e01,c3,p06,l3,0.00
i85,e01,c3,p07,l3,0.00
i85,e01,c3,p10,l3,0.00
i85,e01,c3,p11,l3,0.00
i85,e01,c3,p12,l3,0.00
i85,e01,c3,p13,l3,0.00
i85,e01,c3,p14,l3,0.00
i85,e01,c3,p15,l3,0.00
i85,e01,c3,p16,l3,0.00
i85,e01,c3,p17,l3,0.00
i85,e01,c3,p18,l3,0.00
i85,e01,c3,p19,l3,0.00
i85,e01,c3,p21,l3,0.00
i85,e01,c3,p24,l3,0.00
i85,e01,c3,p29,l3,0.00
i85,e01,c3,p30,l3,0.00
i85,e01,c3,p35,l3,0.00
i85,e01,c5,p01,l3,0.00
i85,e01,c5,p02,l3,0.00
i85,e01,c5,p03,l3,0.00
i85,e01,c5,p04,l3,0.00
i85,e01,c5,p05,l3,0.00
i85,e01,c5,p06,l3,0.00
i85,e01,c5,p07,l3,0.00
i85,e01,c5,p08,l3,0.00
i85,e01,c5,p09,l3,0.00
i85,e01,c5,p10,l3,0.00
i85,e01,c5,p11,l3,0.00
i85,e01,c5,p12,l3,0.00
i85,e01,c5,p13,l3,0.00
i85,e01,c5,p14,l3,0.00
i85,e01,c5,p15,l3,0.00
i85,e01,c5,p16,l3,0.00
i85,e01,c5,p17,l3,0.00
i85,e01,c5,p18,l3,0.00
i85,e01,c5,p19,l3,0.00
i85,e01,c5,p21,l3,0.00
i85,e01,c5,p22,l3,0.00
i85,e01,c5,p23,l3,0.00
i85,e01,c5,p24,l3,0.00
i85,e01,c5,p25,l3,0.00
i85,e01,c5,p26,l3,0.00
i85,e01,c5,p28,l3,0.00
i85,e01,c5,p29,l3,0.00
i85,e01,c5,p35,l3,0.00
i85,e04,c3,p01,l3,0.00
i85,e04,c3,p02,l1,0.00
i85,e04,c3,p02,l3,0.00
i85,e04,c3,p03,l1,0.00
i85,e04,c3,p03,l3,0.00
i85,e04,c3,p04,l1,0.00
i85,e04,c3,p04,l3,0.00
i85,e04,c3,p05,l3,0.00
i85,e04,c3,p06,l3,0.00
i85,e04,c3,p07,l1,0.00
i85,e04,c3,p07,l3,0.00
i85,e04,c3,p08,l3,0.00
i85,e04,c3,p09,l1,0.00
i85,e04,c3,p09,l3,0.00
i85,e04,c3,p10,l1,0.00
i85,e04,c3,p10,l3,0.00
i85,e04,c3,p11,l1,0.00
i85,e04,c3,p11,l3,0.00
i85,e04,c3,p12,l1,0.00
i85,e04,c3,p12,l3,0.00
i85,e04,c3,p13,l1,0.00
i85,e04,c3,p13,l3,0.00
i85,e04,c3,p14,l1,0.00
i85,e04,c3,p14,l3,0.00
i85,e04,c3,p15,l1,0.00
i85,e04,c3,p15,l3,0.00
i85,e04,c3,p16,l1,0.00
i85,e04,c3,p17,l1,0.00
i85,e04,c3,p17,l3,0.00
i85,e04,c3,p18,l1,0.00
i85,e04,c3,p19,l1,0.00
i85,e04,c3,p19,l3,0.00
i85,e04,c3,p21,l1,0.00
i85,e04,c3,p21,l3,0.00
i85,e04,c3,p22,l1,0.00
i85,e04,c3,p22,l3,0.00
i85,e04,c3,p24,l1,0.00
i85,e04,c3,p24,l3,1.25
i85,e04,c3,p28,l1,0.00
i85,e04,c3,p28,l3,0.00
i85,e04,c3,p29,l1,0.00
i85,e04,c3,p29,l3,0.00
i85,e04,c3,p35,l1,0.00
i85,e04,c3,p35,l3,0.00
i85,e04,c5,p01,l1,0.00
i85,e04,c5,p01,l3,0.00
i85,e04,c5,p02,l1,0.00
i85,e04,c5,p02,l3,0.00
i85,e04,c5,p03,l1,0.00
i85,e04,c5,p03,l3,0.00
i85,e04,c5,p04,l1,0.00
i85,e04,c5,p04,l3,0.00
i85,e04,c5,p05,l1,0.00
i85,e04,c5,p05,l3,0.00
i85,e04,c5,p06,l1,0.00
i85,e04,c5,p07,l1,0.00
i85,e04,c5,p07,l3,0.00
i85,e04,c5,p09,l1,0.00
i85,e04,c5,p09,l3,0.00
i85,e04,c5,p10,l1,0.00
i85,e04,c5,p10,l3,0.00
i85,e04,c5,p11,l1,0.00
i85,e04,c5,p11,l3,0.00
i85,e04,c5,p12,l1,0.00
i85,e04,c5,p12,l3,0.00
i85,e04,c5,p13,l1,0.00
i85,e04,c5,p13,l3,0.00
i85,e04,c5,p14,l1,0.00
i85,e04,c5,p14,l3,0.00
i85,e04,c5,p15,l1,0.00
i85,e04,c5,p15,l3,0.00
i85,e04,c5,p16,l1,0.00
i85,e04,c5,p16,l3,0.00
i85,e04,c5,p17,l1,0.00
i85,e04,c5,p17,l3,0.00
i85,e04,c5,p18,l1,0.00
i85,e04,c5,p18,l3,0.00
i85,e04,c5,p19,l1,0.00
i85,e04,c5,p19,l3,0.00
i85,e04,c5,p20,l1,0.00
i85,e04,c5,p21,l1,0.00
i85,e04,c5,p21,l3,0.00
i85,e04,c5,p22,l1,0.00
i85,e04,c5,p22,l3,0.00
i85,e04,c5,p23,l1,0.00
i85,e04,c5,p24,l1,0.00
i85,e04,c5,p24,l3,0.00
i85,e04,c5,p25,l3,0.00
i85,e04,c5,p28,l1,0.00
i85,e04,c5,p28,l3,0.00
i85,e04,c5,p29,l1,0.00
i85,e04,c5,p29,l3,0.00
i85,e04,c5,p31,l1,0.00
i85,e04,c5,p32,l1,0.00
i85,e04,c5,p32,l3,0.00
i85,e04,c5,p35,l1,0.00
i85,e04,c5,p35,l3,0.00
i85,e09,c3,p01,l2,0.00
i85,e09,c3,p07,l2,0.00
i85,e09,c3,p07,l3,0.00
i85,e09,c3,p08,l3,0.00
i85,e09,c3,p10,l2,0.00
i85,e09,c3,p10,l3,0.00
i85,e09,c3,p11,l2,0.00
i85,e09,c3,p11,l3,0.00
i85,e09,c3,p13,l2,0.00
i85,e09,c3,p15,l2,0.00
i85,e09,c3,p15,l3,0.00
i85,e09,c3,p16,l2,0.00
i85,e09,c3,p16,l3,0.00
i85,e09,c3,p17,l3,0.00
i85,e09,c3,p18,l2,0.00
i85,e09,c3,p19,l2,0.00
i85,e09,c3,p21,l2,0.00
i85,e09,c3,p21,l3,0.00
i85,e09,c3,p22,l2,0.00
i85,e09,c3,p23,l3,0.00
i85,e09,c3,p24,l3,0.00
i85,e09,c3,p29,l2,0.00
i85,e09,c3,p29,l3,0.00
i85,e09,c3,p35,l2,0.00
i85,e09,c3,p35,l3,0.00
i85,e09,c5,p01,l3,0.00
i85,e09,c5,p04,l2,0.00
i85,e09,c5,p05,l2,0.00
i85,e09,c5,p05,l3,0.00
i85,e09,c5,p06,l2,0.00
i85,e09,c5,p06,l3,0.00
i85,e09,c5,p07,l2,0.00
i85,e09,c5,p07,l3,0.00
i85,e09,c5,p08,l3,0.00
i85,e09,c5,p09,l2,0.00
i85,e09,c5,p09,l3,0.00
i85,e09,c5,p10,l2,0.00
i85,e09,c5,p10,l3,0.00
i85,e09,c5,p11,l2,0.00
i85,e09,c5,p11,l3,0.00
i85,e09,c5,p12,l2,0.00
i85,e09,c5,p12,l3,0.00
i85,e09,c5,p13,l2,0.00
i85,e09,c5,p13,l3,0.00
i85,e09,c5,p14,l2,0.00
i85,e09,c5,p14,l3,0.00
i85,e09,c5,p15,l3,0.00
i85,e09,c5,p16,l2,0.00
i85,e09,c5,p16,l3,0.00
i85,e09,c5,p17,l2,0.00
i85,e09,c5,p17,l3,0.00
i85,e09,c5,p18,l2,0.00
i85,e09,c5,p18,l3,0.00
i85,e09,c5,p19,l2,0.00
i85,e09,c5,p19,l3,0.00
i85,e09,c5,p21,l2,0.00
i85,e09,c5,p21,l3,0.00
i85,e09,c5,p22,l2,0.00
i85,e09,c5,p22,l3,0.00
i85,e09,c5,p23,l2,0.00
i85,e09,c5,p23,l3,0.00
i85,e09,c5,p24,l2,0.00
i85,e09,c5,p24,l3,0.00
i85,e09,c5,p29,l3,0.00
i85,e09,c5,p31,l2,0.00
i85,e09,c5,p35,l2,0.00
i85,e09,c5,p35,l3,0.00
i86,e01,c5,p01,l3,0.00
i86,e01,c5,p02,l3,0.00
i86,e01,c5,p03,l3,0.00
i86,e01,c5,p04,l3,0.00
i86,e01,c5,p05,l3,0.00
i86,e01,c5,p06,l3,0.00
i86,e01,c5,p07,l3,0.00
i86,e01,c5,p08,l3,0.00
i86,e01,c5,p09,l3,0.00
i86,e01,c5,p10,l3,0.00
i86,e01,c5,p11,l3,0.00
i86,e01,c5,p12,l3,0.00
i86,e01,c5,p13,l3,0.00
i86,e01,c5,p16,l3,0.00
i86,e01,c5,p17,l3,0.00
i86,e01,c5,p18,l3,0.00
i86,e01,c5,p19,l3,0.00
i86,e01,c5,p21,l3,0.00
i86,e01,c5,p23,l3,0.00
i86,e01,c5,p24,l3,0.00
i86,e01,c5,p25,l3,0.00
i86,e01,c5,p28,l3,0.00
i86,e02,c5,p03,l3,0.00
i86,e02,c5,p10,l3,0.00
i86,e02,c5,p18,l3,0.00
i86,e04,c5,p01,l3,0.00
i86,e04,c5,p02,l3,0.00
i86,e04,c5,p03,l3,0.00
i86,e04,c5,p04,l3,0.00
i86,e04,c5,p05,l3,0.00
i86,e04,c5,p06,l3,0.00
i86,e04,c5,p07,l3,0.00
i86,e04,c5,p08,l3,0.00
i86,e04,c5,p10,l3,0.00
i86,e04,c5,p11,l3,0.00
i86,e04,c5,p12,l3,0.00
i86,e04,c5,p13,l3,0.00
i86,e04,c5,p14,l3,0.00
i86,e04,c5,p16,l3,0.00
i86,e04,c5,p17,l3,0.00
i86,e04,c5,p18,l3,0.00
i86,e04,c5,p19,l3,0.00
i86,e04,c5,p21,l3,0.00
i86,e04,c5,p22,l3,0.00
i86,e04,c5,p23,l3,0.00
i86,e04,c5,p24,l3,0.00
i86,e04,c5,p25,l3,0.00
i86,e04,c5,p28,l3,0.00
i86,e04,c5,p31,l3,0.00
i86,e04,c5,p35,l3,0.00
i86,e05,c5,p21,l3,0.00
i86,e08,c5,p01,l3,0.00
i86,e08,c5,p02,l3,0.00
i86,e08,c5,p03,l3,0.00
i86,e08,c5,p04,l3,0.00
i86,e08,c5,p05,l3,0.00
i86,e08,c5,p06,l3,0.00
i86,e08,c5,p07,l3,0.00
i86,e08,c5,p08,l3,0.00
i86,e08,c5,p10,l3,0.00
i86,e08,c5,p11,l3,0.00
i86,e08,c5,p12,l3,0.00
i86,e08,c5,p13,l3,0.00
i86,e08,c5,p16,l3,0.00
i86,e08,c5,p17,l3,0.00
i86,e08,c5,p19,l3,0.00
i86,e08,c5,p21,l3,0.00
i86,e08,c5,p23,l3,0.00
i86,e08,c5,p24,l3,0.00
i86,e08,c5,p25,l3,0.00
i86,e08,c5,p31,l3,0.00
i86,e08,c5,p35,l3,0.00
i86,e09,c5,p01,l3,0.00
i86,e09,c5,p02,l3,0.00
i86,e09,c5,p03,l3,0.00
i86,e09,c5,p04,l3,0.00
i86,e09,c5,p05,l3,0.00
i86,e09,c5,p07,l3,0.00
i86,e09,c5,p08,l3,0.00
i86,e09,c5,p10,l3,0.00
i86,e09,c5,p11,l3,0.00
i86,e09,c5,p12,l3,0.00
i86,e09,c5,p13,l3,0.00
i86,e09,c5,p16,l3,0.00
i86,e09,c5,p17,l3,0.00
i86,e09,c5,p18,l3,0.00
i86,e09,c5,p19,l3,0.00
i86,e09,c5,p21,l3,0.00
i86,e09,c5,p23,l3,0.00
i86,e09,c5,p24,l3,0.00
i86,e09,c5,p25,l3,0.00
i86,e11,c5,p01,l3,0.00
i86,e11,c5,p02,l3,0.00
i86,e11,c5,p04,l3,0.00
i86,e11,c5,p10,l3,0.00
i86,e11,c5,p19,l3,0.00
i86,e11,c5,p21,l3,0.00
i86,e13,c5,p01,l3,0.00
i86,e13,c5,p03,l3,0.00
i86,e13,c5,p04,l3,0.00
i86,e13,c5,p05,l3,0.00
i86,e13,c5,p06,l3,0.00
i86,e13,c5,p07,l3,0.00
i86,e13,c5,p09,l3,0.00
i86,e13,c5,p10,l3,0.00
i86,e13,c5,p11,l3,0.00
i86,e13,c5,p12,l3,0.00
i86,e13,c5,p13,l3,0.00
i86,e13,c5,p14,l3,0.00
i86,e13,c5,p15,l3,0.00
i86,e13,c5,p16,l3,0.00
i86,e13,c5,p17,l3,0.00
i86,e13,c5,p18,l3,0.00
i86,e13,c5,p19,l3,0.00
i86,e13,c5,p21,l3,0.00
i86,e13,c5,p22,l3,0.00
i86,e13,c5,p23,l3,0.00
i86,e13,c5,p24,l3,0.00
i86,e13,c5,p25,l3,0.00
i86,e13,c5,p28,l3,0.00
i86,e13,c5,p31,l3,0.00
i87,e01,c3,p35,l3,0.00
i87,e01,c5,p01,l3,0.00
i87,e01,c5,p02,l3,0.00
i87,e01,c5,p03,l3,0.00
i87,e01,c5,p05,l3,0.00
i87,e01,c5,p06,l3,0.00
i87,e01,c5,p07,l3,0.00
i87,e01,c5,p08,l3,0.00
i87,e01,c5,p09,l3,0.00
i87,e01,c5,p10,l3,0.00
i87,e01,c5,p11,l3,0.00
i87,e01,c5,p12,l3,0.00
i87,e01,c5,p13,l3,0.00
i87,e01,c5,p15,l3,0.00
i87,e01,c5,p16,l3,0.00
i87,e01,c5,p17,l3,0.00
i87,e01,c5,p18,l3,0.00
i87,e01,c5,p19,l3,0.00
i87,e01,c5,p20,l3,0.00
i87,e01,c5,p21,l3,0.00
i87,e01,c5,p22,l3,0.00
i87,e01,c5,p23,l3,0.00
i87,e01,c5,p24,l3,0.00
i87,e01,c5,p25,l3,0.00
i87,e01,c5,p28,l3,0.00
i87,e01,c5,p29,l3,0.00
i87,e01,c5,p31,l3,0.00
i87,e01,c5,p32,l3,0.00
i87,e01,c5,p35,l3,0.00
i87,e04,c3,p35,l3,0.00
i87,e04,c5,p01,l3,0.00
i87,e04,c5,p02,l3,0.00
i87,e04,c5,p03,l3,0.00
i87,e04,c5,p04,l3,0.00
i87,e04,c5,p05,l3,0.00
i87,e04,c5,p06,l3,0.00
i87,e04,c5,p07,l3,0.00
i87,e04,c5,p08,l3,0.00
i87,e04,c5,p10,l3,0.00
i87,e04,c5,p11,l3,0.00
i87,e04,c5,p12,l3,0.00
i87,e04,c5,p13,l3,0.00
i87,e04,c5,p14,l3,0.00
i87,e04,c5,p15,l3,0.00
i87,e04,c5,p16,l3,0.00
i87,e04,c5,p17,l3,0.00
i87,e04,c5,p18,l3,0.00
i87,e04,c5,p19,l3,0.00
i87,e04,c5,p20,l3,0.00
i87,e04,c5,p21,l3,0.00
i87,e04,c5,p22,l3,0.00
i87,e04,c5,p23,l3,0.00
i87,e04,c5,p24,l3,0.00
i87,e04,c5,p25,l3,0.00
i87,e04,c5,p28,l3,0.00
i87,e04,c5,p29,l3,0.00
i87,e04,c5,p32,l3,0.00
i87,e04,c5,p35,l3,0.00
i87,e05,c5,p01,l3,0.00
i87,e05,c5,p03,l3,0.00
i87,e05,c5,p06,l3,0.00
i87,e05,c5,p07,l3,0.00
i87,e05,c5,p08,l3,0.00
i87,e05,c5,p10,l3,0.00
i87,e05,c5,p11,l3,0.00
i87,e05,c5,p12,l3,0.00
i87,e05,c5,p14,l3,0.00
i87,e05,c5,p15,l3,0.00
i87,e05,c5,p16,l3,0.00
i87,e05,c5,p17,l3,0.00
i87,e05,c5,p18,l3,0.00
i87,e05,c5,p19,l3,0.00
i87,e05,c5,p20,l3,0.00
i87,e05,c5,p21,l3,0.00
i87,e05,c5,p22,l3,0.00
i87,e05,c5,p23,l3,0.00
i87,e05,c5,p24,l3,0.00
i87,e05,c5,p28,l3,0.00
i87,e05,c5,p29,l3,0.00
i87,e05,c5,p35,l3,0.00
i87,e09,c5,p01,l3,0.00
i87,e09,c5,p03,l3,0.00
i87,e09,c5,p05,l3,0.00
i87,e09,c5,p06,l3,0.00
i87,e09,c5,p07,l3,0.00
i87,e09,c5,p08,l3,0.00
i87,e09,c5,p10,l3,0.00
i87,e09,c5,p11,l3,0.00
i87,e09,c5,p12,l3,0.00
i87,e09,c5,p14,l3,0.00
i87,e09,c5,p15,l3,0.00
i87,e09,c5,p16,l3,0.00
i87,e09,c5,p17,l3,0.00
i87,e09,c5,p18,l3,0.00
i87,e09,c5,p19,l3,0.00
i87,e09,c5,p20,l3,0.00
i87,e09,c5,p21,l3,0.00
i87,e09,c5,p22,l3,0.00
i87,e09,c5,p23,l3,0.00
i87,e09,c5,p24,l3,0.00
i87,e09,c5,p25,l3,0.00
i87,e09,c5,p28,l3,0.00
i87,e09,c5,p29,l3,0.00
i87,e09,c5,p32,l3,0.00
i87,e09,c5,p35,l3,0.00
i88,e01,c1,p35,l3,0.00
i88,e01,c4,p35,l3,0.00
i88,e04,c1,p35,l3,4.50
i88,e05,c1,p35,l3,0.00
i88,e08,c1,p35,l3,0.00
i88,e09,c1,p35,l3,1.22
i88,e09,c4,p35,l3,0.00
i88,e11,c1,p35,l3,1.41
i88,e11,c4,p35,l3,0.00
i89,e01,c1,p01,l3,0.00
i89,e01,c1,p02,l3,0.00
i89,e01,c1,p03,l3,0.00
i89,e01,c1,p04,l3,0.00
i89,e01,c1,p05,l3,0.00
i89,e01,c1,p06,l3,0.00
i89,e01,c1,p07,l3,0.00
i89,e01,c1,p08,l3,0.00
i89,e01,c1,p09,l3,0.00
i89,e01,c1,p10,l3,0.00
i89,e01,c1,p11,l3,0.00
i89,e01,c1,p12,l3,0.00
i89,e01,c1,p13,l3,0.00
i89,e01,c1,p14,l3,0.00
i89,e01,c1,p15,l3,0.00
i89,e01,c1,p16,l3,0.00
i89,e01,c1,p17,l3,0.00
i89,e01,c1,p18,l3,0.00
i89,e01,c1,p19,l3,0.00
i89,e01,c1,p20,l3,0.00
i89,e01,c1,p21,l3,0.00
i89,e01,c1,p22,l3,0.00
i89,e01,c1,p23,l3,0.00
i89,e01,c1,p24,l3,0.00
i89,e01,c1,p25,l3,0.00
i89,e01,c1,p26,l3,0.00
i89,e01,c1,p28,l3,0.00
i89,e01,c1,p29,l3,0.00
i89,e01,c1,p30,l3,0.00
i89,e01,c1,p31,l3,0.00
i89,e01,c1,p32,l3,0.00
i89,e01,c1,p33,l3,0.00
i89,e01,c1,p35,l3,0.00
i89,e01,c4,p01,l3,0.00
i89,e01,c4,p02,l3,0.00
i89,e01,c4,p03,l3,0.00
i89,e01,c4,p04,l3,0.00
i89,e01,c4,p05,l3,0.00
i89,e01,c4,p07,l3,0.00
i89,e01,c4,p09,l3,0.00
i89,e01,c4,p10,l3,0.00
i89,e01,c4,p13,l3,0.00
i89,e01,c4,p14,l3,0.00
i89,e01,c4,p15,l3,0.00
i89,e01,c4,p18,l3,0.00
i89,e01,c4,p19,l3,0.00
i89,e01,c4,p21,l3,0.00
i89,e01,c4,p22,l3,0.00
i89,e01,c4,p23,l3,0.00
i89,e01,c4,p24,l3,0.00
i89,e01,c4,p25,l3,0.00
i89,e01,c4,p32,l3,0.00
i89,e01,c4,p35,l3,0.00
i89,e01,c7,p19,l3,0.00
i89,e04,c1,p01,l1,0.00
i89,e04,c1,p01,l3,0.00
i89,e04,c1,p02,l1,0.00
i89,e04,c1,p02,l3,0.00
i89,e04,c1,p03,l1,0.00
i89,e04,c1,p03,l3,0.00
i89,e04,c1,p04,l1,0.00
i89,e04,c1,p04,l3,0.00
i89,e04,c1,p05,l1,0.00
i89,e04,c1,p05,l3,0.00
i89,e04,c1,p06,l3,0.00
i89,e04,c1,p07,l1,0.00
i89,e04,c1,p07,l3,0.00
i89,e04,c1,p08,l1,0.00
i89,e04,c1,p08,l3,0.00
i89,e04,c1,p09,l1,0.00
i89,e04,c1,p09,l3,0.00
i89,e04,c1,p10,l1,0.00
i89,e04,c1,p10,l3,0.00
i89,e04,c1,p11,l1,0.00
i89,e04,c1,p11,l3,0.00
i89,e04,c1,p12,l1,0.00
i89,e04,c1,p12,l3,0.00
i89,e04,c1,p13,l1,0.00
i89,e04,c1,p13,l3,0.00
i89,e04,c1,p14,l1,0.00
i89,e04,c1,p14,l3,0.00
i89,e04,c1,p15,l1,0.00
i89,e04,c1,p15,l3,0.00
i89,e04,c1,p16,l1,0.00
i89,e04,c1,p16,l3,0.00
i89,e04,c1,p17,l1,0.00
i89,e04,c1,p17,l3,0.00
i89,e04,c1,p18,l1,0.00
i89,e04,c1,p18,l3,0.00
i89,e04,c1,p19,l1,0.00
i89,e04,c1,p19,l3,0.00
i89,e04,c1,p20,l1,0.00
i89,e04,c1,p20,l3,0.00
i89,e04,c1,p21,l1,0.00
i89,e04,c1,p21,l3,0.00
i89,e04,c1,p22,l1,0.00
i89,e04,c1,p22,l3,0.00
i89,e04,c1,p23,l1,0.00
i89,e04,c1,p23,l3,0.00
i89,e04,c1,p24,l1,0.00
i89,e04,c1,p24,l3,0.00
i89,e04,c1,p25,l1,0.00
i89,e04,c1,p25,l3,0.00
i89,e04,c1,p26,l3,0.00
i89,e04,c1,p28,l1,0.00
i89,e04,c1,p28,l3,0.00
i89,e04,c1,p29,l1,0.00
i89,e04,c1,p29,l3,0.00
i89,e04,c1,p30,l3,0.00
i89,e04,c1,p31,l1,0.00
i89,e04,c1,p31,l3,0.00
i89,e04,c1,p32,l1,0.00
i89,e04,c1,p32,l3,0.00
i89,e04,c1,p33,l3,0.00
i89,e04,c1,p35,l1,0.00
i89,e04,c1,p35,l3,0.00
i89,e04,c4,p01,l3,0.00
i89,e04,c4,p02,l1,0.00
i89,e04,c4,p03,l1,0.00
i89,e04,c4,p07,l3,0.00
i89,e04,c4,p08,l1,0.00
i89,e04,c4,p09,l3,0.00
i89,e04,c4,p10,l1,0.00
i89,e04,c4,p10,l3,0.00
i89,e04,c4,p13,l3,0.00
i89,e04,c4,p14,l3,0.00
i89,e04,c4,p15,l1,0.00
i89,e04,c4,p15,l3,0.00
i89,e04,c4,p18,l3,0.00
i89,e04,c4,p19,l3,0.00
i89,e04,c4,p21,l3,0.00
i89,e04,c4,p22,l3,0.00
i89,e04,c4,p23,l3,0.00
i89,e04,c4,p24,l3,0.00
i89,e04,c4,p25,l1,0.00
i89,e04,c4,p35,l1,0.00
i89,e04,c4,p35,l3,0.00
i89,e04,c7,p19,l3,0.00
i89,e05,c1,p01,l3,0.00
i89,e05,c1,p02,l3,0.00
i89,e05,c1,p03,l3,0.00
i89,e05,c1,p04,l3,0.00
i89,e05,c1,p05,l3,0.00
i89,e05,c1,p06,l3,0.00
i89,e05,c1,p07,l3,0.00
i89,e05,c1,p10,l3,0.00
i89,e05,c1,p11,l1,0.00
i89,e05,c1,p11,l3,0.00
i89,e05,c1,p12,l3,0.00
i89,e05,c1,p13,l3,0.00
i89,e05,c1,p14,l3,0.00
i89,e05,c1,p15,l3,0.00
i89,e05,c1,p16,l1,0.00
i89,e05,c1,p16,l3,0.00
i89,e05,c1,p17,l3,0.00
i89,e05,c1,p18,l3,0.00
i89,e05,c1,p19,l1,0.00
i89,e05,c1,p19,l3,0.00
i89,e05,c1,p21,l3,0.00
i89,e05,c1,p22,l3,0.00
i89,e05,c1,p23,l3,0.00
i89,e05,c1,p24,l1,0.00
i89,e05,c1,p24,l3,0.00
i89,e05,c1,p25,l3,0.00
i89,e05,c1,p28,l1,0.00
i89,e05,c1,p29,l3,0.00
i89,e05,c1,p32,l3,0.00
i89,e05,c1,p35,l1,0.00
i89,e05,c1,p35,l3,0.00
i89,e05,c4,p09,l3,0.00
i89,e05,c4,p23,l3,0.00
i89,e05,c4,p35,l3,0.00
i89,e09,c1,p01,l2,0.00
i89,e09,c1,p01,l3,0.00
i89,e09,c1,p02,l2,0.00
i89,e09,c1,p02,l3,0.00
i89,e09,c1,p03,l2,0.00
i89,e09,c1,p03,l3,0.00
i89,e09,c1,p04,l2,0.00
i89,e09,c1,p04,l3,0.00
i89,e09,c1,p05,l2,0.00
i89,e09,c1,p05,l3,0.00
i89,e09,c1,p06,l2,0.00
i89,e09,c1,p06,l3,0.00
i89,e09,c1,p07,l2,0.00
i89,e09,c1,p07,l3,0.00
i89,e09,c1,p08,l2,0.00
i89,e09,c1,p08,l3,0.00
i89,e09,c1,p09,l2,0.00
i89,e09,c1,p09,l3,0.00
i89,e09,c1,p10,l2,0.00
i89,e09,c1,p10,l3,0.00
i89,e09,c1,p11,l2,0.00
i89,e09,c1,p11,l3,0.00
i89,e09,c1,p12,l2,0.00
i89,e09,c1,p12,l3,0.00
i89,e09,c1,p13,l2,0.00
i89,e09,c1,p13,l3,0.00
i89,e09,c1,p14,l2,0.00
i89,e09,c1,p14,l3,0.00
i89,e09,c1,p15,l2,0.00
i89,e09,c1,p15,l3,0.00
i89,e09,c1,p16,l2,0.00
i89,e09,c1,p16,l3,0.00
i89,e09,c1,p17,l2,0.00
i89,e09,c1,p17,l3,0.00
i89,e09,c1,p18,l2,0.00
i89,e09,c1,p18,l3,0.00
i89,e09,c1,p19,l2,0.00
i89,e09,c1,p19,l3,0.00
i89,e09,c1,p20,l2,0.00
i89,e09,c1,p20,l3,0.00
i89,e09,c1,p21,l2,0.00
i89,e09,c1,p21,l3,0.00
i89,e09,c1,p22,l2,0.00
i89,e09,c1,p22,l3,0.00
i89,e09,c1,p23,l2,0.00
i89,e09,c1,p23,l3,0.00
i89,e09,c1,p24,l2,0.00
i89,e09,c1,p24,l3,0.00
i89,e09,c1,p25,l2,0.00
i89,e09,c1,p25,l3,0.00
i89,e09,c1,p26,l3,0.00
i89,e09,c1,p28,l3,0.00
i89,e09,c1,p29,l2,0.00
i89,e09,c1,p29,l3,0.00
i89,e09,c1,p30,l3,0.00
i89,e09,c1,p31,l3,0.00
i89,e09,c1,p32,l2,0.00
i89,e09,c1,p32,l3,0.00
i89,e09,c1,p33,l3,0.00
i89,e09,c1,p35,l2,0.00
i89,e09,c1,p35,l3,0.00
i89,e09,c4,p01,l2,0.00
i89,e09,c4,p01,l3,0.00
i89,e09,c4,p02,l2,0.00
i89,e09,c4,p03,l2,0.00
i89,e09,c4,p03,l3,0.00
i89,e09,c4,p05,l3,0.00
i89,e09,c4,p06,l2,0.00
i89,e09,c4,p07,l3,0.00
i89,e09,c4,p08,l3,0.00
i89,e09,c4,p09,l3,0.00
i89,e09,c4,p10,l2,0.00
i89,e09,c4,p10,l3,0.00
i89,e09,c4,p13,l2,0.00
i89,e09,c4,p13,l3,0.00
i89,e09,c4,p14,l3,0.00
i89,e09,c4,p15,l3,0.00
i89,e09,c4,p17,l3,0.00
i89,e09,c4,p18,l3,0.00
i89,e09,c4,p19,l3,0.00
i89,e09,c4,p21,l3,0.00
i89,e09,c4,p22,l3,0.00
i89,e09,c4,p35,l2,0.00
i89,e09,c4,p35,l3,0.00
i89,e09,c7,p19,l3,0.00
i89,e09,c7,p35,l3,0.00
i90,e01,c1,p01,l3,0.00
i90,e01,c1,p10,l3,0.00
i90,e01,c1,p11,l3,0.00
i90,e01,c1,p12,l3,0.00
i90,e01,c1,p14,l3,0.00
i90,e01,c1,p19,l3,0.00
i90,e01,c1,p23,l3,0.00
i90,e01,c1,p24,l3,0.00
i90,e01,c1,p26,l3,0.00
i90,e01,c1,p32,l3,0.00
i90,e03,c1,p01,l3,0.00
i90,e03,c1,p02,l3,0.00
i90,e03,c1,p03,l3,0.00
i90,e03,c1,p04,l3,0.00
i90,e03,c1,p05,l3,0.00
i90,e03,c1,p06,l3,0.00
i90,e03,c1,p08,l3,0.00
i90,e03,c1,p09,l3,0.00
i90,e03,c1,p10,l3,0.00
i90,e03,c1,p11,l3,0.00
i90,e03,c1,p12,l3,0.00
i90,e03,c1,p15,l3,0.00
i90,e03,c1,p16,l3,0.00
i90,e03,c1,p17,l3,0.00
i90,e03,c1,p18,l3,0.00
i90,e03,c1,p19,l3,0.00
i90,e03,c1,p20,l3,0.00
i90,e03,c1,p21,l3,0.00
i90,e03,c1,p23,l3,0.00
i90,e03,c1,p25,l3,0.00
i90,e03,c1,p26,l3,0.00
i90,e03,c1,p28,l3,0.00
i90,e03,c1,p32,l3,0.00
i90,e03,c1,p35,l3,0.00
i90,e03,c4,p01,l3,0.00
i90,e03,c4,p19,l3,0.00
i90,e04,c1,p04,l3,0.00
i90,e04,c1,p10,l3,0.00
i90,e04,c1,p11,l3,0.00
i90,e04,c1,p12,l3,0.00
i90,e04,c1,p15,l3,0.00
i90,e04,c1,p19,l3,0.00
i90,e04,c1,p23,l3,0.00
i90,e04,c1,p24,l3,0.00
i90,e04,c1,p26,l3,0.00
i90,e04,c1,p32,l3,0.00
i90,e08,c1,p01,l3,0.00
i90,e08,c1,p04,l3,0.00
i90,e08,c1,p05,l3,0.00
i90,e08,c1,p10,l3,0.00
i90,e08,c1,p11,l3,0.00
i90,e08,c1,p12,l2,0.00
i90,e08,c1,p19,l3,0.00
i90,e08,c1,p20,l3,0.00
i90,e08,c1,p21,l3,0.00
i90,e08,c1,p23,l3,0.00
i90,e08,c1,p26,l3,0.00
i90,e08,c1,p32,l3,0.00
i90,e08,c1,p35,l3,0.00
i90,e08,c4,p01,l3,0.00
i90,e09,c1,p10,l3,0.00
i90,e09,c1,p11,l3,0.00
i90,e09,c1,p12,l3,0.00
i90,e09,c1,p19,l3,0.00
i90,e09,c1,p23,l3,0.00
i90,e09,c1,p24,l3,0.00
i90,e09,c1,p25,l3,0.00
i90,e09,c1,p26,l3,0.00
i90,e09,c1,p32,l3,0.00
i90,e09,c4,p01,l3,0.00
i90,e11,c1,p01,l3,0.00
i90,e11,c1,p05,l3,0.00
i90,e11,c1,p10,l2,0.00
i90,e11,c1,p10,l3,0.00
i90,e11,c1,p11,l3,0.00
i90,e11,c1,p12,l3,0.00
i90,e11,c1,p23,l3,0.00
i91,e01,c1,p10,l3,0.00
i91,e04,c1,p10,l3,0.00
i91,e05,c1,p10,l3,0.00
i91,e08,c1,p10,l3,0.00
i91,e09,c1,p10,l3,0.00
i91,e13,c1,p10,l3,0.00
i93,e01,c5,p10,l3,0.00
i93,e01,c5,p35,l3,0.00
i93,e02,c5,p35,l3,0.00
i93,e03,c5,p10,l3,0.00
i93,e03,c5,p35,l3,0.00
i93,e04,c5,p10,l3,0.00
i93,e04,c5,p35,l3,0.00
i93,e05,c5,p01,l3,0.00
i93,e05,c5,p10,l3,0.00
i93,e05,c5,p35,l3,0.00
i93,e08,c5,p01,l3,0.00
i93,e08,c5,p10,l3,0.00
i93,e08,c5,p35,l3,0.00
i93,e09,c5,p10,l3,0.00
i93,e10,c5,p10,l3,0.00
i93,e10,c5,p35,l3,0.00
i93,e11,c5,p01,l3,0.00
i93,e11,c5,p10,l3,0.00
i93,e11,c5,p35,l3,0.00
i93,e12,c5,p10,l3,0.00
i93,e12,c5,p35,l3,0.00
i94,e01,c1,p35,l3,0.00
i94,e04,c1,p35,l3,0.00
i94,e05,c1,p35,l3,0.00
i94,e08,c1,p35,l3,0.00
i94,e09,c1,p35,l3,0.00
i94,e11,c1,p35,l3,0.00
i94,e13,c1,p35,l3,0.00
i95,e01,c3,p35,l3,0.00
i95,e01,c5,p35,l3,0.00
i95,e02,c3,p35,l3,0.00
i95,e02,c5,p35,l3,0.00
i95,e04,c3,p35,l3,0.00
i95,e04,c5,p35,l3,0.00
i95,e05,c3,p35,l3,0.00
i95,e05,c5,p35,l3,0.00
i95,e09,c3,p35,l3,0.00
i95,e09,c5,p35,l3,0.00
i96,e01,c3,p35,l3,0.00
i96,e01,c5,p01,l3,0.00
i96,e01,c5,p03,l3,0.00
i96,e01,c5,p06,l3,0.00
i96,e01,c5,p10,l3,0.00
i96,e01,c5,p13,l3,0.00
i96,e01,c5,p14,l3,0.00
i96,e01,c5,p19,l3,0.00
i96,e01,c5,p29,l3,0.00
i96,e01,c5,p35,l3,0.00
i96,e02,c5,p21,l3,0.00
i96,e04,c3,p35,l3,0.00
i96,e04,c5,p01,l3,0.00
i96,e04,c5,p03,l3,0.00
i96,e04,c5,p05,l3,0.00
i96,e04,c5,p06,l3,0.00
i96,e04,c5,p10,l3,0.00
i96,e04,c5,p11,l3,0.00
i96,e04,c5,p12,l3,0.00
i96,e04,c5,p13,l3,0.00
i96,e04,c5,p16,l3,0.00
i96,e04,c5,p18,l3,0.00
i96,e04,c5,p19,l3,0.00
i96,e04,c5,p28,l3,0.00
i96,e04,c5,p29,l3,0.00
i96,e04,c5,p35,l3,0.00
i96,e09,c3,p35,l3,0.00
i96,e09,c5,p01,l3,0.00
i96,e09,c5,p03,l3,0.00
i96,e09,c5,p10,l3,0.00
i96,e09,c5,p12,l3,0.00
i96,e09,c5,p13,l3,0.00
i96,e09,c5,p17,l3,0.00
i96,e09,c5,p18,l3,0.00
i96,e09,c5,p19,l3,0.00
i96,e09,c5,p29,l3,0.00
i96,e09,c5,p35,l3,0.00
i97,e01,c1,p10,l3,0.00
i97,e01,c1,p12,l3,0.00
i97,e01,c1,p35,l3,0.00
i97,e04,c1,p05,l3,0.00
i97,e04,c1,p10,l1,0.00
i97,e04,c1,p10,l3,0.00
i97,e04,c1,p12,l3,0.00
i97,e04,c1,p35,l1,0.00
i97,e04,c1,p35,l3,0.00
i97,e05,c1,p10,l3,0.00
i97,e05,c1,p35,l3,0.00
i97,e08,c1,p10,l2,0.00
i97,e08,c1,p10,l3,0.00
i97,e08,c1,p12,l3,0.00
i97,e08,c1,p35,l2,0.00
i97,e08,c1,p35,l3,0.00
i97,e09,c1,p10,l2,0.00
i97,e09,c1,p10,l3,0.00
i97,e09,c1,p12,l3,0.00
i97,e09,c1,p35,l2,0.00
i97,e09,c1,p35,l3,0.00
i97,e11,c1,p10,l2,0.00
i97,e11,c1,p10,l3,0.00
i97,e11,c1,p35,l2,0.00
i97,e11,c1,p35,l3,0.00
i98,e01,c1,p10,l3,0.00
i98,e01,c1,p21,l3,0.00
i98,e04,c1,p10,l1,0.00
i98,e04,c1,p10,l3,0.00
i98,e04,c1,p11,l1,0.00
i98,e04,c1,p28,l3,0.00
i98,e05,c1,p10,l1,0.00
i98,e05,c1,p10,l3,0.00
i98,e05,c1,p35,l1,0.00
i98,e05,c1,p35,l3,0.00
i98,e09,c1,p10,l2,0.00
i98,e09,c1,p10,l3,0.00
i98,e09,c1,p11,l2,0.00
i98,e12,c1,p03,l3,0.00
i98,e12,c1,p10,l3,0.00
i98,e12,c1,p11,l3,0.00
i98,e12,c1,p12,l3,0.00
i98,e12,c1,p28,l3,0.00
i99,e01,c5,p05,l3,0.00
i99,e01,c5,p07,l3,0.00
i99,e01,c5,p10,l3,0.00
i99,e01,c5,p19,l3,0.00
i99,e01,c5,p20,l3,0.00
i99,e01,c5,p23,l3,0.00
i99,e01,c5,p24,l3,0.00
i99,e01,c5,p35,l3,0.00
i99,e04,c3,p35,l3,0.00
i99,e04,c5,p02,l3,0.00
i99,e04,c5,p05,l3,0.00
i99,e04,c5,p06,l3,0.00
i99,e04,c5,p07,l3,0.00
i99,e04,c5,p08,l3,0.00
i99,e04,c5,p10,l3,0.00
i99,e04,c5,p12,l3,0.00
i99,e04,c5,p14,l3,0.00
i99,e04,c5,p15,l3,0.00
i99,e04,c5,p18,l3,0.00
i99,e04,c5,p19,l3,0.00
i99,e04,c5,p22,l3,0.00
i99,e04,c5,p23,l3,0.00
i99,e04,c5,p24,l3,0.00
i99,e04,c5,p25,l3,0.00
i99,e04,c5,p29,l3,0.00
i99,e04,c5,p35,l3,0.00
i99,e05,c3,p03,l3,0.00
i99,e05,c3,p07,l1,0.00
i99,e05,c3,p19,l3,0.00
i99,e05,c3,p35,l1,0.00
i99,e05,c3,p35,l3,0.00
i99,e05,c5,p01,l3,0.00
i99,e05,c5,p02,l3,0.00
i99,e05,c5,p03,l1,0.00
i99,e05,c5,p03,l3,0.00
i99,e05,c5,p04,l1,0.00
i99,e05,c5,p04,l3,0.00
i99,e05,c5,p05,l1,0.00
i99,e05,c5,p05,l3,0.00
i99,e05,c5,p06,l3,0.00
i99,e05,c5,p07,l1,0.00
i99,e05,c5,p07,l3,0.00
i99,e05,c5,p08,l3,0.00
i99,e05,c5,p09,l3,0.00
i99,e05,c5,p10,l1,0.00
i99,e05,c5,p10,l3,0.00
i99,e05,c5,p11,l3,0.00
i99,e05,c5,p12,l3,0.00
i99,e05,c5,p13,l1,0.00
i99,e05,c5,p13,l3,0.00
i99,e05,c5,p14,l3,0.00
i99,e05,c5,p15,l1,0.00
i99,e05,c5,p15,l3,0.00
i99,e05,c5,p16,l1,0.00
i99,e05,c5,p16,l3,0.00
i99,e05,c5,p17,l3,0.00
i99,e05,c5,p18,l3,0.00
i99,e05,c5,p19,l3,0.00
i99,e05,c5,p20,l3,0.00
i99,e05,c5,p21,l1,0.00
i99,e05,c5,p21,l3,0.00
i99,e05,c5,p22,l3,0.00
i99,e05,c5,p23,l3,0.00
i99,e05,c5,p24,l1,0.00
i99,e05,c5,p24,l3,0.00
i99,e05,c5,p25,l1,0.00
i99,e05,c5,p25,l3,0.00
i99,e05,c5,p28,l3,0.00
i99,e05,c5,p29,l3,0.00
i99,e05,c5,p31,l3,0.00
i99,e05,c5,p32,l3,0.00
i99,e05,c5,p35,l1,0.00
i99,e05,c5,p35,l3,0.00
i99,e09,c5,p06,l3,0.00
i99,e09,c5,p19,l3,0.00
i99,e09,c5,p21,l3,0.00
i99,e09,c5,p22,l2,0.00
i99,e09,c5,p29,l3,0.00
i99,e09,c5,p35,l2,0.00
i99,e09,c5,p35,l3,0.00
unknown,e01,c1,p01,l3,0.00
unknown,e01,c1,p02,l3,0.00
unknown,e01,c1,p03,l3,0.00
unknown,e01,c1,p05,l3,0.00
unknown,e01,c1,p06,l3,0.00
unknown,e01,c1,p07,l3,0.00
unknown,e01,c1,p08,l3,0.00
unknown,e01,c1,p10,l3,0.00
unknown,e01,c1,p11,l3,0.00
unknown,e01,c1,p12,l3,0.00
unknown,e01,c1,p13,l3,0.00
unknown,e01,c1,p15,l3,0.00
unknown,e01,c1,p16,l3,0.00
unknown,e01,c1,p17,l3,0.00
unknown,e01,c1,p18,l3,0.00
unknown,e01,c1,p19,l3,0.00
unknown,e01,c1,p20,l3,0.00
unknown,e01,c1,p21,l3,0.00
unknown,e01,c1,p22,l3,0.00
unknown,e01,c1,p23,l3,0.00
unknown,e01,c1,p24,l3,0.00
unknown,e01,c1,p28,l3,0.00
unknown,e01,c1,p29,l3,0.00
unknown,e01,c1,p35,l3,0.00
unknown,e01,c2,p35,l3,0.00
unknown,e01,c3,p10,l3,1.84
unknown,e01,c3,p35,l3,0.00
unknown,e01,c4,p05,l3,0.00
unknown,e01,c4,p08,l3,0.00
unknown,e01,c4,p10,l3,0.00
unknown,e01,c4,p22,l3,0.00
unknown,e01,c4,p24,l3,0.00
unknown,e01,c4,p35,l3,0.00
unknown,e01,c5,p04,l3,0.00
unknown,e01,c5,p10,l3,0.00
unknown,e01,c5,p19,l3,0.00
unknown,e01,c5,p33,l3,0.00
unknown,e01,c5,p35,l3,0.00
unknown,e01,c8,p35,l3,0.00
unknown,e02,c3,p01,l3,0.00
unknown,e02,c3,p10,l1,0.00
unknown,e02,c3,p10,l3,0.00
unknown,e02,c3,p35,l1,0.00
unknown,e02,c3,p35,l3,0.00
unknown,e02,c5,p10,l3,0.00
unknown,e02,c5,p35,l3,0.00
unknown,e03,c1,p10,l3,0.00
unknown,e03,c1,p35,l3,0.00
unknown,e03,c3,p10,l3,0.00
unknown,e03,c3,p35,l3,0.00
unknown,e03,c5,p03,l3,0.00
unknown,e03,c5,p10,l3,0.00
unknown,e03,c5,p19,l3,0.00
unknown,e03,c5,p33,l3,0.00
unknown,e03,c5,p35,l3,0.00
unknown,e04,c1,p01,l3,0.00
unknown,e04,c1,p02,l3,0.00
unknown,e04,c1,p06,l3,0.00
unknown,e04,c1,p07,l3,0.00
unknown,e04,c1,p10,l3,0.00
unknown,e04,c1,p12,l3,0.00
unknown,e04,c1,p13,l3,0.00
unknown,e04,c1,p17,l3,0.00
unknown,e04,c1,p19,l3,0.00
unknown,e04,c1,p22,l1,0.00
unknown,e04,c1,p22,l3,0.00
unknown,e04,c1,p24,l3,0.00
unknown,e04,c1,p35,l3,0.00
unknown,e04,c2,p35,l3,0.00
unknown,e04,c3,p01,l3,0.00
unknown,e04,c3,p10,l1,0.00
unknown,e04,c3,p10,l3,2.18
unknown,e04,c3,p35,l1,0.00
unknown,e04,c3,p35,l3,0.00
unknown,e04,c4,p10,l3,0.00
unknown,e04,c5,p04,l3,0.00
unknown,e04,c5,p05,l3,0.00
unknown,e04,c5,p10,l3,0.00
unknown,e04,c5,p19,l3,0.00
unknown,e04,c5,p33,l3,0.00
unknown,e04,c5,p35,l3,0.00
unknown,e04,c8,p10,l3,0.00
unknown,e04,c8,p35,l3,0.00
unknown,e05,c1,p01,l3,0.00
unknown,e05,c1,p02,l1,0.00
unknown,e05,c1,p02,l3,0.00
unknown,e05,c1,p03,l3,0.00
unknown,e05,c1,p07,l1,0.00
unknown,e05,c1,p07,l3,0.00
unknown,e05,c1,p09,l3,0.00
unknown,e05,c1,p10,l1,0.00
unknown,e05,c1,p10,l3,0.00
unknown,e05,c1,p11,l3,0.00
unknown,e05,c1,p12,l3,0.00
unknown,e05,c1,p13,l3,0.00
unknown,e05,c1,p14,l3,0.00
unknown,e05,c1,p15,l3,0.00
unknown,e05,c1,p18,l3,0.00
unknown,e05,c1,p22,l3,0.00
unknown,e05,c1,p35,l1,0.00
unknown,e05,c1,p35,l3,0.00
unknown,e05,c3,p01,l3,0.00
unknown,e05,c3,p03,l3,0.00
unknown,e05,c3,p07,l3,0.00
unknown,e05,c3,p10,l1,0.00
unknown,e05,c3,p10,l3,0.00
unknown,e05,c3,p11,l3,0.00
unknown,e05,c3,p21,l1,0.00
unknown,e05,c3,p21,l3,0.00
unknown,e05,c3,p28,l3,0.00
unknown,e05,c3,p35,l1,0.00
unknown,e05,c3,p35,l3,0.00
unknown,e05,c4,p11,l3,0.00
unknown,e05,c4,p21,l3,0.00
unknown,e05,c5,p01,l3,0.00
unknown,e05,c5,p03,l3,0.00
unknown,e05,c5,p10,l3,0.00
unknown,e05,c5,p11,l3,0.00
unknown,e05,c5,p19,l3,0.00
unknown,e05,c5,p25,l3,0.00
unknown,e05,c5,p28,l3,0.00
unknown,e05,c5,p35,l3,0.00
unknown,e06,c1,p09,l3,0.00
unknown,e07,c1,p02,l3,0.00
unknown,e07,c1,p10,l3,0.00
unknown,e07,c1,p13,l3,0.00
unknown,e07,c1,p19,l3,0.00
unknown,e07,c1,p35,l3,0.00
unknown,e07,c5,p10,l3,0.00
unknown,e07,c5,p35,l3,0.00
unknown,e08,c1,p01,l3,0.00
unknown,e08,c1,p02,l3,0.00
unknown,e08,c1,p03,l3,0.00
unknown,e08,c1,p04,l3,0.00
unknown,e08,c1,p05,l3,0.00
unknown,e08,c1,p07,l2,0.00
unknown,e08,c1,p07,l3,0.00
unknown,e08,c1,p10,l2,0.00
unknown,e08,c1,p10,l3,0.00
unknown,e08,c1,p11,l3,0.00
unknown,e08,c1,p12,l2,0.00
unknown,e08,c1,p12,l3,0.00
unknown,e08,c1,p13,l3,0.00
unknown,e08,c1,p15,l3,0.00
unknown,e08,c1,p16,l3,0.00
unknown,e08,c1,p19,l3,0.00
unknown,e08,c1,p20,l3,0.00
unknown,e08,c1,p21,l3,0.00
unknown,e08,c1,p23,l3,0.00
unknown,e08,c1,p24,l3,0.00
unknown,e08,c1,p29,l3,0.00
unknown,e08,c1,p33,l3,0.00
unknown,e08,c1,p35,l2,0.00
unknown,e08,c1,p35,l3,0.00
unknown,e08,c3,p01,l3,0.00
unknown,e08,c3,p03,l3,0.00
unknown,e08,c3,p10,l2,0.00
unknown,e08,c3,p10,l3,0.00
unknown,e08,c3,p35,l2,0.00
unknown,e08,c3,p35,l3,0.00
unknown,e08,c4,p35,l3,0.00
unknown,e08,c5,p03,l3,0.00
unknown,e08,c5,p04,l3,0.00
unknown,e08,c5,p10,l3,0.00
unknown,e08,c5,p19,l3,0.00
unknown,e08,c5,p33,l3,0.00
unknown,e08,c5,p35,l3,0.00
unknown,e08,c8,p10,l3,0.00
unknown,e08,c8,p35,l3,0.00
unknown,e08,unknown,p35,unknown,0.00
unknown,e09,c1,p05,l3,0.00
unknown,e09,c1,p06,l3,0.00
unknown,e09,c1,p07,l3,0.00
unknown,e09,c1,p10,l2,0.00
unknown,e09,c1,p10,l3,0.00
unknown,e09,c1,p11,l3,0.00
unknown,e09,c1,p12,l3,0.00
unknown,e09,c1,p13,l3,0.00
unknown,e09,c1,p16,l3,0.00
unknown,e09,c1,p17,l3,0.00
unknown,e09,c1,p19,l3,0.00
unknown,e09,c1,p21,l3,0.00
unknown,e09,c1,p22,l2,0.00
unknown,e09,c1,p22,l3,0.00
unknown,e09,c1,p24,l3,0.00
unknown,e09,c1,p29,l3,0.00
unknown,e09,c1,p32,l3,0.00
unknown,e09,c1,p35,l3,0.00
unknown,e09,c3,p10,l2,0.00
unknown,e09,c3,p10,l3,6.06
unknown,e09,c3,p35,l3,0.00
unknown,e09,c5,p10,l3,0.00
unknown,e09,c5,p19,l3,0.00
unknown,e09,c5,p33,l3,0.00
unknown,e09,c5,p35,l3,0.00
unknown,e09,c8,p10,l3,0.00
unknown,e09,c8,p35,l3,0.00
unknown,e10,c1,p10,l3,0.00
unknown,e10,c1,p35,l3,0.00
unknown,e10,c3,p10,l3,0.00
unknown,e10,c3,p10,l4,0.00
unknown,e10,c3,p35,l3,0.00
unknown,e10,c3,p35,l4,0.00
unknown,e10,c5,p01,l3,0.00
unknown,e10,c5,p01,unknown,0.00
unknown,e10,c5,p10,l3,0.00
unknown,e10,c5,p10,l4,0.00
unknown,e10,c5,p16,l3,0.00
unknown,e10,c5,p16,unknown,0.00
unknown,e10,c5,p18,l3,0.00
unknown,e10,c5,p19,l3,0.00
unknown,e10,c5,p25,unknown,0.00
unknown,e10,c5,p33,l3,0.00
unknown,e10,c5,p35,l3,0.00
unknown,e10,c5,p35,l4,0.00
unknown,e10,c5,p35,unknown,0.00
unknown,e10,unknown,p35,unknown,0.00
unknown,e11,c1,p01,l3,0.00
unknown,e11,c1,p02,l3,0.00
unknown,e11,c1,p03,l3,0.00
unknown,e11,c1,p10,l3,0.00
unknown,e11,c1,p11,l3,0.00
unknown,e11,c1,p13,l3,0.00
unknown,e11,c1,p17,l3,0.00
unknown,e11,c1,p19,l3,0.00
unknown,e11,c1,p21,l3,0.00
unknown,e11,c1,p23,l3,0.00
unknown,e11,c1,p35,l3,0.00
unknown,e11,c3,p10,l3,0.00
unknown,e11,c3,p35,l3,0.00
unknown,e11,c5,p10,l3,0.00
unknown,e11,c5,p19,l3,0.00
unknown,e11,c5,p35,l3,0.00
unknown,e12,c1,p01,l3,0.00
unknown,e12,c1,p02,l3,0.00
unknown,e12,c1,p03,l3,0.00
unknown,e12,c1,p04,l3,0.00
unknown,e12,c1,p09,l3,0.00
unknown,e12,c1,p10,l3,0.00
unknown,e12,c1,p11,l3,0.00
unknown,e12,c1,p12,l3,0.00
unknown,e12,c1,p13,l3,0.00
unknown,e12,c1,p14,l3,0.00
unknown,e12,c1,p15,l3,0.00
unknown,e12,c1,p18,l3,0.00
unknown,e12,c1,p19,l3,0.00
unknown,e12,c1,p20,l3,0.00
unknown,e12,c1,p21,l3,0.00
unknown,e12,c1,p24,l3,0.00
unknown,e12,c1,p35,l3,0.00
unknown,e12,c3,p10,l3,0.00
unknown,e12,c3,p35,l3,0.00
unknown,e12,c5,p10,l3,0.00
unknown,e12,c5,p19,l3,0.00
unknown,e12,c5,p35,l3,0.00
unknown,e12,c5,p35,unknown,0.00
unknown,e12,unknown,p35,unknown,0.00
unknown,e13,c1,p10,l3,0.00
unknown,e13,c5,p04,l3,0.00
unknown,e13,c5,p10,l3,0.00
unknown,e13,c5,p21,l3,0.00
unknown,e13,c5,p35,l3,0.00
