i01,e01,c1,p01,l3,0.00
i01,e01,c1,p02,l3,0.00
i01,e01,c1,p03,l3,0.00
i01,e01,c1,p04,l3,0.00
i01,e01,c1,p05,l3,0.00
i01,e01,c1,p06,l3,0.00
i01,e01,c1,p07,l3,0.00
i01,e01,c1,p08,l3,0.00
i01,e01,c1,p09,l3,0.00
i01,e01,c1,p10,l3,0.00
i01,e01,c1,p11,l3,0.00
i01,e01,c1,p12,l3,0.00
i01,e01,c1,p13,l3,0.00
i01,e01,c1,p14,l3,0.00
i01,e01,c1,p15,l3,0.00
i01,e01,c1,p16,l3,0.00
i01,e01,c1,p17,l3,0.00
i01,e01,c1,p18,l3,0.00
i01,e01,c1,p19,l3,0.00
i01,e01,c1,p20,l3,0.00
i01,e01,c1,p21,l3,0.00
i01,e01,c1,p22,l3,0.00
i01,e01,c1,p23,l3,0.00
i01,e01,c1,p24,l3,0.00
i01,e01,c1,p25,l3,0.00
i01,e01,c1,p26,l3,0.00
i01,e01,c1,p27,l3,0.00
i01,e01,c1,p28,l3,0.00
i01,e01,c1,p29,l3,0.00
i01,e01,c1,p30,l3,0.00
i01,e01,c1,p31,l3,0.00
i01,e01,c1,p32,l3,0.00
i01,e01,c1,p33,l3,0.00
i01,e01,c1,p34,l3,0.00
i01,e01,c1,p35,l3,0.00
i01,e01,c4,p01,l3,0.00
i01,e01,c4,p03,l3,0.00
i01,e01,c4,p04,l3,0.00
i01,e01,c4,p06,l3,0.00
i01,e01,c4,p07,l3,0.00
i01,e01,c4,p08,l3,0.00
i01,e01,c4,p09,l3,0.00
i01,e01,c4,p10,l3,0.00
i01,e01,c4,p11,l3,0.00
i01,e01,c4,p13,l3,0.00
i01,e01,c4,p15,l3,0.00
i01,e01,c4,p16,l3,0.00
i01,e01,c4,p17,l3,0.00
i01,e01,c4,p19,l3,0.00
i01,e01,c4,p21,l3,0.00
i01,e01,c4,p22,l3,0.00
i01,e01,c4,p23,l3,0.00
i01,e01,c4,p35,l3,0.00
i01,e01,c7,p35,l3,0.00
i01,e04,c1,p01,l1,0.00
i01,e04,c1,p01,l3,1.61
i01,e04,c1,p02,l1,0.00
i01,e04,c1,p02,l3,0.00
i01,e04,c1,p03,l1,0.00
i01,e04,c1,p03,l3,0.00
i01,e04,c1,p04,l1,0.00
i01,e04,c1,p04,l3,0.00
i01,e04,c1,p05,l1,0.00
i01,e04,c1,p05,l3,0.00
i01,e04,c1,p06,l1,0.00
i01,e04,c1,p06,l3,0.00
i01,e04,c1,p07,l1,0.00
i01,e04,c1,p07,l3,0.00
i01,e04,c1,p08,l1,0.00
i01,e04,c1,p08,l3,0.00
i01,e04,c1,p09,l1,0.00
i01,e04,c1,p09,l3,0.00
i01,e04,c1,p10,l1,0.00
i01,e04,c1,p10,l3,0.00
i01,e04,c1,p11,l1,0.00
i01,e04,c1,p11,l3,0.00
i01,e04,c1,p12,l1,0.00
i01,e04,c1,p12,l3,0.00
i01,e04,c1,p13,l1,0.00
i01,e04,c1,p13,l3,0.00
i01,e04,c1,p14,l1,0.00
i01,e04,c1,p14,l3,0.00
i01,e04,c1,p15,l1,0.00
i01,e04,c1,p15,l3,0.00
i01,e04,c1,p16,l1,0.00
i01,e04,c1,p16,l3,0.00
i01,e04,c1,p17,l1,0.00
i01,e04,c1,p17,l3,0.00
i01,e04,c1,p18,l1,0.00
i01,e04,c1,p18,l3,0.00
i01,e04,c1,p19,l1,0.00
i01,e04,c1,p19,l3,0.00
i01,e04,c1,p20,l1,0.00
i01,e04,c1,p20,l3,0.00
i01,e04,c1,p21,l1,0.00
i01,e04,c1,p21,l3,0.00
i01,e04,c1,p22,l1,0.00
i01,e04,c1,p22,l3,0.00
i01,e04,c1,p23,l1,0.00
i01,e04,c1,p23,l3,0.00
i01,e04,c1,p24,l1,0.00
i01,e04,c1,p24,l3,0.00
i01,e04,c1,p25,l1,0.00
i01,e04,c1,p25,l3,0.00
i01,e04,c1,p26,l1,0.00
i01,e04,c1,p26,l3,0.00
i01,e04,c1,p27,l3,0.00
i01,e04,c1,p28,l1,0.00
i01,e04,c1,p28,l3,0.00
i01,e04,c1,p29,l1,0.00
i01,e04,c1,p29,l3,0.00
i01,e04,c1,p30,l1,0.00
i01,e04,c1,p30,l3,0.00
i01,e04,c1,p31,l1,0.00
i01,e04,c1,p31,l3,0.00
i01,e04,c1,p32,l1,0.00
i01,e04,c1,p32,l3,0.00
i01,e04,c1,p33,l1,0.00
i01,e04,c1,p33,l3,0.00
i01,e04,c1,p34,l3,0.00
i01,e04,c1,p35,l1,0.00
i01,e04,c1,p35,l3,0.00
i01,e04,c4,p01,l1,0.00
i01,e04,c4,p01,l3,0.00
i01,e04,c4,p04,l1,0.00
i01,e04,c4,p04,l3,0.00
i01,e04,c4,p07,l3,0.00
i01,e04,c4,p08,l3,0.00
i01,e04,c4,p09,l3,0.00
i01,e04,c4,p10,l1,0.00
i01,e04,c4,p10,l3,0.00
i01,e04,c4,p11,l1,0.00
i01,e04,c4,p11,l3,0.00
i01,e04,c4,p13,l3,0.00
i01,e04,c4,p15,l3,0.00
i01,e04,c4,p16,l1,0.00
i01,e04,c4,p16,l3,0.00
i01,e04,c4,p19,l3,0.00
i01,e04,c4,p21,l3,0.00
i01,e04,c4,p22,l1,0.00
i01,e04,c4,p22,l3,0.00
i01,e04,c4,p23,l3,0.00
i01,e04,c4,p35,l1,0.00
i01,e04,c4,p35,l3,0.00
i01,e04,c7,p35,l3,0.00
i01,e05,c1,p01,l1,0.00
i01,e05,c1,p01,l3,0.00
i01,e05,c1,p02,l1,0.00
i01,e05,c1,p02,l3,0.00
i01,e05,c1,p03,l1,0.00
i01,e05,c1,p03,l3,0.00
i01,e05,c1,p04,l1,0.00
i01,e05,c1,p04,l3,0.00
i01,e05,c1,p05,l1,0.00
i01,e05,c1,p05,l3,0.00
i01,e05,c1,p06,l1,0.00
i01,e05,c1,p06,l3,0.00
i01,e05,c1,p07,l1,0.00
i01,e05,c1,p07,l3,0.00
i01,e05,c1,p08,l1,0.00
i01,e05,c1,p08,l3,0.00
i01,e05,c1,p09,l1,0.00
i01,e05,c1,p09,l3,0.00
i01,e05,c1,p10,l1,0.00
i01,e05,c1,p10,l3,0.00
i01,e05,c1,p11,l1,0.00
i01,e05,c1,p11,l3,0.00
i01,e05,c1,p12,l1,0.00
i01,e05,c1,p12,l3,0.00
i01,e05,c1,p13,l1,0.00
i01,e05,c1,p13,l3,0.00
i01,e05,c1,p14,l1,0.00
i01,e05,c1,p14,l3,0.00
i01,e05,c1,p15,l1,0.00
i01,e05,c1,p15,l3,0.00
i01,e05,c1,p16,l1,0.00
i01,e05,c1,p16,l3,0.00
i01,e05,c1,p17,l1,0.00
i01,e05,c1,p17,l3,0.00
i01,e05,c1,p18,l1,0.00
i01,e05,c1,p18,l3,0.00
i01,e05,c1,p19,l1,0.00
i01,e05,c1,p19,l3,0.00
i01,e05,c1,p20,l1,0.00
i01,e05,c1,p20,l3,0.00
i01,e05,c1,p21,l1,0.00
i01,e05,c1,p21,l3,0.00
i01,e05,c1,p22,l1,0.00
i01,e05,c1,p22,l3,0.00
i01,e05,c1,p23,l1,0.00
i01,e05,c1,p23,l3,0.00
i01,e05,c1,p24,l3,0.00
i01,e05,c1,p25,l3,0.00
i01,e05,c1,p26,l3,0.00
i01,e05,c1,p28,l1,0.00
i01,e05,c1,p28,l3,0.00
i01,e05,c1,p29,l1,0.00
i01,e05,c1,p29,l3,0.00
i01,e05,c1,p31,l1,0.00
i01,e05,c1,p31,l3,0.00
i01,e05,c1,p32,l1,0.00
i01,e05,c1,p32,l3,0.00
i01,e05,c1,p33,l3,0.00
i01,e05,c1,p35,l1,0.00
i01,e05,c1,p35,l3,0.00
i01,e05,c4,p01,l3,0.00
i01,e05,c4,p07,l1,0.00
i01,e05,c4,p12,l3,0.00
i01,e05,c4,p35,l3,0.00
i01,e06,c1,p01,l3,0.00
i01,e06,c1,p02,l3,0.00
i01,e06,c1,p03,l3,0.00
i01,e06,c1,p04,l3,0.00
i01,e06,c1,p05,l3,0.00
i01,e06,c1,p07,l3,0.00
i01,e06,c1,p08,l3,0.00
i01,e06,c1,p09,l3,0.00
i01,e06,c1,p10,l3,0.00
i01,e06,c1,p11,l3,0.00
i01,e06,c1,p12,l3,0.00
i01,e06,c1,p13,l3,0.00
i01,e06,c1,p14,l3,0.00
i01,e06,c1,p15,l3,0.00
i01,e06,c1,p16,l3,0.00
i01,e06,c1,p17,l3,0.00
i01,e06,c1,p18,l3,0.00
i01,e06,c1,p19,l3,0.00
i01,e06,c1,p21,l3,0.00
i01,e06,c1,p22,l3,0.00
i01,e06,c1,p23,l3,0.00
i01,e06,c1,p24,l3,0.00
i01,e06,c1,p25,l3,0.00
i01,e06,c1,p29,l3,0.00
i01,e06,c1,p31,l3,0.00
i01,e06,c1,p32,l3,0.00
i01,e06,c1,p35,l3,0.00
i01,e06,c4,p35,l3,0.00
i01,e07,c1,p01,l2,0.00
i01,e07,c1,p01,l3,0.00
i01,e07,c1,p02,l2,0.00
i01,e07,c1,p02,l3,0.00
i01,e07,c1,p03,l2,0.00
i01,e07,c1,p03,l3,0.00
i01,e07,c1,p04,l2,0.00
i01,e07,c1,p04,l3,0.00
i01,e07,c1,p05,l2,0.00
i01,e07,c1,p05,l3,0.00
i01,e07,c1,p06,l2,0.00
i01,e07,c1,p06,l3,0.00
i01,e07,c1,p07,l2,0.00
i01,e07,c1,p07,l3,0.00
i01,e07,c1,p08,l2,0.00
i01,e07,c1,p08,l3,0.00
i01,e07,c1,p09,l2,0.00
i01,e07,c1,p09,l3,0.00
i01,e07,c1,p10,l2,0.00
i01,e07,c1,p10,l3,0.00
i01,e07,c1,p11,l2,0.00
i01,e07,c1,p11,l3,0.00
i01,e07,c1,p12,l2,0.00
i01,e07,c1,p12,l3,0.00
i01,e07,c1,p13,l2,0.00
i01,e07,c1,p13,l3,0.00
i01,e07,c1,p14,l2,0.00
i01,e07,c1,p14,l3,0.00
i01,e07,c1,p15,l2,0.00
i01,e07,c1,p15,l3,0.00
i01,e07,c1,p16,l2,0.00
i01,e07,c1,p16,l3,0.00
i01,e07,c1,p17,l2,0.00
i01,e07,c1,p17,l3,0.00
i01,e07,c1,p18,l2,0.00
i01,e07,c1,p18,l3,0.00
i01,e07,c1,p19,l2,0.00
i01,e07,c1,p19,l3,0.00
i01,e07,c1,p20,l2,0.00
i01,e07,c1,p20,l3,0.00
i01,e07,c1,p21,l2,0.00
i01,e07,c1,p21,l3,0.00
i01,e07,c1,p22,l2,0.00
i01,e07,c1,p22,l3,0.00
i01,e07,c1,p23,l2,0.00
i01,e07,c1,p23,l3,0.00
i01,e07,c1,p24,l2,0.00
i01,e07,c1,p24,l3,0.00
i01,e07,c1,p25,l3,0.00
i01,e07,c1,p26,l2,0.00
i01,e07,c1,p26,l3,0.00
i01,e07,c1,p28,l2,0.00
i01,e07,c1,p28,l3,0.00
i01,e07,c1,p29,l2,0.00
i01,e07,c1,p29,l3,0.00
i01,e07,c1,p31,l2,0.00
i01,e07,c1,p32,l3,0.00
i01,e07,c1,p35,l2,0.00
i01,e07,c1,p35,l3,0.00
i01,e07,c4,p04,l2,0.00
i01,e07,c4,p16,l2,0.00
i01,e07,c4,p35,l2,0.00
i01,e07,c4,p35,l3,0.00
i01,e08,c1,p01,l2,0.00
i01,e08,c1,p01,l3,0.00
i01,e08,c1,p02,l2,0.00
i01,e08,c1,p02,l3,0.00
i01,e08,c1,p03,l2,0.00
i01,e08,c1,p03,l3,0.00
i01,e08,c1,p04,l2,0.00
i01,e08,c1,p04,l3,0.00
i01,e08,c1,p05,l2,0.00
i01,e08,c1,p05,l3,0.00
i01,e08,c1,p06,l2,0.00
i01,e08,c1,p06,l3,0.00
i01,e08,c1,p07,l2,0.00
i01,e08,c1,p07,l3,0.00
i01,e08,c1,p08,l2,0.00
i01,e08,c1,p08,l3,0.00
i01,e08,c1,p09,l2,0.00
i01,e08,c1,p09,l3,0.00
i01,e08,c1,p10,l2,0.00
i01,e08,c1,p10,l3,1.20
i01,e08,c1,p11,l2,0.00
i01,e08,c1,p11,l3,0.00
i01,e08,c1,p12,l2,0.00
i01,e08,c1,p12,l3,0.00
i01,e08,c1,p13,l2,0.00
i01,e08,c1,p13,l3,0.00
i01,e08,c1,p14,l2,0.00
i01,e08,c1,p14,l3,0.00
i01,e08,c1,p15,l2,0.00
i01,e08,c1,p15,l3,0.00
i01,e08,c1,p16,l2,0.00
i01,e08,c1,p16,l3,0.00
i01,e08,c1,p17,l2,0.00
i01,e08,c1,p17,l3,0.00
i01,e08,c1,p18,l2,0.00
i01,e08,c1,p18,l3,0.00
i01,e08,c1,p19,l2,0.00
i01,e08,c1,p19,l3,0.00
i01,e08,c1,p20,l2,0.00
i01,e08,c1,p20,l3,0.00
i01,e08,c1,p21,l2,0.00
i01,e08,c1,p21,l3,0.00
i01,e08,c1,p22,l2,0.00
i01,e08,c1,p22,l3,0.00
i01,e08,c1,p23,l2,0.00
i01,e08,c1,p23,l3,0.00
i01,e08,c1,p24,l2,0.00
i01,e08,c1,p24,l3,0.00
i01,e08,c1,p25,l2,0.00
i01,e08,c1,p25,l3,0.00
i01,e08,c1,p26,l2,0.00
i01,e08,c1,p26,l3,0.00
i01,e08,c1,p27,l3,0.00
i01,e08,c1,p28,l2,0.00
i01,e08,c1,p28,l3,0.00
i01,e08,c1,p29,l2,0.00
i01,e08,c1,p29,l3,0.00
i01,e08,c1,p30,l2,0.00
i01,e08,c1,p30,l3,0.00
i01,e08,c1,p31,l2,0.00
i01,e08,c1,p31,l3,0.00
i01,e08,c1,p32,l2,0.00
i01,e08,c1,p32,l3,0.00
i01,e08,c1,p33,l2,0.00
i01,e08,c1,p33,l3,0.00
i01,e08,c1,p34,l3,0.00
i01,e08,c1,p35,l2,0.00
i01,e08,c1,p35,l3,0.00
i01,e08,c4,p01,l2,0.00
i01,e08,c4,p01,l3,0.00
i01,e08,c4,p02,l2,0.00
i01,e08,c4,p03,l3,0.00
i01,e08,c4,p04,l2,0.00
i01,e08,c4,p04,l3,0.00
i01,e08,c4,p06,l3,0.00
i01,e08,c4,p07,l3,0.00
i01,e08,c4,p08,l2,0.00
i01,e08,c4,p08,l3,0.00
i01,e08,c4,p09,l3,0.00
i01,e08,c4,p10,l2,0.00
i01,e08,c4,p10,l3,0.00
i01,e08,c4,p11,l2,0.00
i01,e08,c4,p11,l3,0.00
i01,e08,c4,p12,l3,0.00
i01,e08,c4,p13,l2,0.00
i01,e08,c4,p13,l3,0.00
i01,e08,c4,p15,l2,0.00
i01,e08,c4,p15,l3,0.00
i01,e08,c4,p16,l2,0.00
i01,e08,c4,p16,l3,0.00
i01,e08,c4,p17,l3,0.00
i01,e08,c4,p18,l3,0.00
i01,e08,c4,p19,l2,0.00
i01,e08,c4,p19,l3,0.00
i01,e08,c4,p21,l2,0.00
i01,e08,c4,p21,l3,0.00
i01,e08,c4,p22,l2,0.00
i01,e08,c4,p22,l3,0.00
i01,e08,c4,p23,l3,0.00
i01,e08,c4,p35,l2,0.00
i01,e08,c4,p35,l3,0.00
i01,e08,c7,p35,l2,0.00
i01,e08,c7,p35,l3,0.00
i01,e08,c8,p04,l3,0.00
i01,e09,c1,p01,l2,0.00
i01,e09,c1,p01,l3,0.00
i01,e09,c1,p02,l2,0.00
i01,e09,c1,p02,l3,0.00
i01,e09,c1,p03,l2,0.00
i01,e09,c1,p03,l3,0.00
i01,e09,c1,p04,l2,0.00
i01,e09,c1,p04,l3,0.00
i01,e09,c1,p05,l2,0.00
i01,e09,c1,p05,l3,0.00
i01,e09,c1,p06,l2,0.00
i01,e09,c1,p06,l3,0.00
i01,e09,c1,p07,l2,0.00
i01,e09,c1,p07,l3,0.00
i01,e09,c1,p08,l2,0.00
i01,e09,c1,p08,l3,0.00
i01,e09,c1,p09,l2,0.00
i01,e09,c1,p09,l3,0.00
i01,e09,c1,p10,l2,0.00
i01,e09,c1,p10,l3,0.00
i01,e09,c1,p11,l2,0.00
i01,e09,c1,p11,l3,0.00
i01,e09,c1,p12,l2,0.00
i01,e09,c1,p12,l3,1.38
i01,e09,c1,p13,l2,0.00
i01,e09,c1,p13,l3,0.00
i01,e09,c1,p14,l2,0.00
i01,e09,c1,p14,l3,0.00
i01,e09,c1,p15,l2,0.00
i01,e09,c1,p15,l3,0.00
i01,e09,c1,p16,l2,0.00
i01,e09,c1,p16,l3,0.00
i01,e09,c1,p17,l2,0.00
i01,e09,c1,p17,l3,0.00
i01,e09,c1,p18,l2,0.00
i01,e09,c1,p18,l3,0.00
i01,e09,c1,p19,l2,0.00
i01,e09,c1,p19,l3,0.00
i01,e09,c1,p20,l2,0.00
i01,e09,c1,p20,l3,0.00
i01,e09,c1,p21,l2,0.00
i01,e09,c1,p21,l3,0.00
i01,e09,c1,p22,l2,0.00
i01,e09,c1,p22,l3,0.00
i01,e09,c1,p23,l2,0.00
i01,e09,c1,p23,l3,0.00
i01,e09,c1,p24,l2,0.00
i01,e09,c1,p24,l3,0.00
i01,e09,c1,p25,l2,0.00
i01,e09,c1,p25,l3,0.00
i01,e09,c1,p26,l2,0.00
i01,e09,c1,p26,l3,0.00
i01,e09,c1,p27,l3,0.00
i01,e09,c1,p28,l2,0.00
i01,e09,c1,p28,l3,0.00
i01,e09,c1,p29,l2,0.00
i01,e09,c1,p29,l3,0.00
i01,e09,c1,p30,l2,0.00
i01,e09,c1,p30,l3,0.00
i01,e09,c1,p31,l2,0.00
i01,e09,c1,p31,l3,0.00
i01,e09,c1,p32,l2,0.00
i01,e09,c1,p32,l3,0.00
i01,e09,c1,p33,l2,0.00
i01,e09,c1,p33,l3,0.00
i01,e09,c1,p34,l3,0.00
i01,e09,c1,p35,l2,0.00
i01,e09,c1,p35,l3,0.00
i01,e09,c4,p01,l2,0.00
i01,e09,c4,p01,l3,0.00
i01,e09,c4,p03,l3,0.00
i01,e09,c4,p04,l2,0.00
i01,e09,c4,p04,l3,0.00
i01,e09,c4,p06,l3,0.00
i01,e09,c4,p07,l2,0.00
i01,e09,c4,p07,l3,0.00
i01,e09,c4,p08,l3,0.00
i01,e09,c4,p09,l3,0.00
i01,e09,c4,p10,l2,0.00
i01,e09,c4,p10,l3,0.00
i01,e09,c4,p11,l2,0.00
i01,e09,c4,p11,l3,0.00
i01,e09,c4,p13,l3,0.00
i01,e09,c4,p15,l3,0.00
i01,e09,c4,p16,l2,0.00
i01,e09,c4,p16,l3,0.00
i01,e09,c4,p17,l3,0.00
i01,e09,c4,p19,l2,0.00
i01,e09,c4,p19,l3,0.00
i01,e09,c4,p21,l3,0.00
i01,e09,c4,p22,l2,0.00
i01,e09,c4,p22,l3,0.00
i01,e09,c4,p23,l3,0.00
i01,e09,c4,p35,l2,0.00
i01,e09,c4,p35,l3,0.00
i01,e09,c7,p35,l3,0.00
i01,e10,c1,p01,l3,0.00
i01,e10,c1,p02,l3,0.00
i01,e10,c1,p03,l3,0.00
i01,e10,c1,p04,l3,0.00
i01,e10,c1,p05,l3,0.00
i01,e10,c1,p06,l3,0.00
i01,e10,c1,p07,l3,0.00
i01,e10,c1,p08,l3,0.00
i01,e10,c1,p09,l3,0.00
i01,e10,c1,p10,l3,0.00
i01,e10,c1,p11,l3,0.00
i01,e10,c1,p12,l3,0.00
i01,e10,c1,p13,l3,0.00
i01,e10,c1,p14,l3,0.00
i01,e10,c1,p15,l3,0.00
i01,e10,c1,p16,l3,0.00
i01,e10,c1,p17,l3,0.00
i01,e10,c1,p18,l3,0.00
i01,e10,c1,p19,l3,0.00
i01,e10,c1,p20,l3,0.00
i01,e10,c1,p21,l3,0.00
i01,e10,c1,p22,l3,0.00
i01,e10,c1,p23,l3,0.00
i01,e10,c1,p24,l3,0.00
i01,e10,c1,p25,l3,0.00
i01,e10,c1,p28,l3,0.00
i01,e10,c1,p29,l3,0.00
i01,e10,c1,p31,l3,0.00
i01,e10,c1,p32,l3,0.00
i01,e10,c1,p35,l3,0.00
i01,e10,c4,p32,l3,0.00
i01,e10,c4,p35,l3,0.00
i01,e11,c1,p01,l2,0.00
i01,e11,c1,p01,l3,0.00
i01,e11,c1,p02,l2,0.00
i01,e11,c1,p02,l3,0.00
i01,e11,c1,p03,l2,0.00
i01,e11,c1,p03,l3,0.00
i01,e11,c1,p04,l2,0.00
i01,e11,c1,p04,l3,0.00
i01,e11,c1,p05,l2,0.00
i01,e11,c1,p05,l3,0.00
i01,e11,c1,p06,l2,0.00
i01,e11,c1,p06,l3,0.00
i01,e11,c1,p07,l2,0.00
i01,e11,c1,p07,l3,0.00
i01,e11,c1,p08,l2,0.00
i01,e11,c1,p08,l3,0.00
i01,e11,c1,p09,l2,0.00
i01,e11,c1,p09,l3,0.00
i01,e11,c1,p10,l2,0.00
i01,e11,c1,p10,l3,0.00
i01,e11,c1,p11,l2,0.00
i01,e11,c1,p11,l3,0.00
i01,e11,c1,p12,l2,0.00
i01,e11,c1,p12,l3,0.00
i01,e11,c1,p13,l2,0.00
i01,e11,c1,p13,l3,0.00
i01,e11,c1,p14,l2,0.00
i01,e11,c1,p14,l3,0.00
i01,e11,c1,p15,l2,0.00
i01,e11,c1,p15,l3,0.00
i01,e11,c1,p16,l2,0.00
i01,e11,c1,p16,l3,0.00
i01,e11,c1,p17,l2,0.00
i01,e11,c1,p17,l3,0.00
i01,e11,c1,p18,l2,0.00
i01,e11,c1,p18,l3,0.00
i01,e11,c1,p19,l2,0.00
i01,e11,c1,p19,l3,0.00
i01,e11,c1,p20,l2,0.00
i01,e11,c1,p20,l3,0.00
i01,e11,c1,p21,l2,0.00
i01,e11,c1,p21,l3,0.00
i01,e11,c1,p22,l2,0.00
i01,e11,c1,p22,l3,0.00
i01,e11,c1,p23,l2,0.00
i01,e11,c1,p23,l3,0.00
i01,e11,c1,p24,l2,0.00
i01,e11,c1,p24,l3,0.00
i01,e11,c1,p25,l2,0.00
i01,e11,c1,p25,l3,0.00
i01,e11,c1,p26,l3,0.00
i01,e11,c1,p28,l2,0.00
i01,e11,c1,p28,l3,0.00
i01,e11,c1,p29,l2,0.00
i01,e11,c1,p29,l3,0.00
i01,e11,c1,p30,l3,0.00
i01,e11,c1,p31,l2,0.00
i01,e11,c1,p31,l3,0.00
i01,e11,c1,p32,l2,0.00
i01,e11,c1,p32,l3,0.00
i01,e11,c1,p33,l3,0.00
i01,e11,c1,p35,l2,0.00
i01,e11,c1,p35,l3,0.00
i01,e11,c4,p01,l3,0.00
i01,e11,c4,p02,l3,0.00
i01,e11,c4,p03,l2,0.00
i01,e11,c4,p03,l3,0.00
i01,e11,c4,p04,l3,0.00
i01,e11,c4,p07,l3,0.00
i01,e11,c4,p08,l2,0.00
i01,e11,c4,p08,l3,0.00
i01,e11,c4,p09,l3,0.00
i01,e11,c4,p10,l2,0.00
i01,e11,c4,p10,l3,0.00
i01,e11,c4,p11,l3,0.00
i01,e11,c4,p12,l3,0.00
i01,e11,c4,p13,l3,0.00
i01,e11,c4,p15,l3,0.00
i01,e11,c4,p16,l3,0.00
i01,e11,c4,p18,l3,0.00
i01,e11,c4,p19,l3,0.00
i01,e11,c4,p21,l3,0.00
i01,e11,c4,p22,l3,0.00
i01,e11,c4,p23,l3,0.00
i01,e11,c4,p26,l3,0.00
i01,e11,c4,p32,l3,0.00
i01,e11,c4,p35,l2,0.00
i01,e11,c4,p35,l3,0.00
i01,e11,c7,p35,l3,0.00
i01,e12,c1,p01,l3,0.00
i01,e12,c1,p02,l3,0.00
i01,e12,c1,p03,l3,0.00
i01,e12,c1,p04,l3,0.00
i01,e12,c1,p05,l3,0.00
i01,e12,c1,p06,l3,0.00
i01,e12,c1,p07,l3,0.00
i01,e12,c1,p08,l3,0.00
i01,e12,c1,p09,l3,0.00
i01,e12,c1,p10,l3,0.00
i01,e12,c1,p11,l3,0.00
i01,e12,c1,p12,l3,0.00
i01,e12,c1,p13,l3,0.00
i01,e12,c1,p14,l3,0.00
i01,e12,c1,p15,l3,0.00
i01,e12,c1,p16,l3,0.00
i01,e12,c1,p17,l3,0.00
i01,e12,c1,p18,l3,0.00
i01,e12,c1,p19,l3,0.00
i01,e12,c1,p20,l3,0.00
i01,e12,c1,p21,l3,0.00
i01,e12,c1,p22,l3,0.00
i01,e12,c1,p23,l3,0.00
i01,e12,c1,p24,l3,0.00
i01,e12,c1,p25,l3,0.00
i01,e12,c1,p26,l3,0.00
i01,e12,c1,p28,l3,0.00
i01,e12,c1,p29,l3,0.00
i01,e12,c1,p30,l3,0.00
i01,e12,c1,p31,l3,0.00
i01,e12,c1,p32,l3,0.00
i01,e12,c1,p33,l3,0.00
i01,e12,c1,p34,l3,0.00
i01,e12,c1,p35,l3,0.00
i01,e12,c4,p01,l3,0.00
i01,e12,c4,p02,l3,0.00
i01,e12,c4,p04,l3,0.00
i01,e12,c4,p05,l3,0.00
i01,e12,c4,p11,l3,0.00
i01,e12,c4,p13,l3,0.00
i01,e12,c4,p16,l3,0.00
i01,e12,c4,p19,l3,0.00
i01,e12,c4,p23,l3,0.00
i01,e12,c4,p35,l3,0.00
i02,e01,c1,p01,l3,1.50
i02,e01,c1,p02,l3,0.00
i02,e01,c1,p03,l3,4.27
i02,e01,c1,p04,l3,0.00
i02,e01,c1,p05,l3,4.09
i02,e01,c1,p06,l3,0.00
i02,e01,c1,p07,l3,0.00
i02,e01,c1,p08,l3,0.00
i02,e01,c1,p09,l3,2.13
i02,e01,c1,p10,l3,12.31
i02,e01,c1,p11,l3,6.21
i02,e01,c1,p12,l3,1.57
i02,e01,c1,p13,l3,1.80
i02,e01,c1,p14,l3,23.43
i02,e01,c1,p15,l3,1.18
i02,e01,c1,p16,l3,27.10
i02,e01,c1,p17,l3,0.00
i02,e01,c1,p18,l3,4.15
i02,e01,c1,p19,l3,32.60
i02,e01,c1,p20,l3,0.00
i02,e01,c1,p21,l3,1.12
i02,e01,c1,p22,l3,0.00
i02,e01,c1,p23,l3,0.00
i02,e01,c1,p24,l3,4.25
i02,e01,c1,p25,l3,0.00
i02,e01,c1,p26,l3,0.00
i02,e01,c1,p28,l3,3.25
i02,e01,c1,p29,l3,4.69
i02,e01,c1,p30,l3,0.00
i02,e01,c1,p31,l3,0.00
i02,e01,c1,p32,l3,0.00
i02,e01,c1,p33,l3,0.00
i02,e01,c1,p34,l3,0.00
i02,e01,c1,p35,l3,9.07
i02,e01,c4,p02,l3,0.00
i02,e01,c4,p03,l3,0.00
i02,e01,c4,p04,l3,0.00
i02,e01,c4,p05,l3,0.00
i02,e01,c4,p07,l3,0.00
i02,e01,c4,p08,l3,0.00
i02,e01,c4,p09,l3,0.00
i02,e01,c4,p10,l3,0.00
i02,e01,c4,p11,l3,0.00
i02,e01,c4,p12,l3,0.00
i02,e01,c4,p13,l3,0.00
i02,e01,c4,p14,l3,0.00
i02,e01,c4,p15,l3,0.00
i02,e01,c4,p16,l3,0.00
i02,e01,c4,p17,l3,0.00
i02,e01,c4,p18,l3,0.00
i02,e01,c4,p19,l3,0.00
i02,e01,c4,p20,l3,0.00
i02,e01,c4,p22,l3,0.00
i02,e01,c4,p23,l3,0.00
i02,e01,c4,p24,l3,0.00
i02,e01,c4,p25,l3,0.00
i02,e01,c4,p28,l3,0.00
i02,e01,c4,p29,l3,0.00
i02,e01,c4,p32,l3,0.00
i02,e01,c4,p35,l3,0.00
i02,e01,c7,p12,l3,0.00
i02,e01,c7,p35,l3,0.00
i02,e04,c1,p01,l1,0.00
i02,e04,c1,p01,l3,0.00
i02,e04,c1,p02,l1,0.00
i02,e04,c1,p02,l3,0.00
i02,e04,c1,p03,l1,0.00
i02,e04,c1,p03,l3,1.41
i02,e04,c1,p04,l1,0.00
i02,e04,c1,p04,l3,0.00
i02,e04,c1,p05,l1,0.00
i02,e04,c1,p05,l3,4.12
i02,e04,c1,p06,l1,0.00
i02,e04,c1,p06,l3,0.00
i02,e04,c1,p07,l1,0.00
i02,e04,c1,p07,l3,13.38
i02,e04,c1,p08,l1,0.00
i02,e04,c1,p08,l3,2.79
i02,e04,c1,p09,l1,0.00
i02,e04,c1,p09,l3,6.12
i02,e04,c1,p10,l1,0.00
i02,e04,c1,p10,l3,22.03
i02,e04,c1,p11,l1,0.00
i02,e04,c1,p11,l3,11.71
i02,e04,c1,p12,l1,0.00
i02,e04,c1,p12,l3,4.29
i02,e04,c1,p13,l1,0.00
i02,e04,c1,p13,l3,7.59
i02,e04,c1,p14,l1,0.00
i02,e04,c1,p14,l3,10.20
i02,e04,c1,p15,l1,0.00
i02,e04,c1,p15,l3,2.14
i02,e04,c1,p16,l1,0.00
i02,e04,c1,p16,l3,5.70
i02,e04,c1,p17,l1,0.00
i02,e04,c1,p17,l3,1.05
i02,e04,c1,p18,l1,0.00
i02,e04,c1,p18,l3,0.00
i02,e04,c1,p19,l1,0.00
i02,e04,c1,p19,l3,60.17
i02,e04,c1,p20,l1,0.00
i02,e04,c1,p20,l3,0.00
i02,e04,c1,p21,l1,0.00
i02,e04,c1,p21,l3,5.13
i02,e04,c1,p22,l1,0.00
i02,e04,c1,p22,l3,3.04
i02,e04,c1,p23,l1,0.00
i02,e04,c1,p23,l3,0.00
i02,e04,c1,p24,l1,0.00
i02,e04,c1,p24,l3,1.52
i02,e04,c1,p25,l1,0.00
i02,e04,c1,p25,l3,0.00
i02,e04,c1,p26,l1,0.00
i02,e04,c1,p26,l3,0.00
i02,e04,c1,p28,l1,0.00
i02,e04,c1,p28,l3,0.00
i02,e04,c1,p29,l1,0.00
i02,e04,c1,p29,l3,5.88
i02,e04,c1,p30,l1,0.00
i02,e04,c1,p30,l3,0.00
i02,e04,c1,p31,l1,0.00
i02,e04,c1,p31,l3,0.00
i02,e04,c1,p32,l1,0.00
i02,e04,c1,p32,l3,0.00
i02,e04,c1,p33,l3,0.00
i02,e04,c1,p34,l3,0.00
i02,e04,c1,p35,l1,0.00
i02,e04,c1,p35,l3,10.13
i02,e04,c4,p02,l3,0.00
i02,e04,c4,p03,l1,0.00
i02,e04,c4,p03,l3,0.00
i02,e04,c4,p04,l1,0.00
i02,e04,c4,p04,l3,0.00
i02,e04,c4,p05,l3,0.00
i02,e04,c4,p07,l1,0.00
i02,e04,c4,p07,l3,0.00
i02,e04,c4,p08,l3,0.00
i02,e04,c4,p09,l1,0.00
i02,e04,c4,p09,l3,0.00
i02,e04,c4,p10,l1,0.00
i02,e04,c4,p10,l3,0.00
i02,e04,c4,p11,l1,0.00
i02,e04,c4,p11,l3,0.00
i02,e04,c4,p13,l3,0.00
i02,e04,c4,p14,l1,0.00
i02,e04,c4,p14,l3,0.00
i02,e04,c4,p15,l1,0.00
i02,e04,c4,p15,l3,0.00
i02,e04,c4,p16,l3,0.00
i02,e04,c4,p17,l1,0.00
i02,e04,c4,p17,l3,0.00
i02,e04,c4,p18,l1,0.00
i02,e04,c4,p18,l3,0.00
i02,e04,c4,p19,l1,0.00
i02,e04,c4,p19,l3,0.00
i02,e04,c4,p20,l3,0.00
i02,e04,c4,p22,l3,0.00
i02,e04,c4,p23,l1,0.00
i02,e04,c4,p23,l3,0.00
i02,e04,c4,p24,l3,0.00
i02,e04,c4,p25,l1,0.00
i02,e04,c4,p25,l3,0.00
i02,e04,c4,p28,l1,0.00
i02,e04,c4,p28,l3,0.00
i02,e04,c4,p29,l1,0.00
i02,e04,c4,p29,l3,0.00
i02,e04,c4,p32,l3,0.00
i02,e04,c4,p35,l1,0.00
i02,e04,c4,p35,l3,0.00
i02,e04,c7,p12,l1,0.00
i02,e04,c7,p12,l3,0.00
i02,e04,c7,p35,l3,0.00
i02,e05,c1,p01,l1,0.00
i02,e05,c1,p01,l3,0.00
i02,e05,c1,p02,l1,0.00
i02,e05,c1,p02,l3,0.00
i02,e05,c1,p03,l1,0.00
i02,e05,c1,p03,l3,0.00
i02,e05,c1,p04,l1,0.00
i02,e05,c1,p04,l3,0.00
i02,e05,c1,p05,l1,0.00
i02,e05,c1,p05,l3,0.00
i02,e05,c1,p06,l1,0.00
i02,e05,c1,p06,l3,0.00
i02,e05,c1,p07,l1,0.00
i02,e05,c1,p07,l3,0.00
i02,e05,c1,p08,l1,0.00
i02,e05,c1,p08,l3,0.00
i02,e05,c1,p09,l1,0.00
i02,e05,c1,p09,l3,0.00
i02,e05,c1,p10,l1,0.00
i02,e05,c1,p10,l3,0.00
i02,e05,c1,p11,l1,0.00
i02,e05,c1,p11,l3,0.00
i02,e05,c1,p12,l1,0.00
i02,e05,c1,p12,l3,0.00
i02,e05,c1,p13,l1,0.00
i02,e05,c1,p13,l3,0.00
i02,e05,c1,p14,l1,0.00
i02,e05,c1,p14,l3,0.00
i02,e05,c1,p15,l1,0.00
i02,e05,c1,p15,l3,0.00
i02,e05,c1,p16,l1,0.00
i02,e05,c1,p16,l3,0.00
i02,e05,c1,p17,l1,0.00
i02,e05,c1,p17,l3,0.00
i02,e05,c1,p18,l1,0.00
i02,e05,c1,p18,l3,0.00
i02,e05,c1,p19,l1,0.00
i02,e05,c1,p19,l3,0.00
i02,e05,c1,p20,l1,0.00
i02,e05,c1,p20,l3,0.00
i02,e05,c1,p21,l1,0.00
i02,e05,c1,p21,l3,0.00
i02,e05,c1,p22,l1,0.00
i02,e05,c1,p22,l3,0.00
i02,e05,c1,p23,l1,0.00
i02,e05,c1,p23,l3,0.00
i02,e05,c1,p24,l1,0.00
i02,e05,c1,p24,l3,0.00
i02,e05,c1,p25,l1,0.00
i02,e05,c1,p25,l3,0.00
i02,e05,c1,p26,l3,0.00
i02,e05,c1,p28,l1,0.00
i02,e05,c1,p28,l3,0.00
i02,e05,c1,p29,l1,0.00
i02,e05,c1,p29,l3,0.00
i02,e05,c1,p31,l3,0.00
i02,e05,c1,p32,l1,0.00
i02,e05,c1,p32,l3,0.00
i02,e05,c1,p35,l1,0.00
i02,e05,c1,p35,l3,0.00
i02,e05,c4,p07,l1,0.00
i02,e05,c4,p07,l3,0.00
i02,e05,c4,p09,l1,0.00
i02,e05,c4,p09,l3,0.00
i02,e05,c4,p15,l3,0.00
i02,e05,c4,p18,l3,0.00
i02,e05,c4,p19,l3,0.00
i02,e05,c4,p25,l3,0.00
i02,e05,c4,p28,l3,0.00
i02,e05,c4,p35,l3,0.00
i02,e06,c1,p01,l3,0.00
i02,e06,c1,p02,l3,0.00
i02,e06,c1,p03,l3,0.00
i02,e06,c1,p04,l3,0.00
i02,e06,c1,p05,l3,0.00
i02,e06,c1,p06,l3,0.00
i02,e06,c1,p07,l3,0.00
i02,e06,c1,p08,l3,0.00
i02,e06,c1,p09,l3,0.00
i02,e06,c1,p10,l3,0.00
i02,e06,c1,p11,l3,0.00
i02,e06,c1,p12,l3,0.00
i02,e06,c1,p13,l3,0.00
i02,e06,c1,p14,l3,0.00
i02,e06,c1,p15,l3,0.00
i02,e06,c1,p16,l3,0.00
i02,e06,c1,p17,l3,0.00
i02,e06,c1,p18,l3,0.00
i02,e06,c1,p19,l3,0.00
i02,e06,c1,p20,l3,0.00
i02,e06,c1,p21,l3,0.00
i02,e06,c1,p22,l3,0.00
i02,e06,c1,p23,l3,0.00
i02,e06,c1,p24,l3,0.00
i02,e06,c1,p25,l3,0.00
i02,e06,c1,p26,l3,0.00
i02,e06,c1,p28,l3,0.00
i02,e06,c1,p29,l3,0.00
i02,e06,c1,p31,l3,0.00
i02,e06,c1,p32,l3,0.00
i02,e06,c1,p35,l3,0.00
i02,e06,c4,p19,l3,0.00
i02,e07,c1,p01,l2,0.00
i02,e07,c1,p01,l3,0.00
i02,e07,c1,p02,l2,0.00
i02,e07,c1,p02,l3,0.00
i02,e07,c1,p03,l3,0.00
i02,e07,c1,p04,l2,0.00
i02,e07,c1,p04,l3,0.00
i02,e07,c1,p05,l3,0.00
i02,e07,c1,p06,l3,0.00
i02,e07,c1,p07,l3,0.00
i02,e07,c1,p08,l2,0.00
i02,e07,c1,p08,l3,0.00
i02,e07,c1,p09,l2,0.00
i02,e07,c1,p09,l3,0.00
i02,e07,c1,p10,l2,0.00
i02,e07,c1,p10,l3,0.00
i02,e07,c1,p11,l2,0.00
i02,e07,c1,p11,l3,0.00
i02,e07,c1,p12,l3,0.00
i02,e07,c1,p13,l2,0.00
i02,e07,c1,p13,l3,0.00
i02,e07,c1,p14,l2,0.00
i02,e07,c1,p14,l3,0.00
i02,e07,c1,p15,l2,0.00
i02,e07,c1,p15,l3,0.00
i02,e07,c1,p16,l2,0.00
i02,e07,c1,p16,l3,0.00
i02,e07,c1,p17,l2,0.00
i02,e07,c1,p17,l3,0.00
i02,e07,c1,p18,l2,0.00
i02,e07,c1,p18,l3,0.00
i02,e07,c1,p19,l2,0.00
i02,e07,c1,p19,l3,0.00
i02,e07,c1,p20,l3,0.00
i02,e07,c1,p21,l3,0.00
i02,e07,c1,p22,l2,0.00
i02,e07,c1,p22,l3,0.00
i02,e07,c1,p23,l2,0.00
i02,e07,c1,p23,l3,0.00
i02,e07,c1,p24,l3,0.00
i02,e07,c1,p25,l3,0.00
i02,e07,c1,p28,l3,0.00
i02,e07,c1,p29,l2,0.00
i02,e07,c1,p29,l3,0.00
i02,e07,c1,p35,l2,0.00
i02,e07,c1,p35,l3,0.00
i02,e07,c4,p15,l3,0.00
i02,e07,c4,p35,l3,0.00
i02,e08,c1,p01,l2,0.00
i02,e08,c1,p01,l3,32.01
i02,e08,c1,p02,l2,0.00
i02,e08,c1,p02,l3,0.00
i02,e08,c1,p03,l2,0.00
i02,e08,c1,p03,l3,53.20
i02,e08,c1,p04,l2,0.00
i02,e08,c1,p04,l3,66.59
i02,e08,c1,p05,l2,0.00
i02,e08,c1,p05,l3,46.87
i02,e08,c1,p06,l2,0.00
i02,e08,c1,p06,l3,4.53
i02,e08,c1,p07,l2,0.00
i02,e08,c1,p07,l3,62.43
i02,e08,c1,p08,l2,0.00
i02,e08,c1,p08,l3,43.40
i02,e08,c1,p09,l2,0.00
i02,e08,c1,p09,l3,6.32
i02,e08,c1,p10,l2,0.00
i02,e08,c1,p10,l3,230.51
i02,e08,c1,p11,l2,0.00
i02,e08,c1,p11,l3,28.08
i02,e08,c1,p12,l2,0.00
i02,e08,c1,p12,l3,12.41
i02,e08,c1,p13,l2,0.00
i02,e08,c1,p13,l3,64.22
i02,e08,c1,p14,l2,0.00
i02,e08,c1,p14,l3,61.01
i02,e08,c1,p15,l2,0.00
i02,e08,c1,p15,l3,14.52
i02,e08,c1,p16,l2,0.00
i02,e08,c1,p16,l3,68.04
i02,e08,c1,p17,l2,0.00
i02,e08,c1,p17,l3,67.20
i02,e08,c1,p18,l2,0.00
i02,e08,c1,p18,l3,10.80
i02,e08,c1,p19,l2,0.00
i02,e08,c1,p19,l3,178.63
i02,e08,c1,p20,l2,0.00
i02,e08,c1,p20,l3,0.00
i02,e08,c1,p21,l2,0.00
i02,e08,c1,p21,l3,24.40
i02,e08,c1,p22,l2,0.00
i02,e08,c1,p22,l3,60.12
i02,e08,c1,p23,l2,0.00
i02,e08,c1,p23,l3,63.09
i02,e08,c1,p24,l2,0.00
i02,e08,c1,p24,l3,21.25
i02,e08,c1,p25,l2,0.00
i02,e08,c1,p25,l3,0.00
i02,e08,c1,p26,l2,0.00
i02,e08,c1,p26,l3,0.00
i02,e08,c1,p28,l2,0.00
i02,e08,c1,p28,l3,0.00
i02,e08,c1,p29,l2,0.00
i02,e08,c1,p29,l3,104.24
i02,e08,c1,p30,l2,0.00
i02,e08,c1,p30,l3,0.00
i02,e08,c1,p31,l2,0.00
i02,e08,c1,p31,l3,0.00
i02,e08,c1,p32,l2,0.00
i02,e08,c1,p32,l3,0.00
i02,e08,c1,p33,l3,0.00
i02,e08,c1,p34,l3,0.00
i02,e08,c1,p35,l2,0.00
i02,e08,c1,p35,l3,106.40
i02,e08,c4,p02,l3,0.00
i02,e08,c4,p03,l2,0.00
i02,e08,c4,p03,l3,0.00
i02,e08,c4,p04,l2,0.00
i02,e08,c4,p04,l3,0.00
i02,e08,c4,p05,l3,0.00
i02,e08,c4,p07,l2,0.00
i02,e08,c4,p07,l3,0.00
i02,e08,c4,p08,l3,0.00
i02,e08,c4,p09,l2,0.00
i02,e08,c4,p09,l3,0.00
i02,e08,c4,p10,l2,0.00
i02,e08,c4,p10,l3,0.00
i02,e08,c4,p11,l2,0.00
i02,e08,c4,p11,l3,0.00
i02,e08,c4,p13,l2,0.00
i02,e08,c4,p13,l3,0.00
i02,e08,c4,p14,l2,0.00
i02,e08,c4,p14,l3,0.00
i02,e08,c4,p15,l2,0.00
i02,e08,c4,p15,l3,0.00
i02,e08,c4,p16,l3,0.00
i02,e08,c4,p17,l2,0.00
i02,e08,c4,p17,l3,0.00
i02,e08,c4,p18,l2,0.00
i02,e08,c4,p18,l3,0.00
i02,e08,c4,p19,l2,0.00
i02,e08,c4,p19,l3,0.00
i02,e08,c4,p20,l3,0.00
i02,e08,c4,p22,l3,0.00
i02,e08,c4,p23,l2,0.00
i02,e08,c4,p23,l3,7.00
i02,e08,c4,p24,l3,0.00
i02,e08,c4,p25,l2,0.00
i02,e08,c4,p25,l3,0.00
i02,e08,c4,p28,l2,0.00
i02,e08,c4,p28,l3,0.00
i02,e08,c4,p29,l2,0.00
i02,e08,c4,p29,l3,0.00
i02,e08,c4,p32,l3,0.00
i02,e08,c4,p35,l2,0.00
i02,e08,c4,p35,l3,0.00
i02,e08,c7,p12,l2,0.00
i02,e08,c7,p12,l3,0.00
i02,e08,c7,p35,l2,0.00
i02,e08,c7,p35,l3,0.00
i02,e09,c1,p01,l2,0.00
i02,e09,c1,p01,l3,0.00
i02,e09,c1,p02,l2,0.00
i02,e09,c1,p02,l3,0.00
i02,e09,c1,p03,l2,0.00
i02,e09,c1,p03,l3,8.28
i02,e09,c1,p04,l2,0.00
i02,e09,c1,p04,l3,2.61
i02,e09,c1,p05,l2,0.00
i02,e09,c1,p05,l3,1.32
i02,e09,c1,p06,l2,0.00
i02,e09,c1,p06,l3,0.00
i02,e09,c1,p07,l2,0.00
i02,e09,c1,p07,l3,2.20
i02,e09,c1,p08,l2,0.00
i02,e09,c1,p08,l3,0.00
i02,e09,c1,p09,l2,0.00
i02,e09,c1,p09,l3,4.33
i02,e09,c1,p10,l2,0.00
i02,e09,c1,p10,l3,15.37
i02,e09,c1,p11,l2,0.00
i02,e09,c1,p11,l3,9.30
i02,e09,c1,p12,l2,0.00
i02,e09,c1,p12,l3,2.16
i02,e09,c1,p13,l2,0.00
i02,e09,c1,p13,l3,3.36
i02,e09,c1,p14,l2,0.00
i02,e09,c1,p14,l3,11.15
i02,e09,c1,p15,l2,0.00
i02,e09,c1,p15,l3,7.44
i02,e09,c1,p16,l2,0.00
i02,e09,c1,p16,l3,16.91
i02,e09,c1,p17,l2,0.00
i02,e09,c1,p17,l3,3.61
i02,e09,c1,p18,l2,0.00
i02,e09,c1,p18,l3,4.34
i02,e09,c1,p19,l2,0.00
i02,e09,c1,p19,l3,51.51
i02,e09,c1,p20,l2,0.00
i02,e09,c1,p20,l3,0.00
i02,e09,c1,p21,l2,0.00
i02,e09,c1,p21,l3,0.00
i02,e09,c1,p22,l2,0.00
i02,e09,c1,p22,l3,0.00
i02,e09,c1,p23,l2,0.00
i02,e09,c1,p23,l3,0.00
i02,e09,c1,p24,l2,0.00
i02,e09,c1,p24,l3,2.22
i02,e09,c1,p25,l2,0.00
i02,e09,c1,p25,l3,0.00
i02,e09,c1,p26,l2,0.00
i02,e09,c1,p26,l3,0.00
i02,e09,c1,p28,l2,0.00
i02,e09,c1,p28,l3,4.06
i02,e09,c1,p29,l2,0.00
i02,e09,c1,p29,l3,8.65
i02,e09,c1,p30,l2,0.00
i02,e09,c1,p30,l3,0.00
i02,e09,c1,p31,l2,0.00
i02,e09,c1,p31,l3,0.00
i02,e09,c1,p32,l2,0.00
i02,e09,c1,p32,l3,0.00
i02,e09,c1,p33,l3,0.00
i02,e09,c1,p34,l3,0.00
i02,e09,c1,p35,l2,0.00
i02,e09,c1,p35,l3,9.17
i02,e09,c4,p02,l3,0.00
i02,e09,c4,p03,l2,0.00
i02,e09,c4,p03,l3,0.00
i02,e09,c4,p04,l2,0.00
i02,e09,c4,p04,l3,0.00
i02,e09,c4,p05,l3,0.00
i02,e09,c4,p07,l2,0.00
i02,e09,c4,p07,l3,0.00
i02,e09,c4,p08,l2,0.00
i02,e09,c4,p08,l3,0.00
i02,e09,c4,p09,l2,0.00
i02,e09,c4,p09,l3,0.00
i02,e09,c4,p10,l2,0.00
i02,e09,c4,p10,l3,0.00
i02,e09,c4,p11,l2,0.00
i02,e09,c4,p11,l3,0.00
i02,e09,c4,p12,l3,0.00
i02,e09,c4,p13,l3,0.00
i02,e09,c4,p14,l2,0.00
i02,e09,c4,p14,l3,0.00
i02,e09,c4,p15,l2,0.00
i02,e09,c4,p15,l3,0.00
i02,e09,c4,p16,l3,0.00
i02,e09,c4,p17,l2,0.00
i02,e09,c4,p17,l3,0.00
i02,e09,c4,p18,l2,0.00
i02,e09,c4,p18,l3,0.00
i02,e09,c4,p19,l2,0.00
i02,e09,c4,p19,l3,0.00
i02,e09,c4,p20,l3,0.00
i02,e09,c4,p22,l3,0.00
i02,e09,c4,p23,l2,0.00
i02,e09,c4,p23,l3,0.00
i02,e09,c4,p24,l3,0.00
i02,e09,c4,p25,l2,0.00
i02,e09,c4,p25,l3,0.00
i02,e09,c4,p28,l2,0.00
i02,e09,c4,p28,l3,0.00
i02,e09,c4,p29,l2,0.00
i02,e09,c4,p29,l3,0.00
i02,e09,c4,p32,l3,0.00
i02,e09,c4,p35,l2,0.00
i02,e09,c4,p35,l3,0.00
i02,e09,c7,p12,l2,0.00
i02,e09,c7,p12,l3,0.00
i02,e09,c7,p35,l3,0.00
i02,e11,c1,p01,l2,0.00
i02,e11,c1,p01,l3,0.00
i02,e11,c1,p02,l2,0.00
i02,e11,c1,p02,l3,0.00
i02,e11,c1,p03,l2,0.00
i02,e11,c1,p03,l3,0.00
i02,e11,c1,p04,l2,0.00
i02,e11,c1,p04,l3,0.00
i02,e11,c1,p05,l2,0.00
i02,e11,c1,p05,l3,4.19
i02,e11,c1,p06,l2,0.00
i02,e11,c1,p06,l3,0.00
i02,e11,c1,p07,l2,0.00
i02,e11,c1,p07,l3,0.00
i02,e11,c1,p08,l2,0.00
i02,e11,c1,p08,l3,1.54
i02,e11,c1,p09,l2,0.00
i02,e11,c1,p09,l3,0.00
i02,e11,c1,p10,l2,0.00
i02,e11,c1,p10,l3,0.00
i02,e11,c1,p11,l2,0.00
i02,e11,c1,p11,l3,0.00
i02,e11,c1,p12,l2,0.00
i02,e11,c1,p12,l3,0.00
i02,e11,c1,p13,l2,0.00
i02,e11,c1,p13,l3,0.00
i02,e11,c1,p14,l2,0.00
i02,e11,c1,p14,l3,1.09
i02,e11,c1,p15,l2,0.00
i02,e11,c1,p15,l3,0.00
i02,e11,c1,p16,l2,0.00
i02,e11,c1,p16,l3,0.00
i02,e11,c1,p17,l2,0.00
i02,e11,c1,p17,l3,0.00
i02,e11,c1,p18,l2,0.00
i02,e11,c1,p18,l3,0.00
i02,e11,c1,p19,l2,0.00
i02,e11,c1,p19,l3,0.00
i02,e11,c1,p20,l2,0.00
i02,e11,c1,p20,l3,0.00
i02,e11,c1,p21,l2,0.00
i02,e11,c1,p21,l3,0.00
i02,e11,c1,p22,l2,0.00
i02,e11,c1,p22,l3,0.00
i02,e11,c1,p23,l2,0.00
i02,e11,c1,p23,l3,0.00
i02,e11,c1,p24,l2,0.00
i02,e11,c1,p24,l3,0.00
i02,e11,c1,p25,l2,0.00
i02,e11,c1,p25,l3,0.00
i02,e11,c1,p26,l2,0.00
i02,e11,c1,p26,l3,0.00
i02,e11,c1,p28,l2,0.00
i02,e11,c1,p28,l3,0.00
i02,e11,c1,p29,l2,0.00
i02,e11,c1,p29,l3,0.00
i02,e11,c1,p30,l2,0.00
i02,e11,c1,p30,l3,0.00
i02,e11,c1,p31,l2,0.00
i02,e11,c1,p31,l3,0.00
i02,e11,c1,p32,l2,0.00
i02,e11,c1,p32,l3,0.00
i02,e11,c1,p33,l3,0.00
i02,e11,c1,p34,l3,0.00
i02,e11,c1,p35,l2,0.00
i02,e11,c1,p35,l3,0.00
i02,e11,c4,p04,l2,0.00
i02,e11,c4,p04,l3,0.00
i02,e11,c4,p05,l3,0.00
i02,e11,c4,p07,l2,0.00
i02,e11,c4,p07,l3,0.00
i02,e11,c4,p08,l3,0.00
i02,e11,c4,p09,l2,0.00
i02,e11,c4,p09,l3,0.00
i02,e11,c4,p10,l2,0.00
i02,e11,c4,p10,l3,0.00
i02,e11,c4,p11,l3,0.00
i02,e11,c4,p13,l3,0.00
i02,e11,c4,p14,l3,0.00
i02,e11,c4,p15,l3,0.00
i02,e11,c4,p16,l3,0.00
i02,e11,c4,p17,l2,0.00
i02,e11,c4,p17,l3,0.00
i02,e11,c4,p18,l2,0.00
i02,e11,c4,p18,l3,0.00
i02,e11,c4,p19,l3,0.00
i02,e11,c4,p22,l3,0.00
i02,e11,c4,p23,l2,0.00
i02,e11,c4,p23,l3,0.00
i02,e11,c4,p24,l3,0.00
i02,e11,c4,p25,l2,0.00
i02,e11,c4,p25,l3,0.00
i02,e11,c4,p28,l2,0.00
i02,e11,c4,p28,l3,0.00
i02,e11,c4,p29,l3,0.00
i02,e11,c4,p32,l3,0.00
i02,e11,c4,p35,l2,0.00
i02,e11,c4,p35,l3,0.00
i02,e12,c1,p01,l3,0.00
i02,e12,c1,p02,l3,0.00
i02,e12,c1,p03,l3,0.00
i02,e12,c1,p04,l3,0.00
i02,e12,c1,p06,l3,0.00
i02,e12,c1,p07,l3,0.00
i02,e12,c1,p09,l3,0.00
i02,e12,c1,p10,l3,0.00
i02,e12,c1,p11,l3,0.00
i02,e12,c1,p12,l3,0.00
i02,e12,c1,p13,l3,0.00
i02,e12,c1,p15,l3,0.00
i02,e12,c1,p16,l3,0.00
i02,e12,c1,p17,l3,0.00
i02,e12,c1,p19,l3,0.00
i02,e12,c1,p21,l3,0.00
i02,e12,c1,p23,l3,0.00
i02,e12,c1,p35,l3,0.00
i03,e01,c3,p01,l3,0.00
i03,e01,c3,p03,l3,0.00
i03,e01,c3,p04,l3,0.00
i03,e01,c3,p05,l3,0.00
i03,e01,c3,p06,l3,0.00
i03,e01,c3,p09,l3,0.00
i03,e01,c3,p10,l3,0.00
i03,e01,c3,p11,l3,0.00
i03,e01,c3,p12,l3,0.00
i03,e01,c3,p15,l3,0.00
i03,e01,c3,p16,l3,0.00
i03,e01,c3,p18,l3,0.00
i03,e01,c3,p19,l3,0.00
i03,e01,c3,p20,l3,0.00
i03,e01,c3,p21,l3,0.00
i03,e01,c3,p23,l3,0.00
i03,e01,c3,p29,l3,0.00
i03,e01,c3,p35,l3,0.00
i03,e01,c5,p01,l3,0.00
i03,e01,c5,p02,l3,0.00
i03,e01,c5,p03,l3,0.00
i03,e01,c5,p04,l3,0.00
i03,e01,c5,p05,l3,0.00
i03,e01,c5,p06,l3,0.00
i03,e01,c5,p07,l3,0.00
i03,e01,c5,p08,l3,0.00
i03,e01,c5,p09,l3,0.00
i03,e01,c5,p10,l3,0.00
i03,e01,c5,p11,l3,2.41
i03,e01,c5,p12,l3,0.00
i03,e01,c5,p13,l3,0.00
i03,e01,c5,p14,l3,0.00
i03,e01,c5,p15,l3,0.00
i03,e01,c5,p16,l3,1.36
i03,e01,c5,p17,l3,0.00
i03,e01,c5,p18,l3,0.00
i03,e01,c5,p19,l3,0.00
i03,e01,c5,p20,l3,0.00
i03,e01,c5,p21,l3,0.00
i03,e01,c5,p22,l3,0.00
i03,e01,c5,p23,l3,0.00
i03,e01,c5,p24,l3,0.00
i03,e01,c5,p25,l3,0.00
i03,e01,c5,p26,l3,0.00
i03,e01,c5,p28,l3,0.00
i03,e01,c5,p29,l3,0.00
i03,e01,c5,p30,l3,0.00
i03,e01,c5,p31,l3,0.00
i03,e01,c5,p32,l3,0.00
i03,e01,c5,p33,l3,0.00
i03,e01,c5,p35,l3,0.00
i03,e02,c3,p10,l3,0.00
i03,e02,c3,p11,l3,0.00
i03,e02,c3,p19,l3,0.00
i03,e02,c5,p01,l1,0.00
i03,e02,c5,p01,l3,0.00
i03,e02,c5,p02,l1,0.00
i03,e02,c5,p02,l3,0.00
i03,e02,c5,p03,l3,0.00
i03,e02,c5,p04,l3,0.00
i03,e02,c5,p05,l1,0.00
i03,e02,c5,p05,l3,0.00
i03,e02,c5,p06,l1,0.00
i03,e02,c5,p06,l3,0.00
i03,e02,c5,p07,l1,0.00
i03,e02,c5,p07,l3,0.00
i03,e02,c5,p10,l1,0.00
i03,e02,c5,p10,l3,0.00
i03,e02,c5,p11,l1,0.00
i03,e02,c5,p11,l3,0.00
i03,e02,c5,p12,l1,0.00
i03,e02,c5,p12,l3,0.00
i03,e02,c5,p13,l3,0.00
i03,e02,c5,p14,l1,0.00
i03,e02,c5,p14,l3,0.00
i03,e02,c5,p15,l1,0.00
i03,e02,c5,p15,l3,0.00
i03,e02,c5,p16,l1,0.00
i03,e02,c5,p16,l3,0.00
i03,e02,c5,p17,l1,0.00
i03,e02,c5,p17,l3,0.00
i03,e02,c5,p18,l1,0.00
i03,e02,c5,p18,l3,0.00
i03,e02,c5,p19,l1,0.00
i03,e02,c5,p19,l3,0.00
i03,e02,c5,p20,l3,0.00
i03,e02,c5,p21,l1,0.00
i03,e02,c5,p21,l3,0.00
i03,e02,c5,p22,l1,0.00
i03,e02,c5,p22,l3,0.00
i03,e02,c5,p24,l1,0.00
i03,e02,c5,p24,l3,0.00
i03,e02,c5,p29,l3,0.00
i03,e02,c5,p35,l1,0.00
i03,e02,c5,p35,l3,0.00
i03,e03,c5,p07,l3,0.00
i03,e03,c5,p12,l3,0.00
i03,e03,c5,p16,l3,0.00
i03,e03,c5,p35,l3,0.00
i03,e04,c3,p01,l1,0.00
i03,e04,c3,p01,l3,0.00
i03,e04,c3,p03,l1,0.00
i03,e04,c3,p03,l3,0.00
i03,e04,c3,p04,l3,0.00
i03,e04,c3,p05,l1,0.00
i03,e04,c3,p05,l3,0.00
i03,e04,c3,p06,l1,0.00
i03,e04,c3,p06,l3,0.00
i03,e04,c3,p07,l3,0.00
i03,e04,c3,p09,l3,0.00
i03,e04,c3,p10,l1,0.00
i03,e04,c3,p10,l3,0.00
i03,e04,c3,p11,l1,0.00
i03,e04,c3,p11,l3,0.00
i03,e04,c3,p12,l3,0.00
i03,e04,c3,p15,l3,0.00
i03,e04,c3,p16,l1,0.00
i03,e04,c3,p16,l3,0.00
i03,e04,c3,p18,l1,0.00
i03,e04,c3,p18,l3,0.00
i03,e04,c3,p19,l1,0.00
i03,e04,c3,p19,l3,0.00
i03,e04,c3,p20,l3,0.00
i03,e04,c3,p21,l1,0.00
i03,e04,c3,p21,l3,0.00
i03,e04,c3,p22,l3,0.00
i03,e04,c3,p23,l1,0.00
i03,e04,c3,p23,l3,0.00
i03,e04,c3,p24,l3,0.00
i03,e04,c3,p29,l1,0.00
i03,e04,c3,p29,l3,0.00
i03,e04,c3,p35,l3,0.00
i03,e04,c5,p01,l1,0.00
i03,e04,c5,p01,l3,0.00
i03,e04,c5,p02,l1,0.00
i03,e04,c5,p02,l3,0.00
i03,e04,c5,p03,l1,0.00
i03,e04,c5,p03,l3,0.00
i03,e04,c5,p04,l1,0.00
i03,e04,c5,p04,l3,0.00
i03,e04,c5,p05,l1,0.00
i03,e04,c5,p05,l3,0.00
i03,e04,c5,p06,l1,0.00
i03,e04,c5,p06,l3,0.00
i03,e04,c5,p07,l1,0.00
i03,e04,c5,p07,l3,0.00
i03,e04,c5,p08,l1,0.00
i03,e04,c5,p08,l3,0.00
i03,e04,c5,p09,l1,0.00
i03,e04,c5,p09,l3,0.00
i03,e04,c5,p10,l1,0.00
i03,e04,c5,p10,l3,1.52
i03,e04,c5,p11,l1,0.00
i03,e04,c5,p11,l3,1.48
i03,e04,c5,p12,l1,0.00
i03,e04,c5,p12,l3,0.00
i03,e04,c5,p13,l1,0.00
i03,e04,c5,p13,l3,0.00
i03,e04,c5,p14,l1,0.00
i03,e04,c5,p14,l3,0.00
i03,e04,c5,p15,l1,0.00
i03,e04,c5,p15,l3,0.00
i03,e04,c5,p16,l1,0.00
i03,e04,c5,p16,l3,0.00
i03,e04,c5,p17,l1,0.00
i03,e04,c5,p17,l3,0.00
i03,e04,c5,p18,l1,0.00
i03,e04,c5,p18,l3,0.00
i03,e04,c5,p19,l1,0.00
i03,e04,c5,p19,l3,0.00
i03,e04,c5,p20,l1,0.00
i03,e04,c5,p20,l3,0.00
i03,e04,c5,p21,l1,0.00
i03,e04,c5,p21,l3,0.00
i03,e04,c5,p22,l1,0.00
i03,e04,c5,p22,l3,0.00
i03,e04,c5,p23,l1,0.00
i03,e04,c5,p23,l3,0.00
i03,e04,c5,p24,l1,0.00
i03,e04,c5,p24,l3,0.00
i03,e04,c5,p25,l3,0.00
i03,e04,c5,p26,l3,0.00
i03,e04,c5,p28,l1,0.00
i03,e04,c5,p28,l3,0.00
i03,e04,c5,p29,l1,0.00
i03,e04,c5,p29,l3,0.00
i03,e04,c5,p30,l3,0.00
i03,e04,c5,p31,l1,0.00
i03,e04,c5,p31,l3,0.00
i03,e04,c5,p32,l1,0.00
i03,e04,c5,p32,l3,0.00
i03,e04,c5,p33,l3,0.00
i03,e04,c5,p35,l1,0.00
i03,e04,c5,p35,l3,0.00
i03,e05,c3,p03,l3,0.00
i03,e05,c3,p04,l3,0.00
i03,e05,c3,p09,l3,0.00
i03,e05,c3,p11,l3,0.00
i03,e05,c3,p19,l3,0.00
i03,e05,c3,p21,l3,0.00
i03,e05,c3,p29,l3,0.00
i03,e05,c5,p01,l1,0.00
i03,e05,c5,p01,l3,0.00
i03,e05,c5,p02,l1,0.00
i03,e05,c5,p02,l3,0.00
i03,e05,c5,p03,l1,0.00
i03,e05,c5,p03,l3,0.00
i03,e05,c5,p04,l1,0.00
i03,e05,c5,p04,l3,0.00
i03,e05,c5,p05,l1,0.00
i03,e05,c5,p05,l3,0.00
i03,e05,c5,p06,l1,0.00
i03,e05,c5,p06,l3,0.00
i03,e05,c5,p07,l1,0.00
i03,e05,c5,p07,l3,0.00
i03,e05,c5,p08,l1,0.00
i03,e05,c5,p08,l3,0.00
i03,e05,c5,p09,l1,0.00
i03,e05,c5,p09,l3,0.00
i03,e05,c5,p10,l1,0.00
i03,e05,c5,p10,l3,0.00
i03,e05,c5,p11,l1,0.00
i03,e05,c5,p11,l3,0.00
i03,e05,c5,p12,l1,0.00
i03,e05,c5,p12,l3,0.00
i03,e05,c5,p13,l1,0.00
i03,e05,c5,p13,l3,0.00
i03,e05,c5,p14,l1,0.00
i03,e05,c5,p14,l3,0.00
i03,e05,c5,p15,l1,0.00
i03,e05,c5,p15,l3,0.00
i03,e05,c5,p16,l1,0.00
i03,e05,c5,p16,l3,0.00
i03,e05,c5,p17,l1,0.00
i03,e05,c5,p17,l3,0.00
i03,e05,c5,p18,l1,0.00
i03,e05,c5,p18,l3,0.00
i03,e05,c5,p19,l1,0.00
i03,e05,c5,p19,l3,0.00
i03,e05,c5,p20,l3,0.00
i03,e05,c5,p21,l1,0.00
i03,e05,c5,p21,l3,0.00
i03,e05,c5,p22,l1,0.00
i03,e05,c5,p22,l3,0.00
i03,e05,c5,p23,l1,0.00
i03,e05,c5,p23,l3,0.00
i03,e05,c5,p24,l1,0.00
i03,e05,c5,p24,l3,0.00
i03,e05,c5,p25,l3,0.00
i03,e05,c5,p28,l1,0.00
i03,e05,c5,p28,l3,0.00
i03,e05,c5,p29,l1,0.00
i03,e05,c5,p29,l3,0.00
i03,e05,c5,p33,l3,0.00
i03,e05,c5,p35,l1,0.00
i03,e05,c5,p35,l3,0.00
i03,e07,c5,p01,l3,0.00
i03,e07,c5,p03,l3,0.00
i03,e07,c5,p04,l2,0.00
i03,e07,c5,p04,l3,0.00
i03,e07,c5,p05,l3,0.00
i03,e07,c5,p06,l3,0.00
i03,e07,c5,p07,l3,0.00
i03,e07,c5,p09,l3,0.00
i03,e07,c5,p10,l3,0.00
i03,e07,c5,p12,l3,0.00
i03,e07,c5,p13,l3,0.00
i03,e07,c5,p15,l3,0.00
i03,e07,c5,p16,l3,0.00
i03,e07,c5,p17,l3,0.00
i03,e07,c5,p19,l3,0.00
i03,e07,c5,p22,l3,0.00
i03,e07,c5,p23,l3,0.00
i03,e07,c5,p24,l3,0.00
i03,e07,c5,p35,l3,0.00
i03,e08,c3,p01,l2,0.00
i03,e08,c3,p01,l3,0.00
i03,e08,c3,p03,l2,0.00
i03,e08,c3,p03,l3,0.00
i03,e08,c3,p05,l3,0.00
i03,e08,c3,p06,l2,0.00
i03,e08,c3,p06,l3,0.00
i03,e08,c3,p07,l3,0.00
i03,e08,c3,p09,l3,0.00
i03,e08,c3,p10,l2,0.00
i03,e08,c3,p10,l3,0.00
i03,e08,c3,p11,l2,0.00
i03,e08,c3,p11,l3,0.00
i03,e08,c3,p15,l3,0.00
i03,e08,c3,p16,l2,0.00
i03,e08,c3,p16,l3,0.00
i03,e08,c3,p18,l2,0.00
i03,e08,c3,p18,l3,0.00
i03,e08,c3,p19,l2,0.00
i03,e08,c3,p19,l3,0.00
i03,e08,c3,p20,l3,0.00
i03,e08,c3,p21,l3,0.00
i03,e08,c3,p23,l2,0.00
i03,e08,c3,p23,l3,0.00
i03,e08,c3,p24,l3,0.00
i03,e08,c3,p29,l2,0.00
i03,e08,c3,p29,l3,0.00
i03,e08,c3,p35,l3,0.00
i03,e08,c5,p01,l2,0.00
i03,e08,c5,p01,l3,0.00
i03,e08,c5,p02,l2,0.00
i03,e08,c5,p02,l3,0.00
i03,e08,c5,p03,l2,0.00
i03,e08,c5,p03,l3,0.00
i03,e08,c5,p04,l2,0.00
i03,e08,c5,p04,l3,0.00
i03,e08,c5,p05,l2,0.00
i03,e08,c5,p05,l3,0.00
i03,e08,c5,p06,l2,0.00
i03,e08,c5,p06,l3,0.00
i03,e08,c5,p07,l2,0.00
i03,e08,c5,p07,l3,0.00
i03,e08,c5,p08,l2,0.00
i03,e08,c5,p08,l3,0.00
i03,e08,c5,p09,l2,0.00
i03,e08,c5,p09,l3,0.00
i03,e08,c5,p10,l2,0.00
i03,e08,c5,p10,l3,1.32
i03,e08,c5,p11,l2,0.00
i03,e08,c5,p11,l3,1.09
i03,e08,c5,p12,l2,0.00
i03,e08,c5,p12,l3,0.00
i03,e08,c5,p13,l2,0.00
i03,e08,c5,p13,l3,0.00
i03,e08,c5,p14,l2,0.00
i03,e08,c5,p14,l3,0.00
i03,e08,c5,p15,l2,0.00
i03,e08,c5,p15,l3,0.00
i03,e08,c5,p16,l2,0.00
i03,e08,c5,p16,l3,0.00
i03,e08,c5,p17,l2,0.00
i03,e08,c5,p17,l3,0.00
i03,e08,c5,p18,l2,0.00
i03,e08,c5,p18,l3,0.00
i03,e08,c5,p19,l2,0.00
i03,e08,c5,p19,l3,0.00
i03,e08,c5,p20,l2,0.00
i03,e08,c5,p20,l3,0.00
i03,e08,c5,p21,l2,0.00
i03,e08,c5,p21,l3,1.06
i03,e08,c5,p22,l2,0.00
i03,e08,c5,p22,l3,0.00
i03,e08,c5,p23,l2,0.00
i03,e08,c5,p23,l3,0.00
i03,e08,c5,p24,l2,0.00
i03,e08,c5,p24,l3,0.00
i03,e08,c5,p25,l3,0.00
i03,e08,c5,p26,l3,0.00
i03,e08,c5,p28,l2,0.00
i03,e08,c5,p28,l3,0.00
i03,e08,c5,p29,l2,0.00
i03,e08,c5,p29,l3,0.00
i03,e08,c5,p30,l2,0.00
i03,e08,c5,p30,l3,0.00
i03,e08,c5,p31,l3,0.00
i03,e08,c5,p32,l2,0.00
i03,e08,c5,p32,l3,0.00
i03,e08,c5,p33,l3,0.00
i03,e08,c5,p35,l2,0.00
i03,e08,c5,p35,l3,0.00
i03,e09,c3,p01,l3,0.00
i03,e09,c3,p03,l2,0.00
i03,e09,c3,p03,l3,0.00
i03,e09,c3,p04,l3,0.00
i03,e09,c3,p05,l2,0.00
i03,e09,c3,p05,l3,0.00
i03,e09,c3,p06,l2,0.00
i03,e09,c3,p06,l3,0.00
i03,e09,c3,p09,l3,0.00
i03,e09,c3,p10,l2,0.00
i03,e09,c3,p10,l3,0.00
i03,e09,c3,p11,l2,0.00
i03,e09,c3,p11,l3,0.00
i03,e09,c3,p12,l3,0.00
i03,e09,c3,p15,l3,0.00
i03,e09,c3,p16,l2,0.00
i03,e09,c3,p16,l3,0.00
i03,e09,c3,p18,l3,0.00
i03,e09,c3,p19,l2,0.00
i03,e09,c3,p19,l3,0.00
i03,e09,c3,p20,l3,0.00
i03,e09,c3,p21,l2,0.00
i03,e09,c3,p21,l3,0.00
i03,e09,c3,p23,l2,0.00
i03,e09,c3,p23,l3,0.00
i03,e09,c3,p29,l3,0.00
i03,e09,c3,p35,l3,0.00
i03,e09,c5,p01,l2,0.00
i03,e09,c5,p01,l3,0.00
i03,e09,c5,p02,l2,0.00
i03,e09,c5,p02,l3,0.00
i03,e09,c5,p03,l2,0.00
i03,e09,c5,p03,l3,0.00
i03,e09,c5,p04,l2,0.00
i03,e09,c5,p04,l3,0.00
i03,e09,c5,p05,l2,0.00
i03,e09,c5,p05,l3,0.00
i03,e09,c5,p06,l2,0.00
i03,e09,c5,p06,l3,0.00
i03,e09,c5,p07,l2,0.00
i03,e09,c5,p07,l3,0.00
i03,e09,c5,p08,l2,0.00
i03,e09,c5,p08,l3,0.00
i03,e09,c5,p09,l2,0.00
i03,e09,c5,p09,l3,0.00
i03,e09,c5,p10,l2,0.00
i03,e09,c5,p10,l3,0.00
i03,e09,c5,p11,l2,0.00
i03,e09,c5,p11,l3,0.00
i03,e09,c5,p12,l2,0.00
i03,e09,c5,p12,l3,0.00
i03,e09,c5,p13,l2,0.00
i03,e09,c5,p13,l3,0.00
i03,e09,c5,p14,l2,0.00
i03,e09,c5,p14,l3,0.00
i03,e09,c5,p15,l2,0.00
i03,e09,c5,p15,l3,0.00
i03,e09,c5,p16,l2,0.00
i03,e09,c5,p16,l3,0.00
i03,e09,c5,p17,l2,0.00
i03,e09,c5,p17,l3,0.00
i03,e09,c5,p18,l2,0.00
i03,e09,c5,p18,l3,0.00
i03,e09,c5,p19,l2,0.00
i03,e09,c5,p19,l3,0.00
i03,e09,c5,p20,l2,0.00
i03,e09,c5,p20,l3,0.00
i03,e09,c5,p21,l2,0.00
i03,e09,c5,p21,l3,0.00
i03,e09,c5,p22,l2,0.00
i03,e09,c5,p22,l3,0.00
i03,e09,c5,p23,l2,0.00
i03,e09,c5,p23,l3,0.00
i03,e09,c5,p24,l2,0.00
i03,e09,c5,p24,l3,0.00
i03,e09,c5,p25,l3,0.00
i03,e09,c5,p26,l3,0.00
i03,e09,c5,p28,l2,0.00
i03,e09,c5,p28,l3,0.00
i03,e09,c5,p29,l2,0.00
i03,e09,c5,p29,l3,0.00
i03,e09,c5,p30,l3,0.00
i03,e09,c5,p31,l2,0.00
i03,e09,c5,p31,l3,0.00
i03,e09,c5,p32,l2,0.00
i03,e09,c5,p32,l3,0.00
i03,e09,c5,p33,l3,0.00
i03,e09,c5,p35,l2,0.00
i03,e09,c5,p35,l3,0.00
i03,e10,c3,p01,l3,0.00
i03,e10,c3,p03,l1,0.00
i03,e10,c3,p03,l3,0.00
i03,e10,c3,p04,l3,0.00
i03,e10,c3,p05,l1,0.00
i03,e10,c3,p05,l3,0.00
i03,e10,c3,p06,l1,0.00
i03,e10,c3,p06,l3,0.00
i03,e10,c3,p07,l3,0.00
i03,e10,c3,p09,l3,0.00
i03,e10,c3,p10,l1,0.00
i03,e10,c3,p10,l3,0.00
i03,e10,c3,p11,l1,0.00
i03,e10,c3,p11,l3,0.00
i03,e10,c3,p12,l3,0.00
i03,e10,c3,p15,l1,0.00
i03,e10,c3,p15,l3,0.00
i03,e10,c3,p16,l1,0.00
i03,e10,c3,p16,l3,0.00
i03,e10,c3,p18,l1,0.00
i03,e10,c3,p18,l3,0.00
i03,e10,c3,p19,l1,0.00
i03,e10,c3,p19,l3,0.00
i03,e10,c3,p20,l1,0.00
i03,e10,c3,p20,l3,0.00
i03,e10,c3,p21,l1,0.00
i03,e10,c3,p21,l3,0.00
i03,e10,c3,p22,l3,0.00
i03,e10,c3,p23,l1,0.00
i03,e10,c3,p23,l3,0.00
i03,e10,c3,p29,l1,0.00
i03,e10,c3,p29,l3,0.00
i03,e10,c3,p35,l1,0.00
i03,e10,c3,p35,l3,0.00
i03,e10,c5,p01,l1,0.00
i03,e10,c5,p01,l2,0.00
i03,e10,c5,p01,l3,0.00
i03,e10,c5,p02,l1,0.00
i03,e10,c5,p02,l3,0.00
i03,e10,c5,p03,l1,0.00
i03,e10,c5,p03,l2,0.00
i03,e10,c5,p03,l3,0.00
i03,e10,c5,p04,l1,0.00
i03,e10,c5,p04,l3,0.00
i03,e10,c5,p05,l1,0.00
i03,e10,c5,p05,l2,0.00
i03,e10,c5,p05,l3,0.00
i03,e10,c5,p06,l1,0.00
i03,e10,c5,p06,l2,0.00
i03,e10,c5,p06,l3,0.00
i03,e10,c5,p07,l1,0.00
i03,e10,c5,p07,l2,0.00
i03,e10,c5,p07,l3,0.00
i03,e10,c5,p08,l1,0.00
i03,e10,c5,p08,l2,0.00
i03,e10,c5,p08,l3,0.00
i03,e10,c5,p09,l1,0.00
i03,e10,c5,p09,l3,0.00
i03,e10,c5,p10,l1,0.00
i03,e10,c5,p10,l2,0.00
i03,e10,c5,p10,l3,0.00
i03,e10,c5,p11,l1,0.00
i03,e10,c5,p11,l2,0.00
i03,e10,c5,p11,l3,0.00
i03,e10,c5,p12,l1,0.00
i03,e10,c5,p12,l2,0.00
i03,e10,c5,p12,l3,0.00
i03,e10,c5,p13,l1,0.00
i03,e10,c5,p13,l2,0.00
i03,e10,c5,p13,l3,0.00
i03,e10,c5,p14,l1,0.00
i03,e10,c5,p14,l2,0.00
i03,e10,c5,p14,l3,0.00
i03,e10,c5,p15,l1,0.00
i03,e10,c5,p15,l2,0.00
i03,e10,c5,p15,l3,0.00
i03,e10,c5,p16,l1,0.00
i03,e10,c5,p16,l2,0.00
i03,e10,c5,p16,l3,1.20
i03,e10,c5,p17,l1,0.00
i03,e10,c5,p17,l2,0.00
i03,e10,c5,p17,l3,0.00
i03,e10,c5,p18,l1,0.00
i03,e10,c5,p18,l2,0.00
i03,e10,c5,p18,l3,0.00
i03,e10,c5,p19,l1,0.00
i03,e10,c5,p19,l2,0.00
i03,e10,c5,p19,l3,0.00
i03,e10,c5,p20,l1,0.00
i03,e10,c5,p20,l3,0.00
i03,e10,c5,p21,l1,0.00
i03,e10,c5,p21,l2,0.00
i03,e10,c5,p21,l3,0.00
i03,e10,c5,p22,l1,0.00
i03,e10,c5,p22,l2,0.00
i03,e10,c5,p22,l3,0.00
i03,e10,c5,p23,l1,0.00
i03,e10,c5,p23,l2,0.00
i03,e10,c5,p23,l3,0.00
i03,e10,c5,p24,l1,0.00
i03,e10,c5,p24,l2,0.00
i03,e10,c5,p24,l3,0.00
i03,e10,c5,p25,l1,0.00
i03,e10,c5,p25,l3,0.00
i03,e10,c5,p26,l1,0.00
i03,e10,c5,p26,l3,0.00
i03,e10,c5,p28,l1,0.00
i03,e10,c5,p28,l3,0.00
i03,e10,c5,p29,l1,0.00
i03,e10,c5,p29,l2,0.00
i03,e10,c5,p29,l3,0.00
i03,e10,c5,p30,l3,0.00
i03,e10,c5,p31,l1,0.00
i03,e10,c5,p31,l3,0.00
i03,e10,c5,p32,l3,0.00
i03,e10,c5,p33,l1,0.00
i03,e10,c5,p33,l3,0.00
i03,e10,c5,p35,l1,0.00
i03,e10,c5,p35,l2,0.00
i03,e10,c5,p35,l3,0.00
i03,e11,c5,p01,l2,0.00
i03,e11,c5,p01,l3,0.00
i03,e11,c5,p02,l3,0.00
i03,e11,c5,p04,l3,0.00
i03,e11,c5,p05,l2,0.00
i03,e11,c5,p05,l3,0.00
i03,e11,c5,p06,l3,0.00
i03,e11,c5,p07,l2,0.00
i03,e11,c5,p07,l3,0.00
i03,e11,c5,p08,l3,0.00
i03,e11,c5,p10,l2,0.00
i03,e11,c5,p10,l3,0.00
i03,e11,c5,p11,l3,0.00
i03,e11,c5,p12,l2,0.00
i03,e11,c5,p12,l3,0.00
i03,e11,c5,p14,l3,0.00
i03,e11,c5,p15,l2,0.00
i03,e11,c5,p15,l3,0.00
i03,e11,c5,p16,l2,0.00
i03,e11,c5,p16,l3,0.00
i03,e11,c5,p17,l3,0.00
i03,e11,c5,p18,l2,0.00
i03,e11,c5,p18,l3,0.00
i03,e11,c5,p19,l2,0.00
i03,e11,c5,p19,l3,0.00
i03,e11,c5,p21,l2,0.00
i03,e11,c5,p21,l3,0.00
i03,e11,c5,p23,l2,0.00
i03,e11,c5,p23,l3,0.00
i03,e11,c5,p24,l3,0.00
i03,e11,c5,p29,l2,0.00
i03,e11,c5,p29,l3,0.00
i03,e11,c5,p35,l2,0.00
i03,e11,c5,p35,l3,0.00
i03,e12,c3,p29,l3,0.00
i03,e12,c5,p01,l3,0.00
i03,e12,c5,p02,l3,0.00
i03,e12,c5,p03,l3,0.00
i03,e12,c5,p04,l3,0.00
i03,e12,c5,p05,l3,0.00
i03,e12,c5,p06,l3,0.00
i03,e12,c5,p07,l3,0.00
i03,e12,c5,p08,l3,0.00
i03,e12,c5,p09,l3,0.00
i03,e12,c5,p10,l3,0.00
i03,e12,c5,p11,l3,0.00
i03,e12,c5,p12,l3,0.00
i03,e12,c5,p13,l3,0.00
i03,e12,c5,p14,l3,0.00
i03,e12,c5,p15,l3,0.00
i03,e12,c5,p16,l3,0.00
i03,e12,c5,p17,l3,0.00
i03,e12,c5,p18,l3,0.00
i03,e12,c5,p19,l3,0.00
i03,e12,c5,p20,l3,0.00
i03,e12,c5,p21,l3,0.00
i03,e12,c5,p22,l3,0.00
i03,e12,c5,p23,l3,0.00
i03,e12,c5,p24,l3,0.00
i03,e12,c5,p29,l3,0.00
i03,e12,c5,p32,l3,0.00
i03,e12,c5,p35,l3,0.00
i04,e01,c3,p03,l3,0.00
i04,e01,c3,p10,l3,0.00
i04,e01,c3,p21,l3,0.00
i04,e01,c3,p24,l3,3.47
i04,e01,c3,p35,l3,0.00
i04,e01,c5,p10,l3,0.00
i04,e02,c3,p10,l3,0.00
i04,e02,c3,p24,l3,0.00
i04,e04,c3,p03,l1,0.00
i04,e04,c3,p03,l3,0.00
i04,e04,c3,p10,l1,0.00
i04,e04,c3,p10,l3,0.00
i04,e04,c3,p21,l1,0.00
i04,e04,c3,p21,l3,0.00
i04,e04,c3,p24,l1,0.00
i04,e04,c3,p24,l3,0.00
i04,e04,c3,p35,l1,0.00
i04,e04,c3,p35,l3,0.00
i04,e04,c5,p10,l1,0.00
i04,e05,c3,p10,l3,0.00
i04,e05,c3,p24,l3,0.00
i04,e05,c3,p35,l3,0.00
i04,e08,c3,p03,l3,0.00
i04,e08,c3,p10,l2,0.00
i04,e08,c3,p10,l3,0.00
i04,e08,c3,p21,l2,0.00
i04,e08,c3,p21,l3,0.00
i04,e08,c3,p24,l2,0.00
i04,e08,c3,p24,l3,0.00
i04,e08,c3,p35,l3,0.00
i04,e08,c5,p10,l2,0.00
i04,e09,c3,p03,l2,0.00
i04,e09,c3,p03,l3,0.00
i04,e09,c3,p10,l2,0.00
i04,e09,c3,p10,l3,0.00
i04,e09,c3,p21,l2,0.00
i04,e09,c3,p21,l3,0.00
i04,e09,c3,p24,l2,0.00
i04,e09,c3,p24,l3,12.28
i04,e09,c3,p35,l2,0.00
i04,e09,c3,p35,l3,0.00
i04,e09,c5,p10,l2,0.00
i04,e11,c3,p03,l2,0.00
i04,e11,c3,p10,l2,0.00
i04,e11,c3,p10,l3,0.00
i04,e11,c3,p21,l3,0.00
i04,e11,c3,p24,l2,0.00
i04,e11,c3,p24,l3,0.00
i04,e11,c3,p35,l2,0.00
i04,e11,c3,p35,l3,0.00
i05,e01,c1,p01,l3,1.24
i05,e01,c1,p02,l3,0.00
i05,e01,c1,p03,l3,0.00
i05,e01,c1,p04,l3,0.00
i05,e01,c1,p05,l3,0.00
i05,e01,c1,p06,l3,0.00
i05,e01,c1,p07,l3,1.52
i05,e01,c1,p08,l3,0.00
i05,e01,c1,p09,l3,0.00
i05,e01,c1,p10,l3,1.60
i05,e01,c1,p11,l3,1.38
i05,e01,c1,p12,l3,0.00
i05,e01,c1,p13,l3,0.00
i05,e01,c1,p14,l3,0.00
i05,e01,c1,p15,l3,0.00
i05,e01,c1,p16,l3,0.00
i05,e01,c1,p17,l3,0.00
i05,e01,c1,p18,l3,0.00
i05,e01,c1,p19,l3,8.81
i05,e01,c1,p20,l3,0.00
i05,e01,c1,p21,l3,0.00
i05,e01,c1,p22,l3,0.00
i05,e01,c1,p23,l3,0.00
i05,e01,c1,p24,l3,0.00
i05,e01,c1,p25,l3,1.04
i05,e01,c1,p26,l3,0.00
i05,e01,c1,p27,l3,0.00
i05,e01,c1,p28,l3,0.00
i05,e01,c1,p29,l3,0.00
i05,e01,c1,p30,l3,0.00
i05,e01,c1,p31,l3,0.00
i05,e01,c1,p32,l3,0.00
i05,e01,c1,p33,l3,0.00
i05,e01,c1,p34,l3,1.56
i05,e01,c1,p35,l3,5.13
i05,e01,c4,p01,l3,0.00
i05,e01,c4,p02,l3,0.00
i05,e01,c4,p03,l3,0.00
i05,e01,c4,p04,l3,0.00
i05,e01,c4,p05,l3,0.00
i05,e01,c4,p06,l3,0.00
i05,e01,c4,p07,l3,0.00
i05,e01,c4,p08,l3,0.00
i05,e01,c4,p09,l3,0.00
i05,e01,c4,p10,l3,0.00
i05,e01,c4,p11,l3,0.00
i05,e01,c4,p12,l3,0.00
i05,e01,c4,p13,l3,0.00
i05,e01,c4,p14,l3,0.00
i05,e01,c4,p15,l3,0.00
i05,e01,c4,p16,l3,0.00
i05,e01,c4,p17,l3,0.00
i05,e01,c4,p18,l3,0.00
i05,e01,c4,p19,l3,0.00
i05,e01,c4,p20,l3,0.00
i05,e01,c4,p21,l3,0.00
i05,e01,c4,p22,l3,0.00
i05,e01,c4,p23,l3,0.00
i05,e01,c4,p24,l3,0.00
i05,e01,c4,p25,l3,0.00
i05,e01,c4,p26,l3,0.00
i05,e01,c4,p28,l3,0.00
i05,e01,c4,p29,l3,0.00
i05,e01,c4,p30,l3,0.00
i05,e01,c4,p31,l3,0.00
i05,e01,c4,p32,l3,0.00
i05,e01,c4,p33,l3,0.00
i05,e01,c4,p35,l3,0.00
i05,e01,c7,p01,l3,0.00
i05,e01,c7,p03,l3,0.00
i05,e01,c7,p05,l3,0.00
i05,e01,c7,p10,l3,0.00
i05,e01,c7,p11,l3,0.00
i05,e01,c7,p12,l3,0.00
i05,e01,c7,p14,l3,0.00
i05,e01,c7,p17,l3,0.00
i05,e01,c7,p19,l3,0.00
i05,e01,c7,p21,l3,0.00
i05,e01,c7,p24,l3,0.00
i05,e01,c7,p35,l3,0.00
i05,e03,c1,p01,l3,1.11
i05,e03,c1,p02,l3,0.00
i05,e03,c1,p03,l3,1.56
i05,e03,c1,p04,l3,0.00
i05,e03,c1,p05,l3,0.00
i05,e03,c1,p06,l3,0.00
i05,e03,c1,p07,l3,0.00
i05,e03,c1,p08,l3,1.07
i05,e03,c1,p09,l3,0.00
i05,e03,c1,p10,l3,0.00
i05,e03,c1,p11,l3,0.00
i05,e03,c1,p12,l3,2.14
i05,e03,c1,p13,l3,0.00
i05,e03,c1,p14,l3,0.00
i05,e03,c1,p15,l3,0.00
i05,e03,c1,p16,l3,0.00
i05,e03,c1,p17,l3,0.00
i05,e03,c1,p18,l3,0.00
i05,e03,c1,p19,l3,0.00
i05,e03,c1,p20,l3,0.00
i05,e03,c1,p21,l3,0.00
i05,e03,c1,p22,l3,0.00
i05,e03,c1,p23,l3,0.00
i05,e03,c1,p24,l3,0.00
i05,e03,c1,p25,l3,0.00
i05,e03,c1,p26,l3,0.00
i05,e03,c1,p27,l3,0.00
i05,e03,c1,p28,l3,0.00
i05,e03,c1,p29,l3,0.00
i05,e03,c1,p30,l3,0.00
i05,e03,c1,p31,l3,0.00
i05,e03,c1,p32,l3,0.00
i05,e03,c1,p33,l3,0.00
i05,e03,c1,p34,l3,0.00
i05,e03,c1,p35,l3,0.00
i05,e03,c4,p01,l3,0.00
i05,e03,c4,p02,l3,0.00
i05,e03,c4,p03,l3,0.00
i05,e03,c4,p04,l3,0.00
i05,e03,c4,p05,l3,0.00
i05,e03,c4,p06,l3,0.00
i05,e03,c4,p07,l3,0.00
i05,e03,c4,p08,l3,0.00
i05,e03,c4,p09,l3,0.00
i05,e03,c4,p10,l3,0.00
i05,e03,c4,p11,l3,0.00
i05,e03,c4,p12,l3,0.00
i05,e03,c4,p13,l3,0.00
i05,e03,c4,p14,l3,0.00
i05,e03,c4,p15,l3,0.00
i05,e03,c4,p16,l3,0.00
i05,e03,c4,p17,l3,0.00
i05,e03,c4,p18,l3,0.00
i05,e03,c4,p19,l3,0.00
i05,e03,c4,p20,l3,0.00
i05,e03,c4,p21,l3,0.00
i05,e03,c4,p22,l3,0.00
i05,e03,c4,p23,l3,0.00
i05,e03,c4,p24,l3,0.00
i05,e03,c4,p25,l3,0.00
i05,e03,c4,p26,l3,0.00
i05,e03,c4,p28,l3,0.00
i05,e03,c4,p29,l3,0.00
i05,e03,c4,p30,l3,0.00
i05,e03,c4,p31,l3,0.00
i05,e03,c4,p32,l3,0.00
i05,e03,c4,p33,l3,0.00
i05,e03,c4,p35,l3,0.00
i05,e03,c7,p01,l3,0.00
i05,e03,c7,p02,l3,0.00
i05,e03,c7,p03,l3,0.00
i05,e03,c7,p05,l3,0.00
i05,e03,c7,p06,l3,0.00
i05,e03,c7,p10,l3,0.00
i05,e03,c7,p11,l3,0.00
i05,e03,c7,p12,l3,0.00
i05,e03,c7,p13,l3,0.00
i05,e03,c7,p15,l3,0.00
i05,e03,c7,p17,l3,0.00
i05,e03,c7,p18,l3,0.00
i05,e03,c7,p19,l3,0.00
i05,e03,c7,p21,l3,0.00
i05,e03,c7,p24,l3,0.00
i05,e03,c7,p26,l3,0.00
i05,e03,c7,p29,l3,0.00
i05,e03,c7,p35,l3,0.00
i05,e03,c8,p35,l3,0.00
i05,e04,c1,p01,l1,0.00
i05,e04,c1,p01,l3,0.00
i05,e04,c1,p02,l1,0.00
i05,e04,c1,p02,l3,0.00
i05,e04,c1,p03,l1,0.00
i05,e04,c1,p03,l3,0.00
i05,e04,c1,p04,l1,0.00
i05,e04,c1,p04,l3,0.00
i05,e04,c1,p05,l1,0.00
i05,e04,c1,p05,l3,0.00
i05,e04,c1,p06,l1,0.00
i05,e04,c1,p06,l3,0.00
i05,e04,c1,p07,l1,0.00
i05,e04,c1,p07,l3,0.00
i05,e04,c1,p08,l1,0.00
i05,e04,c1,p08,l3,0.00
i05,e04,c1,p09,l1,0.00
i05,e04,c1,p09,l3,0.00
i05,e04,c1,p10,l1,0.00
i05,e04,c1,p10,l3,0.00
i05,e04,c1,p11,l1,0.00
i05,e04,c1,p11,l3,0.00
i05,e04,c1,p12,l1,0.00
i05,e04,c1,p12,l3,0.00
i05,e04,c1,p13,l1,0.00
i05,e04,c1,p13,l3,0.00
i05,e04,c1,p14,l1,0.00
i05,e04,c1,p14,l3,0.00
i05,e04,c1,p15,l1,0.00
i05,e04,c1,p15,l3,0.00
i05,e04,c1,p16,l1,0.00
i05,e04,c1,p16,l3,0.00
i05,e04,c1,p17,l1,0.00
i05,e04,c1,p17,l3,0.00
i05,e04,c1,p18,l1,0.00
i05,e04,c1,p18,l3,0.00
i05,e04,c1,p19,l1,0.00
i05,e04,c1,p19,l3,2.21
i05,e04,c1,p20,l1,0.00
i05,e04,c1,p20,l3,0.00
i05,e04,c1,p21,l1,0.00
i05,e04,c1,p21,l3,0.00
i05,e04,c1,p22,l1,0.00
i05,e04,c1,p22,l3,0.00
i05,e04,c1,p23,l1,0.00
i05,e04,c1,p23,l3,0.00
i05,e04,c1,p24,l1,0.00
i05,e04,c1,p24,l3,0.00
i05,e04,c1,p25,l1,0.00
i05,e04,c1,p25,l3,0.00
i05,e04,c1,p26,l1,0.00
i05,e04,c1,p26,l3,0.00
i05,e04,c1,p27,l1,0.00
i05,e04,c1,p27,l3,0.00
i05,e04,c1,p28,l1,0.00
i05,e04,c1,p28,l3,0.00
i05,e04,c1,p29,l1,0.00
i05,e04,c1,p29,l3,0.00
i05,e04,c1,p30,l1,0.00
i05,e04,c1,p30,l3,0.00
i05,e04,c1,p31,l1,0.00
i05,e04,c1,p31,l3,0.00
i05,e04,c1,p32,l1,0.00
i05,e04,c1,p32,l3,0.00
i05,e04,c1,p33,l1,0.00
i05,e04,c1,p33,l3,0.00
i05,e04,c1,p34,l1,0.00
i05,e04,c1,p34,l3,0.00
i05,e04,c1,p35,l1,0.00
i05,e04,c1,p35,l3,2.18
i05,e04,c4,p01,l1,0.00
i05,e04,c4,p01,l3,0.00
i05,e04,c4,p02,l1,0.00
i05,e04,c4,p02,l3,0.00
i05,e04,c4,p03,l1,0.00
i05,e04,c4,p03,l3,0.00
i05,e04,c4,p04,l1,0.00
i05,e04,c4,p04,l3,0.00
i05,e04,c4,p05,l1,0.00
i05,e04,c4,p05,l3,0.00
i05,e04,c4,p06,l3,0.00
i05,e04,c4,p07,l1,0.00
i05,e04,c4,p07,l3,0.00
i05,e04,c4,p08,l1,0.00
i05,e04,c4,p08,l3,0.00
i05,e04,c4,p09,l1,0.00
i05,e04,c4,p09,l3,0.00
i05,e04,c4,p10,l1,0.00
i05,e04,c4,p10,l3,0.00
i05,e04,c4,p11,l1,0.00
i05,e04,c4,p11,l3,0.00
i05,e04,c4,p12,l1,0.00
i05,e04,c4,p12,l3,0.00
i05,e04,c4,p13,l1,0.00
i05,e04,c4,p13,l3,0.00
i05,e04,c4,p14,l1,0.00
i05,e04,c4,p14,l3,0.00
i05,e04,c4,p15,l1,0.00
i05,e04,c4,p15,l3,0.00
i05,e04,c4,p16,l1,0.00
i05,e04,c4,p16,l3,0.00
i05,e04,c4,p17,l1,0.00
i05,e04,c4,p17,l3,0.00
i05,e04,c4,p18,l1,0.00
i05,e04,c4,p18,l3,0.00
i05,e04,c4,p19,l1,0.00
i05,e04,c4,p19,l3,0.00
i05,e04,c4,p20,l1,0.00
i05,e04,c4,p20,l3,0.00
i05,e04,c4,p21,l1,0.00
i05,e04,c4,p21,l3,0.00
i05,e04,c4,p22,l3,0.00
i05,e04,c4,p23,l1,0.00
i05,e04,c4,p23,l3,0.00
i05,e04,c4,p24,l1,0.00
i05,e04,c4,p24,l3,0.00
i05,e04,c4,p25,l3,0.00
i05,e04,c4,p26,l3,0.00
i05,e04,c4,p28,l3,0.00
i05,e04,c4,p29,l3,0.00
i05,e04,c4,p30,l3,0.00
i05,e04,c4,p31,l3,0.00
i05,e04,c4,p32,l1,0.00
i05,e04,c4,p32,l3,0.00
i05,e04,c4,p33,l3,0.00
i05,e04,c4,p35,l1,0.00
i05,e04,c4,p35,l3,0.00
i05,e04,c7,p01,l3,0.00
i05,e04,c7,p03,l3,0.00
i05,e04,c7,p05,l3,0.00
i05,e04,c7,p10,l1,0.00
i05,e04,c7,p10,l3,0.00
i05,e04,c7,p11,l3,0.00
i05,e04,c7,p12,l3,0.00
i05,e04,c7,p13,l3,0.00
i05,e04,c7,p14,l3,0.00
i05,e04,c7,p17,l1,0.00
i05,e04,c7,p17,l3,0.00
i05,e04,c7,p19,l3,0.00
i05,e04,c7,p24,l3,0.00
i05,e04,c7,p35,l1,0.00
i05,e04,c7,p35,l3,0.00
i05,e05,c1,p01,l1,0.00
i05,e05,c1,p01,l3,0.00
i05,e05,c1,p02,l1,0.00
i05,e05,c1,p02,l3,0.00
i05,e05,c1,p03,l1,0.00
i05,e05,c1,p03,l3,0.00
i05,e05,c1,p04,l1,0.00
i05,e05,c1,p04,l3,0.00
i05,e05,c1,p05,l1,0.00
i05,e05,c1,p05,l3,0.00
i05,e05,c1,p06,l1,0.00
i05,e05,c1,p06,l3,0.00
i05,e05,c1,p07,l1,0.00
i05,e05,c1,p07,l3,0.00
i05,e05,c1,p08,l1,0.00
i05,e05,c1,p08,l3,0.00
i05,e05,c1,p09,l1,0.00
i05,e05,c1,p09,l3,0.00
i05,e05,c1,p10,l1,0.00
i05,e05,c1,p10,l3,0.00
i05,e05,c1,p11,l1,0.00
i05,e05,c1,p11,l3,0.00
i05,e05,c1,p12,l1,0.00
i05,e05,c1,p12,l3,0.00
i05,e05,c1,p13,l1,0.00
i05,e05,c1,p13,l3,0.00
i05,e05,c1,p14,l1,0.00
i05,e05,c1,p14,l3,0.00
i05,e05,c1,p15,l1,0.00
i05,e05,c1,p15,l3,0.00
i05,e05,c1,p16,l1,0.00
i05,e05,c1,p16,l3,0.00
i05,e05,c1,p17,l1,0.00
i05,e05,c1,p17,l3,0.00
i05,e05,c1,p18,l1,0.00
i05,e05,c1,p18,l3,0.00
i05,e05,c1,p19,l1,0.00
i05,e05,c1,p19,l3,0.00
i05,e05,c1,p20,l1,0.00
i05,e05,c1,p20,l3,0.00
i05,e05,c1,p21,l1,0.00
i05,e05,c1,p21,l3,0.00
i05,e05,c1,p22,l1,0.00
i05,e05,c1,p22,l3,0.00
i05,e05,c1,p23,l1,0.00
i05,e05,c1,p23,l3,0.00
i05,e05,c1,p24,l1,0.00
i05,e05,c1,p24,l3,0.00
i05,e05,c1,p25,l1,0.00
i05,e05,c1,p25,l3,0.00
i05,e05,c1,p26,l1,0.00
i05,e05,c1,p26,l3,0.00
i05,e05,c1,p27,l3,0.00
i05,e05,c1,p28,l1,0.00
i05,e05,c1,p28,l3,0.00
i05,e05,c1,p29,l1,0.00
i05,e05,c1,p29,l3,0.00
i05,e05,c1,p30,l1,0.00
i05,e05,c1,p30,l3,0.00
i05,e05,c1,p31,l1,0.00
i05,e05,c1,p31,l3,0.00
i05,e05,c1,p32,l1,0.00
i05,e05,c1,p32,l3,0.00
i05,e05,c1,p33,l1,0.00
i05,e05,c1,p33,l3,0.00
i05,e05,c1,p34,l3,0.00
i05,e05,c1,p35,l1,0.00
i05,e05,c1,p35,l3,0.00
i05,e05,c4,p01,l3,0.00
i05,e05,c4,p02,l1,0.00
i05,e05,c4,p02,l3,0.00
i05,e05,c4,p03,l1,0.00
i05,e05,c4,p03,l3,0.00
i05,e05,c4,p04,l3,0.00
i05,e05,c4,p05,l1,0.00
i05,e05,c4,p05,l3,0.00
i05,e05,c4,p06,l3,0.00
i05,e05,c4,p07,l1,0.00
i05,e05,c4,p07,l3,0.00
i05,e05,c4,p08,l3,0.00
i05,e05,c4,p09,l1,0.00
i05,e05,c4,p09,l3,0.00
i05,e05,c4,p10,l1,0.00
i05,e05,c4,p10,l3,0.00
i05,e05,c4,p11,l3,0.00
i05,e05,c4,p12,l1,0.00
i05,e05,c4,p12,l3,0.00
i05,e05,c4,p13,l3,0.00
i05,e05,c4,p15,l1,0.00
i05,e05,c4,p15,l3,0.00
i05,e05,c4,p16,l3,0.00
i05,e05,c4,p17,l3,0.00
i05,e05,c4,p18,l3,0.00
i05,e05,c4,p19,l3,0.00
i05,e05,c4,p21,l3,0.00
i05,e05,c4,p22,l3,0.00
i05,e05,c4,p23,l3,0.00
i05,e05,c4,p24,l3,0.00
i05,e05,c4,p28,l3,0.00
i05,e05,c4,p29,l1,0.00
i05,e05,c4,p29,l3,0.00
i05,e05,c4,p35,l1,0.00
i05,e05,c4,p35,l3,0.00
i05,e05,c7,p05,l3,0.00
i05,e05,c7,p10,l1,0.00
i05,e05,c7,p10,l3,0.00
i05,e05,c7,p35,l1,0.00
i05,e05,c7,p35,l3,0.00
i05,e06,c1,p01,l3,1.21
i05,e06,c1,p02,l3,0.00
i05,e06,c1,p03,l3,0.00
i05,e06,c1,p04,l3,0.00
i05,e06,c1,p05,l3,0.00
i05,e06,c1,p06,l3,1.17
i05,e06,c1,p07,l3,0.00
i05,e06,c1,p08,l3,1.59
i05,e06,c1,p09,l3,1.47
i05,e06,c1,p10,l3,2.47
i05,e06,c1,p11,l3,0.00
i05,e06,c1,p12,l3,0.00
i05,e06,c1,p13,l3,0.00
i05,e06,c1,p14,l3,0.00
i05,e06,c1,p15,l3,0.00
i05,e06,c1,p16,l3,0.00
i05,e06,c1,p17,l3,0.00
i05,e06,c1,p18,l3,0.00
i05,e06,c1,p19,l3,3.60
i05,e06,c1,p20,l3,0.00
i05,e06,c1,p21,l3,1.41
i05,e06,c1,p22,l3,1.22
i05,e06,c1,p23,l3,0.00
i05,e06,c1,p24,l3,0.00
i05,e06,c1,p25,l3,0.00
i05,e06,c1,p26,l3,0.00
i05,e06,c1,p27,l3,0.00
i05,e06,c1,p28,l3,0.00
i05,e06,c1,p29,l3,0.00
i05,e06,c1,p30,l3,0.00
i05,e06,c1,p31,l3,0.00
i05,e06,c1,p32,l3,0.00
i05,e06,c1,p33,l3,0.00
i05,e06,c1,p34,l3,0.00
i05,e06,c1,p35,l3,3.70
i05,e06,c4,p01,l3,0.00
i05,e06,c4,p02,l3,0.00
i05,e06,c4,p03,l3,0.00
i05,e06,c4,p04,l3,0.00
i05,e06,c4,p05,l3,0.00
i05,e06,c4,p06,l3,0.00
i05,e06,c4,p07,l3,0.00
i05,e06,c4,p08,l3,0.00
i05,e06,c4,p09,l3,0.00
i05,e06,c4,p10,l3,0.00
i05,e06,c4,p11,l3,0.00
i05,e06,c4,p12,l3,0.00
i05,e06,c4,p13,l3,0.00
i05,e06,c4,p14,l3,0.00
i05,e06,c4,p15,l3,0.00
i05,e06,c4,p16,l3,0.00
i05,e06,c4,p17,l3,0.00
i05,e06,c4,p18,l3,0.00
i05,e06,c4,p19,l3,0.00
i05,e06,c4,p20,l3,0.00
i05,e06,c4,p21,l3,0.00
i05,e06,c4,p22,l3,0.00
i05,e06,c4,p23,l3,0.00
i05,e06,c4,p24,l3,0.00
i05,e06,c4,p25,l3,0.00
i05,e06,c4,p26,l3,0.00
i05,e06,c4,p28,l3,0.00
i05,e06,c4,p29,l3,0.00
i05,e06,c4,p30,l3,0.00
i05,e06,c4,p31,l3,0.00
i05,e06,c4,p32,l3,0.00
i05,e06,c4,p35,l3,0.00
i05,e06,c7,p01,l3,0.00
i05,e06,c7,p02,l3,0.00
i05,e06,c7,p03,l3,0.00
i05,e06,c7,p04,l3,0.00
i05,e06,c7,p05,l3,0.00
i05,e06,c7,p06,l3,0.00
i05,e06,c7,p09,l3,0.00
i05,e06,c7,p10,l3,0.00
i05,e06,c7,p11,l3,0.00
i05,e06,c7,p12,l3,0.00
i05,e06,c7,p13,l3,0.00
i05,e06,c7,p15,l3,0.00
i05,e06,c7,p16,l3,0.00
i05,e06,c7,p17,l3,0.00
i05,e06,c7,p18,l3,0.00
i05,e06,c7,p19,l3,0.00
i05,e06,c7,p21,l3,0.00
i05,e06,c7,p23,l3,0.00
i05,e06,c7,p26,l3,0.00
i05,e06,c7,p29,l3,0.00
i05,e06,c7,p35,l3,0.00
i05,e07,c1,p01,l2,0.00
i05,e07,c1,p01,l3,0.00
i05,e07,c1,p02,l2,0.00
i05,e07,c1,p02,l3,0.00
i05,e07,c1,p03,l2,0.00
i05,e07,c1,p03,l3,1.48
i05,e07,c1,p04,l2,0.00
i05,e07,c1,p04,l3,0.00
i05,e07,c1,p05,l2,0.00
i05,e07,c1,p05,l3,1.02
i05,e07,c1,p06,l2,0.00
i05,e07,c1,p06,l3,1.08
i05,e07,c1,p07,l2,0.00
i05,e07,c1,p07,l3,1.18
i05,e07,c1,p08,l2,0.00
i05,e07,c1,p08,l3,0.00
i05,e07,c1,p09,l2,0.00
i05,e07,c1,p09,l3,0.00
i05,e07,c1,p10,l2,0.00
i05,e07,c1,p10,l3,22.43
i05,e07,c1,p11,l2,0.00
i05,e07,c1,p11,l3,0.00
i05,e07,c1,p12,l2,0.00
i05,e07,c1,p12,l3,15.17
i05,e07,c1,p13,l2,0.00
i05,e07,c1,p13,l3,0.00
i05,e07,c1,p14,l2,0.00
i05,e07,c1,p14,l3,0.00
i05,e07,c1,p15,l2,0.00
i05,e07,c1,p15,l3,2.86
i05,e07,c1,p16,l2,0.00
i05,e07,c1,p16,l3,0.00
i05,e07,c1,p17,l2,0.00
i05,e07,c1,p17,l3,0.00
i05,e07,c1,p18,l2,0.00
i05,e07,c1,p18,l3,0.00
i05,e07,c1,p19,l2,0.00
i05,e07,c1,p19,l3,1.11
i05,e07,c1,p20,l2,0.00
i05,e07,c1,p20,l3,0.00
i05,e07,c1,p21,l2,0.00
i05,e07,c1,p21,l3,0.00
i05,e07,c1,p22,l2,0.00
i05,e07,c1,p22,l3,0.00
i05,e07,c1,p23,l2,0.00
i05,e07,c1,p23,l3,0.00
i05,e07,c1,p24,l2,0.00
i05,e07,c1,p24,l3,0.00
i05,e07,c1,p25,l2,0.00
i05,e07,c1,p25,l3,8.68
i05,e07,c1,p26,l2,0.00
i05,e07,c1,p26,l3,0.00
i05,e07,c1,p27,l2,0.00
i05,e07,c1,p27,l3,0.00
i05,e07,c1,p28,l2,0.00
i05,e07,c1,p28,l3,0.00
i05,e07,c1,p29,l2,0.00
i05,e07,c1,p29,l3,0.00
i05,e07,c1,p30,l2,0.00
i05,e07,c1,p30,l3,0.00
i05,e07,c1,p31,l2,0.00
i05,e07,c1,p31,l3,0.00
i05,e07,c1,p32,l2,0.00
i05,e07,c1,p32,l3,0.00
i05,e07,c1,p33,l2,0.00
i05,e07,c1,p33,l3,0.00
i05,e07,c1,p34,l2,0.00
i05,e07,c1,p34,l3,3.02
i05,e07,c1,p35,l2,0.00
i05,e07,c1,p35,l3,24.57
i05,e07,c4,p01,l2,0.00
i05,e07,c4,p01,l3,0.00
i05,e07,c4,p02,l2,0.00
i05,e07,c4,p02,l3,0.00
i05,e07,c4,p03,l2,0.00
i05,e07,c4,p03,l3,0.00
i05,e07,c4,p04,l2,0.00
i05,e07,c4,p04,l3,0.00
i05,e07,c4,p05,l2,0.00
i05,e07,c4,p05,l3,0.00
i05,e07,c4,p06,l2,0.00
i05,e07,c4,p06,l3,0.00
i05,e07,c4,p07,l2,0.00
i05,e07,c4,p07,l3,0.00
i05,e07,c4,p08,l2,0.00
i05,e07,c4,p08,l3,0.00
i05,e07,c4,p09,l2,0.00
i05,e07,c4,p09,l3,0.00
i05,e07,c4,p10,l2,0.00
i05,e07,c4,p10,l3,0.00
i05,e07,c4,p11,l2,0.00
i05,e07,c4,p11,l3,0.00
i05,e07,c4,p12,l2,0.00
i05,e07,c4,p12,l3,0.00
i05,e07,c4,p13,l2,0.00
i05,e07,c4,p13,l3,0.00
i05,e07,c4,p14,l2,0.00
i05,e07,c4,p14,l3,0.00
i05,e07,c4,p15,l2,0.00
i05,e07,c4,p15,l3,0.00
i05,e07,c4,p16,l2,0.00
i05,e07,c4,p16,l3,0.00
i05,e07,c4,p17,l2,0.00
i05,e07,c4,p17,l3,0.00
i05,e07,c4,p18,l2,0.00
i05,e07,c4,p18,l3,0.00
i05,e07,c4,p19,l2,0.00
i05,e07,c4,p19,l3,0.00
i05,e07,c4,p20,l2,0.00
i05,e07,c4,p20,l3,0.00
i05,e07,c4,p21,l2,0.00
i05,e07,c4,p21,l3,0.00
i05,e07,c4,p22,l2,0.00
i05,e07,c4,p22,l3,0.00
i05,e07,c4,p23,l2,0.00
i05,e07,c4,p23,l3,0.00
i05,e07,c4,p24,l2,0.00
i05,e07,c4,p24,l3,0.00
i05,e07,c4,p25,l2,0.00
i05,e07,c4,p25,l3,0.00
i05,e07,c4,p26,l3,0.00
i05,e07,c4,p28,l2,0.00
i05,e07,c4,p28,l3,0.00
i05,e07,c4,p29,l2,0.00
i05,e07,c4,p29,l3,0.00
i05,e07,c4,p30,l3,0.00
i05,e07,c4,p31,l3,0.00
i05,e07,c4,p32,l2,0.00
i05,e07,c4,p32,l3,0.00
i05,e07,c4,p35,l2,0.00
i05,e07,c4,p35,l3,0.00
i05,e07,c7,p01,l3,0.00
i05,e07,c7,p03,l3,0.00
i05,e07,c7,p04,l3,0.00
i05,e07,c7,p05,l3,0.00
i05,e07,c7,p10,l2,0.00
i05,e07,c7,p10,l3,0.00
i05,e07,c7,p11,l3,0.00
i05,e07,c7,p12,l3,0.00
i05,e07,c7,p17,l2,0.00
i05,e07,c7,p17,l3,0.00
i05,e07,c7,p18,l3,0.00
i05,e07,c7,p23,l2,0.00
i05,e07,c7,p24,l3,0.00
i05,e07,c7,p35,l2,0.00
i05,e07,c7,p35,l3,0.00
i05,e08,c1,p01,l2,0.00
i05,e08,c1,p01,l3,0.00
i05,e08,c1,p02,l2,0.00
i05,e08,c1,p02,l3,0.00
i05,e08,c1,p03,l2,0.00
i05,e08,c1,p03,l3,0.00
i05,e08,c1,p04,l2,0.00
i05,e08,c1,p04,l3,0.00
i05,e08,c1,p05,l2,0.00
i05,e08,c1,p05,l3,0.00
i05,e08,c1,p06,l2,0.00
i05,e08,c1,p06,l3,0.00
i05,e08,c1,p07,l2,0.00
i05,e08,c1,p07,l3,0.00
i05,e08,c1,p08,l2,0.00
i05,e08,c1,p08,l3,0.00
i05,e08,c1,p09,l2,0.00
i05,e08,c1,p09,l3,0.00
i05,e08,c1,p10,l2,0.00
i05,e08,c1,p10,l3,0.00
i05,e08,c1,p11,l2,0.00
i05,e08,c1,p11,l3,0.00
i05,e08,c1,p12,l2,0.00
i05,e08,c1,p12,l3,0.00
i05,e08,c1,p13,l2,0.00
i05,e08,c1,p13,l3,0.00
i05,e08,c1,p14,l2,0.00
i05,e08,c1,p14,l3,0.00
i05,e08,c1,p15,l2,0.00
i05,e08,c1,p15,l3,0.00
i05,e08,c1,p16,l2,0.00
i05,e08,c1,p16,l3,0.00
i05,e08,c1,p17,l2,0.00
i05,e08,c1,p17,l3,0.00
i05,e08,c1,p18,l2,0.00
i05,e08,c1,p18,l3,0.00
i05,e08,c1,p19,l2,0.00
i05,e08,c1,p19,l3,0.00
i05,e08,c1,p20,l2,0.00
i05,e08,c1,p20,l3,0.00
i05,e08,c1,p21,l2,0.00
i05,e08,c1,p21,l3,0.00
i05,e08,c1,p22,l2,0.00
i05,e08,c1,p22,l3,3.20
i05,e08,c1,p23,l2,0.00
i05,e08,c1,p23,l3,0.00
i05,e08,c1,p24,l2,0.00
i05,e08,c1,p24,l3,4.25
i05,e08,c1,p25,l2,0.00
i05,e08,c1,p25,l3,0.00
i05,e08,c1,p26,l2,0.00
i05,e08,c1,p26,l3,0.00
i05,e08,c1,p27,l2,0.00
i05,e08,c1,p27,l3,0.00
i05,e08,c1,p28,l2,0.00
i05,e08,c1,p28,l3,0.00
i05,e08,c1,p29,l2,0.00
i05,e08,c1,p29,l3,0.00
i05,e08,c1,p30,l2,0.00
i05,e08,c1,p30,l3,0.00
i05,e08,c1,p31,l2,0.00
i05,e08,c1,p31,l3,0.00
i05,e08,c1,p32,l2,0.00
i05,e08,c1,p32,l3,0.00
i05,e08,c1,p33,l2,0.00
i05,e08,c1,p33,l3,0.00
i05,e08,c1,p34,l2,0.00
i05,e08,c1,p34,l3,0.00
i05,e08,c1,p35,l2,0.00
i05,e08,c1,p35,l3,1.63
i05,e08,c4,p01,l2,0.00
i05,e08,c4,p01,l3,0.00
i05,e08,c4,p02,l2,0.00
i05,e08,c4,p02,l3,0.00
i05,e08,c4,p03,l2,0.00
i05,e08,c4,p03,l3,0.00
i05,e08,c4,p04,l2,0.00
i05,e08,c4,p04,l3,0.00
i05,e08,c4,p05,l2,0.00
i05,e08,c4,p05,l3,0.00
i05,e08,c4,p06,l2,0.00
i05,e08,c4,p06,l3,0.00
i05,e08,c4,p07,l2,0.00
i05,e08,c4,p07,l3,0.00
i05,e08,c4,p08,l2,0.00
i05,e08,c4,p08,l3,0.00
i05,e08,c4,p09,l2,0.00
i05,e08,c4,p09,l3,0.00
i05,e08,c4,p10,l2,0.00
i05,e08,c4,p10,l3,0.00
i05,e08,c4,p11,l2,0.00
i05,e08,c4,p11,l3,0.00
i05,e08,c4,p12,l2,0.00
i05,e08,c4,p12,l3,0.00
i05,e08,c4,p13,l2,0.00
i05,e08,c4,p13,l3,0.00
i05,e08,c4,p14,l2,0.00
i05,e08,c4,p14,l3,0.00
i05,e08,c4,p15,l2,0.00
i05,e08,c4,p15,l3,0.00
i05,e08,c4,p16,l2,0.00
i05,e08,c4,p16,l3,0.00
i05,e08,c4,p17,l2,0.00
i05,e08,c4,p17,l3,0.00
i05,e08,c4,p18,l2,0.00
i05,e08,c4,p18,l3,0.00
i05,e08,c4,p19,l2,0.00
i05,e08,c4,p19,l3,0.00
i05,e08,c4,p20,l2,0.00
i05,e08,c4,p20,l3,0.00
i05,e08,c4,p21,l2,0.00
i05,e08,c4,p21,l3,0.00
i05,e08,c4,p22,l2,0.00
i05,e08,c4,p22,l3,0.00
i05,e08,c4,p23,l2,0.00
i05,e08,c4,p23,l3,0.00
i05,e08,c4,p24,l2,0.00
i05,e08,c4,p24,l3,0.00
i05,e08,c4,p25,l3,0.00
i05,e08,c4,p26,l2,0.00
i05,e08,c4,p26,l3,0.00
i05,e08,c4,p28,l3,0.00
i05,e08,c4,p29,l2,0.00
i05,e08,c4,p29,l3,0.00
i05,e08,c4,p31,l2,0.00
i05,e08,c4,p32,l2,0.00
i05,e08,c4,p32,l3,0.00
i05,e08,c4,p35,l2,0.00
i05,e08,c4,p35,l3,0.00
i05,e08,c7,p01,l3,0.00
i05,e08,c7,p03,l2,0.00
i05,e08,c7,p03,l3,0.00
i05,e08,c7,p05,l3,0.00
i05,e08,c7,p10,l2,0.00
i05,e08,c7,p10,l3,0.00
i05,e08,c7,p11,l3,0.00
i05,e08,c7,p12,l2,0.00
i05,e08,c7,p12,l3,0.00
i05,e08,c7,p17,l2,0.00
i05,e08,c7,p17,l3,0.00
i05,e08,c7,p19,l3,0.00
i05,e08,c7,p24,l3,0.00
i05,e08,c7,p26,l3,0.00
i05,e08,c7,p29,l3,0.00
i05,e08,c7,p35,l2,0.00
i05,e08,c7,p35,l3,0.00
i05,e09,c1,p01,l2,0.00
i05,e09,c1,p01,l3,0.00
i05,e09,c1,p02,l2,0.00
i05,e09,c1,p02,l3,0.00
i05,e09,c1,p03,l2,0.00
i05,e09,c1,p03,l3,0.00
i05,e09,c1,p04,l2,0.00
i05,e09,c1,p04,l3,0.00
i05,e09,c1,p05,l2,0.00
i05,e09,c1,p05,l3,0.00
i05,e09,c1,p06,l2,0.00
i05,e09,c1,p06,l3,0.00
i05,e09,c1,p07,l2,0.00
i05,e09,c1,p07,l3,0.00
i05,e09,c1,p08,l2,0.00
i05,e09,c1,p08,l3,0.00
i05,e09,c1,p09,l2,0.00
i05,e09,c1,p09,l3,0.00
i05,e09,c1,p10,l2,0.00
i05,e09,c1,p10,l3,1.16
i05,e09,c1,p11,l2,0.00
i05,e09,c1,p11,l3,1.74
i05,e09,c1,p12,l2,0.00
i05,e09,c1,p12,l3,0.00
i05,e09,c1,p13,l2,0.00
i05,e09,c1,p13,l3,0.00
i05,e09,c1,p14,l2,0.00
i05,e09,c1,p14,l3,0.00
i05,e09,c1,p15,l2,0.00
i05,e09,c1,p15,l3,0.00
i05,e09,c1,p16,l2,0.00
i05,e09,c1,p16,l3,0.00
i05,e09,c1,p17,l2,0.00
i05,e09,c1,p17,l3,0.00
i05,e09,c1,p18,l2,0.00
i05,e09,c1,p18,l3,0.00
i05,e09,c1,p19,l2,0.00
i05,e09,c1,p19,l3,1.20
i05,e09,c1,p20,l2,0.00
i05,e09,c1,p20,l3,0.00
i05,e09,c1,p21,l2,0.00
i05,e09,c1,p21,l3,0.00
i05,e09,c1,p22,l2,0.00
i05,e09,c1,p22,l3,0.00
i05,e09,c1,p23,l2,0.00
i05,e09,c1,p23,l3,0.00
i05,e09,c1,p24,l2,0.00
i05,e09,c1,p24,l3,0.00
i05,e09,c1,p25,l2,0.00
i05,e09,c1,p25,l3,0.00
i05,e09,c1,p26,l2,0.00
i05,e09,c1,p26,l3,0.00
i05,e09,c1,p27,l2,0.00
i05,e09,c1,p27,l3,0.00
i05,e09,c1,p28,l2,0.00
i05,e09,c1,p28,l3,0.00
i05,e09,c1,p29,l2,0.00
i05,e09,c1,p29,l3,0.00
i05,e09,c1,p30,l2,0.00
i05,e09,c1,p30,l3,0.00
i05,e09,c1,p31,l2,0.00
i05,e09,c1,p31,l3,0.00
i05,e09,c1,p32,l2,0.00
i05,e09,c1,p32,l3,0.00
i05,e09,c1,p33,l2,0.00
i05,e09,c1,p33,l3,0.00
i05,e09,c1,p34,l2,0.00
i05,e09,c1,p34,l3,0.00
i05,e09,c1,p35,l2,0.00
i05,e09,c1,p35,l3,5.53
i05,e09,c4,p01,l2,0.00
i05,e09,c4,p01,l3,0.00
i05,e09,c4,p02,l2,0.00
i05,e09,c4,p02,l3,0.00
i05,e09,c4,p03,l2,0.00
i05,e09,c4,p03,l3,0.00
i05,e09,c4,p04,l2,0.00
i05,e09,c4,p04,l3,0.00
i05,e09,c4,p05,l2,0.00
i05,e09,c4,p05,l3,0.00
i05,e09,c4,p06,l3,0.00
i05,e09,c4,p07,l2,0.00
i05,e09,c4,p07,l3,0.00
i05,e09,c4,p08,l2,0.00
i05,e09,c4,p08,l3,0.00
i05,e09,c4,p09,l2,0.00
i05,e09,c4,p09,l3,0.00
i05,e09,c4,p10,l2,0.00
i05,e09,c4,p10,l3,0.00
i05,e09,c4,p11,l2,0.00
i05,e09,c4,p11,l3,0.00
i05,e09,c4,p12,l2,0.00
i05,e09,c4,p12,l3,0.00
i05,e09,c4,p13,l2,0.00
i05,e09,c4,p13,l3,0.00
i05,e09,c4,p14,l2,0.00
i05,e09,c4,p14,l3,0.00
i05,e09,c4,p15,l2,0.00
i05,e09,c4,p15,l3,0.00
i05,e09,c4,p16,l2,0.00
i05,e09,c4,p16,l3,0.00
i05,e09,c4,p17,l2,0.00
i05,e09,c4,p17,l3,0.00
i05,e09,c4,p18,l3,0.00
i05,e09,c4,p19,l2,0.00
i05,e09,c4,p19,l3,0.00
i05,e09,c4,p20,l2,0.00
i05,e09,c4,p20,l3,0.00
i05,e09,c4,p21,l2,0.00
i05,e09,c4,p21,l3,0.00
i05,e09,c4,p22,l2,0.00
i05,e09,c4,p22,l3,0.00
i05,e09,c4,p23,l2,0.00
i05,e09,c4,p23,l3,0.00
i05,e09,c4,p24,l2,0.00
i05,e09,c4,p24,l3,0.00
i05,e09,c4,p25,l3,0.00
i05,e09,c4,p26,l3,0.00
i05,e09,c4,p28,l2,0.00
i05,e09,c4,p28,l3,0.00
i05,e09,c4,p29,l2,0.00
i05,e09,c4,p29,l3,0.00
i05,e09,c4,p30,l3,0.00
i05,e09,c4,p31,l3,0.00
i05,e09,c4,p32,l2,0.00
i05,e09,c4,p32,l3,0.00
i05,e09,c4,p33,l3,0.00
i05,e09,c4,p35,l2,0.00
i05,e09,c4,p35,l3,0.00
i05,e09,c7,p01,l3,0.00
i05,e09,c7,p03,l3,0.00
i05,e09,c7,p04,l3,0.00
i05,e09,c7,p05,l3,0.00
i05,e09,c7,p10,l2,0.00
i05,e09,c7,p10,l3,0.00
i05,e09,c7,p11,l3,0.00
i05,e09,c7,p12,l3,0.00
i05,e09,c7,p14,l3,0.00
i05,e09,c7,p17,l3,0.00
i05,e09,c7,p19,l3,0.00
i05,e09,c7,p24,l3,0.00
i05,e09,c7,p35,l2,0.00
i05,e09,c7,p35,l3,0.00
i05,e11,c1,p01,l2,0.00
i05,e11,c1,p01,l3,0.00
i05,e11,c1,p02,l2,0.00
i05,e11,c1,p02,l3,0.00
i05,e11,c1,p03,l2,0.00
i05,e11,c1,p03,l3,1.92
i05,e11,c1,p04,l2,0.00
i05,e11,c1,p04,l3,0.00
i05,e11,c1,p05,l2,0.00
i05,e11,c1,p05,l3,0.00
i05,e11,c1,p06,l2,0.00
i05,e11,c1,p06,l3,0.00
i05,e11,c1,p07,l2,0.00
i05,e11,c1,p07,l3,0.00
i05,e11,c1,p08,l2,0.00
i05,e11,c1,p08,l3,0.00
i05,e11,c1,p09,l2,0.00
i05,e11,c1,p09,l3,0.00
i05,e11,c1,p10,l2,0.00
i05,e11,c1,p10,l3,0.00
i05,e11,c1,p11,l2,0.00
i05,e11,c1,p11,l3,0.00
i05,e11,c1,p12,l2,0.00
i05,e11,c1,p12,l3,0.00
i05,e11,c1,p13,l2,0.00
i05,e11,c1,p13,l3,0.00
i05,e11,c1,p14,l2,0.00
i05,e11,c1,p14,l3,0.00
i05,e11,c1,p15,l2,0.00
i05,e11,c1,p15,l3,0.00
i05,e11,c1,p16,l2,0.00
i05,e11,c1,p16,l3,0.00
i05,e11,c1,p17,l2,0.00
i05,e11,c1,p17,l3,0.00
i05,e11,c1,p18,l2,0.00
i05,e11,c1,p18,l3,0.00
i05,e11,c1,p19,l2,0.00
i05,e11,c1,p19,l3,0.00
i05,e11,c1,p20,l2,0.00
i05,e11,c1,p20,l3,0.00
i05,e11,c1,p21,l2,0.00
i05,e11,c1,p21,l3,0.00
i05,e11,c1,p22,l2,0.00
i05,e11,c1,p22,l3,0.00
i05,e11,c1,p23,l2,0.00
i05,e11,c1,p23,l3,0.00
i05,e11,c1,p24,l2,0.00
i05,e11,c1,p24,l3,0.00
i05,e11,c1,p25,l2,0.00
i05,e11,c1,p25,l3,0.00
i05,e11,c1,p26,l2,0.00
i05,e11,c1,p26,l3,0.00
i05,e11,c1,p27,l2,0.00
i05,e11,c1,p27,l3,0.00
i05,e11,c1,p28,l2,0.00
i05,e11,c1,p28,l3,0.00
i05,e11,c1,p29,l2,0.00
i05,e11,c1,p29,l3,0.00
i05,e11,c1,p30,l2,0.00
i05,e11,c1,p30,l3,0.00
i05,e11,c1,p31,l2,0.00
i05,e11,c1,p31,l3,0.00
i05,e11,c1,p32,l2,0.00
i05,e11,c1,p32,l3,0.00
i05,e11,c1,p33,l2,0.00
i05,e11,c1,p33,l3,0.00
i05,e11,c1,p34,l2,0.00
i05,e11,c1,p34,l3,0.00
i05,e11,c1,p35,l2,0.00
i05,e11,c1,p35,l3,0.00
i05,e11,c4,p01,l2,0.00
i05,e11,c4,p01,l3,0.00
i05,e11,c4,p02,l2,0.00
i05,e11,c4,p02,l3,0.00
i05,e11,c4,p03,l2,0.00
i05,e11,c4,p03,l3,0.00
i05,e11,c4,p04,l2,0.00
i05,e11,c4,p04,l3,0.00
i05,e11,c4,p05,l2,0.00
i05,e11,c4,p05,l3,0.00
i05,e11,c4,p06,l3,0.00
i05,e11,c4,p07,l3,0.00
i05,e11,c4,p08,l3,0.00
i05,e11,c4,p09,l3,0.00
i05,e11,c4,p10,l2,0.00
i05,e11,c4,p10,l3,0.00
i05,e11,c4,p11,l2,0.00
i05,e11,c4,p11,l3,0.00
i05,e11,c4,p12,l3,0.00
i05,e11,c4,p13,l3,0.00
i05,e11,c4,p14,l3,0.00
i05,e11,c4,p15,l2,0.00
i05,e11,c4,p15,l3,0.00
i05,e11,c4,p16,l3,0.00
i05,e11,c4,p17,l2,0.00
i05,e11,c4,p17,l3,0.00
i05,e11,c4,p18,l3,0.00
i05,e11,c4,p19,l2,0.00
i05,e11,c4,p19,l3,0.00
i05,e11,c4,p21,l3,0.00
i05,e11,c4,p22,l3,0.00
i05,e11,c4,p23,l3,0.00
i05,e11,c4,p24,l3,0.00
i05,e11,c4,p29,l3,0.00
i05,e11,c4,p32,l3,0.00
i05,e11,c4,p35,l2,0.00
i05,e11,c4,p35,l3,0.00
i05,e11,c7,p17,l3,0.00
i05,e11,c7,p35,l3,0.00
i05,e12,c1,p01,l3,2.11
i05,e12,c1,p02,l3,2.23
i05,e12,c1,p03,l3,1.23
i05,e12,c1,p04,l3,0.00
i05,e12,c1,p05,l3,2.65
i05,e12,c1,p06,l3,1.87
i05,e12,c1,p07,l3,0.00
i05,e12,c1,p08,l3,0.00
i05,e12,c1,p09,l3,0.00
i05,e12,c1,p10,l3,10.31
i05,e12,c1,p11,l3,26.64
i05,e12,c1,p12,l3,2.09
i05,e12,c1,p13,l3,0.00
i05,e12,c1,p14,l3,0.00
i05,e12,c1,p15,l3,0.00
i05,e12,c1,p16,l3,1.11
i05,e12,c1,p17,l3,1.03
i05,e12,c1,p18,l3,0.00
i05,e12,c1,p19,l3,3.05
i05,e12,c1,p20,l3,0.00
i05,e12,c1,p21,l3,6.61
i05,e12,c1,p22,l3,0.00
i05,e12,c1,p23,l3,0.00
i05,e12,c1,p24,l3,1.89
i05,e12,c1,p25,l3,0.00
i05,e12,c1,p26,l3,0.00
i05,e12,c1,p27,l3,0.00
i05,e12,c1,p28,l3,0.00
i05,e12,c1,p29,l3,0.00
i05,e12,c1,p30,l3,0.00
i05,e12,c1,p31,l3,0.00
i05,e12,c1,p32,l3,0.00
i05,e12,c1,p33,l3,0.00
i05,e12,c1,p34,l3,3.68
i05,e12,c1,p35,l3,9.30
i05,e12,c4,p01,l3,0.00
i05,e12,c4,p02,l3,0.00
i05,e12,c4,p03,l3,0.00
i05,e12,c4,p04,l3,0.00
i05,e12,c4,p05,l3,0.00
i05,e12,c4,p06,l3,0.00
i05,e12,c4,p07,l3,0.00
i05,e12,c4,p08,l3,0.00
i05,e12,c4,p09,l3,0.00
i05,e12,c4,p10,l3,0.00
i05,e12,c4,p11,l3,0.00
i05,e12,c4,p12,l3,0.00
i05,e12,c4,p13,l3,0.00
i05,e12,c4,p14,l3,0.00
i05,e12,c4,p15,l3,0.00
i05,e12,c4,p16,l3,0.00
i05,e12,c4,p17,l3,0.00
i05,e12,c4,p18,l3,0.00
i05,e12,c4,p19,l3,0.00
i05,e12,c4,p20,l3,0.00
i05,e12,c4,p21,l3,0.00
i05,e12,c4,p22,l3,0.00
i05,e12,c4,p23,l3,0.00
i05,e12,c4,p24,l3,0.00
i05,e12,c4,p25,l3,0.00
i05,e12,c4,p26,l3,0.00
i05,e12,c4,p28,l3,0.00
i05,e12,c4,p29,l3,0.00
i05,e12,c4,p31,l3,0.00
i05,e12,c4,p32,l3,0.00
i05,e12,c4,p33,l3,0.00
i05,e12,c4,p35,l3,0.00
i05,e12,c7,p01,l3,0.00
i05,e12,c7,p02,l3,0.00
i05,e12,c7,p03,l3,0.00
i05,e12,c7,p04,l3,0.00
i05,e12,c7,p05,l3,0.00
i05,e12,c7,p06,l3,0.00
i05,e12,c7,p10,l3,0.00
i05,e12,c7,p11,l3,0.00
i05,e12,c7,p12,l3,0.00
i05,e12,c7,p13,l3,0.00
i05,e12,c7,p15,l3,0.00
i05,e12,c7,p16,l3,0.00
i05,e12,c7,p17,l3,0.00
i05,e12,c7,p18,l3,0.00
i05,e12,c7,p19,l3,0.00
i05,e12,c7,p24,l3,0.00
i05,e12,c7,p26,l3,0.00
i05,e12,c7,p35,l3,0.00
i05,e13,c1,p01,l3,0.00
i05,e13,c1,p02,l3,0.00
i05,e13,c1,p03,l3,0.00
i05,e13,c1,p04,l3,0.00
i05,e13,c1,p05,l3,0.00
i05,e13,c1,p06,l3,0.00
i05,e13,c1,p07,l3,0.00
i05,e13,c1,p08,l3,0.00
i05,e13,c1,p09,l3,0.00
i05,e13,c1,p10,l3,0.00
i05,e13,c1,p11,l3,0.00
i05,e13,c1,p12,l3,0.00
i05,e13,c1,p13,l3,0.00
i05,e13,c1,p14,l3,0.00
i05,e13,c1,p15,l3,0.00
i05,e13,c1,p16,l3,0.00
i05,e13,c1,p17,l3,0.00
i05,e13,c1,p18,l3,0.00
i05,e13,c1,p19,l3,0.00
i05,e13,c1,p20,l3,0.00
i05,e13,c1,p21,l3,0.00
i05,e13,c1,p22,l3,0.00
i05,e13,c1,p23,l3,0.00
i05,e13,c1,p24,l3,0.00
i05,e13,c1,p25,l3,0.00
i05,e13,c1,p26,l3,0.00
i05,e13,c1,p27,l3,0.00
i05,e13,c1,p28,l3,0.00
i05,e13,c1,p29,l3,0.00
i05,e13,c1,p30,l3,0.00
i05,e13,c1,p31,l3,0.00
i05,e13,c1,p32,l3,0.00
i05,e13,c1,p33,l3,0.00
i05,e13,c1,p34,l3,0.00
i05,e13,c1,p35,l3,0.00
i05,e13,c4,p01,l3,0.00
i05,e13,c4,p02,l3,0.00
i05,e13,c4,p03,l3,0.00
i05,e13,c4,p04,l3,0.00
i05,e13,c4,p05,l3,0.00
i05,e13,c4,p06,l3,0.00
i05,e13,c4,p07,l3,0.00
i05,e13,c4,p08,l3,0.00
i05,e13,c4,p09,l3,0.00
i05,e13,c4,p10,l3,0.00
i05,e13,c4,p11,l3,0.00
i05,e13,c4,p12,l3,0.00
i05,e13,c4,p13,l3,0.00
i05,e13,c4,p14,l3,0.00
i05,e13,c4,p15,l3,0.00
i05,e13,c4,p16,l3,0.00
i05,e13,c4,p17,l3,0.00
i05,e13,c4,p18,l3,0.00
i05,e13,c4,p19,l3,0.00
i05,e13,c4,p20,l3,0.00
i05,e13,c4,p21,l3,0.00
i05,e13,c4,p22,l3,0.00
i05,e13,c4,p24,l3,0.00
i05,e13,c4,p25,l3,0.00
i05,e13,c4,p26,l3,0.00
i05,e13,c4,p28,l3,0.00
i05,e13,c4,p29,l3,0.00
i05,e13,c4,p32,l3,0.00
i05,e13,c4,p35,l3,0.00
i05,e13,c7,p06,l3,0.00
i05,e13,c7,p10,l3,0.00
i05,e13,c7,p12,l3,0.00
i05,e13,c7,p15,l3,0.00
i05,e13,c7,p17,l3,0.00
i05,e13,c7,p35,l3,0.00
i06,e01,c3,p01,l2,0.00
i06,e01,c3,p01,l3,0.00
i06,e01,c3,p02,l3,0.00
i06,e01,c3,p02,l4,0.00
i06,e01,c3,p03,l3,0.00
i06,e01,c3,p03,l4,0.00
i06,e01,c3,p04,l2,0.00
i06,e01,c3,p04,l3,0.00
i06,e01,c3,p04,l4,0.00
i06,e01,c3,p05,l3,0.00
i06,e01,c3,p05,l4,0.00
i06,e01,c3,p06,l3,0.00
i06,e01,c3,p06,l4,0.00
i06,e01,c3,p07,l3,0.00
i06,e01,c3,p07,l4,0.00
i06,e01,c3,p08,l3,0.00
i06,e01,c3,p09,l3,0.00
i06,e01,c3,p10,l2,0.00
i06,e01,c3,p10,l3,0.00
i06,e01,c3,p10,l4,0.00
i06,e01,c3,p11,l2,0.00
i06,e01,c3,p11,l3,0.00
i06,e01,c3,p12,l3,0.00
i06,e01,c3,p13,l3,0.00
i06,e01,c3,p14,l2,0.00
i06,e01,c3,p14,l3,0.00
i06,e01,c3,p15,l3,0.00
i06,e01,c3,p15,l4,0.00
i06,e01,c3,p16,l3,0.00
i06,e01,c3,p16,l4,0.00
i06,e01,c3,p17,l3,0.00
i06,e01,c3,p17,l4,0.00
i06,e01,c3,p18,l2,0.00
i06,e01,c3,p18,l3,0.00
i06,e01,c3,p18,l4,0.00
i06,e01,c3,p19,l2,0.00
i06,e01,c3,p19,l3,0.00
i06,e01,c3,p19,l4,0.00
i06,e01,c3,p20,l3,0.00
i06,e01,c3,p21,l2,0.00
i06,e01,c3,p21,l3,0.00
i06,e01,c3,p21,l4,0.00
i06,e01,c3,p22,l3,0.00
i06,e01,c3,p22,l4,0.00
i06,e01,c3,p23,l3,0.00
i06,e01,c3,p23,l4,0.00
i06,e01,c3,p24,l3,0.00
i06,e01,c3,p25,l3,0.00
i06,e01,c3,p25,l4,0.00
i06,e01,c3,p26,l3,0.00
i06,e01,c3,p27,l3,0.00
i06,e01,c3,p28,l3,0.00
i06,e01,c3,p29,l3,0.00
i06,e01,c3,p30,l3,0.00
i06,e01,c3,p31,l3,0.00
i06,e01,c3,p32,l3,0.00
i06,e01,c3,p32,l4,0.00
i06,e01,c3,p33,l3,0.00
i06,e01,c3,p35,l2,0.00
i06,e01,c3,p35,l3,0.00
i06,e01,c3,p35,l4,0.00
i06,e01,c5,p01,l2,0.00
i06,e01,c5,p01,l3,16.01
i06,e01,c5,p01,l4,0.00
i06,e01,c5,p02,l2,0.00
i06,e01,c5,p02,l3,2.01
i06,e01,c5,p02,l4,0.00
i06,e01,c5,p03,l2,0.00
i06,e01,c5,p03,l3,18.58
i06,e01,c5,p03,l4,0.00
i06,e01,c5,p04,l2,0.00
i06,e01,c5,p04,l3,3.38
i06,e01,c5,p04,l4,0.00
i06,e01,c5,p05,l2,0.00
i06,e01,c5,p05,l3,4.27
i06,e01,c5,p05,l4,0.00
i06,e01,c5,p06,l2,0.00
i06,e01,c5,p06,l3,8.33
i06,e01,c5,p06,l4,0.00
i06,e01,c5,p07,l2,0.00
i06,e01,c5,p07,l3,17.11
i06,e01,c5,p07,l4,0.00
i06,e01,c5,p08,l2,0.00
i06,e01,c5,p08,l3,4.43
i06,e01,c5,p08,l4,0.00
i06,e01,c5,p09,l2,0.00
i06,e01,c5,p09,l3,11.69
i06,e01,c5,p09,l4,0.00
i06,e01,c5,p10,l2,0.00
i06,e01,c5,p10,l3,66.83
i06,e01,c5,p10,l4,0.00
i06,e01,c5,p11,l2,0.00
i06,e01,c5,p11,l3,17.50
i06,e01,c5,p11,l4,0.00
i06,e01,c5,p12,l2,0.00
i06,e01,c5,p12,l3,18.37
i06,e01,c5,p12,l4,0.00
i06,e01,c5,p13,l2,0.00
i06,e01,c5,p13,l3,12.18
i06,e01,c5,p13,l4,0.00
i06,e01,c5,p14,l2,0.00
i06,e01,c5,p14,l3,3.14
i06,e01,c5,p14,l4,0.00
i06,e01,c5,p15,l2,0.00
i06,e01,c5,p15,l3,25.32
i06,e01,c5,p15,l4,0.00
i06,e01,c5,p16,l2,0.00
i06,e01,c5,p16,l3,16.36
i06,e01,c5,p16,l4,0.00
i06,e01,c5,p17,l2,0.00
i06,e01,c5,p17,l3,11.35
i06,e01,c5,p17,l4,0.00
i06,e01,c5,p18,l2,0.00
i06,e01,c5,p18,l3,10.77
i06,e01,c5,p18,l4,0.00
i06,e01,c5,p19,l2,0.00
i06,e01,c5,p19,l3,30.15
i06,e01,c5,p19,l4,0.00
i06,e01,c5,p20,l2,0.00
i06,e01,c5,p20,l3,2.20
i06,e01,c5,p20,l4,0.00
i06,e01,c5,p21,l2,0.00
i06,e01,c5,p21,l3,19.56
i06,e01,c5,p21,l4,0.00
i06,e01,c5,p22,l2,0.00
i06,e01,c5,p22,l3,6.03
i06,e01,c5,p22,l4,0.00
i06,e01,c5,p23,l2,0.00
i06,e01,c5,p23,l3,2.12
i06,e01,c5,p23,l4,0.00
i06,e01,c5,p24,l2,0.00
i06,e01,c5,p24,l3,9.32
i06,e01,c5,p24,l4,0.00
i06,e01,c5,p25,l2,0.00
i06,e01,c5,p25,l3,0.00
i06,e01,c5,p25,l4,0.00
i06,e01,c5,p26,l2,0.00
i06,e01,c5,p26,l3,0.00
i06,e01,c5,p26,l4,0.00
i06,e01,c5,p27,l3,0.00
i06,e01,c5,p28,l2,0.00
i06,e01,c5,p28,l3,4.68
i06,e01,c5,p28,l4,0.00
i06,e01,c5,p29,l2,0.00
i06,e01,c5,p29,l3,2.06
i06,e01,c5,p29,l4,0.00
i06,e01,c5,p30,l2,0.00
i06,e01,c5,p30,l3,0.00
i06,e01,c5,p30,l4,0.00
i06,e01,c5,p31,l2,0.00
i06,e01,c5,p31,l3,0.00
i06,e01,c5,p31,l4,0.00
i06,e01,c5,p32,l2,0.00
i06,e01,c5,p32,l3,0.00
i06,e01,c5,p32,l4,0.00
i06,e01,c5,p33,l2,0.00
i06,e01,c5,p33,l3,0.00
i06,e01,c5,p33,l4,0.00
i06,e01,c5,p34,l3,0.00
i06,e01,c5,p35,l2,0.00
i06,e01,c5,p35,l3,29.20
i06,e01,c5,p35,l4,0.00
i06,e01,c8,p35,l3,0.00
i06,e02,c3,p01,l1,0.00
i06,e02,c3,p01,l3,0.00
i06,e02,c3,p02,l1,0.00
i06,e02,c3,p02,l3,0.00
i06,e02,c3,p03,l1,0.00
i06,e02,c3,p03,l3,0.00
i06,e02,c3,p04,l1,0.00
i06,e02,c3,p04,l3,0.00
i06,e02,c3,p05,l1,0.00
i06,e02,c3,p05,l3,0.00
i06,e02,c3,p06,l1,0.00
i06,e02,c3,p06,l3,0.00
i06,e02,c3,p07,l1,0.00
i06,e02,c3,p07,l3,0.00
i06,e02,c3,p08,l1,0.00
i06,e02,c3,p08,l3,0.00
i06,e02,c3,p09,l1,0.00
i06,e02,c3,p09,l3,0.00
i06,e02,c3,p10,l1,0.00
i06,e02,c3,p10,l3,0.00
i06,e02,c3,p11,l1,0.00
i06,e02,c3,p11,l3,0.00
i06,e02,c3,p12,l1,0.00
i06,e02,c3,p12,l3,0.00
i06,e02,c3,p13,l1,0.00
i06,e02,c3,p13,l3,0.00
i06,e02,c3,p14,l1,0.00
i06,e02,c3,p14,l3,0.00
i06,e02,c3,p15,l1,0.00
i06,e02,c3,p15,l3,0.00
i06,e02,c3,p16,l1,0.00
i06,e02,c3,p16,l3,0.00
i06,e02,c3,p17,l1,0.00
i06,e02,c3,p17,l3,0.00
i06,e02,c3,p18,l1,0.00
i06,e02,c3,p18,l3,0.00
i06,e02,c3,p19,l1,0.00
i06,e02,c3,p19,l3,0.00
i06,e02,c3,p20,l1,0.00
i06,e02,c3,p20,l3,0.00
i06,e02,c3,p21,l1,0.00
i06,e02,c3,p21,l3,1.02
i06,e02,c3,p22,l1,0.00
i06,e02,c3,p22,l3,0.00
i06,e02,c3,p23,l1,0.00
i06,e02,c3,p23,l3,0.00
i06,e02,c3,p24,l1,0.00
i06,e02,c3,p24,l3,0.00
i06,e02,c3,p25,l1,0.00
i06,e02,c3,p25,l3,0.00
i06,e02,c3,p26,l1,0.00
i06,e02,c3,p28,l1,0.00
i06,e02,c3,p28,l3,0.00
i06,e02,c3,p29,l1,0.00
i06,e02,c3,p29,l3,0.00
i06,e02,c3,p30,l1,0.00
i06,e02,c3,p31,l1,0.00
i06,e02,c3,p31,l3,0.00
i06,e02,c3,p32,l1,0.00
i06,e02,c3,p32,l3,0.00
i06,e02,c3,p33,l1,0.00
i06,e02,c3,p35,l1,0.00
i06,e02,c3,p35,l3,0.00
i06,e02,c5,p01,l1,0.00
i06,e02,c5,p01,l3,1.95
i06,e02,c5,p02,l1,0.00
i06,e02,c5,p02,l3,1.26
i06,e02,c5,p03,l1,0.00
i06,e02,c5,p03,l3,1.18
i06,e02,c5,p04,l1,0.00
i06,e02,c5,p04,l3,0.00
i06,e02,c5,p05,l1,1.58
i06,e02,c5,p05,l3,0.00
i06,e02,c5,p06,l1,0.00
i06,e02,c5,p06,l3,0.00
i06,e02,c5,p07,l1,0.00
i06,e02,c5,p07,l3,0.00
i06,e02,c5,p08,l1,1.32
i06,e02,c5,p08,l3,0.00
i06,e02,c5,p09,l1,0.00
i06,e02,c5,p09,l3,0.00
i06,e02,c5,p10,l1,0.00
i06,e02,c5,p10,l3,1.14
i06,e02,c5,p11,l1,0.00
i06,e02,c5,p11,l3,0.00
i06,e02,c5,p12,l1,0.00
i06,e02,c5,p12,l3,0.00
i06,e02,c5,p13,l1,0.00
i06,e02,c5,p13,l3,0.00
i06,e02,c5,p14,l1,0.00
i06,e02,c5,p14,l3,0.00
i06,e02,c5,p15,l1,0.00
i06,e02,c5,p15,l3,0.00
i06,e02,c5,p16,l1,0.00
i06,e02,c5,p16,l3,0.00
i06,e02,c5,p17,l1,0.00
i06,e02,c5,p17,l3,0.00
i06,e02,c5,p18,l1,0.00
i06,e02,c5,p18,l3,0.00
i06,e02,c5,p19,l1,0.00
i06,e02,c5,p19,l3,0.00
i06,e02,c5,p20,l1,0.00
i06,e02,c5,p20,l3,0.00
i06,e02,c5,p21,l1,0.00
i06,e02,c5,p21,l3,0.00
i06,e02,c5,p22,l1,0.00
i06,e02,c5,p22,l3,0.00
i06,e02,c5,p23,l1,0.00
i06,e02,c5,p23,l3,0.00
i06,e02,c5,p24,l1,0.00
i06,e02,c5,p24,l3,0.00
i06,e02,c5,p25,l1,0.00
i06,e02,c5,p25,l3,0.00
i06,e02,c5,p26,l1,0.00
i06,e02,c5,p26,l3,0.00
i06,e02,c5,p28,l1,0.00
i06,e02,c5,p28,l3,0.00
i06,e02,c5,p29,l1,0.00
i06,e02,c5,p29,l3,0.00
i06,e02,c5,p30,l1,0.00
i06,e02,c5,p30,l3,0.00
i06,e02,c5,p31,l1,0.00
i06,e02,c5,p31,l3,0.00
i06,e02,c5,p32,l1,0.00
i06,e02,c5,p32,l3,0.00
i06,e02,c5,p33,l1,0.00
i06,e02,c5,p33,l3,0.00
i06,e02,c5,p35,l1,0.00
i06,e02,c5,p35,l3,0.00
i06,e02,c8,p35,l3,0.00
i06,e04,c3,p01,l1,0.00
i06,e04,c3,p01,l3,0.00
i06,e04,c3,p01,l4,0.00
i06,e04,c3,p02,l1,0.00
i06,e04,c3,p02,l3,0.00
i06,e04,c3,p02,l4,0.00
i06,e04,c3,p03,l1,0.00
i06,e04,c3,p03,l3,0.00
i06,e04,c3,p03,l4,0.00
i06,e04,c3,p04,l1,0.00
i06,e04,c3,p04,l2,0.00
i06,e04,c3,p04,l3,0.00
i06,e04,c3,p04,l4,0.00
i06,e04,c3,p05,l1,0.00
i06,e04,c3,p05,l3,2.16
i06,e04,c3,p05,l4,0.00
i06,e04,c3,p06,l1,0.00
i06,e04,c3,p06,l3,0.00
i06,e04,c3,p06,l4,0.00
i06,e04,c3,p07,l1,0.00
i06,e04,c3,p07,l2,0.00
i06,e04,c3,p07,l3,0.00
i06,e04,c3,p07,l4,0.00
i06,e04,c3,p08,l1,0.00
i06,e04,c3,p08,l3,0.00
i06,e04,c3,p08,l4,0.00
i06,e04,c3,p09,l1,0.00
i06,e04,c3,p09,l2,0.00
i06,e04,c3,p09,l3,0.00
i06,e04,c3,p09,l4,0.00
i06,e04,c3,p10,l1,0.00
i06,e04,c3,p10,l2,0.00
i06,e04,c3,p10,l3,0.00
i06,e04,c3,p10,l4,0.00
i06,e04,c3,p11,l1,0.00
i06,e04,c3,p11,l2,0.00
i06,e04,c3,p11,l3,0.00
i06,e04,c3,p11,l4,0.00
i06,e04,c3,p12,l1,0.00
i06,e04,c3,p12,l3,0.00
i06,e04,c3,p12,l4,0.00
i06,e04,c3,p13,l1,0.00
i06,e04,c3,p13,l2,0.00
i06,e04,c3,p13,l3,0.00
i06,e04,c3,p13,l4,0.00
i06,e04,c3,p14,l1,0.00
i06,e04,c3,p14,l3,0.00
i06,e04,c3,p14,l4,0.00
i06,e04,c3,p15,l1,0.00
i06,e04,c3,p15,l3,0.00
i06,e04,c3,p15,l4,0.00
i06,e04,c3,p16,l1,0.00
i06,e04,c3,p16,l3,0.00
i06,e04,c3,p16,l4,0.00
i06,e04,c3,p17,l1,0.00
i06,e04,c3,p17,l3,0.00
i06,e04,c3,p17,l4,0.00
i06,e04,c3,p18,l1,0.00
i06,e04,c3,p18,l3,0.00
i06,e04,c3,p18,l4,0.00
i06,e04,c3,p19,l1,0.00
i06,e04,c3,p19,l2,0.00
i06,e04,c3,p19,l3,0.00
i06,e04,c3,p19,l4,0.00
i06,e04,c3,p20,l1,0.00
i06,e04,c3,p20,l3,0.00
i06,e04,c3,p20,l4,0.00
i06,e04,c3,p21,l1,0.00
i06,e04,c3,p21,l2,0.00
i06,e04,c3,p21,l3,0.00
i06,e04,c3,p21,l4,0.00
i06,e04,c3,p22,l1,0.00
i06,e04,c3,p22,l3,0.00
i06,e04,c3,p22,l4,0.00
i06,e04,c3,p23,l1,0.00
i06,e04,c3,p23,l3,0.00
i06,e04,c3,p23,l4,0.00
i06,e04,c3,p24,l1,0.00
i06,e04,c3,p24,l3,0.00
i06,e04,c3,p24,l4,0.00
i06,e04,c3,p25,l1,0.00
i06,e04,c3,p25,l3,0.00
i06,e04,c3,p25,l4,0.00
i06,e04,c3,p26,l1,0.00
i06,e04,c3,p26,l3,0.00
i06,e04,c3,p26,l4,0.00
i06,e04,c3,p27,l1,0.00
i06,e04,c3,p27,l3,0.00
i06,e04,c3,p28,l1,0.00
i06,e04,c3,p28,l3,0.00
i06,e04,c3,p28,l4,0.00
i06,e04,c3,p29,l1,0.00
i06,e04,c3,p29,l3,0.00
i06,e04,c3,p29,l4,0.00
i06,e04,c3,p30,l1,0.00
i06,e04,c3,p30,l3,0.00
i06,e04,c3,p30,l4,0.00
i06,e04,c3,p31,l1,0.00
i06,e04,c3,p31,l3,0.00
i06,e04,c3,p31,l4,0.00
i06,e04,c3,p32,l1,0.00
i06,e04,c3,p32,l3,0.00
i06,e04,c3,p32,l4,0.00
i06,e04,c3,p33,l1,0.00
i06,e04,c3,p33,l3,0.00
i06,e04,c3,p35,l1,0.00
i06,e04,c3,p35,l2,0.00
i06,e04,c3,p35,l3,0.00
i06,e04,c3,p35,l4,0.00
i06,e04,c5,p01,l1,0.00
i06,e04,c5,p01,l2,0.00
i06,e04,c5,p01,l3,21.16
i06,e04,c5,p01,l4,0.00
i06,e04,c5,p02,l1,0.00
i06,e04,c5,p02,l2,0.00
i06,e04,c5,p02,l3,12.03
i06,e04,c5,p02,l4,0.00
i06,e04,c5,p03,l1,0.00
i06,e04,c5,p03,l2,0.00
i06,e04,c5,p03,l3,63.24
i06,e04,c5,p03,l4,0.00
i06,e04,c5,p04,l1,0.00
i06,e04,c5,p04,l2,0.00
i06,e04,c5,p04,l3,27.23
i06,e04,c5,p04,l4,0.00
i06,e04,c5,p05,l1,0.00
i06,e04,c5,p05,l2,0.00
i06,e04,c5,p05,l3,33.27
i06,e04,c5,p05,l4,0.00
i06,e04,c5,p06,l1,0.00
i06,e04,c5,p06,l2,0.00
i06,e04,c5,p06,l3,8.93
i06,e04,c5,p06,l4,0.00
i06,e04,c5,p07,l1,0.00
i06,e04,c5,p07,l2,0.00
i06,e04,c5,p07,l3,42.54
i06,e04,c5,p07,l4,0.00
i06,e04,c5,p08,l1,0.00
i06,e04,c5,p08,l2,0.00
i06,e04,c5,p08,l3,13.22
i06,e04,c5,p08,l4,0.00
i06,e04,c5,p09,l1,0.00
i06,e04,c5,p09,l2,0.00
i06,e04,c5,p09,l3,24.56
i06,e04,c5,p09,l4,0.00
i06,e04,c5,p10,l1,0.00
i06,e04,c5,p10,l2,0.00
i06,e04,c5,p10,l3,109.54
i06,e04,c5,p10,l4,0.00
i06,e04,c5,p11,l1,0.00
i06,e04,c5,p11,l2,0.00
i06,e04,c5,p11,l3,29.16
i06,e04,c5,p11,l4,0.00
i06,e04,c5,p12,l1,0.00
i06,e04,c5,p12,l2,0.00
i06,e04,c5,p12,l3,23.09
i06,e04,c5,p12,l4,0.00
i06,e04,c5,p13,l1,0.00
i06,e04,c5,p13,l2,0.00
i06,e04,c5,p13,l3,9.10
i06,e04,c5,p13,l4,0.00
i06,e04,c5,p14,l1,0.00
i06,e04,c5,p14,l2,0.00
i06,e04,c5,p14,l3,21.41
i06,e04,c5,p14,l4,0.00
i06,e04,c5,p15,l1,0.00
i06,e04,c5,p15,l2,0.00
i06,e04,c5,p15,l3,58.23
i06,e04,c5,p15,l4,0.00
i06,e04,c5,p16,l1,0.00
i06,e04,c5,p16,l2,0.00
i06,e04,c5,p16,l3,53.58
i06,e04,c5,p16,l4,0.00
i06,e04,c5,p17,l1,0.00
i06,e04,c5,p17,l2,0.00
i06,e04,c5,p17,l3,68.46
i06,e04,c5,p17,l4,0.00
i06,e04,c5,p18,l1,0.00
i06,e04,c5,p18,l2,0.00
i06,e04,c5,p18,l3,11.48
i06,e04,c5,p18,l4,0.00
i06,e04,c5,p19,l1,0.00
i06,e04,c5,p19,l2,0.00
i06,e04,c5,p19,l3,77.10
i06,e04,c5,p19,l4,0.00
i06,e04,c5,p20,l1,0.00
i06,e04,c5,p20,l2,0.00
i06,e04,c5,p20,l3,3.51
i06,e04,c5,p20,l4,0.00
i06,e04,c5,p21,l1,0.00
i06,e04,c5,p21,l2,0.00
i06,e04,c5,p21,l3,33.45
i06,e04,c5,p21,l4,0.00
i06,e04,c5,p22,l1,0.00
i06,e04,c5,p22,l2,0.00
i06,e04,c5,p22,l3,14.00
i06,e04,c5,p22,l4,0.00
i06,e04,c5,p23,l1,0.00
i06,e04,c5,p23,l2,0.00
i06,e04,c5,p23,l3,9.07
i06,e04,c5,p23,l4,0.00
i06,e04,c5,p24,l1,0.00
i06,e04,c5,p24,l2,0.00
i06,e04,c5,p24,l3,58.84
i06,e04,c5,p24,l4,0.00
i06,e04,c5,p25,l1,0.00
i06,e04,c5,p25,l2,0.00
i06,e04,c5,p25,l3,5.55
i06,e04,c5,p25,l4,0.00
i06,e04,c5,p26,l1,0.00
i06,e04,c5,p26,l2,0.00
i06,e04,c5,p26,l3,4.43
i06,e04,c5,p26,l4,0.00
i06,e04,c5,p27,l1,0.00
i06,e04,c5,p27,l3,0.00
i06,e04,c5,p27,l4,0.00
i06,e04,c5,p28,l1,0.00
i06,e04,c5,p28,l2,0.00
i06,e04,c5,p28,l3,10.44
i06,e04,c5,p28,l4,0.00
i06,e04,c5,p29,l1,0.00
i06,e04,c5,p29,l2,0.00
i06,e04,c5,p29,l3,56.67
i06,e04,c5,p29,l4,0.00
i06,e04,c5,p30,l1,0.00
i06,e04,c5,p30,l2,0.00
i06,e04,c5,p30,l3,0.00
i06,e04,c5,p30,l4,0.00
i06,e04,c5,p31,l1,0.00
i06,e04,c5,p31,l2,0.00
i06,e04,c5,p31,l3,0.00
i06,e04,c5,p31,l4,0.00
i06,e04,c5,p32,l1,0.00
i06,e04,c5,p32,l2,0.00
i06,e04,c5,p32,l3,6.10
i06,e04,c5,p32,l4,0.00
i06,e04,c5,p33,l1,0.00
i06,e04,c5,p33,l3,0.00
i06,e04,c5,p33,l4,0.00
i06,e04,c5,p34,l1,0.00
i06,e04,c5,p34,l3,0.00
i06,e04,c5,p35,l1,0.00
i06,e04,c5,p35,l2,0.00
i06,e04,c5,p35,l3,47.30
i06,e04,c5,p35,l4,0.00
i06,e04,c8,p10,l3,0.00
i06,e04,c8,p35,l1,0.00
i06,e04,c8,p35,l3,0.00
i06,e05,c3,p01,l1,0.00
i06,e05,c3,p01,l3,0.00
i06,e05,c3,p02,l1,0.00
i06,e05,c3,p02,l3,0.00
i06,e05,c3,p03,l1,0.00
i06,e05,c3,p03,l3,0.00
i06,e05,c3,p04,l1,0.00
i06,e05,c3,p04,l3,0.00
i06,e05,c3,p05,l1,0.00
i06,e05,c3,p05,l3,0.00
i06,e05,c3,p06,l1,0.00
i06,e05,c3,p06,l3,0.00
i06,e05,c3,p07,l1,0.00
i06,e05,c3,p07,l3,0.00
i06,e05,c3,p08,l1,0.00
i06,e05,c3,p08,l3,0.00
i06,e05,c3,p09,l1,0.00
i06,e05,c3,p09,l3,0.00
i06,e05,c3,p10,l1,0.00
i06,e05,c3,p10,l3,0.00
i06,e05,c3,p11,l1,0.00
i06,e05,c3,p11,l3,0.00
i06,e05,c3,p12,l1,0.00
i06,e05,c3,p12,l3,0.00
i06,e05,c3,p13,l1,0.00
i06,e05,c3,p13,l3,0.00
i06,e05,c3,p14,l1,0.00
i06,e05,c3,p14,l3,0.00
i06,e05,c3,p15,l1,0.00
i06,e05,c3,p15,l3,0.00
i06,e05,c3,p16,l1,0.00
i06,e05,c3,p16,l3,0.00
i06,e05,c3,p17,l1,0.00
i06,e05,c3,p17,l3,0.00
i06,e05,c3,p18,l1,0.00
i06,e05,c3,p18,l3,0.00
i06,e05,c3,p19,l1,0.00
i06,e05,c3,p19,l3,0.00
i06,e05,c3,p20,l1,0.00
i06,e05,c3,p20,l3,0.00
i06,e05,c3,p21,l1,0.00
i06,e05,c3,p21,l3,0.00
i06,e05,c3,p22,l1,0.00
i06,e05,c3,p22,l3,0.00
i06,e05,c3,p23,l1,0.00
i06,e05,c3,p23,l3,0.00
i06,e05,c3,p24,l1,0.00
i06,e05,c3,p24,l3,0.00
i06,e05,c3,p25,l1,0.00
i06,e05,c3,p25,l3,0.00
i06,e05,c3,p26,l1,0.00
i06,e05,c3,p26,l3,0.00
i06,e05,c3,p27,l1,0.00
i06,e05,c3,p28,l1,0.00
i06,e05,c3,p28,l3,0.00
i06,e05,c3,p29,l1,0.00
i06,e05,c3,p29,l3,0.00
i06,e05,c3,p30,l1,0.00
i06,e05,c3,p30,l3,0.00
i06,e05,c3,p31,l1,0.00
i06,e05,c3,p31,l3,0.00
i06,e05,c3,p32,l1,0.00
i06,e05,c3,p32,l3,0.00
i06,e05,c3,p33,l1,0.00
i06,e05,c3,p35,l1,0.00
i06,e05,c3,p35,l3,0.00
i06,e05,c5,p01,l1,0.00
i06,e05,c5,p01,l3,0.00
i06,e05,c5,p02,l1,2.48
i06,e05,c5,p02,l3,0.00
i06,e05,c5,p03,l1,0.00
i06,e05,c5,p03,l3,0.00
i06,e05,c5,p04,l1,0.00
i06,e05,c5,p04,l3,0.00
i06,e05,c5,p05,l1,0.00
i06,e05,c5,p05,l3,0.00
i06,e05,c5,p06,l1,1.22
i06,e05,c5,p06,l3,0.00
i06,e05,c5,p07,l1,1.03
i06,e05,c5,p07,l3,0.00
i06,e05,c5,p08,l1,0.00
i06,e05,c5,p08,l3,0.00
i06,e05,c5,p09,l1,0.00
i06,e05,c5,p09,l3,0.00
i06,e05,c5,p10,l1,3.19
i06,e05,c5,p10,l3,0.00
i06,e05,c5,p11,l1,0.00
i06,e05,c5,p11,l3,0.00
i06,e05,c5,p12,l1,0.00
i06,e05,c5,p12,l3,0.00
i06,e05,c5,p13,l1,0.00
i06,e05,c5,p13,l3,0.00
i06,e05,c5,p14,l1,0.00
i06,e05,c5,p14,l3,0.00
i06,e05,c5,p15,l1,0.00
i06,e05,c5,p15,l3,2.53
i06,e05,c5,p16,l1,1.38
i06,e05,c5,p16,l3,0.00
i06,e05,c5,p17,l1,0.00
i06,e05,c5,p17,l3,0.00
i06,e05,c5,p18,l1,1.23
i06,e05,c5,p18,l3,0.00
i06,e05,c5,p19,l1,0.00
i06,e05,c5,p19,l3,0.00
i06,e05,c5,p20,l1,0.00
i06,e05,c5,p20,l3,0.00
i06,e05,c5,p21,l1,0.00
i06,e05,c5,p21,l3,0.00
i06,e05,c5,p22,l1,0.00
i06,e05,c5,p22,l3,0.00
i06,e05,c5,p23,l1,0.00
i06,e05,c5,p23,l3,0.00
i06,e05,c5,p24,l1,1.20
i06,e05,c5,p24,l3,2.23
i06,e05,c5,p25,l1,0.00
i06,e05,c5,p25,l3,0.00
i06,e05,c5,p26,l1,0.00
i06,e05,c5,p26,l3,0.00
i06,e05,c5,p27,l1,0.00
i06,e05,c5,p28,l1,0.00
i06,e05,c5,p28,l3,0.00
i06,e05,c5,p29,l1,0.00
i06,e05,c5,p29,l3,0.00
i06,e05,c5,p30,l1,0.00
i06,e05,c5,p30,l3,0.00
i06,e05,c5,p31,l1,0.00
i06,e05,c5,p31,l3,0.00
i06,e05,c5,p32,l1,0.00
i06,e05,c5,p32,l3,0.00
i06,e05,c5,p33,l1,0.00
i06,e05,c5,p33,l3,0.00
i06,e05,c5,p34,l1,0.00
i06,e05,c5,p35,l1,0.00
i06,e05,c5,p35,l3,0.00
i06,e05,c8,p10,l1,0.00
i06,e05,c8,p10,l3,0.00
i06,e05,c8,p32,l3,0.00
i06,e05,c8,p35,l1,0.00
i06,e05,c8,p35,l3,0.00
i06,e06,c5,p01,l1,0.00
i06,e06,c5,p01,l3,0.00
i06,e06,c5,p03,l1,0.00
i06,e06,c5,p03,l3,0.00
i06,e06,c5,p04,l3,0.00
i06,e06,c5,p05,l1,0.00
i06,e06,c5,p05,l3,0.00
i06,e06,c5,p06,l1,0.00
i06,e06,c5,p06,l3,0.00
i06,e06,c5,p07,l1,0.00
i06,e06,c5,p07,l3,0.00
i06,e06,c5,p09,l3,0.00
i06,e06,c5,p10,l1,0.00
i06,e06,c5,p10,l3,0.00
i06,e06,c5,p11,l1,0.00
i06,e06,c5,p12,l1,0.00
i06,e06,c5,p15,l1,0.00
i06,e06,c5,p15,l3,0.00
i06,e06,c5,p16,l3,0.00
i06,e06,c5,p17,l1,0.00
i06,e06,c5,p17,l3,0.00
i06,e06,c5,p19,l1,0.00
i06,e06,c5,p19,l3,0.00
i06,e06,c5,p21,l1,0.00
i06,e06,c5,p21,l3,0.00
i06,e06,c5,p25,l3,0.00
i06,e06,c5,p32,l1,0.00
i06,e06,c5,p32,l3,0.00
i06,e06,c5,p35,l1,0.00
i06,e07,c3,p01,l2,0.00
i06,e07,c3,p01,l3,0.00
i06,e07,c3,p02,l2,0.00
i06,e07,c3,p02,l3,0.00
i06,e07,c3,p03,l2,0.00
i06,e07,c3,p03,l3,0.00
i06,e07,c3,p04,l2,0.00
i06,e07,c3,p04,l3,0.00
i06,e07,c3,p05,l2,0.00
i06,e07,c3,p05,l3,0.00
i06,e07,c3,p06,l2,0.00
i06,e07,c3,p06,l3,0.00
i06,e07,c3,p07,l2,0.00
i06,e07,c3,p07,l3,0.00
i06,e07,c3,p08,l2,0.00
i06,e07,c3,p08,l3,0.00
i06,e07,c3,p09,l2,0.00
i06,e07,c3,p09,l3,0.00
i06,e07,c3,p10,l2,0.00
i06,e07,c3,p10,l3,0.00
i06,e07,c3,p11,l2,0.00
i06,e07,c3,p11,l3,0.00
i06,e07,c3,p12,l2,0.00
i06,e07,c3,p12,l3,0.00
i06,e07,c3,p13,l2,0.00
i06,e07,c3,p13,l3,0.00
i06,e07,c3,p14,l2,0.00
i06,e07,c3,p14,l3,0.00
i06,e07,c3,p15,l2,0.00
i06,e07,c3,p15,l3,0.00
i06,e07,c3,p16,l2,0.00
i06,e07,c3,p16,l3,0.00
i06,e07,c3,p17,l2,0.00
i06,e07,c3,p17,l3,0.00
i06,e07,c3,p18,l2,0.00
i06,e07,c3,p18,l3,0.00
i06,e07,c3,p19,l2,0.00
i06,e07,c3,p19,l3,0.00
i06,e07,c3,p20,l2,0.00
i06,e07,c3,p20,l3,0.00
i06,e07,c3,p21,l2,0.00
i06,e07,c3,p21,l3,0.00
i06,e07,c3,p22,l2,0.00
i06,e07,c3,p22,l3,0.00
i06,e07,c3,p23,l2,0.00
i06,e07,c3,p23,l3,0.00
i06,e07,c3,p24,l2,0.00
i06,e07,c3,p24,l3,0.00
i06,e07,c3,p25,l2,0.00
i06,e07,c3,p25,l3,0.00
i06,e07,c3,p26,l2,0.00
i06,e07,c3,p26,l3,0.00
i06,e07,c3,p28,l2,0.00
i06,e07,c3,p28,l3,0.00
i06,e07,c3,p29,l2,0.00
i06,e07,c3,p29,l3,0.00
i06,e07,c3,p30,l3,0.00
i06,e07,c3,p31,l2,0.00
i06,e07,c3,p31,l3,0.00
i06,e07,c3,p32,l2,0.00
i06,e07,c3,p32,l3,0.00
i06,e07,c3,p35,l2,0.00
i06,e07,c3,p35,l3,0.00
i06,e07,c5,p01,l1,0.00
i06,e07,c5,p01,l2,0.00
i06,e07,c5,p01,l3,2.66
i06,e07,c5,p02,l2,0.00
i06,e07,c5,p02,l3,0.00
i06,e07,c5,p03,l1,0.00
i06,e07,c5,p03,l2,0.00
i06,e07,c5,p03,l3,0.00
i06,e07,c5,p04,l2,0.00
i06,e07,c5,p04,l3,0.00
i06,e07,c5,p05,l2,0.00
i06,e07,c5,p05,l3,0.00
i06,e07,c5,p06,l2,0.00
i06,e07,c5,p06,l3,1.28
i06,e07,c5,p07,l2,0.00
i06,e07,c5,p07,l3,0.00
i06,e07,c5,p08,l2,0.00
i06,e07,c5,p08,l3,0.00
i06,e07,c5,p09,l2,0.00
i06,e07,c5,p09,l3,0.00
i06,e07,c5,p10,l2,0.00
i06,e07,c5,p10,l3,3.38
i06,e07,c5,p11,l1,0.00
i06,e07,c5,p11,l2,0.00
i06,e07,c5,p11,l3,0.00
i06,e07,c5,p12,l2,0.00
i06,e07,c5,p12,l3,0.00
i06,e07,c5,p13,l2,0.00
i06,e07,c5,p13,l3,0.00
i06,e07,c5,p14,l2,0.00
i06,e07,c5,p14,l3,0.00
i06,e07,c5,p15,l2,0.00
i06,e07,c5,p15,l3,0.00
i06,e07,c5,p16,l2,0.00
i06,e07,c5,p16,l3,0.00
i06,e07,c5,p17,l2,0.00
i06,e07,c5,p17,l3,0.00
i06,e07,c5,p18,l2,0.00
i06,e07,c5,p18,l3,1.61
i06,e07,c5,p19,l1,0.00
i06,e07,c5,p19,l2,0.00
i06,e07,c5,p19,l3,3.10
i06,e07,c5,p20,l2,0.00
i06,e07,c5,p20,l3,0.00
i06,e07,c5,p21,l2,0.00
i06,e07,c5,p21,l3,1.09
i06,e07,c5,p22,l2,0.00
i06,e07,c5,p22,l3,0.00
i06,e07,c5,p23,l2,0.00
i06,e07,c5,p23,l3,0.00
i06,e07,c5,p24,l2,0.00
i06,e07,c5,p24,l3,0.00
i06,e07,c5,p25,l2,0.00
i06,e07,c5,p25,l3,0.00
i06,e07,c5,p26,l2,0.00
i06,e07,c5,p26,l3,0.00
i06,e07,c5,p28,l1,0.00
i06,e07,c5,p28,l2,0.00
i06,e07,c5,p28,l3,0.00
i06,e07,c5,p29,l2,0.00
i06,e07,c5,p29,l3,0.00
i06,e07,c5,p30,l2,0.00
i06,e07,c5,p30,l3,0.00
i06,e07,c5,p31,l2,0.00
i06,e07,c5,p31,l3,0.00
i06,e07,c5,p32,l2,0.00
i06,e07,c5,p32,l3,0.00
i06,e07,c5,p33,l2,0.00
i06,e07,c5,p33,l3,0.00
i06,e07,c5,p35,l1,0.00
i06,e07,c5,p35,l2,0.00
i06,e07,c5,p35,l3,0.00
i06,e08,c3,p01,l1,0.00
i06,e08,c3,p01,l2,0.00
i06,e08,c3,p01,l3,0.00
i06,e08,c3,p01,l4,1.66
i06,e08,c3,p02,l1,0.00
i06,e08,c3,p02,l2,0.00
i06,e08,c3,p02,l3,0.00
i06,e08,c3,p02,l4,0.00
i06,e08,c3,p03,l1,0.00
i06,e08,c3,p03,l2,0.00
i06,e08,c3,p03,l3,0.00
i06,e08,c3,p03,l4,0.00
i06,e08,c3,p04,l1,0.00
i06,e08,c3,p04,l2,0.00
i06,e08,c3,p04,l3,0.00
i06,e08,c3,p04,l4,0.00
i06,e08,c3,p05,l1,0.00
i06,e08,c3,p05,l2,0.00
i06,e08,c3,p05,l3,0.00
i06,e08,c3,p05,l4,3.87
i06,e08,c3,p06,l1,0.00
i06,e08,c3,p06,l2,0.00
i06,e08,c3,p06,l3,0.00
i06,e08,c3,p06,l4,0.00
i06,e08,c3,p07,l2,0.00
i06,e08,c3,p07,l3,0.00
i06,e08,c3,p07,l4,0.00
i06,e08,c3,p08,l2,0.00
i06,e08,c3,p08,l3,0.00
i06,e08,c3,p08,l4,0.00
i06,e08,c3,p09,l1,0.00
i06,e08,c3,p09,l2,0.00
i06,e08,c3,p09,l3,0.00
i06,e08,c3,p09,l4,0.00
i06,e08,c3,p10,l1,0.00
i06,e08,c3,p10,l2,0.00
i06,e08,c3,p10,l3,0.00
i06,e08,c3,p10,l4,2.33
i06,e08,c3,p11,l1,0.00
i06,e08,c3,p11,l2,0.00
i06,e08,c3,p11,l3,0.00
i06,e08,c3,p11,l4,0.00
i06,e08,c3,p12,l1,0.00
i06,e08,c3,p12,l2,0.00
i06,e08,c3,p12,l3,0.00
i06,e08,c3,p12,l4,0.00
i06,e08,c3,p13,l1,0.00
i06,e08,c3,p13,l2,0.00
i06,e08,c3,p13,l3,0.00
i06,e08,c3,p13,l4,0.00
i06,e08,c3,p14,l1,0.00
i06,e08,c3,p14,l2,0.00
i06,e08,c3,p14,l3,0.00
i06,e08,c3,p14,l4,0.00
i06,e08,c3,p15,l1,0.00
i06,e08,c3,p15,l2,0.00
i06,e08,c3,p15,l3,0.00
i06,e08,c3,p15,l4,1.39
i06,e08,c3,p16,l1,0.00
i06,e08,c3,p16,l2,0.00
i06,e08,c3,p16,l3,0.00
i06,e08,c3,p16,l4,0.00
i06,e08,c3,p17,l1,0.00
i06,e08,c3,p17,l2,0.00
i06,e08,c3,p17,l3,0.00
i06,e08,c3,p17,l4,0.00
i06,e08,c3,p18,l1,0.00
i06,e08,c3,p18,l2,0.00
i06,e08,c3,p18,l3,0.00
i06,e08,c3,p18,l4,0.00
i06,e08,c3,p19,l1,0.00
i06,e08,c3,p19,l2,0.00
i06,e08,c3,p19,l3,0.00
i06,e08,c3,p19,l4,0.00
i06,e08,c3,p20,l2,0.00
i06,e08,c3,p20,l3,0.00
i06,e08,c3,p20,l4,0.00
i06,e08,c3,p21,l1,0.00
i06,e08,c3,p21,l2,0.00
i06,e08,c3,p21,l3,0.00
i06,e08,c3,p21,l4,0.00
i06,e08,c3,p22,l1,0.00
i06,e08,c3,p22,l2,0.00
i06,e08,c3,p22,l3,0.00
i06,e08,c3,p22,l4,0.00
i06,e08,c3,p23,l1,0.00
i06,e08,c3,p23,l2,0.00
i06,e08,c3,p23,l3,0.00
i06,e08,c3,p23,l4,0.00
i06,e08,c3,p24,l1,0.00
i06,e08,c3,p24,l2,0.00
i06,e08,c3,p24,l3,0.00
i06,e08,c3,p24,l4,0.00
i06,e08,c3,p25,l2,0.00
i06,e08,c3,p25,l3,0.00
i06,e08,c3,p25,l4,0.00
i06,e08,c3,p26,l2,0.00
i06,e08,c3,p26,l3,0.00
i06,e08,c3,p26,l4,0.00
i06,e08,c3,p27,l2,0.00
i06,e08,c3,p27,l4,0.00
i06,e08,c3,p28,l2,0.00
i06,e08,c3,p28,l3,0.00
i06,e08,c3,p28,l4,0.00
i06,e08,c3,p29,l2,0.00
i06,e08,c3,p29,l3,0.00
i06,e08,c3,p29,l4,3.12
i06,e08,c3,p30,l2,0.00
i06,e08,c3,p30,l3,0.00
i06,e08,c3,p30,l4,0.00
i06,e08,c3,p31,l2,0.00
i06,e08,c3,p31,l3,0.00
i06,e08,c3,p31,l4,0.00
i06,e08,c3,p32,l2,0.00
i06,e08,c3,p32,l3,0.00
i06,e08,c3,p32,l4,0.00
i06,e08,c3,p33,l2,0.00
i06,e08,c3,p33,l3,0.00
i06,e08,c3,p33,l4,0.00
i06,e08,c3,p35,l1,0.00
i06,e08,c3,p35,l2,0.00
i06,e08,c3,p35,l3,0.00
i06,e08,c3,p35,l4,0.00
i06,e08,c5,p01,l1,0.00
i06,e08,c5,p01,l2,30.04
i06,e08,c5,p01,l3,15.14
i06,e08,c5,p01,l4,744.19
i06,e08,c5,p02,l1,0.00
i06,e08,c5,p02,l2,1.37
i06,e08,c5,p02,l3,2.22
i06,e08,c5,p02,l4,153.03
i06,e08,c5,p03,l1,0.00
i06,e08,c5,p03,l2,4.42
i06,e08,c5,p03,l3,37.22
i06,e08,c5,p03,l4,637.03
i06,e08,c5,p04,l1,0.00
i06,e08,c5,p04,l2,4.35
i06,e08,c5,p04,l3,5.83
i06,e08,c5,p04,l4,252.22
i06,e08,c5,p05,l1,0.00
i06,e08,c5,p05,l2,14.38
i06,e08,c5,p05,l3,8.31
i06,e08,c5,p05,l4,459.74
i06,e08,c5,p06,l1,0.00
i06,e08,c5,p06,l2,5.09
i06,e08,c5,p06,l3,3.47
i06,e08,c5,p06,l4,216.21
i06,e08,c5,p07,l1,0.00
i06,e08,c5,p07,l2,1.64
i06,e08,c5,p07,l3,16.26
i06,e08,c5,p07,l4,504.91
i06,e08,c5,p08,l1,0.00
i06,e08,c5,p08,l2,1.97
i06,e08,c5,p08,l3,6.52
i06,e08,c5,p08,l4,254.55
i06,e08,c5,p09,l1,0.00
i06,e08,c5,p09,l2,6.01
i06,e08,c5,p09,l3,3.20
i06,e08,c5,p09,l4,130.03
i06,e08,c5,p10,l1,0.00
i06,e08,c5,p10,l2,20.07
i06,e08,c5,p10,l3,132.56
i06,e08,c5,p10,l4,936.19
i06,e08,c5,p11,l1,0.00
i06,e08,c5,p11,l2,40.24
i06,e08,c5,p11,l3,106.03
i06,e08,c5,p11,l4,794.35
i06,e08,c5,p12,l1,0.00
i06,e08,c5,p12,l2,19.72
i06,e08,c5,p12,l3,22.37
i06,e08,c5,p12,l4,263.69
i06,e08,c5,p13,l1,0.00
i06,e08,c5,p13,l2,0.00
i06,e08,c5,p13,l3,17.38
i06,e08,c5,p13,l4,217.39
i06,e08,c5,p14,l1,0.00
i06,e08,c5,p14,l2,1.32
i06,e08,c5,p14,l3,17.14
i06,e08,c5,p14,l4,210.35
i06,e08,c5,p15,l1,0.00
i06,e08,c5,p15,l2,3.49
i06,e08,c5,p15,l3,42.31
i06,e08,c5,p15,l4,847.68
i06,e08,c5,p16,l1,0.00
i06,e08,c5,p16,l2,5.34
i06,e08,c5,p16,l3,99.64
i06,e08,c5,p16,l4,281.07
i06,e08,c5,p17,l1,0.00
i06,e08,c5,p17,l2,36.54
i06,e08,c5,p17,l3,88.07
i06,e08,c5,p17,l4,1305.65
i06,e08,c5,p18,l1,0.00
i06,e08,c5,p18,l2,1.15
i06,e08,c5,p18,l3,75.18
i06,e08,c5,p18,l4,574.23
i06,e08,c5,p19,l1,0.00
i06,e08,c5,p19,l2,46.24
i06,e08,c5,p19,l3,96.43
i06,e08,c5,p19,l4,1315.71
i06,e08,c5,p20,l1,0.00
i06,e08,c5,p20,l2,0.00
i06,e08,c5,p20,l3,9.01
i06,e08,c5,p20,l4,47.27
i06,e08,c5,p21,l1,0.00
i06,e08,c5,p21,l2,3.42
i06,e08,c5,p21,l3,31.29
i06,e08,c5,p21,l4,671.05
i06,e08,c5,p22,l1,0.00
i06,e08,c5,p22,l2,2.77
i06,e08,c5,p22,l3,5.35
i06,e08,c5,p22,l4,374.24
i06,e08,c5,p23,l1,0.00
i06,e08,c5,p23,l2,4.48
i06,e08,c5,p23,l3,13.63
i06,e08,c5,p23,l4,142.77
i06,e08,c5,p24,l1,0.00
i06,e08,c5,p24,l2,2.11
i06,e08,c5,p24,l3,12.47
i06,e08,c5,p24,l4,806.05
i06,e08,c5,p25,l1,0.00
i06,e08,c5,p25,l2,0.00
i06,e08,c5,p25,l3,1.10
i06,e08,c5,p25,l4,29.06
i06,e08,c5,p26,l1,0.00
i06,e08,c5,p26,l2,0.00
i06,e08,c5,p26,l3,0.00
i06,e08,c5,p26,l4,1.36
i06,e08,c5,p27,l2,0.00
i06,e08,c5,p27,l3,0.00
i06,e08,c5,p27,l4,0.00
i06,e08,c5,p28,l1,0.00
i06,e08,c5,p28,l2,3.26
i06,e08,c5,p28,l3,120.52
i06,e08,c5,p28,l4,66.24
i06,e08,c5,p29,l1,0.00
i06,e08,c5,p29,l2,0.00
i06,e08,c5,p29,l3,5.14
i06,e08,c5,p29,l4,325.01
i06,e08,c5,p30,l1,0.00
i06,e08,c5,p30,l2,0.00
i06,e08,c5,p30,l3,1.01
i06,e08,c5,p30,l4,9.17
i06,e08,c5,p31,l1,0.00
i06,e08,c5,p31,l2,0.00
i06,e08,c5,p31,l3,0.00
i06,e08,c5,p31,l4,51.43
i06,e08,c5,p32,l1,0.00
i06,e08,c5,p32,l2,0.00
i06,e08,c5,p32,l3,1.34
i06,e08,c5,p32,l4,72.23
i06,e08,c5,p33,l1,0.00
i06,e08,c5,p33,l2,0.00
i06,e08,c5,p33,l3,0.00
i06,e08,c5,p33,l4,31.48
i06,e08,c5,p34,l2,0.00
i06,e08,c5,p34,l3,0.00
i06,e08,c5,p34,l4,0.00
i06,e08,c5,p35,l1,0.00
i06,e08,c5,p35,l2,12.04
i06,e08,c5,p35,l3,14.59
i06,e08,c5,p35,l4,1574.58
i06,e08,c8,p05,l3,0.00
i06,e08,c8,p07,l2,0.00
i06,e08,c8,p10,l2,0.00
i06,e08,c8,p10,l3,0.00
i06,e08,c8,p10,l4,0.00
i06,e08,c8,p13,l4,0.00
i06,e08,c8,p17,l2,0.00
i06,e08,c8,p29,l2,0.00
i06,e08,c8,p35,l2,0.00
i06,e08,c8,p35,l3,0.00
i06,e08,c8,p35,l4,0.00
i06,e09,c3,p01,l2,0.00
i06,e09,c3,p01,l3,0.00
i06,e09,c3,p02,l2,0.00
i06,e09,c3,p02,l3,0.00
i06,e09,c3,p03,l2,0.00
i06,e09,c3,p03,l3,0.00
i06,e09,c3,p03,l4,0.00
i06,e09,c3,p04,l2,0.00
i06,e09,c3,p04,l3,0.00
i06,e09,c3,p04,l4,0.00
i06,e09,c3,p05,l2,0.00
i06,e09,c3,p05,l3,0.00
i06,e09,c3,p05,l4,0.00
i06,e09,c3,p06,l2,0.00
i06,e09,c3,p06,l3,0.00
i06,e09,c3,p07,l2,0.00
i06,e09,c3,p07,l3,0.00
i06,e09,c3,p07,l4,0.00
i06,e09,c3,p08,l2,0.00
i06,e09,c3,p08,l3,0.00
i06,e09,c3,p09,l2,0.00
i06,e09,c3,p09,l3,0.00
i06,e09,c3,p10,l2,0.00
i06,e09,c3,p10,l3,0.00
i06,e09,c3,p10,l4,0.00
i06,e09,c3,p11,l2,0.00
i06,e09,c3,p11,l3,0.00
i06,e09,c3,p12,l2,0.00
i06,e09,c3,p12,l3,0.00
i06,e09,c3,p13,l2,0.00
i06,e09,c3,p13,l3,0.00
i06,e09,c3,p13,l4,0.00
i06,e09,c3,p14,l2,0.00
i06,e09,c3,p14,l3,0.00
i06,e09,c3,p14,l4,0.00
i06,e09,c3,p15,l2,0.00
i06,e09,c3,p15,l3,0.00
i06,e09,c3,p15,l4,0.00
i06,e09,c3,p16,l2,0.00
i06,e09,c3,p16,l3,0.00
i06,e09,c3,p16,l4,0.00
i06,e09,c3,p17,l2,0.00
i06,e09,c3,p17,l3,0.00
i06,e09,c3,p18,l2,0.00
i06,e09,c3,p18,l3,0.00
i06,e09,c3,p18,l4,0.00
i06,e09,c3,p19,l2,0.00
i06,e09,c3,p19,l3,0.00
i06,e09,c3,p19,l4,0.00
i06,e09,c3,p20,l2,0.00
i06,e09,c3,p20,l3,0.00
i06,e09,c3,p20,l4,0.00
i06,e09,c3,p21,l2,0.00
i06,e09,c3,p21,l3,0.00
i06,e09,c3,p22,l2,0.00
i06,e09,c3,p22,l3,0.00
i06,e09,c3,p23,l2,0.00
i06,e09,c3,p23,l3,0.00
i06,e09,c3,p24,l2,0.00
i06,e09,c3,p24,l3,0.00
i06,e09,c3,p24,l4,0.00
i06,e09,c3,p25,l2,0.00
i06,e09,c3,p25,l3,0.00
i06,e09,c3,p26,l2,0.00
i06,e09,c3,p26,l3,0.00
i06,e09,c3,p28,l2,0.00
i06,e09,c3,p28,l3,0.00
i06,e09,c3,p29,l2,0.00
i06,e09,c3,p29,l3,0.00
i06,e09,c3,p30,l2,0.00
i06,e09,c3,p30,l3,0.00
i06,e09,c3,p31,l2,0.00
i06,e09,c3,p31,l3,0.00
i06,e09,c3,p32,l2,0.00
i06,e09,c3,p32,l3,0.00
i06,e09,c3,p32,l4,0.00
i06,e09,c3,p33,l2,0.00
i06,e09,c3,p33,l3,0.00
i06,e09,c3,p35,l2,0.00
i06,e09,c3,p35,l3,0.00
i06,e09,c3,p35,l4,0.00
i06,e09,c5,p01,l2,0.00
i06,e09,c5,p01,l3,15.73
i06,e09,c5,p01,l4,0.00
i06,e09,c5,p02,l2,0.00
i06,e09,c5,p02,l3,5.31
i06,e09,c5,p02,l4,0.00
i06,e09,c5,p03,l2,0.00
i06,e09,c5,p03,l3,22.47
i06,e09,c5,p03,l4,0.00
i06,e09,c5,p04,l2,0.00
i06,e09,c5,p04,l3,11.34
i06,e09,c5,p04,l4,0.00
i06,e09,c5,p05,l2,0.00
i06,e09,c5,p05,l3,4.59
i06,e09,c5,p05,l4,0.00
i06,e09,c5,p06,l2,0.00
i06,e09,c5,p06,l3,3.28
i06,e09,c5,p06,l4,0.00
i06,e09,c5,p07,l2,0.00
i06,e09,c5,p07,l3,11.89
i06,e09,c5,p07,l4,0.00
i06,e09,c5,p08,l2,0.00
i06,e09,c5,p08,l3,5.01
i06,e09,c5,p08,l4,0.00
i06,e09,c5,p09,l2,0.00
i06,e09,c5,p09,l3,10.21
i06,e09,c5,p09,l4,0.00
i06,e09,c5,p10,l2,0.00
i06,e09,c5,p10,l3,23.22
i06,e09,c5,p10,l4,0.00
i06,e09,c5,p11,l2,0.00
i06,e09,c5,p11,l3,3.60
i06,e09,c5,p11,l4,0.00
i06,e09,c5,p12,l2,0.00
i06,e09,c5,p12,l3,14.53
i06,e09,c5,p12,l4,0.00
i06,e09,c5,p13,l2,0.00
i06,e09,c5,p13,l3,6.04
i06,e09,c5,p13,l4,0.00
i06,e09,c5,p14,l2,0.00
i06,e09,c5,p14,l3,2.52
i06,e09,c5,p14,l4,0.00
i06,e09,c5,p15,l2,0.00
i06,e09,c5,p15,l3,19.41
i06,e09,c5,p15,l4,0.00
i06,e09,c5,p16,l2,0.00
i06,e09,c5,p16,l3,11.25
i06,e09,c5,p16,l4,0.00
i06,e09,c5,p17,l2,0.00
i06,e09,c5,p17,l3,30.07
i06,e09,c5,p17,l4,0.00
i06,e09,c5,p18,l2,0.00
i06,e09,c5,p18,l3,5.96
i06,e09,c5,p18,l4,0.00
i06,e09,c5,p19,l2,0.00
i06,e09,c5,p19,l3,21.41
i06,e09,c5,p19,l4,0.00
i06,e09,c5,p20,l2,0.00
i06,e09,c5,p20,l3,4.03
i06,e09,c5,p20,l4,0.00
i06,e09,c5,p21,l2,0.00
i06,e09,c5,p21,l3,21.09
i06,e09,c5,p21,l4,0.00
i06,e09,c5,p22,l2,0.00
i06,e09,c5,p22,l3,9.04
i06,e09,c5,p22,l4,0.00
i06,e09,c5,p23,l2,0.00
i06,e09,c5,p23,l3,7.14
i06,e09,c5,p23,l4,0.00
i06,e09,c5,p24,l2,0.00
i06,e09,c5,p24,l3,9.13
i06,e09,c5,p24,l4,0.00
i06,e09,c5,p25,l2,0.00
i06,e09,c5,p25,l3,0.00
i06,e09,c5,p25,l4,0.00
i06,e09,c5,p26,l2,0.00
i06,e09,c5,p26,l3,0.00
i06,e09,c5,p26,l4,0.00
i06,e09,c5,p27,l2,0.00
i06,e09,c5,p27,l3,0.00
i06,e09,c5,p28,l2,0.00
i06,e09,c5,p28,l3,8.53
i06,e09,c5,p28,l4,0.00
i06,e09,c5,p29,l2,0.00
i06,e09,c5,p29,l3,3.11
i06,e09,c5,p29,l4,0.00
i06,e09,c5,p30,l2,0.00
i06,e09,c5,p30,l3,0.00
i06,e09,c5,p30,l4,0.00
i06,e09,c5,p31,l2,0.00
i06,e09,c5,p31,l3,0.00
i06,e09,c5,p31,l4,0.00
i06,e09,c5,p32,l2,0.00
i06,e09,c5,p32,l3,2.08
i06,e09,c5,p32,l4,0.00
i06,e09,c5,p33,l2,0.00
i06,e09,c5,p33,l3,0.00
i06,e09,c5,p33,l4,0.00
i06,e09,c5,p34,l2,0.00
i06,e09,c5,p34,l3,0.00
i06,e09,c5,p35,l2,0.00
i06,e09,c5,p35,l3,16.77
i06,e09,c5,p35,l4,0.00
i06,e09,c8,p07,l3,0.00
i06,e10,c3,p01,l1,0.00
i06,e10,c3,p01,l2,0.00
i06,e10,c3,p01,l3,117.25
i06,e10,c3,p01,l4,6.34
i06,e10,c3,p02,l1,0.00
i06,e10,c3,p02,l2,0.00
i06,e10,c3,p02,l3,0.00
i06,e10,c3,p02,l4,0.00
i06,e10,c3,p03,l1,0.00
i06,e10,c3,p03,l2,0.00
i06,e10,c3,p03,l3,19.02
i06,e10,c3,p03,l4,5.50
i06,e10,c3,p04,l1,0.00
i06,e10,c3,p04,l2,0.00
i06,e10,c3,p04,l3,28.17
i06,e10,c3,p04,l4,4.14
i06,e10,c3,p05,l1,0.00
i06,e10,c3,p05,l2,0.00
i06,e10,c3,p05,l3,8.23
i06,e10,c3,p05,l4,0.00
i06,e10,c3,p06,l1,0.00
i06,e10,c3,p06,l2,0.00
i06,e10,c3,p06,l3,0.00
i06,e10,c3,p06,l4,0.00
i06,e10,c3,p07,l1,2.54
i06,e10,c3,p07,l2,0.00
i06,e10,c3,p07,l3,83.32
i06,e10,c3,p07,l4,3.42
i06,e10,c3,p08,l1,0.00
i06,e10,c3,p08,l2,0.00
i06,e10,c3,p08,l3,0.00
i06,e10,c3,p08,l4,0.00
i06,e10,c3,p09,l1,0.00
i06,e10,c3,p09,l2,0.00
i06,e10,c3,p09,l3,20.26
i06,e10,c3,p09,l4,2.41
i06,e10,c3,p10,l1,0.00
i06,e10,c3,p10,l2,0.00
i06,e10,c3,p10,l3,148.17
i06,e10,c3,p10,l4,12.18
i06,e10,c3,p11,l1,0.00
i06,e10,c3,p11,l2,0.00
i06,e10,c3,p11,l3,0.00
i06,e10,c3,p11,l4,0.00
i06,e10,c3,p12,l1,0.00
i06,e10,c3,p12,l2,0.00
i06,e10,c3,p12,l3,0.00
i06,e10,c3,p12,l4,0.00
i06,e10,c3,p13,l1,0.00
i06,e10,c3,p13,l2,0.00
i06,e10,c3,p13,l3,11.39
i06,e10,c3,p13,l4,2.09
i06,e10,c3,p14,l1,0.00
i06,e10,c3,p14,l2,0.00
i06,e10,c3,p14,l3,0.00
i06,e10,c3,p14,l4,0.00
i06,e10,c3,p15,l1,0.00
i06,e10,c3,p15,l2,0.00
i06,e10,c3,p15,l3,2.07
i06,e10,c3,p15,l4,0.00
i06,e10,c3,p16,l1,0.00
i06,e10,c3,p16,l2,0.00
i06,e10,c3,p16,l3,8.44
i06,e10,c3,p16,l4,0.00
i06,e10,c3,p17,l1,0.00
i06,e10,c3,p17,l2,0.00
i06,e10,c3,p17,l3,4.18
i06,e10,c3,p17,l4,0.00
i06,e10,c3,p18,l1,0.00
i06,e10,c3,p18,l2,0.00
i06,e10,c3,p18,l3,0.00
i06,e10,c3,p18,l4,0.00
i06,e10,c3,p19,l1,0.00
i06,e10,c3,p19,l2,0.00
i06,e10,c3,p19,l3,35.36
i06,e10,c3,p19,l4,0.00
i06,e10,c3,p20,l1,0.00
i06,e10,c3,p20,l2,0.00
i06,e10,c3,p20,l3,0.00
i06,e10,c3,p20,l4,0.00
i06,e10,c3,p21,l1,0.00
i06,e10,c3,p21,l2,0.00
i06,e10,c3,p21,l3,12.37
i06,e10,c3,p21,l4,0.00
i06,e10,c3,p22,l1,0.00
i06,e10,c3,p22,l2,0.00
i06,e10,c3,p22,l3,0.00
i06,e10,c3,p22,l4,0.00
i06,e10,c3,p23,l1,0.00
i06,e10,c3,p23,l2,0.00
i06,e10,c3,p23,l3,0.00
i06,e10,c3,p23,l4,0.00
i06,e10,c3,p24,l1,0.00
i06,e10,c3,p24,l2,0.00
i06,e10,c3,p24,l3,86.00
i06,e10,c3,p24,l4,3.47
i06,e10,c3,p25,l1,0.00
i06,e10,c3,p25,l2,0.00
i06,e10,c3,p25,l3,0.00
i06,e10,c3,p25,l4,0.00
i06,e10,c3,p26,l1,0.00
i06,e10,c3,p26,l2,0.00
i06,e10,c3,p26,l3,0.00
i06,e10,c3,p26,l4,0.00
i06,e10,c3,p28,l1,0.00
i06,e10,c3,p28,l2,0.00
i06,e10,c3,p28,l3,0.00
i06,e10,c3,p28,l4,0.00
i06,e10,c3,p29,l1,0.00
i06,e10,c3,p29,l2,0.00
i06,e10,c3,p29,l3,9.21
i06,e10,c3,p29,l4,2.15
i06,e10,c3,p30,l1,0.00
i06,e10,c3,p30,l2,0.00
i06,e10,c3,p30,l3,0.00
i06,e10,c3,p30,l4,0.00
i06,e10,c3,p31,l1,0.00
i06,e10,c3,p31,l2,0.00
i06,e10,c3,p31,l3,0.00
i06,e10,c3,p31,l4,0.00
i06,e10,c3,p32,l1,0.00
i06,e10,c3,p32,l2,0.00
i06,e10,c3,p32,l3,0.00
i06,e10,c3,p32,l4,0.00
i06,e10,c3,p33,l1,0.00
i06,e10,c3,p33,l2,0.00
i06,e10,c3,p33,l3,0.00
i06,e10,c3,p33,l4,0.00
i06,e10,c3,p35,l1,0.00
i06,e10,c3,p35,l2,0.00
i06,e10,c3,p35,l3,8.24
i06,e10,c3,p35,l4,0.00
i06,e10,c5,p01,l1,19.20
i06,e10,c5,p01,l2,7.51
i06,e10,c5,p01,l3,7644.36
i06,e10,c5,p01,l4,780.48
i06,e10,c5,p02,l1,10.04
i06,e10,c5,p02,l2,0.00
i06,e10,c5,p02,l3,3821.21
i06,e10,c5,p02,l4,330.14
i06,e10,c5,p03,l1,14.24
i06,e10,c5,p03,l2,36.29
i06,e10,c5,p03,l3,8788.08
i06,e10,c5,p03,l4,852.01
i06,e10,c5,p04,l1,9.02
i06,e10,c5,p04,l2,0.00
i06,e10,c5,p04,l3,3807.16
i06,e10,c5,p04,l4,310.19
i06,e10,c5,p05,l1,26.49
i06,e10,c5,p05,l2,23.07
i06,e10,c5,p05,l3,8715.35
i06,e10,c5,p05,l4,819.04
i06,e10,c5,p06,l1,14.15
i06,e10,c5,p06,l2,6.19
i06,e10,c5,p06,l3,3482.31
i06,e10,c5,p06,l4,308.44
i06,e10,c5,p07,l1,25.27
i06,e10,c5,p07,l2,20.53
i06,e10,c5,p07,l3,6166.05
i06,e10,c5,p07,l4,712.24
i06,e10,c5,p08,l1,9.09
i06,e10,c5,p08,l2,34.60
i06,e10,c5,p08,l3,3000.70
i06,e10,c5,p08,l4,283.53
i06,e10,c5,p09,l1,9.14
i06,e10,c5,p09,l2,3.13
i06,e10,c5,p09,l3,4934.62
i06,e10,c5,p09,l4,506.06
i06,e10,c5,p10,l1,86.28
i06,e10,c5,p10,l2,112.01
i06,e10,c5,p10,l3,31012.13
i06,e10,c5,p10,l4,2855.42
i06,e10,c5,p11,l1,17.08
i06,e10,c5,p11,l2,18.10
i06,e10,c5,p11,l3,8021.82
i06,e10,c5,p11,l4,858.64
i06,e10,c5,p12,l1,39.30
i06,e10,c5,p12,l2,6.13
i06,e10,c5,p12,l3,8461.17
i06,e10,c5,p12,l4,620.21
i06,e10,c5,p13,l1,7.02
i06,e10,c5,p13,l2,66.32
i06,e10,c5,p13,l3,4259.22
i06,e10,c5,p13,l4,311.02
i06,e10,c5,p14,l1,7.47
i06,e10,c5,p14,l2,37.67
i06,e10,c5,p14,l3,2811.84
i06,e10,c5,p14,l4,311.24
i06,e10,c5,p15,l1,19.19
i06,e10,c5,p15,l2,20.14
i06,e10,c5,p15,l3,11448.56
i06,e10,c5,p15,l4,1275.51
i06,e10,c5,p16,l1,27.04
i06,e10,c5,p16,l2,13.18
i06,e10,c5,p16,l3,8158.44
i06,e10,c5,p16,l4,731.50
i06,e10,c5,p17,l1,12.62
i06,e10,c5,p17,l2,38.07
i06,e10,c5,p17,l3,6270.04
i06,e10,c5,p17,l4,603.83
i06,e10,c5,p18,l1,8.13
i06,e10,c5,p18,l2,5.27
i06,e10,c5,p18,l3,4646.45
i06,e10,c5,p18,l4,380.12
i06,e10,c5,p19,l1,35.75
i06,e10,c5,p19,l2,3.72
i06,e10,c5,p19,l3,13230.12
i06,e10,c5,p19,l4,1151.38
i06,e10,c5,p20,l1,3.45
i06,e10,c5,p20,l2,0.00
i06,e10,c5,p20,l3,375.46
i06,e10,c5,p20,l4,70.63
i06,e10,c5,p21,l1,23.64
i06,e10,c5,p21,l2,13.88
i06,e10,c5,p21,l3,6957.05
i06,e10,c5,p21,l4,716.10
i06,e10,c5,p22,l1,2.14
i06,e10,c5,p22,l2,5.04
i06,e10,c5,p22,l3,1442.25
i06,e10,c5,p22,l4,169.25
i06,e10,c5,p23,l1,6.10
i06,e10,c5,p23,l2,8.75
i06,e10,c5,p23,l3,1343.39
i06,e10,c5,p23,l4,127.15
i06,e10,c5,p24,l1,11.40
i06,e10,c5,p24,l2,13.35
i06,e10,c5,p24,l3,4563.27
i06,e10,c5,p24,l4,336.17
i06,e10,c5,p25,l1,2.66
i06,e10,c5,p25,l2,14.30
i06,e10,c5,p25,l3,1382.06
i06,e10,c5,p25,l4,111.50
i06,e10,c5,p26,l1,1.76
i06,e10,c5,p26,l2,0.00
i06,e10,c5,p26,l3,316.11
i06,e10,c5,p26,l4,31.17
i06,e10,c5,p27,l1,0.00
i06,e10,c5,p27,l2,0.00
i06,e10,c5,p27,l3,0.00
i06,e10,c5,p27,l4,0.00
i06,e10,c5,p28,l1,6.16
i06,e10,c5,p28,l2,1.68
i06,e10,c5,p28,l3,1599.02
i06,e10,c5,p28,l4,255.35
i06,e10,c5,p29,l1,6.94
i06,e10,c5,p29,l2,2.33
i06,e10,c5,p29,l3,2257.49
i06,e10,c5,p29,l4,312.11
i06,e10,c5,p30,l1,0.00
i06,e10,c5,p30,l2,0.00
i06,e10,c5,p30,l3,273.54
i06,e10,c5,p30,l4,35.22
i06,e10,c5,p31,l1,1.03
i06,e10,c5,p31,l2,0.00
i06,e10,c5,p31,l3,500.16
i06,e10,c5,p31,l4,40.37
i06,e10,c5,p32,l1,5.67
i06,e10,c5,p32,l2,1.57
i06,e10,c5,p32,l3,533.37
i06,e10,c5,p32,l4,43.07
i06,e10,c5,p33,l1,0.00
i06,e10,c5,p33,l2,0.00
i06,e10,c5,p33,l3,0.00
i06,e10,c5,p33,l4,0.00
i06,e10,c5,p34,l1,0.00
i06,e10,c5,p34,l2,0.00
i06,e10,c5,p34,l3,0.00
i06,e10,c5,p34,l4,0.00
i06,e10,c5,p35,l1,11.47
i06,e10,c5,p35,l2,32.32
i06,e10,c5,p35,l3,6866.22
i06,e10,c5,p35,l4,743.25
i06,e10,c8,p10,l3,0.00
i06,e10,c8,p12,l3,0.00
i06,e10,c8,p12,l4,0.00
i06,e10,c8,p13,l3,0.00
i06,e10,c8,p13,l4,0.00
i06,e10,c8,p14,l3,0.00
i06,e10,c8,p14,l4,0.00
i06,e10,c8,p17,l3,0.00
i06,e10,c8,p18,l3,0.00
i06,e10,c8,p19,l3,0.00
i06,e10,c8,p21,l3,0.00
i06,e10,c8,p35,l3,0.00
i06,e10,c8,p35,l4,0.00
i06,e11,c3,p01,l2,0.00
i06,e11,c3,p01,l3,0.00
i06,e11,c3,p02,l2,0.00
i06,e11,c3,p03,l2,0.00
i06,e11,c3,p03,l3,0.00
i06,e11,c3,p04,l2,0.00
i06,e11,c3,p04,l3,0.00
i06,e11,c3,p05,l1,0.00
i06,e11,c3,p05,l2,0.00
i06,e11,c3,p05,l3,0.00
i06,e11,c3,p06,l2,0.00
i06,e11,c3,p06,l3,0.00
i06,e11,c3,p07,l2,0.00
i06,e11,c3,p07,l3,0.00
i06,e11,c3,p08,l2,0.00
i06,e11,c3,p08,l3,0.00
i06,e11,c3,p09,l2,0.00
i06,e11,c3,p09,l3,0.00
i06,e11,c3,p10,l1,0.00
i06,e11,c3,p10,l2,0.00
i06,e11,c3,p10,l3,0.00
i06,e11,c3,p11,l2,0.00
i06,e11,c3,p11,l3,0.00
i06,e11,c3,p12,l1,0.00
i06,e11,c3,p12,l2,0.00
i06,e11,c3,p12,l3,0.00
i06,e11,c3,p13,l2,0.00
i06,e11,c3,p13,l3,0.00
i06,e11,c3,p14,l2,0.00
i06,e11,c3,p14,l3,0.00
i06,e11,c3,p15,l2,0.00
i06,e11,c3,p15,l3,0.00
i06,e11,c3,p16,l2,0.00
i06,e11,c3,p16,l3,0.00
i06,e11,c3,p17,l2,0.00
i06,e11,c3,p17,l3,0.00
i06,e11,c3,p18,l2,0.00
i06,e11,c3,p18,l3,0.00
i06,e11,c3,p19,l1,0.00
i06,e11,c3,p19,l2,0.00
i06,e11,c3,p19,l3,0.00
i06,e11,c3,p20,l2,0.00
i06,e11,c3,p21,l2,0.00
i06,e11,c3,p21,l3,0.00
i06,e11,c3,p22,l2,0.00
i06,e11,c3,p22,l3,0.00
i06,e11,c3,p23,l2,0.00
i06,e11,c3,p23,l3,0.00
i06,e11,c3,p24,l2,0.00
i06,e11,c3,p24,l3,0.00
i06,e11,c3,p25,l2,0.00
i06,e11,c3,p25,l3,0.00
i06,e11,c3,p26,l2,0.00
i06,e11,c3,p28,l2,0.00
i06,e11,c3,p29,l2,0.00
i06,e11,c3,p29,l3,0.00
i06,e11,c3,p30,l2,0.00
i06,e11,c3,p31,l2,0.00
i06,e11,c3,p32,l2,0.00
i06,e11,c3,p32,l3,0.00
i06,e11,c3,p33,l2,0.00
i06,e11,c3,p35,l1,0.00
i06,e11,c3,p35,l2,0.00
i06,e11,c3,p35,l3,0.00
i06,e11,c5,p01,l1,0.00
i06,e11,c5,p01,l2,99.09
i06,e11,c5,p01,l3,0.00
i06,e11,c5,p02,l1,0.00
i06,e11,c5,p02,l2,36.12
i06,e11,c5,p02,l3,0.00
i06,e11,c5,p03,l1,0.00
i06,e11,c5,p03,l2,164.16
i06,e11,c5,p03,l3,0.00
i06,e11,c5,p04,l1,0.00
i06,e11,c5,p04,l2,28.11
i06,e11,c5,p04,l3,0.00
i06,e11,c5,p05,l1,0.00
i06,e11,c5,p05,l2,121.07
i06,e11,c5,p05,l3,0.00
i06,e11,c5,p06,l1,0.00
i06,e11,c5,p06,l2,78.45
i06,e11,c5,p06,l3,0.00
i06,e11,c5,p07,l1,0.00
i06,e11,c5,p07,l2,153.13
i06,e11,c5,p07,l3,0.00
i06,e11,c5,p08,l1,0.00
i06,e11,c5,p08,l2,14.19
i06,e11,c5,p08,l3,0.00
i06,e11,c5,p09,l1,0.00
i06,e11,c5,p09,l2,61.12
i06,e11,c5,p09,l3,0.00
i06,e11,c5,p10,l1,0.00
i06,e11,c5,p10,l2,621.15
i06,e11,c5,p10,l3,0.00
i06,e11,c5,p11,l1,0.00
i06,e11,c5,p11,l2,100.19
i06,e11,c5,p11,l3,0.00
i06,e11,c5,p12,l1,0.00
i06,e11,c5,p12,l2,117.41
i06,e11,c5,p12,l3,0.00
i06,e11,c5,p13,l1,0.00
i06,e11,c5,p13,l2,87.30
i06,e11,c5,p13,l3,0.00
i06,e11,c5,p14,l1,0.00
i06,e11,c5,p14,l2,39.73
i06,e11,c5,p14,l3,0.00
i06,e11,c5,p15,l1,0.00
i06,e11,c5,p15,l2,177.99
i06,e11,c5,p15,l3,0.00
i06,e11,c5,p16,l1,0.00
i06,e11,c5,p16,l2,84.78
i06,e11,c5,p16,l3,0.00
i06,e11,c5,p17,l1,0.00
i06,e11,c5,p17,l2,71.14
i06,e11,c5,p17,l3,0.00
i06,e11,c5,p18,l1,0.00
i06,e11,c5,p18,l2,106.48
i06,e11,c5,p18,l3,0.00
i06,e11,c5,p19,l1,0.00
i06,e11,c5,p19,l2,316.28
i06,e11,c5,p19,l3,0.00
i06,e11,c5,p20,l1,0.00
i06,e11,c5,p20,l2,18.31
i06,e11,c5,p20,l3,0.00
i06,e11,c5,p21,l1,0.00
i06,e11,c5,p21,l2,38.50
i06,e11,c5,p21,l3,0.00
i06,e11,c5,p22,l1,0.00
i06,e11,c5,p22,l2,7.47
i06,e11,c5,p22,l3,0.00
i06,e11,c5,p23,l1,0.00
i06,e11,c5,p23,l2,24.37
i06,e11,c5,p23,l3,0.00
i06,e11,c5,p24,l1,0.00
i06,e11,c5,p24,l2,58.72
i06,e11,c5,p24,l3,0.00
i06,e11,c5,p25,l1,0.00
i06,e11,c5,p25,l2,4.31
i06,e11,c5,p25,l3,0.00
i06,e11,c5,p26,l1,0.00
i06,e11,c5,p26,l2,37.21
i06,e11,c5,p26,l3,0.00
i06,e11,c5,p27,l2,0.00
i06,e11,c5,p27,l3,0.00
i06,e11,c5,p28,l1,0.00
i06,e11,c5,p28,l2,12.35
i06,e11,c5,p28,l3,0.00
i06,e11,c5,p29,l1,0.00
i06,e11,c5,p29,l2,36.38
i06,e11,c5,p29,l3,0.00
i06,e11,c5,p30,l1,0.00
i06,e11,c5,p30,l2,1.25
i06,e11,c5,p30,l3,0.00
i06,e11,c5,p31,l1,0.00
i06,e11,c5,p31,l2,19.03
i06,e11,c5,p31,l3,0.00
i06,e11,c5,p32,l1,0.00
i06,e11,c5,p32,l2,0.00
i06,e11,c5,p32,l3,0.00
i06,e11,c5,p33,l2,0.00
i06,e11,c5,p33,l3,0.00
i06,e11,c5,p34,l2,0.00
i06,e11,c5,p35,l1,0.00
i06,e11,c5,p35,l2,230.07
i06,e11,c5,p35,l3,0.00
i06,e11,c8,p13,l2,0.00
i06,e11,c8,p35,l2,0.00
i06,e12,c3,p01,l3,0.00
i06,e12,c3,p01,l4,0.00
i06,e12,c3,p02,l3,0.00
i06,e12,c3,p02,l4,0.00
i06,e12,c3,p03,l3,0.00
i06,e12,c3,p03,l4,0.00
i06,e12,c3,p04,l3,0.00
i06,e12,c3,p04,l4,0.00
i06,e12,c3,p05,l3,0.00
i06,e12,c3,p05,l4,0.00
i06,e12,c3,p06,l3,0.00
i06,e12,c3,p06,l4,0.00
i06,e12,c3,p07,l3,0.00
i06,e12,c3,p07,l4,0.00
i06,e12,c3,p08,l3,8.09
i06,e12,c3,p08,l4,0.00
i06,e12,c3,p09,l3,0.00
i06,e12,c3,p09,l4,0.00
i06,e12,c3,p10,l3,0.00
i06,e12,c3,p10,l4,0.00
i06,e12,c3,p11,l3,0.00
i06,e12,c3,p11,l4,0.00
i06,e12,c3,p12,l3,0.00
i06,e12,c3,p12,l4,0.00
i06,e12,c3,p13,l3,0.00
i06,e12,c3,p13,l4,0.00
i06,e12,c3,p14,l3,0.00
i06,e12,c3,p14,l4,0.00
i06,e12,c3,p15,l3,0.00
i06,e12,c3,p15,l4,0.00
i06,e12,c3,p16,l3,0.00
i06,e12,c3,p16,l4,0.00
i06,e12,c3,p17,l3,0.00
i06,e12,c3,p17,l4,0.00
i06,e12,c3,p18,l3,0.00
i06,e12,c3,p18,l4,0.00
i06,e12,c3,p19,l3,0.00
i06,e12,c3,p19,l4,0.00
i06,e12,c3,p20,l3,0.00
i06,e12,c3,p20,l4,0.00
i06,e12,c3,p21,l3,0.00
i06,e12,c3,p21,l4,0.00
i06,e12,c3,p22,l3,0.00
i06,e12,c3,p22,l4,0.00
i06,e12,c3,p23,l3,0.00
i06,e12,c3,p23,l4,0.00
i06,e12,c3,p24,l3,0.00
i06,e12,c3,p24,l4,0.00
i06,e12,c3,p25,l3,0.00
i06,e12,c3,p25,l4,0.00
i06,e12,c3,p26,l3,0.00
i06,e12,c3,p26,l4,0.00
i06,e12,c3,p27,l3,0.00
i06,e12,c3,p28,l3,0.00
i06,e12,c3,p28,l4,0.00
i06,e12,c3,p29,l3,0.00
i06,e12,c3,p29,l4,0.00
i06,e12,c3,p30,l3,0.00
i06,e12,c3,p30,l4,0.00
i06,e12,c3,p31,l3,0.00
i06,e12,c3,p31,l4,0.00
i06,e12,c3,p32,l3,0.00
i06,e12,c3,p32,l4,0.00
i06,e12,c3,p33,l3,0.00
i06,e12,c3,p33,l4,0.00
i06,e12,c3,p35,l3,0.00
i06,e12,c3,p35,l4,0.00
i06,e12,c5,p01,l3,76.05
i06,e12,c5,p01,l4,2.79
i06,e12,c5,p02,l3,16.08
i06,e12,c5,p02,l4,1.22
i06,e12,c5,p03,l3,99.59
i06,e12,c5,p03,l4,1.05
i06,e12,c5,p04,l3,27.24
i06,e12,c5,p04,l4,3.47
i06,e12,c5,p05,l3,55.27
i06,e12,c5,p05,l4,2.36
i06,e12,c5,p06,l3,6.48
i06,e12,c5,p06,l4,0.00
i06,e12,c5,p07,l3,23.68
i06,e12,c5,p07,l4,0.00
i06,e12,c5,p08,l3,62.66
i06,e12,c5,p08,l4,0.00
i06,e12,c5,p09,l3,38.29
i06,e12,c5,p09,l4,3.72
i06,e12,c5,p10,l3,297.29
i06,e12,c5,p10,l4,5.87
i06,e12,c5,p11,l3,181.62
i06,e12,c5,p11,l4,3.31
i06,e12,c5,p12,l3,47.92
i06,e12,c5,p12,l4,1.53
i06,e12,c5,p13,l3,57.33
i06,e12,c5,p13,l4,1.09
i06,e12,c5,p14,l3,33.81
i06,e12,c5,p14,l4,2.23
i06,e12,c5,p15,l3,59.17
i06,e12,c5,p15,l4,3.03
i06,e12,c5,p16,l3,42.16
i06,e12,c5,p16,l4,3.18
i06,e12,c5,p17,l3,26.02
i06,e12,c5,p17,l4,1.08
i06,e12,c5,p18,l3,70.27
i06,e12,c5,p18,l4,1.26
i06,e12,c5,p19,l3,92.14
i06,e12,c5,p19,l4,2.43
i06,e12,c5,p20,l3,47.58
i06,e12,c5,p20,l4,0.00
i06,e12,c5,p21,l3,670.74
i06,e12,c5,p21,l4,2.24
i06,e12,c5,p22,l3,15.30
i06,e12,c5,p22,l4,0.00
i06,e12,c5,p23,l3,6.06
i06,e12,c5,p23,l4,0.00
i06,e12,c5,p24,l3,52.00
i06,e12,c5,p24,l4,1.45
i06,e12,c5,p25,l3,8.67
i06,e12,c5,p25,l4,0.00
i06,e12,c5,p26,l3,1.13
i06,e12,c5,p26,l4,0.00
i06,e12,c5,p27,l3,0.00
i06,e12,c5,p27,l4,0.00
i06,e12,c5,p28,l3,6.98
i06,e12,c5,p28,l4,0.00
i06,e12,c5,p29,l3,14.12
i06,e12,c5,p29,l4,0.00
i06,e12,c5,p30,l3,0.00
i06,e12,c5,p30,l4,0.00
i06,e12,c5,p31,l3,0.00
i06,e12,c5,p31,l4,0.00
i06,e12,c5,p32,l3,24.41
i06,e12,c5,p32,l4,0.00
i06,e12,c5,p33,l3,0.00
i06,e12,c5,p33,l4,0.00
i06,e12,c5,p34,l3,0.00
i06,e12,c5,p34,l4,0.00
i06,e12,c5,p35,l3,38.51
i06,e12,c5,p35,l4,0.00
i06,e13,c3,p10,l3,0.00
i06,e13,c5,p01,l3,0.00
i06,e13,c5,p03,l3,0.00
i06,e13,c5,p10,l3,0.00
i06,e13,c5,p17,l3,0.00
i06,e13,c5,p35,l3,0.00
i07,e01,c3,p01,l3,0.00
i07,e01,c3,p03,l3,0.00
i07,e01,c3,p06,l3,0.00
i07,e01,c3,p10,l3,0.00
i07,e01,c3,p12,l3,0.00
i07,e01,c3,p13,l3,0.00
i07,e01,c3,p14,l3,0.00
i07,e01,c3,p15,l3,0.00
i07,e01,c3,p16,l3,0.00
i07,e01,c3,p17,l3,0.00
i07,e01,c3,p18,l3,0.00
i07,e01,c3,p19,l3,0.00
i07,e01,c3,p21,l3,0.00
i07,e01,c3,p24,l3,0.00
i07,e01,c3,p25,l3,0.00
i07,e01,c3,p28,l3,0.00
i07,e01,c3,p29,l3,0.00
i07,e01,c3,p35,l3,0.00
i07,e01,c5,p01,l3,0.00
i07,e01,c5,p02,l3,0.00
i07,e01,c5,p03,l3,0.00
i07,e01,c5,p04,l3,0.00
i07,e01,c5,p05,l3,0.00
i07,e01,c5,p06,l3,0.00
i07,e01,c5,p07,l3,0.00
i07,e01,c5,p08,l3,0.00
i07,e01,c5,p09,l3,0.00
i07,e01,c5,p10,l3,0.00
i07,e01,c5,p11,l3,0.00
i07,e01,c5,p12,l3,0.00
i07,e01,c5,p13,l3,0.00
i07,e01,c5,p14,l3,0.00
i07,e01,c5,p15,l3,0.00
i07,e01,c5,p16,l3,0.00
i07,e01,c5,p17,l3,0.00
i07,e01,c5,p18,l3,0.00
i07,e01,c5,p19,l3,0.00
i07,e01,c5,p20,l3,0.00
i07,e01,c5,p21,l3,0.00
i07,e01,c5,p22,l3,0.00
i07,e01,c5,p23,l3,0.00
i07,e01,c5,p24,l3,0.00
i07,e01,c5,p25,l3,0.00
i07,e01,c5,p26,l3,0.00
i07,e01,c5,p28,l3,0.00
i07,e01,c5,p29,l3,0.00
i07,e01,c5,p30,l3,0.00
i07,e01,c5,p31,l3,0.00
i07,e01,c5,p32,l3,0.00
i07,e01,c5,p33,l3,0.00
i07,e01,c5,p35,l3,0.00
i07,e02,c3,p10,l3,0.00
i07,e02,c3,p15,l3,0.00
i07,e02,c3,p19,l1,0.00
i07,e02,c3,p19,l3,0.00
i07,e02,c3,p35,l3,0.00
i07,e02,c5,p01,l1,0.00
i07,e02,c5,p01,l3,0.00
i07,e02,c5,p02,l1,0.00
i07,e02,c5,p02,l3,0.00
i07,e02,c5,p03,l1,0.00
i07,e02,c5,p03,l3,0.00
i07,e02,c5,p04,l1,0.00
i07,e02,c5,p04,l3,0.00
i07,e02,c5,p05,l1,0.00
i07,e02,c5,p05,l3,0.00
i07,e02,c5,p06,l1,0.00
i07,e02,c5,p06,l3,0.00
i07,e02,c5,p07,l1,0.00
i07,e02,c5,p07,l3,0.00
i07,e02,c5,p08,l1,0.00
i07,e02,c5,p08,l3,0.00
i07,e02,c5,p09,l3,0.00
i07,e02,c5,p10,l1,0.00
i07,e02,c5,p10,l3,0.00
i07,e02,c5,p11,l1,0.00
i07,e02,c5,p11,l3,0.00
i07,e02,c5,p12,l1,0.00
i07,e02,c5,p12,l3,0.00
i07,e02,c5,p13,l1,0.00
i07,e02,c5,p13,l3,0.00
i07,e02,c5,p14,l3,0.00
i07,e02,c5,p15,l1,0.00
i07,e02,c5,p15,l3,0.00
i07,e02,c5,p16,l1,0.00
i07,e02,c5,p16,l3,0.00
i07,e02,c5,p17,l1,0.00
i07,e02,c5,p17,l3,0.00
i07,e02,c5,p18,l1,0.00
i07,e02,c5,p18,l3,0.00
i07,e02,c5,p19,l1,0.00
i07,e02,c5,p19,l3,0.00
i07,e02,c5,p20,l3,0.00
i07,e02,c5,p21,l1,0.00
i07,e02,c5,p21,l3,0.00
i07,e02,c5,p22,l1,0.00
i07,e02,c5,p22,l3,0.00
i07,e02,c5,p23,l1,0.00
i07,e02,c5,p23,l3,0.00
i07,e02,c5,p24,l1,0.00
i07,e02,c5,p24,l3,0.00
i07,e02,c5,p25,l3,0.00
i07,e02,c5,p28,l3,0.00
i07,e02,c5,p29,l1,0.00
i07,e02,c5,p29,l3,0.00
i07,e02,c5,p31,l1,0.00
i07,e02,c5,p31,l3,0.00
i07,e02,c5,p32,l3,0.00
i07,e02,c5,p35,l1,0.00
i07,e02,c5,p35,l3,0.00
i07,e03,c3,p19,l3,0.00
i07,e03,c3,p25,l3,0.00
i07,e03,c3,p35,l3,0.00
i07,e03,c5,p01,l3,0.00
i07,e03,c5,p02,l3,0.00
i07,e03,c5,p03,l3,0.00
i07,e03,c5,p04,l3,0.00
i07,e03,c5,p05,l3,0.00
i07,e03,c5,p06,l3,0.00
i07,e03,c5,p07,l3,0.00
i07,e03,c5,p08,l3,0.00
i07,e03,c5,p09,l3,0.00
i07,e03,c5,p10,l3,0.00
i07,e03,c5,p11,l3,0.00
i07,e03,c5,p12,l3,0.00
i07,e03,c5,p13,l3,0.00
i07,e03,c5,p14,l3,0.00
i07,e03,c5,p15,l3,0.00
i07,e03,c5,p16,l3,0.00
i07,e03,c5,p17,l3,0.00
i07,e03,c5,p18,l3,0.00
i07,e03,c5,p19,l3,0.00
i07,e03,c5,p20,l3,0.00
i07,e03,c5,p21,l3,0.00
i07,e03,c5,p22,l3,0.00
i07,e03,c5,p23,l3,0.00
i07,e03,c5,p24,l3,0.00
i07,e03,c5,p25,l3,0.00
i07,e03,c5,p26,l3,0.00
i07,e03,c5,p28,l3,0.00
i07,e03,c5,p29,l3,0.00
i07,e03,c5,p31,l3,0.00
i07,e03,c5,p32,l3,0.00
i07,e03,c5,p35,l3,0.00
i07,e04,c3,p01,l1,0.00
i07,e04,c3,p01,l3,0.00
i07,e04,c3,p03,l3,0.00
i07,e04,c3,p05,l3,0.00
i07,e04,c3,p06,l1,0.00
i07,e04,c3,p07,l3,0.00
i07,e04,c3,p09,l3,0.00
i07,e04,c3,p10,l3,0.00
i07,e04,c3,p11,l3,0.00
i07,e04,c3,p12,l1,0.00
i07,e04,c3,p12,l3,0.00
i07,e04,c3,p14,l3,0.00
i07,e04,c3,p15,l3,0.00
i07,e04,c3,p16,l1,0.00
i07,e04,c3,p16,l3,0.00
i07,e04,c3,p17,l1,0.00
i07,e04,c3,p17,l3,0.00
i07,e04,c3,p18,l3,0.00
i07,e04,c3,p19,l1,0.00
i07,e04,c3,p19,l3,0.00
i07,e04,c3,p21,l3,0.00
i07,e04,c3,p24,l1,0.00
i07,e04,c3,p24,l3,0.00
i07,e04,c3,p25,l3,0.00
i07,e04,c3,p28,l3,0.00
i07,e04,c3,p29,l3,0.00
i07,e04,c3,p35,l3,0.00
i07,e04,c5,p01,l1,0.00
i07,e04,c5,p01,l3,0.00
i07,e04,c5,p02,l1,0.00
i07,e04,c5,p02,l3,0.00
i07,e04,c5,p03,l1,0.00
i07,e04,c5,p03,l3,0.00
i07,e04,c5,p04,l1,0.00
i07,e04,c5,p04,l3,0.00
i07,e04,c5,p05,l1,0.00
i07,e04,c5,p05,l3,0.00
i07,e04,c5,p06,l1,0.00
i07,e04,c5,p06,l3,0.00
i07,e04,c5,p07,l1,0.00
i07,e04,c5,p07,l3,0.00
i07,e04,c5,p08,l1,0.00
i07,e04,c5,p08,l3,0.00
i07,e04,c5,p09,l1,0.00
i07,e04,c5,p09,l3,0.00
i07,e04,c5,p10,l1,0.00
i07,e04,c5,p10,l3,0.00
i07,e04,c5,p11,l1,0.00
i07,e04,c5,p11,l3,0.00
i07,e04,c5,p12,l1,0.00
i07,e04,c5,p12,l3,0.00
i07,e04,c5,p13,l1,0.00
i07,e04,c5,p13,l3,0.00
i07,e04,c5,p14,l1,0.00
i07,e04,c5,p14,l3,0.00
i07,e04,c5,p15,l1,0.00
i07,e04,c5,p15,l3,0.00
i07,e04,c5,p16,l1,0.00
i07,e04,c5,p16,l3,0.00
i07,e04,c5,p17,l1,0.00
i07,e04,c5,p17,l3,0.00
i07,e04,c5,p18,l1,0.00
i07,e04,c5,p18,l3,0.00
i07,e04,c5,p19,l1,0.00
i07,e04,c5,p19,l3,0.00
i07,e04,c5,p20,l1,0.00
i07,e04,c5,p20,l3,0.00
i07,e04,c5,p21,l1,0.00
i07,e04,c5,p21,l3,0.00
i07,e04,c5,p22,l1,0.00
i07,e04,c5,p22,l3,0.00
i07,e04,c5,p23,l1,0.00
i07,e04,c5,p23,l3,0.00
i07,e04,c5,p24,l1,0.00
i07,e04,c5,p24,l3,0.00
i07,e04,c5,p25,l1,0.00
i07,e04,c5,p25,l3,0.00
i07,e04,c5,p26,l1,0.00
i07,e04,c5,p26,l3,0.00
i07,e04,c5,p28,l1,0.00
i07,e04,c5,p28,l3,0.00
i07,e04,c5,p29,l1,0.00
i07,e04,c5,p29,l3,0.00
i07,e04,c5,p30,l1,0.00
i07,e04,c5,p30,l3,0.00
i07,e04,c5,p31,l1,0.00
i07,e04,c5,p31,l3,0.00
i07,e04,c5,p32,l1,0.00
i07,e04,c5,p32,l3,0.00
i07,e04,c5,p33,l3,0.00
i07,e04,c5,p35,l1,0.00
i07,e04,c5,p35,l3,0.00
i07,e05,c3,p06,l3,0.00
i07,e05,c3,p12,l3,0.00
i07,e05,c3,p19,l3,0.00
i07,e05,c3,p35,l3,0.00
i07,e05,c5,p01,l1,0.00
i07,e05,c5,p01,l3,0.00
i07,e05,c5,p02,l1,0.00
i07,e05,c5,p02,l3,0.00
i07,e05,c5,p03,l1,0.00
i07,e05,c5,p03,l3,0.00
i07,e05,c5,p04,l1,0.00
i07,e05,c5,p04,l3,0.00
i07,e05,c5,p05,l1,0.00
i07,e05,c5,p05,l3,0.00
i07,e05,c5,p06,l1,0.00
i07,e05,c5,p06,l3,0.00
i07,e05,c5,p07,l1,0.00
i07,e05,c5,p07,l3,0.00
i07,e05,c5,p08,l3,0.00
i07,e05,c5,p09,l1,0.00
i07,e05,c5,p09,l3,0.00
i07,e05,c5,p10,l1,0.00
i07,e05,c5,p10,l3,0.00
i07,e05,c5,p11,l1,0.00
i07,e05,c5,p11,l3,0.00
i07,e05,c5,p12,l1,0.00
i07,e05,c5,p12,l3,0.00
i07,e05,c5,p13,l1,0.00
i07,e05,c5,p13,l3,0.00
i07,e05,c5,p14,l1,0.00
i07,e05,c5,p14,l3,0.00
i07,e05,c5,p15,l1,0.00
i07,e05,c5,p15,l3,0.00
i07,e05,c5,p16,l1,0.00
i07,e05,c5,p16,l3,0.00
i07,e05,c5,p17,l3,0.00
i07,e05,c5,p18,l1,0.00
i07,e05,c5,p18,l3,0.00
i07,e05,c5,p19,l1,0.00
i07,e05,c5,p19,l3,0.00
i07,e05,c5,p20,l3,0.00
i07,e05,c5,p21,l1,0.00
i07,e05,c5,p21,l3,0.00
i07,e05,c5,p22,l3,0.00
i07,e05,c5,p23,l1,0.00
i07,e05,c5,p23,l3,0.00
i07,e05,c5,p24,l1,0.00
i07,e05,c5,p24,l3,0.00
i07,e05,c5,p25,l1,0.00
i07,e05,c5,p25,l3,0.00
i07,e05,c5,p26,l3,0.00
i07,e05,c5,p28,l1,0.00
i07,e05,c5,p28,l3,0.00
i07,e05,c5,p29,l1,0.00
i07,e05,c5,p29,l3,0.00
i07,e05,c5,p31,l1,0.00
i07,e05,c5,p31,l3,0.00
i07,e05,c5,p32,l1,0.00
i07,e05,c5,p32,l3,0.00
i07,e05,c5,p35,l1,0.00
i07,e05,c5,p35,l3,0.00
i07,e07,c3,p04,l3,0.00
i07,e07,c3,p10,l3,0.00
i07,e07,c3,p35,l3,0.00
i07,e07,c5,p01,l3,0.00
i07,e07,c5,p02,l3,0.00
i07,e07,c5,p03,l2,0.00
i07,e07,c5,p03,l3,0.00
i07,e07,c5,p04,l2,0.00
i07,e07,c5,p04,l3,0.00
i07,e07,c5,p05,l2,0.00
i07,e07,c5,p05,l3,0.00
i07,e07,c5,p06,l3,0.00
i07,e07,c5,p07,l2,0.00
i07,e07,c5,p07,l3,0.00
i07,e07,c5,p08,l2,0.00
i07,e07,c5,p08,l3,0.00
i07,e07,c5,p09,l3,0.00
i07,e07,c5,p10,l2,0.00
i07,e07,c5,p10,l3,0.00
i07,e07,c5,p11,l2,0.00
i07,e07,c5,p11,l3,0.00
i07,e07,c5,p12,l3,0.00
i07,e07,c5,p13,l2,0.00
i07,e07,c5,p13,l3,0.00
i07,e07,c5,p14,l3,0.00
i07,e07,c5,p15,l2,0.00
i07,e07,c5,p15,l3,0.00
i07,e07,c5,p16,l3,0.00
i07,e07,c5,p17,l3,0.00
i07,e07,c5,p18,l3,0.00
i07,e07,c5,p19,l3,0.00
i07,e07,c5,p20,l3,0.00
i07,e07,c5,p21,l2,0.00
i07,e07,c5,p21,l3,0.00
i07,e07,c5,p22,l3,0.00
i07,e07,c5,p23,l3,0.00
i07,e07,c5,p24,l3,0.00
i07,e07,c5,p25,l3,0.00
i07,e07,c5,p26,l3,0.00
i07,e07,c5,p28,l2,0.00
i07,e07,c5,p28,l3,0.00
i07,e07,c5,p29,l3,0.00
i07,e07,c5,p31,l3,0.00
i07,e07,c5,p32,l3,0.00
i07,e07,c5,p35,l3,0.00
i07,e08,c3,p01,l2,0.00
i07,e08,c3,p01,l3,0.00
i07,e08,c3,p02,l2,0.00
i07,e08,c3,p02,l3,0.00
i07,e08,c3,p03,l3,0.00
i07,e08,c3,p05,l3,0.00
i07,e08,c3,p06,l2,0.00
i07,e08,c3,p06,l3,0.00
i07,e08,c3,p07,l2,0.00
i07,e08,c3,p07,l3,0.00
i07,e08,c3,p09,l3,0.00
i07,e08,c3,p10,l2,0.00
i07,e08,c3,p10,l3,0.00
i07,e08,c3,p11,l2,0.00
i07,e08,c3,p11,l3,0.00
i07,e08,c3,p12,l2,0.00
i07,e08,c3,p12,l3,0.00
i07,e08,c3,p13,l2,0.00
i07,e08,c3,p13,l3,0.00
i07,e08,c3,p14,l3,0.00
i07,e08,c3,p15,l3,0.00
i07,e08,c3,p16,l2,0.00
i07,e08,c3,p16,l3,0.00
i07,e08,c3,p17,l2,0.00
i07,e08,c3,p17,l3,0.00
i07,e08,c3,p18,l2,0.00
i07,e08,c3,p18,l3,0.00
i07,e08,c3,p19,l2,0.00
i07,e08,c3,p19,l3,0.00
i07,e08,c3,p21,l2,0.00
i07,e08,c3,p21,l3,0.00
i07,e08,c3,p22,l3,0.00
i07,e08,c3,p24,l2,0.00
i07,e08,c3,p24,l3,0.00
i07,e08,c3,p25,l3,0.00
i07,e08,c3,p28,l3,0.00
i07,e08,c3,p35,l2,0.00
i07,e08,c3,p35,l3,0.00
i07,e08,c5,p01,l2,0.00
i07,e08,c5,p01,l3,30.63
i07,e08,c5,p02,l2,0.00
i07,e08,c5,p02,l3,0.00
i07,e08,c5,p03,l2,0.00
i07,e08,c5,p03,l3,1.54
i07,e08,c5,p04,l2,0.00
i07,e08,c5,p04,l3,0.00
i07,e08,c5,p05,l2,0.00
i07,e08,c5,p05,l3,0.00
i07,e08,c5,p06,l2,0.00
i07,e08,c5,p06,l3,0.00
i07,e08,c5,p07,l2,0.00
i07,e08,c5,p07,l3,0.00
i07,e08,c5,p08,l2,0.00
i07,e08,c5,p08,l3,0.00
i07,e08,c5,p09,l2,0.00
i07,e08,c5,p09,l3,0.00
i07,e08,c5,p10,l2,0.00
i07,e08,c5,p10,l3,3.67
i07,e08,c5,p11,l2,0.00
i07,e08,c5,p11,l3,0.00
i07,e08,c5,p12,l2,0.00
i07,e08,c5,p12,l3,0.00
i07,e08,c5,p13,l2,0.00
i07,e08,c5,p13,l3,46.08
i07,e08,c5,p14,l2,0.00
i07,e08,c5,p14,l3,0.00
i07,e08,c5,p15,l2,0.00
i07,e08,c5,p15,l3,2.45
i07,e08,c5,p16,l2,0.00
i07,e08,c5,p16,l3,0.00
i07,e08,c5,p17,l2,0.00
i07,e08,c5,p17,l3,1.56
i07,e08,c5,p18,l2,0.00
i07,e08,c5,p18,l3,0.00
i07,e08,c5,p19,l2,0.00
i07,e08,c5,p19,l3,0.00
i07,e08,c5,p20,l2,0.00
i07,e08,c5,p20,l3,0.00
i07,e08,c5,p21,l2,0.00
i07,e08,c5,p21,l3,0.00
i07,e08,c5,p22,l2,0.00
i07,e08,c5,p22,l3,0.00
i07,e08,c5,p23,l2,0.00
i07,e08,c5,p23,l3,0.00
i07,e08,c5,p24,l2,0.00
i07,e08,c5,p24,l3,0.00
i07,e08,c5,p25,l2,0.00
i07,e08,c5,p25,l3,0.00
i07,e08,c5,p26,l2,0.00
i07,e08,c5,p26,l3,0.00
i07,e08,c5,p28,l2,0.00
i07,e08,c5,p28,l3,0.00
i07,e08,c5,p29,l2,0.00
i07,e08,c5,p29,l3,3.26
i07,e08,c5,p30,l3,0.00
i07,e08,c5,p31,l2,0.00
i07,e08,c5,p31,l3,0.00
i07,e08,c5,p32,l2,0.00
i07,e08,c5,p32,l3,0.00
i07,e08,c5,p33,l2,0.00
i07,e08,c5,p33,l3,0.00
i07,e08,c5,p35,l2,0.00
i07,e08,c5,p35,l3,0.00
i07,e09,c3,p01,l3,0.00
i07,e09,c3,p03,l3,0.00
i07,e09,c3,p05,l3,0.00
i07,e09,c3,p07,l3,0.00
i07,e09,c3,p09,l3,0.00
i07,e09,c3,p10,l3,0.00
i07,e09,c3,p11,l3,0.00
i07,e09,c3,p12,l2,0.00
i07,e09,c3,p12,l3,0.00
i07,e09,c3,p13,l3,0.00
i07,e09,c3,p14,l3,0.00
i07,e09,c3,p15,l2,0.00
i07,e09,c3,p17,l3,0.00
i07,e09,c3,p19,l2,0.00
i07,e09,c3,p19,l3,0.00
i07,e09,c3,p21,l3,0.00
i07,e09,c3,p24,l3,0.00
i07,e09,c3,p25,l3,0.00
i07,e09,c3,p35,l3,0.00
i07,e09,c5,p01,l2,0.00
i07,e09,c5,p01,l3,0.00
i07,e09,c5,p02,l2,0.00
i07,e09,c5,p02,l3,0.00
i07,e09,c5,p03,l2,0.00
i07,e09,c5,p03,l3,0.00
i07,e09,c5,p04,l2,0.00
i07,e09,c5,p04,l3,0.00
i07,e09,c5,p05,l2,0.00
i07,e09,c5,p05,l3,0.00
i07,e09,c5,p06,l2,0.00
i07,e09,c5,p06,l3,0.00
i07,e09,c5,p07,l2,0.00
i07,e09,c5,p07,l3,0.00
i07,e09,c5,p08,l2,0.00
i07,e09,c5,p08,l3,0.00
i07,e09,c5,p09,l2,0.00
i07,e09,c5,p09,l3,0.00
i07,e09,c5,p10,l2,0.00
i07,e09,c5,p10,l3,0.00
i07,e09,c5,p11,l2,0.00
i07,e09,c5,p11,l3,0.00
i07,e09,c5,p12,l2,0.00
i07,e09,c5,p12,l3,0.00
i07,e09,c5,p13,l2,0.00
i07,e09,c5,p13,l3,0.00
i07,e09,c5,p14,l2,0.00
i07,e09,c5,p14,l3,0.00
i07,e09,c5,p15,l2,0.00
i07,e09,c5,p15,l3,0.00
i07,e09,c5,p16,l2,0.00
i07,e09,c5,p16,l3,0.00
i07,e09,c5,p17,l2,0.00
i07,e09,c5,p17,l3,0.00
i07,e09,c5,p18,l2,0.00
i07,e09,c5,p18,l3,0.00
i07,e09,c5,p19,l2,0.00
i07,e09,c5,p19,l3,0.00
i07,e09,c5,p20,l2,0.00
i07,e09,c5,p20,l3,0.00
i07,e09,c5,p21,l2,0.00
i07,e09,c5,p21,l3,0.00
i07,e09,c5,p22,l2,0.00
i07,e09,c5,p22,l3,0.00
i07,e09,c5,p23,l2,0.00
i07,e09,c5,p23,l3,0.00
i07,e09,c5,p24,l2,0.00
i07,e09,c5,p24,l3,0.00
i07,e09,c5,p25,l2,0.00
i07,e09,c5,p25,l3,0.00
i07,e09,c5,p26,l2,0.00
i07,e09,c5,p26,l3,0.00
i07,e09,c5,p28,l2,0.00
i07,e09,c5,p28,l3,0.00
i07,e09,c5,p29,l2,0.00
i07,e09,c5,p29,l3,0.00
i07,e09,c5,p30,l3,0.00
i07,e09,c5,p31,l2,0.00
i07,e09,c5,p31,l3,0.00
i07,e09,c5,p32,l2,0.00
i07,e09,c5,p32,l3,0.00
i07,e09,c5,p33,l3,0.00
i07,e09,c5,p35,l2,0.00
i07,e09,c5,p35,l3,0.00
i07,e10,c3,p01,l3,0.00
i07,e10,c3,p06,l3,0.00
i07,e10,c3,p10,l3,0.00
i07,e10,c3,p11,l3,0.00
i07,e10,c3,p12,l3,0.00
i07,e10,c3,p19,l3,0.00
i07,e10,c5,p01,l3,0.00
i07,e10,c5,p02,l3,0.00
i07,e10,c5,p03,l3,0.00
i07,e10,c5,p04,l3,0.00
i07,e10,c5,p05,l3,0.00
i07,e10,c5,p06,l3,0.00
i07,e10,c5,p07,l3,0.00
i07,e10,c5,p08,l3,0.00
i07,e10,c5,p09,l3,0.00
i07,e10,c5,p10,l3,0.00
i07,e10,c5,p11,l3,0.00
i07,e10,c5,p12,l3,0.00
i07,e10,c5,p13,l3,0.00
i07,e10,c5,p14,l3,0.00
i07,e10,c5,p15,l3,0.00
i07,e10,c5,p16,l3,0.00
i07,e10,c5,p17,l3,0.00
i07,e10,c5,p18,l3,0.00
i07,e10,c5,p19,l3,0.00
i07,e10,c5,p20,l3,0.00
i07,e10,c5,p21,l3,0.00
i07,e10,c5,p22,l3,0.00
i07,e10,c5,p23,l3,0.00
i07,e10,c5,p24,l3,0.00
i07,e10,c5,p25,l3,0.00
i07,e10,c5,p26,l3,0.00
i07,e10,c5,p28,l3,0.00
i07,e10,c5,p29,l3,0.00
i07,e10,c5,p31,l3,0.00
i07,e10,c5,p32,l3,0.00
i07,e10,c5,p35,l3,0.00
i07,e11,c3,p05,l3,0.00
i07,e11,c3,p07,l2,0.00
i07,e11,c3,p10,l3,0.00
i07,e11,c3,p11,l2,0.00
i07,e11,c3,p11,l3,0.00
i07,e11,c3,p14,l3,0.00
i07,e11,c3,p15,l3,0.00
i07,e11,c3,p19,l3,0.00
i07,e11,c3,p21,l3,0.00
i07,e11,c3,p24,l3,0.00
i07,e11,c3,p28,l3,0.00
i07,e11,c3,p35,l2,0.00
i07,e11,c3,p35,l3,0.00
i07,e11,c5,p01,l2,0.00
i07,e11,c5,p01,l3,0.00
i07,e11,c5,p02,l2,0.00
i07,e11,c5,p02,l3,0.00
i07,e11,c5,p03,l2,0.00
i07,e11,c5,p03,l3,0.00
i07,e11,c5,p04,l2,0.00
i07,e11,c5,p04,l3,0.00
i07,e11,c5,p05,l2,0.00
i07,e11,c5,p05,l3,0.00
i07,e11,c5,p06,l2,0.00
i07,e11,c5,p06,l3,0.00
i07,e11,c5,p07,l2,0.00
i07,e11,c5,p07,l3,0.00
i07,e11,c5,p08,l2,0.00
i07,e11,c5,p08,l3,0.00
i07,e11,c5,p09,l2,0.00
i07,e11,c5,p09,l3,0.00
i07,e11,c5,p10,l2,0.00
i07,e11,c5,p10,l3,0.00
i07,e11,c5,p11,l2,0.00
i07,e11,c5,p11,l3,0.00
i07,e11,c5,p12,l2,0.00
i07,e11,c5,p12,l3,0.00
i07,e11,c5,p13,l2,0.00
i07,e11,c5,p13,l3,0.00
i07,e11,c5,p14,l2,0.00
i07,e11,c5,p14,l3,0.00
i07,e11,c5,p15,l2,0.00
i07,e11,c5,p15,l3,0.00
i07,e11,c5,p16,l2,0.00
i07,e11,c5,p16,l3,0.00
i07,e11,c5,p17,l2,0.00
i07,e11,c5,p17,l3,0.00
i07,e11,c5,p18,l2,0.00
i07,e11,c5,p18,l3,0.00
i07,e11,c5,p19,l2,0.00
i07,e11,c5,p19,l3,0.00
i07,e11,c5,p20,l2,0.00
i07,e11,c5,p20,l3,0.00
i07,e11,c5,p21,l2,0.00
i07,e11,c5,p21,l3,0.00
i07,e11,c5,p22,l2,0.00
i07,e11,c5,p22,l3,0.00
i07,e11,c5,p23,l2,0.00
i07,e11,c5,p23,l3,0.00
i07,e11,c5,p24,l2,0.00
i07,e11,c5,p24,l3,0.00
i07,e11,c5,p25,l2,0.00
i07,e11,c5,p25,l3,0.00
i07,e11,c5,p26,l3,0.00
i07,e11,c5,p28,l2,0.00
i07,e11,c5,p28,l3,0.00
i07,e11,c5,p29,l2,0.00
i07,e11,c5,p29,l3,0.00
i07,e11,c5,p30,l3,0.00
i07,e11,c5,p31,l2,0.00
i07,e11,c5,p31,l3,0.00
i07,e11,c5,p32,l2,0.00
i07,e11,c5,p32,l3,0.00
i07,e11,c5,p35,l2,0.00
i07,e11,c5,p35,l3,0.00
i07,e12,c3,p01,l3,0.00
i07,e12,c3,p02,l3,0.00
i07,e12,c3,p03,l3,0.00
i07,e12,c3,p04,l3,0.00
i07,e12,c3,p05,l3,0.00
i07,e12,c3,p06,l3,0.00
i07,e12,c3,p07,l3,0.00
i07,e12,c3,p09,l3,0.00
i07,e12,c3,p10,l3,0.00
i07,e12,c3,p11,l3,0.00
i07,e12,c3,p12,l3,0.00
i07,e12,c3,p13,l3,0.00
i07,e12,c3,p14,l3,0.00
i07,e12,c3,p15,l3,0.00
i07,e12,c3,p16,l3,0.00
i07,e12,c3,p17,l3,0.00
i07,e12,c3,p18,l3,0.00
i07,e12,c3,p19,l3,0.00
i07,e12,c3,p21,l3,0.00
i07,e12,c3,p24,l3,0.00
i07,e12,c3,p25,l3,0.00
i07,e12,c3,p28,l3,0.00
i07,e12,c3,p35,l3,0.00
i07,e12,c5,p01,l3,0.00
i07,e12,c5,p02,l3,0.00
i07,e12,c5,p03,l3,0.00
i07,e12,c5,p04,l3,0.00
i07,e12,c5,p05,l3,2.69
i07,e12,c5,p06,l3,0.00
i07,e12,c5,p07,l3,0.00
i07,e12,c5,p08,l3,0.00
i07,e12,c5,p09,l3,5.98
i07,e12,c5,p10,l3,6.76
i07,e12,c5,p11,l3,0.00
i07,e12,c5,p12,l3,0.00
i07,e12,c5,p13,l3,0.00
i07,e12,c5,p14,l3,0.00
i07,e12,c5,p15,l3,0.00
i07,e12,c5,p16,l3,0.00
i07,e12,c5,p17,l3,0.00
i07,e12,c5,p18,l3,0.00
i07,e12,c5,p19,l3,0.00
i07,e12,c5,p20,l3,0.00
i07,e12,c5,p21,l3,0.00
i07,e12,c5,p22,l3,0.00
i07,e12,c5,p23,l3,0.00
i07,e12,c5,p24,l3,0.00
i07,e12,c5,p25,l3,0.00
i07,e12,c5,p26,l3,0.00
i07,e12,c5,p28,l3,0.00
i07,e12,c5,p29,l3,0.00
i07,e12,c5,p30,l3,0.00
i07,e12,c5,p31,l3,0.00
i07,e12,c5,p32,l3,0.00
i07,e12,c5,p33,l3,0.00
i07,e12,c5,p35,l3,0.00
i08,e01,c1,p01,l3,0.00
i08,e01,c1,p03,l3,0.00
i08,e01,c1,p04,l3,0.00
i08,e01,c1,p10,l3,0.00
i08,e01,c1,p12,l3,0.00
i08,e01,c1,p19,l3,0.00
i08,e01,c1,p35,l3,0.00
i08,e04,c1,p01,l3,0.00
i08,e04,c1,p03,l3,0.00
i08,e04,c1,p04,l3,0.00
i08,e04,c1,p10,l3,0.00
i08,e04,c1,p12,l3,0.00
i08,e04,c1,p21,l3,0.00
i08,e04,c1,p35,l3,0.00
i08,e07,c1,p10,l3,0.00
i08,e08,c1,p01,l3,0.00
i08,e08,c1,p03,l3,0.00
i08,e08,c1,p04,l3,0.00
i08,e08,c1,p10,l3,1.07
i08,e08,c1,p12,l3,0.00
i08,e08,c1,p35,l3,0.00
i08,e09,c1,p01,l3,0.00
i08,e09,c1,p03,l3,0.00
i08,e09,c1,p04,l3,0.00
i08,e09,c1,p10,l3,1.36
i08,e09,c1,p12,l3,0.00
i08,e09,c1,p19,l3,0.00
i08,e09,c1,p35,l3,0.00
i08,e11,c1,p01,l3,0.00
i08,e11,c1,p03,l3,0.00
i08,e11,c1,p10,l3,0.00
i08,e11,c1,p35,l3,0.00
i08,e12,c1,p10,l3,0.00
i09,e01,c3,p01,l3,0.00
i09,e01,c3,p02,l3,0.00
i09,e01,c3,p03,l3,0.00
i09,e01,c3,p05,l3,0.00
i09,e01,c3,p06,l3,0.00
i09,e01,c3,p08,l3,0.00
i09,e01,c3,p10,l3,0.00
i09,e01,c3,p11,l3,0.00
i09,e01,c3,p12,l3,0.00
i09,e01,c3,p13,l3,0.00
i09,e01,c3,p14,l3,0.00
i09,e01,c3,p15,l3,0.00
i09,e01,c3,p16,l3,0.00
i09,e01,c3,p17,l3,0.00
i09,e01,c3,p18,l3,0.00
i09,e01,c3,p19,l3,0.00
i09,e01,c3,p21,l3,0.00
i09,e01,c3,p22,l3,0.00
i09,e01,c3,p23,l3,0.00
i09,e01,c3,p24,l3,0.00
i09,e01,c3,p25,l3,0.00
i09,e01,c3,p29,l3,0.00
i09,e01,c3,p32,l3,0.00
i09,e01,c3,p35,l3,0.00
i09,e01,c5,p01,l3,0.00
i09,e01,c5,p02,l3,0.00
i09,e01,c5,p03,l3,0.00
i09,e01,c5,p04,l3,0.00
i09,e01,c5,p05,l3,0.00
i09,e01,c5,p06,l3,0.00
i09,e01,c5,p07,l3,0.00
i09,e01,c5,p08,l3,0.00
i09,e01,c5,p09,l3,1.35
i09,e01,c5,p10,l3,0.00
i09,e01,c5,p11,l3,0.00
i09,e01,c5,p12,l3,0.00
i09,e01,c5,p13,l3,0.00
i09,e01,c5,p14,l3,0.00
i09,e01,c5,p15,l3,0.00
i09,e01,c5,p16,l3,0.00
i09,e01,c5,p17,l3,0.00
i09,e01,c5,p18,l3,0.00
i09,e01,c5,p19,l3,0.00
i09,e01,c5,p20,l3,0.00
i09,e01,c5,p21,l3,0.00
i09,e01,c5,p22,l3,0.00
i09,e01,c5,p23,l3,0.00
i09,e01,c5,p24,l3,0.00
i09,e01,c5,p25,l3,0.00
i09,e01,c5,p26,l3,0.00
i09,e01,c5,p28,l3,0.00
i09,e01,c5,p29,l3,0.00
i09,e01,c5,p30,l3,0.00
i09,e01,c5,p31,l3,0.00
i09,e01,c5,p32,l3,0.00
i09,e01,c5,p35,l3,0.00
i09,e04,c3,p01,l3,0.00
i09,e04,c3,p02,l3,0.00
i09,e04,c3,p03,l3,0.00
i09,e04,c3,p05,l1,0.00
i09,e04,c3,p05,l3,0.00
i09,e04,c3,p06,l3,0.00
i09,e04,c3,p08,l1,0.00
i09,e04,c3,p08,l3,0.00
i09,e04,c3,p10,l1,0.00
i09,e04,c3,p10,l3,0.00
i09,e04,c3,p11,l3,0.00
i09,e04,c3,p12,l3,0.00
i09,e04,c3,p13,l3,0.00
i09,e04,c3,p15,l1,0.00
i09,e04,c3,p15,l3,0.00
i09,e04,c3,p16,l3,0.00
i09,e04,c3,p17,l3,0.00
i09,e04,c3,p18,l3,0.00
i09,e04,c3,p19,l3,0.00
i09,e04,c3,p20,l1,0.00
i09,e04,c3,p20,l3,0.00
i09,e04,c3,p21,l3,0.00
i09,e04,c3,p23,l3,0.00
i09,e04,c3,p24,l3,0.00
i09,e04,c3,p25,l3,0.00
i09,e04,c3,p27,l1,0.00
i09,e04,c3,p27,l3,0.00
i09,e04,c3,p28,l3,0.00
i09,e04,c3,p29,l3,0.00
i09,e04,c3,p35,l1,0.00
i09,e04,c3,p35,l3,0.00
i09,e04,c5,p01,l1,0.00
i09,e04,c5,p01,l3,0.00
i09,e04,c5,p02,l1,0.00
i09,e04,c5,p02,l3,0.00
i09,e04,c5,p03,l1,0.00
i09,e04,c5,p03,l3,0.00
i09,e04,c5,p04,l1,0.00
i09,e04,c5,p04,l3,0.00
i09,e04,c5,p05,l1,0.00
i09,e04,c5,p05,l3,0.00
i09,e04,c5,p06,l1,0.00
i09,e04,c5,p06,l3,0.00
i09,e04,c5,p07,l1,0.00
i09,e04,c5,p07,l3,0.00
i09,e04,c5,p08,l1,0.00
i09,e04,c5,p08,l3,0.00
i09,e04,c5,p09,l1,0.00
i09,e04,c5,p09,l3,0.00
i09,e04,c5,p10,l1,0.00
i09,e04,c5,p10,l3,0.00
i09,e04,c5,p11,l1,0.00
i09,e04,c5,p11,l3,0.00
i09,e04,c5,p12,l1,0.00
i09,e04,c5,p12,l3,0.00
i09,e04,c5,p13,l1,0.00
i09,e04,c5,p13,l3,0.00
i09,e04,c5,p14,l1,0.00
i09,e04,c5,p14,l3,0.00
i09,e04,c5,p15,l1,0.00
i09,e04,c5,p15,l3,0.00
i09,e04,c5,p16,l1,0.00
i09,e04,c5,p16,l3,0.00
i09,e04,c5,p17,l1,0.00
i09,e04,c5,p17,l3,0.00
i09,e04,c5,p18,l1,0.00
i09,e04,c5,p18,l3,0.00
i09,e04,c5,p19,l1,0.00
i09,e04,c5,p19,l3,0.00
i09,e04,c5,p20,l1,0.00
i09,e04,c5,p20,l3,0.00
i09,e04,c5,p21,l1,0.00
i09,e04,c5,p21,l3,0.00
i09,e04,c5,p22,l1,0.00
i09,e04,c5,p22,l3,0.00
i09,e04,c5,p23,l1,0.00
i09,e04,c5,p23,l3,0.00
i09,e04,c5,p24,l1,0.00
i09,e04,c5,p24,l3,0.00
i09,e04,c5,p25,l1,0.00
i09,e04,c5,p25,l3,0.00
i09,e04,c5,p26,l1,0.00
i09,e04,c5,p26,l3,0.00
i09,e04,c5,p28,l1,0.00
i09,e04,c5,p28,l3,0.00
i09,e04,c5,p29,l1,0.00
i09,e04,c5,p29,l3,0.00
i09,e04,c5,p30,l3,0.00
i09,e04,c5,p31,l1,0.00
i09,e04,c5,p31,l3,0.00
i09,e04,c5,p32,l1,0.00
i09,e04,c5,p32,l3,0.00
i09,e04,c5,p35,l1,0.00
i09,e04,c5,p35,l3,0.00
i09,e05,c3,p01,l3,0.00
i09,e05,c3,p03,l3,0.00
i09,e05,c3,p05,l3,0.00
i09,e05,c3,p10,l1,0.00
i09,e05,c3,p10,l3,0.00
i09,e05,c3,p13,l3,0.00
i09,e05,c3,p17,l3,0.00
i09,e05,c3,p23,l3,0.00
i09,e05,c3,p24,l3,0.00
i09,e05,c3,p35,l1,0.00
i09,e05,c3,p35,l3,0.00
i09,e05,c5,p01,l1,0.00
i09,e05,c5,p01,l3,0.00
i09,e05,c5,p02,l3,0.00
i09,e05,c5,p03,l1,0.00
i09,e05,c5,p03,l3,0.00
i09,e05,c5,p04,l3,0.00
i09,e05,c5,p05,l1,0.00
i09,e05,c5,p05,l3,0.00
i09,e05,c5,p06,l1,0.00
i09,e05,c5,p06,l3,0.00
i09,e05,c5,p07,l3,0.00
i09,e05,c5,p08,l3,0.00
i09,e05,c5,p09,l3,0.00
i09,e05,c5,p10,l1,0.00
i09,e05,c5,p10,l3,0.00
i09,e05,c5,p11,l3,0.00
i09,e05,c5,p12,l1,0.00
i09,e05,c5,p12,l3,0.00
i09,e05,c5,p13,l1,0.00
i09,e05,c5,p13,l3,0.00
i09,e05,c5,p14,l1,0.00
i09,e05,c5,p14,l3,0.00
i09,e05,c5,p15,l1,0.00
i09,e05,c5,p15,l3,0.00
i09,e05,c5,p16,l1,0.00
i09,e05,c5,p16,l3,0.00
i09,e05,c5,p17,l1,0.00
i09,e05,c5,p17,l3,0.00
i09,e05,c5,p18,l1,0.00
i09,e05,c5,p18,l3,0.00
i09,e05,c5,p19,l1,0.00
i09,e05,c5,p19,l3,0.00
i09,e05,c5,p20,l3,0.00
i09,e05,c5,p21,l3,0.00
i09,e05,c5,p22,l3,0.00
i09,e05,c5,p23,l1,0.00
i09,e05,c5,p23,l3,0.00
i09,e05,c5,p24,l1,0.00
i09,e05,c5,p24,l3,0.00
i09,e05,c5,p25,l3,0.00
i09,e05,c5,p28,l1,0.00
i09,e05,c5,p28,l3,0.00
i09,e05,c5,p29,l3,0.00
i09,e05,c5,p32,l3,0.00
i09,e05,c5,p35,l1,0.00
i09,e05,c5,p35,l3,0.00
i09,e09,c3,p01,l3,0.00
i09,e09,c3,p02,l3,0.00
i09,e09,c3,p03,l2,0.00
i09,e09,c3,p03,l3,0.00
i09,e09,c3,p05,l2,0.00
i09,e09,c3,p05,l3,0.00
i09,e09,c3,p06,l3,0.00
i09,e09,c3,p10,l2,0.00
i09,e09,c3,p10,l3,0.00
i09,e09,c3,p11,l3,0.00
i09,e09,c3,p12,l3,0.00
i09,e09,c3,p13,l3,0.00
i09,e09,c3,p15,l2,0.00
i09,e09,c3,p15,l3,0.00
i09,e09,c3,p16,l3,0.00
i09,e09,c3,p17,l3,0.00
i09,e09,c3,p18,l3,0.00
i09,e09,c3,p19,l3,0.00
i09,e09,c3,p21,l2,0.00
i09,e09,c3,p21,l3,0.00
i09,e09,c3,p22,l3,0.00
i09,e09,c3,p23,l3,0.00
i09,e09,c3,p24,l3,0.00
i09,e09,c3,p25,l3,0.00
i09,e09,c3,p27,l3,0.00
i09,e09,c3,p29,l3,0.00
i09,e09,c3,p32,l3,0.00
i09,e09,c3,p35,l2,0.00
i09,e09,c3,p35,l3,0.00
i09,e09,c5,p01,l2,0.00
i09,e09,c5,p01,l3,0.00
i09,e09,c5,p02,l2,0.00
i09,e09,c5,p02,l3,0.00
i09,e09,c5,p03,l2,0.00
i09,e09,c5,p03,l3,0.00
i09,e09,c5,p04,l2,0.00
i09,e09,c5,p04,l3,0.00
i09,e09,c5,p05,l2,0.00
i09,e09,c5,p05,l3,0.00
i09,e09,c5,p06,l2,0.00
i09,e09,c5,p06,l3,0.00
i09,e09,c5,p07,l2,0.00
i09,e09,c5,p07,l3,0.00
i09,e09,c5,p08,l2,0.00
i09,e09,c5,p08,l3,0.00
i09,e09,c5,p09,l2,0.00
i09,e09,c5,p09,l3,0.00
i09,e09,c5,p10,l2,0.00
i09,e09,c5,p10,l3,0.00
i09,e09,c5,p11,l2,0.00
i09,e09,c5,p11,l3,0.00
i09,e09,c5,p12,l2,0.00
i09,e09,c5,p12,l3,0.00
i09,e09,c5,p13,l2,0.00
i09,e09,c5,p13,l3,0.00
i09,e09,c5,p14,l2,0.00
i09,e09,c5,p14,l3,0.00
i09,e09,c5,p15,l2,0.00
i09,e09,c5,p15,l3,0.00
i09,e09,c5,p16,l2,0.00
i09,e09,c5,p16,l3,0.00
i09,e09,c5,p17,l2,0.00
i09,e09,c5,p17,l3,0.00
i09,e09,c5,p18,l2,0.00
i09,e09,c5,p18,l3,0.00
i09,e09,c5,p19,l2,0.00
i09,e09,c5,p19,l3,0.00
i09,e09,c5,p20,l2,0.00
i09,e09,c5,p20,l3,0.00
i09,e09,c5,p21,l2,0.00
i09,e09,c5,p21,l3,0.00
i09,e09,c5,p22,l2,0.00
i09,e09,c5,p22,l3,0.00
i09,e09,c5,p23,l2,0.00
i09,e09,c5,p23,l3,0.00
i09,e09,c5,p24,l2,0.00
i09,e09,c5,p24,l3,0.00
i09,e09,c5,p25,l2,0.00
i09,e09,c5,p25,l3,0.00
i09,e09,c5,p26,l2,0.00
i09,e09,c5,p26,l3,0.00
i09,e09,c5,p28,l2,0.00
i09,e09,c5,p28,l3,0.00
i09,e09,c5,p29,l2,0.00
i09,e09,c5,p29,l3,0.00
i09,e09,c5,p30,l3,0.00
i09,e09,c5,p31,l3,0.00
i09,e09,c5,p32,l2,0.00
i09,e09,c5,p32,l3,0.00
i09,e09,c5,p35,l2,0.00
i09,e09,c5,p35,l3,0.00
i10,e02,c3,p01,l1,0.00
i10,e02,c3,p01,l3,0.00
i10,e02,c3,p02,l1,0.00
i10,e02,c3,p02,l3,0.00
i10,e02,c3,p03,l1,0.00
i10,e02,c3,p03,l3,0.00
i10,e02,c3,p04,l1,0.00
i10,e02,c3,p04,l3,0.00
i10,e02,c3,p05,l1,0.00
i10,e02,c3,p05,l3,0.00
i10,e02,c3,p06,l3,0.00
i10,e02,c3,p07,l1,0.00
i10,e02,c3,p07,l3,0.00
i10,e02,c3,p08,l1,0.00
i10,e02,c3,p08,l3,0.00
i10,e02,c3,p09,l1,0.00
i10,e02,c3,p09,l3,0.00
i10,e02,c3,p10,l1,0.00
i10,e02,c3,p10,l3,0.00
i10,e02,c3,p11,l1,0.00
i10,e02,c3,p11,l3,0.00
i10,e02,c3,p12,l1,0.00
i10,e02,c3,p12,l3,0.00
i10,e02,c3,p13,l1,0.00
i10,e02,c3,p13,l3,0.00
i10,e02,c3,p14,l1,0.00
i10,e02,c3,p14,l3,0.00
i10,e02,c3,p15,l1,0.00
i10,e02,c3,p15,l3,0.00
i10,e02,c3,p16,l1,0.00
i10,e02,c3,p16,l3,0.00
i10,e02,c3,p17,l1,0.00
i10,e02,c3,p17,l3,0.00
i10,e02,c3,p18,l1,0.00
i10,e02,c3,p18,l3,0.00
i10,e02,c3,p19,l1,0.00
i10,e02,c3,p19,l3,0.00
i10,e02,c3,p20,l3,0.00
i10,e02,c3,p21,l1,0.00
i10,e02,c3,p21,l3,0.00
i10,e02,c3,p22,l1,0.00
i10,e02,c3,p22,l3,0.00
i10,e02,c3,p23,l1,0.00
i10,e02,c3,p23,l3,0.00
i10,e02,c3,p24,l1,0.00
i10,e02,c3,p24,l3,0.00
i10,e02,c3,p25,l1,0.00
i10,e02,c3,p25,l3,0.00
i10,e02,c3,p26,l1,0.00
i10,e02,c3,p26,l3,0.00
i10,e02,c3,p28,l1,0.00
i10,e02,c3,p28,l3,0.00
i10,e02,c3,p29,l1,0.00
i10,e02,c3,p29,l3,0.00
i10,e02,c3,p30,l3,0.00
i10,e02,c3,p31,l3,0.00
i10,e02,c3,p32,l3,0.00
i10,e02,c3,p35,l1,0.00
i10,e02,c3,p35,l3,0.00
i10,e05,c3,p01,l1,0.00
i10,e05,c3,p01,l3,0.00
i10,e05,c3,p02,l1,0.00
i10,e05,c3,p02,l3,0.00
i10,e05,c3,p03,l1,0.00
i10,e05,c3,p03,l3,0.00
i10,e05,c3,p04,l1,0.00
i10,e05,c3,p04,l3,0.00
i10,e05,c3,p05,l1,0.00
i10,e05,c3,p05,l3,0.00
i10,e05,c3,p06,l1,0.00
i10,e05,c3,p06,l3,0.00
i10,e05,c3,p07,l1,0.00
i10,e05,c3,p07,l3,0.00
i10,e05,c3,p08,l1,0.00
i10,e05,c3,p08,l3,0.00
i10,e05,c3,p09,l1,0.00
i10,e05,c3,p09,l3,0.00
i10,e05,c3,p10,l1,0.00
i10,e05,c3,p10,l3,0.00
i10,e05,c3,p11,l1,0.00
i10,e05,c3,p11,l3,0.00
i10,e05,c3,p12,l1,0.00
i10,e05,c3,p12,l3,0.00
i10,e05,c3,p13,l1,0.00
i10,e05,c3,p13,l3,0.00
i10,e05,c3,p14,l1,0.00
i10,e05,c3,p14,l3,0.00
i10,e05,c3,p15,l1,0.00
i10,e05,c3,p15,l3,0.00
i10,e05,c3,p16,l1,0.00
i10,e05,c3,p16,l3,0.00
i10,e05,c3,p17,l1,0.00
i10,e05,c3,p17,l3,0.00
i10,e05,c3,p18,l1,0.00
i10,e05,c3,p18,l3,0.00
i10,e05,c3,p19,l1,0.00
i10,e05,c3,p19,l3,0.00
i10,e05,c3,p20,l1,0.00
i10,e05,c3,p20,l3,0.00
i10,e05,c3,p21,l1,0.00
i10,e05,c3,p21,l3,0.00
i10,e05,c3,p22,l1,0.00
i10,e05,c3,p22,l3,0.00
i10,e05,c3,p23,l1,0.00
i10,e05,c3,p23,l3,0.00
i10,e05,c3,p24,l1,0.00
i10,e05,c3,p24,l3,0.00
i10,e05,c3,p25,l1,0.00
i10,e05,c3,p25,l3,0.00
i10,e05,c3,p26,l1,0.00
i10,e05,c3,p26,l3,0.00
i10,e05,c3,p27,l3,0.00
i10,e05,c3,p28,l1,0.00
i10,e05,c3,p28,l3,0.00
i10,e05,c3,p29,l1,0.00
i10,e05,c3,p29,l3,0.00
i10,e05,c3,p30,l1,0.00
i10,e05,c3,p30,l3,0.00
i10,e05,c3,p31,l1,0.00
i10,e05,c3,p31,l3,0.00
i10,e05,c3,p32,l1,0.00
i10,e05,c3,p32,l3,0.00
i10,e05,c3,p35,l1,0.00
i10,e05,c3,p35,l3,0.00
i10,e05,c5,p01,l3,0.00
i10,e05,c5,p02,l3,0.00
i10,e05,c5,p03,l1,0.00
i10,e05,c5,p03,l3,0.00
i10,e05,c5,p05,l1,0.00
i10,e05,c5,p05,l3,0.00
i10,e05,c5,p06,l1,0.00
i10,e05,c5,p07,l3,0.00
i10,e05,c5,p08,l3,0.00
i10,e05,c5,p10,l3,0.00
i10,e05,c5,p11,l3,0.00
i10,e05,c5,p12,l1,0.00
i10,e05,c5,p13,l3,0.00
i10,e05,c5,p15,l1,0.00
i10,e05,c5,p15,l3,0.00
i10,e05,c5,p16,l3,0.00
i10,e05,c5,p19,l1,0.00
i10,e05,c5,p19,l3,0.00
i10,e05,c5,p23,l3,0.00
i10,e05,c5,p24,l3,0.00
i10,e05,c5,p28,l1,0.00
i10,e05,c5,p35,l1,0.00
i10,e05,c5,p35,l3,0.00
i10,e05,c8,p10,l3,0.00
i10,e05,c8,p35,l3,0.00
i10,e13,c3,p01,l3,0.00
i10,e13,c3,p02,l3,0.00
i10,e13,c3,p03,l3,0.00
i10,e13,c3,p04,l3,0.00
i10,e13,c3,p05,l3,0.00
i10,e13,c3,p06,l3,0.00
i10,e13,c3,p07,l3,0.00
i10,e13,c3,p08,l3,0.00
i10,e13,c3,p09,l3,0.00
i10,e13,c3,p10,l3,0.00
i10,e13,c3,p11,l3,0.00
i10,e13,c3,p12,l3,0.00
i10,e13,c3,p13,l3,0.00
i10,e13,c3,p14,l3,0.00
i10,e13,c3,p15,l3,0.00
i10,e13,c3,p16,l3,0.00
i10,e13,c3,p17,l3,0.00
i10,e13,c3,p18,l3,0.00
i10,e13,c3,p19,l3,0.00
i10,e13,c3,p20,l3,0.00
i10,e13,c3,p21,l3,0.00
i10,e13,c3,p22,l3,0.00
i10,e13,c3,p23,l3,0.00
i10,e13,c3,p24,l3,0.00
i10,e13,c3,p25,l3,0.00
i10,e13,c3,p26,l3,0.00
i10,e13,c3,p27,l3,0.00
i10,e13,c3,p28,l3,0.00
i10,e13,c3,p29,l3,0.00
i10,e13,c3,p30,l3,0.00
i10,e13,c3,p31,l3,0.00
i10,e13,c3,p32,l3,0.00
i10,e13,c3,p35,l3,0.00
i10,e13,c5,p15,l3,0.00
i10,e13,c5,p19,l3,0.00
i10,e13,c5,p35,l3,0.00
i100,e01,c3,p10,l3,0.00
i100,e01,c5,p01,l3,0.00
i100,e01,c5,p10,l3,0.00
i100,e01,c5,p35,l3,0.00
i100,e02,c5,p35,l3,0.00
i100,e04,c5,p10,l3,0.00
i100,e04,c5,p35,l3,0.00
i100,e05,c5,p10,l3,0.00
i100,e05,c5,p35,l3,0.00
i100,e08,c5,p10,l3,0.00
i100,e08,c5,p35,l3,0.00
i100,e09,c3,p10,l3,0.00
i100,e09,c5,p10,l3,0.00
i100,e09,c5,p35,l3,0.00
i100,e11,c3,p10,l3,0.00
i100,e11,c5,p10,l3,0.00
i100,e11,c5,p35,l3,0.00
i100,e13,c3,p10,l3,0.00
i100,e13,c5,p01,l3,0.00
i100,e13,c5,p10,l3,0.00
i100,e13,c5,p35,l3,0.00
i101,e01,c1,p01,l3,0.00
i101,e01,c1,p02,l3,0.00
i101,e01,c1,p03,l3,0.00
i101,e01,c1,p04,l3,0.00
i101,e01,c1,p08,l3,0.00
i101,e01,c1,p10,l3,0.00
i101,e01,c1,p11,l3,0.00
i101,e01,c1,p12,l3,0.00
i101,e01,c1,p13,l3,0.00
i101,e01,c1,p17,l3,0.00
i101,e01,c1,p19,l3,0.00
i101,e01,c1,p21,l3,0.00
i101,e01,c1,p24,l3,0.00
i101,e01,c1,p32,l3,0.00
i101,e01,c1,p35,l3,0.00
i101,e04,c1,p01,l3,0.00
i101,e04,c1,p03,l3,0.00
i101,e04,c1,p04,l1,0.00
i101,e04,c1,p04,l3,0.00
i101,e04,c1,p10,l1,0.00
i101,e04,c1,p10,l3,0.00
i101,e04,c1,p11,l3,0.00
i101,e04,c1,p12,l3,0.00
i101,e04,c1,p17,l3,0.00
i101,e04,c1,p19,l3,0.00
i101,e04,c1,p21,l3,0.00
i101,e04,c1,p25,l3,0.00
i101,e04,c1,p32,l3,0.00
i101,e04,c1,p35,l1,0.00
i101,e04,c1,p35,l3,0.00
i101,e05,c1,p10,l3,0.00
i101,e05,c1,p35,l3,0.00
i101,e07,c1,p10,l2,0.00
i101,e07,c1,p10,l3,0.00
i101,e07,c1,p35,l3,0.00
i101,e08,c1,p03,l3,0.00
i101,e08,c1,p04,l3,0.00
i101,e08,c1,p06,l3,0.00
i101,e08,c1,p10,l2,0.00
i101,e08,c1,p10,l3,0.00
i101,e08,c1,p11,l3,0.00
i101,e08,c1,p12,l3,0.00
i101,e08,c1,p17,l3,0.00
i101,e08,c1,p19,l2,0.00
i101,e08,c1,p19,l3,0.00
i101,e08,c1,p21,l3,0.00
i101,e08,c1,p24,l2,0.00
i101,e08,c1,p24,l3,0.00
i101,e08,c1,p25,l3,0.00
i101,e08,c1,p32,l3,0.00
i101,e08,c1,p35,l2,0.00
i101,e08,c1,p35,l3,0.00
i101,e09,c1,p01,l3,0.00
i101,e09,c1,p03,l3,0.00
i101,e09,c1,p04,l2,0.00
i101,e09,c1,p04,l3,0.00
i101,e09,c1,p08,l3,0.00
i101,e09,c1,p10,l2,0.00
i101,e09,c1,p10,l3,0.00
i101,e09,c1,p11,l2,0.00
i101,e09,c1,p11,l3,0.00
i101,e09,c1,p12,l3,0.00
i101,e09,c1,p14,l3,0.00
i101,e09,c1,p15,l3,0.00
i101,e09,c1,p17,l3,0.00
i101,e09,c1,p19,l3,0.00
i101,e09,c1,p21,l3,0.00
i101,e09,c1,p24,l2,0.00
i101,e09,c1,p24,l3,0.00
i101,e09,c1,p32,l3,0.00
i101,e09,c1,p35,l2,0.00
i101,e09,c1,p35,l3,0.00
i101,e12,c1,p01,l3,0.00
i101,e12,c1,p02,l3,0.00
i101,e12,c1,p03,l3,0.00
i101,e12,c1,p04,l3,0.00
i101,e12,c1,p05,l3,0.00
i101,e12,c1,p07,l3,0.00
i101,e12,c1,p10,l3,0.00
i101,e12,c1,p11,l3,0.00
i101,e12,c1,p12,l3,0.00
i101,e12,c1,p15,l3,0.00
i101,e12,c1,p16,l3,0.00
i101,e12,c1,p17,l3,0.00
i101,e12,c1,p18,l3,0.00
i101,e12,c1,p19,l3,0.00
i101,e12,c1,p21,l3,0.00
i101,e12,c1,p24,l3,0.00
i101,e12,c1,p32,l3,0.00
i101,e12,c1,p35,l3,0.00
i102,e01,c3,p18,l3,0.00
i102,e01,c5,p10,l3,0.00
i102,e01,c5,p18,l3,0.00
i102,e01,c5,p19,l3,0.00
i102,e01,c5,p35,l3,0.00
i102,e04,c3,p18,l3,0.00
i102,e04,c5,p18,l1,0.00
i102,e04,c5,p18,l3,0.00
i102,e04,c5,p19,l3,0.00
i102,e04,c5,p35,l3,0.00
i102,e05,c5,p18,l3,0.00
i102,e08,c3,p18,l3,0.00
i102,e08,c5,p10,l3,0.00
i102,e08,c5,p17,l3,0.00
i102,e08,c5,p18,l2,0.00
i102,e08,c5,p18,l3,0.00
i102,e08,c5,p19,l3,0.00
i102,e08,c5,p23,l3,0.00
i102,e08,c5,p35,l2,0.00
i102,e08,c5,p35,l3,0.00
i102,e09,c5,p18,l2,0.00
i102,e09,c5,p18,l3,0.00
i102,e09,c5,p19,l3,0.00
i102,e09,c5,p35,l3,0.00
i102,e11,c5,p18,l3,0.00
i103,e02,c5,p01,l3,0.00
i103,e02,c5,p04,l3,0.00
i103,e02,c5,p06,l3,0.00
i103,e02,c5,p10,l3,0.00
i103,e02,c5,p11,l3,0.00
i103,e02,c5,p13,l3,0.00
i103,e02,c5,p16,l3,0.00
i103,e02,c5,p19,l3,0.00
i103,e02,c5,p24,l3,0.00
i103,e02,c5,p35,l1,0.00
i103,e02,c5,p35,l3,0.00
i103,e05,c3,p19,l3,0.00
i103,e05,c3,p31,l3,0.00
i103,e05,c5,p01,l1,0.00
i103,e05,c5,p01,l3,0.00
i103,e05,c5,p02,l3,0.00
i103,e05,c5,p03,l3,0.00
i103,e05,c5,p04,l1,0.00
i103,e05,c5,p04,l3,0.00
i103,e05,c5,p05,l1,0.00
i103,e05,c5,p05,l3,0.00
i103,e05,c5,p06,l1,0.00
i103,e05,c5,p06,l3,0.00
i103,e05,c5,p07,l3,0.00
i103,e05,c5,p08,l3,0.00
i103,e05,c5,p09,l1,0.00
i103,e05,c5,p09,l3,0.00
i103,e05,c5,p10,l1,0.00
i103,e05,c5,p10,l3,0.00
i103,e05,c5,p11,l1,0.00
i103,e05,c5,p11,l3,0.00
i103,e05,c5,p12,l1,0.00
i103,e05,c5,p12,l3,0.00
i103,e05,c5,p13,l1,0.00
i103,e05,c5,p13,l3,0.00
i103,e05,c5,p14,l3,0.00
i103,e05,c5,p15,l1,0.00
i103,e05,c5,p15,l3,0.00
i103,e05,c5,p16,l1,0.00
i103,e05,c5,p16,l3,0.00
i103,e05,c5,p17,l1,0.00
i103,e05,c5,p17,l3,0.00
i103,e05,c5,p18,l1,0.00
i103,e05,c5,p18,l3,0.00
i103,e05,c5,p19,l1,0.00
i103,e05,c5,p19,l3,0.00
i103,e05,c5,p20,l3,0.00
i103,e05,c5,p21,l3,0.00
i103,e05,c5,p22,l3,0.00
i103,e05,c5,p23,l3,0.00
i103,e05,c5,p24,l3,0.00
i103,e05,c5,p25,l3,0.00
i103,e05,c5,p26,l3,0.00
i103,e05,c5,p28,l3,0.00
i103,e05,c5,p29,l1,0.00
i103,e05,c5,p29,l3,0.00
i103,e05,c5,p30,l3,0.00
i103,e05,c5,p32,l3,0.00
i103,e05,c5,p35,l1,0.00
i103,e05,c5,p35,l3,0.00
i104,e02,c5,p01,l3,0.00
i104,e02,c5,p03,l3,0.00
i104,e02,c5,p04,l3,0.00
i104,e02,c5,p05,l3,0.00
i104,e02,c5,p06,l3,0.00
i104,e02,c5,p08,l3,0.00
i104,e02,c5,p09,l3,0.00
i104,e02,c5,p10,l3,0.00
i104,e02,c5,p11,l3,0.00
i104,e02,c5,p12,l3,0.00
i104,e02,c5,p13,l3,0.00
i104,e02,c5,p14,l3,0.00
i104,e02,c5,p15,l3,0.00
i104,e02,c5,p17,l3,0.00
i104,e02,c5,p19,l3,0.00
i104,e02,c5,p21,l3,0.00
i104,e02,c5,p23,l3,0.00
i104,e02,c5,p24,l3,0.00
i104,e02,c5,p25,l3,0.00
i104,e02,c5,p35,l3,0.00
i104,e05,c5,p01,l3,0.00
i104,e05,c5,p02,l3,0.00
i104,e05,c5,p03,l3,0.00
i104,e05,c5,p04,l3,0.00
i104,e05,c5,p05,l3,0.00
i104,e05,c5,p07,l3,0.00
i104,e05,c5,p08,l3,0.00
i104,e05,c5,p09,l3,0.00
i104,e05,c5,p10,l3,0.00
i104,e05,c5,p11,l3,0.00
i104,e05,c5,p12,l3,0.00
i104,e05,c5,p13,l3,0.00
i104,e05,c5,p14,l3,0.00
i104,e05,c5,p15,l3,0.00
i104,e05,c5,p16,l3,0.00
i104,e05,c5,p17,l3,0.00
i104,e05,c5,p18,l3,0.00
i104,e05,c5,p19,l3,0.00
i104,e05,c5,p21,l3,0.00
i104,e05,c5,p23,l3,0.00
i104,e05,c5,p24,l3,0.00
i104,e05,c5,p25,l3,0.00
i104,e05,c5,p28,l3,0.00
i104,e05,c5,p29,l3,0.00
i104,e05,c5,p32,l3,0.00
i104,e05,c5,p35,l3,0.00
i104,e07,c5,p08,l3,0.00
i104,e07,c5,p10,l3,0.00
i104,e07,c5,p11,l3,0.00
i104,e07,c5,p15,l3,0.00
i104,e12,c5,p01,l3,0.00
i104,e12,c5,p17,l3,0.00
i104,e12,c5,p32,l3,0.00
i105,e01,c5,p10,l3,0.00
i105,e02,c5,p09,l3,0.00
i105,e02,c5,p10,l3,0.00
i105,e02,c5,p29,l3,0.00
i105,e04,c5,p01,l3,0.00
i105,e04,c5,p10,l3,0.00
i105,e05,c3,p10,l3,0.00
i105,e05,c5,p01,l3,0.00
i105,e05,c5,p02,l3,0.00
i105,e05,c5,p03,l3,0.00
i105,e05,c5,p04,l3,0.00
i105,e05,c5,p05,l3,0.00
i105,e05,c5,p07,l3,0.00
i105,e05,c5,p08,l3,0.00
i105,e05,c5,p09,l3,0.00
i105,e05,c5,p10,l3,0.00
i105,e05,c5,p11,l3,0.00
i105,e05,c5,p12,l3,0.00
i105,e05,c5,p13,l3,0.00
i105,e05,c5,p14,l3,0.00
i105,e05,c5,p15,l3,0.00
i105,e05,c5,p16,l3,0.00
i105,e05,c5,p17,l3,0.00
i105,e05,c5,p18,l3,0.00
i105,e05,c5,p19,l3,0.00
i105,e05,c5,p21,l3,0.00
i105,e05,c5,p23,l3,0.00
i105,e05,c5,p24,l3,0.00
i105,e05,c5,p25,l3,0.00
i105,e05,c5,p28,l3,0.00
i105,e05,c5,p29,l3,0.00
i105,e05,c5,p32,l3,0.00
i105,e05,c5,p35,l3,0.00
i105,e07,c5,p10,l3,0.00
i105,e08,c5,p01,l3,0.00
i105,e08,c5,p04,l3,0.00
i105,e08,c5,p10,l3,0.00
i105,e08,c5,p16,l3,0.00
i105,e08,c5,p19,l3,0.00
i105,e08,c5,p21,l3,0.00
i105,e08,c5,p35,l3,0.00
i105,e09,c5,p10,l3,0.00
i105,e12,c5,p01,l3,0.00
i105,e12,c5,p03,l3,0.00
i105,e12,c5,p04,l3,0.00
i105,e12,c5,p05,l3,0.00
i105,e12,c5,p10,l3,0.00
i105,e12,c5,p11,l3,0.00
i105,e12,c5,p14,l3,0.00
i105,e12,c5,p15,l3,0.00
i105,e12,c5,p21,l3,0.00
i105,e12,c5,p24,l3,0.00
i105,e12,c5,p28,l3,0.00
i105,e12,c5,p29,l3,0.00
i105,e12,c5,p32,l3,0.00
i105,e12,c5,p35,l3,0.00
i106,e01,c3,p35,l3,0.00
i106,e01,c5,p35,l3,0.00
i106,e04,c3,p35,l1,0.00
i106,e04,c3,p35,l3,0.00
i106,e04,c5,p35,l1,0.00
i106,e04,c5,p35,l3,0.00
i106,e05,c3,p35,l1,0.00
i106,e05,c3,p35,l3,0.00
i106,e05,c5,p35,l3,0.00
i106,e09,c3,p35,l3,0.00
i106,e09,c5,p35,l2,0.00
i106,e09,c5,p35,l3,0.00
i107,e01,c2,p35,l3,0.00
i107,e04,c2,p35,l3,0.00
i107,e09,c2,p35,l3,0.00
i108,e01,c5,p01,l3,0.00
i108,e01,c5,p03,l3,0.00
i108,e01,c5,p06,l3,0.00
i108,e01,c5,p07,l3,0.00
i108,e01,c5,p09,l3,0.00
i108,e01,c5,p10,l3,0.00
i108,e01,c5,p16,l3,0.00
i108,e01,c5,p18,l3,0.00
i108,e01,c5,p21,l3,0.00
i108,e02,c5,p18,l3,0.00
i108,e04,c5,p01,l3,0.00
i108,e04,c5,p03,l3,0.00
i108,e04,c5,p04,l3,0.00
i108,e04,c5,p06,l3,0.00
i108,e04,c5,p07,l3,0.00
i108,e04,c5,p09,l3,0.00
i108,e04,c5,p10,l3,0.00
i108,e04,c5,p12,l3,0.00
i108,e04,c5,p16,l3,0.00
i108,e04,c5,p19,l3,0.00
i108,e04,c5,p21,l3,0.00
i108,e04,c5,p25,l3,0.00
i108,e04,c5,p31,l3,0.00
i108,e05,c5,p01,l3,0.00
i108,e05,c5,p03,l3,0.00
i108,e05,c5,p04,l3,0.00
i108,e05,c5,p07,l3,0.00
i108,e05,c5,p10,l3,0.00
i108,e05,c5,p14,l3,0.00
i108,e05,c5,p17,l3,0.00
i108,e05,c5,p18,l3,0.00
i108,e08,c5,p01,l3,0.00
i108,e08,c5,p03,l3,0.00
i108,e08,c5,p04,l3,0.00
i108,e08,c5,p09,l3,0.00
i108,e08,c5,p10,l3,0.00
i108,e08,c5,p13,l3,0.00
i108,e08,c5,p25,l3,0.00
i108,e08,c5,p35,l3,0.00
i108,e09,c5,p01,l3,0.00
i108,e09,c5,p04,l3,0.00
i108,e09,c5,p05,l3,0.00
i108,e09,c5,p06,l3,0.00
i108,e09,c5,p07,l3,0.00
i108,e09,c5,p10,l3,0.00
i108,e09,c5,p21,l3,0.00
i108,e13,c5,p01,l3,0.00
i108,e13,c5,p02,l3,0.00
i108,e13,c5,p03,l3,0.00
i108,e13,c5,p04,l3,0.00
i108,e13,c5,p05,l3,0.00
i108,e13,c5,p06,l3,0.00
i108,e13,c5,p07,l3,0.00
i108,e13,c5,p08,l3,0.00
i108,e13,c5,p09,l3,0.00
i108,e13,c5,p10,l3,0.00
i108,e13,c5,p11,l3,0.00
i108,e13,c5,p12,l3,0.00
i108,e13,c5,p13,l3,0.00
i108,e13,c5,p14,l3,0.00
i108,e13,c5,p15,l3,0.00
i108,e13,c5,p16,l3,0.00
i108,e13,c5,p17,l3,0.00
i108,e13,c5,p18,l3,0.00
i108,e13,c5,p19,l3,0.00
i108,e13,c5,p21,l3,0.00
i108,e13,c5,p22,l3,0.00
i108,e13,c5,p23,l3,0.00
i108,e13,c5,p24,l3,0.00
i108,e13,c5,p25,l3,0.00
i108,e13,c5,p28,l3,0.00
i108,e13,c5,p29,l3,0.00
i108,e13,c5,p31,l3,0.00
i108,e13,c5,p35,l3,0.00
i109,e01,c3,p10,l3,0.00
i109,e01,c3,p35,l3,0.00
i109,e01,c5,p10,l3,0.00
i109,e04,c3,p10,l3,0.00
i109,e04,c3,p35,l3,0.00
i109,e04,c5,p10,l3,0.00
i109,e05,c3,p10,l3,0.00
i109,e08,c3,p10,l3,0.00
i109,e08,c3,p35,l3,0.00
i109,e08,c5,p10,l3,0.00
i109,e09,c3,p10,l3,0.00
i109,e09,c3,p35,l3,0.00
i109,e09,c5,p10,l3,0.00
i109,e11,c3,p10,l3,0.00
i109,e11,c3,p35,l3,0.00
i11,e01,c4,p01,l3,0.00
i11,e01,c4,p02,l3,0.00
i11,e01,c4,p03,l3,0.00
i11,e01,c4,p04,l3,0.00
i11,e01,c4,p05,l3,0.00
i11,e01,c4,p06,l3,0.00
i11,e01,c4,p07,l3,0.00
i11,e01,c4,p08,l3,0.00
i11,e01,c4,p09,l3,0.00
i11,e01,c4,p10,l3,0.00
i11,e01,c4,p11,l3,0.00
i11,e01,c4,p12,l3,0.00
i11,e01,c4,p13,l3,0.00
i11,e01,c4,p14,l3,0.00
i11,e01,c4,p15,l3,0.00
i11,e01,c4,p16,l3,0.00
i11,e01,c4,p17,l3,0.00
i11,e01,c4,p18,l3,0.00
i11,e01,c4,p19,l3,0.00
i11,e01,c4,p20,l3,0.00
i11,e01,c4,p21,l3,0.00
i11,e01,c4,p22,l3,0.00
i11,e01,c4,p23,l3,0.00
i11,e01,c4,p24,l3,0.00
i11,e01,c4,p25,l3,0.00
i11,e01,c4,p26,l3,0.00
i11,e01,c4,p28,l3,0.00
i11,e01,c4,p29,l3,0.00
i11,e01,c4,p30,l3,0.00
i11,e01,c4,p31,l3,0.00
i11,e01,c4,p32,l3,0.00
i11,e01,c4,p35,l3,0.00
i11,e04,c4,p01,l3,0.00
i11,e04,c4,p02,l3,0.00
i11,e04,c4,p03,l3,0.00
i11,e04,c4,p04,l3,0.00
i11,e04,c4,p05,l3,0.00
i11,e04,c4,p06,l3,0.00
i11,e04,c4,p07,l3,0.00
i11,e04,c4,p08,l3,0.00
i11,e04,c4,p09,l3,0.00
i11,e04,c4,p10,l3,0.00
i11,e04,c4,p11,l3,0.00
i11,e04,c4,p12,l3,0.00
i11,e04,c4,p13,l3,0.00
i11,e04,c4,p14,l3,0.00
i11,e04,c4,p15,l3,0.00
i11,e04,c4,p16,l3,0.00
i11,e04,c4,p17,l3,0.00
i11,e04,c4,p18,l3,0.00
i11,e04,c4,p19,l3,0.00
i11,e04,c4,p20,l3,0.00
i11,e04,c4,p21,l3,0.00
i11,e04,c4,p22,l3,0.00
i11,e04,c4,p23,l3,0.00
i11,e04,c4,p24,l3,0.00
i11,e04,c4,p25,l3,0.00
i11,e04,c4,p26,l3,0.00
i11,e04,c4,p28,l3,0.00
i11,e04,c4,p29,l3,0.00
i11,e04,c4,p30,l3,0.00
i11,e04,c4,p31,l3,0.00
i11,e04,c4,p32,l3,0.00
i11,e04,c4,p35,l3,0.00
i11,e05,c4,p01,l3,0.00
i11,e05,c4,p02,l3,0.00
i11,e05,c4,p03,l3,0.00
i11,e05,c4,p04,l3,0.00
i11,e05,c4,p05,l3,0.00
i11,e05,c4,p06,l3,0.00
i11,e05,c4,p07,l3,0.00
i11,e05,c4,p08,l3,0.00
i11,e05,c4,p09,l3,0.00
i11,e05,c4,p10,l3,0.00
i11,e05,c4,p11,l3,0.00
i11,e05,c4,p12,l3,0.00
i11,e05,c4,p13,l3,0.00
i11,e05,c4,p14,l3,0.00
i11,e05,c4,p15,l3,0.00
i11,e05,c4,p16,l3,0.00
i11,e05,c4,p17,l3,0.00
i11,e05,c4,p18,l3,0.00
i11,e05,c4,p19,l3,0.00
i11,e05,c4,p20,l3,0.00
i11,e05,c4,p21,l3,0.00
i11,e05,c4,p22,l3,0.00
i11,e05,c4,p23,l3,0.00
i11,e05,c4,p24,l3,0.00
i11,e05,c4,p25,l3,0.00
i11,e05,c4,p26,l3,0.00
i11,e05,c4,p28,l3,0.00
i11,e05,c4,p29,l3,0.00
i11,e05,c4,p30,l3,0.00
i11,e05,c4,p31,l3,0.00
i11,e05,c4,p32,l3,0.00
i11,e05,c4,p34,l3,0.00
i11,e05,c4,p35,l3,0.00
i11,e09,c4,p01,l3,0.00
i11,e09,c4,p02,l3,0.00
i11,e09,c4,p03,l3,0.00
i11,e09,c4,p04,l3,0.00
i11,e09,c4,p05,l3,0.00
i11,e09,c4,p06,l3,0.00
i11,e09,c4,p07,l3,0.00
i11,e09,c4,p08,l3,0.00
i11,e09,c4,p09,l3,0.00
i11,e09,c4,p10,l3,0.00
i11,e09,c4,p11,l3,0.00
i11,e09,c4,p12,l3,0.00
i11,e09,c4,p13,l3,0.00
i11,e09,c4,p14,l3,0.00
i11,e09,c4,p15,l3,0.00
i11,e09,c4,p16,l3,0.00
i11,e09,c4,p17,l3,0.00
i11,e09,c4,p18,l3,0.00
i11,e09,c4,p19,l3,0.00
i11,e09,c4,p20,l3,0.00
i11,e09,c4,p21,l3,0.00
i11,e09,c4,p22,l3,0.00
i11,e09,c4,p23,l3,0.00
i11,e09,c4,p24,l3,0.00
i11,e09,c4,p25,l3,0.00
i11,e09,c4,p26,l3,0.00
i11,e09,c4,p28,l3,0.00
i11,e09,c4,p29,l3,0.00
i11,e09,c4,p30,l3,0.00
i11,e09,c4,p31,l3,0.00
i11,e09,c4,p32,l3,0.00
i11,e09,c4,p35,l3,0.00
i110,e01,c1,p01,l3,0.00
i110,e01,c1,p10,l3,0.00
i110,e01,c1,p19,l3,0.00
i110,e01,c1,p33,l3,0.00
i110,e01,c1,p35,l3,0.00
i110,e01,c4,p33,l3,0.00
i110,e03,c1,p01,l3,0.00
i110,e03,c1,p10,l3,0.00
i110,e03,c1,p14,l3,0.00
i110,e03,c1,p19,l3,0.00
i110,e03,c1,p33,l3,0.00
i110,e03,c1,p35,l3,0.00
i110,e03,c4,p33,l3,0.00
i110,e04,c1,p01,l3,0.00
i110,e04,c1,p10,l3,0.00
i110,e04,c1,p14,l3,0.00
i110,e04,c1,p19,l3,0.00
i110,e04,c1,p33,l3,0.00
i110,e04,c4,p33,l3,0.00
i110,e05,c1,p10,l3,0.00
i110,e05,c1,p33,l3,0.00
i110,e06,c1,p01,l3,0.00
i110,e06,c1,p10,l3,0.00
i110,e06,c1,p14,l3,0.00
i110,e06,c1,p19,l3,0.00
i110,e06,c1,p33,l3,0.00
i110,e08,c1,p01,l3,0.00
i110,e08,c1,p10,l3,0.00
i110,e08,c1,p14,l3,0.00
i110,e08,c1,p19,l3,0.00
i110,e08,c1,p33,l3,0.00
i110,e08,c4,p33,l3,0.00
i110,e09,c1,p01,l3,0.00
i110,e09,c1,p10,l3,0.00
i110,e09,c1,p14,l3,0.00
i110,e09,c1,p19,l3,0.00
i110,e09,c1,p33,l3,0.00
i110,e09,c4,p33,l3,0.00
i110,e10,c1,p01,l3,0.00
i110,e10,c1,p10,l3,0.00
i110,e10,c1,p14,l3,0.00
i110,e10,c1,p15,l3,0.00
i110,e10,c1,p19,l3,0.00
i110,e10,c1,p33,l3,0.00
i110,e10,c1,p35,l3,0.00
i110,e10,c4,p33,l3,0.00
i110,e11,c1,p10,l3,0.00
i110,e11,c1,p14,l3,0.00
i110,e11,c1,p19,l3,0.00
i110,e11,c1,p33,l3,0.00
i110,e11,c4,p33,l3,0.00
i111,e01,c1,p01,l3,0.00
i111,e01,c1,p02,l3,0.00
i111,e01,c1,p03,l3,0.00
i111,e01,c1,p04,l3,0.00
i111,e01,c1,p05,l3,0.00
i111,e01,c1,p07,l3,0.00
i111,e01,c1,p08,l3,0.00
i111,e01,c1,p09,l3,0.00
i111,e01,c1,p10,l3,0.00
i111,e01,c1,p11,l3,0.00
i111,e01,c1,p12,l3,0.00
i111,e01,c1,p13,l3,0.00
i111,e01,c1,p14,l3,0.00
i111,e01,c1,p15,l3,0.00
i111,e01,c1,p17,l3,0.00
i111,e01,c1,p18,l3,0.00
i111,e01,c1,p19,l3,0.00
i111,e01,c1,p21,l3,0.00
i111,e01,c1,p22,l3,0.00
i111,e01,c1,p23,l3,0.00
i111,e01,c1,p24,l3,0.00
i111,e01,c1,p28,l3,0.00
i111,e01,c1,p29,l3,0.00
i111,e01,c1,p35,l3,0.00
i111,e01,c4,p07,l3,0.00
i111,e01,c4,p23,l3,0.00
i111,e04,c1,p01,l3,0.00
i111,e04,c1,p02,l1,0.00
i111,e04,c1,p02,l3,0.00
i111,e04,c1,p03,l3,0.00
i111,e04,c1,p04,l3,0.00
i111,e04,c1,p05,l3,0.00
i111,e04,c1,p07,l1,0.00
i111,e04,c1,p07,l3,0.00
i111,e04,c1,p08,l3,0.00
i111,e04,c1,p09,l1,0.00
i111,e04,c1,p09,l3,0.00
i111,e04,c1,p10,l1,0.00
i111,e04,c1,p10,l3,0.00
i111,e04,c1,p11,l1,0.00
i111,e04,c1,p11,l3,0.00
i111,e04,c1,p12,l1,0.00
i111,e04,c1,p12,l3,0.00
i111,e04,c1,p13,l3,0.00
i111,e04,c1,p14,l3,0.00
i111,e04,c1,p15,l1,0.00
i111,e04,c1,p15,l3,0.00
i111,e04,c1,p17,l3,0.00
i111,e04,c1,p18,l1,0.00
i111,e04,c1,p18,l3,0.00
i111,e04,c1,p19,l1,0.00
i111,e04,c1,p19,l3,0.00
i111,e04,c1,p21,l1,0.00
i111,e04,c1,p21,l3,0.00
i111,e04,c1,p22,l1,0.00
i111,e04,c1,p22,l3,0.00
i111,e04,c1,p23,l1,0.00
i111,e04,c1,p23,l3,0.00
i111,e04,c1,p25,l3,0.00
i111,e04,c1,p26,l3,0.00
i111,e04,c1,p28,l3,0.00
i111,e04,c1,p29,l1,0.00
i111,e04,c1,p29,l3,0.00
i111,e04,c1,p35,l1,0.00
i111,e04,c1,p35,l3,0.00
i111,e04,c4,p07,l3,0.00
i111,e04,c4,p23,l3,0.00
i111,e05,c1,p01,l3,0.00
i111,e05,c1,p07,l3,0.00
i111,e05,c1,p10,l3,0.00
i111,e05,c1,p11,l1,0.00
i111,e05,c1,p11,l3,0.00
i111,e05,c1,p12,l3,0.00
i111,e05,c1,p21,l3,0.00
i111,e05,c1,p22,l3,0.00
i111,e05,c1,p29,l3,0.00
i111,e05,c1,p35,l3,0.00
i111,e08,c1,p01,l3,0.00
i111,e08,c1,p02,l3,0.00
i111,e08,c1,p03,l3,0.00
i111,e08,c1,p04,l3,0.00
i111,e08,c1,p05,l3,0.00
i111,e08,c1,p07,l2,0.00
i111,e08,c1,p07,l3,0.00
i111,e08,c1,p08,l3,0.00
i111,e08,c1,p09,l2,0.00
i111,e08,c1,p09,l3,0.00
i111,e08,c1,p10,l2,0.00
i111,e08,c1,p10,l3,0.00
i111,e08,c1,p11,l2,0.00
i111,e08,c1,p11,l3,0.00
i111,e08,c1,p12,l2,0.00
i111,e08,c1,p12,l3,0.00
i111,e08,c1,p13,l3,0.00
i111,e08,c1,p14,l3,0.00
i111,e08,c1,p15,l3,0.00
i111,e08,c1,p17,l2,0.00
i111,e08,c1,p17,l3,0.00
i111,e08,c1,p18,l3,0.00
i111,e08,c1,p19,l2,0.00
i111,e08,c1,p19,l3,0.00
i111,e08,c1,p21,l2,0.00
i111,e08,c1,p21,l3,0.00
i111,e08,c1,p22,l2,0.00
i111,e08,c1,p22,l3,0.00
i111,e08,c1,p23,l3,0.00
i111,e08,c1,p24,l3,0.00
i111,e08,c1,p25,l3,0.00
i111,e08,c1,p29,l2,0.00
i111,e08,c1,p29,l3,0.00
i111,e08,c1,p35,l2,0.00
i111,e08,c1,p35,l3,0.00
i111,e08,c4,p07,l3,0.00
i111,e08,c4,p23,l3,0.00
i111,e09,c1,p01,l3,0.00
i111,e09,c1,p02,l3,0.00
i111,e09,c1,p03,l2,0.00
i111,e09,c1,p03,l3,0.00
i111,e09,c1,p04,l3,0.00
i111,e09,c1,p07,l2,0.00
i111,e09,c1,p07,l3,0.00
i111,e09,c1,p08,l3,0.00
i111,e09,c1,p09,l2,0.00
i111,e09,c1,p09,l3,0.00
i111,e09,c1,p10,l2,0.00
i111,e09,c1,p10,l3,0.00
i111,e09,c1,p11,l2,0.00
i111,e09,c1,p11,l3,0.00
i111,e09,c1,p12,l2,0.00
i111,e09,c1,p12,l3,0.00
i111,e09,c1,p13,l3,0.00
i111,e09,c1,p14,l3,0.00
i111,e09,c1,p15,l2,0.00
i111,e09,c1,p15,l3,0.00
i111,e09,c1,p17,l3,0.00
i111,e09,c1,p18,l2,0.00
i111,e09,c1,p18,l3,0.00
i111,e09,c1,p19,l2,0.00
i111,e09,c1,p19,l3,0.00
i111,e09,c1,p21,l2,0.00
i111,e09,c1,p21,l3,0.00
i111,e09,c1,p22,l2,0.00
i111,e09,c1,p22,l3,0.00
i111,e09,c1,p23,l2,0.00
i111,e09,c1,p23,l3,0.00
i111,e09,c1,p24,l3,0.00
i111,e09,c1,p25,l3,0.00
i111,e09,c1,p29,l2,0.00
i111,e09,c1,p29,l3,0.00
i111,e09,c1,p35,l2,0.00
i111,e09,c1,p35,l3,0.00
i111,e11,c1,p01,l3,0.00
i111,e11,c1,p02,l2,0.00
i111,e11,c1,p03,l3,0.00
i111,e11,c1,p07,l3,0.00
i111,e11,c1,p09,l3,0.00
i111,e11,c1,p10,l3,0.00
i111,e11,c1,p11,l2,0.00
i111,e11,c1,p11,l3,0.00
i111,e11,c1,p12,l3,0.00
i111,e11,c1,p15,l3,0.00
i111,e11,c1,p19,l2,0.00
i111,e11,c1,p19,l3,0.00
i111,e11,c1,p21,l2,0.00
i111,e11,c1,p23,l2,0.00
i111,e11,c1,p23,l3,0.00
i111,e11,c1,p24,l3,0.00
i111,e11,c1,p25,l3,0.00
i111,e11,c1,p29,l2,0.00
i111,e11,c1,p29,l3,0.00
i111,e11,c1,p35,l2,0.00
i112,e02,c3,p03,l3,0.00
i112,e02,c5,p01,l3,0.00
i112,e02,c5,p02,l3,0.00
i112,e02,c5,p03,l3,0.00
i112,e02,c5,p10,l3,0.00
i112,e02,c5,p12,l3,0.00
i112,e02,c5,p19,l3,0.00
i112,e02,c5,p21,l3,0.00
i112,e02,c5,p29,l3,0.00
i112,e05,c5,p01,l1,0.00
i112,e05,c5,p01,l3,0.00
i112,e05,c5,p02,l1,0.00
i112,e05,c5,p02,l3,0.00
i112,e05,c5,p03,l3,0.00
i112,e05,c5,p04,l3,0.00
i112,e05,c5,p05,l1,0.00
i112,e05,c5,p05,l3,0.00
i112,e05,c5,p06,l3,0.00
i112,e05,c5,p07,l3,0.00
i112,e05,c5,p08,l3,0.00
i112,e05,c5,p09,l1,0.00
i112,e05,c5,p09,l3,0.00
i112,e05,c5,p10,l1,0.00
i112,e05,c5,p10,l3,0.00
i112,e05,c5,p11,l1,0.00
i112,e05,c5,p11,l3,0.00
i112,e05,c5,p12,l1,0.00
i112,e05,c5,p12,l3,0.00
i112,e05,c5,p13,l3,0.00
i112,e05,c5,p14,l3,0.00
i112,e05,c5,p15,l1,0.00
i112,e05,c5,p15,l3,0.00
i112,e05,c5,p18,l3,0.00
i112,e05,c5,p19,l1,0.00
i112,e05,c5,p19,l3,0.00
i112,e05,c5,p21,l1,0.00
i112,e05,c5,p21,l3,0.00
i112,e05,c5,p22,l1,0.00
i112,e05,c5,p22,l3,0.00
i112,e05,c5,p23,l3,0.00
i112,e05,c5,p24,l1,0.00
i112,e05,c5,p24,l3,0.00
i112,e05,c5,p28,l3,0.00
i112,e05,c5,p29,l1,0.00
i112,e05,c5,p29,l3,0.00
i112,e05,c5,p35,l1,0.00
i112,e05,c5,p35,l3,0.00
i113,e01,c5,p10,l3,0.00
i113,e01,c5,p35,l3,0.00
i113,e04,c5,p01,l3,0.00
i113,e04,c5,p10,l3,0.00
i113,e04,c5,p11,l3,0.00
i113,e04,c5,p18,l3,0.00
i113,e04,c5,p35,l3,0.00
i113,e05,c5,p10,l3,0.00
i113,e05,c5,p18,l3,0.00
i113,e05,c5,p35,l3,0.00
i113,e08,c5,p01,l3,0.00
i113,e08,c5,p10,l3,0.00
i113,e08,c5,p35,l3,0.00
i113,e09,c5,p10,l3,0.00
i113,e09,c5,p11,l3,0.00
i113,e09,c5,p18,l3,0.00
i113,e09,c5,p35,l3,0.00
i113,e11,c5,p10,l3,0.00
i114,e01,c3,p35,l3,0.00
i114,e01,c5,p09,l3,0.00
i114,e01,c5,p10,l3,0.00
i114,e01,c5,p19,l3,0.00
i114,e01,c5,p35,l3,0.00
i114,e04,c3,p35,l3,0.00
i114,e04,c5,p10,l3,0.00
i114,e04,c5,p19,l3,0.00
i114,e04,c5,p35,l3,0.00
i114,e05,c5,p12,l3,0.00
i114,e05,c5,p35,l3,0.00
i114,e09,c3,p35,l3,0.00
i114,e09,c5,p10,l3,0.00
i114,e09,c5,p35,l3,0.00
i115,e02,c5,p35,l3,0.00
i115,e05,c5,p10,l3,0.00
i115,e05,c5,p35,l3,0.00
i115,e13,c5,p10,l3,0.00
i115,e13,c5,p35,l3,0.00
i116,e01,c1,p05,l3,0.00
i116,e01,c1,p10,l3,0.00
i116,e01,c1,p11,l3,0.00
i116,e01,c1,p19,l3,0.00
i116,e01,c1,p35,l3,0.00
i116,e01,c4,p10,l3,0.00
i116,e04,c1,p05,l3,0.00
i116,e04,c1,p10,l3,0.00
i116,e04,c1,p11,l3,0.00
i116,e04,c1,p29,l3,0.00
i116,e04,c1,p35,l3,0.00
i116,e04,c4,p10,l3,0.00
i116,e09,c1,p05,l3,0.00
i116,e09,c1,p10,l3,0.00
i116,e09,c1,p19,l3,0.00
i116,e09,c1,p35,l3,0.00
i116,e09,c4,p10,l3,0.00
i117,e01,c1,p10,l3,0.00
i117,e01,c1,p35,l3,0.00
i117,e04,c1,p10,l1,0.00
i117,e04,c1,p10,l3,0.00
i117,e04,c1,p35,l3,0.00
i117,e07,c1,p10,l2,0.00
i117,e07,c1,p10,l3,0.00
i117,e07,c1,p35,l3,0.00
i117,e08,c1,p10,l3,0.00
i117,e08,c1,p35,l3,0.00
i117,e09,c1,p10,l2,0.00
i117,e09,c1,p10,l3,0.00
i117,e09,c1,p35,l3,0.00
i117,e10,c1,p10,l2,0.00
i117,e10,c1,p10,l3,0.00
i117,e11,c1,p10,l2,0.00
i117,e11,c1,p10,l3,0.00
i117,e11,c1,p35,l3,0.00
i117,e12,c1,p10,l3,0.00
i118,e02,c5,p10,l3,0.00
i118,e02,c5,p12,l3,0.00
i118,e02,c5,p21,l3,0.00
i118,e02,c5,p35,l3,0.00
i118,e05,c5,p01,l3,0.00
i118,e05,c5,p08,l3,0.00
i118,e05,c5,p10,l3,0.00
i118,e05,c5,p11,l3,0.00
i118,e05,c5,p12,l3,0.00
i118,e05,c5,p21,l3,0.00
i118,e05,c5,p28,l3,0.00
i119,e01,c5,p10,l3,0.00
i119,e01,c5,p35,l3,0.00
i119,e04,c5,p35,l3,0.00
i119,e05,c3,p35,l3,0.00
i119,e05,c5,p01,l3,0.00
i119,e05,c5,p10,l3,0.00
i119,e05,c5,p21,l3,0.00
i119,e05,c5,p35,l3,0.00
i119,e09,c5,p10,l3,0.00
i119,e09,c5,p35,l3,0.00
i12,e01,c3,p01,l3,0.00
i12,e01,c3,p03,l3,0.00
i12,e01,c3,p05,l3,0.00
i12,e01,c3,p10,l3,0.00
i12,e01,c3,p12,l3,0.00
i12,e01,c3,p13,l3,0.00
i12,e01,c3,p14,l3,0.00
i12,e01,c3,p16,l3,0.00
i12,e01,c3,p17,l3,0.00
i12,e01,c3,p18,l3,0.00
i12,e01,c3,p19,l3,0.00
i12,e01,c3,p21,l3,0.00
i12,e01,c3,p22,l3,0.00
i12,e01,c3,p28,l3,0.00
i12,e01,c3,p29,l3,0.00
i12,e01,c3,p33,l3,0.00
i12,e01,c3,p35,l3,0.00
i12,e01,c5,p01,l3,0.00
i12,e01,c5,p02,l3,0.00
i12,e01,c5,p03,l3,0.00
i12,e01,c5,p04,l3,0.00
i12,e01,c5,p05,l3,0.00
i12,e01,c5,p06,l3,0.00
i12,e01,c5,p07,l3,0.00
i12,e01,c5,p08,l3,0.00
i12,e01,c5,p09,l3,0.00
i12,e01,c5,p10,l3,0.00
i12,e01,c5,p11,l3,0.00
i12,e01,c5,p12,l3,0.00
i12,e01,c5,p13,l3,0.00
i12,e01,c5,p14,l3,0.00
i12,e01,c5,p15,l3,0.00
i12,e01,c5,p16,l3,0.00
i12,e01,c5,p17,l3,0.00
i12,e01,c5,p18,l3,0.00
i12,e01,c5,p19,l3,0.00
i12,e01,c5,p20,l3,0.00
i12,e01,c5,p21,l3,0.00
i12,e01,c5,p22,l3,0.00
i12,e01,c5,p23,l3,0.00
i12,e01,c5,p24,l3,0.00
i12,e01,c5,p25,l3,0.00
i12,e01,c5,p26,l3,0.00
i12,e01,c5,p27,l3,0.00
i12,e01,c5,p28,l3,0.00
i12,e01,c5,p29,l3,0.00
i12,e01,c5,p30,l3,0.00
i12,e01,c5,p31,l3,0.00
i12,e01,c5,p32,l3,0.00
i12,e01,c5,p33,l3,0.00
i12,e01,c5,p35,l3,0.00
i12,e04,c3,p01,l1,0.00
i12,e04,c3,p01,l3,0.00
i12,e04,c3,p03,l1,0.00
i12,e04,c3,p03,l3,0.00
i12,e04,c3,p05,l3,0.00
i12,e04,c3,p10,l1,0.00
i12,e04,c3,p10,l3,0.00
i12,e04,c3,p11,l3,0.00
i12,e04,c3,p12,l3,0.00
i12,e04,c3,p13,l3,0.00
i12,e04,c3,p14,l3,0.00
i12,e04,c3,p16,l1,0.00
i12,e04,c3,p16,l3,0.00
i12,e04,c3,p17,l3,0.00
i12,e04,c3,p18,l1,0.00
i12,e04,c3,p18,l3,0.00
i12,e04,c3,p19,l1,0.00
i12,e04,c3,p19,l3,0.00
i12,e04,c3,p21,l1,0.00
i12,e04,c3,p21,l3,0.00
i12,e04,c3,p22,l3,0.00
i12,e04,c3,p24,l3,0.00
i12,e04,c3,p28,l3,0.00
i12,e04,c3,p29,l1,0.00
i12,e04,c3,p33,l3,0.00
i12,e04,c3,p35,l3,0.00
i12,e04,c5,p01,l1,0.00
i12,e04,c5,p01,l3,1.61
i12,e04,c5,p02,l1,0.00
i12,e04,c5,p02,l3,0.00
i12,e04,c5,p03,l1,0.00
i12,e04,c5,p03,l3,0.00
i12,e04,c5,p04,l1,0.00
i12,e04,c5,p04,l3,0.00
i12,e04,c5,p05,l1,0.00
i12,e04,c5,p05,l3,0.00
i12,e04,c5,p06,l1,0.00
i12,e04,c5,p06,l3,3.88
i12,e04,c5,p07,l1,0.00
i12,e04,c5,p07,l3,0.00
i12,e04,c5,p08,l1,0.00
i12,e04,c5,p08,l3,0.00
i12,e04,c5,p09,l1,0.00
i12,e04,c5,p09,l3,0.00
i12,e04,c5,p10,l1,0.00
i12,e04,c5,p10,l3,2.09
i12,e04,c5,p11,l1,0.00
i12,e04,c5,p11,l3,0.00
i12,e04,c5,p12,l1,0.00
i12,e04,c5,p12,l3,4.45
i12,e04,c5,p13,l1,0.00
i12,e04,c5,p13,l3,8.04
i12,e04,c5,p14,l1,0.00
i12,e04,c5,p14,l3,0.00
i12,e04,c5,p15,l1,0.00
i12,e04,c5,p15,l3,0.00
i12,e04,c5,p16,l1,0.00
i12,e04,c5,p16,l3,1.04
i12,e04,c5,p17,l1,0.00
i12,e04,c5,p17,l3,4.69
i12,e04,c5,p18,l1,0.00
i12,e04,c5,p18,l3,4.41
i12,e04,c5,p19,l1,0.00
i12,e04,c5,p19,l3,6.42
i12,e04,c5,p20,l1,0.00
i12,e04,c5,p20,l3,0.00
i12,e04,c5,p21,l1,0.00
i12,e04,c5,p21,l3,1.14
i12,e04,c5,p22,l1,0.00
i12,e04,c5,p22,l3,0.00
i12,e04,c5,p23,l1,0.00
i12,e04,c5,p23,l3,2.80
i12,e04,c5,p24,l1,0.00
i12,e04,c5,p24,l3,0.00
i12,e04,c5,p25,l1,0.00
i12,e04,c5,p25,l3,0.00
i12,e04,c5,p26,l1,0.00
i12,e04,c5,p26,l3,0.00
i12,e04,c5,p27,l1,0.00
i12,e04,c5,p27,l3,0.00
i12,e04,c5,p28,l1,0.00
i12,e04,c5,p28,l3,0.00
i12,e04,c5,p29,l1,0.00
i12,e04,c5,p29,l3,3.22
i12,e04,c5,p30,l3,0.00
i12,e04,c5,p31,l1,0.00
i12,e04,c5,p31,l3,0.00
i12,e04,c5,p32,l1,0.00
i12,e04,c5,p32,l3,0.00
i12,e04,c5,p33,l1,0.00
i12,e04,c5,p33,l3,0.00
i12,e04,c5,p35,l1,0.00
i12,e04,c5,p35,l3,0.00
i12,e05,c3,p10,l3,0.00
i12,e05,c3,p12,l3,0.00
i12,e05,c5,p01,l1,0.00
i12,e05,c5,p01,l3,0.00
i12,e05,c5,p03,l1,0.00
i12,e05,c5,p03,l3,0.00
i12,e05,c5,p04,l1,0.00
i12,e05,c5,p04,l3,0.00
i12,e05,c5,p05,l1,0.00
i12,e05,c5,p05,l3,0.00
i12,e05,c5,p06,l3,0.00
i12,e05,c5,p07,l3,0.00
i12,e05,c5,p08,l3,0.00
i12,e05,c5,p09,l3,0.00
i12,e05,c5,p10,l1,0.00
i12,e05,c5,p10,l3,0.00
i12,e05,c5,p11,l1,0.00
i12,e05,c5,p11,l3,0.00
i12,e05,c5,p12,l1,0.00
i12,e05,c5,p12,l3,0.00
i12,e05,c5,p13,l1,0.00
i12,e05,c5,p13,l3,0.00
i12,e05,c5,p14,l3,0.00
i12,e05,c5,p15,l1,0.00
i12,e05,c5,p15,l3,0.00
i12,e05,c5,p16,l1,0.00
i12,e05,c5,p16,l3,0.00
i12,e05,c5,p17,l1,0.00
i12,e05,c5,p17,l3,0.00
i12,e05,c5,p18,l1,0.00
i12,e05,c5,p18,l3,0.00
i12,e05,c5,p19,l1,0.00
i12,e05,c5,p19,l3,0.00
i12,e05,c5,p21,l1,0.00
i12,e05,c5,p21,l3,0.00
i12,e05,c5,p22,l1,0.00
i12,e05,c5,p22,l3,0.00
i12,e05,c5,p23,l3,0.00
i12,e05,c5,p24,l1,0.00
i12,e05,c5,p25,l3,0.00
i12,e05,c5,p28,l3,0.00
i12,e05,c5,p29,l3,0.00
i12,e05,c5,p32,l3,0.00
i12,e05,c5,p35,l1,0.00
i12,e05,c5,p35,l3,0.00
i12,e07,c5,p10,l3,0.00
i12,e07,c5,p13,l3,0.00
i12,e07,c5,p16,l3,0.00
i12,e07,c5,p19,l3,0.00
i12,e07,c5,p28,l2,0.00
i12,e08,c3,p01,l2,0.00
i12,e08,c3,p01,l3,0.00
i12,e08,c3,p03,l2,0.00
i12,e08,c3,p03,l3,0.00
i12,e08,c3,p05,l3,0.00
i12,e08,c3,p10,l2,0.00
i12,e08,c3,p10,l3,0.00
i12,e08,c3,p11,l3,0.00
i12,e08,c3,p12,l3,0.00
i12,e08,c3,p13,l3,0.00
i12,e08,c3,p14,l3,0.00
i12,e08,c3,p16,l2,0.00
i12,e08,c3,p16,l3,0.00
i12,e08,c3,p17,l3,0.00
i12,e08,c3,p18,l2,0.00
i12,e08,c3,p18,l3,0.00
i12,e08,c3,p19,l2,0.00
i12,e08,c3,p19,l3,0.00
i12,e08,c3,p21,l2,0.00
i12,e08,c3,p21,l3,0.00
i12,e08,c3,p22,l3,0.00
i12,e08,c3,p24,l3,0.00
i12,e08,c3,p28,l3,0.00
i12,e08,c3,p29,l2,0.00
i12,e08,c3,p31,l3,0.00
i12,e08,c3,p33,l3,0.00
i12,e08,c3,p35,l3,0.00
i12,e08,c5,p01,l2,0.00
i12,e08,c5,p01,l3,3.02
i12,e08,c5,p02,l2,0.00
i12,e08,c5,p02,l3,0.00
i12,e08,c5,p03,l2,0.00
i12,e08,c5,p03,l3,5.24
i12,e08,c5,p04,l2,0.00
i12,e08,c5,p04,l3,0.00
i12,e08,c5,p05,l2,0.00
i12,e08,c5,p05,l3,4.55
i12,e08,c5,p06,l2,0.00
i12,e08,c5,p06,l3,3.20
i12,e08,c5,p07,l2,0.00
i12,e08,c5,p07,l3,0.00
i12,e08,c5,p08,l2,0.00
i12,e08,c5,p08,l3,0.00
i12,e08,c5,p09,l2,0.00
i12,e08,c5,p09,l3,0.00
i12,e08,c5,p10,l2,0.00
i12,e08,c5,p10,l3,3.36
i12,e08,c5,p11,l2,0.00
i12,e08,c5,p11,l3,5.70
i12,e08,c5,p12,l2,0.00
i12,e08,c5,p12,l3,5.24
i12,e08,c5,p13,l2,0.00
i12,e08,c5,p13,l3,21.21
i12,e08,c5,p14,l2,0.00
i12,e08,c5,p14,l3,0.00
i12,e08,c5,p15,l2,0.00
i12,e08,c5,p15,l3,0.00
i12,e08,c5,p16,l2,0.00
i12,e08,c5,p16,l3,2.03
i12,e08,c5,p17,l2,0.00
i12,e08,c5,p17,l3,3.10
i12,e08,c5,p18,l2,0.00
i12,e08,c5,p18,l3,4.60
i12,e08,c5,p19,l2,0.00
i12,e08,c5,p19,l3,31.25
i12,e08,c5,p20,l2,0.00
i12,e08,c5,p20,l3,0.00
i12,e08,c5,p21,l2,0.00
i12,e08,c5,p21,l3,6.26
i12,e08,c5,p22,l2,0.00
i12,e08,c5,p22,l3,0.00
i12,e08,c5,p23,l2,0.00
i12,e08,c5,p23,l3,2.14
i12,e08,c5,p24,l2,0.00
i12,e08,c5,p24,l3,0.00
i12,e08,c5,p25,l2,0.00
i12,e08,c5,p25,l3,0.00
i12,e08,c5,p26,l2,0.00
i12,e08,c5,p26,l3,0.00
i12,e08,c5,p28,l2,0.00
i12,e08,c5,p28,l3,0.00
i12,e08,c5,p29,l2,0.00
i12,e08,c5,p29,l3,3.43
i12,e08,c5,p30,l3,0.00
i12,e08,c5,p31,l2,0.00
i12,e08,c5,p31,l3,0.00
i12,e08,c5,p32,l2,0.00
i12,e08,c5,p32,l3,0.00
i12,e08,c5,p33,l2,0.00
i12,e08,c5,p33,l3,0.00
i12,e08,c5,p35,l2,0.00
i12,e08,c5,p35,l3,0.00
i12,e09,c3,p01,l2,0.00
i12,e09,c3,p01,l3,0.00
i12,e09,c3,p03,l2,0.00
i12,e09,c3,p03,l3,0.00
i12,e09,c3,p05,l2,0.00
i12,e09,c3,p05,l3,0.00
i12,e09,c3,p10,l2,0.00
i12,e09,c3,p10,l3,0.00
i12,e09,c3,p12,l3,0.00
i12,e09,c3,p13,l3,0.00
i12,e09,c3,p14,l3,0.00
i12,e09,c3,p16,l2,0.00
i12,e09,c3,p16,l3,0.00
i12,e09,c3,p17,l3,0.00
i12,e09,c3,p18,l2,0.00
i12,e09,c3,p18,l3,0.00
i12,e09,c3,p19,l2,0.00
i12,e09,c3,p19,l3,0.00
i12,e09,c3,p21,l2,0.00
i12,e09,c3,p21,l3,0.00
i12,e09,c3,p22,l3,0.00
i12,e09,c3,p28,l3,0.00
i12,e09,c3,p29,l2,0.00
i12,e09,c3,p33,l3,0.00
i12,e09,c3,p35,l3,0.00
i12,e09,c5,p01,l2,0.00
i12,e09,c5,p01,l3,0.00
i12,e09,c5,p02,l2,0.00
i12,e09,c5,p02,l3,0.00
i12,e09,c5,p03,l2,0.00
i12,e09,c5,p03,l3,0.00
i12,e09,c5,p04,l2,0.00
i12,e09,c5,p04,l3,0.00
i12,e09,c5,p05,l2,0.00
i12,e09,c5,p05,l3,0.00
i12,e09,c5,p06,l2,0.00
i12,e09,c5,p06,l3,0.00
i12,e09,c5,p07,l2,0.00
i12,e09,c5,p07,l3,0.00
i12,e09,c5,p08,l2,0.00
i12,e09,c5,p08,l3,0.00
i12,e09,c5,p09,l2,0.00
i12,e09,c5,p09,l3,0.00
i12,e09,c5,p10,l2,0.00
i12,e09,c5,p10,l3,0.00
i12,e09,c5,p11,l2,0.00
i12,e09,c5,p11,l3,0.00
i12,e09,c5,p12,l2,0.00
i12,e09,c5,p12,l3,0.00
i12,e09,c5,p13,l2,0.00
i12,e09,c5,p13,l3,0.00
i12,e09,c5,p14,l2,0.00
i12,e09,c5,p14,l3,0.00
i12,e09,c5,p15,l2,0.00
i12,e09,c5,p15,l3,0.00
i12,e09,c5,p16,l2,0.00
i12,e09,c5,p16,l3,0.00
i12,e09,c5,p17,l2,0.00
i12,e09,c5,p17,l3,0.00
i12,e09,c5,p18,l2,0.00
i12,e09,c5,p18,l3,0.00
i12,e09,c5,p19,l2,0.00
i12,e09,c5,p19,l3,0.00
i12,e09,c5,p20,l2,0.00
i12,e09,c5,p20,l3,0.00
i12,e09,c5,p21,l2,0.00
i12,e09,c5,p21,l3,0.00
i12,e09,c5,p22,l2,0.00
i12,e09,c5,p22,l3,0.00
i12,e09,c5,p23,l2,0.00
i12,e09,c5,p23,l3,0.00
i12,e09,c5,p24,l2,0.00
i12,e09,c5,p24,l3,0.00
i12,e09,c5,p25,l2,0.00
i12,e09,c5,p25,l3,0.00
i12,e09,c5,p26,l2,0.00
i12,e09,c5,p26,l3,0.00
i12,e09,c5,p27,l2,0.00
i12,e09,c5,p27,l3,0.00
i12,e09,c5,p28,l2,0.00
i12,e09,c5,p28,l3,0.00
i12,e09,c5,p29,l2,0.00
i12,e09,c5,p29,l3,0.00
i12,e09,c5,p30,l3,0.00
i12,e09,c5,p31,l2,0.00
i12,e09,c5,p31,l3,0.00
i12,e09,c5,p32,l2,0.00
i12,e09,c5,p32,l3,0.00
i12,e09,c5,p33,l2,0.00
i12,e09,c5,p33,l3,0.00
i12,e09,c5,p35,l2,0.00
i12,e09,c5,p35,l3,0.00
i12,e11,c5,p01,l3,0.00
i12,e11,c5,p13,l3,0.00
i12,e12,c3,p01,l3,0.00
i12,e12,c3,p03,l3,0.00
i12,e12,c3,p10,l3,0.00
i12,e12,c3,p16,l3,0.00
i12,e12,c3,p19,l3,0.00
i12,e12,c3,p35,l3,0.00
i12,e12,c5,p01,l3,0.00
i12,e12,c5,p02,l3,0.00
i12,e12,c5,p03,l3,0.00
i12,e12,c5,p04,l3,0.00
i12,e12,c5,p05,l3,0.00
i12,e12,c5,p06,l3,0.00
i12,e12,c5,p07,l3,0.00
i12,e12,c5,p08,l3,0.00
i12,e12,c5,p09,l3,0.00
i12,e12,c5,p10,l3,0.00
i12,e12,c5,p11,l3,0.00
i12,e12,c5,p12,l3,0.00
i12,e12,c5,p13,l3,0.00
i12,e12,c5,p14,l3,0.00
i12,e12,c5,p15,l3,0.00
i12,e12,c5,p16,l3,0.00
i12,e12,c5,p17,l3,0.00
i12,e12,c5,p18,l3,0.00
i12,e12,c5,p19,l3,0.00
i12,e12,c5,p20,l3,0.00
i12,e12,c5,p21,l3,0.00
i12,e12,c5,p22,l3,0.00
i12,e12,c5,p23,l3,0.00
i12,e12,c5,p24,l3,0.00
i12,e12,c5,p25,l3,0.00
i12,e12,c5,p28,l3,0.00
i12,e12,c5,p29,l3,0.00
i12,e12,c5,p31,l3,0.00
i12,e12,c5,p32,l3,0.00
i12,e12,c5,p33,l3,0.00
i12,e12,c5,p35,l3,0.00
i120,e01,c5,p10,l3,0.00
i120,e01,c5,p35,l3,0.00
i120,e03,c5,p10,l3,0.00
i120,e03,c5,p35,l3,0.00
i120,e04,c5,p10,l3,0.00
i120,e04,c5,p35,l3,0.00
i120,e05,c5,p10,l3,0.00
i120,e05,c5,p35,l3,0.00
i120,e08,c5,p10,l3,0.00
i120,e08,c5,p35,l3,0.00
i120,e09,c5,p10,l3,0.00
i120,e12,c5,p10,l3,0.00
i120,e12,c5,p35,l3,0.00
i121,e01,c3,p01,l3,0.00
i121,e01,c5,p01,l3,0.00
i121,e01,c5,p02,l3,0.00
i121,e01,c5,p03,l3,0.00
i121,e01,c5,p07,l3,0.00
i121,e01,c5,p10,l3,0.00
i121,e01,c5,p11,l3,0.00
i121,e01,c5,p12,l3,0.00
i121,e01,c5,p14,l3,0.00
i121,e01,c5,p15,l3,0.00
i121,e01,c5,p17,l3,0.00
i121,e01,c5,p19,l3,0.00
i121,e01,c5,p21,l3,0.00
i121,e01,c5,p35,l3,0.00
i121,e04,c3,p01,l3,0.00
i121,e04,c5,p02,l3,0.00
i121,e04,c5,p03,l3,0.00
i121,e04,c5,p04,l1,0.00
i121,e04,c5,p05,l3,0.00
i121,e04,c5,p07,l3,0.00
i121,e04,c5,p09,l3,0.00
i121,e04,c5,p10,l1,0.00
i121,e04,c5,p10,l3,0.00
i121,e04,c5,p11,l1,0.00
i121,e04,c5,p11,l3,0.00
i121,e04,c5,p14,l3,0.00
i121,e04,c5,p15,l1,0.00
i121,e04,c5,p19,l3,0.00
i121,e04,c5,p21,l1,0.00
i121,e04,c5,p21,l3,0.00
i121,e04,c5,p22,l3,0.00
i121,e04,c5,p29,l3,0.00
i121,e04,c5,p35,l1,0.00
i121,e04,c5,p35,l3,0.00
i121,e05,c5,p01,l3,0.00
i121,e05,c5,p02,l1,0.00
i121,e05,c5,p02,l3,0.00
i121,e05,c5,p10,l3,0.00
i121,e05,c5,p14,l3,0.00
i121,e08,c3,p01,l3,0.00
i121,e08,c5,p01,l2,0.00
i121,e08,c5,p01,l3,0.00
i121,e08,c5,p02,l2,0.00
i121,e08,c5,p02,l3,0.00
i121,e08,c5,p03,l2,0.00
i121,e08,c5,p03,l3,0.00
i121,e08,c5,p04,l2,0.00
i121,e08,c5,p07,l3,0.00
i121,e08,c5,p09,l3,0.00
i121,e08,c5,p10,l2,0.00
i121,e08,c5,p10,l3,0.00
i121,e08,c5,p11,l2,0.00
i121,e08,c5,p11,l3,0.00
i121,e08,c5,p12,l3,0.00
i121,e08,c5,p13,l3,0.00
i121,e08,c5,p14,l2,0.00
i121,e08,c5,p14,l3,0.00
i121,e08,c5,p15,l2,0.00
i121,e08,c5,p17,l3,0.00
i121,e08,c5,p18,l3,0.00
i121,e08,c5,p19,l3,0.00
i121,e08,c5,p20,l3,0.00
i121,e08,c5,p21,l2,0.00
i121,e08,c5,p21,l3,0.00
i121,e08,c5,p22,l3,0.00
i121,e08,c5,p29,l3,0.00
i121,e08,c5,p35,l2,0.00
i121,e08,c5,p35,l3,0.00
i121,e09,c3,p01,l3,0.00
i121,e09,c5,p01,l2,0.00
i121,e09,c5,p01,l3,0.00
i121,e09,c5,p02,l3,0.00
i121,e09,c5,p03,l3,0.00
i121,e09,c5,p04,l2,0.00
i121,e09,c5,p05,l3,0.00
i121,e09,c5,p07,l3,0.00
i121,e09,c5,p10,l2,0.00
i121,e09,c5,p10,l3,0.00
i121,e09,c5,p11,l2,0.00
i121,e09,c5,p11,l3,0.00
i121,e09,c5,p12,l3,0.00
i121,e09,c5,p13,l3,0.00
i121,e09,c5,p14,l3,0.00
i121,e09,c5,p19,l3,0.00
i121,e09,c5,p22,l3,0.00
i121,e09,c5,p35,l3,0.00
i121,e12,c5,p01,l3,0.00
i121,e12,c5,p02,l3,0.00
i121,e12,c5,p03,l3,0.00
i121,e12,c5,p07,l3,0.00
i121,e12,c5,p09,l3,0.00
i121,e12,c5,p10,l3,0.00
i121,e12,c5,p11,l3,0.00
i121,e12,c5,p12,l3,0.00
i121,e12,c5,p13,l3,0.00
i121,e12,c5,p14,l3,0.00
i121,e12,c5,p17,l3,0.00
i121,e12,c5,p19,l3,0.00
i121,e12,c5,p20,l3,0.00
i121,e12,c5,p21,l3,0.00
i121,e12,c5,p22,l3,0.00
i121,e12,c5,p28,l3,0.00
i121,e12,c5,p29,l3,0.00
i121,e12,c5,p35,l3,0.00
i122,e05,c5,p05,l3,0.00
i122,e05,c5,p11,l3,0.00
i122,e05,c5,p15,l3,0.00
i122,e05,c5,p35,l3,0.00
i123,e01,c3,p02,l3,0.00
i123,e01,c3,p03,l3,0.00
i123,e01,c3,p11,l3,0.00
i123,e01,c3,p29,l3,0.00
i123,e01,c3,p35,l3,0.00
i123,e01,c5,p01,l3,0.00
i123,e01,c5,p02,l3,0.00
i123,e01,c5,p03,l3,0.00
i123,e01,c5,p04,l3,0.00
i123,e01,c5,p05,l3,0.00
i123,e01,c5,p06,l3,0.00
i123,e01,c5,p07,l3,0.00
i123,e01,c5,p08,l3,0.00
i123,e01,c5,p09,l3,0.00
i123,e01,c5,p10,l3,0.00
i123,e01,c5,p11,l3,0.00
i123,e01,c5,p12,l3,0.00
i123,e01,c5,p14,l3,0.00
i123,e01,c5,p15,l3,0.00
i123,e01,c5,p16,l3,0.00
i123,e01,c5,p17,l3,0.00
i123,e01,c5,p18,l3,0.00
i123,e01,c5,p19,l3,0.00
i123,e01,c5,p20,l3,0.00
i123,e01,c5,p21,l3,0.00
i123,e01,c5,p22,l3,0.00
i123,e01,c5,p23,l3,0.00
i123,e01,c5,p24,l3,0.00
i123,e01,c5,p25,l3,0.00
i123,e01,c5,p28,l3,0.00
i123,e01,c5,p29,l3,0.00
i123,e01,c5,p32,l3,0.00
i123,e01,c5,p35,l3,0.00
i123,e04,c3,p01,l3,0.00
i123,e04,c3,p02,l3,0.00
i123,e04,c3,p03,l3,0.00
i123,e04,c3,p07,l3,0.00
i123,e04,c3,p11,l3,0.00
i123,e04,c3,p29,l3,0.00
i123,e04,c3,p35,l3,0.00
i123,e04,c5,p01,l3,0.00
i123,e04,c5,p02,l3,0.00
i123,e04,c5,p03,l3,0.00
i123,e04,c5,p04,l3,0.00
i123,e04,c5,p05,l3,0.00
i123,e04,c5,p06,l3,0.00
i123,e04,c5,p07,l3,0.00
i123,e04,c5,p08,l3,0.00
i123,e04,c5,p09,l3,0.00
i123,e04,c5,p10,l3,0.00
i123,e04,c5,p11,l3,0.00
i123,e04,c5,p12,l3,0.00
i123,e04,c5,p14,l3,0.00
i123,e04,c5,p15,l3,0.00
i123,e04,c5,p16,l3,0.00
i123,e04,c5,p17,l3,0.00
i123,e04,c5,p19,l3,0.00
i123,e04,c5,p20,l3,0.00
i123,e04,c5,p21,l3,0.00
i123,e04,c5,p22,l3,0.00
i123,e04,c5,p23,l3,0.00
i123,e04,c5,p24,l3,0.00
i123,e04,c5,p25,l3,0.00
i123,e04,c5,p28,l3,0.00
i123,e04,c5,p29,l3,0.00
i123,e04,c5,p35,l3,0.00
i123,e09,c3,p01,l3,0.00
i123,e09,c3,p02,l3,0.00
i123,e09,c3,p03,l3,0.00
i123,e09,c3,p05,l3,0.00
i123,e09,c3,p11,l3,0.00
i123,e09,c3,p16,l3,0.00
i123,e09,c3,p29,l3,0.00
i123,e09,c3,p35,l3,0.00
i123,e09,c5,p01,l3,0.00
i123,e09,c5,p02,l3,0.00
i123,e09,c5,p03,l3,0.00
i123,e09,c5,p04,l3,0.00
i123,e09,c5,p05,l3,0.00
i123,e09,c5,p06,l3,0.00
i123,e09,c5,p07,l3,0.00
i123,e09,c5,p08,l3,0.00
i123,e09,c5,p09,l3,0.00
i123,e09,c5,p10,l3,0.00
i123,e09,c5,p11,l3,0.00
i123,e09,c5,p12,l3,0.00
i123,e09,c5,p14,l3,0.00
i123,e09,c5,p15,l3,0.00
i123,e09,c5,p16,l3,0.00
i123,e09,c5,p17,l3,0.00
i123,e09,c5,p18,l3,0.00
i123,e09,c5,p19,l3,0.00
i123,e09,c5,p20,l3,0.00
i123,e09,c5,p21,l3,0.00
i123,e09,c5,p22,l3,0.00
i123,e09,c5,p23,l3,0.00
i123,e09,c5,p24,l3,0.00
i123,e09,c5,p25,l3,0.00
i123,e09,c5,p28,l3,0.00
i123,e09,c5,p29,l3,0.00
i123,e09,c5,p32,l3,0.00
i123,e09,c5,p35,l3,0.00
i124,e05,c5,p10,l3,0.00
i124,e08,c3,p01,l3,0.00
i124,e08,c3,p04,l2,0.00
i124,e08,c3,p04,l3,0.00
i124,e08,c3,p05,l3,0.00
i124,e08,c3,p10,l2,0.00
i124,e08,c3,p10,l3,0.00
i124,e08,c3,p12,l2,0.00
i124,e08,c3,p12,l3,0.00
i124,e08,c3,p13,l2,0.00
i124,e08,c3,p15,l2,0.00
i124,e08,c3,p15,l3,0.00
i124,e08,c3,p16,l2,0.00
i124,e08,c3,p16,l3,0.00
i124,e08,c3,p19,l3,0.00
i124,e08,c3,p21,l2,0.00
i124,e08,c3,p21,l3,0.00
i124,e08,c3,p22,l2,0.00
i124,e08,c3,p22,l3,0.00
i124,e08,c3,p28,l2,0.00
i124,e08,c3,p28,l3,0.00
i124,e08,c3,p35,l3,0.00
i124,e08,c5,p10,l3,0.00
i124,e11,c3,p04,l3,0.00
i124,e11,c3,p16,l2,0.00
i124,e11,c3,p16,l3,0.00
i125,e02,c3,p10,l1,0.00
i125,e02,c3,p10,l3,0.00
i125,e02,c3,p35,l3,0.00
i125,e05,c3,p01,l3,0.00
i125,e05,c3,p08,l3,0.00
i125,e05,c3,p10,l1,0.00
i125,e05,c3,p10,l3,0.00
i125,e05,c3,p11,l3,0.00
i125,e05,c3,p16,l3,0.00
i125,e05,c3,p35,l1,0.00
i125,e05,c3,p35,l3,0.00
i125,e05,c5,p10,l3,0.00
i126,e01,c5,p10,l3,0.00
i126,e01,c5,p11,l3,0.00
i126,e01,c5,p35,l3,0.00
i126,e04,c5,p11,l3,0.00
i126,e04,c5,p12,l3,0.00
i126,e04,c5,p13,l3,0.00
i126,e04,c5,p35,l3,0.00
i126,e05,c5,p35,l3,0.00
i126,e08,c5,p04,l3,0.00
i126,e08,c5,p10,l3,0.00
i126,e08,c5,p11,l2,0.00
i126,e08,c5,p11,l3,0.00
i126,e08,c5,p12,l2,0.00
i126,e08,c5,p12,l3,0.00
i126,e08,c5,p13,l3,0.00
i126,e08,c5,p16,l3,0.00
i126,e08,c5,p19,l3,0.00
i126,e08,c5,p21,l3,0.00
i126,e08,c5,p35,l2,0.00
i126,e08,c5,p35,l3,0.00
i126,e09,c5,p10,l3,0.00
i126,e09,c5,p11,l3,0.00
i126,e09,c5,p13,l3,0.00
i126,e09,c5,p35,l3,0.00
i126,e12,c5,p10,l3,0.00
i127,e01,c5,p10,l3,0.00
i127,e01,c5,p13,l3,0.00
i127,e01,c5,p25,l3,0.00
i127,e01,c5,p35,l3,0.00
i127,e02,c5,p04,l3,0.00
i127,e02,c5,p06,l3,0.00
i127,e02,c5,p19,l1,0.00
i127,e02,c5,p19,l3,0.00
i127,e02,c5,p35,l1,0.00
i127,e02,c5,p35,l3,0.00
i127,e04,c5,p09,l3,0.00
i127,e04,c5,p24,l3,0.00
i127,e04,c5,p35,l3,0.00
i127,e05,c3,p19,l3,0.00
i127,e05,c5,p01,l3,0.00
i127,e05,c5,p06,l3,0.00
i127,e05,c5,p13,l3,0.00
i127,e05,c5,p16,l1,0.00
i127,e05,c5,p19,l1,0.00
i127,e05,c5,p19,l3,0.00
i127,e05,c5,p21,l3,0.00
i127,e05,c5,p28,l3,0.00
i127,e05,c5,p35,l1,0.00
i127,e05,c5,p35,l3,0.00
i127,e08,c5,p09,l3,0.00
i127,e08,c5,p10,l3,0.00
i127,e08,c5,p22,l3,0.00
i127,e08,c5,p24,l3,0.00
i127,e08,c5,p35,l3,0.00
i128,e05,c3,p10,l3,0.00
i128,e05,c3,p19,l3,0.00
i129,e01,c5,p01,l3,0.00
i129,e01,c5,p02,l3,0.00
i129,e01,c5,p03,l3,0.00
i129,e01,c5,p04,l3,0.00
i129,e01,c5,p05,l3,0.00
i129,e01,c5,p06,l3,0.00
i129,e01,c5,p09,l3,0.00
i129,e01,c5,p10,l3,0.00
i129,e01,c5,p15,l3,0.00
i129,e01,c5,p16,l3,0.00
i129,e01,c5,p23,l3,0.00
i129,e01,c5,p24,l3,0.00
i129,e01,c5,p29,l3,0.00
i129,e01,c5,p35,l3,0.00
i129,e04,c5,p01,l3,0.00
i129,e04,c5,p02,l3,0.00
i129,e04,c5,p03,l3,0.00
i129,e04,c5,p04,l3,0.00
i129,e04,c5,p05,l3,0.00
i129,e04,c5,p06,l3,0.00
i129,e04,c5,p09,l3,0.00
i129,e04,c5,p10,l3,0.00
i129,e04,c5,p15,l3,0.00
i129,e04,c5,p16,l3,0.00
i129,e04,c5,p23,l3,0.00
i129,e04,c5,p24,l3,0.00
i129,e04,c5,p35,l3,0.00
i129,e05,c5,p01,l3,0.00
i129,e05,c5,p16,l3,0.00
i129,e08,c5,p01,l3,0.00
i129,e08,c5,p02,l3,0.00
i129,e08,c5,p03,l3,0.00
i129,e08,c5,p04,l3,0.00
i129,e08,c5,p05,l3,0.00
i129,e08,c5,p06,l3,0.00
i129,e08,c5,p09,l3,0.00
i129,e08,c5,p10,l3,0.00
i129,e08,c5,p15,l3,0.00
i129,e08,c5,p16,l3,0.00
i129,e08,c5,p23,l3,0.00
i129,e08,c5,p24,l3,0.00
i129,e08,c5,p29,l3,0.00
i129,e08,c5,p35,l3,0.00
i129,e09,c5,p01,l3,0.00
i129,e09,c5,p04,l3,0.00
i129,e09,c5,p09,l3,0.00
i129,e09,c5,p10,l3,0.00
i129,e09,c5,p15,l3,0.00
i129,e09,c5,p16,l3,0.00
i129,e09,c5,p23,l3,0.00
i129,e09,c5,p24,l3,0.00
i129,e09,c5,p35,l3,0.00
i129,e11,c5,p02,l3,0.00
i13,e01,c3,p01,l3,0.00
i13,e01,c3,p02,l3,0.00
i13,e01,c3,p03,l3,0.00
i13,e01,c3,p04,l3,0.00
i13,e01,c3,p05,l3,0.00
i13,e01,c3,p10,l3,0.00
i13,e01,c3,p11,l3,0.00
i13,e01,c3,p13,l3,0.00
i13,e01,c3,p15,l3,0.00
i13,e01,c3,p16,l3,0.00
i13,e01,c3,p17,l3,0.00
i13,e01,c3,p19,l3,0.00
i13,e01,c3,p21,l3,0.00
i13,e01,c3,p29,l3,0.00
i13,e01,c3,p35,l3,0.00
i13,e01,c5,p01,l3,0.00
i13,e01,c5,p02,l3,0.00
i13,e01,c5,p03,l3,0.00
i13,e01,c5,p04,l3,0.00
i13,e01,c5,p05,l3,0.00
i13,e01,c5,p06,l3,0.00
i13,e01,c5,p07,l3,0.00
i13,e01,c5,p08,l3,0.00
i13,e01,c5,p09,l3,0.00
i13,e01,c5,p10,l3,0.00
i13,e01,c5,p11,l3,0.00
i13,e01,c5,p12,l3,0.00
i13,e01,c5,p13,l3,0.00
i13,e01,c5,p14,l3,0.00
i13,e01,c5,p15,l3,0.00
i13,e01,c5,p16,l3,0.00
i13,e01,c5,p17,l3,0.00
i13,e01,c5,p18,l3,0.00
i13,e01,c5,p19,l3,0.00
i13,e01,c5,p20,l3,0.00
i13,e01,c5,p21,l3,0.00
i13,e01,c5,p22,l3,0.00
i13,e01,c5,p23,l3,0.00
i13,e01,c5,p24,l3,0.00
i13,e01,c5,p25,l3,0.00
i13,e01,c5,p26,l3,0.00
i13,e01,c5,p28,l3,0.00
i13,e01,c5,p29,l3,0.00
i13,e01,c5,p30,l3,0.00
i13,e01,c5,p31,l3,0.00
i13,e01,c5,p32,l3,0.00
i13,e01,c5,p33,l3,0.00
i13,e01,c5,p35,l3,0.00
i13,e02,c3,p01,l3,0.00
i13,e02,c3,p24,l3,0.00
i13,e02,c5,p01,l3,0.00
i13,e02,c5,p02,l3,0.00
i13,e02,c5,p03,l3,0.00
i13,e02,c5,p04,l3,0.00
i13,e02,c5,p05,l3,0.00
i13,e02,c5,p06,l3,0.00
i13,e02,c5,p07,l3,0.00
i13,e02,c5,p08,l3,0.00
i13,e02,c5,p09,l3,0.00
i13,e02,c5,p10,l3,0.00
i13,e02,c5,p11,l3,0.00
i13,e02,c5,p12,l3,0.00
i13,e02,c5,p14,l3,0.00
i13,e02,c5,p15,l3,0.00
i13,e02,c5,p16,l3,0.00
i13,e02,c5,p17,l3,0.00
i13,e02,c5,p18,l3,0.00
i13,e02,c5,p19,l3,0.00
i13,e02,c5,p21,l3,0.00
i13,e02,c5,p22,l3,0.00
i13,e02,c5,p24,l3,0.00
i13,e02,c5,p29,l3,0.00
i13,e02,c5,p32,l3,0.00
i13,e02,c5,p35,l3,0.00
i13,e03,c3,p01,l3,0.00
i13,e03,c3,p02,l3,0.00
i13,e03,c3,p03,l3,0.00
i13,e03,c3,p04,l3,0.00
i13,e03,c3,p05,l3,0.00
i13,e03,c3,p06,l3,0.00
i13,e03,c3,p07,l3,0.00
i13,e03,c3,p08,l3,0.00
i13,e03,c3,p09,l3,0.00
i13,e03,c3,p10,l3,0.00
i13,e03,c3,p11,l3,0.00
i13,e03,c3,p12,l3,0.00
i13,e03,c3,p13,l3,0.00
i13,e03,c3,p14,l3,0.00
i13,e03,c3,p15,l3,0.00
i13,e03,c3,p16,l3,0.00
i13,e03,c3,p17,l3,0.00
i13,e03,c3,p18,l3,0.00
i13,e03,c3,p19,l3,0.00
i13,e03,c3,p20,l3,0.00
i13,e03,c3,p21,l3,0.00
i13,e03,c3,p23,l3,0.00
i13,e03,c3,p24,l3,0.00
i13,e03,c3,p28,l3,0.00
i13,e03,c3,p29,l3,0.00
i13,e03,c3,p31,l3,0.00
i13,e03,c3,p32,l3,0.00
i13,e03,c3,p35,l3,0.00
i13,e03,c5,p01,l3,0.00
i13,e03,c5,p02,l3,0.00
i13,e03,c5,p03,l3,0.00
i13,e03,c5,p04,l3,0.00
i13,e03,c5,p05,l3,0.00
i13,e03,c5,p06,l3,0.00
i13,e03,c5,p07,l3,0.00
i13,e03,c5,p08,l3,0.00
i13,e03,c5,p09,l3,0.00
i13,e03,c5,p10,l3,0.00
i13,e03,c5,p11,l3,0.00
i13,e03,c5,p12,l3,0.00
i13,e03,c5,p13,l3,0.00
i13,e03,c5,p14,l3,0.00
i13,e03,c5,p15,l3,0.00
i13,e03,c5,p16,l3,0.00
i13,e03,c5,p17,l3,0.00
i13,e03,c5,p18,l3,0.00
i13,e03,c5,p19,l3,0.00
i13,e03,c5,p20,l3,0.00
i13,e03,c5,p21,l3,0.00
i13,e03,c5,p22,l3,0.00
i13,e03,c5,p23,l3,0.00
i13,e03,c5,p24,l3,0.00
i13,e03,c5,p25,l3,0.00
i13,e03,c5,p26,l3,0.00
i13,e03,c5,p28,l3,0.00
i13,e03,c5,p29,l3,0.00
i13,e03,c5,p30,l3,0.00
i13,e03,c5,p31,l3,0.00
i13,e03,c5,p32,l3,0.00
i13,e03,c5,p33,l3,0.00
i13,e03,c5,p35,l3,0.00
i13,e04,c3,p01,l3,0.00
i13,e04,c3,p02,l3,0.00
i13,e04,c3,p03,l3,0.00
i13,e04,c3,p04,l3,0.00
i13,e04,c3,p08,l3,0.00
i13,e04,c3,p10,l3,0.00
i13,e04,c3,p12,l3,0.00
i13,e04,c3,p13,l3,0.00
i13,e04,c3,p14,l3,0.00
i13,e04,c3,p16,l3,0.00
i13,e04,c3,p17,l3,0.00
i13,e04,c3,p19,l3,0.00
i13,e04,c3,p21,l3,0.00
i13,e04,c3,p24,l3,0.00
i13,e04,c3,p29,l3,0.00
i13,e04,c3,p35,l3,0.00
i13,e04,c5,p01,l3,0.00
i13,e04,c5,p02,l3,0.00
i13,e04,c5,p03,l3,0.00
i13,e04,c5,p04,l3,0.00
i13,e04,c5,p05,l3,0.00
i13,e04,c5,p06,l3,0.00
i13,e04,c5,p07,l3,0.00
i13,e04,c5,p08,l3,0.00
i13,e04,c5,p09,l3,0.00
i13,e04,c5,p10,l3,1.54
i13,e04,c5,p11,l3,0.00
i13,e04,c5,p12,l3,0.00
i13,e04,c5,p13,l3,1.51
i13,e04,c5,p14,l3,0.00
i13,e04,c5,p15,l3,0.00
i13,e04,c5,p16,l3,0.00
i13,e04,c5,p17,l3,0.00
i13,e04,c5,p18,l3,0.00
i13,e04,c5,p19,l3,0.00
i13,e04,c5,p20,l3,0.00
i13,e04,c5,p21,l3,0.00
i13,e04,c5,p22,l3,0.00
i13,e04,c5,p23,l3,0.00
i13,e04,c5,p24,l3,0.00
i13,e04,c5,p25,l3,0.00
i13,e04,c5,p26,l3,0.00
i13,e04,c5,p28,l3,0.00
i13,e04,c5,p29,l3,0.00
i13,e04,c5,p30,l3,0.00
i13,e04,c5,p31,l3,0.00
i13,e04,c5,p32,l3,0.00
i13,e04,c5,p33,l3,0.00
i13,e04,c5,p35,l3,0.00
i13,e05,c3,p01,l3,0.00
i13,e05,c3,p07,l3,0.00
i13,e05,c3,p10,l3,0.00
i13,e05,c3,p13,l3,0.00
i13,e05,c3,p17,l3,0.00
i13,e05,c3,p19,l3,0.00
i13,e05,c3,p21,l3,0.00
i13,e05,c3,p24,l3,0.00
i13,e05,c3,p35,l3,0.00
i13,e05,c5,p01,l3,0.00
i13,e05,c5,p02,l3,0.00
i13,e05,c5,p03,l3,0.00
i13,e05,c5,p04,l3,0.00
i13,e05,c5,p05,l3,0.00
i13,e05,c5,p06,l3,0.00
i13,e05,c5,p07,l3,0.00
i13,e05,c5,p08,l3,0.00
i13,e05,c5,p09,l3,0.00
i13,e05,c5,p10,l3,0.00
i13,e05,c5,p11,l3,0.00
i13,e05,c5,p12,l3,0.00
i13,e05,c5,p13,l3,0.00
i13,e05,c5,p14,l3,0.00
i13,e05,c5,p15,l3,0.00
i13,e05,c5,p16,l3,0.00
i13,e05,c5,p17,l3,0.00
i13,e05,c5,p18,l3,0.00
i13,e05,c5,p19,l3,0.00
i13,e05,c5,p20,l3,0.00
i13,e05,c5,p21,l3,0.00
i13,e05,c5,p22,l3,0.00
i13,e05,c5,p23,l3,0.00
i13,e05,c5,p24,l3,0.00
i13,e05,c5,p25,l3,0.00
i13,e05,c5,p26,l3,0.00
i13,e05,c5,p28,l3,0.00
i13,e05,c5,p29,l3,0.00
i13,e05,c5,p30,l3,0.00
i13,e05,c5,p31,l3,0.00
i13,e05,c5,p32,l3,0.00
i13,e05,c5,p35,l3,0.00
i13,e07,c3,p35,l3,0.00
i13,e07,c5,p01,l3,0.00
i13,e07,c5,p03,l3,0.00
i13,e07,c5,p04,l3,0.00
i13,e07,c5,p05,l3,0.00
i13,e07,c5,p06,l3,0.00
i13,e07,c5,p07,l3,0.00
i13,e07,c5,p08,l3,0.00
i13,e07,c5,p09,l3,0.00
i13,e07,c5,p10,l3,0.00
i13,e07,c5,p11,l3,0.00
i13,e07,c5,p12,l3,0.00
i13,e07,c5,p13,l3,0.00
i13,e07,c5,p15,l3,0.00
i13,e07,c5,p16,l3,0.00
i13,e07,c5,p17,l3,0.00
i13,e07,c5,p19,l3,0.00
i13,e07,c5,p21,l3,0.00
i13,e07,c5,p24,l3,0.00
i13,e07,c5,p28,l3,0.00
i13,e07,c5,p31,l3,0.00
i13,e07,c5,p35,l3,0.00
i13,e08,c3,p01,l3,0.00
i13,e08,c3,p02,l3,0.00
i13,e08,c3,p03,l3,0.00
i13,e08,c3,p04,l3,0.00
i13,e08,c3,p05,l3,0.00
i13,e08,c3,p06,l3,0.00
i13,e08,c3,p07,l3,0.00
i13,e08,c3,p08,l3,0.00
i13,e08,c3,p09,l3,0.00
i13,e08,c3,p10,l3,0.00
i13,e08,c3,p11,l3,0.00
i13,e08,c3,p12,l3,0.00
i13,e08,c3,p13,l3,0.00
i13,e08,c3,p14,l3,0.00
i13,e08,c3,p15,l3,0.00
i13,e08,c3,p16,l3,0.00
i13,e08,c3,p17,l3,0.00
i13,e08,c3,p18,l3,0.00
i13,e08,c3,p19,l3,0.00
i13,e08,c3,p21,l3,0.00
i13,e08,c3,p23,l3,0.00
i13,e08,c3,p24,l3,0.00
i13,e08,c3,p28,l3,0.00
i13,e08,c3,p29,l3,0.00
i13,e08,c3,p31,l3,0.00
i13,e08,c3,p32,l3,0.00
i13,e08,c3,p35,l3,0.00
i13,e08,c5,p01,l3,0.00
i13,e08,c5,p02,l3,0.00
i13,e08,c5,p03,l3,4.11
i13,e08,c5,p04,l3,0.00
i13,e08,c5,p05,l3,0.00
i13,e08,c5,p06,l3,6.29
i13,e08,c5,p07,l3,0.00
i13,e08,c5,p08,l3,0.00
i13,e08,c5,p09,l3,11.05
i13,e08,c5,p10,l3,7.20
i13,e08,c5,p11,l3,0.00
i13,e08,c5,p12,l3,0.00
i13,e08,c5,p13,l3,3.91
i13,e08,c5,p14,l3,5.30
i13,e08,c5,p15,l3,0.00
i13,e08,c5,p16,l3,1.09
i13,e08,c5,p17,l3,0.00
i13,e08,c5,p18,l3,5.23
i13,e08,c5,p19,l3,0.00
i13,e08,c5,p20,l3,0.00
i13,e08,c5,p21,l3,1.82
i13,e08,c5,p22,l3,0.00
i13,e08,c5,p23,l3,0.00
i13,e08,c5,p24,l3,0.00
i13,e08,c5,p25,l3,0.00
i13,e08,c5,p26,l3,0.00
i13,e08,c5,p28,l3,0.00
i13,e08,c5,p29,l3,0.00
i13,e08,c5,p30,l3,0.00
i13,e08,c5,p31,l3,0.00
i13,e08,c5,p32,l3,0.00
i13,e08,c5,p33,l3,0.00
i13,e08,c5,p35,l3,0.00
i13,e09,c3,p01,l3,0.00
i13,e09,c3,p02,l3,0.00
i13,e09,c3,p03,l3,0.00
i13,e09,c3,p04,l3,0.00
i13,e09,c3,p08,l3,0.00
i13,e09,c3,p09,l3,0.00
i13,e09,c3,p10,l3,0.00
i13,e09,c3,p12,l3,0.00
i13,e09,c3,p13,l3,0.00
i13,e09,c3,p15,l3,0.00
i13,e09,c3,p17,l3,0.00
i13,e09,c3,p19,l3,0.00
i13,e09,c3,p21,l3,0.00
i13,e09,c3,p35,l3,0.00
i13,e09,c5,p01,l3,0.00
i13,e09,c5,p02,l3,0.00
i13,e09,c5,p03,l3,0.00
i13,e09,c5,p04,l3,0.00
i13,e09,c5,p05,l3,0.00
i13,e09,c5,p06,l3,0.00
i13,e09,c5,p07,l3,0.00
i13,e09,c5,p08,l3,0.00
i13,e09,c5,p09,l3,0.00
i13,e09,c5,p10,l3,0.00
i13,e09,c5,p11,l3,0.00
i13,e09,c5,p12,l3,0.00
i13,e09,c5,p13,l3,0.00
i13,e09,c5,p14,l3,0.00
i13,e09,c5,p15,l3,0.00
i13,e09,c5,p16,l3,0.00
i13,e09,c5,p17,l3,0.00
i13,e09,c5,p18,l3,0.00
i13,e09,c5,p19,l3,0.00
i13,e09,c5,p20,l3,0.00
i13,e09,c5,p21,l3,0.00
i13,e09,c5,p22,l3,0.00
i13,e09,c5,p23,l3,0.00
i13,e09,c5,p24,l3,0.00
i13,e09,c5,p25,l3,0.00
i13,e09,c5,p26,l3,0.00
i13,e09,c5,p28,l3,0.00
i13,e09,c5,p29,l3,0.00
i13,e09,c5,p30,l3,0.00
i13,e09,c5,p31,l3,0.00
i13,e09,c5,p32,l3,0.00
i13,e09,c5,p33,l3,0.00
i13,e09,c5,p35,l3,0.00
i13,e10,c3,p01,l3,0.00
i13,e10,c3,p02,l3,0.00
i13,e10,c3,p05,l3,0.00
i13,e10,c3,p06,l3,0.00
i13,e10,c3,p10,l3,0.00
i13,e10,c3,p13,l3,0.00
i13,e10,c3,p15,l3,0.00
i13,e10,c3,p19,l3,0.00
i13,e10,c3,p21,l3,0.00
i13,e10,c3,p35,l3,0.00
i13,e10,c5,p01,l3,0.00
i13,e10,c5,p02,l3,0.00
i13,e10,c5,p03,l3,0.00
i13,e10,c5,p04,l3,0.00
i13,e10,c5,p05,l3,0.00
i13,e10,c5,p06,l3,0.00
i13,e10,c5,p07,l3,0.00
i13,e10,c5,p08,l3,0.00
i13,e10,c5,p09,l3,0.00
i13,e10,c5,p10,l3,0.00
i13,e10,c5,p11,l3,0.00
i13,e10,c5,p12,l3,0.00
i13,e10,c5,p13,l3,0.00
i13,e10,c5,p14,l3,0.00
i13,e10,c5,p15,l3,0.00
i13,e10,c5,p16,l3,0.00
i13,e10,c5,p17,l3,0.00
i13,e10,c5,p18,l3,0.00
i13,e10,c5,p19,l3,0.00
i13,e10,c5,p20,l3,0.00
i13,e10,c5,p21,l3,0.00
i13,e10,c5,p22,l3,0.00
i13,e10,c5,p23,l3,0.00
i13,e10,c5,p24,l3,0.00
i13,e10,c5,p25,l3,0.00
i13,e10,c5,p26,l3,0.00
i13,e10,c5,p28,l3,0.00
i13,e10,c5,p29,l3,0.00
i13,e10,c5,p30,l3,0.00
i13,e10,c5,p31,l3,0.00
i13,e10,c5,p32,l3,0.00
i13,e10,c5,p33,l3,0.00
i13,e10,c5,p35,l3,0.00
i13,e11,c3,p01,l3,0.00
i13,e11,c3,p02,l3,0.00
i13,e11,c3,p03,l3,0.00
i13,e11,c3,p04,l3,0.00
i13,e11,c3,p05,l3,0.00
i13,e11,c3,p06,l3,0.00
i13,e11,c3,p07,l3,0.00
i13,e11,c3,p08,l3,0.00
i13,e11,c3,p09,l3,0.00
i13,e11,c3,p10,l3,0.00
i13,e11,c3,p11,l3,0.00
i13,e11,c3,p12,l3,0.00
i13,e11,c3,p13,l3,0.00
i13,e11,c3,p14,l3,0.00
i13,e11,c3,p15,l3,0.00
i13,e11,c3,p16,l3,0.00
i13,e11,c3,p17,l3,0.00
i13,e11,c3,p18,l3,0.00
i13,e11,c3,p19,l3,0.00
i13,e11,c3,p21,l3,0.00
i13,e11,c3,p23,l3,0.00
i13,e11,c3,p24,l3,0.00
i13,e11,c3,p28,l3,0.00
i13,e11,c3,p29,l3,0.00
i13,e11,c3,p32,l3,0.00
i13,e11,c3,p35,l3,0.00
i13,e11,c5,p01,l3,0.00
i13,e11,c5,p02,l3,0.00
i13,e11,c5,p03,l3,0.00
i13,e11,c5,p04,l3,0.00
i13,e11,c5,p05,l3,3.73
i13,e11,c5,p06,l3,0.00
i13,e11,c5,p07,l3,0.00
i13,e11,c5,p08,l3,0.00
i13,e11,c5,p09,l3,3.25
i13,e11,c5,p10,l3,25.07
i13,e11,c5,p11,l3,0.00
i13,e11,c5,p12,l3,0.00
i13,e11,c5,p13,l3,0.00
i13,e11,c5,p14,l3,0.00
i13,e11,c5,p15,l3,2.04
i13,e11,c5,p16,l3,0.00
i13,e11,c5,p17,l3,0.00
i13,e11,c5,p18,l3,3.34
i13,e11,c5,p19,l3,0.00
i13,e11,c5,p20,l3,0.00
i13,e11,c5,p21,l3,0.00
i13,e11,c5,p22,l3,0.00
i13,e11,c5,p23,l3,0.00
i13,e11,c5,p24,l3,0.00
i13,e11,c5,p25,l3,0.00
i13,e11,c5,p26,l3,0.00
i13,e11,c5,p28,l3,1.03
i13,e11,c5,p29,l3,0.00
i13,e11,c5,p30,l3,0.00
i13,e11,c5,p31,l3,0.00
i13,e11,c5,p32,l3,0.00
i13,e11,c5,p33,l3,0.00
i13,e11,c5,p35,l3,0.00
i13,e12,c3,p01,l3,0.00
i13,e12,c3,p02,l3,0.00
i13,e12,c3,p03,l3,0.00
i13,e12,c3,p05,l3,0.00
i13,e12,c3,p06,l3,0.00
i13,e12,c3,p10,l3,0.00
i13,e12,c3,p11,l3,0.00
i13,e12,c3,p12,l3,0.00
i13,e12,c3,p13,l3,0.00
i13,e12,c3,p14,l3,0.00
i13,e12,c3,p15,l3,0.00
i13,e12,c3,p16,l3,0.00
i13,e12,c3,p17,l3,0.00
i13,e12,c3,p19,l3,0.00
i13,e12,c3,p21,l3,0.00
i13,e12,c3,p24,l3,0.00
i13,e12,c3,p28,l3,0.00
i13,e12,c3,p29,l3,0.00
i13,e12,c3,p32,l3,0.00
i13,e12,c3,p35,l3,0.00
i13,e12,c5,p01,l3,0.00
i13,e12,c5,p02,l3,0.00
i13,e12,c5,p03,l3,0.00
i13,e12,c5,p04,l3,0.00
i13,e12,c5,p05,l3,0.00
i13,e12,c5,p06,l3,0.00
i13,e12,c5,p07,l3,0.00
i13,e12,c5,p08,l3,0.00
i13,e12,c5,p09,l3,0.00
i13,e12,c5,p10,l3,0.00
i13,e12,c5,p11,l3,0.00
i13,e12,c5,p12,l3,0.00
i13,e12,c5,p13,l3,0.00
i13,e12,c5,p14,l3,0.00
i13,e12,c5,p15,l3,0.00
i13,e12,c5,p16,l3,0.00
i13,e12,c5,p17,l3,0.00
i13,e12,c5,p18,l3,0.00
i13,e12,c5,p19,l3,0.00
i13,e12,c5,p20,l3,0.00
i13,e12,c5,p21,l3,0.00
i13,e12,c5,p22,l3,0.00
i13,e12,c5,p23,l3,0.00
i13,e12,c5,p24,l3,0.00
i13,e12,c5,p25,l3,0.00
i13,e12,c5,p26,l3,0.00
i13,e12,c5,p28,l3,0.00
i13,e12,c5,p29,l3,0.00
i13,e12,c5,p30,l3,0.00
i13,e12,c5,p31,l3,0.00
i13,e12,c5,p32,l3,0.00
i13,e12,c5,p33,l3,0.00
i13,e12,c5,p35,l3,0.00
i13,e13,c5,p07,l3,0.00
i13,e13,c5,p22,l3,0.00
i130,e01,c5,p01,l3,0.00
i130,e01,c5,p10,l3,0.00
i130,e01,c5,p21,l3,0.00
i130,e01,c5,p24,l3,0.00
i130,e01,c5,p26,l3,0.00
i130,e02,c5,p35,l3,0.00
i130,e04,c5,p01,l3,0.00
i130,e04,c5,p10,l3,0.00
i130,e04,c5,p21,l3,0.00
i130,e04,c5,p24,l3,0.00
i130,e04,c5,p26,l3,0.00
i130,e05,c5,p01,l3,0.00
i130,e05,c5,p10,l3,0.00
i130,e05,c5,p16,l3,0.00
i130,e05,c5,p26,l3,0.00
i130,e05,c5,p35,l3,0.00
i130,e08,c5,p01,l3,0.00
i130,e08,c5,p05,l3,0.00
i130,e08,c5,p10,l3,0.00
i130,e08,c5,p16,l3,0.00
i130,e08,c5,p17,l3,0.00
i130,e08,c5,p21,l3,0.00
i130,e08,c5,p24,l3,0.00
i130,e08,c5,p25,l3,0.00
i130,e08,c5,p26,l3,0.00
i130,e08,c5,p35,l3,0.00
i130,e09,c5,p24,l3,0.00
i130,e09,c5,p26,l3,0.00
i130,e09,c5,p35,l3,0.00
i130,e11,c5,p01,l3,0.00
i130,e11,c5,p10,l3,0.00
i130,e11,c5,p26,l3,0.00
i130,e11,c5,p35,l3,0.00
i130,e13,c5,p10,l3,0.00
i130,e13,c5,p35,l3,0.00
i131,e05,c3,p02,l3,0.00
i131,e05,c3,p05,l3,0.00
i131,e05,c3,p10,l3,0.00
i131,e05,c3,p11,l3,0.00
i131,e05,c3,p12,l1,0.00
i131,e05,c3,p12,l3,0.00
i131,e05,c3,p16,l1,0.00
i131,e05,c3,p16,l3,0.00
i131,e05,c3,p17,l3,0.00
i131,e05,c3,p19,l3,0.00
i131,e05,c3,p29,l1,0.00
i131,e05,c3,p29,l3,0.00
i131,e05,c3,p35,l1,0.00
i131,e05,c3,p35,l3,0.00
i131,e05,c5,p02,l3,0.00
i131,e05,c5,p05,l3,0.00
i131,e05,c5,p06,l3,0.00
i131,e05,c5,p07,l3,0.00
i131,e05,c5,p10,l3,0.00
i131,e05,c5,p12,l1,0.00
i131,e05,c5,p12,l3,0.00
i131,e05,c5,p14,l1,0.00
i131,e05,c5,p14,l3,0.00
i131,e05,c5,p15,l3,0.00
i131,e05,c5,p16,l1,0.00
i131,e05,c5,p16,l3,0.00
i131,e05,c5,p17,l3,0.00
i131,e05,c5,p19,l1,0.00
i131,e05,c5,p19,l3,0.00
i131,e05,c5,p21,l3,0.00
i131,e05,c5,p22,l3,0.00
i131,e05,c5,p23,l3,0.00
i131,e05,c5,p24,l3,0.00
i131,e05,c5,p25,l3,0.00
i131,e05,c5,p27,l1,0.00
i131,e05,c5,p29,l3,0.00
i131,e05,c5,p35,l1,0.00
i131,e05,c5,p35,l3,0.00
i132,e01,c1,p35,l3,0.00
i132,e01,c4,p35,l3,0.00
i132,e01,c7,p35,l3,0.00
i132,e04,c1,p35,l1,0.00
i132,e04,c1,p35,l3,0.00
i132,e04,c4,p35,l1,0.00
i132,e04,c4,p35,l3,0.00
i132,e04,c7,p35,l3,0.00
i132,e05,c1,p35,l1,0.00
i132,e05,c1,p35,l3,0.00
i132,e05,c4,p35,l3,0.00
i132,e09,c1,p35,l2,0.00
i132,e09,c1,p35,l3,0.00
i132,e09,c4,p35,l2,0.00
i132,e09,c4,p35,l3,0.00
i132,e09,c7,p35,l3,0.00
i132,e12,c1,p35,l3,0.00
i132,e12,c4,p35,l3,0.00
i133,e01,c3,p10,l3,0.00
i133,e01,c3,p35,l3,0.00
i133,e04,c3,p10,l1,0.00
i133,e04,c3,p10,l3,0.00
i133,e04,c3,p35,l3,0.00
i133,e09,c3,p10,l2,0.00
i133,e09,c3,p10,l3,0.00
i133,e09,c3,p35,l3,0.00
i134,e01,c1,p10,l3,0.00
i134,e04,c1,p10,l3,0.00
i134,e05,c1,p10,l3,0.00
i134,e08,c1,p10,l3,0.00
i134,e09,c1,p10,l3,0.00
i135,e02,c5,p35,l3,0.00
i135,e05,c5,p10,l3,0.00
i135,e05,c5,p35,l3,0.00
i136,e01,c1,p01,l3,0.00
i136,e01,c1,p02,l3,0.00
i136,e01,c1,p03,l3,0.00
i136,e01,c1,p04,l3,0.00
i136,e01,c1,p05,l3,0.00
i136,e01,c1,p07,l3,0.00
i136,e01,c1,p09,l3,0.00
i136,e01,c1,p10,l3,0.00
i136,e01,c1,p11,l3,0.00
i136,e01,c1,p12,l3,0.00
i136,e01,c1,p13,l3,0.00
i136,e01,c1,p14,l3,0.00
i136,e01,c1,p15,l3,0.00
i136,e01,c1,p17,l3,0.00
i136,e01,c1,p18,l3,0.00
i136,e01,c1,p19,l3,0.00
i136,e01,c1,p22,l3,0.00
i136,e01,c1,p23,l3,0.00
i136,e01,c1,p24,l3,0.00
i136,e01,c1,p28,l3,0.00
i136,e01,c1,p29,l3,0.00
i136,e01,c1,p32,l3,0.00
i136,e04,c1,p01,l3,0.00
i136,e04,c1,p02,l3,0.00
i136,e04,c1,p03,l3,0.00
i136,e04,c1,p07,l3,0.00
i136,e04,c1,p09,l3,0.00
i136,e04,c1,p10,l3,0.00
i136,e04,c1,p11,l3,0.00
i136,e04,c1,p12,l3,0.00
i136,e04,c1,p13,l3,0.00
i136,e04,c1,p14,l3,0.00
i136,e04,c1,p15,l3,0.00
i136,e04,c1,p17,l3,0.00
i136,e04,c1,p19,l3,0.00
i136,e04,c1,p22,l3,0.00
i136,e04,c1,p23,l3,0.00
i136,e04,c1,p24,l3,0.00
i136,e04,c1,p28,l3,0.00
i136,e04,c1,p29,l3,0.00
i136,e04,c1,p32,l3,0.00
i136,e04,c1,p35,l3,0.00
i136,e05,c1,p01,l3,0.00
i136,e05,c1,p02,l3,0.00
i136,e05,c1,p03,l3,0.00
i136,e05,c1,p04,l3,0.00
i136,e05,c1,p05,l3,0.00
i136,e05,c1,p07,l3,0.00
i136,e05,c1,p09,l3,0.00
i136,e05,c1,p10,l3,0.00
i136,e05,c1,p11,l3,0.00
i136,e05,c1,p12,l3,0.00
i136,e05,c1,p13,l3,0.00
i136,e05,c1,p14,l3,0.00
i136,e05,c1,p15,l3,0.00
i136,e05,c1,p17,l3,0.00
i136,e05,c1,p18,l3,0.00
i136,e05,c1,p19,l3,0.00
i136,e05,c1,p21,l3,0.00
i136,e05,c1,p22,l3,0.00
i136,e05,c1,p23,l3,0.00
i136,e05,c1,p24,l3,0.00
i136,e05,c1,p28,l3,0.00
i136,e05,c1,p29,l3,0.00
i136,e05,c1,p32,l3,0.00
i136,e05,c1,p35,l3,0.00
i136,e09,c1,p01,l3,0.00
i136,e09,c1,p02,l3,0.00
i136,e09,c1,p03,l3,0.00
i136,e09,c1,p05,l3,0.00
i136,e09,c1,p07,l3,0.00
i136,e09,c1,p09,l3,0.00
i136,e09,c1,p10,l3,0.00
i136,e09,c1,p11,l3,0.00
i136,e09,c1,p12,l3,0.00
i136,e09,c1,p13,l3,0.00
i136,e09,c1,p14,l3,0.00
i136,e09,c1,p15,l3,0.00
i136,e09,c1,p17,l3,0.00
i136,e09,c1,p18,l3,0.00
i136,e09,c1,p19,l3,0.00
i136,e09,c1,p22,l3,0.00
i136,e09,c1,p23,l3,0.00
i136,e09,c1,p24,l3,0.00
i136,e09,c1,p28,l3,0.00
i136,e09,c1,p29,l3,0.00
i136,e09,c1,p32,l3,0.00
i136,e09,c1,p35,l3,0.00
i136,e13,c1,p01,l3,0.00
i136,e13,c1,p03,l3,0.00
i136,e13,c1,p10,l3,0.00
i136,e13,c1,p11,l3,0.00
i136,e13,c1,p19,l3,0.00
i136,e13,c1,p28,l3,0.00
i137,e05,c3,p35,l3,0.00
i138,e05,c3,p35,l1,0.00
i138,e05,c3,p35,l3,0.00
i138,e11,c3,p35,l3,0.00
i139,e02,c3,p35,l1,0.00
i139,e02,c3,p35,l3,0.00
i139,e02,c5,p10,l3,0.00
i139,e02,c5,p35,l1,0.00
i139,e02,c5,p35,l3,0.00
i139,e05,c3,p35,l1,0.00
i139,e05,c3,p35,l3,0.00
i139,e05,c5,p01,l3,0.00
i139,e05,c5,p07,l3,0.00
i139,e05,c5,p10,l3,0.00
i139,e05,c5,p15,l3,0.00
i139,e05,c5,p19,l3,0.00
i139,e05,c5,p23,l3,0.00
i139,e05,c5,p24,l3,0.00
i139,e05,c5,p28,l3,0.00
i139,e05,c5,p35,l1,0.00
i139,e05,c5,p35,l3,0.00
i14,e01,c3,p01,l3,0.00
i14,e01,c3,p02,l3,0.00
i14,e01,c3,p03,l3,0.00
i14,e01,c3,p04,l3,0.00
i14,e01,c3,p05,l3,0.00
i14,e01,c3,p06,l3,0.00
i14,e01,c3,p07,l3,0.00
i14,e01,c3,p08,l3,0.00
i14,e01,c3,p09,l3,0.00
i14,e01,c3,p10,l3,0.00
i14,e01,c3,p11,l3,0.00
i14,e01,c3,p12,l3,0.00
i14,e01,c3,p13,l3,0.00
i14,e01,c3,p14,l3,0.00
i14,e01,c3,p15,l3,0.00
i14,e01,c3,p16,l3,0.00
i14,e01,c3,p17,l3,0.00
i14,e01,c3,p18,l3,0.00
i14,e01,c3,p19,l3,0.00
i14,e01,c3,p20,l3,0.00
i14,e01,c3,p21,l3,0.00
i14,e01,c3,p22,l3,0.00
i14,e01,c3,p23,l3,0.00
i14,e01,c3,p24,l3,0.00
i14,e01,c3,p25,l3,0.00
i14,e01,c3,p26,l3,0.00
i14,e01,c3,p28,l3,0.00
i14,e01,c3,p29,l3,0.00
i14,e01,c3,p30,l3,0.00
i14,e01,c3,p31,l3,0.00
i14,e01,c3,p32,l3,0.00
i14,e01,c3,p33,l3,0.00
i14,e01,c3,p34,l3,0.00
i14,e01,c3,p35,l3,0.00
i14,e01,c5,p01,l3,0.00
i14,e01,c5,p02,l3,1.13
i14,e01,c5,p03,l3,0.00
i14,e01,c5,p04,l3,0.00
i14,e01,c5,p05,l3,3.16
i14,e01,c5,p06,l3,0.00
i14,e01,c5,p07,l3,80.13
i14,e01,c5,p08,l3,0.00
i14,e01,c5,p09,l3,2.41
i14,e01,c5,p10,l3,3.27
i14,e01,c5,p11,l3,3.09
i14,e01,c5,p12,l3,0.00
i14,e01,c5,p13,l3,0.00
i14,e01,c5,p14,l3,0.00
i14,e01,c5,p15,l3,3.31
i14,e01,c5,p16,l3,0.00
i14,e01,c5,p17,l3,3.81
i14,e01,c5,p18,l3,0.00
i14,e01,c5,p19,l3,3.01
i14,e01,c5,p20,l3,0.00
i14,e01,c5,p21,l3,0.00
i14,e01,c5,p22,l3,0.00
i14,e01,c5,p23,l3,0.00
i14,e01,c5,p24,l3,5.12
i14,e01,c5,p25,l3,0.00
i14,e01,c5,p26,l3,0.00
i14,e01,c5,p27,l3,0.00
i14,e01,c5,p28,l3,0.00
i14,e01,c5,p29,l3,2.06
i14,e01,c5,p30,l3,0.00
i14,e01,c5,p31,l3,0.00
i14,e01,c5,p32,l3,0.00
i14,e01,c5,p33,l3,0.00
i14,e01,c5,p34,l3,0.00
i14,e01,c5,p35,l3,12.75
i14,e01,c8,p02,l3,0.00
i14,e01,c8,p03,l3,0.00
i14,e01,c8,p04,l3,0.00
i14,e01,c8,p07,l3,0.00
i14,e01,c8,p08,l3,0.00
i14,e01,c8,p10,l3,0.00
i14,e01,c8,p15,l3,0.00
i14,e01,c8,p17,l3,0.00
i14,e01,c8,p18,l3,0.00
i14,e01,c8,p19,l3,0.00
i14,e01,c8,p21,l3,0.00
i14,e01,c8,p22,l3,0.00
i14,e01,c8,p28,l3,0.00
i14,e01,c8,p35,l3,0.00
i14,e02,c3,p01,l1,0.00
i14,e02,c3,p01,l3,0.00
i14,e02,c3,p02,l1,0.00
i14,e02,c3,p02,l3,0.00
i14,e02,c3,p03,l1,0.00
i14,e02,c3,p03,l3,0.00
i14,e02,c3,p04,l1,0.00
i14,e02,c3,p04,l3,0.00
i14,e02,c3,p05,l1,0.00
i14,e02,c3,p05,l3,0.00
i14,e02,c3,p06,l1,0.00
i14,e02,c3,p06,l3,0.00
i14,e02,c3,p07,l1,0.00
i14,e02,c3,p07,l3,0.00
i14,e02,c3,p08,l1,0.00
i14,e02,c3,p08,l3,0.00
i14,e02,c3,p09,l1,0.00
i14,e02,c3,p09,l3,0.00
i14,e02,c3,p10,l1,0.00
i14,e02,c3,p10,l3,0.00
i14,e02,c3,p11,l1,0.00
i14,e02,c3,p11,l3,0.00
i14,e02,c3,p12,l1,0.00
i14,e02,c3,p12,l3,0.00
i14,e02,c3,p13,l1,0.00
i14,e02,c3,p13,l3,0.00
i14,e02,c3,p14,l3,0.00
i14,e02,c3,p15,l1,0.00
i14,e02,c3,p15,l3,0.00
i14,e02,c3,p16,l1,0.00
i14,e02,c3,p16,l3,0.00
i14,e02,c3,p17,l3,0.00
i14,e02,c3,p18,l1,0.00
i14,e02,c3,p18,l3,0.00
i14,e02,c3,p19,l1,0.00
i14,e02,c3,p19,l3,0.00
i14,e02,c3,p20,l1,0.00
i14,e02,c3,p20,l3,0.00
i14,e02,c3,p21,l1,0.00
i14,e02,c3,p21,l3,0.00
i14,e02,c3,p22,l1,0.00
i14,e02,c3,p22,l3,0.00
i14,e02,c3,p23,l3,0.00
i14,e02,c3,p24,l1,0.00
i14,e02,c3,p24,l3,0.00
i14,e02,c3,p25,l3,0.00
i14,e02,c3,p26,l3,0.00
i14,e02,c3,p28,l1,0.00
i14,e02,c3,p28,l3,0.00
i14,e02,c3,p29,l1,0.00
i14,e02,c3,p29,l3,0.00
i14,e02,c3,p30,l3,0.00
i14,e02,c3,p31,l3,0.00
i14,e02,c3,p32,l1,0.00
i14,e02,c3,p32,l3,0.00
i14,e02,c3,p33,l3,0.00
i14,e02,c3,p35,l1,0.00
i14,e02,c3,p35,l3,0.00
i14,e02,c5,p01,l1,0.00
i14,e02,c5,p01,l3,0.00
i14,e02,c5,p02,l1,0.00
i14,e02,c5,p02,l3,0.00
i14,e02,c5,p03,l1,0.00
i14,e02,c5,p03,l3,0.00
i14,e02,c5,p04,l1,0.00
i14,e02,c5,p04,l3,0.00
i14,e02,c5,p05,l1,0.00
i14,e02,c5,p05,l3,0.00
i14,e02,c5,p06,l1,0.00
i14,e02,c5,p06,l3,0.00
i14,e02,c5,p07,l1,0.00
i14,e02,c5,p07,l3,0.00
i14,e02,c5,p08,l1,0.00
i14,e02,c5,p08,l3,0.00
i14,e02,c5,p09,l1,0.00
i14,e02,c5,p09,l3,0.00
i14,e02,c5,p10,l1,0.00
i14,e02,c5,p10,l3,0.00
i14,e02,c5,p11,l1,0.00
i14,e02,c5,p11,l3,0.00
i14,e02,c5,p12,l1,0.00
i14,e02,c5,p12,l3,0.00
i14,e02,c5,p13,l1,0.00
i14,e02,c5,p13,l3,0.00
i14,e02,c5,p14,l1,0.00
i14,e02,c5,p14,l3,0.00
i14,e02,c5,p15,l1,0.00
i14,e02,c5,p15,l3,0.00
i14,e02,c5,p16,l1,0.00
i14,e02,c5,p16,l3,0.00
i14,e02,c5,p17,l1,0.00
i14,e02,c5,p17,l3,0.00
i14,e02,c5,p18,l1,0.00
i14,e02,c5,p18,l3,0.00
i14,e02,c5,p19,l1,0.00
i14,e02,c5,p19,l3,0.00
i14,e02,c5,p20,l1,0.00
i14,e02,c5,p20,l3,0.00
i14,e02,c5,p21,l1,0.00
i14,e02,c5,p21,l3,0.00
i14,e02,c5,p22,l1,0.00
i14,e02,c5,p22,l3,0.00
i14,e02,c5,p23,l1,0.00
i14,e02,c5,p23,l3,0.00
i14,e02,c5,p24,l1,0.00
i14,e02,c5,p24,l3,0.00
i14,e02,c5,p25,l1,0.00
i14,e02,c5,p25,l3,0.00
i14,e02,c5,p26,l1,0.00
i14,e02,c5,p26,l3,0.00
i14,e02,c5,p28,l1,0.00
i14,e02,c5,p28,l3,0.00
i14,e02,c5,p29,l1,0.00
i14,e02,c5,p29,l3,0.00
i14,e02,c5,p30,l1,0.00
i14,e02,c5,p30,l3,0.00
i14,e02,c5,p31,l1,0.00
i14,e02,c5,p31,l3,0.00
i14,e02,c5,p32,l1,0.00
i14,e02,c5,p32,l3,0.00
i14,e02,c5,p33,l1,0.00
i14,e02,c5,p33,l3,0.00
i14,e02,c5,p35,l1,0.00
i14,e02,c5,p35,l3,0.00
i14,e02,c8,p35,l3,0.00
i14,e04,c3,p01,l1,0.00
i14,e04,c3,p01,l3,0.00
i14,e04,c3,p02,l1,0.00
i14,e04,c3,p02,l3,0.00
i14,e04,c3,p03,l1,0.00
i14,e04,c3,p03,l3,0.00
i14,e04,c3,p04,l1,0.00
i14,e04,c3,p04,l3,0.00
i14,e04,c3,p05,l1,0.00
i14,e04,c3,p05,l3,0.00
i14,e04,c3,p06,l1,0.00
i14,e04,c3,p06,l3,1.40
i14,e04,c3,p07,l1,0.00
i14,e04,c3,p07,l3,3.25
i14,e04,c3,p08,l1,0.00
i14,e04,c3,p08,l3,0.00
i14,e04,c3,p09,l1,0.00
i14,e04,c3,p09,l3,0.00
i14,e04,c3,p10,l1,0.00
i14,e04,c3,p10,l3,4.93
i14,e04,c3,p11,l1,0.00
i14,e04,c3,p11,l3,2.05
i14,e04,c3,p12,l1,0.00
i14,e04,c3,p12,l3,0.00
i14,e04,c3,p13,l1,0.00
i14,e04,c3,p13,l3,0.00
i14,e04,c3,p14,l1,0.00
i14,e04,c3,p14,l3,0.00
i14,e04,c3,p15,l1,0.00
i14,e04,c3,p15,l3,0.00
i14,e04,c3,p16,l1,0.00
i14,e04,c3,p16,l3,0.00
i14,e04,c3,p17,l1,0.00
i14,e04,c3,p17,l3,0.00
i14,e04,c3,p18,l1,0.00
i14,e04,c3,p18,l3,0.00
i14,e04,c3,p19,l1,0.00
i14,e04,c3,p19,l3,1.53
i14,e04,c3,p20,l1,0.00
i14,e04,c3,p20,l3,0.00
i14,e04,c3,p21,l1,0.00
i14,e04,c3,p21,l3,0.00
i14,e04,c3,p22,l1,0.00
i14,e04,c3,p22,l3,0.00
i14,e04,c3,p23,l1,0.00
i14,e04,c3,p23,l3,0.00
i14,e04,c3,p24,l1,0.00
i14,e04,c3,p24,l3,0.00
i14,e04,c3,p25,l1,0.00
i14,e04,c3,p25,l3,0.00
i14,e04,c3,p26,l1,0.00
i14,e04,c3,p26,l3,0.00
i14,e04,c3,p28,l1,0.00
i14,e04,c3,p28,l3,0.00
i14,e04,c3,p29,l1,0.00
i14,e04,c3,p29,l3,0.00
i14,e04,c3,p30,l1,0.00
i14,e04,c3,p30,l3,0.00
i14,e04,c3,p31,l1,0.00
i14,e04,c3,p31,l3,0.00
i14,e04,c3,p32,l1,0.00
i14,e04,c3,p32,l3,0.00
i14,e04,c3,p33,l1,0.00
i14,e04,c3,p33,l3,0.00
i14,e04,c3,p34,l3,0.00
i14,e04,c3,p35,l1,0.00
i14,e04,c3,p35,l3,0.00
i14,e04,c5,p01,l1,0.00
i14,e04,c5,p01,l3,5.70
i14,e04,c5,p02,l1,0.00
i14,e04,c5,p02,l3,10.32
i14,e04,c5,p03,l1,0.00
i14,e04,c5,p03,l3,0.00
i14,e04,c5,p04,l1,0.00
i14,e04,c5,p04,l3,7.37
i14,e04,c5,p05,l1,0.00
i14,e04,c5,p05,l3,71.29
i14,e04,c5,p06,l1,0.00
i14,e04,c5,p06,l3,6.27
i14,e04,c5,p07,l1,0.00
i14,e04,c5,p07,l3,2.99
i14,e04,c5,p08,l1,0.00
i14,e04,c5,p08,l3,120.63
i14,e04,c5,p09,l1,0.00
i14,e04,c5,p09,l3,2.23
i14,e04,c5,p10,l1,0.00
i14,e04,c5,p10,l3,70.16
i14,e04,c5,p11,l1,0.00
i14,e04,c5,p11,l3,7.27
i14,e04,c5,p12,l1,0.00
i14,e04,c5,p12,l3,0.00
i14,e04,c5,p13,l1,0.00
i14,e04,c5,p13,l3,1.12
i14,e04,c5,p14,l1,0.00
i14,e04,c5,p14,l3,0.00
i14,e04,c5,p15,l1,0.00
i14,e04,c5,p15,l3,16.07
i14,e04,c5,p16,l1,0.00
i14,e04,c5,p16,l3,0.00
i14,e04,c5,p17,l1,0.00
i14,e04,c5,p17,l3,9.15
i14,e04,c5,p18,l1,0.00
i14,e04,c5,p18,l3,3.09
i14,e04,c5,p19,l1,0.00
i14,e04,c5,p19,l3,5.75
i14,e04,c5,p20,l1,0.00
i14,e04,c5,p20,l3,3.43
i14,e04,c5,p21,l1,0.00
i14,e04,c5,p21,l3,136.91
i14,e04,c5,p22,l1,0.00
i14,e04,c5,p22,l3,0.00
i14,e04,c5,p23,l1,0.00
i14,e04,c5,p23,l3,0.00
i14,e04,c5,p24,l1,0.00
i14,e04,c5,p24,l3,77.01
i14,e04,c5,p25,l1,0.00
i14,e04,c5,p25,l3,3.43
i14,e04,c5,p26,l1,0.00
i14,e04,c5,p26,l3,0.00
i14,e04,c5,p27,l3,0.00
i14,e04,c5,p28,l1,0.00
i14,e04,c5,p28,l3,0.00
i14,e04,c5,p29,l1,0.00
i14,e04,c5,p29,l3,9.03
i14,e04,c5,p30,l1,0.00
i14,e04,c5,p30,l3,1.07
i14,e04,c5,p31,l1,0.00
i14,e04,c5,p31,l3,0.00
i14,e04,c5,p32,l1,0.00
i14,e04,c5,p32,l3,0.00
i14,e04,c5,p33,l1,0.00
i14,e04,c5,p33,l3,0.00
i14,e04,c5,p34,l3,0.00
i14,e04,c5,p35,l1,0.00
i14,e04,c5,p35,l3,93.09
i14,e04,c8,p01,l3,0.00
i14,e04,c8,p02,l3,0.00
i14,e04,c8,p03,l3,0.00
i14,e04,c8,p04,l3,0.00
i14,e04,c8,p07,l3,0.00
i14,e04,c8,p08,l3,0.00
i14,e04,c8,p09,l3,0.00
i14,e04,c8,p10,l3,0.00
i14,e04,c8,p15,l3,0.00
i14,e04,c8,p17,l3,0.00
i14,e04,c8,p19,l1,0.00
i14,e04,c8,p19,l3,0.00
i14,e04,c8,p21,l3,0.00
i14,e04,c8,p22,l3,0.00
i14,e04,c8,p24,l3,0.00
i14,e04,c8,p29,l3,0.00
i14,e04,c8,p35,l3,0.00
i14,e05,c3,p01,l1,0.00
i14,e05,c3,p01,l3,0.00
i14,e05,c3,p02,l1,0.00
i14,e05,c3,p02,l3,0.00
i14,e05,c3,p03,l1,0.00
i14,e05,c3,p03,l3,0.00
i14,e05,c3,p04,l1,0.00
i14,e05,c3,p04,l3,0.00
i14,e05,c3,p05,l1,0.00
i14,e05,c3,p05,l3,0.00
i14,e05,c3,p06,l1,0.00
i14,e05,c3,p06,l3,0.00
i14,e05,c3,p07,l1,0.00
i14,e05,c3,p07,l3,0.00
i14,e05,c3,p08,l1,0.00
i14,e05,c3,p08,l3,0.00
i14,e05,c3,p09,l1,0.00
i14,e05,c3,p09,l3,0.00
i14,e05,c3,p10,l1,0.00
i14,e05,c3,p10,l3,0.00
i14,e05,c3,p11,l1,0.00
i14,e05,c3,p11,l3,0.00
i14,e05,c3,p12,l1,0.00
i14,e05,c3,p12,l3,0.00
i14,e05,c3,p13,l1,0.00
i14,e05,c3,p13,l3,0.00
i14,e05,c3,p14,l1,0.00
i14,e05,c3,p14,l3,0.00
i14,e05,c3,p15,l1,0.00
i14,e05,c3,p15,l3,0.00
i14,e05,c3,p16,l1,0.00
i14,e05,c3,p16,l3,0.00
i14,e05,c3,p17,l1,0.00
i14,e05,c3,p17,l3,0.00
i14,e05,c3,p18,l1,0.00
i14,e05,c3,p18,l3,0.00
i14,e05,c3,p19,l1,0.00
i14,e05,c3,p19,l3,28.14
i14,e05,c3,p20,l1,0.00
i14,e05,c3,p20,l3,0.00
i14,e05,c3,p21,l1,0.00
i14,e05,c3,p21,l3,0.00
i14,e05,c3,p22,l1,0.00
i14,e05,c3,p22,l3,0.00
i14,e05,c3,p23,l1,0.00
i14,e05,c3,p23,l3,0.00
i14,e05,c3,p24,l1,0.00
i14,e05,c3,p24,l3,0.00
i14,e05,c3,p25,l1,0.00
i14,e05,c3,p25,l3,0.00
i14,e05,c3,p26,l1,0.00
i14,e05,c3,p26,l3,0.00
i14,e05,c3,p27,l3,0.00
i14,e05,c3,p28,l1,0.00
i14,e05,c3,p28,l3,0.00
i14,e05,c3,p29,l1,0.00
i14,e05,c3,p29,l3,0.00
i14,e05,c3,p30,l3,0.00
i14,e05,c3,p31,l3,0.00
i14,e05,c3,p32,l1,0.00
i14,e05,c3,p32,l3,0.00
i14,e05,c3,p33,l1,0.00
i14,e05,c3,p33,l3,0.00
i14,e05,c3,p34,l3,0.00
i14,e05,c3,p35,l1,0.00
i14,e05,c3,p35,l3,0.00
i14,e05,c5,p01,l1,0.00
i14,e05,c5,p01,l3,0.00
i14,e05,c5,p02,l1,0.00
i14,e05,c5,p02,l3,0.00
i14,e05,c5,p03,l1,0.00
i14,e05,c5,p03,l3,1.48
i14,e05,c5,p04,l1,0.00
i14,e05,c5,p04,l3,0.00
i14,e05,c5,p05,l1,0.00
i14,e05,c5,p05,l3,1.21
i14,e05,c5,p06,l1,0.00
i14,e05,c5,p06,l3,0.00
i14,e05,c5,p07,l1,0.00
i14,e05,c5,p07,l3,0.00
i14,e05,c5,p08,l1,0.00
i14,e05,c5,p08,l3,0.00
i14,e05,c5,p09,l1,0.00
i14,e05,c5,p09,l3,0.00
i14,e05,c5,p10,l1,0.00
i14,e05,c5,p10,l3,0.00
i14,e05,c5,p11,l1,0.00
i14,e05,c5,p11,l3,0.00
i14,e05,c5,p12,l1,0.00
i14,e05,c5,p12,l3,0.00
i14,e05,c5,p13,l1,0.00
i14,e05,c5,p13,l3,0.00
i14,e05,c5,p14,l1,0.00
i14,e05,c5,p14,l3,0.00
i14,e05,c5,p15,l1,0.00
i14,e05,c5,p15,l3,1.03
i14,e05,c5,p16,l1,0.00
i14,e05,c5,p16,l3,0.00
i14,e05,c5,p17,l1,0.00
i14,e05,c5,p17,l3,0.00
i14,e05,c5,p18,l1,0.00
i14,e05,c5,p18,l3,0.00
i14,e05,c5,p19,l1,0.00
i14,e05,c5,p19,l3,0.00
i14,e05,c5,p20,l1,0.00
i14,e05,c5,p20,l3,0.00
i14,e05,c5,p21,l1,0.00
i14,e05,c5,p21,l3,0.00
i14,e05,c5,p22,l1,0.00
i14,e05,c5,p22,l3,0.00
i14,e05,c5,p23,l1,0.00
i14,e05,c5,p23,l3,0.00
i14,e05,c5,p24,l1,0.00
i14,e05,c5,p24,l3,0.00
i14,e05,c5,p25,l1,0.00
i14,e05,c5,p25,l3,0.00
i14,e05,c5,p26,l1,0.00
i14,e05,c5,p26,l3,0.00
i14,e05,c5,p27,l3,0.00
i14,e05,c5,p28,l1,0.00
i14,e05,c5,p28,l3,0.00
i14,e05,c5,p29,l1,0.00
i14,e05,c5,p29,l3,0.00
i14,e05,c5,p30,l1,0.00
i14,e05,c5,p30,l3,0.00
i14,e05,c5,p31,l1,0.00
i14,e05,c5,p31,l3,0.00
i14,e05,c5,p32,l1,0.00
i14,e05,c5,p32,l3,0.00
i14,e05,c5,p33,l1,0.00
i14,e05,c5,p33,l3,0.00
i14,e05,c5,p34,l3,0.00
i14,e05,c5,p35,l1,0.00
i14,e05,c5,p35,l3,0.00
i14,e05,c8,p01,l3,0.00
i14,e05,c8,p02,l3,0.00
i14,e05,c8,p03,l3,0.00
i14,e05,c8,p04,l3,0.00
i14,e05,c8,p05,l3,0.00
i14,e05,c8,p06,l3,0.00
i14,e05,c8,p07,l3,0.00
i14,e05,c8,p08,l3,0.00
i14,e05,c8,p09,l3,0.00
i14,e05,c8,p10,l3,0.00
i14,e05,c8,p11,l3,0.00
i14,e05,c8,p12,l3,0.00
i14,e05,c8,p13,l3,0.00
i14,e05,c8,p14,l3,0.00
i14,e05,c8,p15,l3,0.00
i14,e05,c8,p16,l3,0.00
i14,e05,c8,p17,l3,0.00
i14,e05,c8,p18,l3,0.00
i14,e05,c8,p19,l3,0.00
i14,e05,c8,p20,l3,0.00
i14,e05,c8,p21,l3,0.00
i14,e05,c8,p22,l3,0.00
i14,e05,c8,p23,l3,0.00
i14,e05,c8,p24,l3,0.00
i14,e05,c8,p25,l3,0.00
i14,e05,c8,p26,l3,0.00
i14,e05,c8,p28,l3,0.00
i14,e05,c8,p29,l3,0.00
i14,e05,c8,p30,l3,0.00
i14,e05,c8,p31,l3,0.00
i14,e05,c8,p32,l3,0.00
i14,e05,c8,p33,l3,0.00
i14,e05,c8,p35,l3,0.00
i14,e06,c5,p29,l3,0.00
i14,e07,c3,p01,l3,0.00
i14,e07,c3,p03,l3,0.00
i14,e07,c3,p07,l3,0.00
i14,e07,c3,p09,l3,0.00
i14,e07,c3,p10,l3,0.00
i14,e07,c3,p11,l3,0.00
i14,e07,c3,p15,l3,0.00
i14,e07,c3,p19,l2,0.00
i14,e07,c3,p19,l3,0.00
i14,e07,c3,p21,l3,0.00
i14,e07,c3,p23,l2,0.00
i14,e07,c3,p26,l2,0.00
i14,e07,c3,p28,l3,0.00
i14,e07,c3,p31,l3,0.00
i14,e07,c3,p35,l3,0.00
i14,e07,c5,p01,l2,0.00
i14,e07,c5,p01,l3,0.00
i14,e07,c5,p02,l2,0.00
i14,e07,c5,p02,l3,0.00
i14,e07,c5,p03,l2,0.00
i14,e07,c5,p03,l3,0.00
i14,e07,c5,p04,l2,0.00
i14,e07,c5,p04,l3,0.00
i14,e07,c5,p05,l2,0.00
i14,e07,c5,p05,l3,0.00
i14,e07,c5,p06,l2,0.00
i14,e07,c5,p06,l3,0.00
i14,e07,c5,p07,l2,0.00
i14,e07,c5,p07,l3,0.00
i14,e07,c5,p08,l2,0.00
i14,e07,c5,p08,l3,0.00
i14,e07,c5,p09,l2,0.00
i14,e07,c5,p09,l3,0.00
i14,e07,c5,p10,l2,0.00
i14,e07,c5,p10,l3,0.00
i14,e07,c5,p11,l2,0.00
i14,e07,c5,p11,l3,0.00
i14,e07,c5,p12,l2,0.00
i14,e07,c5,p12,l3,0.00
i14,e07,c5,p13,l2,0.00
i14,e07,c5,p13,l3,0.00
i14,e07,c5,p14,l2,0.00
i14,e07,c5,p14,l3,0.00
i14,e07,c5,p15,l2,0.00
i14,e07,c5,p15,l3,0.00
i14,e07,c5,p16,l2,0.00
i14,e07,c5,p16,l3,0.00
i14,e07,c5,p17,l2,0.00
i14,e07,c5,p17,l3,0.00
i14,e07,c5,p18,l2,0.00
i14,e07,c5,p18,l3,0.00
i14,e07,c5,p19,l2,0.00
i14,e07,c5,p19,l3,0.00
i14,e07,c5,p20,l2,0.00
i14,e07,c5,p20,l3,0.00
i14,e07,c5,p21,l2,0.00
i14,e07,c5,p21,l3,0.00
i14,e07,c5,p22,l2,0.00
i14,e07,c5,p22,l3,0.00
i14,e07,c5,p23,l2,0.00
i14,e07,c5,p23,l3,0.00
i14,e07,c5,p24,l2,0.00
i14,e07,c5,p24,l3,0.00
i14,e07,c5,p25,l2,0.00
i14,e07,c5,p25,l3,0.00
i14,e07,c5,p26,l2,0.00
i14,e07,c5,p26,l3,0.00
i14,e07,c5,p28,l2,0.00
i14,e07,c5,p28,l3,0.00
i14,e07,c5,p29,l2,0.00
i14,e07,c5,p29,l3,0.00
i14,e07,c5,p30,l3,0.00
i14,e07,c5,p31,l2,0.00
i14,e07,c5,p31,l3,0.00
i14,e07,c5,p32,l2,0.00
i14,e07,c5,p32,l3,0.00
i14,e07,c5,p33,l2,0.00
i14,e07,c5,p33,l3,0.00
i14,e07,c5,p35,l2,0.00
i14,e07,c5,p35,l3,0.00
i14,e08,c3,p01,l2,0.00
i14,e08,c3,p01,l3,0.00
i14,e08,c3,p02,l2,0.00
i14,e08,c3,p02,l3,11.10
i14,e08,c3,p03,l2,0.00
i14,e08,c3,p03,l3,5.26
i14,e08,c3,p04,l2,0.00
i14,e08,c3,p04,l3,2.05
i14,e08,c3,p05,l2,0.00
i14,e08,c3,p05,l3,10.27
i14,e08,c3,p06,l2,0.00
i14,e08,c3,p06,l3,1.99
i14,e08,c3,p07,l2,0.00
i14,e08,c3,p07,l3,4.24
i14,e08,c3,p08,l2,0.00
i14,e08,c3,p08,l3,0.00
i14,e08,c3,p09,l2,0.00
i14,e08,c3,p09,l3,0.00
i14,e08,c3,p10,l2,0.00
i14,e08,c3,p10,l3,5.01
i14,e08,c3,p11,l2,0.00
i14,e08,c3,p11,l3,21.25
i14,e08,c3,p12,l2,0.00
i14,e08,c3,p12,l3,0.00
i14,e08,c3,p13,l2,0.00
i14,e08,c3,p13,l3,0.00
i14,e08,c3,p14,l2,0.00
i14,e08,c3,p14,l3,1.42
i14,e08,c3,p15,l2,0.00
i14,e08,c3,p15,l3,40.71
i14,e08,c3,p16,l2,0.00
i14,e08,c3,p16,l3,3.21
i14,e08,c3,p17,l2,0.00
i14,e08,c3,p17,l3,16.06
i14,e08,c3,p18,l2,0.00
i14,e08,c3,p18,l3,1.14
i14,e08,c3,p19,l2,0.00
i14,e08,c3,p19,l3,2.67
i14,e08,c3,p20,l2,0.00
i14,e08,c3,p20,l3,1.70
i14,e08,c3,p21,l2,0.00
i14,e08,c3,p21,l3,23.51
i14,e08,c3,p22,l2,0.00
i14,e08,c3,p22,l3,0.00
i14,e08,c3,p23,l2,0.00
i14,e08,c3,p23,l3,0.00
i14,e08,c3,p24,l2,0.00
i14,e08,c3,p24,l3,0.00
i14,e08,c3,p25,l2,0.00
i14,e08,c3,p25,l3,0.00
i14,e08,c3,p26,l2,0.00
i14,e08,c3,p26,l3,0.00
i14,e08,c3,p27,l3,0.00
i14,e08,c3,p28,l2,0.00
i14,e08,c3,p28,l3,0.00
i14,e08,c3,p29,l2,0.00
i14,e08,c3,p29,l3,2.31
i14,e08,c3,p30,l2,0.00
i14,e08,c3,p30,l3,0.00
i14,e08,c3,p31,l2,0.00
i14,e08,c3,p31,l3,0.00
i14,e08,c3,p32,l2,0.00
i14,e08,c3,p32,l3,0.00
i14,e08,c3,p33,l2,0.00
i14,e08,c3,p33,l3,3.04
i14,e08,c3,p34,l3,0.00
i14,e08,c3,p35,l2,0.00
i14,e08,c3,p35,l3,16.43
i14,e08,c5,p01,l2,0.00
i14,e08,c5,p01,l3,497.25
i14,e08,c5,p02,l2,0.00
i14,e08,c5,p02,l3,232.22
i14,e08,c5,p03,l2,0.00
i14,e08,c5,p03,l3,306.59
i14,e08,c5,p04,l2,0.00
i14,e08,c5,p04,l3,184.90
i14,e08,c5,p05,l2,0.00
i14,e08,c5,p05,l3,202.09
i14,e08,c5,p06,l2,0.00
i14,e08,c5,p06,l3,12.57
i14,e08,c5,p07,l2,0.00
i14,e08,c5,p07,l3,178.24
i14,e08,c5,p08,l2,0.00
i14,e08,c5,p08,l3,194.07
i14,e08,c5,p09,l2,0.00
i14,e08,c5,p09,l3,8.60
i14,e08,c5,p10,l2,0.00
i14,e08,c5,p10,l3,394.42
i14,e08,c5,p11,l2,0.00
i14,e08,c5,p11,l3,513.34
i14,e08,c5,p12,l2,0.00
i14,e08,c5,p12,l3,83.48
i14,e08,c5,p13,l2,0.00
i14,e08,c5,p13,l3,102.38
i14,e08,c5,p14,l2,0.00
i14,e08,c5,p14,l3,96.61
i14,e08,c5,p15,l2,0.00
i14,e08,c5,p15,l3,1070.22
i14,e08,c5,p16,l2,0.00
i14,e08,c5,p16,l3,244.33
i14,e08,c5,p17,l2,0.00
i14,e08,c5,p17,l3,122.10
i14,e08,c5,p18,l2,0.00
i14,e08,c5,p18,l3,71.60
i14,e08,c5,p19,l2,0.00
i14,e08,c5,p19,l3,761.72
i14,e08,c5,p20,l2,0.00
i14,e08,c5,p20,l3,40.47
i14,e08,c5,p21,l2,0.00
i14,e08,c5,p21,l3,533.16
i14,e08,c5,p22,l2,0.00
i14,e08,c5,p22,l3,80.30
i14,e08,c5,p23,l2,0.00
i14,e08,c5,p23,l3,119.61
i14,e08,c5,p24,l2,0.00
i14,e08,c5,p24,l3,91.70
i14,e08,c5,p25,l2,0.00
i14,e08,c5,p25,l3,154.65
i14,e08,c5,p26,l2,0.00
i14,e08,c5,p26,l3,61.65
i14,e08,c5,p27,l2,0.00
i14,e08,c5,p27,l3,0.00
i14,e08,c5,p28,l2,0.00
i14,e08,c5,p28,l3,17.01
i14,e08,c5,p29,l2,0.00
i14,e08,c5,p29,l3,67.51
i14,e08,c5,p30,l2,0.00
i14,e08,c5,p30,l3,2.94
i14,e08,c5,p31,l2,0.00
i14,e08,c5,p31,l3,42.53
i14,e08,c5,p32,l2,0.00
i14,e08,c5,p32,l3,76.02
i14,e08,c5,p33,l2,0.00
i14,e08,c5,p33,l3,16.35
i14,e08,c5,p34,l3,0.00
i14,e08,c5,p35,l2,0.00
i14,e08,c5,p35,l3,476.23
i14,e08,c8,p01,l2,0.00
i14,e08,c8,p01,l3,0.00
i14,e08,c8,p02,l3,0.00
i14,e08,c8,p03,l2,0.00
i14,e08,c8,p03,l3,0.00
i14,e08,c8,p04,l3,0.00
i14,e08,c8,p05,l2,0.00
i14,e08,c8,p05,l3,0.00
i14,e08,c8,p06,l3,0.00
i14,e08,c8,p07,l2,0.00
i14,e08,c8,p07,l3,0.00
i14,e08,c8,p08,l2,0.00
i14,e08,c8,p08,l3,0.00
i14,e08,c8,p09,l3,0.00
i14,e08,c8,p10,l2,0.00
i14,e08,c8,p10,l3,0.00
i14,e08,c8,p11,l2,0.00
i14,e08,c8,p11,l3,0.00
i14,e08,c8,p12,l2,0.00
i14,e08,c8,p12,l3,0.00
i14,e08,c8,p13,l2,0.00
i14,e08,c8,p13,l3,0.00
i14,e08,c8,p14,l2,0.00
i14,e08,c8,p14,l3,0.00
i14,e08,c8,p15,l2,0.00
i14,e08,c8,p15,l3,0.00
i14,e08,c8,p16,l2,0.00
i14,e08,c8,p16,l3,0.00
i14,e08,c8,p17,l2,0.00
i14,e08,c8,p17,l3,0.00
i14,e08,c8,p18,l2,0.00
i14,e08,c8,p18,l3,0.00
i14,e08,c8,p19,l2,0.00
i14,e08,c8,p19,l3,0.00
i14,e08,c8,p20,l3,0.00
i14,e08,c8,p21,l2,0.00
i14,e08,c8,p21,l3,0.00
i14,e08,c8,p22,l3,0.00
i14,e08,c8,p23,l2,0.00
i14,e08,c8,p23,l3,0.00
i14,e08,c8,p24,l2,0.00
i14,e08,c8,p24,l3,0.00
i14,e08,c8,p25,l3,0.00
i14,e08,c8,p26,l3,0.00
i14,e08,c8,p28,l3,0.00
i14,e08,c8,p29,l2,0.00
i14,e08,c8,p29,l3,0.00
i14,e08,c8,p30,l3,0.00
i14,e08,c8,p31,l3,0.00
i14,e08,c8,p32,l3,0.00
i14,e08,c8,p33,l3,0.00
i14,e08,c8,p35,l2,0.00
i14,e08,c8,p35,l3,53.31
i14,e09,c3,p01,l2,0.00
i14,e09,c3,p01,l3,0.00
i14,e09,c3,p02,l2,0.00
i14,e09,c3,p02,l3,0.00
i14,e09,c3,p03,l2,0.00
i14,e09,c3,p03,l3,0.00
i14,e09,c3,p04,l2,0.00
i14,e09,c3,p04,l3,0.00
i14,e09,c3,p05,l2,0.00
i14,e09,c3,p05,l3,0.00
i14,e09,c3,p06,l2,0.00
i14,e09,c3,p06,l3,0.00
i14,e09,c3,p07,l2,0.00
i14,e09,c3,p07,l3,0.00
i14,e09,c3,p08,l2,0.00
i14,e09,c3,p08,l3,0.00
i14,e09,c3,p09,l2,0.00
i14,e09,c3,p09,l3,0.00
i14,e09,c3,p10,l2,0.00
i14,e09,c3,p10,l3,0.00
i14,e09,c3,p11,l2,0.00
i14,e09,c3,p11,l3,0.00
i14,e09,c3,p12,l2,0.00
i14,e09,c3,p12,l3,0.00
i14,e09,c3,p13,l2,0.00
i14,e09,c3,p13,l3,0.00
i14,e09,c3,p14,l2,0.00
i14,e09,c3,p14,l3,0.00
i14,e09,c3,p15,l2,0.00
i14,e09,c3,p15,l3,0.00
i14,e09,c3,p16,l2,0.00
i14,e09,c3,p16,l3,0.00
i14,e09,c3,p17,l2,0.00
i14,e09,c3,p17,l3,0.00
i14,e09,c3,p18,l2,0.00
i14,e09,c3,p18,l3,0.00
i14,e09,c3,p19,l2,0.00
i14,e09,c3,p19,l3,0.00
i14,e09,c3,p20,l2,0.00
i14,e09,c3,p20,l3,0.00
i14,e09,c3,p21,l2,0.00
i14,e09,c3,p21,l3,0.00
i14,e09,c3,p22,l2,0.00
i14,e09,c3,p22,l3,0.00
i14,e09,c3,p23,l2,0.00
i14,e09,c3,p23,l3,0.00
i14,e09,c3,p24,l2,0.00
i14,e09,c3,p24,l3,0.00
i14,e09,c3,p25,l2,0.00
i14,e09,c3,p25,l3,0.00
i14,e09,c3,p26,l2,0.00
i14,e09,c3,p26,l3,0.00
i14,e09,c3,p28,l2,0.00
i14,e09,c3,p28,l3,0.00
i14,e09,c3,p29,l2,0.00
i14,e09,c3,p29,l3,0.00
i14,e09,c3,p30,l2,0.00
i14,e09,c3,p30,l3,0.00
i14,e09,c3,p31,l2,0.00
i14,e09,c3,p31,l3,0.00
i14,e09,c3,p32,l2,0.00
i14,e09,c3,p32,l3,0.00
i14,e09,c3,p33,l2,0.00
i14,e09,c3,p33,l3,0.00
i14,e09,c3,p34,l3,0.00
i14,e09,c3,p35,l2,0.00
i14,e09,c3,p35,l3,0.00
i14,e09,c5,p01,l2,0.00
i14,e09,c5,p01,l3,0.00
i14,e09,c5,p02,l2,0.00
i14,e09,c5,p02,l3,0.00
i14,e09,c5,p03,l2,0.00
i14,e09,c5,p03,l3,1.69
i14,e09,c5,p04,l2,0.00
i14,e09,c5,p04,l3,0.00
i14,e09,c5,p05,l2,0.00
i14,e09,c5,p05,l3,3.16
i14,e09,c5,p06,l2,0.00
i14,e09,c5,p06,l3,0.00
i14,e09,c5,p07,l2,0.00
i14,e09,c5,p07,l3,5.23
i14,e09,c5,p08,l2,0.00
i14,e09,c5,p08,l3,2.07
i14,e09,c5,p09,l2,0.00
i14,e09,c5,p09,l3,0.00
i14,e09,c5,p10,l2,0.00
i14,e09,c5,p10,l3,3.66
i14,e09,c5,p11,l2,0.00
i14,e09,c5,p11,l3,3.88
i14,e09,c5,p12,l2,0.00
i14,e09,c5,p12,l3,0.00
i14,e09,c5,p13,l2,0.00
i14,e09,c5,p13,l3,0.00
i14,e09,c5,p14,l2,0.00
i14,e09,c5,p14,l3,0.00
i14,e09,c5,p15,l2,0.00
i14,e09,c5,p15,l3,6.13
i14,e09,c5,p16,l2,0.00
i14,e09,c5,p16,l3,0.00
i14,e09,c5,p17,l2,0.00
i14,e09,c5,p17,l3,1.15
i14,e09,c5,p18,l2,0.00
i14,e09,c5,p18,l3,1.27
i14,e09,c5,p19,l2,0.00
i14,e09,c5,p19,l3,4.43
i14,e09,c5,p20,l2,0.00
i14,e09,c5,p20,l3,0.00
i14,e09,c5,p21,l2,0.00
i14,e09,c5,p21,l3,0.00
i14,e09,c5,p22,l2,0.00
i14,e09,c5,p22,l3,0.00
i14,e09,c5,p23,l2,0.00
i14,e09,c5,p23,l3,0.00
i14,e09,c5,p24,l2,0.00
i14,e09,c5,p24,l3,8.58
i14,e09,c5,p25,l2,0.00
i14,e09,c5,p25,l3,0.00
i14,e09,c5,p26,l2,0.00
i14,e09,c5,p26,l3,0.00
i14,e09,c5,p27,l3,0.00
i14,e09,c5,p28,l2,0.00
i14,e09,c5,p28,l3,0.00
i14,e09,c5,p29,l2,0.00
i14,e09,c5,p29,l3,2.31
i14,e09,c5,p30,l2,0.00
i14,e09,c5,p30,l3,0.00
i14,e09,c5,p31,l2,0.00
i14,e09,c5,p31,l3,0.00
i14,e09,c5,p32,l2,0.00
i14,e09,c5,p32,l3,0.00
i14,e09,c5,p33,l2,0.00
i14,e09,c5,p33,l3,0.00
i14,e09,c5,p34,l3,0.00
i14,e09,c5,p35,l2,0.00
i14,e09,c5,p35,l3,20.30
i14,e09,c8,p03,l3,0.00
i14,e09,c8,p05,l3,0.00
i14,e09,c8,p08,l3,0.00
i14,e09,c8,p09,l3,0.00
i14,e09,c8,p10,l3,0.00
i14,e09,c8,p19,l2,0.00
i14,e09,c8,p19,l3,0.00
i14,e09,c8,p35,l3,0.00
i14,e11,c3,p01,l2,0.00
i14,e11,c3,p01,l3,0.00
i14,e11,c3,p02,l2,0.00
i14,e11,c3,p02,l3,0.00
i14,e11,c3,p03,l2,0.00
i14,e11,c3,p03,l3,0.00
i14,e11,c3,p04,l2,0.00
i14,e11,c3,p04,l3,0.00
i14,e11,c3,p05,l2,0.00
i14,e11,c3,p05,l3,0.00
i14,e11,c3,p06,l2,0.00
i14,e11,c3,p06,l3,0.00
i14,e11,c3,p07,l2,0.00
i14,e11,c3,p07,l3,0.00
i14,e11,c3,p08,l2,0.00
i14,e11,c3,p08,l3,0.00
i14,e11,c3,p09,l2,0.00
i14,e11,c3,p09,l3,0.00
i14,e11,c3,p10,l2,0.00
i14,e11,c3,p10,l3,0.00
i14,e11,c3,p11,l2,0.00
i14,e11,c3,p11,l3,0.00
i14,e11,c3,p12,l2,0.00
i14,e11,c3,p12,l3,0.00
i14,e11,c3,p13,l2,0.00
i14,e11,c3,p13,l3,0.00
i14,e11,c3,p14,l2,0.00
i14,e11,c3,p14,l3,0.00
i14,e11,c3,p15,l2,0.00
i14,e11,c3,p15,l3,0.00
i14,e11,c3,p16,l2,0.00
i14,e11,c3,p16,l3,0.00
i14,e11,c3,p17,l2,0.00
i14,e11,c3,p17,l3,0.00
i14,e11,c3,p18,l2,0.00
i14,e11,c3,p18,l3,0.00
i14,e11,c3,p19,l2,0.00
i14,e11,c3,p19,l3,0.00
i14,e11,c3,p20,l2,0.00
i14,e11,c3,p20,l3,0.00
i14,e11,c3,p21,l2,0.00
i14,e11,c3,p21,l3,0.00
i14,e11,c3,p22,l2,0.00
i14,e11,c3,p22,l3,0.00
i14,e11,c3,p23,l2,0.00
i14,e11,c3,p23,l3,0.00
i14,e11,c3,p24,l2,0.00
i14,e11,c3,p24,l3,0.00
i14,e11,c3,p25,l2,0.00
i14,e11,c3,p25,l3,0.00
i14,e11,c3,p26,l2,0.00
i14,e11,c3,p26,l3,0.00
i14,e11,c3,p28,l2,0.00
i14,e11,c3,p28,l3,0.00
i14,e11,c3,p29,l2,0.00
i14,e11,c3,p29,l3,0.00
i14,e11,c3,p30,l2,0.00
i14,e11,c3,p30,l3,0.00
i14,e11,c3,p31,l2,0.00
i14,e11,c3,p31,l3,0.00
i14,e11,c3,p32,l2,0.00
i14,e11,c3,p32,l3,0.00
i14,e11,c3,p33,l2,0.00
i14,e11,c3,p33,l3,0.00
i14,e11,c3,p34,l3,0.00
i14,e11,c3,p35,l2,0.00
i14,e11,c3,p35,l3,0.00
i14,e11,c5,p01,l2,0.00
i14,e11,c5,p01,l3,0.00
i14,e11,c5,p02,l2,0.00
i14,e11,c5,p02,l3,2.13
i14,e11,c5,p03,l2,0.00
i14,e11,c5,p03,l3,0.00
i14,e11,c5,p04,l2,0.00
i14,e11,c5,p04,l3,0.00
i14,e11,c5,p05,l2,0.00
i14,e11,c5,p05,l3,2.28
i14,e11,c5,p06,l2,0.00
i14,e11,c5,p06,l3,0.00
i14,e11,c5,p07,l2,0.00
i14,e11,c5,p07,l3,1.71
i14,e11,c5,p08,l2,0.00
i14,e11,c5,p08,l3,1.31
i14,e11,c5,p09,l2,0.00
i14,e11,c5,p09,l3,0.00
i14,e11,c5,p10,l2,0.00
i14,e11,c5,p10,l3,0.00
i14,e11,c5,p11,l2,0.00
i14,e11,c5,p11,l3,0.00
i14,e11,c5,p12,l2,0.00
i14,e11,c5,p12,l3,1.06
i14,e11,c5,p13,l2,0.00
i14,e11,c5,p13,l3,2.35
i14,e11,c5,p14,l2,0.00
i14,e11,c5,p14,l3,0.00
i14,e11,c5,p15,l2,0.00
i14,e11,c5,p15,l3,0.00
i14,e11,c5,p16,l2,0.00
i14,e11,c5,p16,l3,0.00
i14,e11,c5,p17,l2,0.00
i14,e11,c5,p17,l3,0.00
i14,e11,c5,p18,l2,0.00
i14,e11,c5,p18,l3,0.00
i14,e11,c5,p19,l2,0.00
i14,e11,c5,p19,l3,2.17
i14,e11,c5,p20,l2,0.00
i14,e11,c5,p20,l3,0.00
i14,e11,c5,p21,l2,0.00
i14,e11,c5,p21,l3,2.69
i14,e11,c5,p22,l2,0.00
i14,e11,c5,p22,l3,0.00
i14,e11,c5,p23,l2,0.00
i14,e11,c5,p23,l3,0.00
i14,e11,c5,p24,l2,0.00
i14,e11,c5,p24,l3,0.00
i14,e11,c5,p25,l2,0.00
i14,e11,c5,p25,l3,1.39
i14,e11,c5,p26,l2,0.00
i14,e11,c5,p26,l3,0.00
i14,e11,c5,p27,l3,0.00
i14,e11,c5,p28,l2,0.00
i14,e11,c5,p28,l3,0.00
i14,e11,c5,p29,l2,0.00
i14,e11,c5,p29,l3,0.00
i14,e11,c5,p30,l2,0.00
i14,e11,c5,p30,l3,0.00
i14,e11,c5,p31,l2,0.00
i14,e11,c5,p31,l3,0.00
i14,e11,c5,p32,l2,0.00
i14,e11,c5,p32,l3,2.91
i14,e11,c5,p33,l2,0.00
i14,e11,c5,p33,l3,0.00
i14,e11,c5,p34,l3,0.00
i14,e11,c5,p35,l2,0.00
i14,e11,c5,p35,l3,0.00
i14,e11,c8,p01,l3,0.00
i14,e11,c8,p02,l3,0.00
i14,e11,c8,p03,l2,0.00
i14,e11,c8,p03,l3,0.00
i14,e11,c8,p04,l3,0.00
i14,e11,c8,p05,l3,0.00
i14,e11,c8,p06,l3,0.00
i14,e11,c8,p07,l3,0.00
i14,e11,c8,p08,l3,0.00
i14,e11,c8,p09,l3,0.00
i14,e11,c8,p10,l3,0.00
i14,e11,c8,p11,l2,0.00
i14,e11,c8,p11,l3,0.00
i14,e11,c8,p12,l3,0.00
i14,e11,c8,p13,l3,0.00
i14,e11,c8,p14,l3,0.00
i14,e11,c8,p15,l3,0.00
i14,e11,c8,p16,l3,0.00
i14,e11,c8,p17,l2,0.00
i14,e11,c8,p17,l3,0.00
i14,e11,c8,p18,l3,0.00
i14,e11,c8,p19,l3,0.00
i14,e11,c8,p20,l3,0.00
i14,e11,c8,p21,l2,0.00
i14,e11,c8,p21,l3,0.00
i14,e11,c8,p22,l3,0.00
i14,e11,c8,p23,l3,0.00
i14,e11,c8,p24,l3,0.00
i14,e11,c8,p25,l3,0.00
i14,e11,c8,p28,l3,0.00
i14,e11,c8,p29,l3,0.00
i14,e11,c8,p31,l3,0.00
i14,e11,c8,p32,l3,0.00
i14,e11,c8,p35,l2,0.00
i14,e11,c8,p35,l3,0.00
i14,e12,c3,p01,l3,0.00
i14,e12,c3,p02,l3,0.00
i14,e12,c3,p03,l3,0.00
i14,e12,c3,p04,l3,0.00
i14,e12,c3,p05,l3,0.00
i14,e12,c3,p06,l3,0.00
i14,e12,c3,p07,l3,0.00
i14,e12,c3,p08,l3,0.00
i14,e12,c3,p09,l3,0.00
i14,e12,c3,p10,l3,0.00
i14,e12,c3,p11,l3,0.00
i14,e12,c3,p12,l3,0.00
i14,e12,c3,p13,l3,0.00
i14,e12,c3,p14,l3,0.00
i14,e12,c3,p15,l3,0.00
i14,e12,c3,p16,l3,0.00
i14,e12,c3,p17,l3,0.00
i14,e12,c3,p18,l3,0.00
i14,e12,c3,p19,l3,0.00
i14,e12,c3,p20,l3,0.00
i14,e12,c3,p21,l3,0.00
i14,e12,c3,p22,l3,0.00
i14,e12,c3,p23,l3,0.00
i14,e12,c3,p24,l3,0.00
i14,e12,c3,p25,l3,0.00
i14,e12,c3,p26,l3,0.00
i14,e12,c3,p28,l3,0.00
i14,e12,c3,p29,l3,0.00
i14,e12,c3,p30,l3,0.00
i14,e12,c3,p31,l3,0.00
i14,e12,c3,p32,l3,0.00
i14,e12,c3,p33,l3,0.00
i14,e12,c3,p35,l3,0.00
i14,e12,c5,p01,l3,2.17
i14,e12,c5,p02,l3,0.00
i14,e12,c5,p03,l3,396.33
i14,e12,c5,p04,l3,0.00
i14,e12,c5,p05,l3,1.30
i14,e12,c5,p06,l3,0.00
i14,e12,c5,p07,l3,0.00
i14,e12,c5,p08,l3,0.00
i14,e12,c5,p09,l3,0.00
i14,e12,c5,p10,l3,0.00
i14,e12,c5,p11,l3,0.00
i14,e12,c5,p12,l3,0.00
i14,e12,c5,p13,l3,216.86
i14,e12,c5,p14,l3,0.00
i14,e12,c5,p15,l3,0.00
i14,e12,c5,p16,l3,0.00
i14,e12,c5,p17,l3,301.07
i14,e12,c5,p18,l3,40.18
i14,e12,c5,p19,l3,302.07
i14,e12,c5,p20,l3,0.00
i14,e12,c5,p21,l3,3.30
i14,e12,c5,p22,l3,0.00
i14,e12,c5,p23,l3,0.00
i14,e12,c5,p24,l3,26.38
i14,e12,c5,p25,l3,0.00
i14,e12,c5,p26,l3,0.00
i14,e12,c5,p27,l3,0.00
i14,e12,c5,p28,l3,0.00
i14,e12,c5,p29,l3,10.19
i14,e12,c5,p30,l3,0.00
i14,e12,c5,p31,l3,0.00
i14,e12,c5,p32,l3,0.00
i14,e12,c5,p33,l3,0.00
i14,e12,c5,p35,l3,318.04
i14,e12,c8,p02,l3,0.00
i14,e12,c8,p04,l3,0.00
i14,e12,c8,p07,l3,0.00
i14,e12,c8,p08,l3,0.00
i14,e12,c8,p10,l3,0.00
i14,e12,c8,p13,l3,0.00
i14,e12,c8,p15,l3,0.00
i14,e12,c8,p17,l3,0.00
i14,e12,c8,p19,l3,0.00
i14,e12,c8,p20,l3,0.00
i14,e12,c8,p21,l3,0.00
i14,e12,c8,p28,l3,0.00
i14,e12,c8,p29,l3,0.00
i14,e12,c8,p35,l3,0.00
i14,e13,c3,p01,l3,0.00
i14,e13,c3,p02,l3,0.00
i14,e13,c3,p03,l3,0.00
i14,e13,c3,p04,l3,0.00
i14,e13,c3,p05,l3,0.00
i14,e13,c3,p06,l3,0.00
i14,e13,c3,p07,l3,0.00
i14,e13,c3,p08,l3,0.00
i14,e13,c3,p09,l3,0.00
i14,e13,c3,p10,l3,0.00
i14,e13,c3,p11,l3,0.00
i14,e13,c3,p12,l3,0.00
i14,e13,c3,p13,l3,0.00
i14,e13,c3,p14,l3,0.00
i14,e13,c3,p15,l3,0.00
i14,e13,c3,p16,l3,0.00
i14,e13,c3,p17,l3,0.00
i14,e13,c3,p18,l3,0.00
i14,e13,c3,p19,l3,0.00
i14,e13,c3,p20,l3,0.00
i14,e13,c3,p21,l3,0.00
i14,e13,c3,p22,l3,0.00
i14,e13,c3,p23,l3,0.00
i14,e13,c3,p24,l3,0.00
i14,e13,c3,p25,l3,0.00
i14,e13,c3,p26,l3,0.00
i14,e13,c3,p27,l3,0.00
i14,e13,c3,p28,l3,0.00
i14,e13,c3,p29,l3,0.00
i14,e13,c3,p30,l3,0.00
i14,e13,c3,p31,l3,0.00
i14,e13,c3,p32,l3,0.00
i14,e13,c3,p33,l3,0.00
i14,e13,c3,p34,l3,0.00
i14,e13,c3,p35,l3,0.00
i14,e13,c5,p01,l3,1.02
i14,e13,c5,p02,l3,3.16
i14,e13,c5,p03,l3,5.46
i14,e13,c5,p04,l3,1.52
i14,e13,c5,p05,l3,0.00
i14,e13,c5,p06,l3,0.00
i14,e13,c5,p07,l3,3.62
i14,e13,c5,p08,l3,0.00
i14,e13,c5,p09,l3,1.88
i14,e13,c5,p10,l3,2.29
i14,e13,c5,p11,l3,5.18
i14,e13,c5,p12,l3,6.27
i14,e13,c5,p13,l3,0.00
i14,e13,c5,p14,l3,3.56
i14,e13,c5,p15,l3,6.01
i14,e13,c5,p16,l3,4.65
i14,e13,c5,p17,l3,0.00
i14,e13,c5,p18,l3,0.00
i14,e13,c5,p19,l3,3.19
i14,e13,c5,p20,l3,0.00
i14,e13,c5,p21,l3,1.06
i14,e13,c5,p22,l3,1.04
i14,e13,c5,p23,l3,0.00
i14,e13,c5,p24,l3,0.00
i14,e13,c5,p25,l3,0.00
i14,e13,c5,p26,l3,0.00
i14,e13,c5,p27,l3,0.00
i14,e13,c5,p28,l3,0.00
i14,e13,c5,p29,l3,1.11
i14,e13,c5,p30,l3,0.00
i14,e13,c5,p31,l3,0.00
i14,e13,c5,p32,l3,0.00
i14,e13,c5,p33,l3,0.00
i14,e13,c5,p34,l3,0.00
i14,e13,c5,p35,l3,4.86
i14,e13,c8,p02,l3,0.00
i14,e13,c8,p04,l3,0.00
i14,e13,c8,p05,l3,0.00
i14,e13,c8,p07,l3,0.00
i14,e13,c8,p10,l3,0.00
i14,e13,c8,p12,l3,0.00
i14,e13,c8,p13,l3,0.00
i14,e13,c8,p15,l3,0.00
i14,e13,c8,p16,l3,0.00
i14,e13,c8,p19,l3,0.00
i14,e13,c8,p20,l3,0.00
i14,e13,c8,p21,l3,0.00
i14,e13,c8,p35,l3,0.00
i140,e01,c5,p35,l3,0.00
i140,e04,c5,p19,l3,0.00
i140,e04,c5,p35,l3,0.00
i140,e09,c5,p35,l3,0.00
i141,e01,c5,p01,l3,0.00
i141,e01,c5,p03,l3,0.00
i141,e01,c5,p10,l3,0.00
i141,e01,c5,p35,l3,0.00
i141,e04,c5,p01,l3,0.00
i141,e04,c5,p03,l3,0.00
i141,e04,c5,p10,l3,0.00
i141,e04,c5,p35,l3,0.00
i141,e05,c5,p10,l3,0.00
i141,e05,c5,p12,l3,0.00
i141,e05,c5,p35,l3,0.00
i141,e08,c5,p01,l3,0.00
i141,e08,c5,p03,l3,0.00
i141,e08,c5,p04,l3,0.00
i141,e08,c5,p10,l3,0.00
i141,e08,c5,p35,l3,0.00
i141,e09,c5,p01,l3,0.00
i141,e09,c5,p03,l3,0.00
i141,e09,c5,p10,l3,0.00
i141,e09,c5,p12,l3,0.00
i141,e09,c5,p35,l3,0.00
i141,e11,c5,p10,l3,0.00
i141,e11,c5,p35,l3,0.00
i141,e13,c5,p01,l3,0.00
i141,e13,c5,p03,l3,0.00
i141,e13,c5,p04,l3,0.00
i141,e13,c5,p07,l3,0.00
i141,e13,c5,p10,l3,0.00
i141,e13,c5,p12,l3,0.00
i141,e13,c5,p35,l3,0.00
i142,e01,c2,p35,l3,0.00
i142,e04,c2,p35,l3,0.00
i142,e09,c2,p35,l2,0.00
i142,e09,c2,p35,l3,0.00
i143,e08,c1,p10,l3,0.00
i144,e01,c5,p10,l3,0.00
i144,e01,c5,p35,l3,0.00
i144,e04,c5,p10,l3,0.00
i144,e04,c5,p35,l3,0.00
i144,e05,c5,p10,l3,0.00
i144,e05,c5,p35,l3,0.00
i144,e08,c5,p10,l3,0.00
i144,e08,c5,p35,l3,0.00
i144,e09,c5,p10,l3,0.00
i144,e09,c5,p35,l3,0.00
i144,e11,c3,p10,l3,0.00
i144,e11,c5,p01,l3,0.00
i144,e11,c5,p10,l3,0.00
i144,e11,c5,p35,l3,0.00
i145,e01,c5,p35,l3,0.00
i145,e03,c5,p35,l3,0.00
i145,e04,c5,p35,l3,0.00
i145,e05,c3,p35,l3,0.00
i145,e05,c5,p10,l3,0.00
i145,e05,c5,p35,l1,0.00
i145,e05,c5,p35,l3,0.00
i145,e08,c5,p35,l3,0.00
i145,e11,c5,p35,l3,0.00
i145,e12,c5,p35,l3,0.00
i147,e02,c5,p10,l3,0.00
i147,e05,c5,p10,l3,0.00
i147,e05,c5,p19,l3,0.00
i147,e05,c5,p35,l3,0.00
i148,e05,c5,p10,l3,0.00
i15,e01,c2,p35,l3,19.53
i15,e01,c6,p35,l3,0.00
i15,e01,c8,p35,l3,0.00
i15,e04,c2,p35,l1,0.00
i15,e04,c2,p35,l3,13.22
i15,e04,c6,p35,l1,0.00
i15,e04,c6,p35,l3,3.15
i15,e04,c8,p35,l3,0.00
i15,e09,c2,p35,l2,0.00
i15,e09,c2,p35,l3,11.26
i15,e09,c6,p35,l2,0.00
i15,e09,c6,p35,l3,3.10
i15,e09,c8,p35,l3,0.00
i16,e01,c3,p01,l3,0.00
i16,e01,c3,p02,l3,0.00
i16,e01,c3,p03,l3,0.00
i16,e01,c3,p04,l3,0.00
i16,e01,c3,p05,l3,0.00
i16,e01,c3,p07,l3,0.00
i16,e01,c3,p09,l3,0.00
i16,e01,c3,p10,l3,0.00
i16,e01,c3,p11,l3,0.00
i16,e01,c3,p12,l3,0.00
i16,e01,c3,p13,l3,0.00
i16,e01,c3,p15,l3,0.00
i16,e01,c3,p16,l3,0.00
i16,e01,c3,p17,l3,0.00
i16,e01,c3,p20,l3,0.00
i16,e01,c3,p21,l3,0.00
i16,e01,c3,p22,l3,0.00
i16,e01,c3,p24,l3,0.00
i16,e01,c3,p25,l3,0.00
i16,e01,c3,p35,l3,0.00
i16,e01,c5,p01,l3,0.00
i16,e01,c5,p02,l3,0.00
i16,e01,c5,p03,l3,0.00
i16,e01,c5,p04,l3,0.00
i16,e01,c5,p05,l3,0.00
i16,e01,c5,p06,l3,0.00
i16,e01,c5,p07,l3,0.00
i16,e01,c5,p08,l3,0.00
i16,e01,c5,p09,l3,0.00
i16,e01,c5,p10,l3,0.00
i16,e01,c5,p11,l3,0.00
i16,e01,c5,p12,l3,0.00
i16,e01,c5,p13,l3,0.00
i16,e01,c5,p14,l3,0.00
i16,e01,c5,p15,l3,0.00
i16,e01,c5,p16,l3,0.00
i16,e01,c5,p17,l3,0.00
i16,e01,c5,p18,l3,0.00
i16,e01,c5,p19,l3,6.50
i16,e01,c5,p20,l3,0.00
i16,e01,c5,p21,l3,0.00
i16,e01,c5,p22,l3,0.00
i16,e01,c5,p23,l3,0.00
i16,e01,c5,p24,l3,0.00
i16,e01,c5,p25,l3,0.00
i16,e01,c5,p26,l3,0.00
i16,e01,c5,p28,l3,0.00
i16,e01,c5,p29,l3,0.00
i16,e01,c5,p30,l3,0.00
i16,e01,c5,p31,l3,0.00
i16,e01,c5,p32,l3,0.00
i16,e01,c5,p35,l3,0.00
i16,e04,c3,p01,l3,0.00
i16,e04,c3,p02,l1,0.00
i16,e04,c3,p02,l3,0.00
i16,e04,c3,p03,l3,0.00
i16,e04,c3,p04,l1,0.00
i16,e04,c3,p04,l3,0.00
i16,e04,c3,p05,l1,0.00
i16,e04,c3,p05,l3,0.00
i16,e04,c3,p06,l3,0.00
i16,e04,c3,p07,l3,0.00
i16,e04,c3,p09,l1,0.00
i16,e04,c3,p09,l3,0.00
i16,e04,c3,p10,l1,0.00
i16,e04,c3,p10,l3,0.00
i16,e04,c3,p11,l3,0.00
i16,e04,c3,p12,l1,0.00
i16,e04,c3,p12,l3,0.00
i16,e04,c3,p13,l1,0.00
i16,e04,c3,p13,l3,0.00
i16,e04,c3,p15,l1,0.00
i16,e04,c3,p15,l3,0.00
i16,e04,c3,p16,l1,0.00
i16,e04,c3,p16,l3,0.00
i16,e04,c3,p17,l3,0.00
i16,e04,c3,p20,l1,0.00
i16,e04,c3,p21,l1,0.00
i16,e04,c3,p21,l3,0.00
i16,e04,c3,p22,l3,0.00
i16,e04,c3,p24,l3,0.00
i16,e04,c3,p25,l1,0.00
i16,e04,c3,p25,l3,0.00
i16,e04,c3,p35,l3,0.00
i16,e04,c5,p01,l1,0.00
i16,e04,c5,p01,l3,0.00
i16,e04,c5,p02,l1,0.00
i16,e04,c5,p02,l3,0.00
i16,e04,c5,p03,l1,0.00
i16,e04,c5,p03,l3,0.00
i16,e04,c5,p04,l1,0.00
i16,e04,c5,p04,l3,0.00
i16,e04,c5,p05,l1,0.00
i16,e04,c5,p05,l3,0.00
i16,e04,c5,p06,l1,0.00
i16,e04,c5,p06,l3,0.00
i16,e04,c5,p07,l1,0.00
i16,e04,c5,p07,l3,0.00
i16,e04,c5,p08,l1,0.00
i16,e04,c5,p08,l3,0.00
i16,e04,c5,p09,l1,0.00
i16,e04,c5,p09,l3,0.00
i16,e04,c5,p10,l1,0.00
i16,e04,c5,p10,l3,0.00
i16,e04,c5,p11,l1,0.00
i16,e04,c5,p11,l3,0.00
i16,e04,c5,p12,l1,0.00
i16,e04,c5,p12,l3,0.00
i16,e04,c5,p13,l1,0.00
i16,e04,c5,p13,l3,0.00
i16,e04,c5,p14,l1,0.00
i16,e04,c5,p14,l3,0.00
i16,e04,c5,p15,l1,0.00
i16,e04,c5,p15,l3,1.55
i16,e04,c5,p16,l1,0.00
i16,e04,c5,p16,l3,10.59
i16,e04,c5,p17,l1,0.00
i16,e04,c5,p17,l3,0.00
i16,e04,c5,p18,l1,0.00
i16,e04,c5,p18,l3,0.00
i16,e04,c5,p19,l1,0.00
i16,e04,c5,p19,l3,0.00
i16,e04,c5,p20,l1,0.00
i16,e04,c5,p20,l3,0.00
i16,e04,c5,p21,l1,0.00
i16,e04,c5,p21,l3,1.29
i16,e04,c5,p22,l1,0.00
i16,e04,c5,p22,l3,0.00
i16,e04,c5,p23,l1,0.00
i16,e04,c5,p23,l3,4.08
i16,e04,c5,p24,l1,0.00
i16,e04,c5,p24,l3,0.00
i16,e04,c5,p25,l1,0.00
i16,e04,c5,p25,l3,0.00
i16,e04,c5,p26,l1,0.00
i16,e04,c5,p26,l3,0.00
i16,e04,c5,p28,l1,0.00
i16,e04,c5,p28,l3,0.00
i16,e04,c5,p29,l1,0.00
i16,e04,c5,p29,l3,0.00
i16,e04,c5,p30,l1,0.00
i16,e04,c5,p30,l3,0.00
i16,e04,c5,p31,l1,0.00
i16,e04,c5,p31,l3,0.00
i16,e04,c5,p32,l1,0.00
i16,e04,c5,p32,l3,0.00
i16,e04,c5,p33,l3,0.00
i16,e04,c5,p35,l1,0.00
i16,e04,c5,p35,l3,0.00
i16,e05,c3,p02,l3,0.00
i16,e05,c3,p03,l3,0.00
i16,e05,c3,p04,l1,0.00
i16,e05,c3,p04,l3,0.00
i16,e05,c3,p05,l3,0.00
i16,e05,c3,p09,l1,0.00
i16,e05,c3,p09,l3,0.00
i16,e05,c3,p10,l3,0.00
i16,e05,c3,p11,l3,0.00
i16,e05,c3,p12,l3,0.00
i16,e05,c3,p13,l3,0.00
i16,e05,c3,p15,l3,0.00
i16,e05,c3,p16,l1,0.00
i16,e05,c3,p16,l3,0.00
i16,e05,c3,p20,l1,0.00
i16,e05,c3,p21,l3,0.00
i16,e05,c5,p01,l1,0.00
i16,e05,c5,p01,l3,0.00
i16,e05,c5,p02,l1,0.00
i16,e05,c5,p02,l3,0.00
i16,e05,c5,p03,l1,0.00
i16,e05,c5,p03,l3,0.00
i16,e05,c5,p04,l1,0.00
i16,e05,c5,p04,l3,0.00
i16,e05,c5,p05,l1,0.00
i16,e05,c5,p05,l3,0.00
i16,e05,c5,p06,l1,0.00
i16,e05,c5,p06,l3,0.00
i16,e05,c5,p07,l1,0.00
i16,e05,c5,p07,l3,0.00
i16,e05,c5,p08,l1,0.00
i16,e05,c5,p08,l3,0.00
i16,e05,c5,p09,l1,0.00
i16,e05,c5,p09,l3,0.00
i16,e05,c5,p10,l1,0.00
i16,e05,c5,p10,l3,0.00
i16,e05,c5,p11,l1,0.00
i16,e05,c5,p11,l3,0.00
i16,e05,c5,p12,l1,0.00
i16,e05,c5,p12,l3,0.00
i16,e05,c5,p13,l1,0.00
i16,e05,c5,p13,l3,0.00
i16,e05,c5,p14,l1,0.00
i16,e05,c5,p14,l3,0.00
i16,e05,c5,p15,l1,0.00
i16,e05,c5,p15,l3,0.00
i16,e05,c5,p16,l1,0.00
i16,e05,c5,p16,l3,0.00
i16,e05,c5,p17,l1,0.00
i16,e05,c5,p17,l3,0.00
i16,e05,c5,p18,l1,0.00
i16,e05,c5,p18,l3,0.00
i16,e05,c5,p19,l1,0.00
i16,e05,c5,p19,l3,0.00
i16,e05,c5,p20,l1,0.00
i16,e05,c5,p20,l3,0.00
i16,e05,c5,p21,l1,0.00
i16,e05,c5,p21,l3,0.00
i16,e05,c5,p22,l1,0.00
i16,e05,c5,p22,l3,0.00
i16,e05,c5,p23,l1,0.00
i16,e05,c5,p23,l3,0.00
i16,e05,c5,p24,l1,0.00
i16,e05,c5,p24,l3,0.00
i16,e05,c5,p25,l1,0.00
i16,e05,c5,p25,l3,0.00
i16,e05,c5,p26,l1,0.00
i16,e05,c5,p26,l3,0.00
i16,e05,c5,p28,l1,0.00
i16,e05,c5,p28,l3,0.00
i16,e05,c5,p29,l1,0.00
i16,e05,c5,p29,l3,0.00
i16,e05,c5,p30,l3,0.00
i16,e05,c5,p31,l1,0.00
i16,e05,c5,p31,l3,0.00
i16,e05,c5,p32,l1,0.00
i16,e05,c5,p32,l3,0.00
i16,e05,c5,p35,l3,0.00
i16,e08,c3,p01,l3,0.00
i16,e08,c3,p02,l3,0.00
i16,e08,c3,p03,l3,0.00
i16,e08,c3,p04,l2,0.00
i16,e08,c3,p04,l3,0.00
i16,e08,c3,p05,l2,0.00
i16,e08,c3,p05,l3,0.00
i16,e08,c3,p07,l3,0.00
i16,e08,c3,p09,l3,0.00
i16,e08,c3,p10,l2,0.00
i16,e08,c3,p10,l3,0.00
i16,e08,c3,p11,l2,0.00
i16,e08,c3,p11,l3,0.00
i16,e08,c3,p12,l2,0.00
i16,e08,c3,p12,l3,0.00
i16,e08,c3,p13,l2,0.00
i16,e08,c3,p13,l3,0.00
i16,e08,c3,p15,l2,0.00
i16,e08,c3,p15,l3,0.00
i16,e08,c3,p16,l2,0.00
i16,e08,c3,p16,l3,0.00
i16,e08,c3,p20,l2,0.00
i16,e08,c3,p21,l2,0.00
i16,e08,c3,p21,l3,0.00
i16,e08,c3,p22,l3,0.00
i16,e08,c3,p24,l3,0.00
i16,e08,c3,p25,l2,0.00
i16,e08,c3,p25,l3,0.00
i16,e08,c3,p35,l3,0.00
i16,e08,c5,p01,l2,0.00
i16,e08,c5,p01,l3,0.00
i16,e08,c5,p02,l2,0.00
i16,e08,c5,p02,l3,0.00
i16,e08,c5,p03,l2,0.00
i16,e08,c5,p03,l3,0.00
i16,e08,c5,p04,l2,0.00
i16,e08,c5,p04,l3,0.00
i16,e08,c5,p05,l2,0.00
i16,e08,c5,p05,l3,0.00
i16,e08,c5,p06,l2,0.00
i16,e08,c5,p06,l3,0.00
i16,e08,c5,p07,l2,0.00
i16,e08,c5,p07,l3,0.00
i16,e08,c5,p08,l2,0.00
i16,e08,c5,p08,l3,0.00
i16,e08,c5,p09,l2,0.00
i16,e08,c5,p09,l3,0.00
i16,e08,c5,p10,l2,0.00
i16,e08,c5,p10,l3,2.57
i16,e08,c5,p11,l2,0.00
i16,e08,c5,p11,l3,0.00
i16,e08,c5,p12,l2,0.00
i16,e08,c5,p12,l3,10.84
i16,e08,c5,p13,l2,0.00
i16,e08,c5,p13,l3,0.00
i16,e08,c5,p14,l2,0.00
i16,e08,c5,p14,l3,0.00
i16,e08,c5,p15,l2,0.00
i16,e08,c5,p15,l3,0.00
i16,e08,c5,p16,l2,0.00
i16,e08,c5,p16,l3,12.34
i16,e08,c5,p17,l2,0.00
i16,e08,c5,p17,l3,0.00
i16,e08,c5,p18,l2,0.00
i16,e08,c5,p18,l3,0.00
i16,e08,c5,p19,l2,0.00
i16,e08,c5,p19,l3,11.29
i16,e08,c5,p20,l2,0.00
i16,e08,c5,p20,l3,0.00
i16,e08,c5,p21,l2,0.00
i16,e08,c5,p21,l3,2.27
i16,e08,c5,p22,l2,0.00
i16,e08,c5,p22,l3,1.44
i16,e08,c5,p23,l2,0.00
i16,e08,c5,p23,l3,10.35
i16,e08,c5,p24,l2,0.00
i16,e08,c5,p24,l3,0.00
i16,e08,c5,p25,l2,0.00
i16,e08,c5,p25,l3,0.00
i16,e08,c5,p26,l2,0.00
i16,e08,c5,p26,l3,0.00
i16,e08,c5,p28,l2,0.00
i16,e08,c5,p28,l3,1.10
i16,e08,c5,p29,l2,0.00
i16,e08,c5,p29,l3,1.49
i16,e08,c5,p30,l2,0.00
i16,e08,c5,p30,l3,0.00
i16,e08,c5,p31,l2,0.00
i16,e08,c5,p31,l3,0.00
i16,e08,c5,p32,l2,0.00
i16,e08,c5,p32,l3,0.00
i16,e08,c5,p33,l3,0.00
i16,e08,c5,p35,l2,0.00
i16,e08,c5,p35,l3,0.00
i16,e09,c3,p01,l3,0.00
i16,e09,c3,p02,l3,0.00
i16,e09,c3,p03,l3,0.00
i16,e09,c3,p04,l2,0.00
i16,e09,c3,p04,l3,0.00
i16,e09,c3,p05,l2,0.00
i16,e09,c3,p05,l3,0.00
i16,e09,c3,p09,l3,0.00
i16,e09,c3,p10,l3,0.00
i16,e09,c3,p11,l2,0.00
i16,e09,c3,p11,l3,0.00
i16,e09,c3,p12,l2,0.00
i16,e09,c3,p12,l3,0.00
i16,e09,c3,p13,l2,0.00
i16,e09,c3,p13,l3,0.00
i16,e09,c3,p15,l2,0.00
i16,e09,c3,p15,l3,0.00
i16,e09,c3,p16,l2,0.00
i16,e09,c3,p16,l3,0.00
i16,e09,c3,p17,l3,0.00
i16,e09,c3,p21,l3,0.00
i16,e09,c3,p22,l3,0.00
i16,e09,c3,p24,l3,0.00
i16,e09,c3,p25,l3,0.00
i16,e09,c3,p35,l3,0.00
i16,e09,c5,p01,l2,0.00
i16,e09,c5,p01,l3,0.00
i16,e09,c5,p02,l2,0.00
i16,e09,c5,p02,l3,0.00
i16,e09,c5,p03,l2,0.00
i16,e09,c5,p03,l3,0.00
i16,e09,c5,p04,l2,0.00
i16,e09,c5,p04,l3,0.00
i16,e09,c5,p05,l2,0.00
i16,e09,c5,p05,l3,0.00
i16,e09,c5,p06,l2,0.00
i16,e09,c5,p06,l3,0.00
i16,e09,c5,p07,l2,0.00
i16,e09,c5,p07,l3,0.00
i16,e09,c5,p08,l2,0.00
i16,e09,c5,p08,l3,0.00
i16,e09,c5,p09,l2,0.00
i16,e09,c5,p09,l3,0.00
i16,e09,c5,p10,l2,0.00
i16,e09,c5,p10,l3,0.00
i16,e09,c5,p11,l2,0.00
i16,e09,c5,p11,l3,0.00
i16,e09,c5,p12,l2,0.00
i16,e09,c5,p12,l3,0.00
i16,e09,c5,p13,l2,0.00
i16,e09,c5,p13,l3,0.00
i16,e09,c5,p14,l2,0.00
i16,e09,c5,p14,l3,0.00
i16,e09,c5,p15,l2,0.00
i16,e09,c5,p15,l3,0.00
i16,e09,c5,p16,l2,0.00
i16,e09,c5,p16,l3,0.00
i16,e09,c5,p17,l2,0.00
i16,e09,c5,p17,l3,0.00
i16,e09,c5,p18,l2,0.00
i16,e09,c5,p18,l3,0.00
i16,e09,c5,p19,l2,0.00
i16,e09,c5,p19,l3,0.00
i16,e09,c5,p20,l2,0.00
i16,e09,c5,p20,l3,0.00
i16,e09,c5,p21,l2,0.00
i16,e09,c5,p21,l3,0.00
i16,e09,c5,p22,l2,0.00
i16,e09,c5,p22,l3,0.00
i16,e09,c5,p23,l2,0.00
i16,e09,c5,p23,l3,0.00
i16,e09,c5,p24,l2,0.00
i16,e09,c5,p24,l3,0.00
i16,e09,c5,p25,l2,0.00
i16,e09,c5,p25,l3,0.00
i16,e09,c5,p26,l2,0.00
i16,e09,c5,p26,l3,0.00
i16,e09,c5,p28,l2,0.00
i16,e09,c5,p28,l3,0.00
i16,e09,c5,p29,l2,0.00
i16,e09,c5,p29,l3,0.00
i16,e09,c5,p30,l2,0.00
i16,e09,c5,p30,l3,0.00
i16,e09,c5,p31,l2,0.00
i16,e09,c5,p31,l3,0.00
i16,e09,c5,p32,l2,0.00
i16,e09,c5,p32,l3,0.00
i16,e09,c5,p33,l3,0.00
i16,e09,c5,p35,l2,0.00
i16,e09,c5,p35,l3,0.00
i16,e11,c3,p01,l3,0.00
i16,e11,c3,p02,l3,0.00
i16,e11,c3,p04,l3,0.00
i16,e11,c3,p05,l3,0.00
i16,e11,c3,p09,l3,0.00
i16,e11,c3,p10,l3,0.00
i16,e11,c3,p11,l3,0.00
i16,e11,c3,p13,l3,0.00
i16,e11,c3,p15,l3,0.00
i16,e11,c3,p16,l2,0.00
i16,e11,c3,p16,l3,0.00
i16,e11,c3,p21,l3,0.00
i16,e11,c3,p25,l3,0.00
i16,e11,c5,p01,l2,0.00
i16,e11,c5,p01,l3,0.00
i16,e11,c5,p02,l2,0.00
i16,e11,c5,p02,l3,0.00
i16,e11,c5,p03,l2,0.00
i16,e11,c5,p03,l3,0.00
i16,e11,c5,p04,l2,0.00
i16,e11,c5,p04,l3,0.00
i16,e11,c5,p05,l2,0.00
i16,e11,c5,p05,l3,0.00
i16,e11,c5,p06,l2,0.00
i16,e11,c5,p06,l3,0.00
i16,e11,c5,p07,l2,0.00
i16,e11,c5,p07,l3,0.00
i16,e11,c5,p08,l2,0.00
i16,e11,c5,p08,l3,1.39
i16,e11,c5,p09,l2,0.00
i16,e11,c5,p09,l3,0.00
i16,e11,c5,p10,l2,0.00
i16,e11,c5,p10,l3,0.00
i16,e11,c5,p11,l2,0.00
i16,e11,c5,p11,l3,0.00
i16,e11,c5,p12,l2,0.00
i16,e11,c5,p12,l3,0.00
i16,e11,c5,p13,l2,0.00
i16,e11,c5,p13,l3,0.00
i16,e11,c5,p14,l2,0.00
i16,e11,c5,p14,l3,0.00
i16,e11,c5,p15,l2,0.00
i16,e11,c5,p15,l3,0.00
i16,e11,c5,p16,l2,0.00
i16,e11,c5,p16,l3,0.00
i16,e11,c5,p17,l2,0.00
i16,e11,c5,p17,l3,0.00
i16,e11,c5,p18,l2,0.00
i16,e11,c5,p18,l3,0.00
i16,e11,c5,p19,l2,0.00
i16,e11,c5,p19,l3,0.00
i16,e11,c5,p20,l2,0.00
i16,e11,c5,p20,l3,0.00
i16,e11,c5,p21,l2,0.00
i16,e11,c5,p21,l3,0.00
i16,e11,c5,p22,l2,0.00
i16,e11,c5,p22,l3,0.00
i16,e11,c5,p23,l2,0.00
i16,e11,c5,p23,l3,0.00
i16,e11,c5,p24,l2,0.00
i16,e11,c5,p24,l3,0.00
i16,e11,c5,p25,l2,0.00
i16,e11,c5,p25,l3,0.00
i16,e11,c5,p26,l2,0.00
i16,e11,c5,p26,l3,0.00
i16,e11,c5,p28,l2,0.00
i16,e11,c5,p28,l3,0.00
i16,e11,c5,p29,l2,0.00
i16,e11,c5,p29,l3,0.00
i16,e11,c5,p30,l2,0.00
i16,e11,c5,p30,l3,0.00
i16,e11,c5,p31,l3,0.00
i16,e11,c5,p32,l2,0.00
i16,e11,c5,p32,l3,0.00
i16,e11,c5,p33,l3,0.00
i16,e11,c5,p35,l2,0.00
i16,e11,c5,p35,l3,0.00
i17,e01,c3,p01,l3,0.00
i17,e01,c3,p02,l3,0.00
i17,e01,c3,p03,l3,0.00
i17,e01,c3,p04,l3,0.00
i17,e01,c3,p05,l3,0.00
i17,e01,c3,p06,l3,0.00
i17,e01,c3,p07,l3,0.00
i17,e01,c3,p08,l3,0.00
i17,e01,c3,p09,l3,0.00
i17,e01,c3,p10,l3,0.00
i17,e01,c3,p10,l4,0.00
i17,e01,c3,p11,l3,0.00
i17,e01,c3,p12,l3,0.00
i17,e01,c3,p13,l3,0.00
i17,e01,c3,p14,l3,0.00
i17,e01,c3,p15,l3,0.00
i17,e01,c3,p16,l3,0.00
i17,e01,c3,p17,l3,0.00
i17,e01,c3,p18,l3,0.00
i17,e01,c3,p19,l3,0.00
i17,e01,c3,p21,l3,0.00
i17,e01,c3,p22,l3,0.00
i17,e01,c3,p24,l3,0.00
i17,e01,c3,p25,l3,0.00
i17,e01,c3,p26,l3,0.00
i17,e01,c3,p28,l3,0.00
i17,e01,c3,p29,l3,0.00
i17,e01,c3,p30,l3,0.00
i17,e01,c3,p35,l3,0.00
i17,e01,c5,p01,l3,7.07
i17,e01,c5,p01,l4,0.00
i17,e01,c5,p02,l3,0.00
i17,e01,c5,p02,l4,0.00
i17,e01,c5,p03,l3,1.00
i17,e01,c5,p03,l4,0.00
i17,e01,c5,p04,l3,0.00
i17,e01,c5,p04,l4,0.00
i17,e01,c5,p05,l3,1.33
i17,e01,c5,p05,l4,0.00
i17,e01,c5,p06,l3,0.00
i17,e01,c5,p06,l4,0.00
i17,e01,c5,p07,l3,1.71
i17,e01,c5,p07,l4,0.00
i17,e01,c5,p08,l3,0.00
i17,e01,c5,p08,l4,0.00
i17,e01,c5,p09,l3,0.00
i17,e01,c5,p09,l4,0.00
i17,e01,c5,p10,l3,7.07
i17,e01,c5,p10,l4,0.00
i17,e01,c5,p11,l3,1.21
i17,e01,c5,p11,l4,0.00
i17,e01,c5,p12,l3,0.00
i17,e01,c5,p12,l4,0.00
i17,e01,c5,p13,l3,0.00
i17,e01,c5,p13,l4,0.00
i17,e01,c5,p14,l3,31.93
i17,e01,c5,p14,l4,0.00
i17,e01,c5,p15,l3,1.46
i17,e01,c5,p15,l4,0.00
i17,e01,c5,p16,l3,0.00
i17,e01,c5,p16,l4,0.00
i17,e01,c5,p17,l3,1.11
i17,e01,c5,p17,l4,0.00
i17,e01,c5,p18,l3,0.00
i17,e01,c5,p18,l4,0.00
i17,e01,c5,p19,l3,0.00
i17,e01,c5,p19,l4,0.00
i17,e01,c5,p20,l3,0.00
i17,e01,c5,p20,l4,0.00
i17,e01,c5,p21,l3,6.66
i17,e01,c5,p21,l4,0.00
i17,e01,c5,p22,l3,1.26
i17,e01,c5,p22,l4,0.00
i17,e01,c5,p23,l3,0.00
i17,e01,c5,p23,l4,0.00
i17,e01,c5,p24,l3,0.00
i17,e01,c5,p24,l4,0.00
i17,e01,c5,p25,l3,0.00
i17,e01,c5,p25,l4,0.00
i17,e01,c5,p26,l3,0.00
i17,e01,c5,p26,l4,0.00
i17,e01,c5,p28,l3,0.00
i17,e01,c5,p28,l4,0.00
i17,e01,c5,p29,l3,0.00
i17,e01,c5,p29,l4,0.00
i17,e01,c5,p30,l3,0.00
i17,e01,c5,p31,l3,0.00
i17,e01,c5,p31,l4,0.00
i17,e01,c5,p32,l3,0.00
i17,e01,c5,p32,l4,0.00
i17,e01,c5,p33,l3,0.00
i17,e01,c5,p33,l4,0.00
i17,e01,c5,p35,l3,0.00
i17,e01,c5,p35,l4,0.00
i17,e04,c3,p01,l1,0.00
i17,e04,c3,p01,l3,0.00
i17,e04,c3,p02,l1,0.00
i17,e04,c3,p02,l3,0.00
i17,e04,c3,p03,l1,0.00
i17,e04,c3,p03,l3,0.00
i17,e04,c3,p04,l1,0.00
i17,e04,c3,p04,l3,0.00
i17,e04,c3,p05,l1,0.00
i17,e04,c3,p05,l3,0.00
i17,e04,c3,p06,l1,0.00
i17,e04,c3,p06,l3,0.00
i17,e04,c3,p07,l1,0.00
i17,e04,c3,p07,l3,0.00
i17,e04,c3,p08,l3,0.00
i17,e04,c3,p09,l1,0.00
i17,e04,c3,p09,l3,0.00
i17,e04,c3,p10,l1,0.00
i17,e04,c3,p10,l3,0.00
i17,e04,c3,p10,l4,0.00
i17,e04,c3,p11,l1,0.00
i17,e04,c3,p11,l3,0.00
i17,e04,c3,p12,l1,0.00
i17,e04,c3,p12,l3,0.00
i17,e04,c3,p13,l3,0.00
i17,e04,c3,p14,l1,0.00
i17,e04,c3,p14,l3,0.00
i17,e04,c3,p15,l1,0.00
i17,e04,c3,p15,l3,0.00
i17,e04,c3,p16,l3,0.00
i17,e04,c3,p17,l1,0.00
i17,e04,c3,p17,l3,0.00
i17,e04,c3,p18,l1,0.00
i17,e04,c3,p18,l3,0.00
i17,e04,c3,p19,l1,0.00
i17,e04,c3,p19,l3,0.00
i17,e04,c3,p21,l1,0.00
i17,e04,c3,p21,l3,0.00
i17,e04,c3,p22,l3,0.00
i17,e04,c3,p24,l1,0.00
i17,e04,c3,p24,l3,0.00
i17,e04,c3,p25,l1,0.00
i17,e04,c3,p25,l3,0.00
i17,e04,c3,p26,l3,0.00
i17,e04,c3,p28,l3,0.00
i17,e04,c3,p29,l1,0.00
i17,e04,c3,p29,l3,0.00
i17,e04,c3,p30,l3,0.00
i17,e04,c3,p35,l1,0.00
i17,e04,c3,p35,l3,0.00
i17,e04,c5,p01,l1,0.00
i17,e04,c5,p01,l3,30.09
i17,e04,c5,p01,l4,0.00
i17,e04,c5,p02,l1,0.00
i17,e04,c5,p02,l3,0.00
i17,e04,c5,p02,l4,0.00
i17,e04,c5,p03,l1,0.00
i17,e04,c5,p03,l3,14.08
i17,e04,c5,p03,l4,0.00
i17,e04,c5,p04,l1,0.00
i17,e04,c5,p04,l3,4.54
i17,e04,c5,p04,l4,0.00
i17,e04,c5,p05,l1,0.00
i17,e04,c5,p05,l3,3.03
i17,e04,c5,p05,l4,0.00
i17,e04,c5,p06,l1,0.00
i17,e04,c5,p06,l3,3.30
i17,e04,c5,p06,l4,0.00
i17,e04,c5,p07,l1,0.00
i17,e04,c5,p07,l3,21.25
i17,e04,c5,p07,l4,0.00
i17,e04,c5,p08,l1,0.00
i17,e04,c5,p08,l3,2.13
i17,e04,c5,p08,l4,0.00
i17,e04,c5,p09,l1,0.00
i17,e04,c5,p09,l3,0.00
i17,e04,c5,p09,l4,0.00
i17,e04,c5,p10,l1,0.00
i17,e04,c5,p10,l3,52.03
i17,e04,c5,p10,l4,0.00
i17,e04,c5,p11,l1,0.00
i17,e04,c5,p11,l3,6.08
i17,e04,c5,p11,l4,0.00
i17,e04,c5,p12,l1,0.00
i17,e04,c5,p12,l3,7.59
i17,e04,c5,p12,l4,0.00
i17,e04,c5,p13,l1,0.00
i17,e04,c5,p13,l3,10.18
i17,e04,c5,p13,l4,0.00
i17,e04,c5,p14,l1,0.00
i17,e04,c5,p14,l3,3.06
i17,e04,c5,p14,l4,0.00
i17,e04,c5,p15,l1,0.00
i17,e04,c5,p15,l3,22.12
i17,e04,c5,p15,l4,0.00
i17,e04,c5,p16,l1,0.00
i17,e04,c5,p16,l3,4.28
i17,e04,c5,p16,l4,0.00
i17,e04,c5,p17,l1,0.00
i17,e04,c5,p17,l3,15.18
i17,e04,c5,p17,l4,0.00
i17,e04,c5,p18,l1,0.00
i17,e04,c5,p18,l3,4.51
i17,e04,c5,p18,l4,0.00
i17,e04,c5,p19,l1,0.00
i17,e04,c5,p19,l3,34.16
i17,e04,c5,p19,l4,0.00
i17,e04,c5,p20,l1,0.00
i17,e04,c5,p20,l3,1.13
i17,e04,c5,p20,l4,0.00
i17,e04,c5,p21,l1,0.00
i17,e04,c5,p21,l3,11.05
i17,e04,c5,p21,l4,0.00
i17,e04,c5,p22,l1,0.00
i17,e04,c5,p22,l3,3.07
i17,e04,c5,p22,l4,0.00
i17,e04,c5,p23,l1,0.00
i17,e04,c5,p23,l3,4.90
i17,e04,c5,p23,l4,0.00
i17,e04,c5,p24,l1,0.00
i17,e04,c5,p24,l3,4.57
i17,e04,c5,p24,l4,0.00
i17,e04,c5,p25,l1,0.00
i17,e04,c5,p25,l3,6.10
i17,e04,c5,p25,l4,0.00
i17,e04,c5,p26,l1,0.00
i17,e04,c5,p26,l3,0.00
i17,e04,c5,p26,l4,0.00
i17,e04,c5,p28,l1,0.00
i17,e04,c5,p28,l3,0.00
i17,e04,c5,p28,l4,0.00
i17,e04,c5,p29,l1,0.00
i17,e04,c5,p29,l3,15.66
i17,e04,c5,p29,l4,0.00
i17,e04,c5,p30,l1,0.00
i17,e04,c5,p30,l3,0.00
i17,e04,c5,p31,l1,0.00
i17,e04,c5,p31,l3,0.00
i17,e04,c5,p31,l4,0.00
i17,e04,c5,p32,l1,0.00
i17,e04,c5,p32,l3,0.00
i17,e04,c5,p32,l4,0.00
i17,e04,c5,p33,l1,0.00
i17,e04,c5,p33,l3,0.00
i17,e04,c5,p33,l4,0.00
i17,e04,c5,p35,l1,0.00
i17,e04,c5,p35,l3,18.07
i17,e05,c3,p01,l3,0.00
i17,e05,c3,p04,l3,0.00
i17,e05,c3,p09,l3,0.00
i17,e05,c3,p10,l3,0.00
i17,e05,c3,p19,l3,0.00
i17,e05,c3,p25,l3,0.00
i17,e05,c3,p35,l1,0.00
i17,e05,c3,p35,l3,0.00
i17,e05,c5,p01,l1,0.00
i17,e05,c5,p01,l3,0.00
i17,e05,c5,p02,l1,0.00
i17,e05,c5,p02,l3,0.00
i17,e05,c5,p03,l1,0.00
i17,e05,c5,p03,l3,0.00
i17,e05,c5,p04,l1,0.00
i17,e05,c5,p04,l3,0.00
i17,e05,c5,p05,l1,0.00
i17,e05,c5,p05,l3,0.00
i17,e05,c5,p06,l1,0.00
i17,e05,c5,p06,l3,0.00
i17,e05,c5,p07,l1,0.00
i17,e05,c5,p07,l3,0.00
i17,e05,c5,p08,l1,0.00
i17,e05,c5,p08,l3,0.00
i17,e05,c5,p09,l1,0.00
i17,e05,c5,p09,l3,0.00
i17,e05,c5,p10,l1,0.00
i17,e05,c5,p10,l3,0.00
i17,e05,c5,p11,l1,0.00
i17,e05,c5,p11,l3,0.00
i17,e05,c5,p12,l1,0.00
i17,e05,c5,p12,l3,0.00
i17,e05,c5,p13,l1,0.00
i17,e05,c5,p13,l3,0.00
i17,e05,c5,p14,l1,0.00
i17,e05,c5,p14,l3,0.00
i17,e05,c5,p15,l1,0.00
i17,e05,c5,p15,l3,0.00
i17,e05,c5,p16,l1,0.00
i17,e05,c5,p16,l3,0.00
i17,e05,c5,p17,l1,0.00
i17,e05,c5,p17,l3,0.00
i17,e05,c5,p18,l1,0.00
i17,e05,c5,p18,l3,0.00
i17,e05,c5,p19,l1,0.00
i17,e05,c5,p19,l3,0.00
i17,e05,c5,p20,l1,0.00
i17,e05,c5,p20,l3,0.00
i17,e05,c5,p21,l1,0.00
i17,e05,c5,p21,l3,0.00
i17,e05,c5,p22,l1,0.00
i17,e05,c5,p22,l3,0.00
i17,e05,c5,p23,l1,0.00
i17,e05,c5,p23,l3,0.00
i17,e05,c5,p24,l1,0.00
i17,e05,c5,p24,l3,0.00
i17,e05,c5,p25,l1,0.00
i17,e05,c5,p25,l3,0.00
i17,e05,c5,p26,l3,0.00
i17,e05,c5,p28,l1,0.00
i17,e05,c5,p28,l3,0.00
i17,e05,c5,p29,l1,0.00
i17,e05,c5,p29,l3,0.00
i17,e05,c5,p30,l3,0.00
i17,e05,c5,p31,l1,0.00
i17,e05,c5,p31,l3,0.00
i17,e05,c5,p32,l1,0.00
i17,e05,c5,p32,l3,0.00
i17,e05,c5,p33,l3,0.00
i17,e05,c5,p35,l1,0.00
i17,e05,c5,p35,l3,0.00
i17,e08,c3,p01,l2,0.00
i17,e08,c3,p01,l3,0.00
i17,e08,c3,p02,l3,0.00
i17,e08,c3,p03,l2,0.00
i17,e08,c3,p03,l3,0.00
i17,e08,c3,p04,l2,0.00
i17,e08,c3,p04,l3,0.00
i17,e08,c3,p05,l3,0.00
i17,e08,c3,p06,l2,0.00
i17,e08,c3,p06,l3,0.00
i17,e08,c3,p07,l3,0.00
i17,e08,c3,p08,l3,0.00
i17,e08,c3,p09,l2,0.00
i17,e08,c3,p09,l3,0.00
i17,e08,c3,p10,l2,0.00
i17,e08,c3,p10,l3,0.00
i17,e08,c3,p11,l2,0.00
i17,e08,c3,p11,l3,0.00
i17,e08,c3,p12,l3,0.00
i17,e08,c3,p13,l3,0.00
i17,e08,c3,p14,l2,0.00
i17,e08,c3,p14,l3,0.00
i17,e08,c3,p15,l2,0.00
i17,e08,c3,p15,l3,0.00
i17,e08,c3,p16,l3,0.00
i17,e08,c3,p17,l3,0.00
i17,e08,c3,p18,l2,0.00
i17,e08,c3,p18,l3,0.00
i17,e08,c3,p19,l2,0.00
i17,e08,c3,p19,l3,0.00
i17,e08,c3,p21,l2,0.00
i17,e08,c3,p21,l3,0.00
i17,e08,c3,p22,l3,0.00
i17,e08,c3,p23,l2,0.00
i17,e08,c3,p24,l2,0.00
i17,e08,c3,p24,l3,0.00
i17,e08,c3,p25,l3,0.00
i17,e08,c3,p26,l3,0.00
i17,e08,c3,p29,l2,0.00
i17,e08,c3,p29,l3,0.00
i17,e08,c3,p30,l3,0.00
i17,e08,c3,p35,l2,0.00
i17,e08,c3,p35,l3,0.00
i17,e08,c5,p01,l2,0.00
i17,e08,c5,p01,l3,37.35
i17,e08,c5,p02,l2,0.00
i17,e08,c5,p02,l3,0.00
i17,e08,c5,p03,l2,0.00
i17,e08,c5,p03,l3,12.18
i17,e08,c5,p04,l2,0.00
i17,e08,c5,p04,l3,3.46
i17,e08,c5,p05,l2,0.00
i17,e08,c5,p05,l3,12.26
i17,e08,c5,p06,l2,0.00
i17,e08,c5,p06,l3,1.52
i17,e08,c5,p07,l2,0.00
i17,e08,c5,p07,l3,21.04
i17,e08,c5,p08,l2,0.00
i17,e08,c5,p08,l3,0.00
i17,e08,c5,p09,l2,0.00
i17,e08,c5,p09,l3,0.00
i17,e08,c5,p10,l2,0.00
i17,e08,c5,p10,l3,40.05
i17,e08,c5,p11,l2,0.00
i17,e08,c5,p11,l3,5.50
i17,e08,c5,p12,l2,0.00
i17,e08,c5,p12,l3,1.19
i17,e08,c5,p13,l2,0.00
i17,e08,c5,p13,l3,11.29
i17,e08,c5,p14,l2,0.00
i17,e08,c5,p14,l3,30.24
i17,e08,c5,p15,l2,0.00
i17,e08,c5,p15,l3,16.29
i17,e08,c5,p16,l2,0.00
i17,e08,c5,p16,l3,0.00
i17,e08,c5,p17,l2,0.00
i17,e08,c5,p17,l3,10.44
i17,e08,c5,p18,l2,0.00
i17,e08,c5,p18,l3,4.71
i17,e08,c5,p19,l2,0.00
i17,e08,c5,p19,l3,38.00
i17,e08,c5,p20,l2,0.00
i17,e08,c5,p20,l3,0.00
i17,e08,c5,p21,l2,0.00
i17,e08,c5,p21,l3,2.08
i17,e08,c5,p22,l2,0.00
i17,e08,c5,p22,l3,2.94
i17,e08,c5,p23,l2,0.00
i17,e08,c5,p23,l3,4.21
i17,e08,c5,p24,l2,0.00
i17,e08,c5,p24,l3,4.53
i17,e08,c5,p25,l2,0.00
i17,e08,c5,p25,l3,0.00
i17,e08,c5,p26,l2,0.00
i17,e08,c5,p26,l3,0.00
i17,e08,c5,p28,l2,0.00
i17,e08,c5,p28,l3,0.00
i17,e08,c5,p29,l2,0.00
i17,e08,c5,p29,l3,12.89
i17,e08,c5,p30,l2,0.00
i17,e08,c5,p30,l3,0.00
i17,e08,c5,p31,l2,0.00
i17,e08,c5,p31,l3,1.29
i17,e08,c5,p32,l2,0.00
i17,e08,c5,p32,l3,0.00
i17,e08,c5,p33,l2,0.00
i17,e08,c5,p33,l3,0.00
i17,e08,c5,p35,l2,0.00
i17,e08,c5,p35,l3,3.59
i17,e09,c3,p01,l2,0.00
i17,e09,c3,p01,l3,0.00
i17,e09,c3,p02,l2,0.00
i17,e09,c3,p02,l3,0.00
i17,e09,c3,p03,l2,0.00
i17,e09,c3,p03,l3,0.00
i17,e09,c3,p04,l2,0.00
i17,e09,c3,p04,l3,0.00
i17,e09,c3,p05,l2,0.00
i17,e09,c3,p05,l3,0.00
i17,e09,c3,p06,l2,0.00
i17,e09,c3,p06,l3,0.00
i17,e09,c3,p07,l2,0.00
i17,e09,c3,p07,l3,0.00
i17,e09,c3,p08,l2,0.00
i17,e09,c3,p08,l3,0.00
i17,e09,c3,p09,l2,0.00
i17,e09,c3,p09,l3,0.00
i17,e09,c3,p10,l2,0.00
i17,e09,c3,p10,l3,0.00
i17,e09,c3,p11,l2,0.00
i17,e09,c3,p11,l3,0.00
i17,e09,c3,p12,l2,0.00
i17,e09,c3,p12,l3,0.00
i17,e09,c3,p13,l3,0.00
i17,e09,c3,p14,l2,0.00
i17,e09,c3,p14,l3,0.00
i17,e09,c3,p15,l2,0.00
i17,e09,c3,p15,l3,0.00
i17,e09,c3,p16,l3,0.00
i17,e09,c3,p17,l3,0.00
i17,e09,c3,p18,l2,0.00
i17,e09,c3,p18,l3,0.00
i17,e09,c3,p19,l2,0.00
i17,e09,c3,p19,l3,0.00
i17,e09,c3,p20,l3,0.00
i17,e09,c3,p21,l2,0.00
i17,e09,c3,p21,l3,0.00
i17,e09,c3,p22,l3,0.00
i17,e09,c3,p23,l3,0.00
i17,e09,c3,p24,l2,0.00
i17,e09,c3,p24,l3,0.00
i17,e09,c3,p25,l2,0.00
i17,e09,c3,p25,l3,0.00
i17,e09,c3,p26,l3,0.00
i17,e09,c3,p29,l2,0.00
i17,e09,c3,p29,l3,0.00
i17,e09,c3,p30,l3,0.00
i17,e09,c3,p35,l2,0.00
i17,e09,c3,p35,l3,0.00
i17,e09,c5,p01,l2,0.00
i17,e09,c5,p01,l3,0.00
i17,e09,c5,p01,l4,0.00
i17,e09,c5,p02,l2,0.00
i17,e09,c5,p02,l3,0.00
i17,e09,c5,p02,l4,0.00
i17,e09,c5,p03,l2,0.00
i17,e09,c5,p03,l3,3.32
i17,e09,c5,p03,l4,0.00
i17,e09,c5,p04,l2,0.00
i17,e09,c5,p04,l3,0.00
i17,e09,c5,p04,l4,0.00
i17,e09,c5,p05,l2,0.00
i17,e09,c5,p05,l3,0.00
i17,e09,c5,p05,l4,0.00
i17,e09,c5,p06,l2,0.00
i17,e09,c5,p06,l3,0.00
i17,e09,c5,p06,l4,0.00
i17,e09,c5,p07,l2,0.00
i17,e09,c5,p07,l3,4.22
i17,e09,c5,p07,l4,0.00
i17,e09,c5,p08,l2,0.00
i17,e09,c5,p08,l3,0.00
i17,e09,c5,p08,l4,0.00
i17,e09,c5,p09,l2,0.00
i17,e09,c5,p09,l3,0.00
i17,e09,c5,p09,l4,0.00
i17,e09,c5,p10,l2,0.00
i17,e09,c5,p10,l3,9.56
i17,e09,c5,p10,l4,0.00
i17,e09,c5,p11,l2,0.00
i17,e09,c5,p11,l3,2.34
i17,e09,c5,p11,l4,0.00
i17,e09,c5,p12,l2,0.00
i17,e09,c5,p12,l3,0.00
i17,e09,c5,p12,l4,0.00
i17,e09,c5,p13,l2,0.00
i17,e09,c5,p13,l3,2.12
i17,e09,c5,p13,l4,0.00
i17,e09,c5,p14,l2,0.00
i17,e09,c5,p14,l3,0.00
i17,e09,c5,p14,l4,0.00
i17,e09,c5,p15,l2,0.00
i17,e09,c5,p15,l3,1.21
i17,e09,c5,p15,l4,0.00
i17,e09,c5,p16,l2,0.00
i17,e09,c5,p16,l3,0.00
i17,e09,c5,p16,l4,0.00
i17,e09,c5,p17,l2,0.00
i17,e09,c5,p17,l3,0.00
i17,e09,c5,p17,l4,0.00
i17,e09,c5,p18,l2,0.00
i17,e09,c5,p18,l3,0.00
i17,e09,c5,p18,l4,0.00
i17,e09,c5,p19,l2,0.00
i17,e09,c5,p19,l3,6.15
i17,e09,c5,p19,l4,0.00
i17,e09,c5,p20,l2,0.00
i17,e09,c5,p20,l3,0.00
i17,e09,c5,p20,l4,0.00
i17,e09,c5,p21,l2,0.00
i17,e09,c5,p21,l3,1.31
i17,e09,c5,p21,l4,0.00
i17,e09,c5,p22,l2,0.00
i17,e09,c5,p22,l3,0.00
i17,e09,c5,p22,l4,0.00
i17,e09,c5,p23,l2,0.00
i17,e09,c5,p23,l3,0.00
i17,e09,c5,p23,l4,0.00
i17,e09,c5,p24,l2,0.00
i17,e09,c5,p24,l3,3.24
i17,e09,c5,p24,l4,0.00
i17,e09,c5,p25,l2,0.00
i17,e09,c5,p25,l3,1.04
i17,e09,c5,p25,l4,0.00
i17,e09,c5,p26,l2,0.00
i17,e09,c5,p26,l3,0.00
i17,e09,c5,p26,l4,0.00
i17,e09,c5,p28,l2,0.00
i17,e09,c5,p28,l3,0.00
i17,e09,c5,p28,l4,0.00
i17,e09,c5,p29,l2,0.00
i17,e09,c5,p29,l3,1.47
i17,e09,c5,p29,l4,0.00
i17,e09,c5,p30,l2,0.00
i17,e09,c5,p30,l3,0.00
i17,e09,c5,p31,l2,0.00
i17,e09,c5,p31,l3,0.00
i17,e09,c5,p31,l4,0.00
i17,e09,c5,p32,l2,0.00
i17,e09,c5,p32,l3,0.00
i17,e09,c5,p32,l4,0.00
i17,e09,c5,p33,l2,0.00
i17,e09,c5,p33,l3,0.00
i17,e09,c5,p33,l4,0.00
i17,e09,c5,p35,l2,0.00
i17,e09,c5,p35,l3,0.00
i17,e09,c5,p35,l4,0.00
i17,e10,c3,p03,l3,0.00
i17,e10,c3,p10,l3,0.00
i17,e10,c3,p21,l3,0.00
i17,e10,c3,p29,l3,0.00
i17,e10,c3,p35,l3,0.00
i17,e10,c5,p01,l3,0.00
i17,e10,c5,p02,l2,0.00
i17,e10,c5,p02,l3,0.00
i17,e10,c5,p03,l2,0.00
i17,e10,c5,p03,l3,0.00
i17,e10,c5,p04,l2,0.00
i17,e10,c5,p04,l3,0.00
i17,e10,c5,p05,l2,0.00
i17,e10,c5,p05,l3,0.00
i17,e10,c5,p06,l2,0.00
i17,e10,c5,p06,l3,0.00
i17,e10,c5,p07,l3,0.00
i17,e10,c5,p08,l2,0.00
i17,e10,c5,p08,l3,0.00
i17,e10,c5,p09,l3,0.00
i17,e10,c5,p10,l2,0.00
i17,e10,c5,p10,l3,0.00
i17,e10,c5,p11,l2,0.00
i17,e10,c5,p11,l3,0.00
i17,e10,c5,p12,l3,0.00
i17,e10,c5,p13,l3,0.00
i17,e10,c5,p14,l2,0.00
i17,e10,c5,p14,l3,0.00
i17,e10,c5,p15,l3,0.00
i17,e10,c5,p16,l2,0.00
i17,e10,c5,p16,l3,0.00
i17,e10,c5,p17,l2,0.00
i17,e10,c5,p17,l3,0.00
i17,e10,c5,p18,l2,0.00
i17,e10,c5,p18,l3,0.00
i17,e10,c5,p19,l2,0.00
i17,e10,c5,p19,l3,0.00
i17,e10,c5,p20,l3,0.00
i17,e10,c5,p21,l2,0.00
i17,e10,c5,p21,l3,0.00
i17,e10,c5,p22,l3,0.00
i17,e10,c5,p23,l3,0.00
i17,e10,c5,p24,l3,0.00
i17,e10,c5,p25,l3,0.00
i17,e10,c5,p26,l3,0.00
i17,e10,c5,p28,l3,0.00
i17,e10,c5,p29,l3,0.00
i17,e10,c5,p31,l3,0.00
i17,e10,c5,p32,l3,0.00
i17,e10,c5,p35,l3,0.00
i17,e11,c3,p01,l2,0.00
i17,e11,c3,p01,l3,0.00
i17,e11,c3,p01,l4,0.00
i17,e11,c3,p02,l3,0.00
i17,e11,c3,p02,l4,0.00
i17,e11,c3,p03,l2,0.00
i17,e11,c3,p03,l3,0.00
i17,e11,c3,p03,l4,0.00
i17,e11,c3,p04,l2,0.00
i17,e11,c3,p04,l3,0.00
i17,e11,c3,p04,l4,0.00
i17,e11,c3,p05,l3,0.00
i17,e11,c3,p05,l4,0.00
i17,e11,c3,p06,l3,0.00
i17,e11,c3,p07,l3,0.00
i17,e11,c3,p08,l3,0.00
i17,e11,c3,p08,l4,0.00
i17,e11,c3,p09,l2,0.00
i17,e11,c3,p09,l3,0.00
i17,e11,c3,p09,l4,0.00
i17,e11,c3,p10,l2,0.00
i17,e11,c3,p10,l3,0.00
i17,e11,c3,p10,l4,0.00
i17,e11,c3,p11,l2,0.00
i17,e11,c3,p11,l3,0.00
i17,e11,c3,p11,l4,0.00
i17,e11,c3,p12,l3,0.00
i17,e11,c3,p12,l4,0.00
i17,e11,c3,p13,l3,0.00
i17,e11,c3,p13,l4,0.00
i17,e11,c3,p14,l2,0.00
i17,e11,c3,p14,l3,0.00
i17,e11,c3,p14,l4,0.00
i17,e11,c3,p15,l2,0.00
i17,e11,c3,p15,l3,0.00
i17,e11,c3,p15,l4,0.00
i17,e11,c3,p16,l3,0.00
i17,e11,c3,p16,l4,0.00
i17,e11,c3,p17,l3,0.00
i17,e11,c3,p17,l4,0.00
i17,e11,c3,p18,l3,0.00
i17,e11,c3,p19,l2,0.00
i17,e11,c3,p19,l3,0.00
i17,e11,c3,p19,l4,0.00
i17,e11,c3,p21,l2,0.00
i17,e11,c3,p21,l3,0.00
i17,e11,c3,p21,l4,0.00
i17,e11,c3,p22,l4,0.00
i17,e11,c3,p23,l4,0.00
i17,e11,c3,p24,l2,0.00
i17,e11,c3,p24,l3,0.00
i17,e11,c3,p24,l4,0.00
i17,e11,c3,p25,l3,0.00
i17,e11,c3,p25,l4,0.00
i17,e11,c3,p26,l4,0.00
i17,e11,c3,p29,l3,0.00
i17,e11,c3,p29,l4,0.00
i17,e11,c3,p30,l3,0.00
i17,e11,c3,p30,l4,0.00
i17,e11,c3,p33,l3,0.00
i17,e11,c3,p35,l3,0.00
i17,e11,c3,p35,l4,0.00
i17,e11,c5,p01,l2,0.00
i17,e11,c5,p01,l3,2.90
i17,e11,c5,p01,l4,6.75
i17,e11,c5,p02,l2,0.00
i17,e11,c5,p02,l3,0.00
i17,e11,c5,p02,l4,0.00
i17,e11,c5,p03,l2,0.00
i17,e11,c5,p03,l3,1.92
i17,e11,c5,p03,l4,11.60
i17,e11,c5,p04,l2,0.00
i17,e11,c5,p04,l3,0.00
i17,e11,c5,p04,l4,1.12
i17,e11,c5,p05,l2,0.00
i17,e11,c5,p05,l3,0.00
i17,e11,c5,p05,l4,0.00
i17,e11,c5,p06,l2,0.00
i17,e11,c5,p06,l3,0.00
i17,e11,c5,p06,l4,0.00
i17,e11,c5,p07,l2,0.00
i17,e11,c5,p07,l3,0.00
i17,e11,c5,p07,l4,0.00
i17,e11,c5,p08,l2,0.00
i17,e11,c5,p08,l3,0.00
i17,e11,c5,p08,l4,0.00
i17,e11,c5,p09,l2,0.00
i17,e11,c5,p09,l3,0.00
i17,e11,c5,p09,l4,0.00
i17,e11,c5,p10,l2,0.00
i17,e11,c5,p10,l3,4.64
i17,e11,c5,p10,l4,17.65
i17,e11,c5,p11,l2,0.00
i17,e11,c5,p11,l3,0.00
i17,e11,c5,p11,l4,0.00
i17,e11,c5,p12,l2,0.00
i17,e11,c5,p12,l3,0.00
i17,e11,c5,p12,l4,0.00
i17,e11,c5,p13,l2,0.00
i17,e11,c5,p13,l3,0.00
i17,e11,c5,p13,l4,0.00
i17,e11,c5,p14,l2,0.00
i17,e11,c5,p14,l3,0.00
i17,e11,c5,p14,l4,0.00
i17,e11,c5,p15,l2,0.00
i17,e11,c5,p15,l3,0.00
i17,e11,c5,p15,l4,0.00
i17,e11,c5,p16,l2,0.00
i17,e11,c5,p16,l3,0.00
i17,e11,c5,p16,l4,3.08
i17,e11,c5,p17,l2,0.00
i17,e11,c5,p17,l3,0.00
i17,e11,c5,p17,l4,0.00
i17,e11,c5,p18,l2,0.00
i17,e11,c5,p18,l3,0.00
i17,e11,c5,p18,l4,1.17
i17,e11,c5,p19,l2,0.00
i17,e11,c5,p19,l3,4.58
i17,e11,c5,p19,l4,0.00
i17,e11,c5,p20,l2,0.00
i17,e11,c5,p20,l3,0.00
i17,e11,c5,p20,l4,0.00
i17,e11,c5,p21,l2,0.00
i17,e11,c5,p21,l3,0.00
i17,e11,c5,p21,l4,9.92
i17,e11,c5,p22,l2,0.00
i17,e11,c5,p22,l3,0.00
i17,e11,c5,p22,l4,0.00
i17,e11,c5,p23,l2,0.00
i17,e11,c5,p23,l3,0.00
i17,e11,c5,p23,l4,0.00
i17,e11,c5,p24,l2,0.00
i17,e11,c5,p24,l3,0.00
i17,e11,c5,p24,l4,0.00
i17,e11,c5,p25,l2,0.00
i17,e11,c5,p25,l3,0.00
i17,e11,c5,p25,l4,0.00
i17,e11,c5,p26,l2,0.00
i17,e11,c5,p26,l3,0.00
i17,e11,c5,p26,l4,0.00
i17,e11,c5,p28,l2,0.00
i17,e11,c5,p28,l3,0.00
i17,e11,c5,p28,l4,0.00
i17,e11,c5,p29,l2,0.00
i17,e11,c5,p29,l3,0.00
i17,e11,c5,p29,l4,0.00
i17,e11,c5,p30,l2,0.00
i17,e11,c5,p30,l3,0.00
i17,e11,c5,p30,l4,0.00
i17,e11,c5,p31,l2,0.00
i17,e11,c5,p31,l3,0.00
i17,e11,c5,p31,l4,0.00
i17,e11,c5,p32,l2,0.00
i17,e11,c5,p32,l3,0.00
i17,e11,c5,p32,l4,0.00
i17,e11,c5,p33,l2,0.00
i17,e11,c5,p33,l3,0.00
i17,e11,c5,p33,l4,0.00
i17,e11,c5,p35,l2,0.00
i17,e11,c5,p35,l3,0.00
i17,e11,c5,p35,l4,0.00
i18,e01,c1,p35,l3,10.82
i18,e01,c4,p35,l3,0.00
i18,e04,c1,p35,l1,0.00
i18,e04,c1,p35,l3,0.00
i18,e04,c4,p35,l1,0.00
i18,e04,c4,p35,l3,0.00
i18,e05,c1,p35,l1,0.00
i18,e05,c1,p35,l3,0.00
i18,e05,c4,p35,l3,0.00
i18,e06,c1,p35,l3,0.00
i18,e07,c1,p35,l2,0.00
i18,e07,c1,p35,l3,0.00
i18,e07,c4,p35,l2,0.00
i18,e07,c4,p35,l3,0.00
i18,e08,c1,p35,l2,0.00
i18,e08,c1,p35,l3,0.00
i18,e08,c4,p35,l2,0.00
i18,e08,c4,p35,l3,0.00
i18,e09,c1,p35,l2,0.00
i18,e09,c1,p35,l3,0.00
i18,e09,c4,p35,l2,0.00
i18,e09,c4,p35,l3,0.00
i18,e11,c1,p35,l2,0.00
i18,e11,c1,p35,l3,0.00
i18,e11,c4,p35,l3,0.00
i18,e12,c1,p35,l3,0.00
i18,e12,c4,p35,l3,0.00
i18,e13,c1,p35,l3,0.00
i19,e01,c3,p10,l3,0.00
i19,e01,c3,p35,l3,0.00
i19,e01,c5,p01,l3,0.00
i19,e01,c5,p03,l3,0.00
i19,e01,c5,p05,l3,0.00
i19,e01,c5,p07,l3,0.00
i19,e01,c5,p10,l3,0.00
i19,e01,c5,p11,l3,0.00
i19,e01,c5,p12,l3,0.00
i19,e01,c5,p15,l3,0.00
i19,e01,c5,p16,l3,0.00
i19,e01,c5,p17,l3,0.00
i19,e01,c5,p18,l3,0.00
i19,e01,c5,p19,l3,0.00
i19,e01,c5,p24,l3,0.00
i19,e01,c5,p35,l3,0.00
i19,e02,c3,p10,l3,0.00
i19,e02,c3,p35,l3,0.00
i19,e02,c5,p01,l3,0.00
i19,e02,c5,p03,l3,0.00
i19,e02,c5,p10,l3,0.00
i19,e02,c5,p18,l3,0.00
i19,e02,c5,p35,l3,0.00
i19,e03,c3,p10,l3,0.00
i19,e03,c3,p35,l3,0.00
i19,e03,c5,p01,l3,0.00
i19,e03,c5,p02,l3,0.00
i19,e03,c5,p03,l3,0.00
i19,e03,c5,p05,l3,0.00
i19,e03,c5,p07,l3,0.00
i19,e03,c5,p10,l3,0.00
i19,e03,c5,p11,l3,0.00
i19,e03,c5,p12,l3,0.00
i19,e03,c5,p13,l3,0.00
i19,e03,c5,p15,l3,0.00
i19,e03,c5,p16,l3,0.00
i19,e03,c5,p17,l3,0.00
i19,e03,c5,p18,l3,0.00
i19,e03,c5,p19,l3,0.00
i19,e03,c5,p24,l3,0.00
i19,e03,c5,p33,l3,0.00
i19,e03,c5,p35,l3,0.00
i19,e04,c3,p10,l3,0.00
i19,e04,c3,p35,l3,0.00
i19,e04,c5,p01,l3,0.00
i19,e04,c5,p03,l3,0.00
i19,e04,c5,p05,l3,0.00
i19,e04,c5,p07,l3,0.00
i19,e04,c5,p10,l3,0.00
i19,e04,c5,p11,l3,0.00
i19,e04,c5,p12,l3,0.00
i19,e04,c5,p13,l3,0.00
i19,e04,c5,p15,l3,0.00
i19,e04,c5,p16,l3,0.00
i19,e04,c5,p17,l3,0.00
i19,e04,c5,p18,l3,0.00
i19,e04,c5,p19,l3,0.00
i19,e04,c5,p33,l3,0.00
i19,e04,c5,p35,l3,0.00
i19,e05,c3,p10,l3,0.00
i19,e05,c3,p35,l3,0.00
i19,e05,c5,p01,l3,0.00
i19,e05,c5,p03,l3,0.00
i19,e05,c5,p07,l3,0.00
i19,e05,c5,p10,l3,0.00
i19,e05,c5,p12,l3,0.00
i19,e05,c5,p15,l3,0.00
i19,e05,c5,p17,l3,0.00
i19,e05,c5,p18,l3,0.00
i19,e05,c5,p35,l3,0.00
i19,e07,c3,p10,l3,0.00
i19,e07,c5,p03,l3,0.00
i19,e07,c5,p10,l3,0.00
i19,e07,c5,p35,l3,0.00
i19,e08,c3,p10,l3,0.00
i19,e08,c3,p35,l3,0.00
i19,e08,c5,p01,l3,0.00
i19,e08,c5,p03,l3,0.00
i19,e08,c5,p05,l3,0.00
i19,e08,c5,p07,l3,0.00
i19,e08,c5,p10,l3,0.00
i19,e08,c5,p11,l3,0.00
i19,e08,c5,p12,l3,0.00
i19,e08,c5,p13,l3,0.00
i19,e08,c5,p15,l3,0.00
i19,e08,c5,p16,l3,0.00
i19,e08,c5,p17,l3,0.00
i19,e08,c5,p19,l3,0.00
i19,e08,c5,p24,l3,0.00
i19,e08,c5,p33,l3,0.00
i19,e08,c5,p35,l3,0.00
i19,e09,c3,p10,l3,0.00
i19,e09,c3,p35,l3,0.00
i19,e09,c5,p01,l3,0.00
i19,e09,c5,p03,l3,0.00
i19,e09,c5,p05,l3,0.00
i19,e09,c5,p07,l3,0.00
i19,e09,c5,p10,l3,0.00
i19,e09,c5,p11,l3,0.00
i19,e09,c5,p12,l3,0.00
i19,e09,c5,p15,l3,0.00
i19,e09,c5,p16,l3,0.00
i19,e09,c5,p17,l3,0.00
i19,e09,c5,p18,l3,0.00
i19,e09,c5,p19,l3,0.00
i19,e09,c5,p35,l3,0.00
i19,e10,c3,p10,l1,0.00
i19,e10,c3,p10,l2,0.00
i19,e10,c3,p10,l3,0.00
i19,e10,c3,p10,l4,0.00
i19,e10,c3,p35,l1,0.00
i19,e10,c3,p35,l2,0.00
i19,e10,c3,p35,l3,0.00
i19,e10,c3,p35,l4,0.00
i19,e10,c5,p01,l1,0.00
i19,e10,c5,p01,l2,0.00
i19,e10,c5,p01,l3,0.00
i19,e10,c5,p01,l4,0.00
i19,e10,c5,p03,l1,0.00
i19,e10,c5,p03,l2,0.00
i19,e10,c5,p03,l3,0.00
i19,e10,c5,p03,l4,0.00
i19,e10,c5,p05,l3,0.00
i19,e10,c5,p05,l4,0.00
i19,e10,c5,p07,l1,0.00
i19,e10,c5,p07,l2,0.00
i19,e10,c5,p07,l3,0.00
i19,e10,c5,p07,l4,0.00
i19,e10,c5,p10,l1,0.00
i19,e10,c5,p10,l2,0.00
i19,e10,c5,p10,l3,0.00
i19,e10,c5,p10,l4,0.00
i19,e10,c5,p11,l3,0.00
i19,e10,c5,p11,l4,0.00
i19,e10,c5,p12,l2,0.00
i19,e10,c5,p12,l3,0.00
i19,e10,c5,p12,l4,0.00
i19,e10,c5,p15,l2,0.00
i19,e10,c5,p15,l3,0.00
i19,e10,c5,p15,l4,0.00
i19,e10,c5,p16,l1,0.00
i19,e10,c5,p16,l3,0.00
i19,e10,c5,p16,l4,0.00
i19,e10,c5,p17,l1,0.00
i19,e10,c5,p17,l2,0.00
i19,e10,c5,p17,l3,0.00
i19,e10,c5,p17,l4,0.00
i19,e10,c5,p18,l1,0.00
i19,e10,c5,p18,l3,0.00
i19,e10,c5,p18,l4,0.00
i19,e10,c5,p19,l2,0.00
i19,e10,c5,p19,l3,0.00
i19,e10,c5,p23,l3,0.00
i19,e10,c5,p23,l4,0.00
i19,e10,c5,p24,l3,0.00
i19,e10,c5,p24,l4,0.00
i19,e10,c5,p35,l1,0.00
i19,e10,c5,p35,l2,0.00
i19,e10,c5,p35,l3,0.00
i19,e10,c5,p35,l4,0.00
i19,e11,c3,p10,l3,0.00
i19,e11,c3,p35,l3,0.00
i19,e11,c5,p01,l3,0.00
i19,e11,c5,p02,l3,0.00
i19,e11,c5,p03,l3,0.00
i19,e11,c5,p05,l3,0.00
i19,e11,c5,p07,l3,0.00
i19,e11,c5,p10,l3,0.00
i19,e11,c5,p11,l3,0.00
i19,e11,c5,p12,l3,0.00
i19,e11,c5,p13,l3,0.00
i19,e11,c5,p15,l3,0.00
i19,e11,c5,p16,l3,0.00
i19,e11,c5,p17,l3,0.00
i19,e11,c5,p19,l3,0.00
i19,e11,c5,p24,l3,0.00
i19,e11,c5,p35,l3,0.00
i19,e12,c3,p10,l3,0.00
i19,e12,c5,p01,l3,0.00
i19,e12,c5,p03,l3,0.00
i19,e12,c5,p07,l3,0.00
i19,e12,c5,p10,l3,0.00
i19,e12,c5,p12,l3,0.00
i19,e12,c5,p15,l3,0.00
i19,e12,c5,p16,l3,0.00
i19,e12,c5,p17,l3,0.00
i19,e12,c5,p19,l3,0.00
i19,e12,c5,p35,l3,0.00
i19,e13,c3,p10,l3,0.00
i19,e13,c3,p35,l3,0.00
i19,e13,c5,p01,l3,0.00
i19,e13,c5,p02,l3,0.00
i19,e13,c5,p03,l3,0.00
i19,e13,c5,p05,l3,0.00
i19,e13,c5,p07,l3,0.00
i19,e13,c5,p10,l3,0.00
i19,e13,c5,p11,l3,0.00
i19,e13,c5,p12,l3,0.00
i19,e13,c5,p13,l3,0.00
i19,e13,c5,p15,l3,0.00
i19,e13,c5,p16,l3,0.00
i19,e13,c5,p17,l3,0.00
i19,e13,c5,p18,l3,0.00
i19,e13,c5,p19,l3,0.00
i19,e13,c5,p23,l3,0.00
i19,e13,c5,p24,l3,0.00
i19,e13,c5,p35,l3,0.00
i20,e01,c3,p10,l3,0.00
i20,e01,c5,p01,l3,0.00
i20,e01,c5,p02,l3,0.00
i20,e01,c5,p03,l3,0.00
i20,e01,c5,p04,l3,0.00
i20,e01,c5,p05,l3,0.00
i20,e01,c5,p06,l3,0.00
i20,e01,c5,p07,l3,0.00
i20,e01,c5,p08,l3,0.00
i20,e01,c5,p09,l3,0.00
i20,e01,c5,p10,l3,0.00
i20,e01,c5,p11,l3,0.00
i20,e01,c5,p12,l3,0.00
i20,e01,c5,p13,l3,0.00
i20,e01,c5,p14,l3,0.00
i20,e01,c5,p15,l3,0.00
i20,e01,c5,p16,l3,0.00
i20,e01,c5,p17,l3,0.00
i20,e01,c5,p18,l3,0.00
i20,e01,c5,p19,l3,0.00
i20,e01,c5,p20,l3,0.00
i20,e01,c5,p21,l3,0.00
i20,e01,c5,p22,l3,0.00
i20,e01,c5,p23,l3,0.00
i20,e01,c5,p24,l3,0.00
i20,e01,c5,p25,l3,0.00
i20,e01,c5,p26,l3,0.00
i20,e01,c5,p28,l3,0.00
i20,e01,c5,p29,l3,0.00
i20,e01,c5,p31,l3,0.00
i20,e01,c5,p32,l3,0.00
i20,e01,c5,p35,l3,0.00
i20,e02,c3,p10,l3,0.00
i20,e02,c5,p01,l1,0.00
i20,e02,c5,p01,l3,0.00
i20,e02,c5,p02,l3,0.00
i20,e02,c5,p03,l1,0.00
i20,e02,c5,p03,l3,0.00
i20,e02,c5,p04,l1,0.00
i20,e02,c5,p04,l3,0.00
i20,e02,c5,p05,l1,0.00
i20,e02,c5,p05,l3,0.00
i20,e02,c5,p06,l1,0.00
i20,e02,c5,p06,l3,0.00
i20,e02,c5,p07,l1,0.00
i20,e02,c5,p07,l3,0.00
i20,e02,c5,p08,l3,0.00
i20,e02,c5,p09,l1,0.00
i20,e02,c5,p09,l3,0.00
i20,e02,c5,p10,l1,0.00
i20,e02,c5,p10,l3,0.00
i20,e02,c5,p11,l1,0.00
i20,e02,c5,p11,l3,0.00
i20,e02,c5,p12,l1,0.00
i20,e02,c5,p12,l3,0.00
i20,e02,c5,p13,l1,0.00
i20,e02,c5,p13,l3,0.00
i20,e02,c5,p14,l3,0.00
i20,e02,c5,p15,l1,0.00
i20,e02,c5,p15,l3,0.00
i20,e02,c5,p16,l1,0.00
i20,e02,c5,p16,l3,0.00
i20,e02,c5,p17,l1,0.00
i20,e02,c5,p17,l3,0.00
i20,e02,c5,p18,l1,0.00
i20,e02,c5,p18,l3,0.00
i20,e02,c5,p19,l1,0.00
i20,e02,c5,p19,l3,0.00
i20,e02,c5,p20,l3,0.00
i20,e02,c5,p21,l1,0.00
i20,e02,c5,p21,l3,0.00
i20,e02,c5,p22,l3,0.00
i20,e02,c5,p23,l1,0.00
i20,e02,c5,p23,l3,0.00
i20,e02,c5,p24,l1,0.00
i20,e02,c5,p24,l3,0.00
i20,e02,c5,p25,l1,0.00
i20,e02,c5,p25,l3,0.00
i20,e02,c5,p26,l3,0.00
i20,e02,c5,p29,l1,0.00
i20,e02,c5,p29,l3,0.00
i20,e02,c5,p31,l3,0.00
i20,e02,c5,p35,l1,0.00
i20,e02,c5,p35,l3,0.00
i20,e04,c3,p07,l1,0.00
i20,e04,c3,p07,l3,0.00
i20,e04,c3,p10,l3,0.00
i20,e04,c3,p35,l1,0.00
i20,e04,c5,p01,l1,0.00
i20,e04,c5,p01,l3,0.00
i20,e04,c5,p02,l1,0.00
i20,e04,c5,p02,l3,0.00
i20,e04,c5,p03,l1,0.00
i20,e04,c5,p03,l3,0.00
i20,e04,c5,p04,l1,0.00
i20,e04,c5,p04,l3,0.00
i20,e04,c5,p05,l1,0.00
i20,e04,c5,p05,l3,0.00
i20,e04,c5,p06,l1,0.00
i20,e04,c5,p06,l3,0.00
i20,e04,c5,p07,l1,0.00
i20,e04,c5,p07,l3,0.00
i20,e04,c5,p08,l1,0.00
i20,e04,c5,p08,l3,0.00
i20,e04,c5,p09,l1,0.00
i20,e04,c5,p09,l3,0.00
i20,e04,c5,p10,l1,0.00
i20,e04,c5,p10,l3,0.00
i20,e04,c5,p11,l1,0.00
i20,e04,c5,p11,l3,0.00
i20,e04,c5,p12,l1,0.00
i20,e04,c5,p12,l3,0.00
i20,e04,c5,p13,l1,0.00
i20,e04,c5,p13,l3,0.00
i20,e04,c5,p14,l1,0.00
i20,e04,c5,p14,l3,0.00
i20,e04,c5,p15,l1,0.00
i20,e04,c5,p15,l3,0.00
i20,e04,c5,p16,l1,0.00
i20,e04,c5,p16,l3,0.00
i20,e04,c5,p17,l1,0.00
i20,e04,c5,p17,l3,0.00
i20,e04,c5,p18,l1,0.00
i20,e04,c5,p18,l3,0.00
i20,e04,c5,p19,l1,0.00
i20,e04,c5,p19,l3,0.00
i20,e04,c5,p20,l1,0.00
i20,e04,c5,p20,l3,0.00
i20,e04,c5,p21,l1,0.00
i20,e04,c5,p21,l3,0.00
i20,e04,c5,p22,l1,0.00
i20,e04,c5,p22,l3,0.00
i20,e04,c5,p23,l1,0.00
i20,e04,c5,p23,l3,0.00
i20,e04,c5,p24,l1,0.00
i20,e04,c5,p24,l3,0.00
i20,e04,c5,p25,l1,0.00
i20,e04,c5,p25,l3,0.00
i20,e04,c5,p26,l3,0.00
i20,e04,c5,p28,l1,0.00
i20,e04,c5,p28,l3,0.00
i20,e04,c5,p29,l1,0.00
i20,e04,c5,p29,l3,0.00
i20,e04,c5,p30,l1,0.00
i20,e04,c5,p30,l3,0.00
i20,e04,c5,p31,l1,0.00
i20,e04,c5,p31,l3,0.00
i20,e04,c5,p32,l1,0.00
i20,e04,c5,p32,l3,0.00
i20,e04,c5,p35,l1,0.00
i20,e04,c5,p35,l3,0.00
i20,e05,c3,p07,l3,0.00
i20,e05,c3,p10,l3,0.00
i20,e05,c5,p01,l1,0.00
i20,e05,c5,p01,l3,0.00
i20,e05,c5,p02,l1,0.00
i20,e05,c5,p02,l3,0.00
i20,e05,c5,p03,l1,0.00
i20,e05,c5,p03,l3,0.00
i20,e05,c5,p04,l1,0.00
i20,e05,c5,p04,l3,0.00
i20,e05,c5,p05,l1,0.00
i20,e05,c5,p05,l3,0.00
i20,e05,c5,p06,l1,0.00
i20,e05,c5,p06,l3,0.00
i20,e05,c5,p07,l1,0.00
i20,e05,c5,p07,l3,0.00
i20,e05,c5,p08,l1,0.00
i20,e05,c5,p08,l3,0.00
i20,e05,c5,p09,l1,0.00
i20,e05,c5,p09,l3,0.00
i20,e05,c5,p10,l1,0.00
i20,e05,c5,p10,l3,0.00
i20,e05,c5,p11,l1,0.00
i20,e05,c5,p11,l3,0.00
i20,e05,c5,p12,l1,0.00
i20,e05,c5,p12,l3,0.00
i20,e05,c5,p13,l1,0.00
i20,e05,c5,p13,l3,0.00
i20,e05,c5,p14,l1,0.00
i20,e05,c5,p14,l3,0.00
i20,e05,c5,p15,l1,0.00
i20,e05,c5,p15,l3,0.00
i20,e05,c5,p16,l1,0.00
i20,e05,c5,p16,l3,0.00
i20,e05,c5,p17,l1,0.00
i20,e05,c5,p17,l3,0.00
i20,e05,c5,p18,l1,0.00
i20,e05,c5,p18,l3,0.00
i20,e05,c5,p19,l1,0.00
i20,e05,c5,p19,l3,0.00
i20,e05,c5,p20,l3,0.00
i20,e05,c5,p21,l1,0.00
i20,e05,c5,p21,l3,0.00
i20,e05,c5,p22,l1,0.00
i20,e05,c5,p22,l3,0.00
i20,e05,c5,p23,l1,0.00
i20,e05,c5,p23,l3,0.00
i20,e05,c5,p24,l1,0.00
i20,e05,c5,p24,l3,0.00
i20,e05,c5,p25,l1,0.00
i20,e05,c5,p25,l3,0.00
i20,e05,c5,p26,l3,0.00
i20,e05,c5,p28,l1,0.00
i20,e05,c5,p28,l3,0.00
i20,e05,c5,p29,l1,0.00
i20,e05,c5,p29,l3,0.00
i20,e05,c5,p31,l3,0.00
i20,e05,c5,p32,l1,0.00
i20,e05,c5,p32,l3,0.00
i20,e05,c5,p35,l1,0.00
i20,e05,c5,p35,l3,0.00
i20,e08,c3,p07,l2,0.00
i20,e08,c3,p07,l3,0.00
i20,e08,c3,p10,l2,0.00
i20,e08,c3,p10,l3,0.00
i20,e08,c3,p35,l2,0.00
i20,e08,c5,p01,l2,0.00
i20,e08,c5,p01,l3,0.00
i20,e08,c5,p02,l2,0.00
i20,e08,c5,p02,l3,0.00
i20,e08,c5,p03,l2,0.00
i20,e08,c5,p03,l3,0.00
i20,e08,c5,p04,l2,0.00
i20,e08,c5,p04,l3,0.00
i20,e08,c5,p05,l2,0.00
i20,e08,c5,p05,l3,0.00
i20,e08,c5,p06,l2,0.00
i20,e08,c5,p06,l3,0.00
i20,e08,c5,p07,l2,0.00
i20,e08,c5,p07,l3,0.00
i20,e08,c5,p08,l2,0.00
i20,e08,c5,p08,l3,0.00
i20,e08,c5,p09,l2,0.00
i20,e08,c5,p09,l3,0.00
i20,e08,c5,p10,l2,0.00
i20,e08,c5,p10,l3,0.00
i20,e08,c5,p11,l2,0.00
i20,e08,c5,p11,l3,0.00
i20,e08,c5,p12,l2,0.00
i20,e08,c5,p12,l3,0.00
i20,e08,c5,p13,l2,0.00
i20,e08,c5,p13,l3,0.00
i20,e08,c5,p14,l2,0.00
i20,e08,c5,p14,l3,0.00
i20,e08,c5,p15,l2,0.00
i20,e08,c5,p15,l3,0.00
i20,e08,c5,p16,l2,0.00
i20,e08,c5,p16,l3,0.00
i20,e08,c5,p17,l2,0.00
i20,e08,c5,p17,l3,0.00
i20,e08,c5,p18,l2,0.00
i20,e08,c5,p18,l3,0.00
i20,e08,c5,p19,l2,0.00
i20,e08,c5,p19,l3,0.00
i20,e08,c5,p20,l2,0.00
i20,e08,c5,p20,l3,0.00
i20,e08,c5,p21,l2,0.00
i20,e08,c5,p21,l3,0.00
i20,e08,c5,p22,l2,0.00
i20,e08,c5,p22,l3,0.00
i20,e08,c5,p23,l2,0.00
i20,e08,c5,p23,l3,0.00
i20,e08,c5,p24,l2,0.00
i20,e08,c5,p24,l3,0.00
i20,e08,c5,p25,l2,0.00
i20,e08,c5,p25,l3,0.00
i20,e08,c5,p26,l3,0.00
i20,e08,c5,p28,l2,0.00
i20,e08,c5,p28,l3,0.00
i20,e08,c5,p29,l2,0.00
i20,e08,c5,p29,l3,0.00
i20,e08,c5,p30,l2,0.00
i20,e08,c5,p30,l3,0.00
i20,e08,c5,p31,l2,0.00
i20,e08,c5,p31,l3,0.00
i20,e08,c5,p32,l2,0.00
i20,e08,c5,p32,l3,0.00
i20,e08,c5,p35,l2,0.00
i20,e08,c5,p35,l3,0.00
i20,e09,c3,p10,l3,0.00
i20,e09,c5,p01,l2,0.00
i20,e09,c5,p01,l3,0.00
i20,e09,c5,p02,l2,0.00
i20,e09,c5,p02,l3,0.00
i20,e09,c5,p03,l2,0.00
i20,e09,c5,p03,l3,0.00
i20,e09,c5,p04,l2,0.00
i20,e09,c5,p04,l3,0.00
i20,e09,c5,p05,l2,0.00
i20,e09,c5,p05,l3,0.00
i20,e09,c5,p06,l2,0.00
i20,e09,c5,p06,l3,0.00
i20,e09,c5,p07,l2,0.00
i20,e09,c5,p07,l3,0.00
i20,e09,c5,p08,l2,0.00
i20,e09,c5,p08,l3,0.00
i20,e09,c5,p09,l2,0.00
i20,e09,c5,p09,l3,0.00
i20,e09,c5,p10,l2,0.00
i20,e09,c5,p10,l3,0.00
i20,e09,c5,p11,l2,0.00
i20,e09,c5,p11,l3,0.00
i20,e09,c5,p12,l2,0.00
i20,e09,c5,p12,l3,0.00
i20,e09,c5,p13,l2,0.00
i20,e09,c5,p13,l3,0.00
i20,e09,c5,p14,l2,0.00
i20,e09,c5,p14,l3,1.10
i20,e09,c5,p15,l2,0.00
i20,e09,c5,p15,l3,0.00
i20,e09,c5,p16,l2,0.00
i20,e09,c5,p16,l3,0.00
i20,e09,c5,p17,l2,0.00
i20,e09,c5,p17,l3,0.00
i20,e09,c5,p18,l2,0.00
i20,e09,c5,p18,l3,0.00
i20,e09,c5,p19,l2,0.00
i20,e09,c5,p19,l3,0.00
i20,e09,c5,p20,l2,0.00
i20,e09,c5,p20,l3,0.00
i20,e09,c5,p21,l2,0.00
i20,e09,c5,p21,l3,0.00
i20,e09,c5,p22,l2,0.00
i20,e09,c5,p22,l3,0.00
i20,e09,c5,p23,l2,0.00
i20,e09,c5,p23,l3,0.00
i20,e09,c5,p24,l2,0.00
i20,e09,c5,p24,l3,0.00
i20,e09,c5,p25,l2,0.00
i20,e09,c5,p25,l3,0.00
i20,e09,c5,p26,l3,0.00
i20,e09,c5,p28,l2,0.00
i20,e09,c5,p28,l3,0.00
i20,e09,c5,p29,l2,0.00
i20,e09,c5,p29,l3,0.00
i20,e09,c5,p31,l3,0.00
i20,e09,c5,p32,l2,0.00
i20,e09,c5,p32,l3,0.00
i20,e09,c5,p35,l2,0.00
i20,e09,c5,p35,l3,0.00
i20,e11,c5,p01,l3,0.00
i20,e11,c5,p02,l3,0.00
i20,e11,c5,p03,l2,0.00
i20,e11,c5,p03,l3,0.00
i20,e11,c5,p04,l3,0.00
i20,e11,c5,p05,l2,0.00
i20,e11,c5,p05,l3,0.00
i20,e11,c5,p06,l3,0.00
i20,e11,c5,p07,l2,0.00
i20,e11,c5,p07,l3,0.00
i20,e11,c5,p08,l3,0.00
i20,e11,c5,p09,l3,0.00
i20,e11,c5,p10,l3,0.00
i20,e11,c5,p11,l3,0.00
i20,e11,c5,p12,l3,0.00
i20,e11,c5,p13,l3,0.00
i20,e11,c5,p14,l3,0.00
i20,e11,c5,p15,l3,0.00
i20,e11,c5,p16,l2,0.00
i20,e11,c5,p16,l3,0.00
i20,e11,c5,p17,l2,0.00
i20,e11,c5,p17,l3,0.00
i20,e11,c5,p18,l3,0.00
i20,e11,c5,p19,l2,0.00
i20,e11,c5,p19,l3,0.00
i20,e11,c5,p21,l3,0.00
i20,e11,c5,p22,l3,0.00
i20,e11,c5,p23,l3,0.00
i20,e11,c5,p24,l2,0.00
i20,e11,c5,p24,l3,0.00
i20,e11,c5,p25,l3,0.00
i20,e11,c5,p28,l3,0.00
i20,e11,c5,p29,l3,0.00
i20,e11,c5,p30,l3,0.00
i20,e11,c5,p31,l3,0.00
i20,e11,c5,p32,l2,0.00
i20,e11,c5,p32,l3,0.00
i20,e11,c5,p35,l3,0.00
i21,e01,c1,p01,l3,0.00
i21,e01,c1,p02,l3,0.00
i21,e01,c1,p03,l3,0.00
i21,e01,c1,p04,l3,0.00
i21,e01,c1,p05,l3,0.00
i21,e01,c1,p06,l3,0.00
i21,e01,c1,p07,l3,0.00
i21,e01,c1,p08,l3,0.00
i21,e01,c1,p09,l3,0.00
i21,e01,c1,p10,l3,0.00
i21,e01,c1,p11,l3,0.00
i21,e01,c1,p12,l3,0.00
i21,e01,c1,p13,l3,0.00
i21,e01,c1,p14,l3,0.00
i21,e01,c1,p15,l3,0.00
i21,e01,c1,p16,l3,0.00
i21,e01,c1,p17,l3,0.00
i21,e01,c1,p18,l3,0.00
i21,e01,c1,p19,l3,0.00
i21,e01,c1,p20,l3,0.00
i21,e01,c1,p21,l3,0.00
i21,e01,c1,p22,l3,0.00
i21,e01,c1,p23,l3,0.00
i21,e01,c1,p24,l3,0.00
i21,e01,c1,p25,l3,0.00
i21,e01,c1,p26,l3,0.00
i21,e01,c1,p28,l3,0.00
i21,e01,c1,p29,l3,0.00
i21,e01,c1,p30,l3,0.00
i21,e01,c1,p31,l3,0.00
i21,e01,c1,p32,l3,0.00
i21,e01,c1,p33,l3,0.00
i21,e01,c1,p34,l3,0.00
i21,e01,c1,p35,l3,0.00
i21,e01,c4,p01,l3,0.00
i21,e01,c4,p02,l3,0.00
i21,e01,c4,p03,l3,0.00
i21,e01,c4,p04,l3,0.00
i21,e01,c4,p05,l3,0.00
i21,e01,c4,p07,l3,0.00
i21,e01,c4,p08,l3,0.00
i21,e01,c4,p10,l3,0.00
i21,e01,c4,p11,l3,0.00
i21,e01,c4,p13,l3,0.00
i21,e01,c4,p14,l3,0.00
i21,e01,c4,p15,l3,0.00
i21,e01,c4,p16,l3,0.00
i21,e01,c4,p17,l3,0.00
i21,e01,c4,p18,l3,0.00
i21,e01,c4,p19,l3,0.00
i21,e01,c4,p21,l3,0.00
i21,e01,c4,p23,l3,0.00
i21,e01,c4,p25,l3,0.00
i21,e01,c4,p28,l3,0.00
i21,e01,c4,p29,l3,0.00
i21,e01,c4,p32,l3,0.00
i21,e01,c7,p01,l3,0.00
i21,e01,c7,p10,l3,0.00
i21,e03,c1,p01,l3,0.00
i21,e03,c1,p02,l3,0.00
i21,e03,c1,p03,l3,0.00
i21,e03,c1,p04,l3,0.00
i21,e03,c1,p05,l3,0.00
i21,e03,c1,p06,l3,0.00
i21,e03,c1,p07,l3,0.00
i21,e03,c1,p08,l3,0.00
i21,e03,c1,p09,l3,2.40
i21,e03,c1,p10,l3,0.00
i21,e03,c1,p11,l3,0.00
i21,e03,c1,p12,l3,0.00
i21,e03,c1,p13,l3,0.00
i21,e03,c1,p14,l3,0.00
i21,e03,c1,p15,l3,0.00
i21,e03,c1,p16,l3,0.00
i21,e03,c1,p17,l3,0.00
i21,e03,c1,p18,l3,0.00
i21,e03,c1,p19,l3,0.00
i21,e03,c1,p20,l3,0.00
i21,e03,c1,p21,l3,0.00
i21,e03,c1,p22,l3,0.00
i21,e03,c1,p23,l3,0.00
i21,e03,c1,p24,l3,0.00
i21,e03,c1,p25,l3,0.00
i21,e03,c1,p26,l3,0.00
i21,e03,c1,p28,l3,0.00
i21,e03,c1,p29,l3,0.00
i21,e03,c1,p30,l3,0.00
i21,e03,c1,p31,l3,0.00
i21,e03,c1,p32,l3,0.00
i21,e03,c1,p33,l3,0.00
i21,e03,c1,p34,l3,0.00
i21,e03,c1,p35,l3,0.00
i21,e03,c4,p01,l3,0.00
i21,e03,c4,p02,l3,0.00
i21,e03,c4,p03,l3,0.00
i21,e03,c4,p04,l3,0.00
i21,e03,c4,p05,l3,0.00
i21,e03,c4,p06,l3,0.00
i21,e03,c4,p07,l3,0.00
i21,e03,c4,p08,l3,0.00
i21,e03,c4,p09,l3,0.00
i21,e03,c4,p10,l3,0.00
i21,e03,c4,p11,l3,0.00
i21,e03,c4,p12,l3,0.00
i21,e03,c4,p13,l3,0.00
i21,e03,c4,p14,l3,0.00
i21,e03,c4,p15,l3,0.00
i21,e03,c4,p16,l3,0.00
i21,e03,c4,p17,l3,0.00
i21,e03,c4,p18,l3,0.00
i21,e03,c4,p19,l3,0.00
i21,e03,c4,p20,l3,0.00
i21,e03,c4,p21,l3,0.00
i21,e03,c4,p22,l3,0.00
i21,e03,c4,p23,l3,0.00
i21,e03,c4,p24,l3,0.00
i21,e03,c4,p25,l3,0.00
i21,e03,c4,p28,l3,0.00
i21,e03,c4,p29,l3,0.00
i21,e03,c7,p29,l3,0.00
i21,e04,c1,p01,l1,0.00
i21,e04,c1,p01,l3,0.00
i21,e04,c1,p02,l1,0.00
i21,e04,c1,p02,l3,0.00
i21,e04,c1,p03,l1,0.00
i21,e04,c1,p03,l3,0.00
i21,e04,c1,p04,l1,0.00
i21,e04,c1,p04,l3,0.00
i21,e04,c1,p05,l1,0.00
i21,e04,c1,p05,l3,0.00
i21,e04,c1,p06,l1,0.00
i21,e04,c1,p06,l3,0.00
i21,e04,c1,p07,l1,0.00
i21,e04,c1,p07,l3,0.00
i21,e04,c1,p08,l1,0.00
i21,e04,c1,p08,l3,0.00
i21,e04,c1,p09,l1,0.00
i21,e04,c1,p09,l3,0.00
i21,e04,c1,p10,l1,0.00
i21,e04,c1,p10,l3,0.00
i21,e04,c1,p11,l1,0.00
i21,e04,c1,p11,l3,0.00
i21,e04,c1,p12,l1,0.00
i21,e04,c1,p12,l3,0.00
i21,e04,c1,p13,l1,0.00
i21,e04,c1,p13,l3,0.00
i21,e04,c1,p14,l1,0.00
i21,e04,c1,p14,l3,0.00
i21,e04,c1,p15,l1,0.00
i21,e04,c1,p15,l3,0.00
i21,e04,c1,p16,l1,0.00
i21,e04,c1,p16,l3,0.00
i21,e04,c1,p17,l1,0.00
i21,e04,c1,p17,l3,0.00
i21,e04,c1,p18,l1,0.00
i21,e04,c1,p18,l3,0.00
i21,e04,c1,p19,l1,0.00
i21,e04,c1,p19,l3,0.00
i21,e04,c1,p20,l1,0.00
i21,e04,c1,p20,l3,0.00
i21,e04,c1,p21,l1,0.00
i21,e04,c1,p21,l3,0.00
i21,e04,c1,p22,l1,0.00
i21,e04,c1,p22,l3,0.00
i21,e04,c1,p23,l1,0.00
i21,e04,c1,p23,l3,0.00
i21,e04,c1,p24,l1,0.00
i21,e04,c1,p24,l3,0.00
i21,e04,c1,p25,l1,0.00
i21,e04,c1,p25,l3,0.00
i21,e04,c1,p26,l1,0.00
i21,e04,c1,p26,l3,0.00
i21,e04,c1,p28,l1,0.00
i21,e04,c1,p28,l3,0.00
i21,e04,c1,p29,l1,0.00
i21,e04,c1,p29,l3,0.00
i21,e04,c1,p30,l3,0.00
i21,e04,c1,p31,l1,0.00
i21,e04,c1,p31,l3,0.00
i21,e04,c1,p32,l1,0.00
i21,e04,c1,p32,l3,0.00
i21,e04,c1,p33,l1,0.00
i21,e04,c1,p33,l3,0.00
i21,e04,c1,p35,l1,0.00
i21,e04,c1,p35,l3,0.00
i21,e04,c4,p01,l3,0.00
i21,e04,c4,p02,l1,0.00
i21,e04,c4,p02,l3,0.00
i21,e04,c4,p03,l3,0.00
i21,e04,c4,p04,l1,0.00
i21,e04,c4,p04,l3,0.00
i21,e04,c4,p05,l1,0.00
i21,e04,c4,p05,l3,0.00
i21,e04,c4,p06,l3,0.00
i21,e04,c4,p07,l3,0.00
i21,e04,c4,p08,l3,0.00
i21,e04,c4,p09,l3,0.00
i21,e04,c4,p10,l1,0.00
i21,e04,c4,p10,l3,0.00
i21,e04,c4,p11,l3,0.00
i21,e04,c4,p12,l3,0.00
i21,e04,c4,p13,l3,0.00
i21,e04,c4,p14,l3,0.00
i21,e04,c4,p15,l3,0.00
i21,e04,c4,p16,l1,0.00
i21,e04,c4,p16,l3,0.00
i21,e04,c4,p17,l3,0.00
i21,e04,c4,p18,l1,0.00
i21,e04,c4,p18,l3,0.00
i21,e04,c4,p19,l3,0.00
i21,e04,c4,p20,l3,0.00
i21,e04,c4,p21,l3,0.00
i21,e04,c4,p23,l3,0.00
i21,e04,c4,p24,l3,0.00
i21,e04,c4,p29,l3,0.00
i21,e04,c4,p32,l3,0.00
i21,e05,c1,p01,l1,0.00
i21,e05,c1,p01,l3,0.00
i21,e05,c1,p02,l1,0.00
i21,e05,c1,p02,l3,0.00
i21,e05,c1,p03,l1,0.00
i21,e05,c1,p03,l3,0.00
i21,e05,c1,p04,l1,0.00
i21,e05,c1,p04,l3,0.00
i21,e05,c1,p05,l1,0.00
i21,e05,c1,p05,l3,0.00
i21,e05,c1,p06,l1,0.00
i21,e05,c1,p06,l3,0.00
i21,e05,c1,p07,l1,0.00
i21,e05,c1,p07,l3,0.00
i21,e05,c1,p08,l1,0.00
i21,e05,c1,p08,l3,0.00
i21,e05,c1,p09,l1,0.00
i21,e05,c1,p09,l3,0.00
i21,e05,c1,p10,l1,0.00
i21,e05,c1,p10,l3,0.00
i21,e05,c1,p11,l1,0.00
i21,e05,c1,p11,l3,0.00
i21,e05,c1,p12,l1,0.00
i21,e05,c1,p12,l3,0.00
i21,e05,c1,p13,l1,0.00
i21,e05,c1,p13,l3,0.00
i21,e05,c1,p14,l1,0.00
i21,e05,c1,p14,l3,0.00
i21,e05,c1,p15,l1,0.00
i21,e05,c1,p15,l3,0.00
i21,e05,c1,p16,l1,0.00
i21,e05,c1,p16,l3,0.00
i21,e05,c1,p17,l1,0.00
i21,e05,c1,p17,l3,0.00
i21,e05,c1,p18,l1,0.00
i21,e05,c1,p18,l3,0.00
i21,e05,c1,p19,l1,0.00
i21,e05,c1,p19,l3,0.00
i21,e05,c1,p20,l1,0.00
i21,e05,c1,p20,l3,0.00
i21,e05,c1,p21,l1,0.00
i21,e05,c1,p21,l3,0.00
i21,e05,c1,p22,l1,0.00
i21,e05,c1,p22,l3,0.00
i21,e05,c1,p23,l1,0.00
i21,e05,c1,p23,l3,0.00
i21,e05,c1,p24,l1,0.00
i21,e05,c1,p24,l3,0.00
i21,e05,c1,p25,l1,0.00
i21,e05,c1,p25,l3,0.00
i21,e05,c1,p26,l1,0.00
i21,e05,c1,p26,l3,0.00
i21,e05,c1,p28,l1,0.00
i21,e05,c1,p28,l3,0.00
i21,e05,c1,p29,l1,0.00
i21,e05,c1,p29,l3,0.00
i21,e05,c1,p30,l3,0.00
i21,e05,c1,p31,l1,0.00
i21,e05,c1,p31,l3,0.00
i21,e05,c1,p32,l1,0.00
i21,e05,c1,p32,l3,0.00
i21,e05,c1,p35,l1,0.00
i21,e05,c1,p35,l3,0.00
i21,e05,c4,p01,l3,0.00
i21,e05,c4,p02,l3,0.00
i21,e05,c4,p04,l3,0.00
i21,e05,c4,p05,l3,0.00
i21,e05,c4,p10,l3,0.00
i21,e05,c4,p11,l3,0.00
i21,e05,c4,p13,l3,0.00
i21,e05,c4,p14,l3,0.00
i21,e05,c4,p15,l3,0.00
i21,e05,c4,p17,l3,0.00
i21,e05,c4,p18,l3,0.00
i21,e05,c4,p21,l3,0.00
i21,e05,c4,p29,l3,0.00
i21,e07,c1,p05,l2,0.00
i21,e07,c1,p05,l3,0.00
i21,e07,c1,p07,l2,0.00
i21,e07,c1,p07,l3,0.00
i21,e07,c1,p10,l2,0.00
i21,e07,c1,p10,l3,0.00
i21,e07,c1,p15,l2,0.00
i21,e07,c1,p19,l2,0.00
i21,e07,c1,p19,l3,0.00
i21,e08,c1,p05,l2,0.00
i21,e08,c1,p05,l3,0.00
i21,e08,c1,p07,l2,0.00
i21,e08,c1,p07,l3,0.00
i21,e08,c1,p10,l2,0.00
i21,e08,c1,p10,l3,0.00
i21,e08,c1,p15,l2,0.00
i21,e08,c1,p19,l2,0.00
i21,e08,c1,p19,l3,0.00
i21,e09,c1,p01,l2,0.00
i21,e09,c1,p01,l3,0.00
i21,e09,c1,p02,l2,0.00
i21,e09,c1,p02,l3,0.00
i21,e09,c1,p03,l2,0.00
i21,e09,c1,p03,l3,0.00
i21,e09,c1,p04,l2,0.00
i21,e09,c1,p04,l3,0.00
i21,e09,c1,p05,l2,0.00
i21,e09,c1,p05,l3,0.00
i21,e09,c1,p06,l2,0.00
i21,e09,c1,p06,l3,0.00
i21,e09,c1,p07,l2,0.00
i21,e09,c1,p07,l3,0.00
i21,e09,c1,p08,l2,0.00
i21,e09,c1,p08,l3,0.00
i21,e09,c1,p09,l2,0.00
i21,e09,c1,p09,l3,0.00
i21,e09,c1,p10,l2,0.00
i21,e09,c1,p10,l3,0.00
i21,e09,c1,p11,l2,0.00
i21,e09,c1,p11,l3,0.00
i21,e09,c1,p12,l2,0.00
i21,e09,c1,p12,l3,0.00
i21,e09,c1,p13,l2,0.00
i21,e09,c1,p13,l3,0.00
i21,e09,c1,p14,l2,0.00
i21,e09,c1,p14,l3,0.00
i21,e09,c1,p15,l2,0.00
i21,e09,c1,p15,l3,0.00
i21,e09,c1,p16,l2,0.00
i21,e09,c1,p16,l3,0.00
i21,e09,c1,p17,l2,0.00
i21,e09,c1,p17,l3,0.00
i21,e09,c1,p18,l2,0.00
i21,e09,c1,p18,l3,0.00
i21,e09,c1,p19,l2,0.00
i21,e09,c1,p19,l3,0.00
i21,e09,c1,p20,l2,0.00
i21,e09,c1,p20,l3,0.00
i21,e09,c1,p21,l2,0.00
i21,e09,c1,p21,l3,0.00
i21,e09,c1,p22,l2,0.00
i21,e09,c1,p22,l3,0.00
i21,e09,c1,p23,l2,0.00
i21,e09,c1,p23,l3,0.00
i21,e09,c1,p24,l2,0.00
i21,e09,c1,p24,l3,0.00
i21,e09,c1,p25,l2,0.00
i21,e09,c1,p25,l3,0.00
i21,e09,c1,p26,l2,0.00
i21,e09,c1,p26,l3,0.00
i21,e09,c1,p27,l3,0.00
i21,e09,c1,p28,l2,0.00
i21,e09,c1,p28,l3,0.00
i21,e09,c1,p29,l2,0.00
i21,e09,c1,p29,l3,0.00
i21,e09,c1,p30,l2,0.00
i21,e09,c1,p30,l3,0.00
i21,e09,c1,p31,l2,0.00
i21,e09,c1,p31,l3,0.00
i21,e09,c1,p32,l2,0.00
i21,e09,c1,p32,l3,0.00
i21,e09,c1,p33,l3,0.00
i21,e09,c1,p34,l3,0.00
i21,e09,c1,p35,l2,0.00
i21,e09,c1,p35,l3,0.00
i21,e09,c4,p01,l3,0.00
i21,e09,c4,p02,l3,0.00
i21,e09,c4,p03,l3,0.00
i21,e09,c4,p04,l2,0.00
i21,e09,c4,p04,l3,0.00
i21,e09,c4,p05,l3,0.00
i21,e09,c4,p06,l3,0.00
i21,e09,c4,p07,l3,0.00
i21,e09,c4,p08,l3,0.00
i21,e09,c4,p09,l3,0.00
i21,e09,c4,p10,l2,0.00
i21,e09,c4,p10,l3,0.00
i21,e09,c4,p11,l3,0.00
i21,e09,c4,p12,l3,0.00
i21,e09,c4,p13,l3,0.00
i21,e09,c4,p14,l3,0.00
i21,e09,c4,p15,l3,0.00
i21,e09,c4,p16,l3,0.00
i21,e09,c4,p17,l3,0.00
i21,e09,c4,p18,l2,0.00
i21,e09,c4,p18,l3,0.00
i21,e09,c4,p19,l3,0.00
i21,e09,c4,p20,l3,0.00
i21,e09,c4,p21,l2,0.00
i21,e09,c4,p21,l3,0.00
i21,e09,c4,p23,l3,0.00
i21,e09,c4,p24,l3,0.00
i21,e09,c4,p25,l3,0.00
i21,e09,c4,p29,l3,0.00
i21,e09,c4,p32,l3,0.00
i21,e10,c1,p07,l3,0.00
i21,e10,c1,p08,l3,0.00
i21,e10,c1,p10,l3,0.00
i21,e10,c1,p15,l3,0.00
i21,e10,c4,p10,l3,0.00
i21,e11,c1,p07,l2,0.00
i21,e11,c1,p10,l3,0.00
i21,e11,c1,p19,l2,0.00
i21,e11,c1,p19,l3,0.00
i21,e11,c4,p10,l2,0.00
i21,e12,c1,p01,l3,0.00
i21,e12,c1,p02,l3,0.00
i21,e12,c1,p03,l3,0.00
i21,e12,c1,p04,l3,0.00
i21,e12,c1,p05,l3,0.00
i21,e12,c1,p06,l3,0.00
i21,e12,c1,p07,l3,0.00
i21,e12,c1,p08,l3,0.00
i21,e12,c1,p09,l3,0.00
i21,e12,c1,p10,l3,1.07
i21,e12,c1,p11,l3,0.00
i21,e12,c1,p12,l3,0.00
i21,e12,c1,p13,l3,0.00
i21,e12,c1,p14,l3,0.00
i21,e12,c1,p15,l3,0.00
i21,e12,c1,p16,l3,0.00
i21,e12,c1,p17,l3,0.00
i21,e12,c1,p18,l3,0.00
i21,e12,c1,p19,l3,0.00
i21,e12,c1,p20,l3,0.00
i21,e12,c1,p21,l3,0.00
i21,e12,c1,p22,l3,0.00
i21,e12,c1,p23,l3,0.00
i21,e12,c1,p24,l3,0.00
i21,e12,c1,p25,l3,0.00
i21,e12,c1,p26,l3,0.00
i21,e12,c1,p28,l3,0.00
i21,e12,c1,p29,l3,0.00
i21,e12,c1,p30,l3,0.00
i21,e12,c1,p31,l3,0.00
i21,e12,c1,p32,l3,0.00
i21,e12,c1,p33,l3,0.00
i21,e12,c1,p35,l3,0.00
i21,e12,c4,p01,l3,0.00
i21,e12,c4,p02,l3,0.00
i21,e12,c4,p03,l3,0.00
i21,e12,c4,p04,l3,0.00
i21,e12,c4,p05,l3,0.00
i21,e12,c4,p07,l3,0.00
i21,e12,c4,p08,l3,0.00
i21,e12,c4,p09,l3,0.00
i21,e12,c4,p10,l3,0.00
i21,e12,c4,p11,l3,0.00
i21,e12,c4,p12,l3,0.00
i21,e12,c4,p13,l3,0.00
i21,e12,c4,p14,l3,0.00
i21,e12,c4,p15,l3,0.00
i21,e12,c4,p16,l3,0.00
i21,e12,c4,p17,l3,0.00
i21,e12,c4,p18,l3,0.00
i21,e12,c4,p19,l3,0.00
i21,e12,c4,p21,l3,0.00
i21,e12,c4,p22,l3,0.00
i21,e12,c4,p23,l3,0.00
i21,e12,c4,p24,l3,0.00
i21,e12,c4,p29,l3,0.00
i21,e12,c7,p01,l3,0.00
i21,e12,c7,p03,l3,0.00
i21,e12,c7,p10,l3,0.00
i22,e01,c3,p01,l3,0.00
i22,e01,c3,p02,l3,0.00
i22,e01,c3,p04,l3,0.00
i22,e01,c3,p05,l3,0.00
i22,e01,c3,p06,l3,0.00
i22,e01,c3,p07,l3,0.00
i22,e01,c3,p08,l3,0.00
i22,e01,c3,p09,l3,0.00
i22,e01,c3,p10,l3,0.00
i22,e01,c3,p11,l3,0.00
i22,e01,c3,p12,l3,0.00
i22,e01,c3,p13,l3,0.00
i22,e01,c3,p15,l3,0.00
i22,e01,c3,p16,l3,0.00
i22,e01,c3,p17,l3,0.00
i22,e01,c3,p18,l3,0.00
i22,e01,c3,p19,l3,0.00
i22,e01,c3,p20,l3,0.00
i22,e01,c3,p21,l3,0.00
i22,e01,c3,p22,l3,0.00
i22,e01,c3,p23,l3,0.00
i22,e01,c3,p25,l3,0.00
i22,e01,c3,p29,l3,0.00
i22,e01,c3,p35,l3,0.00
i22,e01,c5,p01,l3,0.00
i22,e01,c5,p02,l3,0.00
i22,e01,c5,p03,l3,0.00
i22,e01,c5,p04,l3,0.00
i22,e01,c5,p05,l3,0.00
i22,e01,c5,p06,l3,0.00
i22,e01,c5,p07,l3,0.00
i22,e01,c5,p08,l3,0.00
i22,e01,c5,p09,l3,0.00
i22,e01,c5,p10,l3,0.00
i22,e01,c5,p11,l3,0.00
i22,e01,c5,p12,l3,0.00
i22,e01,c5,p13,l3,0.00
i22,e01,c5,p14,l3,0.00
i22,e01,c5,p15,l3,0.00
i22,e01,c5,p16,l3,0.00
i22,e01,c5,p17,l3,0.00
i22,e01,c5,p18,l3,0.00
i22,e01,c5,p19,l3,0.00
i22,e01,c5,p20,l3,0.00
i22,e01,c5,p21,l3,0.00
i22,e01,c5,p22,l3,0.00
i22,e01,c5,p23,l3,0.00
i22,e01,c5,p24,l3,0.00
i22,e01,c5,p25,l3,0.00
i22,e01,c5,p26,l3,0.00
i22,e01,c5,p28,l3,0.00
i22,e01,c5,p29,l3,0.00
i22,e01,c5,p30,l3,0.00
i22,e01,c5,p31,l3,0.00
i22,e01,c5,p32,l3,0.00
i22,e01,c5,p33,l3,0.00
i22,e01,c5,p35,l3,0.00
i22,e02,c3,p02,l3,0.00
i22,e02,c3,p03,l3,0.00
i22,e02,c3,p05,l3,0.00
i22,e02,c3,p07,l3,0.00
i22,e02,c3,p08,l1,0.00
i22,e02,c3,p08,l3,0.00
i22,e02,c3,p09,l1,0.00
i22,e02,c3,p09,l3,0.00
i22,e02,c3,p10,l1,0.00
i22,e02,c3,p10,l3,0.00
i22,e02,c3,p11,l3,0.00
i22,e02,c3,p12,l1,0.00
i22,e02,c3,p12,l3,0.00
i22,e02,c3,p13,l1,0.00
i22,e02,c3,p13,l3,0.00
i22,e02,c3,p15,l1,0.00
i22,e02,c3,p15,l3,0.00
i22,e02,c3,p16,l1,0.00
i22,e02,c3,p16,l3,0.00
i22,e02,c3,p18,l1,0.00
i22,e02,c3,p19,l1,0.00
i22,e02,c3,p22,l1,0.00
i22,e02,c3,p22,l3,0.00
i22,e02,c3,p23,l3,0.00
i22,e02,c3,p25,l3,0.00
i22,e02,c3,p28,l1,0.00
i22,e02,c3,p28,l3,0.00
i22,e02,c3,p35,l1,0.00
i22,e02,c3,p35,l3,0.00
i22,e02,c5,p01,l1,0.00
i22,e02,c5,p01,l3,0.00
i22,e02,c5,p02,l1,0.00
i22,e02,c5,p02,l3,0.00
i22,e02,c5,p03,l1,0.00
i22,e02,c5,p03,l3,0.00
i22,e02,c5,p04,l1,0.00
i22,e02,c5,p04,l3,0.00
i22,e02,c5,p05,l1,0.00
i22,e02,c5,p05,l3,0.00
i22,e02,c5,p06,l1,0.00
i22,e02,c5,p06,l3,0.00
i22,e02,c5,p07,l1,0.00
i22,e02,c5,p07,l3,0.00
i22,e02,c5,p08,l1,0.00
i22,e02,c5,p08,l3,0.00
i22,e02,c5,p09,l1,0.00
i22,e02,c5,p09,l3,0.00
i22,e02,c5,p10,l1,0.00
i22,e02,c5,p10,l3,0.00
i22,e02,c5,p11,l1,0.00
i22,e02,c5,p11,l3,0.00
i22,e02,c5,p12,l1,0.00
i22,e02,c5,p12,l3,0.00
i22,e02,c5,p13,l1,0.00
i22,e02,c5,p13,l3,0.00
i22,e02,c5,p14,l1,0.00
i22,e02,c5,p14,l3,0.00
i22,e02,c5,p15,l1,0.00
i22,e02,c5,p15,l3,0.00
i22,e02,c5,p16,l1,0.00
i22,e02,c5,p16,l3,0.00
i22,e02,c5,p17,l1,0.00
i22,e02,c5,p17,l3,0.00
i22,e02,c5,p18,l1,0.00
i22,e02,c5,p18,l3,0.00
i22,e02,c5,p19,l1,0.00
i22,e02,c5,p19,l3,0.00
i22,e02,c5,p20,l1,0.00
i22,e02,c5,p20,l3,0.00
i22,e02,c5,p21,l1,0.00
i22,e02,c5,p21,l3,0.00
i22,e02,c5,p22,l1,0.00
i22,e02,c5,p22,l3,0.00
i22,e02,c5,p23,l1,0.00
i22,e02,c5,p23,l3,0.00
i22,e02,c5,p24,l1,0.00
i22,e02,c5,p24,l3,0.00
i22,e02,c5,p25,l1,0.00
i22,e02,c5,p25,l3,0.00
i22,e02,c5,p26,l1,0.00
i22,e02,c5,p26,l3,0.00
i22,e02,c5,p28,l1,0.00
i22,e02,c5,p28,l3,0.00
i22,e02,c5,p29,l1,0.00
i22,e02,c5,p29,l3,0.00
i22,e02,c5,p31,l1,0.00
i22,e02,c5,p31,l3,0.00
i22,e02,c5,p32,l1,0.00
i22,e02,c5,p32,l3,0.00
i22,e02,c5,p35,l1,0.00
i22,e02,c5,p35,l3,0.00
i22,e04,c3,p01,l1,0.00
i22,e04,c3,p01,l3,0.00
i22,e04,c3,p02,l1,0.00
i22,e04,c3,p02,l3,0.00
i22,e04,c3,p04,l1,0.00
i22,e04,c3,p04,l3,0.00
i22,e04,c3,p05,l1,0.00
i22,e04,c3,p05,l3,0.00
i22,e04,c3,p06,l1,0.00
i22,e04,c3,p06,l3,0.00
i22,e04,c3,p07,l1,0.00
i22,e04,c3,p07,l3,0.00
i22,e04,c3,p08,l1,0.00
i22,e04,c3,p08,l3,0.00
i22,e04,c3,p09,l1,0.00
i22,e04,c3,p09,l3,0.00
i22,e04,c3,p10,l1,0.00
i22,e04,c3,p10,l3,0.00
i22,e04,c3,p11,l1,0.00
i22,e04,c3,p11,l3,0.00
i22,e04,c3,p12,l1,0.00
i22,e04,c3,p12,l3,0.00
i22,e04,c3,p13,l1,0.00
i22,e04,c3,p13,l3,0.00
i22,e04,c3,p15,l1,0.00
i22,e04,c3,p15,l3,0.00
i22,e04,c3,p16,l1,0.00
i22,e04,c3,p16,l3,0.00
i22,e04,c3,p17,l1,0.00
i22,e04,c3,p17,l3,0.00
i22,e04,c3,p18,l1,0.00
i22,e04,c3,p18,l3,0.00
i22,e04,c3,p19,l1,0.00
i22,e04,c3,p19,l3,0.00
i22,e04,c3,p20,l1,0.00
i22,e04,c3,p20,l3,0.00
i22,e04,c3,p21,l1,0.00
i22,e04,c3,p21,l3,0.00
i22,e04,c3,p22,l1,0.00
i22,e04,c3,p22,l3,0.00
i22,e04,c3,p23,l1,0.00
i22,e04,c3,p23,l3,0.00
i22,e04,c3,p25,l1,0.00
i22,e04,c3,p25,l3,0.00
i22,e04,c3,p26,l3,0.00
i22,e04,c3,p28,l1,0.00
i22,e04,c3,p28,l3,0.00
i22,e04,c3,p29,l1,0.00
i22,e04,c3,p29,l3,0.00
i22,e04,c3,p35,l1,0.00
i22,e04,c3,p35,l3,0.00
i22,e04,c5,p01,l1,0.00
i22,e04,c5,p01,l3,0.00
i22,e04,c5,p02,l1,0.00
i22,e04,c5,p02,l3,0.00
i22,e04,c5,p03,l1,0.00
i22,e04,c5,p03,l3,0.00
i22,e04,c5,p04,l1,0.00
i22,e04,c5,p04,l3,0.00
i22,e04,c5,p05,l1,0.00
i22,e04,c5,p05,l3,0.00
i22,e04,c5,p06,l1,0.00
i22,e04,c5,p06,l3,0.00
i22,e04,c5,p07,l1,0.00
i22,e04,c5,p07,l3,0.00
i22,e04,c5,p08,l1,0.00
i22,e04,c5,p08,l3,0.00
i22,e04,c5,p09,l1,0.00
i22,e04,c5,p09,l3,0.00
i22,e04,c5,p10,l1,0.00
i22,e04,c5,p10,l3,0.00
i22,e04,c5,p11,l1,0.00
i22,e04,c5,p11,l3,0.00
i22,e04,c5,p12,l1,0.00
i22,e04,c5,p12,l3,0.00
i22,e04,c5,p13,l1,0.00
i22,e04,c5,p13,l3,0.00
i22,e04,c5,p14,l1,0.00
i22,e04,c5,p14,l3,0.00
i22,e04,c5,p15,l1,0.00
i22,e04,c5,p15,l3,0.00
i22,e04,c5,p16,l1,0.00
i22,e04,c5,p16,l3,0.00
i22,e04,c5,p17,l1,0.00
i22,e04,c5,p17,l3,0.00
i22,e04,c5,p18,l1,0.00
i22,e04,c5,p18,l3,0.00
i22,e04,c5,p19,l1,0.00
i22,e04,c5,p19,l3,0.00
i22,e04,c5,p20,l1,0.00
i22,e04,c5,p20,l3,0.00
i22,e04,c5,p21,l1,0.00
i22,e04,c5,p21,l3,0.00
i22,e04,c5,p22,l1,0.00
i22,e04,c5,p22,l3,0.00
i22,e04,c5,p23,l1,0.00
i22,e04,c5,p23,l3,0.00
i22,e04,c5,p24,l1,0.00
i22,e04,c5,p24,l3,0.00
i22,e04,c5,p25,l1,0.00
i22,e04,c5,p25,l3,0.00
i22,e04,c5,p26,l1,0.00
i22,e04,c5,p26,l3,0.00
i22,e04,c5,p28,l1,0.00
i22,e04,c5,p28,l3,0.00
i22,e04,c5,p29,l1,0.00
i22,e04,c5,p29,l3,0.00
i22,e04,c5,p30,l1,0.00
i22,e04,c5,p30,l3,0.00
i22,e04,c5,p31,l1,0.00
i22,e04,c5,p31,l3,0.00
i22,e04,c5,p32,l1,0.00
i22,e04,c5,p32,l3,0.00
i22,e04,c5,p33,l1,0.00
i22,e04,c5,p33,l3,0.00
i22,e04,c5,p35,l1,0.00
i22,e04,c5,p35,l3,0.00
i22,e04,c8,p18,l3,0.00
i22,e05,c3,p01,l3,0.00
i22,e05,c3,p04,l1,0.00
i22,e05,c3,p05,l1,0.00
i22,e05,c3,p05,l3,0.00
i22,e05,c3,p06,l3,0.00
i22,e05,c3,p07,l1,0.00
i22,e05,c3,p08,l3,0.00
i22,e05,c3,p09,l1,0.00
i22,e05,c3,p09,l3,0.00
i22,e05,c3,p10,l1,0.00
i22,e05,c3,p10,l3,0.00
i22,e05,c3,p12,l3,0.00
i22,e05,c3,p15,l1,0.00
i22,e05,c3,p16,l3,0.00
i22,e05,c3,p18,l1,0.00
i22,e05,c3,p18,l3,0.00
i22,e05,c3,p19,l3,0.00
i22,e05,c3,p25,l1,0.00
i22,e05,c3,p25,l3,0.00
i22,e05,c3,p28,l1,0.00
i22,e05,c3,p28,l3,0.00
i22,e05,c3,p29,l3,0.00
i22,e05,c3,p35,l1,0.00
i22,e05,c3,p35,l3,0.00
i22,e05,c5,p01,l1,0.00
i22,e05,c5,p01,l3,0.00
i22,e05,c5,p02,l1,0.00
i22,e05,c5,p02,l3,0.00
i22,e05,c5,p03,l1,0.00
i22,e05,c5,p03,l3,0.00
i22,e05,c5,p04,l1,0.00
i22,e05,c5,p04,l3,0.00
i22,e05,c5,p05,l1,0.00
i22,e05,c5,p05,l3,0.00
i22,e05,c5,p06,l1,0.00
i22,e05,c5,p06,l3,0.00
i22,e05,c5,p07,l1,0.00
i22,e05,c5,p07,l3,0.00
i22,e05,c5,p08,l1,0.00
i22,e05,c5,p08,l3,0.00
i22,e05,c5,p09,l1,0.00
i22,e05,c5,p09,l3,0.00
i22,e05,c5,p10,l1,0.00
i22,e05,c5,p10,l3,1.60
i22,e05,c5,p11,l1,0.00
i22,e05,c5,p11,l3,0.00
i22,e05,c5,p12,l1,0.00
i22,e05,c5,p12,l3,0.00
i22,e05,c5,p13,l1,0.00
i22,e05,c5,p13,l3,0.00
i22,e05,c5,p14,l1,0.00
i22,e05,c5,p14,l3,0.00
i22,e05,c5,p15,l1,0.00
i22,e05,c5,p15,l3,0.00
i22,e05,c5,p16,l1,0.00
i22,e05,c5,p16,l3,0.00
i22,e05,c5,p17,l1,0.00
i22,e05,c5,p17,l3,0.00
i22,e05,c5,p18,l1,0.00
i22,e05,c5,p18,l3,0.00
i22,e05,c5,p19,l1,0.00
i22,e05,c5,p19,l3,0.00
i22,e05,c5,p20,l1,0.00
i22,e05,c5,p20,l3,0.00
i22,e05,c5,p21,l1,0.00
i22,e05,c5,p21,l3,0.00
i22,e05,c5,p22,l1,0.00
i22,e05,c5,p22,l3,0.00
i22,e05,c5,p23,l1,0.00
i22,e05,c5,p23,l3,0.00
i22,e05,c5,p24,l1,0.00
i22,e05,c5,p24,l3,0.00
i22,e05,c5,p25,l1,0.00
i22,e05,c5,p25,l3,0.00
i22,e05,c5,p26,l1,0.00
i22,e05,c5,p26,l3,0.00
i22,e05,c5,p28,l1,0.00
i22,e05,c5,p28,l3,0.00
i22,e05,c5,p29,l1,0.00
i22,e05,c5,p29,l3,0.00
i22,e05,c5,p30,l1,0.00
i22,e05,c5,p30,l3,0.00
i22,e05,c5,p31,l1,0.00
i22,e05,c5,p31,l3,0.00
i22,e05,c5,p32,l1,0.00
i22,e05,c5,p32,l3,0.00
i22,e05,c5,p35,l1,0.00
i22,e05,c5,p35,l3,0.00
i22,e08,c3,p01,l2,0.00
i22,e08,c3,p01,l3,0.00
i22,e08,c3,p02,l2,0.00
i22,e08,c3,p04,l3,0.00
i22,e08,c3,p05,l2,0.00
i22,e08,c3,p05,l3,0.00
i22,e08,c3,p06,l2,0.00
i22,e08,c3,p06,l3,0.00
i22,e08,c3,p07,l2,0.00
i22,e08,c3,p07,l3,0.00
i22,e08,c3,p08,l2,0.00
i22,e08,c3,p08,l3,0.00
i22,e08,c3,p09,l2,0.00
i22,e08,c3,p09,l3,0.00
i22,e08,c3,p10,l2,0.00
i22,e08,c3,p10,l3,0.00
i22,e08,c3,p11,l2,0.00
i22,e08,c3,p11,l3,0.00
i22,e08,c3,p12,l2,0.00
i22,e08,c3,p12,l3,0.00
i22,e08,c3,p13,l2,0.00
i22,e08,c3,p13,l3,0.00
i22,e08,c3,p15,l2,0.00
i22,e08,c3,p15,l3,0.00
i22,e08,c3,p16,l2,0.00
i22,e08,c3,p16,l3,0.00
i22,e08,c3,p17,l3,0.00
i22,e08,c3,p18,l2,0.00
i22,e08,c3,p18,l3,0.00
i22,e08,c3,p19,l2,0.00
i22,e08,c3,p19,l3,0.00
i22,e08,c3,p20,l2,0.00
i22,e08,c3,p21,l2,0.00
i22,e08,c3,p21,l3,0.00
i22,e08,c3,p22,l2,0.00
i22,e08,c3,p22,l3,0.00
i22,e08,c3,p23,l2,0.00
i22,e08,c3,p23,l3,0.00
i22,e08,c3,p25,l2,0.00
i22,e08,c3,p25,l3,0.00
i22,e08,c3,p26,l3,0.00
i22,e08,c3,p29,l2,0.00
i22,e08,c3,p29,l3,0.00
i22,e08,c3,p35,l2,0.00
i22,e08,c3,p35,l3,0.00
i22,e08,c5,p01,l2,0.00
i22,e08,c5,p01,l3,0.00
i22,e08,c5,p02,l2,0.00
i22,e08,c5,p02,l3,0.00
i22,e08,c5,p03,l2,0.00
i22,e08,c5,p03,l3,0.00
i22,e08,c5,p04,l2,0.00
i22,e08,c5,p04,l3,0.00
i22,e08,c5,p05,l2,0.00
i22,e08,c5,p05,l3,0.00
i22,e08,c5,p06,l2,0.00
i22,e08,c5,p06,l3,0.00
i22,e08,c5,p07,l2,0.00
i22,e08,c5,p07,l3,0.00
i22,e08,c5,p08,l2,0.00
i22,e08,c5,p08,l3,0.00
i22,e08,c5,p09,l2,0.00
i22,e08,c5,p09,l3,0.00
i22,e08,c5,p10,l2,0.00
i22,e08,c5,p10,l3,0.00
i22,e08,c5,p11,l2,0.00
i22,e08,c5,p11,l3,0.00
i22,e08,c5,p12,l2,0.00
i22,e08,c5,p12,l3,0.00
i22,e08,c5,p13,l2,0.00
i22,e08,c5,p13,l3,0.00
i22,e08,c5,p14,l2,0.00
i22,e08,c5,p14,l3,0.00
i22,e08,c5,p15,l2,0.00
i22,e08,c5,p15,l3,0.00
i22,e08,c5,p16,l2,0.00
i22,e08,c5,p16,l3,0.00
i22,e08,c5,p17,l2,0.00
i22,e08,c5,p17,l3,0.00
i22,e08,c5,p18,l2,0.00
i22,e08,c5,p18,l3,0.00
i22,e08,c5,p19,l2,0.00
i22,e08,c5,p19,l3,0.00
i22,e08,c5,p20,l2,0.00
i22,e08,c5,p20,l3,0.00
i22,e08,c5,p21,l2,0.00
i22,e08,c5,p21,l3,0.00
i22,e08,c5,p22,l2,0.00
i22,e08,c5,p22,l3,0.00
i22,e08,c5,p23,l2,0.00
i22,e08,c5,p23,l3,0.00
i22,e08,c5,p24,l2,0.00
i22,e08,c5,p24,l3,0.00
i22,e08,c5,p25,l2,0.00
i22,e08,c5,p25,l3,0.00
i22,e08,c5,p26,l2,0.00
i22,e08,c5,p26,l3,0.00
i22,e08,c5,p28,l2,0.00
i22,e08,c5,p28,l3,0.00
i22,e08,c5,p29,l2,0.00
i22,e08,c5,p29,l3,0.00
i22,e08,c5,p30,l2,0.00
i22,e08,c5,p30,l3,0.00
i22,e08,c5,p31,l2,0.00
i22,e08,c5,p31,l3,0.00
i22,e08,c5,p32,l2,0.00
i22,e08,c5,p32,l3,0.00
i22,e08,c5,p33,l2,0.00
i22,e08,c5,p33,l3,0.00
i22,e08,c5,p35,l2,0.00
i22,e08,c5,p35,l3,0.00
i22,e09,c3,p01,l2,0.00
i22,e09,c3,p01,l3,0.00
i22,e09,c3,p02,l2,0.00
i22,e09,c3,p02,l3,0.00
i22,e09,c3,p04,l2,0.00
i22,e09,c3,p04,l3,0.00
i22,e09,c3,p05,l2,0.00
i22,e09,c3,p05,l3,0.00
i22,e09,c3,p06,l2,0.00
i22,e09,c3,p06,l3,0.00
i22,e09,c3,p07,l2,0.00
i22,e09,c3,p07,l3,0.00
i22,e09,c3,p08,l2,0.00
i22,e09,c3,p08,l3,0.00
i22,e09,c3,p09,l2,0.00
i22,e09,c3,p09,l3,0.00
i22,e09,c3,p10,l2,0.00
i22,e09,c3,p10,l3,0.00
i22,e09,c3,p11,l2,0.00
i22,e09,c3,p11,l3,0.00
i22,e09,c3,p12,l2,0.00
i22,e09,c3,p12,l3,0.00
i22,e09,c3,p13,l2,0.00
i22,e09,c3,p13,l3,0.00
i22,e09,c3,p15,l2,0.00
i22,e09,c3,p15,l3,0.00
i22,e09,c3,p16,l2,0.00
i22,e09,c3,p16,l3,0.00
i22,e09,c3,p17,l2,0.00
i22,e09,c3,p17,l3,0.00
i22,e09,c3,p18,l2,0.00
i22,e09,c3,p18,l3,0.00
i22,e09,c3,p19,l2,0.00
i22,e09,c3,p19,l3,0.00
i22,e09,c3,p20,l3,0.00
i22,e09,c3,p21,l2,0.00
i22,e09,c3,p21,l3,0.00
i22,e09,c3,p22,l2,0.00
i22,e09,c3,p22,l3,0.00
i22,e09,c3,p23,l2,0.00
i22,e09,c3,p23,l3,0.00
i22,e09,c3,p25,l2,0.00
i22,e09,c3,p28,l2,0.00
i22,e09,c3,p28,l3,0.00
i22,e09,c3,p29,l2,0.00
i22,e09,c3,p29,l3,0.00
i22,e09,c3,p35,l2,0.00
i22,e09,c3,p35,l3,0.00
i22,e09,c5,p01,l2,0.00
i22,e09,c5,p01,l3,0.00
i22,e09,c5,p02,l2,0.00
i22,e09,c5,p02,l3,0.00
i22,e09,c5,p03,l2,0.00
i22,e09,c5,p03,l3,0.00
i22,e09,c5,p04,l2,0.00
i22,e09,c5,p04,l3,0.00
i22,e09,c5,p05,l2,0.00
i22,e09,c5,p05,l3,0.00
i22,e09,c5,p06,l2,0.00
i22,e09,c5,p06,l3,0.00
i22,e09,c5,p07,l2,0.00
i22,e09,c5,p07,l3,0.00
i22,e09,c5,p08,l2,0.00
i22,e09,c5,p08,l3,0.00
i22,e09,c5,p09,l2,0.00
i22,e09,c5,p09,l3,0.00
i22,e09,c5,p10,l2,0.00
i22,e09,c5,p10,l3,0.00
i22,e09,c5,p11,l2,0.00
i22,e09,c5,p11,l3,0.00
i22,e09,c5,p12,l2,0.00
i22,e09,c5,p12,l3,0.00
i22,e09,c5,p13,l2,0.00
i22,e09,c5,p13,l3,0.00
i22,e09,c5,p14,l2,0.00
i22,e09,c5,p14,l3,0.00
i22,e09,c5,p15,l2,0.00
i22,e09,c5,p15,l3,0.00
i22,e09,c5,p16,l2,0.00
i22,e09,c5,p16,l3,0.00
i22,e09,c5,p17,l2,0.00
i22,e09,c5,p17,l3,0.00
i22,e09,c5,p18,l2,0.00
i22,e09,c5,p18,l3,0.00
i22,e09,c5,p19,l2,0.00
i22,e09,c5,p19,l3,0.00
i22,e09,c5,p20,l2,0.00
i22,e09,c5,p20,l3,0.00
i22,e09,c5,p21,l2,0.00
i22,e09,c5,p21,l3,0.00
i22,e09,c5,p22,l2,0.00
i22,e09,c5,p22,l3,0.00
i22,e09,c5,p23,l2,0.00
i22,e09,c5,p23,l3,0.00
i22,e09,c5,p24,l2,0.00
i22,e09,c5,p24,l3,0.00
i22,e09,c5,p25,l2,0.00
i22,e09,c5,p25,l3,0.00
i22,e09,c5,p26,l2,0.00
i22,e09,c5,p26,l3,0.00
i22,e09,c5,p28,l2,0.00
i22,e09,c5,p28,l3,0.00
i22,e09,c5,p29,l2,0.00
i22,e09,c5,p29,l3,0.00
i22,e09,c5,p30,l2,0.00
i22,e09,c5,p30,l3,0.00
i22,e09,c5,p31,l2,0.00
i22,e09,c5,p31,l3,0.00
i22,e09,c5,p32,l2,0.00
i22,e09,c5,p32,l3,0.00
i22,e09,c5,p33,l2,0.00
i22,e09,c5,p33,l3,0.00
i22,e09,c5,p35,l2,0.00
i22,e09,c5,p35,l3,0.00
i22,e11,c3,p02,l2,0.00
i22,e11,c3,p06,l2,0.00
i22,e11,c3,p06,l3,0.00
i22,e11,c3,p07,l2,0.00
i22,e11,c3,p07,l3,0.00
i22,e11,c3,p08,l2,0.00
i22,e11,c3,p08,l3,0.00
i22,e11,c3,p09,l2,0.00
i22,e11,c3,p09,l3,0.00
i22,e11,c3,p10,l2,0.00
i22,e11,c3,p10,l3,0.00
i22,e11,c3,p13,l2,0.00
i22,e11,c3,p13,l3,0.00
i22,e11,c3,p15,l3,0.00
i22,e11,c3,p16,l2,0.00
i22,e11,c3,p16,l3,0.00
i22,e11,c3,p18,l3,0.00
i22,e11,c3,p19,l2,0.00
i22,e11,c3,p19,l3,0.00
i22,e11,c3,p20,l2,0.00
i22,e11,c3,p21,l2,0.00
i22,e11,c3,p22,l2,0.00
i22,e11,c3,p22,l3,0.00
i22,e11,c3,p23,l2,0.00
i22,e11,c3,p23,l3,0.00
i22,e11,c3,p25,l2,0.00
i22,e11,c3,p25,l3,0.00
i22,e11,c3,p28,l2,0.00
i22,e11,c3,p28,l3,0.00
i22,e11,c3,p29,l2,0.00
i22,e11,c3,p29,l3,0.00
i22,e11,c3,p35,l2,0.00
i22,e11,c3,p35,l3,0.00
i22,e11,c5,p01,l2,0.00
i22,e11,c5,p01,l3,0.00
i22,e11,c5,p02,l2,0.00
i22,e11,c5,p02,l3,0.00
i22,e11,c5,p03,l2,0.00
i22,e11,c5,p03,l3,0.00
i22,e11,c5,p04,l2,0.00
i22,e11,c5,p04,l3,0.00
i22,e11,c5,p05,l2,0.00
i22,e11,c5,p05,l3,0.00
i22,e11,c5,p06,l2,0.00
i22,e11,c5,p06,l3,0.00
i22,e11,c5,p07,l2,0.00
i22,e11,c5,p07,l3,0.00
i22,e11,c5,p08,l2,0.00
i22,e11,c5,p08,l3,0.00
i22,e11,c5,p09,l2,0.00
i22,e11,c5,p09,l3,0.00
i22,e11,c5,p10,l2,0.00
i22,e11,c5,p10,l3,0.00
i22,e11,c5,p11,l2,0.00
i22,e11,c5,p11,l3,0.00
i22,e11,c5,p12,l2,0.00
i22,e11,c5,p12,l3,0.00
i22,e11,c5,p13,l2,0.00
i22,e11,c5,p13,l3,0.00
i22,e11,c5,p14,l2,0.00
i22,e11,c5,p14,l3,0.00
i22,e11,c5,p15,l2,0.00
i22,e11,c5,p15,l3,0.00
i22,e11,c5,p16,l2,0.00
i22,e11,c5,p16,l3,0.00
i22,e11,c5,p17,l2,0.00
i22,e11,c5,p17,l3,0.00
i22,e11,c5,p18,l2,0.00
i22,e11,c5,p18,l3,0.00
i22,e11,c5,p19,l2,0.00
i22,e11,c5,p19,l3,0.00
i22,e11,c5,p20,l2,0.00
i22,e11,c5,p20,l3,0.00
i22,e11,c5,p21,l2,0.00
i22,e11,c5,p21,l3,0.00
i22,e11,c5,p22,l2,0.00
i22,e11,c5,p22,l3,0.00
i22,e11,c5,p23,l2,0.00
i22,e11,c5,p23,l3,0.00
i22,e11,c5,p24,l2,0.00
i22,e11,c5,p24,l3,0.00
i22,e11,c5,p25,l2,0.00
i22,e11,c5,p25,l3,0.00
i22,e11,c5,p26,l2,0.00
i22,e11,c5,p26,l3,0.00
i22,e11,c5,p28,l2,0.00
i22,e11,c5,p28,l3,0.00
i22,e11,c5,p29,l2,0.00
i22,e11,c5,p29,l3,0.00
i22,e11,c5,p30,l2,0.00
i22,e11,c5,p30,l3,0.00
i22,e11,c5,p31,l2,0.00
i22,e11,c5,p31,l3,0.00
i22,e11,c5,p32,l2,0.00
i22,e11,c5,p32,l3,0.00
i22,e11,c5,p33,l2,0.00
i22,e11,c5,p33,l3,0.00
i22,e11,c5,p35,l2,0.00
i22,e11,c5,p35,l3,0.00
i23,e01,c3,p01,l3,0.00
i23,e01,c3,p02,l3,0.00
i23,e01,c3,p03,l3,0.00
i23,e01,c3,p04,l3,0.00
i23,e01,c3,p05,l3,0.00
i23,e01,c3,p06,l3,0.00
i23,e01,c3,p07,l3,0.00
i23,e01,c3,p08,l3,0.00
i23,e01,c3,p09,l3,0.00
i23,e01,c3,p10,l3,0.00
i23,e01,c3,p11,l3,0.00
i23,e01,c3,p12,l3,0.00
i23,e01,c3,p13,l3,0.00
i23,e01,c3,p14,l3,0.00
i23,e01,c3,p15,l3,0.00
i23,e01,c3,p16,l3,0.00
i23,e01,c3,p17,l3,0.00
i23,e01,c3,p18,l3,0.00
i23,e01,c3,p19,l3,0.00
i23,e01,c3,p20,l3,0.00
i23,e01,c3,p21,l3,0.00
i23,e01,c3,p22,l3,0.00
i23,e01,c3,p23,l3,0.00
i23,e01,c3,p24,l3,0.00
i23,e01,c3,p26,l3,0.00
i23,e01,c3,p28,l3,0.00
i23,e01,c3,p29,l3,0.00
i23,e01,c3,p31,l3,0.00
i23,e01,c3,p35,l3,0.00
i23,e01,c5,p01,l3,0.00
i23,e01,c5,p02,l3,0.00
i23,e01,c5,p03,l3,0.00
i23,e01,c5,p04,l3,0.00
i23,e01,c5,p05,l3,0.00
i23,e01,c5,p06,l3,0.00
i23,e01,c5,p07,l3,1.00
i23,e01,c5,p08,l3,0.00
i23,e01,c5,p09,l3,2.36
i23,e01,c5,p10,l3,0.00
i23,e01,c5,p11,l3,0.00
i23,e01,c5,p12,l3,0.00
i23,e01,c5,p13,l3,0.00
i23,e01,c5,p14,l3,0.00
i23,e01,c5,p15,l3,0.00
i23,e01,c5,p16,l3,0.00
i23,e01,c5,p17,l3,0.00
i23,e01,c5,p18,l3,7.51
i23,e01,c5,p19,l3,0.00
i23,e01,c5,p20,l3,0.00
i23,e01,c5,p21,l3,0.00
i23,e01,c5,p22,l3,0.00
i23,e01,c5,p23,l3,0.00
i23,e01,c5,p24,l3,0.00
i23,e01,c5,p25,l3,0.00
i23,e01,c5,p26,l3,0.00
i23,e01,c5,p28,l3,0.00
i23,e01,c5,p29,l3,0.00
i23,e01,c5,p30,l3,0.00
i23,e01,c5,p31,l3,0.00
i23,e01,c5,p32,l3,0.00
i23,e01,c5,p33,l3,0.00
i23,e01,c5,p35,l3,0.00
i23,e02,c3,p06,l1,0.00
i23,e02,c3,p07,l3,0.00
i23,e02,c3,p10,l3,0.00
i23,e02,c3,p12,l1,0.00
i23,e02,c3,p14,l3,0.00
i23,e02,c3,p15,l3,0.00
i23,e02,c3,p24,l1,0.00
i23,e02,c3,p29,l3,0.00
i23,e02,c3,p35,l1,0.00
i23,e02,c5,p01,l1,0.00
i23,e02,c5,p01,l3,0.00
i23,e02,c5,p02,l1,0.00
i23,e02,c5,p02,l3,0.00
i23,e02,c5,p03,l1,0.00
i23,e02,c5,p03,l3,0.00
i23,e02,c5,p04,l1,0.00
i23,e02,c5,p04,l3,0.00
i23,e02,c5,p05,l1,0.00
i23,e02,c5,p05,l3,0.00
i23,e02,c5,p06,l1,0.00
i23,e02,c5,p06,l3,0.00
i23,e02,c5,p07,l1,0.00
i23,e02,c5,p07,l3,0.00
i23,e02,c5,p08,l1,0.00
i23,e02,c5,p08,l3,0.00
i23,e02,c5,p09,l1,0.00
i23,e02,c5,p09,l3,0.00
i23,e02,c5,p10,l1,0.00
i23,e02,c5,p10,l3,0.00
i23,e02,c5,p11,l1,0.00
i23,e02,c5,p11,l3,0.00
i23,e02,c5,p12,l1,0.00
i23,e02,c5,p12,l3,0.00
i23,e02,c5,p13,l1,0.00
i23,e02,c5,p13,l3,0.00
i23,e02,c5,p14,l1,0.00
i23,e02,c5,p14,l3,0.00
i23,e02,c5,p15,l1,0.00
i23,e02,c5,p15,l3,0.00
i23,e02,c5,p16,l1,0.00
i23,e02,c5,p16,l3,0.00
i23,e02,c5,p17,l1,0.00
i23,e02,c5,p17,l3,0.00
i23,e02,c5,p18,l1,0.00
i23,e02,c5,p18,l3,0.00
i23,e02,c5,p19,l1,0.00
i23,e02,c5,p19,l3,0.00
i23,e02,c5,p20,l1,0.00
i23,e02,c5,p20,l3,0.00
i23,e02,c5,p21,l1,0.00
i23,e02,c5,p21,l3,0.00
i23,e02,c5,p22,l1,0.00
i23,e02,c5,p22,l3,0.00
i23,e02,c5,p23,l1,0.00
i23,e02,c5,p23,l3,0.00
i23,e02,c5,p24,l1,0.00
i23,e02,c5,p24,l3,0.00
i23,e02,c5,p25,l1,0.00
i23,e02,c5,p25,l3,0.00
i23,e02,c5,p26,l3,0.00
i23,e02,c5,p28,l1,0.00
i23,e02,c5,p28,l3,0.00
i23,e02,c5,p29,l1,0.00
i23,e02,c5,p29,l3,0.00
i23,e02,c5,p31,l3,0.00
i23,e02,c5,p32,l1,0.00
i23,e02,c5,p32,l3,0.00
i23,e02,c5,p35,l1,0.00
i23,e02,c5,p35,l3,0.00
i23,e03,c3,p01,l3,0.00
i23,e03,c3,p02,l3,0.00
i23,e03,c3,p03,l3,0.00
i23,e03,c3,p04,l3,0.00
i23,e03,c3,p05,l3,0.00
i23,e03,c3,p06,l3,0.00
i23,e03,c3,p07,l3,0.00
i23,e03,c3,p08,l3,0.00
i23,e03,c3,p09,l3,0.00
i23,e03,c3,p10,l3,0.00
i23,e03,c3,p11,l3,0.00
i23,e03,c3,p12,l3,0.00
i23,e03,c3,p13,l3,1.24
i23,e03,c3,p14,l3,0.00
i23,e03,c3,p15,l3,0.00
i23,e03,c3,p16,l3,0.00
i23,e03,c3,p17,l3,0.00
i23,e03,c3,p18,l3,0.00
i23,e03,c3,p19,l3,0.00
i23,e03,c3,p20,l3,0.00
i23,e03,c3,p21,l3,0.00
i23,e03,c3,p22,l3,0.00
i23,e03,c3,p23,l3,0.00
i23,e03,c3,p24,l3,0.00
i23,e03,c3,p26,l3,0.00
i23,e03,c3,p28,l3,0.00
i23,e03,c3,p29,l3,0.00
i23,e03,c3,p35,l3,0.00
i23,e03,c5,p01,l3,0.00
i23,e03,c5,p02,l3,0.00
i23,e03,c5,p03,l3,0.00
i23,e03,c5,p04,l3,1.16
i23,e03,c5,p05,l3,0.00
i23,e03,c5,p06,l3,0.00
i23,e03,c5,p07,l3,0.00
i23,e03,c5,p08,l3,0.00
i23,e03,c5,p09,l3,0.00
i23,e03,c5,p10,l3,3.07
i23,e03,c5,p11,l3,0.00
i23,e03,c5,p12,l3,1.37
i23,e03,c5,p13,l3,0.00
i23,e03,c5,p14,l3,0.00
i23,e03,c5,p15,l3,0.00
i23,e03,c5,p16,l3,0.00
i23,e03,c5,p17,l3,2.60
i23,e03,c5,p18,l3,0.00
i23,e03,c5,p19,l3,0.00
i23,e03,c5,p20,l3,0.00
i23,e03,c5,p21,l3,0.00
i23,e03,c5,p22,l3,0.00
i23,e03,c5,p23,l3,0.00
i23,e03,c5,p24,l3,0.00
i23,e03,c5,p25,l3,0.00
i23,e03,c5,p26,l3,0.00
i23,e03,c5,p28,l3,0.00
i23,e03,c5,p29,l3,0.00
i23,e03,c5,p30,l3,0.00
i23,e03,c5,p31,l3,0.00
i23,e03,c5,p32,l3,0.00
i23,e03,c5,p33,l3,0.00
i23,e03,c5,p35,l3,0.00
i23,e04,c3,p01,l1,0.00
i23,e04,c3,p01,l3,0.00
i23,e04,c3,p02,l1,0.00
i23,e04,c3,p02,l3,0.00
i23,e04,c3,p03,l1,0.00
i23,e04,c3,p03,l3,0.00
i23,e04,c3,p04,l1,0.00
i23,e04,c3,p04,l3,0.00
i23,e04,c3,p05,l1,0.00
i23,e04,c3,p05,l3,0.00
i23,e04,c3,p06,l1,0.00
i23,e04,c3,p06,l3,0.00
i23,e04,c3,p07,l1,0.00
i23,e04,c3,p07,l3,0.00
i23,e04,c3,p08,l3,0.00
i23,e04,c3,p09,l1,0.00
i23,e04,c3,p09,l3,0.00
i23,e04,c3,p10,l1,0.00
i23,e04,c3,p10,l3,0.00
i23,e04,c3,p11,l1,0.00
i23,e04,c3,p11,l3,0.00
i23,e04,c3,p12,l1,0.00
i23,e04,c3,p12,l3,0.00
i23,e04,c3,p13,l1,0.00
i23,e04,c3,p13,l3,0.00
i23,e04,c3,p14,l3,0.00
i23,e04,c3,p15,l1,0.00
i23,e04,c3,p15,l3,0.00
i23,e04,c3,p16,l3,0.00
i23,e04,c3,p17,l1,0.00
i23,e04,c3,p17,l3,0.00
i23,e04,c3,p18,l3,0.00
i23,e04,c3,p19,l1,0.00
i23,e04,c3,p19,l3,0.00
i23,e04,c3,p21,l1,0.00
i23,e04,c3,p21,l3,0.00
i23,e04,c3,p22,l3,0.00
i23,e04,c3,p23,l1,0.00
i23,e04,c3,p23,l3,0.00
i23,e04,c3,p24,l1,0.00
i23,e04,c3,p24,l3,0.00
i23,e04,c3,p26,l3,0.00
i23,e04,c3,p28,l3,0.00
i23,e04,c3,p29,l1,0.00
i23,e04,c3,p29,l3,0.00
i23,e04,c3,p31,l1,0.00
i23,e04,c3,p35,l1,0.00
i23,e04,c3,p35,l3,0.00
i23,e04,c5,p01,l1,0.00
i23,e04,c5,p01,l3,0.00
i23,e04,c5,p02,l1,0.00
i23,e04,c5,p02,l3,0.00
i23,e04,c5,p03,l1,0.00
i23,e04,c5,p03,l3,0.00
i23,e04,c5,p04,l1,0.00
i23,e04,c5,p04,l3,0.00
i23,e04,c5,p05,l1,0.00
i23,e04,c5,p05,l3,0.00
i23,e04,c5,p06,l1,0.00
i23,e04,c5,p06,l3,0.00
i23,e04,c5,p07,l1,0.00
i23,e04,c5,p07,l3,1.07
i23,e04,c5,p08,l1,0.00
i23,e04,c5,p08,l3,0.00
i23,e04,c5,p09,l1,0.00
i23,e04,c5,p09,l3,6.23
i23,e04,c5,p10,l1,0.00
i23,e04,c5,p10,l3,0.00
i23,e04,c5,p11,l1,0.00
i23,e04,c5,p11,l3,1.00
i23,e04,c5,p12,l1,0.00
i23,e04,c5,p12,l3,1.86
i23,e04,c5,p13,l1,0.00
i23,e04,c5,p13,l3,0.00
i23,e04,c5,p14,l1,0.00
i23,e04,c5,p14,l3,0.00
i23,e04,c5,p15,l1,0.00
i23,e04,c5,p15,l3,0.00
i23,e04,c5,p16,l1,0.00
i23,e04,c5,p16,l3,0.00
i23,e04,c5,p17,l1,0.00
i23,e04,c5,p17,l3,1.25
i23,e04,c5,p18,l1,0.00
i23,e04,c5,p18,l3,0.00
i23,e04,c5,p19,l1,0.00
i23,e04,c5,p19,l3,0.00
i23,e04,c5,p20,l1,0.00
i23,e04,c5,p20,l3,0.00
i23,e04,c5,p21,l1,0.00
i23,e04,c5,p21,l3,0.00
i23,e04,c5,p22,l1,0.00
i23,e04,c5,p22,l3,0.00
i23,e04,c5,p23,l1,0.00
i23,e04,c5,p23,l3,0.00
i23,e04,c5,p24,l1,0.00
i23,e04,c5,p24,l3,0.00
i23,e04,c5,p25,l1,0.00
i23,e04,c5,p25,l3,0.00
i23,e04,c5,p26,l1,0.00
i23,e04,c5,p26,l3,0.00
i23,e04,c5,p28,l1,0.00
i23,e04,c5,p28,l3,0.00
i23,e04,c5,p29,l1,0.00
i23,e04,c5,p29,l3,0.00
i23,e04,c5,p30,l1,0.00
i23,e04,c5,p30,l3,0.00
i23,e04,c5,p31,l1,0.00
i23,e04,c5,p31,l3,0.00
i23,e04,c5,p32,l1,0.00
i23,e04,c5,p32,l3,1.97
i23,e04,c5,p33,l1,0.00
i23,e04,c5,p33,l3,0.00
i23,e04,c5,p35,l1,0.00
i23,e04,c5,p35,l3,0.00
i23,e05,c3,p01,l3,0.00
i23,e05,c3,p02,l3,0.00
i23,e05,c3,p03,l1,0.00
i23,e05,c3,p03,l3,0.00
i23,e05,c3,p04,l3,0.00
i23,e05,c3,p05,l3,0.00
i23,e05,c3,p06,l3,0.00
i23,e05,c3,p07,l3,0.00
i23,e05,c3,p09,l3,0.00
i23,e05,c3,p10,l3,0.00
i23,e05,c3,p14,l3,0.00
i23,e05,c3,p15,l3,0.00
i23,e05,c3,p23,l3,0.00
i23,e05,c3,p24,l3,0.00
i23,e05,c3,p29,l3,0.00
i23,e05,c3,p35,l3,0.00
i23,e05,c5,p01,l1,0.00
i23,e05,c5,p01,l3,0.00
i23,e05,c5,p02,l1,0.00
i23,e05,c5,p02,l3,0.00
i23,e05,c5,p03,l1,0.00
i23,e05,c5,p03,l3,0.00
i23,e05,c5,p04,l1,0.00
i23,e05,c5,p04,l3,0.00
i23,e05,c5,p05,l1,0.00
i23,e05,c5,p05,l3,0.00
i23,e05,c5,p06,l1,0.00
i23,e05,c5,p06,l3,0.00
i23,e05,c5,p07,l1,0.00
i23,e05,c5,p07,l3,0.00
i23,e05,c5,p08,l1,0.00
i23,e05,c5,p08,l3,0.00
i23,e05,c5,p09,l1,0.00
i23,e05,c5,p09,l3,0.00
i23,e05,c5,p10,l1,0.00
i23,e05,c5,p10,l3,0.00
i23,e05,c5,p11,l1,0.00
i23,e05,c5,p11,l3,0.00
i23,e05,c5,p12,l1,0.00
i23,e05,c5,p12,l3,0.00
i23,e05,c5,p13,l1,0.00
i23,e05,c5,p13,l3,0.00
i23,e05,c5,p14,l1,0.00
i23,e05,c5,p14,l3,0.00
i23,e05,c5,p15,l1,0.00
i23,e05,c5,p15,l3,0.00
i23,e05,c5,p16,l1,0.00
i23,e05,c5,p16,l3,0.00
i23,e05,c5,p17,l1,0.00
i23,e05,c5,p17,l3,0.00
i23,e05,c5,p18,l1,0.00
i23,e05,c5,p18,l3,0.00
i23,e05,c5,p19,l1,0.00
i23,e05,c5,p19,l3,0.00
i23,e05,c5,p20,l1,0.00
i23,e05,c5,p20,l3,0.00
i23,e05,c5,p21,l1,0.00
i23,e05,c5,p21,l3,0.00
i23,e05,c5,p22,l1,0.00
i23,e05,c5,p22,l3,0.00
i23,e05,c5,p23,l1,0.00
i23,e05,c5,p23,l3,0.00
i23,e05,c5,p24,l1,0.00
i23,e05,c5,p24,l3,0.00
i23,e05,c5,p25,l1,0.00
i23,e05,c5,p25,l3,0.00
i23,e05,c5,p26,l1,0.00
i23,e05,c5,p26,l3,0.00
i23,e05,c5,p28,l1,0.00
i23,e05,c5,p28,l3,0.00
i23,e05,c5,p29,l1,0.00
i23,e05,c5,p29,l3,0.00
i23,e05,c5,p31,l1,0.00
i23,e05,c5,p31,l3,0.00
i23,e05,c5,p32,l1,0.00
i23,e05,c5,p32,l3,0.00
i23,e05,c5,p35,l1,0.00
i23,e05,c5,p35,l3,0.00
i23,e07,c3,p02,l3,0.00
i23,e07,c3,p16,l2,0.00
i23,e07,c3,p35,l2,0.00
i23,e07,c5,p01,l2,0.00
i23,e07,c5,p01,l3,0.00
i23,e07,c5,p02,l2,0.00
i23,e07,c5,p02,l3,0.00
i23,e07,c5,p03,l2,0.00
i23,e07,c5,p03,l3,0.00
i23,e07,c5,p04,l2,0.00
i23,e07,c5,p04,l3,0.00
i23,e07,c5,p05,l2,0.00
i23,e07,c5,p05,l3,0.00
i23,e07,c5,p06,l2,0.00
i23,e07,c5,p06,l3,0.00
i23,e07,c5,p07,l2,0.00
i23,e07,c5,p07,l3,0.00
i23,e07,c5,p08,l2,0.00
i23,e07,c5,p08,l3,0.00
i23,e07,c5,p09,l2,0.00
i23,e07,c5,p09,l3,0.00
i23,e07,c5,p10,l2,0.00
i23,e07,c5,p10,l3,0.00
i23,e07,c5,p11,l2,0.00
i23,e07,c5,p11,l3,0.00
i23,e07,c5,p12,l2,0.00
i23,e07,c5,p12,l3,0.00
i23,e07,c5,p13,l2,0.00
i23,e07,c5,p13,l3,0.00
i23,e07,c5,p14,l2,0.00
i23,e07,c5,p14,l3,0.00
i23,e07,c5,p15,l2,0.00
i23,e07,c5,p15,l3,0.00
i23,e07,c5,p16,l2,0.00
i23,e07,c5,p16,l3,0.00
i23,e07,c5,p17,l2,0.00
i23,e07,c5,p17,l3,0.00
i23,e07,c5,p18,l2,0.00
i23,e07,c5,p18,l3,0.00
i23,e07,c5,p19,l2,0.00
i23,e07,c5,p19,l3,0.00
i23,e07,c5,p20,l2,0.00
i23,e07,c5,p20,l3,0.00
i23,e07,c5,p21,l2,0.00
i23,e07,c5,p21,l3,0.00
i23,e07,c5,p22,l2,0.00
i23,e07,c5,p22,l3,0.00
i23,e07,c5,p23,l2,0.00
i23,e07,c5,p23,l3,0.00
i23,e07,c5,p24,l2,0.00
i23,e07,c5,p24,l3,0.00
i23,e07,c5,p25,l2,0.00
i23,e07,c5,p28,l2,0.00
i23,e07,c5,p28,l3,0.00
i23,e07,c5,p29,l2,0.00
i23,e07,c5,p29,l3,0.00
i23,e07,c5,p31,l2,0.00
i23,e07,c5,p31,l3,0.00
i23,e07,c5,p32,l2,0.00
i23,e07,c5,p32,l3,0.00
i23,e07,c5,p35,l2,0.00
i23,e07,c5,p35,l3,0.00
i23,e08,c3,p01,l3,0.00
i23,e08,c3,p02,l2,0.00
i23,e08,c3,p02,l3,0.00
i23,e08,c3,p03,l2,0.00
i23,e08,c3,p03,l3,0.00
i23,e08,c3,p04,l3,0.00
i23,e08,c3,p05,l3,0.00
i23,e08,c3,p06,l2,0.00
i23,e08,c3,p06,l3,0.00
i23,e08,c3,p07,l2,0.00
i23,e08,c3,p07,l3,0.00
i23,e08,c3,p09,l2,0.00
i23,e08,c3,p09,l3,0.00
i23,e08,c3,p10,l2,0.00
i23,e08,c3,p10,l3,0.00
i23,e08,c3,p11,l2,0.00
i23,e08,c3,p11,l3,0.00
i23,e08,c3,p12,l2,0.00
i23,e08,c3,p12,l3,0.00
i23,e08,c3,p13,l2,0.00
i23,e08,c3,p13,l3,1.91
i23,e08,c3,p14,l3,0.00
i23,e08,c3,p15,l2,0.00
i23,e08,c3,p15,l3,0.00
i23,e08,c3,p16,l3,0.00
i23,e08,c3,p17,l2,0.00
i23,e08,c3,p17,l3,0.00
i23,e08,c3,p18,l3,0.00
i23,e08,c3,p19,l3,0.00
i23,e08,c3,p21,l2,0.00
i23,e08,c3,p21,l3,0.00
i23,e08,c3,p22,l2,0.00
i23,e08,c3,p22,l3,0.00
i23,e08,c3,p23,l2,0.00
i23,e08,c3,p23,l3,0.00
i23,e08,c3,p24,l2,0.00
i23,e08,c3,p24,l3,0.00
i23,e08,c3,p26,l3,0.00
i23,e08,c3,p28,l3,0.00
i23,e08,c3,p29,l2,0.00
i23,e08,c3,p29,l3,0.00
i23,e08,c3,p31,l2,0.00
i23,e08,c3,p35,l2,0.00
i23,e08,c3,p35,l3,0.00
i23,e08,c5,p01,l2,0.00
i23,e08,c5,p01,l3,0.00
i23,e08,c5,p02,l2,0.00
i23,e08,c5,p02,l3,0.00
i23,e08,c5,p03,l2,0.00
i23,e08,c5,p03,l3,0.00
i23,e08,c5,p04,l2,0.00
i23,e08,c5,p04,l3,0.00
i23,e08,c5,p05,l2,0.00
i23,e08,c5,p05,l3,0.00
i23,e08,c5,p06,l2,0.00
i23,e08,c5,p06,l3,0.00
i23,e08,c5,p07,l2,0.00
i23,e08,c5,p07,l3,0.00
i23,e08,c5,p08,l2,0.00
i23,e08,c5,p08,l3,0.00
i23,e08,c5,p09,l2,0.00
i23,e08,c5,p09,l3,5.29
i23,e08,c5,p10,l2,0.00
i23,e08,c5,p10,l3,0.00
i23,e08,c5,p11,l2,0.00
i23,e08,c5,p11,l3,0.00
i23,e08,c5,p12,l2,0.00
i23,e08,c5,p12,l3,0.00
i23,e08,c5,p13,l2,0.00
i23,e08,c5,p13,l3,0.00
i23,e08,c5,p14,l2,0.00
i23,e08,c5,p14,l3,0.00
i23,e08,c5,p15,l2,0.00
i23,e08,c5,p15,l3,0.00
i23,e08,c5,p16,l2,0.00
i23,e08,c5,p16,l3,0.00
i23,e08,c5,p17,l2,0.00
i23,e08,c5,p17,l3,1.23
i23,e08,c5,p18,l2,0.00
i23,e08,c5,p18,l3,0.00
i23,e08,c5,p19,l2,0.00
i23,e08,c5,p19,l3,0.00
i23,e08,c5,p20,l2,0.00
i23,e08,c5,p20,l3,0.00
i23,e08,c5,p21,l2,0.00
i23,e08,c5,p21,l3,0.00
i23,e08,c5,p22,l2,0.00
i23,e08,c5,p22,l3,0.00
i23,e08,c5,p23,l2,0.00
i23,e08,c5,p23,l3,0.00
i23,e08,c5,p24,l2,0.00
i23,e08,c5,p24,l3,0.00
i23,e08,c5,p25,l2,0.00
i23,e08,c5,p25,l3,0.00
i23,e08,c5,p26,l2,0.00
i23,e08,c5,p26,l3,0.00
i23,e08,c5,p28,l2,0.00
i23,e08,c5,p28,l3,0.00
i23,e08,c5,p29,l2,0.00
i23,e08,c5,p29,l3,0.00
i23,e08,c5,p30,l2,0.00
i23,e08,c5,p30,l3,0.00
i23,e08,c5,p31,l2,0.00
i23,e08,c5,p31,l3,0.00
i23,e08,c5,p32,l2,0.00
i23,e08,c5,p32,l3,0.00
i23,e08,c5,p33,l3,0.00
i23,e08,c5,p35,l2,0.00
i23,e08,c5,p35,l3,0.00
i23,e09,c3,p01,l2,0.00
i23,e09,c3,p01,l3,0.00
i23,e09,c3,p02,l2,0.00
i23,e09,c3,p02,l3,0.00
i23,e09,c3,p03,l2,0.00
i23,e09,c3,p03,l3,0.00
i23,e09,c3,p04,l3,0.00
i23,e09,c3,p05,l3,0.00
i23,e09,c3,p06,l2,0.00
i23,e09,c3,p06,l3,0.00
i23,e09,c3,p07,l2,0.00
i23,e09,c3,p07,l3,0.00
i23,e09,c3,p08,l3,0.00
i23,e09,c3,p09,l2,0.00
i23,e09,c3,p09,l3,0.00
i23,e09,c3,p10,l2,0.00
i23,e09,c3,p10,l3,0.00
i23,e09,c3,p11,l2,0.00
i23,e09,c3,p11,l3,0.00
i23,e09,c3,p12,l2,0.00
i23,e09,c3,p12,l3,0.00
i23,e09,c3,p13,l2,0.00
i23,e09,c3,p13,l3,0.00
i23,e09,c3,p14,l2,0.00
i23,e09,c3,p14,l3,0.00
i23,e09,c3,p15,l2,0.00
i23,e09,c3,p15,l3,0.00
i23,e09,c3,p16,l2,0.00
i23,e09,c3,p16,l3,0.00
i23,e09,c3,p17,l2,0.00
i23,e09,c3,p17,l3,0.00
i23,e09,c3,p18,l2,0.00
i23,e09,c3,p18,l3,0.00
i23,e09,c3,p19,l2,0.00
i23,e09,c3,p19,l3,0.00
i23,e09,c3,p20,l3,0.00
i23,e09,c3,p21,l2,0.00
i23,e09,c3,p21,l3,0.00
i23,e09,c3,p22,l2,0.00
i23,e09,c3,p22,l3,0.00
i23,e09,c3,p23,l2,0.00
i23,e09,c3,p23,l3,0.00
i23,e09,c3,p24,l2,0.00
i23,e09,c3,p24,l3,0.00
i23,e09,c3,p26,l3,0.00
i23,e09,c3,p28,l3,0.00
i23,e09,c3,p29,l2,0.00
i23,e09,c3,p29,l3,0.00
i23,e09,c3,p31,l2,0.00
i23,e09,c3,p35,l2,0.00
i23,e09,c3,p35,l3,0.00
i23,e09,c5,p01,l2,0.00
i23,e09,c5,p01,l3,0.00
i23,e09,c5,p02,l2,0.00
i23,e09,c5,p02,l3,0.00
i23,e09,c5,p03,l2,0.00
i23,e09,c5,p03,l3,0.00
i23,e09,c5,p04,l2,0.00
i23,e09,c5,p04,l3,0.00
i23,e09,c5,p05,l2,0.00
i23,e09,c5,p05,l3,0.00
i23,e09,c5,p06,l2,0.00
i23,e09,c5,p06,l3,0.00
i23,e09,c5,p07,l2,0.00
i23,e09,c5,p07,l3,0.00
i23,e09,c5,p08,l2,0.00
i23,e09,c5,p08,l3,0.00
i23,e09,c5,p09,l2,0.00
i23,e09,c5,p09,l3,0.00
i23,e09,c5,p10,l2,0.00
i23,e09,c5,p10,l3,0.00
i23,e09,c5,p11,l2,0.00
i23,e09,c5,p11,l3,1.67
i23,e09,c5,p12,l2,0.00
i23,e09,c5,p12,l3,0.00
i23,e09,c5,p13,l2,0.00
i23,e09,c5,p13,l3,0.00
i23,e09,c5,p14,l2,0.00
i23,e09,c5,p14,l3,0.00
i23,e09,c5,p15,l2,0.00
i23,e09,c5,p15,l3,0.00
i23,e09,c5,p16,l2,0.00
i23,e09,c5,p16,l3,0.00
i23,e09,c5,p17,l2,0.00
i23,e09,c5,p17,l3,0.00
i23,e09,c5,p18,l2,0.00
i23,e09,c5,p18,l3,1.40
i23,e09,c5,p19,l2,0.00
i23,e09,c5,p19,l3,0.00
i23,e09,c5,p20,l2,0.00
i23,e09,c5,p20,l3,0.00
i23,e09,c5,p21,l2,0.00
i23,e09,c5,p21,l3,0.00
i23,e09,c5,p22,l2,0.00
i23,e09,c5,p22,l3,0.00
i23,e09,c5,p23,l2,0.00
i23,e09,c5,p23,l3,0.00
i23,e09,c5,p24,l2,0.00
i23,e09,c5,p24,l3,0.00
i23,e09,c5,p25,l2,0.00
i23,e09,c5,p25,l3,0.00
i23,e09,c5,p26,l2,0.00
i23,e09,c5,p26,l3,0.00
i23,e09,c5,p28,l2,0.00
i23,e09,c5,p28,l3,0.00
i23,e09,c5,p29,l2,0.00
i23,e09,c5,p29,l3,0.00
i23,e09,c5,p30,l2,0.00
i23,e09,c5,p30,l3,0.00
i23,e09,c5,p31,l2,0.00
i23,e09,c5,p31,l3,0.00
i23,e09,c5,p32,l2,0.00
i23,e09,c5,p32,l3,0.00
i23,e09,c5,p33,l3,0.00
i23,e09,c5,p35,l2,0.00
i23,e09,c5,p35,l3,0.00
i23,e10,c3,p01,l2,0.00
i23,e10,c3,p01,l3,0.00
i23,e10,c3,p02,l3,0.00
i23,e10,c3,p03,l2,0.00
i23,e10,c3,p03,l3,0.00
i23,e10,c3,p04,l3,0.00
i23,e10,c3,p05,l3,0.00
i23,e10,c3,p07,l2,0.00
i23,e10,c3,p07,l3,0.00
i23,e10,c3,p09,l3,0.00
i23,e10,c3,p10,l2,0.00
i23,e10,c3,p10,l3,0.00
i23,e10,c3,p11,l3,0.00
i23,e10,c3,p12,l3,0.00
i23,e10,c3,p13,l3,0.00
i23,e10,c3,p14,l3,0.00
i23,e10,c3,p15,l3,0.00
i23,e10,c3,p16,l3,0.00
i23,e10,c3,p17,l3,0.00
i23,e10,c3,p19,l3,0.00
i23,e10,c3,p21,l3,0.00
i23,e10,c3,p22,l3,0.00
i23,e10,c3,p24,l3,0.00
i23,e10,c3,p26,l3,0.00
i23,e10,c3,p35,l3,0.00
i23,e10,c5,p01,l2,0.00
i23,e10,c5,p01,l3,0.00
i23,e10,c5,p01,l4,0.00
i23,e10,c5,p02,l2,0.00
i23,e10,c5,p02,l3,0.00
i23,e10,c5,p02,l4,0.00
i23,e10,c5,p03,l2,0.00
i23,e10,c5,p03,l3,0.00
i23,e10,c5,p03,l4,0.00
i23,e10,c5,p04,l2,0.00
i23,e10,c5,p04,l3,0.00
i23,e10,c5,p04,l4,0.00
i23,e10,c5,p05,l2,0.00
i23,e10,c5,p05,l3,0.00
i23,e10,c5,p05,l4,0.00
i23,e10,c5,p06,l2,0.00
i23,e10,c5,p06,l3,0.00
i23,e10,c5,p06,l4,0.00
i23,e10,c5,p07,l2,0.00
i23,e10,c5,p07,l3,0.00
i23,e10,c5,p07,l4,0.00
i23,e10,c5,p08,l2,0.00
i23,e10,c5,p08,l3,0.00
i23,e10,c5,p09,l2,0.00
i23,e10,c5,p09,l3,0.00
i23,e10,c5,p09,l4,0.00
i23,e10,c5,p10,l2,0.00
i23,e10,c5,p10,l3,0.00
i23,e10,c5,p10,l4,0.00
i23,e10,c5,p11,l2,0.00
i23,e10,c5,p11,l3,0.00
i23,e10,c5,p11,l4,0.00
i23,e10,c5,p12,l2,0.00
i23,e10,c5,p12,l3,0.00
i23,e10,c5,p12,l4,0.00
i23,e10,c5,p13,l2,0.00
i23,e10,c5,p13,l3,0.00
i23,e10,c5,p13,l4,0.00
i23,e10,c5,p14,l2,0.00
i23,e10,c5,p14,l3,0.00
i23,e10,c5,p15,l2,0.00
i23,e10,c5,p15,l3,0.00
i23,e10,c5,p15,l4,0.00
i23,e10,c5,p16,l2,0.00
i23,e10,c5,p16,l3,0.00
i23,e10,c5,p16,l4,0.00
i23,e10,c5,p17,l2,0.00
i23,e10,c5,p17,l3,0.00
i23,e10,c5,p17,l4,0.00
i23,e10,c5,p18,l2,0.00
i23,e10,c5,p18,l3,0.00
i23,e10,c5,p18,l4,0.00
i23,e10,c5,p19,l2,0.00
i23,e10,c5,p19,l3,0.00
i23,e10,c5,p19,l4,0.00
i23,e10,c5,p20,l2,0.00
i23,e10,c5,p20,l3,0.00
i23,e10,c5,p21,l2,0.00
i23,e10,c5,p21,l3,0.00
i23,e10,c5,p21,l4,0.00
i23,e10,c5,p22,l2,0.00
i23,e10,c5,p22,l3,0.00
i23,e10,c5,p22,l4,0.00
i23,e10,c5,p23,l2,0.00
i23,e10,c5,p23,l3,0.00
i23,e10,c5,p23,l4,0.00
i23,e10,c5,p24,l2,0.00
i23,e10,c5,p24,l3,0.00
i23,e10,c5,p24,l4,0.00
i23,e10,c5,p25,l2,0.00
i23,e10,c5,p25,l3,0.00
i23,e10,c5,p25,l4,0.00
i23,e10,c5,p26,l2,0.00
i23,e10,c5,p26,l3,0.00
i23,e10,c5,p28,l2,0.00
i23,e10,c5,p28,l3,0.00
i23,e10,c5,p29,l2,0.00
i23,e10,c5,p29,l3,0.00
i23,e10,c5,p29,l4,0.00
i23,e10,c5,p30,l3,0.00
i23,e10,c5,p31,l2,0.00
i23,e10,c5,p31,l3,0.00
i23,e10,c5,p32,l2,0.00
i23,e10,c5,p32,l3,0.00
i23,e10,c5,p32,l4,0.00
i23,e10,c5,p33,l3,0.00
i23,e10,c5,p35,l2,0.00
i23,e10,c5,p35,l3,0.00
i23,e10,c5,p35,l4,0.00
i23,e11,c3,p02,l2,0.00
i23,e11,c3,p03,l2,0.00
i23,e11,c3,p03,l3,0.00
i23,e11,c3,p04,l2,0.00
i23,e11,c3,p04,l3,0.00
i23,e11,c3,p10,l2,0.00
i23,e11,c3,p10,l3,0.00
i23,e11,c3,p13,l3,0.00
i23,e11,c3,p14,l3,0.00
i23,e11,c3,p17,l2,0.00
i23,e11,c3,p19,l2,0.00
i23,e11,c3,p22,l3,0.00
i23,e11,c3,p23,l2,0.00
i23,e11,c3,p23,l3,0.00
i23,e11,c3,p24,l2,0.00
i23,e11,c3,p31,l2,0.00
i23,e11,c3,p35,l2,0.00
i23,e11,c3,p35,l3,0.00
i23,e11,c5,p01,l2,0.00
i23,e11,c5,p01,l3,0.00
i23,e11,c5,p02,l2,0.00
i23,e11,c5,p02,l3,0.00
i23,e11,c5,p03,l2,0.00
i23,e11,c5,p03,l3,0.00
i23,e11,c5,p04,l2,0.00
i23,e11,c5,p04,l3,0.00
i23,e11,c5,p05,l2,0.00
i23,e11,c5,p05,l3,0.00
i23,e11,c5,p06,l2,0.00
i23,e11,c5,p06,l3,0.00
i23,e11,c5,p07,l2,0.00
i23,e11,c5,p07,l3,0.00
i23,e11,c5,p08,l2,0.00
i23,e11,c5,p08,l3,0.00
i23,e11,c5,p09,l2,0.00
i23,e11,c5,p09,l3,1.49
i23,e11,c5,p10,l2,0.00
i23,e11,c5,p10,l3,0.00
i23,e11,c5,p11,l2,0.00
i23,e11,c5,p11,l3,0.00
i23,e11,c5,p12,l2,0.00
i23,e11,c5,p12,l3,0.00
i23,e11,c5,p13,l2,0.00
i23,e11,c5,p13,l3,0.00
i23,e11,c5,p14,l2,0.00
i23,e11,c5,p14,l3,0.00
i23,e11,c5,p15,l2,0.00
i23,e11,c5,p15,l3,0.00
i23,e11,c5,p16,l2,0.00
i23,e11,c5,p16,l3,0.00
i23,e11,c5,p17,l2,0.00
i23,e11,c5,p17,l3,0.00
i23,e11,c5,p18,l2,0.00
i23,e11,c5,p18,l3,0.00
i23,e11,c5,p19,l2,0.00
i23,e11,c5,p19,l3,0.00
i23,e11,c5,p20,l2,0.00
i23,e11,c5,p20,l3,0.00
i23,e11,c5,p21,l2,0.00
i23,e11,c5,p21,l3,0.00
i23,e11,c5,p22,l2,0.00
i23,e11,c5,p22,l3,0.00
i23,e11,c5,p23,l2,0.00
i23,e11,c5,p23,l3,0.00
i23,e11,c5,p24,l2,0.00
i23,e11,c5,p24,l3,0.00
i23,e11,c5,p25,l2,0.00
i23,e11,c5,p25,l3,0.00
i23,e11,c5,p26,l2,0.00
i23,e11,c5,p26,l3,0.00
i23,e11,c5,p28,l2,0.00
i23,e11,c5,p28,l3,0.00
i23,e11,c5,p29,l2,0.00
i23,e11,c5,p29,l3,0.00
i23,e11,c5,p30,l2,0.00
i23,e11,c5,p31,l2,0.00
i23,e11,c5,p31,l3,0.00
i23,e11,c5,p32,l2,0.00
i23,e11,c5,p32,l3,0.00
i23,e11,c5,p35,l2,0.00
i23,e11,c5,p35,l3,0.00
i23,e12,c3,p01,l3,0.00
i23,e12,c3,p02,l3,0.00
i23,e12,c3,p03,l3,0.00
i23,e12,c3,p04,l3,0.00
i23,e12,c3,p05,l3,0.00
i23,e12,c3,p06,l3,0.00
i23,e12,c3,p07,l3,0.00
i23,e12,c3,p09,l3,0.00
i23,e12,c3,p10,l3,0.00
i23,e12,c3,p11,l3,0.00
i23,e12,c3,p12,l3,0.00
i23,e12,c3,p13,l3,0.00
i23,e12,c3,p14,l3,0.00
i23,e12,c3,p15,l3,0.00
i23,e12,c3,p16,l3,0.00
i23,e12,c3,p17,l3,0.00
i23,e12,c3,p19,l3,0.00
i23,e12,c3,p21,l3,0.00
i23,e12,c3,p22,l3,0.00
i23,e12,c3,p23,l3,0.00
i23,e12,c3,p26,l3,0.00
i23,e12,c3,p31,l3,0.00
i23,e12,c3,p35,l3,0.00
i23,e12,c5,p01,l3,0.00
i23,e12,c5,p02,l3,0.00
i23,e12,c5,p03,l3,0.00
i23,e12,c5,p04,l3,0.00
i23,e12,c5,p05,l3,0.00
i23,e12,c5,p06,l3,0.00
i23,e12,c5,p07,l3,0.00
i23,e12,c5,p08,l3,0.00
i23,e12,c5,p09,l3,0.00
i23,e12,c5,p10,l3,0.00
i23,e12,c5,p11,l3,0.00
i23,e12,c5,p12,l3,0.00
i23,e12,c5,p13,l3,0.00
i23,e12,c5,p14,l3,0.00
i23,e12,c5,p15,l3,0.00
i23,e12,c5,p16,l3,0.00
i23,e12,c5,p17,l3,0.00
i23,e12,c5,p18,l3,0.00
i23,e12,c5,p19,l3,0.00
i23,e12,c5,p20,l3,0.00
i23,e12,c5,p21,l3,0.00
i23,e12,c5,p22,l3,0.00
i23,e12,c5,p23,l3,0.00
i23,e12,c5,p24,l3,0.00
i23,e12,c5,p25,l3,0.00
i23,e12,c5,p26,l3,0.00
i23,e12,c5,p28,l3,0.00
i23,e12,c5,p29,l3,0.00
i23,e12,c5,p30,l3,0.00
i23,e12,c5,p31,l3,0.00
i23,e12,c5,p32,l3,0.00
i23,e12,c5,p33,l3,0.00
i23,e12,c5,p35,l3,0.00
i23,e13,c3,p01,l3,0.00
i23,e13,c3,p02,l3,0.00
i23,e13,c3,p03,l3,0.00
i23,e13,c3,p04,l3,0.00
i23,e13,c3,p05,l3,0.00
i23,e13,c3,p06,l3,0.00
i23,e13,c3,p07,l3,0.00
i23,e13,c3,p08,l3,0.00
i23,e13,c3,p09,l3,0.00
i23,e13,c3,p10,l3,0.00
i23,e13,c3,p11,l3,0.00
i23,e13,c3,p12,l3,0.00
i23,e13,c3,p13,l3,0.00
i23,e13,c3,p14,l3,0.00
i23,e13,c3,p15,l3,0.00
i23,e13,c3,p16,l3,0.00
i23,e13,c3,p17,l3,0.00
i23,e13,c3,p18,l3,0.00
i23,e13,c3,p19,l3,0.00
i23,e13,c3,p20,l3,0.00
i23,e13,c3,p21,l3,0.00
i23,e13,c3,p22,l3,0.00
i23,e13,c3,p23,l3,0.00
i23,e13,c3,p24,l3,0.00
i23,e13,c3,p26,l3,0.00
i23,e13,c3,p28,l3,0.00
i23,e13,c3,p29,l3,0.00
i23,e13,c3,p31,l3,0.00
i23,e13,c3,p35,l3,0.00
i23,e13,c5,p01,l3,0.00
i23,e13,c5,p02,l3,0.00
i23,e13,c5,p03,l3,4.36
i23,e13,c5,p04,l3,0.00
i23,e13,c5,p05,l3,0.00
i23,e13,c5,p06,l3,2.59
i23,e13,c5,p07,l3,1.20
i23,e13,c5,p08,l3,2.75
i23,e13,c5,p09,l3,0.00
i23,e13,c5,p10,l3,0.00
i23,e13,c5,p11,l3,0.00
i23,e13,c5,p12,l3,0.00
i23,e13,c5,p13,l3,1.35
i23,e13,c5,p14,l3,0.00
i23,e13,c5,p15,l3,0.00
i23,e13,c5,p16,l3,0.00
i23,e13,c5,p17,l3,0.00
i23,e13,c5,p18,l3,3.40
i23,e13,c5,p19,l3,0.00
i23,e13,c5,p20,l3,0.00
i23,e13,c5,p21,l3,0.00
i23,e13,c5,p22,l3,0.00
i23,e13,c5,p23,l3,0.00
i23,e13,c5,p24,l3,0.00
i23,e13,c5,p25,l3,0.00
i23,e13,c5,p26,l3,0.00
i23,e13,c5,p28,l3,0.00
i23,e13,c5,p29,l3,0.00
i23,e13,c5,p30,l3,0.00
i23,e13,c5,p31,l3,0.00
i23,e13,c5,p32,l3,0.00
i23,e13,c5,p33,l3,0.00
i23,e13,c5,p35,l3,0.00
i24,e01,c1,p01,l3,0.00
i24,e01,c1,p02,l3,0.00
i24,e01,c1,p03,l3,0.00
i24,e01,c1,p04,l3,0.00
i24,e01,c1,p05,l3,0.00
i24,e01,c1,p06,l3,0.00
i24,e01,c1,p07,l3,0.00
i24,e01,c1,p08,l3,0.00
i24,e01,c1,p09,l3,0.00
i24,e01,c1,p10,l3,0.00
i24,e01,c1,p11,l3,0.00
i24,e01,c1,p12,l3,0.00
i24,e01,c1,p13,l3,0.00
i24,e01,c1,p14,l3,0.00
i24,e01,c1,p15,l3,0.00
i24,e01,c1,p16,l3,0.00
i24,e01,c1,p17,l3,0.00
i24,e01,c1,p18,l3,0.00
i24,e01,c1,p19,l3,0.00
i24,e01,c1,p20,l3,0.00
i24,e01,c1,p21,l3,0.00
i24,e01,c1,p22,l3,0.00
i24,e01,c1,p23,l3,0.00
i24,e01,c1,p24,l3,0.00
i24,e01,c1,p25,l3,0.00
i24,e01,c1,p28,l3,0.00
i24,e01,c1,p29,l3,0.00
i24,e01,c1,p32,l3,0.00
i24,e01,c1,p33,l3,0.00
i24,e01,c1,p34,l3,0.00
i24,e01,c1,p35,l3,3.92
i24,e01,c4,p01,l3,0.00
i24,e01,c4,p06,l3,0.00
i24,e01,c4,p10,l3,0.00
i24,e01,c4,p16,l3,0.00
i24,e01,c4,p17,l3,0.00
i24,e01,c4,p19,l3,0.00
i24,e01,c4,p21,l3,0.00
i24,e01,c4,p35,l3,0.00
i24,e01,c7,p17,l3,0.00
i24,e01,c7,p35,l3,0.00
i24,e04,c1,p01,l1,0.00
i24,e04,c1,p01,l3,0.00
i24,e04,c1,p02,l3,0.00
i24,e04,c1,p03,l3,0.00
i24,e04,c1,p04,l3,0.00
i24,e04,c1,p05,l1,0.00
i24,e04,c1,p05,l3,0.00
i24,e04,c1,p06,l1,0.00
i24,e04,c1,p06,l3,0.00
i24,e04,c1,p07,l1,0.00
i24,e04,c1,p07,l3,0.00
i24,e04,c1,p08,l1,0.00
i24,e04,c1,p08,l3,0.00
i24,e04,c1,p09,l1,0.00
i24,e04,c1,p09,l3,0.00
i24,e04,c1,p10,l1,0.00
i24,e04,c1,p10,l3,0.00
i24,e04,c1,p11,l1,0.00
i24,e04,c1,p11,l3,0.00
i24,e04,c1,p12,l1,0.00
i24,e04,c1,p12,l3,0.00
i24,e04,c1,p13,l3,0.00
i24,e04,c1,p14,l3,0.00
i24,e04,c1,p15,l1,0.00
i24,e04,c1,p15,l3,0.00
i24,e04,c1,p16,l1,0.00
i24,e04,c1,p16,l3,0.00
i24,e04,c1,p17,l3,0.00
i24,e04,c1,p18,l1,0.00
i24,e04,c1,p18,l3,0.00
i24,e04,c1,p19,l1,0.00
i24,e04,c1,p19,l3,0.00
i24,e04,c1,p20,l3,0.00
i24,e04,c1,p21,l1,0.00
i24,e04,c1,p21,l3,0.00
i24,e04,c1,p22,l1,0.00
i24,e04,c1,p22,l3,0.00
i24,e04,c1,p23,l1,0.00
i24,e04,c1,p23,l3,0.00
i24,e04,c1,p24,l1,0.00
i24,e04,c1,p24,l3,0.00
i24,e04,c1,p25,l3,0.00
i24,e04,c1,p28,l3,0.00
i24,e04,c1,p29,l3,0.00
i24,e04,c1,p32,l1,0.00
i24,e04,c1,p32,l3,0.00
i24,e04,c1,p33,l3,0.00
i24,e04,c1,p35,l1,0.00
i24,e04,c1,p35,l3,1.12
i24,e04,c4,p01,l3,0.00
i24,e04,c4,p06,l3,0.00
i24,e04,c4,p10,l3,0.00
i24,e04,c4,p17,l3,0.00
i24,e04,c4,p19,l1,0.00
i24,e04,c4,p19,l3,0.00
i24,e04,c4,p21,l3,0.00
i24,e04,c4,p22,l3,0.00
i24,e04,c4,p35,l1,0.00
i24,e04,c4,p35,l3,0.00
i24,e04,c7,p17,l3,0.00
i24,e05,c1,p01,l1,0.00
i24,e05,c1,p01,l3,0.00
i24,e05,c1,p05,l3,0.00
i24,e05,c1,p06,l1,0.00
i24,e05,c1,p10,l3,0.00
i24,e05,c1,p15,l3,0.00
i24,e05,c1,p18,l3,0.00
i24,e05,c1,p19,l1,0.00
i24,e05,c1,p19,l3,0.00
i24,e05,c1,p35,l1,0.00
i24,e05,c1,p35,l3,0.00
i24,e05,c4,p19,l1,0.00
i24,e05,c4,p19,l3,0.00
i24,e06,c1,p01,l3,0.00
i24,e06,c1,p03,l3,0.00
i24,e06,c1,p06,l3,0.00
i24,e06,c1,p10,l3,0.00
i24,e06,c1,p14,l3,0.00
i24,e06,c1,p15,l3,0.00
i24,e06,c1,p18,l3,0.00
i24,e06,c1,p19,l3,0.00
i24,e06,c1,p25,l3,0.00
i24,e06,c1,p29,l3,0.00
i24,e06,c1,p35,l3,0.00
i24,e06,c4,p35,l3,0.00
i24,e07,c1,p01,l2,0.00
i24,e07,c1,p01,l3,0.00
i24,e07,c1,p03,l2,0.00
i24,e07,c1,p03,l3,0.00
i24,e07,c1,p04,l3,0.00
i24,e07,c1,p05,l3,0.00
i24,e07,c1,p06,l2,0.00
i24,e07,c1,p06,l3,0.00
i24,e07,c1,p07,l2,0.00
i24,e07,c1,p07,l3,0.00
i24,e07,c1,p08,l3,0.00
i24,e07,c1,p09,l2,0.00
i24,e07,c1,p09,l3,0.00
i24,e07,c1,p10,l2,0.00
i24,e07,c1,p10,l3,0.00
i24,e07,c1,p11,l2,0.00
i24,e07,c1,p11,l3,0.00
i24,e07,c1,p12,l2,0.00
i24,e07,c1,p12,l3,0.00
i24,e07,c1,p13,l3,0.00
i24,e07,c1,p14,l3,0.00
i24,e07,c1,p15,l2,0.00
i24,e07,c1,p15,l3,0.00
i24,e07,c1,p16,l3,0.00
i24,e07,c1,p17,l3,0.00
i24,e07,c1,p18,l2,0.00
i24,e07,c1,p18,l3,0.00
i24,e07,c1,p19,l2,0.00
i24,e07,c1,p19,l3,0.00
i24,e07,c1,p20,l2,0.00
i24,e07,c1,p20,l3,0.00
i24,e07,c1,p21,l2,0.00
i24,e07,c1,p21,l3,0.00
i24,e07,c1,p22,l3,0.00
i24,e07,c1,p23,l2,0.00
i24,e07,c1,p24,l2,0.00
i24,e07,c1,p24,l3,0.00
i24,e07,c1,p25,l2,0.00
i24,e07,c1,p25,l3,0.00
i24,e07,c1,p28,l3,0.00
i24,e07,c1,p29,l3,0.00
i24,e07,c1,p30,l3,0.00
i24,e07,c1,p32,l3,0.00
i24,e07,c1,p35,l2,0.00
i24,e07,c1,p35,l3,0.00
i24,e07,c4,p01,l3,0.00
i24,e07,c4,p06,l3,0.00
i24,e07,c4,p17,l3,0.00
i24,e07,c4,p18,l3,0.00
i24,e07,c4,p19,l2,0.00
i24,e07,c4,p19,l3,0.00
i24,e07,c4,p21,l3,0.00
i24,e07,c4,p35,l2,0.00
i24,e07,c4,p35,l3,0.00
i24,e07,c7,p35,l3,0.00
i24,e08,c1,p01,l2,0.00
i24,e08,c1,p01,l3,0.00
i24,e08,c1,p02,l2,0.00
i24,e08,c1,p02,l3,0.00
i24,e08,c1,p03,l2,0.00
i24,e08,c1,p03,l3,0.00
i24,e08,c1,p04,l3,0.00
i24,e08,c1,p05,l2,0.00
i24,e08,c1,p05,l3,0.00
i24,e08,c1,p06,l2,0.00
i24,e08,c1,p06,l3,0.00
i24,e08,c1,p07,l2,0.00
i24,e08,c1,p07,l3,0.00
i24,e08,c1,p08,l2,0.00
i24,e08,c1,p08,l3,0.00
i24,e08,c1,p09,l2,0.00
i24,e08,c1,p09,l3,0.00
i24,e08,c1,p10,l2,0.00
i24,e08,c1,p10,l3,0.00
i24,e08,c1,p11,l2,0.00
i24,e08,c1,p11,l3,0.00
i24,e08,c1,p12,l2,0.00
i24,e08,c1,p12,l3,0.00
i24,e08,c1,p13,l2,0.00
i24,e08,c1,p13,l3,0.00
i24,e08,c1,p14,l2,0.00
i24,e08,c1,p14,l3,0.00
i24,e08,c1,p15,l2,0.00
i24,e08,c1,p15,l3,0.00
i24,e08,c1,p16,l2,0.00
i24,e08,c1,p16,l3,0.00
i24,e08,c1,p17,l2,0.00
i24,e08,c1,p17,l3,0.00
i24,e08,c1,p18,l2,0.00
i24,e08,c1,p18,l3,0.00
i24,e08,c1,p19,l2,0.00
i24,e08,c1,p19,l3,1.01
i24,e08,c1,p20,l2,0.00
i24,e08,c1,p20,l3,0.00
i24,e08,c1,p21,l2,0.00
i24,e08,c1,p21,l3,0.00
i24,e08,c1,p22,l2,0.00
i24,e08,c1,p22,l3,0.00
i24,e08,c1,p23,l2,0.00
i24,e08,c1,p23,l3,0.00
i24,e08,c1,p24,l2,0.00
i24,e08,c1,p24,l3,0.00
i24,e08,c1,p25,l2,0.00
i24,e08,c1,p25,l3,0.00
i24,e08,c1,p26,l3,0.00
i24,e08,c1,p28,l2,0.00
i24,e08,c1,p28,l3,0.00
i24,e08,c1,p29,l2,0.00
i24,e08,c1,p29,l3,0.00
i24,e08,c1,p30,l3,0.00
i24,e08,c1,p31,l3,0.00
i24,e08,c1,p32,l2,0.00
i24,e08,c1,p32,l3,0.00
i24,e08,c1,p33,l3,0.00
i24,e08,c1,p34,l3,0.00
i24,e08,c1,p35,l2,0.00
i24,e08,c1,p35,l3,2.12
i24,e08,c4,p01,l3,0.00
i24,e08,c4,p06,l3,0.00
i24,e08,c4,p08,l3,0.00
i24,e08,c4,p09,l3,0.00
i24,e08,c4,p10,l3,0.00
i24,e08,c4,p15,l3,0.00
i24,e08,c4,p16,l2,0.00
i24,e08,c4,p17,l3,0.00
i24,e08,c4,p18,l3,0.00
i24,e08,c4,p19,l2,0.00
i24,e08,c4,p19,l3,0.00
i24,e08,c4,p21,l3,0.00
i24,e08,c4,p25,l2,0.00
i24,e08,c4,p25,l3,0.00
i24,e08,c4,p35,l2,0.00
i24,e08,c4,p35,l3,0.00
i24,e08,c7,p17,l3,0.00
i24,e08,c7,p19,l3,0.00
i24,e08,c7,p35,l3,0.00
i24,e09,c1,p01,l2,0.00
i24,e09,c1,p01,l3,0.00
i24,e09,c1,p02,l3,0.00
i24,e09,c1,p03,l3,0.00
i24,e09,c1,p04,l3,0.00
i24,e09,c1,p05,l2,0.00
i24,e09,c1,p05,l3,0.00
i24,e09,c1,p06,l2,0.00
i24,e09,c1,p06,l3,0.00
i24,e09,c1,p07,l2,0.00
i24,e09,c1,p07,l3,0.00
i24,e09,c1,p08,l2,0.00
i24,e09,c1,p08,l3,0.00
i24,e09,c1,p09,l2,0.00
i24,e09,c1,p09,l3,0.00
i24,e09,c1,p10,l2,0.00
i24,e09,c1,p10,l3,0.00
i24,e09,c1,p11,l2,0.00
i24,e09,c1,p11,l3,0.00
i24,e09,c1,p12,l2,0.00
i24,e09,c1,p12,l3,0.00
i24,e09,c1,p13,l2,0.00
i24,e09,c1,p13,l3,0.00
i24,e09,c1,p14,l3,0.00
i24,e09,c1,p15,l2,0.00
i24,e09,c1,p15,l3,0.00
i24,e09,c1,p16,l2,0.00
i24,e09,c1,p16,l3,0.00
i24,e09,c1,p17,l3,0.00
i24,e09,c1,p18,l2,0.00
i24,e09,c1,p18,l3,0.00
i24,e09,c1,p19,l2,0.00
i24,e09,c1,p19,l3,0.00
i24,e09,c1,p20,l3,0.00
i24,e09,c1,p21,l3,0.00
i24,e09,c1,p22,l2,0.00
i24,e09,c1,p22,l3,0.00
i24,e09,c1,p23,l3,0.00
i24,e09,c1,p24,l3,0.00
i24,e09,c1,p25,l2,0.00
i24,e09,c1,p25,l3,0.00
i24,e09,c1,p26,l3,0.00
i24,e09,c1,p28,l3,0.00
i24,e09,c1,p29,l3,0.00
i24,e09,c1,p30,l3,0.00
i24,e09,c1,p32,l2,0.00
i24,e09,c1,p32,l3,0.00
i24,e09,c1,p33,l3,0.00
i24,e09,c1,p35,l2,0.00
i24,e09,c1,p35,l3,0.00
i24,e09,c4,p01,l3,0.00
i24,e09,c4,p05,l3,0.00
i24,e09,c4,p06,l3,0.00
i24,e09,c4,p09,l3,0.00
i24,e09,c4,p17,l3,0.00
i24,e09,c4,p19,l2,0.00
i24,e09,c4,p19,l3,0.00
i24,e09,c4,p21,l3,0.00
i24,e09,c4,p35,l2,0.00
i24,e09,c4,p35,l3,0.00
i24,e09,c7,p19,l3,0.00
i24,e09,c7,p35,l3,0.00
i24,e11,c1,p01,l2,0.00
i24,e11,c1,p01,l3,0.00
i24,e11,c1,p02,l3,0.00
i24,e11,c1,p03,l2,0.00
i24,e11,c1,p03,l3,0.00
i24,e11,c1,p04,l3,0.00
i24,e11,c1,p05,l3,0.00
i24,e11,c1,p06,l2,0.00
i24,e11,c1,p06,l3,0.00
i24,e11,c1,p07,l2,0.00
i24,e11,c1,p07,l3,0.00
i24,e11,c1,p10,l2,0.00
i24,e11,c1,p10,l3,0.00
i24,e11,c1,p11,l2,0.00
i24,e11,c1,p11,l3,0.00
i24,e11,c1,p12,l3,0.00
i24,e11,c1,p14,l3,0.00
i24,e11,c1,p15,l2,0.00
i24,e11,c1,p15,l3,0.00
i24,e11,c1,p17,l2,0.00
i24,e11,c1,p17,l3,0.00
i24,e11,c1,p18,l2,0.00
i24,e11,c1,p18,l3,0.00
i24,e11,c1,p19,l2,0.00
i24,e11,c1,p19,l3,0.00
i24,e11,c1,p20,l3,0.00
i24,e11,c1,p21,l3,0.00
i24,e11,c1,p22,l2,0.00
i24,e11,c1,p22,l3,0.00
i24,e11,c1,p24,l3,0.00
i24,e11,c1,p25,l2,0.00
i24,e11,c1,p25,l3,0.00
i24,e11,c1,p28,l3,0.00
i24,e11,c1,p29,l3,0.00
i24,e11,c1,p32,l3,0.00
i24,e11,c1,p33,l3,0.00
i24,e11,c1,p35,l2,0.00
i24,e11,c1,p35,l3,0.00
i24,e11,c4,p15,l3,0.00
i24,e11,c4,p19,l2,0.00
i24,e11,c4,p19,l3,0.00
i24,e11,c4,p35,l3,0.00
i24,e12,c1,p01,l3,0.00
i24,e12,c1,p03,l3,0.00
i24,e12,c1,p06,l3,0.00
i24,e12,c1,p07,l3,0.00
i24,e12,c1,p09,l3,0.00
i24,e12,c1,p10,l3,0.00
i24,e12,c1,p14,l3,0.00
i24,e12,c1,p15,l3,0.00
i24,e12,c1,p18,l3,0.00
i24,e12,c1,p19,l3,0.00
i24,e12,c1,p20,l3,0.00
i24,e12,c1,p21,l3,0.00
i24,e12,c1,p22,l3,0.00
i24,e12,c1,p23,l3,0.00
i24,e12,c1,p24,l3,0.00
i24,e12,c1,p25,l3,0.00
i24,e12,c1,p28,l3,0.00
i24,e12,c1,p35,l3,0.00
i24,e12,c4,p19,l3,0.00
i24,e12,c4,p35,l3,0.00
i24,e12,c7,p35,l3,0.00
i25,e01,c3,p03,l3,0.00
i25,e01,c3,p14,l3,0.00
i25,e01,c3,p19,l3,0.00
i25,e01,c3,p35,l3,0.00
i25,e01,c5,p01,l3,0.00
i25,e01,c5,p02,l3,0.00
i25,e01,c5,p03,l3,0.00
i25,e01,c5,p04,l3,0.00
i25,e01,c5,p05,l3,0.00
i25,e01,c5,p06,l3,0.00
i25,e01,c5,p07,l3,0.00
i25,e01,c5,p08,l3,0.00
i25,e01,c5,p09,l3,0.00
i25,e01,c5,p10,l3,0.00
i25,e01,c5,p11,l3,0.00
i25,e01,c5,p12,l3,0.00
i25,e01,c5,p13,l3,0.00
i25,e01,c5,p14,l3,0.00
i25,e01,c5,p15,l3,0.00
i25,e01,c5,p16,l3,0.00
i25,e01,c5,p17,l3,0.00
i25,e01,c5,p18,l3,0.00
i25,e01,c5,p19,l3,0.00
i25,e01,c5,p20,l3,0.00
i25,e01,c5,p21,l3,0.00
i25,e01,c5,p22,l3,0.00
i25,e01,c5,p23,l3,0.00
i25,e01,c5,p24,l3,0.00
i25,e01,c5,p25,l3,0.00
i25,e01,c5,p26,l3,0.00
i25,e01,c5,p28,l3,0.00
i25,e01,c5,p29,l3,0.00
i25,e01,c5,p31,l3,0.00
i25,e01,c5,p32,l3,0.00
i25,e01,c5,p35,l3,0.00
i25,e03,c3,p03,l3,0.00
i25,e03,c3,p06,l3,0.00
i25,e03,c3,p10,l3,0.00
i25,e03,c3,p12,l3,0.00
i25,e03,c3,p14,l3,0.00
i25,e03,c3,p16,l3,0.00
i25,e03,c3,p19,l3,0.00
i25,e03,c3,p21,l3,0.00
i25,e03,c3,p35,l3,0.00
i25,e03,c5,p01,l3,0.00
i25,e03,c5,p02,l3,0.00
i25,e03,c5,p03,l3,0.00
i25,e03,c5,p04,l3,0.00
i25,e03,c5,p05,l3,0.00
i25,e03,c5,p06,l3,0.00
i25,e03,c5,p07,l3,0.00
i25,e03,c5,p08,l3,0.00
i25,e03,c5,p09,l3,0.00
i25,e03,c5,p10,l3,0.00
i25,e03,c5,p11,l3,0.00
i25,e03,c5,p12,l3,0.00
i25,e03,c5,p13,l3,0.00
i25,e03,c5,p14,l3,0.00
i25,e03,c5,p15,l3,0.00
i25,e03,c5,p16,l3,0.00
i25,e03,c5,p17,l3,0.00
i25,e03,c5,p18,l3,0.00
i25,e03,c5,p19,l3,0.00
i25,e03,c5,p20,l3,0.00
i25,e03,c5,p21,l3,0.00
i25,e03,c5,p22,l3,0.00
i25,e03,c5,p23,l3,0.00
i25,e03,c5,p24,l3,0.00
i25,e03,c5,p25,l3,0.00
i25,e03,c5,p26,l3,0.00
i25,e03,c5,p28,l3,0.00
i25,e03,c5,p29,l3,0.00
i25,e03,c5,p31,l3,0.00
i25,e03,c5,p32,l3,0.00
i25,e03,c5,p33,l3,0.00
i25,e03,c5,p35,l3,0.00
i25,e04,c3,p12,l3,0.00
i25,e04,c3,p14,l3,0.00
i25,e04,c3,p21,l3,0.00
i25,e04,c5,p01,l3,0.00
i25,e04,c5,p02,l3,0.00
i25,e04,c5,p03,l3,0.00
i25,e04,c5,p04,l3,0.00
i25,e04,c5,p05,l3,0.00
i25,e04,c5,p06,l3,0.00
i25,e04,c5,p07,l3,0.00
i25,e04,c5,p08,l3,0.00
i25,e04,c5,p09,l3,0.00
i25,e04,c5,p10,l3,0.00
i25,e04,c5,p11,l3,0.00
i25,e04,c5,p12,l3,0.00
i25,e04,c5,p13,l3,0.00
i25,e04,c5,p14,l3,0.00
i25,e04,c5,p15,l3,0.00
i25,e04,c5,p16,l3,0.00
i25,e04,c5,p17,l3,0.00
i25,e04,c5,p18,l3,0.00
i25,e04,c5,p19,l3,0.00
i25,e04,c5,p20,l3,0.00
i25,e04,c5,p21,l3,0.00
i25,e04,c5,p22,l3,0.00
i25,e04,c5,p23,l3,0.00
i25,e04,c5,p24,l3,0.00
i25,e04,c5,p25,l3,0.00
i25,e04,c5,p28,l3,0.00
i25,e04,c5,p29,l3,0.00
i25,e04,c5,p31,l3,0.00
i25,e04,c5,p32,l3,0.00
i25,e04,c5,p35,l3,0.00
i25,e05,c5,p01,l3,0.00
i25,e05,c5,p02,l3,0.00
i25,e05,c5,p03,l3,0.00
i25,e05,c5,p04,l3,0.00
i25,e05,c5,p05,l3,0.00
i25,e05,c5,p07,l3,0.00
i25,e05,c5,p09,l3,0.00
i25,e05,c5,p10,l3,0.00
i25,e05,c5,p11,l3,0.00
i25,e05,c5,p12,l3,0.00
i25,e05,c5,p13,l3,0.00
i25,e05,c5,p15,l3,0.00
i25,e05,c5,p16,l3,0.00
i25,e05,c5,p17,l3,0.00
i25,e05,c5,p18,l3,0.00
i25,e05,c5,p19,l3,0.00
i25,e05,c5,p21,l3,0.00
i25,e05,c5,p22,l3,0.00
i25,e05,c5,p23,l3,0.00
i25,e05,c5,p24,l3,0.00
i25,e05,c5,p25,l3,0.00
i25,e05,c5,p28,l3,0.00
i25,e05,c5,p29,l3,0.00
i25,e05,c5,p31,l3,0.00
i25,e05,c5,p35,l3,0.00
i25,e07,c3,p02,l3,0.00
i25,e07,c3,p03,l3,0.00
i25,e07,c5,p01,l3,0.00
i25,e07,c5,p02,l3,0.00
i25,e07,c5,p03,l3,0.00
i25,e07,c5,p04,l3,0.00
i25,e07,c5,p06,l3,0.00
i25,e07,c5,p07,l3,0.00
i25,e07,c5,p09,l3,0.00
i25,e07,c5,p10,l3,0.00
i25,e07,c5,p11,l3,0.00
i25,e07,c5,p12,l3,0.00
i25,e07,c5,p15,l3,0.00
i25,e07,c5,p16,l3,0.00
i25,e07,c5,p17,l3,0.00
i25,e07,c5,p18,l3,0.00
i25,e07,c5,p19,l3,0.00
i25,e07,c5,p21,l3,0.00
i25,e07,c5,p24,l3,0.00
i25,e07,c5,p25,l3,0.00
i25,e07,c5,p28,l3,0.00
i25,e07,c5,p29,l3,0.00
i25,e07,c5,p35,l3,0.00
i25,e08,c3,p01,l3,0.00
i25,e08,c3,p02,l3,0.00
i25,e08,c3,p03,l3,0.00
i25,e08,c3,p04,l3,0.00
i25,e08,c3,p06,l3,0.00
i25,e08,c3,p10,l3,0.00
i25,e08,c3,p12,l3,0.00
i25,e08,c3,p13,l3,0.00
i25,e08,c3,p14,l3,0.00
i25,e08,c3,p16,l3,0.00
i25,e08,c3,p17,l3,0.00
i25,e08,c3,p19,l3,0.00
i25,e08,c3,p21,l3,0.00
i25,e08,c3,p28,l3,0.00
i25,e08,c3,p35,l3,0.00
i25,e08,c5,p01,l3,0.00
i25,e08,c5,p02,l3,0.00
i25,e08,c5,p03,l3,0.00
i25,e08,c5,p04,l3,0.00
i25,e08,c5,p05,l3,0.00
i25,e08,c5,p06,l3,0.00
i25,e08,c5,p07,l3,0.00
i25,e08,c5,p08,l3,0.00
i25,e08,c5,p09,l3,0.00
i25,e08,c5,p10,l3,0.00
i25,e08,c5,p11,l3,0.00
i25,e08,c5,p12,l3,0.00
i25,e08,c5,p13,l3,0.00
i25,e08,c5,p14,l3,0.00
i25,e08,c5,p15,l3,0.00
i25,e08,c5,p16,l3,0.00
i25,e08,c5,p17,l3,0.00
i25,e08,c5,p18,l3,0.00
i25,e08,c5,p19,l3,0.00
i25,e08,c5,p20,l3,0.00
i25,e08,c5,p21,l3,0.00
i25,e08,c5,p22,l3,0.00
i25,e08,c5,p23,l3,0.00
i25,e08,c5,p24,l3,0.00
i25,e08,c5,p25,l3,0.00
i25,e08,c5,p26,l3,0.00
i25,e08,c5,p28,l3,0.00
i25,e08,c5,p29,l3,0.00
i25,e08,c5,p31,l3,0.00
i25,e08,c5,p32,l3,0.00
i25,e08,c5,p33,l3,0.00
i25,e08,c5,p35,l3,0.00
i25,e09,c3,p03,l3,0.00
i25,e09,c3,p10,l3,0.00
i25,e09,c3,p14,l3,0.00
i25,e09,c3,p17,l3,0.00
i25,e09,c3,p19,l3,0.00
i25,e09,c3,p21,l3,0.00
i25,e09,c3,p35,l3,0.00
i25,e09,c5,p01,l3,0.00
i25,e09,c5,p02,l3,0.00
i25,e09,c5,p03,l3,0.00
i25,e09,c5,p04,l3,0.00
i25,e09,c5,p05,l3,0.00
i25,e09,c5,p06,l3,0.00
i25,e09,c5,p07,l3,0.00
i25,e09,c5,p08,l3,0.00
i25,e09,c5,p09,l3,0.00
i25,e09,c5,p10,l3,0.00
i25,e09,c5,p11,l3,0.00
i25,e09,c5,p12,l3,0.00
i25,e09,c5,p13,l3,0.00
i25,e09,c5,p14,l3,0.00
i25,e09,c5,p15,l3,0.00
i25,e09,c5,p16,l3,0.00
i25,e09,c5,p17,l3,0.00
i25,e09,c5,p18,l3,0.00
i25,e09,c5,p19,l3,0.00
i25,e09,c5,p20,l3,0.00
i25,e09,c5,p21,l3,0.00
i25,e09,c5,p22,l3,0.00
i25,e09,c5,p23,l3,0.00
i25,e09,c5,p24,l3,0.00
i25,e09,c5,p25,l3,0.00
i25,e09,c5,p26,l3,0.00
i25,e09,c5,p28,l3,0.00
i25,e09,c5,p29,l3,0.00
i25,e09,c5,p31,l3,0.00
i25,e09,c5,p32,l3,0.00
i25,e09,c5,p35,l3,0.00
i25,e10,c3,p01,l4,0.00
i25,e10,c3,p02,l4,0.00
i25,e10,c3,p03,l4,0.00
i25,e10,c3,p04,l4,0.00
i25,e10,c3,p06,l3,0.00
i25,e10,c3,p06,l4,0.00
i25,e10,c3,p07,l4,0.00
i25,e10,c3,p10,l3,0.00
i25,e10,c3,p10,l4,0.00
i25,e10,c3,p12,l3,0.00
i25,e10,c3,p12,l4,0.00
i25,e10,c3,p13,l4,0.00
i25,e10,c3,p14,l3,0.00
i25,e10,c3,p14,l4,0.00
i25,e10,c3,p15,l3,0.00
i25,e10,c3,p15,l4,0.00
i25,e10,c3,p16,l4,0.00
i25,e10,c3,p17,l3,0.00
i25,e10,c3,p17,l4,0.00
i25,e10,c3,p19,l4,0.00
i25,e10,c3,p21,l4,0.00
i25,e10,c3,p28,l4,0.00
i25,e10,c3,p35,l3,0.00
i25,e10,c3,p35,l4,0.00
i25,e10,c5,p01,l3,0.00
i25,e10,c5,p01,l4,0.00
i25,e10,c5,p02,l3,0.00
i25,e10,c5,p02,l4,0.00
i25,e10,c5,p03,l3,0.00
i25,e10,c5,p03,l4,0.00
i25,e10,c5,p04,l3,0.00
i25,e10,c5,p04,l4,0.00
i25,e10,c5,p05,l3,0.00
i25,e10,c5,p05,l4,0.00
i25,e10,c5,p06,l3,0.00
i25,e10,c5,p06,l4,0.00
i25,e10,c5,p07,l3,0.00
i25,e10,c5,p07,l4,0.00
i25,e10,c5,p08,l3,0.00
i25,e10,c5,p08,l4,0.00
i25,e10,c5,p09,l3,0.00
i25,e10,c5,p09,l4,0.00
i25,e10,c5,p10,l3,0.00
i25,e10,c5,p10,l4,0.00
i25,e10,c5,p11,l3,0.00
i25,e10,c5,p11,l4,0.00
i25,e10,c5,p12,l3,0.00
i25,e10,c5,p12,l4,0.00
i25,e10,c5,p13,l3,0.00
i25,e10,c5,p13,l4,0.00
i25,e10,c5,p14,l3,0.00
i25,e10,c5,p14,l4,0.00
i25,e10,c5,p15,l3,0.00
i25,e10,c5,p15,l4,0.00
i25,e10,c5,p16,l3,0.00
i25,e10,c5,p16,l4,0.00
i25,e10,c5,p17,l3,0.00
i25,e10,c5,p17,l4,0.00
i25,e10,c5,p18,l3,0.00
i25,e10,c5,p18,l4,0.00
i25,e10,c5,p19,l3,0.00
i25,e10,c5,p19,l4,0.00
i25,e10,c5,p20,l3,0.00
i25,e10,c5,p20,l4,0.00
i25,e10,c5,p21,l3,0.00
i25,e10,c5,p21,l4,0.00
i25,e10,c5,p22,l3,0.00
i25,e10,c5,p22,l4,0.00
i25,e10,c5,p23,l3,0.00
i25,e10,c5,p23,l4,0.00
i25,e10,c5,p24,l3,0.00
i25,e10,c5,p24,l4,0.00
i25,e10,c5,p25,l3,0.00
i25,e10,c5,p25,l4,0.00
i25,e10,c5,p26,l3,0.00
i25,e10,c5,p26,l4,0.00
i25,e10,c5,p28,l3,0.00
i25,e10,c5,p28,l4,0.00
i25,e10,c5,p29,l3,0.00
i25,e10,c5,p29,l4,0.00
i25,e10,c5,p30,l4,0.00
i25,e10,c5,p31,l3,0.00
i25,e10,c5,p31,l4,0.00
i25,e10,c5,p32,l3,0.00
i25,e10,c5,p32,l4,0.00
i25,e10,c5,p33,l3,0.00
i25,e10,c5,p33,l4,0.00
i25,e10,c5,p35,l3,0.00
i25,e10,c5,p35,l4,0.00
i25,e11,c3,p06,l3,0.00
i25,e11,c3,p10,l3,0.00
i25,e11,c3,p14,l3,0.00
i25,e11,c5,p01,l3,0.00
i25,e11,c5,p02,l3,0.00
i25,e11,c5,p03,l3,0.00
i25,e11,c5,p04,l3,0.00
i25,e11,c5,p05,l3,0.00
i25,e11,c5,p06,l3,0.00
i25,e11,c5,p07,l3,0.00
i25,e11,c5,p08,l3,0.00
i25,e11,c5,p09,l3,0.00
i25,e11,c5,p10,l3,0.00
i25,e11,c5,p11,l3,0.00
i25,e11,c5,p12,l3,0.00
i25,e11,c5,p13,l3,0.00
i25,e11,c5,p14,l3,0.00
i25,e11,c5,p15,l3,0.00
i25,e11,c5,p16,l3,0.00
i25,e11,c5,p17,l3,0.00
i25,e11,c5,p18,l3,0.00
i25,e11,c5,p19,l3,0.00
i25,e11,c5,p20,l3,0.00
i25,e11,c5,p21,l3,0.00
i25,e11,c5,p22,l3,0.00
i25,e11,c5,p23,l3,0.00
i25,e11,c5,p24,l3,0.00
i25,e11,c5,p25,l3,0.00
i25,e11,c5,p28,l3,0.00
i25,e11,c5,p29,l3,0.00
i25,e11,c5,p31,l3,0.00
i25,e11,c5,p32,l3,0.00
i25,e11,c5,p33,l3,0.00
i25,e11,c5,p35,l3,0.00
i25,e12,c3,p01,l3,0.00
i25,e12,c3,p03,l3,0.00
i25,e12,c3,p04,l3,0.00
i25,e12,c3,p10,l3,0.00
i25,e12,c3,p14,l3,0.00
i25,e12,c3,p16,l3,0.00
i25,e12,c3,p19,l3,0.00
i25,e12,c3,p35,l3,0.00
i25,e12,c5,p01,l3,0.00
i25,e12,c5,p02,l3,0.00
i25,e12,c5,p03,l3,0.00
i25,e12,c5,p04,l3,0.00
i25,e12,c5,p05,l3,0.00
i25,e12,c5,p06,l3,0.00
i25,e12,c5,p07,l3,0.00
i25,e12,c5,p08,l3,0.00
i25,e12,c5,p09,l3,0.00
i25,e12,c5,p10,l3,0.00
i25,e12,c5,p11,l3,0.00
i25,e12,c5,p12,l3,0.00
i25,e12,c5,p13,l3,0.00
i25,e12,c5,p14,l3,0.00
i25,e12,c5,p15,l3,0.00
i25,e12,c5,p16,l3,0.00
i25,e12,c5,p17,l3,0.00
i25,e12,c5,p18,l3,0.00
i25,e12,c5,p19,l3,0.00
i25,e12,c5,p20,l3,0.00
i25,e12,c5,p21,l3,0.00
i25,e12,c5,p22,l3,0.00
i25,e12,c5,p23,l3,0.00
i25,e12,c5,p24,l3,0.00
i25,e12,c5,p25,l3,0.00
i25,e12,c5,p26,l3,0.00
i25,e12,c5,p28,l3,0.00
i25,e12,c5,p29,l3,0.00
i25,e12,c5,p31,l3,0.00
i25,e12,c5,p32,l3,0.00
i25,e12,c5,p33,l3,0.00
i25,e12,c5,p35,l3,0.00
i26,e01,c1,p35,l3,0.00
i26,e01,c4,p35,l3,0.00
i26,e04,c1,p35,l1,0.00
i26,e04,c1,p35,l3,0.00
i26,e04,c4,p35,l1,0.00
i26,e04,c4,p35,l3,0.00
i26,e04,c7,p35,l3,0.00
i26,e05,c1,p35,l1,0.00
i26,e05,c1,p35,l3,0.00
i26,e05,c7,p35,l3,0.00
i26,e08,c1,p35,l2,0.00
i26,e08,c1,p35,l3,0.00
i26,e08,c4,p35,l2,0.00
i26,e08,c4,p35,l3,0.00
i26,e09,c1,p35,l2,0.00
i26,e09,c1,p35,l3,0.00
i26,e09,c4,p35,l2,0.00
i26,e09,c4,p35,l3,0.00
i26,e09,c7,p35,l3,0.00
i26,e11,c1,p35,l2,0.00
i26,e11,c1,p35,l3,2.37
i26,e11,c4,p35,l2,0.00
i26,e11,c4,p35,l3,0.00
i26,e11,c7,p35,l3,0.00
i27,e01,c3,p01,l3,0.00
i27,e01,c3,p03,l3,0.00
i27,e01,c3,p04,l3,0.00
i27,e01,c3,p05,l3,0.00
i27,e01,c3,p06,l3,0.00
i27,e01,c3,p07,l3,0.00
i27,e01,c3,p08,l3,0.00
i27,e01,c3,p10,l3,0.00
i27,e01,c3,p11,l3,0.00
i27,e01,c3,p15,l3,0.00
i27,e01,c3,p16,l3,0.00
i27,e01,c3,p17,l3,0.00
i27,e01,c3,p18,l3,0.00
i27,e01,c3,p19,l3,0.00
i27,e01,c3,p21,l3,0.00
i27,e01,c3,p22,l3,0.00
i27,e01,c3,p23,l3,0.00
i27,e01,c3,p24,l3,0.00
i27,e01,c3,p29,l3,0.00
i27,e01,c3,p35,l3,0.00
i27,e01,c5,p01,l3,0.00
i27,e01,c5,p02,l3,0.00
i27,e01,c5,p03,l3,0.00
i27,e01,c5,p04,l3,0.00
i27,e01,c5,p05,l3,0.00
i27,e01,c5,p06,l3,0.00
i27,e01,c5,p07,l3,0.00
i27,e01,c5,p08,l3,0.00
i27,e01,c5,p09,l3,0.00
i27,e01,c5,p10,l3,0.00
i27,e01,c5,p11,l3,0.00
i27,e01,c5,p12,l3,0.00
i27,e01,c5,p13,l3,0.00
i27,e01,c5,p14,l3,0.00
i27,e01,c5,p15,l3,0.00
i27,e01,c5,p16,l3,0.00
i27,e01,c5,p17,l3,0.00
i27,e01,c5,p18,l3,0.00
i27,e01,c5,p19,l3,0.00
i27,e01,c5,p20,l3,0.00
i27,e01,c5,p21,l3,0.00
i27,e01,c5,p22,l3,0.00
i27,e01,c5,p23,l3,0.00
i27,e01,c5,p24,l3,0.00
i27,e01,c5,p25,l3,0.00
i27,e01,c5,p26,l3,0.00
i27,e01,c5,p28,l3,0.00
i27,e01,c5,p29,l3,0.00
i27,e01,c5,p31,l3,0.00
i27,e01,c5,p32,l3,0.00
i27,e01,c5,p35,l3,0.00
i27,e02,c3,p17,l1,0.00
i27,e02,c5,p01,l1,0.00
i27,e02,c5,p01,l3,0.00
i27,e02,c5,p02,l1,0.00
i27,e02,c5,p02,l3,0.00
i27,e02,c5,p03,l1,0.00
i27,e02,c5,p03,l3,0.00
i27,e02,c5,p04,l1,0.00
i27,e02,c5,p04,l3,0.00
i27,e02,c5,p05,l1,0.00
i27,e02,c5,p05,l3,0.00
i27,e02,c5,p06,l1,0.00
i27,e02,c5,p06,l3,0.00
i27,e02,c5,p07,l1,0.00
i27,e02,c5,p07,l3,0.00
i27,e02,c5,p10,l1,0.00
i27,e02,c5,p10,l3,0.00
i27,e02,c5,p11,l3,0.00
i27,e02,c5,p12,l3,0.00
i27,e02,c5,p13,l1,0.00
i27,e02,c5,p13,l3,0.00
i27,e02,c5,p14,l1,0.00
i27,e02,c5,p14,l3,0.00
i27,e02,c5,p15,l1,0.00
i27,e02,c5,p15,l3,0.00
i27,e02,c5,p16,l1,0.00
i27,e02,c5,p16,l3,0.00
i27,e02,c5,p17,l3,0.00
i27,e02,c5,p18,l1,0.00
i27,e02,c5,p18,l3,0.00
i27,e02,c5,p19,l1,0.00
i27,e02,c5,p19,l3,0.00
i27,e02,c5,p20,l3,0.00
i27,e02,c5,p21,l1,0.00
i27,e02,c5,p21,l3,0.00
i27,e02,c5,p22,l1,0.00
i27,e02,c5,p22,l3,0.00
i27,e02,c5,p24,l1,0.00
i27,e02,c5,p24,l3,0.00
i27,e02,c5,p28,l3,0.00
i27,e02,c5,p29,l1,0.00
i27,e02,c5,p29,l3,0.00
i27,e02,c5,p35,l1,0.00
i27,e02,c5,p35,l3,0.00
i27,e04,c3,p01,l3,0.00
i27,e04,c3,p03,l1,0.00
i27,e04,c3,p03,l3,0.00
i27,e04,c3,p04,l3,0.00
i27,e04,c3,p05,l1,0.00
i27,e04,c3,p05,l3,0.00
i27,e04,c3,p06,l3,0.00
i27,e04,c3,p07,l1,0.00
i27,e04,c3,p07,l3,0.00
i27,e04,c3,p08,l1,0.00
i27,e04,c3,p08,l3,0.00
i27,e04,c3,p10,l1,0.00
i27,e04,c3,p10,l3,0.00
i27,e04,c3,p11,l1,0.00
i27,e04,c3,p11,l3,0.00
i27,e04,c3,p15,l1,0.00
i27,e04,c3,p15,l3,0.00
i27,e04,c3,p16,l1,0.00
i27,e04,c3,p16,l3,0.00
i27,e04,c3,p17,l3,0.00
i27,e04,c3,p18,l3,0.00
i27,e04,c3,p19,l1,0.00
i27,e04,c3,p19,l3,0.00
i27,e04,c3,p21,l3,0.00
i27,e04,c3,p22,l1,0.00
i27,e04,c3,p22,l3,0.00
i27,e04,c3,p23,l3,0.00
i27,e04,c3,p24,l1,0.00
i27,e04,c3,p24,l3,0.00
i27,e04,c3,p29,l1,0.00
i27,e04,c3,p29,l3,0.00
i27,e04,c3,p35,l1,0.00
i27,e04,c3,p35,l3,0.00
i27,e04,c5,p01,l1,0.00
i27,e04,c5,p01,l3,0.00
i27,e04,c5,p02,l1,0.00
i27,e04,c5,p02,l3,0.00
i27,e04,c5,p03,l1,0.00
i27,e04,c5,p03,l3,0.00
i27,e04,c5,p04,l1,0.00
i27,e04,c5,p04,l3,0.00
i27,e04,c5,p05,l1,0.00
i27,e04,c5,p05,l3,0.00
i27,e04,c5,p06,l1,0.00
i27,e04,c5,p06,l3,0.00
i27,e04,c5,p07,l1,0.00
i27,e04,c5,p07,l3,0.00
i27,e04,c5,p08,l1,0.00
i27,e04,c5,p08,l3,0.00
i27,e04,c5,p09,l1,0.00
i27,e04,c5,p09,l3,0.00
i27,e04,c5,p10,l1,0.00
i27,e04,c5,p10,l3,0.00
i27,e04,c5,p11,l1,0.00
i27,e04,c5,p11,l3,0.00
i27,e04,c5,p12,l1,0.00
i27,e04,c5,p12,l3,0.00
i27,e04,c5,p13,l1,0.00
i27,e04,c5,p13,l3,0.00
i27,e04,c5,p14,l1,0.00
i27,e04,c5,p14,l3,0.00
i27,e04,c5,p15,l1,0.00
i27,e04,c5,p15,l3,0.00
i27,e04,c5,p16,l1,0.00
i27,e04,c5,p16,l3,0.00
i27,e04,c5,p17,l1,0.00
i27,e04,c5,p17,l3,0.00
i27,e04,c5,p18,l1,0.00
i27,e04,c5,p18,l3,0.00
i27,e04,c5,p19,l1,0.00
i27,e04,c5,p19,l3,0.00
i27,e04,c5,p20,l1,0.00
i27,e04,c5,p20,l3,0.00
i27,e04,c5,p21,l1,0.00
i27,e04,c5,p21,l3,0.00
i27,e04,c5,p22,l1,0.00
i27,e04,c5,p22,l3,0.00
i27,e04,c5,p23,l1,0.00
i27,e04,c5,p23,l3,0.00
i27,e04,c5,p24,l1,0.00
i27,e04,c5,p24,l3,0.00
i27,e04,c5,p25,l1,0.00
i27,e04,c5,p25,l3,0.00
i27,e04,c5,p26,l3,0.00
i27,e04,c5,p28,l1,0.00
i27,e04,c5,p28,l3,0.00
i27,e04,c5,p29,l1,0.00
i27,e04,c5,p29,l3,0.00
i27,e04,c5,p31,l3,0.00
i27,e04,c5,p32,l1,0.00
i27,e04,c5,p32,l3,0.00
i27,e04,c5,p33,l3,0.00
i27,e04,c5,p35,l1,0.00
i27,e04,c5,p35,l3,0.00
i27,e05,c3,p03,l3,0.00
i27,e05,c3,p05,l3,0.00
i27,e05,c3,p06,l1,0.00
i27,e05,c3,p06,l3,0.00
i27,e05,c3,p10,l1,0.00
i27,e05,c3,p10,l3,0.00
i27,e05,c3,p11,l3,0.00
i27,e05,c3,p19,l3,0.00
i27,e05,c3,p21,l3,0.00
i27,e05,c3,p22,l3,0.00
i27,e05,c3,p35,l3,0.00
i27,e05,c5,p01,l1,0.00
i27,e05,c5,p01,l3,0.00
i27,e05,c5,p02,l1,0.00
i27,e05,c5,p02,l3,0.00
i27,e05,c5,p03,l1,0.00
i27,e05,c5,p03,l3,0.00
i27,e05,c5,p04,l1,0.00
i27,e05,c5,p04,l3,0.00
i27,e05,c5,p05,l1,0.00
i27,e05,c5,p05,l3,0.00
i27,e05,c5,p06,l1,0.00
i27,e05,c5,p06,l3,0.00
i27,e05,c5,p07,l1,0.00
i27,e05,c5,p07,l3,0.00
i27,e05,c5,p08,l3,0.00
i27,e05,c5,p09,l1,0.00
i27,e05,c5,p09,l3,0.00
i27,e05,c5,p10,l1,0.00
i27,e05,c5,p10,l3,0.00
i27,e05,c5,p11,l1,0.00
i27,e05,c5,p11,l3,0.00
i27,e05,c5,p12,l1,0.00
i27,e05,c5,p12,l3,0.00
i27,e05,c5,p13,l1,0.00
i27,e05,c5,p13,l3,0.00
i27,e05,c5,p14,l1,0.00
i27,e05,c5,p14,l3,0.00
i27,e05,c5,p15,l1,0.00
i27,e05,c5,p15,l3,0.00
i27,e05,c5,p16,l1,0.00
i27,e05,c5,p16,l3,0.00
i27,e05,c5,p17,l1,0.00
i27,e05,c5,p17,l3,0.00
i27,e05,c5,p18,l1,0.00
i27,e05,c5,p18,l3,0.00
i27,e05,c5,p19,l1,0.00
i27,e05,c5,p19,l3,0.00
i27,e05,c5,p20,l1,0.00
i27,e05,c5,p20,l3,0.00
i27,e05,c5,p21,l1,0.00
i27,e05,c5,p21,l3,0.00
i27,e05,c5,p22,l1,0.00
i27,e05,c5,p22,l3,0.00
i27,e05,c5,p23,l1,0.00
i27,e05,c5,p23,l3,0.00
i27,e05,c5,p24,l1,0.00
i27,e05,c5,p24,l3,0.00
i27,e05,c5,p28,l3,0.00
i27,e05,c5,p29,l1,0.00
i27,e05,c5,p29,l3,0.00
i27,e05,c5,p35,l1,0.00
i27,e05,c5,p35,l3,0.00
i27,e07,c5,p01,l3,0.00
i27,e07,c5,p10,l3,0.00
i27,e07,c5,p29,l3,0.00
i27,e08,c3,p01,l3,0.00
i27,e08,c3,p03,l2,0.00
i27,e08,c3,p03,l3,0.00
i27,e08,c3,p04,l3,0.00
i27,e08,c3,p05,l2,0.00
i27,e08,c3,p05,l3,0.00
i27,e08,c3,p07,l2,0.00
i27,e08,c3,p07,l3,0.00
i27,e08,c3,p08,l2,0.00
i27,e08,c3,p08,l3,0.00
i27,e08,c3,p10,l3,0.00
i27,e08,c3,p11,l2,0.00
i27,e08,c3,p11,l3,0.00
i27,e08,c3,p15,l2,0.00
i27,e08,c3,p15,l3,0.00
i27,e08,c3,p16,l2,0.00
i27,e08,c3,p16,l3,0.00
i27,e08,c3,p17,l3,0.00
i27,e08,c3,p18,l3,0.00
i27,e08,c3,p19,l2,0.00
i27,e08,c3,p19,l3,0.00
i27,e08,c3,p21,l2,0.00
i27,e08,c3,p21,l3,0.00
i27,e08,c3,p22,l2,0.00
i27,e08,c3,p22,l3,0.00
i27,e08,c3,p24,l3,0.00
i27,e08,c3,p29,l2,0.00
i27,e08,c3,p29,l3,0.00
i27,e08,c3,p35,l2,0.00
i27,e08,c3,p35,l3,0.00
i27,e08,c5,p01,l2,0.00
i27,e08,c5,p01,l3,0.00
i27,e08,c5,p02,l2,0.00
i27,e08,c5,p02,l3,0.00
i27,e08,c5,p03,l2,0.00
i27,e08,c5,p03,l3,0.00
i27,e08,c5,p04,l2,0.00
i27,e08,c5,p04,l3,0.00
i27,e08,c5,p05,l2,0.00
i27,e08,c5,p05,l3,0.00
i27,e08,c5,p06,l2,0.00
i27,e08,c5,p06,l3,0.00
i27,e08,c5,p07,l2,0.00
i27,e08,c5,p07,l3,0.00
i27,e08,c5,p08,l2,0.00
i27,e08,c5,p08,l3,0.00
i27,e08,c5,p09,l2,0.00
i27,e08,c5,p09,l3,0.00
i27,e08,c5,p10,l2,0.00
i27,e08,c5,p10,l3,0.00
i27,e08,c5,p11,l2,0.00
i27,e08,c5,p11,l3,0.00
i27,e08,c5,p12,l2,0.00
i27,e08,c5,p12,l3,0.00
i27,e08,c5,p13,l2,0.00
i27,e08,c5,p13,l3,0.00
i27,e08,c5,p14,l2,0.00
i27,e08,c5,p14,l3,0.00
i27,e08,c5,p15,l2,0.00
i27,e08,c5,p15,l3,0.00
i27,e08,c5,p16,l2,0.00
i27,e08,c5,p16,l3,0.00
i27,e08,c5,p17,l2,0.00
i27,e08,c5,p17,l3,0.00
i27,e08,c5,p18,l2,0.00
i27,e08,c5,p18,l3,0.00
i27,e08,c5,p19,l2,0.00
i27,e08,c5,p19,l3,0.00
i27,e08,c5,p20,l2,0.00
i27,e08,c5,p20,l3,0.00
i27,e08,c5,p21,l2,0.00
i27,e08,c5,p21,l3,0.00
i27,e08,c5,p22,l2,0.00
i27,e08,c5,p22,l3,0.00
i27,e08,c5,p23,l2,0.00
i27,e08,c5,p23,l3,0.00
i27,e08,c5,p24,l2,0.00
i27,e08,c5,p24,l3,0.00
i27,e08,c5,p25,l2,0.00
i27,e08,c5,p25,l3,0.00
i27,e08,c5,p26,l3,0.00
i27,e08,c5,p28,l2,0.00
i27,e08,c5,p28,l3,0.00
i27,e08,c5,p29,l2,0.00
i27,e08,c5,p29,l3,0.00
i27,e08,c5,p32,l2,0.00
i27,e08,c5,p32,l3,0.00
i27,e08,c5,p35,l2,0.00
i27,e08,c5,p35,l3,0.00
i27,e09,c3,p01,l2,0.00
i27,e09,c3,p01,l3,0.00
i27,e09,c3,p03,l2,0.00
i27,e09,c3,p03,l3,0.00
i27,e09,c3,p04,l2,0.00
i27,e09,c3,p04,l3,0.00
i27,e09,c3,p05,l2,0.00
i27,e09,c3,p05,l3,0.00
i27,e09,c3,p06,l2,0.00
i27,e09,c3,p06,l3,0.00
i27,e09,c3,p07,l2,0.00
i27,e09,c3,p07,l3,0.00
i27,e09,c3,p08,l2,0.00
i27,e09,c3,p08,l3,0.00
i27,e09,c3,p10,l2,0.00
i27,e09,c3,p10,l3,0.00
i27,e09,c3,p11,l2,0.00
i27,e09,c3,p11,l3,0.00
i27,e09,c3,p15,l2,0.00
i27,e09,c3,p15,l3,0.00
i27,e09,c3,p16,l3,0.00
i27,e09,c3,p17,l2,0.00
i27,e09,c3,p17,l3,0.00
i27,e09,c3,p18,l3,0.00
i27,e09,c3,p19,l2,0.00
i27,e09,c3,p19,l3,0.00
i27,e09,c3,p21,l2,0.00
i27,e09,c3,p21,l3,0.00
i27,e09,c3,p22,l2,0.00
i27,e09,c3,p22,l3,0.00
i27,e09,c3,p23,l3,0.00
i27,e09,c3,p24,l3,0.00
i27,e09,c3,p29,l2,0.00
i27,e09,c3,p29,l3,0.00
i27,e09,c3,p35,l2,0.00
i27,e09,c3,p35,l3,0.00
i27,e09,c5,p01,l2,0.00
i27,e09,c5,p01,l3,0.00
i27,e09,c5,p02,l2,0.00
i27,e09,c5,p02,l3,0.00
i27,e09,c5,p03,l2,0.00
i27,e09,c5,p03,l3,0.00
i27,e09,c5,p04,l2,0.00
i27,e09,c5,p04,l3,0.00
i27,e09,c5,p05,l2,0.00
i27,e09,c5,p05,l3,0.00
i27,e09,c5,p06,l2,0.00
i27,e09,c5,p06,l3,0.00
i27,e09,c5,p07,l2,0.00
i27,e09,c5,p07,l3,0.00
i27,e09,c5,p08,l2,0.00
i27,e09,c5,p08,l3,0.00
i27,e09,c5,p09,l2,0.00
i27,e09,c5,p09,l3,0.00
i27,e09,c5,p10,l2,0.00
i27,e09,c5,p10,l3,0.00
i27,e09,c5,p11,l2,0.00
i27,e09,c5,p11,l3,0.00
i27,e09,c5,p12,l2,0.00
i27,e09,c5,p12,l3,0.00
i27,e09,c5,p13,l2,0.00
i27,e09,c5,p13,l3,0.00
i27,e09,c5,p14,l2,0.00
i27,e09,c5,p14,l3,0.00
i27,e09,c5,p15,l2,0.00
i27,e09,c5,p15,l3,0.00
i27,e09,c5,p16,l2,0.00
i27,e09,c5,p16,l3,0.00
i27,e09,c5,p17,l2,0.00
i27,e09,c5,p17,l3,0.00
i27,e09,c5,p18,l2,0.00
i27,e09,c5,p18,l3,0.00
i27,e09,c5,p19,l2,0.00
i27,e09,c5,p19,l3,0.00
i27,e09,c5,p20,l2,0.00
i27,e09,c5,p20,l3,0.00
i27,e09,c5,p21,l2,0.00
i27,e09,c5,p21,l3,0.00
i27,e09,c5,p22,l2,0.00
i27,e09,c5,p22,l3,0.00
i27,e09,c5,p23,l2,0.00
i27,e09,c5,p23,l3,0.00
i27,e09,c5,p24,l2,0.00
i27,e09,c5,p24,l3,0.00
i27,e09,c5,p25,l2,0.00
i27,e09,c5,p25,l3,0.00
i27,e09,c5,p26,l3,0.00
i27,e09,c5,p28,l2,0.00
i27,e09,c5,p28,l3,0.00
i27,e09,c5,p29,l2,0.00
i27,e09,c5,p29,l3,0.00
i27,e09,c5,p32,l2,0.00
i27,e09,c5,p32,l3,0.00
i27,e09,c5,p35,l2,0.00
i27,e09,c5,p35,l3,0.00
i27,e10,c3,p01,l3,0.00
i27,e10,c3,p03,l3,0.00
i27,e10,c3,p04,l3,0.00
i27,e10,c3,p05,l1,0.00
i27,e10,c3,p05,l3,0.00
i27,e10,c3,p06,l3,0.00
i27,e10,c3,p07,l1,0.00
i27,e10,c3,p07,l3,0.00
i27,e10,c3,p08,l3,0.00
i27,e10,c3,p10,l1,0.00
i27,e10,c3,p10,l3,0.00
i27,e10,c3,p11,l3,0.00
i27,e10,c3,p15,l3,0.00
i27,e10,c3,p16,l3,0.00
i27,e10,c3,p17,l3,0.00
i27,e10,c3,p18,l3,0.00
i27,e10,c3,p19,l1,0.00
i27,e10,c3,p19,l3,0.00
i27,e10,c3,p21,l3,0.00
i27,e10,c3,p22,l3,0.00
i27,e10,c3,p24,l3,0.00
i27,e10,c3,p29,l3,0.00
i27,e10,c3,p35,l1,0.00
i27,e10,c3,p35,l3,0.00
i27,e10,c5,p01,l1,0.00
i27,e10,c5,p01,l3,0.00
i27,e10,c5,p02,l1,0.00
i27,e10,c5,p02,l3,0.00
i27,e10,c5,p03,l1,0.00
i27,e10,c5,p03,l3,0.00
i27,e10,c5,p04,l1,0.00
i27,e10,c5,p04,l3,0.00
i27,e10,c5,p05,l1,0.00
i27,e10,c5,p05,l3,0.00
i27,e10,c5,p06,l1,0.00
i27,e10,c5,p06,l3,0.00
i27,e10,c5,p07,l1,0.00
i27,e10,c5,p07,l3,0.00
i27,e10,c5,p08,l3,0.00
i27,e10,c5,p09,l1,0.00
i27,e10,c5,p09,l3,0.00
i27,e10,c5,p10,l1,0.00
i27,e10,c5,p10,l3,0.00
i27,e10,c5,p11,l1,0.00
i27,e10,c5,p11,l3,0.00
i27,e10,c5,p12,l1,0.00
i27,e10,c5,p12,l3,0.00
i27,e10,c5,p13,l1,0.00
i27,e10,c5,p13,l3,0.00
i27,e10,c5,p14,l1,0.00
i27,e10,c5,p14,l3,0.00
i27,e10,c5,p15,l1,0.00
i27,e10,c5,p15,l3,0.00
i27,e10,c5,p16,l1,0.00
i27,e10,c5,p16,l3,0.00
i27,e10,c5,p17,l1,0.00
i27,e10,c5,p17,l3,0.00
i27,e10,c5,p18,l1,0.00
i27,e10,c5,p18,l3,0.00
i27,e10,c5,p19,l1,0.00
i27,e10,c5,p19,l3,0.00
i27,e10,c5,p20,l1,0.00
i27,e10,c5,p20,l3,0.00
i27,e10,c5,p21,l1,0.00
i27,e10,c5,p21,l3,0.00
i27,e10,c5,p22,l1,0.00
i27,e10,c5,p22,l3,0.00
i27,e10,c5,p23,l1,0.00
i27,e10,c5,p23,l3,0.00
i27,e10,c5,p24,l1,0.00
i27,e10,c5,p24,l3,0.00
i27,e10,c5,p25,l3,0.00
i27,e10,c5,p28,l3,0.00
i27,e10,c5,p29,l1,0.00
i27,e10,c5,p29,l3,0.00
i27,e10,c5,p35,l1,0.00
i27,e10,c5,p35,l3,0.00
i27,e11,c3,p05,l3,0.00
i27,e11,c5,p01,l3,0.00
i27,e11,c5,p04,l3,0.00
i27,e11,c5,p05,l3,0.00
i27,e11,c5,p07,l3,0.00
i27,e11,c5,p10,l3,0.00
i27,e11,c5,p11,l3,0.00
i27,e11,c5,p12,l3,0.00
i27,e11,c5,p13,l3,0.00
i27,e11,c5,p14,l3,0.00
i27,e11,c5,p15,l3,0.00
i27,e11,c5,p16,l3,0.00
i27,e11,c5,p17,l3,0.00
i27,e11,c5,p18,l3,0.00
i27,e11,c5,p19,l3,0.00
i27,e11,c5,p20,l3,0.00
i27,e11,c5,p21,l3,0.00
i27,e11,c5,p22,l3,0.00
i27,e11,c5,p23,l3,0.00
i27,e11,c5,p24,l3,0.00
i27,e11,c5,p29,l3,0.00
i27,e11,c5,p35,l3,0.00
i27,e12,c3,p05,l3,0.00
i27,e12,c5,p01,l3,0.00
i27,e12,c5,p02,l3,0.00
i27,e12,c5,p03,l3,0.00
i27,e12,c5,p04,l3,0.00
i27,e12,c5,p05,l3,0.00
i27,e12,c5,p06,l3,0.00
i27,e12,c5,p07,l3,0.00
i27,e12,c5,p08,l3,0.00
i27,e12,c5,p09,l3,0.00
i27,e12,c5,p10,l3,0.00
i27,e12,c5,p11,l3,0.00
i27,e12,c5,p12,l3,0.00
i27,e12,c5,p13,l3,0.00
i27,e12,c5,p15,l3,0.00
i27,e12,c5,p16,l3,0.00
i27,e12,c5,p17,l3,0.00
i27,e12,c5,p18,l3,0.00
i27,e12,c5,p19,l3,0.00
i27,e12,c5,p20,l3,0.00
i27,e12,c5,p21,l3,0.00
i27,e12,c5,p22,l3,0.00
i27,e12,c5,p24,l3,0.00
i27,e12,c5,p28,l3,0.00
i27,e12,c5,p29,l3,0.00
i27,e12,c5,p35,l3,0.00
i28,e01,c1,p35,l3,0.00
i28,e01,c4,p35,l3,0.00
i28,e04,c1,p35,l1,0.00
i28,e04,c1,p35,l3,0.00
i28,e04,c4,p35,l1,0.00
i28,e04,c4,p35,l3,0.00
i28,e05,c1,p35,l1,0.00
i28,e05,c1,p35,l3,0.00
i28,e05,c4,p35,l3,0.00
i28,e07,c1,p35,l3,0.00
i28,e08,c1,p35,l2,0.00
i28,e08,c1,p35,l3,0.00
i28,e08,c4,p35,l2,0.00
i28,e08,c4,p35,l3,0.00
i28,e09,c1,p35,l2,0.00
i28,e09,c1,p35,l3,0.00
i28,e09,c4,p35,l2,0.00
i28,e09,c4,p35,l3,0.00
i28,e10,c1,p35,l1,0.00
i28,e10,c1,p35,l3,0.00
i28,e10,c4,p35,l1,0.00
i28,e10,c4,p35,l3,0.00
i28,e11,c1,p35,l2,0.00
i28,e11,c1,p35,l3,0.00
i28,e11,c4,p35,l3,0.00
i28,e12,c1,p35,l3,0.00
i28,e12,c4,p35,l3,0.00
i29,e01,c5,p01,l3,0.00
i29,e01,c5,p02,l3,0.00
i29,e01,c5,p03,l3,0.00
i29,e01,c5,p04,l3,0.00
i29,e01,c5,p05,l3,0.00
i29,e01,c5,p06,l3,0.00
i29,e01,c5,p07,l3,0.00
i29,e01,c5,p08,l3,0.00
i29,e01,c5,p10,l3,0.00
i29,e01,c5,p11,l3,0.00
i29,e01,c5,p12,l3,0.00
i29,e01,c5,p13,l3,0.00
i29,e01,c5,p15,l3,0.00
i29,e01,c5,p16,l3,0.00
i29,e01,c5,p17,l3,0.00
i29,e01,c5,p18,l3,0.00
i29,e01,c5,p19,l3,0.00
i29,e01,c5,p21,l3,0.00
i29,e01,c5,p22,l3,0.00
i29,e01,c5,p23,l3,0.00
i29,e01,c5,p24,l3,0.00
i29,e01,c5,p29,l3,0.00
i29,e01,c5,p31,l3,0.00
i29,e01,c5,p32,l3,0.00
i29,e01,c5,p35,l3,3.11
i29,e04,c5,p01,l3,0.00
i29,e04,c5,p02,l3,0.00
i29,e04,c5,p03,l3,0.00
i29,e04,c5,p04,l3,0.00
i29,e04,c5,p05,l3,0.00
i29,e04,c5,p06,l3,0.00
i29,e04,c5,p07,l3,0.00
i29,e04,c5,p08,l3,0.00
i29,e04,c5,p10,l3,0.00
i29,e04,c5,p11,l3,0.00
i29,e04,c5,p12,l3,0.00
i29,e04,c5,p13,l3,0.00
i29,e04,c5,p14,l3,0.00
i29,e04,c5,p15,l3,0.00
i29,e04,c5,p16,l3,0.00
i29,e04,c5,p17,l3,0.00
i29,e04,c5,p18,l3,0.00
i29,e04,c5,p19,l3,0.00
i29,e04,c5,p21,l3,0.00
i29,e04,c5,p22,l3,0.00
i29,e04,c5,p23,l3,0.00
i29,e04,c5,p24,l3,0.00
i29,e04,c5,p29,l3,0.00
i29,e04,c5,p31,l3,0.00
i29,e04,c5,p32,l3,0.00
i29,e04,c5,p35,l3,9.07
i29,e09,c5,p01,l3,0.00
i29,e09,c5,p02,l3,0.00
i29,e09,c5,p03,l3,0.00
i29,e09,c5,p04,l3,0.00
i29,e09,c5,p05,l3,0.00
i29,e09,c5,p06,l3,0.00
i29,e09,c5,p07,l3,0.00
i29,e09,c5,p08,l3,0.00
i29,e09,c5,p10,l3,0.00
i29,e09,c5,p11,l3,0.00
i29,e09,c5,p12,l3,0.00
i29,e09,c5,p13,l3,0.00
i29,e09,c5,p15,l3,0.00
i29,e09,c5,p16,l3,0.00
i29,e09,c5,p17,l3,0.00
i29,e09,c5,p18,l3,0.00
i29,e09,c5,p19,l3,0.00
i29,e09,c5,p21,l3,0.00
i29,e09,c5,p22,l3,0.00
i29,e09,c5,p23,l3,0.00
i29,e09,c5,p24,l3,0.00
i29,e09,c5,p29,l3,0.00
i29,e09,c5,p31,l3,0.00
i29,e09,c5,p32,l3,0.00
i29,e09,c5,p35,l3,1.17
i30,e01,c1,p01,l3,0.00
i30,e01,c1,p02,l3,0.00
i30,e01,c1,p03,l3,0.00
i30,e01,c1,p04,l3,0.00
i30,e01,c1,p05,l3,0.00
i30,e01,c1,p06,l3,0.00
i30,e01,c1,p07,l3,0.00
i30,e01,c1,p08,l3,0.00
i30,e01,c1,p09,l3,0.00
i30,e01,c1,p10,l3,1.36
i30,e01,c1,p11,l3,8.28
i30,e01,c1,p12,l3,0.00
i30,e01,c1,p13,l3,0.00
i30,e01,c1,p14,l3,0.00
i30,e01,c1,p15,l3,0.00
i30,e01,c1,p16,l3,0.00
i30,e01,c1,p17,l3,0.00
i30,e01,c1,p18,l3,0.00
i30,e01,c1,p19,l3,1.40
i30,e01,c1,p20,l3,0.00
i30,e01,c1,p21,l3,0.00
i30,e01,c1,p22,l3,0.00
i30,e01,c1,p23,l3,0.00
i30,e01,c1,p24,l3,0.00
i30,e01,c1,p25,l3,0.00
i30,e01,c1,p26,l3,0.00
i30,e01,c1,p28,l3,0.00
i30,e01,c1,p29,l3,0.00
i30,e01,c1,p31,l3,0.00
i30,e01,c1,p32,l3,0.00
i30,e01,c1,p34,l3,0.00
i30,e01,c1,p35,l3,0.00
i30,e01,c4,p02,l3,0.00
i30,e01,c4,p04,l3,0.00
i30,e01,c4,p07,l3,0.00
i30,e01,c4,p10,l3,0.00
i30,e01,c4,p13,l3,0.00
i30,e01,c4,p17,l3,0.00
i30,e01,c4,p23,l3,0.00
i30,e01,c4,p35,l3,0.00
i30,e04,c1,p01,l3,0.00
i30,e04,c1,p02,l3,0.00
i30,e04,c1,p03,l3,0.00
i30,e04,c1,p04,l3,0.00
i30,e04,c1,p05,l3,1.30
i30,e04,c1,p06,l3,0.00
i30,e04,c1,p07,l3,0.00
i30,e04,c1,p08,l3,0.00
i30,e04,c1,p09,l3,0.00
i30,e04,c1,p10,l3,0.00
i30,e04,c1,p11,l3,5.50
i30,e04,c1,p12,l3,0.00
i30,e04,c1,p13,l3,0.00
i30,e04,c1,p14,l3,0.00
i30,e04,c1,p15,l3,0.00
i30,e04,c1,p16,l3,0.00
i30,e04,c1,p17,l3,0.00
i30,e04,c1,p18,l3,0.00
i30,e04,c1,p19,l3,0.00
i30,e04,c1,p20,l3,0.00
i30,e04,c1,p21,l3,0.00
i30,e04,c1,p22,l3,0.00
i30,e04,c1,p23,l3,0.00
i30,e04,c1,p24,l3,0.00
i30,e04,c1,p25,l3,0.00
i30,e04,c1,p26,l3,0.00
i30,e04,c1,p28,l3,0.00
i30,e04,c1,p29,l3,0.00
i30,e04,c1,p31,l3,0.00
i30,e04,c1,p32,l3,0.00
i30,e04,c1,p35,l3,0.00
i30,e04,c4,p04,l3,0.00
i30,e04,c4,p07,l3,0.00
i30,e04,c4,p10,l3,0.00
i30,e04,c4,p13,l3,0.00
i30,e04,c4,p17,l3,0.00
i30,e04,c4,p23,l3,0.00
i30,e04,c4,p35,l3,0.00
i30,e05,c1,p35,l3,0.00
i30,e09,c1,p01,l3,0.00
i30,e09,c1,p02,l3,0.00
i30,e09,c1,p03,l3,0.00
i30,e09,c1,p04,l3,1.41
i30,e09,c1,p05,l3,0.00
i30,e09,c1,p06,l3,0.00
i30,e09,c1,p07,l3,0.00
i30,e09,c1,p08,l3,0.00
i30,e09,c1,p09,l3,0.00
i30,e09,c1,p10,l3,1.92
i30,e09,c1,p11,l3,7.11
i30,e09,c1,p12,l3,0.00
i30,e09,c1,p13,l3,0.00
i30,e09,c1,p14,l3,1.01
i30,e09,c1,p15,l3,0.00
i30,e09,c1,p16,l3,0.00
i30,e09,c1,p17,l3,0.00
i30,e09,c1,p18,l3,0.00
i30,e09,c1,p19,l3,0.00
i30,e09,c1,p20,l3,0.00
i30,e09,c1,p21,l3,0.00
i30,e09,c1,p22,l3,0.00
i30,e09,c1,p23,l3,0.00
i30,e09,c1,p24,l3,0.00
i30,e09,c1,p25,l3,0.00
i30,e09,c1,p26,l3,0.00
i30,e09,c1,p28,l3,0.00
i30,e09,c1,p29,l3,0.00
i30,e09,c1,p31,l3,0.00
i30,e09,c1,p32,l3,0.00
i30,e09,c1,p35,l3,0.00
i30,e09,c4,p02,l3,0.00
i30,e09,c4,p04,l3,0.00
i30,e09,c4,p07,l3,0.00
i30,e09,c4,p10,l3,0.00
i30,e09,c4,p13,l3,0.00
i30,e09,c4,p17,l3,0.00
i30,e09,c4,p23,l3,0.00
i30,e09,c4,p35,l3,0.00
i31,e01,c1,p01,l3,0.00
i31,e01,c1,p02,l3,0.00
i31,e01,c1,p03,l3,0.00
i31,e01,c1,p04,l3,0.00
i31,e01,c1,p05,l3,0.00
i31,e01,c1,p06,l3,0.00
i31,e01,c1,p07,l3,0.00
i31,e01,c1,p08,l3,0.00
i31,e01,c1,p09,l3,0.00
i31,e01,c1,p10,l3,0.00
i31,e01,c1,p11,l3,0.00
i31,e01,c1,p12,l3,0.00
i31,e01,c1,p13,l3,0.00
i31,e01,c1,p14,l3,0.00
i31,e01,c1,p15,l3,0.00
i31,e01,c1,p16,l3,0.00
i31,e01,c1,p17,l3,0.00
i31,e01,c1,p18,l3,0.00
i31,e01,c1,p19,l3,2.74
i31,e01,c1,p20,l3,0.00
i31,e01,c1,p21,l3,0.00
i31,e01,c1,p22,l3,0.00
i31,e01,c1,p23,l3,0.00
i31,e01,c1,p24,l3,0.00
i31,e01,c1,p25,l3,0.00
i31,e01,c1,p27,l3,0.00
i31,e01,c1,p28,l3,0.00
i31,e01,c1,p29,l3,0.00
i31,e01,c1,p32,l3,0.00
i31,e01,c1,p35,l3,0.00
i31,e01,c4,p03,l3,0.00
i31,e01,c4,p04,l3,0.00
i31,e01,c4,p06,l3,0.00
i31,e01,c4,p07,l3,0.00
i31,e01,c4,p10,l3,0.00
i31,e01,c4,p11,l3,0.00
i31,e01,c4,p13,l3,0.00
i31,e01,c4,p14,l3,0.00
i31,e01,c4,p15,l3,0.00
i31,e01,c4,p16,l3,0.00
i31,e01,c4,p17,l3,0.00
i31,e01,c4,p18,l3,0.00
i31,e01,c4,p19,l3,0.00
i31,e01,c4,p20,l3,0.00
i31,e01,c4,p24,l3,0.00
i31,e01,c4,p29,l3,0.00
i31,e01,c4,p35,l3,0.00
i31,e04,c1,p01,l1,0.00
i31,e04,c1,p01,l3,0.00
i31,e04,c1,p02,l1,0.00
i31,e04,c1,p02,l3,0.00
i31,e04,c1,p03,l1,0.00
i31,e04,c1,p03,l3,0.00
i31,e04,c1,p04,l1,0.00
i31,e04,c1,p04,l3,0.00
i31,e04,c1,p05,l1,0.00
i31,e04,c1,p05,l3,0.00
i31,e04,c1,p06,l1,0.00
i31,e04,c1,p06,l3,0.00
i31,e04,c1,p07,l1,0.00
i31,e04,c1,p07,l3,0.00
i31,e04,c1,p08,l1,0.00
i31,e04,c1,p08,l3,0.00
i31,e04,c1,p09,l1,0.00
i31,e04,c1,p09,l3,0.00
i31,e04,c1,p10,l1,0.00
i31,e04,c1,p10,l3,0.00
i31,e04,c1,p11,l1,0.00
i31,e04,c1,p11,l3,0.00
i31,e04,c1,p12,l1,0.00
i31,e04,c1,p12,l3,0.00
i31,e04,c1,p13,l1,0.00
i31,e04,c1,p13,l3,0.00
i31,e04,c1,p14,l1,0.00
i31,e04,c1,p14,l3,0.00
i31,e04,c1,p15,l1,0.00
i31,e04,c1,p15,l3,0.00
i31,e04,c1,p16,l1,0.00
i31,e04,c1,p16,l3,0.00
i31,e04,c1,p17,l1,0.00
i31,e04,c1,p17,l3,0.00
i31,e04,c1,p18,l1,0.00
i31,e04,c1,p18,l3,0.00
i31,e04,c1,p19,l1,0.00
i31,e04,c1,p19,l3,1.01
i31,e04,c1,p20,l1,0.00
i31,e04,c1,p20,l3,0.00
i31,e04,c1,p21,l1,0.00
i31,e04,c1,p21,l3,0.00
i31,e04,c1,p22,l1,0.00
i31,e04,c1,p22,l3,0.00
i31,e04,c1,p23,l1,0.00
i31,e04,c1,p23,l3,0.00
i31,e04,c1,p24,l1,0.00
i31,e04,c1,p24,l3,0.00
i31,e04,c1,p25,l3,0.00
i31,e04,c1,p28,l1,0.00
i31,e04,c1,p28,l3,0.00
i31,e04,c1,p29,l1,0.00
i31,e04,c1,p29,l3,0.00
i31,e04,c1,p32,l3,0.00
i31,e04,c1,p35,l1,0.00
i31,e04,c1,p35,l3,0.00
i31,e04,c4,p03,l1,0.00
i31,e04,c4,p03,l3,0.00
i31,e04,c4,p04,l3,0.00
i31,e04,c4,p07,l3,0.00
i31,e04,c4,p08,l3,0.00
i31,e04,c4,p10,l3,0.00
i31,e04,c4,p11,l1,0.00
i31,e04,c4,p11,l3,0.00
i31,e04,c4,p13,l3,0.00
i31,e04,c4,p14,l3,0.00
i31,e04,c4,p15,l1,0.00
i31,e04,c4,p15,l3,0.00
i31,e04,c4,p16,l1,0.00
i31,e04,c4,p16,l3,0.00
i31,e04,c4,p17,l1,0.00
i31,e04,c4,p17,l3,0.00
i31,e04,c4,p19,l1,0.00
i31,e04,c4,p19,l3,0.00
i31,e04,c4,p20,l3,0.00
i31,e04,c4,p21,l1,0.00
i31,e04,c4,p21,l3,0.00
i31,e04,c4,p24,l3,0.00
i31,e04,c4,p35,l1,0.00
i31,e04,c4,p35,l3,0.00
i31,e05,c1,p01,l3,0.00
i31,e05,c1,p02,l1,0.00
i31,e05,c1,p02,l3,0.00
i31,e05,c1,p03,l1,0.00
i31,e05,c1,p03,l3,0.00
i31,e05,c1,p04,l1,0.00
i31,e05,c1,p04,l3,0.00
i31,e05,c1,p05,l1,0.00
i31,e05,c1,p05,l3,0.00
i31,e05,c1,p06,l1,0.00
i31,e05,c1,p06,l3,0.00
i31,e05,c1,p07,l1,0.00
i31,e05,c1,p07,l3,0.00
i31,e05,c1,p08,l3,0.00
i31,e05,c1,p09,l3,0.00
i31,e05,c1,p10,l1,0.00
i31,e05,c1,p10,l3,0.00
i31,e05,c1,p11,l1,0.00
i31,e05,c1,p11,l3,0.00
i31,e05,c1,p12,l1,0.00
i31,e05,c1,p12,l3,0.00
i31,e05,c1,p13,l1,0.00
i31,e05,c1,p13,l3,0.00
i31,e05,c1,p14,l1,0.00
i31,e05,c1,p14,l3,0.00
i31,e05,c1,p15,l1,0.00
i31,e05,c1,p15,l3,0.00
i31,e05,c1,p16,l1,0.00
i31,e05,c1,p16,l3,0.00
i31,e05,c1,p17,l1,0.00
i31,e05,c1,p17,l3,0.00
i31,e05,c1,p18,l1,0.00
i31,e05,c1,p18,l3,0.00
i31,e05,c1,p19,l1,0.00
i31,e05,c1,p19,l3,0.00
i31,e05,c1,p20,l1,0.00
i31,e05,c1,p21,l1,0.00
i31,e05,c1,p21,l3,0.00
i31,e05,c1,p22,l1,0.00
i31,e05,c1,p22,l3,0.00
i31,e05,c1,p23,l1,0.00
i31,e05,c1,p23,l3,0.00
i31,e05,c1,p24,l1,0.00
i31,e05,c1,p24,l3,0.00
i31,e05,c1,p28,l1,0.00
i31,e05,c1,p28,l3,0.00
i31,e05,c1,p29,l1,0.00
i31,e05,c1,p29,l3,0.00
i31,e05,c1,p35,l1,0.00
i31,e05,c1,p35,l3,0.00
i31,e05,c4,p03,l3,0.00
i31,e05,c4,p06,l3,0.00
i31,e05,c4,p10,l3,0.00
i31,e05,c4,p13,l3,0.00
i31,e05,c4,p16,l3,0.00
i31,e05,c4,p19,l3,0.00
i31,e05,c4,p20,l3,0.00
i31,e05,c4,p35,l3,0.00
i31,e06,c1,p07,l3,0.00
i31,e06,c1,p19,l3,0.00
i31,e06,c1,p21,l3,0.00
i31,e06,c1,p35,l3,0.00
i31,e07,c1,p01,l2,0.00
i31,e07,c1,p01,l3,0.00
i31,e07,c1,p02,l2,0.00
i31,e07,c1,p02,l3,0.00
i31,e07,c1,p03,l2,0.00
i31,e07,c1,p03,l3,0.00
i31,e07,c1,p04,l2,0.00
i31,e07,c1,p04,l3,0.00
i31,e07,c1,p05,l2,0.00
i31,e07,c1,p05,l3,0.00
i31,e07,c1,p06,l2,0.00
i31,e07,c1,p06,l3,0.00
i31,e07,c1,p07,l2,0.00
i31,e07,c1,p07,l3,0.00
i31,e07,c1,p08,l3,0.00
i31,e07,c1,p09,l2,0.00
i31,e07,c1,p09,l3,0.00
i31,e07,c1,p10,l2,0.00
i31,e07,c1,p10,l3,0.00
i31,e07,c1,p11,l2,0.00
i31,e07,c1,p11,l3,0.00
i31,e07,c1,p12,l2,0.00
i31,e07,c1,p12,l3,0.00
i31,e07,c1,p13,l2,0.00
i31,e07,c1,p13,l3,0.00
i31,e07,c1,p14,l2,0.00
i31,e07,c1,p14,l3,0.00
i31,e07,c1,p15,l2,0.00
i31,e07,c1,p15,l3,0.00
i31,e07,c1,p16,l2,0.00
i31,e07,c1,p16,l3,0.00
i31,e07,c1,p17,l2,0.00
i31,e07,c1,p17,l3,0.00
i31,e07,c1,p18,l2,0.00
i31,e07,c1,p18,l3,0.00
i31,e07,c1,p19,l2,0.00
i31,e07,c1,p19,l3,0.00
i31,e07,c1,p20,l2,0.00
i31,e07,c1,p20,l3,0.00
i31,e07,c1,p21,l2,0.00
i31,e07,c1,p21,l3,0.00
i31,e07,c1,p22,l2,0.00
i31,e07,c1,p22,l3,0.00
i31,e07,c1,p23,l2,0.00
i31,e07,c1,p23,l3,0.00
i31,e07,c1,p24,l2,0.00
i31,e07,c1,p24,l3,0.00
i31,e07,c1,p28,l2,0.00
i31,e07,c1,p28,l3,0.00
i31,e07,c1,p29,l2,0.00
i31,e07,c1,p29,l3,0.00
i31,e07,c1,p35,l2,0.00
i31,e07,c1,p35,l3,0.00
i31,e07,c4,p03,l3,0.00
i31,e07,c4,p07,l3,0.00
i31,e07,c4,p10,l3,0.00
i31,e07,c4,p11,l3,0.00
i31,e07,c4,p13,l2,0.00
i31,e07,c4,p13,l3,0.00
i31,e07,c4,p15,l2,0.00
i31,e07,c4,p16,l2,0.00
i31,e07,c4,p16,l3,0.00
i31,e07,c4,p17,l2,0.00
i31,e07,c4,p17,l3,0.00
i31,e07,c4,p19,l2,0.00
i31,e07,c4,p19,l3,0.00
i31,e07,c4,p20,l2,0.00
i31,e07,c4,p20,l3,0.00
i31,e07,c4,p28,l3,0.00
i31,e07,c4,p35,l2,0.00
i31,e07,c4,p35,l3,0.00
i31,e08,c1,p01,l2,0.00
i31,e08,c1,p01,l3,0.00
i31,e08,c1,p02,l2,0.00
i31,e08,c1,p02,l3,0.00
i31,e08,c1,p03,l2,0.00
i31,e08,c1,p03,l3,0.00
i31,e08,c1,p04,l2,0.00
i31,e08,c1,p04,l3,0.00
i31,e08,c1,p05,l2,0.00
i31,e08,c1,p05,l3,0.00
i31,e08,c1,p06,l2,0.00
i31,e08,c1,p06,l3,0.00
i31,e08,c1,p07,l2,0.00
i31,e08,c1,p07,l3,0.00
i31,e08,c1,p08,l2,0.00
i31,e08,c1,p08,l3,0.00
i31,e08,c1,p09,l2,0.00
i31,e08,c1,p09,l3,0.00
i31,e08,c1,p10,l2,0.00
i31,e08,c1,p10,l3,0.00
i31,e08,c1,p11,l2,0.00
i31,e08,c1,p11,l3,0.00
i31,e08,c1,p12,l2,0.00
i31,e08,c1,p12,l3,0.00
i31,e08,c1,p13,l2,0.00
i31,e08,c1,p13,l3,0.00
i31,e08,c1,p14,l2,0.00
i31,e08,c1,p14,l3,0.00
i31,e08,c1,p15,l2,0.00
i31,e08,c1,p15,l3,0.00
i31,e08,c1,p16,l2,0.00
i31,e08,c1,p16,l3,0.00
i31,e08,c1,p17,l2,0.00
i31,e08,c1,p17,l3,0.00
i31,e08,c1,p18,l2,0.00
i31,e08,c1,p18,l3,0.00
i31,e08,c1,p19,l2,0.00
i31,e08,c1,p19,l3,1.31
i31,e08,c1,p20,l2,0.00
i31,e08,c1,p20,l3,0.00
i31,e08,c1,p21,l2,0.00
i31,e08,c1,p21,l3,0.00
i31,e08,c1,p22,l2,0.00
i31,e08,c1,p22,l3,0.00
i31,e08,c1,p23,l2,0.00
i31,e08,c1,p23,l3,0.00
i31,e08,c1,p24,l2,0.00
i31,e08,c1,p24,l3,0.00
i31,e08,c1,p25,l2,0.00
i31,e08,c1,p25,l3,0.00
i31,e08,c1,p26,l3,0.00
i31,e08,c1,p27,l3,0.00
i31,e08,c1,p28,l2,0.00
i31,e08,c1,p28,l3,0.00
i31,e08,c1,p29,l2,0.00
i31,e08,c1,p29,l3,0.00
i31,e08,c1,p32,l2,0.00
i31,e08,c1,p32,l3,0.00
i31,e08,c1,p33,l3,0.00
i31,e08,c1,p35,l2,0.00
i31,e08,c1,p35,l3,0.00
i31,e08,c4,p03,l2,0.00
i31,e08,c4,p03,l3,0.00
i31,e08,c4,p04,l2,0.00
i31,e08,c4,p04,l3,0.00
i31,e08,c4,p05,l2,0.00
i31,e08,c4,p05,l3,0.00
i31,e08,c4,p06,l2,0.00
i31,e08,c4,p06,l3,0.00
i31,e08,c4,p07,l2,0.00
i31,e08,c4,p07,l3,0.00
i31,e08,c4,p08,l2,0.00
i31,e08,c4,p08,l3,0.00
i31,e08,c4,p10,l2,0.00
i31,e08,c4,p10,l3,0.00
i31,e08,c4,p11,l2,0.00
i31,e08,c4,p11,l3,0.00
i31,e08,c4,p12,l2,0.00
i31,e08,c4,p12,l3,0.00
i31,e08,c4,p13,l2,0.00
i31,e08,c4,p13,l3,0.00
i31,e08,c4,p14,l2,0.00
i31,e08,c4,p14,l3,0.00
i31,e08,c4,p15,l2,0.00
i31,e08,c4,p15,l3,0.00
i31,e08,c4,p16,l2,0.00
i31,e08,c4,p16,l3,0.00
i31,e08,c4,p17,l2,0.00
i31,e08,c4,p17,l3,0.00
i31,e08,c4,p18,l3,0.00
i31,e08,c4,p19,l2,0.00
i31,e08,c4,p19,l3,0.00
i31,e08,c4,p20,l2,0.00
i31,e08,c4,p20,l3,0.00
i31,e08,c4,p21,l2,0.00
i31,e08,c4,p21,l3,0.00
i31,e08,c4,p23,l2,0.00
i31,e08,c4,p24,l3,0.00
i31,e08,c4,p28,l3,0.00
i31,e08,c4,p29,l2,0.00
i31,e08,c4,p29,l3,0.00
i31,e08,c4,p35,l2,0.00
i31,e08,c4,p35,l3,0.00
i31,e09,c1,p01,l2,0.00
i31,e09,c1,p01,l3,0.00
i31,e09,c1,p02,l2,0.00
i31,e09,c1,p02,l3,0.00
i31,e09,c1,p03,l2,0.00
i31,e09,c1,p03,l3,0.00
i31,e09,c1,p04,l2,0.00
i31,e09,c1,p04,l3,0.00
i31,e09,c1,p05,l2,0.00
i31,e09,c1,p05,l3,0.00
i31,e09,c1,p06,l2,0.00
i31,e09,c1,p06,l3,0.00
i31,e09,c1,p07,l2,0.00
i31,e09,c1,p07,l3,0.00
i31,e09,c1,p08,l2,0.00
i31,e09,c1,p08,l3,0.00
i31,e09,c1,p09,l2,0.00
i31,e09,c1,p09,l3,0.00
i31,e09,c1,p10,l2,0.00
i31,e09,c1,p10,l3,0.00
i31,e09,c1,p11,l2,0.00
i31,e09,c1,p11,l3,0.00
i31,e09,c1,p12,l2,0.00
i31,e09,c1,p12,l3,0.00
i31,e09,c1,p13,l2,0.00
i31,e09,c1,p13,l3,0.00
i31,e09,c1,p14,l2,0.00
i31,e09,c1,p14,l3,0.00
i31,e09,c1,p15,l2,0.00
i31,e09,c1,p15,l3,0.00
i31,e09,c1,p16,l2,0.00
i31,e09,c1,p16,l3,0.00
i31,e09,c1,p17,l2,0.00
i31,e09,c1,p17,l3,0.00
i31,e09,c1,p18,l2,0.00
i31,e09,c1,p18,l3,0.00
i31,e09,c1,p19,l2,0.00
i31,e09,c1,p19,l3,1.60
i31,e09,c1,p20,l2,0.00
i31,e09,c1,p20,l3,0.00
i31,e09,c1,p21,l2,0.00
i31,e09,c1,p21,l3,0.00
i31,e09,c1,p22,l2,0.00
i31,e09,c1,p22,l3,0.00
i31,e09,c1,p23,l2,0.00
i31,e09,c1,p23,l3,0.00
i31,e09,c1,p24,l2,0.00
i31,e09,c1,p24,l3,0.00
i31,e09,c1,p25,l3,0.00
i31,e09,c1,p28,l2,0.00
i31,e09,c1,p28,l3,0.00
i31,e09,c1,p29,l2,0.00
i31,e09,c1,p29,l3,0.00
i31,e09,c1,p35,l2,0.00
i31,e09,c1,p35,l3,0.00
i31,e09,c4,p03,l2,0.00
i31,e09,c4,p03,l3,0.00
i31,e09,c4,p04,l2,0.00
i31,e09,c4,p07,l2,0.00
i31,e09,c4,p07,l3,0.00
i31,e09,c4,p08,l3,0.00
i31,e09,c4,p10,l3,0.00
i31,e09,c4,p11,l2,0.00
i31,e09,c4,p11,l3,0.00
i31,e09,c4,p12,l3,0.00
i31,e09,c4,p13,l3,0.00
i31,e09,c4,p14,l3,0.00
i31,e09,c4,p15,l2,0.00
i31,e09,c4,p15,l3,0.00
i31,e09,c4,p16,l2,0.00
i31,e09,c4,p16,l3,0.00
i31,e09,c4,p17,l2,0.00
i31,e09,c4,p17,l3,0.00
i31,e09,c4,p19,l2,0.00
i31,e09,c4,p19,l3,0.00
i31,e09,c4,p20,l2,0.00
i31,e09,c4,p20,l3,0.00
i31,e09,c4,p21,l3,0.00
i31,e09,c4,p24,l3,0.00
i31,e09,c4,p29,l3,0.00
i31,e09,c4,p35,l2,0.00
i31,e09,c4,p35,l3,0.00
i31,e10,c1,p01,l1,0.00
i31,e10,c1,p01,l2,0.00
i31,e10,c1,p01,l3,0.00
i31,e10,c1,p02,l1,0.00
i31,e10,c1,p02,l2,0.00
i31,e10,c1,p02,l3,0.00
i31,e10,c1,p03,l1,0.00
i31,e10,c1,p03,l2,0.00
i31,e10,c1,p03,l3,0.00
i31,e10,c1,p04,l1,0.00
i31,e10,c1,p04,l2,0.00
i31,e10,c1,p04,l3,0.00
i31,e10,c1,p05,l1,0.00
i31,e10,c1,p05,l2,0.00
i31,e10,c1,p05,l3,0.00
i31,e10,c1,p06,l1,0.00
i31,e10,c1,p06,l2,0.00
i31,e10,c1,p06,l3,0.00
i31,e10,c1,p07,l1,0.00
i31,e10,c1,p07,l2,0.00
i31,e10,c1,p07,l3,0.00
i31,e10,c1,p08,l1,0.00
i31,e10,c1,p08,l2,0.00
i31,e10,c1,p08,l3,0.00
i31,e10,c1,p09,l1,0.00
i31,e10,c1,p09,l2,0.00
i31,e10,c1,p09,l3,0.00
i31,e10,c1,p10,l1,0.00
i31,e10,c1,p10,l2,0.00
i31,e10,c1,p10,l3,0.00
i31,e10,c1,p11,l1,0.00
i31,e10,c1,p11,l2,0.00
i31,e10,c1,p11,l3,0.00
i31,e10,c1,p12,l1,0.00
i31,e10,c1,p12,l2,0.00
i31,e10,c1,p12,l3,0.00
i31,e10,c1,p13,l1,0.00
i31,e10,c1,p13,l2,0.00
i31,e10,c1,p13,l3,0.00
i31,e10,c1,p14,l1,0.00
i31,e10,c1,p14,l2,0.00
i31,e10,c1,p14,l3,0.00
i31,e10,c1,p15,l1,0.00
i31,e10,c1,p15,l2,0.00
i31,e10,c1,p15,l3,0.00
i31,e10,c1,p16,l1,0.00
i31,e10,c1,p16,l2,0.00
i31,e10,c1,p16,l3,0.00
i31,e10,c1,p17,l1,0.00
i31,e10,c1,p17,l2,0.00
i31,e10,c1,p17,l3,0.00
i31,e10,c1,p18,l1,0.00
i31,e10,c1,p18,l2,0.00
i31,e10,c1,p18,l3,0.00
i31,e10,c1,p19,l1,0.00
i31,e10,c1,p19,l2,0.00
i31,e10,c1,p19,l3,0.00
i31,e10,c1,p20,l1,0.00
i31,e10,c1,p20,l2,0.00
i31,e10,c1,p20,l3,0.00
i31,e10,c1,p21,l1,0.00
i31,e10,c1,p21,l2,0.00
i31,e10,c1,p21,l3,0.00
i31,e10,c1,p22,l1,0.00
i31,e10,c1,p22,l2,0.00
i31,e10,c1,p22,l3,0.00
i31,e10,c1,p23,l1,0.00
i31,e10,c1,p23,l2,0.00
i31,e10,c1,p23,l3,0.00
i31,e10,c1,p24,l1,0.00
i31,e10,c1,p24,l2,0.00
i31,e10,c1,p24,l3,0.00
i31,e10,c1,p25,l1,0.00
i31,e10,c1,p25,l2,0.00
i31,e10,c1,p25,l3,0.00
i31,e10,c1,p27,l1,0.00
i31,e10,c1,p27,l2,0.00
i31,e10,c1,p27,l3,0.00
i31,e10,c1,p28,l1,0.00
i31,e10,c1,p28,l2,0.00
i31,e10,c1,p28,l3,0.00
i31,e10,c1,p29,l1,0.00
i31,e10,c1,p29,l2,0.00
i31,e10,c1,p29,l3,0.00
i31,e10,c1,p35,l1,0.00
i31,e10,c1,p35,l2,0.00
i31,e10,c1,p35,l3,0.00
i31,e10,c4,p03,l1,0.00
i31,e10,c4,p03,l2,0.00
i31,e10,c4,p03,l3,0.00
i31,e10,c4,p04,l1,0.00
i31,e10,c4,p04,l2,0.00
i31,e10,c4,p04,l3,0.00
i31,e10,c4,p06,l1,0.00
i31,e10,c4,p06,l2,0.00
i31,e10,c4,p06,l3,0.00
i31,e10,c4,p07,l1,0.00
i31,e10,c4,p07,l2,0.00
i31,e10,c4,p07,l3,0.00
i31,e10,c4,p08,l1,0.00
i31,e10,c4,p08,l2,0.00
i31,e10,c4,p08,l3,0.00
i31,e10,c4,p10,l1,0.00
i31,e10,c4,p10,l2,0.00
i31,e10,c4,p10,l3,0.00
i31,e10,c4,p11,l1,0.00
i31,e10,c4,p11,l2,0.00
i31,e10,c4,p11,l3,0.00
i31,e10,c4,p12,l1,0.00
i31,e10,c4,p12,l2,0.00
i31,e10,c4,p12,l3,0.00
i31,e10,c4,p13,l1,0.00
i31,e10,c4,p13,l2,0.00
i31,e10,c4,p13,l3,0.00
i31,e10,c4,p14,l1,0.00
i31,e10,c4,p14,l2,0.00
i31,e10,c4,p14,l3,0.00
i31,e10,c4,p15,l1,0.00
i31,e10,c4,p15,l2,0.00
i31,e10,c4,p15,l3,0.00
i31,e10,c4,p16,l1,0.00
i31,e10,c4,p16,l2,0.00
i31,e10,c4,p16,l3,0.00
i31,e10,c4,p17,l1,0.00
i31,e10,c4,p17,l2,0.00
i31,e10,c4,p17,l3,0.00
i31,e10,c4,p18,l2,0.00
i31,e10,c4,p18,l3,0.00
i31,e10,c4,p19,l1,0.00
i31,e10,c4,p19,l2,0.00
i31,e10,c4,p19,l3,0.00
i31,e10,c4,p20,l1,0.00
i31,e10,c4,p20,l2,0.00
i31,e10,c4,p20,l3,0.00
i31,e10,c4,p21,l1,0.00
i31,e10,c4,p21,l2,0.00
i31,e10,c4,p21,l3,0.00
i31,e10,c4,p23,l1,0.00
i31,e10,c4,p23,l2,0.00
i31,e10,c4,p23,l3,0.00
i31,e10,c4,p24,l2,0.00
i31,e10,c4,p24,l3,0.00
i31,e10,c4,p28,l1,0.00
i31,e10,c4,p28,l2,0.00
i31,e10,c4,p28,l3,0.00
i31,e10,c4,p29,l1,0.00
i31,e10,c4,p29,l2,0.00
i31,e10,c4,p29,l3,0.00
i31,e10,c4,p35,l1,0.00
i31,e10,c4,p35,l2,0.00
i31,e10,c4,p35,l3,0.00
i31,e11,c1,p01,l2,0.00
i31,e11,c1,p01,l3,0.00
i31,e11,c1,p02,l2,0.00
i31,e11,c1,p02,l3,0.00
i31,e11,c1,p03,l2,0.00
i31,e11,c1,p03,l3,0.00
i31,e11,c1,p04,l2,0.00
i31,e11,c1,p04,l3,0.00
i31,e11,c1,p05,l2,0.00
i31,e11,c1,p05,l3,0.00
i31,e11,c1,p06,l2,0.00
i31,e11,c1,p06,l3,0.00
i31,e11,c1,p07,l2,0.00
i31,e11,c1,p07,l3,0.00
i31,e11,c1,p08,l2,0.00
i31,e11,c1,p08,l3,0.00
i31,e11,c1,p09,l2,0.00
i31,e11,c1,p09,l3,0.00
i31,e11,c1,p10,l2,0.00
i31,e11,c1,p10,l3,0.00
i31,e11,c1,p11,l2,0.00
i31,e11,c1,p11,l3,0.00
i31,e11,c1,p12,l2,0.00
i31,e11,c1,p12,l3,0.00
i31,e11,c1,p13,l2,0.00
i31,e11,c1,p13,l3,0.00
i31,e11,c1,p14,l2,0.00
i31,e11,c1,p14,l3,0.00
i31,e11,c1,p15,l2,0.00
i31,e11,c1,p15,l3,0.00
i31,e11,c1,p16,l2,0.00
i31,e11,c1,p16,l3,0.00
i31,e11,c1,p17,l2,0.00
i31,e11,c1,p17,l3,0.00
i31,e11,c1,p18,l2,0.00
i31,e11,c1,p18,l3,0.00
i31,e11,c1,p19,l2,0.00
i31,e11,c1,p19,l3,0.00
i31,e11,c1,p20,l2,0.00
i31,e11,c1,p20,l3,0.00
i31,e11,c1,p21,l2,0.00
i31,e11,c1,p21,l3,0.00
i31,e11,c1,p22,l2,0.00
i31,e11,c1,p22,l3,0.00
i31,e11,c1,p23,l2,0.00
i31,e11,c1,p23,l3,0.00
i31,e11,c1,p24,l2,0.00
i31,e11,c1,p24,l3,0.00
i31,e11,c1,p25,l3,0.00
i31,e11,c1,p26,l3,0.00
i31,e11,c1,p27,l3,0.00
i31,e11,c1,p28,l2,0.00
i31,e11,c1,p28,l3,0.00
i31,e11,c1,p29,l2,0.00
i31,e11,c1,p29,l3,0.00
i31,e11,c1,p32,l2,0.00
i31,e11,c1,p32,l3,0.00
i31,e11,c1,p33,l3,0.00
i31,e11,c1,p35,l2,0.00
i31,e11,c1,p35,l3,0.00
i31,e11,c4,p03,l2,0.00
i31,e11,c4,p03,l3,0.00
i31,e11,c4,p04,l3,0.00
i31,e11,c4,p06,l3,0.00
i31,e11,c4,p07,l2,0.00
i31,e11,c4,p07,l3,0.00
i31,e11,c4,p08,l3,0.00
i31,e11,c4,p10,l2,0.00
i31,e11,c4,p10,l3,0.00
i31,e11,c4,p11,l2,0.00
i31,e11,c4,p11,l3,0.00
i31,e11,c4,p12,l3,0.00
i31,e11,c4,p13,l2,0.00
i31,e11,c4,p13,l3,0.00
i31,e11,c4,p14,l2,0.00
i31,e11,c4,p14,l3,0.00
i31,e11,c4,p15,l2,0.00
i31,e11,c4,p15,l3,0.00
i31,e11,c4,p16,l2,0.00
i31,e11,c4,p16,l3,0.00
i31,e11,c4,p17,l2,0.00
i31,e11,c4,p17,l3,0.00
i31,e11,c4,p19,l2,0.00
i31,e11,c4,p19,l3,0.00
i31,e11,c4,p20,l2,0.00
i31,e11,c4,p20,l3,0.00
i31,e11,c4,p21,l2,0.00
i31,e11,c4,p21,l3,0.00
i31,e11,c4,p23,l3,0.00
i31,e11,c4,p24,l3,0.00
i31,e11,c4,p28,l3,0.00
i31,e11,c4,p29,l3,0.00
i31,e11,c4,p35,l2,0.00
i31,e11,c4,p35,l3,0.00
i31,e12,c1,p01,l3,0.00
i31,e12,c1,p02,l3,0.00
i31,e12,c1,p03,l3,0.00
i31,e12,c1,p04,l3,0.00
i31,e12,c1,p05,l3,0.00
i31,e12,c1,p06,l3,0.00
i31,e12,c1,p07,l3,0.00
i31,e12,c1,p08,l3,0.00
i31,e12,c1,p09,l3,0.00
i31,e12,c1,p10,l3,0.00
i31,e12,c1,p11,l3,0.00
i31,e12,c1,p12,l3,0.00
i31,e12,c1,p13,l3,0.00
i31,e12,c1,p14,l3,0.00
i31,e12,c1,p15,l3,0.00
i31,e12,c1,p16,l3,0.00
i31,e12,c1,p17,l3,0.00
i31,e12,c1,p18,l3,0.00
i31,e12,c1,p19,l3,0.00
i31,e12,c1,p20,l3,0.00
i31,e12,c1,p21,l3,0.00
i31,e12,c1,p22,l3,0.00
i31,e12,c1,p23,l3,0.00
i31,e12,c1,p24,l3,0.00
i31,e12,c1,p28,l3,0.00
i31,e12,c1,p29,l3,0.00
i31,e12,c1,p35,l3,0.00
i31,e12,c4,p03,l3,0.00
i31,e12,c4,p05,l3,0.00
i31,e12,c4,p07,l3,0.00
i31,e12,c4,p11,l3,0.00
i31,e12,c4,p13,l3,0.00
i31,e12,c4,p14,l3,0.00
i31,e12,c4,p16,l3,0.00
i31,e12,c4,p17,l3,0.00
i31,e12,c4,p19,l3,0.00
i31,e12,c4,p20,l3,0.00
i31,e12,c4,p21,l3,0.00
i31,e12,c4,p24,l3,0.00
i31,e12,c4,p35,l3,0.00
i32,e01,c3,p02,l3,0.00
i32,e01,c3,p04,l3,0.00
i32,e01,c3,p35,l3,0.00
i32,e01,c5,p01,l3,0.00
i32,e01,c5,p02,l3,0.00
i32,e01,c5,p03,l3,0.00
i32,e01,c5,p04,l3,0.00
i32,e01,c5,p05,l3,0.00
i32,e01,c5,p06,l3,0.00
i32,e01,c5,p07,l3,0.00
i32,e01,c5,p08,l3,0.00
i32,e01,c5,p09,l3,0.00
i32,e01,c5,p10,l3,0.00
i32,e01,c5,p11,l3,0.00
i32,e01,c5,p12,l3,0.00
i32,e01,c5,p13,l3,0.00
i32,e01,c5,p14,l3,0.00
i32,e01,c5,p15,l3,0.00
i32,e01,c5,p16,l3,0.00
i32,e01,c5,p17,l3,0.00
i32,e01,c5,p18,l3,0.00
i32,e01,c5,p19,l3,0.00
i32,e01,c5,p20,l3,0.00
i32,e01,c5,p21,l3,0.00
i32,e01,c5,p22,l3,0.00
i32,e01,c5,p23,l3,0.00
i32,e01,c5,p24,l3,0.00
i32,e01,c5,p25,l3,0.00
i32,e01,c5,p26,l3,0.00
i32,e01,c5,p28,l3,0.00
i32,e01,c5,p29,l3,0.00
i32,e01,c5,p31,l3,0.00
i32,e01,c5,p32,l3,0.00
i32,e01,c5,p35,l3,0.00
i32,e03,c5,p11,l3,0.00
i32,e03,c5,p35,l3,0.00
i32,e04,c3,p02,l1,0.00
i32,e04,c3,p02,l3,0.00
i32,e04,c3,p04,l1,0.00
i32,e04,c3,p04,l3,0.00
i32,e04,c3,p35,l1,0.00
i32,e04,c3,p35,l3,0.00
i32,e04,c5,p01,l1,0.00
i32,e04,c5,p01,l3,0.00
i32,e04,c5,p02,l1,0.00
i32,e04,c5,p02,l3,0.00
i32,e04,c5,p03,l1,0.00
i32,e04,c5,p03,l3,0.00
i32,e04,c5,p04,l1,0.00
i32,e04,c5,p04,l3,0.00
i32,e04,c5,p05,l1,0.00
i32,e04,c5,p05,l3,0.00
i32,e04,c5,p06,l1,0.00
i32,e04,c5,p06,l3,0.00
i32,e04,c5,p07,l1,0.00
i32,e04,c5,p07,l3,0.00
i32,e04,c5,p08,l1,0.00
i32,e04,c5,p08,l3,0.00
i32,e04,c5,p09,l1,0.00
i32,e04,c5,p09,l3,0.00
i32,e04,c5,p10,l1,0.00
i32,e04,c5,p10,l3,0.00
i32,e04,c5,p11,l1,0.00
i32,e04,c5,p11,l3,0.00
i32,e04,c5,p12,l1,0.00
i32,e04,c5,p12,l3,0.00
i32,e04,c5,p13,l1,0.00
i32,e04,c5,p13,l3,0.00
i32,e04,c5,p14,l1,0.00
i32,e04,c5,p14,l3,0.00
i32,e04,c5,p15,l1,0.00
i32,e04,c5,p15,l3,0.00
i32,e04,c5,p16,l1,0.00
i32,e04,c5,p16,l3,0.00
i32,e04,c5,p17,l1,0.00
i32,e04,c5,p17,l3,0.00
i32,e04,c5,p18,l1,0.00
i32,e04,c5,p18,l3,0.00
i32,e04,c5,p19,l1,0.00
i32,e04,c5,p19,l3,0.00
i32,e04,c5,p20,l1,0.00
i32,e04,c5,p20,l3,0.00
i32,e04,c5,p21,l1,0.00
i32,e04,c5,p21,l3,0.00
i32,e04,c5,p22,l3,0.00
i32,e04,c5,p23,l1,0.00
i32,e04,c5,p23,l3,0.00
i32,e04,c5,p24,l1,0.00
i32,e04,c5,p24,l3,0.00
i32,e04,c5,p25,l1,0.00
i32,e04,c5,p25,l3,0.00
i32,e04,c5,p26,l1,0.00
i32,e04,c5,p26,l3,0.00
i32,e04,c5,p28,l1,0.00
i32,e04,c5,p28,l3,0.00
i32,e04,c5,p29,l1,0.00
i32,e04,c5,p29,l3,0.00
i32,e04,c5,p31,l3,0.00
i32,e04,c5,p32,l3,0.00
i32,e04,c5,p35,l1,0.00
i32,e04,c5,p35,l3,0.00
i32,e05,c3,p03,l1,0.00
i32,e05,c3,p03,l3,0.00
i32,e05,c3,p04,l1,0.00
i32,e05,c3,p04,l3,0.00
i32,e05,c3,p35,l3,0.00
i32,e05,c5,p01,l3,0.00
i32,e05,c5,p02,l3,0.00
i32,e05,c5,p03,l3,0.00
i32,e05,c5,p04,l1,0.00
i32,e05,c5,p04,l3,0.00
i32,e05,c5,p05,l1,0.00
i32,e05,c5,p05,l3,0.00
i32,e05,c5,p06,l3,0.00
i32,e05,c5,p07,l3,0.00
i32,e05,c5,p08,l3,0.00
i32,e05,c5,p09,l3,0.00
i32,e05,c5,p10,l1,0.00
i32,e05,c5,p10,l3,0.00
i32,e05,c5,p11,l3,0.00
i32,e05,c5,p12,l3,0.00
i32,e05,c5,p13,l1,0.00
i32,e05,c5,p13,l3,0.00
i32,e05,c5,p14,l3,0.00
i32,e05,c5,p15,l3,0.00
i32,e05,c5,p16,l1,0.00
i32,e05,c5,p16,l3,0.00
i32,e05,c5,p17,l1,0.00
i32,e05,c5,p17,l3,0.00
i32,e05,c5,p18,l3,0.00
i32,e05,c5,p19,l3,0.00
i32,e05,c5,p21,l1,0.00
i32,e05,c5,p21,l3,0.00
i32,e05,c5,p22,l3,0.00
i32,e05,c5,p23,l3,0.00
i32,e05,c5,p24,l3,0.00
i32,e05,c5,p25,l3,0.00
i32,e05,c5,p26,l3,0.00
i32,e05,c5,p28,l3,0.00
i32,e05,c5,p29,l3,0.00
i32,e05,c5,p32,l1,0.00
i32,e05,c5,p32,l3,0.00
i32,e05,c5,p35,l1,0.00
i32,e05,c5,p35,l3,0.00
i32,e08,c3,p02,l2,0.00
i32,e08,c3,p02,l3,0.00
i32,e08,c3,p04,l2,0.00
i32,e08,c3,p04,l3,0.00
i32,e08,c3,p35,l2,0.00
i32,e08,c3,p35,l3,0.00
i32,e08,c5,p01,l2,0.00
i32,e08,c5,p01,l3,0.00
i32,e08,c5,p02,l2,0.00
i32,e08,c5,p02,l3,0.00
i32,e08,c5,p03,l2,0.00
i32,e08,c5,p03,l3,0.00
i32,e08,c5,p04,l2,0.00
i32,e08,c5,p04,l3,0.00
i32,e08,c5,p05,l2,0.00
i32,e08,c5,p05,l3,0.00
i32,e08,c5,p06,l2,0.00
i32,e08,c5,p06,l3,0.00
i32,e08,c5,p07,l2,0.00
i32,e08,c5,p07,l3,0.00
i32,e08,c5,p08,l2,0.00
i32,e08,c5,p08,l3,0.00
i32,e08,c5,p09,l2,0.00
i32,e08,c5,p09,l3,0.00
i32,e08,c5,p10,l2,0.00
i32,e08,c5,p10,l3,0.00
i32,e08,c5,p11,l2,0.00
i32,e08,c5,p11,l3,0.00
i32,e08,c5,p12,l2,0.00
i32,e08,c5,p12,l3,0.00
i32,e08,c5,p13,l2,0.00
i32,e08,c5,p13,l3,0.00
i32,e08,c5,p14,l2,0.00
i32,e08,c5,p14,l3,0.00
i32,e08,c5,p15,l2,0.00
i32,e08,c5,p15,l3,0.00
i32,e08,c5,p16,l2,0.00
i32,e08,c5,p16,l3,0.00
i32,e08,c5,p17,l2,0.00
i32,e08,c5,p17,l3,0.00
i32,e08,c5,p18,l2,0.00
i32,e08,c5,p18,l3,0.00
i32,e08,c5,p19,l2,0.00
i32,e08,c5,p19,l3,0.00
i32,e08,c5,p20,l3,0.00
i32,e08,c5,p21,l2,0.00
i32,e08,c5,p21,l3,0.00
i32,e08,c5,p22,l2,0.00
i32,e08,c5,p22,l3,0.00
i32,e08,c5,p23,l2,0.00
i32,e08,c5,p23,l3,0.00
i32,e08,c5,p24,l2,0.00
i32,e08,c5,p24,l3,0.00
i32,e08,c5,p25,l2,0.00
i32,e08,c5,p25,l3,0.00
i32,e08,c5,p26,l2,0.00
i32,e08,c5,p26,l3,0.00
i32,e08,c5,p28,l2,0.00
i32,e08,c5,p28,l3,0.00
i32,e08,c5,p29,l2,0.00
i32,e08,c5,p29,l3,0.00
i32,e08,c5,p31,l2,0.00
i32,e08,c5,p31,l3,0.00
i32,e08,c5,p32,l2,0.00
i32,e08,c5,p32,l3,0.00
i32,e08,c5,p35,l2,0.00
i32,e08,c5,p35,l3,0.00
i32,e09,c3,p02,l2,0.00
i32,e09,c3,p02,l3,0.00
i32,e09,c3,p04,l3,0.00
i32,e09,c3,p35,l3,0.00
i32,e09,c5,p01,l2,0.00
i32,e09,c5,p01,l3,0.00
i32,e09,c5,p02,l2,0.00
i32,e09,c5,p02,l3,0.00
i32,e09,c5,p03,l2,0.00
i32,e09,c5,p03,l3,0.00
i32,e09,c5,p04,l2,0.00
i32,e09,c5,p04,l3,0.00
i32,e09,c5,p05,l2,0.00
i32,e09,c5,p05,l3,0.00
i32,e09,c5,p06,l3,0.00
i32,e09,c5,p07,l2,0.00
i32,e09,c5,p07,l3,0.00
i32,e09,c5,p08,l2,0.00
i32,e09,c5,p08,l3,0.00
i32,e09,c5,p09,l2,0.00
i32,e09,c5,p09,l3,0.00
i32,e09,c5,p10,l2,0.00
i32,e09,c5,p10,l3,0.00
i32,e09,c5,p11,l2,0.00
i32,e09,c5,p11,l3,0.00
i32,e09,c5,p12,l2,0.00
i32,e09,c5,p12,l3,0.00
i32,e09,c5,p13,l2,0.00
i32,e09,c5,p13,l3,0.00
i32,e09,c5,p14,l2,0.00
i32,e09,c5,p14,l3,0.00
i32,e09,c5,p15,l2,0.00
i32,e09,c5,p15,l3,0.00
i32,e09,c5,p16,l2,0.00
i32,e09,c5,p16,l3,0.00
i32,e09,c5,p17,l2,0.00
i32,e09,c5,p17,l3,0.00
i32,e09,c5,p18,l2,0.00
i32,e09,c5,p18,l3,0.00
i32,e09,c5,p19,l2,0.00
i32,e09,c5,p19,l3,0.00
i32,e09,c5,p20,l2,0.00
i32,e09,c5,p20,l3,0.00
i32,e09,c5,p21,l2,0.00
i32,e09,c5,p21,l3,0.00
i32,e09,c5,p22,l3,0.00
i32,e09,c5,p23,l3,0.00
i32,e09,c5,p24,l2,0.00
i32,e09,c5,p24,l3,0.00
i32,e09,c5,p25,l2,0.00
i32,e09,c5,p25,l3,0.00
i32,e09,c5,p26,l2,0.00
i32,e09,c5,p26,l3,0.00
i32,e09,c5,p28,l2,0.00
i32,e09,c5,p28,l3,0.00
i32,e09,c5,p29,l2,0.00
i32,e09,c5,p29,l3,0.00
i32,e09,c5,p31,l3,0.00
i32,e09,c5,p32,l2,0.00
i32,e09,c5,p32,l3,0.00
i32,e09,c5,p35,l2,0.00
i32,e09,c5,p35,l3,0.00
i32,e11,c3,p02,l2,0.00
i32,e11,c3,p02,l3,0.00
i32,e11,c3,p04,l2,0.00
i32,e11,c3,p04,l3,0.00
i32,e11,c3,p10,l2,0.00
i32,e11,c3,p10,l3,0.00
i32,e11,c3,p35,l2,0.00
i32,e11,c3,p35,l3,0.00
i32,e11,c5,p01,l2,0.00
i32,e11,c5,p01,l3,0.00
i32,e11,c5,p02,l2,0.00
i32,e11,c5,p02,l3,0.00
i32,e11,c5,p03,l2,0.00
i32,e11,c5,p03,l3,0.00
i32,e11,c5,p04,l2,0.00
i32,e11,c5,p04,l3,0.00
i32,e11,c5,p05,l2,0.00
i32,e11,c5,p05,l3,0.00
i32,e11,c5,p06,l2,0.00
i32,e11,c5,p06,l3,0.00
i32,e11,c5,p07,l2,0.00
i32,e11,c5,p07,l3,0.00
i32,e11,c5,p08,l2,0.00
i32,e11,c5,p08,l3,0.00
i32,e11,c5,p09,l2,0.00
i32,e11,c5,p09,l3,0.00
i32,e11,c5,p10,l2,0.00
i32,e11,c5,p10,l3,0.00
i32,e11,c5,p11,l2,0.00
i32,e11,c5,p11,l3,0.00
i32,e11,c5,p12,l2,0.00
i32,e11,c5,p12,l3,0.00
i32,e11,c5,p13,l2,0.00
i32,e11,c5,p13,l3,0.00
i32,e11,c5,p14,l2,0.00
i32,e11,c5,p14,l3,0.00
i32,e11,c5,p15,l2,0.00
i32,e11,c5,p15,l3,0.00
i32,e11,c5,p16,l2,0.00
i32,e11,c5,p16,l3,0.00
i32,e11,c5,p17,l2,0.00
i32,e11,c5,p17,l3,0.00
i32,e11,c5,p18,l2,0.00
i32,e11,c5,p18,l3,0.00
i32,e11,c5,p19,l2,0.00
i32,e11,c5,p19,l3,0.00
i32,e11,c5,p20,l2,0.00
i32,e11,c5,p20,l3,0.00
i32,e11,c5,p21,l2,0.00
i32,e11,c5,p21,l3,0.00
i32,e11,c5,p22,l2,0.00
i32,e11,c5,p22,l3,0.00
i32,e11,c5,p23,l2,0.00
i32,e11,c5,p23,l3,0.00
i32,e11,c5,p24,l2,0.00
i32,e11,c5,p24,l3,0.00
i32,e11,c5,p25,l2,0.00
i32,e11,c5,p25,l3,0.00
i32,e11,c5,p26,l2,0.00
i32,e11,c5,p26,l3,0.00
i32,e11,c5,p28,l2,0.00
i32,e11,c5,p28,l3,0.00
i32,e11,c5,p29,l2,0.00
i32,e11,c5,p29,l3,0.00
i32,e11,c5,p31,l2,0.00
i32,e11,c5,p31,l3,0.00
i32,e11,c5,p32,l2,0.00
i32,e11,c5,p32,l3,0.00
i32,e11,c5,p35,l2,0.00
i32,e11,c5,p35,l3,0.00
i32,e12,c3,p02,l3,0.00
i32,e12,c3,p04,l3,0.00
i32,e12,c3,p35,l3,0.00
i32,e12,c5,p01,l3,0.00
i32,e12,c5,p02,l3,0.00
i32,e12,c5,p03,l3,0.00
i32,e12,c5,p04,l3,0.00
i32,e12,c5,p05,l3,0.00
i32,e12,c5,p06,l3,0.00
i32,e12,c5,p07,l3,0.00
i32,e12,c5,p08,l3,0.00
i32,e12,c5,p09,l3,0.00
i32,e12,c5,p10,l3,0.00
i32,e12,c5,p11,l3,0.00
i32,e12,c5,p12,l3,0.00
i32,e12,c5,p13,l3,0.00
i32,e12,c5,p14,l3,0.00
i32,e12,c5,p15,l3,0.00
i32,e12,c5,p16,l3,0.00
i32,e12,c5,p17,l3,0.00
i32,e12,c5,p18,l3,0.00
i32,e12,c5,p19,l3,0.00
i32,e12,c5,p20,l3,0.00
i32,e12,c5,p21,l3,0.00
i32,e12,c5,p22,l3,0.00
i32,e12,c5,p23,l3,0.00
i32,e12,c5,p24,l3,0.00
i32,e12,c5,p25,l3,0.00
i32,e12,c5,p26,l3,0.00
i32,e12,c5,p28,l3,0.00
i32,e12,c5,p29,l3,0.00
i32,e12,c5,p31,l3,0.00
i32,e12,c5,p32,l3,0.00
i32,e12,c5,p35,l3,0.00
i33,e01,c1,p01,l3,0.00
i33,e01,c1,p02,l3,0.00
i33,e01,c1,p03,l3,0.00
i33,e01,c1,p04,l3,0.00
i33,e01,c1,p05,l3,0.00
i33,e01,c1,p06,l3,0.00
i33,e01,c1,p07,l3,0.00
i33,e01,c1,p08,l3,0.00
i33,e01,c1,p09,l3,0.00
i33,e01,c1,p10,l3,0.00
i33,e01,c1,p11,l3,0.00
i33,e01,c1,p12,l3,0.00
i33,e01,c1,p13,l3,0.00
i33,e01,c1,p14,l3,0.00
i33,e01,c1,p15,l3,0.00
i33,e01,c1,p16,l3,0.00
i33,e01,c1,p17,l3,0.00
i33,e01,c1,p18,l3,0.00
i33,e01,c1,p19,l3,0.00
i33,e01,c1,p20,l3,0.00
i33,e01,c1,p21,l3,0.00
i33,e01,c1,p22,l3,0.00
i33,e01,c1,p23,l3,0.00
i33,e01,c1,p24,l3,0.00
i33,e01,c1,p25,l3,0.00
i33,e01,c1,p26,l3,0.00
i33,e01,c1,p28,l3,0.00
i33,e01,c1,p29,l3,0.00
i33,e01,c1,p31,l3,0.00
i33,e01,c1,p32,l3,0.00
i33,e01,c1,p35,l3,0.00
i33,e01,c4,p01,l3,0.00
i33,e01,c4,p03,l3,0.00
i33,e01,c4,p04,l3,0.00
i33,e01,c4,p05,l3,0.00
i33,e01,c4,p08,l3,0.00
i33,e01,c4,p10,l3,0.00
i33,e01,c4,p11,l3,0.00
i33,e01,c4,p12,l3,0.00
i33,e01,c4,p13,l3,0.00
i33,e01,c4,p15,l3,0.00
i33,e01,c4,p16,l3,0.00
i33,e01,c4,p17,l3,0.00
i33,e01,c4,p18,l3,0.00
i33,e01,c4,p19,l3,0.00
i33,e01,c4,p21,l3,0.00
i33,e03,c1,p01,l3,0.00
i33,e03,c1,p02,l3,0.00
i33,e03,c1,p03,l3,0.00
i33,e03,c1,p04,l3,0.00
i33,e03,c1,p05,l3,0.00
i33,e03,c1,p06,l3,0.00
i33,e03,c1,p07,l3,0.00
i33,e03,c1,p08,l3,0.00
i33,e03,c1,p09,l3,0.00
i33,e03,c1,p10,l3,0.00
i33,e03,c1,p11,l3,0.00
i33,e03,c1,p12,l3,0.00
i33,e03,c1,p13,l3,0.00
i33,e03,c1,p14,l3,0.00
i33,e03,c1,p15,l3,0.00
i33,e03,c1,p16,l3,0.00
i33,e03,c1,p17,l3,0.00
i33,e03,c1,p18,l3,0.00
i33,e03,c1,p19,l3,0.00
i33,e03,c1,p20,l3,0.00
i33,e03,c1,p21,l3,0.00
i33,e03,c1,p22,l3,0.00
i33,e03,c1,p23,l3,0.00
i33,e03,c1,p24,l3,0.00
i33,e03,c1,p25,l3,0.00
i33,e03,c1,p26,l3,0.00
i33,e03,c1,p28,l3,0.00
i33,e03,c1,p29,l3,0.00
i33,e03,c1,p30,l3,0.00
i33,e03,c1,p31,l3,0.00
i33,e03,c1,p32,l3,0.00
i33,e03,c1,p33,l3,0.00
i33,e03,c1,p34,l3,0.00
i33,e03,c1,p35,l3,0.00
i33,e03,c4,p01,l3,0.00
i33,e03,c4,p03,l3,0.00
i33,e03,c4,p04,l3,0.00
i33,e03,c4,p05,l3,0.00
i33,e03,c4,p07,l3,0.00
i33,e03,c4,p08,l3,0.00
i33,e03,c4,p09,l3,0.00
i33,e03,c4,p10,l3,0.00
i33,e03,c4,p11,l3,0.00
i33,e03,c4,p13,l3,0.00
i33,e03,c4,p14,l3,0.00
i33,e03,c4,p15,l3,0.00
i33,e03,c4,p16,l3,0.00
i33,e03,c4,p17,l3,0.00
i33,e03,c4,p18,l3,0.00
i33,e03,c4,p19,l3,0.00
i33,e03,c4,p21,l3,0.00
i33,e03,c4,p24,l3,0.00
i33,e03,c4,p35,l3,0.00
i33,e03,c7,p10,l3,0.00
i33,e04,c1,p01,l3,0.00
i33,e04,c1,p02,l3,0.00
i33,e04,c1,p03,l3,0.00
i33,e04,c1,p04,l3,0.00
i33,e04,c1,p05,l3,0.00
i33,e04,c1,p06,l3,0.00
i33,e04,c1,p07,l3,0.00
i33,e04,c1,p08,l3,0.00
i33,e04,c1,p09,l3,0.00
i33,e04,c1,p10,l3,0.00
i33,e04,c1,p11,l3,0.00
i33,e04,c1,p12,l3,0.00
i33,e04,c1,p13,l3,0.00
i33,e04,c1,p14,l3,0.00
i33,e04,c1,p15,l3,0.00
i33,e04,c1,p16,l3,0.00
i33,e04,c1,p17,l3,0.00
i33,e04,c1,p18,l3,0.00
i33,e04,c1,p19,l3,0.00
i33,e04,c1,p20,l3,0.00
i33,e04,c1,p21,l3,0.00
i33,e04,c1,p22,l3,0.00
i33,e04,c1,p23,l3,0.00
i33,e04,c1,p24,l3,0.00
i33,e04,c1,p25,l3,0.00
i33,e04,c1,p26,l3,0.00
i33,e04,c1,p28,l3,0.00
i33,e04,c1,p29,l3,0.00
i33,e04,c1,p31,l3,0.00
i33,e04,c1,p32,l3,0.00
i33,e04,c1,p33,l3,0.00
i33,e04,c1,p35,l3,0.00
i33,e04,c4,p01,l3,0.00
i33,e04,c4,p03,l3,0.00
i33,e04,c4,p05,l3,0.00
i33,e04,c4,p07,l3,0.00
i33,e04,c4,p08,l3,0.00
i33,e04,c4,p09,l3,0.00
i33,e04,c4,p10,l3,0.00
i33,e04,c4,p11,l3,0.00
i33,e04,c4,p13,l3,0.00
i33,e04,c4,p15,l3,0.00
i33,e04,c4,p16,l3,0.00
i33,e04,c4,p19,l3,0.00
i33,e04,c7,p10,l3,0.00
i33,e05,c1,p01,l3,0.00
i33,e05,c1,p02,l3,0.00
i33,e05,c1,p03,l3,0.00
i33,e05,c1,p04,l3,0.00
i33,e05,c1,p05,l3,0.00
i33,e05,c1,p06,l3,0.00
i33,e05,c1,p07,l3,0.00
i33,e05,c1,p08,l3,0.00
i33,e05,c1,p10,l3,0.00
i33,e05,c1,p11,l3,0.00
i33,e05,c1,p12,l3,0.00
i33,e05,c1,p13,l3,0.00
i33,e05,c1,p14,l3,0.00
i33,e05,c1,p15,l3,0.00
i33,e05,c1,p16,l3,0.00
i33,e05,c1,p17,l3,0.00
i33,e05,c1,p18,l3,0.00
i33,e05,c1,p19,l3,0.00
i33,e05,c1,p21,l3,0.00
i33,e05,c1,p22,l3,0.00
i33,e05,c1,p24,l3,0.00
i33,e05,c1,p25,l3,0.00
i33,e05,c1,p26,l3,0.00
i33,e05,c1,p28,l3,0.00
i33,e05,c1,p29,l3,0.00
i33,e05,c1,p32,l3,0.00
i33,e05,c1,p35,l3,0.00
i33,e05,c4,p03,l3,0.00
i33,e05,c4,p10,l3,0.00
i33,e05,c4,p19,l3,0.00
i33,e05,c4,p35,l3,0.00
i33,e08,c1,p01,l3,0.00
i33,e08,c1,p02,l3,0.00
i33,e08,c1,p03,l3,0.00
i33,e08,c1,p04,l3,0.00
i33,e08,c1,p05,l3,0.00
i33,e08,c1,p06,l3,0.00
i33,e08,c1,p07,l3,0.00
i33,e08,c1,p08,l3,0.00
i33,e08,c1,p09,l3,0.00
i33,e08,c1,p10,l3,0.00
i33,e08,c1,p11,l3,0.00
i33,e08,c1,p12,l3,0.00
i33,e08,c1,p13,l3,0.00
i33,e08,c1,p14,l3,0.00
i33,e08,c1,p15,l3,0.00
i33,e08,c1,p16,l3,0.00
i33,e08,c1,p17,l3,0.00
i33,e08,c1,p18,l3,0.00
i33,e08,c1,p19,l3,0.00
i33,e08,c1,p20,l3,0.00
i33,e08,c1,p21,l3,0.00
i33,e08,c1,p22,l3,0.00
i33,e08,c1,p23,l3,0.00
i33,e08,c1,p24,l3,0.00
i33,e08,c1,p25,l3,0.00
i33,e08,c1,p26,l3,0.00
i33,e08,c1,p28,l3,0.00
i33,e08,c1,p29,l3,0.00
i33,e08,c1,p30,l3,0.00
i33,e08,c1,p31,l3,0.00
i33,e08,c1,p32,l3,0.00
i33,e08,c1,p33,l3,0.00
i33,e08,c1,p34,l3,0.00
i33,e08,c1,p35,l3,0.00
i33,e08,c4,p01,l3,0.00
i33,e08,c4,p02,l3,0.00
i33,e08,c4,p03,l3,0.00
i33,e08,c4,p04,l3,0.00
i33,e08,c4,p05,l3,0.00
i33,e08,c4,p07,l3,0.00
i33,e08,c4,p08,l3,0.00
i33,e08,c4,p09,l3,0.00
i33,e08,c4,p10,l3,0.00
i33,e08,c4,p11,l3,0.00
i33,e08,c4,p12,l3,0.00
i33,e08,c4,p13,l3,0.00
i33,e08,c4,p15,l3,0.00
i33,e08,c4,p16,l3,0.00
i33,e08,c4,p17,l3,0.00
i33,e08,c4,p18,l3,0.00
i33,e08,c4,p19,l3,0.00
i33,e08,c4,p21,l3,0.00
i33,e08,c4,p24,l3,0.00
i33,e08,c4,p31,l3,0.00
i33,e08,c4,p32,l3,0.00
i33,e09,c1,p01,l3,0.00
i33,e09,c1,p02,l3,0.00
i33,e09,c1,p03,l3,0.00
i33,e09,c1,p04,l3,0.00
i33,e09,c1,p05,l3,0.00
i33,e09,c1,p06,l3,0.00
i33,e09,c1,p07,l3,0.00
i33,e09,c1,p08,l3,0.00
i33,e09,c1,p09,l3,0.00
i33,e09,c1,p10,l3,0.00
i33,e09,c1,p11,l3,0.00
i33,e09,c1,p12,l3,0.00
i33,e09,c1,p13,l3,0.00
i33,e09,c1,p14,l3,0.00
i33,e09,c1,p15,l3,0.00
i33,e09,c1,p16,l3,0.00
i33,e09,c1,p17,l3,0.00
i33,e09,c1,p18,l3,0.00
i33,e09,c1,p19,l3,0.00
i33,e09,c1,p20,l3,0.00
i33,e09,c1,p21,l3,0.00
i33,e09,c1,p22,l3,0.00
i33,e09,c1,p23,l3,0.00
i33,e09,c1,p24,l3,0.00
i33,e09,c1,p25,l3,0.00
i33,e09,c1,p26,l3,0.00
i33,e09,c1,p28,l3,0.00
i33,e09,c1,p29,l3,0.00
i33,e09,c1,p31,l3,0.00
i33,e09,c1,p32,l3,0.00
i33,e09,c1,p33,l3,0.00
i33,e09,c1,p35,l3,0.00
i33,e09,c4,p01,l3,0.00
i33,e09,c4,p03,l3,0.00
i33,e09,c4,p05,l3,0.00
i33,e09,c4,p08,l3,0.00
i33,e09,c4,p10,l3,0.00
i33,e09,c4,p13,l3,0.00
i33,e09,c4,p15,l3,0.00
i33,e09,c4,p16,l3,0.00
i33,e09,c4,p17,l3,0.00
i33,e09,c4,p19,l3,0.00
i33,e09,c4,p21,l3,0.00
i33,e10,c1,p01,l3,0.00
i33,e10,c1,p02,l3,0.00
i33,e10,c1,p03,l3,0.00
i33,e10,c1,p04,l3,0.00
i33,e10,c1,p05,l3,0.00
i33,e10,c1,p06,l3,0.00
i33,e10,c1,p07,l3,0.00
i33,e10,c1,p08,l3,0.00
i33,e10,c1,p09,l3,0.00
i33,e10,c1,p10,l3,0.00
i33,e10,c1,p11,l3,0.00
i33,e10,c1,p12,l3,0.00
i33,e10,c1,p13,l3,0.00
i33,e10,c1,p14,l3,0.00
i33,e10,c1,p15,l3,0.00
i33,e10,c1,p16,l3,0.00
i33,e10,c1,p17,l3,0.00
i33,e10,c1,p18,l3,0.00
i33,e10,c1,p19,l3,0.00
i33,e10,c1,p20,l3,0.00
i33,e10,c1,p21,l3,0.00
i33,e10,c1,p22,l3,0.00
i33,e10,c1,p23,l3,0.00
i33,e10,c1,p24,l3,0.00
i33,e10,c1,p25,l3,0.00
i33,e10,c1,p26,l3,0.00
i33,e10,c1,p28,l3,0.00
i33,e10,c1,p29,l3,0.00
i33,e10,c1,p30,l3,0.00
i33,e10,c1,p31,l3,0.00
i33,e10,c1,p32,l3,0.00
i33,e10,c1,p33,l3,0.00
i33,e10,c1,p34,l3,0.00
i33,e10,c1,p35,l3,0.00
i33,e10,c4,p01,l3,0.00
i33,e10,c4,p03,l3,0.00
i33,e10,c4,p05,l3,0.00
i33,e10,c4,p07,l3,0.00
i33,e10,c4,p10,l3,0.00
i33,e10,c4,p11,l3,0.00
i33,e10,c4,p16,l3,0.00
i33,e10,c4,p17,l3,0.00
i33,e10,c4,p18,l3,0.00
i33,e10,c4,p19,l3,0.00
i33,e10,c4,p21,l3,0.00
i33,e11,c1,p01,l3,0.00
i33,e11,c1,p02,l3,0.00
i33,e11,c1,p03,l3,0.00
i33,e11,c1,p04,l3,0.00
i33,e11,c1,p05,l3,0.00
i33,e11,c1,p06,l3,0.00
i33,e11,c1,p07,l3,0.00
i33,e11,c1,p08,l3,0.00
i33,e11,c1,p09,l3,0.00
i33,e11,c1,p10,l3,0.00
i33,e11,c1,p11,l3,0.00
i33,e11,c1,p12,l3,0.00
i33,e11,c1,p13,l3,0.00
i33,e11,c1,p14,l3,0.00
i33,e11,c1,p15,l3,0.00
i33,e11,c1,p16,l3,0.00
i33,e11,c1,p17,l3,0.00
i33,e11,c1,p18,l3,0.00
i33,e11,c1,p19,l3,0.00
i33,e11,c1,p21,l3,0.00
i33,e11,c1,p22,l3,0.00
i33,e11,c1,p23,l3,0.00
i33,e11,c1,p24,l3,0.00
i33,e11,c1,p25,l3,0.00
i33,e11,c1,p26,l3,0.00
i33,e11,c1,p28,l3,0.00
i33,e11,c1,p29,l3,0.00
i33,e11,c1,p32,l3,0.00
i33,e11,c1,p35,l3,0.00
i33,e11,c4,p05,l3,0.00
i33,e11,c4,p07,l3,0.00
i33,e11,c4,p10,l3,0.00
i34,e01,c3,p01,l3,0.00
i34,e01,c3,p02,l3,0.00
i34,e01,c3,p03,l3,0.00
i34,e01,c3,p04,l3,0.00
i34,e01,c3,p05,l3,0.00
i34,e01,c3,p06,l3,0.00
i34,e01,c3,p07,l3,0.00
i34,e01,c3,p08,l3,0.00
i34,e01,c3,p09,l3,0.00
i34,e01,c3,p10,l3,0.00
i34,e01,c3,p11,l3,0.00
i34,e01,c3,p12,l3,4.77
i34,e01,c3,p13,l3,0.00
i34,e01,c3,p14,l3,3.25
i34,e01,c3,p15,l3,0.00
i34,e01,c3,p16,l3,0.00
i34,e01,c3,p17,l3,0.00
i34,e01,c3,p18,l3,0.00
i34,e01,c3,p19,l3,0.00
i34,e01,c3,p20,l3,0.00
i34,e01,c3,p21,l3,0.00
i34,e01,c3,p22,l3,0.00
i34,e01,c3,p23,l3,0.00
i34,e01,c3,p24,l3,0.00
i34,e01,c3,p25,l3,0.00
i34,e01,c3,p26,l3,0.00
i34,e01,c3,p28,l3,0.00
i34,e01,c3,p29,l3,0.00
i34,e01,c3,p31,l3,0.00
i34,e01,c3,p32,l3,0.00
i34,e01,c3,p33,l3,0.00
i34,e01,c3,p35,l3,1.84
i34,e01,c5,p01,l3,1.67
i34,e01,c5,p02,l3,3.76
i34,e01,c5,p03,l3,0.00
i34,e01,c5,p04,l3,0.00
i34,e01,c5,p05,l3,0.00
i34,e01,c5,p06,l3,0.00
i34,e01,c5,p07,l3,0.00
i34,e01,c5,p08,l3,0.00
i34,e01,c5,p09,l3,0.00
i34,e01,c5,p10,l3,20.52
i34,e01,c5,p11,l3,0.00
i34,e01,c5,p12,l3,0.00
i34,e01,c5,p13,l3,0.00
i34,e01,c5,p14,l3,1.28
i34,e01,c5,p15,l3,0.00
i34,e01,c5,p16,l3,0.00
i34,e01,c5,p17,l3,21.83
i34,e01,c5,p18,l3,2.01
i34,e01,c5,p19,l3,4.57
i34,e01,c5,p20,l3,0.00
i34,e01,c5,p21,l3,1.11
i34,e01,c5,p22,l3,0.00
i34,e01,c5,p23,l3,0.00
i34,e01,c5,p24,l3,0.00
i34,e01,c5,p25,l3,0.00
i34,e01,c5,p26,l3,0.00
i34,e01,c5,p27,l3,0.00
i34,e01,c5,p28,l3,0.00
i34,e01,c5,p29,l3,0.00
i34,e01,c5,p30,l3,0.00
i34,e01,c5,p31,l3,0.00
i34,e01,c5,p32,l3,0.00
i34,e01,c5,p33,l3,0.00
i34,e01,c5,p35,l3,1.69
i34,e02,c3,p01,l1,0.00
i34,e02,c3,p01,l3,0.00
i34,e02,c3,p02,l3,0.00
i34,e02,c3,p03,l1,0.00
i34,e02,c3,p03,l3,0.00
i34,e02,c3,p07,l1,0.00
i34,e02,c3,p07,l3,0.00
i34,e02,c3,p10,l1,0.00
i34,e02,c3,p10,l3,0.00
i34,e02,c3,p11,l3,0.00
i34,e02,c3,p12,l1,0.00
i34,e02,c3,p12,l3,0.00
i34,e02,c3,p13,l1,0.00
i34,e02,c3,p13,l3,0.00
i34,e02,c3,p14,l3,0.00
i34,e02,c3,p15,l3,0.00
i34,e02,c3,p16,l1,0.00
i34,e02,c3,p17,l1,0.00
i34,e02,c3,p17,l3,0.00
i34,e02,c3,p18,l3,0.00
i34,e02,c3,p19,l1,0.00
i34,e02,c3,p19,l3,0.00
i34,e02,c3,p21,l1,0.00
i34,e02,c3,p21,l3,0.00
i34,e02,c3,p23,l1,0.00
i34,e02,c3,p24,l3,0.00
i34,e02,c3,p29,l1,0.00
i34,e02,c3,p29,l3,0.00
i34,e02,c3,p35,l1,0.00
i34,e02,c3,p35,l3,0.00
i34,e02,c5,p01,l1,0.00
i34,e02,c5,p01,l3,0.00
i34,e02,c5,p02,l1,0.00
i34,e02,c5,p02,l3,0.00
i34,e02,c5,p03,l1,0.00
i34,e02,c5,p03,l3,0.00
i34,e02,c5,p04,l1,0.00
i34,e02,c5,p04,l3,0.00
i34,e02,c5,p05,l1,0.00
i34,e02,c5,p05,l3,0.00
i34,e02,c5,p06,l1,0.00
i34,e02,c5,p06,l3,0.00
i34,e02,c5,p07,l1,0.00
i34,e02,c5,p07,l3,0.00
i34,e02,c5,p08,l1,0.00
i34,e02,c5,p08,l3,0.00
i34,e02,c5,p09,l1,0.00
i34,e02,c5,p09,l3,0.00
i34,e02,c5,p10,l1,0.00
i34,e02,c5,p10,l3,0.00
i34,e02,c5,p11,l1,0.00
i34,e02,c5,p11,l3,0.00
i34,e02,c5,p12,l1,0.00
i34,e02,c5,p12,l3,0.00
i34,e02,c5,p13,l1,0.00
i34,e02,c5,p13,l3,0.00
i34,e02,c5,p14,l1,0.00
i34,e02,c5,p14,l3,0.00
i34,e02,c5,p15,l1,0.00
i34,e02,c5,p15,l3,0.00
i34,e02,c5,p16,l1,0.00
i34,e02,c5,p16,l3,0.00
i34,e02,c5,p17,l1,0.00
i34,e02,c5,p17,l3,0.00
i34,e02,c5,p18,l1,0.00
i34,e02,c5,p18,l3,0.00
i34,e02,c5,p19,l1,0.00
i34,e02,c5,p19,l3,0.00
i34,e02,c5,p20,l1,0.00
i34,e02,c5,p20,l3,0.00
i34,e02,c5,p21,l1,0.00
i34,e02,c5,p21,l3,0.00
i34,e02,c5,p22,l1,0.00
i34,e02,c5,p22,l3,0.00
i34,e02,c5,p23,l1,0.00
i34,e02,c5,p23,l3,0.00
i34,e02,c5,p24,l1,0.00
i34,e02,c5,p24,l3,0.00
i34,e02,c5,p25,l1,0.00
i34,e02,c5,p25,l3,0.00
i34,e02,c5,p26,l3,0.00
i34,e02,c5,p28,l1,0.00
i34,e02,c5,p28,l3,0.00
i34,e02,c5,p29,l1,0.00
i34,e02,c5,p29,l3,0.00
i34,e02,c5,p30,l3,0.00
i34,e02,c5,p31,l1,0.00
i34,e02,c5,p31,l3,0.00
i34,e02,c5,p32,l1,0.00
i34,e02,c5,p32,l3,0.00
i34,e02,c5,p35,l1,0.00
i34,e02,c5,p35,l3,0.00
i34,e03,c3,p01,l3,0.00
i34,e03,c3,p02,l3,0.00
i34,e03,c3,p03,l3,0.00
i34,e03,c3,p04,l3,0.00
i34,e03,c3,p05,l3,0.00
i34,e03,c3,p06,l3,0.00
i34,e03,c3,p07,l3,0.00
i34,e03,c3,p08,l3,0.00
i34,e03,c3,p09,l3,0.00
i34,e03,c3,p10,l3,4.80
i34,e03,c3,p11,l3,0.00
i34,e03,c3,p12,l3,6.40
i34,e03,c3,p13,l3,0.00
i34,e03,c3,p14,l3,10.17
i34,e03,c3,p15,l3,0.00
i34,e03,c3,p16,l3,0.00
i34,e03,c3,p17,l3,0.00
i34,e03,c3,p18,l3,6.66
i34,e03,c3,p19,l3,0.00
i34,e03,c3,p20,l3,8.83
i34,e03,c3,p21,l3,0.00
i34,e03,c3,p22,l3,0.00
i34,e03,c3,p23,l3,0.00
i34,e03,c3,p24,l3,0.00
i34,e03,c3,p25,l3,0.00
i34,e03,c3,p26,l3,0.00
i34,e03,c3,p28,l3,0.00
i34,e03,c3,p29,l3,0.00
i34,e03,c3,p30,l3,0.00
i34,e03,c3,p31,l3,0.00
i34,e03,c3,p32,l3,0.00
i34,e03,c3,p33,l3,0.00
i34,e03,c3,p35,l3,16.11
i34,e03,c5,p01,l3,7.18
i34,e03,c5,p02,l3,2.14
i34,e03,c5,p03,l3,30.08
i34,e03,c5,p04,l3,1.31
i34,e03,c5,p05,l3,5.07
i34,e03,c5,p06,l3,2.27
i34,e03,c5,p07,l3,3.54
i34,e03,c5,p08,l3,1.28
i34,e03,c5,p09,l3,11.94
i34,e03,c5,p10,l3,66.60
i34,e03,c5,p11,l3,12.39
i34,e03,c5,p12,l3,6.44
i34,e03,c5,p13,l3,5.68
i34,e03,c5,p14,l3,1.19
i34,e03,c5,p15,l3,25.21
i34,e03,c5,p16,l3,11.47
i34,e03,c5,p17,l3,7.13
i34,e03,c5,p18,l3,2.32
i34,e03,c5,p19,l3,31.11
i34,e03,c5,p20,l3,1.50
i34,e03,c5,p21,l3,14.62
i34,e03,c5,p22,l3,2.07
i34,e03,c5,p23,l3,0.00
i34,e03,c5,p24,l3,2.00
i34,e03,c5,p25,l3,0.00
i34,e03,c5,p26,l3,0.00
i34,e03,c5,p27,l3,0.00
i34,e03,c5,p28,l3,25.07
i34,e03,c5,p29,l3,0.00
i34,e03,c5,p30,l3,0.00
i34,e03,c5,p31,l3,0.00
i34,e03,c5,p32,l3,1.53
i34,e03,c5,p33,l3,0.00
i34,e03,c5,p35,l3,21.79
i34,e03,c8,p35,l3,0.00
i34,e04,c3,p01,l1,0.00
i34,e04,c3,p01,l3,0.00
i34,e04,c3,p02,l1,0.00
i34,e04,c3,p02,l3,0.00
i34,e04,c3,p03,l1,0.00
i34,e04,c3,p03,l3,0.00
i34,e04,c3,p04,l1,0.00
i34,e04,c3,p04,l3,0.00
i34,e04,c3,p05,l1,0.00
i34,e04,c3,p05,l3,2.76
i34,e04,c3,p06,l1,0.00
i34,e04,c3,p06,l3,0.00
i34,e04,c3,p07,l1,0.00
i34,e04,c3,p07,l3,0.00
i34,e04,c3,p08,l1,0.00
i34,e04,c3,p08,l3,0.00
i34,e04,c3,p09,l1,0.00
i34,e04,c3,p09,l3,0.00
i34,e04,c3,p10,l1,0.00
i34,e04,c3,p10,l3,1.27
i34,e04,c3,p11,l1,0.00
i34,e04,c3,p11,l3,0.00
i34,e04,c3,p12,l1,0.00
i34,e04,c3,p12,l3,5.17
i34,e04,c3,p13,l1,0.00
i34,e04,c3,p13,l3,0.00
i34,e04,c3,p14,l1,0.00
i34,e04,c3,p14,l3,1.28
i34,e04,c3,p15,l1,0.00
i34,e04,c3,p15,l3,0.00
i34,e04,c3,p16,l1,0.00
i34,e04,c3,p16,l3,0.00
i34,e04,c3,p17,l1,0.00
i34,e04,c3,p17,l3,0.00
i34,e04,c3,p18,l1,0.00
i34,e04,c3,p18,l3,3.31
i34,e04,c3,p19,l1,0.00
i34,e04,c3,p19,l3,0.00
i34,e04,c3,p20,l1,0.00
i34,e04,c3,p20,l3,1.33
i34,e04,c3,p21,l1,0.00
i34,e04,c3,p21,l3,2.59
i34,e04,c3,p22,l1,0.00
i34,e04,c3,p22,l3,0.00
i34,e04,c3,p23,l1,0.00
i34,e04,c3,p23,l3,0.00
i34,e04,c3,p24,l1,0.00
i34,e04,c3,p24,l3,5.54
i34,e04,c3,p25,l3,0.00
i34,e04,c3,p26,l1,0.00
i34,e04,c3,p26,l3,0.00
i34,e04,c3,p28,l1,0.00
i34,e04,c3,p28,l3,0.00
i34,e04,c3,p29,l1,0.00
i34,e04,c3,p29,l3,0.00
i34,e04,c3,p31,l1,0.00
i34,e04,c3,p31,l3,0.00
i34,e04,c3,p32,l1,0.00
i34,e04,c3,p32,l3,0.00
i34,e04,c3,p33,l3,0.00
i34,e04,c3,p35,l1,0.00
i34,e04,c3,p35,l3,3.40
i34,e04,c5,p01,l1,0.00
i34,e04,c5,p01,l3,10.67
i34,e04,c5,p02,l1,0.00
i34,e04,c5,p02,l3,7.06
i34,e04,c5,p03,l1,0.00
i34,e04,c5,p03,l3,0.00
i34,e04,c5,p04,l1,0.00
i34,e04,c5,p04,l3,2.05
i34,e04,c5,p05,l1,0.00
i34,e04,c5,p05,l3,1.51
i34,e04,c5,p06,l1,0.00
i34,e04,c5,p06,l3,0.00
i34,e04,c5,p07,l1,0.00
i34,e04,c5,p07,l3,0.00
i34,e04,c5,p08,l1,0.00
i34,e04,c5,p08,l3,0.00
i34,e04,c5,p09,l1,0.00
i34,e04,c5,p09,l3,0.00
i34,e04,c5,p10,l1,0.00
i34,e04,c5,p10,l3,6.89
i34,e04,c5,p11,l1,0.00
i34,e04,c5,p11,l3,0.00
i34,e04,c5,p12,l1,0.00
i34,e04,c5,p12,l3,0.00
i34,e04,c5,p13,l1,0.00
i34,e04,c5,p13,l3,0.00
i34,e04,c5,p14,l1,0.00
i34,e04,c5,p14,l3,0.00
i34,e04,c5,p15,l1,0.00
i34,e04,c5,p15,l3,0.00
i34,e04,c5,p16,l1,0.00
i34,e04,c5,p16,l3,3.49
i34,e04,c5,p17,l1,0.00
i34,e04,c5,p17,l3,11.74
i34,e04,c5,p18,l1,0.00
i34,e04,c5,p18,l3,0.00
i34,e04,c5,p19,l1,0.00
i34,e04,c5,p19,l3,7.52
i34,e04,c5,p20,l1,0.00
i34,e04,c5,p20,l3,6.06
i34,e04,c5,p21,l1,0.00
i34,e04,c5,p21,l3,4.12
i34,e04,c5,p22,l1,0.00
i34,e04,c5,p22,l3,0.00
i34,e04,c5,p23,l1,0.00
i34,e04,c5,p23,l3,0.00
i34,e04,c5,p24,l1,0.00
i34,e04,c5,p24,l3,1.20
i34,e04,c5,p25,l1,0.00
i34,e04,c5,p25,l3,0.00
i34,e04,c5,p26,l1,0.00
i34,e04,c5,p26,l3,0.00
i34,e04,c5,p27,l3,0.00
i34,e04,c5,p28,l1,0.00
i34,e04,c5,p28,l3,0.00
i34,e04,c5,p29,l1,0.00
i34,e04,c5,p29,l3,1.65
i34,e04,c5,p30,l1,0.00
i34,e04,c5,p30,l3,0.00
i34,e04,c5,p31,l1,0.00
i34,e04,c5,p31,l3,0.00
i34,e04,c5,p32,l1,0.00
i34,e04,c5,p32,l3,0.00
i34,e04,c5,p33,l1,0.00
i34,e04,c5,p33,l3,0.00
i34,e04,c5,p35,l1,0.00
i34,e04,c5,p35,l3,1.35
i34,e05,c3,p01,l3,0.00
i34,e05,c3,p02,l3,0.00
i34,e05,c3,p03,l3,0.00
i34,e05,c3,p04,l3,0.00
i34,e05,c3,p05,l1,0.00
i34,e05,c3,p05,l3,0.00
i34,e05,c3,p06,l3,0.00
i34,e05,c3,p07,l3,0.00
i34,e05,c3,p08,l1,0.00
i34,e05,c3,p08,l3,0.00
i34,e05,c3,p09,l3,0.00
i34,e05,c3,p10,l1,0.00
i34,e05,c3,p10,l3,0.00
i34,e05,c3,p11,l3,0.00
i34,e05,c3,p12,l1,0.00
i34,e05,c3,p12,l3,0.00
i34,e05,c3,p13,l3,0.00
i34,e05,c3,p14,l3,0.00
i34,e05,c3,p15,l3,0.00
i34,e05,c3,p16,l3,0.00
i34,e05,c3,p17,l3,0.00
i34,e05,c3,p18,l1,0.00
i34,e05,c3,p18,l3,0.00
i34,e05,c3,p19,l1,0.00
i34,e05,c3,p19,l3,0.00
i34,e05,c3,p21,l3,0.00
i34,e05,c3,p22,l3,0.00
i34,e05,c3,p24,l3,0.00
i34,e05,c3,p25,l3,0.00
i34,e05,c3,p28,l3,0.00
i34,e05,c3,p29,l3,0.00
i34,e05,c3,p32,l1,0.00
i34,e05,c3,p32,l3,0.00
i34,e05,c3,p35,l1,0.00
i34,e05,c3,p35,l3,0.00
i34,e05,c5,p01,l1,0.00
i34,e05,c5,p01,l3,0.00
i34,e05,c5,p02,l1,0.00
i34,e05,c5,p02,l3,0.00
i34,e05,c5,p03,l1,0.00
i34,e05,c5,p03,l3,0.00
i34,e05,c5,p04,l1,0.00
i34,e05,c5,p04,l3,0.00
i34,e05,c5,p05,l1,0.00
i34,e05,c5,p05,l3,0.00
i34,e05,c5,p06,l1,0.00
i34,e05,c5,p06,l3,0.00
i34,e05,c5,p07,l1,0.00
i34,e05,c5,p07,l3,0.00
i34,e05,c5,p08,l1,0.00
i34,e05,c5,p08,l3,0.00
i34,e05,c5,p09,l1,0.00
i34,e05,c5,p09,l3,0.00
i34,e05,c5,p10,l1,0.00
i34,e05,c5,p10,l3,1.79
i34,e05,c5,p11,l1,0.00
i34,e05,c5,p11,l3,0.00
i34,e05,c5,p12,l1,0.00
i34,e05,c5,p12,l3,0.00
i34,e05,c5,p13,l1,0.00
i34,e05,c5,p13,l3,0.00
i34,e05,c5,p14,l1,0.00
i34,e05,c5,p14,l3,0.00
i34,e05,c5,p15,l1,0.00
i34,e05,c5,p15,l3,0.00
i34,e05,c5,p16,l1,0.00
i34,e05,c5,p16,l3,0.00
i34,e05,c5,p17,l1,0.00
i34,e05,c5,p17,l3,0.00
i34,e05,c5,p18,l1,0.00
i34,e05,c5,p18,l3,0.00
i34,e05,c5,p19,l1,0.00
i34,e05,c5,p19,l3,0.00
i34,e05,c5,p20,l1,0.00
i34,e05,c5,p20,l3,0.00
i34,e05,c5,p21,l1,0.00
i34,e05,c5,p21,l3,0.00
i34,e05,c5,p22,l1,0.00
i34,e05,c5,p22,l3,0.00
i34,e05,c5,p23,l1,0.00
i34,e05,c5,p23,l3,0.00
i34,e05,c5,p24,l1,0.00
i34,e05,c5,p24,l3,0.00
i34,e05,c5,p25,l1,0.00
i34,e05,c5,p25,l3,0.00
i34,e05,c5,p26,l1,0.00
i34,e05,c5,p26,l3,0.00
i34,e05,c5,p28,l1,0.00
i34,e05,c5,p28,l3,0.00
i34,e05,c5,p29,l1,0.00
i34,e05,c5,p29,l3,0.00
i34,e05,c5,p30,l1,0.00
i34,e05,c5,p30,l3,0.00
i34,e05,c5,p31,l1,0.00
i34,e05,c5,p31,l3,0.00
i34,e05,c5,p32,l1,0.00
i34,e05,c5,p32,l3,0.00
i34,e05,c5,p33,l3,0.00
i34,e05,c5,p35,l1,0.00
i34,e05,c5,p35,l3,0.00
i34,e06,c5,p24,l3,0.00
i34,e07,c5,p10,l3,0.00
i34,e07,c5,p17,l3,0.00
i34,e07,c5,p19,l3,0.00
i34,e07,c5,p23,l3,0.00
i34,e07,c5,p35,l2,0.00
i34,e07,c5,p35,l3,0.00
i34,e08,c3,p01,l2,0.00
i34,e08,c3,p01,l3,0.00
i34,e08,c3,p02,l2,0.00
i34,e08,c3,p02,l3,0.00
i34,e08,c3,p03,l2,0.00
i34,e08,c3,p03,l3,0.00
i34,e08,c3,p04,l2,0.00
i34,e08,c3,p04,l3,0.00
i34,e08,c3,p05,l2,0.00
i34,e08,c3,p05,l3,1.71
i34,e08,c3,p06,l2,0.00
i34,e08,c3,p06,l3,0.00
i34,e08,c3,p07,l2,0.00
i34,e08,c3,p07,l3,0.00
i34,e08,c3,p08,l2,0.00
i34,e08,c3,p08,l3,0.00
i34,e08,c3,p09,l2,0.00
i34,e08,c3,p09,l3,0.00
i34,e08,c3,p10,l2,0.00
i34,e08,c3,p10,l3,0.00
i34,e08,c3,p11,l2,0.00
i34,e08,c3,p11,l3,0.00
i34,e08,c3,p12,l2,0.00
i34,e08,c3,p12,l3,0.00
i34,e08,c3,p13,l2,0.00
i34,e08,c3,p13,l3,0.00
i34,e08,c3,p14,l2,0.00
i34,e08,c3,p14,l3,0.00
i34,e08,c3,p15,l2,0.00
i34,e08,c3,p15,l3,0.00
i34,e08,c3,p16,l2,0.00
i34,e08,c3,p16,l3,0.00
i34,e08,c3,p17,l2,0.00
i34,e08,c3,p17,l3,0.00
i34,e08,c3,p18,l2,0.00
i34,e08,c3,p18,l3,0.00
i34,e08,c3,p19,l2,0.00
i34,e08,c3,p19,l3,0.00
i34,e08,c3,p20,l2,0.00
i34,e08,c3,p20,l3,0.00
i34,e08,c3,p21,l2,0.00
i34,e08,c3,p21,l3,1.68
i34,e08,c3,p22,l2,0.00
i34,e08,c3,p22,l3,0.00
i34,e08,c3,p23,l2,0.00
i34,e08,c3,p23,l3,0.00
i34,e08,c3,p24,l2,0.00
i34,e08,c3,p24,l3,2.20
i34,e08,c3,p25,l3,0.00
i34,e08,c3,p26,l3,0.00
i34,e08,c3,p28,l2,0.00
i34,e08,c3,p28,l3,0.00
i34,e08,c3,p29,l2,0.00
i34,e08,c3,p29,l3,0.00
i34,e08,c3,p31,l2,0.00
i34,e08,c3,p31,l3,0.00
i34,e08,c3,p32,l2,0.00
i34,e08,c3,p32,l3,0.00
i34,e08,c3,p33,l3,0.00
i34,e08,c3,p35,l2,0.00
i34,e08,c3,p35,l3,0.00
i34,e08,c5,p01,l2,0.00
i34,e08,c5,p01,l3,10.43
i34,e08,c5,p02,l2,0.00
i34,e08,c5,p02,l3,7.31
i34,e08,c5,p03,l2,0.00
i34,e08,c5,p03,l3,1.17
i34,e08,c5,p04,l2,0.00
i34,e08,c5,p04,l3,0.00
i34,e08,c5,p05,l2,0.00
i34,e08,c5,p05,l3,0.00
i34,e08,c5,p06,l2,0.00
i34,e08,c5,p06,l3,0.00
i34,e08,c5,p07,l2,0.00
i34,e08,c5,p07,l3,0.00
i34,e08,c5,p08,l2,0.00
i34,e08,c5,p08,l3,0.00
i34,e08,c5,p09,l2,0.00
i34,e08,c5,p09,l3,0.00
i34,e08,c5,p10,l2,0.00
i34,e08,c5,p10,l3,15.49
i34,e08,c5,p11,l2,0.00
i34,e08,c5,p11,l3,0.00
i34,e08,c5,p12,l2,0.00
i34,e08,c5,p12,l3,2.41
i34,e08,c5,p13,l2,0.00
i34,e08,c5,p13,l3,0.00
i34,e08,c5,p14,l2,0.00
i34,e08,c5,p14,l3,2.28
i34,e08,c5,p15,l2,0.00
i34,e08,c5,p15,l3,0.00
i34,e08,c5,p16,l2,0.00
i34,e08,c5,p16,l3,6.77
i34,e08,c5,p17,l2,0.00
i34,e08,c5,p17,l3,17.92
i34,e08,c5,p18,l2,0.00
i34,e08,c5,p18,l3,0.00
i34,e08,c5,p19,l2,0.00
i34,e08,c5,p19,l3,15.51
i34,e08,c5,p20,l2,0.00
i34,e08,c5,p20,l3,9.83
i34,e08,c5,p21,l2,0.00
i34,e08,c5,p21,l3,0.00
i34,e08,c5,p22,l2,0.00
i34,e08,c5,p22,l3,0.00
i34,e08,c5,p23,l2,0.00
i34,e08,c5,p23,l3,0.00
i34,e08,c5,p24,l2,0.00
i34,e08,c5,p24,l3,0.00
i34,e08,c5,p25,l2,0.00
i34,e08,c5,p25,l3,0.00
i34,e08,c5,p26,l2,0.00
i34,e08,c5,p26,l3,0.00
i34,e08,c5,p27,l3,0.00
i34,e08,c5,p28,l2,0.00
i34,e08,c5,p28,l3,0.00
i34,e08,c5,p29,l2,0.00
i34,e08,c5,p29,l3,0.00
i34,e08,c5,p30,l2,0.00
i34,e08,c5,p30,l3,0.00
i34,e08,c5,p31,l2,0.00
i34,e08,c5,p31,l3,0.00
i34,e08,c5,p32,l2,0.00
i34,e08,c5,p32,l3,0.00
i34,e08,c5,p33,l2,0.00
i34,e08,c5,p33,l3,0.00
i34,e08,c5,p35,l2,0.00
i34,e08,c5,p35,l3,3.28
i34,e09,c3,p01,l2,0.00
i34,e09,c3,p01,l3,0.00
i34,e09,c3,p02,l2,0.00
i34,e09,c3,p02,l3,0.00
i34,e09,c3,p03,l2,0.00
i34,e09,c3,p03,l3,0.00
i34,e09,c3,p04,l2,0.00
i34,e09,c3,p04,l3,0.00
i34,e09,c3,p05,l2,0.00
i34,e09,c3,p05,l3,0.00
i34,e09,c3,p06,l2,0.00
i34,e09,c3,p06,l3,0.00
i34,e09,c3,p07,l2,0.00
i34,e09,c3,p07,l3,0.00
i34,e09,c3,p08,l2,0.00
i34,e09,c3,p08,l3,0.00
i34,e09,c3,p09,l2,0.00
i34,e09,c3,p09,l3,0.00
i34,e09,c3,p10,l2,0.00
i34,e09,c3,p10,l3,0.00
i34,e09,c3,p11,l2,0.00
i34,e09,c3,p11,l3,0.00
i34,e09,c3,p12,l2,0.00
i34,e09,c3,p12,l3,4.54
i34,e09,c3,p13,l2,0.00
i34,e09,c3,p13,l3,0.00
i34,e09,c3,p14,l2,0.00
i34,e09,c3,p14,l3,0.00
i34,e09,c3,p15,l2,0.00
i34,e09,c3,p15,l3,0.00
i34,e09,c3,p16,l2,0.00
i34,e09,c3,p16,l3,0.00
i34,e09,c3,p17,l2,0.00
i34,e09,c3,p17,l3,0.00
i34,e09,c3,p18,l2,0.00
i34,e09,c3,p18,l3,0.00
i34,e09,c3,p19,l2,0.00
i34,e09,c3,p19,l3,0.00
i34,e09,c3,p20,l3,1.70
i34,e09,c3,p21,l2,0.00
i34,e09,c3,p21,l3,0.00
i34,e09,c3,p22,l2,0.00
i34,e09,c3,p22,l3,0.00
i34,e09,c3,p23,l2,0.00
i34,e09,c3,p23,l3,0.00
i34,e09,c3,p24,l2,0.00
i34,e09,c3,p24,l3,1.61
i34,e09,c3,p25,l3,0.00
i34,e09,c3,p26,l3,0.00
i34,e09,c3,p28,l2,0.00
i34,e09,c3,p28,l3,0.00
i34,e09,c3,p29,l2,0.00
i34,e09,c3,p29,l3,0.00
i34,e09,c3,p31,l3,0.00
i34,e09,c3,p32,l2,0.00
i34,e09,c3,p32,l3,0.00
i34,e09,c3,p33,l3,0.00
i34,e09,c3,p35,l2,0.00
i34,e09,c3,p35,l3,4.15
i34,e09,c5,p01,l2,0.00
i34,e09,c5,p01,l3,4.21
i34,e09,c5,p02,l2,0.00
i34,e09,c5,p02,l3,0.00
i34,e09,c5,p03,l2,0.00
i34,e09,c5,p03,l3,0.00
i34,e09,c5,p04,l2,0.00
i34,e09,c5,p04,l3,0.00
i34,e09,c5,p05,l2,0.00
i34,e09,c5,p05,l3,0.00
i34,e09,c5,p06,l2,0.00
i34,e09,c5,p06,l3,0.00
i34,e09,c5,p07,l2,0.00
i34,e09,c5,p07,l3,0.00
i34,e09,c5,p08,l2,0.00
i34,e09,c5,p08,l3,0.00
i34,e09,c5,p09,l2,0.00
i34,e09,c5,p09,l3,0.00
i34,e09,c5,p10,l2,0.00
i34,e09,c5,p10,l3,7.09
i34,e09,c5,p11,l2,0.00
i34,e09,c5,p11,l3,0.00
i34,e09,c5,p12,l2,0.00
i34,e09,c5,p12,l3,0.00
i34,e09,c5,p13,l2,0.00
i34,e09,c5,p13,l3,0.00
i34,e09,c5,p14,l2,0.00
i34,e09,c5,p14,l3,1.13
i34,e09,c5,p15,l2,0.00
i34,e09,c5,p15,l3,0.00
i34,e09,c5,p16,l2,0.00
i34,e09,c5,p16,l3,2.25
i34,e09,c5,p17,l2,0.00
i34,e09,c5,p17,l3,3.24
i34,e09,c5,p18,l2,0.00
i34,e09,c5,p18,l3,0.00
i34,e09,c5,p19,l2,0.00
i34,e09,c5,p19,l3,1.61
i34,e09,c5,p20,l2,0.00
i34,e09,c5,p20,l3,0.00
i34,e09,c5,p21,l2,0.00
i34,e09,c5,p21,l3,4.64
i34,e09,c5,p22,l2,0.00
i34,e09,c5,p22,l3,0.00
i34,e09,c5,p23,l2,0.00
i34,e09,c5,p23,l3,0.00
i34,e09,c5,p24,l2,0.00
i34,e09,c5,p24,l3,0.00
i34,e09,c5,p25,l2,0.00
i34,e09,c5,p25,l3,0.00
i34,e09,c5,p26,l2,0.00
i34,e09,c5,p26,l3,0.00
i34,e09,c5,p27,l3,0.00
i34,e09,c5,p28,l2,0.00
i34,e09,c5,p28,l3,0.00
i34,e09,c5,p29,l2,0.00
i34,e09,c5,p29,l3,0.00
i34,e09,c5,p30,l2,0.00
i34,e09,c5,p30,l3,0.00
i34,e09,c5,p31,l2,0.00
i34,e09,c5,p31,l3,0.00
i34,e09,c5,p32,l2,0.00
i34,e09,c5,p32,l3,0.00
i34,e09,c5,p33,l2,0.00
i34,e09,c5,p33,l3,0.00
i34,e09,c5,p35,l2,0.00
i34,e09,c5,p35,l3,0.00
i34,e11,c3,p07,l3,0.00
i34,e11,c3,p11,l3,0.00
i34,e11,c3,p12,l3,0.00
i34,e11,c3,p14,l3,0.00
i34,e11,c3,p15,l3,0.00
i34,e11,c3,p23,l3,0.00
i34,e11,c3,p25,l3,0.00
i34,e11,c3,p35,l3,0.00
i34,e11,c5,p01,l2,0.00
i34,e11,c5,p01,l3,0.00
i34,e11,c5,p02,l2,0.00
i34,e11,c5,p02,l3,0.00
i34,e11,c5,p03,l2,0.00
i34,e11,c5,p03,l3,0.00
i34,e11,c5,p04,l3,0.00
i34,e11,c5,p05,l3,0.00
i34,e11,c5,p06,l3,0.00
i34,e11,c5,p07,l3,0.00
i34,e11,c5,p08,l3,0.00
i34,e11,c5,p09,l3,0.00
i34,e11,c5,p10,l2,0.00
i34,e11,c5,p10,l3,0.00
i34,e11,c5,p11,l2,0.00
i34,e11,c5,p11,l3,0.00
i34,e11,c5,p12,l3,0.00
i34,e11,c5,p13,l2,0.00
i34,e11,c5,p13,l3,0.00
i34,e11,c5,p14,l3,0.00
i34,e11,c5,p15,l3,0.00
i34,e11,c5,p16,l3,0.00
i34,e11,c5,p17,l3,0.00
i34,e11,c5,p18,l3,0.00
i34,e11,c5,p19,l2,0.00
i34,e11,c5,p19,l3,0.00
i34,e11,c5,p20,l3,0.00
i34,e11,c5,p21,l2,0.00
i34,e11,c5,p21,l3,0.00
i34,e11,c5,p22,l3,0.00
i34,e11,c5,p23,l3,0.00
i34,e11,c5,p24,l3,0.00
i34,e11,c5,p29,l3,0.00
i34,e11,c5,p31,l2,0.00
i34,e11,c5,p31,l3,0.00
i34,e11,c5,p32,l3,0.00
i34,e11,c5,p35,l2,0.00
i34,e11,c5,p35,l3,0.00
i34,e12,c3,p11,l3,0.00
i34,e12,c3,p14,l3,0.00
i34,e12,c3,p16,l3,0.00
i34,e12,c3,p24,l3,0.00
i34,e12,c3,p35,l3,0.00
i34,e12,c5,p01,l3,0.00
i34,e12,c5,p02,l3,0.00
i34,e12,c5,p03,l3,0.00
i34,e12,c5,p04,l3,0.00
i34,e12,c5,p05,l3,0.00
i34,e12,c5,p06,l3,0.00
i34,e12,c5,p07,l3,0.00
i34,e12,c5,p08,l3,0.00
i34,e12,c5,p09,l3,0.00
i34,e12,c5,p10,l3,0.00
i34,e12,c5,p11,l3,0.00
i34,e12,c5,p12,l3,0.00
i34,e12,c5,p13,l3,0.00
i34,e12,c5,p14,l3,0.00
i34,e12,c5,p15,l3,0.00
i34,e12,c5,p16,l3,0.00
i34,e12,c5,p17,l3,0.00
i34,e12,c5,p18,l3,0.00
i34,e12,c5,p19,l3,0.00
i34,e12,c5,p21,l3,0.00
i34,e12,c5,p22,l3,0.00
i34,e12,c5,p23,l3,0.00
i34,e12,c5,p24,l3,0.00
i34,e12,c5,p25,l3,0.00
i34,e12,c5,p26,l3,0.00
i34,e12,c5,p28,l3,0.00
i34,e12,c5,p29,l3,0.00
i34,e12,c5,p31,l3,0.00
i34,e12,c5,p32,l3,0.00
i34,e12,c5,p35,l3,0.00
i34,e13,c3,p01,l3,0.00
i34,e13,c3,p02,l3,0.00
i34,e13,c3,p03,l3,0.00
i34,e13,c3,p04,l3,0.00
i34,e13,c3,p05,l3,0.00
i34,e13,c3,p06,l3,0.00
i34,e13,c3,p07,l3,0.00
i34,e13,c3,p08,l3,0.00
i34,e13,c3,p09,l3,0.00
i34,e13,c3,p10,l3,0.00
i34,e13,c3,p11,l3,0.00
i34,e13,c3,p12,l3,0.00
i34,e13,c3,p13,l3,0.00
i34,e13,c3,p14,l3,0.00
i34,e13,c3,p15,l3,0.00
i34,e13,c3,p16,l3,0.00
i34,e13,c3,p17,l3,0.00
i34,e13,c3,p18,l3,0.00
i34,e13,c3,p19,l3,0.00
i34,e13,c3,p20,l3,0.00
i34,e13,c3,p21,l3,0.00
i34,e13,c3,p22,l3,0.00
i34,e13,c3,p23,l3,0.00
i34,e13,c3,p24,l3,0.00
i34,e13,c3,p25,l3,0.00
i34,e13,c3,p26,l3,0.00
i34,e13,c3,p28,l3,0.00
i34,e13,c3,p29,l3,0.00
i34,e13,c3,p31,l3,0.00
i34,e13,c3,p32,l3,0.00
i34,e13,c3,p35,l3,0.00
i34,e13,c5,p01,l3,0.00
i34,e13,c5,p02,l3,0.00
i34,e13,c5,p03,l3,0.00
i34,e13,c5,p04,l3,0.00
i34,e13,c5,p05,l3,0.00
i34,e13,c5,p06,l3,0.00
i34,e13,c5,p07,l3,0.00
i34,e13,c5,p08,l3,0.00
i34,e13,c5,p09,l3,0.00
i34,e13,c5,p10,l3,0.00
i34,e13,c5,p11,l3,0.00
i34,e13,c5,p12,l3,0.00
i34,e13,c5,p13,l3,0.00
i34,e13,c5,p14,l3,0.00
i34,e13,c5,p15,l3,0.00
i34,e13,c5,p16,l3,0.00
i34,e13,c5,p17,l3,0.00
i34,e13,c5,p18,l3,0.00
i34,e13,c5,p19,l3,0.00
i34,e13,c5,p20,l3,0.00
i34,e13,c5,p21,l3,0.00
i34,e13,c5,p22,l3,0.00
i34,e13,c5,p23,l3,0.00
i34,e13,c5,p24,l3,0.00
i34,e13,c5,p25,l3,0.00
i34,e13,c5,p26,l3,0.00
i34,e13,c5,p27,l3,0.00
i34,e13,c5,p28,l3,0.00
i34,e13,c5,p29,l3,0.00
i34,e13,c5,p30,l3,0.00
i34,e13,c5,p31,l3,0.00
i34,e13,c5,p32,l3,0.00
i34,e13,c5,p33,l3,0.00
i34,e13,c5,p35,l3,0.00
i35,e01,c2,p35,l3,0.00
i35,e04,c2,p35,l1,0.00
i35,e04,c2,p35,l3,0.00
i35,e09,c2,p35,l2,0.00
i35,e09,c2,p35,l3,0.00
i36,e01,c3,p35,l3,0.00
i36,e01,c5,p03,l3,0.00
i36,e01,c5,p10,l3,0.00
i36,e01,c5,p22,l3,0.00
i36,e01,c5,p25,l3,0.00
i36,e01,c5,p35,l3,0.00
i36,e02,c3,p35,l3,0.00
i36,e02,c5,p10,l3,0.00
i36,e02,c5,p35,l1,0.00
i36,e02,c5,p35,l3,0.00
i36,e03,c3,p35,l3,0.00
i36,e03,c5,p10,l3,0.00
i36,e03,c5,p35,l3,0.00
i36,e04,c3,p35,l1,0.00
i36,e04,c3,p35,l3,0.00
i36,e04,c5,p03,l3,0.00
i36,e04,c5,p10,l3,0.00
i36,e04,c5,p22,l3,0.00
i36,e04,c5,p25,l3,0.00
i36,e04,c5,p35,l1,0.00
i36,e04,c5,p35,l3,4.26
i36,e05,c3,p35,l1,0.00
i36,e05,c3,p35,l3,0.00
i36,e05,c5,p35,l1,0.00
i36,e05,c5,p35,l3,0.00
i36,e07,c5,p35,l3,0.00
i36,e08,c3,p35,l2,0.00
i36,e08,c3,p35,l3,0.00
i36,e08,c5,p03,l3,0.00
i36,e08,c5,p10,l3,0.00
i36,e08,c5,p12,l3,0.00
i36,e08,c5,p22,l3,0.00
i36,e08,c5,p25,l2,0.00
i36,e08,c5,p25,l3,0.00
i36,e08,c5,p35,l2,0.00
i36,e08,c5,p35,l3,4.27
i36,e09,c3,p35,l2,0.00
i36,e09,c3,p35,l3,0.00
i36,e09,c5,p03,l3,0.00
i36,e09,c5,p10,l3,0.00
i36,e09,c5,p12,l3,0.00
i36,e09,c5,p22,l3,0.00
i36,e09,c5,p25,l2,0.00
i36,e09,c5,p25,l3,0.00
i36,e09,c5,p35,l2,0.00
i36,e09,c5,p35,l3,0.00
i36,e11,c3,p35,l2,0.00
i36,e11,c3,p35,l3,0.00
i36,e11,c5,p03,l3,0.00
i36,e11,c5,p12,l3,0.00
i36,e11,c5,p25,l2,0.00
i36,e11,c5,p25,l3,0.00
i36,e11,c5,p35,l2,0.00
i36,e11,c5,p35,l3,0.00
i36,e12,c3,p35,l3,0.00
i36,e12,c5,p22,l3,0.00
i36,e12,c5,p25,l3,0.00
i36,e12,c5,p35,l3,0.00
i36,e13,c5,p10,l3,0.00
i36,e13,c5,p35,l3,0.00
i37,e01,c3,p33,l3,0.00
i37,e01,c3,p35,l3,0.00
i37,e01,c5,p09,l3,0.00
i37,e01,c5,p10,l3,0.00
i37,e01,c5,p11,l3,0.00
i37,e01,c5,p13,l3,0.00
i37,e01,c5,p15,l3,0.00
i37,e01,c5,p19,l3,0.00
i37,e01,c5,p33,l3,0.00
i37,e01,c5,p35,l3,0.00
i37,e02,c5,p33,l3,0.00
i37,e03,c3,p33,l3,0.00
i37,e03,c5,p01,l3,0.00
i37,e03,c5,p10,l3,0.00
i37,e03,c5,p11,l3,0.00
i37,e03,c5,p13,l3,0.00
i37,e03,c5,p15,l3,0.00
i37,e03,c5,p17,l3,0.00
i37,e03,c5,p18,l3,0.00
i37,e03,c5,p19,l3,0.00
i37,e03,c5,p33,l3,0.00
i37,e03,c5,p35,l3,0.00
i37,e04,c3,p19,l3,0.00
i37,e04,c3,p33,l3,0.00
i37,e04,c5,p09,l3,0.00
i37,e04,c5,p10,l3,0.00
i37,e04,c5,p11,l3,0.00
i37,e04,c5,p13,l3,0.00
i37,e04,c5,p18,l3,0.00
i37,e04,c5,p19,l3,0.00
i37,e04,c5,p33,l3,0.00
i37,e04,c5,p35,l3,0.00
i37,e05,c3,p35,l3,0.00
i37,e05,c5,p01,l3,0.00
i37,e05,c5,p10,l3,0.00
i37,e05,c5,p11,l3,0.00
i37,e05,c5,p13,l3,0.00
i37,e05,c5,p17,l3,0.00
i37,e05,c5,p19,l3,0.00
i37,e05,c5,p33,l3,0.00
i37,e05,c5,p35,l3,0.00
i37,e07,c5,p33,l3,0.00
i37,e08,c3,p19,l3,0.00
i37,e08,c3,p33,l3,0.00
i37,e08,c3,p35,l3,0.00
i37,e08,c5,p01,l3,0.00
i37,e08,c5,p03,l3,0.00
i37,e08,c5,p08,l3,0.00
i37,e08,c5,p09,l3,0.00
i37,e08,c5,p10,l3,0.00
i37,e08,c5,p11,l3,0.00
i37,e08,c5,p13,l3,0.00
i37,e08,c5,p15,l3,0.00
i37,e08,c5,p17,l3,0.00
i37,e08,c5,p19,l3,0.00
i37,e08,c5,p29,l3,0.00
i37,e08,c5,p33,l3,0.00
i37,e08,c5,p35,l3,0.00
i37,e09,c3,p19,l3,0.00
i37,e09,c3,p33,l3,0.00
i37,e09,c3,p35,l3,0.00
i37,e09,c5,p09,l3,0.00
i37,e09,c5,p10,l3,0.00
i37,e09,c5,p11,l3,0.00
i37,e09,c5,p13,l3,0.00
i37,e09,c5,p15,l3,0.00
i37,e09,c5,p17,l3,0.00
i37,e09,c5,p18,l3,0.00
i37,e09,c5,p19,l3,0.00
i37,e09,c5,p33,l3,0.00
i37,e09,c5,p35,l3,0.00
i37,e10,c3,p19,l3,0.00
i37,e10,c3,p33,l3,0.00
i37,e10,c3,p35,l3,0.00
i37,e10,c5,p01,l3,0.00
i37,e10,c5,p03,l3,0.00
i37,e10,c5,p08,l3,0.00
i37,e10,c5,p09,l3,0.00
i37,e10,c5,p10,l3,0.00
i37,e10,c5,p11,l3,0.00
i37,e10,c5,p13,l3,0.00
i37,e10,c5,p15,l3,0.00
i37,e10,c5,p17,l3,0.00
i37,e10,c5,p18,l3,0.00
i37,e10,c5,p19,l3,0.00
i37,e10,c5,p21,l3,0.00
i37,e10,c5,p29,l3,0.00
i37,e10,c5,p33,l3,0.00
i37,e10,c5,p35,l3,0.00
i37,e11,c3,p33,l3,0.00
i37,e11,c5,p01,l3,0.00
i37,e11,c5,p10,l3,0.00
i37,e11,c5,p11,l3,0.00
i37,e11,c5,p19,l3,0.00
i37,e11,c5,p33,l3,0.00
i37,e11,c5,p35,l3,0.00
i37,e12,c3,p33,l3,0.00
i37,e12,c5,p10,l3,0.00
i37,e12,c5,p19,l3,0.00
i37,e12,c5,p33,l3,0.00
i37,e12,c5,p35,l3,0.00
i38,e01,c1,p01,l2,0.00
i38,e01,c1,p01,l3,15.70
i38,e01,c1,p01,l4,0.00
i38,e01,c1,p02,l2,0.00
i38,e01,c1,p02,l3,2.31
i38,e01,c1,p02,l4,0.00
i38,e01,c1,p03,l2,0.00
i38,e01,c1,p03,l3,10.19
i38,e01,c1,p03,l4,0.00
i38,e01,c1,p04,l2,0.00
i38,e01,c1,p04,l3,7.56
i38,e01,c1,p04,l4,0.00
i38,e01,c1,p05,l2,0.00
i38,e01,c1,p05,l3,6.37
i38,e01,c1,p05,l4,0.00
i38,e01,c1,p06,l2,0.00
i38,e01,c1,p06,l3,0.00
i38,e01,c1,p06,l4,0.00
i38,e01,c1,p07,l2,0.00
i38,e01,c1,p07,l3,11.35
i38,e01,c1,p07,l4,0.00
i38,e01,c1,p08,l2,0.00
i38,e01,c1,p08,l3,0.00
i38,e01,c1,p08,l4,0.00
i38,e01,c1,p09,l2,0.00
i38,e01,c1,p09,l3,0.00
i38,e01,c1,p09,l4,0.00
i38,e01,c1,p10,l2,0.00
i38,e01,c1,p10,l3,39.68
i38,e01,c1,p10,l4,0.00
i38,e01,c1,p11,l2,0.00
i38,e01,c1,p11,l3,4.11
i38,e01,c1,p11,l4,0.00
i38,e01,c1,p12,l2,0.00
i38,e01,c1,p12,l3,6.27
i38,e01,c1,p12,l4,0.00
i38,e01,c1,p13,l2,0.00
i38,e01,c1,p13,l3,47.79
i38,e01,c1,p13,l4,0.00
i38,e01,c1,p14,l2,0.00
i38,e01,c1,p14,l3,0.00
i38,e01,c1,p14,l4,0.00
i38,e01,c1,p15,l2,0.00
i38,e01,c1,p15,l3,0.00
i38,e01,c1,p15,l4,0.00
i38,e01,c1,p16,l2,0.00
i38,e01,c1,p16,l3,3.10
i38,e01,c1,p16,l4,0.00
i38,e01,c1,p17,l2,0.00
i38,e01,c1,p17,l3,0.00
i38,e01,c1,p17,l4,0.00
i38,e01,c1,p18,l2,0.00
i38,e01,c1,p18,l3,1.24
i38,e01,c1,p18,l4,0.00
i38,e01,c1,p19,l2,0.00
i38,e01,c1,p19,l3,32.44
i38,e01,c1,p19,l4,0.00
i38,e01,c1,p20,l2,0.00
i38,e01,c1,p20,l3,0.00
i38,e01,c1,p20,l4,0.00
i38,e01,c1,p21,l2,0.00
i38,e01,c1,p21,l3,0.00
i38,e01,c1,p21,l4,0.00
i38,e01,c1,p22,l2,0.00
i38,e01,c1,p22,l3,9.10
i38,e01,c1,p22,l4,0.00
i38,e01,c1,p23,l2,0.00
i38,e01,c1,p23,l3,0.00
i38,e01,c1,p23,l4,0.00
i38,e01,c1,p24,l2,0.00
i38,e01,c1,p24,l3,2.06
i38,e01,c1,p24,l4,0.00
i38,e01,c1,p25,l2,0.00
i38,e01,c1,p25,l3,2.03
i38,e01,c1,p25,l4,0.00
i38,e01,c1,p26,l2,0.00
i38,e01,c1,p26,l3,0.00
i38,e01,c1,p26,l4,0.00
i38,e01,c1,p27,l3,0.00
i38,e01,c1,p28,l2,0.00
i38,e01,c1,p28,l3,0.00
i38,e01,c1,p28,l4,0.00
i38,e01,c1,p29,l2,0.00
i38,e01,c1,p29,l3,0.00
i38,e01,c1,p29,l4,0.00
i38,e01,c1,p30,l2,0.00
i38,e01,c1,p30,l3,0.00
i38,e01,c1,p30,l4,0.00
i38,e01,c1,p31,l2,0.00
i38,e01,c1,p31,l3,0.00
i38,e01,c1,p31,l4,0.00
i38,e01,c1,p32,l2,0.00
i38,e01,c1,p32,l3,1.01
i38,e01,c1,p32,l4,0.00
i38,e01,c1,p33,l2,0.00
i38,e01,c1,p33,l3,0.00
i38,e01,c1,p33,l4,0.00
i38,e01,c1,p34,l3,0.00
i38,e01,c1,p34,l4,0.00
i38,e01,c1,p35,l2,0.00
i38,e01,c1,p35,l3,1.23
i38,e01,c1,p35,l4,0.00
i38,e01,c4,p01,l2,0.00
i38,e01,c4,p01,l3,0.00
i38,e01,c4,p01,l4,0.00
i38,e01,c4,p02,l2,0.00
i38,e01,c4,p02,l3,0.00
i38,e01,c4,p02,l4,0.00
i38,e01,c4,p03,l2,0.00
i38,e01,c4,p03,l3,0.00
i38,e01,c4,p03,l4,0.00
i38,e01,c4,p04,l2,0.00
i38,e01,c4,p04,l3,0.00
i38,e01,c4,p04,l4,0.00
i38,e01,c4,p05,l2,0.00
i38,e01,c4,p05,l3,0.00
i38,e01,c4,p05,l4,0.00
i38,e01,c4,p06,l2,0.00
i38,e01,c4,p06,l3,0.00
i38,e01,c4,p06,l4,0.00
i38,e01,c4,p07,l2,0.00
i38,e01,c4,p07,l3,0.00
i38,e01,c4,p07,l4,0.00
i38,e01,c4,p08,l3,0.00
i38,e01,c4,p08,l4,0.00
i38,e01,c4,p09,l3,1.11
i38,e01,c4,p09,l4,0.00
i38,e01,c4,p10,l2,0.00
i38,e01,c4,p10,l3,0.00
i38,e01,c4,p10,l4,0.00
i38,e01,c4,p11,l2,0.00
i38,e01,c4,p11,l3,0.00
i38,e01,c4,p11,l4,0.00
i38,e01,c4,p12,l2,0.00
i38,e01,c4,p12,l3,17.40
i38,e01,c4,p12,l4,0.00
i38,e01,c4,p13,l2,0.00
i38,e01,c4,p13,l3,0.00
i38,e01,c4,p13,l4,0.00
i38,e01,c4,p14,l3,0.00
i38,e01,c4,p14,l4,0.00
i38,e01,c4,p15,l2,0.00
i38,e01,c4,p15,l3,0.00
i38,e01,c4,p15,l4,0.00
i38,e01,c4,p16,l3,0.00
i38,e01,c4,p16,l4,0.00
i38,e01,c4,p17,l2,0.00
i38,e01,c4,p17,l3,0.00
i38,e01,c4,p17,l4,0.00
i38,e01,c4,p18,l2,0.00
i38,e01,c4,p18,l3,0.00
i38,e01,c4,p18,l4,0.00
i38,e01,c4,p19,l2,0.00
i38,e01,c4,p19,l3,0.00
i38,e01,c4,p19,l4,0.00
i38,e01,c4,p20,l2,0.00
i38,e01,c4,p20,l3,0.00
i38,e01,c4,p20,l4,0.00
i38,e01,c4,p21,l2,0.00
i38,e01,c4,p21,l3,0.00
i38,e01,c4,p21,l4,0.00
i38,e01,c4,p22,l2,0.00
i38,e01,c4,p22,l3,0.00
i38,e01,c4,p22,l4,0.00
i38,e01,c4,p23,l2,0.00
i38,e01,c4,p23,l3,0.00
i38,e01,c4,p23,l4,0.00
i38,e01,c4,p24,l3,0.00
i38,e01,c4,p24,l4,0.00
i38,e01,c4,p25,l2,0.00
i38,e01,c4,p25,l3,0.00
i38,e01,c4,p25,l4,0.00
i38,e01,c4,p26,l3,0.00
i38,e01,c4,p26,l4,0.00
i38,e01,c4,p27,l3,0.00
i38,e01,c4,p28,l2,0.00
i38,e01,c4,p28,l3,0.00
i38,e01,c4,p28,l4,0.00
i38,e01,c4,p29,l2,0.00
i38,e01,c4,p29,l3,0.00
i38,e01,c4,p29,l4,0.00
i38,e01,c4,p30,l3,0.00
i38,e01,c4,p31,l3,0.00
i38,e01,c4,p31,l4,0.00
i38,e01,c4,p32,l3,0.00
i38,e01,c4,p32,l4,0.00
i38,e01,c4,p33,l3,0.00
i38,e01,c4,p33,l4,0.00
i38,e01,c4,p34,l3,0.00
i38,e01,c4,p35,l3,0.00
i38,e01,c4,p35,l4,0.00
i38,e01,c7,p01,l3,0.00
i38,e01,c7,p02,l3,0.00
i38,e01,c7,p03,l3,0.00
i38,e01,c7,p04,l3,0.00
i38,e01,c7,p05,l3,0.00
i38,e01,c7,p06,l3,0.00
i38,e01,c7,p07,l3,0.00
i38,e01,c7,p07,l4,0.00
i38,e01,c7,p08,l3,0.00
i38,e01,c7,p09,l3,0.00
i38,e01,c7,p10,l3,0.00
i38,e01,c7,p10,l4,0.00
i38,e01,c7,p11,l3,0.00
i38,e01,c7,p12,l3,0.00
i38,e01,c7,p13,l3,0.00
i38,e01,c7,p14,l3,0.00
i38,e01,c7,p15,l3,0.00
i38,e01,c7,p16,l3,0.00
i38,e01,c7,p17,l3,0.00
i38,e01,c7,p18,l3,0.00
i38,e01,c7,p19,l3,0.00
i38,e01,c7,p20,l3,0.00
i38,e01,c7,p21,l3,0.00
i38,e01,c7,p21,l4,0.00
i38,e01,c7,p22,l3,0.00
i38,e01,c7,p23,l3,0.00
i38,e01,c7,p24,l3,0.00
i38,e01,c7,p25,l3,0.00
i38,e01,c7,p26,l3,0.00
i38,e01,c7,p28,l3,0.00
i38,e01,c7,p28,l4,0.00
i38,e01,c7,p29,l3,0.00
i38,e01,c7,p31,l3,0.00
i38,e01,c7,p32,l3,0.00
i38,e01,c7,p34,l3,0.00
i38,e01,c7,p35,l3,0.00
i38,e01,c8,p01,l3,0.00
i38,e01,c8,p01,l4,0.00
i38,e01,c8,p02,l3,0.00
i38,e01,c8,p05,l3,0.00
i38,e01,c8,p06,l3,0.00
i38,e01,c8,p06,l4,0.00
i38,e01,c8,p07,l3,0.00
i38,e01,c8,p07,l4,0.00
i38,e01,c8,p09,l3,0.00
i38,e01,c8,p10,l2,0.00
i38,e01,c8,p10,l3,0.00
i38,e01,c8,p10,l4,0.00
i38,e01,c8,p11,l3,0.00
i38,e01,c8,p11,l4,0.00
i38,e01,c8,p12,l3,0.00
i38,e01,c8,p12,l4,0.00
i38,e01,c8,p13,l3,0.00
i38,e01,c8,p14,l3,0.00
i38,e01,c8,p15,l3,0.00
i38,e01,c8,p15,l4,0.00
i38,e01,c8,p16,l3,0.00
i38,e01,c8,p16,l4,0.00
i38,e01,c8,p19,l3,0.00
i38,e01,c8,p20,l3,0.00
i38,e01,c8,p21,l3,0.00
i38,e01,c8,p23,l3,0.00
i38,e01,c8,p23,l4,0.00
i38,e01,c8,p24,l3,0.00
i38,e01,c8,p28,l3,0.00
i38,e01,c8,p28,l4,0.00
i38,e01,c8,p29,l3,0.00
i38,e01,c8,p31,l3,0.00
i38,e04,c1,p01,l1,0.00
i38,e04,c1,p01,l2,0.00
i38,e04,c1,p01,l3,17.74
i38,e04,c1,p01,l4,0.00
i38,e04,c1,p02,l1,0.00
i38,e04,c1,p02,l2,0.00
i38,e04,c1,p02,l3,4.47
i38,e04,c1,p02,l4,0.00
i38,e04,c1,p03,l1,0.00
i38,e04,c1,p03,l2,0.00
i38,e04,c1,p03,l3,2.49
i38,e04,c1,p03,l4,0.00
i38,e04,c1,p04,l1,0.00
i38,e04,c1,p04,l2,0.00
i38,e04,c1,p04,l3,3.04
i38,e04,c1,p04,l4,0.00
i38,e04,c1,p05,l1,0.00
i38,e04,c1,p05,l2,0.00
i38,e04,c1,p05,l3,0.00
i38,e04,c1,p05,l4,0.00
i38,e04,c1,p06,l1,0.00
i38,e04,c1,p06,l2,0.00
i38,e04,c1,p06,l3,0.00
i38,e04,c1,p06,l4,0.00
i38,e04,c1,p07,l1,0.00
i38,e04,c1,p07,l2,0.00
i38,e04,c1,p07,l3,21.84
i38,e04,c1,p07,l4,0.00
i38,e04,c1,p08,l1,0.00
i38,e04,c1,p08,l2,0.00
i38,e04,c1,p08,l3,1.04
i38,e04,c1,p08,l4,0.00
i38,e04,c1,p09,l1,0.00
i38,e04,c1,p09,l2,0.00
i38,e04,c1,p09,l3,0.00
i38,e04,c1,p09,l4,0.00
i38,e04,c1,p10,l1,0.00
i38,e04,c1,p10,l2,0.00
i38,e04,c1,p10,l3,33.68
i38,e04,c1,p10,l4,0.00
i38,e04,c1,p11,l1,0.00
i38,e04,c1,p11,l2,0.00
i38,e04,c1,p11,l3,19.27
i38,e04,c1,p11,l4,0.00
i38,e04,c1,p12,l1,0.00
i38,e04,c1,p12,l2,0.00
i38,e04,c1,p12,l3,4.37
i38,e04,c1,p12,l4,0.00
i38,e04,c1,p13,l1,0.00
i38,e04,c1,p13,l2,0.00
i38,e04,c1,p13,l3,63.66
i38,e04,c1,p13,l4,0.00
i38,e04,c1,p14,l1,0.00
i38,e04,c1,p14,l2,0.00
i38,e04,c1,p14,l3,11.22
i38,e04,c1,p14,l4,0.00
i38,e04,c1,p15,l1,0.00
i38,e04,c1,p15,l2,0.00
i38,e04,c1,p15,l3,1.49
i38,e04,c1,p15,l4,0.00
i38,e04,c1,p16,l1,0.00
i38,e04,c1,p16,l2,0.00
i38,e04,c1,p16,l3,23.03
i38,e04,c1,p16,l4,0.00
i38,e04,c1,p17,l1,0.00
i38,e04,c1,p17,l2,0.00
i38,e04,c1,p17,l3,0.00
i38,e04,c1,p17,l4,0.00
i38,e04,c1,p18,l1,0.00
i38,e04,c1,p18,l2,0.00
i38,e04,c1,p18,l3,0.00
i38,e04,c1,p18,l4,0.00
i38,e04,c1,p19,l1,0.00
i38,e04,c1,p19,l2,0.00
i38,e04,c1,p19,l3,11.52
i38,e04,c1,p19,l4,0.00
i38,e04,c1,p20,l1,0.00
i38,e04,c1,p20,l2,0.00
i38,e04,c1,p20,l3,0.00
i38,e04,c1,p20,l4,0.00
i38,e04,c1,p21,l1,0.00
i38,e04,c1,p21,l2,0.00
i38,e04,c1,p21,l3,1.23
i38,e04,c1,p21,l4,0.00
i38,e04,c1,p22,l1,0.00
i38,e04,c1,p22,l2,0.00
i38,e04,c1,p22,l3,0.00
i38,e04,c1,p22,l4,0.00
i38,e04,c1,p23,l1,0.00
i38,e04,c1,p23,l2,0.00
i38,e04,c1,p23,l3,0.00
i38,e04,c1,p23,l4,0.00
i38,e04,c1,p24,l1,0.00
i38,e04,c1,p24,l2,0.00
i38,e04,c1,p24,l3,2.37
i38,e04,c1,p24,l4,0.00
i38,e04,c1,p25,l1,0.00
i38,e04,c1,p25,l2,0.00
i38,e04,c1,p25,l3,0.00
i38,e04,c1,p25,l4,0.00
i38,e04,c1,p26,l1,0.00
i38,e04,c1,p26,l2,0.00
i38,e04,c1,p26,l3,0.00
i38,e04,c1,p26,l4,0.00
i38,e04,c1,p27,l1,0.00
i38,e04,c1,p27,l3,0.00
i38,e04,c1,p27,l4,0.00
i38,e04,c1,p28,l1,0.00
i38,e04,c1,p28,l2,0.00
i38,e04,c1,p28,l3,0.00
i38,e04,c1,p28,l4,0.00
i38,e04,c1,p29,l1,0.00
i38,e04,c1,p29,l2,0.00
i38,e04,c1,p29,l3,0.00
i38,e04,c1,p29,l4,0.00
i38,e04,c1,p30,l1,0.00
i38,e04,c1,p30,l2,0.00
i38,e04,c1,p30,l3,0.00
i38,e04,c1,p30,l4,0.00
i38,e04,c1,p31,l1,0.00
i38,e04,c1,p31,l2,0.00
i38,e04,c1,p31,l3,0.00
i38,e04,c1,p31,l4,0.00
i38,e04,c1,p32,l1,0.00
i38,e04,c1,p32,l2,0.00
i38,e04,c1,p32,l3,0.00
i38,e04,c1,p32,l4,0.00
i38,e04,c1,p33,l1,0.00
i38,e04,c1,p33,l2,0.00
i38,e04,c1,p33,l3,0.00
i38,e04,c1,p33,l4,0.00
i38,e04,c1,p34,l1,0.00
i38,e04,c1,p34,l3,0.00
i38,e04,c1,p34,l4,0.00
i38,e04,c1,p35,l1,0.00
i38,e04,c1,p35,l2,0.00
i38,e04,c1,p35,l3,1.47
i38,e04,c1,p35,l4,0.00
i38,e04,c4,p01,l1,0.00
i38,e04,c4,p01,l2,0.00
i38,e04,c4,p01,l3,0.00
i38,e04,c4,p01,l4,0.00
i38,e04,c4,p02,l1,0.00
i38,e04,c4,p02,l3,0.00
i38,e04,c4,p02,l4,0.00
i38,e04,c4,p03,l1,0.00
i38,e04,c4,p03,l2,0.00
i38,e04,c4,p03,l3,0.00
i38,e04,c4,p03,l4,0.00
i38,e04,c4,p04,l1,0.00
i38,e04,c4,p04,l2,0.00
i38,e04,c4,p04,l3,0.00
i38,e04,c4,p04,l4,0.00
i38,e04,c4,p05,l1,0.00
i38,e04,c4,p05,l2,0.00
i38,e04,c4,p05,l3,0.00
i38,e04,c4,p05,l4,0.00
i38,e04,c4,p06,l1,0.00
i38,e04,c4,p06,l2,0.00
i38,e04,c4,p06,l3,0.00
i38,e04,c4,p06,l4,0.00
i38,e04,c4,p07,l1,0.00
i38,e04,c4,p07,l2,0.00
i38,e04,c4,p07,l3,0.00
i38,e04,c4,p07,l4,0.00
i38,e04,c4,p08,l1,0.00
i38,e04,c4,p08,l2,0.00
i38,e04,c4,p08,l3,0.00
i38,e04,c4,p08,l4,0.00
i38,e04,c4,p09,l1,0.00
i38,e04,c4,p09,l2,0.00
i38,e04,c4,p09,l3,0.00
i38,e04,c4,p09,l4,0.00
i38,e04,c4,p10,l1,0.00
i38,e04,c4,p10,l2,0.00
i38,e04,c4,p10,l3,0.00
i38,e04,c4,p10,l4,0.00
i38,e04,c4,p11,l1,0.00
i38,e04,c4,p11,l2,0.00
i38,e04,c4,p11,l3,0.00
i38,e04,c4,p11,l4,0.00
i38,e04,c4,p12,l1,0.00
i38,e04,c4,p12,l2,0.00
i38,e04,c4,p12,l3,1.27
i38,e04,c4,p12,l4,0.00
i38,e04,c4,p13,l1,0.00
i38,e04,c4,p13,l2,0.00
i38,e04,c4,p13,l3,0.00
i38,e04,c4,p13,l4,0.00
i38,e04,c4,p14,l1,0.00
i38,e04,c4,p14,l2,0.00
i38,e04,c4,p14,l3,0.00
i38,e04,c4,p14,l4,0.00
i38,e04,c4,p15,l1,0.00
i38,e04,c4,p15,l2,0.00
i38,e04,c4,p15,l3,0.00
i38,e04,c4,p15,l4,0.00
i38,e04,c4,p16,l1,0.00
i38,e04,c4,p16,l3,0.00
i38,e04,c4,p16,l4,0.00
i38,e04,c4,p17,l1,0.00
i38,e04,c4,p17,l2,0.00
i38,e04,c4,p17,l3,0.00
i38,e04,c4,p17,l4,0.00
i38,e04,c4,p18,l1,0.00
i38,e04,c4,p18,l2,0.00
i38,e04,c4,p18,l3,0.00
i38,e04,c4,p18,l4,0.00
i38,e04,c4,p19,l1,0.00
i38,e04,c4,p19,l2,0.00
i38,e04,c4,p19,l3,0.00
i38,e04,c4,p19,l4,0.00
i38,e04,c4,p20,l1,0.00
i38,e04,c4,p20,l2,0.00
i38,e04,c4,p20,l3,0.00
i38,e04,c4,p20,l4,0.00
i38,e04,c4,p21,l1,0.00
i38,e04,c4,p21,l2,0.00
i38,e04,c4,p21,l3,0.00
i38,e04,c4,p21,l4,0.00
i38,e04,c4,p22,l1,0.00
i38,e04,c4,p22,l3,0.00
i38,e04,c4,p22,l4,0.00
i38,e04,c4,p23,l1,0.00
i38,e04,c4,p23,l3,0.00
i38,e04,c4,p23,l4,0.00
i38,e04,c4,p24,l1,0.00
i38,e04,c4,p24,l2,0.00
i38,e04,c4,p24,l3,0.00
i38,e04,c4,p24,l4,0.00
i38,e04,c4,p25,l1,0.00
i38,e04,c4,p25,l2,0.00
i38,e04,c4,p25,l3,0.00
i38,e04,c4,p25,l4,0.00
i38,e04,c4,p26,l1,0.00
i38,e04,c4,p26,l3,0.00
i38,e04,c4,p26,l4,0.00
i38,e04,c4,p27,l1,0.00
i38,e04,c4,p27,l3,0.00
i38,e04,c4,p27,l4,0.00
i38,e04,c4,p28,l1,0.00
i38,e04,c4,p28,l3,0.00
i38,e04,c4,p28,l4,0.00
i38,e04,c4,p29,l1,0.00
i38,e04,c4,p29,l2,0.00
i38,e04,c4,p29,l3,0.00
i38,e04,c4,p29,l4,0.00
i38,e04,c4,p30,l1,0.00
i38,e04,c4,p30,l2,0.00
i38,e04,c4,p30,l3,0.00
i38,e04,c4,p30,l4,0.00
i38,e04,c4,p31,l1,0.00
i38,e04,c4,p31,l3,0.00
i38,e04,c4,p31,l4,0.00
i38,e04,c4,p32,l1,0.00
i38,e04,c4,p32,l3,0.00
i38,e04,c4,p32,l4,0.00
i38,e04,c4,p33,l1,0.00
i38,e04,c4,p33,l3,0.00
i38,e04,c4,p33,l4,0.00
i38,e04,c4,p34,l1,0.00
i38,e04,c4,p34,l3,0.00
i38,e04,c4,p35,l1,0.00
i38,e04,c4,p35,l3,0.00
i38,e04,c4,p35,l4,0.00
i38,e04,c7,p01,l1,0.00
i38,e04,c7,p01,l3,0.00
i38,e04,c7,p01,l4,0.00
i38,e04,c7,p02,l1,0.00
i38,e04,c7,p02,l3,0.00
i38,e04,c7,p03,l1,0.00
i38,e04,c7,p03,l3,0.00
i38,e04,c7,p03,l4,0.00
i38,e04,c7,p04,l1,0.00
i38,e04,c7,p04,l3,0.00
i38,e04,c7,p04,l4,0.00
i38,e04,c7,p05,l1,0.00
i38,e04,c7,p05,l3,0.00
i38,e04,c7,p05,l4,0.00
i38,e04,c7,p06,l1,0.00
i38,e04,c7,p06,l3,0.00
i38,e04,c7,p07,l1,0.00
i38,e04,c7,p07,l3,0.00
i38,e04,c7,p07,l4,0.00
i38,e04,c7,p08,l1,0.00
i38,e04,c7,p08,l3,0.00
i38,e04,c7,p09,l1,0.00
i38,e04,c7,p09,l3,0.00
i38,e04,c7,p10,l1,0.00
i38,e04,c7,p10,l3,0.00
i38,e04,c7,p10,l4,0.00
i38,e04,c7,p11,l1,0.00
i38,e04,c7,p11,l3,0.00
i38,e04,c7,p11,l4,0.00
i38,e04,c7,p12,l1,0.00
i38,e04,c7,p12,l3,0.00
i38,e04,c7,p12,l4,0.00
i38,e04,c7,p13,l1,0.00
i38,e04,c7,p13,l3,0.00
i38,e04,c7,p14,l1,0.00
i38,e04,c7,p14,l3,0.00
i38,e04,c7,p15,l1,0.00
i38,e04,c7,p15,l3,0.00
i38,e04,c7,p16,l1,0.00
i38,e04,c7,p16,l3,0.00
i38,e04,c7,p17,l1,0.00
i38,e04,c7,p17,l3,0.00
i38,e04,c7,p18,l1,0.00
i38,e04,c7,p18,l3,0.00
i38,e04,c7,p19,l1,0.00
i38,e04,c7,p19,l3,0.00
i38,e04,c7,p19,l4,0.00
i38,e04,c7,p20,l1,0.00
i38,e04,c7,p20,l3,0.00
i38,e04,c7,p21,l1,0.00
i38,e04,c7,p21,l3,0.00
i38,e04,c7,p21,l4,0.00
i38,e04,c7,p22,l1,0.00
i38,e04,c7,p23,l1,0.00
i38,e04,c7,p23,l3,0.00
i38,e04,c7,p23,l4,0.00
i38,e04,c7,p24,l1,0.00
i38,e04,c7,p24,l3,0.00
i38,e04,c7,p24,l4,0.00
i38,e04,c7,p25,l1,0.00
i38,e04,c7,p25,l3,0.00
i38,e04,c7,p25,l4,0.00
i38,e04,c7,p26,l1,0.00
i38,e04,c7,p28,l1,0.00
i38,e04,c7,p28,l3,0.00
i38,e04,c7,p29,l1,0.00
i38,e04,c7,p29,l3,0.00
i38,e04,c7,p31,l1,0.00
i38,e04,c7,p32,l1,0.00
i38,e04,c7,p32,l3,0.00
i38,e04,c7,p34,l3,0.00
i38,e04,c7,p35,l1,0.00
i38,e04,c7,p35,l3,0.00
i38,e04,c8,p01,l1,0.00
i38,e04,c8,p01,l3,0.00
i38,e04,c8,p02,l1,0.00
i38,e04,c8,p05,l1,0.00
i38,e04,c8,p06,l1,0.00
i38,e04,c8,p07,l1,0.00
i38,e04,c8,p09,l1,0.00
i38,e04,c8,p10,l1,0.00
i38,e04,c8,p10,l2,0.00
i38,e04,c8,p10,l3,0.00
i38,e04,c8,p10,l4,0.00
i38,e04,c8,p11,l1,0.00
i38,e04,c8,p11,l4,0.00
i38,e04,c8,p12,l1,0.00
i38,e04,c8,p13,l1,0.00
i38,e04,c8,p14,l1,0.00
i38,e04,c8,p14,l3,0.00
i38,e04,c8,p14,l4,0.00
i38,e04,c8,p15,l1,0.00
i38,e04,c8,p15,l3,0.00
i38,e04,c8,p16,l1,0.00
i38,e04,c8,p16,l4,0.00
i38,e04,c8,p19,l1,0.00
i38,e04,c8,p19,l4,0.00
i38,e04,c8,p20,l1,0.00
i38,e04,c8,p20,l3,0.00
i38,e04,c8,p21,l1,0.00
i38,e04,c8,p23,l1,0.00
i38,e04,c8,p23,l3,0.00
i38,e04,c8,p24,l1,0.00
i38,e04,c8,p28,l1,0.00
i38,e04,c8,p28,l3,0.00
i38,e04,c8,p29,l1,0.00
i38,e04,c8,p29,l3,0.00
i38,e04,c8,p31,l1,0.00
i38,e05,c1,p01,l1,0.00
i38,e05,c1,p01,l3,0.00
i38,e05,c1,p02,l1,0.00
i38,e05,c1,p02,l3,0.00
i38,e05,c1,p03,l1,1.72
i38,e05,c1,p03,l3,0.00
i38,e05,c1,p04,l1,0.00
i38,e05,c1,p04,l3,0.00
i38,e05,c1,p05,l1,0.00
i38,e05,c1,p05,l3,0.00
i38,e05,c1,p06,l1,0.00
i38,e05,c1,p06,l3,0.00
i38,e05,c1,p07,l1,0.00
i38,e05,c1,p07,l3,0.00
i38,e05,c1,p08,l1,0.00
i38,e05,c1,p08,l3,0.00
i38,e05,c1,p09,l1,0.00
i38,e05,c1,p10,l1,0.00
i38,e05,c1,p10,l3,0.00
i38,e05,c1,p11,l1,0.00
i38,e05,c1,p11,l3,0.00
i38,e05,c1,p12,l1,0.00
i38,e05,c1,p12,l3,0.00
i38,e05,c1,p13,l1,0.00
i38,e05,c1,p13,l3,0.00
i38,e05,c1,p14,l1,0.00
i38,e05,c1,p14,l3,0.00
i38,e05,c1,p15,l1,0.00
i38,e05,c1,p15,l3,0.00
i38,e05,c1,p16,l1,0.00
i38,e05,c1,p16,l3,0.00
i38,e05,c1,p17,l1,0.00
i38,e05,c1,p17,l3,0.00
i38,e05,c1,p18,l1,0.00
i38,e05,c1,p18,l3,0.00
i38,e05,c1,p19,l1,1.41
i38,e05,c1,p19,l3,0.00
i38,e05,c1,p20,l1,0.00
i38,e05,c1,p21,l1,0.00
i38,e05,c1,p21,l3,0.00
i38,e05,c1,p22,l1,0.00
i38,e05,c1,p22,l3,0.00
i38,e05,c1,p23,l1,0.00
i38,e05,c1,p23,l3,0.00
i38,e05,c1,p24,l1,0.00
i38,e05,c1,p24,l3,0.00
i38,e05,c1,p25,l1,0.00
i38,e05,c1,p25,l3,0.00
i38,e05,c1,p26,l1,0.00
i38,e05,c1,p27,l1,0.00
i38,e05,c1,p28,l1,0.00
i38,e05,c1,p28,l3,0.00
i38,e05,c1,p29,l1,0.00
i38,e05,c1,p30,l1,0.00
i38,e05,c1,p30,l3,0.00
i38,e05,c1,p31,l1,0.00
i38,e05,c1,p31,l3,0.00
i38,e05,c1,p32,l1,0.00
i38,e05,c1,p32,l3,0.00
i38,e05,c1,p33,l1,0.00
i38,e05,c1,p34,l1,0.00
i38,e05,c1,p35,l1,1.60
i38,e05,c1,p35,l3,0.00
i38,e05,c4,p01,l1,0.00
i38,e05,c4,p01,l3,0.00
i38,e05,c4,p02,l1,0.00
i38,e05,c4,p03,l1,0.00
i38,e05,c4,p03,l3,0.00
i38,e05,c4,p04,l1,0.00
i38,e05,c4,p05,l1,0.00
i38,e05,c4,p06,l1,0.00
i38,e05,c4,p07,l1,0.00
i38,e05,c4,p08,l1,0.00
i38,e05,c4,p09,l1,0.00
i38,e05,c4,p10,l1,0.00
i38,e05,c4,p10,l3,0.00
i38,e05,c4,p11,l1,0.00
i38,e05,c4,p12,l1,0.00
i38,e05,c4,p13,l1,0.00
i38,e05,c4,p14,l1,0.00
i38,e05,c4,p15,l1,0.00
i38,e05,c4,p15,l3,0.00
i38,e05,c4,p16,l1,0.00
i38,e05,c4,p16,l3,0.00
i38,e05,c4,p17,l1,0.00
i38,e05,c4,p18,l1,0.00
i38,e05,c4,p19,l1,0.00
i38,e05,c4,p20,l1,0.00
i38,e05,c4,p21,l1,0.00
i38,e05,c4,p22,l1,0.00
i38,e05,c4,p23,l1,0.00
i38,e05,c4,p24,l1,0.00
i38,e05,c4,p24,l3,0.00
i38,e05,c4,p25,l1,0.00
i38,e05,c4,p26,l1,0.00
i38,e05,c4,p28,l1,0.00
i38,e05,c4,p28,l3,0.00
i38,e05,c4,p29,l1,0.00
i38,e05,c4,p30,l1,0.00
i38,e05,c4,p31,l1,0.00
i38,e05,c4,p32,l1,0.00
i38,e05,c4,p33,l1,0.00
i38,e05,c4,p35,l1,0.00
i38,e05,c7,p01,l1,0.00
i38,e05,c7,p02,l1,0.00
i38,e05,c7,p03,l1,0.00
i38,e05,c7,p04,l1,0.00
i38,e05,c7,p07,l1,0.00
i38,e05,c7,p08,l1,0.00
i38,e05,c7,p10,l1,0.00
i38,e05,c7,p11,l1,0.00
i38,e05,c7,p12,l1,0.00
i38,e05,c7,p13,l1,0.00
i38,e05,c7,p14,l1,0.00
i38,e05,c7,p15,l1,0.00
i38,e05,c7,p16,l1,0.00
i38,e05,c7,p17,l1,0.00
i38,e05,c7,p19,l1,0.00
i38,e05,c7,p21,l1,0.00
i38,e05,c7,p22,l1,0.00
i38,e05,c7,p23,l1,0.00
i38,e05,c7,p24,l1,0.00
i38,e05,c7,p28,l1,0.00
i38,e05,c7,p29,l1,0.00
i38,e05,c7,p32,l1,0.00
i38,e05,c7,p35,l1,0.00
i38,e05,c8,p10,l3,0.00
i38,e06,c1,p01,l3,104.25
i38,e06,c1,p02,l3,13.55
i38,e06,c1,p03,l3,39.87
i38,e06,c1,p04,l3,27.20
i38,e06,c1,p05,l3,26.42
i38,e06,c1,p06,l3,13.46
i38,e06,c1,p07,l3,55.22
i38,e06,c1,p08,l3,13.07
i38,e06,c1,p09,l3,0.00
i38,e06,c1,p10,l3,286.85
i38,e06,c1,p11,l3,13.03
i38,e06,c1,p12,l3,26.17
i38,e06,c1,p13,l3,297.09
i38,e06,c1,p14,l3,13.01
i38,e06,c1,p15,l3,65.05
i38,e06,c1,p16,l3,13.01
i38,e06,c1,p17,l3,26.59
i38,e06,c1,p18,l3,0.00
i38,e06,c1,p19,l3,39.55
i38,e06,c1,p20,l3,0.00
i38,e06,c1,p21,l3,52.15
i38,e06,c1,p22,l3,19.66
i38,e06,c1,p23,l3,0.00
i38,e06,c1,p24,l3,13.32
i38,e06,c1,p25,l3,0.00
i38,e06,c1,p26,l3,0.00
i38,e06,c1,p27,l3,0.00
i38,e06,c1,p28,l3,0.00
i38,e06,c1,p29,l3,26.17
i38,e06,c1,p30,l3,0.00
i38,e06,c1,p31,l3,0.00
i38,e06,c1,p32,l3,0.00
i38,e06,c1,p33,l3,0.00
i38,e06,c1,p34,l3,0.00
i38,e06,c1,p35,l3,13.60
i38,e06,c4,p01,l3,0.00
i38,e06,c4,p02,l3,0.00
i38,e06,c4,p03,l3,0.00
i38,e06,c4,p04,l3,0.00
i38,e06,c4,p05,l3,0.00
i38,e06,c4,p06,l3,0.00
i38,e06,c4,p07,l3,0.00
i38,e06,c4,p08,l3,0.00
i38,e06,c4,p09,l3,13.21
i38,e06,c4,p10,l3,0.00
i38,e06,c4,p11,l3,0.00
i38,e06,c4,p12,l3,0.00
i38,e06,c4,p13,l3,0.00
i38,e06,c4,p14,l3,0.00
i38,e06,c4,p15,l3,0.00
i38,e06,c4,p16,l3,0.00
i38,e06,c4,p17,l3,0.00
i38,e06,c4,p18,l3,0.00
i38,e06,c4,p19,l3,13.06
i38,e06,c4,p20,l3,0.00
i38,e06,c4,p21,l3,0.00
i38,e06,c4,p22,l3,0.00
i38,e06,c4,p23,l3,0.00
i38,e06,c4,p24,l3,0.00
i38,e06,c4,p25,l3,0.00
i38,e06,c4,p26,l3,0.00
i38,e06,c4,p27,l3,0.00
i38,e06,c4,p28,l3,0.00
i38,e06,c4,p29,l3,0.00
i38,e06,c4,p30,l3,0.00
i38,e06,c4,p31,l3,0.00
i38,e06,c4,p32,l3,0.00
i38,e06,c4,p33,l3,0.00
i38,e06,c4,p34,l3,0.00
i38,e06,c4,p35,l3,0.00
i38,e06,c7,p01,l3,0.00
i38,e06,c7,p02,l3,0.00
i38,e06,c7,p03,l3,0.00
i38,e06,c7,p04,l3,0.00
i38,e06,c7,p05,l3,0.00
i38,e06,c7,p06,l3,0.00
i38,e06,c7,p07,l3,0.00
i38,e06,c7,p08,l3,0.00
i38,e06,c7,p09,l3,0.00
i38,e06,c7,p10,l3,0.00
i38,e06,c7,p11,l3,0.00
i38,e06,c7,p12,l3,0.00
i38,e06,c7,p13,l3,0.00
i38,e06,c7,p14,l3,0.00
i38,e06,c7,p15,l3,0.00
i38,e06,c7,p16,l3,0.00
i38,e06,c7,p17,l3,0.00
i38,e06,c7,p18,l3,0.00
i38,e06,c7,p19,l3,0.00
i38,e06,c7,p20,l3,0.00
i38,e06,c7,p21,l3,0.00
i38,e06,c7,p22,l3,0.00
i38,e06,c7,p23,l3,0.00
i38,e06,c7,p24,l3,0.00
i38,e06,c7,p25,l3,0.00
i38,e06,c7,p26,l3,0.00
i38,e06,c7,p28,l3,0.00
i38,e06,c7,p29,l3,0.00
i38,e06,c7,p31,l3,0.00
i38,e06,c7,p32,l3,0.00
i38,e06,c7,p34,l3,0.00
i38,e06,c7,p35,l3,0.00
i38,e06,c8,p13,l3,0.00
i38,e06,c8,p14,l3,0.00
i38,e06,c8,p18,l3,0.00
i38,e07,c1,p01,l2,0.00
i38,e07,c1,p01,l3,1.56
i38,e07,c1,p02,l2,0.00
i38,e07,c1,p02,l3,0.00
i38,e07,c1,p03,l2,0.00
i38,e07,c1,p03,l3,2.06
i38,e07,c1,p04,l2,0.00
i38,e07,c1,p04,l3,0.00
i38,e07,c1,p05,l2,0.00
i38,e07,c1,p05,l3,0.00
i38,e07,c1,p06,l2,0.00
i38,e07,c1,p06,l3,0.00
i38,e07,c1,p07,l2,0.00
i38,e07,c1,p07,l3,0.00
i38,e07,c1,p08,l2,0.00
i38,e07,c1,p08,l3,1.79
i38,e07,c1,p09,l2,0.00
i38,e07,c1,p09,l3,0.00
i38,e07,c1,p10,l2,0.00
i38,e07,c1,p10,l3,7.36
i38,e07,c1,p11,l2,0.00
i38,e07,c1,p11,l3,4.77
i38,e07,c1,p12,l2,0.00
i38,e07,c1,p12,l3,5.33
i38,e07,c1,p13,l2,0.00
i38,e07,c1,p13,l3,1.37
i38,e07,c1,p14,l2,0.00
i38,e07,c1,p14,l3,0.00
i38,e07,c1,p15,l2,0.00
i38,e07,c1,p15,l3,0.00
i38,e07,c1,p16,l2,0.00
i38,e07,c1,p16,l3,0.00
i38,e07,c1,p17,l2,0.00
i38,e07,c1,p17,l3,2.14
i38,e07,c1,p18,l2,0.00
i38,e07,c1,p18,l3,0.00
i38,e07,c1,p19,l2,0.00
i38,e07,c1,p19,l3,4.24
i38,e07,c1,p20,l2,0.00
i38,e07,c1,p20,l3,0.00
i38,e07,c1,p21,l2,0.00
i38,e07,c1,p21,l3,2.96
i38,e07,c1,p22,l2,0.00
i38,e07,c1,p22,l3,0.00
i38,e07,c1,p23,l2,0.00
i38,e07,c1,p23,l3,2.50
i38,e07,c1,p24,l2,0.00
i38,e07,c1,p24,l3,0.00
i38,e07,c1,p25,l2,0.00
i38,e07,c1,p25,l3,0.00
i38,e07,c1,p26,l2,0.00
i38,e07,c1,p26,l3,0.00
i38,e07,c1,p27,l2,0.00
i38,e07,c1,p27,l3,0.00
i38,e07,c1,p28,l2,0.00
i38,e07,c1,p28,l3,0.00
i38,e07,c1,p29,l2,0.00
i38,e07,c1,p29,l3,1.75
i38,e07,c1,p30,l2,0.00
i38,e07,c1,p30,l3,0.00
i38,e07,c1,p31,l2,0.00
i38,e07,c1,p31,l3,0.00
i38,e07,c1,p32,l2,0.00
i38,e07,c1,p32,l3,0.00
i38,e07,c1,p33,l2,0.00
i38,e07,c1,p33,l3,0.00
i38,e07,c1,p34,l2,0.00
i38,e07,c1,p34,l3,0.00
i38,e07,c1,p35,l2,0.00
i38,e07,c1,p35,l3,0.00
i38,e07,c4,p01,l2,0.00
i38,e07,c4,p01,l3,0.00
i38,e07,c4,p02,l2,0.00
i38,e07,c4,p02,l3,0.00
i38,e07,c4,p03,l2,0.00
i38,e07,c4,p03,l3,0.00
i38,e07,c4,p04,l2,0.00
i38,e07,c4,p04,l3,0.00
i38,e07,c4,p05,l2,0.00
i38,e07,c4,p05,l3,0.00
i38,e07,c4,p06,l2,0.00
i38,e07,c4,p06,l3,0.00
i38,e07,c4,p07,l2,0.00
i38,e07,c4,p07,l3,0.00
i38,e07,c4,p08,l2,0.00
i38,e07,c4,p08,l3,0.00
i38,e07,c4,p09,l2,0.00
i38,e07,c4,p09,l3,0.00
i38,e07,c4,p10,l2,0.00
i38,e07,c4,p10,l3,0.00
i38,e07,c4,p11,l2,0.00
i38,e07,c4,p11,l3,0.00
i38,e07,c4,p12,l2,0.00
i38,e07,c4,p12,l3,0.00
i38,e07,c4,p13,l2,0.00
i38,e07,c4,p13,l3,0.00
i38,e07,c4,p14,l2,0.00
i38,e07,c4,p14,l3,0.00
i38,e07,c4,p15,l2,0.00
i38,e07,c4,p15,l3,0.00
i38,e07,c4,p16,l2,0.00
i38,e07,c4,p16,l3,0.00
i38,e07,c4,p17,l2,0.00
i38,e07,c4,p17,l3,0.00
i38,e07,c4,p18,l2,0.00
i38,e07,c4,p18,l3,0.00
i38,e07,c4,p19,l2,0.00
i38,e07,c4,p19,l3,0.00
i38,e07,c4,p20,l2,0.00
i38,e07,c4,p20,l3,0.00
i38,e07,c4,p21,l2,0.00
i38,e07,c4,p21,l3,0.00
i38,e07,c4,p22,l2,0.00
i38,e07,c4,p22,l3,0.00
i38,e07,c4,p23,l2,0.00
i38,e07,c4,p23,l3,0.00
i38,e07,c4,p24,l2,0.00
i38,e07,c4,p24,l3,0.00
i38,e07,c4,p25,l2,0.00
i38,e07,c4,p25,l3,0.00
i38,e07,c4,p26,l2,0.00
i38,e07,c4,p26,l3,0.00
i38,e07,c4,p28,l2,0.00
i38,e07,c4,p28,l3,0.00
i38,e07,c4,p29,l2,0.00
i38,e07,c4,p29,l3,0.00
i38,e07,c4,p30,l2,0.00
i38,e07,c4,p30,l3,0.00
i38,e07,c4,p31,l2,0.00
i38,e07,c4,p31,l3,0.00
i38,e07,c4,p32,l2,0.00
i38,e07,c4,p32,l3,0.00
i38,e07,c4,p33,l2,0.00
i38,e07,c4,p33,l3,0.00
i38,e07,c4,p34,l2,0.00
i38,e07,c4,p35,l2,0.00
i38,e07,c4,p35,l3,0.00
i38,e07,c7,p01,l3,0.00
i38,e07,c7,p02,l2,0.00
i38,e07,c7,p02,l3,0.00
i38,e07,c7,p03,l2,0.00
i38,e07,c7,p03,l3,0.00
i38,e07,c7,p06,l3,0.00
i38,e07,c7,p07,l3,0.00
i38,e07,c7,p09,l2,0.00
i38,e07,c7,p09,l3,0.00
i38,e07,c7,p10,l2,0.00
i38,e07,c7,p10,l3,0.00
i38,e07,c7,p11,l2,0.00
i38,e07,c7,p11,l3,0.00
i38,e07,c7,p12,l2,0.00
i38,e07,c7,p13,l2,0.00
i38,e07,c7,p15,l2,0.00
i38,e07,c7,p16,l2,0.00
i38,e07,c7,p17,l2,0.00
i38,e07,c7,p17,l3,0.00
i38,e07,c7,p18,l3,0.00
i38,e07,c7,p19,l2,0.00
i38,e07,c7,p19,l3,0.00
i38,e07,c7,p21,l2,0.00
i38,e07,c7,p22,l2,0.00
i38,e07,c7,p24,l2,0.00
i38,e07,c7,p29,l2,0.00
i38,e08,c1,p01,l2,8.18
i38,e08,c1,p01,l3,0.00
i38,e08,c1,p01,l4,55.08
i38,e08,c1,p02,l2,4.51
i38,e08,c1,p02,l3,0.00
i38,e08,c1,p02,l4,2.22
i38,e08,c1,p03,l2,7.76
i38,e08,c1,p03,l3,0.00
i38,e08,c1,p03,l4,157.38
i38,e08,c1,p04,l2,1.13
i38,e08,c1,p04,l3,0.00
i38,e08,c1,p04,l4,8.22
i38,e08,c1,p05,l2,3.15
i38,e08,c1,p05,l3,0.00
i38,e08,c1,p05,l4,8.29
i38,e08,c1,p06,l2,5.31
i38,e08,c1,p06,l3,0.00
i38,e08,c1,p06,l4,7.25
i38,e08,c1,p07,l2,25.05
i38,e08,c1,p07,l3,0.00
i38,e08,c1,p07,l4,65.02
i38,e08,c1,p08,l2,1.10
i38,e08,c1,p08,l3,0.00
i38,e08,c1,p08,l4,12.72
i38,e08,c1,p09,l2,4.23
i38,e08,c1,p09,l3,0.00
i38,e08,c1,p09,l4,3.89
i38,e08,c1,p10,l2,47.72
i38,e08,c1,p10,l3,2.68
i38,e08,c1,p10,l4,245.75
i38,e08,c1,p11,l2,8.44
i38,e08,c1,p11,l3,0.00
i38,e08,c1,p11,l4,15.43
i38,e08,c1,p12,l2,2.59
i38,e08,c1,p12,l3,0.00
i38,e08,c1,p12,l4,11.21
i38,e08,c1,p13,l2,9.16
i38,e08,c1,p13,l3,0.00
i38,e08,c1,p13,l4,364.26
i38,e08,c1,p14,l2,0.00
i38,e08,c1,p14,l3,0.00
i38,e08,c1,p14,l4,14.01
i38,e08,c1,p15,l2,4.12
i38,e08,c1,p15,l3,0.00
i38,e08,c1,p15,l4,5.89
i38,e08,c1,p16,l2,5.03
i38,e08,c1,p16,l3,0.00
i38,e08,c1,p16,l4,5.02
i38,e08,c1,p17,l2,1.32
i38,e08,c1,p17,l3,0.00
i38,e08,c1,p17,l4,12.97
i38,e08,c1,p18,l2,1.85
i38,e08,c1,p18,l3,0.00
i38,e08,c1,p18,l4,15.30
i38,e08,c1,p19,l2,24.01
i38,e08,c1,p19,l3,0.00
i38,e08,c1,p19,l4,214.35
i38,e08,c1,p20,l2,2.29
i38,e08,c1,p20,l3,0.00
i38,e08,c1,p20,l4,1.04
i38,e08,c1,p21,l2,2.27
i38,e08,c1,p21,l3,0.00
i38,e08,c1,p21,l4,3.53
i38,e08,c1,p22,l2,2.83
i38,e08,c1,p22,l3,0.00
i38,e08,c1,p22,l4,1.46
i38,e08,c1,p23,l2,1.10
i38,e08,c1,p23,l3,0.00
i38,e08,c1,p23,l4,4.47
i38,e08,c1,p24,l2,5.12
i38,e08,c1,p24,l3,0.00
i38,e08,c1,p24,l4,2.44
i38,e08,c1,p25,l2,2.41
i38,e08,c1,p25,l3,0.00
i38,e08,c1,p25,l4,0.00
i38,e08,c1,p26,l2,0.00
i38,e08,c1,p26,l3,0.00
i38,e08,c1,p26,l4,0.00
i38,e08,c1,p27,l2,0.00
i38,e08,c1,p27,l3,0.00
i38,e08,c1,p27,l4,0.00
i38,e08,c1,p28,l2,3.47
i38,e08,c1,p28,l3,0.00
i38,e08,c1,p28,l4,19.18
i38,e08,c1,p29,l2,4.26
i38,e08,c1,p29,l3,0.00
i38,e08,c1,p29,l4,0.00
i38,e08,c1,p30,l2,0.00
i38,e08,c1,p30,l3,0.00
i38,e08,c1,p30,l4,0.00
i38,e08,c1,p31,l2,0.00
i38,e08,c1,p31,l3,0.00
i38,e08,c1,p31,l4,0.00
i38,e08,c1,p32,l2,0.00
i38,e08,c1,p32,l3,0.00
i38,e08,c1,p32,l4,1.01
i38,e08,c1,p33,l2,0.00
i38,e08,c1,p33,l3,0.00
i38,e08,c1,p33,l4,0.00
i38,e08,c1,p34,l2,0.00
i38,e08,c1,p34,l3,0.00
i38,e08,c1,p34,l4,0.00
i38,e08,c1,p35,l2,2.01
i38,e08,c1,p35,l3,1.87
i38,e08,c1,p35,l4,1.36
i38,e08,c4,p01,l2,0.00
i38,e08,c4,p01,l3,0.00
i38,e08,c4,p01,l4,4.19
i38,e08,c4,p02,l2,0.00
i38,e08,c4,p02,l3,0.00
i38,e08,c4,p02,l4,0.00
i38,e08,c4,p03,l2,0.00
i38,e08,c4,p03,l3,0.00
i38,e08,c4,p03,l4,0.00
i38,e08,c4,p04,l2,0.00
i38,e08,c4,p04,l3,0.00
i38,e08,c4,p04,l4,0.00
i38,e08,c4,p05,l2,1.61
i38,e08,c4,p05,l3,0.00
i38,e08,c4,p05,l4,0.00
i38,e08,c4,p06,l2,0.00
i38,e08,c4,p06,l3,0.00
i38,e08,c4,p06,l4,0.00
i38,e08,c4,p07,l2,1.70
i38,e08,c4,p07,l3,0.00
i38,e08,c4,p07,l4,0.00
i38,e08,c4,p08,l2,0.00
i38,e08,c4,p08,l3,0.00
i38,e08,c4,p08,l4,0.00
i38,e08,c4,p09,l2,0.00
i38,e08,c4,p09,l3,0.00
i38,e08,c4,p09,l4,0.00
i38,e08,c4,p10,l2,13.11
i38,e08,c4,p10,l3,0.00
i38,e08,c4,p10,l4,1.40
i38,e08,c4,p11,l2,0.00
i38,e08,c4,p11,l3,0.00
i38,e08,c4,p11,l4,0.00
i38,e08,c4,p12,l2,0.00
i38,e08,c4,p12,l3,0.00
i38,e08,c4,p12,l4,0.00
i38,e08,c4,p13,l2,0.00
i38,e08,c4,p13,l3,0.00
i38,e08,c4,p13,l4,0.00
i38,e08,c4,p14,l2,0.00
i38,e08,c4,p14,l3,0.00
i38,e08,c4,p14,l4,0.00
i38,e08,c4,p15,l2,0.00
i38,e08,c4,p15,l3,0.00
i38,e08,c4,p15,l4,0.00
i38,e08,c4,p16,l2,0.00
i38,e08,c4,p16,l3,0.00
i38,e08,c4,p16,l4,0.00
i38,e08,c4,p17,l2,4.00
i38,e08,c4,p17,l3,0.00
i38,e08,c4,p17,l4,0.00
i38,e08,c4,p18,l2,0.00
i38,e08,c4,p18,l3,0.00
i38,e08,c4,p18,l4,0.00
i38,e08,c4,p19,l2,0.00
i38,e08,c4,p19,l3,5.12
i38,e08,c4,p19,l4,0.00
i38,e08,c4,p20,l2,0.00
i38,e08,c4,p20,l3,0.00
i38,e08,c4,p20,l4,0.00
i38,e08,c4,p21,l2,0.00
i38,e08,c4,p21,l3,0.00
i38,e08,c4,p21,l4,0.00
i38,e08,c4,p22,l2,0.00
i38,e08,c4,p22,l3,0.00
i38,e08,c4,p22,l4,0.00
i38,e08,c4,p23,l2,0.00
i38,e08,c4,p23,l3,0.00
i38,e08,c4,p23,l4,0.00
i38,e08,c4,p24,l2,0.00
i38,e08,c4,p24,l3,0.00
i38,e08,c4,p24,l4,0.00
i38,e08,c4,p25,l2,0.00
i38,e08,c4,p25,l3,0.00
i38,e08,c4,p25,l4,0.00
i38,e08,c4,p26,l2,0.00
i38,e08,c4,p26,l3,0.00
i38,e08,c4,p26,l4,0.00
i38,e08,c4,p27,l2,0.00
i38,e08,c4,p27,l4,0.00
i38,e08,c4,p28,l2,0.00
i38,e08,c4,p28,l3,0.00
i38,e08,c4,p28,l4,0.00
i38,e08,c4,p29,l2,4.09
i38,e08,c4,p29,l3,0.00
i38,e08,c4,p29,l4,0.00
i38,e08,c4,p30,l2,0.00
i38,e08,c4,p30,l3,0.00
i38,e08,c4,p30,l4,0.00
i38,e08,c4,p31,l2,0.00
i38,e08,c4,p31,l3,0.00
i38,e08,c4,p31,l4,0.00
i38,e08,c4,p32,l2,0.00
i38,e08,c4,p32,l3,0.00
i38,e08,c4,p32,l4,0.00
i38,e08,c4,p33,l2,0.00
i38,e08,c4,p33,l4,0.00
i38,e08,c4,p34,l2,0.00
i38,e08,c4,p34,l3,0.00
i38,e08,c4,p34,l4,0.00
i38,e08,c4,p35,l2,0.00
i38,e08,c4,p35,l3,0.00
i38,e08,c4,p35,l4,0.00
i38,e08,c7,p01,l2,0.00
i38,e08,c7,p01,l3,0.00
i38,e08,c7,p01,l4,0.00
i38,e08,c7,p02,l2,0.00
i38,e08,c7,p02,l4,0.00
i38,e08,c7,p03,l2,0.00
i38,e08,c7,p03,l3,0.00
i38,e08,c7,p03,l4,0.00
i38,e08,c7,p04,l2,0.00
i38,e08,c7,p04,l3,0.00
i38,e08,c7,p04,l4,0.00
i38,e08,c7,p05,l2,0.00
i38,e08,c7,p05,l4,0.00
i38,e08,c7,p06,l2,0.00
i38,e08,c7,p06,l4,0.00
i38,e08,c7,p07,l2,0.00
i38,e08,c7,p07,l4,0.00
i38,e08,c7,p08,l2,0.00
i38,e08,c7,p08,l4,0.00
i38,e08,c7,p09,l2,0.00
i38,e08,c7,p09,l4,0.00
i38,e08,c7,p10,l2,0.00
i38,e08,c7,p10,l3,0.00
i38,e08,c7,p10,l4,0.00
i38,e08,c7,p11,l2,0.00
i38,e08,c7,p11,l4,0.00
i38,e08,c7,p12,l2,0.00
i38,e08,c7,p12,l4,0.00
i38,e08,c7,p13,l2,0.00
i38,e08,c7,p13,l3,0.00
i38,e08,c7,p13,l4,0.00
i38,e08,c7,p14,l2,0.00
i38,e08,c7,p14,l3,0.00
i38,e08,c7,p14,l4,0.00
i38,e08,c7,p15,l2,0.00
i38,e08,c7,p15,l3,0.00
i38,e08,c7,p15,l4,0.00
i38,e08,c7,p16,l2,0.00
i38,e08,c7,p16,l3,0.00
i38,e08,c7,p16,l4,0.00
i38,e08,c7,p17,l2,0.00
i38,e08,c7,p17,l3,0.00
i38,e08,c7,p17,l4,0.00
i38,e08,c7,p18,l2,0.00
i38,e08,c7,p18,l4,0.00
i38,e08,c7,p19,l2,0.00
i38,e08,c7,p19,l3,0.00
i38,e08,c7,p19,l4,0.00
i38,e08,c7,p20,l2,0.00
i38,e08,c7,p20,l4,0.00
i38,e08,c7,p21,l2,0.00
i38,e08,c7,p21,l3,0.00
i38,e08,c7,p21,l4,0.00
i38,e08,c7,p22,l2,0.00
i38,e08,c7,p22,l4,0.00
i38,e08,c7,p23,l2,0.00
i38,e08,c7,p23,l4,0.00
i38,e08,c7,p24,l2,0.00
i38,e08,c7,p24,l3,0.00
i38,e08,c7,p24,l4,0.00
i38,e08,c7,p25,l2,0.00
i38,e08,c7,p25,l4,0.00
i38,e08,c7,p26,l2,0.00
i38,e08,c7,p26,l4,0.00
i38,e08,c7,p28,l2,0.00
i38,e08,c7,p28,l4,0.00
i38,e08,c7,p29,l2,0.00
i38,e08,c7,p29,l4,0.00
i38,e08,c7,p31,l2,0.00
i38,e08,c7,p32,l2,0.00
i38,e08,c7,p32,l3,0.00
i38,e08,c7,p32,l4,0.00
i38,e08,c7,p34,l2,0.00
i38,e08,c7,p34,l3,0.00
i38,e08,c7,p34,l4,0.00
i38,e08,c7,p35,l2,0.00
i38,e08,c7,p35,l4,0.00
i38,e08,c8,p01,l2,0.00
i38,e08,c8,p01,l4,0.00
i38,e08,c8,p02,l4,0.00
i38,e08,c8,p03,l4,0.00
i38,e08,c8,p05,l2,0.00
i38,e08,c8,p05,l4,0.00
i38,e08,c8,p06,l4,0.00
i38,e08,c8,p07,l2,0.00
i38,e08,c8,p07,l4,0.00
i38,e08,c8,p09,l2,0.00
i38,e08,c8,p09,l4,0.00
i38,e08,c8,p10,l2,0.00
i38,e08,c8,p10,l3,0.00
i38,e08,c8,p10,l4,0.00
i38,e08,c8,p11,l2,0.00
i38,e08,c8,p11,l4,0.00
i38,e08,c8,p12,l2,0.00
i38,e08,c8,p12,l4,0.00
i38,e08,c8,p13,l2,0.00
i38,e08,c8,p13,l4,0.00
i38,e08,c8,p14,l2,0.00
i38,e08,c8,p14,l3,0.00
i38,e08,c8,p14,l4,0.00
i38,e08,c8,p15,l2,0.00
i38,e08,c8,p15,l4,0.00
i38,e08,c8,p16,l2,0.00
i38,e08,c8,p16,l4,0.00
i38,e08,c8,p17,l2,0.00
i38,e08,c8,p17,l4,0.00
i38,e08,c8,p18,l4,0.00
i38,e08,c8,p19,l2,0.00
i38,e08,c8,p19,l4,0.00
i38,e08,c8,p20,l2,0.00
i38,e08,c8,p20,l4,0.00
i38,e08,c8,p21,l2,0.00
i38,e08,c8,p21,l4,0.00
i38,e08,c8,p23,l2,0.00
i38,e08,c8,p23,l4,0.00
i38,e08,c8,p24,l2,0.00
i38,e08,c8,p24,l4,0.00
i38,e08,c8,p26,l2,0.00
i38,e08,c8,p26,l4,0.00
i38,e08,c8,p28,l2,0.00
i38,e08,c8,p28,l4,0.00
i38,e08,c8,p29,l2,0.00
i38,e08,c8,p29,l4,0.00
i38,e08,c8,p31,l2,0.00
i38,e08,c8,p31,l4,0.00
i38,e09,c1,p01,l2,0.00
i38,e09,c1,p01,l3,25.50
i38,e09,c1,p01,l4,0.00
i38,e09,c1,p02,l2,0.00
i38,e09,c1,p02,l3,6.60
i38,e09,c1,p02,l4,0.00
i38,e09,c1,p03,l2,0.00
i38,e09,c1,p03,l3,7.15
i38,e09,c1,p03,l4,0.00
i38,e09,c1,p04,l2,0.00
i38,e09,c1,p04,l3,3.44
i38,e09,c1,p04,l4,0.00
i38,e09,c1,p05,l2,0.00
i38,e09,c1,p05,l3,2.30
i38,e09,c1,p05,l4,0.00
i38,e09,c1,p06,l2,0.00
i38,e09,c1,p06,l3,0.00
i38,e09,c1,p06,l4,0.00
i38,e09,c1,p07,l2,0.00
i38,e09,c1,p07,l3,15.28
i38,e09,c1,p07,l4,0.00
i38,e09,c1,p08,l2,0.00
i38,e09,c1,p08,l3,0.00
i38,e09,c1,p08,l4,0.00
i38,e09,c1,p09,l2,0.00
i38,e09,c1,p09,l3,0.00
i38,e09,c1,p09,l4,0.00
i38,e09,c1,p10,l2,0.00
i38,e09,c1,p10,l3,26.59
i38,e09,c1,p10,l4,0.00
i38,e09,c1,p11,l2,0.00
i38,e09,c1,p11,l3,3.25
i38,e09,c1,p11,l4,0.00
i38,e09,c1,p12,l2,0.00
i38,e09,c1,p12,l3,22.04
i38,e09,c1,p12,l4,0.00
i38,e09,c1,p13,l2,0.00
i38,e09,c1,p13,l3,48.61
i38,e09,c1,p13,l4,0.00
i38,e09,c1,p14,l2,0.00
i38,e09,c1,p14,l3,9.59
i38,e09,c1,p14,l4,0.00
i38,e09,c1,p15,l2,0.00
i38,e09,c1,p15,l3,0.00
i38,e09,c1,p15,l4,0.00
i38,e09,c1,p16,l2,0.00
i38,e09,c1,p16,l3,7.42
i38,e09,c1,p16,l4,0.00
i38,e09,c1,p17,l2,0.00
i38,e09,c1,p17,l3,1.19
i38,e09,c1,p17,l4,0.00
i38,e09,c1,p18,l2,0.00
i38,e09,c1,p18,l3,0.00
i38,e09,c1,p18,l4,0.00
i38,e09,c1,p19,l2,0.00
i38,e09,c1,p19,l3,27.04
i38,e09,c1,p19,l4,0.00
i38,e09,c1,p20,l2,0.00
i38,e09,c1,p20,l3,0.00
i38,e09,c1,p20,l4,0.00
i38,e09,c1,p21,l2,0.00
i38,e09,c1,p21,l3,1.47
i38,e09,c1,p21,l4,0.00
i38,e09,c1,p22,l2,0.00
i38,e09,c1,p22,l3,2.13
i38,e09,c1,p22,l4,0.00
i38,e09,c1,p23,l2,0.00
i38,e09,c1,p23,l3,0.00
i38,e09,c1,p23,l4,0.00
i38,e09,c1,p24,l2,0.00
i38,e09,c1,p24,l3,2.07
i38,e09,c1,p24,l4,0.00
i38,e09,c1,p25,l2,0.00
i38,e09,c1,p25,l3,1.38
i38,e09,c1,p25,l4,0.00
i38,e09,c1,p26,l2,0.00
i38,e09,c1,p26,l3,0.00
i38,e09,c1,p26,l4,0.00
i38,e09,c1,p27,l2,0.00
i38,e09,c1,p27,l3,0.00
i38,e09,c1,p28,l2,0.00
i38,e09,c1,p28,l3,0.00
i38,e09,c1,p28,l4,0.00
i38,e09,c1,p29,l2,0.00
i38,e09,c1,p29,l3,1.41
i38,e09,c1,p29,l4,0.00
i38,e09,c1,p30,l2,0.00
i38,e09,c1,p30,l3,0.00
i38,e09,c1,p30,l4,0.00
i38,e09,c1,p31,l2,0.00
i38,e09,c1,p31,l3,0.00
i38,e09,c1,p31,l4,0.00
i38,e09,c1,p32,l2,0.00
i38,e09,c1,p32,l3,0.00
i38,e09,c1,p32,l4,0.00
i38,e09,c1,p33,l2,0.00
i38,e09,c1,p33,l3,0.00
i38,e09,c1,p33,l4,0.00
i38,e09,c1,p34,l2,0.00
i38,e09,c1,p34,l3,0.00
i38,e09,c1,p34,l4,0.00
i38,e09,c1,p35,l2,0.00
i38,e09,c1,p35,l3,2.34
i38,e09,c1,p35,l4,0.00
i38,e09,c4,p01,l2,0.00
i38,e09,c4,p01,l3,0.00
i38,e09,c4,p01,l4,0.00
i38,e09,c4,p02,l2,0.00
i38,e09,c4,p02,l3,0.00
i38,e09,c4,p02,l4,0.00
i38,e09,c4,p03,l2,0.00
i38,e09,c4,p03,l3,0.00
i38,e09,c4,p03,l4,0.00
i38,e09,c4,p04,l2,0.00
i38,e09,c4,p04,l3,0.00
i38,e09,c4,p04,l4,0.00
i38,e09,c4,p05,l2,0.00
i38,e09,c4,p05,l3,1.20
i38,e09,c4,p05,l4,0.00
i38,e09,c4,p06,l2,0.00
i38,e09,c4,p06,l3,0.00
i38,e09,c4,p06,l4,0.00
i38,e09,c4,p07,l2,0.00
i38,e09,c4,p07,l3,0.00
i38,e09,c4,p07,l4,0.00
i38,e09,c4,p08,l2,0.00
i38,e09,c4,p08,l3,0.00
i38,e09,c4,p08,l4,0.00
i38,e09,c4,p09,l2,0.00
i38,e09,c4,p09,l3,0.00
i38,e09,c4,p09,l4,0.00
i38,e09,c4,p10,l2,0.00
i38,e09,c4,p10,l3,0.00
i38,e09,c4,p10,l4,0.00
i38,e09,c4,p11,l2,0.00
i38,e09,c4,p11,l3,0.00
i38,e09,c4,p11,l4,0.00
i38,e09,c4,p12,l2,0.00
i38,e09,c4,p12,l3,6.01
i38,e09,c4,p12,l4,0.00
i38,e09,c4,p13,l2,0.00
i38,e09,c4,p13,l3,0.00
i38,e09,c4,p13,l4,0.00
i38,e09,c4,p14,l2,0.00
i38,e09,c4,p14,l3,0.00
i38,e09,c4,p14,l4,0.00
i38,e09,c4,p15,l2,0.00
i38,e09,c4,p15,l3,0.00
i38,e09,c4,p15,l4,0.00
i38,e09,c4,p16,l2,0.00
i38,e09,c4,p16,l3,0.00
i38,e09,c4,p16,l4,0.00
i38,e09,c4,p17,l2,0.00
i38,e09,c4,p17,l3,0.00
i38,e09,c4,p17,l4,0.00
i38,e09,c4,p18,l2,0.00
i38,e09,c4,p18,l3,0.00
i38,e09,c4,p18,l4,0.00
i38,e09,c4,p19,l2,0.00
i38,e09,c4,p19,l3,0.00
i38,e09,c4,p19,l4,0.00
i38,e09,c4,p20,l2,0.00
i38,e09,c4,p20,l3,0.00
i38,e09,c4,p20,l4,0.00
i38,e09,c4,p21,l2,0.00
i38,e09,c4,p21,l3,0.00
i38,e09,c4,p21,l4,0.00
i38,e09,c4,p22,l2,0.00
i38,e09,c4,p22,l3,0.00
i38,e09,c4,p22,l4,0.00
i38,e09,c4,p23,l2,0.00
i38,e09,c4,p23,l3,0.00
i38,e09,c4,p23,l4,0.00
i38,e09,c4,p24,l2,0.00
i38,e09,c4,p24,l3,0.00
i38,e09,c4,p24,l4,0.00
i38,e09,c4,p25,l2,0.00
i38,e09,c4,p25,l3,0.00
i38,e09,c4,p25,l4,0.00
i38,e09,c4,p26,l2,0.00
i38,e09,c4,p26,l3,0.00
i38,e09,c4,p26,l4,0.00
i38,e09,c4,p27,l2,0.00
i38,e09,c4,p27,l3,0.00
i38,e09,c4,p28,l2,0.00
i38,e09,c4,p28,l3,0.00
i38,e09,c4,p28,l4,0.00
i38,e09,c4,p29,l2,0.00
i38,e09,c4,p29,l3,0.00
i38,e09,c4,p29,l4,0.00
i38,e09,c4,p30,l2,0.00
i38,e09,c4,p30,l3,0.00
i38,e09,c4,p30,l4,0.00
i38,e09,c4,p31,l2,0.00
i38,e09,c4,p31,l3,0.00
i38,e09,c4,p31,l4,0.00
i38,e09,c4,p32,l2,0.00
i38,e09,c4,p32,l3,0.00
i38,e09,c4,p32,l4,0.00
i38,e09,c4,p33,l2,0.00
i38,e09,c4,p33,l3,0.00
i38,e09,c4,p34,l3,0.00
i38,e09,c4,p35,l2,0.00
i38,e09,c4,p35,l3,0.00
i38,e09,c4,p35,l4,0.00
i38,e09,c7,p01,l2,0.00
i38,e09,c7,p01,l3,0.00
i38,e09,c7,p01,l4,0.00
i38,e09,c7,p02,l2,0.00
i38,e09,c7,p02,l3,0.00
i38,e09,c7,p03,l2,0.00
i38,e09,c7,p03,l3,0.00
i38,e09,c7,p04,l2,0.00
i38,e09,c7,p04,l3,0.00
i38,e09,c7,p04,l4,0.00
i38,e09,c7,p05,l2,0.00
i38,e09,c7,p05,l3,0.00
i38,e09,c7,p06,l2,0.00
i38,e09,c7,p06,l3,0.00
i38,e09,c7,p07,l2,0.00
i38,e09,c7,p07,l3,0.00
i38,e09,c7,p08,l2,0.00
i38,e09,c7,p08,l3,0.00
i38,e09,c7,p09,l2,0.00
i38,e09,c7,p09,l3,0.00
i38,e09,c7,p10,l2,0.00
i38,e09,c7,p10,l3,0.00
i38,e09,c7,p10,l4,0.00
i38,e09,c7,p11,l2,0.00
i38,e09,c7,p11,l3,0.00
i38,e09,c7,p12,l2,0.00
i38,e09,c7,p12,l3,0.00
i38,e09,c7,p13,l2,0.00
i38,e09,c7,p13,l3,0.00
i38,e09,c7,p14,l2,0.00
i38,e09,c7,p14,l3,0.00
i38,e09,c7,p15,l2,0.00
i38,e09,c7,p15,l3,0.00
i38,e09,c7,p16,l2,0.00
i38,e09,c7,p16,l3,0.00
i38,e09,c7,p17,l2,0.00
i38,e09,c7,p17,l3,0.00
i38,e09,c7,p18,l2,0.00
i38,e09,c7,p18,l3,0.00
i38,e09,c7,p19,l2,0.00
i38,e09,c7,p19,l3,0.00
i38,e09,c7,p19,l4,0.00
i38,e09,c7,p20,l2,0.00
i38,e09,c7,p20,l3,0.00
i38,e09,c7,p21,l2,0.00
i38,e09,c7,p21,l3,0.00
i38,e09,c7,p21,l4,0.00
i38,e09,c7,p22,l2,0.00
i38,e09,c7,p23,l2,0.00
i38,e09,c7,p23,l3,0.00
i38,e09,c7,p24,l2,0.00
i38,e09,c7,p24,l3,0.00
i38,e09,c7,p25,l2,0.00
i38,e09,c7,p25,l3,0.00
i38,e09,c7,p26,l2,0.00
i38,e09,c7,p28,l2,0.00
i38,e09,c7,p28,l3,0.00
i38,e09,c7,p29,l2,0.00
i38,e09,c7,p29,l3,0.00
i38,e09,c7,p31,l2,0.00
i38,e09,c7,p32,l2,0.00
i38,e09,c7,p32,l3,0.00
i38,e09,c7,p34,l3,0.00
i38,e09,c7,p35,l2,0.00
i38,e09,c8,p01,l2,0.00
i38,e09,c8,p01,l3,0.00
i38,e09,c8,p01,l4,0.00
i38,e09,c8,p02,l2,0.00
i38,e09,c8,p05,l2,0.00
i38,e09,c8,p05,l4,0.00
i38,e09,c8,p06,l2,0.00
i38,e09,c8,p06,l4,0.00
i38,e09,c8,p07,l2,0.00
i38,e09,c8,p09,l2,0.00
i38,e09,c8,p10,l2,0.00
i38,e09,c8,p10,l3,0.00
i38,e09,c8,p10,l4,0.00
i38,e09,c8,p11,l2,0.00
i38,e09,c8,p12,l2,0.00
i38,e09,c8,p13,l2,0.00
i38,e09,c8,p14,l2,0.00
i38,e09,c8,p14,l3,0.00
i38,e09,c8,p15,l2,0.00
i38,e09,c8,p15,l3,0.00
i38,e09,c8,p15,l4,0.00
i38,e09,c8,p16,l2,0.00
i38,e09,c8,p19,l2,0.00
i38,e09,c8,p20,l2,0.00
i38,e09,c8,p20,l3,0.00
i38,e09,c8,p21,l2,0.00
i38,e09,c8,p23,l2,0.00
i38,e09,c8,p23,l3,0.00
i38,e09,c8,p23,l4,0.00
i38,e09,c8,p24,l2,0.00
i38,e09,c8,p28,l2,0.00
i38,e09,c8,p28,l3,0.00
i38,e09,c8,p29,l2,0.00
i38,e09,c8,p29,l3,0.00
i38,e09,c8,p31,l2,0.00
i38,e10,c1,p01,l1,17.35
i38,e10,c1,p01,l2,18.56
i38,e10,c1,p01,l3,3329.38
i38,e10,c1,p01,l4,871.05
i38,e10,c1,p02,l1,0.00
i38,e10,c1,p02,l2,1.67
i38,e10,c1,p02,l3,609.08
i38,e10,c1,p02,l4,125.79
i38,e10,c1,p03,l1,26.08
i38,e10,c1,p03,l2,9.42
i38,e10,c1,p03,l3,3171.68
i38,e10,c1,p03,l4,677.37
i38,e10,c1,p04,l1,2.15
i38,e10,c1,p04,l2,2.42
i38,e10,c1,p04,l3,718.66
i38,e10,c1,p04,l4,219.24
i38,e10,c1,p05,l1,4.03
i38,e10,c1,p05,l2,17.15
i38,e10,c1,p05,l3,1534.14
i38,e10,c1,p05,l4,295.43
i38,e10,c1,p06,l1,0.00
i38,e10,c1,p06,l2,0.00
i38,e10,c1,p06,l3,408.08
i38,e10,c1,p06,l4,119.57
i38,e10,c1,p07,l1,9.43
i38,e10,c1,p07,l2,6.24
i38,e10,c1,p07,l3,2075.32
i38,e10,c1,p07,l4,383.04
i38,e10,c1,p08,l1,2.13
i38,e10,c1,p08,l2,4.12
i38,e10,c1,p08,l3,941.67
i38,e10,c1,p08,l4,181.48
i38,e10,c1,p09,l1,5.14
i38,e10,c1,p09,l2,3.58
i38,e10,c1,p09,l3,909.24
i38,e10,c1,p09,l4,141.06
i38,e10,c1,p10,l1,17.19
i38,e10,c1,p10,l2,392.57
i38,e10,c1,p10,l3,10521.94
i38,e10,c1,p10,l4,2241.35
i38,e10,c1,p11,l1,2.14
i38,e10,c1,p11,l2,18.60
i38,e10,c1,p11,l3,3268.26
i38,e10,c1,p11,l4,577.43
i38,e10,c1,p12,l1,4.50
i38,e10,c1,p12,l2,2.13
i38,e10,c1,p12,l3,2027.27
i38,e10,c1,p12,l4,341.39
i38,e10,c1,p13,l1,5.76
i38,e10,c1,p13,l2,143.07
i38,e10,c1,p13,l3,1767.16
i38,e10,c1,p13,l4,627.33
i38,e10,c1,p14,l1,8.30
i38,e10,c1,p14,l2,4.20
i38,e10,c1,p14,l3,455.34
i38,e10,c1,p14,l4,145.47
i38,e10,c1,p15,l1,1.23
i38,e10,c1,p15,l2,9.83
i38,e10,c1,p15,l3,2533.41
i38,e10,c1,p15,l4,491.04
i38,e10,c1,p16,l1,0.00
i38,e10,c1,p16,l2,4.85
i38,e10,c1,p16,l3,1947.13
i38,e10,c1,p16,l4,352.06
i38,e10,c1,p17,l1,0.00
i38,e10,c1,p17,l2,6.09
i38,e10,c1,p17,l3,2195.08
i38,e10,c1,p17,l4,415.83
i38,e10,c1,p18,l1,0.00
i38,e10,c1,p18,l2,2.65
i38,e10,c1,p18,l3,584.31
i38,e10,c1,p18,l4,141.16
i38,e10,c1,p19,l1,10.05
i38,e10,c1,p19,l2,12.51
i38,e10,c1,p19,l3,4395.87
i38,e10,c1,p19,l4,780.05
i38,e10,c1,p20,l1,0.00
i38,e10,c1,p20,l2,1.25
i38,e10,c1,p20,l3,211.01
i38,e10,c1,p20,l4,69.01
i38,e10,c1,p21,l1,1.68
i38,e10,c1,p21,l2,6.64
i38,e10,c1,p21,l3,1157.47
i38,e10,c1,p21,l4,201.40
i38,e10,c1,p22,l1,0.00
i38,e10,c1,p22,l2,5.78
i38,e10,c1,p22,l3,289.44
i38,e10,c1,p22,l4,84.08
i38,e10,c1,p23,l1,6.11
i38,e10,c1,p23,l2,1.47
i38,e10,c1,p23,l3,457.76
i38,e10,c1,p23,l4,73.01
i38,e10,c1,p24,l1,4.13
i38,e10,c1,p24,l2,2.46
i38,e10,c1,p24,l3,930.46
i38,e10,c1,p24,l4,161.31
i38,e10,c1,p25,l1,0.00
i38,e10,c1,p25,l2,0.00
i38,e10,c1,p25,l3,70.62
i38,e10,c1,p25,l4,28.23
i38,e10,c1,p26,l1,1.02
i38,e10,c1,p26,l2,0.00
i38,e10,c1,p26,l3,116.17
i38,e10,c1,p26,l4,15.36
i38,e10,c1,p27,l1,0.00
i38,e10,c1,p27,l2,0.00
i38,e10,c1,p27,l3,0.00
i38,e10,c1,p27,l4,0.00
i38,e10,c1,p28,l1,2.05
i38,e10,c1,p28,l2,0.00
i38,e10,c1,p28,l3,132.56
i38,e10,c1,p28,l4,32.06
i38,e10,c1,p29,l1,2.07
i38,e10,c1,p29,l2,7.12
i38,e10,c1,p29,l3,454.50
i38,e10,c1,p29,l4,122.79
i38,e10,c1,p30,l1,0.00
i38,e10,c1,p30,l2,0.00
i38,e10,c1,p30,l3,0.00
i38,e10,c1,p30,l4,1.31
i38,e10,c1,p31,l1,0.00
i38,e10,c1,p31,l2,0.00
i38,e10,c1,p31,l3,4.02
i38,e10,c1,p31,l4,3.02
i38,e10,c1,p32,l1,0.00
i38,e10,c1,p32,l2,0.00
i38,e10,c1,p32,l3,551.30
i38,e10,c1,p32,l4,58.62
i38,e10,c1,p33,l1,0.00
i38,e10,c1,p33,l2,0.00
i38,e10,c1,p33,l3,0.00
i38,e10,c1,p33,l4,0.00
i38,e10,c1,p34,l1,0.00
i38,e10,c1,p34,l2,0.00
i38,e10,c1,p34,l3,4.66
i38,e10,c1,p34,l4,9.00
i38,e10,c1,p35,l1,1.37
i38,e10,c1,p35,l2,72.39
i38,e10,c1,p35,l3,221.31
i38,e10,c1,p35,l4,102.19
i38,e10,c4,p01,l1,0.00
i38,e10,c4,p01,l2,0.00
i38,e10,c4,p01,l3,118.77
i38,e10,c4,p01,l4,39.61
i38,e10,c4,p02,l1,0.00
i38,e10,c4,p02,l2,0.00
i38,e10,c4,p02,l3,20.91
i38,e10,c4,p02,l4,0.00
i38,e10,c4,p03,l1,0.00
i38,e10,c4,p03,l2,0.00
i38,e10,c4,p03,l3,16.55
i38,e10,c4,p03,l4,30.40
i38,e10,c4,p04,l1,0.00
i38,e10,c4,p04,l2,0.00
i38,e10,c4,p04,l3,0.00
i38,e10,c4,p04,l4,0.00
i38,e10,c4,p05,l1,1.69
i38,e10,c4,p05,l2,0.00
i38,e10,c4,p05,l3,5.83
i38,e10,c4,p05,l4,9.43
i38,e10,c4,p06,l1,0.00
i38,e10,c4,p06,l2,0.00
i38,e10,c4,p06,l3,8.02
i38,e10,c4,p06,l4,0.00
i38,e10,c4,p07,l1,0.00
i38,e10,c4,p07,l2,0.00
i38,e10,c4,p07,l3,70.25
i38,e10,c4,p07,l4,2.24
i38,e10,c4,p08,l1,0.00
i38,e10,c4,p08,l2,0.00
i38,e10,c4,p08,l3,0.00
i38,e10,c4,p08,l4,0.00
i38,e10,c4,p09,l1,1.08
i38,e10,c4,p09,l2,4.61
i38,e10,c4,p09,l3,45.05
i38,e10,c4,p09,l4,13.26
i38,e10,c4,p10,l1,0.00
i38,e10,c4,p10,l2,0.00
i38,e10,c4,p10,l3,209.50
i38,e10,c4,p10,l4,17.62
i38,e10,c4,p11,l1,0.00
i38,e10,c4,p11,l2,0.00
i38,e10,c4,p11,l3,80.03
i38,e10,c4,p11,l4,8.15
i38,e10,c4,p12,l1,0.00
i38,e10,c4,p12,l2,0.00
i38,e10,c4,p12,l3,32.90
i38,e10,c4,p12,l4,12.15
i38,e10,c4,p13,l1,0.00
i38,e10,c4,p13,l2,0.00
i38,e10,c4,p13,l3,0.00
i38,e10,c4,p13,l4,0.00
i38,e10,c4,p14,l1,0.00
i38,e10,c4,p14,l2,0.00
i38,e10,c4,p14,l3,0.00
i38,e10,c4,p14,l4,0.00
i38,e10,c4,p15,l1,0.00
i38,e10,c4,p15,l2,0.00
i38,e10,c4,p15,l3,155.05
i38,e10,c4,p15,l4,18.26
i38,e10,c4,p16,l1,0.00
i38,e10,c4,p16,l2,23.89
i38,e10,c4,p16,l3,6.60
i38,e10,c4,p16,l4,1.20
i38,e10,c4,p17,l1,1.50
i38,e10,c4,p17,l2,0.00
i38,e10,c4,p17,l3,14.21
i38,e10,c4,p17,l4,10.51
i38,e10,c4,p18,l1,0.00
i38,e10,c4,p18,l2,0.00
i38,e10,c4,p18,l3,0.00
i38,e10,c4,p18,l4,0.00
i38,e10,c4,p19,l1,0.00
i38,e10,c4,p19,l2,0.00
i38,e10,c4,p19,l3,14.36
i38,e10,c4,p19,l4,18.27
i38,e10,c4,p20,l1,0.00
i38,e10,c4,p20,l2,0.00
i38,e10,c4,p20,l3,0.00
i38,e10,c4,p20,l4,0.00
i38,e10,c4,p21,l1,0.00
i38,e10,c4,p21,l2,0.00
i38,e10,c4,p21,l3,4.29
i38,e10,c4,p21,l4,0.00
i38,e10,c4,p22,l1,0.00
i38,e10,c4,p22,l2,0.00
i38,e10,c4,p22,l3,13.45
i38,e10,c4,p22,l4,0.00
i38,e10,c4,p23,l1,0.00
i38,e10,c4,p23,l2,0.00
i38,e10,c4,p23,l3,0.00
i38,e10,c4,p23,l4,0.00
i38,e10,c4,p24,l1,0.00
i38,e10,c4,p24,l2,0.00
i38,e10,c4,p24,l3,0.00
i38,e10,c4,p24,l4,0.00
i38,e10,c4,p25,l1,0.00
i38,e10,c4,p25,l2,0.00
i38,e10,c4,p25,l3,79.25
i38,e10,c4,p25,l4,22.87
i38,e10,c4,p26,l1,0.00
i38,e10,c4,p26,l2,0.00
i38,e10,c4,p26,l3,55.10
i38,e10,c4,p26,l4,1.66
i38,e10,c4,p27,l2,0.00
i38,e10,c4,p27,l3,0.00
i38,e10,c4,p27,l4,0.00
i38,e10,c4,p28,l1,0.00
i38,e10,c4,p28,l2,0.00
i38,e10,c4,p28,l3,0.00
i38,e10,c4,p28,l4,0.00
i38,e10,c4,p29,l1,0.00
i38,e10,c4,p29,l2,0.00
i38,e10,c4,p29,l3,0.00
i38,e10,c4,p29,l4,0.00
i38,e10,c4,p30,l1,0.00
i38,e10,c4,p30,l2,0.00
i38,e10,c4,p30,l3,0.00
i38,e10,c4,p30,l4,0.00
i38,e10,c4,p31,l1,0.00
i38,e10,c4,p31,l2,0.00
i38,e10,c4,p31,l3,0.00
i38,e10,c4,p31,l4,0.00
i38,e10,c4,p32,l1,0.00
i38,e10,c4,p32,l2,0.00
i38,e10,c4,p32,l3,0.00
i38,e10,c4,p32,l4,0.00
i38,e10,c4,p33,l1,0.00
i38,e10,c4,p33,l2,0.00
i38,e10,c4,p33,l3,0.00
i38,e10,c4,p33,l4,0.00
i38,e10,c4,p34,l1,0.00
i38,e10,c4,p34,l2,0.00
i38,e10,c4,p34,l3,0.00
i38,e10,c4,p34,l4,0.00
i38,e10,c4,p35,l1,0.00
i38,e10,c4,p35,l2,0.00
i38,e10,c4,p35,l3,0.00
i38,e10,c4,p35,l4,0.00
i38,e10,c7,p01,l1,0.00
i38,e10,c7,p01,l2,0.00
i38,e10,c7,p01,l3,0.00
i38,e10,c7,p01,l4,0.00
i38,e10,c7,p02,l1,0.00
i38,e10,c7,p02,l2,0.00
i38,e10,c7,p02,l3,0.00
i38,e10,c7,p02,l4,0.00
i38,e10,c7,p03,l1,0.00
i38,e10,c7,p03,l2,0.00
i38,e10,c7,p03,l3,0.00
i38,e10,c7,p03,l4,0.00
i38,e10,c7,p04,l1,0.00
i38,e10,c7,p04,l2,0.00
i38,e10,c7,p04,l3,0.00
i38,e10,c7,p04,l4,0.00
i38,e10,c7,p05,l1,0.00
i38,e10,c7,p05,l2,0.00
i38,e10,c7,p05,l3,0.00
i38,e10,c7,p05,l4,0.00
i38,e10,c7,p06,l1,0.00
i38,e10,c7,p06,l2,0.00
i38,e10,c7,p06,l3,0.00
i38,e10,c7,p06,l4,0.00
i38,e10,c7,p07,l1,0.00
i38,e10,c7,p07,l2,0.00
i38,e10,c7,p07,l3,0.00
i38,e10,c7,p07,l4,0.00
i38,e10,c7,p08,l1,0.00
i38,e10,c7,p08,l2,0.00
i38,e10,c7,p08,l3,0.00
i38,e10,c7,p08,l4,0.00
i38,e10,c7,p09,l1,0.00
i38,e10,c7,p09,l2,0.00
i38,e10,c7,p09,l3,0.00
i38,e10,c7,p09,l4,0.00
i38,e10,c7,p10,l1,0.00
i38,e10,c7,p10,l2,0.00
i38,e10,c7,p10,l3,0.00
i38,e10,c7,p10,l4,0.00
i38,e10,c7,p11,l1,0.00
i38,e10,c7,p11,l2,0.00
i38,e10,c7,p11,l3,0.00
i38,e10,c7,p11,l4,0.00
i38,e10,c7,p12,l1,0.00
i38,e10,c7,p12,l2,0.00
i38,e10,c7,p12,l3,0.00
i38,e10,c7,p12,l4,0.00
i38,e10,c7,p13,l1,0.00
i38,e10,c7,p13,l2,0.00
i38,e10,c7,p13,l3,0.00
i38,e10,c7,p13,l4,0.00
i38,e10,c7,p14,l1,0.00
i38,e10,c7,p14,l2,0.00
i38,e10,c7,p14,l3,0.00
i38,e10,c7,p14,l4,0.00
i38,e10,c7,p15,l1,0.00
i38,e10,c7,p15,l2,0.00
i38,e10,c7,p15,l3,0.00
i38,e10,c7,p15,l4,0.00
i38,e10,c7,p16,l1,0.00
i38,e10,c7,p16,l2,0.00
i38,e10,c7,p16,l3,0.00
i38,e10,c7,p16,l4,0.00
i38,e10,c7,p17,l1,0.00
i38,e10,c7,p17,l2,0.00
i38,e10,c7,p17,l3,0.00
i38,e10,c7,p17,l4,0.00
i38,e10,c7,p18,l1,0.00
i38,e10,c7,p18,l2,0.00
i38,e10,c7,p18,l3,0.00
i38,e10,c7,p18,l4,0.00
i38,e10,c7,p19,l1,0.00
i38,e10,c7,p19,l2,0.00
i38,e10,c7,p19,l3,0.00
i38,e10,c7,p19,l4,0.00
i38,e10,c7,p20,l1,0.00
i38,e10,c7,p20,l2,0.00
i38,e10,c7,p20,l3,0.00
i38,e10,c7,p20,l4,0.00
i38,e10,c7,p21,l1,0.00
i38,e10,c7,p21,l2,0.00
i38,e10,c7,p21,l3,0.00
i38,e10,c7,p21,l4,0.00
i38,e10,c7,p22,l1,0.00
i38,e10,c7,p22,l2,0.00
i38,e10,c7,p22,l3,0.00
i38,e10,c7,p22,l4,0.00
i38,e10,c7,p23,l1,0.00
i38,e10,c7,p23,l2,0.00
i38,e10,c7,p23,l3,0.00
i38,e10,c7,p23,l4,0.00
i38,e10,c7,p24,l1,0.00
i38,e10,c7,p24,l2,0.00
i38,e10,c7,p24,l3,0.00
i38,e10,c7,p24,l4,0.00
i38,e10,c7,p25,l1,0.00
i38,e10,c7,p25,l2,0.00
i38,e10,c7,p25,l3,0.00
i38,e10,c7,p25,l4,0.00
i38,e10,c7,p26,l1,0.00
i38,e10,c7,p26,l2,0.00
i38,e10,c7,p26,l3,0.00
i38,e10,c7,p26,l4,0.00
i38,e10,c7,p28,l1,0.00
i38,e10,c7,p28,l2,0.00
i38,e10,c7,p28,l3,0.00
i38,e10,c7,p28,l4,0.00
i38,e10,c7,p29,l1,0.00
i38,e10,c7,p29,l2,0.00
i38,e10,c7,p29,l3,0.00
i38,e10,c7,p29,l4,0.00
i38,e10,c7,p31,l2,0.00
i38,e10,c7,p31,l3,0.00
i38,e10,c7,p31,l4,0.00
i38,e10,c7,p32,l1,0.00
i38,e10,c7,p32,l2,0.00
i38,e10,c7,p32,l3,0.00
i38,e10,c7,p32,l4,0.00
i38,e10,c7,p34,l1,0.00
i38,e10,c7,p34,l2,0.00
i38,e10,c7,p34,l3,0.00
i38,e10,c7,p34,l4,0.00
i38,e10,c7,p35,l1,0.00
i38,e10,c7,p35,l2,0.00
i38,e10,c7,p35,l3,0.00
i38,e10,c7,p35,l4,0.00
i38,e10,c8,p01,l2,0.00
i38,e10,c8,p01,l3,0.00
i38,e10,c8,p01,l4,0.00
i38,e10,c8,p02,l2,0.00
i38,e10,c8,p02,l3,0.00
i38,e10,c8,p02,l4,0.00
i38,e10,c8,p03,l3,0.00
i38,e10,c8,p03,l4,0.00
i38,e10,c8,p05,l2,0.00
i38,e10,c8,p05,l3,0.00
i38,e10,c8,p05,l4,0.00
i38,e10,c8,p06,l3,0.00
i38,e10,c8,p06,l4,0.00
i38,e10,c8,p07,l2,0.00
i38,e10,c8,p07,l3,0.00
i38,e10,c8,p07,l4,0.00
i38,e10,c8,p09,l3,0.00
i38,e10,c8,p09,l4,0.00
i38,e10,c8,p10,l2,0.00
i38,e10,c8,p10,l3,0.00
i38,e10,c8,p10,l4,0.00
i38,e10,c8,p11,l2,0.00
i38,e10,c8,p11,l3,0.00
i38,e10,c8,p11,l4,0.00
i38,e10,c8,p12,l2,0.00
i38,e10,c8,p12,l3,0.00
i38,e10,c8,p12,l4,0.00
i38,e10,c8,p13,l1,0.00
i38,e10,c8,p13,l3,0.00
i38,e10,c8,p13,l4,0.00
i38,e10,c8,p14,l2,0.00
i38,e10,c8,p14,l3,0.00
i38,e10,c8,p14,l4,0.00
i38,e10,c8,p15,l2,0.00
i38,e10,c8,p15,l3,0.00
i38,e10,c8,p15,l4,0.00
i38,e10,c8,p16,l3,0.00
i38,e10,c8,p16,l4,0.00
i38,e10,c8,p17,l2,0.00
i38,e10,c8,p17,l3,0.00
i38,e10,c8,p17,l4,0.00
i38,e10,c8,p18,l2,0.00
i38,e10,c8,p18,l3,0.00
i38,e10,c8,p18,l4,0.00
i38,e10,c8,p19,l3,0.00
i38,e10,c8,p19,l4,0.00
i38,e10,c8,p20,l3,0.00
i38,e10,c8,p20,l4,0.00
i38,e10,c8,p21,l3,0.00
i38,e10,c8,p21,l4,0.00
i38,e10,c8,p23,l2,0.00
i38,e10,c8,p23,l3,0.00
i38,e10,c8,p23,l4,0.00
i38,e10,c8,p24,l3,0.00
i38,e10,c8,p24,l4,0.00
i38,e10,c8,p26,l3,0.00
i38,e10,c8,p26,l4,0.00
i38,e10,c8,p28,l2,0.00
i38,e10,c8,p28,l3,0.00
i38,e10,c8,p28,l4,0.00
i38,e10,c8,p29,l3,0.00
i38,e10,c8,p29,l4,0.00
i38,e10,c8,p31,l3,0.00
i38,e10,c8,p31,l4,0.00
i38,e11,c1,p01,l2,6.02
i38,e11,c1,p01,l3,0.00
i38,e11,c1,p01,l4,76.40
i38,e11,c1,p02,l2,2.00
i38,e11,c1,p02,l3,0.00
i38,e11,c1,p02,l4,14.03
i38,e11,c1,p03,l2,4.18
i38,e11,c1,p03,l3,0.00
i38,e11,c1,p03,l4,58.86
i38,e11,c1,p04,l2,1.85
i38,e11,c1,p04,l3,0.00
i38,e11,c1,p04,l4,22.03
i38,e11,c1,p05,l2,0.00
i38,e11,c1,p05,l3,0.00
i38,e11,c1,p05,l4,27.60
i38,e11,c1,p06,l2,0.00
i38,e11,c1,p06,l3,0.00
i38,e11,c1,p06,l4,15.70
i38,e11,c1,p07,l2,1.64
i38,e11,c1,p07,l3,0.00
i38,e11,c1,p07,l4,36.63
i38,e11,c1,p08,l2,0.00
i38,e11,c1,p08,l3,0.00
i38,e11,c1,p08,l4,14.33
i38,e11,c1,p09,l2,2.82
i38,e11,c1,p09,l3,0.00
i38,e11,c1,p09,l4,15.41
i38,e11,c1,p10,l2,6.58
i38,e11,c1,p10,l3,0.00
i38,e11,c1,p10,l4,202.02
i38,e11,c1,p11,l2,0.00
i38,e11,c1,p11,l3,0.00
i38,e11,c1,p11,l4,54.25
i38,e11,c1,p12,l2,0.00
i38,e11,c1,p12,l3,0.00
i38,e11,c1,p12,l4,33.63
i38,e11,c1,p13,l2,0.00
i38,e11,c1,p13,l3,0.00
i38,e11,c1,p13,l4,44.03
i38,e11,c1,p14,l2,0.00
i38,e11,c1,p14,l3,0.00
i38,e11,c1,p14,l4,15.35
i38,e11,c1,p15,l2,2.39
i38,e11,c1,p15,l3,0.00
i38,e11,c1,p15,l4,44.09
i38,e11,c1,p16,l2,1.28
i38,e11,c1,p16,l3,0.00
i38,e11,c1,p16,l4,39.22
i38,e11,c1,p17,l2,0.00
i38,e11,c1,p17,l3,0.00
i38,e11,c1,p17,l4,36.85
i38,e11,c1,p18,l2,2.43
i38,e11,c1,p18,l3,0.00
i38,e11,c1,p18,l4,14.25
i38,e11,c1,p19,l2,1.46
i38,e11,c1,p19,l3,0.00
i38,e11,c1,p19,l4,67.42
i38,e11,c1,p20,l2,0.00
i38,e11,c1,p20,l3,0.00
i38,e11,c1,p20,l4,8.39
i38,e11,c1,p21,l2,0.00
i38,e11,c1,p21,l3,0.00
i38,e11,c1,p21,l4,21.23
i38,e11,c1,p22,l2,1.22
i38,e11,c1,p22,l3,0.00
i38,e11,c1,p22,l4,8.95
i38,e11,c1,p23,l2,0.00
i38,e11,c1,p23,l3,0.00
i38,e11,c1,p23,l4,6.69
i38,e11,c1,p24,l2,1.50
i38,e11,c1,p24,l3,0.00
i38,e11,c1,p24,l4,12.07
i38,e11,c1,p25,l2,0.00
i38,e11,c1,p25,l3,0.00
i38,e11,c1,p25,l4,2.19
i38,e11,c1,p26,l2,0.00
i38,e11,c1,p26,l3,0.00
i38,e11,c1,p26,l4,1.27
i38,e11,c1,p27,l2,0.00
i38,e11,c1,p27,l3,0.00
i38,e11,c1,p27,l4,0.00
i38,e11,c1,p28,l2,0.00
i38,e11,c1,p28,l3,0.00
i38,e11,c1,p28,l4,4.37
i38,e11,c1,p29,l2,0.00
i38,e11,c1,p29,l3,0.00
i38,e11,c1,p29,l4,11.78
i38,e11,c1,p30,l2,0.00
i38,e11,c1,p30,l3,0.00
i38,e11,c1,p30,l4,0.00
i38,e11,c1,p31,l2,0.00
i38,e11,c1,p31,l3,0.00
i38,e11,c1,p31,l4,0.00
i38,e11,c1,p32,l2,2.13
i38,e11,c1,p32,l3,0.00
i38,e11,c1,p32,l4,11.48
i38,e11,c1,p33,l2,0.00
i38,e11,c1,p33,l3,0.00
i38,e11,c1,p33,l4,0.00
i38,e11,c1,p34,l2,0.00
i38,e11,c1,p34,l3,0.00
i38,e11,c1,p34,l4,1.16
i38,e11,c1,p35,l2,0.00
i38,e11,c1,p35,l3,0.00
i38,e11,c1,p35,l4,9.49
i38,e11,c4,p01,l2,0.00
i38,e11,c4,p01,l3,0.00
i38,e11,c4,p01,l4,5.00
i38,e11,c4,p02,l2,0.00
i38,e11,c4,p02,l3,0.00
i38,e11,c4,p02,l4,0.00
i38,e11,c4,p03,l2,0.00
i38,e11,c4,p03,l3,0.00
i38,e11,c4,p03,l4,4.73
i38,e11,c4,p04,l2,0.00
i38,e11,c4,p04,l3,0.00
i38,e11,c4,p04,l4,0.00
i38,e11,c4,p05,l2,0.00
i38,e11,c4,p05,l3,0.00
i38,e11,c4,p05,l4,1.70
i38,e11,c4,p06,l2,0.00
i38,e11,c4,p06,l3,0.00
i38,e11,c4,p06,l4,0.00
i38,e11,c4,p07,l2,0.00
i38,e11,c4,p07,l3,0.00
i38,e11,c4,p07,l4,0.00
i38,e11,c4,p08,l2,0.00
i38,e11,c4,p08,l3,0.00
i38,e11,c4,p08,l4,0.00
i38,e11,c4,p09,l2,0.00
i38,e11,c4,p09,l3,0.00
i38,e11,c4,p09,l4,1.29
i38,e11,c4,p10,l2,0.00
i38,e11,c4,p10,l3,0.00
i38,e11,c4,p10,l4,1.49
i38,e11,c4,p11,l2,0.00
i38,e11,c4,p11,l3,0.00
i38,e11,c4,p11,l4,1.45
i38,e11,c4,p12,l2,0.00
i38,e11,c4,p12,l3,0.00
i38,e11,c4,p12,l4,1.77
i38,e11,c4,p13,l2,0.00
i38,e11,c4,p13,l3,0.00
i38,e11,c4,p13,l4,0.00
i38,e11,c4,p14,l2,0.00
i38,e11,c4,p14,l3,0.00
i38,e11,c4,p14,l4,0.00
i38,e11,c4,p15,l2,0.00
i38,e11,c4,p15,l3,0.00
i38,e11,c4,p15,l4,1.66
i38,e11,c4,p16,l2,0.00
i38,e11,c4,p16,l3,0.00
i38,e11,c4,p16,l4,0.00
i38,e11,c4,p17,l2,0.00
i38,e11,c4,p17,l3,0.00
i38,e11,c4,p17,l4,1.21
i38,e11,c4,p18,l2,0.00
i38,e11,c4,p18,l3,0.00
i38,e11,c4,p18,l4,0.00
i38,e11,c4,p19,l2,0.00
i38,e11,c4,p19,l3,0.00
i38,e11,c4,p19,l4,2.09
i38,e11,c4,p20,l2,0.00
i38,e11,c4,p20,l3,0.00
i38,e11,c4,p20,l4,0.00
i38,e11,c4,p21,l2,0.00
i38,e11,c4,p21,l3,0.00
i38,e11,c4,p21,l4,0.00
i38,e11,c4,p22,l2,0.00
i38,e11,c4,p22,l3,0.00
i38,e11,c4,p22,l4,0.00
i38,e11,c4,p23,l2,0.00
i38,e11,c4,p23,l3,0.00
i38,e11,c4,p23,l4,0.00
i38,e11,c4,p24,l2,0.00
i38,e11,c4,p24,l3,0.00
i38,e11,c4,p24,l4,0.00
i38,e11,c4,p25,l2,0.00
i38,e11,c4,p25,l3,0.00
i38,e11,c4,p25,l4,0.00
i38,e11,c4,p26,l2,0.00
i38,e11,c4,p26,l4,0.00
i38,e11,c4,p27,l2,0.00
i38,e11,c4,p27,l4,0.00
i38,e11,c4,p28,l2,0.00
i38,e11,c4,p28,l3,0.00
i38,e11,c4,p28,l4,0.00
i38,e11,c4,p29,l2,0.00
i38,e11,c4,p29,l3,0.00
i38,e11,c4,p29,l4,0.00
i38,e11,c4,p30,l2,0.00
i38,e11,c4,p30,l3,0.00
i38,e11,c4,p30,l4,0.00
i38,e11,c4,p31,l2,0.00
i38,e11,c4,p31,l3,0.00
i38,e11,c4,p31,l4,0.00
i38,e11,c4,p32,l2,0.00
i38,e11,c4,p32,l3,0.00
i38,e11,c4,p32,l4,0.00
i38,e11,c4,p33,l2,0.00
i38,e11,c4,p33,l4,0.00
i38,e11,c4,p34,l2,0.00
i38,e11,c4,p34,l4,0.00
i38,e11,c4,p35,l2,0.00
i38,e11,c4,p35,l3,0.00
i38,e11,c4,p35,l4,0.00
i38,e11,c7,p01,l2,0.00
i38,e11,c7,p01,l4,0.00
i38,e11,c7,p02,l2,0.00
i38,e11,c7,p02,l4,0.00
i38,e11,c7,p03,l2,0.00
i38,e11,c7,p03,l4,0.00
i38,e11,c7,p04,l2,0.00
i38,e11,c7,p04,l4,0.00
i38,e11,c7,p05,l2,0.00
i38,e11,c7,p05,l3,0.00
i38,e11,c7,p05,l4,0.00
i38,e11,c7,p06,l2,0.00
i38,e11,c7,p06,l4,0.00
i38,e11,c7,p07,l2,0.00
i38,e11,c7,p07,l4,0.00
i38,e11,c7,p08,l2,0.00
i38,e11,c7,p08,l4,0.00
i38,e11,c7,p09,l2,0.00
i38,e11,c7,p09,l4,0.00
i38,e11,c7,p10,l2,0.00
i38,e11,c7,p10,l3,0.00
i38,e11,c7,p10,l4,0.00
i38,e11,c7,p11,l2,0.00
i38,e11,c7,p11,l4,0.00
i38,e11,c7,p12,l2,0.00
i38,e11,c7,p12,l3,0.00
i38,e11,c7,p12,l4,0.00
i38,e11,c7,p13,l2,0.00
i38,e11,c7,p13,l4,0.00
i38,e11,c7,p14,l2,0.00
i38,e11,c7,p14,l4,0.00
i38,e11,c7,p15,l2,0.00
i38,e11,c7,p15,l4,0.00
i38,e11,c7,p16,l2,0.00
i38,e11,c7,p16,l3,0.00
i38,e11,c7,p16,l4,0.00
i38,e11,c7,p17,l2,0.00
i38,e11,c7,p17,l3,0.00
i38,e11,c7,p17,l4,0.00
i38,e11,c7,p18,l2,0.00
i38,e11,c7,p18,l4,0.00
i38,e11,c7,p19,l2,0.00
i38,e11,c7,p19,l3,0.00
i38,e11,c7,p19,l4,0.00
i38,e11,c7,p20,l2,0.00
i38,e11,c7,p20,l4,0.00
i38,e11,c7,p21,l2,0.00
i38,e11,c7,p21,l3,0.00
i38,e11,c7,p21,l4,0.00
i38,e11,c7,p22,l2,0.00
i38,e11,c7,p22,l4,0.00
i38,e11,c7,p23,l2,0.00
i38,e11,c7,p23,l4,0.00
i38,e11,c7,p24,l2,0.00
i38,e11,c7,p24,l4,0.00
i38,e11,c7,p25,l2,0.00
i38,e11,c7,p25,l4,0.00
i38,e11,c7,p26,l2,0.00
i38,e11,c7,p26,l4,0.00
i38,e11,c7,p28,l2,0.00
i38,e11,c7,p28,l4,0.00
i38,e11,c7,p29,l2,0.00
i38,e11,c7,p29,l4,0.00
i38,e11,c7,p31,l2,0.00
i38,e11,c7,p32,l2,0.00
i38,e11,c7,p32,l4,0.00
i38,e11,c7,p34,l2,0.00
i38,e11,c7,p34,l4,0.00
i38,e11,c7,p35,l2,0.00
i38,e11,c7,p35,l4,0.00
i38,e11,c8,p01,l4,0.00
i38,e11,c8,p02,l4,0.00
i38,e11,c8,p03,l4,0.00
i38,e11,c8,p05,l4,0.00
i38,e11,c8,p06,l4,0.00
i38,e11,c8,p07,l4,0.00
i38,e11,c8,p09,l4,0.00
i38,e11,c8,p10,l2,0.00
i38,e11,c8,p10,l4,0.00
i38,e11,c8,p11,l4,0.00
i38,e11,c8,p12,l2,0.00
i38,e11,c8,p12,l4,0.00
i38,e11,c8,p13,l2,0.00
i38,e11,c8,p13,l4,0.00
i38,e11,c8,p14,l4,0.00
i38,e11,c8,p15,l4,0.00
i38,e11,c8,p16,l4,0.00
i38,e11,c8,p17,l4,0.00
i38,e11,c8,p19,l2,0.00
i38,e11,c8,p19,l4,0.00
i38,e11,c8,p20,l4,0.00
i38,e11,c8,p21,l4,0.00
i38,e11,c8,p23,l4,0.00
i38,e11,c8,p24,l4,0.00
i38,e11,c8,p26,l4,0.00
i38,e11,c8,p28,l2,0.00
i38,e11,c8,p28,l4,0.00
i38,e11,c8,p29,l4,0.00
i38,e11,c8,p31,l4,0.00
i38,e12,c1,p01,l3,1.12
i38,e12,c1,p02,l3,0.00
i38,e12,c1,p03,l3,1.57
i38,e12,c1,p04,l3,0.00
i38,e12,c1,p05,l3,0.00
i38,e12,c1,p06,l3,0.00
i38,e12,c1,p07,l3,0.00
i38,e12,c1,p08,l3,0.00
i38,e12,c1,p09,l3,0.00
i38,e12,c1,p10,l3,7.37
i38,e12,c1,p11,l3,2.23
i38,e12,c1,p12,l3,0.00
i38,e12,c1,p13,l3,0.00
i38,e12,c1,p14,l3,0.00
i38,e12,c1,p15,l3,5.40
i38,e12,c1,p16,l3,0.00
i38,e12,c1,p17,l3,1.11
i38,e12,c1,p18,l3,0.00
i38,e12,c1,p19,l3,0.00
i38,e12,c1,p20,l3,0.00
i38,e12,c1,p21,l3,1.26
i38,e12,c1,p22,l3,1.03
i38,e12,c1,p23,l3,0.00
i38,e12,c1,p24,l3,0.00
i38,e12,c1,p25,l3,0.00
i38,e12,c1,p26,l3,0.00
i38,e12,c1,p27,l3,0.00
i38,e12,c1,p28,l3,0.00
i38,e12,c1,p29,l3,0.00
i38,e12,c1,p30,l3,0.00
i38,e12,c1,p31,l3,0.00
i38,e12,c1,p32,l3,0.00
i38,e12,c1,p33,l3,0.00
i38,e12,c1,p34,l3,0.00
i38,e12,c1,p35,l3,0.00
i38,e12,c4,p01,l3,0.00
i38,e12,c4,p02,l3,0.00
i38,e12,c4,p03,l3,0.00
i38,e12,c4,p04,l3,0.00
i38,e12,c4,p05,l3,0.00
i38,e12,c4,p06,l3,0.00
i38,e12,c4,p07,l3,0.00
i38,e12,c4,p08,l3,0.00
i38,e12,c4,p09,l3,0.00
i38,e12,c4,p10,l3,0.00
i38,e12,c4,p11,l3,0.00
i38,e12,c4,p12,l3,0.00
i38,e12,c4,p13,l3,0.00
i38,e12,c4,p14,l3,0.00
i38,e12,c4,p15,l3,0.00
i38,e12,c4,p16,l3,0.00
i38,e12,c4,p17,l3,0.00
i38,e12,c4,p18,l3,0.00
i38,e12,c4,p19,l3,0.00
i38,e12,c4,p20,l3,0.00
i38,e12,c4,p21,l3,0.00
i38,e12,c4,p22,l3,0.00
i38,e12,c4,p23,l3,0.00
i38,e12,c4,p24,l3,0.00
i38,e12,c4,p25,l3,0.00
i38,e12,c4,p26,l3,0.00
i38,e12,c4,p28,l3,0.00
i38,e12,c4,p29,l3,0.00
i38,e12,c4,p30,l3,0.00
i38,e12,c4,p31,l3,0.00
i38,e12,c4,p32,l3,0.00
i38,e12,c4,p33,l3,0.00
i38,e12,c4,p35,l3,0.00
i38,e12,c7,p01,l3,0.00
i38,e12,c7,p02,l3,0.00
i38,e12,c7,p03,l3,0.00
i38,e12,c7,p04,l3,0.00
i38,e12,c7,p05,l3,0.00
i38,e12,c7,p07,l3,0.00
i38,e12,c7,p09,l3,0.00
i38,e12,c7,p10,l3,0.00
i38,e12,c7,p11,l3,0.00
i38,e12,c7,p12,l3,0.00
i38,e12,c7,p13,l3,0.00
i38,e12,c7,p15,l3,0.00
i38,e12,c7,p16,l3,0.00
i38,e12,c7,p17,l3,0.00
i38,e12,c7,p18,l3,0.00
i38,e12,c7,p19,l3,0.00
i38,e12,c7,p21,l3,0.00
i38,e12,c7,p22,l3,0.00
i38,e12,c7,p23,l3,0.00
i38,e12,c7,p24,l3,0.00
i38,e12,c7,p28,l3,0.00
i38,e12,c7,p29,l3,0.00
i38,e12,c7,p35,l3,0.00
i39,e01,c3,p01,l3,0.00
i39,e01,c3,p02,l3,0.00
i39,e01,c3,p03,l3,0.00
i39,e01,c3,p04,l3,0.00
i39,e01,c3,p07,l3,0.00
i39,e01,c3,p10,l3,0.00
i39,e01,c3,p12,l3,0.00
i39,e01,c3,p15,l3,0.00
i39,e01,c3,p17,l3,0.00
i39,e01,c3,p19,l3,0.00
i39,e01,c3,p20,l3,0.00
i39,e01,c3,p21,l3,0.00
i39,e01,c3,p25,l3,0.00
i39,e01,c3,p29,l3,0.00
i39,e01,c3,p35,l3,0.00
i39,e01,c5,p01,l3,0.00
i39,e01,c5,p02,l3,0.00
i39,e01,c5,p03,l3,0.00
i39,e01,c5,p04,l3,0.00
i39,e01,c5,p05,l3,1.11
i39,e01,c5,p06,l3,0.00
i39,e01,c5,p07,l3,0.00
i39,e01,c5,p08,l3,0.00
i39,e01,c5,p09,l3,0.00
i39,e01,c5,p10,l3,0.00
i39,e01,c5,p11,l3,0.00
i39,e01,c5,p12,l3,0.00
i39,e01,c5,p13,l3,0.00
i39,e01,c5,p14,l3,0.00
i39,e01,c5,p15,l3,0.00
i39,e01,c5,p16,l3,0.00
i39,e01,c5,p17,l3,1.25
i39,e01,c5,p18,l3,0.00
i39,e01,c5,p19,l3,2.03
i39,e01,c5,p20,l3,0.00
i39,e01,c5,p21,l3,0.00
i39,e01,c5,p22,l3,0.00
i39,e01,c5,p23,l3,0.00
i39,e01,c5,p24,l3,0.00
i39,e01,c5,p25,l3,0.00
i39,e01,c5,p26,l3,0.00
i39,e01,c5,p28,l3,0.00
i39,e01,c5,p29,l3,0.00
i39,e01,c5,p30,l3,0.00
i39,e01,c5,p31,l3,0.00
i39,e01,c5,p32,l3,0.00
i39,e01,c5,p35,l3,5.17
i39,e04,c3,p01,l1,0.00
i39,e04,c3,p01,l3,0.00
i39,e04,c3,p02,l1,0.00
i39,e04,c3,p02,l3,0.00
i39,e04,c3,p03,l1,0.00
i39,e04,c3,p03,l3,0.00
i39,e04,c3,p04,l3,0.00
i39,e04,c3,p07,l1,0.00
i39,e04,c3,p07,l3,0.00
i39,e04,c3,p10,l1,0.00
i39,e04,c3,p10,l3,0.00
i39,e04,c3,p12,l1,0.00
i39,e04,c3,p12,l3,0.00
i39,e04,c3,p15,l3,0.00
i39,e04,c3,p17,l1,0.00
i39,e04,c3,p17,l3,0.00
i39,e04,c3,p19,l1,0.00
i39,e04,c3,p19,l3,0.00
i39,e04,c3,p20,l3,0.00
i39,e04,c3,p21,l1,0.00
i39,e04,c3,p21,l3,0.00
i39,e04,c3,p23,l1,0.00
i39,e04,c3,p23,l3,0.00
i39,e04,c3,p25,l1,0.00
i39,e04,c3,p25,l3,0.00
i39,e04,c3,p29,l3,0.00
i39,e04,c3,p35,l1,0.00
i39,e04,c3,p35,l3,0.00
i39,e04,c5,p01,l1,0.00
i39,e04,c5,p01,l3,1.81
i39,e04,c5,p02,l1,0.00
i39,e04,c5,p02,l3,0.00
i39,e04,c5,p03,l1,0.00
i39,e04,c5,p03,l3,1.33
i39,e04,c5,p04,l1,0.00
i39,e04,c5,p04,l3,0.00
i39,e04,c5,p05,l1,0.00
i39,e04,c5,p05,l3,2.30
i39,e04,c5,p06,l1,0.00
i39,e04,c5,p06,l3,0.00
i39,e04,c5,p07,l1,0.00
i39,e04,c5,p07,l3,0.00
i39,e04,c5,p08,l1,0.00
i39,e04,c5,p08,l3,0.00
i39,e04,c5,p09,l1,0.00
i39,e04,c5,p09,l3,0.00
i39,e04,c5,p10,l1,0.00
i39,e04,c5,p10,l3,2.53
i39,e04,c5,p11,l1,0.00
i39,e04,c5,p11,l3,0.00
i39,e04,c5,p12,l1,0.00
i39,e04,c5,p12,l3,0.00
i39,e04,c5,p13,l1,0.00
i39,e04,c5,p13,l3,0.00
i39,e04,c5,p14,l1,0.00
i39,e04,c5,p14,l3,3.16
i39,e04,c5,p15,l1,0.00
i39,e04,c5,p15,l3,4.23
i39,e04,c5,p16,l1,0.00
i39,e04,c5,p16,l3,2.35
i39,e04,c5,p17,l1,0.00
i39,e04,c5,p17,l3,0.00
i39,e04,c5,p18,l1,0.00
i39,e04,c5,p18,l3,1.76
i39,e04,c5,p19,l1,0.00
i39,e04,c5,p19,l3,3.01
i39,e04,c5,p20,l1,0.00
i39,e04,c5,p20,l3,0.00
i39,e04,c5,p21,l1,0.00
i39,e04,c5,p21,l3,0.00
i39,e04,c5,p22,l1,0.00
i39,e04,c5,p22,l3,0.00
i39,e04,c5,p23,l1,0.00
i39,e04,c5,p23,l3,0.00
i39,e04,c5,p24,l1,0.00
i39,e04,c5,p24,l3,0.00
i39,e04,c5,p25,l1,0.00
i39,e04,c5,p25,l3,0.00
i39,e04,c5,p26,l1,0.00
i39,e04,c5,p26,l3,0.00
i39,e04,c5,p28,l1,0.00
i39,e04,c5,p28,l3,0.00
i39,e04,c5,p29,l1,0.00
i39,e04,c5,p29,l3,7.83
i39,e04,c5,p30,l1,0.00
i39,e04,c5,p30,l3,0.00
i39,e04,c5,p31,l1,0.00
i39,e04,c5,p31,l3,0.00
i39,e04,c5,p32,l1,0.00
i39,e04,c5,p32,l3,3.13
i39,e04,c5,p35,l1,0.00
i39,e04,c5,p35,l3,11.07
i39,e05,c3,p02,l1,0.00
i39,e05,c3,p02,l3,0.00
i39,e05,c3,p03,l3,0.00
i39,e05,c3,p12,l3,0.00
i39,e05,c3,p35,l1,0.00
i39,e05,c3,p35,l3,0.00
i39,e05,c5,p01,l1,0.00
i39,e05,c5,p01,l3,0.00
i39,e05,c5,p02,l1,0.00
i39,e05,c5,p02,l3,0.00
i39,e05,c5,p03,l1,0.00
i39,e05,c5,p03,l3,0.00
i39,e05,c5,p04,l1,0.00
i39,e05,c5,p04,l3,0.00
i39,e05,c5,p05,l1,0.00
i39,e05,c5,p05,l3,0.00
i39,e05,c5,p06,l1,0.00
i39,e05,c5,p06,l3,0.00
i39,e05,c5,p07,l1,0.00
i39,e05,c5,p07,l3,0.00
i39,e05,c5,p08,l1,0.00
i39,e05,c5,p08,l3,0.00
i39,e05,c5,p09,l1,0.00
i39,e05,c5,p09,l3,0.00
i39,e05,c5,p10,l1,0.00
i39,e05,c5,p10,l3,0.00
i39,e05,c5,p11,l1,0.00
i39,e05,c5,p11,l3,0.00
i39,e05,c5,p12,l1,0.00
i39,e05,c5,p12,l3,0.00
i39,e05,c5,p13,l1,0.00
i39,e05,c5,p13,l3,0.00
i39,e05,c5,p14,l1,0.00
i39,e05,c5,p14,l3,0.00
i39,e05,c5,p15,l1,0.00
i39,e05,c5,p15,l3,0.00
i39,e05,c5,p16,l1,0.00
i39,e05,c5,p16,l3,0.00
i39,e05,c5,p17,l1,0.00
i39,e05,c5,p17,l3,0.00
i39,e05,c5,p18,l1,0.00
i39,e05,c5,p18,l3,0.00
i39,e05,c5,p19,l1,0.00
i39,e05,c5,p19,l3,0.00
i39,e05,c5,p20,l1,0.00
i39,e05,c5,p20,l3,0.00
i39,e05,c5,p21,l1,0.00
i39,e05,c5,p21,l3,0.00
i39,e05,c5,p22,l1,0.00
i39,e05,c5,p22,l3,0.00
i39,e05,c5,p23,l1,0.00
i39,e05,c5,p23,l3,0.00
i39,e05,c5,p24,l1,0.00
i39,e05,c5,p24,l3,0.00
i39,e05,c5,p25,l1,0.00
i39,e05,c5,p25,l3,0.00
i39,e05,c5,p26,l1,0.00
i39,e05,c5,p26,l3,0.00
i39,e05,c5,p28,l1,0.00
i39,e05,c5,p28,l3,0.00
i39,e05,c5,p29,l1,0.00
i39,e05,c5,p29,l3,0.00
i39,e05,c5,p31,l1,0.00
i39,e05,c5,p31,l3,0.00
i39,e05,c5,p32,l3,0.00
i39,e05,c5,p35,l1,0.00
i39,e05,c5,p35,l3,0.00
i39,e09,c3,p01,l2,0.00
i39,e09,c3,p01,l3,0.00
i39,e09,c3,p02,l2,0.00
i39,e09,c3,p02,l3,0.00
i39,e09,c3,p03,l2,0.00
i39,e09,c3,p03,l3,0.00
i39,e09,c3,p04,l3,0.00
i39,e09,c3,p07,l2,0.00
i39,e09,c3,p07,l3,0.00
i39,e09,c3,p10,l2,0.00
i39,e09,c3,p10,l3,0.00
i39,e09,c3,p12,l2,0.00
i39,e09,c3,p12,l3,0.00
i39,e09,c3,p15,l3,0.00
i39,e09,c3,p17,l2,0.00
i39,e09,c3,p17,l3,0.00
i39,e09,c3,p19,l2,0.00
i39,e09,c3,p19,l3,0.00
i39,e09,c3,p20,l3,0.00
i39,e09,c3,p21,l2,0.00
i39,e09,c3,p21,l3,0.00
i39,e09,c3,p25,l2,0.00
i39,e09,c3,p25,l3,0.00
i39,e09,c3,p35,l2,0.00
i39,e09,c3,p35,l3,0.00
i39,e09,c5,p01,l2,0.00
i39,e09,c5,p01,l3,0.00
i39,e09,c5,p02,l2,0.00
i39,e09,c5,p02,l3,0.00
i39,e09,c5,p03,l2,0.00
i39,e09,c5,p03,l3,0.00
i39,e09,c5,p04,l2,0.00
i39,e09,c5,p04,l3,0.00
i39,e09,c5,p05,l2,0.00
i39,e09,c5,p05,l3,0.00
i39,e09,c5,p06,l2,0.00
i39,e09,c5,p06,l3,0.00
i39,e09,c5,p07,l2,0.00
i39,e09,c5,p07,l3,0.00
i39,e09,c5,p08,l2,0.00
i39,e09,c5,p08,l3,0.00
i39,e09,c5,p09,l2,0.00
i39,e09,c5,p09,l3,0.00
i39,e09,c5,p10,l2,0.00
i39,e09,c5,p10,l3,0.00
i39,e09,c5,p11,l2,0.00
i39,e09,c5,p11,l3,0.00
i39,e09,c5,p12,l2,0.00
i39,e09,c5,p12,l3,0.00
i39,e09,c5,p13,l2,0.00
i39,e09,c5,p13,l3,0.00
i39,e09,c5,p14,l2,0.00
i39,e09,c5,p14,l3,0.00
i39,e09,c5,p15,l2,0.00
i39,e09,c5,p15,l3,0.00
i39,e09,c5,p16,l2,0.00
i39,e09,c5,p16,l3,0.00
i39,e09,c5,p17,l2,0.00
i39,e09,c5,p17,l3,0.00
i39,e09,c5,p18,l2,0.00
i39,e09,c5,p18,l3,0.00
i39,e09,c5,p19,l2,0.00
i39,e09,c5,p19,l3,0.00
i39,e09,c5,p20,l2,0.00
i39,e09,c5,p20,l3,0.00
i39,e09,c5,p21,l2,0.00
i39,e09,c5,p21,l3,0.00
i39,e09,c5,p22,l2,0.00
i39,e09,c5,p22,l3,0.00
i39,e09,c5,p23,l2,0.00
i39,e09,c5,p23,l3,0.00
i39,e09,c5,p24,l2,0.00
i39,e09,c5,p24,l3,0.00
i39,e09,c5,p25,l2,0.00
i39,e09,c5,p25,l3,0.00
i39,e09,c5,p26,l2,0.00
i39,e09,c5,p26,l3,0.00
i39,e09,c5,p28,l2,0.00
i39,e09,c5,p28,l3,0.00
i39,e09,c5,p29,l2,0.00
i39,e09,c5,p29,l3,0.00
i39,e09,c5,p30,l2,0.00
i39,e09,c5,p30,l3,0.00
i39,e09,c5,p31,l2,0.00
i39,e09,c5,p31,l3,0.00
i39,e09,c5,p32,l2,0.00
i39,e09,c5,p32,l3,0.00
i39,e09,c5,p35,l2,0.00
i39,e09,c5,p35,l3,4.20
i40,e02,c5,p35,l3,0.00
i40,e05,c5,p35,l1,0.00
i40,e05,c5,p35,l3,0.00
i40,e13,c5,p35,l3,0.00
i41,e01,c1,p01,l3,1.56
i41,e01,c1,p02,l3,0.00
i41,e01,c1,p03,l3,3.37
i41,e01,c1,p04,l3,0.00
i41,e01,c1,p05,l3,0.00
i41,e01,c1,p06,l3,0.00
i41,e01,c1,p07,l3,1.81
i41,e01,c1,p08,l3,0.00
i41,e01,c1,p09,l3,0.00
i41,e01,c1,p10,l3,5.27
i41,e01,c1,p11,l3,0.00
i41,e01,c1,p12,l3,2.29
i41,e01,c1,p13,l3,0.00
i41,e01,c1,p14,l3,0.00
i41,e01,c1,p15,l3,0.00
i41,e01,c1,p16,l3,0.00
i41,e01,c1,p17,l3,1.11
i41,e01,c1,p18,l3,3.06
i41,e01,c1,p19,l3,0.00
i41,e01,c1,p20,l3,0.00
i41,e01,c1,p21,l3,0.00
i41,e01,c1,p22,l3,0.00
i41,e01,c1,p23,l3,0.00
i41,e01,c1,p24,l3,1.38
i41,e01,c1,p25,l3,0.00
i41,e01,c1,p26,l3,0.00
i41,e01,c1,p27,l3,0.00
i41,e01,c1,p28,l3,0.00
i41,e01,c1,p29,l3,0.00
i41,e01,c1,p30,l3,0.00
i41,e01,c1,p31,l3,0.00
i41,e01,c1,p32,l3,0.00
i41,e01,c1,p33,l3,0.00
i41,e01,c1,p34,l3,0.00
i41,e01,c1,p35,l3,0.00
i41,e01,c4,p01,l3,0.00
i41,e01,c4,p02,l3,0.00
i41,e01,c4,p04,l3,0.00
i41,e01,c4,p07,l3,0.00
i41,e01,c4,p10,l3,0.00
i41,e01,c4,p16,l3,0.00
i41,e01,c4,p19,l3,0.00
i41,e01,c4,p21,l3,0.00
i41,e01,c4,p22,l3,0.00
i41,e01,c4,p23,l3,0.00
i41,e01,c4,p28,l3,0.00
i41,e01,c4,p35,l3,0.00
i41,e01,c7,p10,l3,0.00
i41,e01,c7,p35,l3,0.00
i41,e04,c1,p01,l1,0.00
i41,e04,c1,p01,l3,0.00
i41,e04,c1,p02,l1,0.00
i41,e04,c1,p02,l3,0.00
i41,e04,c1,p03,l1,0.00
i41,e04,c1,p03,l3,3.12
i41,e04,c1,p04,l1,0.00
i41,e04,c1,p04,l3,0.00
i41,e04,c1,p05,l1,0.00
i41,e04,c1,p05,l3,0.00
i41,e04,c1,p06,l1,0.00
i41,e04,c1,p06,l3,0.00
i41,e04,c1,p07,l1,0.00
i41,e04,c1,p07,l3,0.00
i41,e04,c1,p08,l1,0.00
i41,e04,c1,p08,l3,0.00
i41,e04,c1,p09,l1,0.00
i41,e04,c1,p09,l3,0.00
i41,e04,c1,p10,l1,0.00
i41,e04,c1,p10,l3,0.00
i41,e04,c1,p11,l1,0.00
i41,e04,c1,p11,l3,0.00
i41,e04,c1,p12,l1,0.00
i41,e04,c1,p12,l3,0.00
i41,e04,c1,p13,l1,0.00
i41,e04,c1,p13,l3,0.00
i41,e04,c1,p14,l1,0.00
i41,e04,c1,p14,l3,0.00
i41,e04,c1,p15,l1,0.00
i41,e04,c1,p15,l3,0.00
i41,e04,c1,p16,l1,0.00
i41,e04,c1,p16,l3,0.00
i41,e04,c1,p17,l1,0.00
i41,e04,c1,p17,l3,0.00
i41,e04,c1,p18,l1,0.00
i41,e04,c1,p18,l3,0.00
i41,e04,c1,p19,l1,0.00
i41,e04,c1,p19,l3,0.00
i41,e04,c1,p20,l1,0.00
i41,e04,c1,p20,l3,0.00
i41,e04,c1,p21,l1,0.00
i41,e04,c1,p21,l3,0.00
i41,e04,c1,p22,l1,0.00
i41,e04,c1,p22,l3,0.00
i41,e04,c1,p23,l1,0.00
i41,e04,c1,p23,l3,0.00
i41,e04,c1,p24,l1,0.00
i41,e04,c1,p24,l3,0.00
i41,e04,c1,p25,l1,0.00
i41,e04,c1,p25,l3,0.00
i41,e04,c1,p26,l1,0.00
i41,e04,c1,p26,l3,0.00
i41,e04,c1,p28,l1,0.00
i41,e04,c1,p28,l3,0.00
i41,e04,c1,p29,l1,0.00
i41,e04,c1,p29,l3,0.00
i41,e04,c1,p30,l1,0.00
i41,e04,c1,p30,l3,0.00
i41,e04,c1,p31,l1,0.00
i41,e04,c1,p31,l3,0.00
i41,e04,c1,p32,l1,0.00
i41,e04,c1,p32,l3,0.00
i41,e04,c1,p33,l1,0.00
i41,e04,c1,p33,l3,0.00
i41,e04,c1,p34,l3,0.00
i41,e04,c1,p35,l1,0.00
i41,e04,c1,p35,l3,0.00
i41,e04,c4,p01,l3,0.00
i41,e04,c4,p02,l1,0.00
i41,e04,c4,p02,l3,0.00
i41,e04,c4,p04,l3,0.00
i41,e04,c4,p07,l3,0.00
i41,e04,c4,p10,l3,0.00
i41,e04,c4,p15,l3,0.00
i41,e04,c4,p16,l3,0.00
i41,e04,c4,p19,l3,0.00
i41,e04,c4,p21,l3,0.00
i41,e04,c4,p22,l3,0.00
i41,e04,c4,p23,l3,0.00
i41,e04,c4,p28,l3,0.00
i41,e04,c4,p35,l1,0.00
i41,e04,c4,p35,l3,0.00
i41,e04,c7,p35,l3,0.00
i41,e05,c1,p01,l1,0.00
i41,e05,c1,p01,l3,0.00
i41,e05,c1,p02,l1,0.00
i41,e05,c1,p02,l3,0.00
i41,e05,c1,p03,l1,0.00
i41,e05,c1,p03,l3,0.00
i41,e05,c1,p04,l1,0.00
i41,e05,c1,p04,l3,0.00
i41,e05,c1,p05,l1,0.00
i41,e05,c1,p05,l3,0.00
i41,e05,c1,p06,l1,0.00
i41,e05,c1,p06,l3,0.00
i41,e05,c1,p07,l1,0.00
i41,e05,c1,p07,l3,0.00
i41,e05,c1,p08,l1,0.00
i41,e05,c1,p08,l3,0.00
i41,e05,c1,p09,l1,0.00
i41,e05,c1,p09,l3,0.00
i41,e05,c1,p10,l1,0.00
i41,e05,c1,p10,l3,0.00
i41,e05,c1,p11,l1,0.00
i41,e05,c1,p11,l3,0.00
i41,e05,c1,p12,l1,0.00
i41,e05,c1,p12,l3,0.00
i41,e05,c1,p13,l1,0.00
i41,e05,c1,p13,l3,0.00
i41,e05,c1,p14,l1,0.00
i41,e05,c1,p14,l3,0.00
i41,e05,c1,p15,l1,0.00
i41,e05,c1,p15,l3,0.00
i41,e05,c1,p16,l1,0.00
i41,e05,c1,p16,l3,0.00
i41,e05,c1,p17,l1,0.00
i41,e05,c1,p17,l3,0.00
i41,e05,c1,p18,l1,0.00
i41,e05,c1,p18,l3,0.00
i41,e05,c1,p19,l1,0.00
i41,e05,c1,p19,l3,0.00
i41,e05,c1,p20,l1,0.00
i41,e05,c1,p20,l3,0.00
i41,e05,c1,p21,l1,0.00
i41,e05,c1,p21,l3,0.00
i41,e05,c1,p22,l1,0.00
i41,e05,c1,p22,l3,0.00
i41,e05,c1,p23,l1,0.00
i41,e05,c1,p23,l3,0.00
i41,e05,c1,p24,l1,0.00
i41,e05,c1,p24,l3,0.00
i41,e05,c1,p25,l1,0.00
i41,e05,c1,p25,l3,0.00
i41,e05,c1,p26,l1,0.00
i41,e05,c1,p26,l3,0.00
i41,e05,c1,p28,l1,0.00
i41,e05,c1,p28,l3,0.00
i41,e05,c1,p29,l1,0.00
i41,e05,c1,p29,l3,0.00
i41,e05,c1,p30,l3,0.00
i41,e05,c1,p31,l1,0.00
i41,e05,c1,p31,l3,0.00
i41,e05,c1,p32,l1,0.00
i41,e05,c1,p32,l3,0.00
i41,e05,c1,p35,l1,0.00
i41,e05,c1,p35,l3,0.00
i41,e05,c7,p35,l3,0.00
i41,e07,c1,p01,l2,0.00
i41,e07,c1,p01,l3,1.75
i41,e07,c1,p02,l2,0.00
i41,e07,c1,p02,l3,0.00
i41,e07,c1,p03,l2,0.00
i41,e07,c1,p03,l3,0.00
i41,e07,c1,p04,l2,0.00
i41,e07,c1,p04,l3,0.00
i41,e07,c1,p05,l2,0.00
i41,e07,c1,p05,l3,0.00
i41,e07,c1,p06,l2,0.00
i41,e07,c1,p06,l3,0.00
i41,e07,c1,p07,l2,0.00
i41,e07,c1,p07,l3,0.00
i41,e07,c1,p08,l2,0.00
i41,e07,c1,p08,l3,0.00
i41,e07,c1,p09,l2,0.00
i41,e07,c1,p09,l3,0.00
i41,e07,c1,p10,l2,0.00
i41,e07,c1,p10,l3,4.84
i41,e07,c1,p11,l2,0.00
i41,e07,c1,p11,l3,0.00
i41,e07,c1,p12,l2,0.00
i41,e07,c1,p12,l3,7.47
i41,e07,c1,p13,l2,0.00
i41,e07,c1,p13,l3,0.00
i41,e07,c1,p14,l2,0.00
i41,e07,c1,p14,l3,0.00
i41,e07,c1,p15,l2,0.00
i41,e07,c1,p15,l3,0.00
i41,e07,c1,p16,l2,0.00
i41,e07,c1,p16,l3,0.00
i41,e07,c1,p17,l2,0.00
i41,e07,c1,p17,l3,0.00
i41,e07,c1,p18,l2,0.00
i41,e07,c1,p18,l3,0.00
i41,e07,c1,p19,l2,0.00
i41,e07,c1,p19,l3,0.00
i41,e07,c1,p20,l2,0.00
i41,e07,c1,p20,l3,0.00
i41,e07,c1,p21,l2,0.00
i41,e07,c1,p21,l3,0.00
i41,e07,c1,p22,l2,0.00
i41,e07,c1,p22,l3,0.00
i41,e07,c1,p23,l2,0.00
i41,e07,c1,p23,l3,0.00
i41,e07,c1,p24,l2,0.00
i41,e07,c1,p24,l3,0.00
i41,e07,c1,p25,l2,0.00
i41,e07,c1,p25,l3,0.00
i41,e07,c1,p26,l2,0.00
i41,e07,c1,p26,l3,0.00
i41,e07,c1,p27,l3,0.00
i41,e07,c1,p28,l2,0.00
i41,e07,c1,p28,l3,0.00
i41,e07,c1,p29,l2,0.00
i41,e07,c1,p29,l3,0.00
i41,e07,c1,p30,l3,0.00
i41,e07,c1,p31,l2,0.00
i41,e07,c1,p31,l3,0.00
i41,e07,c1,p32,l2,0.00
i41,e07,c1,p32,l3,0.00
i41,e07,c1,p33,l3,0.00
i41,e07,c1,p34,l3,0.00
i41,e07,c1,p35,l2,0.00
i41,e07,c1,p35,l3,4.16
i41,e07,c4,p01,l3,0.00
i41,e07,c4,p02,l3,0.00
i41,e07,c4,p04,l3,0.00
i41,e07,c4,p05,l3,0.00
i41,e07,c4,p10,l3,0.00
i41,e07,c4,p15,l3,0.00
i41,e07,c4,p16,l3,0.00
i41,e07,c4,p19,l2,0.00
i41,e07,c4,p19,l3,0.00
i41,e07,c4,p21,l3,0.00
i41,e07,c4,p22,l3,0.00
i41,e07,c4,p35,l3,0.00
i41,e07,c7,p35,l3,0.00
i41,e08,c1,p01,l2,0.00
i41,e08,c1,p01,l3,0.00
i41,e08,c1,p02,l2,0.00
i41,e08,c1,p02,l3,0.00
i41,e08,c1,p03,l2,0.00
i41,e08,c1,p03,l3,0.00
i41,e08,c1,p04,l2,0.00
i41,e08,c1,p04,l3,0.00
i41,e08,c1,p05,l2,0.00
i41,e08,c1,p05,l3,0.00
i41,e08,c1,p06,l2,0.00
i41,e08,c1,p06,l3,0.00
i41,e08,c1,p07,l2,0.00
i41,e08,c1,p07,l3,0.00
i41,e08,c1,p08,l2,0.00
i41,e08,c1,p08,l3,0.00
i41,e08,c1,p09,l2,0.00
i41,e08,c1,p09,l3,0.00
i41,e08,c1,p10,l2,0.00
i41,e08,c1,p10,l3,0.00
i41,e08,c1,p11,l2,0.00
i41,e08,c1,p11,l3,0.00
i41,e08,c1,p12,l2,0.00
i41,e08,c1,p12,l3,0.00
i41,e08,c1,p13,l2,0.00
i41,e08,c1,p13,l3,0.00
i41,e08,c1,p14,l2,0.00
i41,e08,c1,p14,l3,0.00
i41,e08,c1,p15,l2,0.00
i41,e08,c1,p15,l3,0.00
i41,e08,c1,p16,l2,0.00
i41,e08,c1,p16,l3,0.00
i41,e08,c1,p17,l2,0.00
i41,e08,c1,p17,l3,0.00
i41,e08,c1,p18,l2,0.00
i41,e08,c1,p18,l3,0.00
i41,e08,c1,p19,l2,0.00
i41,e08,c1,p19,l3,0.00
i41,e08,c1,p20,l2,0.00
i41,e08,c1,p20,l3,0.00
i41,e08,c1,p21,l2,0.00
i41,e08,c1,p21,l3,0.00
i41,e08,c1,p22,l2,0.00
i41,e08,c1,p22,l3,0.00
i41,e08,c1,p23,l2,0.00
i41,e08,c1,p23,l3,0.00
i41,e08,c1,p24,l2,0.00
i41,e08,c1,p24,l3,0.00
i41,e08,c1,p25,l2,0.00
i41,e08,c1,p25,l3,0.00
i41,e08,c1,p26,l2,0.00
i41,e08,c1,p26,l3,0.00
i41,e08,c1,p28,l2,0.00
i41,e08,c1,p28,l3,0.00
i41,e08,c1,p29,l2,0.00
i41,e08,c1,p29,l3,0.00
i41,e08,c1,p30,l2,0.00
i41,e08,c1,p30,l3,0.00
i41,e08,c1,p31,l2,0.00
i41,e08,c1,p31,l3,0.00
i41,e08,c1,p32,l2,0.00
i41,e08,c1,p32,l3,0.00
i41,e08,c1,p33,l3,0.00
i41,e08,c1,p34,l3,0.00
i41,e08,c1,p35,l2,0.00
i41,e08,c1,p35,l3,0.00
i41,e08,c4,p01,l3,0.00
i41,e08,c4,p02,l3,0.00
i41,e08,c4,p04,l3,0.00
i41,e08,c4,p07,l3,0.00
i41,e08,c4,p10,l3,0.00
i41,e08,c4,p19,l3,0.00
i41,e08,c4,p21,l2,0.00
i41,e08,c4,p21,l3,0.00
i41,e08,c4,p22,l3,0.00
i41,e08,c4,p23,l2,0.00
i41,e08,c4,p23,l3,0.00
i41,e08,c4,p28,l3,0.00
i41,e08,c4,p35,l2,0.00
i41,e08,c4,p35,l3,0.00
i41,e08,c7,p35,l3,0.00
i41,e09,c1,p01,l2,0.00
i41,e09,c1,p01,l3,0.00
i41,e09,c1,p02,l2,0.00
i41,e09,c1,p02,l3,0.00
i41,e09,c1,p03,l2,0.00
i41,e09,c1,p03,l3,0.00
i41,e09,c1,p04,l2,0.00
i41,e09,c1,p04,l3,0.00
i41,e09,c1,p05,l2,0.00
i41,e09,c1,p05,l3,0.00
i41,e09,c1,p06,l2,0.00
i41,e09,c1,p06,l3,0.00
i41,e09,c1,p07,l2,0.00
i41,e09,c1,p07,l3,0.00
i41,e09,c1,p08,l2,0.00
i41,e09,c1,p08,l3,0.00
i41,e09,c1,p09,l2,0.00
i41,e09,c1,p09,l3,0.00
i41,e09,c1,p10,l2,0.00
i41,e09,c1,p10,l3,0.00
i41,e09,c1,p11,l2,0.00
i41,e09,c1,p11,l3,0.00
i41,e09,c1,p12,l2,0.00
i41,e09,c1,p12,l3,1.15
i41,e09,c1,p13,l2,0.00
i41,e09,c1,p13,l3,0.00
i41,e09,c1,p14,l2,0.00
i41,e09,c1,p14,l3,0.00
i41,e09,c1,p15,l2,0.00
i41,e09,c1,p15,l3,0.00
i41,e09,c1,p16,l2,0.00
i41,e09,c1,p16,l3,0.00
i41,e09,c1,p17,l2,0.00
i41,e09,c1,p17,l3,0.00
i41,e09,c1,p18,l2,0.00
i41,e09,c1,p18,l3,0.00
i41,e09,c1,p19,l2,0.00
i41,e09,c1,p19,l3,0.00
i41,e09,c1,p20,l2,0.00
i41,e09,c1,p20,l3,0.00
i41,e09,c1,p21,l2,0.00
i41,e09,c1,p21,l3,0.00
i41,e09,c1,p22,l2,0.00
i41,e09,c1,p22,l3,0.00
i41,e09,c1,p23,l2,0.00
i41,e09,c1,p23,l3,0.00
i41,e09,c1,p24,l2,0.00
i41,e09,c1,p24,l3,0.00
i41,e09,c1,p25,l2,0.00
i41,e09,c1,p25,l3,0.00
i41,e09,c1,p26,l2,0.00
i41,e09,c1,p26,l3,0.00
i41,e09,c1,p27,l3,0.00
i41,e09,c1,p28,l2,0.00
i41,e09,c1,p28,l3,0.00
i41,e09,c1,p29,l2,0.00
i41,e09,c1,p29,l3,0.00
i41,e09,c1,p30,l2,0.00
i41,e09,c1,p30,l3,0.00
i41,e09,c1,p31,l2,0.00
i41,e09,c1,p31,l3,0.00
i41,e09,c1,p32,l2,0.00
i41,e09,c1,p32,l3,0.00
i41,e09,c1,p33,l2,0.00
i41,e09,c1,p33,l3,0.00
i41,e09,c1,p34,l3,0.00
i41,e09,c1,p35,l2,0.00
i41,e09,c1,p35,l3,0.00
i41,e09,c4,p01,l3,0.00
i41,e09,c4,p02,l2,0.00
i41,e09,c4,p02,l3,0.00
i41,e09,c4,p03,l3,0.00
i41,e09,c4,p04,l3,0.00
i41,e09,c4,p07,l3,0.00
i41,e09,c4,p10,l3,0.00
i41,e09,c4,p15,l3,0.00
i41,e09,c4,p16,l3,0.00
i41,e09,c4,p19,l2,0.00
i41,e09,c4,p19,l3,0.00
i41,e09,c4,p21,l3,0.00
i41,e09,c4,p22,l3,0.00
i41,e09,c4,p23,l3,0.00
i41,e09,c4,p28,l3,0.00
i41,e09,c4,p35,l2,0.00
i41,e09,c4,p35,l3,0.00
i41,e09,c7,p35,l3,0.00
i41,e11,c1,p01,l2,0.00
i41,e11,c1,p01,l3,0.00
i41,e11,c1,p02,l2,0.00
i41,e11,c1,p02,l3,0.00
i41,e11,c1,p03,l2,0.00
i41,e11,c1,p03,l3,0.00
i41,e11,c1,p04,l2,0.00
i41,e11,c1,p04,l3,0.00
i41,e11,c1,p05,l2,0.00
i41,e11,c1,p05,l3,0.00
i41,e11,c1,p06,l2,0.00
i41,e11,c1,p06,l3,0.00
i41,e11,c1,p07,l2,0.00
i41,e11,c1,p07,l3,0.00
i41,e11,c1,p08,l2,0.00
i41,e11,c1,p08,l3,0.00
i41,e11,c1,p09,l2,0.00
i41,e11,c1,p09,l3,0.00
i41,e11,c1,p10,l2,0.00
i41,e11,c1,p10,l3,0.00
i41,e11,c1,p11,l2,0.00
i41,e11,c1,p11,l3,0.00
i41,e11,c1,p12,l2,0.00
i41,e11,c1,p12,l3,0.00
i41,e11,c1,p13,l2,0.00
i41,e11,c1,p13,l3,0.00
i41,e11,c1,p14,l2,0.00
i41,e11,c1,p14,l3,0.00
i41,e11,c1,p15,l2,0.00
i41,e11,c1,p15,l3,0.00
i41,e11,c1,p16,l2,0.00
i41,e11,c1,p16,l3,0.00
i41,e11,c1,p17,l2,0.00
i41,e11,c1,p17,l3,0.00
i41,e11,c1,p18,l2,0.00
i41,e11,c1,p18,l3,0.00
i41,e11,c1,p19,l2,0.00
i41,e11,c1,p19,l3,0.00
i41,e11,c1,p20,l2,0.00
i41,e11,c1,p20,l3,0.00
i41,e11,c1,p21,l2,0.00
i41,e11,c1,p21,l3,0.00
i41,e11,c1,p22,l2,0.00
i41,e11,c1,p22,l3,0.00
i41,e11,c1,p23,l2,0.00
i41,e11,c1,p23,l3,0.00
i41,e11,c1,p24,l2,0.00
i41,e11,c1,p24,l3,0.00
i41,e11,c1,p25,l2,0.00
i41,e11,c1,p25,l3,0.00
i41,e11,c1,p26,l2,0.00
i41,e11,c1,p26,l3,0.00
i41,e11,c1,p27,l3,0.00
i41,e11,c1,p28,l2,0.00
i41,e11,c1,p28,l3,0.00
i41,e11,c1,p29,l2,0.00
i41,e11,c1,p29,l3,0.00
i41,e11,c1,p30,l3,0.00
i41,e11,c1,p31,l2,0.00
i41,e11,c1,p31,l3,0.00
i41,e11,c1,p32,l2,0.00
i41,e11,c1,p32,l3,0.00
i41,e11,c1,p33,l2,0.00
i41,e11,c1,p33,l3,0.00
i41,e11,c1,p35,l2,0.00
i41,e11,c1,p35,l3,0.00
i41,e11,c4,p01,l3,0.00
i41,e11,c4,p02,l2,0.00
i41,e11,c4,p02,l3,0.00
i41,e11,c4,p10,l2,0.00
i41,e11,c4,p10,l3,0.00
i41,e11,c4,p19,l2,0.00
i41,e11,c4,p19,l3,0.00
i41,e11,c4,p21,l3,0.00
i41,e11,c4,p23,l3,0.00
i41,e11,c4,p35,l2,0.00
i41,e11,c4,p35,l3,0.00
i41,e11,c7,p35,l3,0.00
i41,e12,c1,p01,l3,0.00
i41,e12,c1,p02,l3,0.00
i41,e12,c1,p03,l3,0.00
i41,e12,c1,p04,l3,0.00
i41,e12,c1,p05,l3,0.00
i41,e12,c1,p06,l3,0.00
i41,e12,c1,p07,l3,0.00
i41,e12,c1,p08,l3,0.00
i41,e12,c1,p09,l3,0.00
i41,e12,c1,p10,l3,0.00
i41,e12,c1,p11,l3,0.00
i41,e12,c1,p12,l3,0.00
i41,e12,c1,p13,l3,0.00
i41,e12,c1,p14,l3,0.00
i41,e12,c1,p15,l3,0.00
i41,e12,c1,p16,l3,0.00
i41,e12,c1,p17,l3,0.00
i41,e12,c1,p18,l3,0.00
i41,e12,c1,p19,l3,0.00
i41,e12,c1,p20,l3,0.00
i41,e12,c1,p21,l3,0.00
i41,e12,c1,p22,l3,0.00
i41,e12,c1,p23,l3,0.00
i41,e12,c1,p24,l3,0.00
i41,e12,c1,p25,l3,0.00
i41,e12,c1,p26,l3,0.00
i41,e12,c1,p28,l3,0.00
i41,e12,c1,p29,l3,0.00
i41,e12,c1,p31,l3,0.00
i41,e12,c1,p32,l3,0.00
i41,e12,c1,p35,l3,0.00
i41,e12,c4,p01,l3,0.00
i41,e12,c4,p10,l3,0.00
i41,e12,c4,p16,l3,0.00
i41,e12,c4,p35,l3,0.00
i41,e13,c1,p01,l3,1.58
i41,e13,c1,p02,l3,0.00
i41,e13,c1,p03,l3,0.00
i41,e13,c1,p04,l3,0.00
i41,e13,c1,p05,l3,0.00
i41,e13,c1,p06,l3,0.00
i41,e13,c1,p07,l3,0.00
i41,e13,c1,p08,l3,0.00
i41,e13,c1,p09,l3,0.00
i41,e13,c1,p10,l3,0.00
i41,e13,c1,p11,l3,0.00
i41,e13,c1,p12,l3,0.00
i41,e13,c1,p13,l3,0.00
i41,e13,c1,p14,l3,0.00
i41,e13,c1,p15,l3,0.00
i41,e13,c1,p16,l3,0.00
i41,e13,c1,p17,l3,0.00
i41,e13,c1,p18,l3,0.00
i41,e13,c1,p19,l3,0.00
i41,e13,c1,p20,l3,0.00
i41,e13,c1,p21,l3,0.00
i41,e13,c1,p22,l3,0.00
i41,e13,c1,p23,l3,0.00
i41,e13,c1,p24,l3,0.00
i41,e13,c1,p25,l3,0.00
i41,e13,c1,p26,l3,0.00
i41,e13,c1,p28,l3,0.00
i41,e13,c1,p29,l3,0.00
i41,e13,c1,p30,l3,0.00
i41,e13,c1,p31,l3,0.00
i41,e13,c1,p32,l3,0.00
i41,e13,c1,p33,l3,0.00
i41,e13,c1,p34,l3,0.00
i41,e13,c1,p35,l3,0.00
i41,e13,c4,p01,l3,0.00
i41,e13,c4,p02,l3,0.00
i41,e13,c4,p19,l3,0.00
i41,e13,c4,p35,l3,0.00
i41,e13,c7,p35,l3,0.00
i42,e01,c3,p01,l3,0.00
i42,e01,c3,p04,l3,0.00
i42,e01,c3,p11,l3,0.00
i42,e01,c3,p19,l3,0.00
i42,e01,c5,p01,l3,0.00
i42,e01,c5,p02,l3,0.00
i42,e01,c5,p03,l3,0.00
i42,e01,c5,p04,l3,0.00
i42,e01,c5,p05,l3,0.00
i42,e01,c5,p06,l3,0.00
i42,e01,c5,p07,l3,0.00
i42,e01,c5,p08,l3,0.00
i42,e01,c5,p09,l3,0.00
i42,e01,c5,p10,l3,0.00
i42,e01,c5,p11,l3,0.00
i42,e01,c5,p13,l3,0.00
i42,e01,c5,p14,l3,0.00
i42,e01,c5,p15,l3,0.00
i42,e01,c5,p16,l3,0.00
i42,e01,c5,p17,l3,0.00
i42,e01,c5,p18,l3,0.00
i42,e01,c5,p19,l3,0.00
i42,e01,c5,p20,l3,0.00
i42,e01,c5,p21,l3,0.00
i42,e01,c5,p23,l3,0.00
i42,e01,c5,p24,l3,0.00
i42,e01,c5,p25,l3,0.00
i42,e01,c5,p26,l3,0.00
i42,e01,c5,p28,l3,0.00
i42,e01,c5,p29,l3,0.00
i42,e01,c5,p31,l3,0.00
i42,e01,c5,p32,l3,0.00
i42,e01,c5,p35,l3,0.00
i42,e02,c3,p01,l1,0.00
i42,e02,c3,p01,l3,0.00
i42,e02,c3,p02,l1,0.00
i42,e02,c3,p02,l3,0.00
i42,e02,c3,p03,l1,0.00
i42,e02,c3,p03,l3,0.00
i42,e02,c3,p04,l1,0.00
i42,e02,c3,p04,l3,0.00
i42,e02,c3,p05,l1,0.00
i42,e02,c3,p05,l3,0.00
i42,e02,c3,p06,l1,0.00
i42,e02,c3,p06,l3,0.00
i42,e02,c3,p07,l1,0.00
i42,e02,c3,p07,l3,0.00
i42,e02,c3,p08,l1,0.00
i42,e02,c3,p08,l3,0.00
i42,e02,c3,p09,l1,0.00
i42,e02,c3,p09,l3,0.00
i42,e02,c3,p10,l1,0.00
i42,e02,c3,p10,l3,0.00
i42,e02,c3,p11,l1,0.00
i42,e02,c3,p11,l3,0.00
i42,e02,c3,p12,l1,0.00
i42,e02,c3,p12,l3,0.00
i42,e02,c3,p13,l1,0.00
i42,e02,c3,p13,l3,0.00
i42,e02,c3,p14,l1,0.00
i42,e02,c3,p14,l3,0.00
i42,e02,c3,p15,l1,0.00
i42,e02,c3,p15,l3,0.00
i42,e02,c3,p16,l1,0.00
i42,e02,c3,p16,l3,0.00
i42,e02,c3,p17,l1,0.00
i42,e02,c3,p17,l3,0.00
i42,e02,c3,p18,l1,0.00
i42,e02,c3,p18,l3,0.00
i42,e02,c3,p19,l1,0.00
i42,e02,c3,p19,l3,0.00
i42,e02,c3,p20,l1,0.00
i42,e02,c3,p20,l3,0.00
i42,e02,c3,p21,l1,0.00
i42,e02,c3,p21,l3,0.00
i42,e02,c3,p22,l1,0.00
i42,e02,c3,p22,l3,0.00
i42,e02,c3,p23,l1,0.00
i42,e02,c3,p23,l3,0.00
i42,e02,c3,p24,l1,0.00
i42,e02,c3,p24,l3,0.00
i42,e02,c3,p25,l1,0.00
i42,e02,c3,p25,l3,0.00
i42,e02,c3,p26,l1,0.00
i42,e02,c3,p26,l3,0.00
i42,e02,c3,p27,l3,0.00
i42,e02,c3,p28,l1,0.00
i42,e02,c3,p28,l3,0.00
i42,e02,c3,p29,l1,0.00
i42,e02,c3,p29,l3,0.00
i42,e02,c3,p30,l1,0.00
i42,e02,c3,p30,l3,0.00
i42,e02,c3,p31,l1,0.00
i42,e02,c3,p31,l3,0.00
i42,e02,c3,p32,l1,0.00
i42,e02,c3,p32,l3,0.00
i42,e02,c3,p33,l1,0.00
i42,e02,c3,p33,l3,0.00
i42,e02,c3,p35,l1,0.00
i42,e02,c3,p35,l3,0.00
i42,e02,c5,p01,l1,0.00
i42,e02,c5,p01,l3,0.00
i42,e02,c5,p02,l1,0.00
i42,e02,c5,p02,l3,0.00
i42,e02,c5,p03,l1,0.00
i42,e02,c5,p03,l3,0.00
i42,e02,c5,p04,l1,0.00
i42,e02,c5,p04,l3,0.00
i42,e02,c5,p05,l1,0.00
i42,e02,c5,p05,l3,0.00
i42,e02,c5,p06,l1,0.00
i42,e02,c5,p06,l3,0.00
i42,e02,c5,p07,l1,0.00
i42,e02,c5,p07,l3,0.00
i42,e02,c5,p08,l1,0.00
i42,e02,c5,p08,l3,0.00
i42,e02,c5,p09,l1,0.00
i42,e02,c5,p09,l3,0.00
i42,e02,c5,p10,l1,0.00
i42,e02,c5,p10,l3,0.00
i42,e02,c5,p11,l1,0.00
i42,e02,c5,p11,l3,0.00
i42,e02,c5,p12,l1,0.00
i42,e02,c5,p12,l3,0.00
i42,e02,c5,p13,l1,0.00
i42,e02,c5,p13,l3,0.00
i42,e02,c5,p14,l1,0.00
i42,e02,c5,p14,l3,0.00
i42,e02,c5,p15,l1,0.00
i42,e02,c5,p15,l3,0.00
i42,e02,c5,p16,l1,0.00
i42,e02,c5,p16,l3,0.00
i42,e02,c5,p17,l1,0.00
i42,e02,c5,p17,l3,0.00
i42,e02,c5,p18,l1,0.00
i42,e02,c5,p18,l3,0.00
i42,e02,c5,p19,l1,0.00
i42,e02,c5,p19,l3,0.00
i42,e02,c5,p20,l1,0.00
i42,e02,c5,p20,l3,0.00
i42,e02,c5,p21,l1,0.00
i42,e02,c5,p21,l3,0.00
i42,e02,c5,p22,l1,0.00
i42,e02,c5,p22,l3,2.06
i42,e02,c5,p23,l1,0.00
i42,e02,c5,p23,l3,0.00
i42,e02,c5,p24,l1,0.00
i42,e02,c5,p24,l3,0.00
i42,e02,c5,p25,l1,0.00
i42,e02,c5,p25,l3,0.00
i42,e02,c5,p26,l1,0.00
i42,e02,c5,p26,l3,0.00
i42,e02,c5,p27,l1,0.00
i42,e02,c5,p27,l3,0.00
i42,e02,c5,p28,l1,0.00
i42,e02,c5,p28,l3,0.00
i42,e02,c5,p29,l1,0.00
i42,e02,c5,p29,l3,0.00
i42,e02,c5,p30,l1,0.00
i42,e02,c5,p30,l3,0.00
i42,e02,c5,p31,l1,0.00
i42,e02,c5,p31,l3,0.00
i42,e02,c5,p32,l1,0.00
i42,e02,c5,p32,l3,0.00
i42,e02,c5,p33,l1,0.00
i42,e02,c5,p33,l3,0.00
i42,e02,c5,p35,l1,0.00
i42,e02,c5,p35,l3,0.00
i42,e04,c3,p01,l1,0.00
i42,e04,c3,p09,l3,0.00
i42,e04,c3,p11,l3,0.00
i42,e04,c3,p14,l3,0.00
i42,e04,c3,p15,l3,0.00
i42,e04,c3,p16,l3,0.00
i42,e04,c3,p17,l1,0.00
i42,e04,c3,p19,l3,0.00
i42,e04,c3,p21,l3,0.00
i42,e04,c5,p01,l1,0.00
i42,e04,c5,p01,l3,0.00
i42,e04,c5,p02,l3,0.00
i42,e04,c5,p03,l3,0.00
i42,e04,c5,p04,l1,0.00
i42,e04,c5,p04,l3,0.00
i42,e04,c5,p05,l3,0.00
i42,e04,c5,p06,l1,0.00
i42,e04,c5,p06,l3,0.00
i42,e04,c5,p07,l3,0.00
i42,e04,c5,p08,l3,0.00
i42,e04,c5,p09,l1,0.00
i42,e04,c5,p09,l3,0.00
i42,e04,c5,p10,l1,0.00
i42,e04,c5,p10,l3,0.00
i42,e04,c5,p11,l3,0.00
i42,e04,c5,p12,l3,0.00
i42,e04,c5,p13,l3,0.00
i42,e04,c5,p14,l3,0.00
i42,e04,c5,p15,l1,0.00
i42,e04,c5,p15,l3,0.00
i42,e04,c5,p16,l1,0.00
i42,e04,c5,p16,l3,0.00
i42,e04,c5,p17,l3,0.00
i42,e04,c5,p18,l1,0.00
i42,e04,c5,p18,l3,0.00
i42,e04,c5,p19,l1,0.00
i42,e04,c5,p19,l3,0.00
i42,e04,c5,p20,l3,0.00
i42,e04,c5,p21,l1,0.00
i42,e04,c5,p21,l3,0.00
i42,e04,c5,p22,l3,0.00
i42,e04,c5,p23,l3,0.00
i42,e04,c5,p24,l3,0.00
i42,e04,c5,p25,l3,0.00
i42,e04,c5,p26,l1,0.00
i42,e04,c5,p26,l3,0.00
i42,e04,c5,p28,l1,0.00
i42,e04,c5,p28,l3,0.00
i42,e04,c5,p29,l1,0.00
i42,e04,c5,p29,l3,0.00
i42,e04,c5,p31,l1,0.00
i42,e04,c5,p31,l3,0.00
i42,e04,c5,p32,l3,0.00
i42,e04,c5,p35,l1,0.00
i42,e04,c5,p35,l3,0.00
i42,e05,c3,p01,l1,0.00
i42,e05,c3,p01,l3,0.00
i42,e05,c3,p02,l1,0.00
i42,e05,c3,p02,l3,0.00
i42,e05,c3,p03,l1,0.00
i42,e05,c3,p03,l3,0.00
i42,e05,c3,p04,l1,0.00
i42,e05,c3,p04,l3,0.00
i42,e05,c3,p05,l1,0.00
i42,e05,c3,p05,l3,0.00
i42,e05,c3,p06,l1,0.00
i42,e05,c3,p06,l3,0.00
i42,e05,c3,p07,l1,0.00
i42,e05,c3,p07,l3,0.00
i42,e05,c3,p08,l1,0.00
i42,e05,c3,p08,l3,0.00
i42,e05,c3,p09,l1,0.00
i42,e05,c3,p09,l3,0.00
i42,e05,c3,p10,l1,0.00
i42,e05,c3,p10,l3,0.00
i42,e05,c3,p11,l1,0.00
i42,e05,c3,p11,l3,0.00
i42,e05,c3,p12,l1,0.00
i42,e05,c3,p12,l3,0.00
i42,e05,c3,p13,l1,0.00
i42,e05,c3,p13,l3,0.00
i42,e05,c3,p14,l1,0.00
i42,e05,c3,p14,l3,0.00
i42,e05,c3,p15,l1,0.00
i42,e05,c3,p15,l3,0.00
i42,e05,c3,p16,l1,0.00
i42,e05,c3,p16,l3,0.00
i42,e05,c3,p17,l1,0.00
i42,e05,c3,p17,l3,1.57
i42,e05,c3,p18,l1,0.00
i42,e05,c3,p18,l3,0.00
i42,e05,c3,p19,l1,0.00
i42,e05,c3,p19,l3,0.00
i42,e05,c3,p20,l1,0.00
i42,e05,c3,p20,l3,0.00
i42,e05,c3,p21,l1,0.00
i42,e05,c3,p21,l3,0.00
i42,e05,c3,p22,l1,0.00
i42,e05,c3,p22,l3,0.00
i42,e05,c3,p23,l1,0.00
i42,e05,c3,p23,l3,0.00
i42,e05,c3,p24,l1,0.00
i42,e05,c3,p24,l3,0.00
i42,e05,c3,p25,l1,0.00
i42,e05,c3,p25,l3,0.00
i42,e05,c3,p26,l1,0.00
i42,e05,c3,p26,l3,0.00
i42,e05,c3,p27,l1,0.00
i42,e05,c3,p27,l3,0.00
i42,e05,c3,p28,l1,0.00
i42,e05,c3,p28,l3,0.00
i42,e05,c3,p29,l1,0.00
i42,e05,c3,p29,l3,0.00
i42,e05,c3,p30,l1,0.00
i42,e05,c3,p30,l3,0.00
i42,e05,c3,p31,l1,0.00
i42,e05,c3,p31,l3,0.00
i42,e05,c3,p32,l1,0.00
i42,e05,c3,p32,l3,0.00
i42,e05,c3,p33,l1,0.00
i42,e05,c3,p33,l3,0.00
i42,e05,c3,p35,l1,0.00
i42,e05,c3,p35,l3,0.00
i42,e05,c5,p01,l1,0.00
i42,e05,c5,p01,l3,0.00
i42,e05,c5,p02,l1,0.00
i42,e05,c5,p02,l3,0.00
i42,e05,c5,p03,l1,0.00
i42,e05,c5,p03,l3,0.00
i42,e05,c5,p04,l1,0.00
i42,e05,c5,p04,l3,0.00
i42,e05,c5,p05,l1,0.00
i42,e05,c5,p05,l3,1.51
i42,e05,c5,p06,l1,0.00
i42,e05,c5,p06,l3,0.00
i42,e05,c5,p07,l1,0.00
i42,e05,c5,p07,l3,0.00
i42,e05,c5,p08,l1,0.00
i42,e05,c5,p08,l3,0.00
i42,e05,c5,p09,l1,0.00
i42,e05,c5,p09,l3,0.00
i42,e05,c5,p10,l1,0.00
i42,e05,c5,p10,l3,3.69
i42,e05,c5,p11,l1,0.00
i42,e05,c5,p11,l3,1.22
i42,e05,c5,p12,l1,0.00
i42,e05,c5,p12,l3,0.00
i42,e05,c5,p13,l1,0.00
i42,e05,c5,p13,l3,0.00
i42,e05,c5,p14,l1,0.00
i42,e05,c5,p14,l3,3.23
i42,e05,c5,p15,l1,0.00
i42,e05,c5,p15,l3,6.17
i42,e05,c5,p16,l1,0.00
i42,e05,c5,p16,l3,7.27
i42,e05,c5,p17,l1,0.00
i42,e05,c5,p17,l3,0.00
i42,e05,c5,p18,l1,0.00
i42,e05,c5,p18,l3,0.00
i42,e05,c5,p19,l1,0.00
i42,e05,c5,p19,l3,0.00
i42,e05,c5,p20,l1,0.00
i42,e05,c5,p20,l3,0.00
i42,e05,c5,p21,l1,0.00
i42,e05,c5,p21,l3,3.01
i42,e05,c5,p22,l1,0.00
i42,e05,c5,p22,l3,8.03
i42,e05,c5,p23,l1,0.00
i42,e05,c5,p23,l3,0.00
i42,e05,c5,p24,l1,0.00
i42,e05,c5,p24,l3,1.05
i42,e05,c5,p25,l1,0.00
i42,e05,c5,p25,l3,0.00
i42,e05,c5,p26,l1,0.00
i42,e05,c5,p26,l3,0.00
i42,e05,c5,p27,l1,0.00
i42,e05,c5,p27,l3,0.00
i42,e05,c5,p28,l1,0.00
i42,e05,c5,p28,l3,1.26
i42,e05,c5,p29,l1,0.00
i42,e05,c5,p29,l3,0.00
i42,e05,c5,p30,l1,0.00
i42,e05,c5,p30,l3,0.00
i42,e05,c5,p31,l1,0.00
i42,e05,c5,p31,l3,0.00
i42,e05,c5,p32,l1,0.00
i42,e05,c5,p32,l3,0.00
i42,e05,c5,p33,l1,0.00
i42,e05,c5,p33,l3,0.00
i42,e05,c5,p35,l1,0.00
i42,e05,c5,p35,l3,17.76
i42,e05,c8,p10,l3,0.00
i42,e05,c8,p11,l3,0.00
i42,e05,c8,p15,l3,0.00
i42,e05,c8,p21,l3,0.00
i42,e05,c8,p22,l3,0.00
i42,e05,c8,p32,l3,0.00
i42,e05,c8,p35,l3,0.00
i42,e07,c5,p07,l2,0.00
i42,e07,c5,p07,l3,0.00
i42,e07,c5,p18,l2,0.00
i42,e08,c3,p09,l3,0.00
i42,e08,c3,p19,l3,0.00
i42,e08,c5,p01,l2,0.00
i42,e08,c5,p01,l3,0.00
i42,e08,c5,p02,l3,0.00
i42,e08,c5,p03,l2,0.00
i42,e08,c5,p03,l3,0.00
i42,e08,c5,p04,l2,0.00
i42,e08,c5,p04,l3,0.00
i42,e08,c5,p05,l2,0.00
i42,e08,c5,p05,l3,0.00
i42,e08,c5,p06,l3,0.00
i42,e08,c5,p07,l2,0.00
i42,e08,c5,p07,l3,0.00
i42,e08,c5,p08,l3,0.00
i42,e08,c5,p09,l3,0.00
i42,e08,c5,p10,l2,0.00
i42,e08,c5,p10,l3,0.00
i42,e08,c5,p11,l2,0.00
i42,e08,c5,p11,l3,0.00
i42,e08,c5,p12,l3,0.00
i42,e08,c5,p13,l2,0.00
i42,e08,c5,p13,l3,0.00
i42,e08,c5,p14,l2,0.00
i42,e08,c5,p14,l3,0.00
i42,e08,c5,p15,l3,0.00
i42,e08,c5,p16,l2,0.00
i42,e08,c5,p16,l3,0.00
i42,e08,c5,p17,l3,0.00
i42,e08,c5,p18,l3,0.00
i42,e08,c5,p19,l2,0.00
i42,e08,c5,p19,l3,0.00
i42,e08,c5,p20,l3,0.00
i42,e08,c5,p21,l2,0.00
i42,e08,c5,p21,l3,0.00
i42,e08,c5,p22,l3,0.00
i42,e08,c5,p23,l2,0.00
i42,e08,c5,p23,l3,0.00
i42,e08,c5,p24,l3,0.00
i42,e08,c5,p25,l3,0.00
i42,e08,c5,p26,l3,0.00
i42,e08,c5,p28,l2,0.00
i42,e08,c5,p28,l3,0.00
i42,e08,c5,p29,l3,0.00
i42,e08,c5,p31,l3,0.00
i42,e08,c5,p32,l3,0.00
i42,e08,c5,p35,l2,0.00
i42,e08,c5,p35,l3,0.00
i42,e09,c3,p01,l2,0.00
i42,e09,c3,p03,l3,0.00
i42,e09,c3,p04,l2,0.00
i42,e09,c3,p15,l2,0.00
i42,e09,c3,p15,l3,0.00
i42,e09,c3,p21,l3,0.00
i42,e09,c3,p29,l3,0.00
i42,e09,c3,p35,l3,0.00
i42,e09,c5,p01,l3,0.00
i42,e09,c5,p02,l3,0.00
i42,e09,c5,p04,l2,0.00
i42,e09,c5,p04,l3,0.00
i42,e09,c5,p05,l3,0.00
i42,e09,c5,p06,l2,0.00
i42,e09,c5,p06,l3,0.00
i42,e09,c5,p07,l3,0.00
i42,e09,c5,p08,l3,0.00
i42,e09,c5,p09,l2,0.00
i42,e09,c5,p10,l3,0.00
i42,e09,c5,p11,l3,0.00
i42,e09,c5,p12,l3,0.00
i42,e09,c5,p13,l3,0.00
i42,e09,c5,p14,l3,0.00
i42,e09,c5,p15,l2,0.00
i42,e09,c5,p15,l3,0.00
i42,e09,c5,p16,l2,0.00
i42,e09,c5,p16,l3,0.00
i42,e09,c5,p17,l3,0.00
i42,e09,c5,p18,l2,0.00
i42,e09,c5,p18,l3,0.00
i42,e09,c5,p19,l2,0.00
i42,e09,c5,p19,l3,0.00
i42,e09,c5,p20,l2,0.00
i42,e09,c5,p20,l3,0.00
i42,e09,c5,p21,l2,0.00
i42,e09,c5,p21,l3,0.00
i42,e09,c5,p22,l3,0.00
i42,e09,c5,p23,l3,0.00
i42,e09,c5,p24,l3,0.00
i42,e09,c5,p25,l3,0.00
i42,e09,c5,p26,l2,0.00
i42,e09,c5,p28,l2,0.00
i42,e09,c5,p29,l2,0.00
i42,e09,c5,p29,l3,0.00
i42,e09,c5,p31,l3,0.00
i42,e09,c5,p32,l3,0.00
i42,e09,c5,p35,l3,0.00
i42,e12,c3,p01,l3,0.00
i42,e12,c3,p02,l3,0.00
i42,e12,c3,p03,l3,0.00
i42,e12,c3,p04,l3,0.00
i42,e12,c3,p05,l3,0.00
i42,e12,c3,p06,l3,0.00
i42,e12,c3,p07,l3,0.00
i42,e12,c3,p08,l3,0.00
i42,e12,c3,p09,l3,0.00
i42,e12,c3,p10,l3,0.00
i42,e12,c3,p11,l3,0.00
i42,e12,c3,p12,l3,0.00
i42,e12,c3,p13,l3,0.00
i42,e12,c3,p14,l3,1.47
i42,e12,c3,p15,l3,0.00
i42,e12,c3,p16,l3,0.00
i42,e12,c3,p17,l3,0.00
i42,e12,c3,p18,l3,0.00
i42,e12,c3,p19,l3,0.00
i42,e12,c3,p20,l3,0.00
i42,e12,c3,p21,l3,0.00
i42,e12,c3,p22,l3,0.00
i42,e12,c3,p23,l3,0.00
i42,e12,c3,p24,l3,0.00
i42,e12,c3,p25,l3,0.00
i42,e12,c3,p26,l3,0.00
i42,e12,c3,p28,l3,0.00
i42,e12,c3,p29,l3,0.00
i42,e12,c3,p30,l3,0.00
i42,e12,c3,p31,l3,0.00
i42,e12,c3,p32,l3,0.00
i42,e12,c3,p33,l3,0.00
i42,e12,c3,p35,l3,0.00
i42,e12,c5,p01,l3,0.00
i42,e12,c5,p02,l3,0.00
i42,e12,c5,p03,l3,0.00
i42,e12,c5,p04,l3,0.00
i42,e12,c5,p05,l3,10.08
i42,e12,c5,p06,l3,0.00
i42,e12,c5,p07,l3,10.59
i42,e12,c5,p08,l3,0.00
i42,e12,c5,p09,l3,0.00
i42,e12,c5,p10,l3,0.00
i42,e12,c5,p11,l3,0.00
i42,e12,c5,p12,l3,0.00
i42,e12,c5,p13,l3,0.00
i42,e12,c5,p14,l3,0.00
i42,e12,c5,p15,l3,40.59
i42,e12,c5,p16,l3,0.00
i42,e12,c5,p17,l3,0.00
i42,e12,c5,p18,l3,0.00
i42,e12,c5,p19,l3,0.00
i42,e12,c5,p20,l3,0.00
i42,e12,c5,p21,l3,0.00
i42,e12,c5,p22,l3,0.00
i42,e12,c5,p23,l3,0.00
i42,e12,c5,p24,l3,0.00
i42,e12,c5,p25,l3,0.00
i42,e12,c5,p26,l3,0.00
i42,e12,c5,p28,l3,0.00
i42,e12,c5,p29,l3,0.00
i42,e12,c5,p30,l3,0.00
i42,e12,c5,p31,l3,0.00
i42,e12,c5,p32,l3,0.00
i42,e12,c5,p33,l3,0.00
i42,e12,c5,p35,l3,0.00
i42,e12,c8,p35,l3,0.00
i43,e01,c1,p01,l3,0.00
i43,e01,c1,p02,l3,0.00
i43,e01,c1,p03,l3,0.00
i43,e01,c1,p04,l3,0.00
i43,e01,c1,p05,l3,0.00
i43,e01,c1,p06,l3,0.00
i43,e01,c1,p07,l3,11.53
i43,e01,c1,p08,l3,0.00
i43,e01,c1,p09,l3,1.52
i43,e01,c1,p10,l3,0.00
i43,e01,c1,p11,l3,0.00
i43,e01,c1,p12,l3,0.00
i43,e01,c1,p13,l3,0.00
i43,e01,c1,p14,l3,0.00
i43,e01,c1,p15,l3,0.00
i43,e01,c1,p16,l3,0.00
i43,e01,c1,p17,l3,0.00
i43,e01,c1,p18,l3,0.00
i43,e01,c1,p19,l3,0.00
i43,e01,c1,p20,l3,0.00
i43,e01,c1,p21,l3,0.00
i43,e01,c1,p22,l3,0.00
i43,e01,c1,p23,l3,0.00
i43,e01,c1,p24,l3,0.00
i43,e01,c1,p25,l3,5.17
i43,e01,c1,p26,l3,0.00
i43,e01,c1,p27,l3,0.00
i43,e01,c1,p28,l3,0.00
i43,e01,c1,p29,l3,0.00
i43,e01,c1,p30,l3,0.00
i43,e01,c1,p31,l3,0.00
i43,e01,c1,p32,l3,0.00
i43,e01,c1,p33,l3,0.00
i43,e01,c1,p34,l3,0.00
i43,e01,c1,p35,l3,0.00
i43,e01,c4,p01,l3,0.00
i43,e01,c4,p02,l3,0.00
i43,e01,c4,p03,l3,0.00
i43,e01,c4,p04,l3,0.00
i43,e01,c4,p05,l3,0.00
i43,e01,c4,p06,l3,0.00
i43,e01,c4,p07,l3,0.00
i43,e01,c4,p08,l3,0.00
i43,e01,c4,p09,l3,0.00
i43,e01,c4,p10,l3,0.00
i43,e01,c4,p11,l3,0.00
i43,e01,c4,p12,l3,0.00
i43,e01,c4,p13,l3,0.00
i43,e01,c4,p14,l3,0.00
i43,e01,c4,p15,l3,0.00
i43,e01,c4,p16,l3,0.00
i43,e01,c4,p17,l3,0.00
i43,e01,c4,p18,l3,0.00
i43,e01,c4,p19,l3,0.00
i43,e01,c4,p20,l3,0.00
i43,e01,c4,p21,l3,0.00
i43,e01,c4,p22,l3,0.00
i43,e01,c4,p23,l3,0.00
i43,e01,c4,p24,l3,0.00
i43,e01,c4,p25,l3,0.00
i43,e01,c4,p26,l3,0.00
i43,e01,c4,p28,l3,0.00
i43,e01,c4,p29,l3,0.00
i43,e01,c4,p31,l3,0.00
i43,e01,c4,p32,l3,0.00
i43,e01,c4,p35,l3,0.00
i43,e01,c7,p01,l3,0.00
i43,e01,c7,p03,l3,0.00
i43,e01,c7,p07,l3,0.00
i43,e01,c7,p12,l3,0.00
i43,e01,c7,p13,l3,0.00
i43,e01,c7,p17,l3,0.00
i43,e01,c7,p19,l3,0.00
i43,e01,c7,p35,l3,0.00
i43,e03,c1,p01,l3,0.00
i43,e03,c1,p02,l3,0.00
i43,e03,c1,p03,l3,0.00
i43,e03,c1,p04,l3,0.00
i43,e03,c1,p05,l3,0.00
i43,e03,c1,p06,l3,0.00
i43,e03,c1,p07,l3,0.00
i43,e03,c1,p08,l3,0.00
i43,e03,c1,p09,l3,1.33
i43,e03,c1,p10,l3,0.00
i43,e03,c1,p11,l3,0.00
i43,e03,c1,p12,l3,0.00
i43,e03,c1,p13,l3,0.00
i43,e03,c1,p14,l3,0.00
i43,e03,c1,p15,l3,0.00
i43,e03,c1,p16,l3,0.00
i43,e03,c1,p17,l3,0.00
i43,e03,c1,p18,l3,0.00
i43,e03,c1,p19,l3,0.00
i43,e03,c1,p20,l3,0.00
i43,e03,c1,p21,l3,0.00
i43,e03,c1,p22,l3,0.00
i43,e03,c1,p23,l3,0.00
i43,e03,c1,p24,l3,0.00
i43,e03,c1,p25,l3,0.00
i43,e03,c1,p26,l3,0.00
i43,e03,c1,p28,l3,0.00
i43,e03,c1,p29,l3,0.00
i43,e03,c1,p30,l3,0.00
i43,e03,c1,p31,l3,0.00
i43,e03,c1,p32,l3,0.00
i43,e03,c1,p35,l3,0.00
i43,e03,c4,p01,l3,0.00
i43,e03,c4,p02,l3,0.00
i43,e03,c4,p03,l3,0.00
i43,e03,c4,p04,l3,0.00
i43,e03,c4,p05,l3,0.00
i43,e03,c4,p06,l3,0.00
i43,e03,c4,p07,l3,0.00
i43,e03,c4,p08,l3,0.00
i43,e03,c4,p09,l3,0.00
i43,e03,c4,p10,l3,0.00
i43,e03,c4,p11,l3,0.00
i43,e03,c4,p12,l3,0.00
i43,e03,c4,p13,l3,0.00
i43,e03,c4,p14,l3,0.00
i43,e03,c4,p15,l3,0.00
i43,e03,c4,p16,l3,0.00
i43,e03,c4,p17,l3,0.00
i43,e03,c4,p18,l3,0.00
i43,e03,c4,p19,l3,0.00
i43,e03,c4,p21,l3,0.00
i43,e03,c4,p23,l3,0.00
i43,e03,c4,p24,l3,0.00
i43,e03,c4,p25,l3,0.00
i43,e03,c4,p28,l3,0.00
i43,e03,c4,p29,l3,0.00
i43,e03,c4,p32,l3,0.00
i43,e03,c4,p35,l3,0.00
i43,e03,c7,p13,l3,0.00
i43,e03,c7,p17,l3,0.00
i43,e04,c1,p01,l1,0.00
i43,e04,c1,p01,l3,0.00
i43,e04,c1,p02,l1,0.00
i43,e04,c1,p02,l3,0.00
i43,e04,c1,p03,l1,0.00
i43,e04,c1,p03,l3,0.00
i43,e04,c1,p04,l1,0.00
i43,e04,c1,p04,l3,0.00
i43,e04,c1,p05,l1,0.00
i43,e04,c1,p05,l3,0.00
i43,e04,c1,p06,l1,0.00
i43,e04,c1,p06,l3,0.00
i43,e04,c1,p07,l1,0.00
i43,e04,c1,p07,l3,1.05
i43,e04,c1,p08,l1,0.00
i43,e04,c1,p08,l3,0.00
i43,e04,c1,p09,l1,0.00
i43,e04,c1,p09,l3,0.00
i43,e04,c1,p10,l1,0.00
i43,e04,c1,p10,l3,0.00
i43,e04,c1,p11,l1,0.00
i43,e04,c1,p11,l3,0.00
i43,e04,c1,p12,l1,0.00
i43,e04,c1,p12,l3,0.00
i43,e04,c1,p13,l1,0.00
i43,e04,c1,p13,l3,0.00
i43,e04,c1,p14,l1,0.00
i43,e04,c1,p14,l3,0.00
i43,e04,c1,p15,l1,0.00
i43,e04,c1,p15,l3,0.00
i43,e04,c1,p16,l1,0.00
i43,e04,c1,p16,l3,0.00
i43,e04,c1,p17,l1,0.00
i43,e04,c1,p17,l3,0.00
i43,e04,c1,p18,l1,0.00
i43,e04,c1,p18,l3,0.00
i43,e04,c1,p19,l1,0.00
i43,e04,c1,p19,l3,0.00
i43,e04,c1,p20,l1,0.00
i43,e04,c1,p20,l3,0.00
i43,e04,c1,p21,l1,0.00
i43,e04,c1,p21,l3,0.00
i43,e04,c1,p22,l1,0.00
i43,e04,c1,p22,l3,0.00
i43,e04,c1,p23,l1,0.00
i43,e04,c1,p23,l3,0.00
i43,e04,c1,p24,l1,0.00
i43,e04,c1,p24,l3,0.00
i43,e04,c1,p25,l1,0.00
i43,e04,c1,p25,l3,1.10
i43,e04,c1,p26,l1,0.00
i43,e04,c1,p26,l3,0.00
i43,e04,c1,p27,l3,0.00
i43,e04,c1,p28,l1,0.00
i43,e04,c1,p28,l3,0.00
i43,e04,c1,p29,l1,0.00
i43,e04,c1,p29,l3,0.00
i43,e04,c1,p30,l1,0.00
i43,e04,c1,p30,l3,0.00
i43,e04,c1,p31,l1,0.00
i43,e04,c1,p31,l3,0.00
i43,e04,c1,p32,l1,0.00
i43,e04,c1,p32,l3,0.00
i43,e04,c1,p33,l1,0.00
i43,e04,c1,p33,l3,0.00
i43,e04,c1,p34,l3,0.00
i43,e04,c1,p35,l1,0.00
i43,e04,c1,p35,l3,0.00
i43,e04,c4,p01,l1,0.00
i43,e04,c4,p01,l3,0.00
i43,e04,c4,p02,l3,0.00
i43,e04,c4,p03,l1,0.00
i43,e04,c4,p03,l3,0.00
i43,e04,c4,p04,l1,0.00
i43,e04,c4,p04,l3,0.00
i43,e04,c4,p05,l1,0.00
i43,e04,c4,p05,l3,0.00
i43,e04,c4,p06,l1,0.00
i43,e04,c4,p06,l3,0.00
i43,e04,c4,p07,l1,0.00
i43,e04,c4,p07,l3,0.00
i43,e04,c4,p08,l3,0.00
i43,e04,c4,p09,l1,0.00
i43,e04,c4,p09,l3,0.00
i43,e04,c4,p10,l1,0.00
i43,e04,c4,p10,l3,0.00
i43,e04,c4,p11,l1,0.00
i43,e04,c4,p11,l3,0.00
i43,e04,c4,p12,l1,0.00
i43,e04,c4,p12,l3,0.00
i43,e04,c4,p13,l3,0.00
i43,e04,c4,p14,l3,0.00
i43,e04,c4,p15,l3,0.00
i43,e04,c4,p16,l3,0.00
i43,e04,c4,p17,l3,0.00
i43,e04,c4,p18,l3,0.00
i43,e04,c4,p19,l1,0.00
i43,e04,c4,p19,l3,0.00
i43,e04,c4,p20,l3,0.00
i43,e04,c4,p21,l3,0.00
i43,e04,c4,p22,l3,0.00
i43,e04,c4,p23,l3,0.00
i43,e04,c4,p24,l3,0.00
i43,e04,c4,p25,l3,0.00
i43,e04,c4,p26,l1,0.00
i43,e04,c4,p28,l3,0.00
i43,e04,c4,p29,l1,0.00
i43,e04,c4,p29,l3,0.00
i43,e04,c4,p31,l3,0.00
i43,e04,c4,p32,l3,0.00
i43,e04,c4,p35,l1,0.00
i43,e04,c4,p35,l3,0.00
i43,e04,c7,p03,l1,0.00
i43,e04,c7,p06,l3,0.00
i43,e04,c7,p07,l3,0.00
i43,e04,c7,p12,l3,0.00
i43,e04,c7,p13,l3,0.00
i43,e04,c7,p17,l3,0.00
i43,e04,c7,p19,l3,0.00
i43,e04,c7,p35,l3,0.00
i43,e05,c1,p01,l1,0.00
i43,e05,c1,p01,l3,0.00
i43,e05,c1,p02,l1,0.00
i43,e05,c1,p02,l3,0.00
i43,e05,c1,p03,l1,0.00
i43,e05,c1,p03,l3,0.00
i43,e05,c1,p04,l1,0.00
i43,e05,c1,p04,l3,0.00
i43,e05,c1,p05,l1,0.00
i43,e05,c1,p05,l3,0.00
i43,e05,c1,p06,l1,0.00
i43,e05,c1,p06,l3,0.00
i43,e05,c1,p07,l1,0.00
i43,e05,c1,p07,l3,0.00
i43,e05,c1,p08,l1,0.00
i43,e05,c1,p08,l3,0.00
i43,e05,c1,p09,l1,0.00
i43,e05,c1,p09,l3,0.00
i43,e05,c1,p10,l1,0.00
i43,e05,c1,p10,l3,0.00
i43,e05,c1,p11,l1,0.00
i43,e05,c1,p11,l3,0.00
i43,e05,c1,p12,l1,0.00
i43,e05,c1,p12,l3,0.00
i43,e05,c1,p13,l1,0.00
i43,e05,c1,p13,l3,0.00
i43,e05,c1,p14,l1,0.00
i43,e05,c1,p14,l3,0.00
i43,e05,c1,p15,l1,0.00
i43,e05,c1,p15,l3,0.00
i43,e05,c1,p16,l1,0.00
i43,e05,c1,p16,l3,0.00
i43,e05,c1,p17,l1,0.00
i43,e05,c1,p17,l3,0.00
i43,e05,c1,p18,l1,0.00
i43,e05,c1,p18,l3,0.00
i43,e05,c1,p19,l1,0.00
i43,e05,c1,p19,l3,0.00
i43,e05,c1,p20,l1,0.00
i43,e05,c1,p20,l3,0.00
i43,e05,c1,p21,l1,0.00
i43,e05,c1,p21,l3,0.00
i43,e05,c1,p22,l1,0.00
i43,e05,c1,p22,l3,0.00
i43,e05,c1,p23,l1,0.00
i43,e05,c1,p23,l3,0.00
i43,e05,c1,p24,l1,0.00
i43,e05,c1,p24,l3,0.00
i43,e05,c1,p25,l1,0.00
i43,e05,c1,p25,l3,0.00
i43,e05,c1,p26,l1,0.00
i43,e05,c1,p26,l3,0.00
i43,e05,c1,p28,l1,0.00
i43,e05,c1,p28,l3,0.00
i43,e05,c1,p29,l1,0.00
i43,e05,c1,p29,l3,0.00
i43,e05,c1,p30,l1,0.00
i43,e05,c1,p31,l1,0.00
i43,e05,c1,p31,l3,0.00
i43,e05,c1,p32,l1,0.00
i43,e05,c1,p32,l3,0.00
i43,e05,c1,p35,l1,0.00
i43,e05,c1,p35,l3,0.00
i43,e05,c4,p03,l3,0.00
i43,e05,c4,p04,l3,0.00
i43,e05,c4,p05,l3,0.00
i43,e05,c4,p06,l1,0.00
i43,e05,c4,p07,l3,0.00
i43,e05,c4,p11,l3,0.00
i43,e05,c4,p12,l1,0.00
i43,e05,c4,p17,l3,0.00
i43,e05,c4,p23,l3,0.00
i43,e05,c4,p24,l3,0.00
i43,e05,c4,p29,l1,0.00
i43,e05,c4,p35,l1,0.00
i43,e05,c4,p35,l3,0.00
i43,e06,c1,p01,l3,0.00
i43,e06,c1,p10,l3,0.00
i43,e07,c1,p01,l2,0.00
i43,e07,c1,p01,l3,0.00
i43,e07,c1,p02,l2,0.00
i43,e07,c1,p02,l3,0.00
i43,e07,c1,p03,l2,0.00
i43,e07,c1,p03,l3,0.00
i43,e07,c1,p04,l2,0.00
i43,e07,c1,p04,l3,0.00
i43,e07,c1,p05,l2,0.00
i43,e07,c1,p05,l3,0.00
i43,e07,c1,p06,l2,0.00
i43,e07,c1,p06,l3,0.00
i43,e07,c1,p07,l2,0.00
i43,e07,c1,p07,l3,0.00
i43,e07,c1,p08,l2,0.00
i43,e07,c1,p08,l3,0.00
i43,e07,c1,p09,l2,0.00
i43,e07,c1,p09,l3,0.00
i43,e07,c1,p10,l2,0.00
i43,e07,c1,p10,l3,0.00
i43,e07,c1,p11,l2,0.00
i43,e07,c1,p11,l3,0.00
i43,e07,c1,p12,l2,0.00
i43,e07,c1,p12,l3,0.00
i43,e07,c1,p13,l2,0.00
i43,e07,c1,p13,l3,0.00
i43,e07,c1,p14,l2,0.00
i43,e07,c1,p14,l3,0.00
i43,e07,c1,p15,l2,0.00
i43,e07,c1,p15,l3,0.00
i43,e07,c1,p16,l2,0.00
i43,e07,c1,p16,l3,0.00
i43,e07,c1,p17,l2,0.00
i43,e07,c1,p17,l3,0.00
i43,e07,c1,p18,l2,0.00
i43,e07,c1,p18,l3,0.00
i43,e07,c1,p19,l2,0.00
i43,e07,c1,p19,l3,0.00
i43,e07,c1,p20,l2,0.00
i43,e07,c1,p20,l3,0.00
i43,e07,c1,p21,l2,0.00
i43,e07,c1,p21,l3,0.00
i43,e07,c1,p22,l2,0.00
i43,e07,c1,p22,l3,0.00
i43,e07,c1,p23,l2,0.00
i43,e07,c1,p23,l3,0.00
i43,e07,c1,p24,l2,0.00
i43,e07,c1,p24,l3,0.00
i43,e07,c1,p25,l2,0.00
i43,e07,c1,p25,l3,0.00
i43,e07,c1,p26,l2,0.00
i43,e07,c1,p26,l3,0.00
i43,e07,c1,p28,l2,0.00
i43,e07,c1,p28,l3,0.00
i43,e07,c1,p29,l2,0.00
i43,e07,c1,p29,l3,0.00
i43,e07,c1,p30,l2,0.00
i43,e07,c1,p31,l2,0.00
i43,e07,c1,p31,l3,0.00
i43,e07,c1,p32,l2,0.00
i43,e07,c1,p32,l3,0.00
i43,e07,c1,p33,l2,0.00
i43,e07,c1,p33,l3,0.00
i43,e07,c1,p35,l2,0.00
i43,e07,c1,p35,l3,0.00
i43,e07,c4,p01,l2,0.00
i43,e07,c4,p01,l3,0.00
i43,e07,c4,p02,l2,0.00
i43,e07,c4,p02,l3,0.00
i43,e07,c4,p03,l2,0.00
i43,e07,c4,p03,l3,0.00
i43,e07,c4,p04,l2,0.00
i43,e07,c4,p04,l3,0.00
i43,e07,c4,p05,l2,0.00
i43,e07,c4,p05,l3,0.00
i43,e07,c4,p06,l2,0.00
i43,e07,c4,p06,l3,0.00
i43,e07,c4,p07,l2,0.00
i43,e07,c4,p07,l3,0.00
i43,e07,c4,p08,l2,0.00
i43,e07,c4,p08,l3,0.00
i43,e07,c4,p09,l2,0.00
i43,e07,c4,p09,l3,0.00
i43,e07,c4,p10,l2,0.00
i43,e07,c4,p10,l3,0.00
i43,e07,c4,p11,l2,0.00
i43,e07,c4,p11,l3,0.00
i43,e07,c4,p12,l2,0.00
i43,e07,c4,p12,l3,0.00
i43,e07,c4,p13,l2,0.00
i43,e07,c4,p13,l3,0.00
i43,e07,c4,p14,l2,0.00
i43,e07,c4,p14,l3,0.00
i43,e07,c4,p15,l2,0.00
i43,e07,c4,p17,l2,0.00
i43,e07,c4,p17,l3,0.00
i43,e07,c4,p18,l3,0.00
i43,e07,c4,p19,l2,0.00
i43,e07,c4,p19,l3,0.00
i43,e07,c4,p20,l2,0.00
i43,e07,c4,p21,l2,0.00
i43,e07,c4,p21,l3,0.00
i43,e07,c4,p24,l2,0.00
i43,e07,c4,p26,l2,0.00
i43,e07,c4,p28,l2,0.00
i43,e07,c4,p28,l3,0.00
i43,e07,c4,p29,l2,0.00
i43,e07,c4,p29,l3,0.00
i43,e07,c4,p31,l2,0.00
i43,e07,c4,p32,l2,0.00
i43,e07,c4,p35,l2,0.00
i43,e07,c4,p35,l3,0.00
i43,e07,c7,p03,l2,0.00
i43,e07,c7,p17,l2,0.00
i43,e07,c7,p17,l3,0.00
i43,e07,c7,p18,l2,0.00
i43,e08,c1,p01,l2,0.00
i43,e08,c1,p01,l3,0.00
i43,e08,c1,p02,l2,0.00
i43,e08,c1,p02,l3,0.00
i43,e08,c1,p03,l2,0.00
i43,e08,c1,p03,l3,0.00
i43,e08,c1,p04,l2,0.00
i43,e08,c1,p04,l3,0.00
i43,e08,c1,p05,l2,0.00
i43,e08,c1,p05,l3,0.00
i43,e08,c1,p06,l2,0.00
i43,e08,c1,p06,l3,0.00
i43,e08,c1,p07,l2,0.00
i43,e08,c1,p07,l3,0.00
i43,e08,c1,p08,l2,0.00
i43,e08,c1,p08,l3,0.00
i43,e08,c1,p09,l2,0.00
i43,e08,c1,p09,l3,0.00
i43,e08,c1,p10,l2,0.00
i43,e08,c1,p10,l3,0.00
i43,e08,c1,p11,l2,0.00
i43,e08,c1,p11,l3,0.00
i43,e08,c1,p12,l2,0.00
i43,e08,c1,p12,l3,0.00
i43,e08,c1,p13,l2,0.00
i43,e08,c1,p13,l3,0.00
i43,e08,c1,p14,l2,0.00
i43,e08,c1,p14,l3,0.00
i43,e08,c1,p15,l2,0.00
i43,e08,c1,p15,l3,0.00
i43,e08,c1,p16,l2,0.00
i43,e08,c1,p16,l3,0.00
i43,e08,c1,p17,l2,0.00
i43,e08,c1,p17,l3,0.00
i43,e08,c1,p18,l2,0.00
i43,e08,c1,p18,l3,0.00
i43,e08,c1,p19,l2,0.00
i43,e08,c1,p19,l3,0.00
i43,e08,c1,p20,l2,0.00
i43,e08,c1,p20,l3,0.00
i43,e08,c1,p21,l2,0.00
i43,e08,c1,p21,l3,0.00
i43,e08,c1,p22,l2,0.00
i43,e08,c1,p22,l3,0.00
i43,e08,c1,p23,l2,0.00
i43,e08,c1,p23,l3,0.00
i43,e08,c1,p24,l2,0.00
i43,e08,c1,p24,l3,0.00
i43,e08,c1,p25,l2,0.00
i43,e08,c1,p25,l3,0.00
i43,e08,c1,p26,l2,0.00
i43,e08,c1,p26,l3,0.00
i43,e08,c1,p27,l3,0.00
i43,e08,c1,p28,l2,0.00
i43,e08,c1,p28,l3,0.00
i43,e08,c1,p29,l2,0.00
i43,e08,c1,p29,l3,0.00
i43,e08,c1,p30,l3,0.00
i43,e08,c1,p31,l2,0.00
i43,e08,c1,p31,l3,0.00
i43,e08,c1,p32,l2,0.00
i43,e08,c1,p32,l3,0.00
i43,e08,c1,p33,l2,0.00
i43,e08,c1,p33,l3,0.00
i43,e08,c1,p34,l3,0.00
i43,e08,c1,p35,l2,0.00
i43,e08,c1,p35,l3,0.00
i43,e08,c4,p01,l2,0.00
i43,e08,c4,p01,l3,0.00
i43,e08,c4,p02,l2,0.00
i43,e08,c4,p02,l3,0.00
i43,e08,c4,p03,l2,0.00
i43,e08,c4,p03,l3,0.00
i43,e08,c4,p04,l2,0.00
i43,e08,c4,p04,l3,0.00
i43,e08,c4,p05,l2,0.00
i43,e08,c4,p05,l3,0.00
i43,e08,c4,p06,l2,0.00
i43,e08,c4,p06,l3,0.00
i43,e08,c4,p07,l2,0.00
i43,e08,c4,p07,l3,0.00
i43,e08,c4,p08,l3,0.00
i43,e08,c4,p09,l2,0.00
i43,e08,c4,p09,l3,0.00
i43,e08,c4,p10,l2,0.00
i43,e08,c4,p10,l3,0.00
i43,e08,c4,p11,l2,0.00
i43,e08,c4,p11,l3,0.00
i43,e08,c4,p12,l2,0.00
i43,e08,c4,p12,l3,0.00
i43,e08,c4,p13,l2,0.00
i43,e08,c4,p13,l3,0.00
i43,e08,c4,p14,l3,0.00
i43,e08,c4,p15,l2,0.00
i43,e08,c4,p15,l3,0.00
i43,e08,c4,p16,l3,0.00
i43,e08,c4,p17,l3,0.00
i43,e08,c4,p18,l3,0.00
i43,e08,c4,p19,l2,0.00
i43,e08,c4,p19,l3,0.00
i43,e08,c4,p20,l3,0.00
i43,e08,c4,p21,l3,0.00
i43,e08,c4,p22,l3,0.00
i43,e08,c4,p23,l2,0.00
i43,e08,c4,p23,l3,0.00
i43,e08,c4,p24,l3,0.00
i43,e08,c4,p25,l3,0.00
i43,e08,c4,p26,l2,0.00
i43,e08,c4,p28,l2,0.00
i43,e08,c4,p28,l3,0.00
i43,e08,c4,p29,l2,0.00
i43,e08,c4,p29,l3,0.00
i43,e08,c4,p31,l2,0.00
i43,e08,c4,p31,l3,0.00
i43,e08,c4,p32,l2,0.00
i43,e08,c4,p32,l3,0.00
i43,e08,c4,p35,l2,0.00
i43,e08,c4,p35,l3,0.00
i43,e08,c7,p01,l3,0.00
i43,e08,c7,p03,l2,0.00
i43,e08,c7,p13,l3,0.00
i43,e08,c7,p17,l3,0.00
i43,e08,c7,p19,l3,0.00
i43,e08,c7,p35,l3,0.00
i43,e09,c1,p01,l2,0.00
i43,e09,c1,p01,l3,0.00
i43,e09,c1,p02,l2,0.00
i43,e09,c1,p02,l3,0.00
i43,e09,c1,p03,l2,0.00
i43,e09,c1,p03,l3,0.00
i43,e09,c1,p04,l2,0.00
i43,e09,c1,p04,l3,0.00
i43,e09,c1,p05,l2,0.00
i43,e09,c1,p05,l3,0.00
i43,e09,c1,p06,l2,0.00
i43,e09,c1,p06,l3,0.00
i43,e09,c1,p07,l2,0.00
i43,e09,c1,p07,l3,0.00
i43,e09,c1,p08,l2,0.00
i43,e09,c1,p08,l3,0.00
i43,e09,c1,p09,l2,0.00
i43,e09,c1,p09,l3,0.00
i43,e09,c1,p10,l2,0.00
i43,e09,c1,p10,l3,0.00
i43,e09,c1,p11,l2,0.00
i43,e09,c1,p11,l3,0.00
i43,e09,c1,p12,l2,0.00
i43,e09,c1,p12,l3,0.00
i43,e09,c1,p13,l2,0.00
i43,e09,c1,p13,l3,0.00
i43,e09,c1,p14,l2,0.00
i43,e09,c1,p14,l3,0.00
i43,e09,c1,p15,l2,0.00
i43,e09,c1,p15,l3,0.00
i43,e09,c1,p16,l2,0.00
i43,e09,c1,p16,l3,0.00
i43,e09,c1,p17,l2,0.00
i43,e09,c1,p17,l3,0.00
i43,e09,c1,p18,l2,0.00
i43,e09,c1,p18,l3,0.00
i43,e09,c1,p19,l2,0.00
i43,e09,c1,p19,l3,0.00
i43,e09,c1,p20,l2,0.00
i43,e09,c1,p20,l3,0.00
i43,e09,c1,p21,l2,0.00
i43,e09,c1,p21,l3,0.00
i43,e09,c1,p22,l2,0.00
i43,e09,c1,p22,l3,0.00
i43,e09,c1,p23,l2,0.00
i43,e09,c1,p23,l3,0.00
i43,e09,c1,p24,l2,0.00
i43,e09,c1,p24,l3,0.00
i43,e09,c1,p25,l2,0.00
i43,e09,c1,p25,l3,0.00
i43,e09,c1,p26,l2,0.00
i43,e09,c1,p26,l3,0.00
i43,e09,c1,p27,l3,0.00
i43,e09,c1,p28,l2,0.00
i43,e09,c1,p28,l3,0.00
i43,e09,c1,p29,l2,0.00
i43,e09,c1,p29,l3,0.00
i43,e09,c1,p30,l2,0.00
i43,e09,c1,p30,l3,0.00
i43,e09,c1,p31,l2,0.00
i43,e09,c1,p31,l3,0.00
i43,e09,c1,p32,l2,0.00
i43,e09,c1,p32,l3,0.00
i43,e09,c1,p33,l2,0.00
i43,e09,c1,p33,l3,0.00
i43,e09,c1,p34,l3,0.00
i43,e09,c1,p35,l2,0.00
i43,e09,c1,p35,l3,0.00
i43,e09,c4,p01,l2,0.00
i43,e09,c4,p01,l3,0.00
i43,e09,c4,p02,l2,0.00
i43,e09,c4,p02,l3,0.00
i43,e09,c4,p03,l2,0.00
i43,e09,c4,p03,l3,0.00
i43,e09,c4,p04,l2,0.00
i43,e09,c4,p04,l3,0.00
i43,e09,c4,p05,l2,0.00
i43,e09,c4,p05,l3,0.00
i43,e09,c4,p06,l2,0.00
i43,e09,c4,p06,l3,0.00
i43,e09,c4,p07,l2,0.00
i43,e09,c4,p07,l3,0.00
i43,e09,c4,p08,l2,0.00
i43,e09,c4,p08,l3,0.00
i43,e09,c4,p09,l2,0.00
i43,e09,c4,p09,l3,0.00
i43,e09,c4,p10,l2,0.00
i43,e09,c4,p10,l3,0.00
i43,e09,c4,p11,l2,0.00
i43,e09,c4,p11,l3,0.00
i43,e09,c4,p12,l2,0.00
i43,e09,c4,p12,l3,0.00
i43,e09,c4,p13,l2,0.00
i43,e09,c4,p13,l3,0.00
i43,e09,c4,p14,l3,0.00
i43,e09,c4,p15,l2,0.00
i43,e09,c4,p15,l3,0.00
i43,e09,c4,p16,l3,0.00
i43,e09,c4,p17,l2,0.00
i43,e09,c4,p17,l3,0.00
i43,e09,c4,p18,l3,0.00
i43,e09,c4,p19,l2,0.00
i43,e09,c4,p19,l3,0.00
i43,e09,c4,p20,l3,0.00
i43,e09,c4,p21,l2,0.00
i43,e09,c4,p21,l3,0.00
i43,e09,c4,p22,l3,0.00
i43,e09,c4,p23,l2,0.00
i43,e09,c4,p23,l3,0.00
i43,e09,c4,p24,l2,0.00
i43,e09,c4,p24,l3,0.00
i43,e09,c4,p25,l2,0.00
i43,e09,c4,p25,l3,0.00
i43,e09,c4,p26,l2,0.00
i43,e09,c4,p26,l3,0.00
i43,e09,c4,p28,l2,0.00
i43,e09,c4,p28,l3,0.00
i43,e09,c4,p29,l2,0.00
i43,e09,c4,p29,l3,0.00
i43,e09,c4,p31,l2,0.00
i43,e09,c4,p31,l3,0.00
i43,e09,c4,p32,l3,0.00
i43,e09,c4,p35,l2,0.00
i43,e09,c4,p35,l3,0.00
i43,e09,c7,p03,l2,0.00
i43,e09,c7,p03,l3,0.00
i43,e09,c7,p06,l3,0.00
i43,e09,c7,p07,l3,0.00
i43,e09,c7,p11,l3,0.00
i43,e09,c7,p12,l3,0.00
i43,e09,c7,p13,l3,0.00
i43,e09,c7,p17,l3,0.00
i43,e09,c7,p19,l3,0.00
i43,e09,c7,p35,l3,0.00
i43,e10,c1,p01,l3,0.00
i43,e10,c1,p01,l4,0.00
i43,e10,c1,p10,l2,0.00
i43,e10,c1,p10,l3,0.00
i43,e10,c1,p10,l4,0.00
i43,e11,c1,p01,l2,0.00
i43,e11,c1,p01,l3,0.00
i43,e11,c1,p02,l2,0.00
i43,e11,c1,p02,l3,0.00
i43,e11,c1,p03,l2,0.00
i43,e11,c1,p03,l3,0.00
i43,e11,c1,p04,l2,0.00
i43,e11,c1,p04,l3,0.00
i43,e11,c1,p05,l2,0.00
i43,e11,c1,p05,l3,0.00
i43,e11,c1,p06,l2,0.00
i43,e11,c1,p06,l3,0.00
i43,e11,c1,p07,l2,0.00
i43,e11,c1,p07,l3,0.00
i43,e11,c1,p08,l2,0.00
i43,e11,c1,p08,l3,0.00
i43,e11,c1,p09,l2,0.00
i43,e11,c1,p09,l3,0.00
i43,e11,c1,p10,l2,0.00
i43,e11,c1,p10,l3,0.00
i43,e11,c1,p11,l2,0.00
i43,e11,c1,p11,l3,0.00
i43,e11,c1,p12,l2,0.00
i43,e11,c1,p12,l3,0.00
i43,e11,c1,p13,l2,0.00
i43,e11,c1,p13,l3,0.00
i43,e11,c1,p14,l2,0.00
i43,e11,c1,p14,l3,0.00
i43,e11,c1,p15,l2,0.00
i43,e11,c1,p15,l3,0.00
i43,e11,c1,p16,l2,0.00
i43,e11,c1,p16,l3,0.00
i43,e11,c1,p17,l2,0.00
i43,e11,c1,p17,l3,0.00
i43,e11,c1,p18,l2,0.00
i43,e11,c1,p18,l3,0.00
i43,e11,c1,p19,l2,0.00
i43,e11,c1,p19,l3,0.00
i43,e11,c1,p20,l2,0.00
i43,e11,c1,p20,l3,0.00
i43,e11,c1,p21,l2,0.00
i43,e11,c1,p21,l3,0.00
i43,e11,c1,p22,l2,0.00
i43,e11,c1,p22,l3,0.00
i43,e11,c1,p23,l2,0.00
i43,e11,c1,p23,l3,0.00
i43,e11,c1,p24,l2,0.00
i43,e11,c1,p24,l3,0.00
i43,e11,c1,p25,l2,0.00
i43,e11,c1,p25,l3,0.00
i43,e11,c1,p26,l2,0.00
i43,e11,c1,p26,l3,0.00
i43,e11,c1,p28,l2,0.00
i43,e11,c1,p28,l3,0.00
i43,e11,c1,p29,l2,0.00
i43,e11,c1,p29,l3,0.00
i43,e11,c1,p30,l2,0.00
i43,e11,c1,p31,l2,0.00
i43,e11,c1,p31,l3,0.00
i43,e11,c1,p32,l2,0.00
i43,e11,c1,p32,l3,0.00
i43,e11,c1,p33,l2,0.00
i43,e11,c1,p33,l3,0.00
i43,e11,c1,p35,l2,0.00
i43,e11,c1,p35,l3,0.00
i43,e11,c4,p01,l2,0.00
i43,e11,c4,p01,l3,0.00
i43,e11,c4,p02,l3,0.00
i43,e11,c4,p03,l2,0.00
i43,e11,c4,p03,l3,0.00
i43,e11,c4,p04,l2,0.00
i43,e11,c4,p05,l3,0.00
i43,e11,c4,p06,l3,0.00
i43,e11,c4,p07,l2,0.00
i43,e11,c4,p07,l3,0.00
i43,e11,c4,p08,l3,0.00
i43,e11,c4,p09,l2,0.00
i43,e11,c4,p09,l3,0.00
i43,e11,c4,p10,l2,0.00
i43,e11,c4,p10,l3,0.00
i43,e11,c4,p11,l2,0.00
i43,e11,c4,p11,l3,0.00
i43,e11,c4,p17,l3,0.00
i43,e11,c4,p18,l3,0.00
i43,e11,c4,p19,l2,0.00
i43,e11,c4,p21,l3,0.00
i43,e11,c4,p22,l3,0.00
i43,e11,c4,p24,l2,0.00
i43,e11,c4,p25,l2,0.00
i43,e11,c4,p25,l3,0.00
i43,e11,c4,p28,l3,0.00
i43,e11,c4,p31,l2,0.00
i43,e11,c4,p31,l3,0.00
i43,e11,c4,p35,l2,0.00
i43,e11,c4,p35,l3,0.00
i43,e11,c7,p17,l3,0.00
i43,e12,c1,p01,l3,0.00
i43,e12,c1,p02,l3,0.00
i43,e12,c1,p03,l3,0.00
i43,e12,c1,p04,l3,0.00
i43,e12,c1,p05,l3,0.00
i43,e12,c1,p06,l3,0.00
i43,e12,c1,p07,l3,0.00
i43,e12,c1,p08,l3,0.00
i43,e12,c1,p09,l3,0.00
i43,e12,c1,p10,l3,0.00
i43,e12,c1,p11,l3,0.00
i43,e12,c1,p12,l3,0.00
i43,e12,c1,p13,l3,0.00
i43,e12,c1,p14,l3,0.00
i43,e12,c1,p15,l3,0.00
i43,e12,c1,p16,l3,0.00
i43,e12,c1,p17,l3,0.00
i43,e12,c1,p18,l3,0.00
i43,e12,c1,p19,l3,0.00
i43,e12,c1,p20,l3,0.00
i43,e12,c1,p21,l3,0.00
i43,e12,c1,p22,l3,0.00
i43,e12,c1,p23,l3,0.00
i43,e12,c1,p24,l3,0.00
i43,e12,c1,p25,l3,0.00
i43,e12,c1,p26,l3,0.00
i43,e12,c1,p28,l3,0.00
i43,e12,c1,p29,l3,0.00
i43,e12,c1,p31,l3,0.00
i43,e12,c1,p32,l3,0.00
i43,e12,c1,p33,l3,0.00
i43,e12,c1,p35,l3,0.00
i43,e12,c4,p01,l3,0.00
i43,e12,c4,p02,l3,0.00
i43,e12,c4,p03,l3,0.00
i43,e12,c4,p04,l3,0.00
i43,e12,c4,p05,l3,0.00
i43,e12,c4,p06,l3,0.00
i43,e12,c4,p07,l3,0.00
i43,e12,c4,p08,l3,0.00
i43,e12,c4,p09,l3,0.00
i43,e12,c4,p10,l3,0.00
i43,e12,c4,p11,l3,0.00
i43,e12,c4,p12,l3,0.00
i43,e12,c4,p13,l3,0.00
i43,e12,c4,p14,l3,0.00
i43,e12,c4,p15,l3,0.00
i43,e12,c4,p17,l3,0.00
i43,e12,c4,p18,l3,0.00
i43,e12,c4,p19,l3,0.00
i43,e12,c4,p21,l3,0.00
i43,e12,c4,p24,l3,0.00
i43,e12,c4,p26,l3,0.00
i43,e12,c4,p29,l3,0.00
i43,e12,c4,p31,l3,0.00
i43,e12,c4,p32,l3,0.00
i43,e12,c4,p35,l3,0.00
i43,e12,c7,p17,l3,0.00
i43,e12,c7,p18,l3,0.00
i43,e12,c7,p21,l3,0.00
i43,e12,c7,p35,l3,0.00
i44,e01,c3,p01,l3,0.00
i44,e01,c3,p02,l3,0.00
i44,e01,c3,p03,l3,0.00
i44,e01,c3,p04,l3,0.00
i44,e01,c3,p05,l3,0.00
i44,e01,c3,p06,l3,0.00
i44,e01,c3,p07,l3,0.00
i44,e01,c3,p08,l3,0.00
i44,e01,c3,p09,l3,0.00
i44,e01,c3,p10,l3,0.00
i44,e01,c3,p11,l3,0.00
i44,e01,c3,p12,l3,0.00
i44,e01,c3,p13,l3,0.00
i44,e01,c3,p14,l3,0.00
i44,e01,c3,p15,l3,0.00
i44,e01,c3,p16,l3,0.00
i44,e01,c3,p17,l3,0.00
i44,e01,c3,p18,l3,0.00
i44,e01,c3,p19,l3,0.00
i44,e01,c3,p20,l3,0.00
i44,e01,c3,p21,l3,0.00
i44,e01,c3,p22,l3,0.00
i44,e01,c3,p23,l3,0.00
i44,e01,c3,p24,l3,0.00
i44,e01,c3,p25,l3,0.00
i44,e01,c3,p28,l3,0.00
i44,e01,c3,p29,l3,0.00
i44,e01,c3,p32,l3,0.00
i44,e01,c3,p35,l3,1.66
i44,e01,c5,p01,l3,0.00
i44,e01,c5,p10,l3,0.00
i44,e02,c3,p03,l1,0.00
i44,e02,c3,p04,l1,0.00
i44,e02,c3,p05,l1,0.00
i44,e02,c3,p06,l1,0.00
i44,e02,c3,p10,l1,0.00
i44,e02,c3,p10,l3,0.00
i44,e02,c3,p14,l1,0.00
i44,e02,c3,p15,l1,0.00
i44,e02,c3,p16,l1,0.00
i44,e02,c3,p21,l1,0.00
i44,e02,c3,p24,l1,0.00
i44,e02,c3,p28,l1,0.00
i44,e02,c3,p35,l1,0.00
i44,e02,c3,p35,l3,0.00
i44,e04,c3,p01,l1,0.00
i44,e04,c3,p01,l3,0.00
i44,e04,c3,p02,l1,0.00
i44,e04,c3,p02,l3,0.00
i44,e04,c3,p03,l1,0.00
i44,e04,c3,p03,l3,0.00
i44,e04,c3,p04,l1,0.00
i44,e04,c3,p04,l3,0.00
i44,e04,c3,p05,l1,0.00
i44,e04,c3,p05,l3,0.00
i44,e04,c3,p06,l1,0.00
i44,e04,c3,p06,l3,0.00
i44,e04,c3,p07,l1,0.00
i44,e04,c3,p07,l3,0.00
i44,e04,c3,p08,l1,0.00
i44,e04,c3,p08,l3,0.00
i44,e04,c3,p09,l1,0.00
i44,e04,c3,p09,l3,0.00
i44,e04,c3,p10,l1,0.00
i44,e04,c3,p10,l3,0.00
i44,e04,c3,p11,l1,0.00
i44,e04,c3,p11,l3,0.00
i44,e04,c3,p12,l1,0.00
i44,e04,c3,p12,l3,0.00
i44,e04,c3,p13,l1,0.00
i44,e04,c3,p13,l3,0.00
i44,e04,c3,p14,l1,0.00
i44,e04,c3,p14,l3,0.00
i44,e04,c3,p15,l1,0.00
i44,e04,c3,p15,l3,0.00
i44,e04,c3,p16,l1,0.00
i44,e04,c3,p16,l3,0.00
i44,e04,c3,p17,l1,0.00
i44,e04,c3,p17,l3,0.00
i44,e04,c3,p18,l1,0.00
i44,e04,c3,p18,l3,0.00
i44,e04,c3,p19,l1,0.00
i44,e04,c3,p19,l3,0.00
i44,e04,c3,p20,l1,0.00
i44,e04,c3,p21,l1,0.00
i44,e04,c3,p21,l3,0.00
i44,e04,c3,p22,l1,0.00
i44,e04,c3,p23,l1,0.00
i44,e04,c3,p23,l3,0.00
i44,e04,c3,p24,l1,0.00
i44,e04,c3,p24,l3,0.00
i44,e04,c3,p25,l1,0.00
i44,e04,c3,p28,l1,0.00
i44,e04,c3,p28,l3,0.00
i44,e04,c3,p29,l1,0.00
i44,e04,c3,p29,l3,0.00
i44,e04,c3,p32,l1,0.00
i44,e04,c3,p32,l3,0.00
i44,e04,c3,p35,l1,0.00
i44,e04,c3,p35,l3,0.00
i44,e04,c5,p01,l1,0.00
i44,e04,c5,p01,l3,0.00
i44,e04,c5,p06,l1,0.00
i44,e04,c5,p10,l3,0.00
i44,e04,c5,p13,l3,0.00
i44,e04,c5,p16,l1,0.00
i44,e05,c3,p10,l3,0.00
i44,e05,c3,p15,l3,0.00
i44,e05,c3,p24,l1,0.00
i44,e05,c3,p24,l3,0.00
i44,e05,c3,p35,l1,0.00
i44,e05,c3,p35,l3,0.00
i44,e05,c5,p10,l3,0.00
i44,e05,c5,p35,l3,0.00
i44,e05,c8,p24,l3,0.00
i44,e05,c8,p35,l3,0.00
i44,e08,c3,p01,l2,0.00
i44,e08,c3,p01,l3,0.00
i44,e08,c3,p02,l2,0.00
i44,e08,c3,p02,l3,0.00
i44,e08,c3,p03,l2,0.00
i44,e08,c3,p03,l3,0.00
i44,e08,c3,p04,l2,0.00
i44,e08,c3,p04,l3,0.00
i44,e08,c3,p05,l2,0.00
i44,e08,c3,p06,l2,0.00
i44,e08,c3,p06,l3,0.00
i44,e08,c3,p07,l2,0.00
i44,e08,c3,p07,l3,0.00
i44,e08,c3,p08,l2,0.00
i44,e08,c3,p08,l3,0.00
i44,e08,c3,p09,l2,0.00
i44,e08,c3,p09,l3,0.00
i44,e08,c3,p10,l2,0.00
i44,e08,c3,p10,l3,0.00
i44,e08,c3,p11,l2,0.00
i44,e08,c3,p11,l3,0.00
i44,e08,c3,p12,l2,0.00
i44,e08,c3,p12,l3,0.00
i44,e08,c3,p13,l2,0.00
i44,e08,c3,p13,l3,0.00
i44,e08,c3,p14,l2,0.00
i44,e08,c3,p14,l3,0.00
i44,e08,c3,p15,l2,0.00
i44,e08,c3,p15,l3,0.00
i44,e08,c3,p16,l2,0.00
i44,e08,c3,p16,l3,0.00
i44,e08,c3,p17,l2,0.00
i44,e08,c3,p17,l3,0.00
i44,e08,c3,p18,l2,0.00
i44,e08,c3,p18,l3,0.00
i44,e08,c3,p19,l2,0.00
i44,e08,c3,p19,l3,0.00
i44,e08,c3,p20,l2,0.00
i44,e08,c3,p21,l2,0.00
i44,e08,c3,p21,l3,0.00
i44,e08,c3,p22,l2,0.00
i44,e08,c3,p23,l2,0.00
i44,e08,c3,p23,l3,0.00
i44,e08,c3,p24,l2,0.00
i44,e08,c3,p24,l3,0.00
i44,e08,c3,p25,l2,0.00
i44,e08,c3,p28,l2,0.00
i44,e08,c3,p28,l3,0.00
i44,e08,c3,p29,l2,0.00
i44,e08,c3,p29,l3,0.00
i44,e08,c3,p32,l2,0.00
i44,e08,c3,p35,l2,0.00
i44,e08,c3,p35,l3,0.00
i44,e08,c5,p01,l2,0.00
i44,e08,c5,p10,l3,0.00
i44,e08,c5,p13,l3,0.00
i44,e08,c5,p35,l2,0.00
i44,e08,c5,p35,l3,0.00
i44,e08,c8,p10,l3,0.00
i44,e08,c8,p35,l3,0.00
i44,e09,c3,p01,l2,0.00
i44,e09,c3,p02,l2,0.00
i44,e09,c3,p02,l3,0.00
i44,e09,c3,p03,l2,0.00
i44,e09,c3,p03,l3,0.00
i44,e09,c3,p04,l2,0.00
i44,e09,c3,p04,l3,0.00
i44,e09,c3,p05,l2,0.00
i44,e09,c3,p06,l2,0.00
i44,e09,c3,p06,l3,0.00
i44,e09,c3,p07,l2,0.00
i44,e09,c3,p07,l3,0.00
i44,e09,c3,p08,l2,0.00
i44,e09,c3,p08,l3,0.00
i44,e09,c3,p09,l2,0.00
i44,e09,c3,p09,l3,0.00
i44,e09,c3,p10,l2,0.00
i44,e09,c3,p10,l3,0.00
i44,e09,c3,p11,l2,0.00
i44,e09,c3,p11,l3,0.00
i44,e09,c3,p12,l2,0.00
i44,e09,c3,p12,l3,0.00
i44,e09,c3,p13,l2,0.00
i44,e09,c3,p13,l3,0.00
i44,e09,c3,p14,l2,0.00
i44,e09,c3,p14,l3,0.00
i44,e09,c3,p15,l2,0.00
i44,e09,c3,p15,l3,0.00
i44,e09,c3,p16,l2,0.00
i44,e09,c3,p16,l3,0.00
i44,e09,c3,p17,l2,0.00
i44,e09,c3,p17,l3,0.00
i44,e09,c3,p18,l2,0.00
i44,e09,c3,p18,l3,0.00
i44,e09,c3,p19,l2,0.00
i44,e09,c3,p19,l3,0.00
i44,e09,c3,p20,l2,0.00
i44,e09,c3,p21,l2,0.00
i44,e09,c3,p21,l3,0.00
i44,e09,c3,p22,l2,0.00
i44,e09,c3,p23,l2,0.00
i44,e09,c3,p23,l3,0.00
i44,e09,c3,p24,l2,0.00
i44,e09,c3,p24,l3,0.00
i44,e09,c3,p25,l2,0.00
i44,e09,c3,p28,l2,0.00
i44,e09,c3,p28,l3,0.00
i44,e09,c3,p29,l2,0.00
i44,e09,c3,p29,l3,0.00
i44,e09,c3,p32,l2,0.00
i44,e09,c3,p32,l3,0.00
i44,e09,c3,p35,l2,0.00
i44,e09,c3,p35,l3,0.00
i44,e09,c5,p01,l2,0.00
i44,e09,c5,p01,l3,0.00
i44,e09,c5,p10,l3,0.00
i44,e09,c8,p10,l3,0.00
i44,e11,c3,p01,l2,0.00
i44,e11,c3,p02,l2,0.00
i44,e11,c3,p02,l3,0.00
i44,e11,c3,p03,l2,0.00
i44,e11,c3,p03,l3,0.00
i44,e11,c3,p04,l2,0.00
i44,e11,c3,p04,l3,0.00
i44,e11,c3,p05,l2,0.00
i44,e11,c3,p06,l2,0.00
i44,e11,c3,p06,l3,0.00
i44,e11,c3,p07,l2,0.00
i44,e11,c3,p07,l3,0.00
i44,e11,c3,p08,l2,0.00
i44,e11,c3,p08,l3,0.00
i44,e11,c3,p09,l2,0.00
i44,e11,c3,p09,l3,0.00
i44,e11,c3,p10,l2,0.00
i44,e11,c3,p10,l3,0.00
i44,e11,c3,p11,l2,0.00
i44,e11,c3,p11,l3,0.00
i44,e11,c3,p12,l2,0.00
i44,e11,c3,p12,l3,0.00
i44,e11,c3,p13,l2,0.00
i44,e11,c3,p13,l3,0.00
i44,e11,c3,p14,l2,0.00
i44,e11,c3,p15,l2,0.00
i44,e11,c3,p15,l3,0.00
i44,e11,c3,p17,l2,0.00
i44,e11,c3,p18,l2,0.00
i44,e11,c3,p18,l3,0.00
i44,e11,c3,p19,l2,0.00
i44,e11,c3,p19,l3,0.00
i44,e11,c3,p20,l2,0.00
i44,e11,c3,p21,l2,0.00
i44,e11,c3,p21,l3,0.00
i44,e11,c3,p22,l2,0.00
i44,e11,c3,p23,l2,0.00
i44,e11,c3,p23,l3,0.00
i44,e11,c3,p24,l2,0.00
i44,e11,c3,p25,l2,0.00
i44,e11,c3,p28,l2,0.00
i44,e11,c3,p29,l2,0.00
i44,e11,c3,p32,l2,0.00
i44,e11,c3,p32,l3,0.00
i44,e11,c3,p35,l2,0.00
i44,e11,c3,p35,l3,0.00
i45,e01,c1,p01,l3,0.00
i45,e01,c1,p03,l3,0.00
i45,e01,c1,p04,l3,0.00
i45,e01,c1,p05,l3,0.00
i45,e01,c1,p06,l3,0.00
i45,e01,c1,p07,l3,0.00
i45,e01,c1,p08,l3,0.00
i45,e01,c1,p09,l3,0.00
i45,e01,c1,p10,l3,0.00
i45,e01,c1,p11,l3,0.00
i45,e01,c1,p12,l3,0.00
i45,e01,c1,p13,l3,0.00
i45,e01,c1,p14,l3,0.00
i45,e01,c1,p15,l3,0.00
i45,e01,c1,p16,l3,0.00
i45,e01,c1,p17,l3,0.00
i45,e01,c1,p18,l3,0.00
i45,e01,c1,p19,l3,0.00
i45,e01,c1,p20,l3,0.00
i45,e01,c1,p21,l3,0.00
i45,e01,c1,p22,l3,0.00
i45,e01,c1,p23,l3,0.00
i45,e01,c1,p24,l3,0.00
i45,e01,c1,p25,l3,0.00
i45,e01,c1,p26,l3,0.00
i45,e01,c1,p28,l3,0.00
i45,e01,c1,p29,l3,0.00
i45,e01,c1,p30,l3,0.00
i45,e01,c1,p32,l3,0.00
i45,e01,c1,p35,l3,0.00
i45,e04,c1,p01,l1,0.00
i45,e04,c1,p01,l3,0.00
i45,e04,c1,p02,l1,0.00
i45,e04,c1,p02,l3,0.00
i45,e04,c1,p03,l1,0.00
i45,e04,c1,p03,l3,0.00
i45,e04,c1,p04,l1,0.00
i45,e04,c1,p04,l3,0.00
i45,e04,c1,p05,l1,0.00
i45,e04,c1,p05,l3,0.00
i45,e04,c1,p06,l3,0.00
i45,e04,c1,p07,l1,0.00
i45,e04,c1,p07,l3,0.00
i45,e04,c1,p08,l3,0.00
i45,e04,c1,p09,l1,0.00
i45,e04,c1,p09,l3,0.00
i45,e04,c1,p10,l1,0.00
i45,e04,c1,p10,l3,0.00
i45,e04,c1,p11,l1,0.00
i45,e04,c1,p11,l3,0.00
i45,e04,c1,p12,l1,0.00
i45,e04,c1,p12,l3,0.00
i45,e04,c1,p13,l1,0.00
i45,e04,c1,p13,l3,0.00
i45,e04,c1,p14,l1,0.00
i45,e04,c1,p14,l3,0.00
i45,e04,c1,p15,l1,0.00
i45,e04,c1,p15,l3,0.00
i45,e04,c1,p16,l1,0.00
i45,e04,c1,p16,l3,0.00
i45,e04,c1,p17,l1,0.00
i45,e04,c1,p17,l3,0.00
i45,e04,c1,p18,l1,0.00
i45,e04,c1,p18,l3,0.00
i45,e04,c1,p19,l1,0.00
i45,e04,c1,p19,l3,0.00
i45,e04,c1,p20,l3,0.00
i45,e04,c1,p21,l1,0.00
i45,e04,c1,p21,l3,0.00
i45,e04,c1,p22,l1,0.00
i45,e04,c1,p22,l3,0.00
i45,e04,c1,p23,l1,0.00
i45,e04,c1,p23,l3,0.00
i45,e04,c1,p24,l3,0.00
i45,e04,c1,p25,l1,0.00
i45,e04,c1,p25,l3,0.00
i45,e04,c1,p26,l1,0.00
i45,e04,c1,p28,l3,0.00
i45,e04,c1,p29,l1,0.00
i45,e04,c1,p29,l3,0.00
i45,e04,c1,p32,l1,0.00
i45,e04,c1,p32,l3,0.00
i45,e04,c1,p35,l1,0.00
i45,e04,c1,p35,l3,0.00
i45,e05,c1,p35,l1,0.00
i45,e05,c1,p35,l3,0.00
i45,e09,c1,p01,l2,0.00
i45,e09,c1,p01,l3,0.00
i45,e09,c1,p02,l2,0.00
i45,e09,c1,p02,l3,0.00
i45,e09,c1,p03,l2,0.00
i45,e09,c1,p03,l3,0.00
i45,e09,c1,p04,l2,0.00
i45,e09,c1,p04,l3,0.00
i45,e09,c1,p05,l2,0.00
i45,e09,c1,p05,l3,0.00
i45,e09,c1,p06,l3,0.00
i45,e09,c1,p07,l2,0.00
i45,e09,c1,p07,l3,0.00
i45,e09,c1,p08,l2,0.00
i45,e09,c1,p08,l3,0.00
i45,e09,c1,p09,l2,0.00
i45,e09,c1,p09,l3,0.00
i45,e09,c1,p10,l2,0.00
i45,e09,c1,p10,l3,0.00
i45,e09,c1,p11,l2,0.00
i45,e09,c1,p11,l3,0.00
i45,e09,c1,p12,l2,0.00
i45,e09,c1,p12,l3,0.00
i45,e09,c1,p13,l2,0.00
i45,e09,c1,p13,l3,0.00
i45,e09,c1,p14,l2,0.00
i45,e09,c1,p14,l3,0.00
i45,e09,c1,p15,l2,0.00
i45,e09,c1,p15,l3,0.00
i45,e09,c1,p16,l2,0.00
i45,e09,c1,p16,l3,0.00
i45,e09,c1,p17,l2,0.00
i45,e09,c1,p17,l3,0.00
i45,e09,c1,p18,l2,0.00
i45,e09,c1,p18,l3,0.00
i45,e09,c1,p19,l2,0.00
i45,e09,c1,p19,l3,0.00
i45,e09,c1,p20,l2,0.00
i45,e09,c1,p20,l3,0.00
i45,e09,c1,p21,l2,0.00
i45,e09,c1,p21,l3,0.00
i45,e09,c1,p22,l2,0.00
i45,e09,c1,p22,l3,0.00
i45,e09,c1,p23,l2,0.00
i45,e09,c1,p23,l3,0.00
i45,e09,c1,p24,l2,0.00
i45,e09,c1,p24,l3,0.00
i45,e09,c1,p25,l3,0.00
i45,e09,c1,p26,l2,0.00
i45,e09,c1,p28,l2,0.00
i45,e09,c1,p28,l3,0.00
i45,e09,c1,p29,l2,0.00
i45,e09,c1,p29,l3,0.00
i45,e09,c1,p30,l3,0.00
i45,e09,c1,p32,l2,0.00
i45,e09,c1,p32,l3,0.00
i45,e09,c1,p35,l2,0.00
i45,e09,c1,p35,l3,0.00
i46,e01,c1,p01,l3,0.00
i46,e01,c1,p02,l3,0.00
i46,e01,c1,p03,l3,0.00
i46,e01,c1,p04,l3,0.00
i46,e01,c1,p05,l3,0.00
i46,e01,c1,p06,l3,0.00
i46,e01,c1,p07,l3,0.00
i46,e01,c1,p08,l3,0.00
i46,e01,c1,p09,l3,0.00
i46,e01,c1,p10,l3,0.00
i46,e01,c1,p11,l3,0.00
i46,e01,c1,p12,l3,0.00
i46,e01,c1,p13,l3,0.00
i46,e01,c1,p14,l3,0.00
i46,e01,c1,p15,l3,0.00
i46,e01,c1,p16,l3,0.00
i46,e01,c1,p17,l3,0.00
i46,e01,c1,p18,l3,0.00
i46,e01,c1,p19,l3,0.00
i46,e01,c1,p20,l3,0.00
i46,e01,c1,p21,l3,0.00
i46,e01,c1,p22,l3,0.00
i46,e01,c1,p23,l3,0.00
i46,e01,c1,p24,l3,0.00
i46,e01,c1,p25,l3,0.00
i46,e01,c1,p26,l3,0.00
i46,e01,c1,p27,l3,0.00
i46,e01,c1,p28,l3,0.00
i46,e01,c1,p29,l3,0.00
i46,e01,c1,p30,l3,0.00
i46,e01,c1,p31,l3,0.00
i46,e01,c1,p32,l3,0.00
i46,e01,c1,p33,l3,0.00
i46,e01,c1,p34,l3,0.00
i46,e01,c1,p35,l3,20.14
i46,e01,c4,p01,l3,0.00
i46,e01,c4,p02,l3,0.00
i46,e01,c4,p03,l3,0.00
i46,e01,c4,p04,l3,0.00
i46,e01,c4,p05,l3,0.00
i46,e01,c4,p06,l3,0.00
i46,e01,c4,p07,l3,0.00
i46,e01,c4,p08,l3,0.00
i46,e01,c4,p09,l3,0.00
i46,e01,c4,p10,l3,0.00
i46,e01,c4,p11,l3,0.00
i46,e01,c4,p12,l3,0.00
i46,e01,c4,p13,l3,0.00
i46,e01,c4,p14,l3,0.00
i46,e01,c4,p15,l3,1.82
i46,e01,c4,p16,l3,0.00
i46,e01,c4,p17,l3,0.00
i46,e01,c4,p18,l3,0.00
i46,e01,c4,p19,l3,0.00
i46,e01,c4,p20,l3,0.00
i46,e01,c4,p21,l3,0.00
i46,e01,c4,p22,l3,0.00
i46,e01,c4,p23,l3,0.00
i46,e01,c4,p24,l3,0.00
i46,e01,c4,p25,l3,0.00
i46,e01,c4,p26,l3,0.00
i46,e01,c4,p27,l3,0.00
i46,e01,c4,p28,l3,0.00
i46,e01,c4,p29,l3,0.00
i46,e01,c4,p30,l3,0.00
i46,e01,c4,p31,l3,0.00
i46,e01,c4,p32,l3,0.00
i46,e01,c4,p33,l3,0.00
i46,e01,c4,p34,l3,0.00
i46,e01,c4,p35,l3,0.00
i46,e01,c7,p01,l3,0.00
i46,e01,c7,p02,l3,0.00
i46,e01,c7,p03,l3,0.00
i46,e01,c7,p04,l3,0.00
i46,e01,c7,p05,l3,0.00
i46,e01,c7,p10,l3,0.00
i46,e01,c7,p11,l3,0.00
i46,e01,c7,p12,l3,0.00
i46,e01,c7,p13,l3,0.00
i46,e01,c7,p14,l3,0.00
i46,e01,c7,p15,l3,0.00
i46,e01,c7,p16,l3,0.00
i46,e01,c7,p18,l3,0.00
i46,e01,c7,p19,l3,0.00
i46,e01,c7,p22,l3,0.00
i46,e01,c7,p24,l3,0.00
i46,e01,c7,p35,l3,0.00
i46,e04,c1,p01,l1,0.00
i46,e04,c1,p01,l3,0.00
i46,e04,c1,p02,l1,0.00
i46,e04,c1,p02,l3,0.00
i46,e04,c1,p03,l1,0.00
i46,e04,c1,p03,l3,0.00
i46,e04,c1,p04,l1,0.00
i46,e04,c1,p04,l3,0.00
i46,e04,c1,p05,l1,0.00
i46,e04,c1,p05,l3,0.00
i46,e04,c1,p06,l1,0.00
i46,e04,c1,p06,l3,0.00
i46,e04,c1,p07,l1,0.00
i46,e04,c1,p07,l3,0.00
i46,e04,c1,p08,l1,0.00
i46,e04,c1,p08,l3,0.00
i46,e04,c1,p09,l1,0.00
i46,e04,c1,p09,l3,0.00
i46,e04,c1,p10,l1,0.00
i46,e04,c1,p10,l3,0.00
i46,e04,c1,p11,l1,0.00
i46,e04,c1,p11,l3,0.00
i46,e04,c1,p12,l1,0.00
i46,e04,c1,p12,l3,0.00
i46,e04,c1,p13,l1,0.00
i46,e04,c1,p13,l3,0.00
i46,e04,c1,p14,l1,0.00
i46,e04,c1,p14,l3,0.00
i46,e04,c1,p15,l1,0.00
i46,e04,c1,p15,l3,0.00
i46,e04,c1,p16,l1,0.00
i46,e04,c1,p16,l3,0.00
i46,e04,c1,p17,l1,0.00
i46,e04,c1,p17,l3,0.00
i46,e04,c1,p18,l1,0.00
i46,e04,c1,p18,l3,0.00
i46,e04,c1,p19,l1,0.00
i46,e04,c1,p19,l3,0.00
i46,e04,c1,p20,l1,0.00
i46,e04,c1,p20,l3,0.00
i46,e04,c1,p21,l1,0.00
i46,e04,c1,p21,l3,0.00
i46,e04,c1,p22,l1,0.00
i46,e04,c1,p22,l3,0.00
i46,e04,c1,p23,l1,0.00
i46,e04,c1,p23,l3,0.00
i46,e04,c1,p24,l1,0.00
i46,e04,c1,p24,l3,0.00
i46,e04,c1,p25,l1,0.00
i46,e04,c1,p25,l3,0.00
i46,e04,c1,p26,l1,0.00
i46,e04,c1,p26,l3,0.00
i46,e04,c1,p27,l3,0.00
i46,e04,c1,p28,l1,0.00
i46,e04,c1,p28,l3,0.00
i46,e04,c1,p29,l1,0.00
i46,e04,c1,p29,l3,0.00
i46,e04,c1,p30,l1,0.00
i46,e04,c1,p30,l3,0.00
i46,e04,c1,p31,l1,0.00
i46,e04,c1,p31,l3,0.00
i46,e04,c1,p32,l1,0.00
i46,e04,c1,p32,l3,0.00
i46,e04,c1,p33,l1,0.00
i46,e04,c1,p33,l3,0.00
i46,e04,c1,p34,l1,0.00
i46,e04,c1,p34,l3,0.00
i46,e04,c1,p35,l1,0.00
i46,e04,c1,p35,l3,17.45
i46,e04,c4,p01,l1,0.00
i46,e04,c4,p01,l3,0.00
i46,e04,c4,p02,l1,0.00
i46,e04,c4,p02,l3,0.00
i46,e04,c4,p03,l1,0.00
i46,e04,c4,p03,l3,0.00
i46,e04,c4,p04,l1,0.00
i46,e04,c4,p04,l3,0.00
i46,e04,c4,p05,l1,0.00
i46,e04,c4,p05,l3,0.00
i46,e04,c4,p06,l1,0.00
i46,e04,c4,p06,l3,0.00
i46,e04,c4,p07,l1,0.00
i46,e04,c4,p07,l3,0.00
i46,e04,c4,p08,l1,0.00
i46,e04,c4,p08,l3,0.00
i46,e04,c4,p09,l1,0.00
i46,e04,c4,p09,l3,0.00
i46,e04,c4,p10,l1,0.00
i46,e04,c4,p10,l3,0.00
i46,e04,c4,p11,l1,0.00
i46,e04,c4,p11,l3,0.00
i46,e04,c4,p12,l1,0.00
i46,e04,c4,p12,l3,0.00
i46,e04,c4,p13,l1,0.00
i46,e04,c4,p13,l3,0.00
i46,e04,c4,p14,l1,0.00
i46,e04,c4,p14,l3,0.00
i46,e04,c4,p15,l1,0.00
i46,e04,c4,p15,l3,0.00
i46,e04,c4,p16,l1,0.00
i46,e04,c4,p16,l3,0.00
i46,e04,c4,p17,l1,0.00
i46,e04,c4,p17,l3,0.00
i46,e04,c4,p18,l1,0.00
i46,e04,c4,p18,l3,0.00
i46,e04,c4,p19,l1,0.00
i46,e04,c4,p19,l3,0.00
i46,e04,c4,p20,l1,0.00
i46,e04,c4,p20,l3,0.00
i46,e04,c4,p21,l1,0.00
i46,e04,c4,p21,l3,0.00
i46,e04,c4,p22,l1,0.00
i46,e04,c4,p22,l3,0.00
i46,e04,c4,p23,l1,0.00
i46,e04,c4,p23,l3,0.00
i46,e04,c4,p24,l1,0.00
i46,e04,c4,p24,l3,0.00
i46,e04,c4,p25,l1,0.00
i46,e04,c4,p25,l3,0.00
i46,e04,c4,p26,l1,0.00
i46,e04,c4,p26,l3,0.00
i46,e04,c4,p27,l3,0.00
i46,e04,c4,p28,l1,0.00
i46,e04,c4,p28,l3,0.00
i46,e04,c4,p29,l1,0.00
i46,e04,c4,p29,l3,0.00
i46,e04,c4,p30,l1,0.00
i46,e04,c4,p30,l3,0.00
i46,e04,c4,p31,l1,0.00
i46,e04,c4,p31,l3,0.00
i46,e04,c4,p32,l1,0.00
i46,e04,c4,p32,l3,0.00
i46,e04,c4,p33,l1,0.00
i46,e04,c4,p33,l3,0.00
i46,e04,c4,p34,l3,0.00
i46,e04,c4,p35,l1,0.00
i46,e04,c4,p35,l3,0.00
i46,e04,c7,p01,l3,0.00
i46,e04,c7,p02,l3,0.00
i46,e04,c7,p03,l3,0.00
i46,e04,c7,p04,l1,0.00
i46,e04,c7,p04,l3,0.00
i46,e04,c7,p05,l3,0.00
i46,e04,c7,p10,l3,0.00
i46,e04,c7,p11,l1,0.00
i46,e04,c7,p11,l3,0.00
i46,e04,c7,p12,l1,0.00
i46,e04,c7,p13,l3,0.00
i46,e04,c7,p14,l3,0.00
i46,e04,c7,p15,l3,0.00
i46,e04,c7,p16,l3,0.00
i46,e04,c7,p18,l3,0.00
i46,e04,c7,p19,l3,0.00
i46,e04,c7,p21,l3,0.00
i46,e04,c7,p24,l3,0.00
i46,e04,c7,p35,l1,0.00
i46,e04,c7,p35,l3,0.00
i46,e05,c1,p01,l1,0.00
i46,e05,c1,p01,l3,0.00
i46,e05,c1,p02,l1,0.00
i46,e05,c1,p02,l3,0.00
i46,e05,c1,p03,l1,0.00
i46,e05,c1,p03,l3,0.00
i46,e05,c1,p04,l1,0.00
i46,e05,c1,p04,l3,0.00
i46,e05,c1,p05,l1,0.00
i46,e05,c1,p05,l3,0.00
i46,e05,c1,p06,l1,0.00
i46,e05,c1,p06,l3,0.00
i46,e05,c1,p07,l1,0.00
i46,e05,c1,p07,l3,0.00
i46,e05,c1,p08,l1,0.00
i46,e05,c1,p08,l3,0.00
i46,e05,c1,p09,l1,0.00
i46,e05,c1,p09,l3,0.00
i46,e05,c1,p10,l1,0.00
i46,e05,c1,p10,l3,0.00
i46,e05,c1,p11,l1,0.00
i46,e05,c1,p11,l3,0.00
i46,e05,c1,p12,l1,0.00
i46,e05,c1,p12,l3,0.00
i46,e05,c1,p13,l1,0.00
i46,e05,c1,p13,l3,0.00
i46,e05,c1,p14,l1,0.00
i46,e05,c1,p14,l3,0.00
i46,e05,c1,p15,l1,0.00
i46,e05,c1,p15,l3,0.00
i46,e05,c1,p16,l1,0.00
i46,e05,c1,p16,l3,0.00
i46,e05,c1,p17,l1,0.00
i46,e05,c1,p17,l3,0.00
i46,e05,c1,p18,l1,0.00
i46,e05,c1,p18,l3,0.00
i46,e05,c1,p19,l1,0.00
i46,e05,c1,p19,l3,0.00
i46,e05,c1,p20,l1,0.00
i46,e05,c1,p20,l3,0.00
i46,e05,c1,p21,l1,0.00
i46,e05,c1,p21,l3,0.00
i46,e05,c1,p22,l1,0.00
i46,e05,c1,p22,l3,0.00
i46,e05,c1,p23,l1,0.00
i46,e05,c1,p23,l3,0.00
i46,e05,c1,p24,l1,0.00
i46,e05,c1,p24,l3,0.00
i46,e05,c1,p25,l1,0.00
i46,e05,c1,p25,l3,0.00
i46,e05,c1,p26,l1,0.00
i46,e05,c1,p26,l3,0.00
i46,e05,c1,p27,l3,0.00
i46,e05,c1,p28,l1,0.00
i46,e05,c1,p28,l3,0.00
i46,e05,c1,p29,l1,0.00
i46,e05,c1,p29,l3,0.00
i46,e05,c1,p30,l1,0.00
i46,e05,c1,p30,l3,0.00
i46,e05,c1,p31,l1,0.00
i46,e05,c1,p31,l3,0.00
i46,e05,c1,p32,l1,0.00
i46,e05,c1,p32,l3,0.00
i46,e05,c1,p33,l1,0.00
i46,e05,c1,p33,l3,0.00
i46,e05,c1,p34,l1,0.00
i46,e05,c1,p34,l3,0.00
i46,e05,c1,p35,l1,0.00
i46,e05,c1,p35,l3,0.00
i46,e05,c4,p01,l1,0.00
i46,e05,c4,p01,l3,0.00
i46,e05,c4,p02,l1,0.00
i46,e05,c4,p02,l3,0.00
i46,e05,c4,p03,l1,0.00
i46,e05,c4,p03,l3,0.00
i46,e05,c4,p04,l1,0.00
i46,e05,c4,p04,l3,0.00
i46,e05,c4,p05,l1,0.00
i46,e05,c4,p05,l3,0.00
i46,e05,c4,p06,l1,0.00
i46,e05,c4,p06,l3,0.00
i46,e05,c4,p07,l1,0.00
i46,e05,c4,p07,l3,0.00
i46,e05,c4,p08,l1,0.00
i46,e05,c4,p08,l3,0.00
i46,e05,c4,p09,l1,0.00
i46,e05,c4,p09,l3,0.00
i46,e05,c4,p10,l1,0.00
i46,e05,c4,p10,l3,0.00
i46,e05,c4,p11,l1,0.00
i46,e05,c4,p11,l3,0.00
i46,e05,c4,p12,l1,0.00
i46,e05,c4,p12,l3,0.00
i46,e05,c4,p13,l1,0.00
i46,e05,c4,p13,l3,0.00
i46,e05,c4,p14,l1,0.00
i46,e05,c4,p14,l3,0.00
i46,e05,c4,p15,l1,0.00
i46,e05,c4,p15,l3,0.00
i46,e05,c4,p16,l1,0.00
i46,e05,c4,p16,l3,0.00
i46,e05,c4,p17,l1,0.00
i46,e05,c4,p17,l3,0.00
i46,e05,c4,p18,l1,0.00
i46,e05,c4,p18,l3,0.00
i46,e05,c4,p19,l1,0.00
i46,e05,c4,p19,l3,0.00
i46,e05,c4,p20,l1,0.00
i46,e05,c4,p20,l3,0.00
i46,e05,c4,p21,l1,0.00
i46,e05,c4,p21,l3,0.00
i46,e05,c4,p22,l1,0.00
i46,e05,c4,p22,l3,0.00
i46,e05,c4,p23,l1,0.00
i46,e05,c4,p23,l3,0.00
i46,e05,c4,p24,l1,0.00
i46,e05,c4,p24,l3,0.00
i46,e05,c4,p25,l1,0.00
i46,e05,c4,p25,l3,0.00
i46,e05,c4,p26,l1,0.00
i46,e05,c4,p26,l3,0.00
i46,e05,c4,p27,l1,0.00
i46,e05,c4,p28,l1,0.00
i46,e05,c4,p28,l3,0.00
i46,e05,c4,p29,l1,0.00
i46,e05,c4,p29,l3,0.00
i46,e05,c4,p30,l1,0.00
i46,e05,c4,p30,l3,0.00
i46,e05,c4,p31,l3,0.00
i46,e05,c4,p32,l1,0.00
i46,e05,c4,p32,l3,0.00
i46,e05,c4,p33,l1,0.00
i46,e05,c4,p33,l3,0.00
i46,e05,c4,p35,l1,0.00
i46,e05,c4,p35,l3,0.00
i46,e05,c7,p03,l3,0.00
i46,e05,c7,p04,l3,0.00
i46,e05,c7,p11,l1,0.00
i46,e05,c7,p11,l3,0.00
i46,e05,c7,p13,l3,0.00
i46,e05,c7,p18,l1,0.00
i46,e05,c7,p18,l3,0.00
i46,e05,c7,p35,l1,0.00
i46,e05,c7,p35,l3,0.00
i46,e06,c1,p01,l3,0.00
i46,e06,c1,p02,l3,0.00
i46,e06,c1,p03,l3,0.00
i46,e06,c1,p04,l3,0.00
i46,e06,c1,p05,l3,0.00
i46,e06,c1,p06,l3,0.00
i46,e06,c1,p07,l3,0.00
i46,e06,c1,p08,l3,0.00
i46,e06,c1,p09,l3,0.00
i46,e06,c1,p10,l3,0.00
i46,e06,c1,p11,l3,0.00
i46,e06,c1,p12,l3,0.00
i46,e06,c1,p13,l3,0.00
i46,e06,c1,p14,l3,0.00
i46,e06,c1,p15,l3,0.00
i46,e06,c1,p16,l3,0.00
i46,e06,c1,p17,l3,0.00
i46,e06,c1,p18,l3,0.00
i46,e06,c1,p19,l3,1.42
i46,e06,c1,p20,l3,0.00
i46,e06,c1,p21,l3,0.00
i46,e06,c1,p22,l3,0.00
i46,e06,c1,p23,l3,0.00
i46,e06,c1,p24,l3,0.00
i46,e06,c1,p25,l3,0.00
i46,e06,c1,p26,l3,0.00
i46,e06,c1,p27,l3,0.00
i46,e06,c1,p28,l3,0.00
i46,e06,c1,p29,l3,0.00
i46,e06,c1,p30,l3,0.00
i46,e06,c1,p31,l3,0.00
i46,e06,c1,p32,l3,0.00
i46,e06,c1,p33,l3,0.00
i46,e06,c1,p34,l3,0.00
i46,e06,c1,p35,l3,3.07
i46,e06,c4,p01,l3,0.00
i46,e06,c4,p02,l3,0.00
i46,e06,c4,p03,l3,1.62
i46,e06,c4,p04,l3,0.00
i46,e06,c4,p05,l3,0.00
i46,e06,c4,p06,l3,0.00
i46,e06,c4,p07,l3,0.00
i46,e06,c4,p08,l3,0.00
i46,e06,c4,p09,l3,0.00
i46,e06,c4,p10,l3,0.00
i46,e06,c4,p11,l3,0.00
i46,e06,c4,p12,l3,0.00
i46,e06,c4,p13,l3,0.00
i46,e06,c4,p14,l3,0.00
i46,e06,c4,p15,l3,0.00
i46,e06,c4,p16,l3,0.00
i46,e06,c4,p17,l3,0.00
i46,e06,c4,p18,l3,0.00
i46,e06,c4,p19,l3,0.00
i46,e06,c4,p20,l3,0.00
i46,e06,c4,p21,l3,0.00
i46,e06,c4,p22,l3,0.00
i46,e06,c4,p23,l3,0.00
i46,e06,c4,p24,l3,0.00
i46,e06,c4,p25,l3,0.00
i46,e06,c4,p26,l3,0.00
i46,e06,c4,p28,l3,0.00
i46,e06,c4,p29,l3,0.00
i46,e06,c4,p30,l3,0.00
i46,e06,c4,p31,l3,0.00
i46,e06,c4,p32,l3,0.00
i46,e06,c4,p33,l3,0.00
i46,e06,c4,p34,l3,0.00
i46,e06,c4,p35,l3,0.00
i46,e06,c7,p03,l3,0.00
i46,e06,c7,p11,l3,0.00
i46,e06,c7,p13,l3,0.00
i46,e06,c7,p35,l3,0.00
i46,e07,c1,p01,l2,0.00
i46,e07,c1,p01,l3,0.00
i46,e07,c1,p02,l2,0.00
i46,e07,c1,p02,l3,0.00
i46,e07,c1,p03,l2,0.00
i46,e07,c1,p03,l3,0.00
i46,e07,c1,p04,l2,0.00
i46,e07,c1,p04,l3,0.00
i46,e07,c1,p05,l2,0.00
i46,e07,c1,p05,l3,0.00
i46,e07,c1,p06,l2,0.00
i46,e07,c1,p06,l3,0.00
i46,e07,c1,p07,l2,0.00
i46,e07,c1,p07,l3,0.00
i46,e07,c1,p08,l2,0.00
i46,e07,c1,p08,l3,0.00
i46,e07,c1,p09,l2,0.00
i46,e07,c1,p09,l3,0.00
i46,e07,c1,p10,l2,0.00
i46,e07,c1,p10,l3,0.00
i46,e07,c1,p11,l2,0.00
i46,e07,c1,p11,l3,0.00
i46,e07,c1,p12,l2,0.00
i46,e07,c1,p12,l3,0.00
i46,e07,c1,p13,l2,0.00
i46,e07,c1,p13,l3,0.00
i46,e07,c1,p14,l2,0.00
i46,e07,c1,p14,l3,0.00
i46,e07,c1,p15,l2,0.00
i46,e07,c1,p15,l3,0.00
i46,e07,c1,p16,l2,0.00
i46,e07,c1,p16,l3,0.00
i46,e07,c1,p17,l2,0.00
i46,e07,c1,p17,l3,0.00
i46,e07,c1,p18,l2,0.00
i46,e07,c1,p18,l3,0.00
i46,e07,c1,p19,l2,0.00
i46,e07,c1,p19,l3,0.00
i46,e07,c1,p20,l2,0.00
i46,e07,c1,p20,l3,0.00
i46,e07,c1,p21,l2,0.00
i46,e07,c1,p21,l3,0.00
i46,e07,c1,p22,l2,0.00
i46,e07,c1,p22,l3,0.00
i46,e07,c1,p23,l2,0.00
i46,e07,c1,p23,l3,0.00
i46,e07,c1,p24,l2,0.00
i46,e07,c1,p24,l3,0.00
i46,e07,c1,p25,l2,0.00
i46,e07,c1,p25,l3,0.00
i46,e07,c1,p26,l2,0.00
i46,e07,c1,p26,l3,0.00
i46,e07,c1,p27,l2,0.00
i46,e07,c1,p27,l3,0.00
i46,e07,c1,p28,l2,0.00
i46,e07,c1,p28,l3,0.00
i46,e07,c1,p29,l2,0.00
i46,e07,c1,p29,l3,0.00
i46,e07,c1,p30,l2,0.00
i46,e07,c1,p30,l3,0.00
i46,e07,c1,p31,l3,0.00
i46,e07,c1,p32,l2,0.00
i46,e07,c1,p32,l3,0.00
i46,e07,c1,p33,l3,0.00
i46,e07,c1,p35,l2,0.00
i46,e07,c1,p35,l3,0.00
i46,e07,c4,p01,l3,0.00
i46,e07,c4,p02,l2,0.00
i46,e07,c4,p02,l3,0.00
i46,e07,c4,p03,l2,0.00
i46,e07,c4,p03,l3,0.00
i46,e07,c4,p04,l2,0.00
i46,e07,c4,p04,l3,0.00
i46,e07,c4,p05,l2,0.00
i46,e07,c4,p05,l3,0.00
i46,e07,c4,p06,l3,0.00
i46,e07,c4,p07,l2,0.00
i46,e07,c4,p07,l3,0.00
i46,e07,c4,p08,l2,0.00
i46,e07,c4,p08,l3,0.00
i46,e07,c4,p09,l3,0.00
i46,e07,c4,p10,l2,0.00
i46,e07,c4,p10,l3,0.00
i46,e07,c4,p11,l3,0.00
i46,e07,c4,p12,l2,0.00
i46,e07,c4,p12,l3,0.00
i46,e07,c4,p13,l2,0.00
i46,e07,c4,p13,l3,0.00
i46,e07,c4,p14,l2,0.00
i46,e07,c4,p14,l3,0.00
i46,e07,c4,p15,l3,0.00
i46,e07,c4,p16,l2,0.00
i46,e07,c4,p16,l3,0.00
i46,e07,c4,p17,l3,0.00
i46,e07,c4,p18,l3,0.00
i46,e07,c4,p19,l2,0.00
i46,e07,c4,p19,l3,0.00
i46,e07,c4,p21,l2,0.00
i46,e07,c4,p21,l3,0.00
i46,e07,c4,p23,l3,0.00
i46,e07,c4,p24,l2,0.00
i46,e07,c4,p24,l3,0.00
i46,e07,c4,p28,l3,0.00
i46,e07,c4,p29,l3,0.00
i46,e07,c4,p30,l2,0.00
i46,e07,c4,p30,l3,0.00
i46,e07,c4,p31,l3,0.00
i46,e07,c4,p32,l3,0.00
i46,e07,c4,p35,l2,0.00
i46,e07,c4,p35,l3,0.00
i46,e08,c1,p01,l2,0.00
i46,e08,c1,p01,l3,63.00
i46,e08,c1,p02,l2,0.00
i46,e08,c1,p02,l3,19.09
i46,e08,c1,p03,l2,0.00
i46,e08,c1,p03,l3,3.25
i46,e08,c1,p04,l2,0.00
i46,e08,c1,p04,l3,0.00
i46,e08,c1,p05,l2,0.00
i46,e08,c1,p05,l3,0.00
i46,e08,c1,p06,l2,0.00
i46,e08,c1,p06,l3,1.14
i46,e08,c1,p07,l2,0.00
i46,e08,c1,p07,l3,2.42
i46,e08,c1,p08,l2,0.00
i46,e08,c1,p08,l3,0.00
i46,e08,c1,p09,l2,0.00
i46,e08,c1,p09,l3,0.00
i46,e08,c1,p10,l2,0.00
i46,e08,c1,p10,l3,31.87
i46,e08,c1,p11,l2,0.00
i46,e08,c1,p11,l3,13.29
i46,e08,c1,p12,l2,0.00
i46,e08,c1,p12,l3,0.00
i46,e08,c1,p13,l2,0.00
i46,e08,c1,p13,l3,0.00
i46,e08,c1,p14,l2,0.00
i46,e08,c1,p14,l3,4.68
i46,e08,c1,p15,l2,0.00
i46,e08,c1,p15,l3,4.54
i46,e08,c1,p16,l2,0.00
i46,e08,c1,p16,l3,0.00
i46,e08,c1,p17,l2,0.00
i46,e08,c1,p17,l3,0.00
i46,e08,c1,p18,l2,0.00
i46,e08,c1,p18,l3,1.31
i46,e08,c1,p19,l2,0.00
i46,e08,c1,p19,l3,28.24
i46,e08,c1,p20,l2,0.00
i46,e08,c1,p20,l3,0.00
i46,e08,c1,p21,l2,0.00
i46,e08,c1,p21,l3,26.01
i46,e08,c1,p22,l2,0.00
i46,e08,c1,p22,l3,0.00
i46,e08,c1,p23,l2,0.00
i46,e08,c1,p23,l3,0.00
i46,e08,c1,p24,l2,0.00
i46,e08,c1,p24,l3,1.52
i46,e08,c1,p25,l2,0.00
i46,e08,c1,p25,l3,0.00
i46,e08,c1,p26,l2,0.00
i46,e08,c1,p26,l3,0.00
i46,e08,c1,p27,l2,0.00
i46,e08,c1,p27,l3,0.00
i46,e08,c1,p28,l2,0.00
i46,e08,c1,p28,l3,6.24
i46,e08,c1,p29,l2,0.00
i46,e08,c1,p29,l3,8.13
i46,e08,c1,p30,l2,0.00
i46,e08,c1,p30,l3,0.00
i46,e08,c1,p31,l2,0.00
i46,e08,c1,p31,l3,0.00
i46,e08,c1,p32,l2,0.00
i46,e08,c1,p32,l3,0.00
i46,e08,c1,p33,l2,0.00
i46,e08,c1,p33,l3,0.00
i46,e08,c1,p34,l2,0.00
i46,e08,c1,p34,l3,0.00
i46,e08,c1,p35,l2,0.00
i46,e08,c1,p35,l3,632.76
i46,e08,c4,p01,l2,0.00
i46,e08,c4,p01,l3,0.00
i46,e08,c4,p02,l2,0.00
i46,e08,c4,p02,l3,0.00
i46,e08,c4,p03,l2,0.00
i46,e08,c4,p03,l3,0.00
i46,e08,c4,p04,l2,0.00
i46,e08,c4,p04,l3,0.00
i46,e08,c4,p05,l2,0.00
i46,e08,c4,p05,l3,0.00
i46,e08,c4,p06,l2,0.00
i46,e08,c4,p06,l3,0.00
i46,e08,c4,p07,l2,0.00
i46,e08,c4,p07,l3,0.00
i46,e08,c4,p08,l2,0.00
i46,e08,c4,p08,l3,0.00
i46,e08,c4,p09,l2,0.00
i46,e08,c4,p09,l3,0.00
i46,e08,c4,p10,l2,0.00
i46,e08,c4,p10,l3,1.73
i46,e08,c4,p11,l2,0.00
i46,e08,c4,p11,l3,0.00
i46,e08,c4,p12,l2,0.00
i46,e08,c4,p12,l3,0.00
i46,e08,c4,p13,l2,0.00
i46,e08,c4,p13,l3,0.00
i46,e08,c4,p14,l2,0.00
i46,e08,c4,p14,l3,0.00
i46,e08,c4,p15,l2,0.00
i46,e08,c4,p15,l3,0.00
i46,e08,c4,p16,l2,0.00
i46,e08,c4,p16,l3,0.00
i46,e08,c4,p17,l2,0.00
i46,e08,c4,p17,l3,0.00
i46,e08,c4,p18,l2,0.00
i46,e08,c4,p18,l3,0.00
i46,e08,c4,p19,l2,0.00
i46,e08,c4,p19,l3,0.00
i46,e08,c4,p20,l2,0.00
i46,e08,c4,p20,l3,0.00
i46,e08,c4,p21,l2,0.00
i46,e08,c4,p21,l3,0.00
i46,e08,c4,p22,l2,0.00
i46,e08,c4,p22,l3,0.00
i46,e08,c4,p23,l2,0.00
i46,e08,c4,p23,l3,0.00
i46,e08,c4,p24,l2,0.00
i46,e08,c4,p24,l3,0.00
i46,e08,c4,p25,l2,0.00
i46,e08,c4,p25,l3,0.00
i46,e08,c4,p26,l2,0.00
i46,e08,c4,p26,l3,0.00
i46,e08,c4,p27,l3,0.00
i46,e08,c4,p28,l2,0.00
i46,e08,c4,p28,l3,13.15
i46,e08,c4,p29,l2,0.00
i46,e08,c4,p29,l3,0.00
i46,e08,c4,p30,l2,0.00
i46,e08,c4,p30,l3,0.00
i46,e08,c4,p31,l2,0.00
i46,e08,c4,p31,l3,0.00
i46,e08,c4,p32,l2,0.00
i46,e08,c4,p32,l3,0.00
i46,e08,c4,p33,l2,0.00
i46,e08,c4,p33,l3,0.00
i46,e08,c4,p34,l2,0.00
i46,e08,c4,p34,l3,0.00
i46,e08,c4,p35,l2,0.00
i46,e08,c4,p35,l3,157.42
i46,e08,c7,p01,l2,0.00
i46,e08,c7,p01,l3,0.00
i46,e08,c7,p02,l2,0.00
i46,e08,c7,p02,l3,0.00
i46,e08,c7,p03,l2,0.00
i46,e08,c7,p03,l3,0.00
i46,e08,c7,p04,l2,0.00
i46,e08,c7,p04,l3,0.00
i46,e08,c7,p05,l3,0.00
i46,e08,c7,p07,l2,0.00
i46,e08,c7,p07,l3,0.00
i46,e08,c7,p10,l3,0.00
i46,e08,c7,p11,l2,0.00
i46,e08,c7,p11,l3,0.00
i46,e08,c7,p12,l2,0.00
i46,e08,c7,p12,l3,0.00
i46,e08,c7,p13,l3,0.00
i46,e08,c7,p14,l3,0.00
i46,e08,c7,p15,l2,0.00
i46,e08,c7,p15,l3,0.00
i46,e08,c7,p16,l3,0.00
i46,e08,c7,p17,l3,0.00
i46,e08,c7,p18,l2,0.00
i46,e08,c7,p18,l3,0.00
i46,e08,c7,p19,l2,0.00
i46,e08,c7,p19,l3,0.00
i46,e08,c7,p21,l3,0.00
i46,e08,c7,p24,l3,0.00
i46,e08,c7,p28,l2,0.00
i46,e08,c7,p28,l3,0.00
i46,e08,c7,p29,l3,0.00
i46,e08,c7,p32,l3,0.00
i46,e08,c7,p33,l3,0.00
i46,e08,c7,p35,l2,0.00
i46,e08,c7,p35,l3,0.00
i46,e09,c1,p01,l2,0.00
i46,e09,c1,p01,l3,0.00
i46,e09,c1,p02,l2,0.00
i46,e09,c1,p02,l3,0.00
i46,e09,c1,p03,l2,0.00
i46,e09,c1,p03,l3,0.00
i46,e09,c1,p04,l2,0.00
i46,e09,c1,p04,l3,0.00
i46,e09,c1,p05,l2,0.00
i46,e09,c1,p05,l3,0.00
i46,e09,c1,p06,l2,0.00
i46,e09,c1,p06,l3,0.00
i46,e09,c1,p07,l2,0.00
i46,e09,c1,p07,l3,0.00
i46,e09,c1,p08,l2,0.00
i46,e09,c1,p08,l3,0.00
i46,e09,c1,p09,l2,0.00
i46,e09,c1,p09,l3,0.00
i46,e09,c1,p10,l2,0.00
i46,e09,c1,p10,l3,0.00
i46,e09,c1,p11,l2,0.00
i46,e09,c1,p11,l3,0.00
i46,e09,c1,p12,l2,0.00
i46,e09,c1,p12,l3,0.00
i46,e09,c1,p13,l2,0.00
i46,e09,c1,p13,l3,0.00
i46,e09,c1,p14,l2,0.00
i46,e09,c1,p14,l3,0.00
i46,e09,c1,p15,l2,0.00
i46,e09,c1,p15,l3,0.00
i46,e09,c1,p16,l2,0.00
i46,e09,c1,p16,l3,0.00
i46,e09,c1,p17,l2,0.00
i46,e09,c1,p17,l3,0.00
i46,e09,c1,p18,l2,0.00
i46,e09,c1,p18,l3,0.00
i46,e09,c1,p19,l2,0.00
i46,e09,c1,p19,l3,0.00
i46,e09,c1,p20,l2,0.00
i46,e09,c1,p20,l3,0.00
i46,e09,c1,p21,l2,0.00
i46,e09,c1,p21,l3,1.03
i46,e09,c1,p22,l2,0.00
i46,e09,c1,p22,l3,0.00
i46,e09,c1,p23,l2,0.00
i46,e09,c1,p23,l3,0.00
i46,e09,c1,p24,l2,0.00
i46,e09,c1,p24,l3,0.00
i46,e09,c1,p25,l2,0.00
i46,e09,c1,p25,l3,0.00
i46,e09,c1,p26,l2,0.00
i46,e09,c1,p26,l3,0.00
i46,e09,c1,p27,l2,0.00
i46,e09,c1,p27,l3,0.00
i46,e09,c1,p28,l2,0.00
i46,e09,c1,p28,l3,0.00
i46,e09,c1,p29,l2,0.00
i46,e09,c1,p29,l3,0.00
i46,e09,c1,p30,l2,0.00
i46,e09,c1,p30,l3,0.00
i46,e09,c1,p31,l2,0.00
i46,e09,c1,p31,l3,0.00
i46,e09,c1,p32,l2,0.00
i46,e09,c1,p32,l3,0.00
i46,e09,c1,p33,l2,0.00
i46,e09,c1,p33,l3,0.00
i46,e09,c1,p34,l2,0.00
i46,e09,c1,p34,l3,0.00
i46,e09,c1,p35,l2,0.00
i46,e09,c1,p35,l3,16.08
i46,e09,c4,p01,l2,0.00
i46,e09,c4,p01,l3,0.00
i46,e09,c4,p02,l2,0.00
i46,e09,c4,p02,l3,0.00
i46,e09,c4,p03,l2,0.00
i46,e09,c4,p03,l3,0.00
i46,e09,c4,p04,l2,0.00
i46,e09,c4,p04,l3,0.00
i46,e09,c4,p05,l2,0.00
i46,e09,c4,p05,l3,0.00
i46,e09,c4,p06,l2,0.00
i46,e09,c4,p06,l3,0.00
i46,e09,c4,p07,l2,0.00
i46,e09,c4,p07,l3,0.00
i46,e09,c4,p08,l2,0.00
i46,e09,c4,p08,l3,0.00
i46,e09,c4,p09,l2,0.00
i46,e09,c4,p09,l3,0.00
i46,e09,c4,p10,l2,0.00
i46,e09,c4,p10,l3,0.00
i46,e09,c4,p11,l2,0.00
i46,e09,c4,p11,l3,0.00
i46,e09,c4,p12,l2,0.00
i46,e09,c4,p12,l3,0.00
i46,e09,c4,p13,l2,0.00
i46,e09,c4,p13,l3,0.00
i46,e09,c4,p14,l2,0.00
i46,e09,c4,p14,l3,0.00
i46,e09,c4,p15,l2,0.00
i46,e09,c4,p15,l3,0.00
i46,e09,c4,p16,l2,0.00
i46,e09,c4,p16,l3,0.00
i46,e09,c4,p17,l2,0.00
i46,e09,c4,p17,l3,0.00
i46,e09,c4,p18,l2,0.00
i46,e09,c4,p18,l3,0.00
i46,e09,c4,p19,l2,0.00
i46,e09,c4,p19,l3,0.00
i46,e09,c4,p20,l2,0.00
i46,e09,c4,p20,l3,0.00
i46,e09,c4,p21,l2,0.00
i46,e09,c4,p21,l3,0.00
i46,e09,c4,p22,l2,0.00
i46,e09,c4,p22,l3,0.00
i46,e09,c4,p23,l2,0.00
i46,e09,c4,p23,l3,0.00
i46,e09,c4,p24,l2,0.00
i46,e09,c4,p24,l3,0.00
i46,e09,c4,p25,l2,0.00
i46,e09,c4,p25,l3,0.00
i46,e09,c4,p26,l2,0.00
i46,e09,c4,p26,l3,0.00
i46,e09,c4,p28,l2,0.00
i46,e09,c4,p28,l3,0.00
i46,e09,c4,p29,l2,0.00
i46,e09,c4,p29,l3,0.00
i46,e09,c4,p30,l2,0.00
i46,e09,c4,p30,l3,0.00
i46,e09,c4,p31,l2,0.00
i46,e09,c4,p31,l3,0.00
i46,e09,c4,p32,l2,0.00
i46,e09,c4,p32,l3,0.00
i46,e09,c4,p33,l2,0.00
i46,e09,c4,p33,l3,0.00
i46,e09,c4,p34,l3,0.00
i46,e09,c4,p35,l2,0.00
i46,e09,c4,p35,l3,0.00
i46,e09,c7,p01,l2,0.00
i46,e09,c7,p01,l3,0.00
i46,e09,c7,p02,l3,0.00
i46,e09,c7,p03,l2,0.00
i46,e09,c7,p03,l3,0.00
i46,e09,c7,p04,l2,0.00
i46,e09,c7,p04,l3,0.00
i46,e09,c7,p05,l3,0.00
i46,e09,c7,p10,l3,0.00
i46,e09,c7,p11,l2,0.00
i46,e09,c7,p11,l3,0.00
i46,e09,c7,p13,l3,0.00
i46,e09,c7,p14,l3,0.00
i46,e09,c7,p15,l2,0.00
i46,e09,c7,p15,l3,0.00
i46,e09,c7,p16,l3,0.00
i46,e09,c7,p18,l3,0.00
i46,e09,c7,p19,l3,0.00
i46,e09,c7,p24,l3,0.00
i46,e09,c7,p35,l2,0.00
i46,e09,c7,p35,l3,0.00
i46,e11,c1,p01,l2,0.00
i46,e11,c1,p01,l3,1.13
i46,e11,c1,p02,l2,0.00
i46,e11,c1,p02,l3,0.00
i46,e11,c1,p03,l2,0.00
i46,e11,c1,p03,l3,0.00
i46,e11,c1,p04,l2,0.00
i46,e11,c1,p04,l3,0.00
i46,e11,c1,p05,l2,0.00
i46,e11,c1,p05,l3,0.00
i46,e11,c1,p06,l2,0.00
i46,e11,c1,p06,l3,0.00
i46,e11,c1,p07,l2,0.00
i46,e11,c1,p07,l3,0.00
i46,e11,c1,p08,l2,0.00
i46,e11,c1,p08,l3,18.06
i46,e11,c1,p09,l2,0.00
i46,e11,c1,p09,l3,0.00
i46,e11,c1,p10,l2,0.00
i46,e11,c1,p10,l3,1.20
i46,e11,c1,p11,l2,0.00
i46,e11,c1,p11,l3,8.14
i46,e11,c1,p12,l2,0.00
i46,e11,c1,p12,l3,45.15
i46,e11,c1,p13,l2,0.00
i46,e11,c1,p13,l3,0.00
i46,e11,c1,p14,l2,0.00
i46,e11,c1,p14,l3,0.00
i46,e11,c1,p15,l2,0.00
i46,e11,c1,p15,l3,8.19
i46,e11,c1,p16,l2,0.00
i46,e11,c1,p16,l3,0.00
i46,e11,c1,p17,l2,0.00
i46,e11,c1,p17,l3,0.00
i46,e11,c1,p18,l2,0.00
i46,e11,c1,p18,l3,0.00
i46,e11,c1,p19,l2,0.00
i46,e11,c1,p19,l3,83.13
i46,e11,c1,p20,l2,0.00
i46,e11,c1,p20,l3,0.00
i46,e11,c1,p21,l2,0.00
i46,e11,c1,p21,l3,84.98
i46,e11,c1,p22,l2,0.00
i46,e11,c1,p22,l3,0.00
i46,e11,c1,p23,l2,0.00
i46,e11,c1,p23,l3,30.31
i46,e11,c1,p24,l2,0.00
i46,e11,c1,p24,l3,0.00
i46,e11,c1,p25,l2,0.00
i46,e11,c1,p25,l3,0.00
i46,e11,c1,p26,l2,0.00
i46,e11,c1,p26,l3,0.00
i46,e11,c1,p27,l2,0.00
i46,e11,c1,p27,l3,0.00
i46,e11,c1,p28,l2,0.00
i46,e11,c1,p28,l3,0.00
i46,e11,c1,p29,l2,0.00
i46,e11,c1,p29,l3,2.18
i46,e11,c1,p30,l2,0.00
i46,e11,c1,p30,l3,60.67
i46,e11,c1,p31,l2,0.00
i46,e11,c1,p31,l3,0.00
i46,e11,c1,p32,l2,0.00
i46,e11,c1,p32,l3,0.00
i46,e11,c1,p33,l2,0.00
i46,e11,c1,p33,l3,0.00
i46,e11,c1,p34,l2,0.00
i46,e11,c1,p34,l3,0.00
i46,e11,c1,p35,l2,0.00
i46,e11,c1,p35,l3,5694.01
i46,e11,c4,p01,l2,0.00
i46,e11,c4,p01,l3,0.00
i46,e11,c4,p02,l2,0.00
i46,e11,c4,p02,l3,0.00
i46,e11,c4,p03,l2,0.00
i46,e11,c4,p03,l3,4.95
i46,e11,c4,p04,l2,0.00
i46,e11,c4,p04,l3,0.00
i46,e11,c4,p05,l2,0.00
i46,e11,c4,p05,l3,0.00
i46,e11,c4,p06,l2,0.00
i46,e11,c4,p06,l3,0.00
i46,e11,c4,p07,l2,0.00
i46,e11,c4,p07,l3,0.00
i46,e11,c4,p08,l2,0.00
i46,e11,c4,p08,l3,0.00
i46,e11,c4,p09,l2,0.00
i46,e11,c4,p09,l3,0.00
i46,e11,c4,p10,l2,0.00
i46,e11,c4,p10,l3,0.00
i46,e11,c4,p11,l2,0.00
i46,e11,c4,p11,l3,0.00
i46,e11,c4,p12,l2,0.00
i46,e11,c4,p12,l3,0.00
i46,e11,c4,p13,l2,0.00
i46,e11,c4,p13,l3,0.00
i46,e11,c4,p14,l2,0.00
i46,e11,c4,p14,l3,0.00
i46,e11,c4,p15,l2,0.00
i46,e11,c4,p15,l3,0.00
i46,e11,c4,p16,l2,0.00
i46,e11,c4,p16,l3,0.00
i46,e11,c4,p17,l2,0.00
i46,e11,c4,p17,l3,0.00
i46,e11,c4,p18,l2,0.00
i46,e11,c4,p18,l3,0.00
i46,e11,c4,p19,l2,0.00
i46,e11,c4,p19,l3,0.00
i46,e11,c4,p20,l2,0.00
i46,e11,c4,p20,l3,0.00
i46,e11,c4,p21,l2,0.00
i46,e11,c4,p21,l3,0.00
i46,e11,c4,p22,l2,0.00
i46,e11,c4,p22,l3,0.00
i46,e11,c4,p23,l2,0.00
i46,e11,c4,p23,l3,0.00
i46,e11,c4,p24,l2,0.00
i46,e11,c4,p24,l3,0.00
i46,e11,c4,p25,l2,0.00
i46,e11,c4,p25,l3,0.00
i46,e11,c4,p26,l2,0.00
i46,e11,c4,p26,l3,0.00
i46,e11,c4,p27,l3,0.00
i46,e11,c4,p28,l2,0.00
i46,e11,c4,p28,l3,51.34
i46,e11,c4,p29,l2,0.00
i46,e11,c4,p29,l3,0.00
i46,e11,c4,p30,l2,0.00
i46,e11,c4,p30,l3,0.00
i46,e11,c4,p31,l2,0.00
i46,e11,c4,p31,l3,0.00
i46,e11,c4,p32,l2,0.00
i46,e11,c4,p32,l3,0.00
i46,e11,c4,p33,l2,0.00
i46,e11,c4,p33,l3,0.00
i46,e11,c4,p34,l2,0.00
i46,e11,c4,p34,l3,0.00
i46,e11,c4,p35,l2,0.00
i46,e11,c4,p35,l3,316.16
i46,e11,c7,p01,l2,0.00
i46,e11,c7,p01,l3,0.00
i46,e11,c7,p02,l3,0.00
i46,e11,c7,p03,l3,0.00
i46,e11,c7,p04,l3,0.00
i46,e11,c7,p05,l3,0.00
i46,e11,c7,p07,l2,0.00
i46,e11,c7,p07,l3,0.00
i46,e11,c7,p09,l3,0.00
i46,e11,c7,p10,l3,0.00
i46,e11,c7,p11,l2,0.00
i46,e11,c7,p11,l3,0.00
i46,e11,c7,p13,l2,0.00
i46,e11,c7,p13,l3,0.00
i46,e11,c7,p14,l3,0.00
i46,e11,c7,p15,l3,0.00
i46,e11,c7,p16,l3,0.00
i46,e11,c7,p18,l2,0.00
i46,e11,c7,p18,l3,0.00
i46,e11,c7,p19,l2,0.00
i46,e11,c7,p19,l3,0.00
i46,e11,c7,p21,l3,0.00
i46,e11,c7,p24,l3,0.00
i46,e11,c7,p25,l3,0.00
i46,e11,c7,p29,l3,0.00
i46,e11,c7,p35,l2,0.00
i46,e11,c7,p35,l3,0.00
i46,e12,c1,p01,l3,0.00
i46,e12,c1,p02,l3,0.00
i46,e12,c1,p03,l3,0.00
i46,e12,c1,p04,l3,0.00
i46,e12,c1,p05,l3,0.00
i46,e12,c1,p06,l3,0.00
i46,e12,c1,p07,l3,0.00
i46,e12,c1,p08,l3,0.00
i46,e12,c1,p09,l3,0.00
i46,e12,c1,p10,l3,0.00
i46,e12,c1,p11,l3,0.00
i46,e12,c1,p12,l3,0.00
i46,e12,c1,p13,l3,0.00
i46,e12,c1,p14,l3,0.00
i46,e12,c1,p15,l3,0.00
i46,e12,c1,p16,l3,0.00
i46,e12,c1,p17,l3,0.00
i46,e12,c1,p18,l3,0.00
i46,e12,c1,p19,l3,0.00
i46,e12,c1,p20,l3,0.00
i46,e12,c1,p21,l3,0.00
i46,e12,c1,p22,l3,0.00
i46,e12,c1,p23,l3,0.00
i46,e12,c1,p24,l3,0.00
i46,e12,c1,p25,l3,0.00
i46,e12,c1,p26,l3,0.00
i46,e12,c1,p27,l3,0.00
i46,e12,c1,p28,l3,0.00
i46,e12,c1,p29,l3,0.00
i46,e12,c1,p30,l3,0.00
i46,e12,c1,p31,l3,0.00
i46,e12,c1,p32,l3,0.00
i46,e12,c1,p33,l3,0.00
i46,e12,c1,p35,l3,0.00
i46,e12,c4,p01,l3,0.00
i46,e12,c4,p02,l3,0.00
i46,e12,c4,p03,l3,0.00
i46,e12,c4,p04,l3,0.00
i46,e12,c4,p05,l3,0.00
i46,e12,c4,p06,l3,0.00
i46,e12,c4,p07,l3,0.00
i46,e12,c4,p08,l3,0.00
i46,e12,c4,p09,l3,0.00
i46,e12,c4,p10,l3,0.00
i46,e12,c4,p11,l3,0.00
i46,e12,c4,p12,l3,0.00
i46,e12,c4,p13,l3,0.00
i46,e12,c4,p14,l3,0.00
i46,e12,c4,p15,l3,0.00
i46,e12,c4,p16,l3,0.00
i46,e12,c4,p17,l3,0.00
i46,e12,c4,p18,l3,0.00
i46,e12,c4,p19,l3,0.00
i46,e12,c4,p20,l3,0.00
i46,e12,c4,p21,l3,0.00
i46,e12,c4,p23,l3,0.00
i46,e12,c4,p24,l3,0.00
i46,e12,c4,p25,l3,0.00
i46,e12,c4,p29,l3,0.00
i46,e12,c4,p30,l3,0.00
i46,e12,c4,p31,l3,0.00
i46,e12,c4,p32,l3,0.00
i46,e12,c4,p35,l3,0.00
i46,e12,c7,p35,l3,0.00
i46,e13,c1,p01,l3,0.00
i46,e13,c1,p02,l3,0.00
i46,e13,c1,p03,l3,0.00
i46,e13,c1,p04,l3,0.00
i46,e13,c1,p05,l3,0.00
i46,e13,c1,p06,l3,0.00
i46,e13,c1,p07,l3,0.00
i46,e13,c1,p08,l3,0.00
i46,e13,c1,p09,l3,0.00
i46,e13,c1,p10,l3,0.00
i46,e13,c1,p11,l3,0.00
i46,e13,c1,p12,l3,0.00
i46,e13,c1,p13,l3,0.00
i46,e13,c1,p14,l3,0.00
i46,e13,c1,p15,l3,0.00
i46,e13,c1,p16,l3,0.00
i46,e13,c1,p17,l3,0.00
i46,e13,c1,p18,l3,0.00
i46,e13,c1,p19,l3,0.00
i46,e13,c1,p20,l3,0.00
i46,e13,c1,p21,l3,0.00
i46,e13,c1,p22,l3,0.00
i46,e13,c1,p23,l3,0.00
i46,e13,c1,p24,l3,0.00
i46,e13,c1,p25,l3,0.00
i46,e13,c1,p26,l3,0.00
i46,e13,c1,p27,l3,0.00
i46,e13,c1,p28,l3,0.00
i46,e13,c1,p29,l3,0.00
i46,e13,c1,p30,l3,0.00
i46,e13,c1,p31,l3,0.00
i46,e13,c1,p32,l3,0.00
i46,e13,c1,p33,l3,0.00
i46,e13,c1,p34,l3,0.00
i46,e13,c1,p35,l3,1.40
i46,e13,c4,p01,l3,0.00
i46,e13,c4,p02,l3,0.00
i46,e13,c4,p03,l3,0.00
i46,e13,c4,p04,l3,0.00
i46,e13,c4,p05,l3,0.00
i46,e13,c4,p06,l3,0.00
i46,e13,c4,p07,l3,0.00
i46,e13,c4,p08,l3,0.00
i46,e13,c4,p09,l3,0.00
i46,e13,c4,p10,l3,0.00
i46,e13,c4,p11,l3,0.00
i46,e13,c4,p12,l3,0.00
i46,e13,c4,p13,l3,0.00
i46,e13,c4,p14,l3,0.00
i46,e13,c4,p15,l3,0.00
i46,e13,c4,p16,l3,0.00
i46,e13,c4,p17,l3,0.00
i46,e13,c4,p18,l3,0.00
i46,e13,c4,p19,l3,0.00
i46,e13,c4,p20,l3,0.00
i46,e13,c4,p21,l3,0.00
i46,e13,c4,p22,l3,0.00
i46,e13,c4,p23,l3,0.00
i46,e13,c4,p24,l3,0.00
i46,e13,c4,p25,l3,0.00
i46,e13,c4,p26,l3,0.00
i46,e13,c4,p28,l3,0.00
i46,e13,c4,p29,l3,0.00
i46,e13,c4,p30,l3,0.00
i46,e13,c4,p31,l3,0.00
i46,e13,c4,p32,l3,0.00
i46,e13,c4,p33,l3,0.00
i46,e13,c4,p34,l3,0.00
i46,e13,c4,p35,l3,0.00
i46,e13,c7,p01,l3,0.00
i46,e13,c7,p02,l3,0.00
i46,e13,c7,p03,l3,0.00
i46,e13,c7,p04,l3,0.00
i46,e13,c7,p11,l3,0.00
i46,e13,c7,p13,l3,0.00
i46,e13,c7,p15,l3,0.00
i46,e13,c7,p18,l3,0.00
i46,e13,c7,p24,l3,0.00
i46,e13,c7,p35,l3,0.00
i47,e01,c1,p01,l3,0.00
i47,e01,c1,p02,l3,0.00
i47,e01,c1,p03,l3,0.00
i47,e01,c1,p04,l3,0.00
i47,e01,c1,p05,l3,0.00
i47,e01,c1,p06,l3,0.00
i47,e01,c1,p07,l3,0.00
i47,e01,c1,p08,l3,0.00
i47,e01,c1,p09,l3,0.00
i47,e01,c1,p10,l3,0.00
i47,e01,c1,p11,l3,0.00
i47,e01,c1,p12,l3,0.00
i47,e01,c1,p13,l3,0.00
i47,e01,c1,p14,l3,0.00
i47,e01,c1,p15,l3,0.00
i47,e01,c1,p16,l3,0.00
i47,e01,c1,p17,l3,0.00
i47,e01,c1,p18,l3,0.00
i47,e01,c1,p19,l3,0.00
i47,e01,c1,p20,l3,0.00
i47,e01,c1,p21,l3,0.00
i47,e01,c1,p22,l3,0.00
i47,e01,c1,p23,l3,0.00
i47,e01,c1,p24,l3,0.00
i47,e01,c1,p25,l3,0.00
i47,e01,c1,p26,l3,0.00
i47,e01,c1,p27,l3,0.00
i47,e01,c1,p28,l3,0.00
i47,e01,c1,p29,l3,0.00
i47,e01,c1,p30,l3,0.00
i47,e01,c1,p31,l3,0.00
i47,e01,c1,p32,l3,0.00
i47,e01,c1,p33,l3,0.00
i47,e01,c1,p34,l3,0.00
i47,e01,c1,p35,l3,103.73
i47,e01,c4,p01,l3,0.00
i47,e01,c4,p02,l3,0.00
i47,e01,c4,p03,l3,0.00
i47,e01,c4,p05,l3,0.00
i47,e01,c4,p07,l3,0.00
i47,e01,c4,p08,l3,0.00
i47,e01,c4,p10,l3,0.00
i47,e01,c4,p11,l3,0.00
i47,e01,c4,p12,l3,0.00
i47,e01,c4,p14,l3,0.00
i47,e01,c4,p15,l3,0.00
i47,e01,c4,p16,l3,0.00
i47,e01,c4,p17,l3,0.00
i47,e01,c4,p18,l3,0.00
i47,e01,c4,p19,l3,0.00
i47,e01,c4,p21,l3,0.00
i47,e01,c4,p24,l3,0.00
i47,e01,c4,p25,l3,0.00
i47,e01,c4,p32,l3,0.00
i47,e01,c4,p35,l3,0.00
i47,e01,c7,p09,l3,0.00
i47,e01,c7,p35,l3,0.00
i47,e04,c1,p01,l1,0.00
i47,e04,c1,p01,l3,0.00
i47,e04,c1,p02,l1,0.00
i47,e04,c1,p02,l3,0.00
i47,e04,c1,p03,l1,0.00
i47,e04,c1,p03,l3,0.00
i47,e04,c1,p04,l1,0.00
i47,e04,c1,p04,l3,0.00
i47,e04,c1,p05,l1,0.00
i47,e04,c1,p05,l3,0.00
i47,e04,c1,p06,l1,0.00
i47,e04,c1,p06,l3,0.00
i47,e04,c1,p07,l1,0.00
i47,e04,c1,p07,l3,0.00
i47,e04,c1,p08,l1,0.00
i47,e04,c1,p08,l3,0.00
i47,e04,c1,p09,l3,0.00
i47,e04,c1,p10,l1,0.00
i47,e04,c1,p10,l3,0.00
i47,e04,c1,p11,l1,0.00
i47,e04,c1,p11,l3,0.00
i47,e04,c1,p12,l1,0.00
i47,e04,c1,p12,l3,0.00
i47,e04,c1,p13,l1,0.00
i47,e04,c1,p13,l3,0.00
i47,e04,c1,p14,l1,0.00
i47,e04,c1,p14,l3,0.00
i47,e04,c1,p15,l1,0.00
i47,e04,c1,p15,l3,0.00
i47,e04,c1,p16,l1,0.00
i47,e04,c1,p16,l3,0.00
i47,e04,c1,p17,l1,0.00
i47,e04,c1,p17,l3,0.00
i47,e04,c1,p18,l1,0.00
i47,e04,c1,p18,l3,0.00
i47,e04,c1,p19,l1,0.00
i47,e04,c1,p19,l3,0.00
i47,e04,c1,p20,l1,0.00
i47,e04,c1,p20,l3,0.00
i47,e04,c1,p21,l1,0.00
i47,e04,c1,p21,l3,0.00
i47,e04,c1,p22,l1,0.00
i47,e04,c1,p22,l3,0.00
i47,e04,c1,p23,l1,0.00
i47,e04,c1,p23,l3,0.00
i47,e04,c1,p24,l1,0.00
i47,e04,c1,p24,l3,0.00
i47,e04,c1,p25,l1,0.00
i47,e04,c1,p25,l3,0.00
i47,e04,c1,p26,l1,0.00
i47,e04,c1,p26,l3,0.00
i47,e04,c1,p27,l3,0.00
i47,e04,c1,p28,l1,0.00
i47,e04,c1,p28,l3,0.00
i47,e04,c1,p29,l1,0.00
i47,e04,c1,p29,l3,0.00
i47,e04,c1,p30,l3,0.00
i47,e04,c1,p31,l3,0.00
i47,e04,c1,p32,l1,0.00
i47,e04,c1,p32,l3,0.00
i47,e04,c1,p33,l1,0.00
i47,e04,c1,p33,l3,0.00
i47,e04,c1,p34,l3,0.00
i47,e04,c1,p35,l1,0.00
i47,e04,c1,p35,l3,92.62
i47,e04,c4,p02,l3,0.00
i47,e04,c4,p03,l1,0.00
i47,e04,c4,p05,l3,0.00
i47,e04,c4,p08,l1,0.00
i47,e04,c4,p11,l3,0.00
i47,e04,c4,p13,l3,0.00
i47,e04,c4,p14,l3,0.00
i47,e04,c4,p15,l3,0.00
i47,e04,c4,p16,l3,0.00
i47,e04,c4,p19,l1,0.00
i47,e04,c4,p19,l3,0.00
i47,e04,c4,p21,l3,0.00
i47,e04,c4,p24,l3,0.00
i47,e04,c4,p32,l3,0.00
i47,e04,c4,p35,l1,0.00
i47,e04,c4,p35,l3,0.00
i47,e04,c7,p09,l1,0.00
i47,e04,c7,p35,l1,0.00
i47,e04,c7,p35,l3,0.00
i47,e09,c1,p01,l2,0.00
i47,e09,c1,p01,l3,0.00
i47,e09,c1,p02,l3,0.00
i47,e09,c1,p03,l2,0.00
i47,e09,c1,p03,l3,0.00
i47,e09,c1,p04,l2,0.00
i47,e09,c1,p04,l3,0.00
i47,e09,c1,p05,l2,0.00
i47,e09,c1,p05,l3,0.00
i47,e09,c1,p06,l2,0.00
i47,e09,c1,p06,l3,0.00
i47,e09,c1,p07,l2,0.00
i47,e09,c1,p07,l3,0.00
i47,e09,c1,p08,l2,0.00
i47,e09,c1,p08,l3,0.00
i47,e09,c1,p09,l3,0.00
i47,e09,c1,p10,l2,0.00
i47,e09,c1,p10,l3,0.00
i47,e09,c1,p11,l2,0.00
i47,e09,c1,p11,l3,0.00
i47,e09,c1,p12,l2,0.00
i47,e09,c1,p12,l3,0.00
i47,e09,c1,p13,l2,0.00
i47,e09,c1,p13,l3,0.00
i47,e09,c1,p14,l2,0.00
i47,e09,c1,p14,l3,0.00
i47,e09,c1,p15,l2,0.00
i47,e09,c1,p15,l3,0.00
i47,e09,c1,p16,l2,0.00
i47,e09,c1,p16,l3,0.00
i47,e09,c1,p17,l2,0.00
i47,e09,c1,p17,l3,0.00
i47,e09,c1,p18,l2,0.00
i47,e09,c1,p18,l3,0.00
i47,e09,c1,p19,l2,0.00
i47,e09,c1,p19,l3,0.00
i47,e09,c1,p20,l2,0.00
i47,e09,c1,p20,l3,0.00
i47,e09,c1,p21,l2,0.00
i47,e09,c1,p21,l3,0.00
i47,e09,c1,p22,l2,0.00
i47,e09,c1,p22,l3,0.00
i47,e09,c1,p23,l2,0.00
i47,e09,c1,p23,l3,0.00
i47,e09,c1,p24,l2,0.00
i47,e09,c1,p24,l3,0.00
i47,e09,c1,p25,l2,0.00
i47,e09,c1,p25,l3,0.00
i47,e09,c1,p26,l2,0.00
i47,e09,c1,p26,l3,0.00
i47,e09,c1,p27,l3,0.00
i47,e09,c1,p28,l3,0.00
i47,e09,c1,p29,l2,0.00
i47,e09,c1,p29,l3,0.00
i47,e09,c1,p30,l3,0.00
i47,e09,c1,p31,l3,0.00
i47,e09,c1,p32,l2,0.00
i47,e09,c1,p32,l3,0.00
i47,e09,c1,p33,l3,0.00
i47,e09,c1,p34,l3,0.00
i47,e09,c1,p35,l2,0.00
i47,e09,c1,p35,l3,112.15
i47,e09,c4,p01,l3,0.00
i47,e09,c4,p03,l2,0.00
i47,e09,c4,p03,l3,0.00
i47,e09,c4,p04,l3,0.00
i47,e09,c4,p08,l2,0.00
i47,e09,c4,p08,l3,0.00
i47,e09,c4,p10,l3,0.00
i47,e09,c4,p11,l3,0.00
i47,e09,c4,p12,l3,0.00
i47,e09,c4,p13,l3,0.00
i47,e09,c4,p15,l3,0.00
i47,e09,c4,p16,l3,0.00
i47,e09,c4,p17,l3,0.00
i47,e09,c4,p19,l2,0.00
i47,e09,c4,p19,l3,0.00
i47,e09,c4,p21,l2,0.00
i47,e09,c4,p21,l3,0.00
i47,e09,c4,p24,l3,0.00
i47,e09,c4,p32,l3,0.00
i47,e09,c4,p35,l2,0.00
i47,e09,c4,p35,l3,0.00
i47,e09,c7,p09,l2,0.00
i47,e09,c7,p35,l2,0.00
i47,e09,c7,p35,l3,0.00
i48,e01,c1,p01,l3,0.00
i48,e01,c1,p02,l3,0.00
i48,e01,c1,p03,l3,0.00
i48,e01,c1,p04,l3,0.00
i48,e01,c1,p05,l3,0.00
i48,e01,c1,p06,l3,0.00
i48,e01,c1,p07,l3,0.00
i48,e01,c1,p08,l3,0.00
i48,e01,c1,p09,l3,0.00
i48,e01,c1,p10,l3,0.00
i48,e01,c1,p11,l3,0.00
i48,e01,c1,p12,l3,0.00
i48,e01,c1,p13,l3,0.00
i48,e01,c1,p14,l3,0.00
i48,e01,c1,p15,l3,0.00
i48,e01,c1,p16,l3,0.00
i48,e01,c1,p17,l3,0.00
i48,e01,c1,p18,l3,0.00
i48,e01,c1,p19,l3,0.00
i48,e01,c1,p20,l3,0.00
i48,e01,c1,p21,l3,0.00
i48,e01,c1,p22,l3,0.00
i48,e01,c1,p23,l3,0.00
i48,e01,c1,p24,l3,0.00
i48,e01,c1,p25,l3,0.00
i48,e01,c1,p26,l3,0.00
i48,e01,c1,p28,l3,0.00
i48,e01,c1,p29,l3,0.00
i48,e01,c1,p30,l3,0.00
i48,e01,c1,p31,l3,0.00
i48,e01,c1,p32,l3,0.00
i48,e01,c1,p35,l3,0.00
i48,e01,c4,p01,l3,0.00
i48,e01,c4,p03,l3,0.00
i48,e01,c4,p05,l3,0.00
i48,e01,c4,p06,l3,0.00
i48,e01,c4,p09,l3,0.00
i48,e01,c4,p11,l3,0.00
i48,e01,c4,p12,l3,0.00
i48,e01,c4,p18,l3,0.00
i48,e01,c4,p19,l3,0.00
i48,e01,c4,p22,l3,0.00
i48,e01,c4,p24,l3,0.00
i48,e01,c4,p29,l3,0.00
i48,e01,c4,p35,l3,0.00
i48,e04,c1,p01,l1,0.00
i48,e04,c1,p01,l3,0.00
i48,e04,c1,p02,l1,0.00
i48,e04,c1,p02,l3,0.00
i48,e04,c1,p03,l1,0.00
i48,e04,c1,p03,l3,0.00
i48,e04,c1,p04,l1,0.00
i48,e04,c1,p04,l3,0.00
i48,e04,c1,p05,l1,0.00
i48,e04,c1,p05,l3,0.00
i48,e04,c1,p06,l1,0.00
i48,e04,c1,p06,l3,0.00
i48,e04,c1,p07,l1,0.00
i48,e04,c1,p07,l3,0.00
i48,e04,c1,p08,l1,0.00
i48,e04,c1,p08,l3,0.00
i48,e04,c1,p09,l1,0.00
i48,e04,c1,p09,l3,0.00
i48,e04,c1,p10,l1,0.00
i48,e04,c1,p10,l3,0.00
i48,e04,c1,p11,l1,0.00
i48,e04,c1,p11,l3,0.00
i48,e04,c1,p12,l1,0.00
i48,e04,c1,p12,l3,0.00
i48,e04,c1,p13,l1,0.00
i48,e04,c1,p13,l3,0.00
i48,e04,c1,p14,l1,0.00
i48,e04,c1,p14,l3,0.00
i48,e04,c1,p15,l1,0.00
i48,e04,c1,p15,l3,0.00
i48,e04,c1,p16,l1,0.00
i48,e04,c1,p16,l3,0.00
i48,e04,c1,p17,l1,0.00
i48,e04,c1,p17,l3,0.00
i48,e04,c1,p18,l1,0.00
i48,e04,c1,p18,l3,0.00
i48,e04,c1,p19,l1,0.00
i48,e04,c1,p19,l3,0.00
i48,e04,c1,p20,l3,0.00
i48,e04,c1,p21,l1,0.00
i48,e04,c1,p21,l3,0.00
i48,e04,c1,p22,l1,0.00
i48,e04,c1,p22,l3,0.00
i48,e04,c1,p23,l1,0.00
i48,e04,c1,p23,l3,0.00
i48,e04,c1,p24,l1,0.00
i48,e04,c1,p24,l3,0.00
i48,e04,c1,p25,l3,0.00
i48,e04,c1,p26,l3,0.00
i48,e04,c1,p28,l1,0.00
i48,e04,c1,p28,l3,0.00
i48,e04,c1,p29,l1,0.00
i48,e04,c1,p29,l3,0.00
i48,e04,c1,p31,l1,0.00
i48,e04,c1,p31,l3,0.00
i48,e04,c1,p32,l1,0.00
i48,e04,c1,p32,l3,0.00
i48,e04,c1,p33,l3,0.00
i48,e04,c1,p35,l1,0.00
i48,e04,c1,p35,l3,0.00
i48,e04,c4,p01,l3,0.00
i48,e04,c4,p03,l1,0.00
i48,e04,c4,p03,l3,0.00
i48,e04,c4,p05,l3,0.00
i48,e04,c4,p06,l3,0.00
i48,e04,c4,p08,l3,0.00
i48,e04,c4,p10,l3,0.00
i48,e04,c4,p11,l1,0.00
i48,e04,c4,p11,l3,0.00
i48,e04,c4,p12,l3,0.00
i48,e04,c4,p18,l3,0.00
i48,e04,c4,p19,l3,0.00
i48,e04,c4,p21,l3,0.00
i48,e04,c4,p23,l3,0.00
i48,e04,c4,p24,l3,0.00
i48,e04,c4,p31,l3,0.00
i48,e04,c4,p35,l1,0.00
i48,e04,c4,p35,l3,0.00
i48,e05,c1,p01,l3,0.00
i48,e05,c1,p02,l3,0.00
i48,e05,c1,p03,l1,0.00
i48,e05,c1,p03,l3,0.00
i48,e05,c1,p05,l3,0.00
i48,e05,c1,p06,l3,0.00
i48,e05,c1,p07,l3,0.00
i48,e05,c1,p08,l1,0.00
i48,e05,c1,p08,l3,0.00
i48,e05,c1,p09,l3,0.00
i48,e05,c1,p10,l1,0.00
i48,e05,c1,p10,l3,0.00
i48,e05,c1,p11,l1,0.00
i48,e05,c1,p11,l3,0.00
i48,e05,c1,p12,l3,0.00
i48,e05,c1,p13,l1,0.00
i48,e05,c1,p13,l3,0.00
i48,e05,c1,p14,l3,0.00
i48,e05,c1,p15,l1,0.00
i48,e05,c1,p15,l3,0.00
i48,e05,c1,p16,l1,0.00
i48,e05,c1,p16,l3,0.00
i48,e05,c1,p17,l1,0.00
i48,e05,c1,p17,l3,0.00
i48,e05,c1,p19,l1,0.00
i48,e05,c1,p19,l3,0.00
i48,e05,c1,p21,l1,0.00
i48,e05,c1,p21,l3,0.00
i48,e05,c1,p22,l3,0.00
i48,e05,c1,p24,l3,0.00
i48,e05,c1,p29,l3,0.00
i48,e05,c1,p32,l3,0.00
i48,e05,c1,p35,l1,0.00
i48,e05,c1,p35,l3,0.00
i48,e05,c4,p03,l3,0.00
i48,e05,c4,p11,l3,0.00
i48,e05,c4,p13,l3,0.00
i48,e05,c4,p19,l1,0.00
i48,e05,c4,p35,l3,0.00
i48,e08,c1,p01,l2,0.00
i48,e08,c1,p01,l3,0.00
i48,e08,c1,p02,l2,0.00
i48,e08,c1,p02,l3,0.00
i48,e08,c1,p03,l2,0.00
i48,e08,c1,p03,l3,0.00
i48,e08,c1,p04,l2,0.00
i48,e08,c1,p04,l3,0.00
i48,e08,c1,p05,l2,0.00
i48,e08,c1,p05,l3,0.00
i48,e08,c1,p06,l2,0.00
i48,e08,c1,p06,l3,0.00
i48,e08,c1,p07,l2,0.00
i48,e08,c1,p07,l3,0.00
i48,e08,c1,p08,l2,0.00
i48,e08,c1,p08,l3,0.00
i48,e08,c1,p09,l2,0.00
i48,e08,c1,p09,l3,0.00
i48,e08,c1,p10,l2,0.00
i48,e08,c1,p10,l3,0.00
i48,e08,c1,p11,l2,0.00
i48,e08,c1,p11,l3,0.00
i48,e08,c1,p12,l2,0.00
i48,e08,c1,p12,l3,0.00
i48,e08,c1,p13,l2,0.00
i48,e08,c1,p13,l3,0.00
i48,e08,c1,p14,l2,0.00
i48,e08,c1,p14,l3,0.00
i48,e08,c1,p15,l2,0.00
i48,e08,c1,p15,l3,0.00
i48,e08,c1,p16,l2,0.00
i48,e08,c1,p16,l3,0.00
i48,e08,c1,p17,l2,0.00
i48,e08,c1,p17,l3,0.00
i48,e08,c1,p18,l2,0.00
i48,e08,c1,p18,l3,0.00
i48,e08,c1,p19,l2,0.00
i48,e08,c1,p19,l3,2.01
i48,e08,c1,p20,l3,0.00
i48,e08,c1,p21,l2,0.00
i48,e08,c1,p21,l3,0.00
i48,e08,c1,p22,l2,0.00
i48,e08,c1,p22,l3,0.00
i48,e08,c1,p23,l2,0.00
i48,e08,c1,p23,l3,0.00
i48,e08,c1,p24,l2,0.00
i48,e08,c1,p24,l3,0.00
i48,e08,c1,p25,l2,0.00
i48,e08,c1,p25,l3,0.00
i48,e08,c1,p26,l3,0.00
i48,e08,c1,p28,l2,0.00
i48,e08,c1,p28,l3,0.00
i48,e08,c1,p29,l2,0.00
i48,e08,c1,p29,l3,0.00
i48,e08,c1,p30,l3,0.00
i48,e08,c1,p31,l2,0.00
i48,e08,c1,p31,l3,0.00
i48,e08,c1,p32,l2,0.00
i48,e08,c1,p32,l3,0.00
i48,e08,c1,p33,l3,0.00
i48,e08,c1,p35,l2,0.00
i48,e08,c1,p35,l3,0.00
i48,e08,c4,p01,l3,0.00
i48,e08,c4,p03,l3,0.00
i48,e08,c4,p05,l3,0.00
i48,e08,c4,p06,l3,0.00
i48,e08,c4,p08,l3,0.00
i48,e08,c4,p09,l3,0.00
i48,e08,c4,p10,l3,0.00
i48,e08,c4,p11,l3,0.00
i48,e08,c4,p12,l3,0.00
i48,e08,c4,p13,l3,0.00
i48,e08,c4,p15,l3,0.00
i48,e08,c4,p16,l3,0.00
i48,e08,c4,p17,l3,0.00
i48,e08,c4,p18,l2,0.00
i48,e08,c4,p18,l3,0.00
i48,e08,c4,p19,l3,0.00
i48,e08,c4,p21,l3,0.00
i48,e08,c4,p22,l2,0.00
i48,e08,c4,p22,l3,0.00
i48,e08,c4,p24,l3,0.00
i48,e08,c4,p29,l2,0.00
i48,e08,c4,p29,l3,0.00
i48,e08,c4,p35,l2,0.00
i48,e08,c4,p35,l3,0.00
i48,e08,c7,p13,l3,0.00
i48,e09,c1,p01,l2,0.00
i48,e09,c1,p01,l3,0.00
i48,e09,c1,p02,l2,0.00
i48,e09,c1,p02,l3,0.00
i48,e09,c1,p03,l2,0.00
i48,e09,c1,p03,l3,0.00
i48,e09,c1,p04,l2,0.00
i48,e09,c1,p04,l3,0.00
i48,e09,c1,p05,l2,0.00
i48,e09,c1,p05,l3,0.00
i48,e09,c1,p06,l2,0.00
i48,e09,c1,p06,l3,0.00
i48,e09,c1,p07,l2,0.00
i48,e09,c1,p07,l3,0.00
i48,e09,c1,p08,l2,0.00
i48,e09,c1,p08,l3,0.00
i48,e09,c1,p09,l2,0.00
i48,e09,c1,p09,l3,0.00
i48,e09,c1,p10,l2,0.00
i48,e09,c1,p10,l3,0.00
i48,e09,c1,p11,l2,0.00
i48,e09,c1,p11,l3,0.00
i48,e09,c1,p12,l2,0.00
i48,e09,c1,p12,l3,0.00
i48,e09,c1,p13,l2,0.00
i48,e09,c1,p13,l3,0.00
i48,e09,c1,p14,l2,0.00
i48,e09,c1,p14,l3,0.00
i48,e09,c1,p15,l2,0.00
i48,e09,c1,p15,l3,0.00
i48,e09,c1,p16,l2,0.00
i48,e09,c1,p16,l3,0.00
i48,e09,c1,p17,l2,0.00
i48,e09,c1,p17,l3,0.00
i48,e09,c1,p18,l2,0.00
i48,e09,c1,p18,l3,0.00
i48,e09,c1,p19,l2,0.00
i48,e09,c1,p19,l3,0.00
i48,e09,c1,p20,l3,0.00
i48,e09,c1,p21,l2,0.00
i48,e09,c1,p21,l3,0.00
i48,e09,c1,p22,l2,0.00
i48,e09,c1,p22,l3,0.00
i48,e09,c1,p23,l3,0.00
i48,e09,c1,p24,l2,0.00
i48,e09,c1,p24,l3,0.00
i48,e09,c1,p25,l3,0.00
i48,e09,c1,p26,l3,0.00
i48,e09,c1,p28,l2,0.00
i48,e09,c1,p28,l3,0.00
i48,e09,c1,p29,l2,0.00
i48,e09,c1,p29,l3,0.00
i48,e09,c1,p31,l2,0.00
i48,e09,c1,p31,l3,0.00
i48,e09,c1,p32,l2,0.00
i48,e09,c1,p32,l3,0.00
i48,e09,c1,p35,l2,0.00
i48,e09,c1,p35,l3,0.00
i48,e09,c4,p01,l3,0.00
i48,e09,c4,p03,l3,0.00
i48,e09,c4,p05,l3,0.00
i48,e09,c4,p06,l3,0.00
i48,e09,c4,p08,l3,0.00
i48,e09,c4,p09,l3,0.00
i48,e09,c4,p10,l3,0.00
i48,e09,c4,p11,l3,0.00
i48,e09,c4,p12,l3,0.00
i48,e09,c4,p15,l3,0.00
i48,e09,c4,p17,l2,0.00
i48,e09,c4,p17,l3,0.00
i48,e09,c4,p18,l3,0.00
i48,e09,c4,p19,l3,0.00
i48,e09,c4,p24,l3,0.00
i48,e09,c4,p29,l3,0.00
i48,e09,c4,p35,l2,0.00
i48,e09,c4,p35,l3,0.00
i48,e11,c1,p01,l2,0.00
i48,e11,c1,p01,l3,0.00
i48,e11,c1,p02,l2,0.00
i48,e11,c1,p02,l3,0.00
i48,e11,c1,p03,l2,0.00
i48,e11,c1,p03,l3,0.00
i48,e11,c1,p04,l2,0.00
i48,e11,c1,p04,l3,0.00
i48,e11,c1,p05,l2,0.00
i48,e11,c1,p05,l3,0.00
i48,e11,c1,p06,l2,0.00
i48,e11,c1,p06,l3,0.00
i48,e11,c1,p07,l2,0.00
i48,e11,c1,p07,l3,1.70
i48,e11,c1,p08,l2,0.00
i48,e11,c1,p08,l3,0.00
i48,e11,c1,p09,l2,0.00
i48,e11,c1,p09,l3,0.00
i48,e11,c1,p10,l2,0.00
i48,e11,c1,p10,l3,2.49
i48,e11,c1,p11,l2,0.00
i48,e11,c1,p11,l3,0.00
i48,e11,c1,p12,l2,0.00
i48,e11,c1,p12,l3,0.00
i48,e11,c1,p13,l2,0.00
i48,e11,c1,p13,l3,0.00
i48,e11,c1,p14,l2,0.00
i48,e11,c1,p14,l3,0.00
i48,e11,c1,p15,l2,0.00
i48,e11,c1,p15,l3,0.00
i48,e11,c1,p16,l2,0.00
i48,e11,c1,p16,l3,0.00
i48,e11,c1,p17,l2,0.00
i48,e11,c1,p17,l3,0.00
i48,e11,c1,p18,l2,0.00
i48,e11,c1,p18,l3,0.00
i48,e11,c1,p19,l2,0.00
i48,e11,c1,p19,l3,0.00
i48,e11,c1,p20,l2,0.00
i48,e11,c1,p20,l3,0.00
i48,e11,c1,p21,l2,0.00
i48,e11,c1,p21,l3,0.00
i48,e11,c1,p22,l2,0.00
i48,e11,c1,p22,l3,0.00
i48,e11,c1,p23,l2,0.00
i48,e11,c1,p23,l3,0.00
i48,e11,c1,p24,l2,0.00
i48,e11,c1,p24,l3,0.00
i48,e11,c1,p25,l2,0.00
i48,e11,c1,p25,l3,0.00
i48,e11,c1,p26,l2,0.00
i48,e11,c1,p26,l3,0.00
i48,e11,c1,p28,l2,0.00
i48,e11,c1,p28,l3,0.00
i48,e11,c1,p29,l2,0.00
i48,e11,c1,p29,l3,0.00
i48,e11,c1,p30,l3,0.00
i48,e11,c1,p31,l2,0.00
i48,e11,c1,p31,l3,0.00
i48,e11,c1,p32,l2,0.00
i48,e11,c1,p32,l3,0.00
i48,e11,c1,p33,l3,0.00
i48,e11,c1,p34,l3,0.00
i48,e11,c1,p35,l2,0.00
i48,e11,c1,p35,l3,1.78
i48,e11,c4,p01,l2,0.00
i48,e11,c4,p01,l3,0.00
i48,e11,c4,p02,l2,0.00
i48,e11,c4,p02,l3,0.00
i48,e11,c4,p03,l2,0.00
i48,e11,c4,p03,l3,0.00
i48,e11,c4,p04,l3,0.00
i48,e11,c4,p05,l3,0.00
i48,e11,c4,p06,l3,0.00
i48,e11,c4,p07,l3,0.00
i48,e11,c4,p08,l3,0.00
i48,e11,c4,p09,l3,0.00
i48,e11,c4,p10,l2,0.00
i48,e11,c4,p10,l3,0.00
i48,e11,c4,p11,l2,0.00
i48,e11,c4,p11,l3,0.00
i48,e11,c4,p12,l2,0.00
i48,e11,c4,p12,l3,0.00
i48,e11,c4,p13,l3,0.00
i48,e11,c4,p14,l3,0.00
i48,e11,c4,p15,l3,0.00
i48,e11,c4,p16,l3,0.00
i48,e11,c4,p17,l2,0.00
i48,e11,c4,p17,l3,0.00
i48,e11,c4,p18,l2,0.00
i48,e11,c4,p18,l3,0.00
i48,e11,c4,p19,l2,0.00
i48,e11,c4,p19,l3,0.00
i48,e11,c4,p20,l3,0.00
i48,e11,c4,p21,l3,0.00
i48,e11,c4,p22,l2,0.00
i48,e11,c4,p22,l3,0.00
i48,e11,c4,p23,l3,0.00
i48,e11,c4,p24,l3,0.00
i48,e11,c4,p25,l3,0.00
i48,e11,c4,p26,l3,0.00
i48,e11,c4,p28,l3,0.00
i48,e11,c4,p29,l2,0.00
i48,e11,c4,p29,l3,0.00
i48,e11,c4,p30,l3,0.00
i48,e11,c4,p31,l3,0.00
i48,e11,c4,p32,l3,0.00
i48,e11,c4,p35,l2,0.00
i48,e11,c4,p35,l3,0.00
i48,e11,c7,p06,l3,0.00
i48,e11,c7,p10,l3,0.00
i48,e11,c7,p13,l3,0.00
i48,e11,c7,p35,l3,0.00
i49,e01,c1,p01,l3,0.00
i49,e01,c1,p02,l3,0.00
i49,e01,c1,p03,l3,0.00
i49,e01,c1,p04,l3,0.00
i49,e01,c1,p05,l3,0.00
i49,e01,c1,p06,l3,0.00
i49,e01,c1,p09,l3,0.00
i49,e01,c1,p10,l3,0.00
i49,e01,c1,p11,l3,0.00
i49,e01,c1,p12,l3,0.00
i49,e01,c1,p13,l3,0.00
i49,e01,c1,p15,l3,0.00
i49,e01,c1,p16,l3,0.00
i49,e01,c1,p17,l3,0.00
i49,e01,c1,p18,l3,0.00
i49,e01,c1,p19,l3,0.00
i49,e01,c1,p20,l3,0.00
i49,e01,c1,p22,l3,0.00
i49,e01,c1,p24,l3,0.00
i49,e01,c1,p25,l3,0.00
i49,e01,c1,p27,l3,0.00
i49,e01,c1,p29,l3,0.00
i49,e01,c1,p33,l3,0.00
i49,e01,c1,p35,l3,0.00
i49,e01,c4,p01,l3,0.00
i49,e01,c4,p03,l3,0.00
i49,e01,c4,p05,l3,0.00
i49,e01,c4,p07,l3,0.00
i49,e01,c4,p10,l3,0.00
i49,e01,c4,p12,l3,0.00
i49,e01,c4,p19,l3,0.00
i49,e01,c4,p33,l3,0.00
i49,e01,c4,p35,l3,0.00
i49,e03,c1,p01,l3,0.00
i49,e03,c1,p02,l3,0.00
i49,e03,c1,p03,l3,0.00
i49,e03,c1,p04,l3,0.00
i49,e03,c1,p05,l3,0.00
i49,e03,c1,p06,l3,0.00
i49,e03,c1,p07,l3,0.00
i49,e03,c1,p08,l3,0.00
i49,e03,c1,p09,l3,0.00
i49,e03,c1,p10,l3,0.00
i49,e03,c1,p11,l3,0.00
i49,e03,c1,p12,l3,0.00
i49,e03,c1,p13,l3,0.00
i49,e03,c1,p14,l3,0.00
i49,e03,c1,p15,l3,0.00
i49,e03,c1,p16,l3,0.00
i49,e03,c1,p17,l3,0.00
i49,e03,c1,p18,l3,0.00
i49,e03,c1,p19,l3,0.00
i49,e03,c1,p20,l3,0.00
i49,e03,c1,p21,l3,0.00
i49,e03,c1,p24,l3,0.00
i49,e03,c1,p25,l3,0.00
i49,e03,c1,p27,l3,0.00
i49,e03,c1,p28,l3,0.00
i49,e03,c1,p29,l3,0.00
i49,e03,c1,p32,l3,0.00
i49,e03,c1,p33,l3,0.00
i49,e03,c1,p34,l3,0.00
i49,e03,c1,p35,l3,0.00
i49,e03,c4,p01,l3,0.00
i49,e03,c4,p03,l3,0.00
i49,e03,c4,p05,l3,0.00
i49,e03,c4,p07,l3,0.00
i49,e03,c4,p10,l3,0.00
i49,e03,c4,p11,l3,0.00
i49,e03,c4,p14,l3,0.00
i49,e03,c4,p19,l3,0.00
i49,e03,c4,p21,l3,0.00
i49,e03,c4,p33,l3,0.00
i49,e03,c4,p35,l3,0.00
i49,e04,c1,p01,l1,0.00
i49,e04,c1,p01,l3,0.00
i49,e04,c1,p02,l3,0.00
i49,e04,c1,p03,l1,0.00
i49,e04,c1,p03,l3,0.00
i49,e04,c1,p04,l3,0.00
i49,e04,c1,p05,l3,0.00
i49,e04,c1,p06,l3,0.00
i49,e04,c1,p09,l1,0.00
i49,e04,c1,p09,l3,0.00
i49,e04,c1,p10,l1,0.00
i49,e04,c1,p10,l3,0.00
i49,e04,c1,p11,l3,0.00
i49,e04,c1,p12,l3,0.00
i49,e04,c1,p13,l3,0.00
i49,e04,c1,p14,l3,0.00
i49,e04,c1,p15,l1,0.00
i49,e04,c1,p15,l3,0.00
i49,e04,c1,p16,l1,0.00
i49,e04,c1,p16,l3,0.00
i49,e04,c1,p17,l1,0.00
i49,e04,c1,p17,l3,0.00
i49,e04,c1,p18,l3,0.00
i49,e04,c1,p19,l1,0.00
i49,e04,c1,p19,l3,0.00
i49,e04,c1,p20,l3,0.00
i49,e04,c1,p21,l3,0.00
i49,e04,c1,p22,l3,0.00
i49,e04,c1,p24,l3,0.00
i49,e04,c1,p25,l3,0.00
i49,e04,c1,p27,l3,0.00
i49,e04,c1,p28,l3,0.00
i49,e04,c1,p29,l3,0.00
i49,e04,c1,p30,l1,0.00
i49,e04,c1,p33,l1,0.00
i49,e04,c1,p33,l3,0.00
i49,e04,c1,p35,l1,0.00
i49,e04,c1,p35,l3,0.00
i49,e04,c4,p01,l1,0.00
i49,e04,c4,p01,l3,0.00
i49,e04,c4,p03,l3,0.00
i49,e04,c4,p05,l3,0.00
i49,e04,c4,p07,l3,0.00
i49,e04,c4,p10,l3,0.00
i49,e04,c4,p11,l3,0.00
i49,e04,c4,p12,l3,0.00
i49,e04,c4,p14,l3,0.00
i49,e04,c4,p19,l1,0.00
i49,e04,c4,p19,l3,0.00
i49,e04,c4,p33,l1,0.00
i49,e04,c4,p33,l3,0.00
i49,e04,c4,p35,l3,0.00
i49,e05,c1,p01,l1,0.00
i49,e05,c1,p01,l3,0.00
i49,e05,c1,p03,l3,0.00
i49,e05,c1,p19,l3,0.00
i49,e05,c1,p33,l1,0.00
i49,e05,c1,p33,l3,0.00
i49,e05,c1,p35,l3,0.00
i49,e06,c1,p01,l3,0.00
i49,e06,c1,p02,l3,0.00
i49,e06,c1,p03,l3,0.00
i49,e06,c1,p04,l3,0.00
i49,e06,c1,p05,l3,0.00
i49,e06,c1,p06,l3,0.00
i49,e06,c1,p07,l3,0.00
i49,e06,c1,p08,l3,0.00
i49,e06,c1,p09,l3,0.00
i49,e06,c1,p10,l3,0.00
i49,e06,c1,p11,l3,0.00
i49,e06,c1,p12,l3,0.00
i49,e06,c1,p13,l3,0.00
i49,e06,c1,p14,l3,0.00
i49,e06,c1,p15,l3,0.00
i49,e06,c1,p16,l3,0.00
i49,e06,c1,p17,l3,0.00
i49,e06,c1,p18,l3,0.00
i49,e06,c1,p19,l3,0.00
i49,e06,c1,p20,l3,0.00
i49,e06,c1,p21,l3,0.00
i49,e06,c1,p22,l3,0.00
i49,e06,c1,p23,l3,0.00
i49,e06,c1,p24,l3,0.00
i49,e06,c1,p25,l3,0.00
i49,e06,c1,p27,l3,0.00
i49,e06,c1,p28,l3,0.00
i49,e06,c1,p29,l3,0.00
i49,e06,c1,p32,l3,0.00
i49,e06,c1,p33,l3,0.00
i49,e06,c1,p34,l3,0.00
i49,e06,c1,p35,l3,0.00
i49,e06,c4,p01,l3,0.00
i49,e06,c4,p02,l3,0.00
i49,e06,c4,p03,l3,0.00
i49,e06,c4,p04,l3,0.00
i49,e06,c4,p05,l3,0.00
i49,e06,c4,p07,l3,0.00
i49,e06,c4,p10,l3,0.00
i49,e06,c4,p11,l3,0.00
i49,e06,c4,p12,l3,0.00
i49,e06,c4,p13,l3,0.00
i49,e06,c4,p14,l3,0.00
i49,e06,c4,p16,l3,0.00
i49,e06,c4,p19,l3,0.00
i49,e06,c4,p21,l3,0.00
i49,e06,c4,p33,l3,0.00
i49,e06,c4,p35,l3,0.00
i49,e07,c1,p01,l3,0.00
i49,e07,c1,p33,l3,0.00
i49,e08,c1,p01,l2,0.00
i49,e08,c1,p01,l3,0.00
i49,e08,c1,p02,l2,0.00
i49,e08,c1,p02,l3,0.00
i49,e08,c1,p03,l2,0.00
i49,e08,c1,p03,l3,0.00
i49,e08,c1,p04,l3,0.00
i49,e08,c1,p05,l3,0.00
i49,e08,c1,p06,l3,0.00
i49,e08,c1,p07,l3,0.00
i49,e08,c1,p08,l3,0.00
i49,e08,c1,p09,l2,0.00
i49,e08,c1,p09,l3,0.00
i49,e08,c1,p10,l2,0.00
i49,e08,c1,p10,l3,0.00
i49,e08,c1,p11,l2,0.00
i49,e08,c1,p11,l3,0.00
i49,e08,c1,p12,l3,0.00
i49,e08,c1,p13,l2,0.00
i49,e08,c1,p13,l3,0.00
i49,e08,c1,p14,l3,0.00
i49,e08,c1,p15,l2,0.00
i49,e08,c1,p15,l3,0.00
i49,e08,c1,p16,l2,0.00
i49,e08,c1,p16,l3,0.00
i49,e08,c1,p17,l2,0.00
i49,e08,c1,p17,l3,0.00
i49,e08,c1,p18,l3,0.00
i49,e08,c1,p19,l2,0.00
i49,e08,c1,p19,l3,0.00
i49,e08,c1,p20,l3,0.00
i49,e08,c1,p21,l2,0.00
i49,e08,c1,p21,l3,0.00
i49,e08,c1,p22,l3,0.00
i49,e08,c1,p23,l3,0.00
i49,e08,c1,p24,l3,0.00
i49,e08,c1,p25,l3,0.00
i49,e08,c1,p27,l3,0.00
i49,e08,c1,p28,l2,0.00
i49,e08,c1,p28,l3,0.00
i49,e08,c1,p29,l3,0.00
i49,e08,c1,p30,l2,0.00
i49,e08,c1,p33,l2,0.00
i49,e08,c1,p33,l3,0.00
i49,e08,c1,p34,l3,0.00
i49,e08,c1,p35,l2,0.00
i49,e08,c1,p35,l3,0.00
i49,e08,c4,p01,l2,0.00
i49,e08,c4,p01,l3,0.00
i49,e08,c4,p02,l3,0.00
i49,e08,c4,p03,l3,0.00
i49,e08,c4,p04,l3,0.00
i49,e08,c4,p05,l3,0.00
i49,e08,c4,p07,l3,0.00
i49,e08,c4,p10,l3,0.00
i49,e08,c4,p11,l3,0.00
i49,e08,c4,p12,l3,0.00
i49,e08,c4,p13,l3,0.00
i49,e08,c4,p14,l3,0.00
i49,e08,c4,p16,l3,0.00
i49,e08,c4,p19,l2,0.00
i49,e08,c4,p19,l3,0.00
i49,e08,c4,p33,l2,0.00
i49,e08,c4,p33,l3,0.00
i49,e08,c4,p35,l3,0.00
i49,e09,c1,p01,l2,0.00
i49,e09,c1,p01,l3,0.00
i49,e09,c1,p02,l3,0.00
i49,e09,c1,p03,l3,0.00
i49,e09,c1,p04,l3,0.00
i49,e09,c1,p06,l3,0.00
i49,e09,c1,p09,l2,0.00
i49,e09,c1,p10,l2,0.00
i49,e09,c1,p10,l3,0.00
i49,e09,c1,p11,l3,0.00
i49,e09,c1,p12,l3,0.00
i49,e09,c1,p13,l3,0.00
i49,e09,c1,p15,l2,0.00
i49,e09,c1,p16,l2,0.00
i49,e09,c1,p16,l3,0.00
i49,e09,c1,p17,l2,0.00
i49,e09,c1,p17,l3,0.00
i49,e09,c1,p18,l3,0.00
i49,e09,c1,p19,l2,0.00
i49,e09,c1,p19,l3,0.00
i49,e09,c1,p20,l3,0.00
i49,e09,c1,p21,l3,0.00
i49,e09,c1,p22,l3,0.00
i49,e09,c1,p24,l3,0.00
i49,e09,c1,p25,l3,0.00
i49,e09,c1,p27,l3,0.00
i49,e09,c1,p28,l3,0.00
i49,e09,c1,p29,l3,0.00
i49,e09,c1,p33,l2,0.00
i49,e09,c1,p33,l3,0.00
i49,e09,c1,p35,l2,0.00
i49,e09,c1,p35,l3,0.00
i49,e09,c4,p01,l2,0.00
i49,e09,c4,p01,l3,0.00
i49,e09,c4,p07,l3,0.00
i49,e09,c4,p10,l3,0.00
i49,e09,c4,p14,l3,0.00
i49,e09,c4,p33,l2,0.00
i49,e09,c4,p33,l3,0.00
i49,e09,c4,p35,l2,0.00
i49,e09,c4,p35,l3,0.00
i49,e10,c1,p01,l3,0.00
i49,e10,c1,p02,l3,0.00
i49,e10,c1,p03,l3,0.00
i49,e10,c1,p04,l3,0.00
i49,e10,c1,p05,l3,0.00
i49,e10,c1,p06,l3,0.00
i49,e10,c1,p07,l3,0.00
i49,e10,c1,p08,l3,0.00
i49,e10,c1,p09,l3,0.00
i49,e10,c1,p10,l3,0.00
i49,e10,c1,p11,l3,0.00
i49,e10,c1,p12,l3,0.00
i49,e10,c1,p13,l3,0.00
i49,e10,c1,p14,l3,0.00
i49,e10,c1,p15,l3,0.00
i49,e10,c1,p16,l3,0.00
i49,e10,c1,p17,l3,0.00
i49,e10,c1,p18,l3,0.00
i49,e10,c1,p19,l3,0.00
i49,e10,c1,p20,l3,0.00
i49,e10,c1,p21,l3,0.00
i49,e10,c1,p22,l3,0.00
i49,e10,c1,p23,l3,0.00
i49,e10,c1,p24,l3,0.00
i49,e10,c1,p25,l3,0.00
i49,e10,c1,p27,l3,0.00
i49,e10,c1,p28,l3,0.00
i49,e10,c1,p29,l3,0.00
i49,e10,c1,p32,l3,0.00
i49,e10,c1,p33,l3,0.00
i49,e10,c1,p34,l3,0.00
i49,e10,c1,p35,l3,0.00
i49,e10,c4,p01,l3,0.00
i49,e10,c4,p02,l3,0.00
i49,e10,c4,p03,l3,0.00
i49,e10,c4,p04,l3,0.00
i49,e10,c4,p05,l3,0.00
i49,e10,c4,p07,l3,0.00
i49,e10,c4,p10,l3,0.00
i49,e10,c4,p11,l3,0.00
i49,e10,c4,p12,l3,0.00
i49,e10,c4,p13,l3,0.00
i49,e10,c4,p14,l3,0.00
i49,e10,c4,p16,l3,0.00
i49,e10,c4,p19,l3,0.00
i49,e10,c4,p21,l3,0.00
i49,e10,c4,p33,l3,0.00
i49,e10,c4,p35,l3,0.00
i49,e11,c1,p01,l2,0.00
i49,e11,c1,p01,l3,0.00
i49,e11,c1,p03,l3,0.00
i49,e11,c1,p09,l2,0.00
i49,e11,c1,p10,l3,0.00
i49,e11,c1,p13,l2,0.00
i49,e11,c1,p13,l3,0.00
i49,e11,c1,p14,l3,0.00
i49,e11,c1,p17,l2,0.00
i49,e11,c1,p17,l3,0.00
i49,e11,c1,p18,l2,0.00
i49,e11,c1,p18,l3,0.00
i49,e11,c1,p19,l2,0.00
i49,e11,c1,p19,l3,0.00
i49,e11,c1,p20,l3,0.00
i49,e11,c1,p21,l2,0.00
i49,e11,c1,p21,l3,0.00
i49,e11,c1,p23,l3,0.00
i49,e11,c1,p29,l3,0.00
i49,e11,c1,p33,l2,0.00
i49,e11,c1,p33,l3,0.00
i49,e11,c1,p35,l2,0.00
i49,e11,c1,p35,l3,0.00
i49,e11,c4,p01,l2,0.00
i49,e11,c4,p01,l3,0.00
i49,e11,c4,p05,l3,0.00
i49,e11,c4,p33,l2,0.00
i49,e11,c4,p33,l3,0.00
i49,e11,c4,p35,l3,0.00
i49,e12,c1,p01,l3,0.00
i49,e12,c1,p33,l3,0.00
i49,e12,c1,p35,l3,0.00
i49,e12,c4,p33,l3,0.00
i50,e01,c1,p05,l3,0.00
i50,e01,c1,p06,l3,0.00
i50,e01,c1,p07,l3,0.00
i50,e01,c1,p08,l3,0.00
i50,e01,c1,p09,l3,0.00
i50,e01,c1,p10,l3,0.00
i50,e01,c1,p11,l3,0.00
i50,e01,c1,p12,l3,0.00
i50,e01,c1,p13,l3,0.00
i50,e01,c1,p14,l3,0.00
i50,e01,c1,p15,l3,0.00
i50,e01,c1,p16,l3,0.00
i50,e01,c1,p17,l3,0.00
i50,e01,c1,p18,l3,0.00
i50,e01,c1,p19,l3,0.00
i50,e01,c1,p20,l3,0.00
i50,e01,c1,p21,l3,0.00
i50,e01,c1,p22,l3,0.00
i50,e01,c1,p23,l3,0.00
i50,e01,c1,p24,l3,0.00
i50,e01,c1,p25,l3,0.00
i50,e01,c1,p26,l3,0.00
i50,e01,c1,p28,l3,0.00
i50,e01,c1,p29,l3,0.00
i50,e01,c1,p31,l3,0.00
i50,e01,c1,p32,l3,0.00
i50,e01,c1,p33,l3,0.00
i50,e01,c1,p34,l3,0.00
i50,e01,c1,p35,l3,0.00
i50,e04,c1,p03,l3,0.00
i50,e04,c1,p05,l1,0.00
i50,e04,c1,p05,l3,0.00
i50,e04,c1,p06,l1,0.00
i50,e04,c1,p06,l3,0.00
i50,e04,c1,p07,l1,0.00
i50,e04,c1,p07,l3,0.00
i50,e04,c1,p08,l1,0.00
i50,e04,c1,p08,l3,0.00
i50,e04,c1,p09,l1,0.00
i50,e04,c1,p09,l3,0.00
i50,e04,c1,p10,l1,0.00
i50,e04,c1,p10,l3,0.00
i50,e04,c1,p11,l1,0.00
i50,e04,c1,p11,l3,0.00
i50,e04,c1,p12,l1,0.00
i50,e04,c1,p12,l3,0.00
i50,e04,c1,p13,l1,0.00
i50,e04,c1,p13,l3,0.00
i50,e04,c1,p14,l1,0.00
i50,e04,c1,p14,l3,0.00
i50,e04,c1,p15,l1,0.00
i50,e04,c1,p15,l3,0.00
i50,e04,c1,p16,l1,0.00
i50,e04,c1,p16,l3,0.00
i50,e04,c1,p17,l3,0.00
i50,e04,c1,p18,l1,0.00
i50,e04,c1,p18,l3,0.00
i50,e04,c1,p19,l1,0.00
i50,e04,c1,p19,l3,0.00
i50,e04,c1,p20,l1,0.00
i50,e04,c1,p20,l3,0.00
i50,e04,c1,p21,l1,0.00
i50,e04,c1,p21,l3,0.00
i50,e04,c1,p22,l1,0.00
i50,e04,c1,p22,l3,0.00
i50,e04,c1,p23,l1,0.00
i50,e04,c1,p23,l3,0.00
i50,e04,c1,p24,l1,0.00
i50,e04,c1,p24,l3,0.00
i50,e04,c1,p25,l1,0.00
i50,e04,c1,p25,l3,0.00
i50,e04,c1,p26,l1,0.00
i50,e04,c1,p26,l3,0.00
i50,e04,c1,p28,l1,0.00
i50,e04,c1,p28,l3,0.00
i50,e04,c1,p29,l1,0.00
i50,e04,c1,p29,l3,0.00
i50,e04,c1,p31,l3,0.00
i50,e04,c1,p32,l1,0.00
i50,e04,c1,p32,l3,0.00
i50,e04,c1,p33,l3,0.00
i50,e04,c1,p34,l3,0.00
i50,e04,c1,p35,l1,0.00
i50,e04,c1,p35,l3,0.00
i50,e05,c1,p05,l3,0.00
i50,e05,c1,p06,l3,0.00
i50,e05,c1,p09,l1,0.00
i50,e05,c1,p10,l1,0.00
i50,e05,c1,p10,l3,0.00
i50,e05,c1,p15,l1,0.00
i50,e05,c1,p15,l3,0.00
i50,e05,c1,p18,l3,0.00
i50,e05,c1,p19,l1,0.00
i50,e05,c1,p23,l3,0.00
i50,e05,c1,p25,l3,0.00
i50,e05,c1,p26,l3,0.00
i50,e05,c1,p35,l1,0.00
i50,e05,c1,p35,l3,0.00
i50,e09,c1,p05,l2,0.00
i50,e09,c1,p05,l3,0.00
i50,e09,c1,p06,l2,0.00
i50,e09,c1,p06,l3,0.00
i50,e09,c1,p07,l2,0.00
i50,e09,c1,p07,l3,0.00
i50,e09,c1,p08,l2,0.00
i50,e09,c1,p08,l3,0.00
i50,e09,c1,p09,l2,0.00
i50,e09,c1,p09,l3,0.00
i50,e09,c1,p10,l2,0.00
i50,e09,c1,p10,l3,0.00
i50,e09,c1,p11,l2,0.00
i50,e09,c1,p11,l3,0.00
i50,e09,c1,p12,l2,0.00
i50,e09,c1,p12,l3,0.00
i50,e09,c1,p13,l2,0.00
i50,e09,c1,p13,l3,0.00
i50,e09,c1,p14,l2,0.00
i50,e09,c1,p14,l3,0.00
i50,e09,c1,p15,l2,0.00
i50,e09,c1,p15,l3,0.00
i50,e09,c1,p16,l2,0.00
i50,e09,c1,p16,l3,0.00
i50,e09,c1,p17,l3,0.00
i50,e09,c1,p18,l2,0.00
i50,e09,c1,p18,l3,0.00
i50,e09,c1,p19,l2,0.00
i50,e09,c1,p19,l3,0.00
i50,e09,c1,p20,l2,0.00
i50,e09,c1,p20,l3,0.00
i50,e09,c1,p21,l2,0.00
i50,e09,c1,p21,l3,0.00
i50,e09,c1,p22,l2,0.00
i50,e09,c1,p22,l3,0.00
i50,e09,c1,p23,l2,0.00
i50,e09,c1,p23,l3,0.00
i50,e09,c1,p24,l2,0.00
i50,e09,c1,p24,l3,0.00
i50,e09,c1,p25,l2,0.00
i50,e09,c1,p25,l3,0.00
i50,e09,c1,p26,l2,0.00
i50,e09,c1,p26,l3,0.00
i50,e09,c1,p28,l2,0.00
i50,e09,c1,p28,l3,0.00
i50,e09,c1,p29,l2,0.00
i50,e09,c1,p29,l3,0.00
i50,e09,c1,p31,l3,0.00
i50,e09,c1,p32,l2,0.00
i50,e09,c1,p32,l3,0.00
i50,e09,c1,p33,l3,0.00
i50,e09,c1,p34,l3,0.00
i50,e09,c1,p35,l2,0.00
i50,e09,c1,p35,l3,0.00
i50,e12,c1,p35,l3,0.00
i51,e01,c4,p35,l3,0.00
i51,e04,c4,p35,l1,0.00
i51,e04,c4,p35,l3,0.00
i51,e05,c4,p35,l3,0.00
i51,e08,c4,p35,l2,0.00
i51,e08,c4,p35,l3,0.00
i51,e09,c4,p35,l2,0.00
i51,e09,c4,p35,l3,0.00
i51,e10,c4,p35,l1,0.00
i51,e10,c4,p35,l3,0.00
i51,e11,c4,p35,l3,0.00
i52,e01,c3,p01,l3,0.00
i52,e01,c3,p10,l3,0.00
i52,e01,c3,p35,l3,0.00
i52,e01,c5,p10,l3,0.00
i52,e01,c5,p35,l3,0.00
i52,e02,c3,p10,l3,0.00
i52,e02,c3,p35,l3,0.00
i52,e02,c5,p35,l3,0.00
i52,e04,c3,p01,l3,0.00
i52,e04,c3,p10,l1,0.00
i52,e04,c3,p10,l3,0.00
i52,e04,c3,p35,l1,0.00
i52,e04,c3,p35,l3,0.00
i52,e04,c5,p10,l3,0.00
i52,e04,c5,p35,l3,0.00
i52,e05,c3,p10,l3,0.00
i52,e05,c3,p35,l3,0.00
i52,e08,c3,p01,l3,0.00
i52,e08,c3,p10,l3,0.00
i52,e08,c3,p35,l3,0.00
i52,e08,c5,p10,l3,0.00
i52,e08,c5,p35,l3,0.00
i52,e09,c3,p01,l3,0.00
i52,e09,c3,p10,l3,0.00
i52,e09,c3,p35,l2,0.00
i52,e09,c3,p35,l3,0.00
i52,e09,c5,p10,l3,0.00
i52,e09,c5,p35,l3,0.00
i52,e11,c3,p01,l3,0.00
i52,e11,c3,p10,l3,0.00
i52,e11,c3,p35,l3,0.00
i53,e01,c5,p35,l3,0.00
i53,e02,c5,p35,l3,0.00
i53,e03,c5,p35,l3,0.00
i53,e04,c5,p35,l3,0.00
i53,e05,c5,p35,l3,0.00
i53,e08,c5,p35,l3,0.00
i53,e09,c5,p35,l3,0.00
i53,e11,c5,p35,l3,0.00
i53,e12,c5,p35,l3,0.00
i53,e13,c5,p10,l3,0.00
i53,e13,c5,p35,l3,0.00
i54,e01,c1,p35,l3,0.00
i54,e01,c4,p35,l3,0.00
i54,e04,c1,p35,l3,0.00
i54,e04,c4,p35,l3,0.00
i54,e05,c1,p35,l3,0.00
i54,e09,c1,p35,l3,0.00
i54,e09,c4,p35,l3,0.00
i54,e12,c1,p35,l3,0.00
i55,e01,c3,p10,l3,0.00
i55,e01,c5,p01,l3,0.00
i55,e01,c5,p03,l3,0.00
i55,e01,c5,p06,l3,0.00
i55,e01,c5,p10,l3,0.00
i55,e01,c5,p33,l3,0.00
i55,e01,c5,p35,l3,0.00
i55,e02,c5,p03,l3,0.00
i55,e02,c5,p10,l3,0.00
i55,e02,c5,p35,l3,0.00
i55,e03,c3,p10,l3,0.00
i55,e03,c5,p01,l3,0.00
i55,e03,c5,p03,l3,0.00
i55,e03,c5,p06,l3,0.00
i55,e03,c5,p10,l3,0.00
i55,e03,c5,p19,l3,0.00
i55,e03,c5,p24,l3,0.00
i55,e03,c5,p33,l3,0.00
i55,e03,c5,p35,l3,0.00
i55,e04,c3,p10,l3,0.00
i55,e04,c5,p01,l3,0.00
i55,e04,c5,p03,l3,0.00
i55,e04,c5,p06,l3,0.00
i55,e04,c5,p10,l3,0.00
i55,e04,c5,p19,l3,0.00
i55,e04,c5,p33,l3,0.00
i55,e04,c5,p35,l3,0.00
i55,e05,c3,p10,l3,0.00
i55,e05,c5,p01,l3,0.00
i55,e05,c5,p03,l3,0.00
i55,e05,c5,p10,l3,0.00
i55,e05,c5,p24,l3,0.00
i55,e05,c5,p33,l3,0.00
i55,e05,c5,p35,l3,0.00
i55,e07,c5,p01,l3,0.00
i55,e07,c5,p06,l3,0.00
i55,e07,c5,p10,l3,0.00
i55,e07,c5,p35,l3,0.00
i55,e08,c3,p10,l3,0.00
i55,e08,c5,p01,l3,0.00
i55,e08,c5,p03,l3,0.00
i55,e08,c5,p06,l3,0.00
i55,e08,c5,p10,l3,0.00
i55,e08,c5,p19,l3,0.00
i55,e08,c5,p33,l3,0.00
i55,e08,c5,p35,l3,0.00
i55,e09,c3,p10,l3,0.00
i55,e09,c5,p01,l3,0.00
i55,e09,c5,p03,l3,0.00
i55,e09,c5,p06,l3,0.00
i55,e09,c5,p10,l3,0.00
i55,e09,c5,p33,l3,0.00
i55,e09,c5,p35,l3,0.00
i55,e12,c3,p10,l3,0.00
i55,e12,c5,p01,l3,0.00
i55,e12,c5,p03,l3,0.00
i55,e12,c5,p06,l3,0.00
i55,e12,c5,p10,l3,0.00
i55,e12,c5,p35,l3,0.00
i55,e13,c3,p10,l3,0.00
i55,e13,c5,p01,l3,0.00
i55,e13,c5,p03,l3,0.00
i55,e13,c5,p06,l3,0.00
i55,e13,c5,p10,l3,0.00
i55,e13,c5,p19,l3,0.00
i55,e13,c5,p24,l3,0.00
i55,e13,c5,p35,l3,0.00
i56,e01,c5,p10,l3,0.00
i56,e01,c5,p35,l3,0.00
i56,e02,c3,p10,l3,0.00
i56,e02,c5,p10,l3,0.00
i56,e04,c5,p01,l3,0.00
i56,e04,c5,p10,l3,0.00
i56,e04,c5,p35,l3,0.00
i56,e05,c3,p10,l3,0.00
i56,e05,c5,p01,l3,0.00
i56,e05,c5,p10,l3,0.00
i56,e05,c5,p35,l3,0.00
i56,e07,c3,p10,l3,0.00
i56,e07,c5,p10,l3,0.00
i56,e07,c5,p35,l3,0.00
i56,e08,c5,p01,l3,0.00
i56,e08,c5,p10,l3,0.00
i56,e08,c5,p16,l3,0.00
i56,e08,c5,p35,l3,0.00
i56,e09,c3,p10,l3,0.00
i56,e09,c5,p10,l3,0.00
i56,e09,c5,p35,l3,0.00
i56,e11,c3,p10,l3,0.00
i56,e11,c5,p03,l3,0.00
i56,e11,c5,p10,l3,0.00
i56,e11,c5,p35,l3,0.00
i56,e12,c5,p10,l3,0.00
i56,e12,c5,p35,l3,0.00
i57,e12,c2,p10,l3,0.00
i57,e12,c8,p01,l3,0.00
i57,e12,c8,p03,l3,0.00
i57,e12,c8,p04,l3,0.00
i57,e12,c8,p05,l3,0.00
i57,e12,c8,p07,l3,0.00
i57,e12,c8,p10,l3,0.00
i57,e12,c8,p11,l3,0.00
i57,e12,c8,p15,l3,0.00
i57,e12,c8,p16,l3,0.00
i57,e12,c8,p19,l3,0.00
i57,e12,c8,p20,l3,0.00
i57,e12,c8,p21,l3,0.00
i57,e12,c8,p22,l3,0.00
i57,e12,c8,p33,l3,0.00
i58,e01,c5,p10,l3,0.00
i58,e01,c5,p35,l3,0.00
i58,e03,c5,p10,l3,0.00
i58,e03,c5,p35,l3,0.00
i58,e04,c5,p10,l3,0.00
i58,e04,c5,p35,l3,0.00
i58,e05,c3,p35,l3,0.00
i58,e05,c5,p10,l3,0.00
i58,e05,c5,p35,l3,0.00
i58,e07,c5,p35,l3,0.00
i58,e08,c3,p35,l3,0.00
i58,e08,c5,p10,l3,0.00
i58,e08,c5,p35,l3,0.00
i58,e09,c5,p10,l3,0.00
i58,e09,c5,p35,l3,0.00
i58,e11,c5,p10,l3,0.00
i58,e11,c5,p35,l3,0.00
i58,e12,c5,p10,l3,0.00
i58,e12,c5,p35,l3,0.00
i59,e01,c3,p01,l3,0.00
i59,e01,c3,p10,l3,0.00
i59,e01,c3,p16,l3,0.00
i59,e01,c3,p21,l3,0.00
i59,e01,c3,p35,l3,0.00
i59,e01,c5,p01,l3,0.00
i59,e01,c5,p02,l3,0.00
i59,e01,c5,p03,l3,0.00
i59,e01,c5,p04,l3,0.00
i59,e01,c5,p05,l3,0.00
i59,e01,c5,p06,l3,0.00
i59,e01,c5,p07,l3,0.00
i59,e01,c5,p08,l3,0.00
i59,e01,c5,p10,l3,0.00
i59,e01,c5,p11,l3,0.00
i59,e01,c5,p12,l3,0.00
i59,e01,c5,p13,l3,0.00
i59,e01,c5,p14,l3,0.00
i59,e01,c5,p15,l3,0.00
i59,e01,c5,p16,l3,0.00
i59,e01,c5,p17,l3,0.00
i59,e01,c5,p18,l3,0.00
i59,e01,c5,p19,l3,0.00
i59,e01,c5,p20,l3,0.00
i59,e01,c5,p21,l3,0.00
i59,e01,c5,p22,l3,0.00
i59,e01,c5,p23,l3,0.00
i59,e01,c5,p24,l3,0.00
i59,e01,c5,p25,l3,0.00
i59,e01,c5,p28,l3,0.00
i59,e01,c5,p29,l3,0.00
i59,e01,c5,p32,l3,0.00
i59,e01,c5,p33,l3,0.00
i59,e01,c5,p35,l3,0.00
i59,e02,c3,p10,l3,0.00
i59,e02,c5,p01,l1,0.00
i59,e02,c5,p01,l3,0.00
i59,e02,c5,p10,l1,0.00
i59,e02,c5,p10,l3,0.00
i59,e02,c5,p12,l1,0.00
i59,e02,c5,p12,l3,0.00
i59,e02,c5,p19,l3,0.00
i59,e02,c5,p21,l3,0.00
i59,e02,c5,p35,l3,0.00
i59,e04,c3,p01,l3,0.00
i59,e04,c3,p10,l3,0.00
i59,e04,c3,p11,l3,0.00
i59,e04,c3,p35,l3,0.00
i59,e04,c5,p01,l1,0.00
i59,e04,c5,p01,l3,0.00
i59,e04,c5,p02,l3,0.00
i59,e04,c5,p03,l3,0.00
i59,e04,c5,p04,l3,0.00
i59,e04,c5,p05,l3,0.00
i59,e04,c5,p06,l1,0.00
i59,e04,c5,p06,l3,0.00
i59,e04,c5,p07,l3,0.00
i59,e04,c5,p08,l3,0.00
i59,e04,c5,p09,l3,0.00
i59,e04,c5,p10,l1,0.00
i59,e04,c5,p10,l3,0.00
i59,e04,c5,p11,l3,0.00
i59,e04,c5,p12,l1,0.00
i59,e04,c5,p12,l3,0.00
i59,e04,c5,p13,l3,0.00
i59,e04,c5,p14,l3,0.00
i59,e04,c5,p15,l1,0.00
i59,e04,c5,p15,l3,0.00
i59,e04,c5,p16,l3,0.00
i59,e04,c5,p17,l3,0.00
i59,e04,c5,p18,l3,0.00
i59,e04,c5,p19,l1,0.00
i59,e04,c5,p19,l3,0.00
i59,e04,c5,p20,l3,0.00
i59,e04,c5,p21,l1,0.00
i59,e04,c5,p21,l3,0.00
i59,e04,c5,p22,l3,0.00
i59,e04,c5,p23,l3,0.00
i59,e04,c5,p24,l3,0.00
i59,e04,c5,p25,l3,0.00
i59,e04,c5,p28,l1,0.00
i59,e04,c5,p28,l3,0.00
i59,e04,c5,p29,l3,0.00
i59,e04,c5,p30,l3,0.00
i59,e04,c5,p32,l3,0.00
i59,e04,c5,p33,l3,0.00
i59,e04,c5,p35,l1,0.00
i59,e04,c5,p35,l3,0.00
i59,e05,c3,p01,l3,0.00
i59,e05,c3,p10,l1,0.00
i59,e05,c3,p10,l3,0.00
i59,e05,c3,p35,l1,0.00
i59,e05,c3,p35,l3,0.00
i59,e05,c5,p01,l1,0.00
i59,e05,c5,p01,l3,0.00
i59,e05,c5,p02,l3,0.00
i59,e05,c5,p03,l3,0.00
i59,e05,c5,p04,l3,0.00
i59,e05,c5,p05,l3,0.00
i59,e05,c5,p06,l3,0.00
i59,e05,c5,p10,l1,0.00
i59,e05,c5,p10,l3,0.00
i59,e05,c5,p11,l3,0.00
i59,e05,c5,p12,l1,0.00
i59,e05,c5,p12,l3,0.00
i59,e05,c5,p13,l1,0.00
i59,e05,c5,p13,l3,0.00
i59,e05,c5,p15,l1,0.00
i59,e05,c5,p15,l3,0.00
i59,e05,c5,p16,l3,0.00
i59,e05,c5,p17,l3,0.00
i59,e05,c5,p19,l1,0.00
i59,e05,c5,p19,l3,0.00
i59,e05,c5,p21,l1,0.00
i59,e05,c5,p21,l3,0.00
i59,e05,c5,p23,l3,0.00
i59,e05,c5,p24,l3,0.00
i59,e05,c5,p25,l3,0.00
i59,e05,c5,p26,l1,0.00
i59,e05,c5,p28,l3,0.00
i59,e05,c5,p30,l3,0.00
i59,e05,c5,p33,l3,0.00
i59,e05,c5,p35,l1,0.00
i59,e05,c5,p35,l3,0.00
i59,e07,c3,p35,l3,0.00
i59,e07,c5,p01,l3,0.00
i59,e07,c5,p05,l3,0.00
i59,e07,c5,p06,l3,0.00
i59,e07,c5,p07,l2,0.00
i59,e07,c5,p07,l3,0.00
i59,e07,c5,p08,l3,0.00
i59,e07,c5,p10,l2,0.00
i59,e07,c5,p10,l3,0.00
i59,e07,c5,p11,l3,0.00
i59,e07,c5,p12,l2,0.00
i59,e07,c5,p12,l3,0.00
i59,e07,c5,p15,l3,0.00
i59,e07,c5,p18,l3,0.00
i59,e07,c5,p19,l3,0.00
i59,e07,c5,p21,l3,0.00
i59,e07,c5,p28,l3,0.00
i59,e07,c5,p31,l3,0.00
i59,e07,c5,p35,l3,0.00
i59,e08,c3,p10,l2,0.00
i59,e08,c3,p10,l3,0.00
i59,e08,c3,p19,l3,0.00
i59,e08,c3,p21,l3,0.00
i59,e08,c3,p35,l2,0.00
i59,e08,c3,p35,l3,0.00
i59,e08,c5,p01,l2,0.00
i59,e08,c5,p01,l3,0.00
i59,e08,c5,p02,l3,0.00
i59,e08,c5,p03,l3,0.00
i59,e08,c5,p04,l2,0.00
i59,e08,c5,p04,l3,0.00
i59,e08,c5,p05,l3,0.00
i59,e08,c5,p06,l2,0.00
i59,e08,c5,p06,l3,0.00
i59,e08,c5,p07,l2,0.00
i59,e08,c5,p07,l3,0.00
i59,e08,c5,p08,l2,0.00
i59,e08,c5,p08,l3,0.00
i59,e08,c5,p09,l3,0.00
i59,e08,c5,p10,l2,0.00
i59,e08,c5,p10,l3,0.00
i59,e08,c5,p11,l2,0.00
i59,e08,c5,p11,l3,0.00
i59,e08,c5,p12,l2,0.00
i59,e08,c5,p12,l3,0.00
i59,e08,c5,p13,l3,0.00
i59,e08,c5,p14,l2,0.00
i59,e08,c5,p14,l3,0.00
i59,e08,c5,p15,l2,0.00
i59,e08,c5,p15,l3,0.00
i59,e08,c5,p16,l2,0.00
i59,e08,c5,p16,l3,0.00
i59,e08,c5,p17,l2,0.00
i59,e08,c5,p17,l3,0.00
i59,e08,c5,p18,l3,0.00
i59,e08,c5,p19,l2,0.00
i59,e08,c5,p19,l3,0.00
i59,e08,c5,p20,l3,0.00
i59,e08,c5,p21,l2,0.00
i59,e08,c5,p21,l3,0.00
i59,e08,c5,p22,l3,0.00
i59,e08,c5,p23,l2,0.00
i59,e08,c5,p23,l3,0.00
i59,e08,c5,p24,l2,0.00
i59,e08,c5,p24,l3,0.00
i59,e08,c5,p25,l2,0.00
i59,e08,c5,p25,l3,0.00
i59,e08,c5,p26,l2,0.00
i59,e08,c5,p28,l2,0.00
i59,e08,c5,p28,l3,0.00
i59,e08,c5,p29,l3,0.00
i59,e08,c5,p30,l3,0.00
i59,e08,c5,p31,l3,0.00
i59,e08,c5,p32,l3,0.00
i59,e08,c5,p33,l3,0.00
i59,e08,c5,p35,l2,0.00
i59,e08,c5,p35,l3,0.00
i59,e09,c3,p01,l3,0.00
i59,e09,c3,p10,l3,0.00
i59,e09,c3,p35,l3,0.00
i59,e09,c5,p01,l2,0.00
i59,e09,c5,p01,l3,0.00
i59,e09,c5,p02,l3,0.00
i59,e09,c5,p03,l3,0.00
i59,e09,c5,p04,l3,0.00
i59,e09,c5,p05,l3,0.00
i59,e09,c5,p06,l3,0.00
i59,e09,c5,p07,l3,0.00
i59,e09,c5,p08,l3,0.00
i59,e09,c5,p10,l2,0.00
i59,e09,c5,p10,l3,0.00
i59,e09,c5,p11,l3,0.00
i59,e09,c5,p12,l2,0.00
i59,e09,c5,p12,l3,0.00
i59,e09,c5,p13,l3,0.00
i59,e09,c5,p14,l3,0.00
i59,e09,c5,p15,l2,0.00
i59,e09,c5,p15,l3,0.00
i59,e09,c5,p16,l3,0.00
i59,e09,c5,p17,l3,0.00
i59,e09,c5,p18,l3,0.00
i59,e09,c5,p19,l2,0.00
i59,e09,c5,p19,l3,0.00
i59,e09,c5,p21,l2,0.00
i59,e09,c5,p21,l3,0.00
i59,e09,c5,p22,l3,0.00
i59,e09,c5,p23,l3,0.00
i59,e09,c5,p24,l3,0.00
i59,e09,c5,p25,l3,0.00
i59,e09,c5,p28,l2,0.00
i59,e09,c5,p28,l3,0.00
i59,e09,c5,p29,l3,0.00
i59,e09,c5,p30,l3,0.00
i59,e09,c5,p32,l3,0.00
i59,e09,c5,p33,l3,0.00
i59,e09,c5,p35,l2,0.00
i59,e09,c5,p35,l3,0.00
i59,e11,c3,p10,l2,0.00
i59,e11,c3,p10,l3,0.00
i59,e11,c5,p01,l2,0.00
i59,e11,c5,p01,l3,0.00
i59,e11,c5,p03,l3,0.00
i59,e11,c5,p04,l3,0.00
i59,e11,c5,p05,l3,0.00
i59,e11,c5,p07,l3,0.00
i59,e11,c5,p08,l3,0.00
i59,e11,c5,p10,l2,0.00
i59,e11,c5,p10,l3,0.00
i59,e11,c5,p11,l2,0.00
i59,e11,c5,p11,l3,0.00
i59,e11,c5,p12,l2,0.00
i59,e11,c5,p12,l3,0.00
i59,e11,c5,p14,l3,0.00
i59,e11,c5,p15,l2,0.00
i59,e11,c5,p15,l3,0.00
i59,e11,c5,p16,l3,0.00
i59,e11,c5,p18,l3,0.00
i59,e11,c5,p19,l2,0.00
i59,e11,c5,p19,l3,0.00
i59,e11,c5,p21,l2,0.00
i59,e11,c5,p21,l3,0.00
i59,e11,c5,p22,l3,0.00
i59,e11,c5,p23,l3,0.00
i59,e11,c5,p25,l2,0.00
i59,e11,c5,p28,l2,0.00
i59,e11,c5,p28,l3,0.00
i59,e11,c5,p35,l2,0.00
i59,e11,c5,p35,l3,0.00
i59,e12,c3,p13,l3,0.00
i59,e12,c3,p16,l3,0.00
i59,e12,c5,p01,l3,0.00
i59,e12,c5,p03,l3,0.00
i59,e12,c5,p04,l3,0.00
i59,e12,c5,p05,l3,0.00
i59,e12,c5,p06,l3,0.00
i59,e12,c5,p07,l3,0.00
i59,e12,c5,p10,l3,0.00
i59,e12,c5,p11,l3,0.00
i59,e12,c5,p12,l3,10.29
i59,e12,c5,p13,l3,0.00
i59,e12,c5,p14,l3,0.00
i59,e12,c5,p15,l3,0.00
i59,e12,c5,p16,l3,0.00
i59,e12,c5,p19,l3,0.00
i59,e12,c5,p20,l3,0.00
i59,e12,c5,p21,l3,0.00
i59,e12,c5,p25,l3,0.00
i59,e12,c5,p26,l3,0.00
i59,e12,c5,p28,l3,0.00
i59,e12,c5,p29,l3,0.00
i59,e12,c5,p35,l3,0.00
i60,e01,c3,p10,l3,0.00
i60,e01,c5,p10,l3,0.00
i60,e01,c5,p35,l3,0.00
i60,e02,c3,p10,l3,0.00
i60,e02,c5,p10,l3,0.00
i60,e04,c3,p10,l3,0.00
i60,e04,c5,p10,l3,0.00
i60,e04,c5,p35,l3,0.00
i60,e05,c3,p10,l3,0.00
i60,e05,c5,p10,l3,0.00
i60,e05,c5,p35,l3,0.00
i60,e08,c3,p10,l3,0.00
i60,e08,c5,p10,l3,0.00
i60,e08,c5,p35,l3,0.00
i60,e09,c3,p10,l3,0.00
i60,e09,c5,p10,l3,0.00
i60,e09,c5,p35,l3,0.00
i60,e11,c3,p10,l3,0.00
i60,e11,c5,p10,l3,0.00
i61,e01,c1,p06,l3,0.00
i61,e01,c1,p12,l3,0.00
i61,e01,c1,p35,l3,0.00
i61,e01,c4,p35,l3,0.00
i61,e04,c1,p06,l3,0.00
i61,e04,c1,p12,l1,0.00
i61,e04,c1,p12,l3,0.00
i61,e04,c1,p35,l1,0.00
i61,e04,c1,p35,l3,0.00
i61,e04,c4,p35,l1,0.00
i61,e04,c4,p35,l3,0.00
i61,e05,c1,p35,l1,0.00
i61,e05,c1,p35,l3,0.00
i61,e05,c4,p35,l1,0.00
i61,e05,c4,p35,l3,0.00
i61,e06,c1,p35,l3,0.00
i61,e07,c1,p35,l2,0.00
i61,e07,c1,p35,l3,0.00
i61,e07,c4,p35,l2,0.00
i61,e07,c4,p35,l3,0.00
i61,e08,c1,p02,l3,0.00
i61,e08,c1,p05,l3,0.00
i61,e08,c1,p06,l3,0.00
i61,e08,c1,p12,l2,0.00
i61,e08,c1,p12,l3,0.00
i61,e08,c1,p21,l3,0.00
i61,e08,c1,p35,l2,0.00
i61,e08,c1,p35,l3,0.00
i61,e08,c4,p35,l2,0.00
i61,e08,c4,p35,l3,0.00
i61,e09,c1,p02,l3,0.00
i61,e09,c1,p06,l3,0.00
i61,e09,c1,p12,l3,0.00
i61,e09,c1,p35,l2,0.00
i61,e09,c1,p35,l3,0.00
i61,e09,c4,p35,l2,0.00
i61,e09,c4,p35,l3,0.00
i61,e10,c1,p35,l1,0.00
i61,e10,c1,p35,l3,0.00
i61,e10,c4,p35,l1,0.00
i61,e10,c4,p35,l3,0.00
i61,e11,c1,p35,l2,0.00
i61,e11,c1,p35,l3,0.00
i61,e11,c4,p35,l2,0.00
i61,e11,c4,p35,l3,0.00
i61,e12,c1,p35,l3,0.00
i61,e12,c4,p35,l3,0.00
i62,e01,c1,p35,l3,0.00
i62,e01,c4,p35,l3,0.00
i62,e04,c1,p35,l1,0.00
i62,e04,c1,p35,l3,0.00
i62,e04,c4,p35,l3,0.00
i62,e09,c1,p35,l2,0.00
i62,e09,c1,p35,l3,0.00
i62,e09,c4,p35,l3,0.00
i63,e01,c1,p01,l3,0.00
i63,e01,c1,p02,l3,0.00
i63,e01,c1,p03,l3,0.00
i63,e01,c1,p05,l3,0.00
i63,e01,c1,p10,l3,0.00
i63,e01,c1,p12,l3,0.00
i63,e01,c1,p24,l3,0.00
i63,e01,c1,p26,l3,0.00
i63,e01,c1,p30,l3,0.00
i63,e01,c1,p32,l3,0.00
i63,e01,c1,p35,l3,0.00
i63,e01,c4,p01,l3,0.00
i63,e01,c4,p10,l3,0.00
i63,e01,c7,p10,l3,0.00
i63,e03,c1,p01,l3,0.00
i63,e03,c1,p02,l3,0.00
i63,e03,c1,p03,l3,0.00
i63,e03,c1,p04,l3,0.00
i63,e03,c1,p05,l3,0.00
i63,e03,c1,p08,l3,0.00
i63,e03,c1,p10,l3,0.00
i63,e03,c1,p12,l3,0.00
i63,e03,c1,p15,l3,0.00
i63,e03,c1,p19,l3,0.00
i63,e03,c1,p24,l3,0.00
i63,e03,c1,p26,l3,0.00
i63,e03,c1,p28,l3,0.00
i63,e03,c1,p30,l3,0.00
i63,e03,c1,p32,l3,0.00
i63,e03,c1,p35,l3,0.00
i63,e03,c4,p01,l3,0.00
i63,e03,c4,p03,l3,0.00
i63,e03,c4,p10,l3,0.00
i63,e03,c4,p35,l3,0.00
i63,e03,c7,p01,l3,0.00
i63,e03,c7,p10,l3,0.00
i63,e03,c7,p15,l3,0.00
i63,e04,c1,p01,l3,0.00
i63,e04,c1,p02,l3,0.00
i63,e04,c1,p03,l3,0.00
i63,e04,c1,p05,l3,0.00
i63,e04,c1,p09,l3,0.00
i63,e04,c1,p10,l3,0.00
i63,e04,c1,p12,l3,0.00
i63,e04,c1,p15,l3,0.00
i63,e04,c1,p19,l3,0.00
i63,e04,c1,p26,l3,0.00
i63,e04,c1,p28,l3,0.00
i63,e04,c1,p30,l3,0.00
i63,e04,c1,p32,l3,0.00
i63,e04,c1,p35,l3,0.00
i63,e04,c4,p01,l3,0.00
i63,e04,c4,p10,l3,0.00
i63,e04,c7,p01,l3,0.00
i63,e04,c7,p10,l3,0.00
i63,e04,c7,p15,l3,0.00
i63,e05,c1,p01,l3,0.00
i63,e05,c1,p03,l3,0.00
i63,e05,c1,p10,l3,0.00
i63,e05,c1,p35,l3,0.00
i63,e05,c4,p01,l3,0.00
i63,e05,c4,p10,l3,0.00
i63,e06,c1,p01,l3,0.00
i63,e06,c1,p03,l3,0.00
i63,e06,c1,p05,l3,0.00
i63,e06,c1,p10,l3,0.00
i63,e06,c1,p12,l3,0.00
i63,e06,c1,p35,l3,0.00
i63,e06,c4,p10,l3,0.00
i63,e06,c7,p01,l3,0.00
i63,e06,c7,p10,l3,0.00
i63,e07,c1,p01,l3,0.00
i63,e07,c1,p10,l3,0.00
i63,e08,c1,p01,l3,0.00
i63,e08,c1,p02,l3,0.00
i63,e08,c1,p03,l3,0.00
i63,e08,c1,p04,l3,0.00
i63,e08,c1,p05,l3,0.00
i63,e08,c1,p06,l3,0.00
i63,e08,c1,p08,l3,0.00
i63,e08,c1,p09,l3,0.00
i63,e08,c1,p10,l3,0.00
i63,e08,c1,p12,l3,0.00
i63,e08,c1,p15,l3,0.00
i63,e08,c1,p19,l3,0.00
i63,e08,c1,p24,l3,0.00
i63,e08,c1,p26,l3,0.00
i63,e08,c1,p28,l3,0.00
i63,e08,c1,p30,l3,0.00
i63,e08,c1,p32,l3,0.00
i63,e08,c1,p35,l3,0.00
i63,e08,c4,p01,l3,0.00
i63,e08,c4,p03,l3,0.00
i63,e08,c4,p10,l3,0.00
i63,e08,c4,p35,l3,0.00
i63,e08,c7,p01,l3,0.00
i63,e08,c7,p10,l3,0.00
i63,e08,c7,p15,l3,0.00
i63,e09,c1,p01,l3,0.00
i63,e09,c1,p03,l3,0.00
i63,e09,c1,p10,l3,0.00
i63,e09,c1,p12,l3,0.00
i63,e09,c1,p24,l3,0.00
i63,e09,c1,p26,l3,0.00
i63,e09,c1,p30,l3,0.00
i63,e09,c1,p32,l3,0.00
i63,e09,c1,p35,l3,0.00
i63,e09,c4,p10,l3,0.00
i63,e09,c7,p10,l3,0.00
i63,e10,c1,p01,l1,0.00
i63,e10,c1,p01,l2,0.00
i63,e10,c1,p01,l3,0.00
i63,e10,c1,p01,l4,0.00
i63,e10,c1,p02,l3,0.00
i63,e10,c1,p02,l4,0.00
i63,e10,c1,p03,l1,0.00
i63,e10,c1,p03,l2,0.00
i63,e10,c1,p03,l3,0.00
i63,e10,c1,p03,l4,0.00
i63,e10,c1,p04,l1,0.00
i63,e10,c1,p04,l3,0.00
i63,e10,c1,p04,l4,0.00
i63,e10,c1,p05,l1,0.00
i63,e10,c1,p05,l2,0.00
i63,e10,c1,p05,l3,0.00
i63,e10,c1,p05,l4,0.00
i63,e10,c1,p06,l3,0.00
i63,e10,c1,p06,l4,0.00
i63,e10,c1,p08,l1,0.00
i63,e10,c1,p08,l2,0.00
i63,e10,c1,p08,l3,0.00
i63,e10,c1,p08,l4,0.00
i63,e10,c1,p09,l2,0.00
i63,e10,c1,p09,l3,0.00
i63,e10,c1,p09,l4,0.00
i63,e10,c1,p10,l1,0.00
i63,e10,c1,p10,l2,0.00
i63,e10,c1,p10,l3,0.00
i63,e10,c1,p10,l4,0.00
i63,e10,c1,p11,l3,0.00
i63,e10,c1,p11,l4,0.00
i63,e10,c1,p12,l1,0.00
i63,e10,c1,p12,l2,0.00
i63,e10,c1,p12,l3,0.00
i63,e10,c1,p12,l4,0.00
i63,e10,c1,p15,l3,0.00
i63,e10,c1,p15,l4,0.00
i63,e10,c1,p19,l3,0.00
i63,e10,c1,p19,l4,0.00
i63,e10,c1,p24,l3,0.00
i63,e10,c1,p24,l4,0.00
i63,e10,c1,p26,l1,0.00
i63,e10,c1,p26,l2,0.00
i63,e10,c1,p26,l3,0.00
i63,e10,c1,p26,l4,0.00
i63,e10,c1,p28,l1,0.00
i63,e10,c1,p28,l2,0.00
i63,e10,c1,p28,l3,0.00
i63,e10,c1,p28,l4,0.00
i63,e10,c1,p30,l1,0.00
i63,e10,c1,p30,l2,0.00
i63,e10,c1,p30,l3,0.00
i63,e10,c1,p30,l4,0.00
i63,e10,c1,p32,l2,0.00
i63,e10,c1,p32,l3,0.00
i63,e10,c1,p32,l4,0.00
i63,e10,c1,p35,l1,0.00
i63,e10,c1,p35,l2,0.00
i63,e10,c1,p35,l3,0.00
i63,e10,c1,p35,l4,0.00
i63,e10,c4,p01,l2,0.00
i63,e10,c4,p01,l3,0.00
i63,e10,c4,p01,l4,0.00
i63,e10,c4,p03,l2,0.00
i63,e10,c4,p03,l3,0.00
i63,e10,c4,p03,l4,0.00
i63,e10,c4,p10,l1,0.00
i63,e10,c4,p10,l2,0.00
i63,e10,c4,p10,l3,0.00
i63,e10,c4,p10,l4,0.00
i63,e10,c4,p35,l2,0.00
i63,e10,c4,p35,l3,0.00
i63,e10,c4,p35,l4,0.00
i63,e10,c7,p01,l1,0.00
i63,e10,c7,p01,l2,0.00
i63,e10,c7,p01,l3,0.00
i63,e10,c7,p01,l4,0.00
i63,e10,c7,p10,l1,0.00
i63,e10,c7,p10,l2,0.00
i63,e10,c7,p10,l3,0.00
i63,e10,c7,p10,l4,0.00
i63,e10,c7,p15,l1,0.00
i63,e10,c7,p15,l3,0.00
i63,e10,c7,p15,l4,0.00
i63,e11,c1,p01,l3,0.00
i63,e11,c1,p02,l3,0.00
i63,e11,c1,p03,l3,0.00
i63,e11,c1,p04,l3,0.00
i63,e11,c1,p05,l3,0.00
i63,e11,c1,p06,l3,0.00
i63,e11,c1,p08,l3,0.00
i63,e11,c1,p09,l3,0.00
i63,e11,c1,p10,l3,0.00
i63,e11,c1,p12,l3,0.00
i63,e11,c1,p15,l3,0.00
i63,e11,c1,p19,l3,0.00
i63,e11,c1,p24,l3,0.00
i63,e11,c1,p26,l3,0.00
i63,e11,c1,p28,l3,0.00
i63,e11,c1,p30,l3,0.00
i63,e11,c1,p32,l3,0.00
i63,e11,c1,p35,l3,0.00
i63,e11,c4,p01,l3,0.00
i63,e11,c4,p03,l3,0.00
i63,e11,c4,p10,l3,0.00
i63,e11,c4,p35,l3,0.00
i63,e11,c7,p01,l3,0.00
i63,e11,c7,p10,l3,0.00
i63,e11,c7,p15,l3,0.00
i63,e12,c1,p01,l3,0.00
i63,e12,c1,p10,l3,0.00
i63,e12,c1,p35,l3,0.00
i64,e01,c3,p01,l3,0.00
i64,e01,c3,p02,l3,0.00
i64,e01,c3,p03,l3,0.00
i64,e01,c3,p04,l3,0.00
i64,e01,c3,p05,l3,0.00
i64,e01,c3,p06,l3,0.00
i64,e01,c3,p07,l3,0.00
i64,e01,c3,p08,l3,0.00
i64,e01,c3,p09,l3,0.00
i64,e01,c3,p10,l3,0.00
i64,e01,c3,p11,l3,0.00
i64,e01,c3,p12,l3,0.00
i64,e01,c3,p13,l3,0.00
i64,e01,c3,p14,l3,0.00
i64,e01,c3,p15,l3,0.00
i64,e01,c3,p16,l3,0.00
i64,e01,c3,p17,l3,0.00
i64,e01,c3,p18,l3,0.00
i64,e01,c3,p19,l3,0.00
i64,e01,c3,p20,l3,0.00
i64,e01,c3,p21,l3,0.00
i64,e01,c3,p22,l3,0.00
i64,e01,c3,p23,l3,0.00
i64,e01,c3,p24,l3,0.00
i64,e01,c3,p28,l3,0.00
i64,e01,c3,p29,l3,0.00
i64,e01,c3,p35,l3,0.00
i64,e01,c5,p01,l3,0.00
i64,e01,c5,p03,l3,0.00
i64,e01,c5,p04,l3,0.00
i64,e01,c5,p05,l3,0.00
i64,e01,c5,p06,l3,0.00
i64,e01,c5,p10,l3,0.00
i64,e01,c5,p11,l3,0.00
i64,e01,c5,p12,l3,0.00
i64,e01,c5,p13,l3,0.00
i64,e01,c5,p14,l3,0.00
i64,e01,c5,p15,l3,0.00
i64,e01,c5,p16,l3,0.00
i64,e01,c5,p17,l3,0.00
i64,e01,c5,p18,l3,0.00
i64,e01,c5,p19,l3,0.00
i64,e01,c5,p20,l3,0.00
i64,e01,c5,p21,l3,0.00
i64,e01,c5,p22,l3,0.00
i64,e01,c5,p24,l3,0.00
i64,e01,c5,p29,l3,0.00
i64,e01,c5,p35,l3,0.00
i64,e02,c3,p02,l1,0.00
i64,e02,c3,p02,l3,0.00
i64,e02,c3,p04,l1,0.00
i64,e02,c3,p05,l3,0.00
i64,e02,c3,p07,l3,0.00
i64,e02,c3,p10,l1,0.00
i64,e02,c3,p10,l3,0.00
i64,e02,c3,p11,l3,0.00
i64,e02,c3,p12,l3,0.00
i64,e02,c3,p15,l3,0.00
i64,e02,c3,p16,l3,0.00
i64,e02,c3,p17,l3,0.00
i64,e02,c3,p19,l3,0.00
i64,e02,c3,p21,l3,0.00
i64,e02,c3,p35,l3,0.00
i64,e02,c5,p17,l3,0.00
i64,e04,c3,p01,l3,0.00
i64,e04,c3,p02,l1,0.00
i64,e04,c3,p02,l3,0.00
i64,e04,c3,p03,l1,0.00
i64,e04,c3,p03,l3,0.00
i64,e04,c3,p04,l1,0.00
i64,e04,c3,p04,l3,0.00
i64,e04,c3,p05,l1,0.00
i64,e04,c3,p05,l3,0.00
i64,e04,c3,p06,l1,0.00
i64,e04,c3,p06,l3,0.00
i64,e04,c3,p07,l1,0.00
i64,e04,c3,p07,l3,0.00
i64,e04,c3,p09,l3,0.00
i64,e04,c3,p10,l1,0.00
i64,e04,c3,p10,l3,0.00
i64,e04,c3,p11,l1,0.00
i64,e04,c3,p11,l3,0.00
i64,e04,c3,p12,l1,0.00
i64,e04,c3,p12,l3,0.00
i64,e04,c3,p13,l1,0.00
i64,e04,c3,p13,l3,0.00
i64,e04,c3,p14,l1,0.00
i64,e04,c3,p14,l3,0.00
i64,e04,c3,p15,l1,0.00
i64,e04,c3,p15,l3,0.00
i64,e04,c3,p16,l1,0.00
i64,e04,c3,p16,l3,0.00
i64,e04,c3,p17,l1,0.00
i64,e04,c3,p17,l3,0.00
i64,e04,c3,p18,l1,0.00
i64,e04,c3,p18,l3,0.00
i64,e04,c3,p19,l1,0.00
i64,e04,c3,p19,l3,0.00
i64,e04,c3,p20,l1,0.00
i64,e04,c3,p20,l3,0.00
i64,e04,c3,p21,l1,0.00
i64,e04,c3,p21,l3,0.00
i64,e04,c3,p22,l1,0.00
i64,e04,c3,p22,l3,0.00
i64,e04,c3,p23,l1,0.00
i64,e04,c3,p23,l3,0.00
i64,e04,c3,p24,l1,0.00
i64,e04,c3,p24,l3,0.00
i64,e04,c3,p28,l3,0.00
i64,e04,c3,p29,l1,0.00
i64,e04,c3,p29,l3,0.00
i64,e04,c3,p35,l1,0.00
i64,e04,c3,p35,l3,0.00
i64,e04,c5,p01,l3,0.00
i64,e04,c5,p03,l3,0.00
i64,e04,c5,p04,l3,0.00
i64,e04,c5,p05,l3,0.00
i64,e04,c5,p06,l3,0.00
i64,e04,c5,p07,l3,0.00
i64,e04,c5,p10,l1,0.00
i64,e04,c5,p10,l3,0.00
i64,e04,c5,p11,l3,0.00
i64,e04,c5,p12,l3,0.00
i64,e04,c5,p13,l1,0.00
i64,e04,c5,p13,l3,0.00
i64,e04,c5,p15,l3,0.00
i64,e04,c5,p17,l1,0.00
i64,e04,c5,p17,l3,0.00
i64,e04,c5,p18,l3,0.00
i64,e04,c5,p19,l3,0.00
i64,e04,c5,p20,l1,0.00
i64,e04,c5,p20,l3,0.00
i64,e04,c5,p21,l1,0.00
i64,e04,c5,p21,l3,0.00
i64,e04,c5,p22,l3,0.00
i64,e04,c5,p24,l3,0.00
i64,e04,c5,p29,l1,0.00
i64,e04,c5,p35,l1,0.00
i64,e04,c5,p35,l3,0.00
i64,e05,c3,p01,l3,0.00
i64,e05,c3,p02,l1,0.00
i64,e05,c3,p02,l3,0.00
i64,e05,c3,p03,l3,0.00
i64,e05,c3,p04,l1,0.00
i64,e05,c3,p04,l3,0.00
i64,e05,c3,p05,l1,0.00
i64,e05,c3,p05,l3,0.00
i64,e05,c3,p06,l1,0.00
i64,e05,c3,p06,l3,0.00
i64,e05,c3,p07,l1,0.00
i64,e05,c3,p07,l3,0.00
i64,e05,c3,p10,l1,0.00
i64,e05,c3,p10,l3,0.00
i64,e05,c3,p11,l1,0.00
i64,e05,c3,p11,l3,0.00
i64,e05,c3,p12,l1,0.00
i64,e05,c3,p12,l3,0.00
i64,e05,c3,p13,l1,0.00
i64,e05,c3,p13,l3,0.00
i64,e05,c3,p14,l3,0.00
i64,e05,c3,p15,l1,0.00
i64,e05,c3,p15,l3,0.00
i64,e05,c3,p16,l1,0.00
i64,e05,c3,p16,l3,0.00
i64,e05,c3,p17,l1,0.00
i64,e05,c3,p17,l3,0.00
i64,e05,c3,p18,l3,0.00
i64,e05,c3,p19,l1,0.00
i64,e05,c3,p19,l3,0.00
i64,e05,c3,p21,l1,0.00
i64,e05,c3,p21,l3,0.00
i64,e05,c3,p22,l1,0.00
i64,e05,c3,p22,l3,0.00
i64,e05,c3,p23,l1,0.00
i64,e05,c3,p23,l3,0.00
i64,e05,c3,p24,l3,0.00
i64,e05,c3,p28,l3,0.00
i64,e05,c3,p29,l1,0.00
i64,e05,c3,p29,l3,0.00
i64,e05,c3,p35,l1,0.00
i64,e05,c3,p35,l3,0.00
i64,e05,c5,p05,l3,0.00
i64,e05,c5,p10,l1,0.00
i64,e05,c5,p10,l3,0.00
i64,e05,c5,p11,l3,0.00
i64,e05,c5,p13,l3,0.00
i64,e05,c5,p16,l3,0.00
i64,e05,c5,p19,l3,0.00
i64,e05,c5,p20,l3,0.00
i64,e05,c5,p22,l3,0.00
i64,e05,c5,p24,l3,0.00
i64,e05,c5,p29,l3,0.00
i64,e05,c5,p35,l1,0.00
i64,e05,c5,p35,l3,0.00
i64,e08,c3,p01,l2,0.00
i64,e08,c3,p01,l3,0.00
i64,e08,c3,p02,l2,0.00
i64,e08,c3,p02,l3,0.00
i64,e08,c3,p03,l2,0.00
i64,e08,c3,p03,l3,0.00
i64,e08,c3,p04,l2,0.00
i64,e08,c3,p04,l3,0.00
i64,e08,c3,p05,l2,0.00
i64,e08,c3,p05,l3,0.00
i64,e08,c3,p06,l2,0.00
i64,e08,c3,p06,l3,0.00
i64,e08,c3,p07,l2,0.00
i64,e08,c3,p07,l3,0.00
i64,e08,c3,p09,l3,0.00
i64,e08,c3,p10,l2,0.00
i64,e08,c3,p10,l3,0.00
i64,e08,c3,p11,l2,0.00
i64,e08,c3,p11,l3,0.00
i64,e08,c3,p12,l2,0.00
i64,e08,c3,p12,l3,0.00
i64,e08,c3,p13,l2,0.00
i64,e08,c3,p13,l3,0.00
i64,e08,c3,p14,l2,0.00
i64,e08,c3,p14,l3,0.00
i64,e08,c3,p15,l2,0.00
i64,e08,c3,p15,l3,0.00
i64,e08,c3,p16,l2,0.00
i64,e08,c3,p16,l3,0.00
i64,e08,c3,p17,l2,0.00
i64,e08,c3,p17,l3,0.00
i64,e08,c3,p18,l2,0.00
i64,e08,c3,p18,l3,0.00
i64,e08,c3,p19,l2,0.00
i64,e08,c3,p19,l3,0.00
i64,e08,c3,p20,l2,0.00
i64,e08,c3,p20,l3,0.00
i64,e08,c3,p21,l2,0.00
i64,e08,c3,p21,l3,0.00
i64,e08,c3,p22,l2,0.00
i64,e08,c3,p22,l3,0.00
i64,e08,c3,p23,l2,0.00
i64,e08,c3,p23,l3,0.00
i64,e08,c3,p24,l2,0.00
i64,e08,c3,p24,l3,0.00
i64,e08,c3,p28,l3,0.00
i64,e08,c3,p29,l2,0.00
i64,e08,c3,p29,l3,0.00
i64,e08,c3,p35,l2,0.00
i64,e08,c3,p35,l3,0.00
i64,e08,c5,p01,l3,0.00
i64,e08,c5,p03,l3,0.00
i64,e08,c5,p04,l3,0.00
i64,e08,c5,p05,l2,0.00
i64,e08,c5,p05,l3,0.00
i64,e08,c5,p06,l3,0.00
i64,e08,c5,p10,l2,0.00
i64,e08,c5,p10,l3,0.00
i64,e08,c5,p11,l2,0.00
i64,e08,c5,p11,l3,0.00
i64,e08,c5,p12,l3,0.00
i64,e08,c5,p13,l3,0.00
i64,e08,c5,p15,l3,0.00
i64,e08,c5,p16,l2,0.00
i64,e08,c5,p16,l3,0.00
i64,e08,c5,p17,l2,0.00
i64,e08,c5,p17,l3,0.00
i64,e08,c5,p18,l3,0.00
i64,e08,c5,p19,l3,0.00
i64,e08,c5,p20,l3,0.00
i64,e08,c5,p21,l2,0.00
i64,e08,c5,p21,l3,0.00
i64,e08,c5,p22,l3,0.00
i64,e08,c5,p23,l2,0.00
i64,e08,c5,p23,l3,0.00
i64,e08,c5,p24,l2,0.00
i64,e08,c5,p24,l3,0.00
i64,e08,c5,p28,l3,0.00
i64,e08,c5,p35,l2,0.00
i64,e08,c5,p35,l3,0.00
i64,e09,c3,p01,l3,0.00
i64,e09,c3,p02,l2,0.00
i64,e09,c3,p02,l3,0.00
i64,e09,c3,p03,l2,0.00
i64,e09,c3,p03,l3,0.00
i64,e09,c3,p04,l2,0.00
i64,e09,c3,p04,l3,0.00
i64,e09,c3,p05,l2,0.00
i64,e09,c3,p05,l3,0.00
i64,e09,c3,p06,l2,0.00
i64,e09,c3,p06,l3,0.00
i64,e09,c3,p07,l2,0.00
i64,e09,c3,p07,l3,0.00
i64,e09,c3,p08,l3,0.00
i64,e09,c3,p09,l3,0.00
i64,e09,c3,p10,l2,0.00
i64,e09,c3,p10,l3,0.00
i64,e09,c3,p11,l2,0.00
i64,e09,c3,p11,l3,0.00
i64,e09,c3,p12,l2,0.00
i64,e09,c3,p12,l3,0.00
i64,e09,c3,p13,l2,0.00
i64,e09,c3,p13,l3,0.00
i64,e09,c3,p14,l2,0.00
i64,e09,c3,p14,l3,0.00
i64,e09,c3,p15,l2,0.00
i64,e09,c3,p15,l3,0.00
i64,e09,c3,p16,l2,0.00
i64,e09,c3,p16,l3,0.00
i64,e09,c3,p17,l2,0.00
i64,e09,c3,p17,l3,0.00
i64,e09,c3,p18,l2,0.00
i64,e09,c3,p18,l3,0.00
i64,e09,c3,p19,l2,0.00
i64,e09,c3,p19,l3,0.00
i64,e09,c3,p20,l2,0.00
i64,e09,c3,p20,l3,0.00
i64,e09,c3,p21,l2,0.00
i64,e09,c3,p21,l3,0.00
i64,e09,c3,p22,l3,0.00
i64,e09,c3,p23,l2,0.00
i64,e09,c3,p23,l3,0.00
i64,e09,c3,p24,l2,0.00
i64,e09,c3,p24,l3,0.00
i64,e09,c3,p28,l3,0.00
i64,e09,c3,p29,l3,0.00
i64,e09,c3,p35,l2,0.00
i64,e09,c3,p35,l3,0.00
i64,e09,c5,p01,l3,0.00
i64,e09,c5,p03,l3,0.00
i64,e09,c5,p05,l2,0.00
i64,e09,c5,p05,l3,0.00
i64,e09,c5,p07,l3,0.00
i64,e09,c5,p10,l2,0.00
i64,e09,c5,p10,l3,0.00
i64,e09,c5,p11,l3,0.00
i64,e09,c5,p12,l3,0.00
i64,e09,c5,p15,l3,0.00
i64,e09,c5,p16,l2,0.00
i64,e09,c5,p16,l3,0.00
i64,e09,c5,p17,l2,0.00
i64,e09,c5,p17,l3,0.00
i64,e09,c5,p18,l3,0.00
i64,e09,c5,p19,l3,0.00
i64,e09,c5,p20,l3,0.00
i64,e09,c5,p21,l3,0.00
i64,e09,c5,p24,l2,0.00
i64,e09,c5,p24,l3,0.00
i64,e09,c5,p28,l3,0.00
i64,e09,c5,p35,l2,0.00
i64,e09,c5,p35,l3,0.00
i64,e10,c3,p05,l1,0.00
i64,e10,c3,p06,l1,0.00
i64,e10,c3,p07,l1,0.00
i64,e10,c3,p10,l1,0.00
i64,e10,c3,p10,l3,0.00
i64,e10,c3,p11,l1,0.00
i64,e10,c3,p15,l1,0.00
i64,e10,c3,p19,l1,0.00
i64,e10,c3,p21,l1,0.00
i64,e10,c3,p35,l1,0.00
i64,e10,c5,p03,l1,0.00
i64,e10,c5,p06,l1,0.00
i64,e10,c5,p10,l1,0.00
i64,e10,c5,p11,l1,0.00
i64,e10,c5,p17,l1,0.00
i64,e10,c5,p19,l1,0.00
i64,e10,c5,p35,l1,0.00
i64,e11,c3,p04,l3,0.00
i64,e11,c3,p05,l3,0.00
i64,e11,c3,p07,l3,0.00
i64,e11,c3,p10,l3,0.00
i64,e11,c3,p12,l3,0.00
i64,e11,c3,p15,l3,0.00
i64,e11,c3,p17,l3,0.00
i64,e11,c3,p18,l3,0.00
i64,e11,c3,p19,l3,0.00
i64,e11,c3,p21,l3,0.00
i64,e11,c3,p35,l2,0.00
i64,e11,c3,p35,l3,0.00
i64,e11,c5,p01,l3,0.00
i64,e11,c5,p10,l3,0.00
i64,e11,c5,p11,l3,0.00
i64,e11,c5,p21,l3,0.00
i64,e11,c5,p35,l3,0.00
i65,e01,c3,p03,l3,0.00
i65,e01,c3,p10,l3,0.00
i65,e01,c3,p35,l3,0.00
i65,e01,c5,p10,l3,0.00
i65,e02,c3,p10,l3,0.00
i65,e02,c5,p35,l3,0.00
i65,e04,c3,p01,l3,0.00
i65,e04,c3,p03,l3,0.00
i65,e04,c3,p10,l1,0.00
i65,e04,c3,p10,l3,0.00
i65,e04,c3,p17,l3,0.00
i65,e04,c3,p35,l1,0.00
i65,e04,c3,p35,l3,0.00
i65,e04,c5,p10,l3,0.00
i65,e04,c5,p24,l3,0.00
i65,e05,c3,p10,l1,0.00
i65,e05,c3,p10,l3,0.00
i65,e05,c3,p35,l3,0.00
i65,e05,c5,p10,l3,0.00
i65,e05,c5,p35,l3,0.00
i65,e08,c3,p01,l2,0.00
i65,e08,c3,p01,l3,0.00
i65,e08,c3,p03,l3,0.00
i65,e08,c3,p10,l2,0.00
i65,e08,c3,p10,l3,0.00
i65,e08,c3,p17,l3,0.00
i65,e08,c3,p35,l2,0.00
i65,e08,c3,p35,l3,0.00
i65,e08,c5,p10,l3,0.00
i65,e08,c5,p35,l3,0.00
i65,e09,c3,p10,l2,0.00
i65,e09,c3,p10,l3,0.00
i65,e09,c3,p35,l2,0.00
i65,e09,c3,p35,l3,0.00
i65,e09,c5,p10,l3,0.00
i65,e11,c3,p10,l3,0.00
i65,e11,c3,p35,l3,0.00
i65,e11,c5,p10,l3,0.00
i65,e11,c5,p24,l3,0.00
i66,e01,c3,p01,l3,0.00
i66,e01,c3,p02,l3,0.00
i66,e01,c3,p03,l3,0.00
i66,e01,c3,p04,l3,0.00
i66,e01,c3,p05,l3,0.00
i66,e01,c3,p06,l3,0.00
i66,e01,c3,p07,l3,0.00
i66,e01,c3,p08,l3,0.00
i66,e01,c3,p09,l3,0.00
i66,e01,c3,p10,l3,0.00
i66,e01,c3,p11,l3,0.00
i66,e01,c3,p12,l3,0.00
i66,e01,c3,p13,l3,0.00
i66,e01,c3,p14,l3,0.00
i66,e01,c3,p15,l3,0.00
i66,e01,c3,p16,l3,0.00
i66,e01,c3,p17,l3,0.00
i66,e01,c3,p18,l3,0.00
i66,e01,c3,p19,l3,0.00
i66,e01,c3,p20,l3,0.00
i66,e01,c3,p21,l3,0.00
i66,e01,c3,p22,l3,0.00
i66,e01,c3,p23,l3,0.00
i66,e01,c3,p24,l3,0.00
i66,e01,c3,p25,l3,0.00
i66,e01,c3,p26,l3,0.00
i66,e01,c3,p28,l3,0.00
i66,e01,c3,p29,l3,0.00
i66,e01,c3,p31,l3,0.00
i66,e01,c3,p32,l3,0.00
i66,e01,c3,p35,l3,0.00
i66,e04,c3,p01,l3,0.00
i66,e04,c3,p02,l3,0.00
i66,e04,c3,p03,l3,0.00
i66,e04,c3,p04,l3,0.00
i66,e04,c3,p05,l3,0.00
i66,e04,c3,p06,l3,0.00
i66,e04,c3,p07,l3,0.00
i66,e04,c3,p08,l3,0.00
i66,e04,c3,p09,l3,0.00
i66,e04,c3,p10,l3,0.00
i66,e04,c3,p11,l3,0.00
i66,e04,c3,p12,l3,0.00
i66,e04,c3,p13,l3,0.00
i66,e04,c3,p14,l3,0.00
i66,e04,c3,p15,l3,0.00
i66,e04,c3,p16,l3,0.00
i66,e04,c3,p17,l3,0.00
i66,e04,c3,p18,l3,0.00
i66,e04,c3,p19,l3,0.00
i66,e04,c3,p20,l3,0.00
i66,e04,c3,p21,l3,0.00
i66,e04,c3,p22,l3,0.00
i66,e04,c3,p23,l3,0.00
i66,e04,c3,p24,l3,0.00
i66,e04,c3,p25,l3,0.00
i66,e04,c3,p26,l3,0.00
i66,e04,c3,p28,l3,0.00
i66,e04,c3,p29,l3,0.00
i66,e04,c3,p31,l3,0.00
i66,e04,c3,p32,l3,0.00
i66,e04,c3,p35,l3,0.00
i66,e09,c3,p01,l3,0.00
i66,e09,c3,p02,l3,0.00
i66,e09,c3,p03,l3,0.00
i66,e09,c3,p04,l3,0.00
i66,e09,c3,p05,l3,0.00
i66,e09,c3,p06,l3,0.00
i66,e09,c3,p07,l3,0.00
i66,e09,c3,p08,l3,0.00
i66,e09,c3,p09,l3,0.00
i66,e09,c3,p10,l3,0.00
i66,e09,c3,p11,l3,0.00
i66,e09,c3,p12,l3,0.00
i66,e09,c3,p13,l3,0.00
i66,e09,c3,p14,l3,0.00
i66,e09,c3,p15,l3,0.00
i66,e09,c3,p16,l3,0.00
i66,e09,c3,p17,l3,0.00
i66,e09,c3,p18,l3,0.00
i66,e09,c3,p19,l3,0.00
i66,e09,c3,p20,l3,0.00
i66,e09,c3,p21,l3,0.00
i66,e09,c3,p22,l3,0.00
i66,e09,c3,p23,l3,0.00
i66,e09,c3,p24,l3,0.00
i66,e09,c3,p25,l3,0.00
i66,e09,c3,p26,l3,0.00
i66,e09,c3,p28,l3,0.00
i66,e09,c3,p29,l3,0.00
i66,e09,c3,p32,l3,0.00
i66,e09,c3,p35,l3,0.00
i67,e01,c3,p04,l3,0.00
i67,e01,c3,p05,l3,0.00
i67,e01,c3,p10,l3,0.00
i67,e01,c3,p11,l3,0.00
i67,e01,c3,p12,l3,0.00
i67,e01,c3,p15,l3,0.00
i67,e01,c3,p16,l3,0.00
i67,e01,c3,p19,l3,0.00
i67,e01,c3,p21,l3,0.00
i67,e01,c3,p23,l3,0.00
i67,e01,c3,p29,l3,0.00
i67,e01,c3,p35,l3,0.00
i67,e01,c5,p01,l3,0.00
i67,e01,c5,p02,l3,0.00
i67,e01,c5,p03,l3,0.00
i67,e01,c5,p04,l3,0.00
i67,e01,c5,p05,l3,0.00
i67,e01,c5,p06,l3,0.00
i67,e01,c5,p07,l3,0.00
i67,e01,c5,p08,l3,0.00
i67,e01,c5,p09,l3,0.00
i67,e01,c5,p10,l3,0.00
i67,e01,c5,p11,l3,0.00
i67,e01,c5,p12,l3,0.00
i67,e01,c5,p13,l3,0.00
i67,e01,c5,p14,l3,0.00
i67,e01,c5,p15,l3,0.00
i67,e01,c5,p16,l3,0.00
i67,e01,c5,p17,l3,0.00
i67,e01,c5,p18,l3,0.00
i67,e01,c5,p19,l3,0.00
i67,e01,c5,p20,l3,0.00
i67,e01,c5,p21,l3,0.00
i67,e01,c5,p22,l3,0.00
i67,e01,c5,p23,l3,0.00
i67,e01,c5,p24,l3,0.00
i67,e01,c5,p26,l3,0.00
i67,e01,c5,p28,l3,0.00
i67,e01,c5,p29,l3,0.00
i67,e01,c5,p32,l3,0.00
i67,e01,c5,p33,l3,0.00
i67,e01,c5,p35,l3,0.00
i67,e02,c3,p11,l3,0.00
i67,e02,c3,p19,l3,0.00
i67,e02,c5,p01,l3,0.00
i67,e02,c5,p02,l3,0.00
i67,e02,c5,p04,l3,0.00
i67,e02,c5,p05,l1,0.00
i67,e02,c5,p05,l3,0.00
i67,e02,c5,p06,l3,0.00
i67,e02,c5,p07,l3,0.00
i67,e02,c5,p10,l3,0.00
i67,e02,c5,p11,l3,0.00
i67,e02,c5,p12,l3,0.00
i67,e02,c5,p14,l1,0.00
i67,e02,c5,p14,l3,0.00
i67,e02,c5,p15,l3,0.00
i67,e02,c5,p16,l3,0.00
i67,e02,c5,p17,l3,0.00
i67,e02,c5,p18,l3,0.00
i67,e02,c5,p19,l1,0.00
i67,e02,c5,p19,l3,0.00
i67,e02,c5,p21,l3,0.00
i67,e02,c5,p22,l1,0.00
i67,e02,c5,p24,l3,0.00
i67,e02,c5,p28,l3,0.00
i67,e02,c5,p29,l3,0.00
i67,e02,c5,p35,l3,0.00
i67,e03,c5,p35,l3,0.00
i67,e04,c3,p05,l3,0.00
i67,e04,c3,p10,l1,0.00
i67,e04,c3,p10,l3,0.00
i67,e04,c3,p11,l3,0.00
i67,e04,c3,p12,l3,0.00
i67,e04,c3,p15,l3,0.00
i67,e04,c3,p16,l3,0.00
i67,e04,c3,p19,l1,0.00
i67,e04,c3,p19,l3,0.00
i67,e04,c3,p21,l3,0.00
i67,e04,c3,p23,l1,0.00
i67,e04,c3,p23,l3,0.00
i67,e04,c3,p29,l1,0.00
i67,e04,c3,p29,l3,0.00
i67,e04,c3,p35,l3,0.00
i67,e04,c5,p01,l1,0.00
i67,e04,c5,p01,l3,0.00
i67,e04,c5,p02,l1,0.00
i67,e04,c5,p02,l3,0.00
i67,e04,c5,p03,l1,0.00
i67,e04,c5,p03,l3,0.00
i67,e04,c5,p04,l1,0.00
i67,e04,c5,p04,l3,0.00
i67,e04,c5,p05,l1,0.00
i67,e04,c5,p05,l3,0.00
i67,e04,c5,p06,l1,0.00
i67,e04,c5,p06,l3,0.00
i67,e04,c5,p07,l1,0.00
i67,e04,c5,p07,l3,0.00
i67,e04,c5,p08,l1,0.00
i67,e04,c5,p08,l3,0.00
i67,e04,c5,p09,l1,0.00
i67,e04,c5,p09,l3,0.00
i67,e04,c5,p10,l1,0.00
i67,e04,c5,p10,l3,0.00
i67,e04,c5,p11,l1,0.00
i67,e04,c5,p11,l3,0.00
i67,e04,c5,p12,l1,0.00
i67,e04,c5,p12,l3,0.00
i67,e04,c5,p13,l1,0.00
i67,e04,c5,p13,l3,0.00
i67,e04,c5,p14,l1,0.00
i67,e04,c5,p14,l3,0.00
i67,e04,c5,p15,l1,0.00
i67,e04,c5,p15,l3,0.00
i67,e04,c5,p16,l1,0.00
i67,e04,c5,p16,l3,0.00
i67,e04,c5,p17,l1,0.00
i67,e04,c5,p17,l3,0.00
i67,e04,c5,p18,l1,0.00
i67,e04,c5,p18,l3,0.00
i67,e04,c5,p19,l1,0.00
i67,e04,c5,p19,l3,0.00
i67,e04,c5,p20,l1,0.00
i67,e04,c5,p20,l3,0.00
i67,e04,c5,p21,l1,0.00
i67,e04,c5,p21,l3,0.00
i67,e04,c5,p22,l1,0.00
i67,e04,c5,p22,l3,0.00
i67,e04,c5,p23,l1,0.00
i67,e04,c5,p23,l3,0.00
i67,e04,c5,p24,l1,0.00
i67,e04,c5,p24,l3,0.00
i67,e04,c5,p25,l3,0.00
i67,e04,c5,p28,l1,0.00
i67,e04,c5,p28,l3,0.00
i67,e04,c5,p29,l1,0.00
i67,e04,c5,p29,l3,0.00
i67,e04,c5,p32,l3,0.00
i67,e04,c5,p33,l3,0.00
i67,e04,c5,p35,l1,0.00
i67,e04,c5,p35,l3,0.00
i67,e05,c5,p01,l1,0.00
i67,e05,c5,p01,l3,0.00
i67,e05,c5,p02,l1,0.00
i67,e05,c5,p02,l3,0.00
i67,e05,c5,p03,l3,0.00
i67,e05,c5,p04,l1,0.00
i67,e05,c5,p04,l3,0.00
i67,e05,c5,p05,l1,0.00
i67,e05,c5,p05,l3,0.00
i67,e05,c5,p06,l1,0.00
i67,e05,c5,p06,l3,0.00
i67,e05,c5,p07,l1,0.00
i67,e05,c5,p07,l3,0.00
i67,e05,c5,p08,l1,0.00
i67,e05,c5,p08,l3,0.00
i67,e05,c5,p09,l3,0.00
i67,e05,c5,p10,l1,0.00
i67,e05,c5,p10,l3,0.00
i67,e05,c5,p11,l1,0.00
i67,e05,c5,p11,l3,0.00
i67,e05,c5,p12,l1,0.00
i67,e05,c5,p12,l3,0.00
i67,e05,c5,p13,l1,0.00
i67,e05,c5,p13,l3,0.00
i67,e05,c5,p14,l1,0.00
i67,e05,c5,p14,l3,0.00
i67,e05,c5,p15,l1,0.00
i67,e05,c5,p15,l3,0.00
i67,e05,c5,p16,l1,0.00
i67,e05,c5,p16,l3,0.00
i67,e05,c5,p17,l3,0.00
i67,e05,c5,p18,l1,0.00
i67,e05,c5,p18,l3,0.00
i67,e05,c5,p19,l1,0.00
i67,e05,c5,p19,l3,0.00
i67,e05,c5,p21,l1,0.00
i67,e05,c5,p21,l3,0.00
i67,e05,c5,p22,l1,0.00
i67,e05,c5,p22,l3,0.00
i67,e05,c5,p23,l1,0.00
i67,e05,c5,p24,l1,0.00
i67,e05,c5,p24,l3,0.00
i67,e05,c5,p28,l3,0.00
i67,e05,c5,p29,l3,0.00
i67,e05,c5,p35,l3,0.00
i67,e07,c5,p07,l3,0.00
i67,e08,c3,p05,l3,0.00
i67,e08,c3,p10,l2,0.00
i67,e08,c3,p10,l3,0.00
i67,e08,c3,p11,l3,0.00
i67,e08,c3,p12,l3,0.00
i67,e08,c3,p15,l3,0.00
i67,e08,c3,p19,l2,0.00
i67,e08,c3,p19,l3,0.00
i67,e08,c3,p21,l3,0.00
i67,e08,c3,p23,l3,0.00
i67,e08,c3,p24,l3,0.00
i67,e08,c3,p29,l3,0.00
i67,e08,c5,p01,l2,0.00
i67,e08,c5,p01,l3,0.00
i67,e08,c5,p02,l2,0.00
i67,e08,c5,p02,l3,0.00
i67,e08,c5,p03,l2,0.00
i67,e08,c5,p03,l3,0.00
i67,e08,c5,p04,l2,0.00
i67,e08,c5,p04,l3,0.00
i67,e08,c5,p05,l2,0.00
i67,e08,c5,p05,l3,0.00
i67,e08,c5,p06,l2,0.00
i67,e08,c5,p06,l3,0.00
i67,e08,c5,p07,l2,0.00
i67,e08,c5,p07,l3,0.00
i67,e08,c5,p08,l2,0.00
i67,e08,c5,p08,l3,0.00
i67,e08,c5,p09,l2,0.00
i67,e08,c5,p09,l3,0.00
i67,e08,c5,p10,l2,0.00
i67,e08,c5,p10,l3,0.00
i67,e08,c5,p11,l2,0.00
i67,e08,c5,p11,l3,0.00
i67,e08,c5,p12,l2,0.00
i67,e08,c5,p12,l3,0.00
i67,e08,c5,p13,l2,0.00
i67,e08,c5,p13,l3,0.00
i67,e08,c5,p14,l2,0.00
i67,e08,c5,p14,l3,0.00
i67,e08,c5,p15,l2,0.00
i67,e08,c5,p15,l3,0.00
i67,e08,c5,p16,l2,0.00
i67,e08,c5,p16,l3,0.00
i67,e08,c5,p17,l2,0.00
i67,e08,c5,p17,l3,0.00
i67,e08,c5,p18,l2,0.00
i67,e08,c5,p18,l3,0.00
i67,e08,c5,p19,l2,0.00
i67,e08,c5,p19,l3,0.00
i67,e08,c5,p20,l2,0.00
i67,e08,c5,p20,l3,0.00
i67,e08,c5,p21,l2,0.00
i67,e08,c5,p21,l3,0.00
i67,e08,c5,p22,l2,0.00
i67,e08,c5,p22,l3,0.00
i67,e08,c5,p23,l2,0.00
i67,e08,c5,p23,l3,0.00
i67,e08,c5,p24,l2,0.00
i67,e08,c5,p24,l3,0.00
i67,e08,c5,p25,l3,0.00
i67,e08,c5,p26,l3,0.00
i67,e08,c5,p28,l2,0.00
i67,e08,c5,p28,l3,0.00
i67,e08,c5,p29,l2,0.00
i67,e08,c5,p29,l3,0.00
i67,e08,c5,p32,l3,0.00
i67,e08,c5,p35,l2,0.00
i67,e08,c5,p35,l3,0.00
i67,e09,c3,p01,l3,0.00
i67,e09,c3,p05,l3,0.00
i67,e09,c3,p10,l3,0.00
i67,e09,c3,p11,l3,0.00
i67,e09,c3,p12,l3,0.00
i67,e09,c3,p15,l3,0.00
i67,e09,c3,p19,l2,0.00
i67,e09,c3,p19,l3,0.00
i67,e09,c3,p21,l3,0.00
i67,e09,c3,p29,l2,0.00
i67,e09,c3,p29,l3,0.00
i67,e09,c3,p35,l3,0.00
i67,e09,c5,p01,l2,0.00
i67,e09,c5,p01,l3,0.00
i67,e09,c5,p02,l2,0.00
i67,e09,c5,p02,l3,0.00
i67,e09,c5,p03,l2,0.00
i67,e09,c5,p03,l3,0.00
i67,e09,c5,p04,l2,0.00
i67,e09,c5,p04,l3,0.00
i67,e09,c5,p05,l2,0.00
i67,e09,c5,p05,l3,0.00
i67,e09,c5,p06,l2,0.00
i67,e09,c5,p06,l3,0.00
i67,e09,c5,p07,l2,0.00
i67,e09,c5,p07,l3,0.00
i67,e09,c5,p08,l2,0.00
i67,e09,c5,p08,l3,0.00
i67,e09,c5,p09,l2,0.00
i67,e09,c5,p09,l3,0.00
i67,e09,c5,p10,l2,0.00
i67,e09,c5,p10,l3,0.00
i67,e09,c5,p11,l2,0.00
i67,e09,c5,p11,l3,0.00
i67,e09,c5,p12,l2,0.00
i67,e09,c5,p12,l3,0.00
i67,e09,c5,p13,l2,0.00
i67,e09,c5,p13,l3,0.00
i67,e09,c5,p14,l2,0.00
i67,e09,c5,p14,l3,0.00
i67,e09,c5,p15,l2,0.00
i67,e09,c5,p15,l3,0.00
i67,e09,c5,p16,l2,0.00
i67,e09,c5,p16,l3,0.00
i67,e09,c5,p17,l2,0.00
i67,e09,c5,p17,l3,0.00
i67,e09,c5,p18,l2,0.00
i67,e09,c5,p18,l3,0.00
i67,e09,c5,p19,l2,0.00
i67,e09,c5,p19,l3,0.00
i67,e09,c5,p20,l2,0.00
i67,e09,c5,p20,l3,0.00
i67,e09,c5,p21,l2,0.00
i67,e09,c5,p21,l3,0.00
i67,e09,c5,p22,l2,0.00
i67,e09,c5,p22,l3,0.00
i67,e09,c5,p23,l2,0.00
i67,e09,c5,p23,l3,0.00
i67,e09,c5,p24,l2,0.00
i67,e09,c5,p24,l3,0.00
i67,e09,c5,p25,l3,0.00
i67,e09,c5,p26,l3,0.00
i67,e09,c5,p28,l2,0.00
i67,e09,c5,p28,l3,0.00
i67,e09,c5,p29,l2,0.00
i67,e09,c5,p29,l3,0.00
i67,e09,c5,p32,l3,0.00
i67,e09,c5,p35,l2,0.00
i67,e09,c5,p35,l3,0.00
i67,e10,c3,p01,l1,0.00
i67,e10,c3,p01,l3,0.00
i67,e10,c3,p05,l1,0.00
i67,e10,c3,p05,l3,0.00
i67,e10,c3,p10,l1,0.00
i67,e10,c3,p10,l3,0.00
i67,e10,c3,p11,l3,0.00
i67,e10,c3,p12,l3,0.00
i67,e10,c3,p15,l1,0.00
i67,e10,c3,p15,l3,0.00
i67,e10,c3,p16,l1,0.00
i67,e10,c3,p16,l3,0.00
i67,e10,c3,p19,l1,0.00
i67,e10,c3,p19,l3,0.00
i67,e10,c3,p21,l1,0.00
i67,e10,c3,p21,l3,0.00
i67,e10,c3,p23,l3,0.00
i67,e10,c3,p24,l3,0.00
i67,e10,c3,p29,l3,0.00
i67,e10,c3,p35,l1,0.00
i67,e10,c3,p35,l3,0.00
i67,e10,c5,p01,l1,0.00
i67,e10,c5,p01,l3,0.00
i67,e10,c5,p02,l1,0.00
i67,e10,c5,p02,l3,0.00
i67,e10,c5,p03,l1,0.00
i67,e10,c5,p03,l3,0.00
i67,e10,c5,p04,l1,0.00
i67,e10,c5,p04,l3,0.00
i67,e10,c5,p05,l1,0.00
i67,e10,c5,p05,l3,0.00
i67,e10,c5,p06,l1,0.00
i67,e10,c5,p06,l3,0.00
i67,e10,c5,p07,l1,0.00
i67,e10,c5,p07,l3,0.00
i67,e10,c5,p08,l1,0.00
i67,e10,c5,p08,l3,0.00
i67,e10,c5,p09,l1,0.00
i67,e10,c5,p09,l3,0.00
i67,e10,c5,p10,l1,0.00
i67,e10,c5,p10,l3,3.06
i67,e10,c5,p11,l1,0.00
i67,e10,c5,p11,l3,0.00
i67,e10,c5,p12,l1,0.00
i67,e10,c5,p12,l3,0.00
i67,e10,c5,p13,l1,0.00
i67,e10,c5,p13,l3,0.00
i67,e10,c5,p14,l1,0.00
i67,e10,c5,p14,l3,0.00
i67,e10,c5,p15,l1,0.00
i67,e10,c5,p15,l3,0.00
i67,e10,c5,p16,l1,0.00
i67,e10,c5,p16,l3,2.69
i67,e10,c5,p17,l1,0.00
i67,e10,c5,p17,l3,0.00
i67,e10,c5,p18,l1,0.00
i67,e10,c5,p18,l3,0.00
i67,e10,c5,p19,l1,0.00
i67,e10,c5,p19,l3,0.00
i67,e10,c5,p20,l1,0.00
i67,e10,c5,p20,l3,0.00
i67,e10,c5,p21,l1,0.00
i67,e10,c5,p21,l3,0.00
i67,e10,c5,p22,l1,0.00
i67,e10,c5,p22,l3,0.00
i67,e10,c5,p23,l1,0.00
i67,e10,c5,p23,l3,0.00
i67,e10,c5,p24,l1,0.00
i67,e10,c5,p24,l3,0.00
i67,e10,c5,p25,l3,0.00
i67,e10,c5,p26,l1,0.00
i67,e10,c5,p26,l3,0.00
i67,e10,c5,p28,l1,0.00
i67,e10,c5,p28,l3,0.00
i67,e10,c5,p29,l1,0.00
i67,e10,c5,p29,l3,0.00
i67,e10,c5,p31,l1,0.00
i67,e10,c5,p31,l3,0.00
i67,e10,c5,p32,l3,0.00
i67,e10,c5,p33,l3,0.00
i67,e10,c5,p35,l1,0.00
i67,e10,c5,p35,l3,0.00
i67,e11,c5,p01,l3,0.00
i67,e11,c5,p05,l3,0.00
i67,e11,c5,p10,l2,0.00
i67,e11,c5,p10,l3,0.00
i67,e11,c5,p11,l3,0.00
i67,e11,c5,p12,l3,0.00
i67,e11,c5,p15,l3,0.00
i67,e11,c5,p19,l3,0.00
i67,e11,c5,p21,l3,0.00
i67,e11,c5,p35,l2,0.00
i67,e11,c5,p35,l3,0.00
i67,e12,c5,p01,l3,0.00
i67,e12,c5,p02,l3,0.00
i67,e12,c5,p03,l3,0.00
i67,e12,c5,p05,l3,0.00
i67,e12,c5,p08,l3,0.00
i67,e12,c5,p10,l3,0.00
i67,e12,c5,p11,l3,0.00
i67,e12,c5,p13,l3,0.00
i67,e12,c5,p14,l3,0.00
i67,e12,c5,p15,l3,0.00
i67,e12,c5,p17,l3,0.00
i67,e12,c5,p18,l3,0.00
i67,e12,c5,p19,l3,0.00
i67,e12,c5,p20,l3,0.00
i67,e12,c5,p21,l3,0.00
i67,e12,c5,p24,l3,0.00
i67,e12,c5,p29,l3,0.00
i67,e12,c5,p35,l3,0.00
i68,e01,c1,p06,l3,0.00
i68,e01,c1,p09,l3,0.00
i68,e01,c1,p10,l3,0.00
i68,e01,c1,p11,l3,0.00
i68,e01,c1,p12,l3,0.00
i68,e01,c1,p13,l3,0.00
i68,e01,c1,p15,l3,0.00
i68,e01,c1,p16,l3,0.00
i68,e01,c1,p17,l3,0.00
i68,e01,c1,p18,l3,0.00
i68,e01,c1,p19,l3,0.00
i68,e01,c1,p21,l3,0.00
i68,e01,c1,p25,l3,0.00
i68,e01,c1,p27,l3,0.00
i68,e01,c1,p28,l3,0.00
i68,e01,c1,p29,l3,0.00
i68,e01,c1,p35,l3,0.00
i68,e01,c4,p10,l3,0.00
i68,e01,c4,p12,l3,0.00
i68,e01,c4,p35,l3,0.00
i68,e04,c1,p05,l3,0.00
i68,e04,c1,p06,l3,0.00
i68,e04,c1,p07,l3,0.00
i68,e04,c1,p08,l3,0.00
i68,e04,c1,p09,l3,0.00
i68,e04,c1,p10,l3,0.00
i68,e04,c1,p11,l3,0.00
i68,e04,c1,p12,l3,0.00
i68,e04,c1,p13,l3,0.00
i68,e04,c1,p15,l3,0.00
i68,e04,c1,p16,l3,0.00
i68,e04,c1,p17,l3,0.00
i68,e04,c1,p18,l3,0.00
i68,e04,c1,p19,l3,0.00
i68,e04,c1,p21,l3,0.00
i68,e04,c1,p24,l3,0.00
i68,e04,c1,p25,l3,0.00
i68,e04,c1,p28,l3,0.00
i68,e04,c1,p29,l3,0.00
i68,e04,c1,p35,l3,0.00
i68,e04,c4,p10,l3,0.00
i68,e04,c4,p12,l3,0.00
i68,e04,c4,p15,l3,0.00
i68,e04,c4,p35,l3,0.00
i68,e05,c1,p10,l3,0.00
i68,e05,c1,p11,l3,0.00
i68,e05,c1,p12,l3,0.00
i68,e05,c1,p15,l3,0.00
i68,e05,c1,p16,l3,0.00
i68,e05,c1,p19,l3,0.00
i68,e05,c1,p21,l3,0.00
i68,e05,c1,p35,l3,0.00
i68,e05,c4,p10,l3,0.00
i68,e05,c4,p35,l3,0.00
i68,e09,c1,p06,l3,0.00
i68,e09,c1,p08,l3,0.00
i68,e09,c1,p10,l3,0.00
i68,e09,c1,p11,l3,0.00
i68,e09,c1,p12,l3,0.00
i68,e09,c1,p13,l3,0.00
i68,e09,c1,p15,l3,0.00
i68,e09,c1,p16,l3,0.00
i68,e09,c1,p17,l3,0.00
i68,e09,c1,p18,l3,0.00
i68,e09,c1,p19,l3,0.00
i68,e09,c1,p21,l3,0.00
i68,e09,c1,p23,l3,0.00
i68,e09,c1,p24,l3,0.00
i68,e09,c1,p25,l3,0.00
i68,e09,c1,p27,l3,0.00
i68,e09,c1,p28,l3,0.00
i68,e09,c1,p35,l3,0.00
i68,e09,c4,p10,l3,0.00
i68,e09,c4,p12,l3,0.00
i68,e09,c4,p35,l3,0.00
i68,e12,c1,p05,l3,0.00
i68,e12,c1,p10,l3,0.00
i68,e12,c1,p11,l3,0.00
i68,e12,c1,p12,l3,0.00
i68,e12,c1,p13,l3,0.00
i68,e12,c1,p15,l3,0.00
i68,e12,c1,p16,l3,0.00
i68,e12,c1,p19,l3,0.00
i68,e12,c1,p21,l3,0.00
i68,e12,c1,p22,l3,0.00
i68,e12,c1,p24,l3,0.00
i68,e12,c1,p28,l3,0.00
i68,e12,c1,p35,l3,0.00
i68,e12,c4,p10,l3,0.00
i68,e12,c4,p12,l3,0.00
i68,e12,c4,p35,l3,0.00
i69,e01,c3,p01,l3,0.00
i69,e01,c3,p03,l3,0.00
i69,e01,c3,p10,l3,0.00
i69,e01,c3,p17,l3,0.00
i69,e01,c3,p19,l3,0.00
i69,e01,c3,p23,l3,0.00
i69,e01,c3,p24,l3,0.00
i69,e01,c3,p35,l3,0.00
i69,e01,c5,p10,l3,0.00
i69,e01,c5,p35,l3,0.00
i69,e02,c3,p10,l3,0.00
i69,e02,c3,p35,l3,0.00
i69,e02,c5,p10,l3,0.00
i69,e02,c5,p35,l3,0.00
i69,e04,c3,p01,l3,0.00
i69,e04,c3,p03,l3,0.00
i69,e04,c3,p10,l3,0.00
i69,e04,c3,p17,l3,0.00
i69,e04,c3,p19,l3,0.00
i69,e04,c3,p21,l3,0.00
i69,e04,c3,p23,l3,0.00
i69,e04,c3,p24,l3,0.00
i69,e04,c3,p35,l3,0.00
i69,e04,c5,p10,l3,0.00
i69,e04,c5,p35,l3,0.00
i69,e05,c3,p10,l3,0.00
i69,e05,c3,p17,l3,0.00
i69,e05,c3,p24,l3,0.00
i69,e05,c5,p10,l3,0.00
i69,e05,c5,p35,l3,0.00
i69,e08,c3,p01,l3,0.00
i69,e08,c3,p03,l3,0.00
i69,e08,c3,p10,l3,0.00
i69,e08,c3,p17,l3,0.00
i69,e08,c3,p19,l3,0.00
i69,e08,c3,p21,l3,0.00
i69,e08,c3,p24,l3,0.00
i69,e08,c3,p35,l3,0.00
i69,e08,c5,p10,l3,0.00
i69,e08,c5,p17,l3,0.00
i69,e08,c5,p35,l3,0.00
i69,e09,c3,p01,l3,0.00
i69,e09,c3,p03,l3,0.00
i69,e09,c3,p10,l3,0.00
i69,e09,c3,p17,l3,0.00
i69,e09,c3,p19,l3,0.00
i69,e09,c3,p23,l3,0.00
i69,e09,c3,p24,l3,0.00
i69,e09,c3,p35,l3,0.00
i69,e09,c5,p10,l3,0.00
i69,e09,c5,p35,l3,0.00
i69,e11,c3,p03,l3,0.00
i69,e11,c3,p10,l3,0.00
i69,e11,c3,p17,l3,0.00
i69,e11,c3,p19,l3,0.00
i69,e11,c3,p23,l3,0.00
i69,e11,c3,p24,l3,0.00
i69,e11,c3,p35,l3,0.00
i69,e11,c5,p01,l3,0.00
i69,e11,c5,p10,l3,0.00
i70,e01,c1,p35,l3,0.00
i70,e04,c1,p35,l3,0.00
i70,e05,c1,p35,l3,0.00
i70,e09,c1,p35,l3,0.00
i71,e01,c1,p10,l3,0.00
i71,e01,c1,p35,l3,0.00
i71,e04,c1,p10,l3,0.00
i71,e04,c1,p35,l3,0.00
i71,e05,c1,p35,l3,0.00
i71,e09,c1,p10,l3,0.00
i71,e09,c1,p35,l3,0.00
i72,e01,c1,p10,l3,0.00
i72,e01,c1,p35,l3,0.00
i72,e04,c1,p10,l3,0.00
i72,e04,c1,p35,l3,0.00
i72,e05,c1,p10,l3,0.00
i72,e05,c1,p35,l3,0.00
i72,e08,c1,p10,l3,0.00
i72,e08,c1,p35,l3,0.00
i72,e09,c1,p10,l3,0.00
i72,e09,c1,p35,l3,0.00
i72,e11,c1,p10,l3,0.00
i72,e11,c1,p35,l3,0.00
i73,e01,c3,p01,l3,0.00
i73,e01,c3,p04,l3,0.00
i73,e01,c3,p10,l3,0.00
i73,e01,c3,p12,l3,0.00
i73,e01,c3,p17,l3,0.00
i73,e01,c3,p19,l3,0.00
i73,e01,c3,p21,l3,0.00
i73,e01,c3,p24,l3,0.00
i73,e01,c3,p35,l3,0.00
i73,e02,c3,p12,l3,0.00
i73,e02,c3,p35,l1,0.00
i73,e02,c3,p35,l3,0.00
i73,e04,c3,p01,l1,0.00
i73,e04,c3,p01,l3,0.00
i73,e04,c3,p04,l1,0.00
i73,e04,c3,p04,l3,0.00
i73,e04,c3,p10,l1,0.00
i73,e04,c3,p10,l3,0.00
i73,e04,c3,p12,l1,0.00
i73,e04,c3,p12,l3,0.00
i73,e04,c3,p17,l1,0.00
i73,e04,c3,p17,l3,0.00
i73,e04,c3,p19,l1,0.00
i73,e04,c3,p19,l3,0.00
i73,e04,c3,p21,l3,0.00
i73,e04,c3,p24,l1,0.00
i73,e04,c3,p24,l3,0.00
i73,e04,c3,p35,l1,0.00
i73,e04,c3,p35,l3,0.00
i73,e05,c3,p01,l3,0.00
i73,e05,c3,p04,l3,0.00
i73,e05,c3,p10,l3,0.00
i73,e05,c3,p12,l3,0.00
i73,e05,c3,p17,l3,0.00
i73,e05,c3,p19,l3,0.00
i73,e05,c3,p24,l3,0.00
i73,e05,c3,p35,l1,0.00
i73,e05,c3,p35,l3,0.00
i73,e09,c3,p01,l3,0.00
i73,e09,c3,p04,l2,0.00
i73,e09,c3,p04,l3,0.00
i73,e09,c3,p10,l2,0.00
i73,e09,c3,p10,l3,0.00
i73,e09,c3,p12,l2,0.00
i73,e09,c3,p12,l3,0.00
i73,e09,c3,p17,l2,0.00
i73,e09,c3,p17,l3,0.00
i73,e09,c3,p19,l2,0.00
i73,e09,c3,p19,l3,0.00
i73,e09,c3,p21,l3,0.00
i73,e09,c3,p24,l3,0.00
i73,e09,c3,p35,l2,0.00
i73,e09,c3,p35,l3,0.00
i74,e01,c3,p04,l3,0.00
i74,e01,c3,p10,l3,0.00
i74,e01,c3,p11,l3,0.00
i74,e01,c3,p13,l3,0.00
i74,e01,c3,p15,l3,0.00
i74,e01,c3,p17,l3,0.00
i74,e01,c3,p22,l3,0.00
i74,e01,c3,p23,l3,0.00
i74,e01,c3,p29,l3,0.00
i74,e01,c5,p01,l3,0.00
i74,e01,c5,p02,l3,0.00
i74,e01,c5,p03,l3,0.00
i74,e01,c5,p04,l3,0.00
i74,e01,c5,p05,l3,0.00
i74,e01,c5,p06,l3,0.00
i74,e01,c5,p07,l3,0.00
i74,e01,c5,p08,l3,0.00
i74,e01,c5,p09,l3,0.00
i74,e01,c5,p10,l3,0.00
i74,e01,c5,p11,l3,0.00
i74,e01,c5,p12,l3,0.00
i74,e01,c5,p13,l3,0.00
i74,e01,c5,p14,l3,0.00
i74,e01,c5,p15,l3,0.00
i74,e01,c5,p16,l3,0.00
i74,e01,c5,p17,l3,0.00
i74,e01,c5,p18,l3,0.00
i74,e01,c5,p19,l3,0.00
i74,e01,c5,p20,l3,0.00
i74,e01,c5,p21,l3,0.00
i74,e01,c5,p22,l3,0.00
i74,e01,c5,p23,l3,0.00
i74,e01,c5,p24,l3,0.00
i74,e01,c5,p25,l3,0.00
i74,e01,c5,p26,l3,0.00
i74,e01,c5,p28,l3,0.00
i74,e01,c5,p29,l3,0.00
i74,e01,c5,p30,l3,0.00
i74,e01,c5,p31,l3,0.00
i74,e01,c5,p32,l3,0.00
i74,e01,c5,p33,l3,0.00
i74,e01,c5,p35,l3,0.00
i74,e02,c3,p03,l3,0.00
i74,e02,c3,p10,l3,0.00
i74,e02,c3,p11,l1,0.00
i74,e02,c3,p11,l3,0.00
i74,e02,c3,p15,l3,0.00
i74,e02,c3,p19,l3,0.00
i74,e02,c5,p01,l1,0.00
i74,e02,c5,p01,l3,0.00
i74,e02,c5,p02,l3,0.00
i74,e02,c5,p03,l3,0.00
i74,e02,c5,p04,l3,0.00
i74,e02,c5,p05,l3,0.00
i74,e02,c5,p06,l3,0.00
i74,e02,c5,p07,l1,0.00
i74,e02,c5,p07,l3,0.00
i74,e02,c5,p08,l3,0.00
i74,e02,c5,p09,l3,0.00
i74,e02,c5,p10,l1,0.00
i74,e02,c5,p10,l3,0.00
i74,e02,c5,p11,l3,0.00
i74,e02,c5,p12,l3,0.00
i74,e02,c5,p13,l1,0.00
i74,e02,c5,p13,l3,0.00
i74,e02,c5,p14,l3,0.00
i74,e02,c5,p15,l1,0.00
i74,e02,c5,p15,l3,0.00
i74,e02,c5,p16,l3,0.00
i74,e02,c5,p17,l3,0.00
i74,e02,c5,p18,l3,0.00
i74,e02,c5,p19,l1,0.00
i74,e02,c5,p19,l3,0.00
i74,e02,c5,p21,l1,0.00
i74,e02,c5,p21,l3,0.00
i74,e02,c5,p22,l1,0.00
i74,e02,c5,p22,l3,0.00
i74,e02,c5,p23,l3,0.00
i74,e02,c5,p24,l3,0.00
i74,e02,c5,p25,l3,0.00
i74,e02,c5,p28,l1,0.00
i74,e02,c5,p29,l1,0.00
i74,e02,c5,p29,l3,0.00
i74,e02,c5,p30,l3,0.00
i74,e02,c5,p35,l3,0.00
i74,e04,c3,p01,l3,0.00
i74,e04,c3,p09,l3,0.00
i74,e04,c3,p10,l3,0.00
i74,e04,c3,p11,l1,0.00
i74,e04,c3,p11,l3,0.00
i74,e04,c3,p14,l3,0.00
i74,e04,c3,p15,l3,0.00
i74,e04,c3,p16,l3,0.00
i74,e04,c3,p18,l3,0.00
i74,e04,c3,p19,l3,0.00
i74,e04,c3,p21,l1,0.00
i74,e04,c3,p21,l3,0.00
i74,e04,c3,p23,l3,0.00
i74,e04,c3,p29,l3,0.00
i74,e04,c3,p35,l3,0.00
i74,e04,c5,p01,l1,0.00
i74,e04,c5,p01,l3,0.00
i74,e04,c5,p02,l1,0.00
i74,e04,c5,p02,l3,0.00
i74,e04,c5,p03,l1,0.00
i74,e04,c5,p03,l3,0.00
i74,e04,c5,p04,l1,0.00
i74,e04,c5,p04,l3,0.00
i74,e04,c5,p05,l1,0.00
i74,e04,c5,p05,l3,0.00
i74,e04,c5,p06,l1,0.00
i74,e04,c5,p06,l3,3.24
i74,e04,c5,p07,l1,0.00
i74,e04,c5,p07,l3,0.00
i74,e04,c5,p08,l1,0.00
i74,e04,c5,p08,l3,0.00
i74,e04,c5,p09,l1,0.00
i74,e04,c5,p09,l3,0.00
i74,e04,c5,p10,l1,0.00
i74,e04,c5,p10,l3,0.00
i74,e04,c5,p11,l1,0.00
i74,e04,c5,p11,l3,0.00
i74,e04,c5,p12,l1,0.00
i74,e04,c5,p12,l3,0.00
i74,e04,c5,p13,l1,0.00
i74,e04,c5,p13,l3,0.00
i74,e04,c5,p14,l1,0.00
i74,e04,c5,p14,l3,0.00
i74,e04,c5,p15,l1,0.00
i74,e04,c5,p15,l3,0.00
i74,e04,c5,p16,l1,0.00
i74,e04,c5,p16,l3,0.00
i74,e04,c5,p17,l1,0.00
i74,e04,c5,p17,l3,0.00
i74,e04,c5,p18,l1,0.00
i74,e04,c5,p18,l3,0.00
i74,e04,c5,p19,l1,0.00
i74,e04,c5,p19,l3,0.00
i74,e04,c5,p20,l1,0.00
i74,e04,c5,p20,l3,0.00
i74,e04,c5,p21,l1,0.00
i74,e04,c5,p21,l3,0.00
i74,e04,c5,p22,l1,0.00
i74,e04,c5,p22,l3,0.00
i74,e04,c5,p23,l1,0.00
i74,e04,c5,p23,l3,0.00
i74,e04,c5,p24,l1,0.00
i74,e04,c5,p24,l3,0.00
i74,e04,c5,p25,l1,0.00
i74,e04,c5,p25,l3,0.00
i74,e04,c5,p26,l3,0.00
i74,e04,c5,p28,l1,0.00
i74,e04,c5,p28,l3,0.00
i74,e04,c5,p29,l1,0.00
i74,e04,c5,p29,l3,0.00
i74,e04,c5,p30,l3,0.00
i74,e04,c5,p31,l1,0.00
i74,e04,c5,p31,l3,0.00
i74,e04,c5,p32,l1,0.00
i74,e04,c5,p32,l3,0.00
i74,e04,c5,p33,l3,0.00
i74,e04,c5,p35,l1,0.00
i74,e04,c5,p35,l3,0.00
i74,e05,c3,p03,l3,0.00
i74,e05,c3,p07,l3,0.00
i74,e05,c3,p10,l3,0.00
i74,e05,c3,p11,l1,0.00
i74,e05,c3,p11,l3,0.00
i74,e05,c3,p15,l3,0.00
i74,e05,c3,p16,l3,0.00
i74,e05,c3,p18,l1,0.00
i74,e05,c3,p18,l3,0.00
i74,e05,c3,p24,l3,0.00
i74,e05,c3,p35,l3,0.00
i74,e05,c5,p01,l1,0.00
i74,e05,c5,p01,l3,0.00
i74,e05,c5,p02,l1,0.00
i74,e05,c5,p02,l3,0.00
i74,e05,c5,p03,l1,0.00
i74,e05,c5,p03,l3,0.00
i74,e05,c5,p04,l1,0.00
i74,e05,c5,p04,l3,0.00
i74,e05,c5,p05,l1,0.00
i74,e05,c5,p05,l3,0.00
i74,e05,c5,p06,l1,0.00
i74,e05,c5,p06,l3,0.00
i74,e05,c5,p07,l1,0.00
i74,e05,c5,p07,l3,0.00
i74,e05,c5,p08,l1,0.00
i74,e05,c5,p08,l3,0.00
i74,e05,c5,p09,l1,0.00
i74,e05,c5,p09,l3,0.00
i74,e05,c5,p10,l1,0.00
i74,e05,c5,p10,l3,0.00
i74,e05,c5,p11,l1,0.00
i74,e05,c5,p11,l3,0.00
i74,e05,c5,p12,l1,0.00
i74,e05,c5,p12,l3,0.00
i74,e05,c5,p13,l1,0.00
i74,e05,c5,p13,l3,0.00
i74,e05,c5,p14,l1,0.00
i74,e05,c5,p14,l3,0.00
i74,e05,c5,p15,l1,0.00
i74,e05,c5,p15,l3,0.00
i74,e05,c5,p16,l1,0.00
i74,e05,c5,p16,l3,0.00
i74,e05,c5,p17,l1,0.00
i74,e05,c5,p17,l3,0.00
i74,e05,c5,p18,l1,0.00
i74,e05,c5,p18,l3,0.00
i74,e05,c5,p19,l1,0.00
i74,e05,c5,p19,l3,0.00
i74,e05,c5,p20,l1,0.00
i74,e05,c5,p20,l3,0.00
i74,e05,c5,p21,l1,0.00
i74,e05,c5,p21,l3,0.00
i74,e05,c5,p22,l1,0.00
i74,e05,c5,p22,l3,0.00
i74,e05,c5,p23,l1,0.00
i74,e05,c5,p23,l3,0.00
i74,e05,c5,p24,l1,0.00
i74,e05,c5,p24,l3,0.00
i74,e05,c5,p25,l1,0.00
i74,e05,c5,p25,l3,0.00
i74,e05,c5,p28,l1,0.00
i74,e05,c5,p28,l3,0.00
i74,e05,c5,p29,l1,0.00
i74,e05,c5,p29,l3,0.00
i74,e05,c5,p30,l3,0.00
i74,e05,c5,p31,l1,0.00
i74,e05,c5,p31,l3,0.00
i74,e05,c5,p32,l1,0.00
i74,e05,c5,p32,l3,0.00
i74,e05,c5,p33,l1,0.00
i74,e05,c5,p33,l3,0.00
i74,e05,c5,p35,l1,0.00
i74,e05,c5,p35,l3,0.00
i74,e07,c5,p01,l3,0.00
i74,e07,c5,p02,l3,0.00
i74,e07,c5,p03,l3,0.00
i74,e07,c5,p04,l3,0.00
i74,e07,c5,p05,l3,0.00
i74,e07,c5,p06,l3,0.00
i74,e07,c5,p07,l2,0.00
i74,e07,c5,p07,l3,0.00
i74,e07,c5,p08,l2,0.00
i74,e07,c5,p09,l2,0.00
i74,e07,c5,p09,l3,0.00
i74,e07,c5,p10,l2,0.00
i74,e07,c5,p10,l3,0.00
i74,e07,c5,p11,l3,0.00
i74,e07,c5,p12,l3,0.00
i74,e07,c5,p13,l2,0.00
i74,e07,c5,p13,l3,0.00
i74,e07,c5,p14,l3,0.00
i74,e07,c5,p15,l2,0.00
i74,e07,c5,p15,l3,0.00
i74,e07,c5,p16,l2,0.00
i74,e07,c5,p16,l3,0.00
i74,e07,c5,p17,l3,0.00
i74,e07,c5,p18,l3,0.00
i74,e07,c5,p19,l2,0.00
i74,e07,c5,p19,l3,0.00
i74,e07,c5,p20,l2,0.00
i74,e07,c5,p20,l3,0.00
i74,e07,c5,p21,l2,0.00
i74,e07,c5,p21,l3,0.00
i74,e07,c5,p22,l3,0.00
i74,e07,c5,p23,l3,0.00
i74,e07,c5,p28,l3,0.00
i74,e07,c5,p29,l3,0.00
i74,e07,c5,p31,l2,0.00
i74,e07,c5,p35,l2,0.00
i74,e07,c5,p35,l3,0.00
i74,e08,c3,p01,l3,0.00
i74,e08,c3,p05,l3,0.00
i74,e08,c3,p06,l3,0.00
i74,e08,c3,p07,l3,0.00
i74,e08,c3,p09,l3,0.00
i74,e08,c3,p10,l3,0.00
i74,e08,c3,p14,l3,0.00
i74,e08,c3,p15,l3,0.00
i74,e08,c3,p16,l3,0.00
i74,e08,c3,p17,l3,0.00
i74,e08,c3,p18,l3,0.00
i74,e08,c3,p19,l3,0.00
i74,e08,c3,p21,l3,0.00
i74,e08,c3,p23,l3,0.00
i74,e08,c3,p24,l2,0.00
i74,e08,c3,p29,l3,0.00
i74,e08,c3,p35,l3,0.00
i74,e08,c5,p01,l2,0.00
i74,e08,c5,p01,l3,0.00
i74,e08,c5,p02,l2,0.00
i74,e08,c5,p02,l3,0.00
i74,e08,c5,p03,l2,0.00
i74,e08,c5,p03,l3,0.00
i74,e08,c5,p04,l2,0.00
i74,e08,c5,p04,l3,0.00
i74,e08,c5,p05,l2,0.00
i74,e08,c5,p05,l3,0.00
i74,e08,c5,p06,l2,0.00
i74,e08,c5,p06,l3,17.21
i74,e08,c5,p07,l2,0.00
i74,e08,c5,p07,l3,0.00
i74,e08,c5,p08,l2,0.00
i74,e08,c5,p08,l3,0.00
i74,e08,c5,p09,l2,0.00
i74,e08,c5,p09,l3,0.00
i74,e08,c5,p10,l2,0.00
i74,e08,c5,p10,l3,0.00
i74,e08,c5,p11,l2,0.00
i74,e08,c5,p11,l3,0.00
i74,e08,c5,p12,l2,0.00
i74,e08,c5,p12,l3,0.00
i74,e08,c5,p13,l2,0.00
i74,e08,c5,p13,l3,0.00
i74,e08,c5,p14,l2,0.00
i74,e08,c5,p14,l3,0.00
i74,e08,c5,p15,l2,0.00
i74,e08,c5,p15,l3,0.00
i74,e08,c5,p16,l2,0.00
i74,e08,c5,p16,l3,0.00
i74,e08,c5,p17,l2,0.00
i74,e08,c5,p17,l3,0.00
i74,e08,c5,p18,l2,0.00
i74,e08,c5,p18,l3,0.00
i74,e08,c5,p19,l2,0.00
i74,e08,c5,p19,l3,0.00
i74,e08,c5,p20,l2,0.00
i74,e08,c5,p20,l3,0.00
i74,e08,c5,p21,l2,0.00
i74,e08,c5,p21,l3,0.00
i74,e08,c5,p22,l2,0.00
i74,e08,c5,p22,l3,0.00
i74,e08,c5,p23,l2,0.00
i74,e08,c5,p23,l3,0.00
i74,e08,c5,p24,l2,0.00
i74,e08,c5,p24,l3,0.00
i74,e08,c5,p25,l2,0.00
i74,e08,c5,p25,l3,0.00
i74,e08,c5,p26,l3,0.00
i74,e08,c5,p28,l2,0.00
i74,e08,c5,p28,l3,0.00
i74,e08,c5,p29,l2,0.00
i74,e08,c5,p29,l3,0.00
i74,e08,c5,p30,l3,0.00
i74,e08,c5,p31,l2,0.00
i74,e08,c5,p31,l3,0.00
i74,e08,c5,p32,l2,0.00
i74,e08,c5,p32,l3,0.00
i74,e08,c5,p33,l3,0.00
i74,e08,c5,p35,l2,0.00
i74,e08,c5,p35,l3,0.00
i74,e09,c3,p03,l3,0.00
i74,e09,c3,p09,l3,0.00
i74,e09,c3,p10,l3,0.00
i74,e09,c3,p11,l3,0.00
i74,e09,c3,p13,l3,0.00
i74,e09,c3,p15,l3,0.00
i74,e09,c3,p16,l3,0.00
i74,e09,c3,p18,l3,0.00
i74,e09,c3,p21,l3,0.00
i74,e09,c3,p23,l3,0.00
i74,e09,c3,p29,l3,0.00
i74,e09,c3,p35,l3,0.00
i74,e09,c5,p01,l2,0.00
i74,e09,c5,p01,l3,0.00
i74,e09,c5,p02,l2,0.00
i74,e09,c5,p02,l3,0.00
i74,e09,c5,p03,l2,0.00
i74,e09,c5,p03,l3,0.00
i74,e09,c5,p04,l2,0.00
i74,e09,c5,p04,l3,0.00
i74,e09,c5,p05,l2,0.00
i74,e09,c5,p05,l3,0.00
i74,e09,c5,p06,l2,0.00
i74,e09,c5,p06,l3,0.00
i74,e09,c5,p07,l2,0.00
i74,e09,c5,p07,l3,0.00
i74,e09,c5,p08,l2,0.00
i74,e09,c5,p08,l3,0.00
i74,e09,c5,p09,l2,0.00
i74,e09,c5,p09,l3,0.00
i74,e09,c5,p10,l2,0.00
i74,e09,c5,p10,l3,0.00
i74,e09,c5,p11,l2,0.00
i74,e09,c5,p11,l3,0.00
i74,e09,c5,p12,l2,0.00
i74,e09,c5,p12,l3,0.00
i74,e09,c5,p13,l2,0.00
i74,e09,c5,p13,l3,0.00
i74,e09,c5,p14,l2,0.00
i74,e09,c5,p14,l3,0.00
i74,e09,c5,p15,l2,0.00
i74,e09,c5,p15,l3,0.00
i74,e09,c5,p16,l2,0.00
i74,e09,c5,p16,l3,0.00
i74,e09,c5,p17,l2,0.00
i74,e09,c5,p17,l3,0.00
i74,e09,c5,p18,l2,0.00
i74,e09,c5,p18,l3,0.00
i74,e09,c5,p19,l2,0.00
i74,e09,c5,p19,l3,0.00
i74,e09,c5,p20,l2,0.00
i74,e09,c5,p20,l3,0.00
i74,e09,c5,p21,l2,0.00
i74,e09,c5,p21,l3,0.00
i74,e09,c5,p22,l2,0.00
i74,e09,c5,p22,l3,0.00
i74,e09,c5,p23,l2,0.00
i74,e09,c5,p23,l3,0.00
i74,e09,c5,p24,l2,0.00
i74,e09,c5,p24,l3,0.00
i74,e09,c5,p25,l2,0.00
i74,e09,c5,p25,l3,0.00
i74,e09,c5,p26,l3,0.00
i74,e09,c5,p28,l2,0.00
i74,e09,c5,p28,l3,0.00
i74,e09,c5,p29,l2,0.00
i74,e09,c5,p29,l3,0.00
i74,e09,c5,p31,l2,0.00
i74,e09,c5,p31,l3,0.00
i74,e09,c5,p32,l2,0.00
i74,e09,c5,p32,l3,0.00
i74,e09,c5,p33,l3,0.00
i74,e09,c5,p35,l2,0.00
i74,e09,c5,p35,l3,0.00
i74,e11,c3,p05,l2,0.00
i74,e11,c3,p07,l3,0.00
i74,e11,c3,p09,l3,0.00
i74,e11,c3,p10,l3,0.00
i74,e11,c3,p15,l3,0.00
i74,e11,c3,p18,l3,0.00
i74,e11,c3,p21,l3,0.00
i74,e11,c3,p25,l3,0.00
i74,e11,c5,p01,l2,0.00
i74,e11,c5,p01,l3,0.00
i74,e11,c5,p02,l3,0.00
i74,e11,c5,p03,l2,0.00
i74,e11,c5,p03,l3,0.00
i74,e11,c5,p04,l2,0.00
i74,e11,c5,p04,l3,0.00
i74,e11,c5,p05,l2,0.00
i74,e11,c5,p05,l3,0.00
i74,e11,c5,p06,l2,0.00
i74,e11,c5,p06,l3,0.00
i74,e11,c5,p07,l2,0.00
i74,e11,c5,p07,l3,0.00
i74,e11,c5,p08,l2,0.00
i74,e11,c5,p08,l3,0.00
i74,e11,c5,p09,l2,0.00
i74,e11,c5,p09,l3,0.00
i74,e11,c5,p10,l2,0.00
i74,e11,c5,p10,l3,0.00
i74,e11,c5,p11,l2,0.00
i74,e11,c5,p11,l3,0.00
i74,e11,c5,p12,l2,0.00
i74,e11,c5,p12,l3,0.00
i74,e11,c5,p13,l2,0.00
i74,e11,c5,p13,l3,0.00
i74,e11,c5,p14,l3,0.00
i74,e11,c5,p15,l2,0.00
i74,e11,c5,p15,l3,0.00
i74,e11,c5,p16,l2,0.00
i74,e11,c5,p16,l3,0.00
i74,e11,c5,p17,l2,0.00
i74,e11,c5,p17,l3,0.00
i74,e11,c5,p18,l2,0.00
i74,e11,c5,p18,l3,0.00
i74,e11,c5,p19,l2,0.00
i74,e11,c5,p19,l3,0.00
i74,e11,c5,p21,l3,0.00
i74,e11,c5,p22,l2,0.00
i74,e11,c5,p22,l3,0.00
i74,e11,c5,p23,l3,0.00
i74,e11,c5,p24,l3,0.00
i74,e11,c5,p25,l3,0.00
i74,e11,c5,p26,l3,0.00
i74,e11,c5,p28,l2,0.00
i74,e11,c5,p28,l3,0.00
i74,e11,c5,p29,l2,0.00
i74,e11,c5,p29,l3,0.00
i74,e11,c5,p31,l3,0.00
i74,e11,c5,p32,l2,0.00
i74,e11,c5,p32,l3,0.00
i74,e11,c5,p33,l3,0.00
i74,e11,c5,p35,l2,0.00
i74,e11,c5,p35,l3,0.00
i74,e12,c3,p10,l3,0.00
i74,e12,c3,p15,l3,0.00
i74,e12,c5,p01,l3,0.00
i74,e12,c5,p02,l3,0.00
i74,e12,c5,p03,l3,0.00
i74,e12,c5,p04,l3,0.00
i74,e12,c5,p05,l3,0.00
i74,e12,c5,p06,l3,0.00
i74,e12,c5,p07,l3,0.00
i74,e12,c5,p08,l3,0.00
i74,e12,c5,p09,l3,0.00
i74,e12,c5,p10,l3,0.00
i74,e12,c5,p11,l3,0.00
i74,e12,c5,p12,l3,0.00
i74,e12,c5,p13,l3,0.00
i74,e12,c5,p14,l3,0.00
i74,e12,c5,p15,l3,0.00
i74,e12,c5,p16,l3,0.00
i74,e12,c5,p17,l3,0.00
i74,e12,c5,p18,l3,0.00
i74,e12,c5,p19,l3,0.00
i74,e12,c5,p20,l3,0.00
i74,e12,c5,p21,l3,0.00
i74,e12,c5,p22,l3,0.00
i74,e12,c5,p23,l3,0.00
i74,e12,c5,p24,l3,0.00
i74,e12,c5,p25,l3,0.00
i74,e12,c5,p28,l3,0.00
i74,e12,c5,p29,l3,0.00
i74,e12,c5,p31,l3,0.00
i74,e12,c5,p32,l3,0.00
i74,e12,c5,p35,l3,0.00
i75,e01,c1,p35,l3,0.00
i75,e04,c1,p35,l3,0.00
i75,e05,c1,p35,l3,0.00
i75,e08,c1,p35,l3,0.00
i75,e09,c1,p35,l3,0.00
i75,e11,c1,p35,l3,0.00
i76,e01,c3,p35,l3,0.00
i76,e01,c5,p01,l3,0.00
i76,e01,c5,p03,l3,0.00
i76,e01,c5,p04,l3,0.00
i76,e01,c5,p05,l3,0.00
i76,e01,c5,p06,l3,0.00
i76,e01,c5,p09,l3,0.00
i76,e01,c5,p10,l3,0.00
i76,e01,c5,p16,l3,0.00
i76,e01,c5,p18,l3,0.00
i76,e01,c5,p19,l3,0.00
i76,e01,c5,p21,l3,0.00
i76,e01,c5,p22,l3,0.00
i76,e01,c5,p23,l3,0.00
i76,e01,c5,p25,l3,0.00
i76,e01,c5,p35,l3,0.00
i76,e04,c3,p35,l3,0.00
i76,e04,c5,p01,l1,0.00
i76,e04,c5,p01,l3,0.00
i76,e04,c5,p03,l3,0.00
i76,e04,c5,p04,l1,0.00
i76,e04,c5,p04,l3,0.00
i76,e04,c5,p05,l3,0.00
i76,e04,c5,p06,l1,0.00
i76,e04,c5,p06,l3,0.00
i76,e04,c5,p09,l3,0.00
i76,e04,c5,p10,l1,0.00
i76,e04,c5,p10,l3,0.00
i76,e04,c5,p15,l3,0.00
i76,e04,c5,p16,l1,0.00
i76,e04,c5,p16,l3,0.00
i76,e04,c5,p18,l1,0.00
i76,e04,c5,p18,l3,0.00
i76,e04,c5,p19,l3,0.00
i76,e04,c5,p21,l1,0.00
i76,e04,c5,p21,l3,0.00
i76,e04,c5,p22,l1,0.00
i76,e04,c5,p22,l3,0.00
i76,e04,c5,p23,l3,0.00
i76,e04,c5,p25,l3,0.00
i76,e04,c5,p35,l1,0.00
i76,e04,c5,p35,l3,0.00
i76,e05,c5,p01,l3,0.00
i76,e05,c5,p06,l1,0.00
i76,e05,c5,p06,l3,0.00
i76,e05,c5,p19,l3,0.00
i76,e05,c5,p21,l1,0.00
i76,e05,c5,p21,l3,0.00
i76,e05,c5,p35,l1,0.00
i76,e05,c5,p35,l3,0.00
i76,e09,c3,p35,l3,0.00
i76,e09,c5,p01,l3,0.00
i76,e09,c5,p03,l3,0.00
i76,e09,c5,p04,l2,0.00
i76,e09,c5,p04,l3,0.00
i76,e09,c5,p06,l3,0.00
i76,e09,c5,p09,l3,0.00
i76,e09,c5,p10,l3,0.00
i76,e09,c5,p15,l3,0.00
i76,e09,c5,p16,l3,0.00
i76,e09,c5,p18,l2,0.00
i76,e09,c5,p18,l3,0.00
i76,e09,c5,p19,l3,0.00
i76,e09,c5,p21,l2,0.00
i76,e09,c5,p21,l3,0.00
i76,e09,c5,p25,l3,0.00
i76,e09,c5,p35,l2,0.00
i76,e09,c5,p35,l3,0.00
i77,e01,c5,p03,l3,0.00
i77,e01,c5,p04,l3,0.00
i77,e01,c5,p10,l3,0.00
i77,e01,c5,p17,l3,0.00
i77,e01,c5,p19,l3,0.00
i77,e01,c5,p35,l3,0.00
i77,e03,c5,p01,l3,0.00
i77,e03,c5,p03,l3,0.00
i77,e03,c5,p04,l3,0.00
i77,e03,c5,p07,l3,0.00
i77,e03,c5,p10,l3,0.00
i77,e03,c5,p12,l3,0.00
i77,e03,c5,p17,l3,0.00
i77,e03,c5,p19,l3,0.00
i77,e03,c5,p21,l3,0.00
i77,e03,c5,p24,l3,0.00
i77,e03,c5,p25,l3,0.00
i77,e03,c5,p32,l3,0.00
i77,e03,c5,p35,l3,0.00
i77,e04,c5,p01,l3,0.00
i77,e04,c5,p02,l3,0.00
i77,e04,c5,p04,l3,0.00
i77,e04,c5,p10,l3,0.00
i77,e04,c5,p11,l3,0.00
i77,e04,c5,p17,l3,0.00
i77,e04,c5,p19,l3,0.00
i77,e04,c5,p35,l3,0.00
i77,e05,c5,p01,l3,0.00
i77,e05,c5,p10,l1,0.00
i77,e05,c5,p10,l3,0.00
i77,e05,c5,p21,l3,0.00
i77,e05,c5,p35,l3,0.00
i77,e08,c5,p01,l3,0.00
i77,e08,c5,p02,l3,0.00
i77,e08,c5,p03,l3,0.00
i77,e08,c5,p04,l3,0.00
i77,e08,c5,p05,l3,0.00
i77,e08,c5,p10,l2,0.00
i77,e08,c5,p10,l3,0.00
i77,e08,c5,p11,l3,0.00
i77,e08,c5,p17,l3,0.00
i77,e08,c5,p18,l3,0.00
i77,e08,c5,p19,l3,0.00
i77,e08,c5,p24,l3,0.00
i77,e08,c5,p35,l3,0.00
i77,e09,c5,p01,l2,0.00
i77,e09,c5,p04,l3,0.00
i77,e09,c5,p10,l3,0.00
i77,e09,c5,p17,l3,0.00
i77,e09,c5,p19,l3,0.00
i77,e09,c5,p35,l3,0.00
i77,e12,c5,p01,l3,0.00
i77,e12,c5,p03,l3,0.00
i77,e12,c5,p10,l3,0.00
i77,e12,c5,p19,l3,0.00
i77,e12,c5,p21,l3,0.00
i77,e12,c5,p24,l3,0.00
i77,e12,c5,p35,l3,0.00
i78,e01,c1,p10,l3,0.00
i78,e01,c1,p11,l3,0.00
i78,e01,c1,p12,l3,0.00
i78,e01,c1,p13,l3,0.00
i78,e01,c1,p15,l3,0.00
i78,e01,c1,p18,l3,0.00
i78,e01,c1,p19,l3,0.00
i78,e01,c1,p20,l3,0.00
i78,e01,c1,p21,l3,0.00
i78,e01,c1,p23,l3,0.00
i78,e01,c1,p35,l3,0.00
i78,e01,c4,p12,l3,0.00
i78,e01,c4,p17,l3,0.00
i78,e01,c4,p19,l3,0.00
i78,e01,c4,p35,l3,0.00
i78,e01,c7,p35,l3,0.00
i78,e04,c1,p10,l3,0.00
i78,e04,c1,p12,l3,0.00
i78,e04,c1,p13,l3,0.00
i78,e04,c1,p15,l3,0.00
i78,e04,c1,p20,l3,0.00
i78,e04,c1,p21,l3,0.00
i78,e04,c1,p23,l3,0.00
i78,e04,c1,p35,l3,0.00
i78,e04,c4,p12,l3,0.00
i78,e04,c4,p17,l3,0.00
i78,e04,c4,p19,l3,0.00
i78,e04,c4,p35,l3,0.00
i78,e09,c1,p10,l3,0.00
i78,e09,c1,p11,l3,0.00
i78,e09,c1,p12,l3,0.00
i78,e09,c1,p13,l3,0.00
i78,e09,c1,p15,l3,0.00
i78,e09,c1,p20,l3,0.00
i78,e09,c1,p21,l3,0.00
i78,e09,c1,p23,l3,0.00
i78,e09,c1,p35,l3,0.00
i78,e09,c4,p12,l3,0.00
i78,e09,c4,p17,l3,0.00
i78,e09,c4,p19,l3,0.00
i78,e09,c4,p35,l3,0.00
i78,e09,c7,p35,l3,0.00
i79,e01,c1,p01,l3,0.00
i79,e01,c1,p02,l3,0.00
i79,e01,c1,p03,l3,0.00
i79,e01,c1,p04,l3,0.00
i79,e01,c1,p05,l3,0.00
i79,e01,c1,p07,l3,0.00
i79,e01,c1,p08,l3,0.00
i79,e01,c1,p10,l3,0.00
i79,e01,c1,p12,l3,0.00
i79,e01,c1,p19,l3,0.00
i79,e01,c1,p20,l3,0.00
i79,e01,c1,p21,l3,0.00
i79,e01,c1,p23,l3,0.00
i79,e01,c1,p24,l3,0.00
i79,e01,c1,p29,l3,0.00
i79,e01,c4,p12,l3,0.00
i79,e01,c4,p14,l3,0.00
i79,e03,c1,p01,l3,0.00
i79,e03,c1,p02,l3,0.00
i79,e03,c1,p03,l3,0.00
i79,e03,c1,p04,l3,0.00
i79,e03,c1,p05,l3,0.00
i79,e03,c1,p06,l3,0.00
i79,e03,c1,p07,l3,0.00
i79,e03,c1,p08,l3,0.00
i79,e03,c1,p10,l3,0.00
i79,e03,c1,p11,l3,0.00
i79,e03,c1,p12,l3,0.00
i79,e03,c1,p13,l3,0.00
i79,e03,c1,p14,l3,0.00
i79,e03,c1,p15,l3,0.00
i79,e03,c1,p16,l3,0.00
i79,e03,c1,p17,l3,0.00
i79,e03,c1,p19,l3,0.00
i79,e03,c1,p20,l3,0.00
i79,e03,c1,p21,l3,0.00
i79,e03,c1,p22,l3,0.00
i79,e03,c1,p24,l3,0.00
i79,e03,c1,p25,l3,0.00
i79,e03,c1,p29,l3,0.00
i79,e03,c1,p35,l3,0.00
i79,e03,c4,p01,l3,0.00
i79,e03,c4,p05,l3,0.00
i79,e03,c4,p12,l3,0.00
i79,e03,c4,p15,l3,0.00
i79,e03,c4,p21,l3,0.00
i79,e04,c1,p01,l3,0.00
i79,e04,c1,p02,l3,0.00
i79,e04,c1,p04,l3,0.00
i79,e04,c1,p07,l3,0.00
i79,e04,c1,p10,l3,0.00
i79,e04,c1,p12,l3,0.00
i79,e04,c1,p18,l3,0.00
i79,e04,c1,p19,l3,0.00
i79,e04,c1,p21,l3,0.00
i79,e04,c1,p24,l3,0.00
i79,e04,c1,p29,l3,0.00
i79,e04,c4,p10,l3,0.00
i79,e04,c4,p12,l3,0.00
i79,e04,c4,p14,l3,0.00
i79,e05,c1,p07,l3,0.00
i79,e05,c1,p10,l3,0.00
i79,e05,c1,p16,l3,0.00
i79,e05,c1,p35,l3,0.00
i79,e06,c1,p01,l3,0.00
i79,e07,c1,p01,l3,0.00
i79,e07,c1,p02,l3,0.00
i79,e07,c1,p03,l3,0.00
i79,e07,c1,p04,l3,0.00
i79,e07,c1,p05,l3,0.00
i79,e07,c1,p07,l3,0.00
i79,e07,c1,p10,l3,0.00
i79,e07,c1,p11,l3,0.00
i79,e07,c1,p12,l3,0.00
i79,e07,c1,p13,l3,0.00
i79,e07,c1,p14,l3,0.00
i79,e07,c1,p15,l3,0.00
i79,e07,c1,p16,l3,0.00
i79,e07,c1,p17,l3,0.00
i79,e07,c1,p18,l3,0.00
i79,e07,c1,p19,l3,0.00
i79,e07,c1,p21,l3,0.00
i79,e07,c1,p23,l3,0.00
i79,e07,c1,p24,l3,0.00
i79,e07,c1,p25,l3,0.00
i79,e07,c1,p29,l3,0.00
i79,e07,c1,p35,l3,0.00
i79,e07,c4,p05,l3,0.00
i79,e07,c4,p12,l3,0.00
i79,e07,c4,p17,l3,0.00
i79,e08,c1,p01,l3,0.00
i79,e08,c1,p02,l3,0.00
i79,e08,c1,p03,l3,0.00
i79,e08,c1,p04,l3,0.00
i79,e08,c1,p05,l3,0.00
i79,e08,c1,p07,l3,0.00
i79,e08,c1,p10,l3,0.00
i79,e08,c1,p11,l3,0.00
i79,e08,c1,p12,l3,0.00
i79,e08,c1,p13,l3,0.00
i79,e08,c1,p15,l3,0.00
i79,e08,c1,p17,l3,0.00
i79,e08,c1,p19,l3,0.00
i79,e08,c1,p21,l3,0.00
i79,e08,c1,p24,l3,0.00
i79,e08,c1,p29,l3,0.00
i79,e08,c1,p35,l3,0.00
i79,e08,c4,p05,l3,0.00
i79,e08,c4,p12,l3,0.00
i79,e09,c1,p01,l3,0.00
i79,e09,c1,p02,l3,0.00
i79,e09,c1,p03,l3,0.00
i79,e09,c1,p05,l3,0.00
i79,e09,c1,p07,l3,0.00
i79,e09,c1,p10,l3,0.00
i79,e09,c1,p12,l3,0.00
i79,e09,c1,p13,l3,0.00
i79,e09,c1,p18,l3,0.00
i79,e09,c1,p19,l3,0.00
i79,e09,c1,p20,l3,0.00
i79,e09,c1,p21,l3,0.00
i79,e09,c1,p23,l3,0.00
i79,e09,c1,p24,l3,0.00
i79,e09,c1,p29,l3,0.00
i79,e09,c1,p35,l3,0.00
i79,e09,c4,p10,l3,0.00
i79,e09,c4,p12,l3,0.00
i79,e09,c4,p14,l3,0.00
i79,e11,c1,p01,l3,0.00
i79,e11,c1,p02,l3,0.00
i79,e11,c1,p03,l3,0.00
i79,e11,c1,p04,l3,0.00
i79,e11,c1,p05,l3,0.00
i79,e11,c1,p06,l3,0.00
i79,e11,c1,p07,l3,0.00
i79,e11,c1,p10,l3,0.00
i79,e11,c1,p11,l3,0.00
i79,e11,c1,p12,l3,0.00
i79,e11,c1,p13,l3,0.00
i79,e11,c1,p15,l3,0.00
i79,e11,c1,p16,l3,0.00
i79,e11,c1,p17,l3,0.00
i79,e11,c1,p18,l3,0.00
i79,e11,c1,p19,l3,0.00
i79,e11,c1,p21,l3,0.00
i79,e11,c1,p23,l3,0.00
i79,e11,c1,p24,l3,0.00
i79,e11,c1,p25,l3,0.00
i79,e11,c1,p29,l3,0.00
i79,e11,c1,p35,l3,0.00
i79,e11,c4,p12,l3,0.00
i79,e12,c1,p01,l3,0.00
i79,e12,c1,p02,l3,0.00
i79,e12,c1,p03,l3,0.00
i79,e12,c1,p04,l3,0.00
i79,e12,c1,p05,l3,0.00
i79,e12,c1,p07,l3,0.00
i79,e12,c1,p10,l3,0.00
i79,e12,c1,p11,l3,0.00
i79,e12,c1,p12,l3,0.00
i79,e12,c1,p13,l3,0.00
i79,e12,c1,p19,l3,0.00
i79,e12,c1,p21,l3,0.00
i79,e12,c1,p24,l3,0.00
i79,e12,c1,p29,l3,0.00
i79,e12,c4,p12,l3,0.00
i80,e01,c3,p35,l3,9.08
i80,e01,c5,p35,l3,0.00
i80,e04,c3,p35,l1,0.00
i80,e04,c3,p35,l3,7.70
i80,e05,c3,p10,l3,0.00
i80,e05,c3,p35,l1,0.00
i80,e05,c3,p35,l3,0.00
i80,e09,c3,p35,l2,0.00
i80,e09,c3,p35,l3,3.27
i80,e09,c5,p35,l3,0.00
i81,e01,c5,p01,l3,0.00
i81,e01,c5,p03,l3,0.00
i81,e01,c5,p04,l3,0.00
i81,e01,c5,p10,l3,0.00
i81,e01,c5,p15,l3,0.00
i81,e01,c5,p16,l3,0.00
i81,e01,c5,p18,l3,0.00
i81,e01,c5,p19,l3,0.00
i81,e01,c5,p21,l3,0.00
i81,e01,c5,p22,l3,0.00
i81,e01,c5,p23,l3,0.00
i81,e01,c5,p35,l3,0.00
i81,e04,c5,p01,l3,0.00
i81,e04,c5,p03,l3,0.00
i81,e04,c5,p04,l3,0.00
i81,e04,c5,p06,l3,0.00
i81,e04,c5,p07,l3,0.00
i81,e04,c5,p09,l3,0.00
i81,e04,c5,p10,l3,0.00
i81,e04,c5,p12,l3,0.00
i81,e04,c5,p15,l3,0.00
i81,e04,c5,p16,l3,0.00
i81,e04,c5,p18,l3,0.00
i81,e04,c5,p19,l3,0.00
i81,e04,c5,p21,l3,0.00
i81,e04,c5,p22,l3,0.00
i81,e04,c5,p23,l3,0.00
i81,e04,c5,p35,l3,0.00
i81,e05,c5,p01,l3,0.00
i81,e05,c5,p03,l3,0.00
i81,e05,c5,p04,l3,0.00
i81,e05,c5,p10,l3,0.00
i81,e05,c5,p13,l3,0.00
i81,e05,c5,p16,l3,0.00
i81,e05,c5,p17,l3,0.00
i81,e05,c5,p19,l3,0.00
i81,e05,c5,p21,l3,0.00
i81,e05,c5,p22,l3,0.00
i81,e05,c5,p23,l3,0.00
i81,e05,c5,p35,l3,0.00
i81,e09,c5,p03,l3,0.00
i81,e09,c5,p04,l3,0.00
i81,e09,c5,p10,l3,0.00
i81,e09,c5,p15,l3,0.00
i81,e09,c5,p16,l3,0.00
i81,e09,c5,p18,l3,0.00
i81,e09,c5,p19,l3,0.00
i81,e09,c5,p21,l3,0.00
i81,e09,c5,p22,l3,0.00
i81,e09,c5,p23,l3,0.00
i81,e09,c5,p35,l3,0.00
i82,e01,c1,p35,l3,0.00
i82,e01,c4,p35,l3,0.00
i82,e04,c1,p35,l1,0.00
i82,e04,c1,p35,l3,0.00
i82,e04,c4,p35,l1,0.00
i82,e04,c4,p35,l3,0.00
i82,e05,c1,p35,l1,0.00
i82,e05,c1,p35,l3,0.00
i82,e05,c4,p35,l3,0.00
i82,e09,c1,p35,l2,0.00
i82,e09,c1,p35,l3,0.00
i82,e09,c4,p35,l2,0.00
i82,e09,c4,p35,l3,0.00
i83,e01,c3,p03,l3,0.00
i83,e01,c3,p10,l3,0.00
i83,e01,c3,p35,l3,0.00
i83,e04,c3,p03,l3,0.00
i83,e04,c3,p10,l1,0.00
i83,e04,c3,p10,l3,0.00
i83,e04,c3,p35,l1,0.00
i83,e04,c3,p35,l3,0.00
i83,e05,c3,p10,l3,0.00
i83,e05,c3,p35,l3,0.00
i83,e09,c3,p03,l3,0.00
i83,e09,c3,p10,l2,0.00
i83,e09,c3,p10,l3,0.00
i83,e09,c3,p35,l2,0.00
i83,e09,c3,p35,l3,0.00
i84,e01,c1,p35,l3,0.00
i84,e04,c1,p35,l3,0.00
i84,e05,c1,p35,l3,0.00
i84,e08,c1,p35,l3,0.00
i84,e09,c1,p35,l3,0.00
i84,e11,c1,p35,l3,0.00
i85,e01,c3,p01,l3,0.00
i85,e01,c3,p05,l3,0.00
i85,e01,c3,p06,l3,0.00
i85,e01,c3,p07,l3,0.00
i85,e01,c3,p10,l3,0.00
i85,e01,c3,p11,l3,0.00
i85,e01,c3,p12,l3,0.00
i85,e01,c3,p13,l3,0.00
i85,e01,c3,p14,l3,0.00
i85,e01,c3,p15,l3,0.00
i85,e01,c3,p16,l3,0.00
i85,e01,c3,p17,l3,0.00
i85,e01,c3,p18,l3,0.00
i85,e01,c3,p19,l3,0.00
i85,e01,c3,p21,l3,0.00
i85,e01,c3,p24,l3,0.00
i85,e01,c3,p29,l3,0.00
i85,e01,c3,p30,l3,0.00
i85,e01,c3,p35,l3,0.00
i85,e01,c5,p01,l3,0.00
i85,e01,c5,p02,l3,0.00
i85,e01,c5,p03,l3,0.00
i85,e01,c5,p04,l3,0.00
i85,e01,c5,p05,l3,0.00
i85,e01,c5,p06,l3,0.00
i85,e01,c5,p07,l3,0.00
i85,e01,c5,p08,l3,0.00
i85,e01,c5,p09,l3,0.00
i85,e01,c5,p10,l3,0.00
i85,e01,c5,p11,l3,0.00
i85,e01,c5,p12,l3,0.00
i85,e01,c5,p13,l3,0.00
i85,e01,c5,p14,l3,0.00
i85,e01,c5,p15,l3,0.00
i85,e01,c5,p16,l3,0.00
i85,e01,c5,p17,l3,0.00
i85,e01,c5,p18,l3,0.00
i85,e01,c5,p19,l3,0.00
i85,e01,c5,p21,l3,0.00
i85,e01,c5,p22,l3,0.00
i85,e01,c5,p23,l3,0.00
i85,e01,c5,p24,l3,0.00
i85,e01,c5,p25,l3,0.00
i85,e01,c5,p26,l3,0.00
i85,e01,c5,p28,l3,0.00
i85,e01,c5,p29,l3,0.00
i85,e01,c5,p35,l3,0.00
i85,e04,c3,p01,l3,0.00
i85,e04,c3,p02,l1,0.00
i85,e04,c3,p02,l3,0.00
i85,e04,c3,p03,l1,0.00
i85,e04,c3,p03,l3,0.00
i85,e04,c3,p04,l1,0.00
i85,e04,c3,p04,l3,0.00
i85,e04,c3,p05,l3,0.00
i85,e04,c3,p06,l3,0.00
i85,e04,c3,p07,l1,0.00
i85,e04,c3,p07,l3,0.00
i85,e04,c3,p08,l3,0.00
i85,e04,c3,p09,l1,0.00
i85,e04,c3,p09,l3,0.00
i85,e04,c3,p10,l1,0.00
i85,e04,c3,p10,l3,0.00
i85,e04,c3,p11,l1,0.00
i85,e04,c3,p11,l3,0.00
i85,e04,c3,p12,l1,0.00
i85,e04,c3,p12,l3,0.00
i85,e04,c3,p13,l1,0.00
i85,e04,c3,p13,l3,0.00
i85,e04,c3,p14,l1,0.00
i85,e04,c3,p14,l3,0.00
i85,e04,c3,p15,l1,0.00
i85,e04,c3,p15,l3,0.00
i85,e04,c3,p16,l1,0.00
i85,e04,c3,p17,l1,0.00
i85,e04,c3,p17,l3,0.00
i85,e04,c3,p18,l1,0.00
i85,e04,c3,p19,l1,0.00
i85,e04,c3,p19,l3,0.00
i85,e04,c3,p21,l1,0.00
i85,e04,c3,p21,l3,0.00
i85,e04,c3,p22,l1,0.00
i85,e04,c3,p22,l3,0.00
i85,e04,c3,p24,l1,0.00
i85,e04,c3,p24,l3,0.00
i85,e04,c3,p28,l1,0.00
i85,e04,c3,p28,l3,0.00
i85,e04,c3,p29,l1,0.00
i85,e04,c3,p29,l3,0.00
i85,e04,c3,p35,l1,0.00
i85,e04,c3,p35,l3,0.00
i85,e04,c5,p01,l1,0.00
i85,e04,c5,p01,l3,0.00
i85,e04,c5,p02,l1,0.00
i85,e04,c5,p02,l3,0.00
i85,e04,c5,p03,l1,0.00
i85,e04,c5,p03,l3,0.00
i85,e04,c5,p04,l1,0.00
i85,e04,c5,p04,l3,0.00
i85,e04,c5,p05,l1,0.00
i85,e04,c5,p05,l3,0.00
i85,e04,c5,p06,l1,0.00
i85,e04,c5,p07,l1,0.00
i85,e04,c5,p07,l3,0.00
i85,e04,c5,p09,l1,0.00
i85,e04,c5,p09,l3,0.00
i85,e04,c5,p10,l1,0.00
i85,e04,c5,p10,l3,0.00
i85,e04,c5,p11,l1,0.00
i85,e04,c5,p11,l3,0.00
i85,e04,c5,p12,l1,0.00
i85,e04,c5,p12,l3,0.00
i85,e04,c5,p13,l1,0.00
i85,e04,c5,p13,l3,0.00
i85,e04,c5,p14,l1,0.00
i85,e04,c5,p14,l3,0.00
i85,e04,c5,p15,l1,0.00
i85,e04,c5,p15,l3,0.00
i85,e04,c5,p16,l1,0.00
i85,e04,c5,p16,l3,0.00
i85,e04,c5,p17,l1,0.00
i85,e04,c5,p17,l3,0.00
i85,e04,c5,p18,l1,0.00
i85,e04,c5,p18,l3,0.00
i85,e04,c5,p19,l1,0.00
i85,e04,c5,p19,l3,0.00
i85,e04,c5,p20,l1,0.00
i85,e04,c5,p21,l1,0.00
i85,e04,c5,p21,l3,0.00
i85,e04,c5,p22,l1,0.00
i85,e04,c5,p22,l3,0.00
i85,e04,c5,p23,l1,0.00
i85,e04,c5,p24,l1,0.00
i85,e04,c5,p24,l3,0.00
i85,e04,c5,p25,l3,0.00
i85,e04,c5,p28,l1,0.00
i85,e04,c5,p28,l3,0.00
i85,e04,c5,p29,l1,0.00
i85,e04,c5,p29,l3,0.00
i85,e04,c5,p31,l1,0.00
i85,e04,c5,p32,l1,0.00
i85,e04,c5,p32,l3,0.00
i85,e04,c5,p35,l1,0.00
i85,e04,c5,p35,l3,0.00
i85,e09,c3,p01,l2,0.00
i85,e09,c3,p07,l2,0.00
i85,e09,c3,p07,l3,0.00
i85,e09,c3,p08,l3,0.00
i85,e09,c3,p10,l2,0.00
i85,e09,c3,p10,l3,0.00
i85,e09,c3,p11,l2,0.00
i85,e09,c3,p11,l3,0.00
i85,e09,c3,p13,l2,0.00
i85,e09,c3,p15,l2,0.00
i85,e09,c3,p15,l3,0.00
i85,e09,c3,p16,l2,0.00
i85,e09,c3,p16,l3,0.00
i85,e09,c3,p17,l3,0.00
i85,e09,c3,p18,l2,0.00
i85,e09,c3,p19,l2,0.00
i85,e09,c3,p21,l2,0.00
i85,e09,c3,p21,l3,0.00
i85,e09,c3,p22,l2,0.00
i85,e09,c3,p23,l3,0.00
i85,e09,c3,p24,l3,0.00
i85,e09,c3,p29,l2,0.00
i85,e09,c3,p29,l3,0.00
i85,e09,c3,p35,l2,0.00
i85,e09,c3,p35,l3,0.00
i85,e09,c5,p01,l3,0.00
i85,e09,c5,p04,l2,0.00
i85,e09,c5,p05,l2,0.00
i85,e09,c5,p05,l3,0.00
i85,e09,c5,p06,l2,0.00
i85,e09,c5,p06,l3,0.00
i85,e09,c5,p07,l2,0.00
i85,e09,c5,p07,l3,0.00
i85,e09,c5,p08,l3,0.00
i85,e09,c5,p09,l2,0.00
i85,e09,c5,p09,l3,0.00
i85,e09,c5,p10,l2,0.00
i85,e09,c5,p10,l3,0.00
i85,e09,c5,p11,l2,0.00
i85,e09,c5,p11,l3,0.00
i85,e09,c5,p12,l2,0.00
i85,e09,c5,p12,l3,0.00
i85,e09,c5,p13,l2,0.00
i85,e09,c5,p13,l3,0.00
i85,e09,c5,p14,l2,0.00
i85,e09,c5,p14,l3,0.00
i85,e09,c5,p15,l3,0.00
i85,e09,c5,p16,l2,0.00
i85,e09,c5,p16,l3,0.00
i85,e09,c5,p17,l2,0.00
i85,e09,c5,p17,l3,0.00
i85,e09,c5,p18,l2,0.00
i85,e09,c5,p18,l3,0.00
i85,e09,c5,p19,l2,0.00
i85,e09,c5,p19,l3,0.00
i85,e09,c5,p21,l2,0.00
i85,e09,c5,p21,l3,0.00
i85,e09,c5,p22,l2,0.00
i85,e09,c5,p22,l3,0.00
i85,e09,c5,p23,l2,0.00
i85,e09,c5,p23,l3,0.00
i85,e09,c5,p24,l2,0.00
i85,e09,c5,p24,l3,0.00
i85,e09,c5,p29,l3,0.00
i85,e09,c5,p31,l2,0.00
i85,e09,c5,p35,l2,0.00
i85,e09,c5,p35,l3,0.00
i86,e01,c5,p01,l3,0.00
i86,e01,c5,p02,l3,0.00
i86,e01,c5,p03,l3,0.00
i86,e01,c5,p04,l3,0.00
i86,e01,c5,p05,l3,0.00
i86,e01,c5,p06,l3,0.00
i86,e01,c5,p07,l3,0.00
i86,e01,c5,p08,l3,0.00
i86,e01,c5,p09,l3,0.00
i86,e01,c5,p10,l3,0.00
i86,e01,c5,p11,l3,0.00
i86,e01,c5,p12,l3,0.00
i86,e01,c5,p13,l3,0.00
i86,e01,c5,p16,l3,0.00
i86,e01,c5,p17,l3,0.00
i86,e01,c5,p18,l3,0.00
i86,e01,c5,p19,l3,0.00
i86,e01,c5,p21,l3,0.00
i86,e01,c5,p23,l3,0.00
i86,e01,c5,p24,l3,0.00
i86,e01,c5,p25,l3,0.00
i86,e01,c5,p28,l3,0.00
i86,e02,c5,p03,l3,0.00
i86,e02,c5,p10,l3,0.00
i86,e02,c5,p18,l3,0.00
i86,e04,c5,p01,l3,0.00
i86,e04,c5,p02,l3,0.00
i86,e04,c5,p03,l3,0.00
i86,e04,c5,p04,l3,0.00
i86,e04,c5,p05,l3,0.00
i86,e04,c5,p06,l3,0.00
i86,e04,c5,p07,l3,0.00
i86,e04,c5,p08,l3,0.00
i86,e04,c5,p10,l3,0.00
i86,e04,c5,p11,l3,0.00
i86,e04,c5,p12,l3,0.00
i86,e04,c5,p13,l3,0.00
i86,e04,c5,p14,l3,0.00
i86,e04,c5,p16,l3,0.00
i86,e04,c5,p17,l3,0.00
i86,e04,c5,p18,l3,0.00
i86,e04,c5,p19,l3,0.00
i86,e04,c5,p21,l3,0.00
i86,e04,c5,p22,l3,0.00
i86,e04,c5,p23,l3,0.00
i86,e04,c5,p24,l3,0.00
i86,e04,c5,p25,l3,0.00
i86,e04,c5,p28,l3,0.00
i86,e04,c5,p31,l3,0.00
i86,e04,c5,p35,l3,0.00
i86,e05,c5,p21,l3,0.00
i86,e08,c5,p01,l3,0.00
i86,e08,c5,p02,l3,0.00
i86,e08,c5,p03,l3,0.00
i86,e08,c5,p04,l3,0.00
i86,e08,c5,p05,l3,0.00
i86,e08,c5,p06,l3,0.00
i86,e08,c5,p07,l3,0.00
i86,e08,c5,p08,l3,0.00
i86,e08,c5,p10,l3,0.00
i86,e08,c5,p11,l3,0.00
i86,e08,c5,p12,l3,0.00
i86,e08,c5,p13,l3,0.00
i86,e08,c5,p16,l3,0.00
i86,e08,c5,p17,l3,0.00
i86,e08,c5,p19,l3,0.00
i86,e08,c5,p21,l3,0.00
i86,e08,c5,p23,l3,0.00
i86,e08,c5,p24,l3,0.00
i86,e08,c5,p25,l3,0.00
i86,e08,c5,p31,l3,0.00
i86,e08,c5,p35,l3,0.00
i86,e09,c5,p01,l3,0.00
i86,e09,c5,p02,l3,0.00
i86,e09,c5,p03,l3,0.00
i86,e09,c5,p04,l3,0.00
i86,e09,c5,p05,l3,0.00
i86,e09,c5,p07,l3,0.00
i86,e09,c5,p08,l3,0.00
i86,e09,c5,p10,l3,0.00
i86,e09,c5,p11,l3,0.00
i86,e09,c5,p12,l3,0.00
i86,e09,c5,p13,l3,0.00
i86,e09,c5,p16,l3,0.00
i86,e09,c5,p17,l3,0.00
i86,e09,c5,p18,l3,0.00
i86,e09,c5,p19,l3,0.00
i86,e09,c5,p21,l3,0.00
i86,e09,c5,p23,l3,0.00
i86,e09,c5,p24,l3,0.00
i86,e09,c5,p25,l3,0.00
i86,e11,c5,p01,l3,0.00
i86,e11,c5,p02,l3,0.00
i86,e11,c5,p04,l3,0.00
i86,e11,c5,p10,l3,0.00
i86,e11,c5,p19,l3,0.00
i86,e11,c5,p21,l3,0.00
i86,e13,c5,p01,l3,0.00
i86,e13,c5,p03,l3,0.00
i86,e13,c5,p04,l3,0.00
i86,e13,c5,p05,l3,0.00
i86,e13,c5,p06,l3,0.00
i86,e13,c5,p07,l3,0.00
i86,e13,c5,p09,l3,0.00
i86,e13,c5,p10,l3,0.00
i86,e13,c5,p11,l3,0.00
i86,e13,c5,p12,l3,0.00
i86,e13,c5,p13,l3,0.00
i86,e13,c5,p14,l3,0.00
i86,e13,c5,p15,l3,0.00
i86,e13,c5,p16,l3,0.00
i86,e13,c5,p17,l3,0.00
i86,e13,c5,p18,l3,0.00
i86,e13,c5,p19,l3,0.00
i86,e13,c5,p21,l3,0.00
i86,e13,c5,p22,l3,0.00
i86,e13,c5,p23,l3,0.00
i86,e13,c5,p24,l3,0.00
i86,e13,c5,p25,l3,0.00
i86,e13,c5,p28,l3,0.00
i86,e13,c5,p31,l3,0.00
i87,e01,c3,p35,l3,0.00
i87,e01,c5,p01,l3,0.00
i87,e01,c5,p02,l3,0.00
i87,e01,c5,p03,l3,0.00
i87,e01,c5,p05,l3,0.00
i87,e01,c5,p06,l3,0.00
i87,e01,c5,p07,l3,0.00
i87,e01,c5,p08,l3,0.00
i87,e01,c5,p09,l3,0.00
i87,e01,c5,p10,l3,0.00
i87,e01,c5,p11,l3,0.00
i87,e01,c5,p12,l3,0.00
i87,e01,c5,p13,l3,0.00
i87,e01,c5,p15,l3,0.00
i87,e01,c5,p16,l3,0.00
i87,e01,c5,p17,l3,0.00
i87,e01,c5,p18,l3,0.00
i87,e01,c5,p19,l3,0.00
i87,e01,c5,p20,l3,0.00
i87,e01,c5,p21,l3,0.00
i87,e01,c5,p22,l3,0.00
i87,e01,c5,p23,l3,0.00
i87,e01,c5,p24,l3,0.00
i87,e01,c5,p25,l3,0.00
i87,e01,c5,p28,l3,0.00
i87,e01,c5,p29,l3,0.00
i87,e01,c5,p31,l3,0.00
i87,e01,c5,p32,l3,0.00
i87,e01,c5,p35,l3,0.00
i87,e04,c3,p35,l3,0.00
i87,e04,c5,p01,l3,0.00
i87,e04,c5,p02,l3,0.00
i87,e04,c5,p03,l3,0.00
i87,e04,c5,p04,l3,0.00
i87,e04,c5,p05,l3,0.00
i87,e04,c5,p06,l3,0.00
i87,e04,c5,p07,l3,0.00
i87,e04,c5,p08,l3,0.00
i87,e04,c5,p10,l3,0.00
i87,e04,c5,p11,l3,0.00
i87,e04,c5,p12,l3,0.00
i87,e04,c5,p13,l3,0.00
i87,e04,c5,p14,l3,0.00
i87,e04,c5,p15,l3,0.00
i87,e04,c5,p16,l3,0.00
i87,e04,c5,p17,l3,0.00
i87,e04,c5,p18,l3,0.00
i87,e04,c5,p19,l3,0.00
i87,e04,c5,p20,l3,0.00
i87,e04,c5,p21,l3,0.00
i87,e04,c5,p22,l3,0.00
i87,e04,c5,p23,l3,0.00
i87,e04,c5,p24,l3,0.00
i87,e04,c5,p25,l3,0.00
i87,e04,c5,p28,l3,0.00
i87,e04,c5,p29,l3,0.00
i87,e04,c5,p32,l3,0.00
i87,e04,c5,p35,l3,0.00
i87,e05,c5,p01,l3,0.00
i87,e05,c5,p03,l3,0.00
i87,e05,c5,p06,l3,0.00
i87,e05,c5,p07,l3,0.00
i87,e05,c5,p08,l3,0.00
i87,e05,c5,p10,l3,0.00
i87,e05,c5,p11,l3,0.00
i87,e05,c5,p12,l3,0.00
i87,e05,c5,p14,l3,0.00
i87,e05,c5,p15,l3,0.00
i87,e05,c5,p16,l3,0.00
i87,e05,c5,p17,l3,0.00
i87,e05,c5,p18,l3,0.00
i87,e05,c5,p19,l3,0.00
i87,e05,c5,p20,l3,0.00
i87,e05,c5,p21,l3,0.00
i87,e05,c5,p22,l3,0.00
i87,e05,c5,p23,l3,0.00
i87,e05,c5,p24,l3,0.00
i87,e05,c5,p28,l3,0.00
i87,e05,c5,p29,l3,0.00
i87,e05,c5,p35,l3,0.00
i87,e09,c5,p01,l3,0.00
i87,e09,c5,p03,l3,0.00
i87,e09,c5,p05,l3,0.00
i87,e09,c5,p06,l3,0.00
i87,e09,c5,p07,l3,0.00
i87,e09,c5,p08,l3,0.00
i87,e09,c5,p10,l3,0.00
i87,e09,c5,p11,l3,0.00
i87,e09,c5,p12,l3,0.00
i87,e09,c5,p14,l3,0.00
i87,e09,c5,p15,l3,0.00
i87,e09,c5,p16,l3,0.00
i87,e09,c5,p17,l3,0.00
i87,e09,c5,p18,l3,0.00
i87,e09,c5,p19,l3,0.00
i87,e09,c5,p20,l3,0.00
i87,e09,c5,p21,l3,0.00
i87,e09,c5,p22,l3,0.00
i87,e09,c5,p23,l3,0.00
i87,e09,c5,p24,l3,0.00
i87,e09,c5,p25,l3,0.00
i87,e09,c5,p28,l3,0.00
i87,e09,c5,p29,l3,0.00
i87,e09,c5,p32,l3,0.00
i87,e09,c5,p35,l3,0.00
i88,e01,c1,p35,l3,0.00
i88,e01,c4,p35,l3,0.00
i88,e04,c1,p35,l3,0.00
i88,e05,c1,p35,l3,0.00
i88,e08,c1,p35,l3,0.00
i88,e09,c1,p35,l3,0.00
i88,e09,c4,p35,l3,0.00
i88,e11,c1,p35,l3,0.00
i88,e11,c4,p35,l3,0.00
i89,e01,c1,p01,l3,0.00
i89,e01,c1,p02,l3,0.00
i89,e01,c1,p03,l3,0.00
i89,e01,c1,p04,l3,0.00
i89,e01,c1,p05,l3,0.00
i89,e01,c1,p06,l3,0.00
i89,e01,c1,p07,l3,0.00
i89,e01,c1,p08,l3,0.00
i89,e01,c1,p09,l3,0.00
i89,e01,c1,p10,l3,0.00
i89,e01,c1,p11,l3,0.00
i89,e01,c1,p12,l3,0.00
i89,e01,c1,p13,l3,0.00
i89,e01,c1,p14,l3,0.00
i89,e01,c1,p15,l3,0.00
i89,e01,c1,p16,l3,0.00
i89,e01,c1,p17,l3,0.00
i89,e01,c1,p18,l3,0.00
i89,e01,c1,p19,l3,0.00
i89,e01,c1,p20,l3,0.00
i89,e01,c1,p21,l3,0.00
i89,e01,c1,p22,l3,0.00
i89,e01,c1,p23,l3,0.00
i89,e01,c1,p24,l3,0.00
i89,e01,c1,p25,l3,0.00
i89,e01,c1,p26,l3,0.00
i89,e01,c1,p28,l3,0.00
i89,e01,c1,p29,l3,0.00
i89,e01,c1,p30,l3,0.00
i89,e01,c1,p31,l3,0.00
i89,e01,c1,p32,l3,0.00
i89,e01,c1,p33,l3,0.00
i89,e01,c1,p35,l3,0.00
i89,e01,c4,p01,l3,0.00
i89,e01,c4,p02,l3,0.00
i89,e01,c4,p03,l3,0.00
i89,e01,c4,p04,l3,0.00
i89,e01,c4,p05,l3,0.00
i89,e01,c4,p07,l3,0.00
i89,e01,c4,p09,l3,0.00
i89,e01,c4,p10,l3,0.00
i89,e01,c4,p13,l3,0.00
i89,e01,c4,p14,l3,0.00
i89,e01,c4,p15,l3,0.00
i89,e01,c4,p18,l3,0.00
i89,e01,c4,p19,l3,0.00
i89,e01,c4,p21,l3,0.00
i89,e01,c4,p22,l3,0.00
i89,e01,c4,p23,l3,0.00
i89,e01,c4,p24,l3,0.00
i89,e01,c4,p25,l3,0.00
i89,e01,c4,p32,l3,0.00
i89,e01,c4,p35,l3,0.00
i89,e01,c7,p19,l3,0.00
i89,e04,c1,p01,l1,0.00
i89,e04,c1,p01,l3,0.00
i89,e04,c1,p02,l1,0.00
i89,e04,c1,p02,l3,0.00
i89,e04,c1,p03,l1,0.00
i89,e04,c1,p03,l3,0.00
i89,e04,c1,p04,l1,0.00
i89,e04,c1,p04,l3,0.00
i89,e04,c1,p05,l1,0.00
i89,e04,c1,p05,l3,0.00
i89,e04,c1,p06,l3,0.00
i89,e04,c1,p07,l1,0.00
i89,e04,c1,p07,l3,0.00
i89,e04,c1,p08,l1,0.00
i89,e04,c1,p08,l3,0.00
i89,e04,c1,p09,l1,0.00
i89,e04,c1,p09,l3,0.00
i89,e04,c1,p10,l1,0.00
i89,e04,c1,p10,l3,0.00
i89,e04,c1,p11,l1,0.00
i89,e04,c1,p11,l3,0.00
i89,e04,c1,p12,l1,0.00
i89,e04,c1,p12,l3,0.00
i89,e04,c1,p13,l1,0.00
i89,e04,c1,p13,l3,0.00
i89,e04,c1,p14,l1,0.00
i89,e04,c1,p14,l3,0.00
i89,e04,c1,p15,l1,0.00
i89,e04,c1,p15,l3,0.00
i89,e04,c1,p16,l1,0.00
i89,e04,c1,p16,l3,0.00
i89,e04,c1,p17,l1,0.00
i89,e04,c1,p17,l3,0.00
i89,e04,c1,p18,l1,0.00
i89,e04,c1,p18,l3,0.00
i89,e04,c1,p19,l1,0.00
i89,e04,c1,p19,l3,0.00
i89,e04,c1,p20,l1,0.00
i89,e04,c1,p20,l3,0.00
i89,e04,c1,p21,l1,0.00
i89,e04,c1,p21,l3,0.00
i89,e04,c1,p22,l1,0.00
i89,e04,c1,p22,l3,0.00
i89,e04,c1,p23,l1,0.00
i89,e04,c1,p23,l3,0.00
i89,e04,c1,p24,l1,0.00
i89,e04,c1,p24,l3,0.00
i89,e04,c1,p25,l1,0.00
i89,e04,c1,p25,l3,0.00
i89,e04,c1,p26,l3,0.00
i89,e04,c1,p28,l1,0.00
i89,e04,c1,p28,l3,0.00
i89,e04,c1,p29,l1,0.00
i89,e04,c1,p29,l3,0.00
i89,e04,c1,p30,l3,0.00
i89,e04,c1,p31,l1,0.00
i89,e04,c1,p31,l3,0.00
i89,e04,c1,p32,l1,0.00
i89,e04,c1,p32,l3,0.00
i89,e04,c1,p33,l3,0.00
i89,e04,c1,p35,l1,0.00
i89,e04,c1,p35,l3,0.00
i89,e04,c4,p01,l3,0.00
i89,e04,c4,p02,l1,0.00
i89,e04,c4,p03,l1,0.00
i89,e04,c4,p07,l3,0.00
i89,e04,c4,p08,l1,0.00
i89,e04,c4,p09,l3,0.00
i89,e04,c4,p10,l1,0.00
i89,e04,c4,p10,l3,0.00
i89,e04,c4,p13,l3,0.00
i89,e04,c4,p14,l3,0.00
i89,e04,c4,p15,l1,0.00
i89,e04,c4,p15,l3,0.00
i89,e04,c4,p18,l3,0.00
i89,e04,c4,p19,l3,0.00
i89,e04,c4,p21,l3,0.00
i89,e04,c4,p22,l3,0.00
i89,e04,c4,p23,l3,0.00
i89,e04,c4,p24,l3,0.00
i89,e04,c4,p25,l1,0.00
i89,e04,c4,p35,l1,0.00
i89,e04,c4,p35,l3,0.00
i89,e04,c7,p19,l3,0.00
i89,e05,c1,p01,l3,0.00
i89,e05,c1,p02,l3,0.00
i89,e05,c1,p03,l3,0.00
i89,e05,c1,p04,l3,0.00
i89,e05,c1,p05,l3,0.00
i89,e05,c1,p06,l3,0.00
i89,e05,c1,p07,l3,0.00
i89,e05,c1,p10,l3,0.00
i89,e05,c1,p11,l1,0.00
i89,e05,c1,p11,l3,0.00
i89,e05,c1,p12,l3,0.00
i89,e05,c1,p13,l3,0.00
i89,e05,c1,p14,l3,0.00
i89,e05,c1,p15,l3,0.00
i89,e05,c1,p16,l1,0.00
i89,e05,c1,p16,l3,0.00
i89,e05,c1,p17,l3,0.00
i89,e05,c1,p18,l3,0.00
i89,e05,c1,p19,l1,0.00
i89,e05,c1,p19,l3,0.00
i89,e05,c1,p21,l3,0.00
i89,e05,c1,p22,l3,0.00
i89,e05,c1,p23,l3,0.00
i89,e05,c1,p24,l1,0.00
i89,e05,c1,p24,l3,0.00
i89,e05,c1,p25,l3,0.00
i89,e05,c1,p28,l1,0.00
i89,e05,c1,p29,l3,0.00
i89,e05,c1,p32,l3,0.00
i89,e05,c1,p35,l1,0.00
i89,e05,c1,p35,l3,0.00
i89,e05,c4,p09,l3,0.00
i89,e05,c4,p23,l3,0.00
i89,e05,c4,p35,l3,0.00
i89,e09,c1,p01,l2,0.00
i89,e09,c1,p01,l3,0.00
i89,e09,c1,p02,l2,0.00
i89,e09,c1,p02,l3,0.00
i89,e09,c1,p03,l2,0.00
i89,e09,c1,p03,l3,0.00
i89,e09,c1,p04,l2,0.00
i89,e09,c1,p04,l3,0.00
i89,e09,c1,p05,l2,0.00
i89,e09,c1,p05,l3,0.00
i89,e09,c1,p06,l2,0.00
i89,e09,c1,p06,l3,0.00
i89,e09,c1,p07,l2,0.00
i89,e09,c1,p07,l3,0.00
i89,e09,c1,p08,l2,0.00
i89,e09,c1,p08,l3,0.00
i89,e09,c1,p09,l2,0.00
i89,e09,c1,p09,l3,0.00
i89,e09,c1,p10,l2,0.00
i89,e09,c1,p10,l3,0.00
i89,e09,c1,p11,l2,0.00
i89,e09,c1,p11,l3,0.00
i89,e09,c1,p12,l2,0.00
i89,e09,c1,p12,l3,0.00
i89,e09,c1,p13,l2,0.00
i89,e09,c1,p13,l3,0.00
i89,e09,c1,p14,l2,0.00
i89,e09,c1,p14,l3,0.00
i89,e09,c1,p15,l2,0.00
i89,e09,c1,p15,l3,0.00
i89,e09,c1,p16,l2,0.00
i89,e09,c1,p16,l3,0.00
i89,e09,c1,p17,l2,0.00
i89,e09,c1,p17,l3,0.00
i89,e09,c1,p18,l2,0.00
i89,e09,c1,p18,l3,0.00
i89,e09,c1,p19,l2,0.00
i89,e09,c1,p19,l3,0.00
i89,e09,c1,p20,l2,0.00
i89,e09,c1,p20,l3,0.00
i89,e09,c1,p21,l2,0.00
i89,e09,c1,p21,l3,0.00
i89,e09,c1,p22,l2,0.00
i89,e09,c1,p22,l3,0.00
i89,e09,c1,p23,l2,0.00
i89,e09,c1,p23,l3,0.00
i89,e09,c1,p24,l2,0.00
i89,e09,c1,p24,l3,0.00
i89,e09,c1,p25,l2,0.00
i89,e09,c1,p25,l3,0.00
i89,e09,c1,p26,l3,0.00
i89,e09,c1,p28,l3,0.00
i89,e09,c1,p29,l2,0.00
i89,e09,c1,p29,l3,0.00
i89,e09,c1,p30,l3,0.00
i89,e09,c1,p31,l3,0.00
i89,e09,c1,p32,l2,0.00
i89,e09,c1,p32,l3,0.00
i89,e09,c1,p33,l3,0.00
i89,e09,c1,p35,l2,0.00
i89,e09,c1,p35,l3,0.00
i89,e09,c4,p01,l2,0.00
i89,e09,c4,p01,l3,0.00
i89,e09,c4,p02,l2,0.00
i89,e09,c4,p03,l2,0.00
i89,e09,c4,p03,l3,0.00
i89,e09,c4,p05,l3,0.00
i89,e09,c4,p06,l2,0.00
i89,e09,c4,p07,l3,0.00
i89,e09,c4,p08,l3,0.00
i89,e09,c4,p09,l3,0.00
i89,e09,c4,p10,l2,0.00
i89,e09,c4,p10,l3,0.00
i89,e09,c4,p13,l2,0.00
i89,e09,c4,p13,l3,0.00
i89,e09,c4,p14,l3,0.00
i89,e09,c4,p15,l3,0.00
i89,e09,c4,p17,l3,0.00
i89,e09,c4,p18,l3,0.00
i89,e09,c4,p19,l3,0.00
i89,e09,c4,p21,l3,0.00
i89,e09,c4,p22,l3,0.00
i89,e09,c4,p35,l2,0.00
i89,e09,c4,p35,l3,0.00
i89,e09,c7,p19,l3,0.00
i89,e09,c7,p35,l3,0.00
i90,e01,c1,p01,l3,0.00
i90,e01,c1,p10,l3,0.00
i90,e01,c1,p11,l3,0.00
i90,e01,c1,p12,l3,0.00
i90,e01,c1,p14,l3,0.00
i90,e01,c1,p19,l3,0.00
i90,e01,c1,p23,l3,0.00
i90,e01,c1,p24,l3,0.00
i90,e01,c1,p26,l3,0.00
i90,e01,c1,p32,l3,0.00
i90,e03,c1,p01,l3,0.00
i90,e03,c1,p02,l3,0.00
i90,e03,c1,p03,l3,0.00
i90,e03,c1,p04,l3,0.00
i90,e03,c1,p05,l3,0.00
i90,e03,c1,p06,l3,0.00
i90,e03,c1,p08,l3,0.00
i90,e03,c1,p09,l3,0.00
i90,e03,c1,p10,l3,0.00
i90,e03,c1,p11,l3,0.00
i90,e03,c1,p12,l3,0.00
i90,e03,c1,p15,l3,0.00
i90,e03,c1,p16,l3,0.00
i90,e03,c1,p17,l3,0.00
i90,e03,c1,p18,l3,0.00
i90,e03,c1,p19,l3,0.00
i90,e03,c1,p20,l3,0.00
i90,e03,c1,p21,l3,0.00
i90,e03,c1,p23,l3,0.00
i90,e03,c1,p25,l3,0.00
i90,e03,c1,p26,l3,0.00
i90,e03,c1,p28,l3,0.00
i90,e03,c1,p32,l3,0.00
i90,e03,c1,p35,l3,0.00
i90,e03,c4,p01,l3,0.00
i90,e03,c4,p19,l3,0.00
i90,e04,c1,p04,l3,0.00
i90,e04,c1,p10,l3,0.00
i90,e04,c1,p11,l3,0.00
i90,e04,c1,p12,l3,0.00
i90,e04,c1,p15,l3,0.00
i90,e04,c1,p19,l3,0.00
i90,e04,c1,p23,l3,0.00
i90,e04,c1,p24,l3,0.00
i90,e04,c1,p26,l3,0.00
i90,e04,c1,p32,l3,0.00
i90,e08,c1,p01,l3,0.00
i90,e08,c1,p04,l3,0.00
i90,e08,c1,p05,l3,0.00
i90,e08,c1,p10,l3,0.00
i90,e08,c1,p11,l3,0.00
i90,e08,c1,p12,l2,0.00
i90,e08,c1,p19,l3,0.00
i90,e08,c1,p20,l3,0.00
i90,e08,c1,p21,l3,0.00
i90,e08,c1,p23,l3,0.00
i90,e08,c1,p26,l3,0.00
i90,e08,c1,p32,l3,0.00
i90,e08,c1,p35,l3,0.00
i90,e08,c4,p01,l3,0.00
i90,e09,c1,p10,l3,0.00
i90,e09,c1,p11,l3,0.00
i90,e09,c1,p12,l3,0.00
i90,e09,c1,p19,l3,0.00
i90,e09,c1,p23,l3,0.00
i90,e09,c1,p24,l3,0.00
i90,e09,c1,p25,l3,0.00
i90,e09,c1,p26,l3,0.00
i90,e09,c1,p32,l3,0.00
i90,e09,c4,p01,l3,0.00
i90,e11,c1,p01,l3,0.00
i90,e11,c1,p05,l3,0.00
i90,e11,c1,p10,l2,0.00
i90,e11,c1,p10,l3,0.00
i90,e11,c1,p11,l3,0.00
i90,e11,c1,p12,l3,0.00
i90,e11,c1,p23,l3,0.00
i91,e01,c1,p10,l3,0.00
i91,e04,c1,p10,l3,0.00
i91,e05,c1,p10,l3,0.00
i91,e08,c1,p10,l3,0.00
i91,e09,c1,p10,l3,0.00
i91,e13,c1,p10,l3,0.00
i93,e01,c5,p10,l3,0.00
i93,e01,c5,p35,l3,0.00
i93,e02,c5,p35,l3,0.00
i93,e03,c5,p10,l3,0.00
i93,e03,c5,p35,l3,0.00
i93,e04,c5,p10,l3,0.00
i93,e04,c5,p35,l3,0.00
i93,e05,c5,p01,l3,0.00
i93,e05,c5,p10,l3,0.00
i93,e05,c5,p35,l3,0.00
i93,e08,c5,p01,l3,0.00
i93,e08,c5,p10,l3,0.00
i93,e08,c5,p35,l3,0.00
i93,e09,c5,p10,l3,0.00
i93,e10,c5,p10,l3,0.00
i93,e10,c5,p35,l3,0.00
i93,e11,c5,p01,l3,0.00
i93,e11,c5,p10,l3,0.00
i93,e11,c5,p35,l3,0.00
i93,e12,c5,p10,l3,0.00
i93,e12,c5,p35,l3,0.00
i94,e01,c1,p35,l3,0.00
i94,e04,c1,p35,l3,0.00
i94,e05,c1,p35,l3,0.00
i94,e08,c1,p35,l3,0.00
i94,e09,c1,p35,l3,0.00
i94,e11,c1,p35,l3,0.00
i94,e13,c1,p35,l3,0.00
i95,e01,c3,p35,l3,0.00
i95,e01,c5,p35,l3,0.00
i95,e02,c3,p35,l3,0.00
i95,e02,c5,p35,l3,0.00
i95,e04,c3,p35,l3,0.00
i95,e04,c5,p35,l3,0.00
i95,e05,c3,p35,l3,0.00
i95,e05,c5,p35,l3,0.00
i95,e09,c3,p35,l3,0.00
i95,e09,c5,p35,l3,0.00
i96,e01,c3,p35,l3,0.00
i96,e01,c5,p01,l3,0.00
i96,e01,c5,p03,l3,0.00
i96,e01,c5,p06,l3,0.00
i96,e01,c5,p10,l3,0.00
i96,e01,c5,p13,l3,0.00
i96,e01,c5,p14,l3,0.00
i96,e01,c5,p19,l3,0.00
i96,e01,c5,p29,l3,0.00
i96,e01,c5,p35,l3,0.00
i96,e02,c5,p21,l3,0.00
i96,e04,c3,p35,l3,0.00
i96,e04,c5,p01,l3,0.00
i96,e04,c5,p03,l3,0.00
i96,e04,c5,p05,l3,0.00
i96,e04,c5,p06,l3,0.00
i96,e04,c5,p10,l3,0.00
i96,e04,c5,p11,l3,0.00
i96,e04,c5,p12,l3,0.00
i96,e04,c5,p13,l3,0.00
i96,e04,c5,p16,l3,0.00
i96,e04,c5,p18,l3,0.00
i96,e04,c5,p19,l3,0.00
i96,e04,c5,p28,l3,0.00
i96,e04,c5,p29,l3,0.00
i96,e04,c5,p35,l3,0.00
i96,e09,c3,p35,l3,0.00
i96,e09,c5,p01,l3,0.00
i96,e09,c5,p03,l3,0.00
i96,e09,c5,p10,l3,0.00
i96,e09,c5,p12,l3,0.00
i96,e09,c5,p13,l3,0.00
i96,e09,c5,p17,l3,0.00
i96,e09,c5,p18,l3,0.00
i96,e09,c5,p19,l3,0.00
i96,e09,c5,p29,l3,0.00
i96,e09,c5,p35,l3,0.00
i97,e01,c1,p10,l3,0.00
i97,e01,c1,p12,l3,0.00
i97,e01,c1,p35,l3,0.00
i97,e04,c1,p05,l3,0.00
i97,e04,c1,p10,l1,0.00
i97,e04,c1,p10,l3,0.00
i97,e04,c1,p12,l3,0.00
i97,e04,c1,p35,l1,0.00
i97,e04,c1,p35,l3,0.00
i97,e05,c1,p10,l3,0.00
i97,e05,c1,p35,l3,0.00
i97,e08,c1,p10,l2,0.00
i97,e08,c1,p10,l3,0.00
i97,e08,c1,p12,l3,0.00
i97,e08,c1,p35,l2,0.00
i97,e08,c1,p35,l3,0.00
i97,e09,c1,p10,l2,0.00
i97,e09,c1,p10,l3,0.00
i97,e09,c1,p12,l3,0.00
i97,e09,c1,p35,l2,0.00
i97,e09,c1,p35,l3,0.00
i97,e11,c1,p10,l2,0.00
i97,e11,c1,p10,l3,0.00
i97,e11,c1,p35,l2,0.00
i97,e11,c1,p35,l3,0.00
i98,e01,c1,p10,l3,0.00
i98,e01,c1,p21,l3,0.00
i98,e04,c1,p10,l1,0.00
i98,e04,c1,p10,l3,0.00
i98,e04,c1,p11,l1,0.00
i98,e04,c1,p28,l3,0.00
i98,e05,c1,p10,l1,0.00
i98,e05,c1,p10,l3,0.00
i98,e05,c1,p35,l1,0.00
i98,e05,c1,p35,l3,0.00
i98,e09,c1,p10,l2,0.00
i98,e09,c1,p10,l3,0.00
i98,e09,c1,p11,l2,0.00
i98,e12,c1,p03,l3,0.00
i98,e12,c1,p10,l3,0.00
i98,e12,c1,p11,l3,0.00
i98,e12,c1,p12,l3,0.00
i98,e12,c1,p28,l3,0.00
i99,e01,c5,p05,l3,0.00
i99,e01,c5,p07,l3,0.00
i99,e01,c5,p10,l3,0.00
i99,e01,c5,p19,l3,0.00
i99,e01,c5,p20,l3,0.00
i99,e01,c5,p23,l3,0.00
i99,e01,c5,p24,l3,0.00
i99,e01,c5,p35,l3,0.00
i99,e04,c3,p35,l3,0.00
i99,e04,c5,p02,l3,0.00
i99,e04,c5,p05,l3,0.00
i99,e04,c5,p06,l3,0.00
i99,e04,c5,p07,l3,0.00
i99,e04,c5,p08,l3,0.00
i99,e04,c5,p10,l3,0.00
i99,e04,c5,p12,l3,0.00
i99,e04,c5,p14,l3,0.00
i99,e04,c5,p15,l3,0.00
i99,e04,c5,p18,l3,0.00
i99,e04,c5,p19,l3,0.00
i99,e04,c5,p22,l3,0.00
i99,e04,c5,p23,l3,0.00
i99,e04,c5,p24,l3,0.00
i99,e04,c5,p25,l3,0.00
i99,e04,c5,p29,l3,0.00
i99,e04,c5,p35,l3,0.00
i99,e05,c3,p03,l3,0.00
i99,e05,c3,p07,l1,0.00
i99,e05,c3,p19,l3,0.00
i99,e05,c3,p35,l1,0.00
i99,e05,c3,p35,l3,0.00
i99,e05,c5,p01,l3,0.00
i99,e05,c5,p02,l3,0.00
i99,e05,c5,p03,l1,0.00
i99,e05,c5,p03,l3,0.00
i99,e05,c5,p04,l1,0.00
i99,e05,c5,p04,l3,0.00
i99,e05,c5,p05,l1,0.00
i99,e05,c5,p05,l3,0.00
i99,e05,c5,p06,l3,0.00
i99,e05,c5,p07,l1,0.00
i99,e05,c5,p07,l3,0.00
i99,e05,c5,p08,l3,0.00
i99,e05,c5,p09,l3,0.00
i99,e05,c5,p10,l1,0.00
i99,e05,c5,p10,l3,0.00
i99,e05,c5,p11,l3,0.00
i99,e05,c5,p12,l3,0.00
i99,e05,c5,p13,l1,0.00
i99,e05,c5,p13,l3,0.00
i99,e05,c5,p14,l3,0.00
i99,e05,c5,p15,l1,0.00
i99,e05,c5,p15,l3,0.00
i99,e05,c5,p16,l1,0.00
i99,e05,c5,p16,l3,0.00
i99,e05,c5,p17,l3,0.00
i99,e05,c5,p18,l3,0.00
i99,e05,c5,p19,l3,0.00
i99,e05,c5,p20,l3,0.00
i99,e05,c5,p21,l1,0.00
i99,e05,c5,p21,l3,0.00
i99,e05,c5,p22,l3,0.00
i99,e05,c5,p23,l3,0.00
i99,e05,c5,p24,l1,0.00
i99,e05,c5,p24,l3,0.00
i99,e05,c5,p25,l1,0.00
i99,e05,c5,p25,l3,0.00
i99,e05,c5,p28,l3,0.00
i99,e05,c5,p29,l3,0.00
i99,e05,c5,p31,l3,0.00
i99,e05,c5,p32,l3,0.00
i99,e05,c5,p35,l1,0.00
i99,e05,c5,p35,l3,0.00
i99,e09,c5,p06,l3,0.00
i99,e09,c5,p19,l3,0.00
i99,e09,c5,p21,l3,0.00
i99,e09,c5,p22,l2,0.00
i99,e09,c5,p29,l3,0.00
i99,e09,c5,p35,l2,0.00
i99,e09,c5,p35,l3,0.00
unknown,e01,c1,p01,l3,0.00
unknown,e01,c1,p02,l3,0.00
unknown,e01,c1,p03,l3,0.00
unknown,e01,c1,p05,l3,0.00
unknown,e01,c1,p06,l3,0.00
unknown,e01,c1,p07,l3,0.00
unknown,e01,c1,p08,l3,0.00
unknown,e01,c1,p10,l3,0.00
unknown,e01,c1,p11,l3,0.00
unknown,e01,c1,p12,l3,0.00
unknown,e01,c1,p13,l3,0.00
unknown,e01,c1,p15,l3,0.00
unknown,e01,c1,p16,l3,0.00
unknown,e01,c1,p17,l3,0.00
unknown,e01,c1,p18,l3,0.00
unknown,e01,c1,p19,l3,0.00
unknown,e01,c1,p20,l3,0.00
unknown,e01,c1,p21,l3,0.00
unknown,e01,c1,p22,l3,0.00
unknown,e01,c1,p23,l3,0.00
unknown,e01,c1,p24,l3,0.00
unknown,e01,c1,p28,l3,0.00
unknown,e01,c1,p29,l3,0.00
unknown,e01,c1,p35,l3,0.00
unknown,e01,c2,p35,l3,0.00
unknown,e01,c3,p10,l3,0.00
unknown,e01,c3,p35,l3,0.00
unknown,e01,c4,p05,l3,0.00
unknown,e01,c4,p08,l3,0.00
unknown,e01,c4,p10,l3,0.00
unknown,e01,c4,p22,l3,0.00
unknown,e01,c4,p24,l3,0.00
unknown,e01,c4,p35,l3,0.00
unknown,e01,c5,p04,l3,0.00
unknown,e01,c5,p10,l3,0.00
unknown,e01,c5,p19,l3,0.00
unknown,e01,c5,p33,l3,0.00
unknown,e01,c5,p35,l3,0.00
unknown,e01,c8,p35,l3,0.00
unknown,e02,c3,p01,l3,0.00
unknown,e02,c3,p10,l1,0.00
unknown,e02,c3,p10,l3,0.00
unknown,e02,c3,p35,l1,0.00
unknown,e02,c3,p35,l3,0.00
unknown,e02,c5,p10,l3,0.00
unknown,e02,c5,p35,l3,0.00
unknown,e03,c1,p10,l3,0.00
unknown,e03,c1,p35,l3,0.00
unknown,e03,c3,p10,l3,0.00
unknown,e03,c3,p35,l3,0.00
unknown,e03,c5,p03,l3,0.00
unknown,e03,c5,p10,l3,0.00
unknown,e03,c5,p19,l3,0.00
unknown,e03,c5,p33,l3,0.00
unknown,e03,c5,p35,l3,0.00
unknown,e04,c1,p01,l3,0.00
unknown,e04,c1,p02,l3,0.00
unknown,e04,c1,p06,l3,0.00
unknown,e04,c1,p07,l3,0.00
unknown,e04,c1,p10,l3,0.00
unknown,e04,c1,p12,l3,0.00
unknown,e04,c1,p13,l3,0.00
unknown,e04,c1,p17,l3,0.00
unknown,e04,c1,p19,l3,0.00
unknown,e04,c1,p22,l1,0.00
unknown,e04,c1,p22,l3,0.00
unknown,e04,c1,p24,l3,0.00
unknown,e04,c1,p35,l3,0.00
unknown,e04,c2,p35,l3,0.00
unknown,e04,c3,p01,l3,0.00
unknown,e04,c3,p10,l1,0.00
unknown,e04,c3,p10,l3,0.00
unknown,e04,c3,p35,l1,0.00
unknown,e04,c3,p35,l3,0.00
unknown,e04,c4,p10,l3,0.00
unknown,e04,c5,p04,l3,0.00
unknown,e04,c5,p05,l3,0.00
unknown,e04,c5,p10,l3,0.00
unknown,e04,c5,p19,l3,0.00
unknown,e04,c5,p33,l3,0.00
unknown,e04,c5,p35,l3,0.00
unknown,e04,c8,p10,l3,0.00
unknown,e04,c8,p35,l3,0.00
unknown,e05,c1,p01,l3,0.00
unknown,e05,c1,p02,l1,0.00
unknown,e05,c1,p02,l3,0.00
unknown,e05,c1,p03,l3,0.00
unknown,e05,c1,p07,l1,0.00
unknown,e05,c1,p07,l3,0.00
unknown,e05,c1,p09,l3,0.00
unknown,e05,c1,p10,l1,0.00
unknown,e05,c1,p10,l3,0.00
unknown,e05,c1,p11,l3,0.00
unknown,e05,c1,p12,l3,0.00
unknown,e05,c1,p13,l3,0.00
unknown,e05,c1,p14,l3,0.00
unknown,e05,c1,p15,l3,0.00
unknown,e05,c1,p18,l3,0.00
unknown,e05,c1,p22,l3,0.00
unknown,e05,c1,p35,l1,0.00
unknown,e05,c1,p35,l3,0.00
unknown,e05,c3,p01,l3,0.00
unknown,e05,c3,p03,l3,0.00
unknown,e05,c3,p07,l3,0.00
unknown,e05,c3,p10,l1,0.00
unknown,e05,c3,p10,l3,0.00
unknown,e05,c3,p11,l3,0.00
unknown,e05,c3,p21,l1,0.00
unknown,e05,c3,p21,l3,0.00
unknown,e05,c3,p28,l3,0.00
unknown,e05,c3,p35,l1,0.00
unknown,e05,c3,p35,l3,0.00
unknown,e05,c4,p11,l3,0.00
unknown,e05,c4,p21,l3,0.00
unknown,e05,c5,p01,l3,0.00
unknown,e05,c5,p03,l3,0.00
unknown,e05,c5,p10,l3,0.00
unknown,e05,c5,p11,l3,0.00
unknown,e05,c5,p19,l3,0.00
unknown,e05,c5,p25,l3,0.00
unknown,e05,c5,p28,l3,0.00
unknown,e05,c5,p35,l3,0.00
unknown,e06,c1,p09,l3,0.00
unknown,e07,c1,p02,l3,0.00
unknown,e07,c1,p10,l3,0.00
unknown,e07,c1,p13,l3,0.00
unknown,e07,c1,p19,l3,0.00
unknown,e07,c1,p35,l3,0.00
unknown,e07,c5,p10,l3,0.00
unknown,e07,c5,p35,l3,0.00
unknown,e08,c1,p01,l3,0.00
unknown,e08,c1,p02,l3,0.00
unknown,e08,c1,p03,l3,0.00
unknown,e08,c1,p04,l3,0.00
unknown,e08,c1,p05,l3,0.00
unknown,e08,c1,p07,l2,0.00
unknown,e08,c1,p07,l3,0.00
unknown,e08,c1,p10,l2,0.00
unknown,e08,c1,p10,l3,0.00
unknown,e08,c1,p11,l3,0.00
unknown,e08,c1,p12,l2,0.00
unknown,e08,c1,p12,l3,0.00
unknown,e08,c1,p13,l3,0.00
unknown,e08,c1,p15,l3,0.00
unknown,e08,c1,p16,l3,0.00
unknown,e08,c1,p19,l3,0.00
unknown,e08,c1,p20,l3,0.00
unknown,e08,c1,p21,l3,0.00
unknown,e08,c1,p23,l3,0.00
unknown,e08,c1,p24,l3,0.00
unknown,e08,c1,p29,l3,0.00
unknown,e08,c1,p33,l3,0.00
unknown,e08,c1,p35,l2,0.00
unknown,e08,c1,p35,l3,0.00
unknown,e08,c3,p01,l3,0.00
unknown,e08,c3,p03,l3,0.00
unknown,e08,c3,p10,l2,0.00
unknown,e08,c3,p10,l3,0.00
unknown,e08,c3,p35,l2,0.00
unknown,e08,c3,p35,l3,0.00
unknown,e08,c4,p35,l3,0.00
unknown,e08,c5,p03,l3,0.00
unknown,e08,c5,p04,l3,0.00
unknown,e08,c5,p10,l3,0.00
unknown,e08,c5,p19,l3,0.00
unknown,e08,c5,p33,l3,0.00
unknown,e08,c5,p35,l3,0.00
unknown,e08,c8,p10,l3,0.00
unknown,e08,c8,p35,l3,0.00
unknown,e08,unknown,p35,unknown,0.00
unknown,e09,c1,p05,l3,0.00
unknown,e09,c1,p06,l3,0.00
unknown,e09,c1,p07,l3,0.00
unknown,e09,c1,p10,l2,0.00
unknown,e09,c1,p10,l3,0.00
unknown,e09,c1,p11,l3,0.00
unknown,e09,c1,p12,l3,0.00
unknown,e09,c1,p13,l3,0.00
unknown,e09,c1,p16,l3,0.00
unknown,e09,c1,p17,l3,0.00
unknown,e09,c1,p19,l3,0.00
unknown,e09,c1,p21,l3,0.00
unknown,e09,c1,p22,l2,0.00
unknown,e09,c1,p22,l3,0.00
unknown,e09,c1,p24,l3,0.00
unknown,e09,c1,p29,l3,0.00
unknown,e09,c1,p32,l3,0.00
unknown,e09,c1,p35,l3,0.00
unknown,e09,c3,p10,l2,0.00
unknown,e09,c3,p10,l3,0.00
unknown,e09,c3,p35,l3,0.00
unknown,e09,c5,p10,l3,0.00
unknown,e09,c5,p19,l3,0.00
unknown,e09,c5,p33,l3,0.00
unknown,e09,c5,p35,l3,0.00
unknown,e09,c8,p10,l3,0.00
unknown,e09,c8,p35,l3,0.00
unknown,e10,c1,p10,l3,0.00
unknown,e10,c1,p35,l3,0.00
unknown,e10,c3,p10,l3,0.00
unknown,e10,c3,p10,l4,0.00
unknown,e10,c3,p35,l3,0.00
unknown,e10,c3,p35,l4,0.00
unknown,e10,c5,p01,l3,0.00
unknown,e10,c5,p01,unknown,0.00
unknown,e10,c5,p10,l3,0.00
unknown,e10,c5,p10,l4,0.00
unknown,e10,c5,p16,l3,0.00
unknown,e10,c5,p16,unknown,0.00
unknown,e10,c5,p18,l3,0.00
unknown,e10,c5,p19,l3,0.00
unknown,e10,c5,p25,unknown,0.00
unknown,e10,c5,p33,l3,0.00
unknown,e10,c5,p35,l3,0.00
unknown,e10,c5,p35,l4,0.00
unknown,e10,c5,p35,unknown,0.00
unknown,e10,unknown,p35,unknown,0.00
unknown,e11,c1,p01,l3,0.00
unknown,e11,c1,p02,l3,0.00
unknown,e11,c1,p03,l3,0.00
unknown,e11,c1,p10,l3,0.00
unknown,e11,c1,p11,l3,0.00
unknown,e11,c1,p13,l3,0.00
unknown,e11,c1,p17,l3,0.00
unknown,e11,c1,p19,l3,0.00
unknown,e11,c1,p21,l3,0.00
unknown,e11,c1,p23,l3,0.00
unknown,e11,c1,p35,l3,0.00
unknown,e11,c3,p10,l3,0.00
unknown,e11,c3,p35,l3,0.00
unknown,e11,c5,p10,l3,0.00
unknown,e11,c5,p19,l3,0.00
unknown,e11,c5,p35,l3,0.00
unknown,e12,c1,p01,l3,0.00
unknown,e12,c1,p02,l3,0.00
unknown,e12,c1,p03,l3,0.00
unknown,e12,c1,p04,l3,0.00
unknown,e12,c1,p09,l3,0.00
unknown,e12,c1,p10,l3,0.00
unknown,e12,c1,p11,l3,0.00
unknown,e12,c1,p12,l3,0.00
unknown,e12,c1,p13,l3,0.00
unknown,e12,c1,p14,l3,0.00
unknown,e12,c1,p15,l3,0.00
unknown,e12,c1,p18,l3,0.00
unknown,e12,c1,p19,l3,0.00
unknown,e12,c1,p20,l3,0.00
unknown,e12,c1,p21,l3,0.00
unknown,e12,c1,p24,l3,0.00
unknown,e12,c1,p35,l3,0.00
unknown,e12,c3,p10,l3,0.00
unknown,e12,c3,p35,l3,0.00
unknown,e12,c5,p10,l3,0.00
unknown,e12,c5,p19,l3,0.00
unknown,e12,c5,p35,l3,0.00
unknown,e12,c5,p35,unknown,0.00
unknown,e12,unknown,p35,unknown,0.00
unknown,e13,c1,p10,l3,0.00
unknown,e13,c5,p04,l3,0.00
unknown,e13,c5,p10,l3,0.00
unknown,e13,c5,p21,l3,0.00
unknown,e13,c5,p35,l3,0.00
