i01,e01,c1,p01,l3,0.00
i01,e01,c1,p02,l3,0.00
i01,e01,c1,p03,l3,2.02
i01,e01,c1,p04,l3,0.00
i01,e01,c1,p05,l3,0.00
i01,e01,c1,p06,l3,0.00
i01,e01,c1,p07,l3,0.00
i01,e01,c1,p08,l3,0.00
i01,e01,c1,p09,l3,0.00
i01,e01,c1,p10,l3,15.39
i01,e01,c1,p11,l3,0.00
i01,e01,c1,p12,l3,0.00
i01,e01,c1,p13,l3,3.68
i01,e01,c1,p14,l3,0.00
i01,e01,c1,p15,l3,7.23
i01,e01,c1,p16,l3,0.00
i01,e01,c1,p17,l3,0.00
i01,e01,c1,p18,l3,0.00
i01,e01,c1,p19,l3,0.00
i01,e01,c1,p20,l3,0.00
i01,e01,c1,p21,l3,0.00
i01,e01,c1,p22,l3,0.00
i01,e01,c1,p23,l3,1.53
i01,e01,c1,p24,l3,0.00
i01,e01,c1,p25,l3,1.49
i01,e01,c1,p26,l3,0.00
i01,e01,c1,p27,l3,0.00
i01,e01,c1,p28,l3,0.00
i01,e01,c1,p29,l3,0.00
i01,e01,c1,p30,l3,0.00
i01,e01,c1,p31,l3,0.00
i01,e01,c1,p32,l3,0.00
i01,e01,c1,p33,l3,0.00
i01,e01,c1,p34,l3,0.00
i01,e01,c1,p35,l3,29.24
i01,e01,c4,p01,l3,0.00
i01,e01,c4,p03,l3,0.00
i01,e01,c4,p04,l3,0.00
i01,e01,c4,p06,l3,0.00
i01,e01,c4,p07,l3,0.00
i01,e01,c4,p08,l3,0.00
i01,e01,c4,p09,l3,0.00
i01,e01,c4,p10,l3,0.00
i01,e01,c4,p11,l3,0.00
i01,e01,c4,p13,l3,0.00
i01,e01,c4,p15,l3,0.00
i01,e01,c4,p16,l3,0.00
i01,e01,c4,p17,l3,0.00
i01,e01,c4,p19,l3,0.00
i01,e01,c4,p21,l3,0.00
i01,e01,c4,p22,l3,0.00
i01,e01,c4,p23,l3,0.00
i01,e01,c4,p35,l3,0.00
i01,e01,c7,p35,l3,0.00
i01,e04,c1,p01,l1,0.00
i01,e04,c1,p01,l3,2.57
i01,e04,c1,p02,l1,0.00
i01,e04,c1,p02,l3,0.00
i01,e04,c1,p03,l1,0.00
i01,e04,c1,p03,l3,0.00
i01,e04,c1,p04,l1,0.00
i01,e04,c1,p04,l3,0.00
i01,e04,c1,p05,l1,0.00
i01,e04,c1,p05,l3,0.00
i01,e04,c1,p06,l1,0.00
i01,e04,c1,p06,l3,0.00
i01,e04,c1,p07,l1,0.00
i01,e04,c1,p07,l3,0.00
i01,e04,c1,p08,l1,0.00
i01,e04,c1,p08,l3,0.00
i01,e04,c1,p09,l1,0.00
i01,e04,c1,p09,l3,0.00
i01,e04,c1,p10,l1,0.00
i01,e04,c1,p10,l3,6.10
i01,e04,c1,p11,l1,0.00
i01,e04,c1,p11,l3,5.25
i01,e04,c1,p12,l1,0.00
i01,e04,c1,p12,l3,0.00
i01,e04,c1,p13,l1,0.00
i01,e04,c1,p13,l3,1.39
i01,e04,c1,p14,l1,0.00
i01,e04,c1,p14,l3,0.00
i01,e04,c1,p15,l1,0.00
i01,e04,c1,p15,l3,5.15
i01,e04,c1,p16,l1,0.00
i01,e04,c1,p16,l3,0.00
i01,e04,c1,p17,l1,0.00
i01,e04,c1,p17,l3,0.00
i01,e04,c1,p18,l1,0.00
i01,e04,c1,p18,l3,0.00
i01,e04,c1,p19,l1,0.00
i01,e04,c1,p19,l3,0.00
i01,e04,c1,p20,l1,0.00
i01,e04,c1,p20,l3,0.00
i01,e04,c1,p21,l1,0.00
i01,e04,c1,p21,l3,1.68
i01,e04,c1,p22,l1,0.00
i01,e04,c1,p22,l3,0.00
i01,e04,c1,p23,l1,0.00
i01,e04,c1,p23,l3,0.00
i01,e04,c1,p24,l1,0.00
i01,e04,c1,p24,l3,0.00
i01,e04,c1,p25,l1,0.00
i01,e04,c1,p25,l3,0.00
i01,e04,c1,p26,l1,0.00
i01,e04,c1,p26,l3,0.00
i01,e04,c1,p27,l3,0.00
i01,e04,c1,p28,l1,0.00
i01,e04,c1,p28,l3,0.00
i01,e04,c1,p29,l1,0.00
i01,e04,c1,p29,l3,0.00
i01,e04,c1,p30,l1,0.00
i01,e04,c1,p30,l3,0.00
i01,e04,c1,p31,l1,0.00
i01,e04,c1,p31,l3,0.00
i01,e04,c1,p32,l1,0.00
i01,e04,c1,p32,l3,0.00
i01,e04,c1,p33,l1,0.00
i01,e04,c1,p33,l3,0.00
i01,e04,c1,p34,l3,0.00
i01,e04,c1,p35,l1,0.00
i01,e04,c1,p35,l3,34.31
i01,e04,c4,p01,l1,0.00
i01,e04,c4,p01,l3,0.00
i01,e04,c4,p04,l1,0.00
i01,e04,c4,p04,l3,0.00
i01,e04,c4,p07,l3,0.00
i01,e04,c4,p08,l3,0.00
i01,e04,c4,p09,l3,0.00
i01,e04,c4,p10,l1,0.00
i01,e04,c4,p10,l3,0.00
i01,e04,c4,p11,l1,0.00
i01,e04,c4,p11,l3,0.00
i01,e04,c4,p13,l3,0.00
i01,e04,c4,p15,l3,0.00
i01,e04,c4,p16,l1,0.00
i01,e04,c4,p16,l3,0.00
i01,e04,c4,p19,l3,0.00
i01,e04,c4,p21,l3,0.00
i01,e04,c4,p22,l1,0.00
i01,e04,c4,p22,l3,0.00
i01,e04,c4,p23,l3,0.00
i01,e04,c4,p35,l1,0.00
i01,e04,c4,p35,l3,0.00
i01,e04,c7,p35,l3,0.00
i01,e05,c1,p01,l1,0.00
i01,e05,c1,p01,l3,0.00
i01,e05,c1,p02,l1,0.00
i01,e05,c1,p02,l3,0.00
i01,e05,c1,p03,l1,0.00
i01,e05,c1,p03,l3,0.00
i01,e05,c1,p04,l1,0.00
i01,e05,c1,p04,l3,0.00
i01,e05,c1,p05,l1,0.00
i01,e05,c1,p05,l3,0.00
i01,e05,c1,p06,l1,0.00
i01,e05,c1,p06,l3,0.00
i01,e05,c1,p07,l1,0.00
i01,e05,c1,p07,l3,0.00
i01,e05,c1,p08,l1,0.00
i01,e05,c1,p08,l3,0.00
i01,e05,c1,p09,l1,0.00
i01,e05,c1,p09,l3,0.00
i01,e05,c1,p10,l1,0.00
i01,e05,c1,p10,l3,0.00
i01,e05,c1,p11,l1,0.00
i01,e05,c1,p11,l3,0.00
i01,e05,c1,p12,l1,0.00
i01,e05,c1,p12,l3,0.00
i01,e05,c1,p13,l1,0.00
i01,e05,c1,p13,l3,0.00
i01,e05,c1,p14,l1,0.00
i01,e05,c1,p14,l3,0.00
i01,e05,c1,p15,l1,0.00
i01,e05,c1,p15,l3,0.00
i01,e05,c1,p16,l1,0.00
i01,e05,c1,p16,l3,0.00
i01,e05,c1,p17,l1,0.00
i01,e05,c1,p17,l3,0.00
i01,e05,c1,p18,l1,0.00
i01,e05,c1,p18,l3,0.00
i01,e05,c1,p19,l1,0.00
i01,e05,c1,p19,l3,0.00
i01,e05,c1,p20,l1,0.00
i01,e05,c1,p20,l3,0.00
i01,e05,c1,p21,l1,0.00
i01,e05,c1,p21,l3,0.00
i01,e05,c1,p22,l1,0.00
i01,e05,c1,p22,l3,0.00
i01,e05,c1,p23,l1,0.00
i01,e05,c1,p23,l3,0.00
i01,e05,c1,p24,l3,0.00
i01,e05,c1,p25,l3,0.00
i01,e05,c1,p26,l3,0.00
i01,e05,c1,p28,l1,0.00
i01,e05,c1,p28,l3,0.00
i01,e05,c1,p29,l1,0.00
i01,e05,c1,p29,l3,0.00
i01,e05,c1,p31,l1,0.00
i01,e05,c1,p31,l3,0.00
i01,e05,c1,p32,l1,0.00
i01,e05,c1,p32,l3,0.00
i01,e05,c1,p33,l3,0.00
i01,e05,c1,p35,l1,0.00
i01,e05,c1,p35,l3,1.19
i01,e05,c4,p01,l3,0.00
i01,e05,c4,p07,l1,0.00
i01,e05,c4,p12,l3,0.00
i01,e05,c4,p35,l3,0.00
i01,e06,c1,p01,l3,0.00
i01,e06,c1,p02,l3,0.00
i01,e06,c1,p03,l3,0.00
i01,e06,c1,p04,l3,0.00
i01,e06,c1,p05,l3,0.00
i01,e06,c1,p07,l3,0.00
i01,e06,c1,p08,l3,0.00
i01,e06,c1,p09,l3,0.00
i01,e06,c1,p10,l3,0.00
i01,e06,c1,p11,l3,0.00
i01,e06,c1,p12,l3,0.00
i01,e06,c1,p13,l3,0.00
i01,e06,c1,p14,l3,0.00
i01,e06,c1,p15,l3,0.00
i01,e06,c1,p16,l3,0.00
i01,e06,c1,p17,l3,0.00
i01,e06,c1,p18,l3,0.00
i01,e06,c1,p19,l3,0.00
i01,e06,c1,p21,l3,0.00
i01,e06,c1,p22,l3,0.00
i01,e06,c1,p23,l3,0.00
i01,e06,c1,p24,l3,0.00
i01,e06,c1,p25,l3,0.00
i01,e06,c1,p29,l3,0.00
i01,e06,c1,p31,l3,0.00
i01,e06,c1,p32,l3,0.00
i01,e06,c1,p35,l3,0.00
i01,e06,c4,p35,l3,0.00
i01,e07,c1,p01,l2,0.00
i01,e07,c1,p01,l3,0.00
i01,e07,c1,p02,l2,0.00
i01,e07,c1,p02,l3,0.00
i01,e07,c1,p03,l2,0.00
i01,e07,c1,p03,l3,0.00
i01,e07,c1,p04,l2,0.00
i01,e07,c1,p04,l3,0.00
i01,e07,c1,p05,l2,0.00
i01,e07,c1,p05,l3,0.00
i01,e07,c1,p06,l2,0.00
i01,e07,c1,p06,l3,0.00
i01,e07,c1,p07,l2,0.00
i01,e07,c1,p07,l3,0.00
i01,e07,c1,p08,l2,0.00
i01,e07,c1,p08,l3,0.00
i01,e07,c1,p09,l2,0.00
i01,e07,c1,p09,l3,0.00
i01,e07,c1,p10,l2,0.00
i01,e07,c1,p10,l3,0.00
i01,e07,c1,p11,l2,0.00
i01,e07,c1,p11,l3,0.00
i01,e07,c1,p12,l2,0.00
i01,e07,c1,p12,l3,0.00
i01,e07,c1,p13,l2,0.00
i01,e07,c1,p13,l3,0.00
i01,e07,c1,p14,l2,0.00
i01,e07,c1,p14,l3,0.00
i01,e07,c1,p15,l2,0.00
i01,e07,c1,p15,l3,0.00
i01,e07,c1,p16,l2,0.00
i01,e07,c1,p16,l3,0.00
i01,e07,c1,p17,l2,0.00
i01,e07,c1,p17,l3,0.00
i01,e07,c1,p18,l2,0.00
i01,e07,c1,p18,l3,0.00
i01,e07,c1,p19,l2,0.00
i01,e07,c1,p19,l3,0.00
i01,e07,c1,p20,l2,0.00
i01,e07,c1,p20,l3,0.00
i01,e07,c1,p21,l2,0.00
i01,e07,c1,p21,l3,0.00
i01,e07,c1,p22,l2,0.00
i01,e07,c1,p22,l3,0.00
i01,e07,c1,p23,l2,0.00
i01,e07,c1,p23,l3,0.00
i01,e07,c1,p24,l2,0.00
i01,e07,c1,p24,l3,0.00
i01,e07,c1,p25,l3,0.00
i01,e07,c1,p26,l2,0.00
i01,e07,c1,p26,l3,0.00
i01,e07,c1,p28,l2,0.00
i01,e07,c1,p28,l3,0.00
i01,e07,c1,p29,l2,0.00
i01,e07,c1,p29,l3,0.00
i01,e07,c1,p31,l2,0.00
i01,e07,c1,p32,l3,0.00
i01,e07,c1,p35,l2,0.00
i01,e07,c1,p35,l3,0.00
i01,e07,c4,p04,l2,0.00
i01,e07,c4,p16,l2,0.00
i01,e07,c4,p35,l2,0.00
i01,e07,c4,p35,l3,0.00
i01,e08,c1,p01,l2,0.00
i01,e08,c1,p01,l3,19.00
i01,e08,c1,p02,l2,0.00
i01,e08,c1,p02,l3,0.00
i01,e08,c1,p03,l2,0.00
i01,e08,c1,p03,l3,3.01
i01,e08,c1,p04,l2,0.00
i01,e08,c1,p04,l3,9.91
i01,e08,c1,p05,l2,0.00
i01,e08,c1,p05,l3,13.48
i01,e08,c1,p06,l2,0.00
i01,e08,c1,p06,l3,4.20
i01,e08,c1,p07,l2,0.00
i01,e08,c1,p07,l3,1.41
i01,e08,c1,p08,l2,0.00
i01,e08,c1,p08,l3,6.06
i01,e08,c1,p09,l2,0.00
i01,e08,c1,p09,l3,1.48
i01,e08,c1,p10,l2,0.00
i01,e08,c1,p10,l3,100.09
i01,e08,c1,p11,l2,0.00
i01,e08,c1,p11,l3,2.22
i01,e08,c1,p12,l2,0.00
i01,e08,c1,p12,l3,9.79
i01,e08,c1,p13,l2,0.00
i01,e08,c1,p13,l3,7.95
i01,e08,c1,p14,l2,0.00
i01,e08,c1,p14,l3,0.00
i01,e08,c1,p15,l2,0.00
i01,e08,c1,p15,l3,15.82
i01,e08,c1,p16,l2,0.00
i01,e08,c1,p16,l3,5.43
i01,e08,c1,p17,l2,0.00
i01,e08,c1,p17,l3,0.00
i01,e08,c1,p18,l2,0.00
i01,e08,c1,p18,l3,3.95
i01,e08,c1,p19,l2,0.00
i01,e08,c1,p19,l3,36.18
i01,e08,c1,p20,l2,0.00
i01,e08,c1,p20,l3,7.08
i01,e08,c1,p21,l2,0.00
i01,e08,c1,p21,l3,15.46
i01,e08,c1,p22,l2,0.00
i01,e08,c1,p22,l3,17.74
i01,e08,c1,p23,l2,0.00
i01,e08,c1,p23,l3,0.00
i01,e08,c1,p24,l2,0.00
i01,e08,c1,p24,l3,1.74
i01,e08,c1,p25,l2,0.00
i01,e08,c1,p25,l3,3.50
i01,e08,c1,p26,l2,0.00
i01,e08,c1,p26,l3,0.00
i01,e08,c1,p27,l3,0.00
i01,e08,c1,p28,l2,0.00
i01,e08,c1,p28,l3,2.69
i01,e08,c1,p29,l2,0.00
i01,e08,c1,p29,l3,1.22
i01,e08,c1,p30,l2,0.00
i01,e08,c1,p30,l3,0.00
i01,e08,c1,p31,l2,0.00
i01,e08,c1,p31,l3,0.00
i01,e08,c1,p32,l2,0.00
i01,e08,c1,p32,l3,1.41
i01,e08,c1,p33,l2,0.00
i01,e08,c1,p33,l3,0.00
i01,e08,c1,p34,l3,0.00
i01,e08,c1,p35,l2,0.00
i01,e08,c1,p35,l3,318.36
i01,e08,c4,p01,l2,0.00
i01,e08,c4,p01,l3,0.00
i01,e08,c4,p02,l2,0.00
i01,e08,c4,p03,l3,0.00
i01,e08,c4,p04,l2,0.00
i01,e08,c4,p04,l3,0.00
i01,e08,c4,p06,l3,0.00
i01,e08,c4,p07,l3,0.00
i01,e08,c4,p08,l2,0.00
i01,e08,c4,p08,l3,0.00
i01,e08,c4,p09,l3,0.00
i01,e08,c4,p10,l2,0.00
i01,e08,c4,p10,l3,0.00
i01,e08,c4,p11,l2,0.00
i01,e08,c4,p11,l3,0.00
i01,e08,c4,p12,l3,0.00
i01,e08,c4,p13,l2,0.00
i01,e08,c4,p13,l3,0.00
i01,e08,c4,p15,l2,0.00
i01,e08,c4,p15,l3,0.00
i01,e08,c4,p16,l2,0.00
i01,e08,c4,p16,l3,0.00
i01,e08,c4,p17,l3,0.00
i01,e08,c4,p18,l3,0.00
i01,e08,c4,p19,l2,0.00
i01,e08,c4,p19,l3,0.00
i01,e08,c4,p21,l2,0.00
i01,e08,c4,p21,l3,0.00
i01,e08,c4,p22,l2,0.00
i01,e08,c4,p22,l3,0.00
i01,e08,c4,p23,l3,0.00
i01,e08,c4,p35,l2,0.00
i01,e08,c4,p35,l3,0.00
i01,e08,c7,p35,l2,0.00
i01,e08,c7,p35,l3,0.00
i01,e08,c8,p04,l3,0.00
i01,e09,c1,p01,l2,0.00
i01,e09,c1,p01,l3,1.61
i01,e09,c1,p02,l2,0.00
i01,e09,c1,p02,l3,0.00
i01,e09,c1,p03,l2,0.00
i01,e09,c1,p03,l3,2.04
i01,e09,c1,p04,l2,0.00
i01,e09,c1,p04,l3,1.53
i01,e09,c1,p05,l2,0.00
i01,e09,c1,p05,l3,0.00
i01,e09,c1,p06,l2,0.00
i01,e09,c1,p06,l3,0.00
i01,e09,c1,p07,l2,0.00
i01,e09,c1,p07,l3,0.00
i01,e09,c1,p08,l2,0.00
i01,e09,c1,p08,l3,0.00
i01,e09,c1,p09,l2,0.00
i01,e09,c1,p09,l3,7.43
i01,e09,c1,p10,l2,0.00
i01,e09,c1,p10,l3,6.38
i01,e09,c1,p11,l2,0.00
i01,e09,c1,p11,l3,0.00
i01,e09,c1,p12,l2,0.00
i01,e09,c1,p12,l3,0.00
i01,e09,c1,p13,l2,0.00
i01,e09,c1,p13,l3,2.35
i01,e09,c1,p14,l2,0.00
i01,e09,c1,p14,l3,0.00
i01,e09,c1,p15,l2,0.00
i01,e09,c1,p15,l3,2.35
i01,e09,c1,p16,l2,0.00
i01,e09,c1,p16,l3,0.00
i01,e09,c1,p17,l2,0.00
i01,e09,c1,p17,l3,1.62
i01,e09,c1,p18,l2,0.00
i01,e09,c1,p18,l3,0.00
i01,e09,c1,p19,l2,0.00
i01,e09,c1,p19,l3,0.00
i01,e09,c1,p20,l2,0.00
i01,e09,c1,p20,l3,0.00
i01,e09,c1,p21,l2,0.00
i01,e09,c1,p21,l3,1.16
i01,e09,c1,p22,l2,0.00
i01,e09,c1,p22,l3,0.00
i01,e09,c1,p23,l2,0.00
i01,e09,c1,p23,l3,0.00
i01,e09,c1,p24,l2,0.00
i01,e09,c1,p24,l3,0.00
i01,e09,c1,p25,l2,0.00
i01,e09,c1,p25,l3,0.00
i01,e09,c1,p26,l2,0.00
i01,e09,c1,p26,l3,0.00
i01,e09,c1,p27,l3,0.00
i01,e09,c1,p28,l2,0.00
i01,e09,c1,p28,l3,0.00
i01,e09,c1,p29,l2,0.00
i01,e09,c1,p29,l3,0.00
i01,e09,c1,p30,l2,0.00
i01,e09,c1,p30,l3,0.00
i01,e09,c1,p31,l2,0.00
i01,e09,c1,p31,l3,1.45
i01,e09,c1,p32,l2,0.00
i01,e09,c1,p32,l3,0.00
i01,e09,c1,p33,l2,0.00
i01,e09,c1,p33,l3,0.00
i01,e09,c1,p34,l3,0.00
i01,e09,c1,p35,l2,0.00
i01,e09,c1,p35,l3,25.84
i01,e09,c4,p01,l2,0.00
i01,e09,c4,p01,l3,0.00
i01,e09,c4,p03,l3,0.00
i01,e09,c4,p04,l2,0.00
i01,e09,c4,p04,l3,0.00
i01,e09,c4,p06,l3,0.00
i01,e09,c4,p07,l2,0.00
i01,e09,c4,p07,l3,0.00
i01,e09,c4,p08,l3,0.00
i01,e09,c4,p09,l3,0.00
i01,e09,c4,p10,l2,0.00
i01,e09,c4,p10,l3,0.00
i01,e09,c4,p11,l2,0.00
i01,e09,c4,p11,l3,0.00
i01,e09,c4,p13,l3,0.00
i01,e09,c4,p15,l3,0.00
i01,e09,c4,p16,l2,0.00
i01,e09,c4,p16,l3,0.00
i01,e09,c4,p17,l3,0.00
i01,e09,c4,p19,l2,0.00
i01,e09,c4,p19,l3,0.00
i01,e09,c4,p21,l3,0.00
i01,e09,c4,p22,l2,0.00
i01,e09,c4,p22,l3,0.00
i01,e09,c4,p23,l3,0.00
i01,e09,c4,p35,l2,0.00
i01,e09,c4,p35,l3,0.00
i01,e09,c7,p35,l3,0.00
i01,e10,c1,p01,l3,0.00
i01,e10,c1,p02,l3,0.00
i01,e10,c1,p03,l3,0.00
i01,e10,c1,p04,l3,0.00
i01,e10,c1,p05,l3,0.00
i01,e10,c1,p06,l3,0.00
i01,e10,c1,p07,l3,0.00
i01,e10,c1,p08,l3,0.00
i01,e10,c1,p09,l3,0.00
i01,e10,c1,p10,l3,0.00
i01,e10,c1,p11,l3,0.00
i01,e10,c1,p12,l3,0.00
i01,e10,c1,p13,l3,0.00
i01,e10,c1,p14,l3,0.00
i01,e10,c1,p15,l3,0.00
i01,e10,c1,p16,l3,0.00
i01,e10,c1,p17,l3,0.00
i01,e10,c1,p18,l3,0.00
i01,e10,c1,p19,l3,0.00
i01,e10,c1,p20,l3,0.00
i01,e10,c1,p21,l3,0.00
i01,e10,c1,p22,l3,0.00
i01,e10,c1,p23,l3,0.00
i01,e10,c1,p24,l3,0.00
i01,e10,c1,p25,l3,0.00
i01,e10,c1,p28,l3,0.00
i01,e10,c1,p29,l3,0.00
i01,e10,c1,p31,l3,0.00
i01,e10,c1,p32,l3,0.00
i01,e10,c1,p35,l3,0.00
i01,e10,c4,p32,l3,0.00
i01,e10,c4,p35,l3,0.00
i01,e11,c1,p01,l2,0.00
i01,e11,c1,p01,l3,0.00
i01,e11,c1,p02,l2,0.00
i01,e11,c1,p02,l3,0.00
i01,e11,c1,p03,l2,0.00
i01,e11,c1,p03,l3,0.00
i01,e11,c1,p04,l2,0.00
i01,e11,c1,p04,l3,0.00
i01,e11,c1,p05,l2,0.00
i01,e11,c1,p05,l3,0.00
i01,e11,c1,p06,l2,0.00
i01,e11,c1,p06,l3,0.00
i01,e11,c1,p07,l2,0.00
i01,e11,c1,p07,l3,2.54
i01,e11,c1,p08,l2,0.00
i01,e11,c1,p08,l3,0.00
i01,e11,c1,p09,l2,0.00
i01,e11,c1,p09,l3,0.00
i01,e11,c1,p10,l2,0.00
i01,e11,c1,p10,l3,4.02
i01,e11,c1,p11,l2,0.00
i01,e11,c1,p11,l3,0.00
i01,e11,c1,p12,l2,0.00
i01,e11,c1,p12,l3,2.73
i01,e11,c1,p13,l2,0.00
i01,e11,c1,p13,l3,0.00
i01,e11,c1,p14,l2,0.00
i01,e11,c1,p14,l3,0.00
i01,e11,c1,p15,l2,0.00
i01,e11,c1,p15,l3,0.00
i01,e11,c1,p16,l2,0.00
i01,e11,c1,p16,l3,0.00
i01,e11,c1,p17,l2,0.00
i01,e11,c1,p17,l3,0.00
i01,e11,c1,p18,l2,0.00
i01,e11,c1,p18,l3,0.00
i01,e11,c1,p19,l2,0.00
i01,e11,c1,p19,l3,0.00
i01,e11,c1,p20,l2,0.00
i01,e11,c1,p20,l3,0.00
i01,e11,c1,p21,l2,0.00
i01,e11,c1,p21,l3,2.20
i01,e11,c1,p22,l2,0.00
i01,e11,c1,p22,l3,0.00
i01,e11,c1,p23,l2,0.00
i01,e11,c1,p23,l3,0.00
i01,e11,c1,p24,l2,0.00
i01,e11,c1,p24,l3,0.00
i01,e11,c1,p25,l2,0.00
i01,e11,c1,p25,l3,0.00
i01,e11,c1,p26,l3,0.00
i01,e11,c1,p28,l2,0.00
i01,e11,c1,p28,l3,0.00
i01,e11,c1,p29,l2,0.00
i01,e11,c1,p29,l3,0.00
i01,e11,c1,p30,l3,0.00
i01,e11,c1,p31,l2,0.00
i01,e11,c1,p31,l3,0.00
i01,e11,c1,p32,l2,0.00
i01,e11,c1,p32,l3,0.00
i01,e11,c1,p33,l3,0.00
i01,e11,c1,p35,l2,0.00
i01,e11,c1,p35,l3,12.08
i01,e11,c4,p01,l3,0.00
i01,e11,c4,p02,l3,0.00
i01,e11,c4,p03,l2,0.00
i01,e11,c4,p03,l3,0.00
i01,e11,c4,p04,l3,0.00
i01,e11,c4,p07,l3,0.00
i01,e11,c4,p08,l2,0.00
i01,e11,c4,p08,l3,0.00
i01,e11,c4,p09,l3,0.00
i01,e11,c4,p10,l2,0.00
i01,e11,c4,p10,l3,0.00
i01,e11,c4,p11,l3,0.00
i01,e11,c4,p12,l3,0.00
i01,e11,c4,p13,l3,0.00
i01,e11,c4,p15,l3,0.00
i01,e11,c4,p16,l3,0.00
i01,e11,c4,p18,l3,0.00
i01,e11,c4,p19,l3,0.00
i01,e11,c4,p21,l3,0.00
i01,e11,c4,p22,l3,0.00
i01,e11,c4,p23,l3,0.00
i01,e11,c4,p26,l3,0.00
i01,e11,c4,p32,l3,0.00
i01,e11,c4,p35,l2,0.00
i01,e11,c4,p35,l3,0.00
i01,e11,c7,p35,l3,0.00
i01,e12,c1,p01,l3,0.00
i01,e12,c1,p02,l3,0.00
i01,e12,c1,p03,l3,0.00
i01,e12,c1,p04,l3,0.00
i01,e12,c1,p05,l3,0.00
i01,e12,c1,p06,l3,0.00
i01,e12,c1,p07,l3,0.00
i01,e12,c1,p08,l3,0.00
i01,e12,c1,p09,l3,0.00
i01,e12,c1,p10,l3,0.00
i01,e12,c1,p11,l3,0.00
i01,e12,c1,p12,l3,0.00
i01,e12,c1,p13,l3,0.00
i01,e12,c1,p14,l3,0.00
i01,e12,c1,p15,l3,0.00
i01,e12,c1,p16,l3,0.00
i01,e12,c1,p17,l3,0.00
i01,e12,c1,p18,l3,0.00
i01,e12,c1,p19,l3,0.00
i01,e12,c1,p20,l3,0.00
i01,e12,c1,p21,l3,0.00
i01,e12,c1,p22,l3,0.00
i01,e12,c1,p23,l3,0.00
i01,e12,c1,p24,l3,0.00
i01,e12,c1,p25,l3,0.00
i01,e12,c1,p26,l3,0.00
i01,e12,c1,p28,l3,0.00
i01,e12,c1,p29,l3,0.00
i01,e12,c1,p30,l3,0.00
i01,e12,c1,p31,l3,0.00
i01,e12,c1,p32,l3,0.00
i01,e12,c1,p33,l3,0.00
i01,e12,c1,p34,l3,0.00
i01,e12,c1,p35,l3,0.00
i01,e12,c4,p01,l3,0.00
i01,e12,c4,p02,l3,0.00
i01,e12,c4,p04,l3,0.00
i01,e12,c4,p05,l3,0.00
i01,e12,c4,p11,l3,0.00
i01,e12,c4,p13,l3,0.00
i01,e12,c4,p16,l3,0.00
i01,e12,c4,p19,l3,0.00
i01,e12,c4,p23,l3,0.00
i01,e12,c4,p35,l3,0.00
i02,e01,c1,p01,l3,96.38
i02,e01,c1,p02,l3,34.65
i02,e01,c1,p03,l3,106.14
i02,e01,c1,p04,l3,83.64
i02,e01,c1,p05,l3,46.57
i02,e01,c1,p06,l3,15.88
i02,e01,c1,p07,l3,78.20
i02,e01,c1,p08,l3,46.16
i02,e01,c1,p09,l3,48.11
i02,e01,c1,p10,l3,309.13
i02,e01,c1,p11,l3,285.21
i02,e01,c1,p12,l3,53.09
i02,e01,c1,p13,l3,83.60
i02,e01,c1,p14,l3,96.19
i02,e01,c1,p15,l3,153.13
i02,e01,c1,p16,l3,97.40
i02,e01,c1,p17,l3,153.41
i02,e01,c1,p18,l3,57.60
i02,e01,c1,p19,l3,604.43
i02,e01,c1,p20,l3,9.70
i02,e01,c1,p21,l3,84.02
i02,e01,c1,p22,l3,62.40
i02,e01,c1,p23,l3,30.72
i02,e01,c1,p24,l3,15.16
i02,e01,c1,p25,l3,22.76
i02,e01,c1,p26,l3,0.00
i02,e01,c1,p28,l3,8.30
i02,e01,c1,p29,l3,72.54
i02,e01,c1,p30,l3,0.00
i02,e01,c1,p31,l3,0.00
i02,e01,c1,p32,l3,12.37
i02,e01,c1,p33,l3,0.00
i02,e01,c1,p34,l3,0.00
i02,e01,c1,p35,l3,114.07
i02,e01,c4,p02,l3,0.00
i02,e01,c4,p03,l3,0.00
i02,e01,c4,p04,l3,0.00
i02,e01,c4,p05,l3,0.00
i02,e01,c4,p07,l3,0.00
i02,e01,c4,p08,l3,0.00
i02,e01,c4,p09,l3,0.00
i02,e01,c4,p10,l3,0.00
i02,e01,c4,p11,l3,0.00
i02,e01,c4,p12,l3,0.00
i02,e01,c4,p13,l3,0.00
i02,e01,c4,p14,l3,0.00
i02,e01,c4,p15,l3,0.00
i02,e01,c4,p16,l3,0.00
i02,e01,c4,p17,l3,0.00
i02,e01,c4,p18,l3,0.00
i02,e01,c4,p19,l3,0.00
i02,e01,c4,p20,l3,0.00
i02,e01,c4,p22,l3,0.00
i02,e01,c4,p23,l3,0.00
i02,e01,c4,p24,l3,0.00
i02,e01,c4,p25,l3,0.00
i02,e01,c4,p28,l3,0.00
i02,e01,c4,p29,l3,0.00
i02,e01,c4,p32,l3,0.00
i02,e01,c4,p35,l3,0.00
i02,e01,c7,p12,l3,0.00
i02,e01,c7,p35,l3,0.00
i02,e04,c1,p01,l1,0.00
i02,e04,c1,p01,l3,285.23
i02,e04,c1,p02,l1,0.00
i02,e04,c1,p02,l3,38.05
i02,e04,c1,p03,l1,0.00
i02,e04,c1,p03,l3,271.03
i02,e04,c1,p04,l1,0.00
i02,e04,c1,p04,l3,133.31
i02,e04,c1,p05,l1,0.00
i02,e04,c1,p05,l3,98.86
i02,e04,c1,p06,l1,0.00
i02,e04,c1,p06,l3,25.86
i02,e04,c1,p07,l1,0.00
i02,e04,c1,p07,l3,113.16
i02,e04,c1,p08,l1,0.00
i02,e04,c1,p08,l3,104.45
i02,e04,c1,p09,l1,0.00
i02,e04,c1,p09,l3,114.71
i02,e04,c1,p10,l1,0.00
i02,e04,c1,p10,l3,667.02
i02,e04,c1,p11,l1,0.00
i02,e04,c1,p11,l3,428.16
i02,e04,c1,p12,l1,0.00
i02,e04,c1,p12,l3,70.80
i02,e04,c1,p13,l1,0.00
i02,e04,c1,p13,l3,129.46
i02,e04,c1,p14,l1,0.00
i02,e04,c1,p14,l3,111.36
i02,e04,c1,p15,l1,0.00
i02,e04,c1,p15,l3,208.33
i02,e04,c1,p16,l1,0.00
i02,e04,c1,p16,l3,86.16
i02,e04,c1,p17,l1,0.00
i02,e04,c1,p17,l3,146.29
i02,e04,c1,p18,l1,0.00
i02,e04,c1,p18,l3,136.37
i02,e04,c1,p19,l1,0.00
i02,e04,c1,p19,l3,869.46
i02,e04,c1,p20,l1,0.00
i02,e04,c1,p20,l3,4.73
i02,e04,c1,p21,l1,0.00
i02,e04,c1,p21,l3,195.46
i02,e04,c1,p22,l1,0.00
i02,e04,c1,p22,l3,27.16
i02,e04,c1,p23,l1,0.00
i02,e04,c1,p23,l3,9.41
i02,e04,c1,p24,l1,0.00
i02,e04,c1,p24,l3,37.55
i02,e04,c1,p25,l1,0.00
i02,e04,c1,p25,l3,22.75
i02,e04,c1,p26,l1,0.00
i02,e04,c1,p26,l3,0.00
i02,e04,c1,p28,l1,0.00
i02,e04,c1,p28,l3,14.41
i02,e04,c1,p29,l1,0.00
i02,e04,c1,p29,l3,70.57
i02,e04,c1,p30,l1,0.00
i02,e04,c1,p30,l3,0.00
i02,e04,c1,p31,l1,0.00
i02,e04,c1,p31,l3,0.00
i02,e04,c1,p32,l1,0.00
i02,e04,c1,p32,l3,7.66
i02,e04,c1,p33,l3,0.00
i02,e04,c1,p34,l3,0.00
i02,e04,c1,p35,l1,0.00
i02,e04,c1,p35,l3,136.94
i02,e04,c4,p02,l3,0.00
i02,e04,c4,p03,l1,0.00
i02,e04,c4,p03,l3,0.00
i02,e04,c4,p04,l1,0.00
i02,e04,c4,p04,l3,0.00
i02,e04,c4,p05,l3,0.00
i02,e04,c4,p07,l1,0.00
i02,e04,c4,p07,l3,0.00
i02,e04,c4,p08,l3,0.00
i02,e04,c4,p09,l1,0.00
i02,e04,c4,p09,l3,0.00
i02,e04,c4,p10,l1,0.00
i02,e04,c4,p10,l3,0.00
i02,e04,c4,p11,l1,0.00
i02,e04,c4,p11,l3,0.00
i02,e04,c4,p13,l3,0.00
i02,e04,c4,p14,l1,0.00
i02,e04,c4,p14,l3,0.00
i02,e04,c4,p15,l1,0.00
i02,e04,c4,p15,l3,0.00
i02,e04,c4,p16,l3,0.00
i02,e04,c4,p17,l1,0.00
i02,e04,c4,p17,l3,0.00
i02,e04,c4,p18,l1,0.00
i02,e04,c4,p18,l3,0.00
i02,e04,c4,p19,l1,0.00
i02,e04,c4,p19,l3,0.00
i02,e04,c4,p20,l3,0.00
i02,e04,c4,p22,l3,0.00
i02,e04,c4,p23,l1,0.00
i02,e04,c4,p23,l3,0.00
i02,e04,c4,p24,l3,0.00
i02,e04,c4,p25,l1,0.00
i02,e04,c4,p25,l3,0.00
i02,e04,c4,p28,l1,0.00
i02,e04,c4,p28,l3,1.91
i02,e04,c4,p29,l1,0.00
i02,e04,c4,p29,l3,0.00
i02,e04,c4,p32,l3,0.00
i02,e04,c4,p35,l1,0.00
i02,e04,c4,p35,l3,0.00
i02,e04,c7,p12,l1,0.00
i02,e04,c7,p12,l3,0.00
i02,e04,c7,p35,l3,0.00
i02,e05,c1,p01,l1,0.00
i02,e05,c1,p01,l3,0.00
i02,e05,c1,p02,l1,0.00
i02,e05,c1,p02,l3,0.00
i02,e05,c1,p03,l1,0.00
i02,e05,c1,p03,l3,0.00
i02,e05,c1,p04,l1,0.00
i02,e05,c1,p04,l3,0.00
i02,e05,c1,p05,l1,0.00
i02,e05,c1,p05,l3,0.00
i02,e05,c1,p06,l1,0.00
i02,e05,c1,p06,l3,0.00
i02,e05,c1,p07,l1,0.00
i02,e05,c1,p07,l3,0.00
i02,e05,c1,p08,l1,0.00
i02,e05,c1,p08,l3,0.00
i02,e05,c1,p09,l1,0.00
i02,e05,c1,p09,l3,0.00
i02,e05,c1,p10,l1,0.00
i02,e05,c1,p10,l3,0.00
i02,e05,c1,p11,l1,0.00
i02,e05,c1,p11,l3,0.00
i02,e05,c1,p12,l1,0.00
i02,e05,c1,p12,l3,0.00
i02,e05,c1,p13,l1,0.00
i02,e05,c1,p13,l3,0.00
i02,e05,c1,p14,l1,0.00
i02,e05,c1,p14,l3,0.00
i02,e05,c1,p15,l1,0.00
i02,e05,c1,p15,l3,0.00
i02,e05,c1,p16,l1,0.00
i02,e05,c1,p16,l3,0.00
i02,e05,c1,p17,l1,0.00
i02,e05,c1,p17,l3,0.00
i02,e05,c1,p18,l1,0.00
i02,e05,c1,p18,l3,0.00
i02,e05,c1,p19,l1,0.00
i02,e05,c1,p19,l3,0.00
i02,e05,c1,p20,l1,0.00
i02,e05,c1,p20,l3,0.00
i02,e05,c1,p21,l1,0.00
i02,e05,c1,p21,l3,0.00
i02,e05,c1,p22,l1,0.00
i02,e05,c1,p22,l3,0.00
i02,e05,c1,p23,l1,0.00
i02,e05,c1,p23,l3,0.00
i02,e05,c1,p24,l1,0.00
i02,e05,c1,p24,l3,0.00
i02,e05,c1,p25,l1,0.00
i02,e05,c1,p25,l3,0.00
i02,e05,c1,p26,l3,0.00
i02,e05,c1,p28,l1,0.00
i02,e05,c1,p28,l3,0.00
i02,e05,c1,p29,l1,0.00
i02,e05,c1,p29,l3,0.00
i02,e05,c1,p31,l3,0.00
i02,e05,c1,p32,l1,0.00
i02,e05,c1,p32,l3,0.00
i02,e05,c1,p35,l1,0.00
i02,e05,c1,p35,l3,0.00
i02,e05,c4,p07,l1,0.00
i02,e05,c4,p07,l3,0.00
i02,e05,c4,p09,l1,0.00
i02,e05,c4,p09,l3,0.00
i02,e05,c4,p15,l3,0.00
i02,e05,c4,p18,l3,0.00
i02,e05,c4,p19,l3,0.00
i02,e05,c4,p25,l3,0.00
i02,e05,c4,p28,l3,0.00
i02,e05,c4,p35,l3,0.00
i02,e06,c1,p01,l3,0.00
i02,e06,c1,p02,l3,0.00
i02,e06,c1,p03,l3,0.00
i02,e06,c1,p04,l3,0.00
i02,e06,c1,p05,l3,0.00
i02,e06,c1,p06,l3,0.00
i02,e06,c1,p07,l3,0.00
i02,e06,c1,p08,l3,0.00
i02,e06,c1,p09,l3,0.00
i02,e06,c1,p10,l3,0.00
i02,e06,c1,p11,l3,0.00
i02,e06,c1,p12,l3,0.00
i02,e06,c1,p13,l3,0.00
i02,e06,c1,p14,l3,0.00
i02,e06,c1,p15,l3,0.00
i02,e06,c1,p16,l3,0.00
i02,e06,c1,p17,l3,0.00
i02,e06,c1,p18,l3,0.00
i02,e06,c1,p19,l3,0.00
i02,e06,c1,p20,l3,0.00
i02,e06,c1,p21,l3,0.00
i02,e06,c1,p22,l3,0.00
i02,e06,c1,p23,l3,0.00
i02,e06,c1,p24,l3,0.00
i02,e06,c1,p25,l3,0.00
i02,e06,c1,p26,l3,0.00
i02,e06,c1,p28,l3,0.00
i02,e06,c1,p29,l3,0.00
i02,e06,c1,p31,l3,0.00
i02,e06,c1,p32,l3,0.00
i02,e06,c1,p35,l3,0.00
i02,e06,c4,p19,l3,0.00
i02,e07,c1,p01,l2,0.00
i02,e07,c1,p01,l3,0.00
i02,e07,c1,p02,l2,0.00
i02,e07,c1,p02,l3,0.00
i02,e07,c1,p03,l3,0.00
i02,e07,c1,p04,l2,0.00
i02,e07,c1,p04,l3,0.00
i02,e07,c1,p05,l3,0.00
i02,e07,c1,p06,l3,0.00
i02,e07,c1,p07,l3,0.00
i02,e07,c1,p08,l2,0.00
i02,e07,c1,p08,l3,0.00
i02,e07,c1,p09,l2,0.00
i02,e07,c1,p09,l3,0.00
i02,e07,c1,p10,l2,0.00
i02,e07,c1,p10,l3,0.00
i02,e07,c1,p11,l2,0.00
i02,e07,c1,p11,l3,0.00
i02,e07,c1,p12,l3,0.00
i02,e07,c1,p13,l2,0.00
i02,e07,c1,p13,l3,0.00
i02,e07,c1,p14,l2,0.00
i02,e07,c1,p14,l3,0.00
i02,e07,c1,p15,l2,0.00
i02,e07,c1,p15,l3,0.00
i02,e07,c1,p16,l2,0.00
i02,e07,c1,p16,l3,0.00
i02,e07,c1,p17,l2,0.00
i02,e07,c1,p17,l3,0.00
i02,e07,c1,p18,l2,0.00
i02,e07,c1,p18,l3,0.00
i02,e07,c1,p19,l2,0.00
i02,e07,c1,p19,l3,0.00
i02,e07,c1,p20,l3,0.00
i02,e07,c1,p21,l3,0.00
i02,e07,c1,p22,l2,0.00
i02,e07,c1,p22,l3,0.00
i02,e07,c1,p23,l2,0.00
i02,e07,c1,p23,l3,0.00
i02,e07,c1,p24,l3,0.00
i02,e07,c1,p25,l3,0.00
i02,e07,c1,p28,l3,0.00
i02,e07,c1,p29,l2,0.00
i02,e07,c1,p29,l3,0.00
i02,e07,c1,p35,l2,0.00
i02,e07,c1,p35,l3,0.00
i02,e07,c4,p15,l3,0.00
i02,e07,c4,p35,l3,0.00
i02,e08,c1,p01,l2,0.00
i02,e08,c1,p01,l3,501.39
i02,e08,c1,p02,l2,0.00
i02,e08,c1,p02,l3,122.55
i02,e08,c1,p03,l2,0.00
i02,e08,c1,p03,l3,484.41
i02,e08,c1,p04,l2,0.00
i02,e08,c1,p04,l3,317.23
i02,e08,c1,p05,l2,0.00
i02,e08,c1,p05,l3,184.43
i02,e08,c1,p06,l2,0.00
i02,e08,c1,p06,l3,72.70
i02,e08,c1,p07,l2,0.00
i02,e08,c1,p07,l3,744.58
i02,e08,c1,p08,l2,0.00
i02,e08,c1,p08,l3,58.19
i02,e08,c1,p09,l2,0.00
i02,e08,c1,p09,l3,164.10
i02,e08,c1,p10,l2,0.00
i02,e08,c1,p10,l3,1348.15
i02,e08,c1,p11,l2,0.00
i02,e08,c1,p11,l3,1150.31
i02,e08,c1,p12,l2,0.00
i02,e08,c1,p12,l3,321.85
i02,e08,c1,p13,l2,0.00
i02,e08,c1,p13,l3,668.02
i02,e08,c1,p14,l2,0.00
i02,e08,c1,p14,l3,252.07
i02,e08,c1,p15,l2,0.00
i02,e08,c1,p15,l3,435.21
i02,e08,c1,p16,l2,0.00
i02,e08,c1,p16,l3,817.37
i02,e08,c1,p17,l2,0.00
i02,e08,c1,p17,l3,484.18
i02,e08,c1,p18,l2,0.00
i02,e08,c1,p18,l3,474.31
i02,e08,c1,p19,l2,0.00
i02,e08,c1,p19,l3,2594.16
i02,e08,c1,p20,l2,0.00
i02,e08,c1,p20,l3,66.38
i02,e08,c1,p21,l2,0.00
i02,e08,c1,p21,l3,338.27
i02,e08,c1,p22,l2,0.00
i02,e08,c1,p22,l3,102.46
i02,e08,c1,p23,l2,0.00
i02,e08,c1,p23,l3,129.16
i02,e08,c1,p24,l2,0.00
i02,e08,c1,p24,l3,194.01
i02,e08,c1,p25,l2,0.00
i02,e08,c1,p25,l3,9.11
i02,e08,c1,p26,l2,0.00
i02,e08,c1,p26,l3,0.00
i02,e08,c1,p28,l2,0.00
i02,e08,c1,p28,l3,4.18
i02,e08,c1,p29,l2,0.00
i02,e08,c1,p29,l3,105.20
i02,e08,c1,p30,l2,0.00
i02,e08,c1,p30,l3,0.00
i02,e08,c1,p31,l2,0.00
i02,e08,c1,p31,l3,0.00
i02,e08,c1,p32,l2,0.00
i02,e08,c1,p32,l3,3.06
i02,e08,c1,p33,l3,0.00
i02,e08,c1,p34,l3,0.00
i02,e08,c1,p35,l2,0.00
i02,e08,c1,p35,l3,387.43
i02,e08,c4,p02,l3,0.00
i02,e08,c4,p03,l2,0.00
i02,e08,c4,p03,l3,0.00
i02,e08,c4,p04,l2,0.00
i02,e08,c4,p04,l3,0.00
i02,e08,c4,p05,l3,0.00
i02,e08,c4,p07,l2,0.00
i02,e08,c4,p07,l3,1.05
i02,e08,c4,p08,l3,0.00
i02,e08,c4,p09,l2,0.00
i02,e08,c4,p09,l3,0.00
i02,e08,c4,p10,l2,0.00
i02,e08,c4,p10,l3,0.00
i02,e08,c4,p11,l2,0.00
i02,e08,c4,p11,l3,1.41
i02,e08,c4,p13,l2,0.00
i02,e08,c4,p13,l3,0.00
i02,e08,c4,p14,l2,0.00
i02,e08,c4,p14,l3,0.00
i02,e08,c4,p15,l2,0.00
i02,e08,c4,p15,l3,0.00
i02,e08,c4,p16,l3,0.00
i02,e08,c4,p17,l2,0.00
i02,e08,c4,p17,l3,0.00
i02,e08,c4,p18,l2,0.00
i02,e08,c4,p18,l3,0.00
i02,e08,c4,p19,l2,0.00
i02,e08,c4,p19,l3,0.00
i02,e08,c4,p20,l3,0.00
i02,e08,c4,p22,l3,0.00
i02,e08,c4,p23,l2,0.00
i02,e08,c4,p23,l3,0.00
i02,e08,c4,p24,l3,4.42
i02,e08,c4,p25,l2,0.00
i02,e08,c4,p25,l3,0.00
i02,e08,c4,p28,l2,0.00
i02,e08,c4,p28,l3,0.00
i02,e08,c4,p29,l2,0.00
i02,e08,c4,p29,l3,0.00
i02,e08,c4,p32,l3,0.00
i02,e08,c4,p35,l2,0.00
i02,e08,c4,p35,l3,0.00
i02,e08,c7,p12,l2,0.00
i02,e08,c7,p12,l3,0.00
i02,e08,c7,p35,l2,0.00
i02,e08,c7,p35,l3,0.00
i02,e09,c1,p01,l2,0.00
i02,e09,c1,p01,l3,87.63
i02,e09,c1,p02,l2,0.00
i02,e09,c1,p02,l3,36.28
i02,e09,c1,p03,l2,0.00
i02,e09,c1,p03,l3,111.25
i02,e09,c1,p04,l2,0.00
i02,e09,c1,p04,l3,56.33
i02,e09,c1,p05,l2,0.00
i02,e09,c1,p05,l3,46.88
i02,e09,c1,p06,l2,0.00
i02,e09,c1,p06,l3,18.61
i02,e09,c1,p07,l2,0.00
i02,e09,c1,p07,l3,96.11
i02,e09,c1,p08,l2,0.00
i02,e09,c1,p08,l3,40.96
i02,e09,c1,p09,l2,0.00
i02,e09,c1,p09,l3,51.30
i02,e09,c1,p10,l2,0.00
i02,e09,c1,p10,l3,307.98
i02,e09,c1,p11,l2,0.00
i02,e09,c1,p11,l3,223.14
i02,e09,c1,p12,l2,0.00
i02,e09,c1,p12,l3,51.27
i02,e09,c1,p13,l2,0.00
i02,e09,c1,p13,l3,74.26
i02,e09,c1,p14,l2,0.00
i02,e09,c1,p14,l3,92.64
i02,e09,c1,p15,l2,0.00
i02,e09,c1,p15,l3,120.24
i02,e09,c1,p16,l2,0.00
i02,e09,c1,p16,l3,71.57
i02,e09,c1,p17,l2,0.00
i02,e09,c1,p17,l3,119.27
i02,e09,c1,p18,l2,0.00
i02,e09,c1,p18,l3,100.02
i02,e09,c1,p19,l2,0.00
i02,e09,c1,p19,l3,542.16
i02,e09,c1,p20,l2,0.00
i02,e09,c1,p20,l3,3.04
i02,e09,c1,p21,l2,0.00
i02,e09,c1,p21,l3,86.14
i02,e09,c1,p22,l2,0.00
i02,e09,c1,p22,l3,21.11
i02,e09,c1,p23,l2,0.00
i02,e09,c1,p23,l3,24.27
i02,e09,c1,p24,l2,0.00
i02,e09,c1,p24,l3,9.48
i02,e09,c1,p25,l2,0.00
i02,e09,c1,p25,l3,34.53
i02,e09,c1,p26,l2,0.00
i02,e09,c1,p26,l3,0.00
i02,e09,c1,p28,l2,0.00
i02,e09,c1,p28,l3,14.01
i02,e09,c1,p29,l2,0.00
i02,e09,c1,p29,l3,60.86
i02,e09,c1,p30,l2,0.00
i02,e09,c1,p30,l3,0.00
i02,e09,c1,p31,l2,0.00
i02,e09,c1,p31,l3,1.28
i02,e09,c1,p32,l2,0.00
i02,e09,c1,p32,l3,9.53
i02,e09,c1,p33,l3,0.00
i02,e09,c1,p34,l3,0.00
i02,e09,c1,p35,l2,0.00
i02,e09,c1,p35,l3,109.36
i02,e09,c4,p02,l3,0.00
i02,e09,c4,p03,l2,0.00
i02,e09,c4,p03,l3,0.00
i02,e09,c4,p04,l2,0.00
i02,e09,c4,p04,l3,0.00
i02,e09,c4,p05,l3,0.00
i02,e09,c4,p07,l2,0.00
i02,e09,c4,p07,l3,0.00
i02,e09,c4,p08,l2,0.00
i02,e09,c4,p08,l3,0.00
i02,e09,c4,p09,l2,0.00
i02,e09,c4,p09,l3,0.00
i02,e09,c4,p10,l2,0.00
i02,e09,c4,p10,l3,0.00
i02,e09,c4,p11,l2,0.00
i02,e09,c4,p11,l3,1.91
i02,e09,c4,p12,l3,0.00
i02,e09,c4,p13,l3,0.00
i02,e09,c4,p14,l2,0.00
i02,e09,c4,p14,l3,0.00
i02,e09,c4,p15,l2,0.00
i02,e09,c4,p15,l3,0.00
i02,e09,c4,p16,l3,0.00
i02,e09,c4,p17,l2,0.00
i02,e09,c4,p17,l3,0.00
i02,e09,c4,p18,l2,0.00
i02,e09,c4,p18,l3,0.00
i02,e09,c4,p19,l2,0.00
i02,e09,c4,p19,l3,0.00
i02,e09,c4,p20,l3,0.00
i02,e09,c4,p22,l3,0.00
i02,e09,c4,p23,l2,0.00
i02,e09,c4,p23,l3,0.00
i02,e09,c4,p24,l3,0.00
i02,e09,c4,p25,l2,0.00
i02,e09,c4,p25,l3,0.00
i02,e09,c4,p28,l2,0.00
i02,e09,c4,p28,l3,1.20
i02,e09,c4,p29,l2,0.00
i02,e09,c4,p29,l3,0.00
i02,e09,c4,p32,l3,0.00
i02,e09,c4,p35,l2,0.00
i02,e09,c4,p35,l3,0.00
i02,e09,c7,p12,l2,0.00
i02,e09,c7,p12,l3,0.00
i02,e09,c7,p35,l3,0.00
i02,e11,c1,p01,l2,0.00
i02,e11,c1,p01,l3,1.49
i02,e11,c1,p02,l2,0.00
i02,e11,c1,p02,l3,0.00
i02,e11,c1,p03,l2,0.00
i02,e11,c1,p03,l3,0.00
i02,e11,c1,p04,l2,0.00
i02,e11,c1,p04,l3,0.00
i02,e11,c1,p05,l2,0.00
i02,e11,c1,p05,l3,0.00
i02,e11,c1,p06,l2,0.00
i02,e11,c1,p06,l3,1.14
i02,e11,c1,p07,l2,0.00
i02,e11,c1,p07,l3,0.00
i02,e11,c1,p08,l2,0.00
i02,e11,c1,p08,l3,0.00
i02,e11,c1,p09,l2,0.00
i02,e11,c1,p09,l3,1.27
i02,e11,c1,p10,l2,0.00
i02,e11,c1,p10,l3,1.96
i02,e11,c1,p11,l2,0.00
i02,e11,c1,p11,l3,0.00
i02,e11,c1,p12,l2,0.00
i02,e11,c1,p12,l3,0.00
i02,e11,c1,p13,l2,0.00
i02,e11,c1,p13,l3,0.00
i02,e11,c1,p14,l2,0.00
i02,e11,c1,p14,l3,0.00
i02,e11,c1,p15,l2,0.00
i02,e11,c1,p15,l3,1.23
i02,e11,c1,p16,l2,0.00
i02,e11,c1,p16,l3,0.00
i02,e11,c1,p17,l2,0.00
i02,e11,c1,p17,l3,0.00
i02,e11,c1,p18,l2,0.00
i02,e11,c1,p18,l3,0.00
i02,e11,c1,p19,l2,0.00
i02,e11,c1,p19,l3,2.04
i02,e11,c1,p20,l2,0.00
i02,e11,c1,p20,l3,0.00
i02,e11,c1,p21,l2,0.00
i02,e11,c1,p21,l3,0.00
i02,e11,c1,p22,l2,0.00
i02,e11,c1,p22,l3,0.00
i02,e11,c1,p23,l2,0.00
i02,e11,c1,p23,l3,1.15
i02,e11,c1,p24,l2,0.00
i02,e11,c1,p24,l3,0.00
i02,e11,c1,p25,l2,0.00
i02,e11,c1,p25,l3,0.00
i02,e11,c1,p26,l2,0.00
i02,e11,c1,p26,l3,0.00
i02,e11,c1,p28,l2,0.00
i02,e11,c1,p28,l3,0.00
i02,e11,c1,p29,l2,0.00
i02,e11,c1,p29,l3,0.00
i02,e11,c1,p30,l2,0.00
i02,e11,c1,p30,l3,0.00
i02,e11,c1,p31,l2,0.00
i02,e11,c1,p31,l3,0.00
i02,e11,c1,p32,l2,0.00
i02,e11,c1,p32,l3,0.00
i02,e11,c1,p33,l3,0.00
i02,e11,c1,p34,l3,0.00
i02,e11,c1,p35,l2,0.00
i02,e11,c1,p35,l3,1.10
i02,e11,c4,p04,l2,0.00
i02,e11,c4,p04,l3,0.00
i02,e11,c4,p05,l3,0.00
i02,e11,c4,p07,l2,0.00
i02,e11,c4,p07,l3,0.00
i02,e11,c4,p08,l3,0.00
i02,e11,c4,p09,l2,0.00
i02,e11,c4,p09,l3,0.00
i02,e11,c4,p10,l2,0.00
i02,e11,c4,p10,l3,0.00
i02,e11,c4,p11,l3,0.00
i02,e11,c4,p13,l3,0.00
i02,e11,c4,p14,l3,0.00
i02,e11,c4,p15,l3,0.00
i02,e11,c4,p16,l3,0.00
i02,e11,c4,p17,l2,0.00
i02,e11,c4,p17,l3,0.00
i02,e11,c4,p18,l2,0.00
i02,e11,c4,p18,l3,0.00
i02,e11,c4,p19,l3,0.00
i02,e11,c4,p22,l3,0.00
i02,e11,c4,p23,l2,0.00
i02,e11,c4,p23,l3,0.00
i02,e11,c4,p24,l3,0.00
i02,e11,c4,p25,l2,0.00
i02,e11,c4,p25,l3,0.00
i02,e11,c4,p28,l2,0.00
i02,e11,c4,p28,l3,0.00
i02,e11,c4,p29,l3,0.00
i02,e11,c4,p32,l3,0.00
i02,e11,c4,p35,l2,0.00
i02,e11,c4,p35,l3,0.00
i02,e12,c1,p01,l3,0.00
i02,e12,c1,p02,l3,0.00
i02,e12,c1,p03,l3,0.00
i02,e12,c1,p04,l3,0.00
i02,e12,c1,p06,l3,0.00
i02,e12,c1,p07,l3,0.00
i02,e12,c1,p09,l3,0.00
i02,e12,c1,p10,l3,0.00
i02,e12,c1,p11,l3,0.00
i02,e12,c1,p12,l3,0.00
i02,e12,c1,p13,l3,0.00
i02,e12,c1,p15,l3,0.00
i02,e12,c1,p16,l3,0.00
i02,e12,c1,p17,l3,0.00
i02,e12,c1,p19,l3,0.00
i02,e12,c1,p21,l3,0.00
i02,e12,c1,p23,l3,0.00
i02,e12,c1,p35,l3,0.00
i03,e01,c3,p01,l3,0.00
i03,e01,c3,p03,l3,0.00
i03,e01,c3,p04,l3,0.00
i03,e01,c3,p05,l3,0.00
i03,e01,c3,p06,l3,0.00
i03,e01,c3,p09,l3,0.00
i03,e01,c3,p10,l3,0.00
i03,e01,c3,p11,l3,0.00
i03,e01,c3,p12,l3,0.00
i03,e01,c3,p15,l3,0.00
i03,e01,c3,p16,l3,0.00
i03,e01,c3,p18,l3,0.00
i03,e01,c3,p19,l3,0.00
i03,e01,c3,p20,l3,0.00
i03,e01,c3,p21,l3,0.00
i03,e01,c3,p23,l3,0.00
i03,e01,c3,p29,l3,0.00
i03,e01,c3,p35,l3,0.00
i03,e01,c5,p01,l3,0.00
i03,e01,c5,p02,l3,0.00
i03,e01,c5,p03,l3,1.42
i03,e01,c5,p04,l3,1.58
i03,e01,c5,p05,l3,4.20
i03,e01,c5,p06,l3,0.00
i03,e01,c5,p07,l3,1.07
i03,e01,c5,p08,l3,0.00
i03,e01,c5,p09,l3,0.00
i03,e01,c5,p10,l3,0.00
i03,e01,c5,p11,l3,0.00
i03,e01,c5,p12,l3,0.00
i03,e01,c5,p13,l3,0.00
i03,e01,c5,p14,l3,5.03
i03,e01,c5,p15,l3,2.36
i03,e01,c5,p16,l3,4.09
i03,e01,c5,p17,l3,1.08
i03,e01,c5,p18,l3,1.68
i03,e01,c5,p19,l3,4.84
i03,e01,c5,p20,l3,1.85
i03,e01,c5,p21,l3,5.27
i03,e01,c5,p22,l3,0.00
i03,e01,c5,p23,l3,0.00
i03,e01,c5,p24,l3,0.00
i03,e01,c5,p25,l3,0.00
i03,e01,c5,p26,l3,0.00
i03,e01,c5,p28,l3,0.00
i03,e01,c5,p29,l3,0.00
i03,e01,c5,p30,l3,0.00
i03,e01,c5,p31,l3,0.00
i03,e01,c5,p32,l3,0.00
i03,e01,c5,p33,l3,0.00
i03,e01,c5,p35,l3,0.00
i03,e02,c3,p10,l3,0.00
i03,e02,c3,p11,l3,0.00
i03,e02,c3,p19,l3,0.00
i03,e02,c5,p01,l1,0.00
i03,e02,c5,p01,l3,0.00
i03,e02,c5,p02,l1,0.00
i03,e02,c5,p02,l3,0.00
i03,e02,c5,p03,l3,0.00
i03,e02,c5,p04,l3,0.00
i03,e02,c5,p05,l1,0.00
i03,e02,c5,p05,l3,0.00
i03,e02,c5,p06,l1,0.00
i03,e02,c5,p06,l3,0.00
i03,e02,c5,p07,l1,0.00
i03,e02,c5,p07,l3,0.00
i03,e02,c5,p10,l1,0.00
i03,e02,c5,p10,l3,0.00
i03,e02,c5,p11,l1,0.00
i03,e02,c5,p11,l3,0.00
i03,e02,c5,p12,l1,0.00
i03,e02,c5,p12,l3,0.00
i03,e02,c5,p13,l3,0.00
i03,e02,c5,p14,l1,0.00
i03,e02,c5,p14,l3,0.00
i03,e02,c5,p15,l1,0.00
i03,e02,c5,p15,l3,0.00
i03,e02,c5,p16,l1,0.00
i03,e02,c5,p16,l3,0.00
i03,e02,c5,p17,l1,0.00
i03,e02,c5,p17,l3,0.00
i03,e02,c5,p18,l1,0.00
i03,e02,c5,p18,l3,0.00
i03,e02,c5,p19,l1,0.00
i03,e02,c5,p19,l3,0.00
i03,e02,c5,p20,l3,0.00
i03,e02,c5,p21,l1,0.00
i03,e02,c5,p21,l3,0.00
i03,e02,c5,p22,l1,0.00
i03,e02,c5,p22,l3,0.00
i03,e02,c5,p24,l1,0.00
i03,e02,c5,p24,l3,0.00
i03,e02,c5,p29,l3,0.00
i03,e02,c5,p35,l1,0.00
i03,e02,c5,p35,l3,0.00
i03,e03,c5,p07,l3,0.00
i03,e03,c5,p12,l3,0.00
i03,e03,c5,p16,l3,0.00
i03,e03,c5,p35,l3,0.00
i03,e04,c3,p01,l1,0.00
i03,e04,c3,p01,l3,0.00
i03,e04,c3,p03,l1,0.00
i03,e04,c3,p03,l3,0.00
i03,e04,c3,p04,l3,0.00
i03,e04,c3,p05,l1,0.00
i03,e04,c3,p05,l3,0.00
i03,e04,c3,p06,l1,0.00
i03,e04,c3,p06,l3,0.00
i03,e04,c3,p07,l3,0.00
i03,e04,c3,p09,l3,0.00
i03,e04,c3,p10,l1,0.00
i03,e04,c3,p10,l3,0.00
i03,e04,c3,p11,l1,0.00
i03,e04,c3,p11,l3,0.00
i03,e04,c3,p12,l3,0.00
i03,e04,c3,p15,l3,0.00
i03,e04,c3,p16,l1,0.00
i03,e04,c3,p16,l3,0.00
i03,e04,c3,p18,l1,0.00
i03,e04,c3,p18,l3,0.00
i03,e04,c3,p19,l1,0.00
i03,e04,c3,p19,l3,0.00
i03,e04,c3,p20,l3,0.00
i03,e04,c3,p21,l1,0.00
i03,e04,c3,p21,l3,0.00
i03,e04,c3,p22,l3,0.00
i03,e04,c3,p23,l1,0.00
i03,e04,c3,p23,l3,0.00
i03,e04,c3,p24,l3,0.00
i03,e04,c3,p29,l1,0.00
i03,e04,c3,p29,l3,0.00
i03,e04,c3,p35,l3,0.00
i03,e04,c5,p01,l1,0.00
i03,e04,c5,p01,l3,0.00
i03,e04,c5,p02,l1,0.00
i03,e04,c5,p02,l3,0.00
i03,e04,c5,p03,l1,0.00
i03,e04,c5,p03,l3,2.18
i03,e04,c5,p04,l1,0.00
i03,e04,c5,p04,l3,0.00
i03,e04,c5,p05,l1,0.00
i03,e04,c5,p05,l3,7.15
i03,e04,c5,p06,l1,0.00
i03,e04,c5,p06,l3,0.00
i03,e04,c5,p07,l1,0.00
i03,e04,c5,p07,l3,1.40
i03,e04,c5,p08,l1,0.00
i03,e04,c5,p08,l3,0.00
i03,e04,c5,p09,l1,0.00
i03,e04,c5,p09,l3,1.96
i03,e04,c5,p10,l1,0.00
i03,e04,c5,p10,l3,15.20
i03,e04,c5,p11,l1,0.00
i03,e04,c5,p11,l3,3.12
i03,e04,c5,p12,l1,0.00
i03,e04,c5,p12,l3,0.00
i03,e04,c5,p13,l1,0.00
i03,e04,c5,p13,l3,0.00
i03,e04,c5,p14,l1,0.00
i03,e04,c5,p14,l3,0.00
i03,e04,c5,p15,l1,0.00
i03,e04,c5,p15,l3,0.00
i03,e04,c5,p16,l1,0.00
i03,e04,c5,p16,l3,0.00
i03,e04,c5,p17,l1,0.00
i03,e04,c5,p17,l3,1.98
i03,e04,c5,p18,l1,0.00
i03,e04,c5,p18,l3,1.05
i03,e04,c5,p19,l1,0.00
i03,e04,c5,p19,l3,6.25
i03,e04,c5,p20,l1,0.00
i03,e04,c5,p20,l3,0.00
i03,e04,c5,p21,l1,0.00
i03,e04,c5,p21,l3,5.41
i03,e04,c5,p22,l1,0.00
i03,e04,c5,p22,l3,0.00
i03,e04,c5,p23,l1,0.00
i03,e04,c5,p23,l3,0.00
i03,e04,c5,p24,l1,0.00
i03,e04,c5,p24,l3,1.30
i03,e04,c5,p25,l3,0.00
i03,e04,c5,p26,l3,0.00
i03,e04,c5,p28,l1,0.00
i03,e04,c5,p28,l3,1.53
i03,e04,c5,p29,l1,0.00
i03,e04,c5,p29,l3,0.00
i03,e04,c5,p30,l3,0.00
i03,e04,c5,p31,l1,0.00
i03,e04,c5,p31,l3,0.00
i03,e04,c5,p32,l1,0.00
i03,e04,c5,p32,l3,0.00
i03,e04,c5,p33,l3,0.00
i03,e04,c5,p35,l1,0.00
i03,e04,c5,p35,l3,0.00
i03,e05,c3,p03,l3,0.00
i03,e05,c3,p04,l3,0.00
i03,e05,c3,p09,l3,0.00
i03,e05,c3,p11,l3,0.00
i03,e05,c3,p19,l3,0.00
i03,e05,c3,p21,l3,0.00
i03,e05,c3,p29,l3,0.00
i03,e05,c5,p01,l1,0.00
i03,e05,c5,p01,l3,0.00
i03,e05,c5,p02,l1,0.00
i03,e05,c5,p02,l3,0.00
i03,e05,c5,p03,l1,0.00
i03,e05,c5,p03,l3,0.00
i03,e05,c5,p04,l1,0.00
i03,e05,c5,p04,l3,0.00
i03,e05,c5,p05,l1,0.00
i03,e05,c5,p05,l3,0.00
i03,e05,c5,p06,l1,0.00
i03,e05,c5,p06,l3,0.00
i03,e05,c5,p07,l1,0.00
i03,e05,c5,p07,l3,0.00
i03,e05,c5,p08,l1,0.00
i03,e05,c5,p08,l3,0.00
i03,e05,c5,p09,l1,0.00
i03,e05,c5,p09,l3,0.00
i03,e05,c5,p10,l1,0.00
i03,e05,c5,p10,l3,0.00
i03,e05,c5,p11,l1,0.00
i03,e05,c5,p11,l3,0.00
i03,e05,c5,p12,l1,0.00
i03,e05,c5,p12,l3,0.00
i03,e05,c5,p13,l1,0.00
i03,e05,c5,p13,l3,0.00
i03,e05,c5,p14,l1,0.00
i03,e05,c5,p14,l3,0.00
i03,e05,c5,p15,l1,0.00
i03,e05,c5,p15,l3,0.00
i03,e05,c5,p16,l1,0.00
i03,e05,c5,p16,l3,0.00
i03,e05,c5,p17,l1,0.00
i03,e05,c5,p17,l3,0.00
i03,e05,c5,p18,l1,0.00
i03,e05,c5,p18,l3,0.00
i03,e05,c5,p19,l1,0.00
i03,e05,c5,p19,l3,1.22
i03,e05,c5,p20,l3,0.00
i03,e05,c5,p21,l1,0.00
i03,e05,c5,p21,l3,0.00
i03,e05,c5,p22,l1,0.00
i03,e05,c5,p22,l3,0.00
i03,e05,c5,p23,l1,0.00
i03,e05,c5,p23,l3,0.00
i03,e05,c5,p24,l1,0.00
i03,e05,c5,p24,l3,0.00
i03,e05,c5,p25,l3,0.00
i03,e05,c5,p28,l1,0.00
i03,e05,c5,p28,l3,0.00
i03,e05,c5,p29,l1,0.00
i03,e05,c5,p29,l3,0.00
i03,e05,c5,p33,l3,0.00
i03,e05,c5,p35,l1,0.00
i03,e05,c5,p35,l3,3.16
i03,e07,c5,p01,l3,0.00
i03,e07,c5,p03,l3,0.00
i03,e07,c5,p04,l2,0.00
i03,e07,c5,p04,l3,0.00
i03,e07,c5,p05,l3,0.00
i03,e07,c5,p06,l3,0.00
i03,e07,c5,p07,l3,0.00
i03,e07,c5,p09,l3,0.00
i03,e07,c5,p10,l3,0.00
i03,e07,c5,p12,l3,0.00
i03,e07,c5,p13,l3,0.00
i03,e07,c5,p15,l3,0.00
i03,e07,c5,p16,l3,0.00
i03,e07,c5,p17,l3,0.00
i03,e07,c5,p19,l3,0.00
i03,e07,c5,p22,l3,0.00
i03,e07,c5,p23,l3,0.00
i03,e07,c5,p24,l3,0.00
i03,e07,c5,p35,l3,0.00
i03,e08,c3,p01,l2,0.00
i03,e08,c3,p01,l3,0.00
i03,e08,c3,p03,l2,0.00
i03,e08,c3,p03,l3,0.00
i03,e08,c3,p05,l3,0.00
i03,e08,c3,p06,l2,0.00
i03,e08,c3,p06,l3,0.00
i03,e08,c3,p07,l3,0.00
i03,e08,c3,p09,l3,0.00
i03,e08,c3,p10,l2,0.00
i03,e08,c3,p10,l3,0.00
i03,e08,c3,p11,l2,0.00
i03,e08,c3,p11,l3,0.00
i03,e08,c3,p15,l3,0.00
i03,e08,c3,p16,l2,0.00
i03,e08,c3,p16,l3,0.00
i03,e08,c3,p18,l2,0.00
i03,e08,c3,p18,l3,0.00
i03,e08,c3,p19,l2,0.00
i03,e08,c3,p19,l3,0.00
i03,e08,c3,p20,l3,0.00
i03,e08,c3,p21,l3,0.00
i03,e08,c3,p23,l2,0.00
i03,e08,c3,p23,l3,0.00
i03,e08,c3,p24,l3,0.00
i03,e08,c3,p29,l2,0.00
i03,e08,c3,p29,l3,0.00
i03,e08,c3,p35,l3,0.00
i03,e08,c5,p01,l2,0.00
i03,e08,c5,p01,l3,0.00
i03,e08,c5,p02,l2,0.00
i03,e08,c5,p02,l3,0.00
i03,e08,c5,p03,l2,0.00
i03,e08,c5,p03,l3,0.00
i03,e08,c5,p04,l2,0.00
i03,e08,c5,p04,l3,4.12
i03,e08,c5,p05,l2,0.00
i03,e08,c5,p05,l3,0.00
i03,e08,c5,p06,l2,0.00
i03,e08,c5,p06,l3,0.00
i03,e08,c5,p07,l2,0.00
i03,e08,c5,p07,l3,0.00
i03,e08,c5,p08,l2,0.00
i03,e08,c5,p08,l3,0.00
i03,e08,c5,p09,l2,0.00
i03,e08,c5,p09,l3,1.39
i03,e08,c5,p10,l2,0.00
i03,e08,c5,p10,l3,0.00
i03,e08,c5,p11,l2,0.00
i03,e08,c5,p11,l3,1.34
i03,e08,c5,p12,l2,0.00
i03,e08,c5,p12,l3,0.00
i03,e08,c5,p13,l2,0.00
i03,e08,c5,p13,l3,0.00
i03,e08,c5,p14,l2,0.00
i03,e08,c5,p14,l3,0.00
i03,e08,c5,p15,l2,0.00
i03,e08,c5,p15,l3,0.00
i03,e08,c5,p16,l2,0.00
i03,e08,c5,p16,l3,9.09
i03,e08,c5,p17,l2,0.00
i03,e08,c5,p17,l3,3.10
i03,e08,c5,p18,l2,0.00
i03,e08,c5,p18,l3,18.67
i03,e08,c5,p19,l2,0.00
i03,e08,c5,p19,l3,6.06
i03,e08,c5,p20,l2,0.00
i03,e08,c5,p20,l3,0.00
i03,e08,c5,p21,l2,0.00
i03,e08,c5,p21,l3,6.51
i03,e08,c5,p22,l2,0.00
i03,e08,c5,p22,l3,0.00
i03,e08,c5,p23,l2,0.00
i03,e08,c5,p23,l3,0.00
i03,e08,c5,p24,l2,0.00
i03,e08,c5,p24,l3,0.00
i03,e08,c5,p25,l3,0.00
i03,e08,c5,p26,l3,0.00
i03,e08,c5,p28,l2,0.00
i03,e08,c5,p28,l3,0.00
i03,e08,c5,p29,l2,0.00
i03,e08,c5,p29,l3,2.23
i03,e08,c5,p30,l2,0.00
i03,e08,c5,p30,l3,0.00
i03,e08,c5,p31,l3,0.00
i03,e08,c5,p32,l2,0.00
i03,e08,c5,p32,l3,0.00
i03,e08,c5,p33,l3,0.00
i03,e08,c5,p35,l2,0.00
i03,e08,c5,p35,l3,0.00
i03,e09,c3,p01,l3,0.00
i03,e09,c3,p03,l2,0.00
i03,e09,c3,p03,l3,0.00
i03,e09,c3,p04,l3,0.00
i03,e09,c3,p05,l2,0.00
i03,e09,c3,p05,l3,0.00
i03,e09,c3,p06,l2,0.00
i03,e09,c3,p06,l3,0.00
i03,e09,c3,p09,l3,0.00
i03,e09,c3,p10,l2,0.00
i03,e09,c3,p10,l3,0.00
i03,e09,c3,p11,l2,0.00
i03,e09,c3,p11,l3,0.00
i03,e09,c3,p12,l3,0.00
i03,e09,c3,p15,l3,0.00
i03,e09,c3,p16,l2,0.00
i03,e09,c3,p16,l3,0.00
i03,e09,c3,p18,l3,0.00
i03,e09,c3,p19,l2,0.00
i03,e09,c3,p19,l3,0.00
i03,e09,c3,p20,l3,0.00
i03,e09,c3,p21,l2,0.00
i03,e09,c3,p21,l3,0.00
i03,e09,c3,p23,l2,0.00
i03,e09,c3,p23,l3,0.00
i03,e09,c3,p29,l3,0.00
i03,e09,c3,p35,l3,0.00
i03,e09,c5,p01,l2,0.00
i03,e09,c5,p01,l3,0.00
i03,e09,c5,p02,l2,0.00
i03,e09,c5,p02,l3,0.00
i03,e09,c5,p03,l2,0.00
i03,e09,c5,p03,l3,0.00
i03,e09,c5,p04,l2,0.00
i03,e09,c5,p04,l3,0.00
i03,e09,c5,p05,l2,0.00
i03,e09,c5,p05,l3,3.11
i03,e09,c5,p06,l2,0.00
i03,e09,c5,p06,l3,0.00
i03,e09,c5,p07,l2,0.00
i03,e09,c5,p07,l3,1.32
i03,e09,c5,p08,l2,0.00
i03,e09,c5,p08,l3,0.00
i03,e09,c5,p09,l2,0.00
i03,e09,c5,p09,l3,0.00
i03,e09,c5,p10,l2,0.00
i03,e09,c5,p10,l3,0.00
i03,e09,c5,p11,l2,0.00
i03,e09,c5,p11,l3,0.00
i03,e09,c5,p12,l2,0.00
i03,e09,c5,p12,l3,0.00
i03,e09,c5,p13,l2,0.00
i03,e09,c5,p13,l3,0.00
i03,e09,c5,p14,l2,0.00
i03,e09,c5,p14,l3,3.04
i03,e09,c5,p15,l2,0.00
i03,e09,c5,p15,l3,0.00
i03,e09,c5,p16,l2,0.00
i03,e09,c5,p16,l3,4.39
i03,e09,c5,p17,l2,0.00
i03,e09,c5,p17,l3,0.00
i03,e09,c5,p18,l2,0.00
i03,e09,c5,p18,l3,1.00
i03,e09,c5,p19,l2,0.00
i03,e09,c5,p19,l3,4.13
i03,e09,c5,p20,l2,0.00
i03,e09,c5,p20,l3,0.00
i03,e09,c5,p21,l2,0.00
i03,e09,c5,p21,l3,5.23
i03,e09,c5,p22,l2,0.00
i03,e09,c5,p22,l3,0.00
i03,e09,c5,p23,l2,0.00
i03,e09,c5,p23,l3,0.00
i03,e09,c5,p24,l2,0.00
i03,e09,c5,p24,l3,1.14
i03,e09,c5,p25,l3,0.00
i03,e09,c5,p26,l3,0.00
i03,e09,c5,p28,l2,0.00
i03,e09,c5,p28,l3,0.00
i03,e09,c5,p29,l2,0.00
i03,e09,c5,p29,l3,0.00
i03,e09,c5,p30,l3,0.00
i03,e09,c5,p31,l2,0.00
i03,e09,c5,p31,l3,0.00
i03,e09,c5,p32,l2,0.00
i03,e09,c5,p32,l3,0.00
i03,e09,c5,p33,l3,0.00
i03,e09,c5,p35,l2,0.00
i03,e09,c5,p35,l3,0.00
i03,e10,c3,p01,l3,0.00
i03,e10,c3,p03,l1,0.00
i03,e10,c3,p03,l3,0.00
i03,e10,c3,p04,l3,0.00
i03,e10,c3,p05,l1,0.00
i03,e10,c3,p05,l3,0.00
i03,e10,c3,p06,l1,0.00
i03,e10,c3,p06,l3,0.00
i03,e10,c3,p07,l3,0.00
i03,e10,c3,p09,l3,0.00
i03,e10,c3,p10,l1,0.00
i03,e10,c3,p10,l3,0.00
i03,e10,c3,p11,l1,0.00
i03,e10,c3,p11,l3,0.00
i03,e10,c3,p12,l3,0.00
i03,e10,c3,p15,l1,0.00
i03,e10,c3,p15,l3,0.00
i03,e10,c3,p16,l1,0.00
i03,e10,c3,p16,l3,0.00
i03,e10,c3,p18,l1,0.00
i03,e10,c3,p18,l3,0.00
i03,e10,c3,p19,l1,0.00
i03,e10,c3,p19,l3,0.00
i03,e10,c3,p20,l1,0.00
i03,e10,c3,p20,l3,0.00
i03,e10,c3,p21,l1,0.00
i03,e10,c3,p21,l3,0.00
i03,e10,c3,p22,l3,0.00
i03,e10,c3,p23,l1,0.00
i03,e10,c3,p23,l3,0.00
i03,e10,c3,p29,l1,0.00
i03,e10,c3,p29,l3,0.00
i03,e10,c3,p35,l1,0.00
i03,e10,c3,p35,l3,0.00
i03,e10,c5,p01,l1,0.00
i03,e10,c5,p01,l2,0.00
i03,e10,c5,p01,l3,0.00
i03,e10,c5,p02,l1,0.00
i03,e10,c5,p02,l3,0.00
i03,e10,c5,p03,l1,0.00
i03,e10,c5,p03,l2,0.00
i03,e10,c5,p03,l3,1.18
i03,e10,c5,p04,l1,0.00
i03,e10,c5,p04,l3,0.00
i03,e10,c5,p05,l1,17.12
i03,e10,c5,p05,l2,0.00
i03,e10,c5,p05,l3,9.10
i03,e10,c5,p06,l1,0.00
i03,e10,c5,p06,l2,0.00
i03,e10,c5,p06,l3,0.00
i03,e10,c5,p07,l1,0.00
i03,e10,c5,p07,l2,0.00
i03,e10,c5,p07,l3,0.00
i03,e10,c5,p08,l1,0.00
i03,e10,c5,p08,l2,0.00
i03,e10,c5,p08,l3,0.00
i03,e10,c5,p09,l1,0.00
i03,e10,c5,p09,l3,0.00
i03,e10,c5,p10,l1,0.00
i03,e10,c5,p10,l2,0.00
i03,e10,c5,p10,l3,2.44
i03,e10,c5,p11,l1,3.03
i03,e10,c5,p11,l2,0.00
i03,e10,c5,p11,l3,0.00
i03,e10,c5,p12,l1,0.00
i03,e10,c5,p12,l2,0.00
i03,e10,c5,p12,l3,0.00
i03,e10,c5,p13,l1,0.00
i03,e10,c5,p13,l2,0.00
i03,e10,c5,p13,l3,0.00
i03,e10,c5,p14,l1,0.00
i03,e10,c5,p14,l2,0.00
i03,e10,c5,p14,l3,2.39
i03,e10,c5,p15,l1,1.12
i03,e10,c5,p15,l2,0.00
i03,e10,c5,p15,l3,2.04
i03,e10,c5,p16,l1,0.00
i03,e10,c5,p16,l2,0.00
i03,e10,c5,p16,l3,4.39
i03,e10,c5,p17,l1,0.00
i03,e10,c5,p17,l2,0.00
i03,e10,c5,p17,l3,0.00
i03,e10,c5,p18,l1,0.00
i03,e10,c5,p18,l2,0.00
i03,e10,c5,p18,l3,2.19
i03,e10,c5,p19,l1,0.00
i03,e10,c5,p19,l2,0.00
i03,e10,c5,p19,l3,0.00
i03,e10,c5,p20,l1,0.00
i03,e10,c5,p20,l3,0.00
i03,e10,c5,p21,l1,0.00
i03,e10,c5,p21,l2,0.00
i03,e10,c5,p21,l3,0.00
i03,e10,c5,p22,l1,0.00
i03,e10,c5,p22,l2,0.00
i03,e10,c5,p22,l3,0.00
i03,e10,c5,p23,l1,0.00
i03,e10,c5,p23,l2,0.00
i03,e10,c5,p23,l3,0.00
i03,e10,c5,p24,l1,0.00
i03,e10,c5,p24,l2,0.00
i03,e10,c5,p24,l3,0.00
i03,e10,c5,p25,l1,0.00
i03,e10,c5,p25,l3,0.00
i03,e10,c5,p26,l1,0.00
i03,e10,c5,p26,l3,0.00
i03,e10,c5,p28,l1,0.00
i03,e10,c5,p28,l3,0.00
i03,e10,c5,p29,l1,1.05
i03,e10,c5,p29,l2,0.00
i03,e10,c5,p29,l3,0.00
i03,e10,c5,p30,l3,0.00
i03,e10,c5,p31,l1,0.00
i03,e10,c5,p31,l3,0.00
i03,e10,c5,p32,l3,0.00
i03,e10,c5,p33,l1,0.00
i03,e10,c5,p33,l3,0.00
i03,e10,c5,p35,l1,0.00
i03,e10,c5,p35,l2,0.00
i03,e10,c5,p35,l3,0.00
i03,e11,c5,p01,l2,0.00
i03,e11,c5,p01,l3,0.00
i03,e11,c5,p02,l3,0.00
i03,e11,c5,p04,l3,0.00
i03,e11,c5,p05,l2,0.00
i03,e11,c5,p05,l3,0.00
i03,e11,c5,p06,l3,0.00
i03,e11,c5,p07,l2,0.00
i03,e11,c5,p07,l3,0.00
i03,e11,c5,p08,l3,0.00
i03,e11,c5,p10,l2,0.00
i03,e11,c5,p10,l3,0.00
i03,e11,c5,p11,l3,0.00
i03,e11,c5,p12,l2,0.00
i03,e11,c5,p12,l3,0.00
i03,e11,c5,p14,l3,0.00
i03,e11,c5,p15,l2,0.00
i03,e11,c5,p15,l3,0.00
i03,e11,c5,p16,l2,0.00
i03,e11,c5,p16,l3,0.00
i03,e11,c5,p17,l3,0.00
i03,e11,c5,p18,l2,0.00
i03,e11,c5,p18,l3,0.00
i03,e11,c5,p19,l2,0.00
i03,e11,c5,p19,l3,0.00
i03,e11,c5,p21,l2,0.00
i03,e11,c5,p21,l3,0.00
i03,e11,c5,p23,l2,0.00
i03,e11,c5,p23,l3,0.00
i03,e11,c5,p24,l3,0.00
i03,e11,c5,p29,l2,0.00
i03,e11,c5,p29,l3,0.00
i03,e11,c5,p35,l2,0.00
i03,e11,c5,p35,l3,0.00
i03,e12,c3,p29,l3,0.00
i03,e12,c5,p01,l3,0.00
i03,e12,c5,p02,l3,0.00
i03,e12,c5,p03,l3,0.00
i03,e12,c5,p04,l3,0.00
i03,e12,c5,p05,l3,0.00
i03,e12,c5,p06,l3,0.00
i03,e12,c5,p07,l3,0.00
i03,e12,c5,p08,l3,0.00
i03,e12,c5,p09,l3,0.00
i03,e12,c5,p10,l3,0.00
i03,e12,c5,p11,l3,0.00
i03,e12,c5,p12,l3,0.00
i03,e12,c5,p13,l3,0.00
i03,e12,c5,p14,l3,0.00
i03,e12,c5,p15,l3,0.00
i03,e12,c5,p16,l3,0.00
i03,e12,c5,p17,l3,0.00
i03,e12,c5,p18,l3,0.00
i03,e12,c5,p19,l3,0.00
i03,e12,c5,p20,l3,0.00
i03,e12,c5,p21,l3,0.00
i03,e12,c5,p22,l3,0.00
i03,e12,c5,p23,l3,0.00
i03,e12,c5,p24,l3,0.00
i03,e12,c5,p29,l3,0.00
i03,e12,c5,p32,l3,0.00
i03,e12,c5,p35,l3,0.00
i04,e01,c3,p03,l3,0.00
i04,e01,c3,p10,l3,5.08
i04,e01,c3,p21,l3,0.00
i04,e01,c3,p24,l3,0.00
i04,e01,c3,p35,l3,0.00
i04,e01,c5,p10,l3,0.00
i04,e02,c3,p10,l3,0.00
i04,e02,c3,p24,l3,0.00
i04,e04,c3,p03,l1,0.00
i04,e04,c3,p03,l3,0.00
i04,e04,c3,p10,l1,0.00
i04,e04,c3,p10,l3,2.30
i04,e04,c3,p21,l1,0.00
i04,e04,c3,p21,l3,0.00
i04,e04,c3,p24,l1,0.00
i04,e04,c3,p24,l3,0.00
i04,e04,c3,p35,l1,0.00
i04,e04,c3,p35,l3,0.00
i04,e04,c5,p10,l1,0.00
i04,e05,c3,p10,l3,0.00
i04,e05,c3,p24,l3,0.00
i04,e05,c3,p35,l3,0.00
i04,e08,c3,p03,l3,0.00
i04,e08,c3,p10,l2,0.00
i04,e08,c3,p10,l3,0.00
i04,e08,c3,p21,l2,0.00
i04,e08,c3,p21,l3,0.00
i04,e08,c3,p24,l2,0.00
i04,e08,c3,p24,l3,0.00
i04,e08,c3,p35,l3,0.00
i04,e08,c5,p10,l2,0.00
i04,e09,c3,p03,l2,0.00
i04,e09,c3,p03,l3,0.00
i04,e09,c3,p10,l2,0.00
i04,e09,c3,p10,l3,12.23
i04,e09,c3,p21,l2,0.00
i04,e09,c3,p21,l3,0.00
i04,e09,c3,p24,l2,0.00
i04,e09,c3,p24,l3,0.00
i04,e09,c3,p35,l2,0.00
i04,e09,c3,p35,l3,0.00
i04,e09,c5,p10,l2,0.00
i04,e11,c3,p03,l2,0.00
i04,e11,c3,p10,l2,0.00
i04,e11,c3,p10,l3,0.00
i04,e11,c3,p21,l3,0.00
i04,e11,c3,p24,l2,0.00
i04,e11,c3,p24,l3,0.00
i04,e11,c3,p35,l2,0.00
i04,e11,c3,p35,l3,0.00
i05,e01,c1,p01,l3,17.03
i05,e01,c1,p02,l3,2.01
i05,e01,c1,p03,l3,11.77
i05,e01,c1,p04,l3,2.43
i05,e01,c1,p05,l3,2.49
i05,e01,c1,p06,l3,6.12
i05,e01,c1,p07,l3,12.14
i05,e01,c1,p08,l3,1.67
i05,e01,c1,p09,l3,1.07
i05,e01,c1,p10,l3,62.16
i05,e01,c1,p11,l3,15.58
i05,e01,c1,p12,l3,5.57
i05,e01,c1,p13,l3,19.34
i05,e01,c1,p14,l3,7.47
i05,e01,c1,p15,l3,4.14
i05,e01,c1,p16,l3,7.14
i05,e01,c1,p17,l3,5.74
i05,e01,c1,p18,l3,5.40
i05,e01,c1,p19,l3,51.45
i05,e01,c1,p20,l3,5.91
i05,e01,c1,p21,l3,2.28
i05,e01,c1,p22,l3,6.11
i05,e01,c1,p23,l3,13.37
i05,e01,c1,p24,l3,5.61
i05,e01,c1,p25,l3,7.05
i05,e01,c1,p26,l3,0.00
i05,e01,c1,p27,l3,0.00
i05,e01,c1,p28,l3,4.27
i05,e01,c1,p29,l3,2.47
i05,e01,c1,p30,l3,0.00
i05,e01,c1,p31,l3,0.00
i05,e01,c1,p32,l3,0.00
i05,e01,c1,p33,l3,0.00
i05,e01,c1,p34,l3,0.00
i05,e01,c1,p35,l3,41.24
i05,e01,c4,p01,l3,0.00
i05,e01,c4,p02,l3,0.00
i05,e01,c4,p03,l3,0.00
i05,e01,c4,p04,l3,0.00
i05,e01,c4,p05,l3,0.00
i05,e01,c4,p06,l3,0.00
i05,e01,c4,p07,l3,0.00
i05,e01,c4,p08,l3,0.00
i05,e01,c4,p09,l3,0.00
i05,e01,c4,p10,l3,0.00
i05,e01,c4,p11,l3,0.00
i05,e01,c4,p12,l3,0.00
i05,e01,c4,p13,l3,0.00
i05,e01,c4,p14,l3,0.00
i05,e01,c4,p15,l3,0.00
i05,e01,c4,p16,l3,0.00
i05,e01,c4,p17,l3,0.00
i05,e01,c4,p18,l3,0.00
i05,e01,c4,p19,l3,0.00
i05,e01,c4,p20,l3,0.00
i05,e01,c4,p21,l3,0.00
i05,e01,c4,p22,l3,0.00
i05,e01,c4,p23,l3,0.00
i05,e01,c4,p24,l3,0.00
i05,e01,c4,p25,l3,0.00
i05,e01,c4,p26,l3,0.00
i05,e01,c4,p28,l3,0.00
i05,e01,c4,p29,l3,0.00
i05,e01,c4,p30,l3,0.00
i05,e01,c4,p31,l3,0.00
i05,e01,c4,p32,l3,0.00
i05,e01,c4,p33,l3,0.00
i05,e01,c4,p35,l3,4.53
i05,e01,c7,p01,l3,0.00
i05,e01,c7,p03,l3,0.00
i05,e01,c7,p05,l3,0.00
i05,e01,c7,p10,l3,0.00
i05,e01,c7,p11,l3,0.00
i05,e01,c7,p12,l3,0.00
i05,e01,c7,p14,l3,0.00
i05,e01,c7,p17,l3,0.00
i05,e01,c7,p19,l3,0.00
i05,e01,c7,p21,l3,0.00
i05,e01,c7,p24,l3,0.00
i05,e01,c7,p35,l3,0.00
i05,e03,c1,p01,l3,2.22
i05,e03,c1,p02,l3,0.00
i05,e03,c1,p03,l3,4.36
i05,e03,c1,p04,l3,0.00
i05,e03,c1,p05,l3,0.00
i05,e03,c1,p06,l3,2.07
i05,e03,c1,p07,l3,1.03
i05,e03,c1,p08,l3,0.00
i05,e03,c1,p09,l3,0.00
i05,e03,c1,p10,l3,19.38
i05,e03,c1,p11,l3,3.14
i05,e03,c1,p12,l3,2.01
i05,e03,c1,p13,l3,3.90
i05,e03,c1,p14,l3,0.00
i05,e03,c1,p15,l3,1.90
i05,e03,c1,p16,l3,0.00
i05,e03,c1,p17,l3,1.20
i05,e03,c1,p18,l3,0.00
i05,e03,c1,p19,l3,5.67
i05,e03,c1,p20,l3,0.00
i05,e03,c1,p21,l3,2.60
i05,e03,c1,p22,l3,1.07
i05,e03,c1,p23,l3,1.48
i05,e03,c1,p24,l3,2.06
i05,e03,c1,p25,l3,0.00
i05,e03,c1,p26,l3,0.00
i05,e03,c1,p27,l3,0.00
i05,e03,c1,p28,l3,1.12
i05,e03,c1,p29,l3,0.00
i05,e03,c1,p30,l3,0.00
i05,e03,c1,p31,l3,0.00
i05,e03,c1,p32,l3,0.00
i05,e03,c1,p33,l3,0.00
i05,e03,c1,p34,l3,0.00
i05,e03,c1,p35,l3,32.63
i05,e03,c4,p01,l3,0.00
i05,e03,c4,p02,l3,0.00
i05,e03,c4,p03,l3,0.00
i05,e03,c4,p04,l3,0.00
i05,e03,c4,p05,l3,0.00
i05,e03,c4,p06,l3,0.00
i05,e03,c4,p07,l3,0.00
i05,e03,c4,p08,l3,0.00
i05,e03,c4,p09,l3,0.00
i05,e03,c4,p10,l3,0.00
i05,e03,c4,p11,l3,0.00
i05,e03,c4,p12,l3,0.00
i05,e03,c4,p13,l3,0.00
i05,e03,c4,p14,l3,0.00
i05,e03,c4,p15,l3,0.00
i05,e03,c4,p16,l3,0.00
i05,e03,c4,p17,l3,0.00
i05,e03,c4,p18,l3,0.00
i05,e03,c4,p19,l3,0.00
i05,e03,c4,p20,l3,0.00
i05,e03,c4,p21,l3,0.00
i05,e03,c4,p22,l3,0.00
i05,e03,c4,p23,l3,0.00
i05,e03,c4,p24,l3,0.00
i05,e03,c4,p25,l3,0.00
i05,e03,c4,p26,l3,0.00
i05,e03,c4,p28,l3,0.00
i05,e03,c4,p29,l3,0.00
i05,e03,c4,p30,l3,0.00
i05,e03,c4,p31,l3,0.00
i05,e03,c4,p32,l3,0.00
i05,e03,c4,p33,l3,0.00
i05,e03,c4,p35,l3,0.00
i05,e03,c7,p01,l3,0.00
i05,e03,c7,p02,l3,0.00
i05,e03,c7,p03,l3,0.00
i05,e03,c7,p05,l3,0.00
i05,e03,c7,p06,l3,0.00
i05,e03,c7,p10,l3,0.00
i05,e03,c7,p11,l3,0.00
i05,e03,c7,p12,l3,0.00
i05,e03,c7,p13,l3,0.00
i05,e03,c7,p15,l3,0.00
i05,e03,c7,p17,l3,0.00
i05,e03,c7,p18,l3,0.00
i05,e03,c7,p19,l3,0.00
i05,e03,c7,p21,l3,0.00
i05,e03,c7,p24,l3,0.00
i05,e03,c7,p26,l3,0.00
i05,e03,c7,p29,l3,0.00
i05,e03,c7,p35,l3,0.00
i05,e03,c8,p35,l3,0.00
i05,e04,c1,p01,l1,0.00
i05,e04,c1,p01,l3,5.11
i05,e04,c1,p02,l1,0.00
i05,e04,c1,p02,l3,0.00
i05,e04,c1,p03,l1,0.00
i05,e04,c1,p03,l3,5.02
i05,e04,c1,p04,l1,0.00
i05,e04,c1,p04,l3,36.11
i05,e04,c1,p05,l1,0.00
i05,e04,c1,p05,l3,1.11
i05,e04,c1,p06,l1,0.00
i05,e04,c1,p06,l3,2.12
i05,e04,c1,p07,l1,0.00
i05,e04,c1,p07,l3,8.66
i05,e04,c1,p08,l1,0.00
i05,e04,c1,p08,l3,6.36
i05,e04,c1,p09,l1,0.00
i05,e04,c1,p09,l3,0.00
i05,e04,c1,p10,l1,0.00
i05,e04,c1,p10,l3,51.51
i05,e04,c1,p11,l1,0.00
i05,e04,c1,p11,l3,3.54
i05,e04,c1,p12,l1,0.00
i05,e04,c1,p12,l3,6.21
i05,e04,c1,p13,l1,0.00
i05,e04,c1,p13,l3,2.70
i05,e04,c1,p14,l1,0.00
i05,e04,c1,p14,l3,0.00
i05,e04,c1,p15,l1,0.00
i05,e04,c1,p15,l3,0.00
i05,e04,c1,p16,l1,0.00
i05,e04,c1,p16,l3,0.00
i05,e04,c1,p17,l1,0.00
i05,e04,c1,p17,l3,2.43
i05,e04,c1,p18,l1,0.00
i05,e04,c1,p18,l3,1.52
i05,e04,c1,p19,l1,0.00
i05,e04,c1,p19,l3,8.18
i05,e04,c1,p20,l1,0.00
i05,e04,c1,p20,l3,0.00
i05,e04,c1,p21,l1,0.00
i05,e04,c1,p21,l3,13.44
i05,e04,c1,p22,l1,0.00
i05,e04,c1,p22,l3,9.32
i05,e04,c1,p23,l1,0.00
i05,e04,c1,p23,l3,0.00
i05,e04,c1,p24,l1,0.00
i05,e04,c1,p24,l3,7.29
i05,e04,c1,p25,l1,0.00
i05,e04,c1,p25,l3,0.00
i05,e04,c1,p26,l1,0.00
i05,e04,c1,p26,l3,0.00
i05,e04,c1,p27,l1,0.00
i05,e04,c1,p27,l3,0.00
i05,e04,c1,p28,l1,0.00
i05,e04,c1,p28,l3,6.30
i05,e04,c1,p29,l1,0.00
i05,e04,c1,p29,l3,6.32
i05,e04,c1,p30,l1,0.00
i05,e04,c1,p30,l3,2.31
i05,e04,c1,p31,l1,0.00
i05,e04,c1,p31,l3,0.00
i05,e04,c1,p32,l1,0.00
i05,e04,c1,p32,l3,0.00
i05,e04,c1,p33,l1,0.00
i05,e04,c1,p33,l3,0.00
i05,e04,c1,p34,l1,0.00
i05,e04,c1,p34,l3,0.00
i05,e04,c1,p35,l1,0.00
i05,e04,c1,p35,l3,58.46
i05,e04,c4,p01,l1,0.00
i05,e04,c4,p01,l3,0.00
i05,e04,c4,p02,l1,0.00
i05,e04,c4,p02,l3,0.00
i05,e04,c4,p03,l1,0.00
i05,e04,c4,p03,l3,0.00
i05,e04,c4,p04,l1,0.00
i05,e04,c4,p04,l3,0.00
i05,e04,c4,p05,l1,0.00
i05,e04,c4,p05,l3,4.16
i05,e04,c4,p06,l3,0.00
i05,e04,c4,p07,l1,0.00
i05,e04,c4,p07,l3,0.00
i05,e04,c4,p08,l1,0.00
i05,e04,c4,p08,l3,0.00
i05,e04,c4,p09,l1,0.00
i05,e04,c4,p09,l3,0.00
i05,e04,c4,p10,l1,0.00
i05,e04,c4,p10,l3,0.00
i05,e04,c4,p11,l1,0.00
i05,e04,c4,p11,l3,0.00
i05,e04,c4,p12,l1,0.00
i05,e04,c4,p12,l3,0.00
i05,e04,c4,p13,l1,0.00
i05,e04,c4,p13,l3,0.00
i05,e04,c4,p14,l1,0.00
i05,e04,c4,p14,l3,0.00
i05,e04,c4,p15,l1,0.00
i05,e04,c4,p15,l3,0.00
i05,e04,c4,p16,l1,0.00
i05,e04,c4,p16,l3,0.00
i05,e04,c4,p17,l1,0.00
i05,e04,c4,p17,l3,0.00
i05,e04,c4,p18,l1,0.00
i05,e04,c4,p18,l3,0.00
i05,e04,c4,p19,l1,0.00
i05,e04,c4,p19,l3,0.00
i05,e04,c4,p20,l1,0.00
i05,e04,c4,p20,l3,0.00
i05,e04,c4,p21,l1,0.00
i05,e04,c4,p21,l3,0.00
i05,e04,c4,p22,l3,0.00
i05,e04,c4,p23,l1,0.00
i05,e04,c4,p23,l3,0.00
i05,e04,c4,p24,l1,0.00
i05,e04,c4,p24,l3,0.00
i05,e04,c4,p25,l3,0.00
i05,e04,c4,p26,l3,0.00
i05,e04,c4,p28,l3,0.00
i05,e04,c4,p29,l3,0.00
i05,e04,c4,p30,l3,0.00
i05,e04,c4,p31,l3,0.00
i05,e04,c4,p32,l1,0.00
i05,e04,c4,p32,l3,0.00
i05,e04,c4,p33,l3,0.00
i05,e04,c4,p35,l1,0.00
i05,e04,c4,p35,l3,1.12
i05,e04,c7,p01,l3,0.00
i05,e04,c7,p03,l3,0.00
i05,e04,c7,p05,l3,0.00
i05,e04,c7,p10,l1,0.00
i05,e04,c7,p10,l3,0.00
i05,e04,c7,p11,l3,0.00
i05,e04,c7,p12,l3,0.00
i05,e04,c7,p13,l3,0.00
i05,e04,c7,p14,l3,0.00
i05,e04,c7,p17,l1,0.00
i05,e04,c7,p17,l3,0.00
i05,e04,c7,p19,l3,0.00
i05,e04,c7,p24,l3,0.00
i05,e04,c7,p35,l1,0.00
i05,e04,c7,p35,l3,0.00
i05,e05,c1,p01,l1,0.00
i05,e05,c1,p01,l3,0.00
i05,e05,c1,p02,l1,0.00
i05,e05,c1,p02,l3,0.00
i05,e05,c1,p03,l1,0.00
i05,e05,c1,p03,l3,0.00
i05,e05,c1,p04,l1,0.00
i05,e05,c1,p04,l3,0.00
i05,e05,c1,p05,l1,0.00
i05,e05,c1,p05,l3,0.00
i05,e05,c1,p06,l1,0.00
i05,e05,c1,p06,l3,0.00
i05,e05,c1,p07,l1,0.00
i05,e05,c1,p07,l3,1.28
i05,e05,c1,p08,l1,0.00
i05,e05,c1,p08,l3,0.00
i05,e05,c1,p09,l1,0.00
i05,e05,c1,p09,l3,0.00
i05,e05,c1,p10,l1,0.00
i05,e05,c1,p10,l3,2.92
i05,e05,c1,p11,l1,0.00
i05,e05,c1,p11,l3,0.00
i05,e05,c1,p12,l1,0.00
i05,e05,c1,p12,l3,0.00
i05,e05,c1,p13,l1,0.00
i05,e05,c1,p13,l3,1.30
i05,e05,c1,p14,l1,0.00
i05,e05,c1,p14,l3,0.00
i05,e05,c1,p15,l1,0.00
i05,e05,c1,p15,l3,0.00
i05,e05,c1,p16,l1,0.00
i05,e05,c1,p16,l3,0.00
i05,e05,c1,p17,l1,0.00
i05,e05,c1,p17,l3,0.00
i05,e05,c1,p18,l1,0.00
i05,e05,c1,p18,l3,0.00
i05,e05,c1,p19,l1,0.00
i05,e05,c1,p19,l3,1.21
i05,e05,c1,p20,l1,0.00
i05,e05,c1,p20,l3,0.00
i05,e05,c1,p21,l1,0.00
i05,e05,c1,p21,l3,0.00
i05,e05,c1,p22,l1,0.00
i05,e05,c1,p22,l3,0.00
i05,e05,c1,p23,l1,0.00
i05,e05,c1,p23,l3,0.00
i05,e05,c1,p24,l1,0.00
i05,e05,c1,p24,l3,0.00
i05,e05,c1,p25,l1,0.00
i05,e05,c1,p25,l3,0.00
i05,e05,c1,p26,l1,0.00
i05,e05,c1,p26,l3,0.00
i05,e05,c1,p27,l3,0.00
i05,e05,c1,p28,l1,0.00
i05,e05,c1,p28,l3,1.25
i05,e05,c1,p29,l1,0.00
i05,e05,c1,p29,l3,0.00
i05,e05,c1,p30,l1,0.00
i05,e05,c1,p30,l3,0.00
i05,e05,c1,p31,l1,0.00
i05,e05,c1,p31,l3,0.00
i05,e05,c1,p32,l1,0.00
i05,e05,c1,p32,l3,0.00
i05,e05,c1,p33,l1,0.00
i05,e05,c1,p33,l3,0.00
i05,e05,c1,p34,l3,0.00
i05,e05,c1,p35,l1,0.00
i05,e05,c1,p35,l3,1.83
i05,e05,c4,p01,l3,0.00
i05,e05,c4,p02,l1,0.00
i05,e05,c4,p02,l3,0.00
i05,e05,c4,p03,l1,0.00
i05,e05,c4,p03,l3,0.00
i05,e05,c4,p04,l3,0.00
i05,e05,c4,p05,l1,0.00
i05,e05,c4,p05,l3,0.00
i05,e05,c4,p06,l3,0.00
i05,e05,c4,p07,l1,0.00
i05,e05,c4,p07,l3,0.00
i05,e05,c4,p08,l3,0.00
i05,e05,c4,p09,l1,0.00
i05,e05,c4,p09,l3,0.00
i05,e05,c4,p10,l1,0.00
i05,e05,c4,p10,l3,0.00
i05,e05,c4,p11,l3,0.00
i05,e05,c4,p12,l1,0.00
i05,e05,c4,p12,l3,0.00
i05,e05,c4,p13,l3,0.00
i05,e05,c4,p15,l1,0.00
i05,e05,c4,p15,l3,0.00
i05,e05,c4,p16,l3,0.00
i05,e05,c4,p17,l3,0.00
i05,e05,c4,p18,l3,0.00
i05,e05,c4,p19,l3,0.00
i05,e05,c4,p21,l3,0.00
i05,e05,c4,p22,l3,0.00
i05,e05,c4,p23,l3,0.00
i05,e05,c4,p24,l3,0.00
i05,e05,c4,p28,l3,0.00
i05,e05,c4,p29,l1,0.00
i05,e05,c4,p29,l3,0.00
i05,e05,c4,p35,l1,0.00
i05,e05,c4,p35,l3,0.00
i05,e05,c7,p05,l3,0.00
i05,e05,c7,p10,l1,0.00
i05,e05,c7,p10,l3,0.00
i05,e05,c7,p35,l1,0.00
i05,e05,c7,p35,l3,0.00
i05,e06,c1,p01,l3,4.03
i05,e06,c1,p02,l3,3.16
i05,e06,c1,p03,l3,7.69
i05,e06,c1,p04,l3,3.69
i05,e06,c1,p05,l3,3.17
i05,e06,c1,p06,l3,1.36
i05,e06,c1,p07,l3,8.17
i05,e06,c1,p08,l3,0.00
i05,e06,c1,p09,l3,3.66
i05,e06,c1,p10,l3,39.24
i05,e06,c1,p11,l3,7.25
i05,e06,c1,p12,l3,7.34
i05,e06,c1,p13,l3,6.70
i05,e06,c1,p14,l3,1.00
i05,e06,c1,p15,l3,4.39
i05,e06,c1,p16,l3,4.14
i05,e06,c1,p17,l3,3.56
i05,e06,c1,p18,l3,5.07
i05,e06,c1,p19,l3,15.30
i05,e06,c1,p20,l3,1.36
i05,e06,c1,p21,l3,8.25
i05,e06,c1,p22,l3,2.27
i05,e06,c1,p23,l3,5.34
i05,e06,c1,p24,l3,8.33
i05,e06,c1,p25,l3,0.00
i05,e06,c1,p26,l3,0.00
i05,e06,c1,p27,l3,0.00
i05,e06,c1,p28,l3,4.67
i05,e06,c1,p29,l3,3.16
i05,e06,c1,p30,l3,0.00
i05,e06,c1,p31,l3,0.00
i05,e06,c1,p32,l3,0.00
i05,e06,c1,p33,l3,0.00
i05,e06,c1,p34,l3,0.00
i05,e06,c1,p35,l3,22.01
i05,e06,c4,p01,l3,0.00
i05,e06,c4,p02,l3,0.00
i05,e06,c4,p03,l3,0.00
i05,e06,c4,p04,l3,0.00
i05,e06,c4,p05,l3,0.00
i05,e06,c4,p06,l3,0.00
i05,e06,c4,p07,l3,0.00
i05,e06,c4,p08,l3,0.00
i05,e06,c4,p09,l3,0.00
i05,e06,c4,p10,l3,0.00
i05,e06,c4,p11,l3,0.00
i05,e06,c4,p12,l3,0.00
i05,e06,c4,p13,l3,0.00
i05,e06,c4,p14,l3,0.00
i05,e06,c4,p15,l3,0.00
i05,e06,c4,p16,l3,0.00
i05,e06,c4,p17,l3,0.00
i05,e06,c4,p18,l3,0.00
i05,e06,c4,p19,l3,0.00
i05,e06,c4,p20,l3,0.00
i05,e06,c4,p21,l3,0.00
i05,e06,c4,p22,l3,0.00
i05,e06,c4,p23,l3,0.00
i05,e06,c4,p24,l3,0.00
i05,e06,c4,p25,l3,0.00
i05,e06,c4,p26,l3,0.00
i05,e06,c4,p28,l3,0.00
i05,e06,c4,p29,l3,0.00
i05,e06,c4,p30,l3,0.00
i05,e06,c4,p31,l3,0.00
i05,e06,c4,p32,l3,0.00
i05,e06,c4,p35,l3,0.00
i05,e06,c7,p01,l3,0.00
i05,e06,c7,p02,l3,0.00
i05,e06,c7,p03,l3,0.00
i05,e06,c7,p04,l3,0.00
i05,e06,c7,p05,l3,0.00
i05,e06,c7,p06,l3,0.00
i05,e06,c7,p09,l3,0.00
i05,e06,c7,p10,l3,0.00
i05,e06,c7,p11,l3,0.00
i05,e06,c7,p12,l3,0.00
i05,e06,c7,p13,l3,0.00
i05,e06,c7,p15,l3,0.00
i05,e06,c7,p16,l3,0.00
i05,e06,c7,p17,l3,0.00
i05,e06,c7,p18,l3,0.00
i05,e06,c7,p19,l3,0.00
i05,e06,c7,p21,l3,0.00
i05,e06,c7,p23,l3,0.00
i05,e06,c7,p26,l3,0.00
i05,e06,c7,p29,l3,0.00
i05,e06,c7,p35,l3,0.00
i05,e07,c1,p01,l2,0.00
i05,e07,c1,p01,l3,5.59
i05,e07,c1,p02,l2,0.00
i05,e07,c1,p02,l3,1.67
i05,e07,c1,p03,l2,0.00
i05,e07,c1,p03,l3,27.17
i05,e07,c1,p04,l2,0.00
i05,e07,c1,p04,l3,0.00
i05,e07,c1,p05,l2,0.00
i05,e07,c1,p05,l3,22.08
i05,e07,c1,p06,l2,0.00
i05,e07,c1,p06,l3,1.85
i05,e07,c1,p07,l2,0.00
i05,e07,c1,p07,l3,14.31
i05,e07,c1,p08,l2,0.00
i05,e07,c1,p08,l3,0.00
i05,e07,c1,p09,l2,0.00
i05,e07,c1,p09,l3,5.67
i05,e07,c1,p10,l2,0.00
i05,e07,c1,p10,l3,141.33
i05,e07,c1,p11,l2,0.00
i05,e07,c1,p11,l3,27.33
i05,e07,c1,p12,l2,0.00
i05,e07,c1,p12,l3,41.62
i05,e07,c1,p13,l2,0.00
i05,e07,c1,p13,l3,53.48
i05,e07,c1,p14,l2,0.00
i05,e07,c1,p14,l3,3.21
i05,e07,c1,p15,l2,0.00
i05,e07,c1,p15,l3,15.06
i05,e07,c1,p16,l2,0.00
i05,e07,c1,p16,l3,7.42
i05,e07,c1,p17,l2,0.00
i05,e07,c1,p17,l3,5.82
i05,e07,c1,p18,l2,0.00
i05,e07,c1,p18,l3,7.84
i05,e07,c1,p19,l2,0.00
i05,e07,c1,p19,l3,69.84
i05,e07,c1,p20,l2,0.00
i05,e07,c1,p20,l3,1.34
i05,e07,c1,p21,l2,0.00
i05,e07,c1,p21,l3,16.82
i05,e07,c1,p22,l2,0.00
i05,e07,c1,p22,l3,2.37
i05,e07,c1,p23,l2,0.00
i05,e07,c1,p23,l3,1.38
i05,e07,c1,p24,l2,0.00
i05,e07,c1,p24,l3,12.17
i05,e07,c1,p25,l2,0.00
i05,e07,c1,p25,l3,2.24
i05,e07,c1,p26,l2,0.00
i05,e07,c1,p26,l3,0.00
i05,e07,c1,p27,l2,0.00
i05,e07,c1,p27,l3,0.00
i05,e07,c1,p28,l2,0.00
i05,e07,c1,p28,l3,2.13
i05,e07,c1,p29,l2,0.00
i05,e07,c1,p29,l3,7.59
i05,e07,c1,p30,l2,0.00
i05,e07,c1,p30,l3,0.00
i05,e07,c1,p31,l2,0.00
i05,e07,c1,p31,l3,2.32
i05,e07,c1,p32,l2,0.00
i05,e07,c1,p32,l3,0.00
i05,e07,c1,p33,l2,0.00
i05,e07,c1,p33,l3,0.00
i05,e07,c1,p34,l2,0.00
i05,e07,c1,p34,l3,0.00
i05,e07,c1,p35,l2,0.00
i05,e07,c1,p35,l3,145.04
i05,e07,c4,p01,l2,0.00
i05,e07,c4,p01,l3,0.00
i05,e07,c4,p02,l2,0.00
i05,e07,c4,p02,l3,0.00
i05,e07,c4,p03,l2,0.00
i05,e07,c4,p03,l3,0.00
i05,e07,c4,p04,l2,0.00
i05,e07,c4,p04,l3,0.00
i05,e07,c4,p05,l2,0.00
i05,e07,c4,p05,l3,0.00
i05,e07,c4,p06,l2,0.00
i05,e07,c4,p06,l3,0.00
i05,e07,c4,p07,l2,0.00
i05,e07,c4,p07,l3,0.00
i05,e07,c4,p08,l2,0.00
i05,e07,c4,p08,l3,0.00
i05,e07,c4,p09,l2,0.00
i05,e07,c4,p09,l3,0.00
i05,e07,c4,p10,l2,0.00
i05,e07,c4,p10,l3,0.00
i05,e07,c4,p11,l2,0.00
i05,e07,c4,p11,l3,0.00
i05,e07,c4,p12,l2,0.00
i05,e07,c4,p12,l3,0.00
i05,e07,c4,p13,l2,0.00
i05,e07,c4,p13,l3,0.00
i05,e07,c4,p14,l2,0.00
i05,e07,c4,p14,l3,0.00
i05,e07,c4,p15,l2,0.00
i05,e07,c4,p15,l3,0.00
i05,e07,c4,p16,l2,0.00
i05,e07,c4,p16,l3,0.00
i05,e07,c4,p17,l2,0.00
i05,e07,c4,p17,l3,0.00
i05,e07,c4,p18,l2,0.00
i05,e07,c4,p18,l3,0.00
i05,e07,c4,p19,l2,0.00
i05,e07,c4,p19,l3,0.00
i05,e07,c4,p20,l2,0.00
i05,e07,c4,p20,l3,0.00
i05,e07,c4,p21,l2,0.00
i05,e07,c4,p21,l3,0.00
i05,e07,c4,p22,l2,0.00
i05,e07,c4,p22,l3,0.00
i05,e07,c4,p23,l2,0.00
i05,e07,c4,p23,l3,0.00
i05,e07,c4,p24,l2,0.00
i05,e07,c4,p24,l3,0.00
i05,e07,c4,p25,l2,0.00
i05,e07,c4,p25,l3,0.00
i05,e07,c4,p26,l3,0.00
i05,e07,c4,p28,l2,0.00
i05,e07,c4,p28,l3,0.00
i05,e07,c4,p29,l2,0.00
i05,e07,c4,p29,l3,0.00
i05,e07,c4,p30,l3,0.00
i05,e07,c4,p31,l3,0.00
i05,e07,c4,p32,l2,0.00
i05,e07,c4,p32,l3,0.00
i05,e07,c4,p35,l2,0.00
i05,e07,c4,p35,l3,0.00
i05,e07,c7,p01,l3,0.00
i05,e07,c7,p03,l3,0.00
i05,e07,c7,p04,l3,0.00
i05,e07,c7,p05,l3,0.00
i05,e07,c7,p10,l2,0.00
i05,e07,c7,p10,l3,0.00
i05,e07,c7,p11,l3,0.00
i05,e07,c7,p12,l3,0.00
i05,e07,c7,p17,l2,0.00
i05,e07,c7,p17,l3,0.00
i05,e07,c7,p18,l3,0.00
i05,e07,c7,p23,l2,0.00
i05,e07,c7,p24,l3,0.00
i05,e07,c7,p35,l2,0.00
i05,e07,c7,p35,l3,0.00
i05,e08,c1,p01,l2,0.00
i05,e08,c1,p01,l3,0.00
i05,e08,c1,p02,l2,0.00
i05,e08,c1,p02,l3,0.00
i05,e08,c1,p03,l2,0.00
i05,e08,c1,p03,l3,2.13
i05,e08,c1,p04,l2,0.00
i05,e08,c1,p04,l3,6.72
i05,e08,c1,p05,l2,0.00
i05,e08,c1,p05,l3,41.35
i05,e08,c1,p06,l2,0.00
i05,e08,c1,p06,l3,8.23
i05,e08,c1,p07,l2,0.00
i05,e08,c1,p07,l3,5.12
i05,e08,c1,p08,l2,0.00
i05,e08,c1,p08,l3,4.54
i05,e08,c1,p09,l2,0.00
i05,e08,c1,p09,l3,6.40
i05,e08,c1,p10,l2,0.00
i05,e08,c1,p10,l3,89.58
i05,e08,c1,p11,l2,0.00
i05,e08,c1,p11,l3,3.03
i05,e08,c1,p12,l2,0.00
i05,e08,c1,p12,l3,21.05
i05,e08,c1,p13,l2,0.00
i05,e08,c1,p13,l3,30.07
i05,e08,c1,p14,l2,0.00
i05,e08,c1,p14,l3,0.00
i05,e08,c1,p15,l2,0.00
i05,e08,c1,p15,l3,1.33
i05,e08,c1,p16,l2,0.00
i05,e08,c1,p16,l3,2.07
i05,e08,c1,p17,l2,0.00
i05,e08,c1,p17,l3,12.28
i05,e08,c1,p18,l2,0.00
i05,e08,c1,p18,l3,1.27
i05,e08,c1,p19,l2,0.00
i05,e08,c1,p19,l3,16.68
i05,e08,c1,p20,l2,0.00
i05,e08,c1,p20,l3,0.00
i05,e08,c1,p21,l2,0.00
i05,e08,c1,p21,l3,5.28
i05,e08,c1,p22,l2,0.00
i05,e08,c1,p22,l3,6.70
i05,e08,c1,p23,l2,0.00
i05,e08,c1,p23,l3,11.07
i05,e08,c1,p24,l2,0.00
i05,e08,c1,p24,l3,2.64
i05,e08,c1,p25,l2,0.00
i05,e08,c1,p25,l3,0.00
i05,e08,c1,p26,l2,0.00
i05,e08,c1,p26,l3,0.00
i05,e08,c1,p27,l2,0.00
i05,e08,c1,p27,l3,0.00
i05,e08,c1,p28,l2,0.00
i05,e08,c1,p28,l3,13.18
i05,e08,c1,p29,l2,0.00
i05,e08,c1,p29,l3,2.05
i05,e08,c1,p30,l2,0.00
i05,e08,c1,p30,l3,1.66
i05,e08,c1,p31,l2,0.00
i05,e08,c1,p31,l3,0.00
i05,e08,c1,p32,l2,0.00
i05,e08,c1,p32,l3,34.74
i05,e08,c1,p33,l2,0.00
i05,e08,c1,p33,l3,0.00
i05,e08,c1,p34,l2,0.00
i05,e08,c1,p34,l3,0.00
i05,e08,c1,p35,l2,0.00
i05,e08,c1,p35,l3,828.42
i05,e08,c4,p01,l2,0.00
i05,e08,c4,p01,l3,0.00
i05,e08,c4,p02,l2,0.00
i05,e08,c4,p02,l3,0.00
i05,e08,c4,p03,l2,0.00
i05,e08,c4,p03,l3,0.00
i05,e08,c4,p04,l2,0.00
i05,e08,c4,p04,l3,0.00
i05,e08,c4,p05,l2,0.00
i05,e08,c4,p05,l3,19.17
i05,e08,c4,p06,l2,0.00
i05,e08,c4,p06,l3,0.00
i05,e08,c4,p07,l2,0.00
i05,e08,c4,p07,l3,0.00
i05,e08,c4,p08,l2,0.00
i05,e08,c4,p08,l3,0.00
i05,e08,c4,p09,l2,0.00
i05,e08,c4,p09,l3,0.00
i05,e08,c4,p10,l2,0.00
i05,e08,c4,p10,l3,0.00
i05,e08,c4,p11,l2,0.00
i05,e08,c4,p11,l3,0.00
i05,e08,c4,p12,l2,0.00
i05,e08,c4,p12,l3,0.00
i05,e08,c4,p13,l2,0.00
i05,e08,c4,p13,l3,0.00
i05,e08,c4,p14,l2,0.00
i05,e08,c4,p14,l3,0.00
i05,e08,c4,p15,l2,0.00
i05,e08,c4,p15,l3,0.00
i05,e08,c4,p16,l2,0.00
i05,e08,c4,p16,l3,0.00
i05,e08,c4,p17,l2,0.00
i05,e08,c4,p17,l3,0.00
i05,e08,c4,p18,l2,0.00
i05,e08,c4,p18,l3,0.00
i05,e08,c4,p19,l2,0.00
i05,e08,c4,p19,l3,0.00
i05,e08,c4,p20,l2,0.00
i05,e08,c4,p20,l3,0.00
i05,e08,c4,p21,l2,0.00
i05,e08,c4,p21,l3,0.00
i05,e08,c4,p22,l2,0.00
i05,e08,c4,p22,l3,0.00
i05,e08,c4,p23,l2,0.00
i05,e08,c4,p23,l3,0.00
i05,e08,c4,p24,l2,0.00
i05,e08,c4,p24,l3,0.00
i05,e08,c4,p25,l3,0.00
i05,e08,c4,p26,l2,0.00
i05,e08,c4,p26,l3,0.00
i05,e08,c4,p28,l3,0.00
i05,e08,c4,p29,l2,0.00
i05,e08,c4,p29,l3,0.00
i05,e08,c4,p31,l2,0.00
i05,e08,c4,p32,l2,0.00
i05,e08,c4,p32,l3,0.00
i05,e08,c4,p35,l2,0.00
i05,e08,c4,p35,l3,0.00
i05,e08,c7,p01,l3,0.00
i05,e08,c7,p03,l2,0.00
i05,e08,c7,p03,l3,0.00
i05,e08,c7,p05,l3,0.00
i05,e08,c7,p10,l2,0.00
i05,e08,c7,p10,l3,0.00
i05,e08,c7,p11,l3,0.00
i05,e08,c7,p12,l2,0.00
i05,e08,c7,p12,l3,0.00
i05,e08,c7,p17,l2,0.00
i05,e08,c7,p17,l3,0.00
i05,e08,c7,p19,l3,0.00
i05,e08,c7,p24,l3,0.00
i05,e08,c7,p26,l3,0.00
i05,e08,c7,p29,l3,0.00
i05,e08,c7,p35,l2,0.00
i05,e08,c7,p35,l3,0.00
i05,e09,c1,p01,l2,0.00
i05,e09,c1,p01,l3,11.51
i05,e09,c1,p02,l2,0.00
i05,e09,c1,p02,l3,0.00
i05,e09,c1,p03,l2,0.00
i05,e09,c1,p03,l3,5.42
i05,e09,c1,p04,l2,0.00
i05,e09,c1,p04,l3,2.03
i05,e09,c1,p05,l2,0.00
i05,e09,c1,p05,l3,3.25
i05,e09,c1,p06,l2,0.00
i05,e09,c1,p06,l3,1.02
i05,e09,c1,p07,l2,0.00
i05,e09,c1,p07,l3,8.46
i05,e09,c1,p08,l2,0.00
i05,e09,c1,p08,l3,0.00
i05,e09,c1,p09,l2,0.00
i05,e09,c1,p09,l3,2.24
i05,e09,c1,p10,l2,0.00
i05,e09,c1,p10,l3,17.54
i05,e09,c1,p11,l2,0.00
i05,e09,c1,p11,l3,4.10
i05,e09,c1,p12,l2,0.00
i05,e09,c1,p12,l3,1.85
i05,e09,c1,p13,l2,0.00
i05,e09,c1,p13,l3,5.64
i05,e09,c1,p14,l2,0.00
i05,e09,c1,p14,l3,1.05
i05,e09,c1,p15,l2,0.00
i05,e09,c1,p15,l3,1.05
i05,e09,c1,p16,l2,0.00
i05,e09,c1,p16,l3,0.00
i05,e09,c1,p17,l2,0.00
i05,e09,c1,p17,l3,0.00
i05,e09,c1,p18,l2,0.00
i05,e09,c1,p18,l3,1.67
i05,e09,c1,p19,l2,0.00
i05,e09,c1,p19,l3,14.10
i05,e09,c1,p20,l2,0.00
i05,e09,c1,p20,l3,1.49
i05,e09,c1,p21,l2,0.00
i05,e09,c1,p21,l3,2.58
i05,e09,c1,p22,l2,0.00
i05,e09,c1,p22,l3,3.99
i05,e09,c1,p23,l2,0.00
i05,e09,c1,p23,l3,2.08
i05,e09,c1,p24,l2,0.00
i05,e09,c1,p24,l3,1.36
i05,e09,c1,p25,l2,0.00
i05,e09,c1,p25,l3,2.27
i05,e09,c1,p26,l2,0.00
i05,e09,c1,p26,l3,0.00
i05,e09,c1,p27,l2,0.00
i05,e09,c1,p27,l3,0.00
i05,e09,c1,p28,l2,0.00
i05,e09,c1,p28,l3,0.00
i05,e09,c1,p29,l2,0.00
i05,e09,c1,p29,l3,9.66
i05,e09,c1,p30,l2,0.00
i05,e09,c1,p30,l3,2.43
i05,e09,c1,p31,l2,0.00
i05,e09,c1,p31,l3,0.00
i05,e09,c1,p32,l2,0.00
i05,e09,c1,p32,l3,0.00
i05,e09,c1,p33,l2,0.00
i05,e09,c1,p33,l3,0.00
i05,e09,c1,p34,l2,0.00
i05,e09,c1,p34,l3,0.00
i05,e09,c1,p35,l2,0.00
i05,e09,c1,p35,l3,33.84
i05,e09,c4,p01,l2,0.00
i05,e09,c4,p01,l3,0.00
i05,e09,c4,p02,l2,0.00
i05,e09,c4,p02,l3,0.00
i05,e09,c4,p03,l2,0.00
i05,e09,c4,p03,l3,0.00
i05,e09,c4,p04,l2,0.00
i05,e09,c4,p04,l3,0.00
i05,e09,c4,p05,l2,0.00
i05,e09,c4,p05,l3,0.00
i05,e09,c4,p06,l3,0.00
i05,e09,c4,p07,l2,0.00
i05,e09,c4,p07,l3,0.00
i05,e09,c4,p08,l2,0.00
i05,e09,c4,p08,l3,0.00
i05,e09,c4,p09,l2,0.00
i05,e09,c4,p09,l3,0.00
i05,e09,c4,p10,l2,0.00
i05,e09,c4,p10,l3,0.00
i05,e09,c4,p11,l2,0.00
i05,e09,c4,p11,l3,0.00
i05,e09,c4,p12,l2,0.00
i05,e09,c4,p12,l3,0.00
i05,e09,c4,p13,l2,0.00
i05,e09,c4,p13,l3,0.00
i05,e09,c4,p14,l2,0.00
i05,e09,c4,p14,l3,0.00
i05,e09,c4,p15,l2,0.00
i05,e09,c4,p15,l3,0.00
i05,e09,c4,p16,l2,0.00
i05,e09,c4,p16,l3,0.00
i05,e09,c4,p17,l2,0.00
i05,e09,c4,p17,l3,0.00
i05,e09,c4,p18,l3,0.00
i05,e09,c4,p19,l2,0.00
i05,e09,c4,p19,l3,0.00
i05,e09,c4,p20,l2,0.00
i05,e09,c4,p20,l3,0.00
i05,e09,c4,p21,l2,0.00
i05,e09,c4,p21,l3,0.00
i05,e09,c4,p22,l2,0.00
i05,e09,c4,p22,l3,0.00
i05,e09,c4,p23,l2,0.00
i05,e09,c4,p23,l3,0.00
i05,e09,c4,p24,l2,0.00
i05,e09,c4,p24,l3,0.00
i05,e09,c4,p25,l3,0.00
i05,e09,c4,p26,l3,0.00
i05,e09,c4,p28,l2,0.00
i05,e09,c4,p28,l3,0.00
i05,e09,c4,p29,l2,0.00
i05,e09,c4,p29,l3,0.00
i05,e09,c4,p30,l3,0.00
i05,e09,c4,p31,l3,0.00
i05,e09,c4,p32,l2,0.00
i05,e09,c4,p32,l3,0.00
i05,e09,c4,p33,l3,0.00
i05,e09,c4,p35,l2,0.00
i05,e09,c4,p35,l3,2.60
i05,e09,c7,p01,l3,0.00
i05,e09,c7,p03,l3,0.00
i05,e09,c7,p04,l3,0.00
i05,e09,c7,p05,l3,0.00
i05,e09,c7,p10,l2,0.00
i05,e09,c7,p10,l3,0.00
i05,e09,c7,p11,l3,0.00
i05,e09,c7,p12,l3,0.00
i05,e09,c7,p14,l3,0.00
i05,e09,c7,p17,l3,0.00
i05,e09,c7,p19,l3,0.00
i05,e09,c7,p24,l3,0.00
i05,e09,c7,p35,l2,0.00
i05,e09,c7,p35,l3,0.00
i05,e11,c1,p01,l2,0.00
i05,e11,c1,p01,l3,0.00
i05,e11,c1,p02,l2,0.00
i05,e11,c1,p02,l3,0.00
i05,e11,c1,p03,l2,0.00
i05,e11,c1,p03,l3,0.00
i05,e11,c1,p04,l2,0.00
i05,e11,c1,p04,l3,0.00
i05,e11,c1,p05,l2,0.00
i05,e11,c1,p05,l3,1.86
i05,e11,c1,p06,l2,0.00
i05,e11,c1,p06,l3,1.40
i05,e11,c1,p07,l2,0.00
i05,e11,c1,p07,l3,2.14
i05,e11,c1,p08,l2,0.00
i05,e11,c1,p08,l3,0.00
i05,e11,c1,p09,l2,0.00
i05,e11,c1,p09,l3,0.00
i05,e11,c1,p10,l2,0.00
i05,e11,c1,p10,l3,0.00
i05,e11,c1,p11,l2,0.00
i05,e11,c1,p11,l3,0.00
i05,e11,c1,p12,l2,0.00
i05,e11,c1,p12,l3,0.00
i05,e11,c1,p13,l2,0.00
i05,e11,c1,p13,l3,0.00
i05,e11,c1,p14,l2,0.00
i05,e11,c1,p14,l3,0.00
i05,e11,c1,p15,l2,0.00
i05,e11,c1,p15,l3,0.00
i05,e11,c1,p16,l2,0.00
i05,e11,c1,p16,l3,0.00
i05,e11,c1,p17,l2,0.00
i05,e11,c1,p17,l3,0.00
i05,e11,c1,p18,l2,0.00
i05,e11,c1,p18,l3,0.00
i05,e11,c1,p19,l2,0.00
i05,e11,c1,p19,l3,0.00
i05,e11,c1,p20,l2,0.00
i05,e11,c1,p20,l3,0.00
i05,e11,c1,p21,l2,0.00
i05,e11,c1,p21,l3,0.00
i05,e11,c1,p22,l2,0.00
i05,e11,c1,p22,l3,0.00
i05,e11,c1,p23,l2,0.00
i05,e11,c1,p23,l3,0.00
i05,e11,c1,p24,l2,0.00
i05,e11,c1,p24,l3,0.00
i05,e11,c1,p25,l2,0.00
i05,e11,c1,p25,l3,0.00
i05,e11,c1,p26,l2,0.00
i05,e11,c1,p26,l3,0.00
i05,e11,c1,p27,l2,0.00
i05,e11,c1,p27,l3,0.00
i05,e11,c1,p28,l2,0.00
i05,e11,c1,p28,l3,0.00
i05,e11,c1,p29,l2,0.00
i05,e11,c1,p29,l3,0.00
i05,e11,c1,p30,l2,0.00
i05,e11,c1,p30,l3,0.00
i05,e11,c1,p31,l2,0.00
i05,e11,c1,p31,l3,0.00
i05,e11,c1,p32,l2,0.00
i05,e11,c1,p32,l3,0.00
i05,e11,c1,p33,l2,0.00
i05,e11,c1,p33,l3,0.00
i05,e11,c1,p34,l2,0.00
i05,e11,c1,p34,l3,0.00
i05,e11,c1,p35,l2,0.00
i05,e11,c1,p35,l3,1.72
i05,e11,c4,p01,l2,0.00
i05,e11,c4,p01,l3,0.00
i05,e11,c4,p02,l2,0.00
i05,e11,c4,p02,l3,0.00
i05,e11,c4,p03,l2,0.00
i05,e11,c4,p03,l3,0.00
i05,e11,c4,p04,l2,0.00
i05,e11,c4,p04,l3,0.00
i05,e11,c4,p05,l2,0.00
i05,e11,c4,p05,l3,0.00
i05,e11,c4,p06,l3,0.00
i05,e11,c4,p07,l3,0.00
i05,e11,c4,p08,l3,0.00
i05,e11,c4,p09,l3,0.00
i05,e11,c4,p10,l2,0.00
i05,e11,c4,p10,l3,0.00
i05,e11,c4,p11,l2,0.00
i05,e11,c4,p11,l3,0.00
i05,e11,c4,p12,l3,0.00
i05,e11,c4,p13,l3,0.00
i05,e11,c4,p14,l3,0.00
i05,e11,c4,p15,l2,0.00
i05,e11,c4,p15,l3,0.00
i05,e11,c4,p16,l3,0.00
i05,e11,c4,p17,l2,0.00
i05,e11,c4,p17,l3,0.00
i05,e11,c4,p18,l3,0.00
i05,e11,c4,p19,l2,0.00
i05,e11,c4,p19,l3,0.00
i05,e11,c4,p21,l3,0.00
i05,e11,c4,p22,l3,0.00
i05,e11,c4,p23,l3,0.00
i05,e11,c4,p24,l3,0.00
i05,e11,c4,p29,l3,0.00
i05,e11,c4,p32,l3,0.00
i05,e11,c4,p35,l2,0.00
i05,e11,c4,p35,l3,0.00
i05,e11,c7,p17,l3,0.00
i05,e11,c7,p35,l3,0.00
i05,e12,c1,p01,l3,15.91
i05,e12,c1,p02,l3,0.00
i05,e12,c1,p03,l3,78.15
i05,e12,c1,p04,l3,2.55
i05,e12,c1,p05,l3,4.09
i05,e12,c1,p06,l3,9.40
i05,e12,c1,p07,l3,11.86
i05,e12,c1,p08,l3,2.04
i05,e12,c1,p09,l3,4.18
i05,e12,c1,p10,l3,104.55
i05,e12,c1,p11,l3,34.11
i05,e12,c1,p12,l3,8.20
i05,e12,c1,p13,l3,22.02
i05,e12,c1,p14,l3,6.29
i05,e12,c1,p15,l3,16.19
i05,e12,c1,p16,l3,4.39
i05,e12,c1,p17,l3,9.16
i05,e12,c1,p18,l3,5.13
i05,e12,c1,p19,l3,35.06
i05,e12,c1,p20,l3,5.60
i05,e12,c1,p21,l3,8.39
i05,e12,c1,p22,l3,3.19
i05,e12,c1,p23,l3,2.12
i05,e12,c1,p24,l3,1.28
i05,e12,c1,p25,l3,0.00
i05,e12,c1,p26,l3,0.00
i05,e12,c1,p27,l3,0.00
i05,e12,c1,p28,l3,5.25
i05,e12,c1,p29,l3,8.68
i05,e12,c1,p30,l3,0.00
i05,e12,c1,p31,l3,0.00
i05,e12,c1,p32,l3,0.00
i05,e12,c1,p33,l3,0.00
i05,e12,c1,p34,l3,0.00
i05,e12,c1,p35,l3,133.52
i05,e12,c4,p01,l3,0.00
i05,e12,c4,p02,l3,0.00
i05,e12,c4,p03,l3,0.00
i05,e12,c4,p04,l3,0.00
i05,e12,c4,p05,l3,0.00
i05,e12,c4,p06,l3,0.00
i05,e12,c4,p07,l3,0.00
i05,e12,c4,p08,l3,0.00
i05,e12,c4,p09,l3,0.00
i05,e12,c4,p10,l3,0.00
i05,e12,c4,p11,l3,1.61
i05,e12,c4,p12,l3,0.00
i05,e12,c4,p13,l3,0.00
i05,e12,c4,p14,l3,0.00
i05,e12,c4,p15,l3,0.00
i05,e12,c4,p16,l3,0.00
i05,e12,c4,p17,l3,0.00
i05,e12,c4,p18,l3,0.00
i05,e12,c4,p19,l3,0.00
i05,e12,c4,p20,l3,0.00
i05,e12,c4,p21,l3,0.00
i05,e12,c4,p22,l3,0.00
i05,e12,c4,p23,l3,0.00
i05,e12,c4,p24,l3,0.00
i05,e12,c4,p25,l3,0.00
i05,e12,c4,p26,l3,0.00
i05,e12,c4,p28,l3,0.00
i05,e12,c4,p29,l3,0.00
i05,e12,c4,p31,l3,0.00
i05,e12,c4,p32,l3,0.00
i05,e12,c4,p33,l3,0.00
i05,e12,c4,p35,l3,6.31
i05,e12,c7,p01,l3,0.00
i05,e12,c7,p02,l3,0.00
i05,e12,c7,p03,l3,0.00
i05,e12,c7,p04,l3,0.00
i05,e12,c7,p05,l3,0.00
i05,e12,c7,p06,l3,0.00
i05,e12,c7,p10,l3,0.00
i05,e12,c7,p11,l3,0.00
i05,e12,c7,p12,l3,0.00
i05,e12,c7,p13,l3,0.00
i05,e12,c7,p15,l3,0.00
i05,e12,c7,p16,l3,0.00
i05,e12,c7,p17,l3,0.00
i05,e12,c7,p18,l3,0.00
i05,e12,c7,p19,l3,0.00
i05,e12,c7,p24,l3,0.00
i05,e12,c7,p26,l3,0.00
i05,e12,c7,p35,l3,0.00
i05,e13,c1,p01,l3,0.00
i05,e13,c1,p02,l3,0.00
i05,e13,c1,p03,l3,0.00
i05,e13,c1,p04,l3,0.00
i05,e13,c1,p05,l3,0.00
i05,e13,c1,p06,l3,0.00
i05,e13,c1,p07,l3,0.00
i05,e13,c1,p08,l3,0.00
i05,e13,c1,p09,l3,0.00
i05,e13,c1,p10,l3,0.00
i05,e13,c1,p11,l3,0.00
i05,e13,c1,p12,l3,0.00
i05,e13,c1,p13,l3,0.00
i05,e13,c1,p14,l3,0.00
i05,e13,c1,p15,l3,0.00
i05,e13,c1,p16,l3,0.00
i05,e13,c1,p17,l3,0.00
i05,e13,c1,p18,l3,0.00
i05,e13,c1,p19,l3,0.00
i05,e13,c1,p20,l3,0.00
i05,e13,c1,p21,l3,0.00
i05,e13,c1,p22,l3,0.00
i05,e13,c1,p23,l3,0.00
i05,e13,c1,p24,l3,0.00
i05,e13,c1,p25,l3,0.00
i05,e13,c1,p26,l3,0.00
i05,e13,c1,p27,l3,0.00
i05,e13,c1,p28,l3,0.00
i05,e13,c1,p29,l3,0.00
i05,e13,c1,p30,l3,0.00
i05,e13,c1,p31,l3,0.00
i05,e13,c1,p32,l3,0.00
i05,e13,c1,p33,l3,0.00
i05,e13,c1,p34,l3,0.00
i05,e13,c1,p35,l3,0.00
i05,e13,c4,p01,l3,0.00
i05,e13,c4,p02,l3,0.00
i05,e13,c4,p03,l3,0.00
i05,e13,c4,p04,l3,0.00
i05,e13,c4,p05,l3,0.00
i05,e13,c4,p06,l3,0.00
i05,e13,c4,p07,l3,0.00
i05,e13,c4,p08,l3,0.00
i05,e13,c4,p09,l3,0.00
i05,e13,c4,p10,l3,0.00
i05,e13,c4,p11,l3,0.00
i05,e13,c4,p12,l3,0.00
i05,e13,c4,p13,l3,0.00
i05,e13,c4,p14,l3,0.00
i05,e13,c4,p15,l3,0.00
i05,e13,c4,p16,l3,0.00
i05,e13,c4,p17,l3,0.00
i05,e13,c4,p18,l3,0.00
i05,e13,c4,p19,l3,0.00
i05,e13,c4,p20,l3,0.00
i05,e13,c4,p21,l3,0.00
i05,e13,c4,p22,l3,0.00
i05,e13,c4,p24,l3,0.00
i05,e13,c4,p25,l3,0.00
i05,e13,c4,p26,l3,0.00
i05,e13,c4,p28,l3,0.00
i05,e13,c4,p29,l3,0.00
i05,e13,c4,p32,l3,0.00
i05,e13,c4,p35,l3,0.00
i05,e13,c7,p06,l3,0.00
i05,e13,c7,p10,l3,0.00
i05,e13,c7,p12,l3,0.00
i05,e13,c7,p15,l3,0.00
i05,e13,c7,p17,l3,0.00
i05,e13,c7,p35,l3,0.00
i06,e01,c3,p01,l2,0.00
i06,e01,c3,p01,l3,1.34
i06,e01,c3,p02,l3,0.00
i06,e01,c3,p02,l4,0.00
i06,e01,c3,p03,l3,0.00
i06,e01,c3,p03,l4,0.00
i06,e01,c3,p04,l2,0.00
i06,e01,c3,p04,l3,0.00
i06,e01,c3,p04,l4,0.00
i06,e01,c3,p05,l3,0.00
i06,e01,c3,p05,l4,0.00
i06,e01,c3,p06,l3,0.00
i06,e01,c3,p06,l4,0.00
i06,e01,c3,p07,l3,0.00
i06,e01,c3,p07,l4,0.00
i06,e01,c3,p08,l3,0.00
i06,e01,c3,p09,l3,0.00
i06,e01,c3,p10,l2,0.00
i06,e01,c3,p10,l3,0.00
i06,e01,c3,p10,l4,0.00
i06,e01,c3,p11,l2,0.00
i06,e01,c3,p11,l3,0.00
i06,e01,c3,p12,l3,0.00
i06,e01,c3,p13,l3,0.00
i06,e01,c3,p14,l2,0.00
i06,e01,c3,p14,l3,0.00
i06,e01,c3,p15,l3,1.20
i06,e01,c3,p15,l4,0.00
i06,e01,c3,p16,l3,0.00
i06,e01,c3,p16,l4,0.00
i06,e01,c3,p17,l3,0.00
i06,e01,c3,p17,l4,0.00
i06,e01,c3,p18,l2,0.00
i06,e01,c3,p18,l3,2.53
i06,e01,c3,p18,l4,0.00
i06,e01,c3,p19,l2,0.00
i06,e01,c3,p19,l3,2.19
i06,e01,c3,p19,l4,0.00
i06,e01,c3,p20,l3,0.00
i06,e01,c3,p21,l2,0.00
i06,e01,c3,p21,l3,0.00
i06,e01,c3,p21,l4,0.00
i06,e01,c3,p22,l3,0.00
i06,e01,c3,p22,l4,0.00
i06,e01,c3,p23,l3,1.37
i06,e01,c3,p23,l4,0.00
i06,e01,c3,p24,l3,0.00
i06,e01,c3,p25,l3,0.00
i06,e01,c3,p25,l4,0.00
i06,e01,c3,p26,l3,0.00
i06,e01,c3,p27,l3,0.00
i06,e01,c3,p28,l3,1.18
i06,e01,c3,p29,l3,1.03
i06,e01,c3,p30,l3,0.00
i06,e01,c3,p31,l3,0.00
i06,e01,c3,p32,l3,0.00
i06,e01,c3,p32,l4,0.00
i06,e01,c3,p33,l3,0.00
i06,e01,c3,p35,l2,0.00
i06,e01,c3,p35,l3,1.32
i06,e01,c3,p35,l4,0.00
i06,e01,c5,p01,l2,0.00
i06,e01,c5,p01,l3,163.18
i06,e01,c5,p01,l4,0.00
i06,e01,c5,p02,l2,0.00
i06,e01,c5,p02,l3,29.59
i06,e01,c5,p02,l4,0.00
i06,e01,c5,p03,l2,0.00
i06,e01,c5,p03,l3,113.40
i06,e01,c5,p03,l4,0.00
i06,e01,c5,p04,l2,0.00
i06,e01,c5,p04,l3,70.22
i06,e01,c5,p04,l4,0.00
i06,e01,c5,p05,l2,0.00
i06,e01,c5,p05,l3,134.74
i06,e01,c5,p05,l4,0.00
i06,e01,c5,p06,l2,0.00
i06,e01,c5,p06,l3,37.40
i06,e01,c5,p06,l4,0.00
i06,e01,c5,p07,l2,0.00
i06,e01,c5,p07,l3,95.13
i06,e01,c5,p07,l4,0.00
i06,e01,c5,p08,l2,0.00
i06,e01,c5,p08,l3,38.07
i06,e01,c5,p08,l4,0.00
i06,e01,c5,p09,l2,0.00
i06,e01,c5,p09,l3,28.49
i06,e01,c5,p09,l4,0.00
i06,e01,c5,p10,l2,0.00
i06,e01,c5,p10,l3,482.14
i06,e01,c5,p10,l4,0.00
i06,e01,c5,p11,l2,0.00
i06,e01,c5,p11,l3,105.22
i06,e01,c5,p11,l4,0.00
i06,e01,c5,p12,l2,0.00
i06,e01,c5,p12,l3,127.43
i06,e01,c5,p12,l4,0.00
i06,e01,c5,p13,l2,0.00
i06,e01,c5,p13,l3,62.12
i06,e01,c5,p13,l4,0.00
i06,e01,c5,p14,l2,0.00
i06,e01,c5,p14,l3,49.24
i06,e01,c5,p14,l4,0.00
i06,e01,c5,p15,l2,0.00
i06,e01,c5,p15,l3,211.16
i06,e01,c5,p15,l4,0.00
i06,e01,c5,p16,l2,0.00
i06,e01,c5,p16,l3,139.24
i06,e01,c5,p16,l4,0.00
i06,e01,c5,p17,l2,0.00
i06,e01,c5,p17,l3,115.98
i06,e01,c5,p17,l4,0.00
i06,e01,c5,p18,l2,0.00
i06,e01,c5,p18,l3,78.04
i06,e01,c5,p18,l4,0.00
i06,e01,c5,p19,l2,0.00
i06,e01,c5,p19,l3,321.37
i06,e01,c5,p19,l4,0.00
i06,e01,c5,p20,l2,0.00
i06,e01,c5,p20,l3,19.36
i06,e01,c5,p20,l4,0.00
i06,e01,c5,p21,l2,0.00
i06,e01,c5,p21,l3,202.57
i06,e01,c5,p21,l4,0.00
i06,e01,c5,p22,l2,0.00
i06,e01,c5,p22,l3,50.26
i06,e01,c5,p22,l4,0.00
i06,e01,c5,p23,l2,0.00
i06,e01,c5,p23,l3,46.14
i06,e01,c5,p23,l4,0.00
i06,e01,c5,p24,l2,0.00
i06,e01,c5,p24,l3,170.45
i06,e01,c5,p24,l4,0.00
i06,e01,c5,p25,l2,0.00
i06,e01,c5,p25,l3,28.19
i06,e01,c5,p25,l4,0.00
i06,e01,c5,p26,l2,0.00
i06,e01,c5,p26,l3,3.62
i06,e01,c5,p26,l4,0.00
i06,e01,c5,p27,l3,0.00
i06,e01,c5,p28,l2,0.00
i06,e01,c5,p28,l3,63.18
i06,e01,c5,p28,l4,0.00
i06,e01,c5,p29,l2,0.00
i06,e01,c5,p29,l3,106.72
i06,e01,c5,p29,l4,0.00
i06,e01,c5,p30,l2,0.00
i06,e01,c5,p30,l3,11.25
i06,e01,c5,p30,l4,0.00
i06,e01,c5,p31,l2,0.00
i06,e01,c5,p31,l3,4.73
i06,e01,c5,p31,l4,0.00
i06,e01,c5,p32,l2,0.00
i06,e01,c5,p32,l3,24.37
i06,e01,c5,p32,l4,0.00
i06,e01,c5,p33,l2,0.00
i06,e01,c5,p33,l3,0.00
i06,e01,c5,p33,l4,0.00
i06,e01,c5,p34,l3,0.00
i06,e01,c5,p35,l2,0.00
i06,e01,c5,p35,l3,234.59
i06,e01,c5,p35,l4,0.00
i06,e01,c8,p35,l3,0.00
i06,e02,c3,p01,l1,0.00
i06,e02,c3,p01,l3,0.00
i06,e02,c3,p02,l1,0.00
i06,e02,c3,p02,l3,0.00
i06,e02,c3,p03,l1,0.00
i06,e02,c3,p03,l3,0.00
i06,e02,c3,p04,l1,0.00
i06,e02,c3,p04,l3,0.00
i06,e02,c3,p05,l1,0.00
i06,e02,c3,p05,l3,0.00
i06,e02,c3,p06,l1,0.00
i06,e02,c3,p06,l3,0.00
i06,e02,c3,p07,l1,0.00
i06,e02,c3,p07,l3,0.00
i06,e02,c3,p08,l1,0.00
i06,e02,c3,p08,l3,0.00
i06,e02,c3,p09,l1,0.00
i06,e02,c3,p09,l3,0.00
i06,e02,c3,p10,l1,0.00
i06,e02,c3,p10,l3,0.00
i06,e02,c3,p11,l1,1.26
i06,e02,c3,p11,l3,0.00
i06,e02,c3,p12,l1,0.00
i06,e02,c3,p12,l3,0.00
i06,e02,c3,p13,l1,0.00
i06,e02,c3,p13,l3,0.00
i06,e02,c3,p14,l1,1.08
i06,e02,c3,p14,l3,0.00
i06,e02,c3,p15,l1,0.00
i06,e02,c3,p15,l3,0.00
i06,e02,c3,p16,l1,0.00
i06,e02,c3,p16,l3,0.00
i06,e02,c3,p17,l1,0.00
i06,e02,c3,p17,l3,0.00
i06,e02,c3,p18,l1,0.00
i06,e02,c3,p18,l3,0.00
i06,e02,c3,p19,l1,0.00
i06,e02,c3,p19,l3,0.00
i06,e02,c3,p20,l1,0.00
i06,e02,c3,p20,l3,0.00
i06,e02,c3,p21,l1,0.00
i06,e02,c3,p21,l3,0.00
i06,e02,c3,p22,l1,0.00
i06,e02,c3,p22,l3,0.00
i06,e02,c3,p23,l1,0.00
i06,e02,c3,p23,l3,0.00
i06,e02,c3,p24,l1,0.00
i06,e02,c3,p24,l3,0.00
i06,e02,c3,p25,l1,0.00
i06,e02,c3,p25,l3,0.00
i06,e02,c3,p26,l1,0.00
i06,e02,c3,p28,l1,0.00
i06,e02,c3,p28,l3,0.00
i06,e02,c3,p29,l1,0.00
i06,e02,c3,p29,l3,0.00
i06,e02,c3,p30,l1,0.00
i06,e02,c3,p31,l1,0.00
i06,e02,c3,p31,l3,0.00
i06,e02,c3,p32,l1,0.00
i06,e02,c3,p32,l3,0.00
i06,e02,c3,p33,l1,0.00
i06,e02,c3,p35,l1,0.00
i06,e02,c3,p35,l3,0.00
i06,e02,c5,p01,l1,1.35
i06,e02,c5,p01,l3,2.91
i06,e02,c5,p02,l1,0.00
i06,e02,c5,p02,l3,0.00
i06,e02,c5,p03,l1,0.00
i06,e02,c5,p03,l3,1.69
i06,e02,c5,p04,l1,0.00
i06,e02,c5,p04,l3,0.00
i06,e02,c5,p05,l1,2.43
i06,e02,c5,p05,l3,0.00
i06,e02,c5,p06,l1,0.00
i06,e02,c5,p06,l3,1.16
i06,e02,c5,p07,l1,0.00
i06,e02,c5,p07,l3,0.00
i06,e02,c5,p08,l1,1.20
i06,e02,c5,p08,l3,0.00
i06,e02,c5,p09,l1,0.00
i06,e02,c5,p09,l3,1.08
i06,e02,c5,p10,l1,2.52
i06,e02,c5,p10,l3,2.58
i06,e02,c5,p11,l1,1.34
i06,e02,c5,p11,l3,1.12
i06,e02,c5,p12,l1,1.77
i06,e02,c5,p12,l3,0.00
i06,e02,c5,p13,l1,0.00
i06,e02,c5,p13,l3,0.00
i06,e02,c5,p14,l1,0.00
i06,e02,c5,p14,l3,1.24
i06,e02,c5,p15,l1,0.00
i06,e02,c5,p15,l3,0.00
i06,e02,c5,p16,l1,1.02
i06,e02,c5,p16,l3,0.00
i06,e02,c5,p17,l1,1.96
i06,e02,c5,p17,l3,0.00
i06,e02,c5,p18,l1,0.00
i06,e02,c5,p18,l3,1.56
i06,e02,c5,p19,l1,2.25
i06,e02,c5,p19,l3,0.00
i06,e02,c5,p20,l1,0.00
i06,e02,c5,p20,l3,0.00
i06,e02,c5,p21,l1,1.80
i06,e02,c5,p21,l3,2.26
i06,e02,c5,p22,l1,0.00
i06,e02,c5,p22,l3,0.00
i06,e02,c5,p23,l1,1.35
i06,e02,c5,p23,l3,1.85
i06,e02,c5,p24,l1,0.00
i06,e02,c5,p24,l3,0.00
i06,e02,c5,p25,l1,0.00
i06,e02,c5,p25,l3,1.64
i06,e02,c5,p26,l1,0.00
i06,e02,c5,p26,l3,0.00
i06,e02,c5,p28,l1,0.00
i06,e02,c5,p28,l3,0.00
i06,e02,c5,p29,l1,0.00
i06,e02,c5,p29,l3,1.57
i06,e02,c5,p30,l1,0.00
i06,e02,c5,p30,l3,0.00
i06,e02,c5,p31,l1,0.00
i06,e02,c5,p31,l3,0.00
i06,e02,c5,p32,l1,0.00
i06,e02,c5,p32,l3,1.12
i06,e02,c5,p33,l1,0.00
i06,e02,c5,p33,l3,0.00
i06,e02,c5,p35,l1,2.20
i06,e02,c5,p35,l3,2.45
i06,e02,c8,p35,l3,0.00
i06,e04,c3,p01,l1,0.00
i06,e04,c3,p01,l3,2.03
i06,e04,c3,p01,l4,0.00
i06,e04,c3,p02,l1,0.00
i06,e04,c3,p02,l3,0.00
i06,e04,c3,p02,l4,0.00
i06,e04,c3,p03,l1,0.00
i06,e04,c3,p03,l3,2.44
i06,e04,c3,p03,l4,0.00
i06,e04,c3,p04,l1,0.00
i06,e04,c3,p04,l2,0.00
i06,e04,c3,p04,l3,0.00
i06,e04,c3,p04,l4,0.00
i06,e04,c3,p05,l1,0.00
i06,e04,c3,p05,l3,0.00
i06,e04,c3,p05,l4,0.00
i06,e04,c3,p06,l1,0.00
i06,e04,c3,p06,l3,0.00
i06,e04,c3,p06,l4,0.00
i06,e04,c3,p07,l1,0.00
i06,e04,c3,p07,l2,0.00
i06,e04,c3,p07,l3,1.04
i06,e04,c3,p07,l4,0.00
i06,e04,c3,p08,l1,0.00
i06,e04,c3,p08,l3,0.00
i06,e04,c3,p08,l4,0.00
i06,e04,c3,p09,l1,0.00
i06,e04,c3,p09,l2,0.00
i06,e04,c3,p09,l3,0.00
i06,e04,c3,p09,l4,0.00
i06,e04,c3,p10,l1,0.00
i06,e04,c3,p10,l2,0.00
i06,e04,c3,p10,l3,5.87
i06,e04,c3,p10,l4,0.00
i06,e04,c3,p11,l1,0.00
i06,e04,c3,p11,l2,0.00
i06,e04,c3,p11,l3,1.01
i06,e04,c3,p11,l4,0.00
i06,e04,c3,p12,l1,0.00
i06,e04,c3,p12,l3,0.00
i06,e04,c3,p12,l4,0.00
i06,e04,c3,p13,l1,0.00
i06,e04,c3,p13,l2,0.00
i06,e04,c3,p13,l3,0.00
i06,e04,c3,p13,l4,0.00
i06,e04,c3,p14,l1,0.00
i06,e04,c3,p14,l3,0.00
i06,e04,c3,p14,l4,0.00
i06,e04,c3,p15,l1,0.00
i06,e04,c3,p15,l3,5.14
i06,e04,c3,p15,l4,0.00
i06,e04,c3,p16,l1,0.00
i06,e04,c3,p16,l3,0.00
i06,e04,c3,p16,l4,0.00
i06,e04,c3,p17,l1,0.00
i06,e04,c3,p17,l3,0.00
i06,e04,c3,p17,l4,0.00
i06,e04,c3,p18,l1,0.00
i06,e04,c3,p18,l3,3.77
i06,e04,c3,p18,l4,0.00
i06,e04,c3,p19,l1,0.00
i06,e04,c3,p19,l2,0.00
i06,e04,c3,p19,l3,4.17
i06,e04,c3,p19,l4,0.00
i06,e04,c3,p20,l1,0.00
i06,e04,c3,p20,l3,0.00
i06,e04,c3,p20,l4,0.00
i06,e04,c3,p21,l1,0.00
i06,e04,c3,p21,l2,0.00
i06,e04,c3,p21,l3,0.00
i06,e04,c3,p21,l4,0.00
i06,e04,c3,p22,l1,0.00
i06,e04,c3,p22,l3,0.00
i06,e04,c3,p22,l4,0.00
i06,e04,c3,p23,l1,0.00
i06,e04,c3,p23,l3,0.00
i06,e04,c3,p23,l4,0.00
i06,e04,c3,p24,l1,0.00
i06,e04,c3,p24,l3,0.00
i06,e04,c3,p24,l4,0.00
i06,e04,c3,p25,l1,0.00
i06,e04,c3,p25,l3,0.00
i06,e04,c3,p25,l4,0.00
i06,e04,c3,p26,l1,0.00
i06,e04,c3,p26,l3,0.00
i06,e04,c3,p26,l4,0.00
i06,e04,c3,p27,l1,0.00
i06,e04,c3,p27,l3,0.00
i06,e04,c3,p28,l1,0.00
i06,e04,c3,p28,l3,0.00
i06,e04,c3,p28,l4,0.00
i06,e04,c3,p29,l1,0.00
i06,e04,c3,p29,l3,1.21
i06,e04,c3,p29,l4,0.00
i06,e04,c3,p30,l1,0.00
i06,e04,c3,p30,l3,0.00
i06,e04,c3,p30,l4,0.00
i06,e04,c3,p31,l1,0.00
i06,e04,c3,p31,l3,0.00
i06,e04,c3,p31,l4,0.00
i06,e04,c3,p32,l1,0.00
i06,e04,c3,p32,l3,0.00
i06,e04,c3,p32,l4,0.00
i06,e04,c3,p33,l1,0.00
i06,e04,c3,p33,l3,0.00
i06,e04,c3,p35,l1,0.00
i06,e04,c3,p35,l2,0.00
i06,e04,c3,p35,l3,0.00
i06,e04,c3,p35,l4,0.00
i06,e04,c5,p01,l1,0.00
i06,e04,c5,p01,l2,0.00
i06,e04,c5,p01,l3,440.37
i06,e04,c5,p01,l4,0.00
i06,e04,c5,p02,l1,0.00
i06,e04,c5,p02,l2,0.00
i06,e04,c5,p02,l3,125.26
i06,e04,c5,p02,l4,0.00
i06,e04,c5,p03,l1,0.00
i06,e04,c5,p03,l2,0.00
i06,e04,c5,p03,l3,217.16
i06,e04,c5,p03,l4,0.00
i06,e04,c5,p04,l1,0.00
i06,e04,c5,p04,l2,0.00
i06,e04,c5,p04,l3,326.53
i06,e04,c5,p04,l4,0.00
i06,e04,c5,p05,l1,0.00
i06,e04,c5,p05,l2,0.00
i06,e04,c5,p05,l3,195.16
i06,e04,c5,p05,l4,0.00
i06,e04,c5,p06,l1,0.00
i06,e04,c5,p06,l2,0.00
i06,e04,c5,p06,l3,97.34
i06,e04,c5,p06,l4,0.00
i06,e04,c5,p07,l1,0.00
i06,e04,c5,p07,l2,0.00
i06,e04,c5,p07,l3,207.37
i06,e04,c5,p07,l4,0.00
i06,e04,c5,p08,l1,0.00
i06,e04,c5,p08,l2,0.00
i06,e04,c5,p08,l3,67.21
i06,e04,c5,p08,l4,0.00
i06,e04,c5,p09,l1,0.00
i06,e04,c5,p09,l2,0.00
i06,e04,c5,p09,l3,109.23
i06,e04,c5,p09,l4,0.00
i06,e04,c5,p10,l1,0.00
i06,e04,c5,p10,l2,0.00
i06,e04,c5,p10,l3,644.94
i06,e04,c5,p10,l4,0.00
i06,e04,c5,p11,l1,0.00
i06,e04,c5,p11,l2,0.00
i06,e04,c5,p11,l3,193.59
i06,e04,c5,p11,l4,0.00
i06,e04,c5,p12,l1,0.00
i06,e04,c5,p12,l2,0.00
i06,e04,c5,p12,l3,271.35
i06,e04,c5,p12,l4,0.00
i06,e04,c5,p13,l1,0.00
i06,e04,c5,p13,l2,0.00
i06,e04,c5,p13,l3,170.28
i06,e04,c5,p13,l4,0.00
i06,e04,c5,p14,l1,0.00
i06,e04,c5,p14,l2,0.00
i06,e04,c5,p14,l3,122.08
i06,e04,c5,p14,l4,0.00
i06,e04,c5,p15,l1,0.00
i06,e04,c5,p15,l2,0.00
i06,e04,c5,p15,l3,258.39
i06,e04,c5,p15,l4,0.00
i06,e04,c5,p16,l1,0.00
i06,e04,c5,p16,l2,0.00
i06,e04,c5,p16,l3,259.18
i06,e04,c5,p16,l4,0.00
i06,e04,c5,p17,l1,0.00
i06,e04,c5,p17,l2,0.00
i06,e04,c5,p17,l3,211.28
i06,e04,c5,p17,l4,0.00
i06,e04,c5,p18,l1,0.00
i06,e04,c5,p18,l2,0.00
i06,e04,c5,p18,l3,130.62
i06,e04,c5,p18,l4,0.00
i06,e04,c5,p19,l1,0.00
i06,e04,c5,p19,l2,0.00
i06,e04,c5,p19,l3,570.56
i06,e04,c5,p19,l4,0.00
i06,e04,c5,p20,l1,0.00
i06,e04,c5,p20,l2,0.00
i06,e04,c5,p20,l3,45.24
i06,e04,c5,p20,l4,0.00
i06,e04,c5,p21,l1,0.00
i06,e04,c5,p21,l2,0.00
i06,e04,c5,p21,l3,339.29
i06,e04,c5,p21,l4,0.00
i06,e04,c5,p22,l1,0.00
i06,e04,c5,p22,l2,0.00
i06,e04,c5,p22,l3,107.39
i06,e04,c5,p22,l4,0.00
i06,e04,c5,p23,l1,0.00
i06,e04,c5,p23,l2,0.00
i06,e04,c5,p23,l3,78.88
i06,e04,c5,p23,l4,0.00
i06,e04,c5,p24,l1,0.00
i06,e04,c5,p24,l2,0.00
i06,e04,c5,p24,l3,191.18
i06,e04,c5,p24,l4,0.00
i06,e04,c5,p25,l1,0.00
i06,e04,c5,p25,l2,0.00
i06,e04,c5,p25,l3,28.19
i06,e04,c5,p25,l4,0.00
i06,e04,c5,p26,l1,0.00
i06,e04,c5,p26,l2,0.00
i06,e04,c5,p26,l3,2.36
i06,e04,c5,p26,l4,0.00
i06,e04,c5,p27,l1,0.00
i06,e04,c5,p27,l3,0.00
i06,e04,c5,p27,l4,0.00
i06,e04,c5,p28,l1,0.00
i06,e04,c5,p28,l2,0.00
i06,e04,c5,p28,l3,143.32
i06,e04,c5,p28,l4,0.00
i06,e04,c5,p29,l1,0.00
i06,e04,c5,p29,l2,0.00
i06,e04,c5,p29,l3,351.58
i06,e04,c5,p29,l4,0.00
i06,e04,c5,p30,l1,0.00
i06,e04,c5,p30,l2,0.00
i06,e04,c5,p30,l3,5.96
i06,e04,c5,p30,l4,0.00
i06,e04,c5,p31,l1,0.00
i06,e04,c5,p31,l2,0.00
i06,e04,c5,p31,l3,22.57
i06,e04,c5,p31,l4,0.00
i06,e04,c5,p32,l1,0.00
i06,e04,c5,p32,l2,0.00
i06,e04,c5,p32,l3,67.17
i06,e04,c5,p32,l4,0.00
i06,e04,c5,p33,l1,0.00
i06,e04,c5,p33,l3,3.36
i06,e04,c5,p33,l4,0.00
i06,e04,c5,p34,l1,0.00
i06,e04,c5,p34,l3,0.00
i06,e04,c5,p35,l1,0.00
i06,e04,c5,p35,l2,0.00
i06,e04,c5,p35,l3,179.76
i06,e04,c5,p35,l4,0.00
i06,e04,c8,p10,l3,0.00
i06,e04,c8,p35,l1,0.00
i06,e04,c8,p35,l3,0.00
i06,e05,c3,p01,l1,0.00
i06,e05,c3,p01,l3,0.00
i06,e05,c3,p02,l1,0.00
i06,e05,c3,p02,l3,0.00
i06,e05,c3,p03,l1,1.45
i06,e05,c3,p03,l3,0.00
i06,e05,c3,p04,l1,0.00
i06,e05,c3,p04,l3,0.00
i06,e05,c3,p05,l1,0.00
i06,e05,c3,p05,l3,0.00
i06,e05,c3,p06,l1,0.00
i06,e05,c3,p06,l3,0.00
i06,e05,c3,p07,l1,0.00
i06,e05,c3,p07,l3,0.00
i06,e05,c3,p08,l1,0.00
i06,e05,c3,p08,l3,0.00
i06,e05,c3,p09,l1,0.00
i06,e05,c3,p09,l3,0.00
i06,e05,c3,p10,l1,0.00
i06,e05,c3,p10,l3,0.00
i06,e05,c3,p11,l1,0.00
i06,e05,c3,p11,l3,0.00
i06,e05,c3,p12,l1,0.00
i06,e05,c3,p12,l3,0.00
i06,e05,c3,p13,l1,0.00
i06,e05,c3,p13,l3,0.00
i06,e05,c3,p14,l1,0.00
i06,e05,c3,p14,l3,0.00
i06,e05,c3,p15,l1,1.21
i06,e05,c3,p15,l3,0.00
i06,e05,c3,p16,l1,0.00
i06,e05,c3,p16,l3,0.00
i06,e05,c3,p17,l1,0.00
i06,e05,c3,p17,l3,0.00
i06,e05,c3,p18,l1,0.00
i06,e05,c3,p18,l3,0.00
i06,e05,c3,p19,l1,0.00
i06,e05,c3,p19,l3,0.00
i06,e05,c3,p20,l1,0.00
i06,e05,c3,p20,l3,0.00
i06,e05,c3,p21,l1,0.00
i06,e05,c3,p21,l3,0.00
i06,e05,c3,p22,l1,0.00
i06,e05,c3,p22,l3,0.00
i06,e05,c3,p23,l1,0.00
i06,e05,c3,p23,l3,0.00
i06,e05,c3,p24,l1,0.00
i06,e05,c3,p24,l3,0.00
i06,e05,c3,p25,l1,0.00
i06,e05,c3,p25,l3,0.00
i06,e05,c3,p26,l1,0.00
i06,e05,c3,p26,l3,0.00
i06,e05,c3,p27,l1,0.00
i06,e05,c3,p28,l1,0.00
i06,e05,c3,p28,l3,0.00
i06,e05,c3,p29,l1,0.00
i06,e05,c3,p29,l3,0.00
i06,e05,c3,p30,l1,0.00
i06,e05,c3,p30,l3,0.00
i06,e05,c3,p31,l1,0.00
i06,e05,c3,p31,l3,0.00
i06,e05,c3,p32,l1,0.00
i06,e05,c3,p32,l3,0.00
i06,e05,c3,p33,l1,0.00
i06,e05,c3,p35,l1,0.00
i06,e05,c3,p35,l3,0.00
i06,e05,c5,p01,l1,2.34
i06,e05,c5,p01,l3,0.00
i06,e05,c5,p02,l1,0.00
i06,e05,c5,p02,l3,3.08
i06,e05,c5,p03,l1,0.00
i06,e05,c5,p03,l3,0.00
i06,e05,c5,p04,l1,0.00
i06,e05,c5,p04,l3,2.57
i06,e05,c5,p05,l1,1.37
i06,e05,c5,p05,l3,1.91
i06,e05,c5,p06,l1,0.00
i06,e05,c5,p06,l3,0.00
i06,e05,c5,p07,l1,3.49
i06,e05,c5,p07,l3,0.00
i06,e05,c5,p08,l1,0.00
i06,e05,c5,p08,l3,1.11
i06,e05,c5,p09,l1,0.00
i06,e05,c5,p09,l3,0.00
i06,e05,c5,p10,l1,6.10
i06,e05,c5,p10,l3,0.00
i06,e05,c5,p11,l1,2.52
i06,e05,c5,p11,l3,1.42
i06,e05,c5,p12,l1,0.00
i06,e05,c5,p12,l3,0.00
i06,e05,c5,p13,l1,2.47
i06,e05,c5,p13,l3,0.00
i06,e05,c5,p14,l1,0.00
i06,e05,c5,p14,l3,0.00
i06,e05,c5,p15,l1,5.55
i06,e05,c5,p15,l3,0.00
i06,e05,c5,p16,l1,3.70
i06,e05,c5,p16,l3,0.00
i06,e05,c5,p17,l1,1.37
i06,e05,c5,p17,l3,1.36
i06,e05,c5,p18,l1,1.52
i06,e05,c5,p18,l3,0.00
i06,e05,c5,p19,l1,5.74
i06,e05,c5,p19,l3,0.00
i06,e05,c5,p20,l1,0.00
i06,e05,c5,p20,l3,0.00
i06,e05,c5,p21,l1,2.68
i06,e05,c5,p21,l3,0.00
i06,e05,c5,p22,l1,0.00
i06,e05,c5,p22,l3,0.00
i06,e05,c5,p23,l1,0.00
i06,e05,c5,p23,l3,2.54
i06,e05,c5,p24,l1,1.11
i06,e05,c5,p24,l3,0.00
i06,e05,c5,p25,l1,0.00
i06,e05,c5,p25,l3,0.00
i06,e05,c5,p26,l1,0.00
i06,e05,c5,p26,l3,0.00
i06,e05,c5,p27,l1,0.00
i06,e05,c5,p28,l1,2.15
i06,e05,c5,p28,l3,0.00
i06,e05,c5,p29,l1,0.00
i06,e05,c5,p29,l3,0.00
i06,e05,c5,p30,l1,0.00
i06,e05,c5,p30,l3,0.00
i06,e05,c5,p31,l1,1.56
i06,e05,c5,p31,l3,0.00
i06,e05,c5,p32,l1,0.00
i06,e05,c5,p32,l3,0.00
i06,e05,c5,p33,l1,0.00
i06,e05,c5,p33,l3,0.00
i06,e05,c5,p34,l1,0.00
i06,e05,c5,p35,l1,6.11
i06,e05,c5,p35,l3,3.22
i06,e05,c8,p10,l1,0.00
i06,e05,c8,p10,l3,0.00
i06,e05,c8,p32,l3,0.00
i06,e05,c8,p35,l1,0.00
i06,e05,c8,p35,l3,0.00
i06,e06,c5,p01,l1,0.00
i06,e06,c5,p01,l3,0.00
i06,e06,c5,p03,l1,0.00
i06,e06,c5,p03,l3,0.00
i06,e06,c5,p04,l3,0.00
i06,e06,c5,p05,l1,0.00
i06,e06,c5,p05,l3,0.00
i06,e06,c5,p06,l1,0.00
i06,e06,c5,p06,l3,0.00
i06,e06,c5,p07,l1,0.00
i06,e06,c5,p07,l3,0.00
i06,e06,c5,p09,l3,0.00
i06,e06,c5,p10,l1,0.00
i06,e06,c5,p10,l3,0.00
i06,e06,c5,p11,l1,0.00
i06,e06,c5,p12,l1,0.00
i06,e06,c5,p15,l1,0.00
i06,e06,c5,p15,l3,0.00
i06,e06,c5,p16,l3,0.00
i06,e06,c5,p17,l1,0.00
i06,e06,c5,p17,l3,0.00
i06,e06,c5,p19,l1,0.00
i06,e06,c5,p19,l3,0.00
i06,e06,c5,p21,l1,0.00
i06,e06,c5,p21,l3,0.00
i06,e06,c5,p25,l3,0.00
i06,e06,c5,p32,l1,0.00
i06,e06,c5,p32,l3,0.00
i06,e06,c5,p35,l1,0.00
i06,e07,c3,p01,l2,0.00
i06,e07,c3,p01,l3,0.00
i06,e07,c3,p02,l2,0.00
i06,e07,c3,p02,l3,0.00
i06,e07,c3,p03,l2,0.00
i06,e07,c3,p03,l3,0.00
i06,e07,c3,p04,l2,0.00
i06,e07,c3,p04,l3,0.00
i06,e07,c3,p05,l2,0.00
i06,e07,c3,p05,l3,0.00
i06,e07,c3,p06,l2,0.00
i06,e07,c3,p06,l3,0.00
i06,e07,c3,p07,l2,0.00
i06,e07,c3,p07,l3,0.00
i06,e07,c3,p08,l2,0.00
i06,e07,c3,p08,l3,0.00
i06,e07,c3,p09,l2,0.00
i06,e07,c3,p09,l3,0.00
i06,e07,c3,p10,l2,0.00
i06,e07,c3,p10,l3,0.00
i06,e07,c3,p11,l2,0.00
i06,e07,c3,p11,l3,0.00
i06,e07,c3,p12,l2,0.00
i06,e07,c3,p12,l3,0.00
i06,e07,c3,p13,l2,0.00
i06,e07,c3,p13,l3,0.00
i06,e07,c3,p14,l2,0.00
i06,e07,c3,p14,l3,0.00
i06,e07,c3,p15,l2,0.00
i06,e07,c3,p15,l3,0.00
i06,e07,c3,p16,l2,0.00
i06,e07,c3,p16,l3,0.00
i06,e07,c3,p17,l2,0.00
i06,e07,c3,p17,l3,0.00
i06,e07,c3,p18,l2,0.00
i06,e07,c3,p18,l3,0.00
i06,e07,c3,p19,l2,0.00
i06,e07,c3,p19,l3,0.00
i06,e07,c3,p20,l2,0.00
i06,e07,c3,p20,l3,0.00
i06,e07,c3,p21,l2,0.00
i06,e07,c3,p21,l3,0.00
i06,e07,c3,p22,l2,0.00
i06,e07,c3,p22,l3,0.00
i06,e07,c3,p23,l2,0.00
i06,e07,c3,p23,l3,0.00
i06,e07,c3,p24,l2,0.00
i06,e07,c3,p24,l3,0.00
i06,e07,c3,p25,l2,0.00
i06,e07,c3,p25,l3,0.00
i06,e07,c3,p26,l2,0.00
i06,e07,c3,p26,l3,0.00
i06,e07,c3,p28,l2,0.00
i06,e07,c3,p28,l3,0.00
i06,e07,c3,p29,l2,0.00
i06,e07,c3,p29,l3,0.00
i06,e07,c3,p30,l3,0.00
i06,e07,c3,p31,l2,0.00
i06,e07,c3,p31,l3,0.00
i06,e07,c3,p32,l2,0.00
i06,e07,c3,p32,l3,0.00
i06,e07,c3,p35,l2,0.00
i06,e07,c3,p35,l3,0.00
i06,e07,c5,p01,l1,0.00
i06,e07,c5,p01,l2,0.00
i06,e07,c5,p01,l3,7.31
i06,e07,c5,p02,l2,0.00
i06,e07,c5,p02,l3,0.00
i06,e07,c5,p03,l1,0.00
i06,e07,c5,p03,l2,0.00
i06,e07,c5,p03,l3,1.74
i06,e07,c5,p04,l2,0.00
i06,e07,c5,p04,l3,3.21
i06,e07,c5,p05,l2,0.00
i06,e07,c5,p05,l3,3.74
i06,e07,c5,p06,l2,0.00
i06,e07,c5,p06,l3,3.74
i06,e07,c5,p07,l2,0.00
i06,e07,c5,p07,l3,8.26
i06,e07,c5,p08,l2,0.00
i06,e07,c5,p08,l3,0.00
i06,e07,c5,p09,l2,0.00
i06,e07,c5,p09,l3,2.05
i06,e07,c5,p10,l2,0.00
i06,e07,c5,p10,l3,4.38
i06,e07,c5,p11,l1,0.00
i06,e07,c5,p11,l2,0.00
i06,e07,c5,p11,l3,18.52
i06,e07,c5,p12,l2,0.00
i06,e07,c5,p12,l3,1.90
i06,e07,c5,p13,l2,0.00
i06,e07,c5,p13,l3,4.26
i06,e07,c5,p14,l2,0.00
i06,e07,c5,p14,l3,2.05
i06,e07,c5,p15,l2,0.00
i06,e07,c5,p15,l3,8.21
i06,e07,c5,p16,l2,0.00
i06,e07,c5,p16,l3,10.25
i06,e07,c5,p17,l2,0.00
i06,e07,c5,p17,l3,4.26
i06,e07,c5,p18,l2,0.00
i06,e07,c5,p18,l3,5.42
i06,e07,c5,p19,l1,0.00
i06,e07,c5,p19,l2,0.00
i06,e07,c5,p19,l3,13.07
i06,e07,c5,p20,l2,0.00
i06,e07,c5,p20,l3,0.00
i06,e07,c5,p21,l2,0.00
i06,e07,c5,p21,l3,6.14
i06,e07,c5,p22,l2,0.00
i06,e07,c5,p22,l3,5.41
i06,e07,c5,p23,l2,0.00
i06,e07,c5,p23,l3,2.31
i06,e07,c5,p24,l2,0.00
i06,e07,c5,p24,l3,3.19
i06,e07,c5,p25,l2,0.00
i06,e07,c5,p25,l3,2.36
i06,e07,c5,p26,l2,0.00
i06,e07,c5,p26,l3,0.00
i06,e07,c5,p28,l1,0.00
i06,e07,c5,p28,l2,0.00
i06,e07,c5,p28,l3,4.05
i06,e07,c5,p29,l2,0.00
i06,e07,c5,p29,l3,0.00
i06,e07,c5,p30,l2,0.00
i06,e07,c5,p30,l3,0.00
i06,e07,c5,p31,l2,0.00
i06,e07,c5,p31,l3,1.22
i06,e07,c5,p32,l2,0.00
i06,e07,c5,p32,l3,1.26
i06,e07,c5,p33,l2,0.00
i06,e07,c5,p33,l3,0.00
i06,e07,c5,p35,l1,0.00
i06,e07,c5,p35,l2,0.00
i06,e07,c5,p35,l3,15.05
i06,e08,c3,p01,l1,0.00
i06,e08,c3,p01,l2,0.00
i06,e08,c3,p01,l3,0.00
i06,e08,c3,p01,l4,2.45
i06,e08,c3,p02,l1,0.00
i06,e08,c3,p02,l2,0.00
i06,e08,c3,p02,l3,0.00
i06,e08,c3,p02,l4,0.00
i06,e08,c3,p03,l1,0.00
i06,e08,c3,p03,l2,9.31
i06,e08,c3,p03,l3,0.00
i06,e08,c3,p03,l4,3.01
i06,e08,c3,p04,l1,0.00
i06,e08,c3,p04,l2,0.00
i06,e08,c3,p04,l3,0.00
i06,e08,c3,p04,l4,0.00
i06,e08,c3,p05,l1,0.00
i06,e08,c3,p05,l2,0.00
i06,e08,c3,p05,l3,0.00
i06,e08,c3,p05,l4,0.00
i06,e08,c3,p06,l1,0.00
i06,e08,c3,p06,l2,0.00
i06,e08,c3,p06,l3,0.00
i06,e08,c3,p06,l4,0.00
i06,e08,c3,p07,l2,0.00
i06,e08,c3,p07,l3,0.00
i06,e08,c3,p07,l4,1.40
i06,e08,c3,p08,l2,0.00
i06,e08,c3,p08,l3,0.00
i06,e08,c3,p08,l4,0.00
i06,e08,c3,p09,l1,0.00
i06,e08,c3,p09,l2,0.00
i06,e08,c3,p09,l3,0.00
i06,e08,c3,p09,l4,0.00
i06,e08,c3,p10,l1,0.00
i06,e08,c3,p10,l2,4.21
i06,e08,c3,p10,l3,1.48
i06,e08,c3,p10,l4,20.88
i06,e08,c3,p11,l1,0.00
i06,e08,c3,p11,l2,0.00
i06,e08,c3,p11,l3,0.00
i06,e08,c3,p11,l4,3.09
i06,e08,c3,p12,l1,0.00
i06,e08,c3,p12,l2,0.00
i06,e08,c3,p12,l3,11.05
i06,e08,c3,p12,l4,52.76
i06,e08,c3,p13,l1,0.00
i06,e08,c3,p13,l2,0.00
i06,e08,c3,p13,l3,0.00
i06,e08,c3,p13,l4,1.42
i06,e08,c3,p14,l1,0.00
i06,e08,c3,p14,l2,0.00
i06,e08,c3,p14,l3,0.00
i06,e08,c3,p14,l4,2.23
i06,e08,c3,p15,l1,0.00
i06,e08,c3,p15,l2,0.00
i06,e08,c3,p15,l3,0.00
i06,e08,c3,p15,l4,0.00
i06,e08,c3,p16,l1,0.00
i06,e08,c3,p16,l2,0.00
i06,e08,c3,p16,l3,0.00
i06,e08,c3,p16,l4,0.00
i06,e08,c3,p17,l1,0.00
i06,e08,c3,p17,l2,1.47
i06,e08,c3,p17,l3,0.00
i06,e08,c3,p17,l4,3.80
i06,e08,c3,p18,l1,0.00
i06,e08,c3,p18,l2,0.00
i06,e08,c3,p18,l3,0.00
i06,e08,c3,p18,l4,0.00
i06,e08,c3,p19,l1,0.00
i06,e08,c3,p19,l2,0.00
i06,e08,c3,p19,l3,0.00
i06,e08,c3,p19,l4,0.00
i06,e08,c3,p20,l2,0.00
i06,e08,c3,p20,l3,0.00
i06,e08,c3,p20,l4,0.00
i06,e08,c3,p21,l1,0.00
i06,e08,c3,p21,l2,0.00
i06,e08,c3,p21,l3,0.00
i06,e08,c3,p21,l4,2.66
i06,e08,c3,p22,l1,0.00
i06,e08,c3,p22,l2,0.00
i06,e08,c3,p22,l3,0.00
i06,e08,c3,p22,l4,0.00
i06,e08,c3,p23,l1,0.00
i06,e08,c3,p23,l2,0.00
i06,e08,c3,p23,l3,20.06
i06,e08,c3,p23,l4,5.08
i06,e08,c3,p24,l1,0.00
i06,e08,c3,p24,l2,0.00
i06,e08,c3,p24,l3,0.00
i06,e08,c3,p24,l4,0.00
i06,e08,c3,p25,l2,0.00
i06,e08,c3,p25,l3,0.00
i06,e08,c3,p25,l4,0.00
i06,e08,c3,p26,l2,0.00
i06,e08,c3,p26,l3,0.00
i06,e08,c3,p26,l4,0.00
i06,e08,c3,p27,l2,0.00
i06,e08,c3,p27,l4,0.00
i06,e08,c3,p28,l2,0.00
i06,e08,c3,p28,l3,0.00
i06,e08,c3,p28,l4,0.00
i06,e08,c3,p29,l2,0.00
i06,e08,c3,p29,l3,0.00
i06,e08,c3,p29,l4,1.73
i06,e08,c3,p30,l2,0.00
i06,e08,c3,p30,l3,0.00
i06,e08,c3,p30,l4,0.00
i06,e08,c3,p31,l2,0.00
i06,e08,c3,p31,l3,0.00
i06,e08,c3,p31,l4,0.00
i06,e08,c3,p32,l2,0.00
i06,e08,c3,p32,l3,0.00
i06,e08,c3,p32,l4,0.00
i06,e08,c3,p33,l2,0.00
i06,e08,c3,p33,l3,0.00
i06,e08,c3,p33,l4,0.00
i06,e08,c3,p35,l1,0.00
i06,e08,c3,p35,l2,0.00
i06,e08,c3,p35,l3,0.00
i06,e08,c3,p35,l4,0.00
i06,e08,c5,p01,l1,0.00
i06,e08,c5,p01,l2,97.34
i06,e08,c5,p01,l3,261.13
i06,e08,c5,p01,l4,2670.13
i06,e08,c5,p02,l1,0.00
i06,e08,c5,p02,l2,23.81
i06,e08,c5,p02,l3,95.28
i06,e08,c5,p02,l4,1111.01
i06,e08,c5,p03,l1,0.00
i06,e08,c5,p03,l2,54.70
i06,e08,c5,p03,l3,101.81
i06,e08,c5,p03,l4,1627.68
i06,e08,c5,p04,l1,0.00
i06,e08,c5,p04,l2,10.42
i06,e08,c5,p04,l3,236.71
i06,e08,c5,p04,l4,1117.09
i06,e08,c5,p05,l1,0.00
i06,e08,c5,p05,l2,178.45
i06,e08,c5,p05,l3,140.05
i06,e08,c5,p05,l4,2654.08
i06,e08,c5,p06,l1,0.00
i06,e08,c5,p06,l2,84.06
i06,e08,c5,p06,l3,114.12
i06,e08,c5,p06,l4,1093.66
i06,e08,c5,p07,l1,0.00
i06,e08,c5,p07,l2,11.09
i06,e08,c5,p07,l3,139.15
i06,e08,c5,p07,l4,1496.09
i06,e08,c5,p08,l1,0.00
i06,e08,c5,p08,l2,6.39
i06,e08,c5,p08,l3,29.39
i06,e08,c5,p08,l4,733.02
i06,e08,c5,p09,l1,0.00
i06,e08,c5,p09,l2,30.49
i06,e08,c5,p09,l3,101.30
i06,e08,c5,p09,l4,560.55
i06,e08,c5,p10,l1,0.00
i06,e08,c5,p10,l2,143.28
i06,e08,c5,p10,l3,535.09
i06,e08,c5,p10,l4,5375.09
i06,e08,c5,p11,l1,0.00
i06,e08,c5,p11,l2,191.40
i06,e08,c5,p11,l3,82.22
i06,e08,c5,p11,l4,1539.01
i06,e08,c5,p12,l1,0.00
i06,e08,c5,p12,l2,61.12
i06,e08,c5,p12,l3,166.89
i06,e08,c5,p12,l4,2175.03
i06,e08,c5,p13,l1,0.00
i06,e08,c5,p13,l2,33.30
i06,e08,c5,p13,l3,93.16
i06,e08,c5,p13,l4,1428.23
i06,e08,c5,p14,l1,0.00
i06,e08,c5,p14,l2,15.29
i06,e08,c5,p14,l3,142.97
i06,e08,c5,p14,l4,795.42
i06,e08,c5,p15,l1,0.00
i06,e08,c5,p15,l2,153.65
i06,e08,c5,p15,l3,181.67
i06,e08,c5,p15,l4,2423.64
i06,e08,c5,p16,l1,0.00
i06,e08,c5,p16,l2,27.43
i06,e08,c5,p16,l3,92.27
i06,e08,c5,p16,l4,1712.09
i06,e08,c5,p17,l1,0.00
i06,e08,c5,p17,l2,37.00
i06,e08,c5,p17,l3,237.40
i06,e08,c5,p17,l4,2791.06
i06,e08,c5,p18,l1,0.00
i06,e08,c5,p18,l2,2.39
i06,e08,c5,p18,l3,250.20
i06,e08,c5,p18,l4,1270.19
i06,e08,c5,p19,l1,0.00
i06,e08,c5,p19,l2,205.39
i06,e08,c5,p19,l3,288.10
i06,e08,c5,p19,l4,5725.28
i06,e08,c5,p20,l1,0.00
i06,e08,c5,p20,l2,3.84
i06,e08,c5,p20,l3,35.25
i06,e08,c5,p20,l4,382.35
i06,e08,c5,p21,l1,0.00
i06,e08,c5,p21,l2,36.70
i06,e08,c5,p21,l3,209.15
i06,e08,c5,p21,l4,3134.06
i06,e08,c5,p22,l1,0.00
i06,e08,c5,p22,l2,5.46
i06,e08,c5,p22,l3,55.51
i06,e08,c5,p22,l4,1190.80
i06,e08,c5,p23,l1,0.00
i06,e08,c5,p23,l2,2.02
i06,e08,c5,p23,l3,99.41
i06,e08,c5,p23,l4,1022.44
i06,e08,c5,p24,l1,0.00
i06,e08,c5,p24,l2,29.24
i06,e08,c5,p24,l3,247.76
i06,e08,c5,p24,l4,1817.15
i06,e08,c5,p25,l1,0.00
i06,e08,c5,p25,l2,8.33
i06,e08,c5,p25,l3,23.03
i06,e08,c5,p25,l4,515.21
i06,e08,c5,p26,l1,0.00
i06,e08,c5,p26,l2,1.87
i06,e08,c5,p26,l3,3.47
i06,e08,c5,p26,l4,30.10
i06,e08,c5,p27,l2,0.00
i06,e08,c5,p27,l3,0.00
i06,e08,c5,p27,l4,0.00
i06,e08,c5,p28,l1,0.00
i06,e08,c5,p28,l2,11.21
i06,e08,c5,p28,l3,253.18
i06,e08,c5,p28,l4,493.32
i06,e08,c5,p29,l1,0.00
i06,e08,c5,p29,l2,35.20
i06,e08,c5,p29,l3,154.45
i06,e08,c5,p29,l4,2020.12
i06,e08,c5,p30,l1,0.00
i06,e08,c5,p30,l2,2.05
i06,e08,c5,p30,l3,9.34
i06,e08,c5,p30,l4,104.67
i06,e08,c5,p31,l1,0.00
i06,e08,c5,p31,l2,3.68
i06,e08,c5,p31,l3,3.04
i06,e08,c5,p31,l4,99.50
i06,e08,c5,p32,l1,0.00
i06,e08,c5,p32,l2,82.13
i06,e08,c5,p32,l3,11.12
i06,e08,c5,p32,l4,509.58
i06,e08,c5,p33,l1,0.00
i06,e08,c5,p33,l2,0.00
i06,e08,c5,p33,l3,2.19
i06,e08,c5,p33,l4,73.30
i06,e08,c5,p34,l2,0.00
i06,e08,c5,p34,l3,0.00
i06,e08,c5,p34,l4,0.00
i06,e08,c5,p35,l1,0.00
i06,e08,c5,p35,l2,153.18
i06,e08,c5,p35,l3,196.31
i06,e08,c5,p35,l4,1742.11
i06,e08,c8,p05,l3,0.00
i06,e08,c8,p07,l2,0.00
i06,e08,c8,p10,l2,0.00
i06,e08,c8,p10,l3,0.00
i06,e08,c8,p10,l4,0.00
i06,e08,c8,p13,l4,0.00
i06,e08,c8,p17,l2,0.00
i06,e08,c8,p29,l2,0.00
i06,e08,c8,p35,l2,0.00
i06,e08,c8,p35,l3,0.00
i06,e08,c8,p35,l4,0.00
i06,e09,c3,p01,l2,0.00
i06,e09,c3,p01,l3,0.00
i06,e09,c3,p02,l2,0.00
i06,e09,c3,p02,l3,0.00
i06,e09,c3,p03,l2,0.00
i06,e09,c3,p03,l3,2.35
i06,e09,c3,p03,l4,0.00
i06,e09,c3,p04,l2,0.00
i06,e09,c3,p04,l3,0.00
i06,e09,c3,p04,l4,0.00
i06,e09,c3,p05,l2,0.00
i06,e09,c3,p05,l3,0.00
i06,e09,c3,p05,l4,0.00
i06,e09,c3,p06,l2,0.00
i06,e09,c3,p06,l3,1.44
i06,e09,c3,p07,l2,0.00
i06,e09,c3,p07,l3,0.00
i06,e09,c3,p07,l4,0.00
i06,e09,c3,p08,l2,0.00
i06,e09,c3,p08,l3,0.00
i06,e09,c3,p09,l2,0.00
i06,e09,c3,p09,l3,0.00
i06,e09,c3,p10,l2,0.00
i06,e09,c3,p10,l3,0.00
i06,e09,c3,p10,l4,0.00
i06,e09,c3,p11,l2,0.00
i06,e09,c3,p11,l3,0.00
i06,e09,c3,p12,l2,0.00
i06,e09,c3,p12,l3,0.00
i06,e09,c3,p13,l2,0.00
i06,e09,c3,p13,l3,0.00
i06,e09,c3,p13,l4,0.00
i06,e09,c3,p14,l2,0.00
i06,e09,c3,p14,l3,0.00
i06,e09,c3,p14,l4,0.00
i06,e09,c3,p15,l2,0.00
i06,e09,c3,p15,l3,1.27
i06,e09,c3,p15,l4,0.00
i06,e09,c3,p16,l2,0.00
i06,e09,c3,p16,l3,0.00
i06,e09,c3,p16,l4,0.00
i06,e09,c3,p17,l2,0.00
i06,e09,c3,p17,l3,0.00
i06,e09,c3,p18,l2,0.00
i06,e09,c3,p18,l3,6.06
i06,e09,c3,p18,l4,0.00
i06,e09,c3,p19,l2,0.00
i06,e09,c3,p19,l3,2.91
i06,e09,c3,p19,l4,0.00
i06,e09,c3,p20,l2,0.00
i06,e09,c3,p20,l3,0.00
i06,e09,c3,p20,l4,0.00
i06,e09,c3,p21,l2,0.00
i06,e09,c3,p21,l3,0.00
i06,e09,c3,p22,l2,0.00
i06,e09,c3,p22,l3,0.00
i06,e09,c3,p23,l2,0.00
i06,e09,c3,p23,l3,0.00
i06,e09,c3,p24,l2,0.00
i06,e09,c3,p24,l3,0.00
i06,e09,c3,p24,l4,0.00
i06,e09,c3,p25,l2,0.00
i06,e09,c3,p25,l3,0.00
i06,e09,c3,p26,l2,0.00
i06,e09,c3,p26,l3,0.00
i06,e09,c3,p28,l2,0.00
i06,e09,c3,p28,l3,0.00
i06,e09,c3,p29,l2,0.00
i06,e09,c3,p29,l3,0.00
i06,e09,c3,p30,l2,0.00
i06,e09,c3,p30,l3,0.00
i06,e09,c3,p31,l2,0.00
i06,e09,c3,p31,l3,0.00
i06,e09,c3,p32,l2,0.00
i06,e09,c3,p32,l3,0.00
i06,e09,c3,p32,l4,0.00
i06,e09,c3,p33,l2,0.00
i06,e09,c3,p33,l3,0.00
i06,e09,c3,p35,l2,0.00
i06,e09,c3,p35,l3,0.00
i06,e09,c3,p35,l4,0.00
i06,e09,c5,p01,l2,0.00
i06,e09,c5,p01,l3,160.46
i06,e09,c5,p01,l4,0.00
i06,e09,c5,p02,l2,0.00
i06,e09,c5,p02,l3,36.18
i06,e09,c5,p02,l4,0.00
i06,e09,c5,p03,l2,0.00
i06,e09,c5,p03,l3,92.04
i06,e09,c5,p03,l4,0.00
i06,e09,c5,p04,l2,0.00
i06,e09,c5,p04,l3,60.41
i06,e09,c5,p04,l4,0.00
i06,e09,c5,p05,l2,0.00
i06,e09,c5,p05,l3,120.51
i06,e09,c5,p05,l4,0.00
i06,e09,c5,p06,l2,0.00
i06,e09,c5,p06,l3,24.84
i06,e09,c5,p06,l4,0.00
i06,e09,c5,p07,l2,0.00
i06,e09,c5,p07,l3,110.47
i06,e09,c5,p07,l4,0.00
i06,e09,c5,p08,l2,0.00
i06,e09,c5,p08,l3,39.69
i06,e09,c5,p08,l4,0.00
i06,e09,c5,p09,l2,0.00
i06,e09,c5,p09,l3,24.29
i06,e09,c5,p09,l4,0.00
i06,e09,c5,p10,l2,0.00
i06,e09,c5,p10,l3,341.72
i06,e09,c5,p10,l4,0.00
i06,e09,c5,p11,l2,0.00
i06,e09,c5,p11,l3,55.88
i06,e09,c5,p11,l4,0.00
i06,e09,c5,p12,l2,0.00
i06,e09,c5,p12,l3,124.36
i06,e09,c5,p12,l4,0.00
i06,e09,c5,p13,l2,0.00
i06,e09,c5,p13,l3,91.12
i06,e09,c5,p13,l4,0.00
i06,e09,c5,p14,l2,0.00
i06,e09,c5,p14,l3,46.20
i06,e09,c5,p14,l4,0.00
i06,e09,c5,p15,l2,0.00
i06,e09,c5,p15,l3,218.36
i06,e09,c5,p15,l4,0.00
i06,e09,c5,p16,l2,0.00
i06,e09,c5,p16,l3,106.70
i06,e09,c5,p16,l4,0.00
i06,e09,c5,p17,l2,0.00
i06,e09,c5,p17,l3,100.69
i06,e09,c5,p17,l4,0.00
i06,e09,c5,p18,l2,0.00
i06,e09,c5,p18,l3,75.22
i06,e09,c5,p18,l4,0.00
i06,e09,c5,p19,l2,0.00
i06,e09,c5,p19,l3,262.27
i06,e09,c5,p19,l4,0.00
i06,e09,c5,p20,l2,0.00
i06,e09,c5,p20,l3,20.24
i06,e09,c5,p20,l4,0.00
i06,e09,c5,p21,l2,0.00
i06,e09,c5,p21,l3,143.26
i06,e09,c5,p21,l4,0.00
i06,e09,c5,p22,l2,0.00
i06,e09,c5,p22,l3,32.30
i06,e09,c5,p22,l4,0.00
i06,e09,c5,p23,l2,0.00
i06,e09,c5,p23,l3,34.32
i06,e09,c5,p23,l4,0.00
i06,e09,c5,p24,l2,0.00
i06,e09,c5,p24,l3,139.13
i06,e09,c5,p24,l4,0.00
i06,e09,c5,p25,l2,0.00
i06,e09,c5,p25,l3,19.57
i06,e09,c5,p25,l4,0.00
i06,e09,c5,p26,l2,0.00
i06,e09,c5,p26,l3,2.49
i06,e09,c5,p26,l4,0.00
i06,e09,c5,p27,l2,0.00
i06,e09,c5,p27,l3,0.00
i06,e09,c5,p28,l2,0.00
i06,e09,c5,p28,l3,41.02
i06,e09,c5,p28,l4,0.00
i06,e09,c5,p29,l2,0.00
i06,e09,c5,p29,l3,69.73
i06,e09,c5,p29,l4,0.00
i06,e09,c5,p30,l2,0.00
i06,e09,c5,p30,l3,12.54
i06,e09,c5,p30,l4,0.00
i06,e09,c5,p31,l2,0.00
i06,e09,c5,p31,l3,7.23
i06,e09,c5,p31,l4,0.00
i06,e09,c5,p32,l2,0.00
i06,e09,c5,p32,l3,31.14
i06,e09,c5,p32,l4,0.00
i06,e09,c5,p33,l2,0.00
i06,e09,c5,p33,l3,0.00
i06,e09,c5,p33,l4,0.00
i06,e09,c5,p34,l2,0.00
i06,e09,c5,p34,l3,0.00
i06,e09,c5,p35,l2,0.00
i06,e09,c5,p35,l3,102.36
i06,e09,c5,p35,l4,0.00
i06,e09,c8,p07,l3,0.00
i06,e10,c3,p01,l1,0.00
i06,e10,c3,p01,l2,0.00
i06,e10,c3,p01,l3,425.10
i06,e10,c3,p01,l4,30.06
i06,e10,c3,p02,l1,0.00
i06,e10,c3,p02,l2,0.00
i06,e10,c3,p02,l3,113.25
i06,e10,c3,p02,l4,9.26
i06,e10,c3,p03,l1,0.00
i06,e10,c3,p03,l2,0.00
i06,e10,c3,p03,l3,1151.39
i06,e10,c3,p03,l4,14.16
i06,e10,c3,p04,l1,0.00
i06,e10,c3,p04,l2,0.00
i06,e10,c3,p04,l3,4.02
i06,e10,c3,p04,l4,5.15
i06,e10,c3,p05,l1,1.45
i06,e10,c3,p05,l2,0.00
i06,e10,c3,p05,l3,318.53
i06,e10,c3,p05,l4,17.27
i06,e10,c3,p06,l1,0.00
i06,e10,c3,p06,l2,0.00
i06,e10,c3,p06,l3,72.37
i06,e10,c3,p06,l4,0.00
i06,e10,c3,p07,l1,0.00
i06,e10,c3,p07,l2,0.00
i06,e10,c3,p07,l3,318.08
i06,e10,c3,p07,l4,20.20
i06,e10,c3,p08,l1,0.00
i06,e10,c3,p08,l2,0.00
i06,e10,c3,p08,l3,0.00
i06,e10,c3,p08,l4,0.00
i06,e10,c3,p09,l1,0.00
i06,e10,c3,p09,l2,0.00
i06,e10,c3,p09,l3,396.06
i06,e10,c3,p09,l4,15.84
i06,e10,c3,p10,l1,1.30
i06,e10,c3,p10,l2,3.30
i06,e10,c3,p10,l3,1318.10
i06,e10,c3,p10,l4,120.83
i06,e10,c3,p11,l1,0.00
i06,e10,c3,p11,l2,0.00
i06,e10,c3,p11,l3,532.08
i06,e10,c3,p11,l4,50.14
i06,e10,c3,p12,l1,2.61
i06,e10,c3,p12,l2,0.00
i06,e10,c3,p12,l3,208.21
i06,e10,c3,p12,l4,9.08
i06,e10,c3,p13,l1,0.00
i06,e10,c3,p13,l2,0.00
i06,e10,c3,p13,l3,86.12
i06,e10,c3,p13,l4,12.96
i06,e10,c3,p14,l1,1.12
i06,e10,c3,p14,l2,0.00
i06,e10,c3,p14,l3,35.10
i06,e10,c3,p14,l4,11.01
i06,e10,c3,p15,l1,0.00
i06,e10,c3,p15,l2,0.00
i06,e10,c3,p15,l3,471.76
i06,e10,c3,p15,l4,39.19
i06,e10,c3,p16,l1,0.00
i06,e10,c3,p16,l2,0.00
i06,e10,c3,p16,l3,406.61
i06,e10,c3,p16,l4,39.66
i06,e10,c3,p17,l1,0.00
i06,e10,c3,p17,l2,0.00
i06,e10,c3,p17,l3,153.05
i06,e10,c3,p17,l4,18.31
i06,e10,c3,p18,l1,0.00
i06,e10,c3,p18,l2,0.00
i06,e10,c3,p18,l3,53.16
i06,e10,c3,p18,l4,19.42
i06,e10,c3,p19,l1,0.00
i06,e10,c3,p19,l2,0.00
i06,e10,c3,p19,l3,647.21
i06,e10,c3,p19,l4,73.69
i06,e10,c3,p20,l1,0.00
i06,e10,c3,p20,l2,0.00
i06,e10,c3,p20,l3,111.11
i06,e10,c3,p20,l4,18.22
i06,e10,c3,p21,l1,0.00
i06,e10,c3,p21,l2,15.29
i06,e10,c3,p21,l3,205.57
i06,e10,c3,p21,l4,2.11
i06,e10,c3,p22,l1,0.00
i06,e10,c3,p22,l2,0.00
i06,e10,c3,p22,l3,0.00
i06,e10,c3,p22,l4,0.00
i06,e10,c3,p23,l1,0.00
i06,e10,c3,p23,l2,0.00
i06,e10,c3,p23,l3,146.75
i06,e10,c3,p23,l4,22.07
i06,e10,c3,p24,l1,0.00
i06,e10,c3,p24,l2,0.00
i06,e10,c3,p24,l3,28.97
i06,e10,c3,p24,l4,20.62
i06,e10,c3,p25,l1,0.00
i06,e10,c3,p25,l2,0.00
i06,e10,c3,p25,l3,0.00
i06,e10,c3,p25,l4,0.00
i06,e10,c3,p26,l1,0.00
i06,e10,c3,p26,l2,0.00
i06,e10,c3,p26,l3,0.00
i06,e10,c3,p26,l4,0.00
i06,e10,c3,p28,l1,0.00
i06,e10,c3,p28,l2,0.00
i06,e10,c3,p28,l3,105.55
i06,e10,c3,p28,l4,25.06
i06,e10,c3,p29,l1,0.00
i06,e10,c3,p29,l2,0.00
i06,e10,c3,p29,l3,247.38
i06,e10,c3,p29,l4,6.22
i06,e10,c3,p30,l1,0.00
i06,e10,c3,p30,l2,0.00
i06,e10,c3,p30,l3,0.00
i06,e10,c3,p30,l4,0.00
i06,e10,c3,p31,l1,0.00
i06,e10,c3,p31,l2,0.00
i06,e10,c3,p31,l3,0.00
i06,e10,c3,p31,l4,0.00
i06,e10,c3,p32,l1,0.00
i06,e10,c3,p32,l2,0.00
i06,e10,c3,p32,l3,4.67
i06,e10,c3,p32,l4,4.32
i06,e10,c3,p33,l1,0.00
i06,e10,c3,p33,l2,0.00
i06,e10,c3,p33,l3,0.00
i06,e10,c3,p33,l4,0.00
i06,e10,c3,p35,l1,0.00
i06,e10,c3,p35,l2,0.00
i06,e10,c3,p35,l3,431.36
i06,e10,c3,p35,l4,58.13
i06,e10,c5,p01,l1,140.51
i06,e10,c5,p01,l2,54.14
i06,e10,c5,p01,l3,77464.43
i06,e10,c5,p01,l4,4447.25
i06,e10,c5,p02,l1,48.58
i06,e10,c5,p02,l2,38.25
i06,e10,c5,p02,l3,21420.42
i06,e10,c5,p02,l4,1499.22
i06,e10,c5,p03,l1,94.12
i06,e10,c5,p03,l2,34.07
i06,e10,c5,p03,l3,64069.36
i06,e10,c5,p03,l4,3562.31
i06,e10,c5,p04,l1,51.04
i06,e10,c5,p04,l2,11.09
i06,e10,c5,p04,l3,26997.30
i06,e10,c5,p04,l4,1963.66
i06,e10,c5,p05,l1,150.82
i06,e10,c5,p05,l2,139.57
i06,e10,c5,p05,l3,69769.85
i06,e10,c5,p05,l4,4410.09
i06,e10,c5,p06,l1,58.09
i06,e10,c5,p06,l2,22.23
i06,e10,c5,p06,l3,33386.17
i06,e10,c5,p06,l4,2188.17
i06,e10,c5,p07,l1,95.36
i06,e10,c5,p07,l2,62.19
i06,e10,c5,p07,l3,52544.99
i06,e10,c5,p07,l4,3309.83
i06,e10,c5,p08,l1,38.31
i06,e10,c5,p08,l2,5.34
i06,e10,c5,p08,l3,18451.12
i06,e10,c5,p08,l4,1305.09
i06,e10,c5,p09,l1,31.50
i06,e10,c5,p09,l2,19.21
i06,e10,c5,p09,l3,21439.30
i06,e10,c5,p09,l4,1809.34
i06,e10,c5,p10,l1,338.08
i06,e10,c5,p10,l2,247.30
i06,e10,c5,p10,l3,223790.29
i06,e10,c5,p10,l4,11972.12
i06,e10,c5,p11,l1,68.07
i06,e10,c5,p11,l2,80.59
i06,e10,c5,p11,l3,61403.88
i06,e10,c5,p11,l4,3617.11
i06,e10,c5,p12,l1,119.06
i06,e10,c5,p12,l2,54.30
i06,e10,c5,p12,l3,57439.03
i06,e10,c5,p12,l4,3509.41
i06,e10,c5,p13,l1,81.00
i06,e10,c5,p13,l2,41.95
i06,e10,c5,p13,l3,41674.11
i06,e10,c5,p13,l4,2597.22
i06,e10,c5,p14,l1,67.51
i06,e10,c5,p14,l2,45.37
i06,e10,c5,p14,l3,31348.05
i06,e10,c5,p14,l4,1887.22
i06,e10,c5,p15,l1,218.46
i06,e10,c5,p15,l2,103.14
i06,e10,c5,p15,l3,88524.64
i06,e10,c5,p15,l4,5626.27
i06,e10,c5,p16,l1,104.43
i06,e10,c5,p16,l2,77.18
i06,e10,c5,p16,l3,74417.37
i06,e10,c5,p16,l4,4410.07
i06,e10,c5,p17,l1,93.73
i06,e10,c5,p17,l2,40.34
i06,e10,c5,p17,l3,53945.09
i06,e10,c5,p17,l4,3361.72
i06,e10,c5,p18,l1,101.56
i06,e10,c5,p18,l2,24.02
i06,e10,c5,p18,l3,38170.44
i06,e10,c5,p18,l4,2665.22
i06,e10,c5,p19,l1,248.72
i06,e10,c5,p19,l2,219.66
i06,e10,c5,p19,l3,152344.18
i06,e10,c5,p19,l4,9261.58
i06,e10,c5,p20,l1,15.72
i06,e10,c5,p20,l2,9.19
i06,e10,c5,p20,l3,6702.17
i06,e10,c5,p20,l4,465.12
i06,e10,c5,p21,l1,97.55
i06,e10,c5,p21,l2,65.03
i06,e10,c5,p21,l3,78076.25
i06,e10,c5,p21,l4,5072.73
i06,e10,c5,p22,l1,27.17
i06,e10,c5,p22,l2,9.01
i06,e10,c5,p22,l3,16842.35
i06,e10,c5,p22,l4,1400.14
i06,e10,c5,p23,l1,56.20
i06,e10,c5,p23,l2,20.91
i06,e10,c5,p23,l3,19595.07
i06,e10,c5,p23,l4,1651.31
i06,e10,c5,p24,l1,80.58
i06,e10,c5,p24,l2,51.65
i06,e10,c5,p24,l3,44746.21
i06,e10,c5,p24,l4,3098.66
i06,e10,c5,p25,l1,22.39
i06,e10,c5,p25,l2,0.00
i06,e10,c5,p25,l3,10669.66
i06,e10,c5,p25,l4,932.25
i06,e10,c5,p26,l1,3.46
i06,e10,c5,p26,l2,0.00
i06,e10,c5,p26,l3,3033.03
i06,e10,c5,p26,l4,226.38
i06,e10,c5,p27,l1,0.00
i06,e10,c5,p27,l2,0.00
i06,e10,c5,p27,l3,0.00
i06,e10,c5,p27,l4,0.00
i06,e10,c5,p28,l1,15.18
i06,e10,c5,p28,l2,14.29
i06,e10,c5,p28,l3,11776.40
i06,e10,c5,p28,l4,1234.76
i06,e10,c5,p29,l1,48.90
i06,e10,c5,p29,l2,31.49
i06,e10,c5,p29,l3,29278.41
i06,e10,c5,p29,l4,1996.26
i06,e10,c5,p30,l1,0.00
i06,e10,c5,p30,l2,0.00
i06,e10,c5,p30,l3,680.54
i06,e10,c5,p30,l4,99.31
i06,e10,c5,p31,l1,19.05
i06,e10,c5,p31,l2,4.97
i06,e10,c5,p31,l3,4457.40
i06,e10,c5,p31,l4,393.25
i06,e10,c5,p32,l1,16.07
i06,e10,c5,p32,l2,1.38
i06,e10,c5,p32,l3,9755.19
i06,e10,c5,p32,l4,831.04
i06,e10,c5,p33,l1,0.00
i06,e10,c5,p33,l2,0.00
i06,e10,c5,p33,l3,59.34
i06,e10,c5,p33,l4,5.63
i06,e10,c5,p34,l1,0.00
i06,e10,c5,p34,l2,0.00
i06,e10,c5,p34,l3,0.00
i06,e10,c5,p34,l4,0.00
i06,e10,c5,p35,l1,99.09
i06,e10,c5,p35,l2,131.46
i06,e10,c5,p35,l3,60477.48
i06,e10,c5,p35,l4,3831.39
i06,e10,c8,p10,l3,0.00
i06,e10,c8,p12,l3,0.00
i06,e10,c8,p12,l4,0.00
i06,e10,c8,p13,l3,0.00
i06,e10,c8,p13,l4,0.00
i06,e10,c8,p14,l3,0.00
i06,e10,c8,p14,l4,0.00
i06,e10,c8,p17,l3,0.00
i06,e10,c8,p18,l3,0.00
i06,e10,c8,p19,l3,0.00
i06,e10,c8,p21,l3,0.00
i06,e10,c8,p35,l3,0.00
i06,e10,c8,p35,l4,0.00
i06,e11,c3,p01,l2,6.04
i06,e11,c3,p01,l3,0.00
i06,e11,c3,p02,l2,0.00
i06,e11,c3,p03,l2,0.00
i06,e11,c3,p03,l3,0.00
i06,e11,c3,p04,l2,0.00
i06,e11,c3,p04,l3,0.00
i06,e11,c3,p05,l1,0.00
i06,e11,c3,p05,l2,0.00
i06,e11,c3,p05,l3,0.00
i06,e11,c3,p06,l2,0.00
i06,e11,c3,p06,l3,0.00
i06,e11,c3,p07,l2,0.00
i06,e11,c3,p07,l3,0.00
i06,e11,c3,p08,l2,0.00
i06,e11,c3,p08,l3,0.00
i06,e11,c3,p09,l2,0.00
i06,e11,c3,p09,l3,0.00
i06,e11,c3,p10,l1,0.00
i06,e11,c3,p10,l2,0.00
i06,e11,c3,p10,l3,0.00
i06,e11,c3,p11,l2,1.23
i06,e11,c3,p11,l3,0.00
i06,e11,c3,p12,l1,0.00
i06,e11,c3,p12,l2,4.14
i06,e11,c3,p12,l3,0.00
i06,e11,c3,p13,l2,0.00
i06,e11,c3,p13,l3,0.00
i06,e11,c3,p14,l2,1.27
i06,e11,c3,p14,l3,0.00
i06,e11,c3,p15,l2,3.10
i06,e11,c3,p15,l3,0.00
i06,e11,c3,p16,l2,0.00
i06,e11,c3,p16,l3,0.00
i06,e11,c3,p17,l2,0.00
i06,e11,c3,p17,l3,0.00
i06,e11,c3,p18,l2,0.00
i06,e11,c3,p18,l3,0.00
i06,e11,c3,p19,l1,0.00
i06,e11,c3,p19,l2,0.00
i06,e11,c3,p19,l3,0.00
i06,e11,c3,p20,l2,0.00
i06,e11,c3,p21,l2,10.25
i06,e11,c3,p21,l3,0.00
i06,e11,c3,p22,l2,0.00
i06,e11,c3,p22,l3,0.00
i06,e11,c3,p23,l2,0.00
i06,e11,c3,p23,l3,0.00
i06,e11,c3,p24,l2,0.00
i06,e11,c3,p24,l3,0.00
i06,e11,c3,p25,l2,0.00
i06,e11,c3,p25,l3,0.00
i06,e11,c3,p26,l2,0.00
i06,e11,c3,p28,l2,1.33
i06,e11,c3,p29,l2,0.00
i06,e11,c3,p29,l3,0.00
i06,e11,c3,p30,l2,0.00
i06,e11,c3,p31,l2,0.00
i06,e11,c3,p32,l2,0.00
i06,e11,c3,p32,l3,0.00
i06,e11,c3,p33,l2,0.00
i06,e11,c3,p35,l1,0.00
i06,e11,c3,p35,l2,0.00
i06,e11,c3,p35,l3,0.00
i06,e11,c5,p01,l1,0.00
i06,e11,c5,p01,l2,874.91
i06,e11,c5,p01,l3,0.00
i06,e11,c5,p02,l1,0.00
i06,e11,c5,p02,l2,262.42
i06,e11,c5,p02,l3,0.00
i06,e11,c5,p03,l1,0.00
i06,e11,c5,p03,l2,527.15
i06,e11,c5,p03,l3,0.00
i06,e11,c5,p04,l1,0.00
i06,e11,c5,p04,l2,203.59
i06,e11,c5,p04,l3,0.00
i06,e11,c5,p05,l1,0.00
i06,e11,c5,p05,l2,740.12
i06,e11,c5,p05,l3,0.00
i06,e11,c5,p06,l1,0.00
i06,e11,c5,p06,l2,312.82
i06,e11,c5,p06,l3,0.00
i06,e11,c5,p07,l1,0.00
i06,e11,c5,p07,l2,309.29
i06,e11,c5,p07,l3,0.00
i06,e11,c5,p08,l1,0.00
i06,e11,c5,p08,l2,198.63
i06,e11,c5,p08,l3,0.00
i06,e11,c5,p09,l1,0.00
i06,e11,c5,p09,l2,170.94
i06,e11,c5,p09,l3,0.00
i06,e11,c5,p10,l1,0.00
i06,e11,c5,p10,l2,2191.07
i06,e11,c5,p10,l3,0.00
i06,e11,c5,p11,l1,0.00
i06,e11,c5,p11,l2,642.22
i06,e11,c5,p11,l3,0.00
i06,e11,c5,p12,l1,0.00
i06,e11,c5,p12,l2,537.34
i06,e11,c5,p12,l3,0.00
i06,e11,c5,p13,l1,0.00
i06,e11,c5,p13,l2,460.03
i06,e11,c5,p13,l3,0.00
i06,e11,c5,p14,l1,0.00
i06,e11,c5,p14,l2,232.89
i06,e11,c5,p14,l3,0.00
i06,e11,c5,p15,l1,0.00
i06,e11,c5,p15,l2,616.28
i06,e11,c5,p15,l3,0.00
i06,e11,c5,p16,l1,0.00
i06,e11,c5,p16,l2,650.28
i06,e11,c5,p16,l3,0.00
i06,e11,c5,p17,l1,0.00
i06,e11,c5,p17,l2,437.31
i06,e11,c5,p17,l3,0.00
i06,e11,c5,p18,l1,0.00
i06,e11,c5,p18,l2,306.09
i06,e11,c5,p18,l3,0.00
i06,e11,c5,p19,l1,0.00
i06,e11,c5,p19,l2,1365.06
i06,e11,c5,p19,l3,0.00
i06,e11,c5,p20,l1,0.00
i06,e11,c5,p20,l2,36.30
i06,e11,c5,p20,l3,0.00
i06,e11,c5,p21,l1,0.00
i06,e11,c5,p21,l2,540.25
i06,e11,c5,p21,l3,0.00
i06,e11,c5,p22,l1,0.00
i06,e11,c5,p22,l2,104.07
i06,e11,c5,p22,l3,0.00
i06,e11,c5,p23,l1,0.00
i06,e11,c5,p23,l2,182.70
i06,e11,c5,p23,l3,0.00
i06,e11,c5,p24,l1,0.00
i06,e11,c5,p24,l2,409.80
i06,e11,c5,p24,l3,0.00
i06,e11,c5,p25,l1,0.00
i06,e11,c5,p25,l2,57.59
i06,e11,c5,p25,l3,0.00
i06,e11,c5,p26,l1,0.00
i06,e11,c5,p26,l2,38.38
i06,e11,c5,p26,l3,0.00
i06,e11,c5,p27,l2,0.00
i06,e11,c5,p27,l3,0.00
i06,e11,c5,p28,l1,0.00
i06,e11,c5,p28,l2,126.33
i06,e11,c5,p28,l3,0.00
i06,e11,c5,p29,l1,0.00
i06,e11,c5,p29,l2,441.28
i06,e11,c5,p29,l3,0.00
i06,e11,c5,p30,l1,0.00
i06,e11,c5,p30,l2,22.56
i06,e11,c5,p30,l3,0.00
i06,e11,c5,p31,l1,0.00
i06,e11,c5,p31,l2,108.10
i06,e11,c5,p31,l3,0.00
i06,e11,c5,p32,l1,0.00
i06,e11,c5,p32,l2,126.53
i06,e11,c5,p32,l3,0.00
i06,e11,c5,p33,l2,1.45
i06,e11,c5,p33,l3,0.00
i06,e11,c5,p34,l2,0.00
i06,e11,c5,p35,l1,0.00
i06,e11,c5,p35,l2,2219.54
i06,e11,c5,p35,l3,0.00
i06,e11,c8,p13,l2,0.00
i06,e11,c8,p35,l2,0.00
i06,e12,c3,p01,l3,0.00
i06,e12,c3,p01,l4,0.00
i06,e12,c3,p02,l3,0.00
i06,e12,c3,p02,l4,0.00
i06,e12,c3,p03,l3,0.00
i06,e12,c3,p03,l4,0.00
i06,e12,c3,p04,l3,0.00
i06,e12,c3,p04,l4,0.00
i06,e12,c3,p05,l3,0.00
i06,e12,c3,p05,l4,0.00
i06,e12,c3,p06,l3,0.00
i06,e12,c3,p06,l4,0.00
i06,e12,c3,p07,l3,1.38
i06,e12,c3,p07,l4,0.00
i06,e12,c3,p08,l3,0.00
i06,e12,c3,p08,l4,0.00
i06,e12,c3,p09,l3,0.00
i06,e12,c3,p09,l4,0.00
i06,e12,c3,p10,l3,0.00
i06,e12,c3,p10,l4,0.00
i06,e12,c3,p11,l3,0.00
i06,e12,c3,p11,l4,0.00
i06,e12,c3,p12,l3,0.00
i06,e12,c3,p12,l4,0.00
i06,e12,c3,p13,l3,0.00
i06,e12,c3,p13,l4,0.00
i06,e12,c3,p14,l3,0.00
i06,e12,c3,p14,l4,0.00
i06,e12,c3,p15,l3,0.00
i06,e12,c3,p15,l4,0.00
i06,e12,c3,p16,l3,0.00
i06,e12,c3,p16,l4,0.00
i06,e12,c3,p17,l3,0.00
i06,e12,c3,p17,l4,0.00
i06,e12,c3,p18,l3,0.00
i06,e12,c3,p18,l4,0.00
i06,e12,c3,p19,l3,0.00
i06,e12,c3,p19,l4,0.00
i06,e12,c3,p20,l3,0.00
i06,e12,c3,p20,l4,0.00
i06,e12,c3,p21,l3,4.22
i06,e12,c3,p21,l4,0.00
i06,e12,c3,p22,l3,0.00
i06,e12,c3,p22,l4,0.00
i06,e12,c3,p23,l3,0.00
i06,e12,c3,p23,l4,0.00
i06,e12,c3,p24,l3,0.00
i06,e12,c3,p24,l4,0.00
i06,e12,c3,p25,l3,0.00
i06,e12,c3,p25,l4,0.00
i06,e12,c3,p26,l3,0.00
i06,e12,c3,p26,l4,0.00
i06,e12,c3,p27,l3,0.00
i06,e12,c3,p28,l3,0.00
i06,e12,c3,p28,l4,0.00
i06,e12,c3,p29,l3,0.00
i06,e12,c3,p29,l4,0.00
i06,e12,c3,p30,l3,0.00
i06,e12,c3,p30,l4,0.00
i06,e12,c3,p31,l3,0.00
i06,e12,c3,p31,l4,0.00
i06,e12,c3,p32,l3,0.00
i06,e12,c3,p32,l4,0.00
i06,e12,c3,p33,l3,0.00
i06,e12,c3,p33,l4,0.00
i06,e12,c3,p35,l3,1.08
i06,e12,c3,p35,l4,0.00
i06,e12,c5,p01,l3,246.50
i06,e12,c5,p01,l4,13.29
i06,e12,c5,p02,l3,53.79
i06,e12,c5,p02,l4,2.57
i06,e12,c5,p03,l3,179.63
i06,e12,c5,p03,l4,18.33
i06,e12,c5,p04,l3,128.17
i06,e12,c5,p04,l4,7.64
i06,e12,c5,p05,l3,149.21
i06,e12,c5,p05,l4,13.21
i06,e12,c5,p06,l3,45.70
i06,e12,c5,p06,l4,5.31
i06,e12,c5,p07,l3,102.55
i06,e12,c5,p07,l4,13.00
i06,e12,c5,p08,l3,44.90
i06,e12,c5,p08,l4,6.63
i06,e12,c5,p09,l3,114.50
i06,e12,c5,p09,l4,4.37
i06,e12,c5,p10,l3,665.37
i06,e12,c5,p10,l4,48.42
i06,e12,c5,p11,l3,300.71
i06,e12,c5,p11,l4,8.10
i06,e12,c5,p12,l3,193.33
i06,e12,c5,p12,l4,9.27
i06,e12,c5,p13,l3,157.33
i06,e12,c5,p13,l4,3.57
i06,e12,c5,p14,l3,108.18
i06,e12,c5,p14,l4,3.51
i06,e12,c5,p15,l3,266.97
i06,e12,c5,p15,l4,19.97
i06,e12,c5,p16,l3,315.79
i06,e12,c5,p16,l4,9.08
i06,e12,c5,p17,l3,267.31
i06,e12,c5,p17,l4,14.22
i06,e12,c5,p18,l3,132.70
i06,e12,c5,p18,l4,8.75
i06,e12,c5,p19,l3,827.55
i06,e12,c5,p19,l4,19.58
i06,e12,c5,p20,l3,49.32
i06,e12,c5,p20,l4,1.71
i06,e12,c5,p21,l3,248.45
i06,e12,c5,p21,l4,17.53
i06,e12,c5,p22,l3,45.03
i06,e12,c5,p22,l4,4.67
i06,e12,c5,p23,l3,20.14
i06,e12,c5,p23,l4,4.30
i06,e12,c5,p24,l3,181.28
i06,e12,c5,p24,l4,14.14
i06,e12,c5,p25,l3,60.23
i06,e12,c5,p25,l4,0.00
i06,e12,c5,p26,l3,39.10
i06,e12,c5,p26,l4,1.12
i06,e12,c5,p27,l3,0.00
i06,e12,c5,p27,l4,0.00
i06,e12,c5,p28,l3,28.28
i06,e12,c5,p28,l4,1.34
i06,e12,c5,p29,l3,148.54
i06,e12,c5,p29,l4,8.61
i06,e12,c5,p30,l3,2.59
i06,e12,c5,p30,l4,1.06
i06,e12,c5,p31,l3,1.58
i06,e12,c5,p31,l4,3.53
i06,e12,c5,p32,l3,29.53
i06,e12,c5,p32,l4,5.03
i06,e12,c5,p33,l3,5.08
i06,e12,c5,p33,l4,0.00
i06,e12,c5,p34,l3,0.00
i06,e12,c5,p34,l4,0.00
i06,e12,c5,p35,l3,281.85
i06,e12,c5,p35,l4,15.33
i06,e13,c3,p10,l3,0.00
i06,e13,c5,p01,l3,0.00
i06,e13,c5,p03,l3,0.00
i06,e13,c5,p10,l3,0.00
i06,e13,c5,p17,l3,0.00
i06,e13,c5,p35,l3,0.00
i07,e01,c3,p01,l3,0.00
i07,e01,c3,p03,l3,0.00
i07,e01,c3,p06,l3,0.00
i07,e01,c3,p10,l3,0.00
i07,e01,c3,p12,l3,0.00
i07,e01,c3,p13,l3,0.00
i07,e01,c3,p14,l3,0.00
i07,e01,c3,p15,l3,0.00
i07,e01,c3,p16,l3,0.00
i07,e01,c3,p17,l3,0.00
i07,e01,c3,p18,l3,0.00
i07,e01,c3,p19,l3,0.00
i07,e01,c3,p21,l3,0.00
i07,e01,c3,p24,l3,0.00
i07,e01,c3,p25,l3,0.00
i07,e01,c3,p28,l3,0.00
i07,e01,c3,p29,l3,0.00
i07,e01,c3,p35,l3,0.00
i07,e01,c5,p01,l3,0.00
i07,e01,c5,p02,l3,0.00
i07,e01,c5,p03,l3,0.00
i07,e01,c5,p04,l3,0.00
i07,e01,c5,p05,l3,0.00
i07,e01,c5,p06,l3,0.00
i07,e01,c5,p07,l3,0.00
i07,e01,c5,p08,l3,2.25
i07,e01,c5,p09,l3,1.15
i07,e01,c5,p10,l3,0.00
i07,e01,c5,p11,l3,2.35
i07,e01,c5,p12,l3,8.76
i07,e01,c5,p13,l3,1.14
i07,e01,c5,p14,l3,0.00
i07,e01,c5,p15,l3,0.00
i07,e01,c5,p16,l3,1.05
i07,e01,c5,p17,l3,0.00
i07,e01,c5,p18,l3,0.00
i07,e01,c5,p19,l3,0.00
i07,e01,c5,p20,l3,3.94
i07,e01,c5,p21,l3,3.06
i07,e01,c5,p22,l3,0.00
i07,e01,c5,p23,l3,0.00
i07,e01,c5,p24,l3,5.00
i07,e01,c5,p25,l3,0.00
i07,e01,c5,p26,l3,0.00
i07,e01,c5,p28,l3,0.00
i07,e01,c5,p29,l3,0.00
i07,e01,c5,p30,l3,0.00
i07,e01,c5,p31,l3,0.00
i07,e01,c5,p32,l3,0.00
i07,e01,c5,p33,l3,0.00
i07,e01,c5,p35,l3,0.00
i07,e02,c3,p10,l3,0.00
i07,e02,c3,p15,l3,0.00
i07,e02,c3,p19,l1,0.00
i07,e02,c3,p19,l3,0.00
i07,e02,c3,p35,l3,0.00
i07,e02,c5,p01,l1,0.00
i07,e02,c5,p01,l3,0.00
i07,e02,c5,p02,l1,0.00
i07,e02,c5,p02,l3,0.00
i07,e02,c5,p03,l1,0.00
i07,e02,c5,p03,l3,0.00
i07,e02,c5,p04,l1,0.00
i07,e02,c5,p04,l3,0.00
i07,e02,c5,p05,l1,0.00
i07,e02,c5,p05,l3,0.00
i07,e02,c5,p06,l1,0.00
i07,e02,c5,p06,l3,0.00
i07,e02,c5,p07,l1,0.00
i07,e02,c5,p07,l3,0.00
i07,e02,c5,p08,l1,0.00
i07,e02,c5,p08,l3,0.00
i07,e02,c5,p09,l3,0.00
i07,e02,c5,p10,l1,0.00
i07,e02,c5,p10,l3,0.00
i07,e02,c5,p11,l1,0.00
i07,e02,c5,p11,l3,0.00
i07,e02,c5,p12,l1,0.00
i07,e02,c5,p12,l3,0.00
i07,e02,c5,p13,l1,0.00
i07,e02,c5,p13,l3,0.00
i07,e02,c5,p14,l3,0.00
i07,e02,c5,p15,l1,0.00
i07,e02,c5,p15,l3,0.00
i07,e02,c5,p16,l1,0.00
i07,e02,c5,p16,l3,0.00
i07,e02,c5,p17,l1,0.00
i07,e02,c5,p17,l3,0.00
i07,e02,c5,p18,l1,0.00
i07,e02,c5,p18,l3,0.00
i07,e02,c5,p19,l1,0.00
i07,e02,c5,p19,l3,0.00
i07,e02,c5,p20,l3,0.00
i07,e02,c5,p21,l1,0.00
i07,e02,c5,p21,l3,0.00
i07,e02,c5,p22,l1,0.00
i07,e02,c5,p22,l3,0.00
i07,e02,c5,p23,l1,0.00
i07,e02,c5,p23,l3,0.00
i07,e02,c5,p24,l1,0.00
i07,e02,c5,p24,l3,0.00
i07,e02,c5,p25,l3,0.00
i07,e02,c5,p28,l3,0.00
i07,e02,c5,p29,l1,0.00
i07,e02,c5,p29,l3,0.00
i07,e02,c5,p31,l1,0.00
i07,e02,c5,p31,l3,0.00
i07,e02,c5,p32,l3,0.00
i07,e02,c5,p35,l1,0.00
i07,e02,c5,p35,l3,0.00
i07,e03,c3,p19,l3,0.00
i07,e03,c3,p25,l3,0.00
i07,e03,c3,p35,l3,0.00
i07,e03,c5,p01,l3,0.00
i07,e03,c5,p02,l3,0.00
i07,e03,c5,p03,l3,0.00
i07,e03,c5,p04,l3,0.00
i07,e03,c5,p05,l3,0.00
i07,e03,c5,p06,l3,0.00
i07,e03,c5,p07,l3,0.00
i07,e03,c5,p08,l3,0.00
i07,e03,c5,p09,l3,0.00
i07,e03,c5,p10,l3,0.00
i07,e03,c5,p11,l3,0.00
i07,e03,c5,p12,l3,0.00
i07,e03,c5,p13,l3,0.00
i07,e03,c5,p14,l3,0.00
i07,e03,c5,p15,l3,0.00
i07,e03,c5,p16,l3,0.00
i07,e03,c5,p17,l3,0.00
i07,e03,c5,p18,l3,0.00
i07,e03,c5,p19,l3,0.00
i07,e03,c5,p20,l3,0.00
i07,e03,c5,p21,l3,0.00
i07,e03,c5,p22,l3,0.00
i07,e03,c5,p23,l3,0.00
i07,e03,c5,p24,l3,0.00
i07,e03,c5,p25,l3,0.00
i07,e03,c5,p26,l3,0.00
i07,e03,c5,p28,l3,0.00
i07,e03,c5,p29,l3,0.00
i07,e03,c5,p31,l3,0.00
i07,e03,c5,p32,l3,0.00
i07,e03,c5,p35,l3,0.00
i07,e04,c3,p01,l1,0.00
i07,e04,c3,p01,l3,0.00
i07,e04,c3,p03,l3,0.00
i07,e04,c3,p05,l3,0.00
i07,e04,c3,p06,l1,0.00
i07,e04,c3,p07,l3,0.00
i07,e04,c3,p09,l3,0.00
i07,e04,c3,p10,l3,0.00
i07,e04,c3,p11,l3,0.00
i07,e04,c3,p12,l1,0.00
i07,e04,c3,p12,l3,0.00
i07,e04,c3,p14,l3,0.00
i07,e04,c3,p15,l3,0.00
i07,e04,c3,p16,l1,0.00
i07,e04,c3,p16,l3,0.00
i07,e04,c3,p17,l1,0.00
i07,e04,c3,p17,l3,0.00
i07,e04,c3,p18,l3,0.00
i07,e04,c3,p19,l1,0.00
i07,e04,c3,p19,l3,0.00
i07,e04,c3,p21,l3,0.00
i07,e04,c3,p24,l1,0.00
i07,e04,c3,p24,l3,0.00
i07,e04,c3,p25,l3,0.00
i07,e04,c3,p28,l3,0.00
i07,e04,c3,p29,l3,0.00
i07,e04,c3,p35,l3,0.00
i07,e04,c5,p01,l1,0.00
i07,e04,c5,p01,l3,8.20
i07,e04,c5,p02,l1,0.00
i07,e04,c5,p02,l3,1.76
i07,e04,c5,p03,l1,0.00
i07,e04,c5,p03,l3,0.00
i07,e04,c5,p04,l1,0.00
i07,e04,c5,p04,l3,0.00
i07,e04,c5,p05,l1,0.00
i07,e04,c5,p05,l3,4.52
i07,e04,c5,p06,l1,0.00
i07,e04,c5,p06,l3,0.00
i07,e04,c5,p07,l1,0.00
i07,e04,c5,p07,l3,1.80
i07,e04,c5,p08,l1,0.00
i07,e04,c5,p08,l3,0.00
i07,e04,c5,p09,l1,0.00
i07,e04,c5,p09,l3,1.17
i07,e04,c5,p10,l1,0.00
i07,e04,c5,p10,l3,9.85
i07,e04,c5,p11,l1,0.00
i07,e04,c5,p11,l3,6.43
i07,e04,c5,p12,l1,0.00
i07,e04,c5,p12,l3,23.28
i07,e04,c5,p13,l1,0.00
i07,e04,c5,p13,l3,0.00
i07,e04,c5,p14,l1,0.00
i07,e04,c5,p14,l3,0.00
i07,e04,c5,p15,l1,0.00
i07,e04,c5,p15,l3,1.23
i07,e04,c5,p16,l1,0.00
i07,e04,c5,p16,l3,6.02
i07,e04,c5,p17,l1,0.00
i07,e04,c5,p17,l3,2.03
i07,e04,c5,p18,l1,0.00
i07,e04,c5,p18,l3,5.17
i07,e04,c5,p19,l1,0.00
i07,e04,c5,p19,l3,4.24
i07,e04,c5,p20,l1,0.00
i07,e04,c5,p20,l3,2.38
i07,e04,c5,p21,l1,0.00
i07,e04,c5,p21,l3,7.98
i07,e04,c5,p22,l1,0.00
i07,e04,c5,p22,l3,0.00
i07,e04,c5,p23,l1,0.00
i07,e04,c5,p23,l3,0.00
i07,e04,c5,p24,l1,0.00
i07,e04,c5,p24,l3,10.89
i07,e04,c5,p25,l1,0.00
i07,e04,c5,p25,l3,0.00
i07,e04,c5,p26,l1,0.00
i07,e04,c5,p26,l3,0.00
i07,e04,c5,p28,l1,0.00
i07,e04,c5,p28,l3,1.74
i07,e04,c5,p29,l1,0.00
i07,e04,c5,p29,l3,7.28
i07,e04,c5,p30,l1,0.00
i07,e04,c5,p30,l3,0.00
i07,e04,c5,p31,l1,0.00
i07,e04,c5,p31,l3,0.00
i07,e04,c5,p32,l1,0.00
i07,e04,c5,p32,l3,1.16
i07,e04,c5,p33,l3,0.00
i07,e04,c5,p35,l1,0.00
i07,e04,c5,p35,l3,2.53
i07,e05,c3,p06,l3,0.00
i07,e05,c3,p12,l3,0.00
i07,e05,c3,p19,l3,0.00
i07,e05,c3,p35,l3,0.00
i07,e05,c5,p01,l1,0.00
i07,e05,c5,p01,l3,0.00
i07,e05,c5,p02,l1,0.00
i07,e05,c5,p02,l3,0.00
i07,e05,c5,p03,l1,0.00
i07,e05,c5,p03,l3,0.00
i07,e05,c5,p04,l1,0.00
i07,e05,c5,p04,l3,0.00
i07,e05,c5,p05,l1,0.00
i07,e05,c5,p05,l3,0.00
i07,e05,c5,p06,l1,0.00
i07,e05,c5,p06,l3,0.00
i07,e05,c5,p07,l1,0.00
i07,e05,c5,p07,l3,0.00
i07,e05,c5,p08,l3,0.00
i07,e05,c5,p09,l1,0.00
i07,e05,c5,p09,l3,0.00
i07,e05,c5,p10,l1,0.00
i07,e05,c5,p10,l3,0.00
i07,e05,c5,p11,l1,0.00
i07,e05,c5,p11,l3,0.00
i07,e05,c5,p12,l1,0.00
i07,e05,c5,p12,l3,0.00
i07,e05,c5,p13,l1,0.00
i07,e05,c5,p13,l3,0.00
i07,e05,c5,p14,l1,0.00
i07,e05,c5,p14,l3,0.00
i07,e05,c5,p15,l1,0.00
i07,e05,c5,p15,l3,0.00
i07,e05,c5,p16,l1,0.00
i07,e05,c5,p16,l3,0.00
i07,e05,c5,p17,l3,0.00
i07,e05,c5,p18,l1,0.00
i07,e05,c5,p18,l3,0.00
i07,e05,c5,p19,l1,0.00
i07,e05,c5,p19,l3,0.00
i07,e05,c5,p20,l3,0.00
i07,e05,c5,p21,l1,0.00
i07,e05,c5,p21,l3,0.00
i07,e05,c5,p22,l3,0.00
i07,e05,c5,p23,l1,0.00
i07,e05,c5,p23,l3,0.00
i07,e05,c5,p24,l1,0.00
i07,e05,c5,p24,l3,0.00
i07,e05,c5,p25,l1,0.00
i07,e05,c5,p25,l3,0.00
i07,e05,c5,p26,l3,0.00
i07,e05,c5,p28,l1,0.00
i07,e05,c5,p28,l3,0.00
i07,e05,c5,p29,l1,0.00
i07,e05,c5,p29,l3,0.00
i07,e05,c5,p31,l1,0.00
i07,e05,c5,p31,l3,0.00
i07,e05,c5,p32,l1,0.00
i07,e05,c5,p32,l3,0.00
i07,e05,c5,p35,l1,0.00
i07,e05,c5,p35,l3,0.00
i07,e07,c3,p04,l3,0.00
i07,e07,c3,p10,l3,0.00
i07,e07,c3,p35,l3,0.00
i07,e07,c5,p01,l3,0.00
i07,e07,c5,p02,l3,0.00
i07,e07,c5,p03,l2,0.00
i07,e07,c5,p03,l3,0.00
i07,e07,c5,p04,l2,0.00
i07,e07,c5,p04,l3,0.00
i07,e07,c5,p05,l2,0.00
i07,e07,c5,p05,l3,0.00
i07,e07,c5,p06,l3,0.00
i07,e07,c5,p07,l2,0.00
i07,e07,c5,p07,l3,0.00
i07,e07,c5,p08,l2,0.00
i07,e07,c5,p08,l3,0.00
i07,e07,c5,p09,l3,0.00
i07,e07,c5,p10,l2,0.00
i07,e07,c5,p10,l3,0.00
i07,e07,c5,p11,l2,0.00
i07,e07,c5,p11,l3,0.00
i07,e07,c5,p12,l3,0.00
i07,e07,c5,p13,l2,0.00
i07,e07,c5,p13,l3,0.00
i07,e07,c5,p14,l3,0.00
i07,e07,c5,p15,l2,0.00
i07,e07,c5,p15,l3,0.00
i07,e07,c5,p16,l3,0.00
i07,e07,c5,p17,l3,0.00
i07,e07,c5,p18,l3,0.00
i07,e07,c5,p19,l3,0.00
i07,e07,c5,p20,l3,0.00
i07,e07,c5,p21,l2,0.00
i07,e07,c5,p21,l3,0.00
i07,e07,c5,p22,l3,0.00
i07,e07,c5,p23,l3,0.00
i07,e07,c5,p24,l3,0.00
i07,e07,c5,p25,l3,0.00
i07,e07,c5,p26,l3,0.00
i07,e07,c5,p28,l2,0.00
i07,e07,c5,p28,l3,0.00
i07,e07,c5,p29,l3,0.00
i07,e07,c5,p31,l3,0.00
i07,e07,c5,p32,l3,0.00
i07,e07,c5,p35,l3,0.00
i07,e08,c3,p01,l2,0.00
i07,e08,c3,p01,l3,0.00
i07,e08,c3,p02,l2,0.00
i07,e08,c3,p02,l3,0.00
i07,e08,c3,p03,l3,0.00
i07,e08,c3,p05,l3,0.00
i07,e08,c3,p06,l2,0.00
i07,e08,c3,p06,l3,0.00
i07,e08,c3,p07,l2,0.00
i07,e08,c3,p07,l3,0.00
i07,e08,c3,p09,l3,0.00
i07,e08,c3,p10,l2,0.00
i07,e08,c3,p10,l3,0.00
i07,e08,c3,p11,l2,0.00
i07,e08,c3,p11,l3,0.00
i07,e08,c3,p12,l2,0.00
i07,e08,c3,p12,l3,0.00
i07,e08,c3,p13,l2,0.00
i07,e08,c3,p13,l3,0.00
i07,e08,c3,p14,l3,0.00
i07,e08,c3,p15,l3,0.00
i07,e08,c3,p16,l2,0.00
i07,e08,c3,p16,l3,0.00
i07,e08,c3,p17,l2,0.00
i07,e08,c3,p17,l3,0.00
i07,e08,c3,p18,l2,0.00
i07,e08,c3,p18,l3,0.00
i07,e08,c3,p19,l2,0.00
i07,e08,c3,p19,l3,0.00
i07,e08,c3,p21,l2,0.00
i07,e08,c3,p21,l3,0.00
i07,e08,c3,p22,l3,0.00
i07,e08,c3,p24,l2,0.00
i07,e08,c3,p24,l3,0.00
i07,e08,c3,p25,l3,0.00
i07,e08,c3,p28,l3,0.00
i07,e08,c3,p35,l2,0.00
i07,e08,c3,p35,l3,0.00
i07,e08,c5,p01,l2,0.00
i07,e08,c5,p01,l3,7.36
i07,e08,c5,p02,l2,0.00
i07,e08,c5,p02,l3,1.98
i07,e08,c5,p03,l2,0.00
i07,e08,c5,p03,l3,15.73
i07,e08,c5,p04,l2,0.00
i07,e08,c5,p04,l3,0.00
i07,e08,c5,p05,l2,0.00
i07,e08,c5,p05,l3,9.24
i07,e08,c5,p06,l2,0.00
i07,e08,c5,p06,l3,0.00
i07,e08,c5,p07,l2,0.00
i07,e08,c5,p07,l3,92.00
i07,e08,c5,p08,l2,0.00
i07,e08,c5,p08,l3,0.00
i07,e08,c5,p09,l2,0.00
i07,e08,c5,p09,l3,64.03
i07,e08,c5,p10,l2,0.00
i07,e08,c5,p10,l3,21.41
i07,e08,c5,p11,l2,0.00
i07,e08,c5,p11,l3,29.15
i07,e08,c5,p12,l2,0.00
i07,e08,c5,p12,l3,50.21
i07,e08,c5,p13,l2,0.00
i07,e08,c5,p13,l3,0.00
i07,e08,c5,p14,l2,0.00
i07,e08,c5,p14,l3,0.00
i07,e08,c5,p15,l2,0.00
i07,e08,c5,p15,l3,1.84
i07,e08,c5,p16,l2,0.00
i07,e08,c5,p16,l3,23.78
i07,e08,c5,p17,l2,0.00
i07,e08,c5,p17,l3,1.09
i07,e08,c5,p18,l2,0.00
i07,e08,c5,p18,l3,2.29
i07,e08,c5,p19,l2,0.00
i07,e08,c5,p19,l3,71.21
i07,e08,c5,p20,l2,0.00
i07,e08,c5,p20,l3,0.00
i07,e08,c5,p21,l2,0.00
i07,e08,c5,p21,l3,11.44
i07,e08,c5,p22,l2,0.00
i07,e08,c5,p22,l3,0.00
i07,e08,c5,p23,l2,0.00
i07,e08,c5,p23,l3,0.00
i07,e08,c5,p24,l2,0.00
i07,e08,c5,p24,l3,0.00
i07,e08,c5,p25,l2,0.00
i07,e08,c5,p25,l3,37.60
i07,e08,c5,p26,l2,0.00
i07,e08,c5,p26,l3,2.42
i07,e08,c5,p28,l2,0.00
i07,e08,c5,p28,l3,21.03
i07,e08,c5,p29,l2,0.00
i07,e08,c5,p29,l3,3.65
i07,e08,c5,p30,l3,0.00
i07,e08,c5,p31,l2,0.00
i07,e08,c5,p31,l3,0.00
i07,e08,c5,p32,l2,0.00
i07,e08,c5,p32,l3,1.89
i07,e08,c5,p33,l2,0.00
i07,e08,c5,p33,l3,0.00
i07,e08,c5,p35,l2,0.00
i07,e08,c5,p35,l3,5.96
i07,e09,c3,p01,l3,0.00
i07,e09,c3,p03,l3,0.00
i07,e09,c3,p05,l3,0.00
i07,e09,c3,p07,l3,0.00
i07,e09,c3,p09,l3,0.00
i07,e09,c3,p10,l3,0.00
i07,e09,c3,p11,l3,0.00
i07,e09,c3,p12,l2,0.00
i07,e09,c3,p12,l3,0.00
i07,e09,c3,p13,l3,0.00
i07,e09,c3,p14,l3,0.00
i07,e09,c3,p15,l2,0.00
i07,e09,c3,p17,l3,0.00
i07,e09,c3,p19,l2,0.00
i07,e09,c3,p19,l3,0.00
i07,e09,c3,p21,l3,0.00
i07,e09,c3,p24,l3,0.00
i07,e09,c3,p25,l3,0.00
i07,e09,c3,p35,l3,0.00
i07,e09,c5,p01,l2,0.00
i07,e09,c5,p01,l3,1.65
i07,e09,c5,p02,l2,0.00
i07,e09,c5,p02,l3,0.00
i07,e09,c5,p03,l2,0.00
i07,e09,c5,p03,l3,0.00
i07,e09,c5,p04,l2,0.00
i07,e09,c5,p04,l3,0.00
i07,e09,c5,p05,l2,0.00
i07,e09,c5,p05,l3,0.00
i07,e09,c5,p06,l2,0.00
i07,e09,c5,p06,l3,0.00
i07,e09,c5,p07,l2,0.00
i07,e09,c5,p07,l3,0.00
i07,e09,c5,p08,l2,0.00
i07,e09,c5,p08,l3,0.00
i07,e09,c5,p09,l2,0.00
i07,e09,c5,p09,l3,0.00
i07,e09,c5,p10,l2,0.00
i07,e09,c5,p10,l3,3.01
i07,e09,c5,p11,l2,0.00
i07,e09,c5,p11,l3,2.52
i07,e09,c5,p12,l2,0.00
i07,e09,c5,p12,l3,1.41
i07,e09,c5,p13,l2,0.00
i07,e09,c5,p13,l3,0.00
i07,e09,c5,p14,l2,0.00
i07,e09,c5,p14,l3,0.00
i07,e09,c5,p15,l2,0.00
i07,e09,c5,p15,l3,1.53
i07,e09,c5,p16,l2,0.00
i07,e09,c5,p16,l3,1.73
i07,e09,c5,p17,l2,0.00
i07,e09,c5,p17,l3,0.00
i07,e09,c5,p18,l2,0.00
i07,e09,c5,p18,l3,0.00
i07,e09,c5,p19,l2,0.00
i07,e09,c5,p19,l3,3.55
i07,e09,c5,p20,l2,0.00
i07,e09,c5,p20,l3,2.05
i07,e09,c5,p21,l2,0.00
i07,e09,c5,p21,l3,0.00
i07,e09,c5,p22,l2,0.00
i07,e09,c5,p22,l3,0.00
i07,e09,c5,p23,l2,0.00
i07,e09,c5,p23,l3,0.00
i07,e09,c5,p24,l2,0.00
i07,e09,c5,p24,l3,4.63
i07,e09,c5,p25,l2,0.00
i07,e09,c5,p25,l3,0.00
i07,e09,c5,p26,l2,0.00
i07,e09,c5,p26,l3,0.00
i07,e09,c5,p28,l2,0.00
i07,e09,c5,p28,l3,0.00
i07,e09,c5,p29,l2,0.00
i07,e09,c5,p29,l3,0.00
i07,e09,c5,p30,l3,0.00
i07,e09,c5,p31,l2,0.00
i07,e09,c5,p31,l3,0.00
i07,e09,c5,p32,l2,0.00
i07,e09,c5,p32,l3,0.00
i07,e09,c5,p33,l3,0.00
i07,e09,c5,p35,l2,0.00
i07,e09,c5,p35,l3,0.00
i07,e10,c3,p01,l3,0.00
i07,e10,c3,p06,l3,0.00
i07,e10,c3,p10,l3,0.00
i07,e10,c3,p11,l3,0.00
i07,e10,c3,p12,l3,0.00
i07,e10,c3,p19,l3,0.00
i07,e10,c5,p01,l3,0.00
i07,e10,c5,p02,l3,0.00
i07,e10,c5,p03,l3,0.00
i07,e10,c5,p04,l3,0.00
i07,e10,c5,p05,l3,0.00
i07,e10,c5,p06,l3,0.00
i07,e10,c5,p07,l3,0.00
i07,e10,c5,p08,l3,0.00
i07,e10,c5,p09,l3,0.00
i07,e10,c5,p10,l3,0.00
i07,e10,c5,p11,l3,0.00
i07,e10,c5,p12,l3,0.00
i07,e10,c5,p13,l3,0.00
i07,e10,c5,p14,l3,0.00
i07,e10,c5,p15,l3,0.00
i07,e10,c5,p16,l3,0.00
i07,e10,c5,p17,l3,0.00
i07,e10,c5,p18,l3,0.00
i07,e10,c5,p19,l3,0.00
i07,e10,c5,p20,l3,0.00
i07,e10,c5,p21,l3,0.00
i07,e10,c5,p22,l3,0.00
i07,e10,c5,p23,l3,0.00
i07,e10,c5,p24,l3,0.00
i07,e10,c5,p25,l3,0.00
i07,e10,c5,p26,l3,0.00
i07,e10,c5,p28,l3,0.00
i07,e10,c5,p29,l3,0.00
i07,e10,c5,p31,l3,0.00
i07,e10,c5,p32,l3,0.00
i07,e10,c5,p35,l3,0.00
i07,e11,c3,p05,l3,0.00
i07,e11,c3,p07,l2,0.00
i07,e11,c3,p10,l3,0.00
i07,e11,c3,p11,l2,0.00
i07,e11,c3,p11,l3,0.00
i07,e11,c3,p14,l3,0.00
i07,e11,c3,p15,l3,0.00
i07,e11,c3,p19,l3,0.00
i07,e11,c3,p21,l3,0.00
i07,e11,c3,p24,l3,0.00
i07,e11,c3,p28,l3,0.00
i07,e11,c3,p35,l2,0.00
i07,e11,c3,p35,l3,0.00
i07,e11,c5,p01,l2,0.00
i07,e11,c5,p01,l3,1.32
i07,e11,c5,p02,l2,0.00
i07,e11,c5,p02,l3,0.00
i07,e11,c5,p03,l2,0.00
i07,e11,c5,p03,l3,0.00
i07,e11,c5,p04,l2,0.00
i07,e11,c5,p04,l3,1.40
i07,e11,c5,p05,l2,0.00
i07,e11,c5,p05,l3,0.00
i07,e11,c5,p06,l2,0.00
i07,e11,c5,p06,l3,0.00
i07,e11,c5,p07,l2,0.00
i07,e11,c5,p07,l3,1.33
i07,e11,c5,p08,l2,0.00
i07,e11,c5,p08,l3,0.00
i07,e11,c5,p09,l2,0.00
i07,e11,c5,p09,l3,7.57
i07,e11,c5,p10,l2,0.00
i07,e11,c5,p10,l3,0.00
i07,e11,c5,p11,l2,0.00
i07,e11,c5,p11,l3,1.10
i07,e11,c5,p12,l2,0.00
i07,e11,c5,p12,l3,0.00
i07,e11,c5,p13,l2,0.00
i07,e11,c5,p13,l3,0.00
i07,e11,c5,p14,l2,0.00
i07,e11,c5,p14,l3,0.00
i07,e11,c5,p15,l2,0.00
i07,e11,c5,p15,l3,0.00
i07,e11,c5,p16,l2,0.00
i07,e11,c5,p16,l3,0.00
i07,e11,c5,p17,l2,0.00
i07,e11,c5,p17,l3,4.19
i07,e11,c5,p18,l2,0.00
i07,e11,c5,p18,l3,0.00
i07,e11,c5,p19,l2,0.00
i07,e11,c5,p19,l3,0.00
i07,e11,c5,p20,l2,0.00
i07,e11,c5,p20,l3,0.00
i07,e11,c5,p21,l2,0.00
i07,e11,c5,p21,l3,0.00
i07,e11,c5,p22,l2,0.00
i07,e11,c5,p22,l3,0.00
i07,e11,c5,p23,l2,0.00
i07,e11,c5,p23,l3,0.00
i07,e11,c5,p24,l2,0.00
i07,e11,c5,p24,l3,2.61
i07,e11,c5,p25,l2,0.00
i07,e11,c5,p25,l3,0.00
i07,e11,c5,p26,l3,0.00
i07,e11,c5,p28,l2,0.00
i07,e11,c5,p28,l3,0.00
i07,e11,c5,p29,l2,0.00
i07,e11,c5,p29,l3,12.68
i07,e11,c5,p30,l3,0.00
i07,e11,c5,p31,l2,0.00
i07,e11,c5,p31,l3,0.00
i07,e11,c5,p32,l2,0.00
i07,e11,c5,p32,l3,0.00
i07,e11,c5,p35,l2,0.00
i07,e11,c5,p35,l3,1.23
i07,e12,c3,p01,l3,0.00
i07,e12,c3,p02,l3,0.00
i07,e12,c3,p03,l3,0.00
i07,e12,c3,p04,l3,0.00
i07,e12,c3,p05,l3,0.00
i07,e12,c3,p06,l3,0.00
i07,e12,c3,p07,l3,0.00
i07,e12,c3,p09,l3,0.00
i07,e12,c3,p10,l3,0.00
i07,e12,c3,p11,l3,0.00
i07,e12,c3,p12,l3,0.00
i07,e12,c3,p13,l3,0.00
i07,e12,c3,p14,l3,0.00
i07,e12,c3,p15,l3,0.00
i07,e12,c3,p16,l3,0.00
i07,e12,c3,p17,l3,0.00
i07,e12,c3,p18,l3,0.00
i07,e12,c3,p19,l3,0.00
i07,e12,c3,p21,l3,0.00
i07,e12,c3,p24,l3,0.00
i07,e12,c3,p25,l3,0.00
i07,e12,c3,p28,l3,0.00
i07,e12,c3,p35,l3,0.00
i07,e12,c5,p01,l3,25.44
i07,e12,c5,p02,l3,8.43
i07,e12,c5,p03,l3,35.23
i07,e12,c5,p04,l3,7.62
i07,e12,c5,p05,l3,9.19
i07,e12,c5,p06,l3,23.17
i07,e12,c5,p07,l3,28.24
i07,e12,c5,p08,l3,2.19
i07,e12,c5,p09,l3,2.23
i07,e12,c5,p10,l3,64.12
i07,e12,c5,p11,l3,29.21
i07,e12,c5,p12,l3,73.14
i07,e12,c5,p13,l3,14.36
i07,e12,c5,p14,l3,8.09
i07,e12,c5,p15,l3,46.44
i07,e12,c5,p16,l3,44.50
i07,e12,c5,p17,l3,4.01
i07,e12,c5,p18,l3,14.45
i07,e12,c5,p19,l3,44.91
i07,e12,c5,p20,l3,0.00
i07,e12,c5,p21,l3,31.16
i07,e12,c5,p22,l3,0.00
i07,e12,c5,p23,l3,0.00
i07,e12,c5,p24,l3,0.00
i07,e12,c5,p25,l3,0.00
i07,e12,c5,p26,l3,0.00
i07,e12,c5,p28,l3,36.26
i07,e12,c5,p29,l3,3.68
i07,e12,c5,p30,l3,0.00
i07,e12,c5,p31,l3,0.00
i07,e12,c5,p32,l3,0.00
i07,e12,c5,p33,l3,0.00
i07,e12,c5,p35,l3,3.13
i08,e01,c1,p01,l3,0.00
i08,e01,c1,p03,l3,0.00
i08,e01,c1,p04,l3,0.00
i08,e01,c1,p10,l3,0.00
i08,e01,c1,p12,l3,0.00
i08,e01,c1,p19,l3,0.00
i08,e01,c1,p35,l3,0.00
i08,e04,c1,p01,l3,0.00
i08,e04,c1,p03,l3,0.00
i08,e04,c1,p04,l3,0.00
i08,e04,c1,p10,l3,2.16
i08,e04,c1,p12,l3,0.00
i08,e04,c1,p21,l3,0.00
i08,e04,c1,p35,l3,0.00
i08,e07,c1,p10,l3,0.00
i08,e08,c1,p01,l3,0.00
i08,e08,c1,p03,l3,0.00
i08,e08,c1,p04,l3,0.00
i08,e08,c1,p10,l3,2.35
i08,e08,c1,p12,l3,0.00
i08,e08,c1,p35,l3,0.00
i08,e09,c1,p01,l3,0.00
i08,e09,c1,p03,l3,0.00
i08,e09,c1,p04,l3,0.00
i08,e09,c1,p10,l3,0.00
i08,e09,c1,p12,l3,0.00
i08,e09,c1,p19,l3,0.00
i08,e09,c1,p35,l3,0.00
i08,e11,c1,p01,l3,0.00
i08,e11,c1,p03,l3,0.00
i08,e11,c1,p10,l3,0.00
i08,e11,c1,p35,l3,0.00
i08,e12,c1,p10,l3,0.00
i09,e01,c3,p01,l3,0.00
i09,e01,c3,p02,l3,0.00
i09,e01,c3,p03,l3,0.00
i09,e01,c3,p05,l3,0.00
i09,e01,c3,p06,l3,0.00
i09,e01,c3,p08,l3,0.00
i09,e01,c3,p10,l3,0.00
i09,e01,c3,p11,l3,0.00
i09,e01,c3,p12,l3,0.00
i09,e01,c3,p13,l3,0.00
i09,e01,c3,p14,l3,0.00
i09,e01,c3,p15,l3,0.00
i09,e01,c3,p16,l3,0.00
i09,e01,c3,p17,l3,0.00
i09,e01,c3,p18,l3,0.00
i09,e01,c3,p19,l3,0.00
i09,e01,c3,p21,l3,0.00
i09,e01,c3,p22,l3,0.00
i09,e01,c3,p23,l3,0.00
i09,e01,c3,p24,l3,0.00
i09,e01,c3,p25,l3,0.00
i09,e01,c3,p29,l3,0.00
i09,e01,c3,p32,l3,0.00
i09,e01,c3,p35,l3,0.00
i09,e01,c5,p01,l3,0.00
i09,e01,c5,p02,l3,0.00
i09,e01,c5,p03,l3,0.00
i09,e01,c5,p04,l3,0.00
i09,e01,c5,p05,l3,0.00
i09,e01,c5,p06,l3,0.00
i09,e01,c5,p07,l3,0.00
i09,e01,c5,p08,l3,0.00
i09,e01,c5,p09,l3,0.00
i09,e01,c5,p10,l3,0.00
i09,e01,c5,p11,l3,0.00
i09,e01,c5,p12,l3,0.00
i09,e01,c5,p13,l3,0.00
i09,e01,c5,p14,l3,0.00
i09,e01,c5,p15,l3,0.00
i09,e01,c5,p16,l3,0.00
i09,e01,c5,p17,l3,0.00
i09,e01,c5,p18,l3,0.00
i09,e01,c5,p19,l3,0.00
i09,e01,c5,p20,l3,0.00
i09,e01,c5,p21,l3,0.00
i09,e01,c5,p22,l3,0.00
i09,e01,c5,p23,l3,0.00
i09,e01,c5,p24,l3,0.00
i09,e01,c5,p25,l3,0.00
i09,e01,c5,p26,l3,0.00
i09,e01,c5,p28,l3,0.00
i09,e01,c5,p29,l3,0.00
i09,e01,c5,p30,l3,0.00
i09,e01,c5,p31,l3,0.00
i09,e01,c5,p32,l3,0.00
i09,e01,c5,p35,l3,2.63
i09,e04,c3,p01,l3,0.00
i09,e04,c3,p02,l3,0.00
i09,e04,c3,p03,l3,0.00
i09,e04,c3,p05,l1,0.00
i09,e04,c3,p05,l3,0.00
i09,e04,c3,p06,l3,0.00
i09,e04,c3,p08,l1,0.00
i09,e04,c3,p08,l3,0.00
i09,e04,c3,p10,l1,0.00
i09,e04,c3,p10,l3,0.00
i09,e04,c3,p11,l3,0.00
i09,e04,c3,p12,l3,0.00
i09,e04,c3,p13,l3,0.00
i09,e04,c3,p15,l1,0.00
i09,e04,c3,p15,l3,0.00
i09,e04,c3,p16,l3,0.00
i09,e04,c3,p17,l3,0.00
i09,e04,c3,p18,l3,0.00
i09,e04,c3,p19,l3,0.00
i09,e04,c3,p20,l1,0.00
i09,e04,c3,p20,l3,0.00
i09,e04,c3,p21,l3,0.00
i09,e04,c3,p23,l3,0.00
i09,e04,c3,p24,l3,0.00
i09,e04,c3,p25,l3,0.00
i09,e04,c3,p27,l1,0.00
i09,e04,c3,p27,l3,0.00
i09,e04,c3,p28,l3,0.00
i09,e04,c3,p29,l3,0.00
i09,e04,c3,p35,l1,0.00
i09,e04,c3,p35,l3,0.00
i09,e04,c5,p01,l1,0.00
i09,e04,c5,p01,l3,0.00
i09,e04,c5,p02,l1,0.00
i09,e04,c5,p02,l3,0.00
i09,e04,c5,p03,l1,0.00
i09,e04,c5,p03,l3,0.00
i09,e04,c5,p04,l1,0.00
i09,e04,c5,p04,l3,2.22
i09,e04,c5,p05,l1,0.00
i09,e04,c5,p05,l3,0.00
i09,e04,c5,p06,l1,0.00
i09,e04,c5,p06,l3,0.00
i09,e04,c5,p07,l1,0.00
i09,e04,c5,p07,l3,0.00
i09,e04,c5,p08,l1,0.00
i09,e04,c5,p08,l3,0.00
i09,e04,c5,p09,l1,0.00
i09,e04,c5,p09,l3,0.00
i09,e04,c5,p10,l1,0.00
i09,e04,c5,p10,l3,0.00
i09,e04,c5,p11,l1,0.00
i09,e04,c5,p11,l3,0.00
i09,e04,c5,p12,l1,0.00
i09,e04,c5,p12,l3,0.00
i09,e04,c5,p13,l1,0.00
i09,e04,c5,p13,l3,0.00
i09,e04,c5,p14,l1,0.00
i09,e04,c5,p14,l3,0.00
i09,e04,c5,p15,l1,0.00
i09,e04,c5,p15,l3,0.00
i09,e04,c5,p16,l1,0.00
i09,e04,c5,p16,l3,0.00
i09,e04,c5,p17,l1,0.00
i09,e04,c5,p17,l3,0.00
i09,e04,c5,p18,l1,0.00
i09,e04,c5,p18,l3,0.00
i09,e04,c5,p19,l1,0.00
i09,e04,c5,p19,l3,0.00
i09,e04,c5,p20,l1,0.00
i09,e04,c5,p20,l3,2.30
i09,e04,c5,p21,l1,0.00
i09,e04,c5,p21,l3,0.00
i09,e04,c5,p22,l1,0.00
i09,e04,c5,p22,l3,0.00
i09,e04,c5,p23,l1,0.00
i09,e04,c5,p23,l3,0.00
i09,e04,c5,p24,l1,0.00
i09,e04,c5,p24,l3,0.00
i09,e04,c5,p25,l1,0.00
i09,e04,c5,p25,l3,0.00
i09,e04,c5,p26,l1,0.00
i09,e04,c5,p26,l3,0.00
i09,e04,c5,p28,l1,0.00
i09,e04,c5,p28,l3,0.00
i09,e04,c5,p29,l1,0.00
i09,e04,c5,p29,l3,0.00
i09,e04,c5,p30,l3,0.00
i09,e04,c5,p31,l1,0.00
i09,e04,c5,p31,l3,0.00
i09,e04,c5,p32,l1,0.00
i09,e04,c5,p32,l3,0.00
i09,e04,c5,p35,l1,0.00
i09,e04,c5,p35,l3,2.02
i09,e05,c3,p01,l3,0.00
i09,e05,c3,p03,l3,0.00
i09,e05,c3,p05,l3,0.00
i09,e05,c3,p10,l1,0.00
i09,e05,c3,p10,l3,0.00
i09,e05,c3,p13,l3,0.00
i09,e05,c3,p17,l3,0.00
i09,e05,c3,p23,l3,0.00
i09,e05,c3,p24,l3,0.00
i09,e05,c3,p35,l1,0.00
i09,e05,c3,p35,l3,0.00
i09,e05,c5,p01,l1,0.00
i09,e05,c5,p01,l3,0.00
i09,e05,c5,p02,l3,0.00
i09,e05,c5,p03,l1,0.00
i09,e05,c5,p03,l3,0.00
i09,e05,c5,p04,l3,0.00
i09,e05,c5,p05,l1,0.00
i09,e05,c5,p05,l3,0.00
i09,e05,c5,p06,l1,0.00
i09,e05,c5,p06,l3,0.00
i09,e05,c5,p07,l3,0.00
i09,e05,c5,p08,l3,0.00
i09,e05,c5,p09,l3,0.00
i09,e05,c5,p10,l1,0.00
i09,e05,c5,p10,l3,0.00
i09,e05,c5,p11,l3,0.00
i09,e05,c5,p12,l1,0.00
i09,e05,c5,p12,l3,0.00
i09,e05,c5,p13,l1,0.00
i09,e05,c5,p13,l3,0.00
i09,e05,c5,p14,l1,0.00
i09,e05,c5,p14,l3,0.00
i09,e05,c5,p15,l1,0.00
i09,e05,c5,p15,l3,0.00
i09,e05,c5,p16,l1,0.00
i09,e05,c5,p16,l3,0.00
i09,e05,c5,p17,l1,0.00
i09,e05,c5,p17,l3,0.00
i09,e05,c5,p18,l1,0.00
i09,e05,c5,p18,l3,0.00
i09,e05,c5,p19,l1,0.00
i09,e05,c5,p19,l3,0.00
i09,e05,c5,p20,l3,0.00
i09,e05,c5,p21,l3,0.00
i09,e05,c5,p22,l3,0.00
i09,e05,c5,p23,l1,0.00
i09,e05,c5,p23,l3,0.00
i09,e05,c5,p24,l1,0.00
i09,e05,c5,p24,l3,0.00
i09,e05,c5,p25,l3,0.00
i09,e05,c5,p28,l1,0.00
i09,e05,c5,p28,l3,0.00
i09,e05,c5,p29,l3,0.00
i09,e05,c5,p32,l3,0.00
i09,e05,c5,p35,l1,0.00
i09,e05,c5,p35,l3,0.00
i09,e09,c3,p01,l3,0.00
i09,e09,c3,p02,l3,0.00
i09,e09,c3,p03,l2,0.00
i09,e09,c3,p03,l3,0.00
i09,e09,c3,p05,l2,0.00
i09,e09,c3,p05,l3,0.00
i09,e09,c3,p06,l3,0.00
i09,e09,c3,p10,l2,0.00
i09,e09,c3,p10,l3,0.00
i09,e09,c3,p11,l3,0.00
i09,e09,c3,p12,l3,0.00
i09,e09,c3,p13,l3,0.00
i09,e09,c3,p15,l2,0.00
i09,e09,c3,p15,l3,0.00
i09,e09,c3,p16,l3,0.00
i09,e09,c3,p17,l3,0.00
i09,e09,c3,p18,l3,0.00
i09,e09,c3,p19,l3,0.00
i09,e09,c3,p21,l2,0.00
i09,e09,c3,p21,l3,0.00
i09,e09,c3,p22,l3,0.00
i09,e09,c3,p23,l3,1.18
i09,e09,c3,p24,l3,0.00
i09,e09,c3,p25,l3,0.00
i09,e09,c3,p27,l3,0.00
i09,e09,c3,p29,l3,0.00
i09,e09,c3,p32,l3,0.00
i09,e09,c3,p35,l2,0.00
i09,e09,c3,p35,l3,0.00
i09,e09,c5,p01,l2,0.00
i09,e09,c5,p01,l3,0.00
i09,e09,c5,p02,l2,0.00
i09,e09,c5,p02,l3,0.00
i09,e09,c5,p03,l2,0.00
i09,e09,c5,p03,l3,0.00
i09,e09,c5,p04,l2,0.00
i09,e09,c5,p04,l3,0.00
i09,e09,c5,p05,l2,0.00
i09,e09,c5,p05,l3,0.00
i09,e09,c5,p06,l2,0.00
i09,e09,c5,p06,l3,0.00
i09,e09,c5,p07,l2,0.00
i09,e09,c5,p07,l3,0.00
i09,e09,c5,p08,l2,0.00
i09,e09,c5,p08,l3,0.00
i09,e09,c5,p09,l2,0.00
i09,e09,c5,p09,l3,0.00
i09,e09,c5,p10,l2,0.00
i09,e09,c5,p10,l3,0.00
i09,e09,c5,p11,l2,0.00
i09,e09,c5,p11,l3,0.00
i09,e09,c5,p12,l2,0.00
i09,e09,c5,p12,l3,0.00
i09,e09,c5,p13,l2,0.00
i09,e09,c5,p13,l3,0.00
i09,e09,c5,p14,l2,0.00
i09,e09,c5,p14,l3,0.00
i09,e09,c5,p15,l2,0.00
i09,e09,c5,p15,l3,0.00
i09,e09,c5,p16,l2,0.00
i09,e09,c5,p16,l3,0.00
i09,e09,c5,p17,l2,0.00
i09,e09,c5,p17,l3,0.00
i09,e09,c5,p18,l2,0.00
i09,e09,c5,p18,l3,0.00
i09,e09,c5,p19,l2,0.00
i09,e09,c5,p19,l3,0.00
i09,e09,c5,p20,l2,0.00
i09,e09,c5,p20,l3,0.00
i09,e09,c5,p21,l2,0.00
i09,e09,c5,p21,l3,0.00
i09,e09,c5,p22,l2,0.00
i09,e09,c5,p22,l3,0.00
i09,e09,c5,p23,l2,0.00
i09,e09,c5,p23,l3,0.00
i09,e09,c5,p24,l2,0.00
i09,e09,c5,p24,l3,0.00
i09,e09,c5,p25,l2,0.00
i09,e09,c5,p25,l3,0.00
i09,e09,c5,p26,l2,0.00
i09,e09,c5,p26,l3,0.00
i09,e09,c5,p28,l2,0.00
i09,e09,c5,p28,l3,0.00
i09,e09,c5,p29,l2,0.00
i09,e09,c5,p29,l3,0.00
i09,e09,c5,p30,l3,0.00
i09,e09,c5,p31,l3,0.00
i09,e09,c5,p32,l2,0.00
i09,e09,c5,p32,l3,0.00
i09,e09,c5,p35,l2,0.00
i09,e09,c5,p35,l3,2.45
i10,e02,c3,p01,l1,0.00
i10,e02,c3,p01,l3,0.00
i10,e02,c3,p02,l1,0.00
i10,e02,c3,p02,l3,0.00
i10,e02,c3,p03,l1,0.00
i10,e02,c3,p03,l3,0.00
i10,e02,c3,p04,l1,0.00
i10,e02,c3,p04,l3,0.00
i10,e02,c3,p05,l1,0.00
i10,e02,c3,p05,l3,0.00
i10,e02,c3,p06,l3,0.00
i10,e02,c3,p07,l1,0.00
i10,e02,c3,p07,l3,0.00
i10,e02,c3,p08,l1,0.00
i10,e02,c3,p08,l3,0.00
i10,e02,c3,p09,l1,0.00
i10,e02,c3,p09,l3,0.00
i10,e02,c3,p10,l1,0.00
i10,e02,c3,p10,l3,0.00
i10,e02,c3,p11,l1,0.00
i10,e02,c3,p11,l3,0.00
i10,e02,c3,p12,l1,0.00
i10,e02,c3,p12,l3,0.00
i10,e02,c3,p13,l1,0.00
i10,e02,c3,p13,l3,0.00
i10,e02,c3,p14,l1,0.00
i10,e02,c3,p14,l3,0.00
i10,e02,c3,p15,l1,0.00
i10,e02,c3,p15,l3,0.00
i10,e02,c3,p16,l1,0.00
i10,e02,c3,p16,l3,0.00
i10,e02,c3,p17,l1,0.00
i10,e02,c3,p17,l3,0.00
i10,e02,c3,p18,l1,0.00
i10,e02,c3,p18,l3,0.00
i10,e02,c3,p19,l1,0.00
i10,e02,c3,p19,l3,0.00
i10,e02,c3,p20,l3,0.00
i10,e02,c3,p21,l1,0.00
i10,e02,c3,p21,l3,0.00
i10,e02,c3,p22,l1,0.00
i10,e02,c3,p22,l3,0.00
i10,e02,c3,p23,l1,0.00
i10,e02,c3,p23,l3,0.00
i10,e02,c3,p24,l1,0.00
i10,e02,c3,p24,l3,0.00
i10,e02,c3,p25,l1,0.00
i10,e02,c3,p25,l3,0.00
i10,e02,c3,p26,l1,0.00
i10,e02,c3,p26,l3,0.00
i10,e02,c3,p28,l1,0.00
i10,e02,c3,p28,l3,0.00
i10,e02,c3,p29,l1,0.00
i10,e02,c3,p29,l3,0.00
i10,e02,c3,p30,l3,0.00
i10,e02,c3,p31,l3,0.00
i10,e02,c3,p32,l3,0.00
i10,e02,c3,p35,l1,0.00
i10,e02,c3,p35,l3,0.00
i10,e05,c3,p01,l1,0.00
i10,e05,c3,p01,l3,0.00
i10,e05,c3,p02,l1,0.00
i10,e05,c3,p02,l3,0.00
i10,e05,c3,p03,l1,0.00
i10,e05,c3,p03,l3,0.00
i10,e05,c3,p04,l1,0.00
i10,e05,c3,p04,l3,0.00
i10,e05,c3,p05,l1,0.00
i10,e05,c3,p05,l3,0.00
i10,e05,c3,p06,l1,0.00
i10,e05,c3,p06,l3,0.00
i10,e05,c3,p07,l1,0.00
i10,e05,c3,p07,l3,0.00
i10,e05,c3,p08,l1,0.00
i10,e05,c3,p08,l3,0.00
i10,e05,c3,p09,l1,0.00
i10,e05,c3,p09,l3,0.00
i10,e05,c3,p10,l1,0.00
i10,e05,c3,p10,l3,0.00
i10,e05,c3,p11,l1,0.00
i10,e05,c3,p11,l3,0.00
i10,e05,c3,p12,l1,0.00
i10,e05,c3,p12,l3,0.00
i10,e05,c3,p13,l1,0.00
i10,e05,c3,p13,l3,0.00
i10,e05,c3,p14,l1,0.00
i10,e05,c3,p14,l3,0.00
i10,e05,c3,p15,l1,0.00
i10,e05,c3,p15,l3,0.00
i10,e05,c3,p16,l1,0.00
i10,e05,c3,p16,l3,0.00
i10,e05,c3,p17,l1,0.00
i10,e05,c3,p17,l3,0.00
i10,e05,c3,p18,l1,0.00
i10,e05,c3,p18,l3,0.00
i10,e05,c3,p19,l1,0.00
i10,e05,c3,p19,l3,0.00
i10,e05,c3,p20,l1,0.00
i10,e05,c3,p20,l3,0.00
i10,e05,c3,p21,l1,0.00
i10,e05,c3,p21,l3,0.00
i10,e05,c3,p22,l1,0.00
i10,e05,c3,p22,l3,0.00
i10,e05,c3,p23,l1,0.00
i10,e05,c3,p23,l3,0.00
i10,e05,c3,p24,l1,0.00
i10,e05,c3,p24,l3,0.00
i10,e05,c3,p25,l1,0.00
i10,e05,c3,p25,l3,0.00
i10,e05,c3,p26,l1,0.00
i10,e05,c3,p26,l3,0.00
i10,e05,c3,p27,l3,0.00
i10,e05,c3,p28,l1,0.00
i10,e05,c3,p28,l3,0.00
i10,e05,c3,p29,l1,0.00
i10,e05,c3,p29,l3,0.00
i10,e05,c3,p30,l1,0.00
i10,e05,c3,p30,l3,0.00
i10,e05,c3,p31,l1,0.00
i10,e05,c3,p31,l3,0.00
i10,e05,c3,p32,l1,0.00
i10,e05,c3,p32,l3,0.00
i10,e05,c3,p35,l1,0.00
i10,e05,c3,p35,l3,0.00
i10,e05,c5,p01,l3,0.00
i10,e05,c5,p02,l3,0.00
i10,e05,c5,p03,l1,0.00
i10,e05,c5,p03,l3,0.00
i10,e05,c5,p05,l1,0.00
i10,e05,c5,p05,l3,0.00
i10,e05,c5,p06,l1,0.00
i10,e05,c5,p07,l3,0.00
i10,e05,c5,p08,l3,0.00
i10,e05,c5,p10,l3,0.00
i10,e05,c5,p11,l3,0.00
i10,e05,c5,p12,l1,0.00
i10,e05,c5,p13,l3,0.00
i10,e05,c5,p15,l1,0.00
i10,e05,c5,p15,l3,0.00
i10,e05,c5,p16,l3,0.00
i10,e05,c5,p19,l1,0.00
i10,e05,c5,p19,l3,0.00
i10,e05,c5,p23,l3,0.00
i10,e05,c5,p24,l3,0.00
i10,e05,c5,p28,l1,0.00
i10,e05,c5,p35,l1,0.00
i10,e05,c5,p35,l3,0.00
i10,e05,c8,p10,l3,0.00
i10,e05,c8,p35,l3,0.00
i10,e13,c3,p01,l3,0.00
i10,e13,c3,p02,l3,0.00
i10,e13,c3,p03,l3,0.00
i10,e13,c3,p04,l3,0.00
i10,e13,c3,p05,l3,0.00
i10,e13,c3,p06,l3,0.00
i10,e13,c3,p07,l3,0.00
i10,e13,c3,p08,l3,0.00
i10,e13,c3,p09,l3,0.00
i10,e13,c3,p10,l3,0.00
i10,e13,c3,p11,l3,0.00
i10,e13,c3,p12,l3,0.00
i10,e13,c3,p13,l3,0.00
i10,e13,c3,p14,l3,0.00
i10,e13,c3,p15,l3,0.00
i10,e13,c3,p16,l3,0.00
i10,e13,c3,p17,l3,0.00
i10,e13,c3,p18,l3,0.00
i10,e13,c3,p19,l3,0.00
i10,e13,c3,p20,l3,0.00
i10,e13,c3,p21,l3,0.00
i10,e13,c3,p22,l3,0.00
i10,e13,c3,p23,l3,0.00
i10,e13,c3,p24,l3,0.00
i10,e13,c3,p25,l3,0.00
i10,e13,c3,p26,l3,0.00
i10,e13,c3,p27,l3,0.00
i10,e13,c3,p28,l3,0.00
i10,e13,c3,p29,l3,1.14
i10,e13,c3,p30,l3,0.00
i10,e13,c3,p31,l3,0.00
i10,e13,c3,p32,l3,0.00
i10,e13,c3,p35,l3,0.00
i10,e13,c5,p15,l3,0.00
i10,e13,c5,p19,l3,0.00
i10,e13,c5,p35,l3,0.00
i100,e01,c3,p10,l3,0.00
i100,e01,c5,p01,l3,0.00
i100,e01,c5,p10,l3,0.00
i100,e01,c5,p35,l3,0.00
i100,e02,c5,p35,l3,0.00
i100,e04,c5,p10,l3,0.00
i100,e04,c5,p35,l3,0.00
i100,e05,c5,p10,l3,0.00
i100,e05,c5,p35,l3,0.00
i100,e08,c5,p10,l3,0.00
i100,e08,c5,p35,l3,0.00
i100,e09,c3,p10,l3,0.00
i100,e09,c5,p10,l3,0.00
i100,e09,c5,p35,l3,0.00
i100,e11,c3,p10,l3,0.00
i100,e11,c5,p10,l3,0.00
i100,e11,c5,p35,l3,0.00
i100,e13,c3,p10,l3,0.00
i100,e13,c5,p01,l3,0.00
i100,e13,c5,p10,l3,0.00
i100,e13,c5,p35,l3,0.00
i101,e01,c1,p01,l3,0.00
i101,e01,c1,p02,l3,0.00
i101,e01,c1,p03,l3,0.00
i101,e01,c1,p04,l3,0.00
i101,e01,c1,p08,l3,0.00
i101,e01,c1,p10,l3,0.00
i101,e01,c1,p11,l3,0.00
i101,e01,c1,p12,l3,0.00
i101,e01,c1,p13,l3,0.00
i101,e01,c1,p17,l3,0.00
i101,e01,c1,p19,l3,0.00
i101,e01,c1,p21,l3,0.00
i101,e01,c1,p24,l3,0.00
i101,e01,c1,p32,l3,0.00
i101,e01,c1,p35,l3,0.00
i101,e04,c1,p01,l3,0.00
i101,e04,c1,p03,l3,0.00
i101,e04,c1,p04,l1,0.00
i101,e04,c1,p04,l3,0.00
i101,e04,c1,p10,l1,0.00
i101,e04,c1,p10,l3,0.00
i101,e04,c1,p11,l3,0.00
i101,e04,c1,p12,l3,0.00
i101,e04,c1,p17,l3,0.00
i101,e04,c1,p19,l3,0.00
i101,e04,c1,p21,l3,0.00
i101,e04,c1,p25,l3,0.00
i101,e04,c1,p32,l3,0.00
i101,e04,c1,p35,l1,0.00
i101,e04,c1,p35,l3,0.00
i101,e05,c1,p10,l3,0.00
i101,e05,c1,p35,l3,0.00
i101,e07,c1,p10,l2,0.00
i101,e07,c1,p10,l3,0.00
i101,e07,c1,p35,l3,0.00
i101,e08,c1,p03,l3,0.00
i101,e08,c1,p04,l3,0.00
i101,e08,c1,p06,l3,0.00
i101,e08,c1,p10,l2,0.00
i101,e08,c1,p10,l3,0.00
i101,e08,c1,p11,l3,0.00
i101,e08,c1,p12,l3,0.00
i101,e08,c1,p17,l3,0.00
i101,e08,c1,p19,l2,0.00
i101,e08,c1,p19,l3,0.00
i101,e08,c1,p21,l3,0.00
i101,e08,c1,p24,l2,0.00
i101,e08,c1,p24,l3,0.00
i101,e08,c1,p25,l3,0.00
i101,e08,c1,p32,l3,0.00
i101,e08,c1,p35,l2,0.00
i101,e08,c1,p35,l3,0.00
i101,e09,c1,p01,l3,0.00
i101,e09,c1,p03,l3,0.00
i101,e09,c1,p04,l2,0.00
i101,e09,c1,p04,l3,0.00
i101,e09,c1,p08,l3,0.00
i101,e09,c1,p10,l2,0.00
i101,e09,c1,p10,l3,0.00
i101,e09,c1,p11,l2,0.00
i101,e09,c1,p11,l3,0.00
i101,e09,c1,p12,l3,0.00
i101,e09,c1,p14,l3,0.00
i101,e09,c1,p15,l3,0.00
i101,e09,c1,p17,l3,0.00
i101,e09,c1,p19,l3,0.00
i101,e09,c1,p21,l3,0.00
i101,e09,c1,p24,l2,0.00
i101,e09,c1,p24,l3,0.00
i101,e09,c1,p32,l3,0.00
i101,e09,c1,p35,l2,0.00
i101,e09,c1,p35,l3,0.00
i101,e12,c1,p01,l3,0.00
i101,e12,c1,p02,l3,0.00
i101,e12,c1,p03,l3,0.00
i101,e12,c1,p04,l3,0.00
i101,e12,c1,p05,l3,0.00
i101,e12,c1,p07,l3,0.00
i101,e12,c1,p10,l3,0.00
i101,e12,c1,p11,l3,0.00
i101,e12,c1,p12,l3,0.00
i101,e12,c1,p15,l3,0.00
i101,e12,c1,p16,l3,0.00
i101,e12,c1,p17,l3,0.00
i101,e12,c1,p18,l3,0.00
i101,e12,c1,p19,l3,0.00
i101,e12,c1,p21,l3,0.00
i101,e12,c1,p24,l3,0.00
i101,e12,c1,p32,l3,0.00
i101,e12,c1,p35,l3,0.00
i102,e01,c3,p18,l3,0.00
i102,e01,c5,p10,l3,0.00
i102,e01,c5,p18,l3,0.00
i102,e01,c5,p19,l3,0.00
i102,e01,c5,p35,l3,0.00
i102,e04,c3,p18,l3,0.00
i102,e04,c5,p18,l1,0.00
i102,e04,c5,p18,l3,0.00
i102,e04,c5,p19,l3,0.00
i102,e04,c5,p35,l3,0.00
i102,e05,c5,p18,l3,0.00
i102,e08,c3,p18,l3,0.00
i102,e08,c5,p10,l3,0.00
i102,e08,c5,p17,l3,0.00
i102,e08,c5,p18,l2,0.00
i102,e08,c5,p18,l3,0.00
i102,e08,c5,p19,l3,0.00
i102,e08,c5,p23,l3,0.00
i102,e08,c5,p35,l2,0.00
i102,e08,c5,p35,l3,0.00
i102,e09,c5,p18,l2,0.00
i102,e09,c5,p18,l3,0.00
i102,e09,c5,p19,l3,0.00
i102,e09,c5,p35,l3,0.00
i102,e11,c5,p18,l3,0.00
i103,e02,c5,p01,l3,0.00
i103,e02,c5,p04,l3,0.00
i103,e02,c5,p06,l3,0.00
i103,e02,c5,p10,l3,0.00
i103,e02,c5,p11,l3,0.00
i103,e02,c5,p13,l3,0.00
i103,e02,c5,p16,l3,0.00
i103,e02,c5,p19,l3,0.00
i103,e02,c5,p24,l3,0.00
i103,e02,c5,p35,l1,0.00
i103,e02,c5,p35,l3,0.00
i103,e05,c3,p19,l3,0.00
i103,e05,c3,p31,l3,0.00
i103,e05,c5,p01,l1,0.00
i103,e05,c5,p01,l3,0.00
i103,e05,c5,p02,l3,0.00
i103,e05,c5,p03,l3,0.00
i103,e05,c5,p04,l1,0.00
i103,e05,c5,p04,l3,0.00
i103,e05,c5,p05,l1,0.00
i103,e05,c5,p05,l3,0.00
i103,e05,c5,p06,l1,0.00
i103,e05,c5,p06,l3,0.00
i103,e05,c5,p07,l3,0.00
i103,e05,c5,p08,l3,0.00
i103,e05,c5,p09,l1,0.00
i103,e05,c5,p09,l3,0.00
i103,e05,c5,p10,l1,0.00
i103,e05,c5,p10,l3,0.00
i103,e05,c5,p11,l1,0.00
i103,e05,c5,p11,l3,0.00
i103,e05,c5,p12,l1,0.00
i103,e05,c5,p12,l3,0.00
i103,e05,c5,p13,l1,0.00
i103,e05,c5,p13,l3,0.00
i103,e05,c5,p14,l3,0.00
i103,e05,c5,p15,l1,0.00
i103,e05,c5,p15,l3,0.00
i103,e05,c5,p16,l1,0.00
i103,e05,c5,p16,l3,0.00
i103,e05,c5,p17,l1,0.00
i103,e05,c5,p17,l3,0.00
i103,e05,c5,p18,l1,0.00
i103,e05,c5,p18,l3,0.00
i103,e05,c5,p19,l1,0.00
i103,e05,c5,p19,l3,0.00
i103,e05,c5,p20,l3,0.00
i103,e05,c5,p21,l3,0.00
i103,e05,c5,p22,l3,0.00
i103,e05,c5,p23,l3,0.00
i103,e05,c5,p24,l3,0.00
i103,e05,c5,p25,l3,0.00
i103,e05,c5,p26,l3,0.00
i103,e05,c5,p28,l3,0.00
i103,e05,c5,p29,l1,0.00
i103,e05,c5,p29,l3,0.00
i103,e05,c5,p30,l3,0.00
i103,e05,c5,p32,l3,0.00
i103,e05,c5,p35,l1,0.00
i103,e05,c5,p35,l3,0.00
i104,e02,c5,p01,l3,0.00
i104,e02,c5,p03,l3,0.00
i104,e02,c5,p04,l3,0.00
i104,e02,c5,p05,l3,0.00
i104,e02,c5,p06,l3,0.00
i104,e02,c5,p08,l3,0.00
i104,e02,c5,p09,l3,0.00
i104,e02,c5,p10,l3,0.00
i104,e02,c5,p11,l3,0.00
i104,e02,c5,p12,l3,0.00
i104,e02,c5,p13,l3,0.00
i104,e02,c5,p14,l3,0.00
i104,e02,c5,p15,l3,0.00
i104,e02,c5,p17,l3,0.00
i104,e02,c5,p19,l3,0.00
i104,e02,c5,p21,l3,0.00
i104,e02,c5,p23,l3,0.00
i104,e02,c5,p24,l3,0.00
i104,e02,c5,p25,l3,0.00
i104,e02,c5,p35,l3,0.00
i104,e05,c5,p01,l3,0.00
i104,e05,c5,p02,l3,0.00
i104,e05,c5,p03,l3,0.00
i104,e05,c5,p04,l3,0.00
i104,e05,c5,p05,l3,0.00
i104,e05,c5,p07,l3,0.00
i104,e05,c5,p08,l3,0.00
i104,e05,c5,p09,l3,0.00
i104,e05,c5,p10,l3,0.00
i104,e05,c5,p11,l3,0.00
i104,e05,c5,p12,l3,0.00
i104,e05,c5,p13,l3,0.00
i104,e05,c5,p14,l3,0.00
i104,e05,c5,p15,l3,0.00
i104,e05,c5,p16,l3,0.00
i104,e05,c5,p17,l3,0.00
i104,e05,c5,p18,l3,0.00
i104,e05,c5,p19,l3,0.00
i104,e05,c5,p21,l3,0.00
i104,e05,c5,p23,l3,0.00
i104,e05,c5,p24,l3,0.00
i104,e05,c5,p25,l3,0.00
i104,e05,c5,p28,l3,0.00
i104,e05,c5,p29,l3,0.00
i104,e05,c5,p32,l3,0.00
i104,e05,c5,p35,l3,0.00
i104,e07,c5,p08,l3,0.00
i104,e07,c5,p10,l3,0.00
i104,e07,c5,p11,l3,0.00
i104,e07,c5,p15,l3,0.00
i104,e12,c5,p01,l3,0.00
i104,e12,c5,p17,l3,0.00
i104,e12,c5,p32,l3,0.00
i105,e01,c5,p10,l3,0.00
i105,e02,c5,p09,l3,0.00
i105,e02,c5,p10,l3,0.00
i105,e02,c5,p29,l3,0.00
i105,e04,c5,p01,l3,0.00
i105,e04,c5,p10,l3,0.00
i105,e05,c3,p10,l3,0.00
i105,e05,c5,p01,l3,0.00
i105,e05,c5,p02,l3,0.00
i105,e05,c5,p03,l3,0.00
i105,e05,c5,p04,l3,0.00
i105,e05,c5,p05,l3,0.00
i105,e05,c5,p07,l3,0.00
i105,e05,c5,p08,l3,0.00
i105,e05,c5,p09,l3,0.00
i105,e05,c5,p10,l3,0.00
i105,e05,c5,p11,l3,0.00
i105,e05,c5,p12,l3,0.00
i105,e05,c5,p13,l3,0.00
i105,e05,c5,p14,l3,0.00
i105,e05,c5,p15,l3,0.00
i105,e05,c5,p16,l3,0.00
i105,e05,c5,p17,l3,0.00
i105,e05,c5,p18,l3,0.00
i105,e05,c5,p19,l3,0.00
i105,e05,c5,p21,l3,0.00
i105,e05,c5,p23,l3,0.00
i105,e05,c5,p24,l3,0.00
i105,e05,c5,p25,l3,0.00
i105,e05,c5,p28,l3,0.00
i105,e05,c5,p29,l3,0.00
i105,e05,c5,p32,l3,0.00
i105,e05,c5,p35,l3,0.00
i105,e07,c5,p10,l3,0.00
i105,e08,c5,p01,l3,0.00
i105,e08,c5,p04,l3,0.00
i105,e08,c5,p10,l3,0.00
i105,e08,c5,p16,l3,0.00
i105,e08,c5,p19,l3,0.00
i105,e08,c5,p21,l3,0.00
i105,e08,c5,p35,l3,0.00
i105,e09,c5,p10,l3,0.00
i105,e12,c5,p01,l3,0.00
i105,e12,c5,p03,l3,0.00
i105,e12,c5,p04,l3,0.00
i105,e12,c5,p05,l3,0.00
i105,e12,c5,p10,l3,0.00
i105,e12,c5,p11,l3,0.00
i105,e12,c5,p14,l3,0.00
i105,e12,c5,p15,l3,0.00
i105,e12,c5,p21,l3,0.00
i105,e12,c5,p24,l3,0.00
i105,e12,c5,p28,l3,0.00
i105,e12,c5,p29,l3,0.00
i105,e12,c5,p32,l3,0.00
i105,e12,c5,p35,l3,0.00
i106,e01,c3,p35,l3,0.00
i106,e01,c5,p35,l3,0.00
i106,e04,c3,p35,l1,0.00
i106,e04,c3,p35,l3,0.00
i106,e04,c5,p35,l1,0.00
i106,e04,c5,p35,l3,0.00
i106,e05,c3,p35,l1,0.00
i106,e05,c3,p35,l3,0.00
i106,e05,c5,p35,l3,0.00
i106,e09,c3,p35,l3,0.00
i106,e09,c5,p35,l2,0.00
i106,e09,c5,p35,l3,0.00
i107,e01,c2,p35,l3,0.00
i107,e04,c2,p35,l3,0.00
i107,e09,c2,p35,l3,0.00
i108,e01,c5,p01,l3,0.00
i108,e01,c5,p03,l3,0.00
i108,e01,c5,p06,l3,0.00
i108,e01,c5,p07,l3,0.00
i108,e01,c5,p09,l3,0.00
i108,e01,c5,p10,l3,0.00
i108,e01,c5,p16,l3,0.00
i108,e01,c5,p18,l3,0.00
i108,e01,c5,p21,l3,0.00
i108,e02,c5,p18,l3,0.00
i108,e04,c5,p01,l3,0.00
i108,e04,c5,p03,l3,0.00
i108,e04,c5,p04,l3,0.00
i108,e04,c5,p06,l3,0.00
i108,e04,c5,p07,l3,0.00
i108,e04,c5,p09,l3,0.00
i108,e04,c5,p10,l3,0.00
i108,e04,c5,p12,l3,0.00
i108,e04,c5,p16,l3,0.00
i108,e04,c5,p19,l3,0.00
i108,e04,c5,p21,l3,0.00
i108,e04,c5,p25,l3,0.00
i108,e04,c5,p31,l3,0.00
i108,e05,c5,p01,l3,0.00
i108,e05,c5,p03,l3,0.00
i108,e05,c5,p04,l3,0.00
i108,e05,c5,p07,l3,0.00
i108,e05,c5,p10,l3,0.00
i108,e05,c5,p14,l3,0.00
i108,e05,c5,p17,l3,0.00
i108,e05,c5,p18,l3,0.00
i108,e08,c5,p01,l3,0.00
i108,e08,c5,p03,l3,0.00
i108,e08,c5,p04,l3,0.00
i108,e08,c5,p09,l3,0.00
i108,e08,c5,p10,l3,0.00
i108,e08,c5,p13,l3,0.00
i108,e08,c5,p25,l3,0.00
i108,e08,c5,p35,l3,0.00
i108,e09,c5,p01,l3,0.00
i108,e09,c5,p04,l3,0.00
i108,e09,c5,p05,l3,0.00
i108,e09,c5,p06,l3,0.00
i108,e09,c5,p07,l3,0.00
i108,e09,c5,p10,l3,0.00
i108,e09,c5,p21,l3,0.00
i108,e13,c5,p01,l3,0.00
i108,e13,c5,p02,l3,0.00
i108,e13,c5,p03,l3,0.00
i108,e13,c5,p04,l3,0.00
i108,e13,c5,p05,l3,0.00
i108,e13,c5,p06,l3,0.00
i108,e13,c5,p07,l3,0.00
i108,e13,c5,p08,l3,0.00
i108,e13,c5,p09,l3,0.00
i108,e13,c5,p10,l3,0.00
i108,e13,c5,p11,l3,0.00
i108,e13,c5,p12,l3,0.00
i108,e13,c5,p13,l3,0.00
i108,e13,c5,p14,l3,0.00
i108,e13,c5,p15,l3,0.00
i108,e13,c5,p16,l3,0.00
i108,e13,c5,p17,l3,0.00
i108,e13,c5,p18,l3,0.00
i108,e13,c5,p19,l3,0.00
i108,e13,c5,p21,l3,0.00
i108,e13,c5,p22,l3,0.00
i108,e13,c5,p23,l3,0.00
i108,e13,c5,p24,l3,0.00
i108,e13,c5,p25,l3,0.00
i108,e13,c5,p28,l3,0.00
i108,e13,c5,p29,l3,0.00
i108,e13,c5,p31,l3,0.00
i108,e13,c5,p35,l3,0.00
i109,e01,c3,p10,l3,0.00
i109,e01,c3,p35,l3,0.00
i109,e01,c5,p10,l3,0.00
i109,e04,c3,p10,l3,0.00
i109,e04,c3,p35,l3,0.00
i109,e04,c5,p10,l3,0.00
i109,e05,c3,p10,l3,0.00
i109,e08,c3,p10,l3,0.00
i109,e08,c3,p35,l3,0.00
i109,e08,c5,p10,l3,0.00
i109,e09,c3,p10,l3,0.00
i109,e09,c3,p35,l3,0.00
i109,e09,c5,p10,l3,0.00
i109,e11,c3,p10,l3,0.00
i109,e11,c3,p35,l3,0.00
i11,e01,c4,p01,l3,0.00
i11,e01,c4,p02,l3,0.00
i11,e01,c4,p03,l3,0.00
i11,e01,c4,p04,l3,0.00
i11,e01,c4,p05,l3,0.00
i11,e01,c4,p06,l3,0.00
i11,e01,c4,p07,l3,0.00
i11,e01,c4,p08,l3,0.00
i11,e01,c4,p09,l3,0.00
i11,e01,c4,p10,l3,0.00
i11,e01,c4,p11,l3,0.00
i11,e01,c4,p12,l3,0.00
i11,e01,c4,p13,l3,0.00
i11,e01,c4,p14,l3,0.00
i11,e01,c4,p15,l3,0.00
i11,e01,c4,p16,l3,0.00
i11,e01,c4,p17,l3,0.00
i11,e01,c4,p18,l3,0.00
i11,e01,c4,p19,l3,0.00
i11,e01,c4,p20,l3,0.00
i11,e01,c4,p21,l3,0.00
i11,e01,c4,p22,l3,0.00
i11,e01,c4,p23,l3,0.00
i11,e01,c4,p24,l3,0.00
i11,e01,c4,p25,l3,0.00
i11,e01,c4,p26,l3,0.00
i11,e01,c4,p28,l3,0.00
i11,e01,c4,p29,l3,0.00
i11,e01,c4,p30,l3,0.00
i11,e01,c4,p31,l3,0.00
i11,e01,c4,p32,l3,0.00
i11,e01,c4,p35,l3,0.00
i11,e04,c4,p01,l3,0.00
i11,e04,c4,p02,l3,0.00
i11,e04,c4,p03,l3,0.00
i11,e04,c4,p04,l3,0.00
i11,e04,c4,p05,l3,0.00
i11,e04,c4,p06,l3,0.00
i11,e04,c4,p07,l3,0.00
i11,e04,c4,p08,l3,0.00
i11,e04,c4,p09,l3,0.00
i11,e04,c4,p10,l3,0.00
i11,e04,c4,p11,l3,0.00
i11,e04,c4,p12,l3,0.00
i11,e04,c4,p13,l3,0.00
i11,e04,c4,p14,l3,0.00
i11,e04,c4,p15,l3,0.00
i11,e04,c4,p16,l3,0.00
i11,e04,c4,p17,l3,0.00
i11,e04,c4,p18,l3,0.00
i11,e04,c4,p19,l3,0.00
i11,e04,c4,p20,l3,0.00
i11,e04,c4,p21,l3,0.00
i11,e04,c4,p22,l3,0.00
i11,e04,c4,p23,l3,0.00
i11,e04,c4,p24,l3,0.00
i11,e04,c4,p25,l3,0.00
i11,e04,c4,p26,l3,0.00
i11,e04,c4,p28,l3,0.00
i11,e04,c4,p29,l3,0.00
i11,e04,c4,p30,l3,0.00
i11,e04,c4,p31,l3,0.00
i11,e04,c4,p32,l3,0.00
i11,e04,c4,p35,l3,0.00
i11,e05,c4,p01,l3,0.00
i11,e05,c4,p02,l3,0.00
i11,e05,c4,p03,l3,0.00
i11,e05,c4,p04,l3,0.00
i11,e05,c4,p05,l3,0.00
i11,e05,c4,p06,l3,0.00
i11,e05,c4,p07,l3,0.00
i11,e05,c4,p08,l3,0.00
i11,e05,c4,p09,l3,0.00
i11,e05,c4,p10,l3,0.00
i11,e05,c4,p11,l3,0.00
i11,e05,c4,p12,l3,0.00
i11,e05,c4,p13,l3,0.00
i11,e05,c4,p14,l3,0.00
i11,e05,c4,p15,l3,0.00
i11,e05,c4,p16,l3,0.00
i11,e05,c4,p17,l3,0.00
i11,e05,c4,p18,l3,0.00
i11,e05,c4,p19,l3,0.00
i11,e05,c4,p20,l3,0.00
i11,e05,c4,p21,l3,0.00
i11,e05,c4,p22,l3,0.00
i11,e05,c4,p23,l3,0.00
i11,e05,c4,p24,l3,0.00
i11,e05,c4,p25,l3,0.00
i11,e05,c4,p26,l3,0.00
i11,e05,c4,p28,l3,0.00
i11,e05,c4,p29,l3,0.00
i11,e05,c4,p30,l3,0.00
i11,e05,c4,p31,l3,0.00
i11,e05,c4,p32,l3,0.00
i11,e05,c4,p34,l3,0.00
i11,e05,c4,p35,l3,0.00
i11,e09,c4,p01,l3,0.00
i11,e09,c4,p02,l3,0.00
i11,e09,c4,p03,l3,0.00
i11,e09,c4,p04,l3,0.00
i11,e09,c4,p05,l3,0.00
i11,e09,c4,p06,l3,0.00
i11,e09,c4,p07,l3,0.00
i11,e09,c4,p08,l3,0.00
i11,e09,c4,p09,l3,0.00
i11,e09,c4,p10,l3,0.00
i11,e09,c4,p11,l3,0.00
i11,e09,c4,p12,l3,0.00
i11,e09,c4,p13,l3,0.00
i11,e09,c4,p14,l3,0.00
i11,e09,c4,p15,l3,0.00
i11,e09,c4,p16,l3,0.00
i11,e09,c4,p17,l3,0.00
i11,e09,c4,p18,l3,0.00
i11,e09,c4,p19,l3,0.00
i11,e09,c4,p20,l3,0.00
i11,e09,c4,p21,l3,0.00
i11,e09,c4,p22,l3,0.00
i11,e09,c4,p23,l3,0.00
i11,e09,c4,p24,l3,0.00
i11,e09,c4,p25,l3,0.00
i11,e09,c4,p26,l3,0.00
i11,e09,c4,p28,l3,0.00
i11,e09,c4,p29,l3,0.00
i11,e09,c4,p30,l3,0.00
i11,e09,c4,p31,l3,0.00
i11,e09,c4,p32,l3,0.00
i11,e09,c4,p35,l3,0.00
i110,e01,c1,p01,l3,0.00
i110,e01,c1,p10,l3,0.00
i110,e01,c1,p19,l3,0.00
i110,e01,c1,p33,l3,0.00
i110,e01,c1,p35,l3,0.00
i110,e01,c4,p33,l3,0.00
i110,e03,c1,p01,l3,0.00
i110,e03,c1,p10,l3,0.00
i110,e03,c1,p14,l3,0.00
i110,e03,c1,p19,l3,0.00
i110,e03,c1,p33,l3,0.00
i110,e03,c1,p35,l3,0.00
i110,e03,c4,p33,l3,0.00
i110,e04,c1,p01,l3,0.00
i110,e04,c1,p10,l3,0.00
i110,e04,c1,p14,l3,0.00
i110,e04,c1,p19,l3,0.00
i110,e04,c1,p33,l3,0.00
i110,e04,c4,p33,l3,0.00
i110,e05,c1,p10,l3,0.00
i110,e05,c1,p33,l3,0.00
i110,e06,c1,p01,l3,0.00
i110,e06,c1,p10,l3,0.00
i110,e06,c1,p14,l3,0.00
i110,e06,c1,p19,l3,0.00
i110,e06,c1,p33,l3,0.00
i110,e08,c1,p01,l3,0.00
i110,e08,c1,p10,l3,0.00
i110,e08,c1,p14,l3,0.00
i110,e08,c1,p19,l3,0.00
i110,e08,c1,p33,l3,0.00
i110,e08,c4,p33,l3,0.00
i110,e09,c1,p01,l3,0.00
i110,e09,c1,p10,l3,0.00
i110,e09,c1,p14,l3,0.00
i110,e09,c1,p19,l3,0.00
i110,e09,c1,p33,l3,0.00
i110,e09,c4,p33,l3,0.00
i110,e10,c1,p01,l3,0.00
i110,e10,c1,p10,l3,0.00
i110,e10,c1,p14,l3,0.00
i110,e10,c1,p15,l3,0.00
i110,e10,c1,p19,l3,0.00
i110,e10,c1,p33,l3,0.00
i110,e10,c1,p35,l3,0.00
i110,e10,c4,p33,l3,0.00
i110,e11,c1,p10,l3,0.00
i110,e11,c1,p14,l3,0.00
i110,e11,c1,p19,l3,0.00
i110,e11,c1,p33,l3,0.00
i110,e11,c4,p33,l3,0.00
i111,e01,c1,p01,l3,0.00
i111,e01,c1,p02,l3,0.00
i111,e01,c1,p03,l3,0.00
i111,e01,c1,p04,l3,0.00
i111,e01,c1,p05,l3,0.00
i111,e01,c1,p07,l3,0.00
i111,e01,c1,p08,l3,0.00
i111,e01,c1,p09,l3,0.00
i111,e01,c1,p10,l3,0.00
i111,e01,c1,p11,l3,0.00
i111,e01,c1,p12,l3,0.00
i111,e01,c1,p13,l3,0.00
i111,e01,c1,p14,l3,0.00
i111,e01,c1,p15,l3,0.00
i111,e01,c1,p17,l3,0.00
i111,e01,c1,p18,l3,0.00
i111,e01,c1,p19,l3,0.00
i111,e01,c1,p21,l3,0.00
i111,e01,c1,p22,l3,0.00
i111,e01,c1,p23,l3,0.00
i111,e01,c1,p24,l3,0.00
i111,e01,c1,p28,l3,0.00
i111,e01,c1,p29,l3,0.00
i111,e01,c1,p35,l3,0.00
i111,e01,c4,p07,l3,0.00
i111,e01,c4,p23,l3,0.00
i111,e04,c1,p01,l3,0.00
i111,e04,c1,p02,l1,0.00
i111,e04,c1,p02,l3,0.00
i111,e04,c1,p03,l3,0.00
i111,e04,c1,p04,l3,0.00
i111,e04,c1,p05,l3,0.00
i111,e04,c1,p07,l1,0.00
i111,e04,c1,p07,l3,0.00
i111,e04,c1,p08,l3,0.00
i111,e04,c1,p09,l1,0.00
i111,e04,c1,p09,l3,0.00
i111,e04,c1,p10,l1,0.00
i111,e04,c1,p10,l3,0.00
i111,e04,c1,p11,l1,0.00
i111,e04,c1,p11,l3,0.00
i111,e04,c1,p12,l1,0.00
i111,e04,c1,p12,l3,0.00
i111,e04,c1,p13,l3,0.00
i111,e04,c1,p14,l3,0.00
i111,e04,c1,p15,l1,0.00
i111,e04,c1,p15,l3,0.00
i111,e04,c1,p17,l3,0.00
i111,e04,c1,p18,l1,0.00
i111,e04,c1,p18,l3,0.00
i111,e04,c1,p19,l1,0.00
i111,e04,c1,p19,l3,0.00
i111,e04,c1,p21,l1,0.00
i111,e04,c1,p21,l3,0.00
i111,e04,c1,p22,l1,0.00
i111,e04,c1,p22,l3,0.00
i111,e04,c1,p23,l1,0.00
i111,e04,c1,p23,l3,0.00
i111,e04,c1,p25,l3,0.00
i111,e04,c1,p26,l3,0.00
i111,e04,c1,p28,l3,0.00
i111,e04,c1,p29,l1,0.00
i111,e04,c1,p29,l3,0.00
i111,e04,c1,p35,l1,0.00
i111,e04,c1,p35,l3,0.00
i111,e04,c4,p07,l3,0.00
i111,e04,c4,p23,l3,0.00
i111,e05,c1,p01,l3,0.00
i111,e05,c1,p07,l3,0.00
i111,e05,c1,p10,l3,0.00
i111,e05,c1,p11,l1,0.00
i111,e05,c1,p11,l3,0.00
i111,e05,c1,p12,l3,0.00
i111,e05,c1,p21,l3,0.00
i111,e05,c1,p22,l3,0.00
i111,e05,c1,p29,l3,0.00
i111,e05,c1,p35,l3,0.00
i111,e08,c1,p01,l3,0.00
i111,e08,c1,p02,l3,0.00
i111,e08,c1,p03,l3,0.00
i111,e08,c1,p04,l3,0.00
i111,e08,c1,p05,l3,0.00
i111,e08,c1,p07,l2,0.00
i111,e08,c1,p07,l3,0.00
i111,e08,c1,p08,l3,0.00
i111,e08,c1,p09,l2,0.00
i111,e08,c1,p09,l3,0.00
i111,e08,c1,p10,l2,0.00
i111,e08,c1,p10,l3,0.00
i111,e08,c1,p11,l2,0.00
i111,e08,c1,p11,l3,0.00
i111,e08,c1,p12,l2,0.00
i111,e08,c1,p12,l3,0.00
i111,e08,c1,p13,l3,0.00
i111,e08,c1,p14,l3,0.00
i111,e08,c1,p15,l3,0.00
i111,e08,c1,p17,l2,0.00
i111,e08,c1,p17,l3,0.00
i111,e08,c1,p18,l3,0.00
i111,e08,c1,p19,l2,0.00
i111,e08,c1,p19,l3,0.00
i111,e08,c1,p21,l2,0.00
i111,e08,c1,p21,l3,0.00
i111,e08,c1,p22,l2,0.00
i111,e08,c1,p22,l3,0.00
i111,e08,c1,p23,l3,0.00
i111,e08,c1,p24,l3,0.00
i111,e08,c1,p25,l3,0.00
i111,e08,c1,p29,l2,0.00
i111,e08,c1,p29,l3,0.00
i111,e08,c1,p35,l2,0.00
i111,e08,c1,p35,l3,0.00
i111,e08,c4,p07,l3,0.00
i111,e08,c4,p23,l3,0.00
i111,e09,c1,p01,l3,0.00
i111,e09,c1,p02,l3,0.00
i111,e09,c1,p03,l2,0.00
i111,e09,c1,p03,l3,0.00
i111,e09,c1,p04,l3,0.00
i111,e09,c1,p07,l2,0.00
i111,e09,c1,p07,l3,0.00
i111,e09,c1,p08,l3,0.00
i111,e09,c1,p09,l2,0.00
i111,e09,c1,p09,l3,0.00
i111,e09,c1,p10,l2,0.00
i111,e09,c1,p10,l3,0.00
i111,e09,c1,p11,l2,0.00
i111,e09,c1,p11,l3,0.00
i111,e09,c1,p12,l2,0.00
i111,e09,c1,p12,l3,0.00
i111,e09,c1,p13,l3,0.00
i111,e09,c1,p14,l3,0.00
i111,e09,c1,p15,l2,0.00
i111,e09,c1,p15,l3,0.00
i111,e09,c1,p17,l3,0.00
i111,e09,c1,p18,l2,0.00
i111,e09,c1,p18,l3,0.00
i111,e09,c1,p19,l2,0.00
i111,e09,c1,p19,l3,0.00
i111,e09,c1,p21,l2,0.00
i111,e09,c1,p21,l3,0.00
i111,e09,c1,p22,l2,0.00
i111,e09,c1,p22,l3,0.00
i111,e09,c1,p23,l2,0.00
i111,e09,c1,p23,l3,0.00
i111,e09,c1,p24,l3,0.00
i111,e09,c1,p25,l3,0.00
i111,e09,c1,p29,l2,0.00
i111,e09,c1,p29,l3,0.00
i111,e09,c1,p35,l2,0.00
i111,e09,c1,p35,l3,0.00
i111,e11,c1,p01,l3,0.00
i111,e11,c1,p02,l2,0.00
i111,e11,c1,p03,l3,0.00
i111,e11,c1,p07,l3,0.00
i111,e11,c1,p09,l3,0.00
i111,e11,c1,p10,l3,0.00
i111,e11,c1,p11,l2,0.00
i111,e11,c1,p11,l3,0.00
i111,e11,c1,p12,l3,0.00
i111,e11,c1,p15,l3,0.00
i111,e11,c1,p19,l2,0.00
i111,e11,c1,p19,l3,0.00
i111,e11,c1,p21,l2,0.00
i111,e11,c1,p23,l2,0.00
i111,e11,c1,p23,l3,0.00
i111,e11,c1,p24,l3,0.00
i111,e11,c1,p25,l3,0.00
i111,e11,c1,p29,l2,0.00
i111,e11,c1,p29,l3,0.00
i111,e11,c1,p35,l2,0.00
i112,e02,c3,p03,l3,0.00
i112,e02,c5,p01,l3,0.00
i112,e02,c5,p02,l3,0.00
i112,e02,c5,p03,l3,0.00
i112,e02,c5,p10,l3,0.00
i112,e02,c5,p12,l3,0.00
i112,e02,c5,p19,l3,0.00
i112,e02,c5,p21,l3,0.00
i112,e02,c5,p29,l3,0.00
i112,e05,c5,p01,l1,0.00
i112,e05,c5,p01,l3,0.00
i112,e05,c5,p02,l1,0.00
i112,e05,c5,p02,l3,0.00
i112,e05,c5,p03,l3,0.00
i112,e05,c5,p04,l3,0.00
i112,e05,c5,p05,l1,0.00
i112,e05,c5,p05,l3,0.00
i112,e05,c5,p06,l3,0.00
i112,e05,c5,p07,l3,0.00
i112,e05,c5,p08,l3,0.00
i112,e05,c5,p09,l1,0.00
i112,e05,c5,p09,l3,0.00
i112,e05,c5,p10,l1,0.00
i112,e05,c5,p10,l3,0.00
i112,e05,c5,p11,l1,0.00
i112,e05,c5,p11,l3,0.00
i112,e05,c5,p12,l1,0.00
i112,e05,c5,p12,l3,0.00
i112,e05,c5,p13,l3,0.00
i112,e05,c5,p14,l3,0.00
i112,e05,c5,p15,l1,0.00
i112,e05,c5,p15,l3,0.00
i112,e05,c5,p18,l3,0.00
i112,e05,c5,p19,l1,0.00
i112,e05,c5,p19,l3,0.00
i112,e05,c5,p21,l1,0.00
i112,e05,c5,p21,l3,0.00
i112,e05,c5,p22,l1,0.00
i112,e05,c5,p22,l3,0.00
i112,e05,c5,p23,l3,0.00
i112,e05,c5,p24,l1,0.00
i112,e05,c5,p24,l3,0.00
i112,e05,c5,p28,l3,0.00
i112,e05,c5,p29,l1,0.00
i112,e05,c5,p29,l3,0.00
i112,e05,c5,p35,l1,0.00
i112,e05,c5,p35,l3,0.00
i113,e01,c5,p10,l3,0.00
i113,e01,c5,p35,l3,0.00
i113,e04,c5,p01,l3,0.00
i113,e04,c5,p10,l3,0.00
i113,e04,c5,p11,l3,0.00
i113,e04,c5,p18,l3,0.00
i113,e04,c5,p35,l3,0.00
i113,e05,c5,p10,l3,0.00
i113,e05,c5,p18,l3,0.00
i113,e05,c5,p35,l3,0.00
i113,e08,c5,p01,l3,0.00
i113,e08,c5,p10,l3,0.00
i113,e08,c5,p35,l3,0.00
i113,e09,c5,p10,l3,0.00
i113,e09,c5,p11,l3,0.00
i113,e09,c5,p18,l3,0.00
i113,e09,c5,p35,l3,0.00
i113,e11,c5,p10,l3,0.00
i114,e01,c3,p35,l3,0.00
i114,e01,c5,p09,l3,0.00
i114,e01,c5,p10,l3,0.00
i114,e01,c5,p19,l3,0.00
i114,e01,c5,p35,l3,0.00
i114,e04,c3,p35,l3,0.00
i114,e04,c5,p10,l3,0.00
i114,e04,c5,p19,l3,0.00
i114,e04,c5,p35,l3,0.00
i114,e05,c5,p12,l3,0.00
i114,e05,c5,p35,l3,0.00
i114,e09,c3,p35,l3,0.00
i114,e09,c5,p10,l3,0.00
i114,e09,c5,p35,l3,0.00
i115,e02,c5,p35,l3,0.00
i115,e05,c5,p10,l3,0.00
i115,e05,c5,p35,l3,0.00
i115,e13,c5,p10,l3,0.00
i115,e13,c5,p35,l3,0.00
i116,e01,c1,p05,l3,0.00
i116,e01,c1,p10,l3,0.00
i116,e01,c1,p11,l3,0.00
i116,e01,c1,p19,l3,0.00
i116,e01,c1,p35,l3,0.00
i116,e01,c4,p10,l3,0.00
i116,e04,c1,p05,l3,0.00
i116,e04,c1,p10,l3,0.00
i116,e04,c1,p11,l3,0.00
i116,e04,c1,p29,l3,0.00
i116,e04,c1,p35,l3,0.00
i116,e04,c4,p10,l3,0.00
i116,e09,c1,p05,l3,0.00
i116,e09,c1,p10,l3,0.00
i116,e09,c1,p19,l3,0.00
i116,e09,c1,p35,l3,0.00
i116,e09,c4,p10,l3,0.00
i117,e01,c1,p10,l3,0.00
i117,e01,c1,p35,l3,0.00
i117,e04,c1,p10,l1,0.00
i117,e04,c1,p10,l3,0.00
i117,e04,c1,p35,l3,0.00
i117,e07,c1,p10,l2,0.00
i117,e07,c1,p10,l3,0.00
i117,e07,c1,p35,l3,0.00
i117,e08,c1,p10,l3,0.00
i117,e08,c1,p35,l3,0.00
i117,e09,c1,p10,l2,0.00
i117,e09,c1,p10,l3,0.00
i117,e09,c1,p35,l3,0.00
i117,e10,c1,p10,l2,0.00
i117,e10,c1,p10,l3,0.00
i117,e11,c1,p10,l2,0.00
i117,e11,c1,p10,l3,0.00
i117,e11,c1,p35,l3,0.00
i117,e12,c1,p10,l3,0.00
i118,e02,c5,p10,l3,0.00
i118,e02,c5,p12,l3,0.00
i118,e02,c5,p21,l3,0.00
i118,e02,c5,p35,l3,0.00
i118,e05,c5,p01,l3,0.00
i118,e05,c5,p08,l3,0.00
i118,e05,c5,p10,l3,0.00
i118,e05,c5,p11,l3,0.00
i118,e05,c5,p12,l3,0.00
i118,e05,c5,p21,l3,0.00
i118,e05,c5,p28,l3,0.00
i119,e01,c5,p10,l3,0.00
i119,e01,c5,p35,l3,0.00
i119,e04,c5,p35,l3,0.00
i119,e05,c3,p35,l3,0.00
i119,e05,c5,p01,l3,0.00
i119,e05,c5,p10,l3,0.00
i119,e05,c5,p21,l3,0.00
i119,e05,c5,p35,l3,0.00
i119,e09,c5,p10,l3,0.00
i119,e09,c5,p35,l3,0.00
i12,e01,c3,p01,l3,0.00
i12,e01,c3,p03,l3,0.00
i12,e01,c3,p05,l3,0.00
i12,e01,c3,p10,l3,0.00
i12,e01,c3,p12,l3,0.00
i12,e01,c3,p13,l3,0.00
i12,e01,c3,p14,l3,0.00
i12,e01,c3,p16,l3,0.00
i12,e01,c3,p17,l3,0.00
i12,e01,c3,p18,l3,0.00
i12,e01,c3,p19,l3,0.00
i12,e01,c3,p21,l3,0.00
i12,e01,c3,p22,l3,0.00
i12,e01,c3,p28,l3,0.00
i12,e01,c3,p29,l3,0.00
i12,e01,c3,p33,l3,0.00
i12,e01,c3,p35,l3,0.00
i12,e01,c5,p01,l3,8.79
i12,e01,c5,p02,l3,0.00
i12,e01,c5,p03,l3,5.60
i12,e01,c5,p04,l3,1.02
i12,e01,c5,p05,l3,1.07
i12,e01,c5,p06,l3,0.00
i12,e01,c5,p07,l3,0.00
i12,e01,c5,p08,l3,0.00
i12,e01,c5,p09,l3,0.00
i12,e01,c5,p10,l3,3.28
i12,e01,c5,p11,l3,0.00
i12,e01,c5,p12,l3,1.12
i12,e01,c5,p13,l3,8.13
i12,e01,c5,p14,l3,0.00
i12,e01,c5,p15,l3,1.32
i12,e01,c5,p16,l3,0.00
i12,e01,c5,p17,l3,2.59
i12,e01,c5,p18,l3,1.24
i12,e01,c5,p19,l3,16.96
i12,e01,c5,p20,l3,0.00
i12,e01,c5,p21,l3,0.00
i12,e01,c5,p22,l3,0.00
i12,e01,c5,p23,l3,0.00
i12,e01,c5,p24,l3,1.92
i12,e01,c5,p25,l3,0.00
i12,e01,c5,p26,l3,0.00
i12,e01,c5,p27,l3,0.00
i12,e01,c5,p28,l3,0.00
i12,e01,c5,p29,l3,0.00
i12,e01,c5,p30,l3,0.00
i12,e01,c5,p31,l3,0.00
i12,e01,c5,p32,l3,0.00
i12,e01,c5,p33,l3,1.43
i12,e01,c5,p35,l3,0.00
i12,e04,c3,p01,l1,0.00
i12,e04,c3,p01,l3,0.00
i12,e04,c3,p03,l1,0.00
i12,e04,c3,p03,l3,0.00
i12,e04,c3,p05,l3,0.00
i12,e04,c3,p10,l1,0.00
i12,e04,c3,p10,l3,0.00
i12,e04,c3,p11,l3,0.00
i12,e04,c3,p12,l3,0.00
i12,e04,c3,p13,l3,0.00
i12,e04,c3,p14,l3,0.00
i12,e04,c3,p16,l1,0.00
i12,e04,c3,p16,l3,1.22
i12,e04,c3,p17,l3,0.00
i12,e04,c3,p18,l1,0.00
i12,e04,c3,p18,l3,0.00
i12,e04,c3,p19,l1,0.00
i12,e04,c3,p19,l3,0.00
i12,e04,c3,p21,l1,0.00
i12,e04,c3,p21,l3,0.00
i12,e04,c3,p22,l3,0.00
i12,e04,c3,p24,l3,0.00
i12,e04,c3,p28,l3,0.00
i12,e04,c3,p29,l1,0.00
i12,e04,c3,p33,l3,0.00
i12,e04,c3,p35,l3,0.00
i12,e04,c5,p01,l1,0.00
i12,e04,c5,p01,l3,7.20
i12,e04,c5,p02,l1,0.00
i12,e04,c5,p02,l3,1.46
i12,e04,c5,p03,l1,0.00
i12,e04,c5,p03,l3,7.03
i12,e04,c5,p04,l1,0.00
i12,e04,c5,p04,l3,3.49
i12,e04,c5,p05,l1,0.00
i12,e04,c5,p05,l3,10.27
i12,e04,c5,p06,l1,0.00
i12,e04,c5,p06,l3,0.00
i12,e04,c5,p07,l1,0.00
i12,e04,c5,p07,l3,3.26
i12,e04,c5,p08,l1,0.00
i12,e04,c5,p08,l3,0.00
i12,e04,c5,p09,l1,0.00
i12,e04,c5,p09,l3,2.26
i12,e04,c5,p10,l1,0.00
i12,e04,c5,p10,l3,13.23
i12,e04,c5,p11,l1,0.00
i12,e04,c5,p11,l3,11.40
i12,e04,c5,p12,l1,0.00
i12,e04,c5,p12,l3,7.00
i12,e04,c5,p13,l1,0.00
i12,e04,c5,p13,l3,13.67
i12,e04,c5,p14,l1,0.00
i12,e04,c5,p14,l3,5.11
i12,e04,c5,p15,l1,0.00
i12,e04,c5,p15,l3,13.93
i12,e04,c5,p16,l1,0.00
i12,e04,c5,p16,l3,9.30
i12,e04,c5,p17,l1,0.00
i12,e04,c5,p17,l3,7.30
i12,e04,c5,p18,l1,0.00
i12,e04,c5,p18,l3,7.30
i12,e04,c5,p19,l1,0.00
i12,e04,c5,p19,l3,39.38
i12,e04,c5,p20,l1,0.00
i12,e04,c5,p20,l3,0.00
i12,e04,c5,p21,l1,0.00
i12,e04,c5,p21,l3,2.61
i12,e04,c5,p22,l1,0.00
i12,e04,c5,p22,l3,0.00
i12,e04,c5,p23,l1,0.00
i12,e04,c5,p23,l3,0.00
i12,e04,c5,p24,l1,0.00
i12,e04,c5,p24,l3,2.31
i12,e04,c5,p25,l1,0.00
i12,e04,c5,p25,l3,0.00
i12,e04,c5,p26,l1,0.00
i12,e04,c5,p26,l3,0.00
i12,e04,c5,p27,l1,0.00
i12,e04,c5,p27,l3,0.00
i12,e04,c5,p28,l1,0.00
i12,e04,c5,p28,l3,0.00
i12,e04,c5,p29,l1,0.00
i12,e04,c5,p29,l3,0.00
i12,e04,c5,p30,l3,0.00
i12,e04,c5,p31,l1,0.00
i12,e04,c5,p31,l3,0.00
i12,e04,c5,p32,l1,0.00
i12,e04,c5,p32,l3,0.00
i12,e04,c5,p33,l1,0.00
i12,e04,c5,p33,l3,0.00
i12,e04,c5,p35,l1,0.00
i12,e04,c5,p35,l3,0.00
i12,e05,c3,p10,l3,0.00
i12,e05,c3,p12,l3,0.00
i12,e05,c5,p01,l1,0.00
i12,e05,c5,p01,l3,0.00
i12,e05,c5,p03,l1,0.00
i12,e05,c5,p03,l3,0.00
i12,e05,c5,p04,l1,0.00
i12,e05,c5,p04,l3,0.00
i12,e05,c5,p05,l1,0.00
i12,e05,c5,p05,l3,0.00
i12,e05,c5,p06,l3,0.00
i12,e05,c5,p07,l3,0.00
i12,e05,c5,p08,l3,0.00
i12,e05,c5,p09,l3,0.00
i12,e05,c5,p10,l1,0.00
i12,e05,c5,p10,l3,0.00
i12,e05,c5,p11,l1,0.00
i12,e05,c5,p11,l3,0.00
i12,e05,c5,p12,l1,0.00
i12,e05,c5,p12,l3,0.00
i12,e05,c5,p13,l1,0.00
i12,e05,c5,p13,l3,0.00
i12,e05,c5,p14,l3,0.00
i12,e05,c5,p15,l1,0.00
i12,e05,c5,p15,l3,0.00
i12,e05,c5,p16,l1,0.00
i12,e05,c5,p16,l3,0.00
i12,e05,c5,p17,l1,0.00
i12,e05,c5,p17,l3,0.00
i12,e05,c5,p18,l1,0.00
i12,e05,c5,p18,l3,0.00
i12,e05,c5,p19,l1,0.00
i12,e05,c5,p19,l3,0.00
i12,e05,c5,p21,l1,0.00
i12,e05,c5,p21,l3,0.00
i12,e05,c5,p22,l1,0.00
i12,e05,c5,p22,l3,0.00
i12,e05,c5,p23,l3,0.00
i12,e05,c5,p24,l1,0.00
i12,e05,c5,p25,l3,0.00
i12,e05,c5,p28,l3,0.00
i12,e05,c5,p29,l3,0.00
i12,e05,c5,p32,l3,0.00
i12,e05,c5,p35,l1,0.00
i12,e05,c5,p35,l3,0.00
i12,e07,c5,p10,l3,0.00
i12,e07,c5,p13,l3,0.00
i12,e07,c5,p16,l3,0.00
i12,e07,c5,p19,l3,0.00
i12,e07,c5,p28,l2,0.00
i12,e08,c3,p01,l2,0.00
i12,e08,c3,p01,l3,0.00
i12,e08,c3,p03,l2,0.00
i12,e08,c3,p03,l3,0.00
i12,e08,c3,p05,l3,0.00
i12,e08,c3,p10,l2,0.00
i12,e08,c3,p10,l3,0.00
i12,e08,c3,p11,l3,0.00
i12,e08,c3,p12,l3,0.00
i12,e08,c3,p13,l3,0.00
i12,e08,c3,p14,l3,0.00
i12,e08,c3,p16,l2,0.00
i12,e08,c3,p16,l3,1.97
i12,e08,c3,p17,l3,0.00
i12,e08,c3,p18,l2,0.00
i12,e08,c3,p18,l3,0.00
i12,e08,c3,p19,l2,0.00
i12,e08,c3,p19,l3,0.00
i12,e08,c3,p21,l2,0.00
i12,e08,c3,p21,l3,0.00
i12,e08,c3,p22,l3,0.00
i12,e08,c3,p24,l3,0.00
i12,e08,c3,p28,l3,0.00
i12,e08,c3,p29,l2,0.00
i12,e08,c3,p31,l3,0.00
i12,e08,c3,p33,l3,0.00
i12,e08,c3,p35,l3,0.00
i12,e08,c5,p01,l2,0.00
i12,e08,c5,p01,l3,9.34
i12,e08,c5,p02,l2,0.00
i12,e08,c5,p02,l3,0.00
i12,e08,c5,p03,l2,0.00
i12,e08,c5,p03,l3,9.72
i12,e08,c5,p04,l2,0.00
i12,e08,c5,p04,l3,3.69
i12,e08,c5,p05,l2,0.00
i12,e08,c5,p05,l3,3.65
i12,e08,c5,p06,l2,0.00
i12,e08,c5,p06,l3,0.00
i12,e08,c5,p07,l2,0.00
i12,e08,c5,p07,l3,3.30
i12,e08,c5,p08,l2,0.00
i12,e08,c5,p08,l3,0.00
i12,e08,c5,p09,l2,0.00
i12,e08,c5,p09,l3,0.00
i12,e08,c5,p10,l2,0.00
i12,e08,c5,p10,l3,18.13
i12,e08,c5,p11,l2,0.00
i12,e08,c5,p11,l3,10.10
i12,e08,c5,p12,l2,0.00
i12,e08,c5,p12,l3,6.86
i12,e08,c5,p13,l2,0.00
i12,e08,c5,p13,l3,8.38
i12,e08,c5,p14,l2,0.00
i12,e08,c5,p14,l3,7.49
i12,e08,c5,p15,l2,0.00
i12,e08,c5,p15,l3,5.20
i12,e08,c5,p16,l2,0.00
i12,e08,c5,p16,l3,6.38
i12,e08,c5,p17,l2,0.00
i12,e08,c5,p17,l3,8.33
i12,e08,c5,p18,l2,0.00
i12,e08,c5,p18,l3,0.00
i12,e08,c5,p19,l2,0.00
i12,e08,c5,p19,l3,16.22
i12,e08,c5,p20,l2,0.00
i12,e08,c5,p20,l3,0.00
i12,e08,c5,p21,l2,0.00
i12,e08,c5,p21,l3,0.00
i12,e08,c5,p22,l2,0.00
i12,e08,c5,p22,l3,0.00
i12,e08,c5,p23,l2,0.00
i12,e08,c5,p23,l3,0.00
i12,e08,c5,p24,l2,0.00
i12,e08,c5,p24,l3,0.00
i12,e08,c5,p25,l2,0.00
i12,e08,c5,p25,l3,0.00
i12,e08,c5,p26,l2,0.00
i12,e08,c5,p26,l3,0.00
i12,e08,c5,p28,l2,0.00
i12,e08,c5,p28,l3,0.00
i12,e08,c5,p29,l2,0.00
i12,e08,c5,p29,l3,0.00
i12,e08,c5,p30,l3,0.00
i12,e08,c5,p31,l2,0.00
i12,e08,c5,p31,l3,0.00
i12,e08,c5,p32,l2,0.00
i12,e08,c5,p32,l3,0.00
i12,e08,c5,p33,l2,0.00
i12,e08,c5,p33,l3,0.00
i12,e08,c5,p35,l2,0.00
i12,e08,c5,p35,l3,0.00
i12,e09,c3,p01,l2,0.00
i12,e09,c3,p01,l3,0.00
i12,e09,c3,p03,l2,0.00
i12,e09,c3,p03,l3,0.00
i12,e09,c3,p05,l2,0.00
i12,e09,c3,p05,l3,0.00
i12,e09,c3,p10,l2,0.00
i12,e09,c3,p10,l3,0.00
i12,e09,c3,p12,l3,0.00
i12,e09,c3,p13,l3,0.00
i12,e09,c3,p14,l3,0.00
i12,e09,c3,p16,l2,0.00
i12,e09,c3,p16,l3,0.00
i12,e09,c3,p17,l3,0.00
i12,e09,c3,p18,l2,0.00
i12,e09,c3,p18,l3,0.00
i12,e09,c3,p19,l2,0.00
i12,e09,c3,p19,l3,0.00
i12,e09,c3,p21,l2,0.00
i12,e09,c3,p21,l3,0.00
i12,e09,c3,p22,l3,0.00
i12,e09,c3,p28,l3,0.00
i12,e09,c3,p29,l2,0.00
i12,e09,c3,p33,l3,0.00
i12,e09,c3,p35,l3,0.00
i12,e09,c5,p01,l2,0.00
i12,e09,c5,p01,l3,0.00
i12,e09,c5,p02,l2,0.00
i12,e09,c5,p02,l3,0.00
i12,e09,c5,p03,l2,0.00
i12,e09,c5,p03,l3,3.66
i12,e09,c5,p04,l2,0.00
i12,e09,c5,p04,l3,3.42
i12,e09,c5,p05,l2,0.00
i12,e09,c5,p05,l3,0.00
i12,e09,c5,p06,l2,0.00
i12,e09,c5,p06,l3,2.09
i12,e09,c5,p07,l2,0.00
i12,e09,c5,p07,l3,0.00
i12,e09,c5,p08,l2,0.00
i12,e09,c5,p08,l3,0.00
i12,e09,c5,p09,l2,0.00
i12,e09,c5,p09,l3,0.00
i12,e09,c5,p10,l2,0.00
i12,e09,c5,p10,l3,1.56
i12,e09,c5,p11,l2,0.00
i12,e09,c5,p11,l3,1.01
i12,e09,c5,p12,l2,0.00
i12,e09,c5,p12,l3,3.47
i12,e09,c5,p13,l2,0.00
i12,e09,c5,p13,l3,5.16
i12,e09,c5,p14,l2,0.00
i12,e09,c5,p14,l3,1.74
i12,e09,c5,p15,l2,0.00
i12,e09,c5,p15,l3,6.23
i12,e09,c5,p16,l2,0.00
i12,e09,c5,p16,l3,2.43
i12,e09,c5,p17,l2,0.00
i12,e09,c5,p17,l3,1.15
i12,e09,c5,p18,l2,0.00
i12,e09,c5,p18,l3,1.73
i12,e09,c5,p19,l2,0.00
i12,e09,c5,p19,l3,14.23
i12,e09,c5,p20,l2,0.00
i12,e09,c5,p20,l3,0.00
i12,e09,c5,p21,l2,0.00
i12,e09,c5,p21,l3,0.00
i12,e09,c5,p22,l2,0.00
i12,e09,c5,p22,l3,0.00
i12,e09,c5,p23,l2,0.00
i12,e09,c5,p23,l3,0.00
i12,e09,c5,p24,l2,0.00
i12,e09,c5,p24,l3,0.00
i12,e09,c5,p25,l2,0.00
i12,e09,c5,p25,l3,0.00
i12,e09,c5,p26,l2,0.00
i12,e09,c5,p26,l3,0.00
i12,e09,c5,p27,l2,0.00
i12,e09,c5,p27,l3,0.00
i12,e09,c5,p28,l2,0.00
i12,e09,c5,p28,l3,0.00
i12,e09,c5,p29,l2,0.00
i12,e09,c5,p29,l3,0.00
i12,e09,c5,p30,l3,0.00
i12,e09,c5,p31,l2,0.00
i12,e09,c5,p31,l3,0.00
i12,e09,c5,p32,l2,0.00
i12,e09,c5,p32,l3,0.00
i12,e09,c5,p33,l2,0.00
i12,e09,c5,p33,l3,0.00
i12,e09,c5,p35,l2,0.00
i12,e09,c5,p35,l3,0.00
i12,e11,c5,p01,l3,0.00
i12,e11,c5,p13,l3,0.00
i12,e12,c3,p01,l3,0.00
i12,e12,c3,p03,l3,0.00
i12,e12,c3,p10,l3,0.00
i12,e12,c3,p16,l3,0.00
i12,e12,c3,p19,l3,0.00
i12,e12,c3,p35,l3,0.00
i12,e12,c5,p01,l3,0.00
i12,e12,c5,p02,l3,0.00
i12,e12,c5,p03,l3,0.00
i12,e12,c5,p04,l3,0.00
i12,e12,c5,p05,l3,1.34
i12,e12,c5,p06,l3,0.00
i12,e12,c5,p07,l3,0.00
i12,e12,c5,p08,l3,0.00
i12,e12,c5,p09,l3,0.00
i12,e12,c5,p10,l3,1.51
i12,e12,c5,p11,l3,0.00
i12,e12,c5,p12,l3,0.00
i12,e12,c5,p13,l3,0.00
i12,e12,c5,p14,l3,0.00
i12,e12,c5,p15,l3,0.00
i12,e12,c5,p16,l3,0.00
i12,e12,c5,p17,l3,0.00
i12,e12,c5,p18,l3,0.00
i12,e12,c5,p19,l3,0.00
i12,e12,c5,p20,l3,0.00
i12,e12,c5,p21,l3,0.00
i12,e12,c5,p22,l3,0.00
i12,e12,c5,p23,l3,0.00
i12,e12,c5,p24,l3,0.00
i12,e12,c5,p25,l3,0.00
i12,e12,c5,p28,l3,0.00
i12,e12,c5,p29,l3,0.00
i12,e12,c5,p31,l3,0.00
i12,e12,c5,p32,l3,0.00
i12,e12,c5,p33,l3,0.00
i12,e12,c5,p35,l3,0.00
i120,e01,c5,p10,l3,0.00
i120,e01,c5,p35,l3,0.00
i120,e03,c5,p10,l3,0.00
i120,e03,c5,p35,l3,0.00
i120,e04,c5,p10,l3,0.00
i120,e04,c5,p35,l3,0.00
i120,e05,c5,p10,l3,0.00
i120,e05,c5,p35,l3,0.00
i120,e08,c5,p10,l3,0.00
i120,e08,c5,p35,l3,0.00
i120,e09,c5,p10,l3,0.00
i120,e12,c5,p10,l3,0.00
i120,e12,c5,p35,l3,0.00
i121,e01,c3,p01,l3,0.00
i121,e01,c5,p01,l3,0.00
i121,e01,c5,p02,l3,0.00
i121,e01,c5,p03,l3,0.00
i121,e01,c5,p07,l3,0.00
i121,e01,c5,p10,l3,0.00
i121,e01,c5,p11,l3,0.00
i121,e01,c5,p12,l3,0.00
i121,e01,c5,p14,l3,0.00
i121,e01,c5,p15,l3,0.00
i121,e01,c5,p17,l3,0.00
i121,e01,c5,p19,l3,0.00
i121,e01,c5,p21,l3,0.00
i121,e01,c5,p35,l3,0.00
i121,e04,c3,p01,l3,0.00
i121,e04,c5,p02,l3,0.00
i121,e04,c5,p03,l3,0.00
i121,e04,c5,p04,l1,0.00
i121,e04,c5,p05,l3,0.00
i121,e04,c5,p07,l3,0.00
i121,e04,c5,p09,l3,0.00
i121,e04,c5,p10,l1,0.00
i121,e04,c5,p10,l3,0.00
i121,e04,c5,p11,l1,0.00
i121,e04,c5,p11,l3,0.00
i121,e04,c5,p14,l3,0.00
i121,e04,c5,p15,l1,0.00
i121,e04,c5,p19,l3,0.00
i121,e04,c5,p21,l1,0.00
i121,e04,c5,p21,l3,0.00
i121,e04,c5,p22,l3,0.00
i121,e04,c5,p29,l3,0.00
i121,e04,c5,p35,l1,0.00
i121,e04,c5,p35,l3,0.00
i121,e05,c5,p01,l3,0.00
i121,e05,c5,p02,l1,0.00
i121,e05,c5,p02,l3,0.00
i121,e05,c5,p10,l3,0.00
i121,e05,c5,p14,l3,0.00
i121,e08,c3,p01,l3,0.00
i121,e08,c5,p01,l2,0.00
i121,e08,c5,p01,l3,0.00
i121,e08,c5,p02,l2,0.00
i121,e08,c5,p02,l3,0.00
i121,e08,c5,p03,l2,0.00
i121,e08,c5,p03,l3,0.00
i121,e08,c5,p04,l2,0.00
i121,e08,c5,p07,l3,0.00
i121,e08,c5,p09,l3,0.00
i121,e08,c5,p10,l2,0.00
i121,e08,c5,p10,l3,0.00
i121,e08,c5,p11,l2,0.00
i121,e08,c5,p11,l3,0.00
i121,e08,c5,p12,l3,0.00
i121,e08,c5,p13,l3,0.00
i121,e08,c5,p14,l2,0.00
i121,e08,c5,p14,l3,0.00
i121,e08,c5,p15,l2,0.00
i121,e08,c5,p17,l3,0.00
i121,e08,c5,p18,l3,0.00
i121,e08,c5,p19,l3,0.00
i121,e08,c5,p20,l3,0.00
i121,e08,c5,p21,l2,0.00
i121,e08,c5,p21,l3,0.00
i121,e08,c5,p22,l3,0.00
i121,e08,c5,p29,l3,0.00
i121,e08,c5,p35,l2,0.00
i121,e08,c5,p35,l3,0.00
i121,e09,c3,p01,l3,0.00
i121,e09,c5,p01,l2,0.00
i121,e09,c5,p01,l3,0.00
i121,e09,c5,p02,l3,0.00
i121,e09,c5,p03,l3,0.00
i121,e09,c5,p04,l2,0.00
i121,e09,c5,p05,l3,0.00
i121,e09,c5,p07,l3,0.00
i121,e09,c5,p10,l2,0.00
i121,e09,c5,p10,l3,0.00
i121,e09,c5,p11,l2,0.00
i121,e09,c5,p11,l3,0.00
i121,e09,c5,p12,l3,0.00
i121,e09,c5,p13,l3,0.00
i121,e09,c5,p14,l3,0.00
i121,e09,c5,p19,l3,0.00
i121,e09,c5,p22,l3,0.00
i121,e09,c5,p35,l3,0.00
i121,e12,c5,p01,l3,0.00
i121,e12,c5,p02,l3,0.00
i121,e12,c5,p03,l3,0.00
i121,e12,c5,p07,l3,0.00
i121,e12,c5,p09,l3,0.00
i121,e12,c5,p10,l3,0.00
i121,e12,c5,p11,l3,0.00
i121,e12,c5,p12,l3,0.00
i121,e12,c5,p13,l3,0.00
i121,e12,c5,p14,l3,0.00
i121,e12,c5,p17,l3,0.00
i121,e12,c5,p19,l3,0.00
i121,e12,c5,p20,l3,0.00
i121,e12,c5,p21,l3,0.00
i121,e12,c5,p22,l3,0.00
i121,e12,c5,p28,l3,0.00
i121,e12,c5,p29,l3,0.00
i121,e12,c5,p35,l3,0.00
i122,e05,c5,p05,l3,0.00
i122,e05,c5,p11,l3,0.00
i122,e05,c5,p15,l3,0.00
i122,e05,c5,p35,l3,0.00
i123,e01,c3,p02,l3,0.00
i123,e01,c3,p03,l3,0.00
i123,e01,c3,p11,l3,0.00
i123,e01,c3,p29,l3,0.00
i123,e01,c3,p35,l3,0.00
i123,e01,c5,p01,l3,0.00
i123,e01,c5,p02,l3,0.00
i123,e01,c5,p03,l3,0.00
i123,e01,c5,p04,l3,0.00
i123,e01,c5,p05,l3,0.00
i123,e01,c5,p06,l3,0.00
i123,e01,c5,p07,l3,0.00
i123,e01,c5,p08,l3,0.00
i123,e01,c5,p09,l3,0.00
i123,e01,c5,p10,l3,0.00
i123,e01,c5,p11,l3,0.00
i123,e01,c5,p12,l3,0.00
i123,e01,c5,p14,l3,0.00
i123,e01,c5,p15,l3,0.00
i123,e01,c5,p16,l3,0.00
i123,e01,c5,p17,l3,0.00
i123,e01,c5,p18,l3,0.00
i123,e01,c5,p19,l3,0.00
i123,e01,c5,p20,l3,0.00
i123,e01,c5,p21,l3,0.00
i123,e01,c5,p22,l3,0.00
i123,e01,c5,p23,l3,0.00
i123,e01,c5,p24,l3,0.00
i123,e01,c5,p25,l3,0.00
i123,e01,c5,p28,l3,0.00
i123,e01,c5,p29,l3,0.00
i123,e01,c5,p32,l3,0.00
i123,e01,c5,p35,l3,0.00
i123,e04,c3,p01,l3,0.00
i123,e04,c3,p02,l3,0.00
i123,e04,c3,p03,l3,0.00
i123,e04,c3,p07,l3,0.00
i123,e04,c3,p11,l3,0.00
i123,e04,c3,p29,l3,0.00
i123,e04,c3,p35,l3,0.00
i123,e04,c5,p01,l3,0.00
i123,e04,c5,p02,l3,0.00
i123,e04,c5,p03,l3,0.00
i123,e04,c5,p04,l3,0.00
i123,e04,c5,p05,l3,0.00
i123,e04,c5,p06,l3,0.00
i123,e04,c5,p07,l3,0.00
i123,e04,c5,p08,l3,0.00
i123,e04,c5,p09,l3,0.00
i123,e04,c5,p10,l3,0.00
i123,e04,c5,p11,l3,0.00
i123,e04,c5,p12,l3,0.00
i123,e04,c5,p14,l3,0.00
i123,e04,c5,p15,l3,0.00
i123,e04,c5,p16,l3,0.00
i123,e04,c5,p17,l3,0.00
i123,e04,c5,p19,l3,0.00
i123,e04,c5,p20,l3,0.00
i123,e04,c5,p21,l3,0.00
i123,e04,c5,p22,l3,0.00
i123,e04,c5,p23,l3,0.00
i123,e04,c5,p24,l3,0.00
i123,e04,c5,p25,l3,0.00
i123,e04,c5,p28,l3,0.00
i123,e04,c5,p29,l3,0.00
i123,e04,c5,p35,l3,0.00
i123,e09,c3,p01,l3,0.00
i123,e09,c3,p02,l3,0.00
i123,e09,c3,p03,l3,0.00
i123,e09,c3,p05,l3,0.00
i123,e09,c3,p11,l3,0.00
i123,e09,c3,p16,l3,0.00
i123,e09,c3,p29,l3,0.00
i123,e09,c3,p35,l3,0.00
i123,e09,c5,p01,l3,0.00
i123,e09,c5,p02,l3,0.00
i123,e09,c5,p03,l3,0.00
i123,e09,c5,p04,l3,0.00
i123,e09,c5,p05,l3,0.00
i123,e09,c5,p06,l3,0.00
i123,e09,c5,p07,l3,0.00
i123,e09,c5,p08,l3,0.00
i123,e09,c5,p09,l3,0.00
i123,e09,c5,p10,l3,0.00
i123,e09,c5,p11,l3,0.00
i123,e09,c5,p12,l3,0.00
i123,e09,c5,p14,l3,0.00
i123,e09,c5,p15,l3,0.00
i123,e09,c5,p16,l3,0.00
i123,e09,c5,p17,l3,0.00
i123,e09,c5,p18,l3,0.00
i123,e09,c5,p19,l3,0.00
i123,e09,c5,p20,l3,0.00
i123,e09,c5,p21,l3,0.00
i123,e09,c5,p22,l3,0.00
i123,e09,c5,p23,l3,0.00
i123,e09,c5,p24,l3,0.00
i123,e09,c5,p25,l3,0.00
i123,e09,c5,p28,l3,0.00
i123,e09,c5,p29,l3,0.00
i123,e09,c5,p32,l3,0.00
i123,e09,c5,p35,l3,0.00
i124,e05,c5,p10,l3,0.00
i124,e08,c3,p01,l3,0.00
i124,e08,c3,p04,l2,0.00
i124,e08,c3,p04,l3,0.00
i124,e08,c3,p05,l3,0.00
i124,e08,c3,p10,l2,0.00
i124,e08,c3,p10,l3,0.00
i124,e08,c3,p12,l2,0.00
i124,e08,c3,p12,l3,0.00
i124,e08,c3,p13,l2,0.00
i124,e08,c3,p15,l2,0.00
i124,e08,c3,p15,l3,0.00
i124,e08,c3,p16,l2,0.00
i124,e08,c3,p16,l3,0.00
i124,e08,c3,p19,l3,0.00
i124,e08,c3,p21,l2,0.00
i124,e08,c3,p21,l3,0.00
i124,e08,c3,p22,l2,0.00
i124,e08,c3,p22,l3,0.00
i124,e08,c3,p28,l2,0.00
i124,e08,c3,p28,l3,0.00
i124,e08,c3,p35,l3,0.00
i124,e08,c5,p10,l3,0.00
i124,e11,c3,p04,l3,0.00
i124,e11,c3,p16,l2,0.00
i124,e11,c3,p16,l3,0.00
i125,e02,c3,p10,l1,0.00
i125,e02,c3,p10,l3,0.00
i125,e02,c3,p35,l3,0.00
i125,e05,c3,p01,l3,0.00
i125,e05,c3,p08,l3,0.00
i125,e05,c3,p10,l1,0.00
i125,e05,c3,p10,l3,0.00
i125,e05,c3,p11,l3,0.00
i125,e05,c3,p16,l3,0.00
i125,e05,c3,p35,l1,0.00
i125,e05,c3,p35,l3,0.00
i125,e05,c5,p10,l3,0.00
i126,e01,c5,p10,l3,0.00
i126,e01,c5,p11,l3,0.00
i126,e01,c5,p35,l3,0.00
i126,e04,c5,p11,l3,0.00
i126,e04,c5,p12,l3,0.00
i126,e04,c5,p13,l3,0.00
i126,e04,c5,p35,l3,0.00
i126,e05,c5,p35,l3,0.00
i126,e08,c5,p04,l3,0.00
i126,e08,c5,p10,l3,0.00
i126,e08,c5,p11,l2,0.00
i126,e08,c5,p11,l3,0.00
i126,e08,c5,p12,l2,0.00
i126,e08,c5,p12,l3,0.00
i126,e08,c5,p13,l3,0.00
i126,e08,c5,p16,l3,0.00
i126,e08,c5,p19,l3,0.00
i126,e08,c5,p21,l3,0.00
i126,e08,c5,p35,l2,0.00
i126,e08,c5,p35,l3,0.00
i126,e09,c5,p10,l3,0.00
i126,e09,c5,p11,l3,0.00
i126,e09,c5,p13,l3,0.00
i126,e09,c5,p35,l3,0.00
i126,e12,c5,p10,l3,0.00
i127,e01,c5,p10,l3,0.00
i127,e01,c5,p13,l3,0.00
i127,e01,c5,p25,l3,0.00
i127,e01,c5,p35,l3,0.00
i127,e02,c5,p04,l3,0.00
i127,e02,c5,p06,l3,0.00
i127,e02,c5,p19,l1,0.00
i127,e02,c5,p19,l3,0.00
i127,e02,c5,p35,l1,0.00
i127,e02,c5,p35,l3,0.00
i127,e04,c5,p09,l3,0.00
i127,e04,c5,p24,l3,0.00
i127,e04,c5,p35,l3,0.00
i127,e05,c3,p19,l3,0.00
i127,e05,c5,p01,l3,0.00
i127,e05,c5,p06,l3,0.00
i127,e05,c5,p13,l3,0.00
i127,e05,c5,p16,l1,0.00
i127,e05,c5,p19,l1,0.00
i127,e05,c5,p19,l3,0.00
i127,e05,c5,p21,l3,0.00
i127,e05,c5,p28,l3,0.00
i127,e05,c5,p35,l1,0.00
i127,e05,c5,p35,l3,0.00
i127,e08,c5,p09,l3,0.00
i127,e08,c5,p10,l3,0.00
i127,e08,c5,p22,l3,0.00
i127,e08,c5,p24,l3,0.00
i127,e08,c5,p35,l3,0.00
i128,e05,c3,p10,l3,0.00
i128,e05,c3,p19,l3,0.00
i129,e01,c5,p01,l3,0.00
i129,e01,c5,p02,l3,0.00
i129,e01,c5,p03,l3,0.00
i129,e01,c5,p04,l3,0.00
i129,e01,c5,p05,l3,0.00
i129,e01,c5,p06,l3,0.00
i129,e01,c5,p09,l3,0.00
i129,e01,c5,p10,l3,0.00
i129,e01,c5,p15,l3,0.00
i129,e01,c5,p16,l3,0.00
i129,e01,c5,p23,l3,0.00
i129,e01,c5,p24,l3,0.00
i129,e01,c5,p29,l3,0.00
i129,e01,c5,p35,l3,0.00
i129,e04,c5,p01,l3,0.00
i129,e04,c5,p02,l3,0.00
i129,e04,c5,p03,l3,0.00
i129,e04,c5,p04,l3,0.00
i129,e04,c5,p05,l3,0.00
i129,e04,c5,p06,l3,0.00
i129,e04,c5,p09,l3,0.00
i129,e04,c5,p10,l3,0.00
i129,e04,c5,p15,l3,0.00
i129,e04,c5,p16,l3,0.00
i129,e04,c5,p23,l3,0.00
i129,e04,c5,p24,l3,0.00
i129,e04,c5,p35,l3,0.00
i129,e05,c5,p01,l3,0.00
i129,e05,c5,p16,l3,0.00
i129,e08,c5,p01,l3,0.00
i129,e08,c5,p02,l3,0.00
i129,e08,c5,p03,l3,0.00
i129,e08,c5,p04,l3,0.00
i129,e08,c5,p05,l3,0.00
i129,e08,c5,p06,l3,0.00
i129,e08,c5,p09,l3,0.00
i129,e08,c5,p10,l3,0.00
i129,e08,c5,p15,l3,0.00
i129,e08,c5,p16,l3,0.00
i129,e08,c5,p23,l3,0.00
i129,e08,c5,p24,l3,0.00
i129,e08,c5,p29,l3,0.00
i129,e08,c5,p35,l3,0.00
i129,e09,c5,p01,l3,0.00
i129,e09,c5,p04,l3,0.00
i129,e09,c5,p09,l3,0.00
i129,e09,c5,p10,l3,0.00
i129,e09,c5,p15,l3,0.00
i129,e09,c5,p16,l3,0.00
i129,e09,c5,p23,l3,0.00
i129,e09,c5,p24,l3,0.00
i129,e09,c5,p35,l3,0.00
i129,e11,c5,p02,l3,0.00
i13,e01,c3,p01,l3,0.00
i13,e01,c3,p02,l3,0.00
i13,e01,c3,p03,l3,0.00
i13,e01,c3,p04,l3,0.00
i13,e01,c3,p05,l3,0.00
i13,e01,c3,p10,l3,0.00
i13,e01,c3,p11,l3,0.00
i13,e01,c3,p13,l3,0.00
i13,e01,c3,p15,l3,0.00
i13,e01,c3,p16,l3,0.00
i13,e01,c3,p17,l3,0.00
i13,e01,c3,p19,l3,0.00
i13,e01,c3,p21,l3,0.00
i13,e01,c3,p29,l3,0.00
i13,e01,c3,p35,l3,0.00
i13,e01,c5,p01,l3,4.01
i13,e01,c5,p02,l3,0.00
i13,e01,c5,p03,l3,0.00
i13,e01,c5,p04,l3,0.00
i13,e01,c5,p05,l3,0.00
i13,e01,c5,p06,l3,0.00
i13,e01,c5,p07,l3,1.25
i13,e01,c5,p08,l3,0.00
i13,e01,c5,p09,l3,0.00
i13,e01,c5,p10,l3,0.00
i13,e01,c5,p11,l3,0.00
i13,e01,c5,p12,l3,0.00
i13,e01,c5,p13,l3,0.00
i13,e01,c5,p14,l3,0.00
i13,e01,c5,p15,l3,0.00
i13,e01,c5,p16,l3,0.00
i13,e01,c5,p17,l3,0.00
i13,e01,c5,p18,l3,0.00
i13,e01,c5,p19,l3,0.00
i13,e01,c5,p20,l3,0.00
i13,e01,c5,p21,l3,0.00
i13,e01,c5,p22,l3,0.00
i13,e01,c5,p23,l3,0.00
i13,e01,c5,p24,l3,0.00
i13,e01,c5,p25,l3,0.00
i13,e01,c5,p26,l3,0.00
i13,e01,c5,p28,l3,0.00
i13,e01,c5,p29,l3,0.00
i13,e01,c5,p30,l3,0.00
i13,e01,c5,p31,l3,0.00
i13,e01,c5,p32,l3,0.00
i13,e01,c5,p33,l3,0.00
i13,e01,c5,p35,l3,0.00
i13,e02,c3,p01,l3,0.00
i13,e02,c3,p24,l3,0.00
i13,e02,c5,p01,l3,0.00
i13,e02,c5,p02,l3,0.00
i13,e02,c5,p03,l3,0.00
i13,e02,c5,p04,l3,0.00
i13,e02,c5,p05,l3,0.00
i13,e02,c5,p06,l3,0.00
i13,e02,c5,p07,l3,0.00
i13,e02,c5,p08,l3,0.00
i13,e02,c5,p09,l3,0.00
i13,e02,c5,p10,l3,0.00
i13,e02,c5,p11,l3,0.00
i13,e02,c5,p12,l3,0.00
i13,e02,c5,p14,l3,0.00
i13,e02,c5,p15,l3,0.00
i13,e02,c5,p16,l3,0.00
i13,e02,c5,p17,l3,0.00
i13,e02,c5,p18,l3,0.00
i13,e02,c5,p19,l3,0.00
i13,e02,c5,p21,l3,0.00
i13,e02,c5,p22,l3,0.00
i13,e02,c5,p24,l3,0.00
i13,e02,c5,p29,l3,0.00
i13,e02,c5,p32,l3,0.00
i13,e02,c5,p35,l3,0.00
i13,e03,c3,p01,l3,0.00
i13,e03,c3,p02,l3,0.00
i13,e03,c3,p03,l3,0.00
i13,e03,c3,p04,l3,0.00
i13,e03,c3,p05,l3,0.00
i13,e03,c3,p06,l3,0.00
i13,e03,c3,p07,l3,0.00
i13,e03,c3,p08,l3,0.00
i13,e03,c3,p09,l3,0.00
i13,e03,c3,p10,l3,0.00
i13,e03,c3,p11,l3,0.00
i13,e03,c3,p12,l3,0.00
i13,e03,c3,p13,l3,0.00
i13,e03,c3,p14,l3,0.00
i13,e03,c3,p15,l3,0.00
i13,e03,c3,p16,l3,0.00
i13,e03,c3,p17,l3,0.00
i13,e03,c3,p18,l3,0.00
i13,e03,c3,p19,l3,0.00
i13,e03,c3,p20,l3,0.00
i13,e03,c3,p21,l3,0.00
i13,e03,c3,p23,l3,0.00
i13,e03,c3,p24,l3,0.00
i13,e03,c3,p28,l3,0.00
i13,e03,c3,p29,l3,0.00
i13,e03,c3,p31,l3,0.00
i13,e03,c3,p32,l3,0.00
i13,e03,c3,p35,l3,0.00
i13,e03,c5,p01,l3,1.56
i13,e03,c5,p02,l3,0.00
i13,e03,c5,p03,l3,1.19
i13,e03,c5,p04,l3,0.00
i13,e03,c5,p05,l3,0.00
i13,e03,c5,p06,l3,1.29
i13,e03,c5,p07,l3,0.00
i13,e03,c5,p08,l3,0.00
i13,e03,c5,p09,l3,0.00
i13,e03,c5,p10,l3,4.03
i13,e03,c5,p11,l3,2.42
i13,e03,c5,p12,l3,0.00
i13,e03,c5,p13,l3,0.00
i13,e03,c5,p14,l3,0.00
i13,e03,c5,p15,l3,0.00
i13,e03,c5,p16,l3,0.00
i13,e03,c5,p17,l3,1.37
i13,e03,c5,p18,l3,0.00
i13,e03,c5,p19,l3,3.33
i13,e03,c5,p20,l3,0.00
i13,e03,c5,p21,l3,0.00
i13,e03,c5,p22,l3,0.00
i13,e03,c5,p23,l3,0.00
i13,e03,c5,p24,l3,2.40
i13,e03,c5,p25,l3,0.00
i13,e03,c5,p26,l3,0.00
i13,e03,c5,p28,l3,0.00
i13,e03,c5,p29,l3,0.00
i13,e03,c5,p30,l3,0.00
i13,e03,c5,p31,l3,0.00
i13,e03,c5,p32,l3,0.00
i13,e03,c5,p33,l3,0.00
i13,e03,c5,p35,l3,1.13
i13,e04,c3,p01,l3,0.00
i13,e04,c3,p02,l3,0.00
i13,e04,c3,p03,l3,0.00
i13,e04,c3,p04,l3,0.00
i13,e04,c3,p08,l3,0.00
i13,e04,c3,p10,l3,0.00
i13,e04,c3,p12,l3,0.00
i13,e04,c3,p13,l3,0.00
i13,e04,c3,p14,l3,0.00
i13,e04,c3,p16,l3,0.00
i13,e04,c3,p17,l3,0.00
i13,e04,c3,p19,l3,0.00
i13,e04,c3,p21,l3,0.00
i13,e04,c3,p24,l3,0.00
i13,e04,c3,p29,l3,0.00
i13,e04,c3,p35,l3,0.00
i13,e04,c5,p01,l3,4.44
i13,e04,c5,p02,l3,0.00
i13,e04,c5,p03,l3,0.00
i13,e04,c5,p04,l3,0.00
i13,e04,c5,p05,l3,0.00
i13,e04,c5,p06,l3,0.00
i13,e04,c5,p07,l3,6.32
i13,e04,c5,p08,l3,0.00
i13,e04,c5,p09,l3,0.00
i13,e04,c5,p10,l3,2.01
i13,e04,c5,p11,l3,0.00
i13,e04,c5,p12,l3,0.00
i13,e04,c5,p13,l3,0.00
i13,e04,c5,p14,l3,0.00
i13,e04,c5,p15,l3,0.00
i13,e04,c5,p16,l3,1.65
i13,e04,c5,p17,l3,0.00
i13,e04,c5,p18,l3,3.72
i13,e04,c5,p19,l3,0.00
i13,e04,c5,p20,l3,0.00
i13,e04,c5,p21,l3,0.00
i13,e04,c5,p22,l3,0.00
i13,e04,c5,p23,l3,0.00
i13,e04,c5,p24,l3,0.00
i13,e04,c5,p25,l3,0.00
i13,e04,c5,p26,l3,0.00
i13,e04,c5,p28,l3,1.05
i13,e04,c5,p29,l3,0.00
i13,e04,c5,p30,l3,0.00
i13,e04,c5,p31,l3,0.00
i13,e04,c5,p32,l3,0.00
i13,e04,c5,p33,l3,0.00
i13,e04,c5,p35,l3,0.00
i13,e05,c3,p01,l3,0.00
i13,e05,c3,p07,l3,0.00
i13,e05,c3,p10,l3,0.00
i13,e05,c3,p13,l3,0.00
i13,e05,c3,p17,l3,0.00
i13,e05,c3,p19,l3,0.00
i13,e05,c3,p21,l3,0.00
i13,e05,c3,p24,l3,0.00
i13,e05,c3,p35,l3,0.00
i13,e05,c5,p01,l3,0.00
i13,e05,c5,p02,l3,0.00
i13,e05,c5,p03,l3,0.00
i13,e05,c5,p04,l3,0.00
i13,e05,c5,p05,l3,0.00
i13,e05,c5,p06,l3,0.00
i13,e05,c5,p07,l3,1.37
i13,e05,c5,p08,l3,0.00
i13,e05,c5,p09,l3,0.00
i13,e05,c5,p10,l3,0.00
i13,e05,c5,p11,l3,1.14
i13,e05,c5,p12,l3,0.00
i13,e05,c5,p13,l3,0.00
i13,e05,c5,p14,l3,0.00
i13,e05,c5,p15,l3,0.00
i13,e05,c5,p16,l3,0.00
i13,e05,c5,p17,l3,0.00
i13,e05,c5,p18,l3,0.00
i13,e05,c5,p19,l3,0.00
i13,e05,c5,p20,l3,0.00
i13,e05,c5,p21,l3,1.08
i13,e05,c5,p22,l3,0.00
i13,e05,c5,p23,l3,0.00
i13,e05,c5,p24,l3,0.00
i13,e05,c5,p25,l3,0.00
i13,e05,c5,p26,l3,0.00
i13,e05,c5,p28,l3,1.09
i13,e05,c5,p29,l3,0.00
i13,e05,c5,p30,l3,0.00
i13,e05,c5,p31,l3,0.00
i13,e05,c5,p32,l3,0.00
i13,e05,c5,p35,l3,0.00
i13,e07,c3,p35,l3,0.00
i13,e07,c5,p01,l3,0.00
i13,e07,c5,p03,l3,0.00
i13,e07,c5,p04,l3,0.00
i13,e07,c5,p05,l3,0.00
i13,e07,c5,p06,l3,0.00
i13,e07,c5,p07,l3,0.00
i13,e07,c5,p08,l3,0.00
i13,e07,c5,p09,l3,0.00
i13,e07,c5,p10,l3,0.00
i13,e07,c5,p11,l3,0.00
i13,e07,c5,p12,l3,0.00
i13,e07,c5,p13,l3,0.00
i13,e07,c5,p15,l3,0.00
i13,e07,c5,p16,l3,0.00
i13,e07,c5,p17,l3,0.00
i13,e07,c5,p19,l3,0.00
i13,e07,c5,p21,l3,0.00
i13,e07,c5,p24,l3,0.00
i13,e07,c5,p28,l3,0.00
i13,e07,c5,p31,l3,0.00
i13,e07,c5,p35,l3,0.00
i13,e08,c3,p01,l3,0.00
i13,e08,c3,p02,l3,0.00
i13,e08,c3,p03,l3,0.00
i13,e08,c3,p04,l3,0.00
i13,e08,c3,p05,l3,0.00
i13,e08,c3,p06,l3,0.00
i13,e08,c3,p07,l3,0.00
i13,e08,c3,p08,l3,0.00
i13,e08,c3,p09,l3,0.00
i13,e08,c3,p10,l3,0.00
i13,e08,c3,p11,l3,0.00
i13,e08,c3,p12,l3,0.00
i13,e08,c3,p13,l3,0.00
i13,e08,c3,p14,l3,0.00
i13,e08,c3,p15,l3,0.00
i13,e08,c3,p16,l3,0.00
i13,e08,c3,p17,l3,0.00
i13,e08,c3,p18,l3,0.00
i13,e08,c3,p19,l3,0.00
i13,e08,c3,p21,l3,0.00
i13,e08,c3,p23,l3,0.00
i13,e08,c3,p24,l3,0.00
i13,e08,c3,p28,l3,0.00
i13,e08,c3,p29,l3,0.00
i13,e08,c3,p31,l3,0.00
i13,e08,c3,p32,l3,0.00
i13,e08,c3,p35,l3,0.00
i13,e08,c5,p01,l3,32.05
i13,e08,c5,p02,l3,25.20
i13,e08,c5,p03,l3,24.20
i13,e08,c5,p04,l3,3.93
i13,e08,c5,p05,l3,15.16
i13,e08,c5,p06,l3,7.30
i13,e08,c5,p07,l3,33.13
i13,e08,c5,p08,l3,0.00
i13,e08,c5,p09,l3,0.00
i13,e08,c5,p10,l3,77.21
i13,e08,c5,p11,l3,5.28
i13,e08,c5,p12,l3,23.89
i13,e08,c5,p13,l3,2.07
i13,e08,c5,p14,l3,0.00
i13,e08,c5,p15,l3,18.13
i13,e08,c5,p16,l3,15.33
i13,e08,c5,p17,l3,47.37
i13,e08,c5,p18,l3,5.11
i13,e08,c5,p19,l3,22.61
i13,e08,c5,p20,l3,0.00
i13,e08,c5,p21,l3,15.78
i13,e08,c5,p22,l3,6.29
i13,e08,c5,p23,l3,0.00
i13,e08,c5,p24,l3,10.53
i13,e08,c5,p25,l3,3.07
i13,e08,c5,p26,l3,0.00
i13,e08,c5,p28,l3,0.00
i13,e08,c5,p29,l3,11.35
i13,e08,c5,p30,l3,0.00
i13,e08,c5,p31,l3,0.00
i13,e08,c5,p32,l3,0.00
i13,e08,c5,p33,l3,0.00
i13,e08,c5,p35,l3,1.53
i13,e09,c3,p01,l3,0.00
i13,e09,c3,p02,l3,0.00
i13,e09,c3,p03,l3,0.00
i13,e09,c3,p04,l3,0.00
i13,e09,c3,p08,l3,0.00
i13,e09,c3,p09,l3,0.00
i13,e09,c3,p10,l3,0.00
i13,e09,c3,p12,l3,0.00
i13,e09,c3,p13,l3,0.00
i13,e09,c3,p15,l3,0.00
i13,e09,c3,p17,l3,0.00
i13,e09,c3,p19,l3,0.00
i13,e09,c3,p21,l3,0.00
i13,e09,c3,p35,l3,0.00
i13,e09,c5,p01,l3,2.25
i13,e09,c5,p02,l3,0.00
i13,e09,c5,p03,l3,0.00
i13,e09,c5,p04,l3,0.00
i13,e09,c5,p05,l3,0.00
i13,e09,c5,p06,l3,0.00
i13,e09,c5,p07,l3,0.00
i13,e09,c5,p08,l3,0.00
i13,e09,c5,p09,l3,0.00
i13,e09,c5,p10,l3,0.00
i13,e09,c5,p11,l3,0.00
i13,e09,c5,p12,l3,0.00
i13,e09,c5,p13,l3,0.00
i13,e09,c5,p14,l3,0.00
i13,e09,c5,p15,l3,0.00
i13,e09,c5,p16,l3,0.00
i13,e09,c5,p17,l3,0.00
i13,e09,c5,p18,l3,0.00
i13,e09,c5,p19,l3,0.00
i13,e09,c5,p20,l3,0.00
i13,e09,c5,p21,l3,0.00
i13,e09,c5,p22,l3,0.00
i13,e09,c5,p23,l3,0.00
i13,e09,c5,p24,l3,0.00
i13,e09,c5,p25,l3,0.00
i13,e09,c5,p26,l3,0.00
i13,e09,c5,p28,l3,0.00
i13,e09,c5,p29,l3,0.00
i13,e09,c5,p30,l3,0.00
i13,e09,c5,p31,l3,0.00
i13,e09,c5,p32,l3,0.00
i13,e09,c5,p33,l3,0.00
i13,e09,c5,p35,l3,0.00
i13,e10,c3,p01,l3,0.00
i13,e10,c3,p02,l3,0.00
i13,e10,c3,p05,l3,0.00
i13,e10,c3,p06,l3,0.00
i13,e10,c3,p10,l3,0.00
i13,e10,c3,p13,l3,0.00
i13,e10,c3,p15,l3,0.00
i13,e10,c3,p19,l3,0.00
i13,e10,c3,p21,l3,0.00
i13,e10,c3,p35,l3,0.00
i13,e10,c5,p01,l3,0.00
i13,e10,c5,p02,l3,0.00
i13,e10,c5,p03,l3,0.00
i13,e10,c5,p04,l3,0.00
i13,e10,c5,p05,l3,0.00
i13,e10,c5,p06,l3,0.00
i13,e10,c5,p07,l3,1.33
i13,e10,c5,p08,l3,0.00
i13,e10,c5,p09,l3,0.00
i13,e10,c5,p10,l3,1.10
i13,e10,c5,p11,l3,0.00
i13,e10,c5,p12,l3,0.00
i13,e10,c5,p13,l3,0.00
i13,e10,c5,p14,l3,0.00
i13,e10,c5,p15,l3,0.00
i13,e10,c5,p16,l3,0.00
i13,e10,c5,p17,l3,0.00
i13,e10,c5,p18,l3,0.00
i13,e10,c5,p19,l3,0.00
i13,e10,c5,p20,l3,0.00
i13,e10,c5,p21,l3,0.00
i13,e10,c5,p22,l3,0.00
i13,e10,c5,p23,l3,0.00
i13,e10,c5,p24,l3,0.00
i13,e10,c5,p25,l3,0.00
i13,e10,c5,p26,l3,0.00
i13,e10,c5,p28,l3,0.00
i13,e10,c5,p29,l3,0.00
i13,e10,c5,p30,l3,0.00
i13,e10,c5,p31,l3,0.00
i13,e10,c5,p32,l3,0.00
i13,e10,c5,p33,l3,0.00
i13,e10,c5,p35,l3,0.00
i13,e11,c3,p01,l3,0.00
i13,e11,c3,p02,l3,0.00
i13,e11,c3,p03,l3,0.00
i13,e11,c3,p04,l3,0.00
i13,e11,c3,p05,l3,0.00
i13,e11,c3,p06,l3,0.00
i13,e11,c3,p07,l3,0.00
i13,e11,c3,p08,l3,0.00
i13,e11,c3,p09,l3,0.00
i13,e11,c3,p10,l3,0.00
i13,e11,c3,p11,l3,0.00
i13,e11,c3,p12,l3,0.00
i13,e11,c3,p13,l3,0.00
i13,e11,c3,p14,l3,0.00
i13,e11,c3,p15,l3,0.00
i13,e11,c3,p16,l3,0.00
i13,e11,c3,p17,l3,0.00
i13,e11,c3,p18,l3,0.00
i13,e11,c3,p19,l3,0.00
i13,e11,c3,p21,l3,0.00
i13,e11,c3,p23,l3,0.00
i13,e11,c3,p24,l3,0.00
i13,e11,c3,p28,l3,0.00
i13,e11,c3,p29,l3,0.00
i13,e11,c3,p32,l3,0.00
i13,e11,c3,p35,l3,0.00
i13,e11,c5,p01,l3,26.76
i13,e11,c5,p02,l3,2.63
i13,e11,c5,p03,l3,7.74
i13,e11,c5,p04,l3,0.00
i13,e11,c5,p05,l3,13.05
i13,e11,c5,p06,l3,9.38
i13,e11,c5,p07,l3,5.23
i13,e11,c5,p08,l3,0.00
i13,e11,c5,p09,l3,0.00
i13,e11,c5,p10,l3,11.44
i13,e11,c5,p11,l3,1.39
i13,e11,c5,p12,l3,6.05
i13,e11,c5,p13,l3,1.20
i13,e11,c5,p14,l3,0.00
i13,e11,c5,p15,l3,4.06
i13,e11,c5,p16,l3,3.55
i13,e11,c5,p17,l3,0.00
i13,e11,c5,p18,l3,7.49
i13,e11,c5,p19,l3,15.04
i13,e11,c5,p20,l3,0.00
i13,e11,c5,p21,l3,0.00
i13,e11,c5,p22,l3,0.00
i13,e11,c5,p23,l3,0.00
i13,e11,c5,p24,l3,0.00
i13,e11,c5,p25,l3,0.00
i13,e11,c5,p26,l3,0.00
i13,e11,c5,p28,l3,4.34
i13,e11,c5,p29,l3,0.00
i13,e11,c5,p30,l3,0.00
i13,e11,c5,p31,l3,0.00
i13,e11,c5,p32,l3,0.00
i13,e11,c5,p33,l3,0.00
i13,e11,c5,p35,l3,0.00
i13,e12,c3,p01,l3,0.00
i13,e12,c3,p02,l3,0.00
i13,e12,c3,p03,l3,0.00
i13,e12,c3,p05,l3,0.00
i13,e12,c3,p06,l3,0.00
i13,e12,c3,p10,l3,0.00
i13,e12,c3,p11,l3,0.00
i13,e12,c3,p12,l3,0.00
i13,e12,c3,p13,l3,0.00
i13,e12,c3,p14,l3,0.00
i13,e12,c3,p15,l3,0.00
i13,e12,c3,p16,l3,0.00
i13,e12,c3,p17,l3,0.00
i13,e12,c3,p19,l3,0.00
i13,e12,c3,p21,l3,0.00
i13,e12,c3,p24,l3,0.00
i13,e12,c3,p28,l3,0.00
i13,e12,c3,p29,l3,0.00
i13,e12,c3,p32,l3,0.00
i13,e12,c3,p35,l3,0.00
i13,e12,c5,p01,l3,0.00
i13,e12,c5,p02,l3,5.15
i13,e12,c5,p03,l3,0.00
i13,e12,c5,p04,l3,0.00
i13,e12,c5,p05,l3,0.00
i13,e12,c5,p06,l3,0.00
i13,e12,c5,p07,l3,0.00
i13,e12,c5,p08,l3,0.00
i13,e12,c5,p09,l3,0.00
i13,e12,c5,p10,l3,2.01
i13,e12,c5,p11,l3,11.51
i13,e12,c5,p12,l3,0.00
i13,e12,c5,p13,l3,0.00
i13,e12,c5,p14,l3,0.00
i13,e12,c5,p15,l3,0.00
i13,e12,c5,p16,l3,0.00
i13,e12,c5,p17,l3,4.15
i13,e12,c5,p18,l3,0.00
i13,e12,c5,p19,l3,2.51
i13,e12,c5,p20,l3,0.00
i13,e12,c5,p21,l3,0.00
i13,e12,c5,p22,l3,0.00
i13,e12,c5,p23,l3,0.00
i13,e12,c5,p24,l3,0.00
i13,e12,c5,p25,l3,0.00
i13,e12,c5,p26,l3,0.00
i13,e12,c5,p28,l3,1.49
i13,e12,c5,p29,l3,0.00
i13,e12,c5,p30,l3,0.00
i13,e12,c5,p31,l3,0.00
i13,e12,c5,p32,l3,0.00
i13,e12,c5,p33,l3,0.00
i13,e12,c5,p35,l3,0.00
i13,e13,c5,p07,l3,0.00
i13,e13,c5,p22,l3,0.00
i130,e01,c5,p01,l3,0.00
i130,e01,c5,p10,l3,0.00
i130,e01,c5,p21,l3,0.00
i130,e01,c5,p24,l3,0.00
i130,e01,c5,p26,l3,0.00
i130,e02,c5,p35,l3,0.00
i130,e04,c5,p01,l3,0.00
i130,e04,c5,p10,l3,0.00
i130,e04,c5,p21,l3,0.00
i130,e04,c5,p24,l3,0.00
i130,e04,c5,p26,l3,0.00
i130,e05,c5,p01,l3,0.00
i130,e05,c5,p10,l3,0.00
i130,e05,c5,p16,l3,0.00
i130,e05,c5,p26,l3,0.00
i130,e05,c5,p35,l3,0.00
i130,e08,c5,p01,l3,0.00
i130,e08,c5,p05,l3,0.00
i130,e08,c5,p10,l3,0.00
i130,e08,c5,p16,l3,0.00
i130,e08,c5,p17,l3,0.00
i130,e08,c5,p21,l3,0.00
i130,e08,c5,p24,l3,0.00
i130,e08,c5,p25,l3,0.00
i130,e08,c5,p26,l3,0.00
i130,e08,c5,p35,l3,0.00
i130,e09,c5,p24,l3,0.00
i130,e09,c5,p26,l3,0.00
i130,e09,c5,p35,l3,0.00
i130,e11,c5,p01,l3,0.00
i130,e11,c5,p10,l3,0.00
i130,e11,c5,p26,l3,0.00
i130,e11,c5,p35,l3,0.00
i130,e13,c5,p10,l3,0.00
i130,e13,c5,p35,l3,0.00
i131,e05,c3,p02,l3,0.00
i131,e05,c3,p05,l3,0.00
i131,e05,c3,p10,l3,0.00
i131,e05,c3,p11,l3,0.00
i131,e05,c3,p12,l1,0.00
i131,e05,c3,p12,l3,0.00
i131,e05,c3,p16,l1,0.00
i131,e05,c3,p16,l3,0.00
i131,e05,c3,p17,l3,0.00
i131,e05,c3,p19,l3,0.00
i131,e05,c3,p29,l1,0.00
i131,e05,c3,p29,l3,0.00
i131,e05,c3,p35,l1,0.00
i131,e05,c3,p35,l3,0.00
i131,e05,c5,p02,l3,0.00
i131,e05,c5,p05,l3,0.00
i131,e05,c5,p06,l3,0.00
i131,e05,c5,p07,l3,0.00
i131,e05,c5,p10,l3,0.00
i131,e05,c5,p12,l1,0.00
i131,e05,c5,p12,l3,0.00
i131,e05,c5,p14,l1,0.00
i131,e05,c5,p14,l3,0.00
i131,e05,c5,p15,l3,0.00
i131,e05,c5,p16,l1,0.00
i131,e05,c5,p16,l3,0.00
i131,e05,c5,p17,l3,0.00
i131,e05,c5,p19,l1,0.00
i131,e05,c5,p19,l3,0.00
i131,e05,c5,p21,l3,0.00
i131,e05,c5,p22,l3,0.00
i131,e05,c5,p23,l3,0.00
i131,e05,c5,p24,l3,0.00
i131,e05,c5,p25,l3,0.00
i131,e05,c5,p27,l1,0.00
i131,e05,c5,p29,l3,0.00
i131,e05,c5,p35,l1,0.00
i131,e05,c5,p35,l3,0.00
i132,e01,c1,p35,l3,1.18
i132,e01,c4,p35,l3,0.00
i132,e01,c7,p35,l3,0.00
i132,e04,c1,p35,l1,0.00
i132,e04,c1,p35,l3,0.00
i132,e04,c4,p35,l1,0.00
i132,e04,c4,p35,l3,0.00
i132,e04,c7,p35,l3,0.00
i132,e05,c1,p35,l1,0.00
i132,e05,c1,p35,l3,0.00
i132,e05,c4,p35,l3,0.00
i132,e09,c1,p35,l2,0.00
i132,e09,c1,p35,l3,0.00
i132,e09,c4,p35,l2,0.00
i132,e09,c4,p35,l3,0.00
i132,e09,c7,p35,l3,0.00
i132,e12,c1,p35,l3,0.00
i132,e12,c4,p35,l3,0.00
i133,e01,c3,p10,l3,0.00
i133,e01,c3,p35,l3,0.00
i133,e04,c3,p10,l1,0.00
i133,e04,c3,p10,l3,0.00
i133,e04,c3,p35,l3,0.00
i133,e09,c3,p10,l2,0.00
i133,e09,c3,p10,l3,0.00
i133,e09,c3,p35,l3,0.00
i134,e01,c1,p10,l3,0.00
i134,e04,c1,p10,l3,0.00
i134,e05,c1,p10,l3,0.00
i134,e08,c1,p10,l3,0.00
i134,e09,c1,p10,l3,0.00
i135,e02,c5,p35,l3,0.00
i135,e05,c5,p10,l3,0.00
i135,e05,c5,p35,l3,0.00
i136,e01,c1,p01,l3,0.00
i136,e01,c1,p02,l3,0.00
i136,e01,c1,p03,l3,0.00
i136,e01,c1,p04,l3,0.00
i136,e01,c1,p05,l3,0.00
i136,e01,c1,p07,l3,0.00
i136,e01,c1,p09,l3,0.00
i136,e01,c1,p10,l3,0.00
i136,e01,c1,p11,l3,0.00
i136,e01,c1,p12,l3,0.00
i136,e01,c1,p13,l3,0.00
i136,e01,c1,p14,l3,0.00
i136,e01,c1,p15,l3,0.00
i136,e01,c1,p17,l3,0.00
i136,e01,c1,p18,l3,0.00
i136,e01,c1,p19,l3,0.00
i136,e01,c1,p22,l3,0.00
i136,e01,c1,p23,l3,0.00
i136,e01,c1,p24,l3,0.00
i136,e01,c1,p28,l3,0.00
i136,e01,c1,p29,l3,0.00
i136,e01,c1,p32,l3,0.00
i136,e04,c1,p01,l3,0.00
i136,e04,c1,p02,l3,0.00
i136,e04,c1,p03,l3,0.00
i136,e04,c1,p07,l3,0.00
i136,e04,c1,p09,l3,0.00
i136,e04,c1,p10,l3,0.00
i136,e04,c1,p11,l3,0.00
i136,e04,c1,p12,l3,0.00
i136,e04,c1,p13,l3,0.00
i136,e04,c1,p14,l3,0.00
i136,e04,c1,p15,l3,0.00
i136,e04,c1,p17,l3,0.00
i136,e04,c1,p19,l3,0.00
i136,e04,c1,p22,l3,0.00
i136,e04,c1,p23,l3,0.00
i136,e04,c1,p24,l3,0.00
i136,e04,c1,p28,l3,0.00
i136,e04,c1,p29,l3,0.00
i136,e04,c1,p32,l3,0.00
i136,e04,c1,p35,l3,0.00
i136,e05,c1,p01,l3,0.00
i136,e05,c1,p02,l3,0.00
i136,e05,c1,p03,l3,0.00
i136,e05,c1,p04,l3,0.00
i136,e05,c1,p05,l3,0.00
i136,e05,c1,p07,l3,0.00
i136,e05,c1,p09,l3,0.00
i136,e05,c1,p10,l3,0.00
i136,e05,c1,p11,l3,0.00
i136,e05,c1,p12,l3,0.00
i136,e05,c1,p13,l3,0.00
i136,e05,c1,p14,l3,0.00
i136,e05,c1,p15,l3,0.00
i136,e05,c1,p17,l3,0.00
i136,e05,c1,p18,l3,0.00
i136,e05,c1,p19,l3,0.00
i136,e05,c1,p21,l3,0.00
i136,e05,c1,p22,l3,0.00
i136,e05,c1,p23,l3,0.00
i136,e05,c1,p24,l3,1.11
i136,e05,c1,p28,l3,0.00
i136,e05,c1,p29,l3,0.00
i136,e05,c1,p32,l3,0.00
i136,e05,c1,p35,l3,0.00
i136,e09,c1,p01,l3,0.00
i136,e09,c1,p02,l3,0.00
i136,e09,c1,p03,l3,0.00
i136,e09,c1,p05,l3,0.00
i136,e09,c1,p07,l3,0.00
i136,e09,c1,p09,l3,0.00
i136,e09,c1,p10,l3,0.00
i136,e09,c1,p11,l3,0.00
i136,e09,c1,p12,l3,0.00
i136,e09,c1,p13,l3,0.00
i136,e09,c1,p14,l3,0.00
i136,e09,c1,p15,l3,0.00
i136,e09,c1,p17,l3,0.00
i136,e09,c1,p18,l3,0.00
i136,e09,c1,p19,l3,0.00
i136,e09,c1,p22,l3,0.00
i136,e09,c1,p23,l3,0.00
i136,e09,c1,p24,l3,0.00
i136,e09,c1,p28,l3,0.00
i136,e09,c1,p29,l3,0.00
i136,e09,c1,p32,l3,0.00
i136,e09,c1,p35,l3,0.00
i136,e13,c1,p01,l3,0.00
i136,e13,c1,p03,l3,0.00
i136,e13,c1,p10,l3,0.00
i136,e13,c1,p11,l3,0.00
i136,e13,c1,p19,l3,0.00
i136,e13,c1,p28,l3,0.00
i137,e05,c3,p35,l3,0.00
i138,e05,c3,p35,l1,0.00
i138,e05,c3,p35,l3,0.00
i138,e11,c3,p35,l3,0.00
i139,e02,c3,p35,l1,0.00
i139,e02,c3,p35,l3,0.00
i139,e02,c5,p10,l3,0.00
i139,e02,c5,p35,l1,0.00
i139,e02,c5,p35,l3,0.00
i139,e05,c3,p35,l1,0.00
i139,e05,c3,p35,l3,0.00
i139,e05,c5,p01,l3,0.00
i139,e05,c5,p07,l3,0.00
i139,e05,c5,p10,l3,0.00
i139,e05,c5,p15,l3,0.00
i139,e05,c5,p19,l3,0.00
i139,e05,c5,p23,l3,0.00
i139,e05,c5,p24,l3,0.00
i139,e05,c5,p28,l3,0.00
i139,e05,c5,p35,l1,0.00
i139,e05,c5,p35,l3,0.00
i14,e01,c3,p01,l3,0.00
i14,e01,c3,p02,l3,0.00
i14,e01,c3,p03,l3,0.00
i14,e01,c3,p04,l3,0.00
i14,e01,c3,p05,l3,0.00
i14,e01,c3,p06,l3,0.00
i14,e01,c3,p07,l3,0.00
i14,e01,c3,p08,l3,0.00
i14,e01,c3,p09,l3,0.00
i14,e01,c3,p10,l3,0.00
i14,e01,c3,p11,l3,0.00
i14,e01,c3,p12,l3,0.00
i14,e01,c3,p13,l3,0.00
i14,e01,c3,p14,l3,0.00
i14,e01,c3,p15,l3,0.00
i14,e01,c3,p16,l3,0.00
i14,e01,c3,p17,l3,0.00
i14,e01,c3,p18,l3,0.00
i14,e01,c3,p19,l3,0.00
i14,e01,c3,p20,l3,0.00
i14,e01,c3,p21,l3,0.00
i14,e01,c3,p22,l3,0.00
i14,e01,c3,p23,l3,0.00
i14,e01,c3,p24,l3,0.00
i14,e01,c3,p25,l3,0.00
i14,e01,c3,p26,l3,0.00
i14,e01,c3,p28,l3,0.00
i14,e01,c3,p29,l3,0.00
i14,e01,c3,p30,l3,0.00
i14,e01,c3,p31,l3,0.00
i14,e01,c3,p32,l3,0.00
i14,e01,c3,p33,l3,0.00
i14,e01,c3,p34,l3,0.00
i14,e01,c3,p35,l3,0.00
i14,e01,c5,p01,l3,0.00
i14,e01,c5,p02,l3,1.55
i14,e01,c5,p03,l3,0.00
i14,e01,c5,p04,l3,0.00
i14,e01,c5,p05,l3,2.10
i14,e01,c5,p06,l3,0.00
i14,e01,c5,p07,l3,6.16
i14,e01,c5,p08,l3,0.00
i14,e01,c5,p09,l3,0.00
i14,e01,c5,p10,l3,1.86
i14,e01,c5,p11,l3,3.37
i14,e01,c5,p12,l3,0.00
i14,e01,c5,p13,l3,0.00
i14,e01,c5,p14,l3,16.19
i14,e01,c5,p15,l3,5.45
i14,e01,c5,p16,l3,0.00
i14,e01,c5,p17,l3,0.00
i14,e01,c5,p18,l3,0.00
i14,e01,c5,p19,l3,7.01
i14,e01,c5,p20,l3,0.00
i14,e01,c5,p21,l3,0.00
i14,e01,c5,p22,l3,1.24
i14,e01,c5,p23,l3,0.00
i14,e01,c5,p24,l3,0.00
i14,e01,c5,p25,l3,0.00
i14,e01,c5,p26,l3,0.00
i14,e01,c5,p27,l3,0.00
i14,e01,c5,p28,l3,0.00
i14,e01,c5,p29,l3,1.25
i14,e01,c5,p30,l3,0.00
i14,e01,c5,p31,l3,0.00
i14,e01,c5,p32,l3,0.00
i14,e01,c5,p33,l3,0.00
i14,e01,c5,p34,l3,0.00
i14,e01,c5,p35,l3,0.00
i14,e01,c8,p02,l3,0.00
i14,e01,c8,p03,l3,0.00
i14,e01,c8,p04,l3,0.00
i14,e01,c8,p07,l3,0.00
i14,e01,c8,p08,l3,0.00
i14,e01,c8,p10,l3,0.00
i14,e01,c8,p15,l3,0.00
i14,e01,c8,p17,l3,0.00
i14,e01,c8,p18,l3,0.00
i14,e01,c8,p19,l3,0.00
i14,e01,c8,p21,l3,0.00
i14,e01,c8,p22,l3,0.00
i14,e01,c8,p28,l3,0.00
i14,e01,c8,p35,l3,0.00
i14,e02,c3,p01,l1,0.00
i14,e02,c3,p01,l3,0.00
i14,e02,c3,p02,l1,0.00
i14,e02,c3,p02,l3,0.00
i14,e02,c3,p03,l1,0.00
i14,e02,c3,p03,l3,0.00
i14,e02,c3,p04,l1,0.00
i14,e02,c3,p04,l3,0.00
i14,e02,c3,p05,l1,0.00
i14,e02,c3,p05,l3,0.00
i14,e02,c3,p06,l1,0.00
i14,e02,c3,p06,l3,0.00
i14,e02,c3,p07,l1,0.00
i14,e02,c3,p07,l3,0.00
i14,e02,c3,p08,l1,0.00
i14,e02,c3,p08,l3,0.00
i14,e02,c3,p09,l1,0.00
i14,e02,c3,p09,l3,0.00
i14,e02,c3,p10,l1,0.00
i14,e02,c3,p10,l3,0.00
i14,e02,c3,p11,l1,0.00
i14,e02,c3,p11,l3,0.00
i14,e02,c3,p12,l1,0.00
i14,e02,c3,p12,l3,0.00
i14,e02,c3,p13,l1,0.00
i14,e02,c3,p13,l3,0.00
i14,e02,c3,p14,l3,0.00
i14,e02,c3,p15,l1,0.00
i14,e02,c3,p15,l3,0.00
i14,e02,c3,p16,l1,0.00
i14,e02,c3,p16,l3,0.00
i14,e02,c3,p17,l3,0.00
i14,e02,c3,p18,l1,0.00
i14,e02,c3,p18,l3,0.00
i14,e02,c3,p19,l1,0.00
i14,e02,c3,p19,l3,0.00
i14,e02,c3,p20,l1,0.00
i14,e02,c3,p20,l3,0.00
i14,e02,c3,p21,l1,0.00
i14,e02,c3,p21,l3,0.00
i14,e02,c3,p22,l1,0.00
i14,e02,c3,p22,l3,0.00
i14,e02,c3,p23,l3,0.00
i14,e02,c3,p24,l1,0.00
i14,e02,c3,p24,l3,0.00
i14,e02,c3,p25,l3,0.00
i14,e02,c3,p26,l3,0.00
i14,e02,c3,p28,l1,0.00
i14,e02,c3,p28,l3,0.00
i14,e02,c3,p29,l1,0.00
i14,e02,c3,p29,l3,0.00
i14,e02,c3,p30,l3,0.00
i14,e02,c3,p31,l3,0.00
i14,e02,c3,p32,l1,0.00
i14,e02,c3,p32,l3,0.00
i14,e02,c3,p33,l3,0.00
i14,e02,c3,p35,l1,0.00
i14,e02,c3,p35,l3,0.00
i14,e02,c5,p01,l1,0.00
i14,e02,c5,p01,l3,0.00
i14,e02,c5,p02,l1,0.00
i14,e02,c5,p02,l3,0.00
i14,e02,c5,p03,l1,0.00
i14,e02,c5,p03,l3,0.00
i14,e02,c5,p04,l1,0.00
i14,e02,c5,p04,l3,0.00
i14,e02,c5,p05,l1,0.00
i14,e02,c5,p05,l3,0.00
i14,e02,c5,p06,l1,0.00
i14,e02,c5,p06,l3,0.00
i14,e02,c5,p07,l1,0.00
i14,e02,c5,p07,l3,0.00
i14,e02,c5,p08,l1,0.00
i14,e02,c5,p08,l3,0.00
i14,e02,c5,p09,l1,0.00
i14,e02,c5,p09,l3,0.00
i14,e02,c5,p10,l1,0.00
i14,e02,c5,p10,l3,0.00
i14,e02,c5,p11,l1,0.00
i14,e02,c5,p11,l3,0.00
i14,e02,c5,p12,l1,0.00
i14,e02,c5,p12,l3,0.00
i14,e02,c5,p13,l1,0.00
i14,e02,c5,p13,l3,0.00
i14,e02,c5,p14,l1,0.00
i14,e02,c5,p14,l3,0.00
i14,e02,c5,p15,l1,0.00
i14,e02,c5,p15,l3,0.00
i14,e02,c5,p16,l1,0.00
i14,e02,c5,p16,l3,0.00
i14,e02,c5,p17,l1,0.00
i14,e02,c5,p17,l3,0.00
i14,e02,c5,p18,l1,0.00
i14,e02,c5,p18,l3,0.00
i14,e02,c5,p19,l1,0.00
i14,e02,c5,p19,l3,0.00
i14,e02,c5,p20,l1,0.00
i14,e02,c5,p20,l3,0.00
i14,e02,c5,p21,l1,0.00
i14,e02,c5,p21,l3,0.00
i14,e02,c5,p22,l1,0.00
i14,e02,c5,p22,l3,0.00
i14,e02,c5,p23,l1,0.00
i14,e02,c5,p23,l3,0.00
i14,e02,c5,p24,l1,0.00
i14,e02,c5,p24,l3,0.00
i14,e02,c5,p25,l1,0.00
i14,e02,c5,p25,l3,0.00
i14,e02,c5,p26,l1,0.00
i14,e02,c5,p26,l3,0.00
i14,e02,c5,p28,l1,0.00
i14,e02,c5,p28,l3,0.00
i14,e02,c5,p29,l1,0.00
i14,e02,c5,p29,l3,0.00
i14,e02,c5,p30,l1,0.00
i14,e02,c5,p30,l3,0.00
i14,e02,c5,p31,l1,0.00
i14,e02,c5,p31,l3,0.00
i14,e02,c5,p32,l1,0.00
i14,e02,c5,p32,l3,0.00
i14,e02,c5,p33,l1,0.00
i14,e02,c5,p33,l3,0.00
i14,e02,c5,p35,l1,0.00
i14,e02,c5,p35,l3,0.00
i14,e02,c8,p35,l3,0.00
i14,e04,c3,p01,l1,0.00
i14,e04,c3,p01,l3,0.00
i14,e04,c3,p02,l1,0.00
i14,e04,c3,p02,l3,0.00
i14,e04,c3,p03,l1,0.00
i14,e04,c3,p03,l3,0.00
i14,e04,c3,p04,l1,0.00
i14,e04,c3,p04,l3,0.00
i14,e04,c3,p05,l1,0.00
i14,e04,c3,p05,l3,0.00
i14,e04,c3,p06,l1,0.00
i14,e04,c3,p06,l3,0.00
i14,e04,c3,p07,l1,0.00
i14,e04,c3,p07,l3,0.00
i14,e04,c3,p08,l1,0.00
i14,e04,c3,p08,l3,0.00
i14,e04,c3,p09,l1,0.00
i14,e04,c3,p09,l3,0.00
i14,e04,c3,p10,l1,0.00
i14,e04,c3,p10,l3,0.00
i14,e04,c3,p11,l1,0.00
i14,e04,c3,p11,l3,0.00
i14,e04,c3,p12,l1,0.00
i14,e04,c3,p12,l3,0.00
i14,e04,c3,p13,l1,0.00
i14,e04,c3,p13,l3,0.00
i14,e04,c3,p14,l1,0.00
i14,e04,c3,p14,l3,0.00
i14,e04,c3,p15,l1,0.00
i14,e04,c3,p15,l3,0.00
i14,e04,c3,p16,l1,0.00
i14,e04,c3,p16,l3,0.00
i14,e04,c3,p17,l1,0.00
i14,e04,c3,p17,l3,0.00
i14,e04,c3,p18,l1,0.00
i14,e04,c3,p18,l3,0.00
i14,e04,c3,p19,l1,0.00
i14,e04,c3,p19,l3,0.00
i14,e04,c3,p20,l1,0.00
i14,e04,c3,p20,l3,0.00
i14,e04,c3,p21,l1,0.00
i14,e04,c3,p21,l3,0.00
i14,e04,c3,p22,l1,0.00
i14,e04,c3,p22,l3,0.00
i14,e04,c3,p23,l1,0.00
i14,e04,c3,p23,l3,0.00
i14,e04,c3,p24,l1,0.00
i14,e04,c3,p24,l3,0.00
i14,e04,c3,p25,l1,0.00
i14,e04,c3,p25,l3,0.00
i14,e04,c3,p26,l1,0.00
i14,e04,c3,p26,l3,0.00
i14,e04,c3,p28,l1,0.00
i14,e04,c3,p28,l3,0.00
i14,e04,c3,p29,l1,0.00
i14,e04,c3,p29,l3,0.00
i14,e04,c3,p30,l1,0.00
i14,e04,c3,p30,l3,0.00
i14,e04,c3,p31,l1,0.00
i14,e04,c3,p31,l3,0.00
i14,e04,c3,p32,l1,0.00
i14,e04,c3,p32,l3,0.00
i14,e04,c3,p33,l1,0.00
i14,e04,c3,p33,l3,0.00
i14,e04,c3,p34,l3,0.00
i14,e04,c3,p35,l1,0.00
i14,e04,c3,p35,l3,0.00
i14,e04,c5,p01,l1,0.00
i14,e04,c5,p01,l3,3.27
i14,e04,c5,p02,l1,0.00
i14,e04,c5,p02,l3,0.00
i14,e04,c5,p03,l1,0.00
i14,e04,c5,p03,l3,0.00
i14,e04,c5,p04,l1,0.00
i14,e04,c5,p04,l3,0.00
i14,e04,c5,p05,l1,0.00
i14,e04,c5,p05,l3,11.49
i14,e04,c5,p06,l1,0.00
i14,e04,c5,p06,l3,6.05
i14,e04,c5,p07,l1,0.00
i14,e04,c5,p07,l3,1.15
i14,e04,c5,p08,l1,0.00
i14,e04,c5,p08,l3,0.00
i14,e04,c5,p09,l1,0.00
i14,e04,c5,p09,l3,8.72
i14,e04,c5,p10,l1,0.00
i14,e04,c5,p10,l3,1.43
i14,e04,c5,p11,l1,0.00
i14,e04,c5,p11,l3,69.82
i14,e04,c5,p12,l1,0.00
i14,e04,c5,p12,l3,0.00
i14,e04,c5,p13,l1,0.00
i14,e04,c5,p13,l3,1.73
i14,e04,c5,p14,l1,0.00
i14,e04,c5,p14,l3,97.47
i14,e04,c5,p15,l1,0.00
i14,e04,c5,p15,l3,3.16
i14,e04,c5,p16,l1,0.00
i14,e04,c5,p16,l3,1.64
i14,e04,c5,p17,l1,0.00
i14,e04,c5,p17,l3,4.18
i14,e04,c5,p18,l1,0.00
i14,e04,c5,p18,l3,0.00
i14,e04,c5,p19,l1,0.00
i14,e04,c5,p19,l3,9.65
i14,e04,c5,p20,l1,0.00
i14,e04,c5,p20,l3,0.00
i14,e04,c5,p21,l1,0.00
i14,e04,c5,p21,l3,37.21
i14,e04,c5,p22,l1,0.00
i14,e04,c5,p22,l3,2.29
i14,e04,c5,p23,l1,0.00
i14,e04,c5,p23,l3,2.70
i14,e04,c5,p24,l1,0.00
i14,e04,c5,p24,l3,0.00
i14,e04,c5,p25,l1,0.00
i14,e04,c5,p25,l3,0.00
i14,e04,c5,p26,l1,0.00
i14,e04,c5,p26,l3,0.00
i14,e04,c5,p27,l3,0.00
i14,e04,c5,p28,l1,0.00
i14,e04,c5,p28,l3,3.05
i14,e04,c5,p29,l1,0.00
i14,e04,c5,p29,l3,11.33
i14,e04,c5,p30,l1,0.00
i14,e04,c5,p30,l3,0.00
i14,e04,c5,p31,l1,0.00
i14,e04,c5,p31,l3,0.00
i14,e04,c5,p32,l1,0.00
i14,e04,c5,p32,l3,1.26
i14,e04,c5,p33,l1,0.00
i14,e04,c5,p33,l3,0.00
i14,e04,c5,p34,l3,0.00
i14,e04,c5,p35,l1,0.00
i14,e04,c5,p35,l3,4.54
i14,e04,c8,p01,l3,0.00
i14,e04,c8,p02,l3,0.00
i14,e04,c8,p03,l3,0.00
i14,e04,c8,p04,l3,0.00
i14,e04,c8,p07,l3,0.00
i14,e04,c8,p08,l3,0.00
i14,e04,c8,p09,l3,0.00
i14,e04,c8,p10,l3,0.00
i14,e04,c8,p15,l3,0.00
i14,e04,c8,p17,l3,0.00
i14,e04,c8,p19,l1,0.00
i14,e04,c8,p19,l3,0.00
i14,e04,c8,p21,l3,0.00
i14,e04,c8,p22,l3,0.00
i14,e04,c8,p24,l3,0.00
i14,e04,c8,p29,l3,0.00
i14,e04,c8,p35,l3,0.00
i14,e05,c3,p01,l1,0.00
i14,e05,c3,p01,l3,0.00
i14,e05,c3,p02,l1,0.00
i14,e05,c3,p02,l3,0.00
i14,e05,c3,p03,l1,0.00
i14,e05,c3,p03,l3,0.00
i14,e05,c3,p04,l1,0.00
i14,e05,c3,p04,l3,0.00
i14,e05,c3,p05,l1,0.00
i14,e05,c3,p05,l3,0.00
i14,e05,c3,p06,l1,0.00
i14,e05,c3,p06,l3,0.00
i14,e05,c3,p07,l1,0.00
i14,e05,c3,p07,l3,0.00
i14,e05,c3,p08,l1,0.00
i14,e05,c3,p08,l3,0.00
i14,e05,c3,p09,l1,0.00
i14,e05,c3,p09,l3,0.00
i14,e05,c3,p10,l1,0.00
i14,e05,c3,p10,l3,0.00
i14,e05,c3,p11,l1,0.00
i14,e05,c3,p11,l3,0.00
i14,e05,c3,p12,l1,0.00
i14,e05,c3,p12,l3,0.00
i14,e05,c3,p13,l1,0.00
i14,e05,c3,p13,l3,0.00
i14,e05,c3,p14,l1,0.00
i14,e05,c3,p14,l3,0.00
i14,e05,c3,p15,l1,0.00
i14,e05,c3,p15,l3,0.00
i14,e05,c3,p16,l1,0.00
i14,e05,c3,p16,l3,0.00
i14,e05,c3,p17,l1,0.00
i14,e05,c3,p17,l3,0.00
i14,e05,c3,p18,l1,0.00
i14,e05,c3,p18,l3,0.00
i14,e05,c3,p19,l1,0.00
i14,e05,c3,p19,l3,0.00
i14,e05,c3,p20,l1,0.00
i14,e05,c3,p20,l3,0.00
i14,e05,c3,p21,l1,0.00
i14,e05,c3,p21,l3,0.00
i14,e05,c3,p22,l1,0.00
i14,e05,c3,p22,l3,0.00
i14,e05,c3,p23,l1,0.00
i14,e05,c3,p23,l3,0.00
i14,e05,c3,p24,l1,0.00
i14,e05,c3,p24,l3,0.00
i14,e05,c3,p25,l1,0.00
i14,e05,c3,p25,l3,0.00
i14,e05,c3,p26,l1,0.00
i14,e05,c3,p26,l3,0.00
i14,e05,c3,p27,l3,0.00
i14,e05,c3,p28,l1,0.00
i14,e05,c3,p28,l3,0.00
i14,e05,c3,p29,l1,0.00
i14,e05,c3,p29,l3,0.00
i14,e05,c3,p30,l3,0.00
i14,e05,c3,p31,l3,0.00
i14,e05,c3,p32,l1,0.00
i14,e05,c3,p32,l3,0.00
i14,e05,c3,p33,l1,0.00
i14,e05,c3,p33,l3,0.00
i14,e05,c3,p34,l3,0.00
i14,e05,c3,p35,l1,0.00
i14,e05,c3,p35,l3,0.00
i14,e05,c5,p01,l1,0.00
i14,e05,c5,p01,l3,0.00
i14,e05,c5,p02,l1,0.00
i14,e05,c5,p02,l3,0.00
i14,e05,c5,p03,l1,0.00
i14,e05,c5,p03,l3,0.00
i14,e05,c5,p04,l1,0.00
i14,e05,c5,p04,l3,0.00
i14,e05,c5,p05,l1,0.00
i14,e05,c5,p05,l3,0.00
i14,e05,c5,p06,l1,0.00
i14,e05,c5,p06,l3,0.00
i14,e05,c5,p07,l1,0.00
i14,e05,c5,p07,l3,0.00
i14,e05,c5,p08,l1,0.00
i14,e05,c5,p08,l3,0.00
i14,e05,c5,p09,l1,0.00
i14,e05,c5,p09,l3,0.00
i14,e05,c5,p10,l1,0.00
i14,e05,c5,p10,l3,0.00
i14,e05,c5,p11,l1,0.00
i14,e05,c5,p11,l3,8.96
i14,e05,c5,p12,l1,0.00
i14,e05,c5,p12,l3,0.00
i14,e05,c5,p13,l1,0.00
i14,e05,c5,p13,l3,0.00
i14,e05,c5,p14,l1,0.00
i14,e05,c5,p14,l3,0.00
i14,e05,c5,p15,l1,0.00
i14,e05,c5,p15,l3,0.00
i14,e05,c5,p16,l1,0.00
i14,e05,c5,p16,l3,0.00
i14,e05,c5,p17,l1,0.00
i14,e05,c5,p17,l3,0.00
i14,e05,c5,p18,l1,0.00
i14,e05,c5,p18,l3,0.00
i14,e05,c5,p19,l1,0.00
i14,e05,c5,p19,l3,0.00
i14,e05,c5,p20,l1,0.00
i14,e05,c5,p20,l3,0.00
i14,e05,c5,p21,l1,0.00
i14,e05,c5,p21,l3,0.00
i14,e05,c5,p22,l1,0.00
i14,e05,c5,p22,l3,0.00
i14,e05,c5,p23,l1,0.00
i14,e05,c5,p23,l3,0.00
i14,e05,c5,p24,l1,0.00
i14,e05,c5,p24,l3,0.00
i14,e05,c5,p25,l1,0.00
i14,e05,c5,p25,l3,0.00
i14,e05,c5,p26,l1,0.00
i14,e05,c5,p26,l3,0.00
i14,e05,c5,p27,l3,0.00
i14,e05,c5,p28,l1,0.00
i14,e05,c5,p28,l3,0.00
i14,e05,c5,p29,l1,0.00
i14,e05,c5,p29,l3,0.00
i14,e05,c5,p30,l1,0.00
i14,e05,c5,p30,l3,0.00
i14,e05,c5,p31,l1,0.00
i14,e05,c5,p31,l3,0.00
i14,e05,c5,p32,l1,0.00
i14,e05,c5,p32,l3,0.00
i14,e05,c5,p33,l1,0.00
i14,e05,c5,p33,l3,0.00
i14,e05,c5,p34,l3,0.00
i14,e05,c5,p35,l1,0.00
i14,e05,c5,p35,l3,31.19
i14,e05,c8,p01,l3,0.00
i14,e05,c8,p02,l3,0.00
i14,e05,c8,p03,l3,0.00
i14,e05,c8,p04,l3,0.00
i14,e05,c8,p05,l3,0.00
i14,e05,c8,p06,l3,0.00
i14,e05,c8,p07,l3,0.00
i14,e05,c8,p08,l3,0.00
i14,e05,c8,p09,l3,0.00
i14,e05,c8,p10,l3,0.00
i14,e05,c8,p11,l3,0.00
i14,e05,c8,p12,l3,0.00
i14,e05,c8,p13,l3,0.00
i14,e05,c8,p14,l3,0.00
i14,e05,c8,p15,l3,0.00
i14,e05,c8,p16,l3,0.00
i14,e05,c8,p17,l3,0.00
i14,e05,c8,p18,l3,0.00
i14,e05,c8,p19,l3,0.00
i14,e05,c8,p20,l3,0.00
i14,e05,c8,p21,l3,0.00
i14,e05,c8,p22,l3,0.00
i14,e05,c8,p23,l3,0.00
i14,e05,c8,p24,l3,0.00
i14,e05,c8,p25,l3,0.00
i14,e05,c8,p26,l3,0.00
i14,e05,c8,p28,l3,0.00
i14,e05,c8,p29,l3,0.00
i14,e05,c8,p30,l3,0.00
i14,e05,c8,p31,l3,0.00
i14,e05,c8,p32,l3,0.00
i14,e05,c8,p33,l3,0.00
i14,e05,c8,p35,l3,0.00
i14,e06,c5,p29,l3,0.00
i14,e07,c3,p01,l3,0.00
i14,e07,c3,p03,l3,0.00
i14,e07,c3,p07,l3,0.00
i14,e07,c3,p09,l3,0.00
i14,e07,c3,p10,l3,0.00
i14,e07,c3,p11,l3,0.00
i14,e07,c3,p15,l3,0.00
i14,e07,c3,p19,l2,0.00
i14,e07,c3,p19,l3,0.00
i14,e07,c3,p21,l3,0.00
i14,e07,c3,p23,l2,0.00
i14,e07,c3,p26,l2,0.00
i14,e07,c3,p28,l3,0.00
i14,e07,c3,p31,l3,0.00
i14,e07,c3,p35,l3,0.00
i14,e07,c5,p01,l2,0.00
i14,e07,c5,p01,l3,0.00
i14,e07,c5,p02,l2,0.00
i14,e07,c5,p02,l3,0.00
i14,e07,c5,p03,l2,0.00
i14,e07,c5,p03,l3,0.00
i14,e07,c5,p04,l2,0.00
i14,e07,c5,p04,l3,0.00
i14,e07,c5,p05,l2,0.00
i14,e07,c5,p05,l3,0.00
i14,e07,c5,p06,l2,0.00
i14,e07,c5,p06,l3,0.00
i14,e07,c5,p07,l2,0.00
i14,e07,c5,p07,l3,0.00
i14,e07,c5,p08,l2,0.00
i14,e07,c5,p08,l3,0.00
i14,e07,c5,p09,l2,0.00
i14,e07,c5,p09,l3,0.00
i14,e07,c5,p10,l2,0.00
i14,e07,c5,p10,l3,0.00
i14,e07,c5,p11,l2,0.00
i14,e07,c5,p11,l3,0.00
i14,e07,c5,p12,l2,0.00
i14,e07,c5,p12,l3,0.00
i14,e07,c5,p13,l2,0.00
i14,e07,c5,p13,l3,0.00
i14,e07,c5,p14,l2,0.00
i14,e07,c5,p14,l3,0.00
i14,e07,c5,p15,l2,0.00
i14,e07,c5,p15,l3,0.00
i14,e07,c5,p16,l2,0.00
i14,e07,c5,p16,l3,0.00
i14,e07,c5,p17,l2,0.00
i14,e07,c5,p17,l3,0.00
i14,e07,c5,p18,l2,0.00
i14,e07,c5,p18,l3,0.00
i14,e07,c5,p19,l2,0.00
i14,e07,c5,p19,l3,0.00
i14,e07,c5,p20,l2,0.00
i14,e07,c5,p20,l3,0.00
i14,e07,c5,p21,l2,0.00
i14,e07,c5,p21,l3,0.00
i14,e07,c5,p22,l2,0.00
i14,e07,c5,p22,l3,0.00
i14,e07,c5,p23,l2,0.00
i14,e07,c5,p23,l3,0.00
i14,e07,c5,p24,l2,0.00
i14,e07,c5,p24,l3,0.00
i14,e07,c5,p25,l2,0.00
i14,e07,c5,p25,l3,0.00
i14,e07,c5,p26,l2,0.00
i14,e07,c5,p26,l3,0.00
i14,e07,c5,p28,l2,0.00
i14,e07,c5,p28,l3,0.00
i14,e07,c5,p29,l2,0.00
i14,e07,c5,p29,l3,0.00
i14,e07,c5,p30,l3,0.00
i14,e07,c5,p31,l2,0.00
i14,e07,c5,p31,l3,0.00
i14,e07,c5,p32,l2,0.00
i14,e07,c5,p32,l3,0.00
i14,e07,c5,p33,l2,0.00
i14,e07,c5,p33,l3,0.00
i14,e07,c5,p35,l2,0.00
i14,e07,c5,p35,l3,0.00
i14,e08,c3,p01,l2,0.00
i14,e08,c3,p01,l3,5.34
i14,e08,c3,p02,l2,0.00
i14,e08,c3,p02,l3,1.10
i14,e08,c3,p03,l2,0.00
i14,e08,c3,p03,l3,0.00
i14,e08,c3,p04,l2,0.00
i14,e08,c3,p04,l3,0.00
i14,e08,c3,p05,l2,0.00
i14,e08,c3,p05,l3,2.43
i14,e08,c3,p06,l2,0.00
i14,e08,c3,p06,l3,0.00
i14,e08,c3,p07,l2,0.00
i14,e08,c3,p07,l3,2.11
i14,e08,c3,p08,l2,0.00
i14,e08,c3,p08,l3,0.00
i14,e08,c3,p09,l2,0.00
i14,e08,c3,p09,l3,0.00
i14,e08,c3,p10,l2,0.00
i14,e08,c3,p10,l3,0.00
i14,e08,c3,p11,l2,0.00
i14,e08,c3,p11,l3,24.21
i14,e08,c3,p12,l2,0.00
i14,e08,c3,p12,l3,0.00
i14,e08,c3,p13,l2,0.00
i14,e08,c3,p13,l3,0.00
i14,e08,c3,p14,l2,0.00
i14,e08,c3,p14,l3,0.00
i14,e08,c3,p15,l2,0.00
i14,e08,c3,p15,l3,0.00
i14,e08,c3,p16,l2,0.00
i14,e08,c3,p16,l3,0.00
i14,e08,c3,p17,l2,0.00
i14,e08,c3,p17,l3,3.39
i14,e08,c3,p18,l2,0.00
i14,e08,c3,p18,l3,0.00
i14,e08,c3,p19,l2,0.00
i14,e08,c3,p19,l3,1.71
i14,e08,c3,p20,l2,0.00
i14,e08,c3,p20,l3,0.00
i14,e08,c3,p21,l2,0.00
i14,e08,c3,p21,l3,0.00
i14,e08,c3,p22,l2,0.00
i14,e08,c3,p22,l3,0.00
i14,e08,c3,p23,l2,0.00
i14,e08,c3,p23,l3,0.00
i14,e08,c3,p24,l2,0.00
i14,e08,c3,p24,l3,0.00
i14,e08,c3,p25,l2,0.00
i14,e08,c3,p25,l3,0.00
i14,e08,c3,p26,l2,0.00
i14,e08,c3,p26,l3,0.00
i14,e08,c3,p27,l3,0.00
i14,e08,c3,p28,l2,0.00
i14,e08,c3,p28,l3,0.00
i14,e08,c3,p29,l2,0.00
i14,e08,c3,p29,l3,0.00
i14,e08,c3,p30,l2,0.00
i14,e08,c3,p30,l3,0.00
i14,e08,c3,p31,l2,0.00
i14,e08,c3,p31,l3,0.00
i14,e08,c3,p32,l2,0.00
i14,e08,c3,p32,l3,0.00
i14,e08,c3,p33,l2,0.00
i14,e08,c3,p33,l3,0.00
i14,e08,c3,p34,l3,0.00
i14,e08,c3,p35,l2,0.00
i14,e08,c3,p35,l3,7.27
i14,e08,c5,p01,l2,0.00
i14,e08,c5,p01,l3,61.10
i14,e08,c5,p02,l2,0.00
i14,e08,c5,p02,l3,11.60
i14,e08,c5,p03,l2,0.00
i14,e08,c5,p03,l3,79.01
i14,e08,c5,p04,l2,0.00
i14,e08,c5,p04,l3,67.21
i14,e08,c5,p05,l2,0.00
i14,e08,c5,p05,l3,85.02
i14,e08,c5,p06,l2,0.00
i14,e08,c5,p06,l3,4.18
i14,e08,c5,p07,l2,0.00
i14,e08,c5,p07,l3,10.39
i14,e08,c5,p08,l2,0.00
i14,e08,c5,p08,l3,11.89
i14,e08,c5,p09,l2,0.00
i14,e08,c5,p09,l3,16.17
i14,e08,c5,p10,l2,0.00
i14,e08,c5,p10,l3,46.76
i14,e08,c5,p11,l2,0.00
i14,e08,c5,p11,l3,124.05
i14,e08,c5,p12,l2,0.00
i14,e08,c5,p12,l3,32.49
i14,e08,c5,p13,l2,0.00
i14,e08,c5,p13,l3,12.71
i14,e08,c5,p14,l2,0.00
i14,e08,c5,p14,l3,121.33
i14,e08,c5,p15,l2,0.00
i14,e08,c5,p15,l3,77.19
i14,e08,c5,p16,l2,0.00
i14,e08,c5,p16,l3,122.77
i14,e08,c5,p17,l2,0.00
i14,e08,c5,p17,l3,22.54
i14,e08,c5,p18,l2,0.00
i14,e08,c5,p18,l3,41.29
i14,e08,c5,p19,l2,0.00
i14,e08,c5,p19,l3,120.36
i14,e08,c5,p20,l2,0.00
i14,e08,c5,p20,l3,8.05
i14,e08,c5,p21,l2,0.00
i14,e08,c5,p21,l3,136.26
i14,e08,c5,p22,l2,0.00
i14,e08,c5,p22,l3,18.12
i14,e08,c5,p23,l2,0.00
i14,e08,c5,p23,l3,8.77
i14,e08,c5,p24,l2,0.00
i14,e08,c5,p24,l3,36.47
i14,e08,c5,p25,l2,0.00
i14,e08,c5,p25,l3,5.48
i14,e08,c5,p26,l2,0.00
i14,e08,c5,p26,l3,0.00
i14,e08,c5,p27,l2,0.00
i14,e08,c5,p27,l3,0.00
i14,e08,c5,p28,l2,0.00
i14,e08,c5,p28,l3,31.97
i14,e08,c5,p29,l2,0.00
i14,e08,c5,p29,l3,44.54
i14,e08,c5,p30,l2,0.00
i14,e08,c5,p30,l3,0.00
i14,e08,c5,p31,l2,0.00
i14,e08,c5,p31,l3,0.00
i14,e08,c5,p32,l2,0.00
i14,e08,c5,p32,l3,21.24
i14,e08,c5,p33,l2,0.00
i14,e08,c5,p33,l3,2.31
i14,e08,c5,p34,l3,0.00
i14,e08,c5,p35,l2,0.00
i14,e08,c5,p35,l3,153.04
i14,e08,c8,p01,l2,0.00
i14,e08,c8,p01,l3,0.00
i14,e08,c8,p02,l3,0.00
i14,e08,c8,p03,l2,0.00
i14,e08,c8,p03,l3,0.00
i14,e08,c8,p04,l3,0.00
i14,e08,c8,p05,l2,0.00
i14,e08,c8,p05,l3,0.00
i14,e08,c8,p06,l3,0.00
i14,e08,c8,p07,l2,0.00
i14,e08,c8,p07,l3,0.00
i14,e08,c8,p08,l2,0.00
i14,e08,c8,p08,l3,0.00
i14,e08,c8,p09,l3,0.00
i14,e08,c8,p10,l2,0.00
i14,e08,c8,p10,l3,0.00
i14,e08,c8,p11,l2,0.00
i14,e08,c8,p11,l3,0.00
i14,e08,c8,p12,l2,0.00
i14,e08,c8,p12,l3,0.00
i14,e08,c8,p13,l2,0.00
i14,e08,c8,p13,l3,0.00
i14,e08,c8,p14,l2,0.00
i14,e08,c8,p14,l3,0.00
i14,e08,c8,p15,l2,0.00
i14,e08,c8,p15,l3,0.00
i14,e08,c8,p16,l2,0.00
i14,e08,c8,p16,l3,0.00
i14,e08,c8,p17,l2,0.00
i14,e08,c8,p17,l3,0.00
i14,e08,c8,p18,l2,0.00
i14,e08,c8,p18,l3,0.00
i14,e08,c8,p19,l2,0.00
i14,e08,c8,p19,l3,0.00
i14,e08,c8,p20,l3,0.00
i14,e08,c8,p21,l2,0.00
i14,e08,c8,p21,l3,0.00
i14,e08,c8,p22,l3,0.00
i14,e08,c8,p23,l2,0.00
i14,e08,c8,p23,l3,0.00
i14,e08,c8,p24,l2,0.00
i14,e08,c8,p24,l3,0.00
i14,e08,c8,p25,l3,0.00
i14,e08,c8,p26,l3,0.00
i14,e08,c8,p28,l3,0.00
i14,e08,c8,p29,l2,0.00
i14,e08,c8,p29,l3,0.00
i14,e08,c8,p30,l3,0.00
i14,e08,c8,p31,l3,0.00
i14,e08,c8,p32,l3,0.00
i14,e08,c8,p33,l3,0.00
i14,e08,c8,p35,l2,0.00
i14,e08,c8,p35,l3,0.00
i14,e09,c3,p01,l2,0.00
i14,e09,c3,p01,l3,0.00
i14,e09,c3,p02,l2,0.00
i14,e09,c3,p02,l3,0.00
i14,e09,c3,p03,l2,0.00
i14,e09,c3,p03,l3,0.00
i14,e09,c3,p04,l2,0.00
i14,e09,c3,p04,l3,0.00
i14,e09,c3,p05,l2,0.00
i14,e09,c3,p05,l3,0.00
i14,e09,c3,p06,l2,0.00
i14,e09,c3,p06,l3,0.00
i14,e09,c3,p07,l2,0.00
i14,e09,c3,p07,l3,0.00
i14,e09,c3,p08,l2,0.00
i14,e09,c3,p08,l3,0.00
i14,e09,c3,p09,l2,0.00
i14,e09,c3,p09,l3,0.00
i14,e09,c3,p10,l2,0.00
i14,e09,c3,p10,l3,0.00
i14,e09,c3,p11,l2,0.00
i14,e09,c3,p11,l3,0.00
i14,e09,c3,p12,l2,0.00
i14,e09,c3,p12,l3,0.00
i14,e09,c3,p13,l2,0.00
i14,e09,c3,p13,l3,0.00
i14,e09,c3,p14,l2,0.00
i14,e09,c3,p14,l3,0.00
i14,e09,c3,p15,l2,0.00
i14,e09,c3,p15,l3,0.00
i14,e09,c3,p16,l2,0.00
i14,e09,c3,p16,l3,0.00
i14,e09,c3,p17,l2,0.00
i14,e09,c3,p17,l3,0.00
i14,e09,c3,p18,l2,0.00
i14,e09,c3,p18,l3,0.00
i14,e09,c3,p19,l2,0.00
i14,e09,c3,p19,l3,0.00
i14,e09,c3,p20,l2,0.00
i14,e09,c3,p20,l3,0.00
i14,e09,c3,p21,l2,0.00
i14,e09,c3,p21,l3,0.00
i14,e09,c3,p22,l2,0.00
i14,e09,c3,p22,l3,0.00
i14,e09,c3,p23,l2,0.00
i14,e09,c3,p23,l3,0.00
i14,e09,c3,p24,l2,0.00
i14,e09,c3,p24,l3,0.00
i14,e09,c3,p25,l2,0.00
i14,e09,c3,p25,l3,0.00
i14,e09,c3,p26,l2,0.00
i14,e09,c3,p26,l3,0.00
i14,e09,c3,p28,l2,0.00
i14,e09,c3,p28,l3,0.00
i14,e09,c3,p29,l2,0.00
i14,e09,c3,p29,l3,0.00
i14,e09,c3,p30,l2,0.00
i14,e09,c3,p30,l3,0.00
i14,e09,c3,p31,l2,0.00
i14,e09,c3,p31,l3,0.00
i14,e09,c3,p32,l2,0.00
i14,e09,c3,p32,l3,0.00
i14,e09,c3,p33,l2,0.00
i14,e09,c3,p33,l3,0.00
i14,e09,c3,p34,l3,0.00
i14,e09,c3,p35,l2,0.00
i14,e09,c3,p35,l3,0.00
i14,e09,c5,p01,l2,0.00
i14,e09,c5,p01,l3,2.31
i14,e09,c5,p02,l2,0.00
i14,e09,c5,p02,l3,0.00
i14,e09,c5,p03,l2,0.00
i14,e09,c5,p03,l3,0.00
i14,e09,c5,p04,l2,0.00
i14,e09,c5,p04,l3,0.00
i14,e09,c5,p05,l2,0.00
i14,e09,c5,p05,l3,2.67
i14,e09,c5,p06,l2,0.00
i14,e09,c5,p06,l3,1.36
i14,e09,c5,p07,l2,0.00
i14,e09,c5,p07,l3,6.21
i14,e09,c5,p08,l2,0.00
i14,e09,c5,p08,l3,0.00
i14,e09,c5,p09,l2,0.00
i14,e09,c5,p09,l3,0.00
i14,e09,c5,p10,l2,0.00
i14,e09,c5,p10,l3,2.66
i14,e09,c5,p11,l2,0.00
i14,e09,c5,p11,l3,1.63
i14,e09,c5,p12,l2,0.00
i14,e09,c5,p12,l3,0.00
i14,e09,c5,p13,l2,0.00
i14,e09,c5,p13,l3,0.00
i14,e09,c5,p14,l2,0.00
i14,e09,c5,p14,l3,10.95
i14,e09,c5,p15,l2,0.00
i14,e09,c5,p15,l3,1.09
i14,e09,c5,p16,l2,0.00
i14,e09,c5,p16,l3,0.00
i14,e09,c5,p17,l2,0.00
i14,e09,c5,p17,l3,0.00
i14,e09,c5,p18,l2,0.00
i14,e09,c5,p18,l3,0.00
i14,e09,c5,p19,l2,0.00
i14,e09,c5,p19,l3,4.11
i14,e09,c5,p20,l2,0.00
i14,e09,c5,p20,l3,0.00
i14,e09,c5,p21,l2,0.00
i14,e09,c5,p21,l3,2.18
i14,e09,c5,p22,l2,0.00
i14,e09,c5,p22,l3,1.12
i14,e09,c5,p23,l2,0.00
i14,e09,c5,p23,l3,0.00
i14,e09,c5,p24,l2,0.00
i14,e09,c5,p24,l3,1.34
i14,e09,c5,p25,l2,0.00
i14,e09,c5,p25,l3,3.00
i14,e09,c5,p26,l2,0.00
i14,e09,c5,p26,l3,0.00
i14,e09,c5,p27,l3,0.00
i14,e09,c5,p28,l2,0.00
i14,e09,c5,p28,l3,0.00
i14,e09,c5,p29,l2,0.00
i14,e09,c5,p29,l3,0.00
i14,e09,c5,p30,l2,0.00
i14,e09,c5,p30,l3,0.00
i14,e09,c5,p31,l2,0.00
i14,e09,c5,p31,l3,0.00
i14,e09,c5,p32,l2,0.00
i14,e09,c5,p32,l3,0.00
i14,e09,c5,p33,l2,0.00
i14,e09,c5,p33,l3,0.00
i14,e09,c5,p34,l3,0.00
i14,e09,c5,p35,l2,0.00
i14,e09,c5,p35,l3,0.00
i14,e09,c8,p03,l3,0.00
i14,e09,c8,p05,l3,0.00
i14,e09,c8,p08,l3,0.00
i14,e09,c8,p09,l3,0.00
i14,e09,c8,p10,l3,0.00
i14,e09,c8,p19,l2,0.00
i14,e09,c8,p19,l3,0.00
i14,e09,c8,p35,l3,0.00
i14,e11,c3,p01,l2,0.00
i14,e11,c3,p01,l3,0.00
i14,e11,c3,p02,l2,0.00
i14,e11,c3,p02,l3,0.00
i14,e11,c3,p03,l2,0.00
i14,e11,c3,p03,l3,0.00
i14,e11,c3,p04,l2,0.00
i14,e11,c3,p04,l3,0.00
i14,e11,c3,p05,l2,0.00
i14,e11,c3,p05,l3,0.00
i14,e11,c3,p06,l2,0.00
i14,e11,c3,p06,l3,0.00
i14,e11,c3,p07,l2,0.00
i14,e11,c3,p07,l3,0.00
i14,e11,c3,p08,l2,0.00
i14,e11,c3,p08,l3,0.00
i14,e11,c3,p09,l2,0.00
i14,e11,c3,p09,l3,0.00
i14,e11,c3,p10,l2,0.00
i14,e11,c3,p10,l3,0.00
i14,e11,c3,p11,l2,0.00
i14,e11,c3,p11,l3,0.00
i14,e11,c3,p12,l2,0.00
i14,e11,c3,p12,l3,0.00
i14,e11,c3,p13,l2,0.00
i14,e11,c3,p13,l3,0.00
i14,e11,c3,p14,l2,0.00
i14,e11,c3,p14,l3,0.00
i14,e11,c3,p15,l2,0.00
i14,e11,c3,p15,l3,0.00
i14,e11,c3,p16,l2,0.00
i14,e11,c3,p16,l3,0.00
i14,e11,c3,p17,l2,0.00
i14,e11,c3,p17,l3,0.00
i14,e11,c3,p18,l2,0.00
i14,e11,c3,p18,l3,0.00
i14,e11,c3,p19,l2,0.00
i14,e11,c3,p19,l3,0.00
i14,e11,c3,p20,l2,0.00
i14,e11,c3,p20,l3,0.00
i14,e11,c3,p21,l2,0.00
i14,e11,c3,p21,l3,0.00
i14,e11,c3,p22,l2,0.00
i14,e11,c3,p22,l3,0.00
i14,e11,c3,p23,l2,0.00
i14,e11,c3,p23,l3,0.00
i14,e11,c3,p24,l2,0.00
i14,e11,c3,p24,l3,0.00
i14,e11,c3,p25,l2,0.00
i14,e11,c3,p25,l3,0.00
i14,e11,c3,p26,l2,0.00
i14,e11,c3,p26,l3,0.00
i14,e11,c3,p28,l2,0.00
i14,e11,c3,p28,l3,0.00
i14,e11,c3,p29,l2,0.00
i14,e11,c3,p29,l3,0.00
i14,e11,c3,p30,l2,0.00
i14,e11,c3,p30,l3,0.00
i14,e11,c3,p31,l2,0.00
i14,e11,c3,p31,l3,0.00
i14,e11,c3,p32,l2,0.00
i14,e11,c3,p32,l3,0.00
i14,e11,c3,p33,l2,0.00
i14,e11,c3,p33,l3,0.00
i14,e11,c3,p34,l3,0.00
i14,e11,c3,p35,l2,0.00
i14,e11,c3,p35,l3,0.00
i14,e11,c5,p01,l2,0.00
i14,e11,c5,p01,l3,0.00
i14,e11,c5,p02,l2,0.00
i14,e11,c5,p02,l3,0.00
i14,e11,c5,p03,l2,0.00
i14,e11,c5,p03,l3,4.22
i14,e11,c5,p04,l2,0.00
i14,e11,c5,p04,l3,0.00
i14,e11,c5,p05,l2,0.00
i14,e11,c5,p05,l3,0.00
i14,e11,c5,p06,l2,0.00
i14,e11,c5,p06,l3,0.00
i14,e11,c5,p07,l2,0.00
i14,e11,c5,p07,l3,0.00
i14,e11,c5,p08,l2,0.00
i14,e11,c5,p08,l3,1.33
i14,e11,c5,p09,l2,0.00
i14,e11,c5,p09,l3,0.00
i14,e11,c5,p10,l2,0.00
i14,e11,c5,p10,l3,1.61
i14,e11,c5,p11,l2,0.00
i14,e11,c5,p11,l3,1.61
i14,e11,c5,p12,l2,0.00
i14,e11,c5,p12,l3,2.54
i14,e11,c5,p13,l2,0.00
i14,e11,c5,p13,l3,0.00
i14,e11,c5,p14,l2,0.00
i14,e11,c5,p14,l3,0.00
i14,e11,c5,p15,l2,0.00
i14,e11,c5,p15,l3,0.00
i14,e11,c5,p16,l2,0.00
i14,e11,c5,p16,l3,4.29
i14,e11,c5,p17,l2,0.00
i14,e11,c5,p17,l3,0.00
i14,e11,c5,p18,l2,0.00
i14,e11,c5,p18,l3,2.18
i14,e11,c5,p19,l2,0.00
i14,e11,c5,p19,l3,1.27
i14,e11,c5,p20,l2,0.00
i14,e11,c5,p20,l3,0.00
i14,e11,c5,p21,l2,0.00
i14,e11,c5,p21,l3,3.59
i14,e11,c5,p22,l2,0.00
i14,e11,c5,p22,l3,0.00
i14,e11,c5,p23,l2,0.00
i14,e11,c5,p23,l3,0.00
i14,e11,c5,p24,l2,0.00
i14,e11,c5,p24,l3,3.15
i14,e11,c5,p25,l2,0.00
i14,e11,c5,p25,l3,1.17
i14,e11,c5,p26,l2,0.00
i14,e11,c5,p26,l3,0.00
i14,e11,c5,p27,l3,0.00
i14,e11,c5,p28,l2,0.00
i14,e11,c5,p28,l3,1.18
i14,e11,c5,p29,l2,0.00
i14,e11,c5,p29,l3,0.00
i14,e11,c5,p30,l2,0.00
i14,e11,c5,p30,l3,0.00
i14,e11,c5,p31,l2,0.00
i14,e11,c5,p31,l3,0.00
i14,e11,c5,p32,l2,0.00
i14,e11,c5,p32,l3,0.00
i14,e11,c5,p33,l2,0.00
i14,e11,c5,p33,l3,0.00
i14,e11,c5,p34,l3,0.00
i14,e11,c5,p35,l2,0.00
i14,e11,c5,p35,l3,0.00
i14,e11,c8,p01,l3,0.00
i14,e11,c8,p02,l3,0.00
i14,e11,c8,p03,l2,0.00
i14,e11,c8,p03,l3,0.00
i14,e11,c8,p04,l3,0.00
i14,e11,c8,p05,l3,0.00
i14,e11,c8,p06,l3,0.00
i14,e11,c8,p07,l3,0.00
i14,e11,c8,p08,l3,0.00
i14,e11,c8,p09,l3,0.00
i14,e11,c8,p10,l3,0.00
i14,e11,c8,p11,l2,0.00
i14,e11,c8,p11,l3,0.00
i14,e11,c8,p12,l3,0.00
i14,e11,c8,p13,l3,0.00
i14,e11,c8,p14,l3,0.00
i14,e11,c8,p15,l3,0.00
i14,e11,c8,p16,l3,0.00
i14,e11,c8,p17,l2,0.00
i14,e11,c8,p17,l3,0.00
i14,e11,c8,p18,l3,0.00
i14,e11,c8,p19,l3,0.00
i14,e11,c8,p20,l3,0.00
i14,e11,c8,p21,l2,0.00
i14,e11,c8,p21,l3,0.00
i14,e11,c8,p22,l3,0.00
i14,e11,c8,p23,l3,0.00
i14,e11,c8,p24,l3,0.00
i14,e11,c8,p25,l3,0.00
i14,e11,c8,p28,l3,0.00
i14,e11,c8,p29,l3,0.00
i14,e11,c8,p31,l3,0.00
i14,e11,c8,p32,l3,0.00
i14,e11,c8,p35,l2,0.00
i14,e11,c8,p35,l3,0.00
i14,e12,c3,p01,l3,0.00
i14,e12,c3,p02,l3,0.00
i14,e12,c3,p03,l3,0.00
i14,e12,c3,p04,l3,0.00
i14,e12,c3,p05,l3,0.00
i14,e12,c3,p06,l3,0.00
i14,e12,c3,p07,l3,0.00
i14,e12,c3,p08,l3,0.00
i14,e12,c3,p09,l3,0.00
i14,e12,c3,p10,l3,0.00
i14,e12,c3,p11,l3,0.00
i14,e12,c3,p12,l3,0.00
i14,e12,c3,p13,l3,0.00
i14,e12,c3,p14,l3,0.00
i14,e12,c3,p15,l3,0.00
i14,e12,c3,p16,l3,0.00
i14,e12,c3,p17,l3,0.00
i14,e12,c3,p18,l3,0.00
i14,e12,c3,p19,l3,0.00
i14,e12,c3,p20,l3,0.00
i14,e12,c3,p21,l3,0.00
i14,e12,c3,p22,l3,0.00
i14,e12,c3,p23,l3,0.00
i14,e12,c3,p24,l3,0.00
i14,e12,c3,p25,l3,0.00
i14,e12,c3,p26,l3,0.00
i14,e12,c3,p28,l3,0.00
i14,e12,c3,p29,l3,0.00
i14,e12,c3,p30,l3,0.00
i14,e12,c3,p31,l3,0.00
i14,e12,c3,p32,l3,0.00
i14,e12,c3,p33,l3,0.00
i14,e12,c3,p35,l3,0.00
i14,e12,c5,p01,l3,0.00
i14,e12,c5,p02,l3,0.00
i14,e12,c5,p03,l3,270.14
i14,e12,c5,p04,l3,1.02
i14,e12,c5,p05,l3,1.46
i14,e12,c5,p06,l3,0.00
i14,e12,c5,p07,l3,1440.37
i14,e12,c5,p08,l3,0.00
i14,e12,c5,p09,l3,0.00
i14,e12,c5,p10,l3,0.00
i14,e12,c5,p11,l3,6.18
i14,e12,c5,p12,l3,1.95
i14,e12,c5,p13,l3,1.61
i14,e12,c5,p14,l3,57.34
i14,e12,c5,p15,l3,2.66
i14,e12,c5,p16,l3,0.00
i14,e12,c5,p17,l3,4.10
i14,e12,c5,p18,l3,0.00
i14,e12,c5,p19,l3,1502.16
i14,e12,c5,p20,l3,0.00
i14,e12,c5,p21,l3,0.00
i14,e12,c5,p22,l3,0.00
i14,e12,c5,p23,l3,0.00
i14,e12,c5,p24,l3,0.00
i14,e12,c5,p25,l3,0.00
i14,e12,c5,p26,l3,0.00
i14,e12,c5,p27,l3,0.00
i14,e12,c5,p28,l3,2.22
i14,e12,c5,p29,l3,0.00
i14,e12,c5,p30,l3,0.00
i14,e12,c5,p31,l3,0.00
i14,e12,c5,p32,l3,0.00
i14,e12,c5,p33,l3,0.00
i14,e12,c5,p35,l3,1.00
i14,e12,c8,p02,l3,0.00
i14,e12,c8,p04,l3,0.00
i14,e12,c8,p07,l3,0.00
i14,e12,c8,p08,l3,0.00
i14,e12,c8,p10,l3,0.00
i14,e12,c8,p13,l3,0.00
i14,e12,c8,p15,l3,0.00
i14,e12,c8,p17,l3,0.00
i14,e12,c8,p19,l3,0.00
i14,e12,c8,p20,l3,0.00
i14,e12,c8,p21,l3,0.00
i14,e12,c8,p28,l3,0.00
i14,e12,c8,p29,l3,0.00
i14,e12,c8,p35,l3,0.00
i14,e13,c3,p01,l3,0.00
i14,e13,c3,p02,l3,0.00
i14,e13,c3,p03,l3,0.00
i14,e13,c3,p04,l3,0.00
i14,e13,c3,p05,l3,0.00
i14,e13,c3,p06,l3,0.00
i14,e13,c3,p07,l3,0.00
i14,e13,c3,p08,l3,0.00
i14,e13,c3,p09,l3,0.00
i14,e13,c3,p10,l3,0.00
i14,e13,c3,p11,l3,0.00
i14,e13,c3,p12,l3,0.00
i14,e13,c3,p13,l3,0.00
i14,e13,c3,p14,l3,0.00
i14,e13,c3,p15,l3,0.00
i14,e13,c3,p16,l3,0.00
i14,e13,c3,p17,l3,0.00
i14,e13,c3,p18,l3,0.00
i14,e13,c3,p19,l3,0.00
i14,e13,c3,p20,l3,0.00
i14,e13,c3,p21,l3,0.00
i14,e13,c3,p22,l3,0.00
i14,e13,c3,p23,l3,0.00
i14,e13,c3,p24,l3,0.00
i14,e13,c3,p25,l3,0.00
i14,e13,c3,p26,l3,0.00
i14,e13,c3,p27,l3,0.00
i14,e13,c3,p28,l3,0.00
i14,e13,c3,p29,l3,0.00
i14,e13,c3,p30,l3,0.00
i14,e13,c3,p31,l3,0.00
i14,e13,c3,p32,l3,0.00
i14,e13,c3,p33,l3,0.00
i14,e13,c3,p34,l3,0.00
i14,e13,c3,p35,l3,0.00
i14,e13,c5,p01,l3,7.52
i14,e13,c5,p02,l3,3.47
i14,e13,c5,p03,l3,6.87
i14,e13,c5,p04,l3,1.61
i14,e13,c5,p05,l3,7.40
i14,e13,c5,p06,l3,1.21
i14,e13,c5,p07,l3,10.41
i14,e13,c5,p08,l3,1.19
i14,e13,c5,p09,l3,0.00
i14,e13,c5,p10,l3,9.19
i14,e13,c5,p11,l3,4.65
i14,e13,c5,p12,l3,6.40
i14,e13,c5,p13,l3,4.33
i14,e13,c5,p14,l3,3.50
i14,e13,c5,p15,l3,8.35
i14,e13,c5,p16,l3,2.77
i14,e13,c5,p17,l3,4.04
i14,e13,c5,p18,l3,2.05
i14,e13,c5,p19,l3,11.41
i14,e13,c5,p20,l3,0.00
i14,e13,c5,p21,l3,11.47
i14,e13,c5,p22,l3,1.29
i14,e13,c5,p23,l3,4.10
i14,e13,c5,p24,l3,5.05
i14,e13,c5,p25,l3,3.08
i14,e13,c5,p26,l3,0.00
i14,e13,c5,p27,l3,0.00
i14,e13,c5,p28,l3,2.47
i14,e13,c5,p29,l3,2.69
i14,e13,c5,p30,l3,1.31
i14,e13,c5,p31,l3,1.11
i14,e13,c5,p32,l3,4.29
i14,e13,c5,p33,l3,1.16
i14,e13,c5,p34,l3,0.00
i14,e13,c5,p35,l3,1.01
i14,e13,c8,p02,l3,0.00
i14,e13,c8,p04,l3,0.00
i14,e13,c8,p05,l3,0.00
i14,e13,c8,p07,l3,0.00
i14,e13,c8,p10,l3,0.00
i14,e13,c8,p12,l3,0.00
i14,e13,c8,p13,l3,0.00
i14,e13,c8,p15,l3,0.00
i14,e13,c8,p16,l3,0.00
i14,e13,c8,p19,l3,0.00
i14,e13,c8,p20,l3,0.00
i14,e13,c8,p21,l3,0.00
i14,e13,c8,p35,l3,0.00
i140,e01,c5,p35,l3,0.00
i140,e04,c5,p19,l3,0.00
i140,e04,c5,p35,l3,0.00
i140,e09,c5,p35,l3,0.00
i141,e01,c5,p01,l3,0.00
i141,e01,c5,p03,l3,0.00
i141,e01,c5,p10,l3,0.00
i141,e01,c5,p35,l3,0.00
i141,e04,c5,p01,l3,0.00
i141,e04,c5,p03,l3,0.00
i141,e04,c5,p10,l3,0.00
i141,e04,c5,p35,l3,0.00
i141,e05,c5,p10,l3,0.00
i141,e05,c5,p12,l3,0.00
i141,e05,c5,p35,l3,0.00
i141,e08,c5,p01,l3,0.00
i141,e08,c5,p03,l3,0.00
i141,e08,c5,p04,l3,0.00
i141,e08,c5,p10,l3,0.00
i141,e08,c5,p35,l3,0.00
i141,e09,c5,p01,l3,0.00
i141,e09,c5,p03,l3,0.00
i141,e09,c5,p10,l3,0.00
i141,e09,c5,p12,l3,0.00
i141,e09,c5,p35,l3,0.00
i141,e11,c5,p10,l3,0.00
i141,e11,c5,p35,l3,0.00
i141,e13,c5,p01,l3,0.00
i141,e13,c5,p03,l3,0.00
i141,e13,c5,p04,l3,0.00
i141,e13,c5,p07,l3,0.00
i141,e13,c5,p10,l3,0.00
i141,e13,c5,p12,l3,0.00
i141,e13,c5,p35,l3,0.00
i142,e01,c2,p35,l3,0.00
i142,e04,c2,p35,l3,0.00
i142,e09,c2,p35,l2,0.00
i142,e09,c2,p35,l3,0.00
i143,e08,c1,p10,l3,0.00
i144,e01,c5,p10,l3,0.00
i144,e01,c5,p35,l3,0.00
i144,e04,c5,p10,l3,0.00
i144,e04,c5,p35,l3,0.00
i144,e05,c5,p10,l3,0.00
i144,e05,c5,p35,l3,0.00
i144,e08,c5,p10,l3,0.00
i144,e08,c5,p35,l3,0.00
i144,e09,c5,p10,l3,0.00
i144,e09,c5,p35,l3,0.00
i144,e11,c3,p10,l3,0.00
i144,e11,c5,p01,l3,0.00
i144,e11,c5,p10,l3,0.00
i144,e11,c5,p35,l3,0.00
i145,e01,c5,p35,l3,0.00
i145,e03,c5,p35,l3,0.00
i145,e04,c5,p35,l3,0.00
i145,e05,c3,p35,l3,0.00
i145,e05,c5,p10,l3,0.00
i145,e05,c5,p35,l1,0.00
i145,e05,c5,p35,l3,0.00
i145,e08,c5,p35,l3,0.00
i145,e11,c5,p35,l3,0.00
i145,e12,c5,p35,l3,0.00
i147,e02,c5,p10,l3,0.00
i147,e05,c5,p10,l3,0.00
i147,e05,c5,p19,l3,0.00
i147,e05,c5,p35,l3,0.00
i148,e05,c5,p10,l3,0.00
i15,e01,c2,p35,l3,1640.44
i15,e01,c6,p35,l3,65.88
i15,e01,c8,p35,l3,0.00
i15,e04,c2,p35,l1,0.00
i15,e04,c2,p35,l3,1466.16
i15,e04,c6,p35,l1,0.00
i15,e04,c6,p35,l3,31.18
i15,e04,c8,p35,l3,0.00
i15,e09,c2,p35,l2,0.00
i15,e09,c2,p35,l3,2129.55
i15,e09,c6,p35,l2,0.00
i15,e09,c6,p35,l3,39.39
i15,e09,c8,p35,l3,0.00
i16,e01,c3,p01,l3,0.00
i16,e01,c3,p02,l3,0.00
i16,e01,c3,p03,l3,0.00
i16,e01,c3,p04,l3,0.00
i16,e01,c3,p05,l3,0.00
i16,e01,c3,p07,l3,0.00
i16,e01,c3,p09,l3,0.00
i16,e01,c3,p10,l3,0.00
i16,e01,c3,p11,l3,0.00
i16,e01,c3,p12,l3,0.00
i16,e01,c3,p13,l3,0.00
i16,e01,c3,p15,l3,0.00
i16,e01,c3,p16,l3,0.00
i16,e01,c3,p17,l3,0.00
i16,e01,c3,p20,l3,0.00
i16,e01,c3,p21,l3,0.00
i16,e01,c3,p22,l3,0.00
i16,e01,c3,p24,l3,0.00
i16,e01,c3,p25,l3,0.00
i16,e01,c3,p35,l3,0.00
i16,e01,c5,p01,l3,3.44
i16,e01,c5,p02,l3,2.70
i16,e01,c5,p03,l3,8.08
i16,e01,c5,p04,l3,2.08
i16,e01,c5,p05,l3,3.48
i16,e01,c5,p06,l3,0.00
i16,e01,c5,p07,l3,12.50
i16,e01,c5,p08,l3,4.20
i16,e01,c5,p09,l3,4.25
i16,e01,c5,p10,l3,12.27
i16,e01,c5,p11,l3,3.77
i16,e01,c5,p12,l3,3.55
i16,e01,c5,p13,l3,0.00
i16,e01,c5,p14,l3,1.11
i16,e01,c5,p15,l3,6.24
i16,e01,c5,p16,l3,1.63
i16,e01,c5,p17,l3,0.00
i16,e01,c5,p18,l3,0.00
i16,e01,c5,p19,l3,8.01
i16,e01,c5,p20,l3,0.00
i16,e01,c5,p21,l3,3.12
i16,e01,c5,p22,l3,3.51
i16,e01,c5,p23,l3,0.00
i16,e01,c5,p24,l3,2.03
i16,e01,c5,p25,l3,1.71
i16,e01,c5,p26,l3,0.00
i16,e01,c5,p28,l3,1.06
i16,e01,c5,p29,l3,0.00
i16,e01,c5,p30,l3,0.00
i16,e01,c5,p31,l3,0.00
i16,e01,c5,p32,l3,6.96
i16,e01,c5,p35,l3,0.00
i16,e04,c3,p01,l3,0.00
i16,e04,c3,p02,l1,0.00
i16,e04,c3,p02,l3,0.00
i16,e04,c3,p03,l3,0.00
i16,e04,c3,p04,l1,0.00
i16,e04,c3,p04,l3,0.00
i16,e04,c3,p05,l1,0.00
i16,e04,c3,p05,l3,0.00
i16,e04,c3,p06,l3,0.00
i16,e04,c3,p07,l3,0.00
i16,e04,c3,p09,l1,0.00
i16,e04,c3,p09,l3,0.00
i16,e04,c3,p10,l1,0.00
i16,e04,c3,p10,l3,0.00
i16,e04,c3,p11,l3,0.00
i16,e04,c3,p12,l1,0.00
i16,e04,c3,p12,l3,0.00
i16,e04,c3,p13,l1,0.00
i16,e04,c3,p13,l3,0.00
i16,e04,c3,p15,l1,0.00
i16,e04,c3,p15,l3,0.00
i16,e04,c3,p16,l1,0.00
i16,e04,c3,p16,l3,0.00
i16,e04,c3,p17,l3,0.00
i16,e04,c3,p20,l1,0.00
i16,e04,c3,p21,l1,0.00
i16,e04,c3,p21,l3,0.00
i16,e04,c3,p22,l3,0.00
i16,e04,c3,p24,l3,0.00
i16,e04,c3,p25,l1,0.00
i16,e04,c3,p25,l3,0.00
i16,e04,c3,p35,l3,0.00
i16,e04,c5,p01,l1,0.00
i16,e04,c5,p01,l3,15.04
i16,e04,c5,p02,l1,0.00
i16,e04,c5,p02,l3,8.26
i16,e04,c5,p03,l1,0.00
i16,e04,c5,p03,l3,10.02
i16,e04,c5,p04,l1,0.00
i16,e04,c5,p04,l3,11.58
i16,e04,c5,p05,l1,0.00
i16,e04,c5,p05,l3,20.13
i16,e04,c5,p06,l1,0.00
i16,e04,c5,p06,l3,4.44
i16,e04,c5,p07,l1,0.00
i16,e04,c5,p07,l3,32.21
i16,e04,c5,p08,l1,0.00
i16,e04,c5,p08,l3,5.02
i16,e04,c5,p09,l1,0.00
i16,e04,c5,p09,l3,5.45
i16,e04,c5,p10,l1,0.00
i16,e04,c5,p10,l3,36.43
i16,e04,c5,p11,l1,0.00
i16,e04,c5,p11,l3,8.50
i16,e04,c5,p12,l1,0.00
i16,e04,c5,p12,l3,10.57
i16,e04,c5,p13,l1,0.00
i16,e04,c5,p13,l3,2.41
i16,e04,c5,p14,l1,0.00
i16,e04,c5,p14,l3,2.04
i16,e04,c5,p15,l1,0.00
i16,e04,c5,p15,l3,6.26
i16,e04,c5,p16,l1,0.00
i16,e04,c5,p16,l3,5.18
i16,e04,c5,p17,l1,0.00
i16,e04,c5,p17,l3,17.42
i16,e04,c5,p18,l1,0.00
i16,e04,c5,p18,l3,7.12
i16,e04,c5,p19,l1,0.00
i16,e04,c5,p19,l3,27.31
i16,e04,c5,p20,l1,0.00
i16,e04,c5,p20,l3,0.00
i16,e04,c5,p21,l1,0.00
i16,e04,c5,p21,l3,14.00
i16,e04,c5,p22,l1,0.00
i16,e04,c5,p22,l3,0.00
i16,e04,c5,p23,l1,0.00
i16,e04,c5,p23,l3,4.04
i16,e04,c5,p24,l1,0.00
i16,e04,c5,p24,l3,8.41
i16,e04,c5,p25,l1,0.00
i16,e04,c5,p25,l3,4.13
i16,e04,c5,p26,l1,0.00
i16,e04,c5,p26,l3,0.00
i16,e04,c5,p28,l1,0.00
i16,e04,c5,p28,l3,1.46
i16,e04,c5,p29,l1,0.00
i16,e04,c5,p29,l3,11.52
i16,e04,c5,p30,l1,0.00
i16,e04,c5,p30,l3,0.00
i16,e04,c5,p31,l1,0.00
i16,e04,c5,p31,l3,0.00
i16,e04,c5,p32,l1,0.00
i16,e04,c5,p32,l3,11.07
i16,e04,c5,p33,l3,0.00
i16,e04,c5,p35,l1,0.00
i16,e04,c5,p35,l3,0.00
i16,e05,c3,p02,l3,0.00
i16,e05,c3,p03,l3,0.00
i16,e05,c3,p04,l1,0.00
i16,e05,c3,p04,l3,0.00
i16,e05,c3,p05,l3,0.00
i16,e05,c3,p09,l1,0.00
i16,e05,c3,p09,l3,0.00
i16,e05,c3,p10,l3,0.00
i16,e05,c3,p11,l3,0.00
i16,e05,c3,p12,l3,0.00
i16,e05,c3,p13,l3,0.00
i16,e05,c3,p15,l3,0.00
i16,e05,c3,p16,l1,0.00
i16,e05,c3,p16,l3,0.00
i16,e05,c3,p20,l1,0.00
i16,e05,c3,p21,l3,0.00
i16,e05,c5,p01,l1,0.00
i16,e05,c5,p01,l3,0.00
i16,e05,c5,p02,l1,0.00
i16,e05,c5,p02,l3,0.00
i16,e05,c5,p03,l1,0.00
i16,e05,c5,p03,l3,0.00
i16,e05,c5,p04,l1,0.00
i16,e05,c5,p04,l3,0.00
i16,e05,c5,p05,l1,0.00
i16,e05,c5,p05,l3,0.00
i16,e05,c5,p06,l1,0.00
i16,e05,c5,p06,l3,0.00
i16,e05,c5,p07,l1,0.00
i16,e05,c5,p07,l3,0.00
i16,e05,c5,p08,l1,0.00
i16,e05,c5,p08,l3,0.00
i16,e05,c5,p09,l1,0.00
i16,e05,c5,p09,l3,0.00
i16,e05,c5,p10,l1,0.00
i16,e05,c5,p10,l3,0.00
i16,e05,c5,p11,l1,0.00
i16,e05,c5,p11,l3,0.00
i16,e05,c5,p12,l1,0.00
i16,e05,c5,p12,l3,0.00
i16,e05,c5,p13,l1,0.00
i16,e05,c5,p13,l3,0.00
i16,e05,c5,p14,l1,0.00
i16,e05,c5,p14,l3,0.00
i16,e05,c5,p15,l1,0.00
i16,e05,c5,p15,l3,0.00
i16,e05,c5,p16,l1,0.00
i16,e05,c5,p16,l3,0.00
i16,e05,c5,p17,l1,0.00
i16,e05,c5,p17,l3,0.00
i16,e05,c5,p18,l1,0.00
i16,e05,c5,p18,l3,0.00
i16,e05,c5,p19,l1,0.00
i16,e05,c5,p19,l3,0.00
i16,e05,c5,p20,l1,0.00
i16,e05,c5,p20,l3,0.00
i16,e05,c5,p21,l1,0.00
i16,e05,c5,p21,l3,0.00
i16,e05,c5,p22,l1,0.00
i16,e05,c5,p22,l3,0.00
i16,e05,c5,p23,l1,0.00
i16,e05,c5,p23,l3,0.00
i16,e05,c5,p24,l1,0.00
i16,e05,c5,p24,l3,0.00
i16,e05,c5,p25,l1,0.00
i16,e05,c5,p25,l3,0.00
i16,e05,c5,p26,l1,0.00
i16,e05,c5,p26,l3,0.00
i16,e05,c5,p28,l1,0.00
i16,e05,c5,p28,l3,0.00
i16,e05,c5,p29,l1,0.00
i16,e05,c5,p29,l3,0.00
i16,e05,c5,p30,l3,0.00
i16,e05,c5,p31,l1,0.00
i16,e05,c5,p31,l3,0.00
i16,e05,c5,p32,l1,0.00
i16,e05,c5,p32,l3,0.00
i16,e05,c5,p35,l3,0.00
i16,e08,c3,p01,l3,0.00
i16,e08,c3,p02,l3,0.00
i16,e08,c3,p03,l3,0.00
i16,e08,c3,p04,l2,0.00
i16,e08,c3,p04,l3,0.00
i16,e08,c3,p05,l2,0.00
i16,e08,c3,p05,l3,0.00
i16,e08,c3,p07,l3,0.00
i16,e08,c3,p09,l3,0.00
i16,e08,c3,p10,l2,0.00
i16,e08,c3,p10,l3,0.00
i16,e08,c3,p11,l2,0.00
i16,e08,c3,p11,l3,0.00
i16,e08,c3,p12,l2,0.00
i16,e08,c3,p12,l3,0.00
i16,e08,c3,p13,l2,0.00
i16,e08,c3,p13,l3,0.00
i16,e08,c3,p15,l2,0.00
i16,e08,c3,p15,l3,3.32
i16,e08,c3,p16,l2,0.00
i16,e08,c3,p16,l3,0.00
i16,e08,c3,p20,l2,0.00
i16,e08,c3,p21,l2,0.00
i16,e08,c3,p21,l3,0.00
i16,e08,c3,p22,l3,0.00
i16,e08,c3,p24,l3,0.00
i16,e08,c3,p25,l2,0.00
i16,e08,c3,p25,l3,0.00
i16,e08,c3,p35,l3,0.00
i16,e08,c5,p01,l2,0.00
i16,e08,c5,p01,l3,37.08
i16,e08,c5,p02,l2,0.00
i16,e08,c5,p02,l3,10.52
i16,e08,c5,p03,l2,0.00
i16,e08,c5,p03,l3,21.32
i16,e08,c5,p04,l2,0.00
i16,e08,c5,p04,l3,16.27
i16,e08,c5,p05,l2,0.00
i16,e08,c5,p05,l3,20.45
i16,e08,c5,p06,l2,0.00
i16,e08,c5,p06,l3,5.48
i16,e08,c5,p07,l2,0.00
i16,e08,c5,p07,l3,39.11
i16,e08,c5,p08,l2,0.00
i16,e08,c5,p08,l3,25.32
i16,e08,c5,p09,l2,0.00
i16,e08,c5,p09,l3,3.66
i16,e08,c5,p10,l2,0.00
i16,e08,c5,p10,l3,61.37
i16,e08,c5,p11,l2,0.00
i16,e08,c5,p11,l3,9.86
i16,e08,c5,p12,l2,0.00
i16,e08,c5,p12,l3,11.45
i16,e08,c5,p13,l2,0.00
i16,e08,c5,p13,l3,4.26
i16,e08,c5,p14,l2,0.00
i16,e08,c5,p14,l3,0.00
i16,e08,c5,p15,l2,0.00
i16,e08,c5,p15,l3,11.52
i16,e08,c5,p16,l2,0.00
i16,e08,c5,p16,l3,17.24
i16,e08,c5,p17,l2,0.00
i16,e08,c5,p17,l3,18.74
i16,e08,c5,p18,l2,0.00
i16,e08,c5,p18,l3,3.49
i16,e08,c5,p19,l2,0.00
i16,e08,c5,p19,l3,40.09
i16,e08,c5,p20,l2,0.00
i16,e08,c5,p20,l3,2.08
i16,e08,c5,p21,l2,0.00
i16,e08,c5,p21,l3,44.25
i16,e08,c5,p22,l2,0.00
i16,e08,c5,p22,l3,3.60
i16,e08,c5,p23,l2,0.00
i16,e08,c5,p23,l3,0.00
i16,e08,c5,p24,l2,0.00
i16,e08,c5,p24,l3,31.49
i16,e08,c5,p25,l2,0.00
i16,e08,c5,p25,l3,4.30
i16,e08,c5,p26,l2,0.00
i16,e08,c5,p26,l3,0.00
i16,e08,c5,p28,l2,0.00
i16,e08,c5,p28,l3,0.00
i16,e08,c5,p29,l2,0.00
i16,e08,c5,p29,l3,14.12
i16,e08,c5,p30,l2,0.00
i16,e08,c5,p30,l3,0.00
i16,e08,c5,p31,l2,0.00
i16,e08,c5,p31,l3,0.00
i16,e08,c5,p32,l2,0.00
i16,e08,c5,p32,l3,0.00
i16,e08,c5,p33,l3,0.00
i16,e08,c5,p35,l2,0.00
i16,e08,c5,p35,l3,0.00
i16,e09,c3,p01,l3,0.00
i16,e09,c3,p02,l3,0.00
i16,e09,c3,p03,l3,0.00
i16,e09,c3,p04,l2,0.00
i16,e09,c3,p04,l3,0.00
i16,e09,c3,p05,l2,0.00
i16,e09,c3,p05,l3,0.00
i16,e09,c3,p09,l3,0.00
i16,e09,c3,p10,l3,0.00
i16,e09,c3,p11,l2,0.00
i16,e09,c3,p11,l3,0.00
i16,e09,c3,p12,l2,0.00
i16,e09,c3,p12,l3,0.00
i16,e09,c3,p13,l2,0.00
i16,e09,c3,p13,l3,0.00
i16,e09,c3,p15,l2,0.00
i16,e09,c3,p15,l3,0.00
i16,e09,c3,p16,l2,0.00
i16,e09,c3,p16,l3,0.00
i16,e09,c3,p17,l3,0.00
i16,e09,c3,p21,l3,0.00
i16,e09,c3,p22,l3,0.00
i16,e09,c3,p24,l3,0.00
i16,e09,c3,p25,l3,0.00
i16,e09,c3,p35,l3,0.00
i16,e09,c5,p01,l2,0.00
i16,e09,c5,p01,l3,1.76
i16,e09,c5,p02,l2,0.00
i16,e09,c5,p02,l3,1.21
i16,e09,c5,p03,l2,0.00
i16,e09,c5,p03,l3,1.57
i16,e09,c5,p04,l2,0.00
i16,e09,c5,p04,l3,0.00
i16,e09,c5,p05,l2,0.00
i16,e09,c5,p05,l3,3.07
i16,e09,c5,p06,l2,0.00
i16,e09,c5,p06,l3,0.00
i16,e09,c5,p07,l2,0.00
i16,e09,c5,p07,l3,8.57
i16,e09,c5,p08,l2,0.00
i16,e09,c5,p08,l3,2.33
i16,e09,c5,p09,l2,0.00
i16,e09,c5,p09,l3,7.56
i16,e09,c5,p10,l2,0.00
i16,e09,c5,p10,l3,3.11
i16,e09,c5,p11,l2,0.00
i16,e09,c5,p11,l3,3.33
i16,e09,c5,p12,l2,0.00
i16,e09,c5,p12,l3,6.45
i16,e09,c5,p13,l2,0.00
i16,e09,c5,p13,l3,2.15
i16,e09,c5,p14,l2,0.00
i16,e09,c5,p14,l3,0.00
i16,e09,c5,p15,l2,0.00
i16,e09,c5,p15,l3,3.60
i16,e09,c5,p16,l2,0.00
i16,e09,c5,p16,l3,0.00
i16,e09,c5,p17,l2,0.00
i16,e09,c5,p17,l3,0.00
i16,e09,c5,p18,l2,0.00
i16,e09,c5,p18,l3,0.00
i16,e09,c5,p19,l2,0.00
i16,e09,c5,p19,l3,14.17
i16,e09,c5,p20,l2,0.00
i16,e09,c5,p20,l3,0.00
i16,e09,c5,p21,l2,0.00
i16,e09,c5,p21,l3,8.44
i16,e09,c5,p22,l2,0.00
i16,e09,c5,p22,l3,1.10
i16,e09,c5,p23,l2,0.00
i16,e09,c5,p23,l3,1.75
i16,e09,c5,p24,l2,0.00
i16,e09,c5,p24,l3,2.07
i16,e09,c5,p25,l2,0.00
i16,e09,c5,p25,l3,2.26
i16,e09,c5,p26,l2,0.00
i16,e09,c5,p26,l3,0.00
i16,e09,c5,p28,l2,0.00
i16,e09,c5,p28,l3,0.00
i16,e09,c5,p29,l2,0.00
i16,e09,c5,p29,l3,2.85
i16,e09,c5,p30,l2,0.00
i16,e09,c5,p30,l3,0.00
i16,e09,c5,p31,l2,0.00
i16,e09,c5,p31,l3,0.00
i16,e09,c5,p32,l2,0.00
i16,e09,c5,p32,l3,4.15
i16,e09,c5,p33,l3,0.00
i16,e09,c5,p35,l2,0.00
i16,e09,c5,p35,l3,0.00
i16,e11,c3,p01,l3,0.00
i16,e11,c3,p02,l3,0.00
i16,e11,c3,p04,l3,0.00
i16,e11,c3,p05,l3,0.00
i16,e11,c3,p09,l3,0.00
i16,e11,c3,p10,l3,0.00
i16,e11,c3,p11,l3,0.00
i16,e11,c3,p13,l3,0.00
i16,e11,c3,p15,l3,0.00
i16,e11,c3,p16,l2,0.00
i16,e11,c3,p16,l3,0.00
i16,e11,c3,p21,l3,0.00
i16,e11,c3,p25,l3,0.00
i16,e11,c5,p01,l2,0.00
i16,e11,c5,p01,l3,0.00
i16,e11,c5,p02,l2,0.00
i16,e11,c5,p02,l3,0.00
i16,e11,c5,p03,l2,0.00
i16,e11,c5,p03,l3,0.00
i16,e11,c5,p04,l2,0.00
i16,e11,c5,p04,l3,0.00
i16,e11,c5,p05,l2,0.00
i16,e11,c5,p05,l3,0.00
i16,e11,c5,p06,l2,0.00
i16,e11,c5,p06,l3,0.00
i16,e11,c5,p07,l2,0.00
i16,e11,c5,p07,l3,3.00
i16,e11,c5,p08,l2,0.00
i16,e11,c5,p08,l3,1.12
i16,e11,c5,p09,l2,0.00
i16,e11,c5,p09,l3,0.00
i16,e11,c5,p10,l2,0.00
i16,e11,c5,p10,l3,0.00
i16,e11,c5,p11,l2,0.00
i16,e11,c5,p11,l3,0.00
i16,e11,c5,p12,l2,0.00
i16,e11,c5,p12,l3,0.00
i16,e11,c5,p13,l2,0.00
i16,e11,c5,p13,l3,0.00
i16,e11,c5,p14,l2,0.00
i16,e11,c5,p14,l3,0.00
i16,e11,c5,p15,l2,0.00
i16,e11,c5,p15,l3,0.00
i16,e11,c5,p16,l2,0.00
i16,e11,c5,p16,l3,0.00
i16,e11,c5,p17,l2,0.00
i16,e11,c5,p17,l3,0.00
i16,e11,c5,p18,l2,0.00
i16,e11,c5,p18,l3,0.00
i16,e11,c5,p19,l2,0.00
i16,e11,c5,p19,l3,0.00
i16,e11,c5,p20,l2,0.00
i16,e11,c5,p20,l3,0.00
i16,e11,c5,p21,l2,0.00
i16,e11,c5,p21,l3,0.00
i16,e11,c5,p22,l2,0.00
i16,e11,c5,p22,l3,0.00
i16,e11,c5,p23,l2,0.00
i16,e11,c5,p23,l3,0.00
i16,e11,c5,p24,l2,0.00
i16,e11,c5,p24,l3,2.79
i16,e11,c5,p25,l2,0.00
i16,e11,c5,p25,l3,0.00
i16,e11,c5,p26,l2,0.00
i16,e11,c5,p26,l3,0.00
i16,e11,c5,p28,l2,0.00
i16,e11,c5,p28,l3,0.00
i16,e11,c5,p29,l2,0.00
i16,e11,c5,p29,l3,0.00
i16,e11,c5,p30,l2,0.00
i16,e11,c5,p30,l3,0.00
i16,e11,c5,p31,l3,0.00
i16,e11,c5,p32,l2,0.00
i16,e11,c5,p32,l3,0.00
i16,e11,c5,p33,l3,0.00
i16,e11,c5,p35,l2,0.00
i16,e11,c5,p35,l3,0.00
i17,e01,c3,p01,l3,0.00
i17,e01,c3,p02,l3,0.00
i17,e01,c3,p03,l3,0.00
i17,e01,c3,p04,l3,0.00
i17,e01,c3,p05,l3,0.00
i17,e01,c3,p06,l3,0.00
i17,e01,c3,p07,l3,0.00
i17,e01,c3,p08,l3,0.00
i17,e01,c3,p09,l3,0.00
i17,e01,c3,p10,l3,0.00
i17,e01,c3,p10,l4,0.00
i17,e01,c3,p11,l3,0.00
i17,e01,c3,p12,l3,0.00
i17,e01,c3,p13,l3,0.00
i17,e01,c3,p14,l3,0.00
i17,e01,c3,p15,l3,0.00
i17,e01,c3,p16,l3,0.00
i17,e01,c3,p17,l3,0.00
i17,e01,c3,p18,l3,0.00
i17,e01,c3,p19,l3,0.00
i17,e01,c3,p21,l3,0.00
i17,e01,c3,p22,l3,0.00
i17,e01,c3,p24,l3,1.82
i17,e01,c3,p25,l3,0.00
i17,e01,c3,p26,l3,0.00
i17,e01,c3,p28,l3,0.00
i17,e01,c3,p29,l3,0.00
i17,e01,c3,p30,l3,0.00
i17,e01,c3,p35,l3,0.00
i17,e01,c5,p01,l3,31.13
i17,e01,c5,p01,l4,0.00
i17,e01,c5,p02,l3,0.00
i17,e01,c5,p02,l4,0.00
i17,e01,c5,p03,l3,9.14
i17,e01,c5,p03,l4,0.00
i17,e01,c5,p04,l3,26.47
i17,e01,c5,p04,l4,0.00
i17,e01,c5,p05,l3,16.38
i17,e01,c5,p05,l4,0.00
i17,e01,c5,p06,l3,0.00
i17,e01,c5,p06,l4,0.00
i17,e01,c5,p07,l3,16.32
i17,e01,c5,p07,l4,0.00
i17,e01,c5,p08,l3,3.90
i17,e01,c5,p08,l4,0.00
i17,e01,c5,p09,l3,4.40
i17,e01,c5,p09,l4,0.00
i17,e01,c5,p10,l3,52.19
i17,e01,c5,p10,l4,0.00
i17,e01,c5,p11,l3,18.48
i17,e01,c5,p11,l4,0.00
i17,e01,c5,p12,l3,8.43
i17,e01,c5,p12,l4,0.00
i17,e01,c5,p13,l3,7.26
i17,e01,c5,p13,l4,0.00
i17,e01,c5,p14,l3,8.31
i17,e01,c5,p14,l4,0.00
i17,e01,c5,p15,l3,5.13
i17,e01,c5,p15,l4,0.00
i17,e01,c5,p16,l3,16.69
i17,e01,c5,p16,l4,0.00
i17,e01,c5,p17,l3,5.47
i17,e01,c5,p17,l4,0.00
i17,e01,c5,p18,l3,8.40
i17,e01,c5,p18,l4,0.00
i17,e01,c5,p19,l3,41.27
i17,e01,c5,p19,l4,0.00
i17,e01,c5,p20,l3,3.25
i17,e01,c5,p20,l4,0.00
i17,e01,c5,p21,l3,15.05
i17,e01,c5,p21,l4,0.00
i17,e01,c5,p22,l3,2.62
i17,e01,c5,p22,l4,0.00
i17,e01,c5,p23,l3,6.13
i17,e01,c5,p23,l4,0.00
i17,e01,c5,p24,l3,7.07
i17,e01,c5,p24,l4,0.00
i17,e01,c5,p25,l3,2.84
i17,e01,c5,p25,l4,0.00
i17,e01,c5,p26,l3,0.00
i17,e01,c5,p26,l4,0.00
i17,e01,c5,p28,l3,4.24
i17,e01,c5,p28,l4,0.00
i17,e01,c5,p29,l3,10.66
i17,e01,c5,p29,l4,0.00
i17,e01,c5,p30,l3,0.00
i17,e01,c5,p31,l3,0.00
i17,e01,c5,p31,l4,0.00
i17,e01,c5,p32,l3,1.04
i17,e01,c5,p32,l4,0.00
i17,e01,c5,p33,l3,0.00
i17,e01,c5,p33,l4,0.00
i17,e01,c5,p35,l3,1.55
i17,e01,c5,p35,l4,0.00
i17,e04,c3,p01,l1,0.00
i17,e04,c3,p01,l3,0.00
i17,e04,c3,p02,l1,0.00
i17,e04,c3,p02,l3,0.00
i17,e04,c3,p03,l1,0.00
i17,e04,c3,p03,l3,0.00
i17,e04,c3,p04,l1,0.00
i17,e04,c3,p04,l3,0.00
i17,e04,c3,p05,l1,0.00
i17,e04,c3,p05,l3,0.00
i17,e04,c3,p06,l1,0.00
i17,e04,c3,p06,l3,0.00
i17,e04,c3,p07,l1,0.00
i17,e04,c3,p07,l3,0.00
i17,e04,c3,p08,l3,0.00
i17,e04,c3,p09,l1,0.00
i17,e04,c3,p09,l3,0.00
i17,e04,c3,p10,l1,0.00
i17,e04,c3,p10,l3,0.00
i17,e04,c3,p10,l4,0.00
i17,e04,c3,p11,l1,0.00
i17,e04,c3,p11,l3,0.00
i17,e04,c3,p12,l1,0.00
i17,e04,c3,p12,l3,0.00
i17,e04,c3,p13,l3,0.00
i17,e04,c3,p14,l1,0.00
i17,e04,c3,p14,l3,0.00
i17,e04,c3,p15,l1,0.00
i17,e04,c3,p15,l3,0.00
i17,e04,c3,p16,l3,0.00
i17,e04,c3,p17,l1,0.00
i17,e04,c3,p17,l3,0.00
i17,e04,c3,p18,l1,0.00
i17,e04,c3,p18,l3,0.00
i17,e04,c3,p19,l1,0.00
i17,e04,c3,p19,l3,0.00
i17,e04,c3,p21,l1,0.00
i17,e04,c3,p21,l3,0.00
i17,e04,c3,p22,l3,0.00
i17,e04,c3,p24,l1,0.00
i17,e04,c3,p24,l3,0.00
i17,e04,c3,p25,l1,0.00
i17,e04,c3,p25,l3,0.00
i17,e04,c3,p26,l3,0.00
i17,e04,c3,p28,l3,0.00
i17,e04,c3,p29,l1,0.00
i17,e04,c3,p29,l3,6.67
i17,e04,c3,p30,l3,0.00
i17,e04,c3,p35,l1,0.00
i17,e04,c3,p35,l3,0.00
i17,e04,c5,p01,l1,0.00
i17,e04,c5,p01,l3,152.30
i17,e04,c5,p01,l4,0.00
i17,e04,c5,p02,l1,0.00
i17,e04,c5,p02,l3,16.41
i17,e04,c5,p02,l4,0.00
i17,e04,c5,p03,l1,0.00
i17,e04,c5,p03,l3,56.28
i17,e04,c5,p03,l4,0.00
i17,e04,c5,p04,l1,0.00
i17,e04,c5,p04,l3,94.46
i17,e04,c5,p04,l4,0.00
i17,e04,c5,p05,l1,0.00
i17,e04,c5,p05,l3,87.15
i17,e04,c5,p05,l4,0.00
i17,e04,c5,p06,l1,0.00
i17,e04,c5,p06,l3,29.78
i17,e04,c5,p06,l4,0.00
i17,e04,c5,p07,l1,0.00
i17,e04,c5,p07,l3,55.57
i17,e04,c5,p07,l4,0.00
i17,e04,c5,p08,l1,0.00
i17,e04,c5,p08,l3,21.99
i17,e04,c5,p08,l4,0.00
i17,e04,c5,p09,l1,0.00
i17,e04,c5,p09,l3,25.66
i17,e04,c5,p09,l4,0.00
i17,e04,c5,p10,l1,0.00
i17,e04,c5,p10,l3,315.13
i17,e04,c5,p10,l4,0.00
i17,e04,c5,p11,l1,0.00
i17,e04,c5,p11,l3,63.02
i17,e04,c5,p11,l4,0.00
i17,e04,c5,p12,l1,0.00
i17,e04,c5,p12,l3,96.35
i17,e04,c5,p12,l4,0.00
i17,e04,c5,p13,l1,0.00
i17,e04,c5,p13,l3,97.15
i17,e04,c5,p13,l4,0.00
i17,e04,c5,p14,l1,0.00
i17,e04,c5,p14,l3,13.88
i17,e04,c5,p14,l4,0.00
i17,e04,c5,p15,l1,0.00
i17,e04,c5,p15,l3,40.65
i17,e04,c5,p15,l4,0.00
i17,e04,c5,p16,l1,0.00
i17,e04,c5,p16,l3,32.42
i17,e04,c5,p16,l4,0.00
i17,e04,c5,p17,l1,0.00
i17,e04,c5,p17,l3,37.46
i17,e04,c5,p17,l4,0.00
i17,e04,c5,p18,l1,0.00
i17,e04,c5,p18,l3,8.20
i17,e04,c5,p18,l4,0.00
i17,e04,c5,p19,l1,0.00
i17,e04,c5,p19,l3,107.59
i17,e04,c5,p19,l4,0.00
i17,e04,c5,p20,l1,0.00
i17,e04,c5,p20,l3,16.22
i17,e04,c5,p20,l4,0.00
i17,e04,c5,p21,l1,0.00
i17,e04,c5,p21,l3,119.72
i17,e04,c5,p21,l4,0.00
i17,e04,c5,p22,l1,0.00
i17,e04,c5,p22,l3,14.13
i17,e04,c5,p22,l4,0.00
i17,e04,c5,p23,l1,0.00
i17,e04,c5,p23,l3,10.89
i17,e04,c5,p23,l4,0.00
i17,e04,c5,p24,l1,0.00
i17,e04,c5,p24,l3,30.70
i17,e04,c5,p24,l4,0.00
i17,e04,c5,p25,l1,0.00
i17,e04,c5,p25,l3,30.72
i17,e04,c5,p25,l4,0.00
i17,e04,c5,p26,l1,0.00
i17,e04,c5,p26,l3,2.01
i17,e04,c5,p26,l4,0.00
i17,e04,c5,p28,l1,0.00
i17,e04,c5,p28,l3,23.06
i17,e04,c5,p28,l4,0.00
i17,e04,c5,p29,l1,0.00
i17,e04,c5,p29,l3,38.32
i17,e04,c5,p29,l4,0.00
i17,e04,c5,p30,l1,0.00
i17,e04,c5,p30,l3,2.04
i17,e04,c5,p31,l1,0.00
i17,e04,c5,p31,l3,1.81
i17,e04,c5,p31,l4,0.00
i17,e04,c5,p32,l1,0.00
i17,e04,c5,p32,l3,10.48
i17,e04,c5,p32,l4,0.00
i17,e04,c5,p33,l1,0.00
i17,e04,c5,p33,l3,20.76
i17,e04,c5,p33,l4,0.00
i17,e04,c5,p35,l1,0.00
i17,e04,c5,p35,l3,12.45
i17,e05,c3,p01,l3,0.00
i17,e05,c3,p04,l3,0.00
i17,e05,c3,p09,l3,0.00
i17,e05,c3,p10,l3,0.00
i17,e05,c3,p19,l3,0.00
i17,e05,c3,p25,l3,0.00
i17,e05,c3,p35,l1,0.00
i17,e05,c3,p35,l3,0.00
i17,e05,c5,p01,l1,0.00
i17,e05,c5,p01,l3,0.00
i17,e05,c5,p02,l1,0.00
i17,e05,c5,p02,l3,0.00
i17,e05,c5,p03,l1,0.00
i17,e05,c5,p03,l3,0.00
i17,e05,c5,p04,l1,0.00
i17,e05,c5,p04,l3,0.00
i17,e05,c5,p05,l1,0.00
i17,e05,c5,p05,l3,0.00
i17,e05,c5,p06,l1,0.00
i17,e05,c5,p06,l3,0.00
i17,e05,c5,p07,l1,0.00
i17,e05,c5,p07,l3,0.00
i17,e05,c5,p08,l1,0.00
i17,e05,c5,p08,l3,0.00
i17,e05,c5,p09,l1,0.00
i17,e05,c5,p09,l3,0.00
i17,e05,c5,p10,l1,0.00
i17,e05,c5,p10,l3,1.61
i17,e05,c5,p11,l1,0.00
i17,e05,c5,p11,l3,0.00
i17,e05,c5,p12,l1,0.00
i17,e05,c5,p12,l3,0.00
i17,e05,c5,p13,l1,0.00
i17,e05,c5,p13,l3,0.00
i17,e05,c5,p14,l1,0.00
i17,e05,c5,p14,l3,0.00
i17,e05,c5,p15,l1,0.00
i17,e05,c5,p15,l3,0.00
i17,e05,c5,p16,l1,0.00
i17,e05,c5,p16,l3,0.00
i17,e05,c5,p17,l1,0.00
i17,e05,c5,p17,l3,0.00
i17,e05,c5,p18,l1,0.00
i17,e05,c5,p18,l3,0.00
i17,e05,c5,p19,l1,0.00
i17,e05,c5,p19,l3,0.00
i17,e05,c5,p20,l1,0.00
i17,e05,c5,p20,l3,0.00
i17,e05,c5,p21,l1,0.00
i17,e05,c5,p21,l3,0.00
i17,e05,c5,p22,l1,0.00
i17,e05,c5,p22,l3,0.00
i17,e05,c5,p23,l1,0.00
i17,e05,c5,p23,l3,0.00
i17,e05,c5,p24,l1,0.00
i17,e05,c5,p24,l3,0.00
i17,e05,c5,p25,l1,0.00
i17,e05,c5,p25,l3,0.00
i17,e05,c5,p26,l3,0.00
i17,e05,c5,p28,l1,0.00
i17,e05,c5,p28,l3,0.00
i17,e05,c5,p29,l1,0.00
i17,e05,c5,p29,l3,0.00
i17,e05,c5,p30,l3,0.00
i17,e05,c5,p31,l1,0.00
i17,e05,c5,p31,l3,0.00
i17,e05,c5,p32,l1,0.00
i17,e05,c5,p32,l3,0.00
i17,e05,c5,p33,l3,0.00
i17,e05,c5,p35,l1,0.00
i17,e05,c5,p35,l3,0.00
i17,e08,c3,p01,l2,0.00
i17,e08,c3,p01,l3,0.00
i17,e08,c3,p02,l3,0.00
i17,e08,c3,p03,l2,0.00
i17,e08,c3,p03,l3,0.00
i17,e08,c3,p04,l2,0.00
i17,e08,c3,p04,l3,0.00
i17,e08,c3,p05,l3,0.00
i17,e08,c3,p06,l2,0.00
i17,e08,c3,p06,l3,0.00
i17,e08,c3,p07,l3,0.00
i17,e08,c3,p08,l3,0.00
i17,e08,c3,p09,l2,0.00
i17,e08,c3,p09,l3,0.00
i17,e08,c3,p10,l2,0.00
i17,e08,c3,p10,l3,0.00
i17,e08,c3,p11,l2,0.00
i17,e08,c3,p11,l3,0.00
i17,e08,c3,p12,l3,0.00
i17,e08,c3,p13,l3,0.00
i17,e08,c3,p14,l2,0.00
i17,e08,c3,p14,l3,0.00
i17,e08,c3,p15,l2,0.00
i17,e08,c3,p15,l3,0.00
i17,e08,c3,p16,l3,0.00
i17,e08,c3,p17,l3,0.00
i17,e08,c3,p18,l2,0.00
i17,e08,c3,p18,l3,0.00
i17,e08,c3,p19,l2,0.00
i17,e08,c3,p19,l3,0.00
i17,e08,c3,p21,l2,0.00
i17,e08,c3,p21,l3,0.00
i17,e08,c3,p22,l3,0.00
i17,e08,c3,p23,l2,0.00
i17,e08,c3,p24,l2,0.00
i17,e08,c3,p24,l3,0.00
i17,e08,c3,p25,l3,0.00
i17,e08,c3,p26,l3,0.00
i17,e08,c3,p29,l2,0.00
i17,e08,c3,p29,l3,6.54
i17,e08,c3,p30,l3,0.00
i17,e08,c3,p35,l2,0.00
i17,e08,c3,p35,l3,0.00
i17,e08,c5,p01,l2,0.00
i17,e08,c5,p01,l3,96.68
i17,e08,c5,p02,l2,0.00
i17,e08,c5,p02,l3,10.25
i17,e08,c5,p03,l2,0.00
i17,e08,c5,p03,l3,88.41
i17,e08,c5,p04,l2,0.00
i17,e08,c5,p04,l3,49.24
i17,e08,c5,p05,l2,0.00
i17,e08,c5,p05,l3,88.57
i17,e08,c5,p06,l2,0.00
i17,e08,c5,p06,l3,22.43
i17,e08,c5,p07,l2,0.00
i17,e08,c5,p07,l3,33.08
i17,e08,c5,p08,l2,0.00
i17,e08,c5,p08,l3,20.72
i17,e08,c5,p09,l2,0.00
i17,e08,c5,p09,l3,16.69
i17,e08,c5,p10,l2,0.00
i17,e08,c5,p10,l3,233.10
i17,e08,c5,p11,l2,0.00
i17,e08,c5,p11,l3,34.69
i17,e08,c5,p12,l2,0.00
i17,e08,c5,p12,l3,68.26
i17,e08,c5,p13,l2,0.00
i17,e08,c5,p13,l3,55.27
i17,e08,c5,p14,l2,0.00
i17,e08,c5,p14,l3,10.37
i17,e08,c5,p15,l2,0.00
i17,e08,c5,p15,l3,29.45
i17,e08,c5,p16,l2,0.00
i17,e08,c5,p16,l3,33.09
i17,e08,c5,p17,l2,0.00
i17,e08,c5,p17,l3,29.05
i17,e08,c5,p18,l2,0.00
i17,e08,c5,p18,l3,9.27
i17,e08,c5,p19,l2,0.00
i17,e08,c5,p19,l3,54.46
i17,e08,c5,p20,l2,0.00
i17,e08,c5,p20,l3,12.30
i17,e08,c5,p21,l2,0.00
i17,e08,c5,p21,l3,108.02
i17,e08,c5,p22,l2,0.00
i17,e08,c5,p22,l3,8.56
i17,e08,c5,p23,l2,0.00
i17,e08,c5,p23,l3,7.09
i17,e08,c5,p24,l2,0.00
i17,e08,c5,p24,l3,5.78
i17,e08,c5,p25,l2,0.00
i17,e08,c5,p25,l3,25.37
i17,e08,c5,p26,l2,0.00
i17,e08,c5,p26,l3,0.00
i17,e08,c5,p28,l2,0.00
i17,e08,c5,p28,l3,8.13
i17,e08,c5,p29,l2,0.00
i17,e08,c5,p29,l3,34.29
i17,e08,c5,p30,l2,0.00
i17,e08,c5,p30,l3,1.23
i17,e08,c5,p31,l2,0.00
i17,e08,c5,p31,l3,2.60
i17,e08,c5,p32,l2,0.00
i17,e08,c5,p32,l3,9.04
i17,e08,c5,p33,l2,0.00
i17,e08,c5,p33,l3,21.52
i17,e08,c5,p35,l2,0.00
i17,e08,c5,p35,l3,5.31
i17,e09,c3,p01,l2,0.00
i17,e09,c3,p01,l3,0.00
i17,e09,c3,p02,l2,0.00
i17,e09,c3,p02,l3,0.00
i17,e09,c3,p03,l2,0.00
i17,e09,c3,p03,l3,0.00
i17,e09,c3,p04,l2,0.00
i17,e09,c3,p04,l3,0.00
i17,e09,c3,p05,l2,0.00
i17,e09,c3,p05,l3,0.00
i17,e09,c3,p06,l2,0.00
i17,e09,c3,p06,l3,0.00
i17,e09,c3,p07,l2,0.00
i17,e09,c3,p07,l3,0.00
i17,e09,c3,p08,l2,0.00
i17,e09,c3,p08,l3,0.00
i17,e09,c3,p09,l2,0.00
i17,e09,c3,p09,l3,0.00
i17,e09,c3,p10,l2,0.00
i17,e09,c3,p10,l3,0.00
i17,e09,c3,p11,l2,0.00
i17,e09,c3,p11,l3,0.00
i17,e09,c3,p12,l2,0.00
i17,e09,c3,p12,l3,0.00
i17,e09,c3,p13,l3,0.00
i17,e09,c3,p14,l2,0.00
i17,e09,c3,p14,l3,0.00
i17,e09,c3,p15,l2,0.00
i17,e09,c3,p15,l3,0.00
i17,e09,c3,p16,l3,0.00
i17,e09,c3,p17,l3,0.00
i17,e09,c3,p18,l2,0.00
i17,e09,c3,p18,l3,0.00
i17,e09,c3,p19,l2,0.00
i17,e09,c3,p19,l3,0.00
i17,e09,c3,p20,l3,0.00
i17,e09,c3,p21,l2,0.00
i17,e09,c3,p21,l3,0.00
i17,e09,c3,p22,l3,0.00
i17,e09,c3,p23,l3,0.00
i17,e09,c3,p24,l2,0.00
i17,e09,c3,p24,l3,1.27
i17,e09,c3,p25,l2,0.00
i17,e09,c3,p25,l3,0.00
i17,e09,c3,p26,l3,0.00
i17,e09,c3,p29,l2,0.00
i17,e09,c3,p29,l3,0.00
i17,e09,c3,p30,l3,0.00
i17,e09,c3,p35,l2,0.00
i17,e09,c3,p35,l3,0.00
i17,e09,c5,p01,l2,0.00
i17,e09,c5,p01,l3,43.04
i17,e09,c5,p01,l4,0.00
i17,e09,c5,p02,l2,0.00
i17,e09,c5,p02,l3,4.19
i17,e09,c5,p02,l4,0.00
i17,e09,c5,p03,l2,0.00
i17,e09,c5,p03,l3,7.18
i17,e09,c5,p03,l4,0.00
i17,e09,c5,p04,l2,0.00
i17,e09,c5,p04,l3,18.93
i17,e09,c5,p04,l4,0.00
i17,e09,c5,p05,l2,0.00
i17,e09,c5,p05,l3,30.44
i17,e09,c5,p05,l4,0.00
i17,e09,c5,p06,l2,0.00
i17,e09,c5,p06,l3,4.59
i17,e09,c5,p06,l4,0.00
i17,e09,c5,p07,l2,0.00
i17,e09,c5,p07,l3,16.24
i17,e09,c5,p07,l4,0.00
i17,e09,c5,p08,l2,0.00
i17,e09,c5,p08,l3,2.25
i17,e09,c5,p08,l4,0.00
i17,e09,c5,p09,l2,0.00
i17,e09,c5,p09,l3,0.00
i17,e09,c5,p09,l4,0.00
i17,e09,c5,p10,l2,0.00
i17,e09,c5,p10,l3,72.45
i17,e09,c5,p10,l4,0.00
i17,e09,c5,p11,l2,0.00
i17,e09,c5,p11,l3,6.84
i17,e09,c5,p11,l4,0.00
i17,e09,c5,p12,l2,0.00
i17,e09,c5,p12,l3,8.10
i17,e09,c5,p12,l4,0.00
i17,e09,c5,p13,l2,0.00
i17,e09,c5,p13,l3,10.36
i17,e09,c5,p13,l4,0.00
i17,e09,c5,p14,l2,0.00
i17,e09,c5,p14,l3,6.64
i17,e09,c5,p14,l4,0.00
i17,e09,c5,p15,l2,0.00
i17,e09,c5,p15,l3,9.44
i17,e09,c5,p15,l4,0.00
i17,e09,c5,p16,l2,0.00
i17,e09,c5,p16,l3,8.29
i17,e09,c5,p16,l4,0.00
i17,e09,c5,p17,l2,0.00
i17,e09,c5,p17,l3,14.45
i17,e09,c5,p17,l4,0.00
i17,e09,c5,p18,l2,0.00
i17,e09,c5,p18,l3,5.76
i17,e09,c5,p18,l4,0.00
i17,e09,c5,p19,l2,0.00
i17,e09,c5,p19,l3,31.08
i17,e09,c5,p19,l4,0.00
i17,e09,c5,p20,l2,0.00
i17,e09,c5,p20,l3,8.12
i17,e09,c5,p20,l4,0.00
i17,e09,c5,p21,l2,0.00
i17,e09,c5,p21,l3,19.62
i17,e09,c5,p21,l4,0.00
i17,e09,c5,p22,l2,0.00
i17,e09,c5,p22,l3,4.40
i17,e09,c5,p22,l4,0.00
i17,e09,c5,p23,l2,0.00
i17,e09,c5,p23,l3,1.21
i17,e09,c5,p23,l4,0.00
i17,e09,c5,p24,l2,0.00
i17,e09,c5,p24,l3,8.26
i17,e09,c5,p24,l4,0.00
i17,e09,c5,p25,l2,0.00
i17,e09,c5,p25,l3,2.92
i17,e09,c5,p25,l4,0.00
i17,e09,c5,p26,l2,0.00
i17,e09,c5,p26,l3,0.00
i17,e09,c5,p26,l4,0.00
i17,e09,c5,p28,l2,0.00
i17,e09,c5,p28,l3,5.49
i17,e09,c5,p28,l4,0.00
i17,e09,c5,p29,l2,0.00
i17,e09,c5,p29,l3,7.45
i17,e09,c5,p29,l4,0.00
i17,e09,c5,p30,l2,0.00
i17,e09,c5,p30,l3,0.00
i17,e09,c5,p31,l2,0.00
i17,e09,c5,p31,l3,0.00
i17,e09,c5,p31,l4,0.00
i17,e09,c5,p32,l2,0.00
i17,e09,c5,p32,l3,3.01
i17,e09,c5,p32,l4,0.00
i17,e09,c5,p33,l2,0.00
i17,e09,c5,p33,l3,0.00
i17,e09,c5,p33,l4,0.00
i17,e09,c5,p35,l2,0.00
i17,e09,c5,p35,l3,1.57
i17,e09,c5,p35,l4,0.00
i17,e10,c3,p03,l3,0.00
i17,e10,c3,p10,l3,0.00
i17,e10,c3,p21,l3,0.00
i17,e10,c3,p29,l3,0.00
i17,e10,c3,p35,l3,0.00
i17,e10,c5,p01,l3,0.00
i17,e10,c5,p02,l2,0.00
i17,e10,c5,p02,l3,0.00
i17,e10,c5,p03,l2,0.00
i17,e10,c5,p03,l3,0.00
i17,e10,c5,p04,l2,0.00
i17,e10,c5,p04,l3,0.00
i17,e10,c5,p05,l2,0.00
i17,e10,c5,p05,l3,0.00
i17,e10,c5,p06,l2,0.00
i17,e10,c5,p06,l3,0.00
i17,e10,c5,p07,l3,0.00
i17,e10,c5,p08,l2,0.00
i17,e10,c5,p08,l3,0.00
i17,e10,c5,p09,l3,0.00
i17,e10,c5,p10,l2,0.00
i17,e10,c5,p10,l3,0.00
i17,e10,c5,p11,l2,0.00
i17,e10,c5,p11,l3,0.00
i17,e10,c5,p12,l3,0.00
i17,e10,c5,p13,l3,0.00
i17,e10,c5,p14,l2,0.00
i17,e10,c5,p14,l3,0.00
i17,e10,c5,p15,l3,0.00
i17,e10,c5,p16,l2,0.00
i17,e10,c5,p16,l3,0.00
i17,e10,c5,p17,l2,0.00
i17,e10,c5,p17,l3,0.00
i17,e10,c5,p18,l2,0.00
i17,e10,c5,p18,l3,0.00
i17,e10,c5,p19,l2,0.00
i17,e10,c5,p19,l3,0.00
i17,e10,c5,p20,l3,0.00
i17,e10,c5,p21,l2,0.00
i17,e10,c5,p21,l3,0.00
i17,e10,c5,p22,l3,0.00
i17,e10,c5,p23,l3,0.00
i17,e10,c5,p24,l3,0.00
i17,e10,c5,p25,l3,0.00
i17,e10,c5,p26,l3,0.00
i17,e10,c5,p28,l3,0.00
i17,e10,c5,p29,l3,0.00
i17,e10,c5,p31,l3,0.00
i17,e10,c5,p32,l3,0.00
i17,e10,c5,p35,l3,0.00
i17,e11,c3,p01,l2,0.00
i17,e11,c3,p01,l3,0.00
i17,e11,c3,p01,l4,0.00
i17,e11,c3,p02,l3,0.00
i17,e11,c3,p02,l4,0.00
i17,e11,c3,p03,l2,0.00
i17,e11,c3,p03,l3,0.00
i17,e11,c3,p03,l4,0.00
i17,e11,c3,p04,l2,0.00
i17,e11,c3,p04,l3,0.00
i17,e11,c3,p04,l4,0.00
i17,e11,c3,p05,l3,0.00
i17,e11,c3,p05,l4,0.00
i17,e11,c3,p06,l3,0.00
i17,e11,c3,p07,l3,0.00
i17,e11,c3,p08,l3,0.00
i17,e11,c3,p08,l4,0.00
i17,e11,c3,p09,l2,0.00
i17,e11,c3,p09,l3,0.00
i17,e11,c3,p09,l4,0.00
i17,e11,c3,p10,l2,0.00
i17,e11,c3,p10,l3,0.00
i17,e11,c3,p10,l4,0.00
i17,e11,c3,p11,l2,0.00
i17,e11,c3,p11,l3,0.00
i17,e11,c3,p11,l4,0.00
i17,e11,c3,p12,l3,0.00
i17,e11,c3,p12,l4,0.00
i17,e11,c3,p13,l3,0.00
i17,e11,c3,p13,l4,0.00
i17,e11,c3,p14,l2,0.00
i17,e11,c3,p14,l3,0.00
i17,e11,c3,p14,l4,0.00
i17,e11,c3,p15,l2,0.00
i17,e11,c3,p15,l3,0.00
i17,e11,c3,p15,l4,0.00
i17,e11,c3,p16,l3,0.00
i17,e11,c3,p16,l4,0.00
i17,e11,c3,p17,l3,0.00
i17,e11,c3,p17,l4,0.00
i17,e11,c3,p18,l3,0.00
i17,e11,c3,p19,l2,0.00
i17,e11,c3,p19,l3,0.00
i17,e11,c3,p19,l4,0.00
i17,e11,c3,p21,l2,0.00
i17,e11,c3,p21,l3,0.00
i17,e11,c3,p21,l4,0.00
i17,e11,c3,p22,l4,0.00
i17,e11,c3,p23,l4,0.00
i17,e11,c3,p24,l2,0.00
i17,e11,c3,p24,l3,0.00
i17,e11,c3,p24,l4,0.00
i17,e11,c3,p25,l3,0.00
i17,e11,c3,p25,l4,0.00
i17,e11,c3,p26,l4,0.00
i17,e11,c3,p29,l3,0.00
i17,e11,c3,p29,l4,0.00
i17,e11,c3,p30,l3,0.00
i17,e11,c3,p30,l4,0.00
i17,e11,c3,p33,l3,0.00
i17,e11,c3,p35,l3,0.00
i17,e11,c3,p35,l4,0.00
i17,e11,c5,p01,l2,0.00
i17,e11,c5,p01,l3,20.24
i17,e11,c5,p01,l4,75.09
i17,e11,c5,p02,l2,0.00
i17,e11,c5,p02,l3,1.24
i17,e11,c5,p02,l4,8.40
i17,e11,c5,p03,l2,0.00
i17,e11,c5,p03,l3,11.07
i17,e11,c5,p03,l4,65.43
i17,e11,c5,p04,l2,0.00
i17,e11,c5,p04,l3,14.02
i17,e11,c5,p04,l4,75.77
i17,e11,c5,p05,l2,0.00
i17,e11,c5,p05,l3,2.64
i17,e11,c5,p05,l4,40.28
i17,e11,c5,p06,l2,0.00
i17,e11,c5,p06,l3,2.05
i17,e11,c5,p06,l4,20.67
i17,e11,c5,p07,l2,0.00
i17,e11,c5,p07,l3,12.20
i17,e11,c5,p07,l4,73.14
i17,e11,c5,p08,l2,0.00
i17,e11,c5,p08,l3,0.00
i17,e11,c5,p08,l4,44.02
i17,e11,c5,p09,l2,0.00
i17,e11,c5,p09,l3,0.00
i17,e11,c5,p09,l4,15.50
i17,e11,c5,p10,l2,0.00
i17,e11,c5,p10,l3,102.74
i17,e11,c5,p10,l4,509.02
i17,e11,c5,p11,l2,0.00
i17,e11,c5,p11,l3,6.66
i17,e11,c5,p11,l4,21.12
i17,e11,c5,p12,l2,0.00
i17,e11,c5,p12,l3,1.84
i17,e11,c5,p12,l4,50.72
i17,e11,c5,p13,l2,0.00
i17,e11,c5,p13,l3,2.45
i17,e11,c5,p13,l4,12.57
i17,e11,c5,p14,l2,0.00
i17,e11,c5,p14,l3,1.38
i17,e11,c5,p14,l4,46.09
i17,e11,c5,p15,l2,0.00
i17,e11,c5,p15,l3,5.32
i17,e11,c5,p15,l4,34.21
i17,e11,c5,p16,l2,0.00
i17,e11,c5,p16,l3,11.05
i17,e11,c5,p16,l4,62.40
i17,e11,c5,p17,l2,0.00
i17,e11,c5,p17,l3,2.43
i17,e11,c5,p17,l4,113.55
i17,e11,c5,p18,l2,0.00
i17,e11,c5,p18,l3,3.25
i17,e11,c5,p18,l4,10.64
i17,e11,c5,p19,l2,0.00
i17,e11,c5,p19,l3,14.49
i17,e11,c5,p19,l4,49.09
i17,e11,c5,p20,l2,0.00
i17,e11,c5,p20,l3,0.00
i17,e11,c5,p20,l4,5.77
i17,e11,c5,p21,l2,0.00
i17,e11,c5,p21,l3,9.12
i17,e11,c5,p21,l4,54.04
i17,e11,c5,p22,l2,0.00
i17,e11,c5,p22,l3,0.00
i17,e11,c5,p22,l4,13.20
i17,e11,c5,p23,l2,0.00
i17,e11,c5,p23,l3,0.00
i17,e11,c5,p23,l4,33.94
i17,e11,c5,p24,l2,0.00
i17,e11,c5,p24,l3,5.42
i17,e11,c5,p24,l4,9.32
i17,e11,c5,p25,l2,0.00
i17,e11,c5,p25,l3,0.00
i17,e11,c5,p25,l4,5.34
i17,e11,c5,p26,l2,0.00
i17,e11,c5,p26,l3,0.00
i17,e11,c5,p26,l4,3.27
i17,e11,c5,p28,l2,0.00
i17,e11,c5,p28,l3,0.00
i17,e11,c5,p28,l4,3.01
i17,e11,c5,p29,l2,0.00
i17,e11,c5,p29,l3,2.09
i17,e11,c5,p29,l4,6.75
i17,e11,c5,p30,l2,0.00
i17,e11,c5,p30,l3,0.00
i17,e11,c5,p30,l4,0.00
i17,e11,c5,p31,l2,0.00
i17,e11,c5,p31,l3,0.00
i17,e11,c5,p31,l4,0.00
i17,e11,c5,p32,l2,0.00
i17,e11,c5,p32,l3,0.00
i17,e11,c5,p32,l4,7.08
i17,e11,c5,p33,l2,0.00
i17,e11,c5,p33,l3,0.00
i17,e11,c5,p33,l4,0.00
i17,e11,c5,p35,l2,0.00
i17,e11,c5,p35,l3,5.51
i17,e11,c5,p35,l4,0.00
i18,e01,c1,p35,l3,24.25
i18,e01,c4,p35,l3,0.00
i18,e04,c1,p35,l1,0.00
i18,e04,c1,p35,l3,13.21
i18,e04,c4,p35,l1,0.00
i18,e04,c4,p35,l3,0.00
i18,e05,c1,p35,l1,0.00
i18,e05,c1,p35,l3,1.07
i18,e05,c4,p35,l3,0.00
i18,e06,c1,p35,l3,0.00
i18,e07,c1,p35,l2,0.00
i18,e07,c1,p35,l3,1.75
i18,e07,c4,p35,l2,0.00
i18,e07,c4,p35,l3,0.00
i18,e08,c1,p35,l2,0.00
i18,e08,c1,p35,l3,17.57
i18,e08,c4,p35,l2,0.00
i18,e08,c4,p35,l3,0.00
i18,e09,c1,p35,l2,0.00
i18,e09,c1,p35,l3,16.48
i18,e09,c4,p35,l2,0.00
i18,e09,c4,p35,l3,0.00
i18,e11,c1,p35,l2,0.00
i18,e11,c1,p35,l3,0.00
i18,e11,c4,p35,l3,0.00
i18,e12,c1,p35,l3,3.13
i18,e12,c4,p35,l3,0.00
i18,e13,c1,p35,l3,0.00
i19,e01,c3,p10,l3,0.00
i19,e01,c3,p35,l3,0.00
i19,e01,c5,p01,l3,0.00
i19,e01,c5,p03,l3,0.00
i19,e01,c5,p05,l3,0.00
i19,e01,c5,p07,l3,0.00
i19,e01,c5,p10,l3,0.00
i19,e01,c5,p11,l3,0.00
i19,e01,c5,p12,l3,0.00
i19,e01,c5,p15,l3,0.00
i19,e01,c5,p16,l3,0.00
i19,e01,c5,p17,l3,0.00
i19,e01,c5,p18,l3,0.00
i19,e01,c5,p19,l3,0.00
i19,e01,c5,p24,l3,0.00
i19,e01,c5,p35,l3,0.00
i19,e02,c3,p10,l3,0.00
i19,e02,c3,p35,l3,0.00
i19,e02,c5,p01,l3,0.00
i19,e02,c5,p03,l3,0.00
i19,e02,c5,p10,l3,0.00
i19,e02,c5,p18,l3,0.00
i19,e02,c5,p35,l3,0.00
i19,e03,c3,p10,l3,0.00
i19,e03,c3,p35,l3,0.00
i19,e03,c5,p01,l3,0.00
i19,e03,c5,p02,l3,0.00
i19,e03,c5,p03,l3,0.00
i19,e03,c5,p05,l3,0.00
i19,e03,c5,p07,l3,0.00
i19,e03,c5,p10,l3,4.02
i19,e03,c5,p11,l3,0.00
i19,e03,c5,p12,l3,0.00
i19,e03,c5,p13,l3,0.00
i19,e03,c5,p15,l3,0.00
i19,e03,c5,p16,l3,0.00
i19,e03,c5,p17,l3,0.00
i19,e03,c5,p18,l3,0.00
i19,e03,c5,p19,l3,0.00
i19,e03,c5,p24,l3,0.00
i19,e03,c5,p33,l3,0.00
i19,e03,c5,p35,l3,12.11
i19,e04,c3,p10,l3,0.00
i19,e04,c3,p35,l3,0.00
i19,e04,c5,p01,l3,0.00
i19,e04,c5,p03,l3,0.00
i19,e04,c5,p05,l3,0.00
i19,e04,c5,p07,l3,0.00
i19,e04,c5,p10,l3,7.55
i19,e04,c5,p11,l3,0.00
i19,e04,c5,p12,l3,0.00
i19,e04,c5,p13,l3,0.00
i19,e04,c5,p15,l3,0.00
i19,e04,c5,p16,l3,0.00
i19,e04,c5,p17,l3,0.00
i19,e04,c5,p18,l3,0.00
i19,e04,c5,p19,l3,0.00
i19,e04,c5,p33,l3,0.00
i19,e04,c5,p35,l3,0.00
i19,e05,c3,p10,l3,0.00
i19,e05,c3,p35,l3,0.00
i19,e05,c5,p01,l3,0.00
i19,e05,c5,p03,l3,0.00
i19,e05,c5,p07,l3,0.00
i19,e05,c5,p10,l3,0.00
i19,e05,c5,p12,l3,0.00
i19,e05,c5,p15,l3,0.00
i19,e05,c5,p17,l3,0.00
i19,e05,c5,p18,l3,0.00
i19,e05,c5,p35,l3,0.00
i19,e07,c3,p10,l3,0.00
i19,e07,c5,p03,l3,0.00
i19,e07,c5,p10,l3,0.00
i19,e07,c5,p35,l3,0.00
i19,e08,c3,p10,l3,0.00
i19,e08,c3,p35,l3,0.00
i19,e08,c5,p01,l3,0.00
i19,e08,c5,p03,l3,0.00
i19,e08,c5,p05,l3,0.00
i19,e08,c5,p07,l3,0.00
i19,e08,c5,p10,l3,0.00
i19,e08,c5,p11,l3,0.00
i19,e08,c5,p12,l3,0.00
i19,e08,c5,p13,l3,0.00
i19,e08,c5,p15,l3,0.00
i19,e08,c5,p16,l3,0.00
i19,e08,c5,p17,l3,0.00
i19,e08,c5,p19,l3,0.00
i19,e08,c5,p24,l3,0.00
i19,e08,c5,p33,l3,0.00
i19,e08,c5,p35,l3,24.12
i19,e09,c3,p10,l3,0.00
i19,e09,c3,p35,l3,0.00
i19,e09,c5,p01,l3,0.00
i19,e09,c5,p03,l3,0.00
i19,e09,c5,p05,l3,0.00
i19,e09,c5,p07,l3,0.00
i19,e09,c5,p10,l3,0.00
i19,e09,c5,p11,l3,0.00
i19,e09,c5,p12,l3,0.00
i19,e09,c5,p15,l3,0.00
i19,e09,c5,p16,l3,0.00
i19,e09,c5,p17,l3,0.00
i19,e09,c5,p18,l3,0.00
i19,e09,c5,p19,l3,0.00
i19,e09,c5,p35,l3,0.00
i19,e10,c3,p10,l1,0.00
i19,e10,c3,p10,l2,0.00
i19,e10,c3,p10,l3,0.00
i19,e10,c3,p10,l4,0.00
i19,e10,c3,p35,l1,0.00
i19,e10,c3,p35,l2,0.00
i19,e10,c3,p35,l3,0.00
i19,e10,c3,p35,l4,0.00
i19,e10,c5,p01,l1,0.00
i19,e10,c5,p01,l2,0.00
i19,e10,c5,p01,l3,0.00
i19,e10,c5,p01,l4,0.00
i19,e10,c5,p03,l1,0.00
i19,e10,c5,p03,l2,0.00
i19,e10,c5,p03,l3,0.00
i19,e10,c5,p03,l4,0.00
i19,e10,c5,p05,l3,0.00
i19,e10,c5,p05,l4,0.00
i19,e10,c5,p07,l1,0.00
i19,e10,c5,p07,l2,0.00
i19,e10,c5,p07,l3,0.00
i19,e10,c5,p07,l4,0.00
i19,e10,c5,p10,l1,0.00
i19,e10,c5,p10,l2,0.00
i19,e10,c5,p10,l3,445.21
i19,e10,c5,p10,l4,17.91
i19,e10,c5,p11,l3,0.00
i19,e10,c5,p11,l4,0.00
i19,e10,c5,p12,l2,0.00
i19,e10,c5,p12,l3,0.00
i19,e10,c5,p12,l4,0.00
i19,e10,c5,p15,l2,0.00
i19,e10,c5,p15,l3,0.00
i19,e10,c5,p15,l4,0.00
i19,e10,c5,p16,l1,0.00
i19,e10,c5,p16,l3,0.00
i19,e10,c5,p16,l4,0.00
i19,e10,c5,p17,l1,0.00
i19,e10,c5,p17,l2,0.00
i19,e10,c5,p17,l3,0.00
i19,e10,c5,p17,l4,0.00
i19,e10,c5,p18,l1,0.00
i19,e10,c5,p18,l3,0.00
i19,e10,c5,p18,l4,0.00
i19,e10,c5,p19,l2,0.00
i19,e10,c5,p19,l3,0.00
i19,e10,c5,p23,l3,0.00
i19,e10,c5,p23,l4,0.00
i19,e10,c5,p24,l3,0.00
i19,e10,c5,p24,l4,0.00
i19,e10,c5,p35,l1,3.07
i19,e10,c5,p35,l2,0.00
i19,e10,c5,p35,l3,113.23
i19,e10,c5,p35,l4,19.07
i19,e11,c3,p10,l3,0.00
i19,e11,c3,p35,l3,0.00
i19,e11,c5,p01,l3,0.00
i19,e11,c5,p02,l3,0.00
i19,e11,c5,p03,l3,0.00
i19,e11,c5,p05,l3,0.00
i19,e11,c5,p07,l3,0.00
i19,e11,c5,p10,l3,86.30
i19,e11,c5,p11,l3,0.00
i19,e11,c5,p12,l3,0.00
i19,e11,c5,p13,l3,0.00
i19,e11,c5,p15,l3,0.00
i19,e11,c5,p16,l3,0.00
i19,e11,c5,p17,l3,0.00
i19,e11,c5,p19,l3,0.00
i19,e11,c5,p24,l3,0.00
i19,e11,c5,p35,l3,114.75
i19,e12,c3,p10,l3,0.00
i19,e12,c5,p01,l3,0.00
i19,e12,c5,p03,l3,0.00
i19,e12,c5,p07,l3,0.00
i19,e12,c5,p10,l3,0.00
i19,e12,c5,p12,l3,0.00
i19,e12,c5,p15,l3,0.00
i19,e12,c5,p16,l3,0.00
i19,e12,c5,p17,l3,0.00
i19,e12,c5,p19,l3,0.00
i19,e12,c5,p35,l3,2.62
i19,e13,c3,p10,l3,0.00
i19,e13,c3,p35,l3,0.00
i19,e13,c5,p01,l3,0.00
i19,e13,c5,p02,l3,0.00
i19,e13,c5,p03,l3,0.00
i19,e13,c5,p05,l3,0.00
i19,e13,c5,p07,l3,0.00
i19,e13,c5,p10,l3,8.73
i19,e13,c5,p11,l3,0.00
i19,e13,c5,p12,l3,0.00
i19,e13,c5,p13,l3,0.00
i19,e13,c5,p15,l3,0.00
i19,e13,c5,p16,l3,0.00
i19,e13,c5,p17,l3,0.00
i19,e13,c5,p18,l3,0.00
i19,e13,c5,p19,l3,0.00
i19,e13,c5,p23,l3,0.00
i19,e13,c5,p24,l3,0.00
i19,e13,c5,p35,l3,4.06
i20,e01,c3,p10,l3,0.00
i20,e01,c5,p01,l3,0.00
i20,e01,c5,p02,l3,0.00
i20,e01,c5,p03,l3,0.00
i20,e01,c5,p04,l3,0.00
i20,e01,c5,p05,l3,0.00
i20,e01,c5,p06,l3,0.00
i20,e01,c5,p07,l3,0.00
i20,e01,c5,p08,l3,0.00
i20,e01,c5,p09,l3,0.00
i20,e01,c5,p10,l3,0.00
i20,e01,c5,p11,l3,0.00
i20,e01,c5,p12,l3,0.00
i20,e01,c5,p13,l3,0.00
i20,e01,c5,p14,l3,0.00
i20,e01,c5,p15,l3,0.00
i20,e01,c5,p16,l3,0.00
i20,e01,c5,p17,l3,0.00
i20,e01,c5,p18,l3,0.00
i20,e01,c5,p19,l3,0.00
i20,e01,c5,p20,l3,0.00
i20,e01,c5,p21,l3,1.04
i20,e01,c5,p22,l3,0.00
i20,e01,c5,p23,l3,0.00
i20,e01,c5,p24,l3,0.00
i20,e01,c5,p25,l3,0.00
i20,e01,c5,p26,l3,0.00
i20,e01,c5,p28,l3,0.00
i20,e01,c5,p29,l3,0.00
i20,e01,c5,p31,l3,0.00
i20,e01,c5,p32,l3,0.00
i20,e01,c5,p35,l3,0.00
i20,e02,c3,p10,l3,0.00
i20,e02,c5,p01,l1,0.00
i20,e02,c5,p01,l3,0.00
i20,e02,c5,p02,l3,0.00
i20,e02,c5,p03,l1,0.00
i20,e02,c5,p03,l3,0.00
i20,e02,c5,p04,l1,0.00
i20,e02,c5,p04,l3,0.00
i20,e02,c5,p05,l1,0.00
i20,e02,c5,p05,l3,0.00
i20,e02,c5,p06,l1,0.00
i20,e02,c5,p06,l3,0.00
i20,e02,c5,p07,l1,0.00
i20,e02,c5,p07,l3,0.00
i20,e02,c5,p08,l3,0.00
i20,e02,c5,p09,l1,0.00
i20,e02,c5,p09,l3,0.00
i20,e02,c5,p10,l1,0.00
i20,e02,c5,p10,l3,0.00
i20,e02,c5,p11,l1,0.00
i20,e02,c5,p11,l3,0.00
i20,e02,c5,p12,l1,0.00
i20,e02,c5,p12,l3,0.00
i20,e02,c5,p13,l1,0.00
i20,e02,c5,p13,l3,0.00
i20,e02,c5,p14,l3,0.00
i20,e02,c5,p15,l1,0.00
i20,e02,c5,p15,l3,0.00
i20,e02,c5,p16,l1,0.00
i20,e02,c5,p16,l3,0.00
i20,e02,c5,p17,l1,0.00
i20,e02,c5,p17,l3,0.00
i20,e02,c5,p18,l1,0.00
i20,e02,c5,p18,l3,0.00
i20,e02,c5,p19,l1,0.00
i20,e02,c5,p19,l3,0.00
i20,e02,c5,p20,l3,0.00
i20,e02,c5,p21,l1,0.00
i20,e02,c5,p21,l3,0.00
i20,e02,c5,p22,l3,0.00
i20,e02,c5,p23,l1,0.00
i20,e02,c5,p23,l3,0.00
i20,e02,c5,p24,l1,0.00
i20,e02,c5,p24,l3,0.00
i20,e02,c5,p25,l1,0.00
i20,e02,c5,p25,l3,0.00
i20,e02,c5,p26,l3,0.00
i20,e02,c5,p29,l1,0.00
i20,e02,c5,p29,l3,0.00
i20,e02,c5,p31,l3,0.00
i20,e02,c5,p35,l1,0.00
i20,e02,c5,p35,l3,0.00
i20,e04,c3,p07,l1,0.00
i20,e04,c3,p07,l3,0.00
i20,e04,c3,p10,l3,0.00
i20,e04,c3,p35,l1,0.00
i20,e04,c5,p01,l1,0.00
i20,e04,c5,p01,l3,0.00
i20,e04,c5,p02,l1,0.00
i20,e04,c5,p02,l3,0.00
i20,e04,c5,p03,l1,0.00
i20,e04,c5,p03,l3,0.00
i20,e04,c5,p04,l1,0.00
i20,e04,c5,p04,l3,0.00
i20,e04,c5,p05,l1,0.00
i20,e04,c5,p05,l3,0.00
i20,e04,c5,p06,l1,0.00
i20,e04,c5,p06,l3,0.00
i20,e04,c5,p07,l1,0.00
i20,e04,c5,p07,l3,0.00
i20,e04,c5,p08,l1,0.00
i20,e04,c5,p08,l3,0.00
i20,e04,c5,p09,l1,0.00
i20,e04,c5,p09,l3,0.00
i20,e04,c5,p10,l1,0.00
i20,e04,c5,p10,l3,0.00
i20,e04,c5,p11,l1,0.00
i20,e04,c5,p11,l3,0.00
i20,e04,c5,p12,l1,0.00
i20,e04,c5,p12,l3,0.00
i20,e04,c5,p13,l1,0.00
i20,e04,c5,p13,l3,0.00
i20,e04,c5,p14,l1,0.00
i20,e04,c5,p14,l3,0.00
i20,e04,c5,p15,l1,0.00
i20,e04,c5,p15,l3,0.00
i20,e04,c5,p16,l1,0.00
i20,e04,c5,p16,l3,0.00
i20,e04,c5,p17,l1,0.00
i20,e04,c5,p17,l3,0.00
i20,e04,c5,p18,l1,0.00
i20,e04,c5,p18,l3,0.00
i20,e04,c5,p19,l1,0.00
i20,e04,c5,p19,l3,0.00
i20,e04,c5,p20,l1,0.00
i20,e04,c5,p20,l3,0.00
i20,e04,c5,p21,l1,0.00
i20,e04,c5,p21,l3,0.00
i20,e04,c5,p22,l1,0.00
i20,e04,c5,p22,l3,0.00
i20,e04,c5,p23,l1,0.00
i20,e04,c5,p23,l3,0.00
i20,e04,c5,p24,l1,0.00
i20,e04,c5,p24,l3,0.00
i20,e04,c5,p25,l1,0.00
i20,e04,c5,p25,l3,0.00
i20,e04,c5,p26,l3,0.00
i20,e04,c5,p28,l1,0.00
i20,e04,c5,p28,l3,0.00
i20,e04,c5,p29,l1,0.00
i20,e04,c5,p29,l3,0.00
i20,e04,c5,p30,l1,0.00
i20,e04,c5,p30,l3,0.00
i20,e04,c5,p31,l1,0.00
i20,e04,c5,p31,l3,0.00
i20,e04,c5,p32,l1,0.00
i20,e04,c5,p32,l3,0.00
i20,e04,c5,p35,l1,0.00
i20,e04,c5,p35,l3,0.00
i20,e05,c3,p07,l3,0.00
i20,e05,c3,p10,l3,0.00
i20,e05,c5,p01,l1,0.00
i20,e05,c5,p01,l3,0.00
i20,e05,c5,p02,l1,0.00
i20,e05,c5,p02,l3,0.00
i20,e05,c5,p03,l1,0.00
i20,e05,c5,p03,l3,0.00
i20,e05,c5,p04,l1,0.00
i20,e05,c5,p04,l3,0.00
i20,e05,c5,p05,l1,0.00
i20,e05,c5,p05,l3,0.00
i20,e05,c5,p06,l1,0.00
i20,e05,c5,p06,l3,0.00
i20,e05,c5,p07,l1,0.00
i20,e05,c5,p07,l3,0.00
i20,e05,c5,p08,l1,0.00
i20,e05,c5,p08,l3,0.00
i20,e05,c5,p09,l1,0.00
i20,e05,c5,p09,l3,0.00
i20,e05,c5,p10,l1,0.00
i20,e05,c5,p10,l3,0.00
i20,e05,c5,p11,l1,0.00
i20,e05,c5,p11,l3,0.00
i20,e05,c5,p12,l1,0.00
i20,e05,c5,p12,l3,0.00
i20,e05,c5,p13,l1,0.00
i20,e05,c5,p13,l3,0.00
i20,e05,c5,p14,l1,0.00
i20,e05,c5,p14,l3,0.00
i20,e05,c5,p15,l1,0.00
i20,e05,c5,p15,l3,0.00
i20,e05,c5,p16,l1,0.00
i20,e05,c5,p16,l3,0.00
i20,e05,c5,p17,l1,0.00
i20,e05,c5,p17,l3,0.00
i20,e05,c5,p18,l1,0.00
i20,e05,c5,p18,l3,0.00
i20,e05,c5,p19,l1,0.00
i20,e05,c5,p19,l3,0.00
i20,e05,c5,p20,l3,0.00
i20,e05,c5,p21,l1,0.00
i20,e05,c5,p21,l3,0.00
i20,e05,c5,p22,l1,0.00
i20,e05,c5,p22,l3,0.00
i20,e05,c5,p23,l1,0.00
i20,e05,c5,p23,l3,0.00
i20,e05,c5,p24,l1,0.00
i20,e05,c5,p24,l3,0.00
i20,e05,c5,p25,l1,0.00
i20,e05,c5,p25,l3,0.00
i20,e05,c5,p26,l3,0.00
i20,e05,c5,p28,l1,0.00
i20,e05,c5,p28,l3,0.00
i20,e05,c5,p29,l1,0.00
i20,e05,c5,p29,l3,0.00
i20,e05,c5,p31,l3,0.00
i20,e05,c5,p32,l1,0.00
i20,e05,c5,p32,l3,0.00
i20,e05,c5,p35,l1,0.00
i20,e05,c5,p35,l3,0.00
i20,e08,c3,p07,l2,0.00
i20,e08,c3,p07,l3,0.00
i20,e08,c3,p10,l2,0.00
i20,e08,c3,p10,l3,0.00
i20,e08,c3,p35,l2,0.00
i20,e08,c5,p01,l2,0.00
i20,e08,c5,p01,l3,0.00
i20,e08,c5,p02,l2,0.00
i20,e08,c5,p02,l3,0.00
i20,e08,c5,p03,l2,0.00
i20,e08,c5,p03,l3,0.00
i20,e08,c5,p04,l2,0.00
i20,e08,c5,p04,l3,0.00
i20,e08,c5,p05,l2,0.00
i20,e08,c5,p05,l3,0.00
i20,e08,c5,p06,l2,0.00
i20,e08,c5,p06,l3,0.00
i20,e08,c5,p07,l2,0.00
i20,e08,c5,p07,l3,0.00
i20,e08,c5,p08,l2,0.00
i20,e08,c5,p08,l3,0.00
i20,e08,c5,p09,l2,0.00
i20,e08,c5,p09,l3,0.00
i20,e08,c5,p10,l2,0.00
i20,e08,c5,p10,l3,0.00
i20,e08,c5,p11,l2,0.00
i20,e08,c5,p11,l3,0.00
i20,e08,c5,p12,l2,0.00
i20,e08,c5,p12,l3,0.00
i20,e08,c5,p13,l2,0.00
i20,e08,c5,p13,l3,0.00
i20,e08,c5,p14,l2,0.00
i20,e08,c5,p14,l3,0.00
i20,e08,c5,p15,l2,0.00
i20,e08,c5,p15,l3,0.00
i20,e08,c5,p16,l2,0.00
i20,e08,c5,p16,l3,0.00
i20,e08,c5,p17,l2,0.00
i20,e08,c5,p17,l3,0.00
i20,e08,c5,p18,l2,0.00
i20,e08,c5,p18,l3,0.00
i20,e08,c5,p19,l2,0.00
i20,e08,c5,p19,l3,0.00
i20,e08,c5,p20,l2,0.00
i20,e08,c5,p20,l3,0.00
i20,e08,c5,p21,l2,0.00
i20,e08,c5,p21,l3,0.00
i20,e08,c5,p22,l2,0.00
i20,e08,c5,p22,l3,0.00
i20,e08,c5,p23,l2,0.00
i20,e08,c5,p23,l3,0.00
i20,e08,c5,p24,l2,0.00
i20,e08,c5,p24,l3,0.00
i20,e08,c5,p25,l2,0.00
i20,e08,c5,p25,l3,0.00
i20,e08,c5,p26,l3,0.00
i20,e08,c5,p28,l2,0.00
i20,e08,c5,p28,l3,0.00
i20,e08,c5,p29,l2,0.00
i20,e08,c5,p29,l3,0.00
i20,e08,c5,p30,l2,0.00
i20,e08,c5,p30,l3,0.00
i20,e08,c5,p31,l2,0.00
i20,e08,c5,p31,l3,0.00
i20,e08,c5,p32,l2,0.00
i20,e08,c5,p32,l3,0.00
i20,e08,c5,p35,l2,0.00
i20,e08,c5,p35,l3,0.00
i20,e09,c3,p10,l3,0.00
i20,e09,c5,p01,l2,0.00
i20,e09,c5,p01,l3,0.00
i20,e09,c5,p02,l2,0.00
i20,e09,c5,p02,l3,0.00
i20,e09,c5,p03,l2,0.00
i20,e09,c5,p03,l3,0.00
i20,e09,c5,p04,l2,0.00
i20,e09,c5,p04,l3,0.00
i20,e09,c5,p05,l2,0.00
i20,e09,c5,p05,l3,0.00
i20,e09,c5,p06,l2,0.00
i20,e09,c5,p06,l3,0.00
i20,e09,c5,p07,l2,0.00
i20,e09,c5,p07,l3,0.00
i20,e09,c5,p08,l2,0.00
i20,e09,c5,p08,l3,0.00
i20,e09,c5,p09,l2,0.00
i20,e09,c5,p09,l3,0.00
i20,e09,c5,p10,l2,0.00
i20,e09,c5,p10,l3,0.00
i20,e09,c5,p11,l2,0.00
i20,e09,c5,p11,l3,0.00
i20,e09,c5,p12,l2,0.00
i20,e09,c5,p12,l3,0.00
i20,e09,c5,p13,l2,0.00
i20,e09,c5,p13,l3,0.00
i20,e09,c5,p14,l2,0.00
i20,e09,c5,p14,l3,0.00
i20,e09,c5,p15,l2,0.00
i20,e09,c5,p15,l3,0.00
i20,e09,c5,p16,l2,0.00
i20,e09,c5,p16,l3,0.00
i20,e09,c5,p17,l2,0.00
i20,e09,c5,p17,l3,0.00
i20,e09,c5,p18,l2,0.00
i20,e09,c5,p18,l3,0.00
i20,e09,c5,p19,l2,0.00
i20,e09,c5,p19,l3,0.00
i20,e09,c5,p20,l2,0.00
i20,e09,c5,p20,l3,0.00
i20,e09,c5,p21,l2,0.00
i20,e09,c5,p21,l3,0.00
i20,e09,c5,p22,l2,0.00
i20,e09,c5,p22,l3,0.00
i20,e09,c5,p23,l2,0.00
i20,e09,c5,p23,l3,0.00
i20,e09,c5,p24,l2,0.00
i20,e09,c5,p24,l3,0.00
i20,e09,c5,p25,l2,0.00
i20,e09,c5,p25,l3,0.00
i20,e09,c5,p26,l3,0.00
i20,e09,c5,p28,l2,0.00
i20,e09,c5,p28,l3,0.00
i20,e09,c5,p29,l2,0.00
i20,e09,c5,p29,l3,0.00
i20,e09,c5,p31,l3,0.00
i20,e09,c5,p32,l2,0.00
i20,e09,c5,p32,l3,0.00
i20,e09,c5,p35,l2,0.00
i20,e09,c5,p35,l3,0.00
i20,e11,c5,p01,l3,0.00
i20,e11,c5,p02,l3,0.00
i20,e11,c5,p03,l2,0.00
i20,e11,c5,p03,l3,0.00
i20,e11,c5,p04,l3,0.00
i20,e11,c5,p05,l2,0.00
i20,e11,c5,p05,l3,0.00
i20,e11,c5,p06,l3,0.00
i20,e11,c5,p07,l2,0.00
i20,e11,c5,p07,l3,0.00
i20,e11,c5,p08,l3,0.00
i20,e11,c5,p09,l3,0.00
i20,e11,c5,p10,l3,0.00
i20,e11,c5,p11,l3,0.00
i20,e11,c5,p12,l3,0.00
i20,e11,c5,p13,l3,0.00
i20,e11,c5,p14,l3,0.00
i20,e11,c5,p15,l3,0.00
i20,e11,c5,p16,l2,0.00
i20,e11,c5,p16,l3,0.00
i20,e11,c5,p17,l2,0.00
i20,e11,c5,p17,l3,0.00
i20,e11,c5,p18,l3,0.00
i20,e11,c5,p19,l2,0.00
i20,e11,c5,p19,l3,0.00
i20,e11,c5,p21,l3,0.00
i20,e11,c5,p22,l3,0.00
i20,e11,c5,p23,l3,0.00
i20,e11,c5,p24,l2,0.00
i20,e11,c5,p24,l3,0.00
i20,e11,c5,p25,l3,0.00
i20,e11,c5,p28,l3,0.00
i20,e11,c5,p29,l3,0.00
i20,e11,c5,p30,l3,0.00
i20,e11,c5,p31,l3,0.00
i20,e11,c5,p32,l2,0.00
i20,e11,c5,p32,l3,0.00
i20,e11,c5,p35,l3,0.00
i21,e01,c1,p01,l3,0.00
i21,e01,c1,p02,l3,0.00
i21,e01,c1,p03,l3,0.00
i21,e01,c1,p04,l3,1.77
i21,e01,c1,p05,l3,4.43
i21,e01,c1,p06,l3,0.00
i21,e01,c1,p07,l3,2.23
i21,e01,c1,p08,l3,1.34
i21,e01,c1,p09,l3,2.58
i21,e01,c1,p10,l3,0.00
i21,e01,c1,p11,l3,2.70
i21,e01,c1,p12,l3,0.00
i21,e01,c1,p13,l3,1.08
i21,e01,c1,p14,l3,2.29
i21,e01,c1,p15,l3,0.00
i21,e01,c1,p16,l3,0.00
i21,e01,c1,p17,l3,0.00
i21,e01,c1,p18,l3,0.00
i21,e01,c1,p19,l3,4.31
i21,e01,c1,p20,l3,0.00
i21,e01,c1,p21,l3,13.79
i21,e01,c1,p22,l3,0.00
i21,e01,c1,p23,l3,0.00
i21,e01,c1,p24,l3,0.00
i21,e01,c1,p25,l3,0.00
i21,e01,c1,p26,l3,0.00
i21,e01,c1,p28,l3,0.00
i21,e01,c1,p29,l3,0.00
i21,e01,c1,p30,l3,0.00
i21,e01,c1,p31,l3,0.00
i21,e01,c1,p32,l3,0.00
i21,e01,c1,p33,l3,0.00
i21,e01,c1,p34,l3,0.00
i21,e01,c1,p35,l3,0.00
i21,e01,c4,p01,l3,0.00
i21,e01,c4,p02,l3,0.00
i21,e01,c4,p03,l3,0.00
i21,e01,c4,p04,l3,0.00
i21,e01,c4,p05,l3,0.00
i21,e01,c4,p07,l3,0.00
i21,e01,c4,p08,l3,0.00
i21,e01,c4,p10,l3,0.00
i21,e01,c4,p11,l3,0.00
i21,e01,c4,p13,l3,0.00
i21,e01,c4,p14,l3,0.00
i21,e01,c4,p15,l3,0.00
i21,e01,c4,p16,l3,0.00
i21,e01,c4,p17,l3,0.00
i21,e01,c4,p18,l3,0.00
i21,e01,c4,p19,l3,0.00
i21,e01,c4,p21,l3,0.00
i21,e01,c4,p23,l3,0.00
i21,e01,c4,p25,l3,0.00
i21,e01,c4,p28,l3,0.00
i21,e01,c4,p29,l3,0.00
i21,e01,c4,p32,l3,0.00
i21,e01,c7,p01,l3,0.00
i21,e01,c7,p10,l3,0.00
i21,e03,c1,p01,l3,4.13
i21,e03,c1,p02,l3,0.00
i21,e03,c1,p03,l3,0.00
i21,e03,c1,p04,l3,1.60
i21,e03,c1,p05,l3,2.35
i21,e03,c1,p06,l3,0.00
i21,e03,c1,p07,l3,1.51
i21,e03,c1,p08,l3,0.00
i21,e03,c1,p09,l3,2.88
i21,e03,c1,p10,l3,39.22
i21,e03,c1,p11,l3,3.12
i21,e03,c1,p12,l3,7.28
i21,e03,c1,p13,l3,4.19
i21,e03,c1,p14,l3,3.08
i21,e03,c1,p15,l3,4.69
i21,e03,c1,p16,l3,2.80
i21,e03,c1,p17,l3,0.00
i21,e03,c1,p18,l3,2.10
i21,e03,c1,p19,l3,8.17
i21,e03,c1,p20,l3,0.00
i21,e03,c1,p21,l3,6.61
i21,e03,c1,p22,l3,0.00
i21,e03,c1,p23,l3,0.00
i21,e03,c1,p24,l3,1.24
i21,e03,c1,p25,l3,0.00
i21,e03,c1,p26,l3,0.00
i21,e03,c1,p28,l3,7.11
i21,e03,c1,p29,l3,0.00
i21,e03,c1,p30,l3,0.00
i21,e03,c1,p31,l3,0.00
i21,e03,c1,p32,l3,1.08
i21,e03,c1,p33,l3,0.00
i21,e03,c1,p34,l3,0.00
i21,e03,c1,p35,l3,0.00
i21,e03,c4,p01,l3,0.00
i21,e03,c4,p02,l3,0.00
i21,e03,c4,p03,l3,0.00
i21,e03,c4,p04,l3,0.00
i21,e03,c4,p05,l3,0.00
i21,e03,c4,p06,l3,0.00
i21,e03,c4,p07,l3,0.00
i21,e03,c4,p08,l3,0.00
i21,e03,c4,p09,l3,0.00
i21,e03,c4,p10,l3,0.00
i21,e03,c4,p11,l3,0.00
i21,e03,c4,p12,l3,0.00
i21,e03,c4,p13,l3,0.00
i21,e03,c4,p14,l3,0.00
i21,e03,c4,p15,l3,0.00
i21,e03,c4,p16,l3,0.00
i21,e03,c4,p17,l3,0.00
i21,e03,c4,p18,l3,0.00
i21,e03,c4,p19,l3,0.00
i21,e03,c4,p20,l3,0.00
i21,e03,c4,p21,l3,0.00
i21,e03,c4,p22,l3,0.00
i21,e03,c4,p23,l3,0.00
i21,e03,c4,p24,l3,0.00
i21,e03,c4,p25,l3,0.00
i21,e03,c4,p28,l3,0.00
i21,e03,c4,p29,l3,0.00
i21,e03,c7,p29,l3,0.00
i21,e04,c1,p01,l1,0.00
i21,e04,c1,p01,l3,0.00
i21,e04,c1,p02,l1,0.00
i21,e04,c1,p02,l3,0.00
i21,e04,c1,p03,l1,0.00
i21,e04,c1,p03,l3,0.00
i21,e04,c1,p04,l1,0.00
i21,e04,c1,p04,l3,7.80
i21,e04,c1,p05,l1,0.00
i21,e04,c1,p05,l3,3.18
i21,e04,c1,p06,l1,0.00
i21,e04,c1,p06,l3,0.00
i21,e04,c1,p07,l1,0.00
i21,e04,c1,p07,l3,1.02
i21,e04,c1,p08,l1,0.00
i21,e04,c1,p08,l3,0.00
i21,e04,c1,p09,l1,0.00
i21,e04,c1,p09,l3,2.27
i21,e04,c1,p10,l1,0.00
i21,e04,c1,p10,l3,2.18
i21,e04,c1,p11,l1,0.00
i21,e04,c1,p11,l3,3.55
i21,e04,c1,p12,l1,0.00
i21,e04,c1,p12,l3,0.00
i21,e04,c1,p13,l1,0.00
i21,e04,c1,p13,l3,0.00
i21,e04,c1,p14,l1,0.00
i21,e04,c1,p14,l3,1.43
i21,e04,c1,p15,l1,0.00
i21,e04,c1,p15,l3,5.05
i21,e04,c1,p16,l1,0.00
i21,e04,c1,p16,l3,0.00
i21,e04,c1,p17,l1,0.00
i21,e04,c1,p17,l3,1.43
i21,e04,c1,p18,l1,0.00
i21,e04,c1,p18,l3,0.00
i21,e04,c1,p19,l1,0.00
i21,e04,c1,p19,l3,3.30
i21,e04,c1,p20,l1,0.00
i21,e04,c1,p20,l3,0.00
i21,e04,c1,p21,l1,0.00
i21,e04,c1,p21,l3,5.57
i21,e04,c1,p22,l1,0.00
i21,e04,c1,p22,l3,0.00
i21,e04,c1,p23,l1,0.00
i21,e04,c1,p23,l3,0.00
i21,e04,c1,p24,l1,0.00
i21,e04,c1,p24,l3,0.00
i21,e04,c1,p25,l1,0.00
i21,e04,c1,p25,l3,0.00
i21,e04,c1,p26,l1,0.00
i21,e04,c1,p26,l3,0.00
i21,e04,c1,p28,l1,0.00
i21,e04,c1,p28,l3,0.00
i21,e04,c1,p29,l1,0.00
i21,e04,c1,p29,l3,0.00
i21,e04,c1,p30,l3,0.00
i21,e04,c1,p31,l1,0.00
i21,e04,c1,p31,l3,0.00
i21,e04,c1,p32,l1,0.00
i21,e04,c1,p32,l3,0.00
i21,e04,c1,p33,l1,0.00
i21,e04,c1,p33,l3,0.00
i21,e04,c1,p35,l1,0.00
i21,e04,c1,p35,l3,0.00
i21,e04,c4,p01,l3,0.00
i21,e04,c4,p02,l1,0.00
i21,e04,c4,p02,l3,0.00
i21,e04,c4,p03,l3,0.00
i21,e04,c4,p04,l1,0.00
i21,e04,c4,p04,l3,0.00
i21,e04,c4,p05,l1,0.00
i21,e04,c4,p05,l3,0.00
i21,e04,c4,p06,l3,0.00
i21,e04,c4,p07,l3,0.00
i21,e04,c4,p08,l3,0.00
i21,e04,c4,p09,l3,0.00
i21,e04,c4,p10,l1,0.00
i21,e04,c4,p10,l3,0.00
i21,e04,c4,p11,l3,0.00
i21,e04,c4,p12,l3,0.00
i21,e04,c4,p13,l3,0.00
i21,e04,c4,p14,l3,0.00
i21,e04,c4,p15,l3,0.00
i21,e04,c4,p16,l1,0.00
i21,e04,c4,p16,l3,0.00
i21,e04,c4,p17,l3,0.00
i21,e04,c4,p18,l1,0.00
i21,e04,c4,p18,l3,0.00
i21,e04,c4,p19,l3,0.00
i21,e04,c4,p20,l3,0.00
i21,e04,c4,p21,l3,0.00
i21,e04,c4,p23,l3,0.00
i21,e04,c4,p24,l3,0.00
i21,e04,c4,p29,l3,0.00
i21,e04,c4,p32,l3,0.00
i21,e05,c1,p01,l1,0.00
i21,e05,c1,p01,l3,0.00
i21,e05,c1,p02,l1,0.00
i21,e05,c1,p02,l3,0.00
i21,e05,c1,p03,l1,0.00
i21,e05,c1,p03,l3,0.00
i21,e05,c1,p04,l1,0.00
i21,e05,c1,p04,l3,0.00
i21,e05,c1,p05,l1,0.00
i21,e05,c1,p05,l3,0.00
i21,e05,c1,p06,l1,0.00
i21,e05,c1,p06,l3,0.00
i21,e05,c1,p07,l1,0.00
i21,e05,c1,p07,l3,0.00
i21,e05,c1,p08,l1,0.00
i21,e05,c1,p08,l3,0.00
i21,e05,c1,p09,l1,0.00
i21,e05,c1,p09,l3,0.00
i21,e05,c1,p10,l1,0.00
i21,e05,c1,p10,l3,0.00
i21,e05,c1,p11,l1,0.00
i21,e05,c1,p11,l3,1.26
i21,e05,c1,p12,l1,0.00
i21,e05,c1,p12,l3,0.00
i21,e05,c1,p13,l1,0.00
i21,e05,c1,p13,l3,0.00
i21,e05,c1,p14,l1,0.00
i21,e05,c1,p14,l3,0.00
i21,e05,c1,p15,l1,0.00
i21,e05,c1,p15,l3,0.00
i21,e05,c1,p16,l1,0.00
i21,e05,c1,p16,l3,0.00
i21,e05,c1,p17,l1,0.00
i21,e05,c1,p17,l3,0.00
i21,e05,c1,p18,l1,0.00
i21,e05,c1,p18,l3,0.00
i21,e05,c1,p19,l1,0.00
i21,e05,c1,p19,l3,0.00
i21,e05,c1,p20,l1,0.00
i21,e05,c1,p20,l3,0.00
i21,e05,c1,p21,l1,0.00
i21,e05,c1,p21,l3,0.00
i21,e05,c1,p22,l1,0.00
i21,e05,c1,p22,l3,0.00
i21,e05,c1,p23,l1,0.00
i21,e05,c1,p23,l3,0.00
i21,e05,c1,p24,l1,0.00
i21,e05,c1,p24,l3,0.00
i21,e05,c1,p25,l1,0.00
i21,e05,c1,p25,l3,0.00
i21,e05,c1,p26,l1,0.00
i21,e05,c1,p26,l3,0.00
i21,e05,c1,p28,l1,0.00
i21,e05,c1,p28,l3,0.00
i21,e05,c1,p29,l1,0.00
i21,e05,c1,p29,l3,0.00
i21,e05,c1,p30,l3,0.00
i21,e05,c1,p31,l1,0.00
i21,e05,c1,p31,l3,0.00
i21,e05,c1,p32,l1,0.00
i21,e05,c1,p32,l3,0.00
i21,e05,c1,p35,l1,0.00
i21,e05,c1,p35,l3,0.00
i21,e05,c4,p01,l3,0.00
i21,e05,c4,p02,l3,0.00
i21,e05,c4,p04,l3,0.00
i21,e05,c4,p05,l3,0.00
i21,e05,c4,p10,l3,0.00
i21,e05,c4,p11,l3,0.00
i21,e05,c4,p13,l3,0.00
i21,e05,c4,p14,l3,0.00
i21,e05,c4,p15,l3,0.00
i21,e05,c4,p17,l3,0.00
i21,e05,c4,p18,l3,0.00
i21,e05,c4,p21,l3,0.00
i21,e05,c4,p29,l3,0.00
i21,e07,c1,p05,l2,0.00
i21,e07,c1,p05,l3,0.00
i21,e07,c1,p07,l2,0.00
i21,e07,c1,p07,l3,0.00
i21,e07,c1,p10,l2,0.00
i21,e07,c1,p10,l3,0.00
i21,e07,c1,p15,l2,0.00
i21,e07,c1,p19,l2,0.00
i21,e07,c1,p19,l3,0.00
i21,e08,c1,p05,l2,0.00
i21,e08,c1,p05,l3,0.00
i21,e08,c1,p07,l2,0.00
i21,e08,c1,p07,l3,0.00
i21,e08,c1,p10,l2,0.00
i21,e08,c1,p10,l3,0.00
i21,e08,c1,p15,l2,0.00
i21,e08,c1,p19,l2,0.00
i21,e08,c1,p19,l3,0.00
i21,e09,c1,p01,l2,0.00
i21,e09,c1,p01,l3,0.00
i21,e09,c1,p02,l2,0.00
i21,e09,c1,p02,l3,0.00
i21,e09,c1,p03,l2,0.00
i21,e09,c1,p03,l3,0.00
i21,e09,c1,p04,l2,0.00
i21,e09,c1,p04,l3,0.00
i21,e09,c1,p05,l2,0.00
i21,e09,c1,p05,l3,1.21
i21,e09,c1,p06,l2,0.00
i21,e09,c1,p06,l3,1.22
i21,e09,c1,p07,l2,0.00
i21,e09,c1,p07,l3,2.06
i21,e09,c1,p08,l2,0.00
i21,e09,c1,p08,l3,0.00
i21,e09,c1,p09,l2,0.00
i21,e09,c1,p09,l3,0.00
i21,e09,c1,p10,l2,0.00
i21,e09,c1,p10,l3,0.00
i21,e09,c1,p11,l2,0.00
i21,e09,c1,p11,l3,3.99
i21,e09,c1,p12,l2,0.00
i21,e09,c1,p12,l3,0.00
i21,e09,c1,p13,l2,0.00
i21,e09,c1,p13,l3,0.00
i21,e09,c1,p14,l2,0.00
i21,e09,c1,p14,l3,0.00
i21,e09,c1,p15,l2,0.00
i21,e09,c1,p15,l3,0.00
i21,e09,c1,p16,l2,0.00
i21,e09,c1,p16,l3,1.48
i21,e09,c1,p17,l2,0.00
i21,e09,c1,p17,l3,0.00
i21,e09,c1,p18,l2,0.00
i21,e09,c1,p18,l3,0.00
i21,e09,c1,p19,l2,0.00
i21,e09,c1,p19,l3,2.40
i21,e09,c1,p20,l2,0.00
i21,e09,c1,p20,l3,0.00
i21,e09,c1,p21,l2,0.00
i21,e09,c1,p21,l3,9.24
i21,e09,c1,p22,l2,0.00
i21,e09,c1,p22,l3,0.00
i21,e09,c1,p23,l2,0.00
i21,e09,c1,p23,l3,0.00
i21,e09,c1,p24,l2,0.00
i21,e09,c1,p24,l3,0.00
i21,e09,c1,p25,l2,0.00
i21,e09,c1,p25,l3,0.00
i21,e09,c1,p26,l2,0.00
i21,e09,c1,p26,l3,0.00
i21,e09,c1,p27,l3,0.00
i21,e09,c1,p28,l2,0.00
i21,e09,c1,p28,l3,0.00
i21,e09,c1,p29,l2,0.00
i21,e09,c1,p29,l3,0.00
i21,e09,c1,p30,l2,0.00
i21,e09,c1,p30,l3,0.00
i21,e09,c1,p31,l2,0.00
i21,e09,c1,p31,l3,0.00
i21,e09,c1,p32,l2,0.00
i21,e09,c1,p32,l3,0.00
i21,e09,c1,p33,l3,0.00
i21,e09,c1,p34,l3,0.00
i21,e09,c1,p35,l2,0.00
i21,e09,c1,p35,l3,0.00
i21,e09,c4,p01,l3,0.00
i21,e09,c4,p02,l3,0.00
i21,e09,c4,p03,l3,0.00
i21,e09,c4,p04,l2,0.00
i21,e09,c4,p04,l3,0.00
i21,e09,c4,p05,l3,0.00
i21,e09,c4,p06,l3,0.00
i21,e09,c4,p07,l3,0.00
i21,e09,c4,p08,l3,0.00
i21,e09,c4,p09,l3,0.00
i21,e09,c4,p10,l2,0.00
i21,e09,c4,p10,l3,0.00
i21,e09,c4,p11,l3,0.00
i21,e09,c4,p12,l3,0.00
i21,e09,c4,p13,l3,0.00
i21,e09,c4,p14,l3,0.00
i21,e09,c4,p15,l3,0.00
i21,e09,c4,p16,l3,0.00
i21,e09,c4,p17,l3,0.00
i21,e09,c4,p18,l2,0.00
i21,e09,c4,p18,l3,0.00
i21,e09,c4,p19,l3,0.00
i21,e09,c4,p20,l3,0.00
i21,e09,c4,p21,l2,0.00
i21,e09,c4,p21,l3,0.00
i21,e09,c4,p23,l3,0.00
i21,e09,c4,p24,l3,0.00
i21,e09,c4,p25,l3,0.00
i21,e09,c4,p29,l3,0.00
i21,e09,c4,p32,l3,0.00
i21,e10,c1,p07,l3,0.00
i21,e10,c1,p08,l3,0.00
i21,e10,c1,p10,l3,0.00
i21,e10,c1,p15,l3,0.00
i21,e10,c4,p10,l3,0.00
i21,e11,c1,p07,l2,0.00
i21,e11,c1,p10,l3,0.00
i21,e11,c1,p19,l2,0.00
i21,e11,c1,p19,l3,0.00
i21,e11,c4,p10,l2,0.00
i21,e12,c1,p01,l3,0.00
i21,e12,c1,p02,l3,3.58
i21,e12,c1,p03,l3,2.46
i21,e12,c1,p04,l3,0.00
i21,e12,c1,p05,l3,0.00
i21,e12,c1,p06,l3,0.00
i21,e12,c1,p07,l3,0.00
i21,e12,c1,p08,l3,0.00
i21,e12,c1,p09,l3,1.36
i21,e12,c1,p10,l3,19.04
i21,e12,c1,p11,l3,0.00
i21,e12,c1,p12,l3,49.54
i21,e12,c1,p13,l3,2.21
i21,e12,c1,p14,l3,0.00
i21,e12,c1,p15,l3,0.00
i21,e12,c1,p16,l3,6.58
i21,e12,c1,p17,l3,0.00
i21,e12,c1,p18,l3,1.07
i21,e12,c1,p19,l3,20.24
i21,e12,c1,p20,l3,0.00
i21,e12,c1,p21,l3,0.00
i21,e12,c1,p22,l3,0.00
i21,e12,c1,p23,l3,0.00
i21,e12,c1,p24,l3,1.57
i21,e12,c1,p25,l3,0.00
i21,e12,c1,p26,l3,0.00
i21,e12,c1,p28,l3,2.03
i21,e12,c1,p29,l3,0.00
i21,e12,c1,p30,l3,0.00
i21,e12,c1,p31,l3,0.00
i21,e12,c1,p32,l3,0.00
i21,e12,c1,p33,l3,0.00
i21,e12,c1,p35,l3,0.00
i21,e12,c4,p01,l3,0.00
i21,e12,c4,p02,l3,0.00
i21,e12,c4,p03,l3,0.00
i21,e12,c4,p04,l3,0.00
i21,e12,c4,p05,l3,0.00
i21,e12,c4,p07,l3,0.00
i21,e12,c4,p08,l3,0.00
i21,e12,c4,p09,l3,0.00
i21,e12,c4,p10,l3,0.00
i21,e12,c4,p11,l3,0.00
i21,e12,c4,p12,l3,0.00
i21,e12,c4,p13,l3,0.00
i21,e12,c4,p14,l3,0.00
i21,e12,c4,p15,l3,0.00
i21,e12,c4,p16,l3,0.00
i21,e12,c4,p17,l3,0.00
i21,e12,c4,p18,l3,0.00
i21,e12,c4,p19,l3,0.00
i21,e12,c4,p21,l3,0.00
i21,e12,c4,p22,l3,0.00
i21,e12,c4,p23,l3,0.00
i21,e12,c4,p24,l3,0.00
i21,e12,c4,p29,l3,0.00
i21,e12,c7,p01,l3,0.00
i21,e12,c7,p03,l3,0.00
i21,e12,c7,p10,l3,0.00
i22,e01,c3,p01,l3,0.00
i22,e01,c3,p02,l3,0.00
i22,e01,c3,p04,l3,0.00
i22,e01,c3,p05,l3,0.00
i22,e01,c3,p06,l3,0.00
i22,e01,c3,p07,l3,0.00
i22,e01,c3,p08,l3,0.00
i22,e01,c3,p09,l3,0.00
i22,e01,c3,p10,l3,0.00
i22,e01,c3,p11,l3,0.00
i22,e01,c3,p12,l3,0.00
i22,e01,c3,p13,l3,0.00
i22,e01,c3,p15,l3,0.00
i22,e01,c3,p16,l3,0.00
i22,e01,c3,p17,l3,0.00
i22,e01,c3,p18,l3,0.00
i22,e01,c3,p19,l3,0.00
i22,e01,c3,p20,l3,0.00
i22,e01,c3,p21,l3,0.00
i22,e01,c3,p22,l3,0.00
i22,e01,c3,p23,l3,0.00
i22,e01,c3,p25,l3,0.00
i22,e01,c3,p29,l3,0.00
i22,e01,c3,p35,l3,0.00
i22,e01,c5,p01,l3,0.00
i22,e01,c5,p02,l3,0.00
i22,e01,c5,p03,l3,0.00
i22,e01,c5,p04,l3,0.00
i22,e01,c5,p05,l3,0.00
i22,e01,c5,p06,l3,0.00
i22,e01,c5,p07,l3,0.00
i22,e01,c5,p08,l3,0.00
i22,e01,c5,p09,l3,0.00
i22,e01,c5,p10,l3,0.00
i22,e01,c5,p11,l3,0.00
i22,e01,c5,p12,l3,0.00
i22,e01,c5,p13,l3,0.00
i22,e01,c5,p14,l3,0.00
i22,e01,c5,p15,l3,0.00
i22,e01,c5,p16,l3,0.00
i22,e01,c5,p17,l3,0.00
i22,e01,c5,p18,l3,0.00
i22,e01,c5,p19,l3,0.00
i22,e01,c5,p20,l3,0.00
i22,e01,c5,p21,l3,0.00
i22,e01,c5,p22,l3,0.00
i22,e01,c5,p23,l3,0.00
i22,e01,c5,p24,l3,0.00
i22,e01,c5,p25,l3,0.00
i22,e01,c5,p26,l3,0.00
i22,e01,c5,p28,l3,0.00
i22,e01,c5,p29,l3,0.00
i22,e01,c5,p30,l3,0.00
i22,e01,c5,p31,l3,0.00
i22,e01,c5,p32,l3,0.00
i22,e01,c5,p33,l3,0.00
i22,e01,c5,p35,l3,0.00
i22,e02,c3,p02,l3,0.00
i22,e02,c3,p03,l3,0.00
i22,e02,c3,p05,l3,0.00
i22,e02,c3,p07,l3,0.00
i22,e02,c3,p08,l1,0.00
i22,e02,c3,p08,l3,0.00
i22,e02,c3,p09,l1,0.00
i22,e02,c3,p09,l3,0.00
i22,e02,c3,p10,l1,0.00
i22,e02,c3,p10,l3,0.00
i22,e02,c3,p11,l3,0.00
i22,e02,c3,p12,l1,0.00
i22,e02,c3,p12,l3,0.00
i22,e02,c3,p13,l1,0.00
i22,e02,c3,p13,l3,0.00
i22,e02,c3,p15,l1,0.00
i22,e02,c3,p15,l3,0.00
i22,e02,c3,p16,l1,0.00
i22,e02,c3,p16,l3,0.00
i22,e02,c3,p18,l1,0.00
i22,e02,c3,p19,l1,0.00
i22,e02,c3,p22,l1,0.00
i22,e02,c3,p22,l3,0.00
i22,e02,c3,p23,l3,0.00
i22,e02,c3,p25,l3,0.00
i22,e02,c3,p28,l1,0.00
i22,e02,c3,p28,l3,0.00
i22,e02,c3,p35,l1,0.00
i22,e02,c3,p35,l3,0.00
i22,e02,c5,p01,l1,0.00
i22,e02,c5,p01,l3,0.00
i22,e02,c5,p02,l1,0.00
i22,e02,c5,p02,l3,0.00
i22,e02,c5,p03,l1,0.00
i22,e02,c5,p03,l3,0.00
i22,e02,c5,p04,l1,0.00
i22,e02,c5,p04,l3,0.00
i22,e02,c5,p05,l1,0.00
i22,e02,c5,p05,l3,0.00
i22,e02,c5,p06,l1,0.00
i22,e02,c5,p06,l3,0.00
i22,e02,c5,p07,l1,0.00
i22,e02,c5,p07,l3,0.00
i22,e02,c5,p08,l1,0.00
i22,e02,c5,p08,l3,0.00
i22,e02,c5,p09,l1,0.00
i22,e02,c5,p09,l3,0.00
i22,e02,c5,p10,l1,0.00
i22,e02,c5,p10,l3,0.00
i22,e02,c5,p11,l1,0.00
i22,e02,c5,p11,l3,0.00
i22,e02,c5,p12,l1,0.00
i22,e02,c5,p12,l3,0.00
i22,e02,c5,p13,l1,0.00
i22,e02,c5,p13,l3,0.00
i22,e02,c5,p14,l1,0.00
i22,e02,c5,p14,l3,0.00
i22,e02,c5,p15,l1,0.00
i22,e02,c5,p15,l3,0.00
i22,e02,c5,p16,l1,0.00
i22,e02,c5,p16,l3,1.04
i22,e02,c5,p17,l1,0.00
i22,e02,c5,p17,l3,0.00
i22,e02,c5,p18,l1,0.00
i22,e02,c5,p18,l3,1.66
i22,e02,c5,p19,l1,0.00
i22,e02,c5,p19,l3,0.00
i22,e02,c5,p20,l1,0.00
i22,e02,c5,p20,l3,0.00
i22,e02,c5,p21,l1,0.00
i22,e02,c5,p21,l3,0.00
i22,e02,c5,p22,l1,0.00
i22,e02,c5,p22,l3,0.00
i22,e02,c5,p23,l1,0.00
i22,e02,c5,p23,l3,0.00
i22,e02,c5,p24,l1,0.00
i22,e02,c5,p24,l3,0.00
i22,e02,c5,p25,l1,0.00
i22,e02,c5,p25,l3,1.32
i22,e02,c5,p26,l1,0.00
i22,e02,c5,p26,l3,0.00
i22,e02,c5,p28,l1,0.00
i22,e02,c5,p28,l3,0.00
i22,e02,c5,p29,l1,0.00
i22,e02,c5,p29,l3,0.00
i22,e02,c5,p31,l1,0.00
i22,e02,c5,p31,l3,0.00
i22,e02,c5,p32,l1,0.00
i22,e02,c5,p32,l3,0.00
i22,e02,c5,p35,l1,0.00
i22,e02,c5,p35,l3,4.42
i22,e04,c3,p01,l1,0.00
i22,e04,c3,p01,l3,0.00
i22,e04,c3,p02,l1,0.00
i22,e04,c3,p02,l3,0.00
i22,e04,c3,p04,l1,0.00
i22,e04,c3,p04,l3,0.00
i22,e04,c3,p05,l1,0.00
i22,e04,c3,p05,l3,0.00
i22,e04,c3,p06,l1,0.00
i22,e04,c3,p06,l3,0.00
i22,e04,c3,p07,l1,0.00
i22,e04,c3,p07,l3,0.00
i22,e04,c3,p08,l1,0.00
i22,e04,c3,p08,l3,0.00
i22,e04,c3,p09,l1,0.00
i22,e04,c3,p09,l3,0.00
i22,e04,c3,p10,l1,0.00
i22,e04,c3,p10,l3,0.00
i22,e04,c3,p11,l1,0.00
i22,e04,c3,p11,l3,0.00
i22,e04,c3,p12,l1,0.00
i22,e04,c3,p12,l3,0.00
i22,e04,c3,p13,l1,0.00
i22,e04,c3,p13,l3,0.00
i22,e04,c3,p15,l1,0.00
i22,e04,c3,p15,l3,0.00
i22,e04,c3,p16,l1,0.00
i22,e04,c3,p16,l3,0.00
i22,e04,c3,p17,l1,0.00
i22,e04,c3,p17,l3,0.00
i22,e04,c3,p18,l1,0.00
i22,e04,c3,p18,l3,0.00
i22,e04,c3,p19,l1,0.00
i22,e04,c3,p19,l3,0.00
i22,e04,c3,p20,l1,0.00
i22,e04,c3,p20,l3,0.00
i22,e04,c3,p21,l1,0.00
i22,e04,c3,p21,l3,0.00
i22,e04,c3,p22,l1,0.00
i22,e04,c3,p22,l3,0.00
i22,e04,c3,p23,l1,0.00
i22,e04,c3,p23,l3,0.00
i22,e04,c3,p25,l1,0.00
i22,e04,c3,p25,l3,0.00
i22,e04,c3,p26,l3,0.00
i22,e04,c3,p28,l1,0.00
i22,e04,c3,p28,l3,0.00
i22,e04,c3,p29,l1,0.00
i22,e04,c3,p29,l3,0.00
i22,e04,c3,p35,l1,0.00
i22,e04,c3,p35,l3,0.00
i22,e04,c5,p01,l1,0.00
i22,e04,c5,p01,l3,0.00
i22,e04,c5,p02,l1,0.00
i22,e04,c5,p02,l3,0.00
i22,e04,c5,p03,l1,0.00
i22,e04,c5,p03,l3,0.00
i22,e04,c5,p04,l1,0.00
i22,e04,c5,p04,l3,0.00
i22,e04,c5,p05,l1,0.00
i22,e04,c5,p05,l3,0.00
i22,e04,c5,p06,l1,0.00
i22,e04,c5,p06,l3,0.00
i22,e04,c5,p07,l1,0.00
i22,e04,c5,p07,l3,0.00
i22,e04,c5,p08,l1,0.00
i22,e04,c5,p08,l3,0.00
i22,e04,c5,p09,l1,0.00
i22,e04,c5,p09,l3,0.00
i22,e04,c5,p10,l1,0.00
i22,e04,c5,p10,l3,0.00
i22,e04,c5,p11,l1,0.00
i22,e04,c5,p11,l3,0.00
i22,e04,c5,p12,l1,0.00
i22,e04,c5,p12,l3,0.00
i22,e04,c5,p13,l1,0.00
i22,e04,c5,p13,l3,0.00
i22,e04,c5,p14,l1,0.00
i22,e04,c5,p14,l3,0.00
i22,e04,c5,p15,l1,0.00
i22,e04,c5,p15,l3,0.00
i22,e04,c5,p16,l1,0.00
i22,e04,c5,p16,l3,0.00
i22,e04,c5,p17,l1,0.00
i22,e04,c5,p17,l3,0.00
i22,e04,c5,p18,l1,0.00
i22,e04,c5,p18,l3,0.00
i22,e04,c5,p19,l1,0.00
i22,e04,c5,p19,l3,0.00
i22,e04,c5,p20,l1,0.00
i22,e04,c5,p20,l3,0.00
i22,e04,c5,p21,l1,0.00
i22,e04,c5,p21,l3,0.00
i22,e04,c5,p22,l1,0.00
i22,e04,c5,p22,l3,0.00
i22,e04,c5,p23,l1,0.00
i22,e04,c5,p23,l3,0.00
i22,e04,c5,p24,l1,0.00
i22,e04,c5,p24,l3,0.00
i22,e04,c5,p25,l1,0.00
i22,e04,c5,p25,l3,0.00
i22,e04,c5,p26,l1,0.00
i22,e04,c5,p26,l3,0.00
i22,e04,c5,p28,l1,0.00
i22,e04,c5,p28,l3,0.00
i22,e04,c5,p29,l1,0.00
i22,e04,c5,p29,l3,0.00
i22,e04,c5,p30,l1,0.00
i22,e04,c5,p30,l3,0.00
i22,e04,c5,p31,l1,0.00
i22,e04,c5,p31,l3,0.00
i22,e04,c5,p32,l1,0.00
i22,e04,c5,p32,l3,0.00
i22,e04,c5,p33,l1,0.00
i22,e04,c5,p33,l3,0.00
i22,e04,c5,p35,l1,0.00
i22,e04,c5,p35,l3,0.00
i22,e04,c8,p18,l3,0.00
i22,e05,c3,p01,l3,0.00
i22,e05,c3,p04,l1,0.00
i22,e05,c3,p05,l1,0.00
i22,e05,c3,p05,l3,0.00
i22,e05,c3,p06,l3,0.00
i22,e05,c3,p07,l1,0.00
i22,e05,c3,p08,l3,0.00
i22,e05,c3,p09,l1,0.00
i22,e05,c3,p09,l3,0.00
i22,e05,c3,p10,l1,0.00
i22,e05,c3,p10,l3,0.00
i22,e05,c3,p12,l3,0.00
i22,e05,c3,p15,l1,0.00
i22,e05,c3,p16,l3,0.00
i22,e05,c3,p18,l1,0.00
i22,e05,c3,p18,l3,0.00
i22,e05,c3,p19,l3,0.00
i22,e05,c3,p25,l1,0.00
i22,e05,c3,p25,l3,0.00
i22,e05,c3,p28,l1,0.00
i22,e05,c3,p28,l3,0.00
i22,e05,c3,p29,l3,0.00
i22,e05,c3,p35,l1,0.00
i22,e05,c3,p35,l3,0.00
i22,e05,c5,p01,l1,0.00
i22,e05,c5,p01,l3,0.00
i22,e05,c5,p02,l1,0.00
i22,e05,c5,p02,l3,0.00
i22,e05,c5,p03,l1,0.00
i22,e05,c5,p03,l3,0.00
i22,e05,c5,p04,l1,0.00
i22,e05,c5,p04,l3,0.00
i22,e05,c5,p05,l1,0.00
i22,e05,c5,p05,l3,1.37
i22,e05,c5,p06,l1,0.00
i22,e05,c5,p06,l3,0.00
i22,e05,c5,p07,l1,0.00
i22,e05,c5,p07,l3,0.00
i22,e05,c5,p08,l1,0.00
i22,e05,c5,p08,l3,0.00
i22,e05,c5,p09,l1,0.00
i22,e05,c5,p09,l3,0.00
i22,e05,c5,p10,l1,0.00
i22,e05,c5,p10,l3,3.16
i22,e05,c5,p11,l1,0.00
i22,e05,c5,p11,l3,0.00
i22,e05,c5,p12,l1,0.00
i22,e05,c5,p12,l3,0.00
i22,e05,c5,p13,l1,0.00
i22,e05,c5,p13,l3,1.28
i22,e05,c5,p14,l1,0.00
i22,e05,c5,p14,l3,1.21
i22,e05,c5,p15,l1,0.00
i22,e05,c5,p15,l3,0.00
i22,e05,c5,p16,l1,0.00
i22,e05,c5,p16,l3,2.04
i22,e05,c5,p17,l1,0.00
i22,e05,c5,p17,l3,2.50
i22,e05,c5,p18,l1,0.00
i22,e05,c5,p18,l3,0.00
i22,e05,c5,p19,l1,0.00
i22,e05,c5,p19,l3,2.84
i22,e05,c5,p20,l1,0.00
i22,e05,c5,p20,l3,0.00
i22,e05,c5,p21,l1,0.00
i22,e05,c5,p21,l3,0.00
i22,e05,c5,p22,l1,0.00
i22,e05,c5,p22,l3,1.24
i22,e05,c5,p23,l1,0.00
i22,e05,c5,p23,l3,0.00
i22,e05,c5,p24,l1,0.00
i22,e05,c5,p24,l3,0.00
i22,e05,c5,p25,l1,0.00
i22,e05,c5,p25,l3,0.00
i22,e05,c5,p26,l1,0.00
i22,e05,c5,p26,l3,0.00
i22,e05,c5,p28,l1,0.00
i22,e05,c5,p28,l3,0.00
i22,e05,c5,p29,l1,0.00
i22,e05,c5,p29,l3,0.00
i22,e05,c5,p30,l1,0.00
i22,e05,c5,p30,l3,0.00
i22,e05,c5,p31,l1,0.00
i22,e05,c5,p31,l3,0.00
i22,e05,c5,p32,l1,0.00
i22,e05,c5,p32,l3,0.00
i22,e05,c5,p35,l1,0.00
i22,e05,c5,p35,l3,23.66
i22,e08,c3,p01,l2,0.00
i22,e08,c3,p01,l3,0.00
i22,e08,c3,p02,l2,0.00
i22,e08,c3,p04,l3,0.00
i22,e08,c3,p05,l2,0.00
i22,e08,c3,p05,l3,0.00
i22,e08,c3,p06,l2,0.00
i22,e08,c3,p06,l3,0.00
i22,e08,c3,p07,l2,0.00
i22,e08,c3,p07,l3,0.00
i22,e08,c3,p08,l2,0.00
i22,e08,c3,p08,l3,0.00
i22,e08,c3,p09,l2,0.00
i22,e08,c3,p09,l3,0.00
i22,e08,c3,p10,l2,0.00
i22,e08,c3,p10,l3,0.00
i22,e08,c3,p11,l2,0.00
i22,e08,c3,p11,l3,0.00
i22,e08,c3,p12,l2,0.00
i22,e08,c3,p12,l3,0.00
i22,e08,c3,p13,l2,0.00
i22,e08,c3,p13,l3,0.00
i22,e08,c3,p15,l2,0.00
i22,e08,c3,p15,l3,0.00
i22,e08,c3,p16,l2,0.00
i22,e08,c3,p16,l3,0.00
i22,e08,c3,p17,l3,0.00
i22,e08,c3,p18,l2,0.00
i22,e08,c3,p18,l3,0.00
i22,e08,c3,p19,l2,0.00
i22,e08,c3,p19,l3,0.00
i22,e08,c3,p20,l2,0.00
i22,e08,c3,p21,l2,0.00
i22,e08,c3,p21,l3,0.00
i22,e08,c3,p22,l2,0.00
i22,e08,c3,p22,l3,0.00
i22,e08,c3,p23,l2,0.00
i22,e08,c3,p23,l3,0.00
i22,e08,c3,p25,l2,0.00
i22,e08,c3,p25,l3,0.00
i22,e08,c3,p26,l3,0.00
i22,e08,c3,p29,l2,0.00
i22,e08,c3,p29,l3,0.00
i22,e08,c3,p35,l2,0.00
i22,e08,c3,p35,l3,0.00
i22,e08,c5,p01,l2,0.00
i22,e08,c5,p01,l3,0.00
i22,e08,c5,p02,l2,0.00
i22,e08,c5,p02,l3,0.00
i22,e08,c5,p03,l2,0.00
i22,e08,c5,p03,l3,0.00
i22,e08,c5,p04,l2,0.00
i22,e08,c5,p04,l3,0.00
i22,e08,c5,p05,l2,0.00
i22,e08,c5,p05,l3,0.00
i22,e08,c5,p06,l2,0.00
i22,e08,c5,p06,l3,0.00
i22,e08,c5,p07,l2,0.00
i22,e08,c5,p07,l3,0.00
i22,e08,c5,p08,l2,0.00
i22,e08,c5,p08,l3,0.00
i22,e08,c5,p09,l2,0.00
i22,e08,c5,p09,l3,0.00
i22,e08,c5,p10,l2,0.00
i22,e08,c5,p10,l3,0.00
i22,e08,c5,p11,l2,0.00
i22,e08,c5,p11,l3,0.00
i22,e08,c5,p12,l2,0.00
i22,e08,c5,p12,l3,0.00
i22,e08,c5,p13,l2,0.00
i22,e08,c5,p13,l3,0.00
i22,e08,c5,p14,l2,0.00
i22,e08,c5,p14,l3,0.00
i22,e08,c5,p15,l2,0.00
i22,e08,c5,p15,l3,0.00
i22,e08,c5,p16,l2,0.00
i22,e08,c5,p16,l3,0.00
i22,e08,c5,p17,l2,0.00
i22,e08,c5,p17,l3,0.00
i22,e08,c5,p18,l2,0.00
i22,e08,c5,p18,l3,0.00
i22,e08,c5,p19,l2,0.00
i22,e08,c5,p19,l3,0.00
i22,e08,c5,p20,l2,0.00
i22,e08,c5,p20,l3,0.00
i22,e08,c5,p21,l2,0.00
i22,e08,c5,p21,l3,0.00
i22,e08,c5,p22,l2,0.00
i22,e08,c5,p22,l3,0.00
i22,e08,c5,p23,l2,0.00
i22,e08,c5,p23,l3,0.00
i22,e08,c5,p24,l2,0.00
i22,e08,c5,p24,l3,0.00
i22,e08,c5,p25,l2,0.00
i22,e08,c5,p25,l3,0.00
i22,e08,c5,p26,l2,0.00
i22,e08,c5,p26,l3,0.00
i22,e08,c5,p28,l2,0.00
i22,e08,c5,p28,l3,0.00
i22,e08,c5,p29,l2,0.00
i22,e08,c5,p29,l3,0.00
i22,e08,c5,p30,l2,0.00
i22,e08,c5,p30,l3,0.00
i22,e08,c5,p31,l2,0.00
i22,e08,c5,p31,l3,0.00
i22,e08,c5,p32,l2,0.00
i22,e08,c5,p32,l3,0.00
i22,e08,c5,p33,l2,0.00
i22,e08,c5,p33,l3,0.00
i22,e08,c5,p35,l2,0.00
i22,e08,c5,p35,l3,0.00
i22,e09,c3,p01,l2,0.00
i22,e09,c3,p01,l3,0.00
i22,e09,c3,p02,l2,0.00
i22,e09,c3,p02,l3,0.00
i22,e09,c3,p04,l2,0.00
i22,e09,c3,p04,l3,0.00
i22,e09,c3,p05,l2,0.00
i22,e09,c3,p05,l3,0.00
i22,e09,c3,p06,l2,0.00
i22,e09,c3,p06,l3,0.00
i22,e09,c3,p07,l2,0.00
i22,e09,c3,p07,l3,0.00
i22,e09,c3,p08,l2,0.00
i22,e09,c3,p08,l3,0.00
i22,e09,c3,p09,l2,0.00
i22,e09,c3,p09,l3,0.00
i22,e09,c3,p10,l2,0.00
i22,e09,c3,p10,l3,0.00
i22,e09,c3,p11,l2,0.00
i22,e09,c3,p11,l3,0.00
i22,e09,c3,p12,l2,0.00
i22,e09,c3,p12,l3,0.00
i22,e09,c3,p13,l2,0.00
i22,e09,c3,p13,l3,0.00
i22,e09,c3,p15,l2,0.00
i22,e09,c3,p15,l3,0.00
i22,e09,c3,p16,l2,0.00
i22,e09,c3,p16,l3,0.00
i22,e09,c3,p17,l2,0.00
i22,e09,c3,p17,l3,0.00
i22,e09,c3,p18,l2,0.00
i22,e09,c3,p18,l3,0.00
i22,e09,c3,p19,l2,0.00
i22,e09,c3,p19,l3,0.00
i22,e09,c3,p20,l3,0.00
i22,e09,c3,p21,l2,0.00
i22,e09,c3,p21,l3,0.00
i22,e09,c3,p22,l2,0.00
i22,e09,c3,p22,l3,0.00
i22,e09,c3,p23,l2,0.00
i22,e09,c3,p23,l3,0.00
i22,e09,c3,p25,l2,0.00
i22,e09,c3,p28,l2,0.00
i22,e09,c3,p28,l3,0.00
i22,e09,c3,p29,l2,0.00
i22,e09,c3,p29,l3,0.00
i22,e09,c3,p35,l2,0.00
i22,e09,c3,p35,l3,0.00
i22,e09,c5,p01,l2,0.00
i22,e09,c5,p01,l3,0.00
i22,e09,c5,p02,l2,0.00
i22,e09,c5,p02,l3,0.00
i22,e09,c5,p03,l2,0.00
i22,e09,c5,p03,l3,0.00
i22,e09,c5,p04,l2,0.00
i22,e09,c5,p04,l3,0.00
i22,e09,c5,p05,l2,0.00
i22,e09,c5,p05,l3,0.00
i22,e09,c5,p06,l2,0.00
i22,e09,c5,p06,l3,0.00
i22,e09,c5,p07,l2,0.00
i22,e09,c5,p07,l3,0.00
i22,e09,c5,p08,l2,0.00
i22,e09,c5,p08,l3,0.00
i22,e09,c5,p09,l2,0.00
i22,e09,c5,p09,l3,0.00
i22,e09,c5,p10,l2,0.00
i22,e09,c5,p10,l3,0.00
i22,e09,c5,p11,l2,0.00
i22,e09,c5,p11,l3,0.00
i22,e09,c5,p12,l2,0.00
i22,e09,c5,p12,l3,0.00
i22,e09,c5,p13,l2,0.00
i22,e09,c5,p13,l3,0.00
i22,e09,c5,p14,l2,0.00
i22,e09,c5,p14,l3,0.00
i22,e09,c5,p15,l2,0.00
i22,e09,c5,p15,l3,0.00
i22,e09,c5,p16,l2,0.00
i22,e09,c5,p16,l3,0.00
i22,e09,c5,p17,l2,0.00
i22,e09,c5,p17,l3,0.00
i22,e09,c5,p18,l2,0.00
i22,e09,c5,p18,l3,0.00
i22,e09,c5,p19,l2,0.00
i22,e09,c5,p19,l3,0.00
i22,e09,c5,p20,l2,0.00
i22,e09,c5,p20,l3,0.00
i22,e09,c5,p21,l2,0.00
i22,e09,c5,p21,l3,0.00
i22,e09,c5,p22,l2,0.00
i22,e09,c5,p22,l3,0.00
i22,e09,c5,p23,l2,0.00
i22,e09,c5,p23,l3,0.00
i22,e09,c5,p24,l2,0.00
i22,e09,c5,p24,l3,0.00
i22,e09,c5,p25,l2,0.00
i22,e09,c5,p25,l3,0.00
i22,e09,c5,p26,l2,0.00
i22,e09,c5,p26,l3,0.00
i22,e09,c5,p28,l2,0.00
i22,e09,c5,p28,l3,0.00
i22,e09,c5,p29,l2,0.00
i22,e09,c5,p29,l3,0.00
i22,e09,c5,p30,l2,0.00
i22,e09,c5,p30,l3,0.00
i22,e09,c5,p31,l2,0.00
i22,e09,c5,p31,l3,0.00
i22,e09,c5,p32,l2,0.00
i22,e09,c5,p32,l3,0.00
i22,e09,c5,p33,l2,0.00
i22,e09,c5,p33,l3,0.00
i22,e09,c5,p35,l2,0.00
i22,e09,c5,p35,l3,0.00
i22,e11,c3,p02,l2,0.00
i22,e11,c3,p06,l2,0.00
i22,e11,c3,p06,l3,0.00
i22,e11,c3,p07,l2,0.00
i22,e11,c3,p07,l3,0.00
i22,e11,c3,p08,l2,0.00
i22,e11,c3,p08,l3,0.00
i22,e11,c3,p09,l2,0.00
i22,e11,c3,p09,l3,0.00
i22,e11,c3,p10,l2,0.00
i22,e11,c3,p10,l3,0.00
i22,e11,c3,p13,l2,0.00
i22,e11,c3,p13,l3,0.00
i22,e11,c3,p15,l3,0.00
i22,e11,c3,p16,l2,0.00
i22,e11,c3,p16,l3,0.00
i22,e11,c3,p18,l3,0.00
i22,e11,c3,p19,l2,0.00
i22,e11,c3,p19,l3,0.00
i22,e11,c3,p20,l2,0.00
i22,e11,c3,p21,l2,0.00
i22,e11,c3,p22,l2,0.00
i22,e11,c3,p22,l3,0.00
i22,e11,c3,p23,l2,0.00
i22,e11,c3,p23,l3,0.00
i22,e11,c3,p25,l2,0.00
i22,e11,c3,p25,l3,0.00
i22,e11,c3,p28,l2,0.00
i22,e11,c3,p28,l3,0.00
i22,e11,c3,p29,l2,0.00
i22,e11,c3,p29,l3,0.00
i22,e11,c3,p35,l2,0.00
i22,e11,c3,p35,l3,0.00
i22,e11,c5,p01,l2,0.00
i22,e11,c5,p01,l3,0.00
i22,e11,c5,p02,l2,0.00
i22,e11,c5,p02,l3,0.00
i22,e11,c5,p03,l2,0.00
i22,e11,c5,p03,l3,0.00
i22,e11,c5,p04,l2,0.00
i22,e11,c5,p04,l3,0.00
i22,e11,c5,p05,l2,0.00
i22,e11,c5,p05,l3,0.00
i22,e11,c5,p06,l2,0.00
i22,e11,c5,p06,l3,0.00
i22,e11,c5,p07,l2,0.00
i22,e11,c5,p07,l3,0.00
i22,e11,c5,p08,l2,0.00
i22,e11,c5,p08,l3,0.00
i22,e11,c5,p09,l2,0.00
i22,e11,c5,p09,l3,0.00
i22,e11,c5,p10,l2,0.00
i22,e11,c5,p10,l3,0.00
i22,e11,c5,p11,l2,0.00
i22,e11,c5,p11,l3,0.00
i22,e11,c5,p12,l2,0.00
i22,e11,c5,p12,l3,0.00
i22,e11,c5,p13,l2,0.00
i22,e11,c5,p13,l3,0.00
i22,e11,c5,p14,l2,0.00
i22,e11,c5,p14,l3,0.00
i22,e11,c5,p15,l2,0.00
i22,e11,c5,p15,l3,0.00
i22,e11,c5,p16,l2,0.00
i22,e11,c5,p16,l3,0.00
i22,e11,c5,p17,l2,0.00
i22,e11,c5,p17,l3,0.00
i22,e11,c5,p18,l2,0.00
i22,e11,c5,p18,l3,0.00
i22,e11,c5,p19,l2,0.00
i22,e11,c5,p19,l3,0.00
i22,e11,c5,p20,l2,0.00
i22,e11,c5,p20,l3,0.00
i22,e11,c5,p21,l2,0.00
i22,e11,c5,p21,l3,0.00
i22,e11,c5,p22,l2,0.00
i22,e11,c5,p22,l3,0.00
i22,e11,c5,p23,l2,0.00
i22,e11,c5,p23,l3,0.00
i22,e11,c5,p24,l2,0.00
i22,e11,c5,p24,l3,0.00
i22,e11,c5,p25,l2,0.00
i22,e11,c5,p25,l3,0.00
i22,e11,c5,p26,l2,0.00
i22,e11,c5,p26,l3,0.00
i22,e11,c5,p28,l2,0.00
i22,e11,c5,p28,l3,0.00
i22,e11,c5,p29,l2,0.00
i22,e11,c5,p29,l3,0.00
i22,e11,c5,p30,l2,0.00
i22,e11,c5,p30,l3,0.00
i22,e11,c5,p31,l2,0.00
i22,e11,c5,p31,l3,0.00
i22,e11,c5,p32,l2,0.00
i22,e11,c5,p32,l3,0.00
i22,e11,c5,p33,l2,0.00
i22,e11,c5,p33,l3,0.00
i22,e11,c5,p35,l2,0.00
i22,e11,c5,p35,l3,0.00
i23,e01,c3,p01,l3,0.00
i23,e01,c3,p02,l3,0.00
i23,e01,c3,p03,l3,0.00
i23,e01,c3,p04,l3,0.00
i23,e01,c3,p05,l3,0.00
i23,e01,c3,p06,l3,0.00
i23,e01,c3,p07,l3,0.00
i23,e01,c3,p08,l3,0.00
i23,e01,c3,p09,l3,0.00
i23,e01,c3,p10,l3,0.00
i23,e01,c3,p11,l3,0.00
i23,e01,c3,p12,l3,0.00
i23,e01,c3,p13,l3,0.00
i23,e01,c3,p14,l3,0.00
i23,e01,c3,p15,l3,0.00
i23,e01,c3,p16,l3,0.00
i23,e01,c3,p17,l3,0.00
i23,e01,c3,p18,l3,0.00
i23,e01,c3,p19,l3,0.00
i23,e01,c3,p20,l3,0.00
i23,e01,c3,p21,l3,0.00
i23,e01,c3,p22,l3,0.00
i23,e01,c3,p23,l3,0.00
i23,e01,c3,p24,l3,0.00
i23,e01,c3,p26,l3,0.00
i23,e01,c3,p28,l3,0.00
i23,e01,c3,p29,l3,0.00
i23,e01,c3,p31,l3,0.00
i23,e01,c3,p35,l3,0.00
i23,e01,c5,p01,l3,2.15
i23,e01,c5,p02,l3,0.00
i23,e01,c5,p03,l3,0.00
i23,e01,c5,p04,l3,1.58
i23,e01,c5,p05,l3,0.00
i23,e01,c5,p06,l3,1.57
i23,e01,c5,p07,l3,2.11
i23,e01,c5,p08,l3,0.00
i23,e01,c5,p09,l3,0.00
i23,e01,c5,p10,l3,6.46
i23,e01,c5,p11,l3,0.00
i23,e01,c5,p12,l3,2.59
i23,e01,c5,p13,l3,0.00
i23,e01,c5,p14,l3,3.71
i23,e01,c5,p15,l3,1.25
i23,e01,c5,p16,l3,2.30
i23,e01,c5,p17,l3,0.00
i23,e01,c5,p18,l3,0.00
i23,e01,c5,p19,l3,4.15
i23,e01,c5,p20,l3,0.00
i23,e01,c5,p21,l3,0.00
i23,e01,c5,p22,l3,0.00
i23,e01,c5,p23,l3,0.00
i23,e01,c5,p24,l3,0.00
i23,e01,c5,p25,l3,1.29
i23,e01,c5,p26,l3,0.00
i23,e01,c5,p28,l3,0.00
i23,e01,c5,p29,l3,0.00
i23,e01,c5,p30,l3,0.00
i23,e01,c5,p31,l3,1.15
i23,e01,c5,p32,l3,1.05
i23,e01,c5,p33,l3,0.00
i23,e01,c5,p35,l3,0.00
i23,e02,c3,p06,l1,0.00
i23,e02,c3,p07,l3,0.00
i23,e02,c3,p10,l3,0.00
i23,e02,c3,p12,l1,0.00
i23,e02,c3,p14,l3,0.00
i23,e02,c3,p15,l3,0.00
i23,e02,c3,p24,l1,0.00
i23,e02,c3,p29,l3,0.00
i23,e02,c3,p35,l1,0.00
i23,e02,c5,p01,l1,0.00
i23,e02,c5,p01,l3,0.00
i23,e02,c5,p02,l1,0.00
i23,e02,c5,p02,l3,0.00
i23,e02,c5,p03,l1,0.00
i23,e02,c5,p03,l3,0.00
i23,e02,c5,p04,l1,0.00
i23,e02,c5,p04,l3,0.00
i23,e02,c5,p05,l1,0.00
i23,e02,c5,p05,l3,0.00
i23,e02,c5,p06,l1,0.00
i23,e02,c5,p06,l3,0.00
i23,e02,c5,p07,l1,0.00
i23,e02,c5,p07,l3,0.00
i23,e02,c5,p08,l1,0.00
i23,e02,c5,p08,l3,0.00
i23,e02,c5,p09,l1,0.00
i23,e02,c5,p09,l3,0.00
i23,e02,c5,p10,l1,0.00
i23,e02,c5,p10,l3,0.00
i23,e02,c5,p11,l1,0.00
i23,e02,c5,p11,l3,0.00
i23,e02,c5,p12,l1,0.00
i23,e02,c5,p12,l3,0.00
i23,e02,c5,p13,l1,0.00
i23,e02,c5,p13,l3,0.00
i23,e02,c5,p14,l1,0.00
i23,e02,c5,p14,l3,0.00
i23,e02,c5,p15,l1,0.00
i23,e02,c5,p15,l3,0.00
i23,e02,c5,p16,l1,0.00
i23,e02,c5,p16,l3,0.00
i23,e02,c5,p17,l1,0.00
i23,e02,c5,p17,l3,0.00
i23,e02,c5,p18,l1,0.00
i23,e02,c5,p18,l3,0.00
i23,e02,c5,p19,l1,0.00
i23,e02,c5,p19,l3,0.00
i23,e02,c5,p20,l1,0.00
i23,e02,c5,p20,l3,0.00
i23,e02,c5,p21,l1,0.00
i23,e02,c5,p21,l3,0.00
i23,e02,c5,p22,l1,0.00
i23,e02,c5,p22,l3,0.00
i23,e02,c5,p23,l1,0.00
i23,e02,c5,p23,l3,0.00
i23,e02,c5,p24,l1,0.00
i23,e02,c5,p24,l3,0.00
i23,e02,c5,p25,l1,0.00
i23,e02,c5,p25,l3,0.00
i23,e02,c5,p26,l3,0.00
i23,e02,c5,p28,l1,0.00
i23,e02,c5,p28,l3,0.00
i23,e02,c5,p29,l1,0.00
i23,e02,c5,p29,l3,0.00
i23,e02,c5,p31,l3,0.00
i23,e02,c5,p32,l1,0.00
i23,e02,c5,p32,l3,0.00
i23,e02,c5,p35,l1,0.00
i23,e02,c5,p35,l3,0.00
i23,e03,c3,p01,l3,0.00
i23,e03,c3,p02,l3,0.00
i23,e03,c3,p03,l3,0.00
i23,e03,c3,p04,l3,0.00
i23,e03,c3,p05,l3,0.00
i23,e03,c3,p06,l3,0.00
i23,e03,c3,p07,l3,0.00
i23,e03,c3,p08,l3,0.00
i23,e03,c3,p09,l3,0.00
i23,e03,c3,p10,l3,0.00
i23,e03,c3,p11,l3,0.00
i23,e03,c3,p12,l3,0.00
i23,e03,c3,p13,l3,0.00
i23,e03,c3,p14,l3,0.00
i23,e03,c3,p15,l3,0.00
i23,e03,c3,p16,l3,0.00
i23,e03,c3,p17,l3,0.00
i23,e03,c3,p18,l3,0.00
i23,e03,c3,p19,l3,0.00
i23,e03,c3,p20,l3,0.00
i23,e03,c3,p21,l3,0.00
i23,e03,c3,p22,l3,0.00
i23,e03,c3,p23,l3,0.00
i23,e03,c3,p24,l3,0.00
i23,e03,c3,p26,l3,0.00
i23,e03,c3,p28,l3,0.00
i23,e03,c3,p29,l3,0.00
i23,e03,c3,p35,l3,0.00
i23,e03,c5,p01,l3,2.53
i23,e03,c5,p02,l3,0.00
i23,e03,c5,p03,l3,1.30
i23,e03,c5,p04,l3,0.00
i23,e03,c5,p05,l3,1.09
i23,e03,c5,p06,l3,3.38
i23,e03,c5,p07,l3,7.54
i23,e03,c5,p08,l3,0.00
i23,e03,c5,p09,l3,0.00
i23,e03,c5,p10,l3,15.19
i23,e03,c5,p11,l3,3.12
i23,e03,c5,p12,l3,4.37
i23,e03,c5,p13,l3,0.00
i23,e03,c5,p14,l3,7.58
i23,e03,c5,p15,l3,6.39
i23,e03,c5,p16,l3,5.10
i23,e03,c5,p17,l3,5.64
i23,e03,c5,p18,l3,5.33
i23,e03,c5,p19,l3,6.13
i23,e03,c5,p20,l3,0.00
i23,e03,c5,p21,l3,5.18
i23,e03,c5,p22,l3,0.00
i23,e03,c5,p23,l3,1.57
i23,e03,c5,p24,l3,4.80
i23,e03,c5,p25,l3,1.05
i23,e03,c5,p26,l3,0.00
i23,e03,c5,p28,l3,2.09
i23,e03,c5,p29,l3,0.00
i23,e03,c5,p30,l3,0.00
i23,e03,c5,p31,l3,0.00
i23,e03,c5,p32,l3,0.00
i23,e03,c5,p33,l3,0.00
i23,e03,c5,p35,l3,1.29
i23,e04,c3,p01,l1,0.00
i23,e04,c3,p01,l3,0.00
i23,e04,c3,p02,l1,0.00
i23,e04,c3,p02,l3,0.00
i23,e04,c3,p03,l1,0.00
i23,e04,c3,p03,l3,0.00
i23,e04,c3,p04,l1,0.00
i23,e04,c3,p04,l3,0.00
i23,e04,c3,p05,l1,0.00
i23,e04,c3,p05,l3,0.00
i23,e04,c3,p06,l1,0.00
i23,e04,c3,p06,l3,0.00
i23,e04,c3,p07,l1,0.00
i23,e04,c3,p07,l3,0.00
i23,e04,c3,p08,l3,0.00
i23,e04,c3,p09,l1,0.00
i23,e04,c3,p09,l3,0.00
i23,e04,c3,p10,l1,0.00
i23,e04,c3,p10,l3,0.00
i23,e04,c3,p11,l1,0.00
i23,e04,c3,p11,l3,0.00
i23,e04,c3,p12,l1,0.00
i23,e04,c3,p12,l3,0.00
i23,e04,c3,p13,l1,0.00
i23,e04,c3,p13,l3,0.00
i23,e04,c3,p14,l3,0.00
i23,e04,c3,p15,l1,0.00
i23,e04,c3,p15,l3,0.00
i23,e04,c3,p16,l3,0.00
i23,e04,c3,p17,l1,0.00
i23,e04,c3,p17,l3,0.00
i23,e04,c3,p18,l3,0.00
i23,e04,c3,p19,l1,0.00
i23,e04,c3,p19,l3,0.00
i23,e04,c3,p21,l1,0.00
i23,e04,c3,p21,l3,0.00
i23,e04,c3,p22,l3,0.00
i23,e04,c3,p23,l1,0.00
i23,e04,c3,p23,l3,0.00
i23,e04,c3,p24,l1,0.00
i23,e04,c3,p24,l3,0.00
i23,e04,c3,p26,l3,0.00
i23,e04,c3,p28,l3,0.00
i23,e04,c3,p29,l1,0.00
i23,e04,c3,p29,l3,0.00
i23,e04,c3,p31,l1,0.00
i23,e04,c3,p35,l1,0.00
i23,e04,c3,p35,l3,0.00
i23,e04,c5,p01,l1,0.00
i23,e04,c5,p01,l3,0.00
i23,e04,c5,p02,l1,0.00
i23,e04,c5,p02,l3,0.00
i23,e04,c5,p03,l1,0.00
i23,e04,c5,p03,l3,3.12
i23,e04,c5,p04,l1,0.00
i23,e04,c5,p04,l3,3.41
i23,e04,c5,p05,l1,0.00
i23,e04,c5,p05,l3,0.00
i23,e04,c5,p06,l1,0.00
i23,e04,c5,p06,l3,3.59
i23,e04,c5,p07,l1,0.00
i23,e04,c5,p07,l3,8.30
i23,e04,c5,p08,l1,0.00
i23,e04,c5,p08,l3,0.00
i23,e04,c5,p09,l1,0.00
i23,e04,c5,p09,l3,1.25
i23,e04,c5,p10,l1,0.00
i23,e04,c5,p10,l3,8.34
i23,e04,c5,p11,l1,0.00
i23,e04,c5,p11,l3,0.00
i23,e04,c5,p12,l1,0.00
i23,e04,c5,p12,l3,0.00
i23,e04,c5,p13,l1,0.00
i23,e04,c5,p13,l3,0.00
i23,e04,c5,p14,l1,0.00
i23,e04,c5,p14,l3,4.38
i23,e04,c5,p15,l1,0.00
i23,e04,c5,p15,l3,0.00
i23,e04,c5,p16,l1,0.00
i23,e04,c5,p16,l3,1.37
i23,e04,c5,p17,l1,0.00
i23,e04,c5,p17,l3,14.76
i23,e04,c5,p18,l1,0.00
i23,e04,c5,p18,l3,0.00
i23,e04,c5,p19,l1,0.00
i23,e04,c5,p19,l3,2.33
i23,e04,c5,p20,l1,0.00
i23,e04,c5,p20,l3,0.00
i23,e04,c5,p21,l1,0.00
i23,e04,c5,p21,l3,8.12
i23,e04,c5,p22,l1,0.00
i23,e04,c5,p22,l3,3.90
i23,e04,c5,p23,l1,0.00
i23,e04,c5,p23,l3,2.06
i23,e04,c5,p24,l1,0.00
i23,e04,c5,p24,l3,0.00
i23,e04,c5,p25,l1,0.00
i23,e04,c5,p25,l3,1.53
i23,e04,c5,p26,l1,0.00
i23,e04,c5,p26,l3,0.00
i23,e04,c5,p28,l1,0.00
i23,e04,c5,p28,l3,0.00
i23,e04,c5,p29,l1,0.00
i23,e04,c5,p29,l3,0.00
i23,e04,c5,p30,l1,0.00
i23,e04,c5,p30,l3,0.00
i23,e04,c5,p31,l1,0.00
i23,e04,c5,p31,l3,1.28
i23,e04,c5,p32,l1,0.00
i23,e04,c5,p32,l3,4.39
i23,e04,c5,p33,l1,0.00
i23,e04,c5,p33,l3,0.00
i23,e04,c5,p35,l1,0.00
i23,e04,c5,p35,l3,1.05
i23,e05,c3,p01,l3,0.00
i23,e05,c3,p02,l3,0.00
i23,e05,c3,p03,l1,0.00
i23,e05,c3,p03,l3,0.00
i23,e05,c3,p04,l3,0.00
i23,e05,c3,p05,l3,0.00
i23,e05,c3,p06,l3,0.00
i23,e05,c3,p07,l3,0.00
i23,e05,c3,p09,l3,0.00
i23,e05,c3,p10,l3,0.00
i23,e05,c3,p14,l3,0.00
i23,e05,c3,p15,l3,0.00
i23,e05,c3,p23,l3,0.00
i23,e05,c3,p24,l3,0.00
i23,e05,c3,p29,l3,0.00
i23,e05,c3,p35,l3,0.00
i23,e05,c5,p01,l1,0.00
i23,e05,c5,p01,l3,0.00
i23,e05,c5,p02,l1,0.00
i23,e05,c5,p02,l3,0.00
i23,e05,c5,p03,l1,0.00
i23,e05,c5,p03,l3,0.00
i23,e05,c5,p04,l1,0.00
i23,e05,c5,p04,l3,0.00
i23,e05,c5,p05,l1,0.00
i23,e05,c5,p05,l3,0.00
i23,e05,c5,p06,l1,0.00
i23,e05,c5,p06,l3,0.00
i23,e05,c5,p07,l1,0.00
i23,e05,c5,p07,l3,0.00
i23,e05,c5,p08,l1,0.00
i23,e05,c5,p08,l3,0.00
i23,e05,c5,p09,l1,0.00
i23,e05,c5,p09,l3,0.00
i23,e05,c5,p10,l1,0.00
i23,e05,c5,p10,l3,0.00
i23,e05,c5,p11,l1,0.00
i23,e05,c5,p11,l3,0.00
i23,e05,c5,p12,l1,0.00
i23,e05,c5,p12,l3,0.00
i23,e05,c5,p13,l1,0.00
i23,e05,c5,p13,l3,0.00
i23,e05,c5,p14,l1,0.00
i23,e05,c5,p14,l3,0.00
i23,e05,c5,p15,l1,0.00
i23,e05,c5,p15,l3,0.00
i23,e05,c5,p16,l1,0.00
i23,e05,c5,p16,l3,0.00
i23,e05,c5,p17,l1,0.00
i23,e05,c5,p17,l3,0.00
i23,e05,c5,p18,l1,0.00
i23,e05,c5,p18,l3,0.00
i23,e05,c5,p19,l1,0.00
i23,e05,c5,p19,l3,0.00
i23,e05,c5,p20,l1,0.00
i23,e05,c5,p20,l3,0.00
i23,e05,c5,p21,l1,0.00
i23,e05,c5,p21,l3,0.00
i23,e05,c5,p22,l1,0.00
i23,e05,c5,p22,l3,0.00
i23,e05,c5,p23,l1,0.00
i23,e05,c5,p23,l3,0.00
i23,e05,c5,p24,l1,0.00
i23,e05,c5,p24,l3,0.00
i23,e05,c5,p25,l1,0.00
i23,e05,c5,p25,l3,0.00
i23,e05,c5,p26,l1,0.00
i23,e05,c5,p26,l3,0.00
i23,e05,c5,p28,l1,0.00
i23,e05,c5,p28,l3,0.00
i23,e05,c5,p29,l1,0.00
i23,e05,c5,p29,l3,0.00
i23,e05,c5,p31,l1,0.00
i23,e05,c5,p31,l3,0.00
i23,e05,c5,p32,l1,0.00
i23,e05,c5,p32,l3,0.00
i23,e05,c5,p35,l1,0.00
i23,e05,c5,p35,l3,0.00
i23,e07,c3,p02,l3,0.00
i23,e07,c3,p16,l2,0.00
i23,e07,c3,p35,l2,0.00
i23,e07,c5,p01,l2,0.00
i23,e07,c5,p01,l3,0.00
i23,e07,c5,p02,l2,0.00
i23,e07,c5,p02,l3,0.00
i23,e07,c5,p03,l2,0.00
i23,e07,c5,p03,l3,0.00
i23,e07,c5,p04,l2,0.00
i23,e07,c5,p04,l3,0.00
i23,e07,c5,p05,l2,0.00
i23,e07,c5,p05,l3,0.00
i23,e07,c5,p06,l2,0.00
i23,e07,c5,p06,l3,0.00
i23,e07,c5,p07,l2,0.00
i23,e07,c5,p07,l3,0.00
i23,e07,c5,p08,l2,0.00
i23,e07,c5,p08,l3,0.00
i23,e07,c5,p09,l2,0.00
i23,e07,c5,p09,l3,0.00
i23,e07,c5,p10,l2,0.00
i23,e07,c5,p10,l3,0.00
i23,e07,c5,p11,l2,0.00
i23,e07,c5,p11,l3,0.00
i23,e07,c5,p12,l2,0.00
i23,e07,c5,p12,l3,0.00
i23,e07,c5,p13,l2,0.00
i23,e07,c5,p13,l3,0.00
i23,e07,c5,p14,l2,0.00
i23,e07,c5,p14,l3,0.00
i23,e07,c5,p15,l2,0.00
i23,e07,c5,p15,l3,0.00
i23,e07,c5,p16,l2,0.00
i23,e07,c5,p16,l3,0.00
i23,e07,c5,p17,l2,0.00
i23,e07,c5,p17,l3,0.00
i23,e07,c5,p18,l2,0.00
i23,e07,c5,p18,l3,0.00
i23,e07,c5,p19,l2,0.00
i23,e07,c5,p19,l3,0.00
i23,e07,c5,p20,l2,0.00
i23,e07,c5,p20,l3,0.00
i23,e07,c5,p21,l2,0.00
i23,e07,c5,p21,l3,0.00
i23,e07,c5,p22,l2,0.00
i23,e07,c5,p22,l3,0.00
i23,e07,c5,p23,l2,0.00
i23,e07,c5,p23,l3,0.00
i23,e07,c5,p24,l2,0.00
i23,e07,c5,p24,l3,0.00
i23,e07,c5,p25,l2,0.00
i23,e07,c5,p28,l2,0.00
i23,e07,c5,p28,l3,0.00
i23,e07,c5,p29,l2,0.00
i23,e07,c5,p29,l3,0.00
i23,e07,c5,p31,l2,0.00
i23,e07,c5,p31,l3,0.00
i23,e07,c5,p32,l2,0.00
i23,e07,c5,p32,l3,0.00
i23,e07,c5,p35,l2,0.00
i23,e07,c5,p35,l3,0.00
i23,e08,c3,p01,l3,0.00
i23,e08,c3,p02,l2,0.00
i23,e08,c3,p02,l3,0.00
i23,e08,c3,p03,l2,0.00
i23,e08,c3,p03,l3,0.00
i23,e08,c3,p04,l3,0.00
i23,e08,c3,p05,l3,0.00
i23,e08,c3,p06,l2,0.00
i23,e08,c3,p06,l3,0.00
i23,e08,c3,p07,l2,0.00
i23,e08,c3,p07,l3,0.00
i23,e08,c3,p09,l2,0.00
i23,e08,c3,p09,l3,0.00
i23,e08,c3,p10,l2,0.00
i23,e08,c3,p10,l3,0.00
i23,e08,c3,p11,l2,0.00
i23,e08,c3,p11,l3,0.00
i23,e08,c3,p12,l2,0.00
i23,e08,c3,p12,l3,0.00
i23,e08,c3,p13,l2,0.00
i23,e08,c3,p13,l3,0.00
i23,e08,c3,p14,l3,0.00
i23,e08,c3,p15,l2,0.00
i23,e08,c3,p15,l3,0.00
i23,e08,c3,p16,l3,0.00
i23,e08,c3,p17,l2,0.00
i23,e08,c3,p17,l3,0.00
i23,e08,c3,p18,l3,0.00
i23,e08,c3,p19,l3,0.00
i23,e08,c3,p21,l2,0.00
i23,e08,c3,p21,l3,0.00
i23,e08,c3,p22,l2,0.00
i23,e08,c3,p22,l3,0.00
i23,e08,c3,p23,l2,0.00
i23,e08,c3,p23,l3,0.00
i23,e08,c3,p24,l2,0.00
i23,e08,c3,p24,l3,0.00
i23,e08,c3,p26,l3,0.00
i23,e08,c3,p28,l3,0.00
i23,e08,c3,p29,l2,0.00
i23,e08,c3,p29,l3,0.00
i23,e08,c3,p31,l2,0.00
i23,e08,c3,p35,l2,0.00
i23,e08,c3,p35,l3,0.00
i23,e08,c5,p01,l2,0.00
i23,e08,c5,p01,l3,0.00
i23,e08,c5,p02,l2,0.00
i23,e08,c5,p02,l3,0.00
i23,e08,c5,p03,l2,0.00
i23,e08,c5,p03,l3,2.08
i23,e08,c5,p04,l2,0.00
i23,e08,c5,p04,l3,0.00
i23,e08,c5,p05,l2,0.00
i23,e08,c5,p05,l3,0.00
i23,e08,c5,p06,l2,0.00
i23,e08,c5,p06,l3,3.44
i23,e08,c5,p07,l2,0.00
i23,e08,c5,p07,l3,12.11
i23,e08,c5,p08,l2,0.00
i23,e08,c5,p08,l3,0.00
i23,e08,c5,p09,l2,0.00
i23,e08,c5,p09,l3,0.00
i23,e08,c5,p10,l2,0.00
i23,e08,c5,p10,l3,4.35
i23,e08,c5,p11,l2,0.00
i23,e08,c5,p11,l3,0.00
i23,e08,c5,p12,l2,0.00
i23,e08,c5,p12,l3,3.51
i23,e08,c5,p13,l2,0.00
i23,e08,c5,p13,l3,0.00
i23,e08,c5,p14,l2,0.00
i23,e08,c5,p14,l3,0.00
i23,e08,c5,p15,l2,0.00
i23,e08,c5,p15,l3,0.00
i23,e08,c5,p16,l2,0.00
i23,e08,c5,p16,l3,0.00
i23,e08,c5,p17,l2,0.00
i23,e08,c5,p17,l3,27.99
i23,e08,c5,p18,l2,0.00
i23,e08,c5,p18,l3,0.00
i23,e08,c5,p19,l2,0.00
i23,e08,c5,p19,l3,0.00
i23,e08,c5,p20,l2,0.00
i23,e08,c5,p20,l3,0.00
i23,e08,c5,p21,l2,0.00
i23,e08,c5,p21,l3,0.00
i23,e08,c5,p22,l2,0.00
i23,e08,c5,p22,l3,0.00
i23,e08,c5,p23,l2,0.00
i23,e08,c5,p23,l3,0.00
i23,e08,c5,p24,l2,0.00
i23,e08,c5,p24,l3,0.00
i23,e08,c5,p25,l2,0.00
i23,e08,c5,p25,l3,0.00
i23,e08,c5,p26,l2,0.00
i23,e08,c5,p26,l3,0.00
i23,e08,c5,p28,l2,0.00
i23,e08,c5,p28,l3,0.00
i23,e08,c5,p29,l2,0.00
i23,e08,c5,p29,l3,0.00
i23,e08,c5,p30,l2,0.00
i23,e08,c5,p30,l3,0.00
i23,e08,c5,p31,l2,0.00
i23,e08,c5,p31,l3,0.00
i23,e08,c5,p32,l2,0.00
i23,e08,c5,p32,l3,0.00
i23,e08,c5,p33,l3,0.00
i23,e08,c5,p35,l2,0.00
i23,e08,c5,p35,l3,1.18
i23,e09,c3,p01,l2,0.00
i23,e09,c3,p01,l3,0.00
i23,e09,c3,p02,l2,0.00
i23,e09,c3,p02,l3,0.00
i23,e09,c3,p03,l2,0.00
i23,e09,c3,p03,l3,0.00
i23,e09,c3,p04,l3,0.00
i23,e09,c3,p05,l3,0.00
i23,e09,c3,p06,l2,0.00
i23,e09,c3,p06,l3,0.00
i23,e09,c3,p07,l2,0.00
i23,e09,c3,p07,l3,0.00
i23,e09,c3,p08,l3,0.00
i23,e09,c3,p09,l2,0.00
i23,e09,c3,p09,l3,0.00
i23,e09,c3,p10,l2,0.00
i23,e09,c3,p10,l3,0.00
i23,e09,c3,p11,l2,0.00
i23,e09,c3,p11,l3,0.00
i23,e09,c3,p12,l2,0.00
i23,e09,c3,p12,l3,0.00
i23,e09,c3,p13,l2,0.00
i23,e09,c3,p13,l3,0.00
i23,e09,c3,p14,l2,0.00
i23,e09,c3,p14,l3,0.00
i23,e09,c3,p15,l2,0.00
i23,e09,c3,p15,l3,0.00
i23,e09,c3,p16,l2,0.00
i23,e09,c3,p16,l3,0.00
i23,e09,c3,p17,l2,0.00
i23,e09,c3,p17,l3,0.00
i23,e09,c3,p18,l2,0.00
i23,e09,c3,p18,l3,0.00
i23,e09,c3,p19,l2,0.00
i23,e09,c3,p19,l3,0.00
i23,e09,c3,p20,l3,0.00
i23,e09,c3,p21,l2,0.00
i23,e09,c3,p21,l3,0.00
i23,e09,c3,p22,l2,0.00
i23,e09,c3,p22,l3,0.00
i23,e09,c3,p23,l2,0.00
i23,e09,c3,p23,l3,0.00
i23,e09,c3,p24,l2,0.00
i23,e09,c3,p24,l3,0.00
i23,e09,c3,p26,l3,0.00
i23,e09,c3,p28,l3,0.00
i23,e09,c3,p29,l2,0.00
i23,e09,c3,p29,l3,0.00
i23,e09,c3,p31,l2,0.00
i23,e09,c3,p35,l2,0.00
i23,e09,c3,p35,l3,0.00
i23,e09,c5,p01,l2,0.00
i23,e09,c5,p01,l3,1.73
i23,e09,c5,p02,l2,0.00
i23,e09,c5,p02,l3,0.00
i23,e09,c5,p03,l2,0.00
i23,e09,c5,p03,l3,1.54
i23,e09,c5,p04,l2,0.00
i23,e09,c5,p04,l3,1.64
i23,e09,c5,p05,l2,0.00
i23,e09,c5,p05,l3,0.00
i23,e09,c5,p06,l2,0.00
i23,e09,c5,p06,l3,2.31
i23,e09,c5,p07,l2,0.00
i23,e09,c5,p07,l3,1.44
i23,e09,c5,p08,l2,0.00
i23,e09,c5,p08,l3,0.00
i23,e09,c5,p09,l2,0.00
i23,e09,c5,p09,l3,0.00
i23,e09,c5,p10,l2,0.00
i23,e09,c5,p10,l3,5.22
i23,e09,c5,p11,l2,0.00
i23,e09,c5,p11,l3,0.00
i23,e09,c5,p12,l2,0.00
i23,e09,c5,p12,l3,1.04
i23,e09,c5,p13,l2,0.00
i23,e09,c5,p13,l3,0.00
i23,e09,c5,p14,l2,0.00
i23,e09,c5,p14,l3,7.01
i23,e09,c5,p15,l2,0.00
i23,e09,c5,p15,l3,6.42
i23,e09,c5,p16,l2,0.00
i23,e09,c5,p16,l3,3.34
i23,e09,c5,p17,l2,0.00
i23,e09,c5,p17,l3,0.00
i23,e09,c5,p18,l2,0.00
i23,e09,c5,p18,l3,0.00
i23,e09,c5,p19,l2,0.00
i23,e09,c5,p19,l3,3.98
i23,e09,c5,p20,l2,0.00
i23,e09,c5,p20,l3,0.00
i23,e09,c5,p21,l2,0.00
i23,e09,c5,p21,l3,2.24
i23,e09,c5,p22,l2,0.00
i23,e09,c5,p22,l3,0.00
i23,e09,c5,p23,l2,0.00
i23,e09,c5,p23,l3,0.00
i23,e09,c5,p24,l2,0.00
i23,e09,c5,p24,l3,3.03
i23,e09,c5,p25,l2,0.00
i23,e09,c5,p25,l3,0.00
i23,e09,c5,p26,l2,0.00
i23,e09,c5,p26,l3,0.00
i23,e09,c5,p28,l2,0.00
i23,e09,c5,p28,l3,0.00
i23,e09,c5,p29,l2,0.00
i23,e09,c5,p29,l3,0.00
i23,e09,c5,p30,l2,0.00
i23,e09,c5,p30,l3,0.00
i23,e09,c5,p31,l2,0.00
i23,e09,c5,p31,l3,0.00
i23,e09,c5,p32,l2,0.00
i23,e09,c5,p32,l3,0.00
i23,e09,c5,p33,l3,0.00
i23,e09,c5,p35,l2,0.00
i23,e09,c5,p35,l3,1.60
i23,e10,c3,p01,l2,0.00
i23,e10,c3,p01,l3,0.00
i23,e10,c3,p02,l3,0.00
i23,e10,c3,p03,l2,0.00
i23,e10,c3,p03,l3,0.00
i23,e10,c3,p04,l3,0.00
i23,e10,c3,p05,l3,0.00
i23,e10,c3,p07,l2,0.00
i23,e10,c3,p07,l3,0.00
i23,e10,c3,p09,l3,0.00
i23,e10,c3,p10,l2,0.00
i23,e10,c3,p10,l3,0.00
i23,e10,c3,p11,l3,0.00
i23,e10,c3,p12,l3,0.00
i23,e10,c3,p13,l3,0.00
i23,e10,c3,p14,l3,0.00
i23,e10,c3,p15,l3,0.00
i23,e10,c3,p16,l3,0.00
i23,e10,c3,p17,l3,0.00
i23,e10,c3,p19,l3,0.00
i23,e10,c3,p21,l3,0.00
i23,e10,c3,p22,l3,0.00
i23,e10,c3,p24,l3,0.00
i23,e10,c3,p26,l3,0.00
i23,e10,c3,p35,l3,0.00
i23,e10,c5,p01,l2,0.00
i23,e10,c5,p01,l3,0.00
i23,e10,c5,p01,l4,0.00
i23,e10,c5,p02,l2,0.00
i23,e10,c5,p02,l3,0.00
i23,e10,c5,p02,l4,0.00
i23,e10,c5,p03,l2,0.00
i23,e10,c5,p03,l3,0.00
i23,e10,c5,p03,l4,0.00
i23,e10,c5,p04,l2,0.00
i23,e10,c5,p04,l3,0.00
i23,e10,c5,p04,l4,0.00
i23,e10,c5,p05,l2,0.00
i23,e10,c5,p05,l3,0.00
i23,e10,c5,p05,l4,0.00
i23,e10,c5,p06,l2,0.00
i23,e10,c5,p06,l3,0.00
i23,e10,c5,p06,l4,0.00
i23,e10,c5,p07,l2,0.00
i23,e10,c5,p07,l3,0.00
i23,e10,c5,p07,l4,0.00
i23,e10,c5,p08,l2,0.00
i23,e10,c5,p08,l3,0.00
i23,e10,c5,p09,l2,0.00
i23,e10,c5,p09,l3,0.00
i23,e10,c5,p09,l4,0.00
i23,e10,c5,p10,l2,0.00
i23,e10,c5,p10,l3,0.00
i23,e10,c5,p10,l4,0.00
i23,e10,c5,p11,l2,0.00
i23,e10,c5,p11,l3,0.00
i23,e10,c5,p11,l4,0.00
i23,e10,c5,p12,l2,0.00
i23,e10,c5,p12,l3,0.00
i23,e10,c5,p12,l4,0.00
i23,e10,c5,p13,l2,0.00
i23,e10,c5,p13,l3,0.00
i23,e10,c5,p13,l4,0.00
i23,e10,c5,p14,l2,0.00
i23,e10,c5,p14,l3,0.00
i23,e10,c5,p15,l2,0.00
i23,e10,c5,p15,l3,0.00
i23,e10,c5,p15,l4,0.00
i23,e10,c5,p16,l2,0.00
i23,e10,c5,p16,l3,0.00
i23,e10,c5,p16,l4,0.00
i23,e10,c5,p17,l2,0.00
i23,e10,c5,p17,l3,0.00
i23,e10,c5,p17,l4,0.00
i23,e10,c5,p18,l2,0.00
i23,e10,c5,p18,l3,0.00
i23,e10,c5,p18,l4,0.00
i23,e10,c5,p19,l2,0.00
i23,e10,c5,p19,l3,0.00
i23,e10,c5,p19,l4,0.00
i23,e10,c5,p20,l2,0.00
i23,e10,c5,p20,l3,0.00
i23,e10,c5,p21,l2,0.00
i23,e10,c5,p21,l3,0.00
i23,e10,c5,p21,l4,0.00
i23,e10,c5,p22,l2,0.00
i23,e10,c5,p22,l3,0.00
i23,e10,c5,p22,l4,0.00
i23,e10,c5,p23,l2,0.00
i23,e10,c5,p23,l3,0.00
i23,e10,c5,p23,l4,0.00
i23,e10,c5,p24,l2,0.00
i23,e10,c5,p24,l3,0.00
i23,e10,c5,p24,l4,0.00
i23,e10,c5,p25,l2,0.00
i23,e10,c5,p25,l3,0.00
i23,e10,c5,p25,l4,0.00
i23,e10,c5,p26,l2,0.00
i23,e10,c5,p26,l3,0.00
i23,e10,c5,p28,l2,0.00
i23,e10,c5,p28,l3,0.00
i23,e10,c5,p29,l2,0.00
i23,e10,c5,p29,l3,0.00
i23,e10,c5,p29,l4,0.00
i23,e10,c5,p30,l3,0.00
i23,e10,c5,p31,l2,0.00
i23,e10,c5,p31,l3,0.00
i23,e10,c5,p32,l2,0.00
i23,e10,c5,p32,l3,0.00
i23,e10,c5,p32,l4,0.00
i23,e10,c5,p33,l3,0.00
i23,e10,c5,p35,l2,0.00
i23,e10,c5,p35,l3,0.00
i23,e10,c5,p35,l4,0.00
i23,e11,c3,p02,l2,0.00
i23,e11,c3,p03,l2,0.00
i23,e11,c3,p03,l3,0.00
i23,e11,c3,p04,l2,0.00
i23,e11,c3,p04,l3,0.00
i23,e11,c3,p10,l2,0.00
i23,e11,c3,p10,l3,0.00
i23,e11,c3,p13,l3,0.00
i23,e11,c3,p14,l3,0.00
i23,e11,c3,p17,l2,0.00
i23,e11,c3,p19,l2,0.00
i23,e11,c3,p22,l3,0.00
i23,e11,c3,p23,l2,0.00
i23,e11,c3,p23,l3,0.00
i23,e11,c3,p24,l2,0.00
i23,e11,c3,p31,l2,0.00
i23,e11,c3,p35,l2,0.00
i23,e11,c3,p35,l3,0.00
i23,e11,c5,p01,l2,0.00
i23,e11,c5,p01,l3,0.00
i23,e11,c5,p02,l2,0.00
i23,e11,c5,p02,l3,0.00
i23,e11,c5,p03,l2,0.00
i23,e11,c5,p03,l3,0.00
i23,e11,c5,p04,l2,0.00
i23,e11,c5,p04,l3,0.00
i23,e11,c5,p05,l2,0.00
i23,e11,c5,p05,l3,0.00
i23,e11,c5,p06,l2,0.00
i23,e11,c5,p06,l3,0.00
i23,e11,c5,p07,l2,0.00
i23,e11,c5,p07,l3,0.00
i23,e11,c5,p08,l2,0.00
i23,e11,c5,p08,l3,0.00
i23,e11,c5,p09,l2,0.00
i23,e11,c5,p09,l3,0.00
i23,e11,c5,p10,l2,0.00
i23,e11,c5,p10,l3,0.00
i23,e11,c5,p11,l2,0.00
i23,e11,c5,p11,l3,0.00
i23,e11,c5,p12,l2,0.00
i23,e11,c5,p12,l3,0.00
i23,e11,c5,p13,l2,0.00
i23,e11,c5,p13,l3,0.00
i23,e11,c5,p14,l2,0.00
i23,e11,c5,p14,l3,0.00
i23,e11,c5,p15,l2,0.00
i23,e11,c5,p15,l3,0.00
i23,e11,c5,p16,l2,0.00
i23,e11,c5,p16,l3,0.00
i23,e11,c5,p17,l2,0.00
i23,e11,c5,p17,l3,0.00
i23,e11,c5,p18,l2,0.00
i23,e11,c5,p18,l3,0.00
i23,e11,c5,p19,l2,0.00
i23,e11,c5,p19,l3,0.00
i23,e11,c5,p20,l2,0.00
i23,e11,c5,p20,l3,0.00
i23,e11,c5,p21,l2,0.00
i23,e11,c5,p21,l3,0.00
i23,e11,c5,p22,l2,0.00
i23,e11,c5,p22,l3,0.00
i23,e11,c5,p23,l2,0.00
i23,e11,c5,p23,l3,0.00
i23,e11,c5,p24,l2,0.00
i23,e11,c5,p24,l3,0.00
i23,e11,c5,p25,l2,0.00
i23,e11,c5,p25,l3,0.00
i23,e11,c5,p26,l2,0.00
i23,e11,c5,p26,l3,0.00
i23,e11,c5,p28,l2,0.00
i23,e11,c5,p28,l3,0.00
i23,e11,c5,p29,l2,0.00
i23,e11,c5,p29,l3,0.00
i23,e11,c5,p30,l2,0.00
i23,e11,c5,p31,l2,0.00
i23,e11,c5,p31,l3,0.00
i23,e11,c5,p32,l2,0.00
i23,e11,c5,p32,l3,0.00
i23,e11,c5,p35,l2,0.00
i23,e11,c5,p35,l3,0.00
i23,e12,c3,p01,l3,0.00
i23,e12,c3,p02,l3,0.00
i23,e12,c3,p03,l3,0.00
i23,e12,c3,p04,l3,0.00
i23,e12,c3,p05,l3,0.00
i23,e12,c3,p06,l3,0.00
i23,e12,c3,p07,l3,0.00
i23,e12,c3,p09,l3,0.00
i23,e12,c3,p10,l3,0.00
i23,e12,c3,p11,l3,0.00
i23,e12,c3,p12,l3,0.00
i23,e12,c3,p13,l3,0.00
i23,e12,c3,p14,l3,0.00
i23,e12,c3,p15,l3,0.00
i23,e12,c3,p16,l3,0.00
i23,e12,c3,p17,l3,0.00
i23,e12,c3,p19,l3,0.00
i23,e12,c3,p21,l3,0.00
i23,e12,c3,p22,l3,0.00
i23,e12,c3,p23,l3,0.00
i23,e12,c3,p26,l3,0.00
i23,e12,c3,p31,l3,0.00
i23,e12,c3,p35,l3,0.00
i23,e12,c5,p01,l3,0.00
i23,e12,c5,p02,l3,0.00
i23,e12,c5,p03,l3,0.00
i23,e12,c5,p04,l3,0.00
i23,e12,c5,p05,l3,0.00
i23,e12,c5,p06,l3,1.26
i23,e12,c5,p07,l3,0.00
i23,e12,c5,p08,l3,0.00
i23,e12,c5,p09,l3,0.00
i23,e12,c5,p10,l3,0.00
i23,e12,c5,p11,l3,0.00
i23,e12,c5,p12,l3,0.00
i23,e12,c5,p13,l3,0.00
i23,e12,c5,p14,l3,0.00
i23,e12,c5,p15,l3,0.00
i23,e12,c5,p16,l3,0.00
i23,e12,c5,p17,l3,0.00
i23,e12,c5,p18,l3,0.00
i23,e12,c5,p19,l3,0.00
i23,e12,c5,p20,l3,0.00
i23,e12,c5,p21,l3,0.00
i23,e12,c5,p22,l3,0.00
i23,e12,c5,p23,l3,0.00
i23,e12,c5,p24,l3,0.00
i23,e12,c5,p25,l3,0.00
i23,e12,c5,p26,l3,0.00
i23,e12,c5,p28,l3,0.00
i23,e12,c5,p29,l3,0.00
i23,e12,c5,p30,l3,0.00
i23,e12,c5,p31,l3,0.00
i23,e12,c5,p32,l3,0.00
i23,e12,c5,p33,l3,0.00
i23,e12,c5,p35,l3,0.00
i23,e13,c3,p01,l3,0.00
i23,e13,c3,p02,l3,0.00
i23,e13,c3,p03,l3,0.00
i23,e13,c3,p04,l3,0.00
i23,e13,c3,p05,l3,0.00
i23,e13,c3,p06,l3,0.00
i23,e13,c3,p07,l3,0.00
i23,e13,c3,p08,l3,0.00
i23,e13,c3,p09,l3,0.00
i23,e13,c3,p10,l3,0.00
i23,e13,c3,p11,l3,0.00
i23,e13,c3,p12,l3,0.00
i23,e13,c3,p13,l3,0.00
i23,e13,c3,p14,l3,0.00
i23,e13,c3,p15,l3,0.00
i23,e13,c3,p16,l3,0.00
i23,e13,c3,p17,l3,0.00
i23,e13,c3,p18,l3,0.00
i23,e13,c3,p19,l3,0.00
i23,e13,c3,p20,l3,0.00
i23,e13,c3,p21,l3,0.00
i23,e13,c3,p22,l3,0.00
i23,e13,c3,p23,l3,0.00
i23,e13,c3,p24,l3,0.00
i23,e13,c3,p26,l3,0.00
i23,e13,c3,p28,l3,0.00
i23,e13,c3,p29,l3,0.00
i23,e13,c3,p31,l3,0.00
i23,e13,c3,p35,l3,0.00
i23,e13,c5,p01,l3,7.98
i23,e13,c5,p02,l3,0.00
i23,e13,c5,p03,l3,27.41
i23,e13,c5,p04,l3,13.16
i23,e13,c5,p05,l3,10.53
i23,e13,c5,p06,l3,6.60
i23,e13,c5,p07,l3,32.02
i23,e13,c5,p08,l3,1.23
i23,e13,c5,p09,l3,4.40
i23,e13,c5,p10,l3,69.18
i23,e13,c5,p11,l3,1.66
i23,e13,c5,p12,l3,17.14
i23,e13,c5,p13,l3,6.56
i23,e13,c5,p14,l3,16.28
i23,e13,c5,p15,l3,19.08
i23,e13,c5,p16,l3,3.12
i23,e13,c5,p17,l3,10.22
i23,e13,c5,p18,l3,17.87
i23,e13,c5,p19,l3,26.90
i23,e13,c5,p20,l3,0.00
i23,e13,c5,p21,l3,5.45
i23,e13,c5,p22,l3,3.08
i23,e13,c5,p23,l3,0.00
i23,e13,c5,p24,l3,2.44
i23,e13,c5,p25,l3,1.47
i23,e13,c5,p26,l3,0.00
i23,e13,c5,p28,l3,4.14
i23,e13,c5,p29,l3,9.67
i23,e13,c5,p30,l3,0.00
i23,e13,c5,p31,l3,0.00
i23,e13,c5,p32,l3,0.00
i23,e13,c5,p33,l3,0.00
i23,e13,c5,p35,l3,31.18
i24,e01,c1,p01,l3,0.00
i24,e01,c1,p02,l3,0.00
i24,e01,c1,p03,l3,0.00
i24,e01,c1,p04,l3,0.00
i24,e01,c1,p05,l3,0.00
i24,e01,c1,p06,l3,0.00
i24,e01,c1,p07,l3,0.00
i24,e01,c1,p08,l3,0.00
i24,e01,c1,p09,l3,0.00
i24,e01,c1,p10,l3,0.00
i24,e01,c1,p11,l3,0.00
i24,e01,c1,p12,l3,0.00
i24,e01,c1,p13,l3,0.00
i24,e01,c1,p14,l3,0.00
i24,e01,c1,p15,l3,0.00
i24,e01,c1,p16,l3,0.00
i24,e01,c1,p17,l3,0.00
i24,e01,c1,p18,l3,0.00
i24,e01,c1,p19,l3,0.00
i24,e01,c1,p20,l3,0.00
i24,e01,c1,p21,l3,0.00
i24,e01,c1,p22,l3,0.00
i24,e01,c1,p23,l3,0.00
i24,e01,c1,p24,l3,0.00
i24,e01,c1,p25,l3,0.00
i24,e01,c1,p28,l3,0.00
i24,e01,c1,p29,l3,0.00
i24,e01,c1,p32,l3,0.00
i24,e01,c1,p33,l3,0.00
i24,e01,c1,p34,l3,0.00
i24,e01,c1,p35,l3,4.82
i24,e01,c4,p01,l3,0.00
i24,e01,c4,p06,l3,0.00
i24,e01,c4,p10,l3,0.00
i24,e01,c4,p16,l3,0.00
i24,e01,c4,p17,l3,0.00
i24,e01,c4,p19,l3,0.00
i24,e01,c4,p21,l3,0.00
i24,e01,c4,p35,l3,0.00
i24,e01,c7,p17,l3,0.00
i24,e01,c7,p35,l3,0.00
i24,e04,c1,p01,l1,0.00
i24,e04,c1,p01,l3,0.00
i24,e04,c1,p02,l3,0.00
i24,e04,c1,p03,l3,0.00
i24,e04,c1,p04,l3,0.00
i24,e04,c1,p05,l1,0.00
i24,e04,c1,p05,l3,0.00
i24,e04,c1,p06,l1,0.00
i24,e04,c1,p06,l3,0.00
i24,e04,c1,p07,l1,0.00
i24,e04,c1,p07,l3,0.00
i24,e04,c1,p08,l1,0.00
i24,e04,c1,p08,l3,0.00
i24,e04,c1,p09,l1,0.00
i24,e04,c1,p09,l3,0.00
i24,e04,c1,p10,l1,0.00
i24,e04,c1,p10,l3,0.00
i24,e04,c1,p11,l1,0.00
i24,e04,c1,p11,l3,0.00
i24,e04,c1,p12,l1,0.00
i24,e04,c1,p12,l3,0.00
i24,e04,c1,p13,l3,0.00
i24,e04,c1,p14,l3,0.00
i24,e04,c1,p15,l1,0.00
i24,e04,c1,p15,l3,0.00
i24,e04,c1,p16,l1,0.00
i24,e04,c1,p16,l3,0.00
i24,e04,c1,p17,l3,0.00
i24,e04,c1,p18,l1,0.00
i24,e04,c1,p18,l3,0.00
i24,e04,c1,p19,l1,0.00
i24,e04,c1,p19,l3,0.00
i24,e04,c1,p20,l3,0.00
i24,e04,c1,p21,l1,0.00
i24,e04,c1,p21,l3,0.00
i24,e04,c1,p22,l1,0.00
i24,e04,c1,p22,l3,0.00
i24,e04,c1,p23,l1,0.00
i24,e04,c1,p23,l3,0.00
i24,e04,c1,p24,l1,0.00
i24,e04,c1,p24,l3,0.00
i24,e04,c1,p25,l3,0.00
i24,e04,c1,p28,l3,0.00
i24,e04,c1,p29,l3,0.00
i24,e04,c1,p32,l1,0.00
i24,e04,c1,p32,l3,0.00
i24,e04,c1,p33,l3,0.00
i24,e04,c1,p35,l1,0.00
i24,e04,c1,p35,l3,0.00
i24,e04,c4,p01,l3,0.00
i24,e04,c4,p06,l3,0.00
i24,e04,c4,p10,l3,0.00
i24,e04,c4,p17,l3,0.00
i24,e04,c4,p19,l1,0.00
i24,e04,c4,p19,l3,0.00
i24,e04,c4,p21,l3,0.00
i24,e04,c4,p22,l3,0.00
i24,e04,c4,p35,l1,0.00
i24,e04,c4,p35,l3,0.00
i24,e04,c7,p17,l3,0.00
i24,e05,c1,p01,l1,0.00
i24,e05,c1,p01,l3,0.00
i24,e05,c1,p05,l3,0.00
i24,e05,c1,p06,l1,0.00
i24,e05,c1,p10,l3,0.00
i24,e05,c1,p15,l3,0.00
i24,e05,c1,p18,l3,0.00
i24,e05,c1,p19,l1,0.00
i24,e05,c1,p19,l3,0.00
i24,e05,c1,p35,l1,0.00
i24,e05,c1,p35,l3,0.00
i24,e05,c4,p19,l1,0.00
i24,e05,c4,p19,l3,0.00
i24,e06,c1,p01,l3,0.00
i24,e06,c1,p03,l3,0.00
i24,e06,c1,p06,l3,0.00
i24,e06,c1,p10,l3,0.00
i24,e06,c1,p14,l3,0.00
i24,e06,c1,p15,l3,0.00
i24,e06,c1,p18,l3,0.00
i24,e06,c1,p19,l3,0.00
i24,e06,c1,p25,l3,0.00
i24,e06,c1,p29,l3,0.00
i24,e06,c1,p35,l3,0.00
i24,e06,c4,p35,l3,0.00
i24,e07,c1,p01,l2,0.00
i24,e07,c1,p01,l3,0.00
i24,e07,c1,p03,l2,0.00
i24,e07,c1,p03,l3,0.00
i24,e07,c1,p04,l3,0.00
i24,e07,c1,p05,l3,0.00
i24,e07,c1,p06,l2,0.00
i24,e07,c1,p06,l3,0.00
i24,e07,c1,p07,l2,0.00
i24,e07,c1,p07,l3,0.00
i24,e07,c1,p08,l3,0.00
i24,e07,c1,p09,l2,0.00
i24,e07,c1,p09,l3,0.00
i24,e07,c1,p10,l2,0.00
i24,e07,c1,p10,l3,0.00
i24,e07,c1,p11,l2,0.00
i24,e07,c1,p11,l3,0.00
i24,e07,c1,p12,l2,0.00
i24,e07,c1,p12,l3,0.00
i24,e07,c1,p13,l3,0.00
i24,e07,c1,p14,l3,0.00
i24,e07,c1,p15,l2,0.00
i24,e07,c1,p15,l3,0.00
i24,e07,c1,p16,l3,0.00
i24,e07,c1,p17,l3,0.00
i24,e07,c1,p18,l2,0.00
i24,e07,c1,p18,l3,0.00
i24,e07,c1,p19,l2,0.00
i24,e07,c1,p19,l3,1.49
i24,e07,c1,p20,l2,0.00
i24,e07,c1,p20,l3,0.00
i24,e07,c1,p21,l2,0.00
i24,e07,c1,p21,l3,0.00
i24,e07,c1,p22,l3,0.00
i24,e07,c1,p23,l2,0.00
i24,e07,c1,p24,l2,0.00
i24,e07,c1,p24,l3,0.00
i24,e07,c1,p25,l2,0.00
i24,e07,c1,p25,l3,0.00
i24,e07,c1,p28,l3,0.00
i24,e07,c1,p29,l3,0.00
i24,e07,c1,p30,l3,0.00
i24,e07,c1,p32,l3,0.00
i24,e07,c1,p35,l2,0.00
i24,e07,c1,p35,l3,0.00
i24,e07,c4,p01,l3,0.00
i24,e07,c4,p06,l3,0.00
i24,e07,c4,p17,l3,0.00
i24,e07,c4,p18,l3,0.00
i24,e07,c4,p19,l2,0.00
i24,e07,c4,p19,l3,0.00
i24,e07,c4,p21,l3,0.00
i24,e07,c4,p35,l2,0.00
i24,e07,c4,p35,l3,0.00
i24,e07,c7,p35,l3,0.00
i24,e08,c1,p01,l2,0.00
i24,e08,c1,p01,l3,0.00
i24,e08,c1,p02,l2,0.00
i24,e08,c1,p02,l3,0.00
i24,e08,c1,p03,l2,0.00
i24,e08,c1,p03,l3,0.00
i24,e08,c1,p04,l3,0.00
i24,e08,c1,p05,l2,0.00
i24,e08,c1,p05,l3,0.00
i24,e08,c1,p06,l2,0.00
i24,e08,c1,p06,l3,22.80
i24,e08,c1,p07,l2,0.00
i24,e08,c1,p07,l3,0.00
i24,e08,c1,p08,l2,0.00
i24,e08,c1,p08,l3,0.00
i24,e08,c1,p09,l2,0.00
i24,e08,c1,p09,l3,0.00
i24,e08,c1,p10,l2,0.00
i24,e08,c1,p10,l3,1.11
i24,e08,c1,p11,l2,0.00
i24,e08,c1,p11,l3,0.00
i24,e08,c1,p12,l2,0.00
i24,e08,c1,p12,l3,0.00
i24,e08,c1,p13,l2,0.00
i24,e08,c1,p13,l3,0.00
i24,e08,c1,p14,l2,0.00
i24,e08,c1,p14,l3,0.00
i24,e08,c1,p15,l2,0.00
i24,e08,c1,p15,l3,0.00
i24,e08,c1,p16,l2,0.00
i24,e08,c1,p16,l3,0.00
i24,e08,c1,p17,l2,0.00
i24,e08,c1,p17,l3,0.00
i24,e08,c1,p18,l2,0.00
i24,e08,c1,p18,l3,0.00
i24,e08,c1,p19,l2,0.00
i24,e08,c1,p19,l3,19.16
i24,e08,c1,p20,l2,0.00
i24,e08,c1,p20,l3,0.00
i24,e08,c1,p21,l2,0.00
i24,e08,c1,p21,l3,0.00
i24,e08,c1,p22,l2,0.00
i24,e08,c1,p22,l3,0.00
i24,e08,c1,p23,l2,0.00
i24,e08,c1,p23,l3,0.00
i24,e08,c1,p24,l2,0.00
i24,e08,c1,p24,l3,0.00
i24,e08,c1,p25,l2,0.00
i24,e08,c1,p25,l3,0.00
i24,e08,c1,p26,l3,0.00
i24,e08,c1,p28,l2,0.00
i24,e08,c1,p28,l3,0.00
i24,e08,c1,p29,l2,0.00
i24,e08,c1,p29,l3,0.00
i24,e08,c1,p30,l3,0.00
i24,e08,c1,p31,l3,0.00
i24,e08,c1,p32,l2,0.00
i24,e08,c1,p32,l3,0.00
i24,e08,c1,p33,l3,0.00
i24,e08,c1,p34,l3,0.00
i24,e08,c1,p35,l2,0.00
i24,e08,c1,p35,l3,53.62
i24,e08,c4,p01,l3,0.00
i24,e08,c4,p06,l3,0.00
i24,e08,c4,p08,l3,0.00
i24,e08,c4,p09,l3,0.00
i24,e08,c4,p10,l3,0.00
i24,e08,c4,p15,l3,0.00
i24,e08,c4,p16,l2,0.00
i24,e08,c4,p17,l3,0.00
i24,e08,c4,p18,l3,0.00
i24,e08,c4,p19,l2,0.00
i24,e08,c4,p19,l3,0.00
i24,e08,c4,p21,l3,0.00
i24,e08,c4,p25,l2,0.00
i24,e08,c4,p25,l3,0.00
i24,e08,c4,p35,l2,0.00
i24,e08,c4,p35,l3,0.00
i24,e08,c7,p17,l3,0.00
i24,e08,c7,p19,l3,0.00
i24,e08,c7,p35,l3,0.00
i24,e09,c1,p01,l2,0.00
i24,e09,c1,p01,l3,0.00
i24,e09,c1,p02,l3,0.00
i24,e09,c1,p03,l3,0.00
i24,e09,c1,p04,l3,0.00
i24,e09,c1,p05,l2,0.00
i24,e09,c1,p05,l3,0.00
i24,e09,c1,p06,l2,0.00
i24,e09,c1,p06,l3,0.00
i24,e09,c1,p07,l2,0.00
i24,e09,c1,p07,l3,0.00
i24,e09,c1,p08,l2,0.00
i24,e09,c1,p08,l3,0.00
i24,e09,c1,p09,l2,0.00
i24,e09,c1,p09,l3,0.00
i24,e09,c1,p10,l2,0.00
i24,e09,c1,p10,l3,0.00
i24,e09,c1,p11,l2,0.00
i24,e09,c1,p11,l3,0.00
i24,e09,c1,p12,l2,0.00
i24,e09,c1,p12,l3,0.00
i24,e09,c1,p13,l2,0.00
i24,e09,c1,p13,l3,0.00
i24,e09,c1,p14,l3,0.00
i24,e09,c1,p15,l2,0.00
i24,e09,c1,p15,l3,0.00
i24,e09,c1,p16,l2,0.00
i24,e09,c1,p16,l3,0.00
i24,e09,c1,p17,l3,0.00
i24,e09,c1,p18,l2,0.00
i24,e09,c1,p18,l3,0.00
i24,e09,c1,p19,l2,0.00
i24,e09,c1,p19,l3,0.00
i24,e09,c1,p20,l3,0.00
i24,e09,c1,p21,l3,0.00
i24,e09,c1,p22,l2,0.00
i24,e09,c1,p22,l3,0.00
i24,e09,c1,p23,l3,0.00
i24,e09,c1,p24,l3,0.00
i24,e09,c1,p25,l2,0.00
i24,e09,c1,p25,l3,0.00
i24,e09,c1,p26,l3,0.00
i24,e09,c1,p28,l3,0.00
i24,e09,c1,p29,l3,0.00
i24,e09,c1,p30,l3,0.00
i24,e09,c1,p32,l2,0.00
i24,e09,c1,p32,l3,0.00
i24,e09,c1,p33,l3,0.00
i24,e09,c1,p35,l2,0.00
i24,e09,c1,p35,l3,0.00
i24,e09,c4,p01,l3,0.00
i24,e09,c4,p05,l3,0.00
i24,e09,c4,p06,l3,0.00
i24,e09,c4,p09,l3,0.00
i24,e09,c4,p17,l3,0.00
i24,e09,c4,p19,l2,0.00
i24,e09,c4,p19,l3,0.00
i24,e09,c4,p21,l3,0.00
i24,e09,c4,p35,l2,0.00
i24,e09,c4,p35,l3,0.00
i24,e09,c7,p19,l3,0.00
i24,e09,c7,p35,l3,0.00
i24,e11,c1,p01,l2,0.00
i24,e11,c1,p01,l3,0.00
i24,e11,c1,p02,l3,0.00
i24,e11,c1,p03,l2,0.00
i24,e11,c1,p03,l3,0.00
i24,e11,c1,p04,l3,0.00
i24,e11,c1,p05,l3,0.00
i24,e11,c1,p06,l2,0.00
i24,e11,c1,p06,l3,0.00
i24,e11,c1,p07,l2,0.00
i24,e11,c1,p07,l3,0.00
i24,e11,c1,p10,l2,0.00
i24,e11,c1,p10,l3,0.00
i24,e11,c1,p11,l2,0.00
i24,e11,c1,p11,l3,0.00
i24,e11,c1,p12,l3,0.00
i24,e11,c1,p14,l3,0.00
i24,e11,c1,p15,l2,0.00
i24,e11,c1,p15,l3,0.00
i24,e11,c1,p17,l2,0.00
i24,e11,c1,p17,l3,0.00
i24,e11,c1,p18,l2,0.00
i24,e11,c1,p18,l3,0.00
i24,e11,c1,p19,l2,0.00
i24,e11,c1,p19,l3,1.20
i24,e11,c1,p20,l3,0.00
i24,e11,c1,p21,l3,0.00
i24,e11,c1,p22,l2,0.00
i24,e11,c1,p22,l3,0.00
i24,e11,c1,p24,l3,0.00
i24,e11,c1,p25,l2,0.00
i24,e11,c1,p25,l3,0.00
i24,e11,c1,p28,l3,0.00
i24,e11,c1,p29,l3,0.00
i24,e11,c1,p32,l3,0.00
i24,e11,c1,p33,l3,0.00
i24,e11,c1,p35,l2,0.00
i24,e11,c1,p35,l3,0.00
i24,e11,c4,p15,l3,0.00
i24,e11,c4,p19,l2,0.00
i24,e11,c4,p19,l3,0.00
i24,e11,c4,p35,l3,0.00
i24,e12,c1,p01,l3,0.00
i24,e12,c1,p03,l3,0.00
i24,e12,c1,p06,l3,0.00
i24,e12,c1,p07,l3,0.00
i24,e12,c1,p09,l3,0.00
i24,e12,c1,p10,l3,0.00
i24,e12,c1,p14,l3,0.00
i24,e12,c1,p15,l3,0.00
i24,e12,c1,p18,l3,0.00
i24,e12,c1,p19,l3,0.00
i24,e12,c1,p20,l3,0.00
i24,e12,c1,p21,l3,0.00
i24,e12,c1,p22,l3,0.00
i24,e12,c1,p23,l3,0.00
i24,e12,c1,p24,l3,0.00
i24,e12,c1,p25,l3,0.00
i24,e12,c1,p28,l3,0.00
i24,e12,c1,p35,l3,0.00
i24,e12,c4,p19,l3,0.00
i24,e12,c4,p35,l3,0.00
i24,e12,c7,p35,l3,0.00
i25,e01,c3,p03,l3,0.00
i25,e01,c3,p14,l3,0.00
i25,e01,c3,p19,l3,0.00
i25,e01,c3,p35,l3,0.00
i25,e01,c5,p01,l3,0.00
i25,e01,c5,p02,l3,0.00
i25,e01,c5,p03,l3,0.00
i25,e01,c5,p04,l3,0.00
i25,e01,c5,p05,l3,0.00
i25,e01,c5,p06,l3,0.00
i25,e01,c5,p07,l3,0.00
i25,e01,c5,p08,l3,0.00
i25,e01,c5,p09,l3,0.00
i25,e01,c5,p10,l3,0.00
i25,e01,c5,p11,l3,0.00
i25,e01,c5,p12,l3,0.00
i25,e01,c5,p13,l3,0.00
i25,e01,c5,p14,l3,0.00
i25,e01,c5,p15,l3,0.00
i25,e01,c5,p16,l3,0.00
i25,e01,c5,p17,l3,0.00
i25,e01,c5,p18,l3,0.00
i25,e01,c5,p19,l3,0.00
i25,e01,c5,p20,l3,0.00
i25,e01,c5,p21,l3,0.00
i25,e01,c5,p22,l3,0.00
i25,e01,c5,p23,l3,0.00
i25,e01,c5,p24,l3,0.00
i25,e01,c5,p25,l3,0.00
i25,e01,c5,p26,l3,0.00
i25,e01,c5,p28,l3,0.00
i25,e01,c5,p29,l3,0.00
i25,e01,c5,p31,l3,0.00
i25,e01,c5,p32,l3,0.00
i25,e01,c5,p35,l3,0.00
i25,e03,c3,p03,l3,0.00
i25,e03,c3,p06,l3,0.00
i25,e03,c3,p10,l3,0.00
i25,e03,c3,p12,l3,0.00
i25,e03,c3,p14,l3,0.00
i25,e03,c3,p16,l3,0.00
i25,e03,c3,p19,l3,0.00
i25,e03,c3,p21,l3,0.00
i25,e03,c3,p35,l3,0.00
i25,e03,c5,p01,l3,0.00
i25,e03,c5,p02,l3,0.00
i25,e03,c5,p03,l3,0.00
i25,e03,c5,p04,l3,1.46
i25,e03,c5,p05,l3,0.00
i25,e03,c5,p06,l3,0.00
i25,e03,c5,p07,l3,0.00
i25,e03,c5,p08,l3,0.00
i25,e03,c5,p09,l3,0.00
i25,e03,c5,p10,l3,2.53
i25,e03,c5,p11,l3,0.00
i25,e03,c5,p12,l3,0.00
i25,e03,c5,p13,l3,0.00
i25,e03,c5,p14,l3,0.00
i25,e03,c5,p15,l3,0.00
i25,e03,c5,p16,l3,0.00
i25,e03,c5,p17,l3,0.00
i25,e03,c5,p18,l3,0.00
i25,e03,c5,p19,l3,0.00
i25,e03,c5,p20,l3,0.00
i25,e03,c5,p21,l3,0.00
i25,e03,c5,p22,l3,0.00
i25,e03,c5,p23,l3,0.00
i25,e03,c5,p24,l3,0.00
i25,e03,c5,p25,l3,0.00
i25,e03,c5,p26,l3,0.00
i25,e03,c5,p28,l3,0.00
i25,e03,c5,p29,l3,0.00
i25,e03,c5,p31,l3,0.00
i25,e03,c5,p32,l3,0.00
i25,e03,c5,p33,l3,0.00
i25,e03,c5,p35,l3,0.00
i25,e04,c3,p12,l3,0.00
i25,e04,c3,p14,l3,0.00
i25,e04,c3,p21,l3,0.00
i25,e04,c5,p01,l3,0.00
i25,e04,c5,p02,l3,0.00
i25,e04,c5,p03,l3,0.00
i25,e04,c5,p04,l3,0.00
i25,e04,c5,p05,l3,0.00
i25,e04,c5,p06,l3,0.00
i25,e04,c5,p07,l3,0.00
i25,e04,c5,p08,l3,0.00
i25,e04,c5,p09,l3,0.00
i25,e04,c5,p10,l3,0.00
i25,e04,c5,p11,l3,0.00
i25,e04,c5,p12,l3,0.00
i25,e04,c5,p13,l3,0.00
i25,e04,c5,p14,l3,0.00
i25,e04,c5,p15,l3,0.00
i25,e04,c5,p16,l3,0.00
i25,e04,c5,p17,l3,0.00
i25,e04,c5,p18,l3,0.00
i25,e04,c5,p19,l3,0.00
i25,e04,c5,p20,l3,0.00
i25,e04,c5,p21,l3,0.00
i25,e04,c5,p22,l3,0.00
i25,e04,c5,p23,l3,0.00
i25,e04,c5,p24,l3,0.00
i25,e04,c5,p25,l3,0.00
i25,e04,c5,p28,l3,0.00
i25,e04,c5,p29,l3,0.00
i25,e04,c5,p31,l3,0.00
i25,e04,c5,p32,l3,0.00
i25,e04,c5,p35,l3,0.00
i25,e05,c5,p01,l3,0.00
i25,e05,c5,p02,l3,0.00
i25,e05,c5,p03,l3,0.00
i25,e05,c5,p04,l3,0.00
i25,e05,c5,p05,l3,0.00
i25,e05,c5,p07,l3,0.00
i25,e05,c5,p09,l3,0.00
i25,e05,c5,p10,l3,0.00
i25,e05,c5,p11,l3,0.00
i25,e05,c5,p12,l3,0.00
i25,e05,c5,p13,l3,0.00
i25,e05,c5,p15,l3,0.00
i25,e05,c5,p16,l3,0.00
i25,e05,c5,p17,l3,0.00
i25,e05,c5,p18,l3,0.00
i25,e05,c5,p19,l3,0.00
i25,e05,c5,p21,l3,0.00
i25,e05,c5,p22,l3,0.00
i25,e05,c5,p23,l3,0.00
i25,e05,c5,p24,l3,0.00
i25,e05,c5,p25,l3,0.00
i25,e05,c5,p28,l3,0.00
i25,e05,c5,p29,l3,0.00
i25,e05,c5,p31,l3,0.00
i25,e05,c5,p35,l3,0.00
i25,e07,c3,p02,l3,0.00
i25,e07,c3,p03,l3,0.00
i25,e07,c5,p01,l3,0.00
i25,e07,c5,p02,l3,0.00
i25,e07,c5,p03,l3,0.00
i25,e07,c5,p04,l3,0.00
i25,e07,c5,p06,l3,0.00
i25,e07,c5,p07,l3,0.00
i25,e07,c5,p09,l3,0.00
i25,e07,c5,p10,l3,0.00
i25,e07,c5,p11,l3,0.00
i25,e07,c5,p12,l3,0.00
i25,e07,c5,p15,l3,0.00
i25,e07,c5,p16,l3,0.00
i25,e07,c5,p17,l3,0.00
i25,e07,c5,p18,l3,0.00
i25,e07,c5,p19,l3,0.00
i25,e07,c5,p21,l3,0.00
i25,e07,c5,p24,l3,0.00
i25,e07,c5,p25,l3,0.00
i25,e07,c5,p28,l3,0.00
i25,e07,c5,p29,l3,0.00
i25,e07,c5,p35,l3,0.00
i25,e08,c3,p01,l3,0.00
i25,e08,c3,p02,l3,0.00
i25,e08,c3,p03,l3,0.00
i25,e08,c3,p04,l3,0.00
i25,e08,c3,p06,l3,0.00
i25,e08,c3,p10,l3,0.00
i25,e08,c3,p12,l3,0.00
i25,e08,c3,p13,l3,0.00
i25,e08,c3,p14,l3,0.00
i25,e08,c3,p16,l3,0.00
i25,e08,c3,p17,l3,0.00
i25,e08,c3,p19,l3,0.00
i25,e08,c3,p21,l3,0.00
i25,e08,c3,p28,l3,0.00
i25,e08,c3,p35,l3,0.00
i25,e08,c5,p01,l3,0.00
i25,e08,c5,p02,l3,0.00
i25,e08,c5,p03,l3,0.00
i25,e08,c5,p04,l3,0.00
i25,e08,c5,p05,l3,0.00
i25,e08,c5,p06,l3,0.00
i25,e08,c5,p07,l3,0.00
i25,e08,c5,p08,l3,0.00
i25,e08,c5,p09,l3,0.00
i25,e08,c5,p10,l3,6.16
i25,e08,c5,p11,l3,0.00
i25,e08,c5,p12,l3,0.00
i25,e08,c5,p13,l3,5.38
i25,e08,c5,p14,l3,0.00
i25,e08,c5,p15,l3,0.00
i25,e08,c5,p16,l3,0.00
i25,e08,c5,p17,l3,0.00
i25,e08,c5,p18,l3,0.00
i25,e08,c5,p19,l3,0.00
i25,e08,c5,p20,l3,0.00
i25,e08,c5,p21,l3,0.00
i25,e08,c5,p22,l3,0.00
i25,e08,c5,p23,l3,0.00
i25,e08,c5,p24,l3,0.00
i25,e08,c5,p25,l3,0.00
i25,e08,c5,p26,l3,0.00
i25,e08,c5,p28,l3,0.00
i25,e08,c5,p29,l3,0.00
i25,e08,c5,p31,l3,0.00
i25,e08,c5,p32,l3,0.00
i25,e08,c5,p33,l3,0.00
i25,e08,c5,p35,l3,0.00
i25,e09,c3,p03,l3,0.00
i25,e09,c3,p10,l3,0.00
i25,e09,c3,p14,l3,0.00
i25,e09,c3,p17,l3,0.00
i25,e09,c3,p19,l3,0.00
i25,e09,c3,p21,l3,0.00
i25,e09,c3,p35,l3,0.00
i25,e09,c5,p01,l3,0.00
i25,e09,c5,p02,l3,0.00
i25,e09,c5,p03,l3,0.00
i25,e09,c5,p04,l3,0.00
i25,e09,c5,p05,l3,0.00
i25,e09,c5,p06,l3,0.00
i25,e09,c5,p07,l3,0.00
i25,e09,c5,p08,l3,0.00
i25,e09,c5,p09,l3,0.00
i25,e09,c5,p10,l3,0.00
i25,e09,c5,p11,l3,0.00
i25,e09,c5,p12,l3,0.00
i25,e09,c5,p13,l3,0.00
i25,e09,c5,p14,l3,0.00
i25,e09,c5,p15,l3,0.00
i25,e09,c5,p16,l3,0.00
i25,e09,c5,p17,l3,0.00
i25,e09,c5,p18,l3,0.00
i25,e09,c5,p19,l3,0.00
i25,e09,c5,p20,l3,0.00
i25,e09,c5,p21,l3,0.00
i25,e09,c5,p22,l3,0.00
i25,e09,c5,p23,l3,0.00
i25,e09,c5,p24,l3,0.00
i25,e09,c5,p25,l3,0.00
i25,e09,c5,p26,l3,0.00
i25,e09,c5,p28,l3,0.00
i25,e09,c5,p29,l3,0.00
i25,e09,c5,p31,l3,0.00
i25,e09,c5,p32,l3,0.00
i25,e09,c5,p35,l3,0.00
i25,e10,c3,p01,l4,0.00
i25,e10,c3,p02,l4,0.00
i25,e10,c3,p03,l4,0.00
i25,e10,c3,p04,l4,0.00
i25,e10,c3,p06,l3,0.00
i25,e10,c3,p06,l4,0.00
i25,e10,c3,p07,l4,0.00
i25,e10,c3,p10,l3,0.00
i25,e10,c3,p10,l4,0.00
i25,e10,c3,p12,l3,0.00
i25,e10,c3,p12,l4,0.00
i25,e10,c3,p13,l4,0.00
i25,e10,c3,p14,l3,0.00
i25,e10,c3,p14,l4,0.00
i25,e10,c3,p15,l3,0.00
i25,e10,c3,p15,l4,0.00
i25,e10,c3,p16,l4,0.00
i25,e10,c3,p17,l3,0.00
i25,e10,c3,p17,l4,0.00
i25,e10,c3,p19,l4,0.00
i25,e10,c3,p21,l4,0.00
i25,e10,c3,p28,l4,0.00
i25,e10,c3,p35,l3,0.00
i25,e10,c3,p35,l4,0.00
i25,e10,c5,p01,l3,0.00
i25,e10,c5,p01,l4,0.00
i25,e10,c5,p02,l3,0.00
i25,e10,c5,p02,l4,0.00
i25,e10,c5,p03,l3,0.00
i25,e10,c5,p03,l4,0.00
i25,e10,c5,p04,l3,0.00
i25,e10,c5,p04,l4,11.46
i25,e10,c5,p05,l3,0.00
i25,e10,c5,p05,l4,4.90
i25,e10,c5,p06,l3,0.00
i25,e10,c5,p06,l4,0.00
i25,e10,c5,p07,l3,0.00
i25,e10,c5,p07,l4,0.00
i25,e10,c5,p08,l3,0.00
i25,e10,c5,p08,l4,0.00
i25,e10,c5,p09,l3,0.00
i25,e10,c5,p09,l4,0.00
i25,e10,c5,p10,l3,36.81
i25,e10,c5,p10,l4,23.26
i25,e10,c5,p11,l3,0.00
i25,e10,c5,p11,l4,5.25
i25,e10,c5,p12,l3,0.00
i25,e10,c5,p12,l4,0.00
i25,e10,c5,p13,l3,0.00
i25,e10,c5,p13,l4,5.53
i25,e10,c5,p14,l3,0.00
i25,e10,c5,p14,l4,0.00
i25,e10,c5,p15,l3,0.00
i25,e10,c5,p15,l4,0.00
i25,e10,c5,p16,l3,0.00
i25,e10,c5,p16,l4,4.27
i25,e10,c5,p17,l3,0.00
i25,e10,c5,p17,l4,0.00
i25,e10,c5,p18,l3,0.00
i25,e10,c5,p18,l4,0.00
i25,e10,c5,p19,l3,0.00
i25,e10,c5,p19,l4,0.00
i25,e10,c5,p20,l3,0.00
i25,e10,c5,p20,l4,0.00
i25,e10,c5,p21,l3,0.00
i25,e10,c5,p21,l4,0.00
i25,e10,c5,p22,l3,0.00
i25,e10,c5,p22,l4,0.00
i25,e10,c5,p23,l3,0.00
i25,e10,c5,p23,l4,0.00
i25,e10,c5,p24,l3,0.00
i25,e10,c5,p24,l4,0.00
i25,e10,c5,p25,l3,0.00
i25,e10,c5,p25,l4,0.00
i25,e10,c5,p26,l3,0.00
i25,e10,c5,p26,l4,0.00
i25,e10,c5,p28,l3,0.00
i25,e10,c5,p28,l4,0.00
i25,e10,c5,p29,l3,0.00
i25,e10,c5,p29,l4,0.00
i25,e10,c5,p30,l4,0.00
i25,e10,c5,p31,l3,0.00
i25,e10,c5,p31,l4,0.00
i25,e10,c5,p32,l3,0.00
i25,e10,c5,p32,l4,0.00
i25,e10,c5,p33,l3,0.00
i25,e10,c5,p33,l4,0.00
i25,e10,c5,p35,l3,0.00
i25,e10,c5,p35,l4,0.00
i25,e11,c3,p06,l3,0.00
i25,e11,c3,p10,l3,0.00
i25,e11,c3,p14,l3,0.00
i25,e11,c5,p01,l3,0.00
i25,e11,c5,p02,l3,0.00
i25,e11,c5,p03,l3,0.00
i25,e11,c5,p04,l3,0.00
i25,e11,c5,p05,l3,0.00
i25,e11,c5,p06,l3,0.00
i25,e11,c5,p07,l3,0.00
i25,e11,c5,p08,l3,0.00
i25,e11,c5,p09,l3,0.00
i25,e11,c5,p10,l3,0.00
i25,e11,c5,p11,l3,0.00
i25,e11,c5,p12,l3,0.00
i25,e11,c5,p13,l3,0.00
i25,e11,c5,p14,l3,0.00
i25,e11,c5,p15,l3,0.00
i25,e11,c5,p16,l3,0.00
i25,e11,c5,p17,l3,0.00
i25,e11,c5,p18,l3,0.00
i25,e11,c5,p19,l3,0.00
i25,e11,c5,p20,l3,0.00
i25,e11,c5,p21,l3,0.00
i25,e11,c5,p22,l3,0.00
i25,e11,c5,p23,l3,0.00
i25,e11,c5,p24,l3,0.00
i25,e11,c5,p25,l3,0.00
i25,e11,c5,p28,l3,0.00
i25,e11,c5,p29,l3,0.00
i25,e11,c5,p31,l3,0.00
i25,e11,c5,p32,l3,0.00
i25,e11,c5,p33,l3,0.00
i25,e11,c5,p35,l3,0.00
i25,e12,c3,p01,l3,0.00
i25,e12,c3,p03,l3,0.00
i25,e12,c3,p04,l3,0.00
i25,e12,c3,p10,l3,0.00
i25,e12,c3,p14,l3,0.00
i25,e12,c3,p16,l3,0.00
i25,e12,c3,p19,l3,0.00
i25,e12,c3,p35,l3,0.00
i25,e12,c5,p01,l3,0.00
i25,e12,c5,p02,l3,0.00
i25,e12,c5,p03,l3,0.00
i25,e12,c5,p04,l3,0.00
i25,e12,c5,p05,l3,0.00
i25,e12,c5,p06,l3,0.00
i25,e12,c5,p07,l3,0.00
i25,e12,c5,p08,l3,0.00
i25,e12,c5,p09,l3,0.00
i25,e12,c5,p10,l3,0.00
i25,e12,c5,p11,l3,0.00
i25,e12,c5,p12,l3,0.00
i25,e12,c5,p13,l3,6.09
i25,e12,c5,p14,l3,0.00
i25,e12,c5,p15,l3,0.00
i25,e12,c5,p16,l3,0.00
i25,e12,c5,p17,l3,0.00
i25,e12,c5,p18,l3,0.00
i25,e12,c5,p19,l3,0.00
i25,e12,c5,p20,l3,0.00
i25,e12,c5,p21,l3,0.00
i25,e12,c5,p22,l3,0.00
i25,e12,c5,p23,l3,0.00
i25,e12,c5,p24,l3,0.00
i25,e12,c5,p25,l3,0.00
i25,e12,c5,p26,l3,0.00
i25,e12,c5,p28,l3,0.00
i25,e12,c5,p29,l3,0.00
i25,e12,c5,p31,l3,0.00
i25,e12,c5,p32,l3,0.00
i25,e12,c5,p33,l3,0.00
i25,e12,c5,p35,l3,0.00
i26,e01,c1,p35,l3,2.26
i26,e01,c4,p35,l3,0.00
i26,e04,c1,p35,l1,0.00
i26,e04,c1,p35,l3,3.47
i26,e04,c4,p35,l1,0.00
i26,e04,c4,p35,l3,0.00
i26,e04,c7,p35,l3,0.00
i26,e05,c1,p35,l1,0.00
i26,e05,c1,p35,l3,0.00
i26,e05,c7,p35,l3,0.00
i26,e08,c1,p35,l2,0.00
i26,e08,c1,p35,l3,0.00
i26,e08,c4,p35,l2,0.00
i26,e08,c4,p35,l3,0.00
i26,e09,c1,p35,l2,0.00
i26,e09,c1,p35,l3,3.19
i26,e09,c4,p35,l2,0.00
i26,e09,c4,p35,l3,0.00
i26,e09,c7,p35,l3,0.00
i26,e11,c1,p35,l2,0.00
i26,e11,c1,p35,l3,20.08
i26,e11,c4,p35,l2,0.00
i26,e11,c4,p35,l3,0.00
i26,e11,c7,p35,l3,0.00
i27,e01,c3,p01,l3,0.00
i27,e01,c3,p03,l3,0.00
i27,e01,c3,p04,l3,0.00
i27,e01,c3,p05,l3,0.00
i27,e01,c3,p06,l3,0.00
i27,e01,c3,p07,l3,0.00
i27,e01,c3,p08,l3,0.00
i27,e01,c3,p10,l3,0.00
i27,e01,c3,p11,l3,0.00
i27,e01,c3,p15,l3,0.00
i27,e01,c3,p16,l3,0.00
i27,e01,c3,p17,l3,0.00
i27,e01,c3,p18,l3,0.00
i27,e01,c3,p19,l3,0.00
i27,e01,c3,p21,l3,0.00
i27,e01,c3,p22,l3,0.00
i27,e01,c3,p23,l3,0.00
i27,e01,c3,p24,l3,0.00
i27,e01,c3,p29,l3,0.00
i27,e01,c3,p35,l3,0.00
i27,e01,c5,p01,l3,2.25
i27,e01,c5,p02,l3,1.04
i27,e01,c5,p03,l3,0.00
i27,e01,c5,p04,l3,2.08
i27,e01,c5,p05,l3,0.00
i27,e01,c5,p06,l3,0.00
i27,e01,c5,p07,l3,0.00
i27,e01,c5,p08,l3,2.06
i27,e01,c5,p09,l3,0.00
i27,e01,c5,p10,l3,5.18
i27,e01,c5,p11,l3,1.20
i27,e01,c5,p12,l3,4.81
i27,e01,c5,p13,l3,2.92
i27,e01,c5,p14,l3,0.00
i27,e01,c5,p15,l3,0.00
i27,e01,c5,p16,l3,5.12
i27,e01,c5,p17,l3,0.00
i27,e01,c5,p18,l3,1.29
i27,e01,c5,p19,l3,1.14
i27,e01,c5,p20,l3,0.00
i27,e01,c5,p21,l3,0.00
i27,e01,c5,p22,l3,0.00
i27,e01,c5,p23,l3,0.00
i27,e01,c5,p24,l3,4.50
i27,e01,c5,p25,l3,0.00
i27,e01,c5,p26,l3,0.00
i27,e01,c5,p28,l3,0.00
i27,e01,c5,p29,l3,0.00
i27,e01,c5,p31,l3,0.00
i27,e01,c5,p32,l3,0.00
i27,e01,c5,p35,l3,0.00
i27,e02,c3,p17,l1,0.00
i27,e02,c5,p01,l1,0.00
i27,e02,c5,p01,l3,0.00
i27,e02,c5,p02,l1,0.00
i27,e02,c5,p02,l3,0.00
i27,e02,c5,p03,l1,0.00
i27,e02,c5,p03,l3,0.00
i27,e02,c5,p04,l1,0.00
i27,e02,c5,p04,l3,0.00
i27,e02,c5,p05,l1,0.00
i27,e02,c5,p05,l3,0.00
i27,e02,c5,p06,l1,0.00
i27,e02,c5,p06,l3,0.00
i27,e02,c5,p07,l1,0.00
i27,e02,c5,p07,l3,0.00
i27,e02,c5,p10,l1,0.00
i27,e02,c5,p10,l3,0.00
i27,e02,c5,p11,l3,0.00
i27,e02,c5,p12,l3,0.00
i27,e02,c5,p13,l1,0.00
i27,e02,c5,p13,l3,0.00
i27,e02,c5,p14,l1,0.00
i27,e02,c5,p14,l3,0.00
i27,e02,c5,p15,l1,0.00
i27,e02,c5,p15,l3,0.00
i27,e02,c5,p16,l1,0.00
i27,e02,c5,p16,l3,0.00
i27,e02,c5,p17,l3,0.00
i27,e02,c5,p18,l1,0.00
i27,e02,c5,p18,l3,0.00
i27,e02,c5,p19,l1,0.00
i27,e02,c5,p19,l3,0.00
i27,e02,c5,p20,l3,0.00
i27,e02,c5,p21,l1,0.00
i27,e02,c5,p21,l3,0.00
i27,e02,c5,p22,l1,0.00
i27,e02,c5,p22,l3,0.00
i27,e02,c5,p24,l1,0.00
i27,e02,c5,p24,l3,0.00
i27,e02,c5,p28,l3,0.00
i27,e02,c5,p29,l1,0.00
i27,e02,c5,p29,l3,0.00
i27,e02,c5,p35,l1,0.00
i27,e02,c5,p35,l3,0.00
i27,e04,c3,p01,l3,0.00
i27,e04,c3,p03,l1,0.00
i27,e04,c3,p03,l3,0.00
i27,e04,c3,p04,l3,0.00
i27,e04,c3,p05,l1,0.00
i27,e04,c3,p05,l3,0.00
i27,e04,c3,p06,l3,0.00
i27,e04,c3,p07,l1,0.00
i27,e04,c3,p07,l3,0.00
i27,e04,c3,p08,l1,0.00
i27,e04,c3,p08,l3,0.00
i27,e04,c3,p10,l1,0.00
i27,e04,c3,p10,l3,0.00
i27,e04,c3,p11,l1,0.00
i27,e04,c3,p11,l3,0.00
i27,e04,c3,p15,l1,0.00
i27,e04,c3,p15,l3,0.00
i27,e04,c3,p16,l1,0.00
i27,e04,c3,p16,l3,0.00
i27,e04,c3,p17,l3,0.00
i27,e04,c3,p18,l3,0.00
i27,e04,c3,p19,l1,0.00
i27,e04,c3,p19,l3,0.00
i27,e04,c3,p21,l3,0.00
i27,e04,c3,p22,l1,0.00
i27,e04,c3,p22,l3,0.00
i27,e04,c3,p23,l3,0.00
i27,e04,c3,p24,l1,0.00
i27,e04,c3,p24,l3,0.00
i27,e04,c3,p29,l1,0.00
i27,e04,c3,p29,l3,0.00
i27,e04,c3,p35,l1,0.00
i27,e04,c3,p35,l3,0.00
i27,e04,c5,p01,l1,0.00
i27,e04,c5,p01,l3,0.00
i27,e04,c5,p02,l1,0.00
i27,e04,c5,p02,l3,0.00
i27,e04,c5,p03,l1,0.00
i27,e04,c5,p03,l3,0.00
i27,e04,c5,p04,l1,0.00
i27,e04,c5,p04,l3,2.47
i27,e04,c5,p05,l1,0.00
i27,e04,c5,p05,l3,2.01
i27,e04,c5,p06,l1,0.00
i27,e04,c5,p06,l3,0.00
i27,e04,c5,p07,l1,0.00
i27,e04,c5,p07,l3,1.50
i27,e04,c5,p08,l1,0.00
i27,e04,c5,p08,l3,1.21
i27,e04,c5,p09,l1,0.00
i27,e04,c5,p09,l3,0.00
i27,e04,c5,p10,l1,0.00
i27,e04,c5,p10,l3,0.00
i27,e04,c5,p11,l1,0.00
i27,e04,c5,p11,l3,1.79
i27,e04,c5,p12,l1,0.00
i27,e04,c5,p12,l3,2.34
i27,e04,c5,p13,l1,0.00
i27,e04,c5,p13,l3,0.00
i27,e04,c5,p14,l1,0.00
i27,e04,c5,p14,l3,0.00
i27,e04,c5,p15,l1,0.00
i27,e04,c5,p15,l3,0.00
i27,e04,c5,p16,l1,0.00
i27,e04,c5,p16,l3,3.44
i27,e04,c5,p17,l1,0.00
i27,e04,c5,p17,l3,0.00
i27,e04,c5,p18,l1,0.00
i27,e04,c5,p18,l3,0.00
i27,e04,c5,p19,l1,0.00
i27,e04,c5,p19,l3,6.08
i27,e04,c5,p20,l1,0.00
i27,e04,c5,p20,l3,0.00
i27,e04,c5,p21,l1,0.00
i27,e04,c5,p21,l3,0.00
i27,e04,c5,p22,l1,0.00
i27,e04,c5,p22,l3,1.00
i27,e04,c5,p23,l1,0.00
i27,e04,c5,p23,l3,0.00
i27,e04,c5,p24,l1,0.00
i27,e04,c5,p24,l3,8.11
i27,e04,c5,p25,l1,0.00
i27,e04,c5,p25,l3,0.00
i27,e04,c5,p26,l3,0.00
i27,e04,c5,p28,l1,0.00
i27,e04,c5,p28,l3,1.06
i27,e04,c5,p29,l1,0.00
i27,e04,c5,p29,l3,0.00
i27,e04,c5,p31,l3,0.00
i27,e04,c5,p32,l1,0.00
i27,e04,c5,p32,l3,0.00
i27,e04,c5,p33,l3,0.00
i27,e04,c5,p35,l1,0.00
i27,e04,c5,p35,l3,0.00
i27,e05,c3,p03,l3,0.00
i27,e05,c3,p05,l3,0.00
i27,e05,c3,p06,l1,0.00
i27,e05,c3,p06,l3,0.00
i27,e05,c3,p10,l1,0.00
i27,e05,c3,p10,l3,0.00
i27,e05,c3,p11,l3,0.00
i27,e05,c3,p19,l3,0.00
i27,e05,c3,p21,l3,0.00
i27,e05,c3,p22,l3,0.00
i27,e05,c3,p35,l3,0.00
i27,e05,c5,p01,l1,0.00
i27,e05,c5,p01,l3,0.00
i27,e05,c5,p02,l1,0.00
i27,e05,c5,p02,l3,0.00
i27,e05,c5,p03,l1,0.00
i27,e05,c5,p03,l3,0.00
i27,e05,c5,p04,l1,0.00
i27,e05,c5,p04,l3,0.00
i27,e05,c5,p05,l1,0.00
i27,e05,c5,p05,l3,0.00
i27,e05,c5,p06,l1,0.00
i27,e05,c5,p06,l3,0.00
i27,e05,c5,p07,l1,0.00
i27,e05,c5,p07,l3,0.00
i27,e05,c5,p08,l3,0.00
i27,e05,c5,p09,l1,0.00
i27,e05,c5,p09,l3,0.00
i27,e05,c5,p10,l1,0.00
i27,e05,c5,p10,l3,0.00
i27,e05,c5,p11,l1,0.00
i27,e05,c5,p11,l3,2.37
i27,e05,c5,p12,l1,0.00
i27,e05,c5,p12,l3,0.00
i27,e05,c5,p13,l1,0.00
i27,e05,c5,p13,l3,0.00
i27,e05,c5,p14,l1,0.00
i27,e05,c5,p14,l3,0.00
i27,e05,c5,p15,l1,0.00
i27,e05,c5,p15,l3,0.00
i27,e05,c5,p16,l1,0.00
i27,e05,c5,p16,l3,0.00
i27,e05,c5,p17,l1,0.00
i27,e05,c5,p17,l3,0.00
i27,e05,c5,p18,l1,0.00
i27,e05,c5,p18,l3,0.00
i27,e05,c5,p19,l1,0.00
i27,e05,c5,p19,l3,0.00
i27,e05,c5,p20,l1,0.00
i27,e05,c5,p20,l3,0.00
i27,e05,c5,p21,l1,0.00
i27,e05,c5,p21,l3,0.00
i27,e05,c5,p22,l1,0.00
i27,e05,c5,p22,l3,0.00
i27,e05,c5,p23,l1,0.00
i27,e05,c5,p23,l3,0.00
i27,e05,c5,p24,l1,0.00
i27,e05,c5,p24,l3,0.00
i27,e05,c5,p28,l3,0.00
i27,e05,c5,p29,l1,0.00
i27,e05,c5,p29,l3,0.00
i27,e05,c5,p35,l1,0.00
i27,e05,c5,p35,l3,0.00
i27,e07,c5,p01,l3,0.00
i27,e07,c5,p10,l3,0.00
i27,e07,c5,p29,l3,0.00
i27,e08,c3,p01,l3,0.00
i27,e08,c3,p03,l2,0.00
i27,e08,c3,p03,l3,0.00
i27,e08,c3,p04,l3,0.00
i27,e08,c3,p05,l2,0.00
i27,e08,c3,p05,l3,0.00
i27,e08,c3,p07,l2,0.00
i27,e08,c3,p07,l3,0.00
i27,e08,c3,p08,l2,0.00
i27,e08,c3,p08,l3,0.00
i27,e08,c3,p10,l3,0.00
i27,e08,c3,p11,l2,0.00
i27,e08,c3,p11,l3,0.00
i27,e08,c3,p15,l2,0.00
i27,e08,c3,p15,l3,0.00
i27,e08,c3,p16,l2,0.00
i27,e08,c3,p16,l3,0.00
i27,e08,c3,p17,l3,0.00
i27,e08,c3,p18,l3,0.00
i27,e08,c3,p19,l2,0.00
i27,e08,c3,p19,l3,0.00
i27,e08,c3,p21,l2,0.00
i27,e08,c3,p21,l3,0.00
i27,e08,c3,p22,l2,0.00
i27,e08,c3,p22,l3,0.00
i27,e08,c3,p24,l3,0.00
i27,e08,c3,p29,l2,0.00
i27,e08,c3,p29,l3,0.00
i27,e08,c3,p35,l2,0.00
i27,e08,c3,p35,l3,0.00
i27,e08,c5,p01,l2,0.00
i27,e08,c5,p01,l3,0.00
i27,e08,c5,p02,l2,0.00
i27,e08,c5,p02,l3,0.00
i27,e08,c5,p03,l2,0.00
i27,e08,c5,p03,l3,0.00
i27,e08,c5,p04,l2,0.00
i27,e08,c5,p04,l3,21.01
i27,e08,c5,p05,l2,0.00
i27,e08,c5,p05,l3,0.00
i27,e08,c5,p06,l2,0.00
i27,e08,c5,p06,l3,0.00
i27,e08,c5,p07,l2,0.00
i27,e08,c5,p07,l3,0.00
i27,e08,c5,p08,l2,0.00
i27,e08,c5,p08,l3,0.00
i27,e08,c5,p09,l2,0.00
i27,e08,c5,p09,l3,0.00
i27,e08,c5,p10,l2,0.00
i27,e08,c5,p10,l3,1.42
i27,e08,c5,p11,l2,0.00
i27,e08,c5,p11,l3,3.67
i27,e08,c5,p12,l2,0.00
i27,e08,c5,p12,l3,0.00
i27,e08,c5,p13,l2,0.00
i27,e08,c5,p13,l3,0.00
i27,e08,c5,p14,l2,0.00
i27,e08,c5,p14,l3,0.00
i27,e08,c5,p15,l2,0.00
i27,e08,c5,p15,l3,0.00
i27,e08,c5,p16,l2,0.00
i27,e08,c5,p16,l3,2.10
i27,e08,c5,p17,l2,0.00
i27,e08,c5,p17,l3,0.00
i27,e08,c5,p18,l2,0.00
i27,e08,c5,p18,l3,0.00
i27,e08,c5,p19,l2,0.00
i27,e08,c5,p19,l3,1.56
i27,e08,c5,p20,l2,0.00
i27,e08,c5,p20,l3,0.00
i27,e08,c5,p21,l2,0.00
i27,e08,c5,p21,l3,0.00
i27,e08,c5,p22,l2,0.00
i27,e08,c5,p22,l3,0.00
i27,e08,c5,p23,l2,0.00
i27,e08,c5,p23,l3,0.00
i27,e08,c5,p24,l2,0.00
i27,e08,c5,p24,l3,0.00
i27,e08,c5,p25,l2,0.00
i27,e08,c5,p25,l3,0.00
i27,e08,c5,p26,l3,0.00
i27,e08,c5,p28,l2,0.00
i27,e08,c5,p28,l3,0.00
i27,e08,c5,p29,l2,0.00
i27,e08,c5,p29,l3,0.00
i27,e08,c5,p32,l2,0.00
i27,e08,c5,p32,l3,0.00
i27,e08,c5,p35,l2,0.00
i27,e08,c5,p35,l3,0.00
i27,e09,c3,p01,l2,0.00
i27,e09,c3,p01,l3,0.00
i27,e09,c3,p03,l2,0.00
i27,e09,c3,p03,l3,0.00
i27,e09,c3,p04,l2,0.00
i27,e09,c3,p04,l3,0.00
i27,e09,c3,p05,l2,0.00
i27,e09,c3,p05,l3,0.00
i27,e09,c3,p06,l2,0.00
i27,e09,c3,p06,l3,0.00
i27,e09,c3,p07,l2,0.00
i27,e09,c3,p07,l3,0.00
i27,e09,c3,p08,l2,0.00
i27,e09,c3,p08,l3,0.00
i27,e09,c3,p10,l2,0.00
i27,e09,c3,p10,l3,0.00
i27,e09,c3,p11,l2,0.00
i27,e09,c3,p11,l3,0.00
i27,e09,c3,p15,l2,0.00
i27,e09,c3,p15,l3,0.00
i27,e09,c3,p16,l3,0.00
i27,e09,c3,p17,l2,0.00
i27,e09,c3,p17,l3,0.00
i27,e09,c3,p18,l3,0.00
i27,e09,c3,p19,l2,0.00
i27,e09,c3,p19,l3,0.00
i27,e09,c3,p21,l2,0.00
i27,e09,c3,p21,l3,0.00
i27,e09,c3,p22,l2,0.00
i27,e09,c3,p22,l3,0.00
i27,e09,c3,p23,l3,0.00
i27,e09,c3,p24,l3,0.00
i27,e09,c3,p29,l2,0.00
i27,e09,c3,p29,l3,0.00
i27,e09,c3,p35,l2,0.00
i27,e09,c3,p35,l3,0.00
i27,e09,c5,p01,l2,0.00
i27,e09,c5,p01,l3,0.00
i27,e09,c5,p02,l2,0.00
i27,e09,c5,p02,l3,1.33
i27,e09,c5,p03,l2,0.00
i27,e09,c5,p03,l3,0.00
i27,e09,c5,p04,l2,0.00
i27,e09,c5,p04,l3,2.35
i27,e09,c5,p05,l2,0.00
i27,e09,c5,p05,l3,3.62
i27,e09,c5,p06,l2,0.00
i27,e09,c5,p06,l3,0.00
i27,e09,c5,p07,l2,0.00
i27,e09,c5,p07,l3,1.57
i27,e09,c5,p08,l2,0.00
i27,e09,c5,p08,l3,0.00
i27,e09,c5,p09,l2,0.00
i27,e09,c5,p09,l3,0.00
i27,e09,c5,p10,l2,0.00
i27,e09,c5,p10,l3,2.78
i27,e09,c5,p11,l2,0.00
i27,e09,c5,p11,l3,0.00
i27,e09,c5,p12,l2,0.00
i27,e09,c5,p12,l3,2.01
i27,e09,c5,p13,l2,0.00
i27,e09,c5,p13,l3,0.00
i27,e09,c5,p14,l2,0.00
i27,e09,c5,p14,l3,0.00
i27,e09,c5,p15,l2,0.00
i27,e09,c5,p15,l3,1.74
i27,e09,c5,p16,l2,0.00
i27,e09,c5,p16,l3,2.11
i27,e09,c5,p17,l2,0.00
i27,e09,c5,p17,l3,0.00
i27,e09,c5,p18,l2,0.00
i27,e09,c5,p18,l3,0.00
i27,e09,c5,p19,l2,0.00
i27,e09,c5,p19,l3,0.00
i27,e09,c5,p20,l2,0.00
i27,e09,c5,p20,l3,0.00
i27,e09,c5,p21,l2,0.00
i27,e09,c5,p21,l3,1.97
i27,e09,c5,p22,l2,0.00
i27,e09,c5,p22,l3,2.34
i27,e09,c5,p23,l2,0.00
i27,e09,c5,p23,l3,0.00
i27,e09,c5,p24,l2,0.00
i27,e09,c5,p24,l3,0.00
i27,e09,c5,p25,l2,0.00
i27,e09,c5,p25,l3,0.00
i27,e09,c5,p26,l3,0.00
i27,e09,c5,p28,l2,0.00
i27,e09,c5,p28,l3,3.58
i27,e09,c5,p29,l2,0.00
i27,e09,c5,p29,l3,1.20
i27,e09,c5,p32,l2,0.00
i27,e09,c5,p32,l3,0.00
i27,e09,c5,p35,l2,0.00
i27,e09,c5,p35,l3,0.00
i27,e10,c3,p01,l3,0.00
i27,e10,c3,p03,l3,0.00
i27,e10,c3,p04,l3,0.00
i27,e10,c3,p05,l1,0.00
i27,e10,c3,p05,l3,0.00
i27,e10,c3,p06,l3,0.00
i27,e10,c3,p07,l1,0.00
i27,e10,c3,p07,l3,0.00
i27,e10,c3,p08,l3,0.00
i27,e10,c3,p10,l1,0.00
i27,e10,c3,p10,l3,0.00
i27,e10,c3,p11,l3,0.00
i27,e10,c3,p15,l3,0.00
i27,e10,c3,p16,l3,0.00
i27,e10,c3,p17,l3,0.00
i27,e10,c3,p18,l3,0.00
i27,e10,c3,p19,l1,0.00
i27,e10,c3,p19,l3,0.00
i27,e10,c3,p21,l3,0.00
i27,e10,c3,p22,l3,0.00
i27,e10,c3,p24,l3,0.00
i27,e10,c3,p29,l3,0.00
i27,e10,c3,p35,l1,0.00
i27,e10,c3,p35,l3,0.00
i27,e10,c5,p01,l1,0.00
i27,e10,c5,p01,l3,0.00
i27,e10,c5,p02,l1,0.00
i27,e10,c5,p02,l3,0.00
i27,e10,c5,p03,l1,0.00
i27,e10,c5,p03,l3,0.00
i27,e10,c5,p04,l1,0.00
i27,e10,c5,p04,l3,0.00
i27,e10,c5,p05,l1,0.00
i27,e10,c5,p05,l3,0.00
i27,e10,c5,p06,l1,0.00
i27,e10,c5,p06,l3,0.00
i27,e10,c5,p07,l1,0.00
i27,e10,c5,p07,l3,5.82
i27,e10,c5,p08,l3,0.00
i27,e10,c5,p09,l1,0.00
i27,e10,c5,p09,l3,0.00
i27,e10,c5,p10,l1,0.00
i27,e10,c5,p10,l3,2.15
i27,e10,c5,p11,l1,0.00
i27,e10,c5,p11,l3,4.40
i27,e10,c5,p12,l1,0.00
i27,e10,c5,p12,l3,0.00
i27,e10,c5,p13,l1,0.00
i27,e10,c5,p13,l3,0.00
i27,e10,c5,p14,l1,0.00
i27,e10,c5,p14,l3,0.00
i27,e10,c5,p15,l1,0.00
i27,e10,c5,p15,l3,0.00
i27,e10,c5,p16,l1,0.00
i27,e10,c5,p16,l3,0.00
i27,e10,c5,p17,l1,0.00
i27,e10,c5,p17,l3,0.00
i27,e10,c5,p18,l1,0.00
i27,e10,c5,p18,l3,0.00
i27,e10,c5,p19,l1,0.00
i27,e10,c5,p19,l3,0.00
i27,e10,c5,p20,l1,0.00
i27,e10,c5,p20,l3,0.00
i27,e10,c5,p21,l1,0.00
i27,e10,c5,p21,l3,0.00
i27,e10,c5,p22,l1,0.00
i27,e10,c5,p22,l3,0.00
i27,e10,c5,p23,l1,0.00
i27,e10,c5,p23,l3,0.00
i27,e10,c5,p24,l1,0.00
i27,e10,c5,p24,l3,0.00
i27,e10,c5,p25,l3,0.00
i27,e10,c5,p28,l3,0.00
i27,e10,c5,p29,l1,0.00
i27,e10,c5,p29,l3,0.00
i27,e10,c5,p35,l1,0.00
i27,e10,c5,p35,l3,0.00
i27,e11,c3,p05,l3,0.00
i27,e11,c5,p01,l3,0.00
i27,e11,c5,p04,l3,0.00
i27,e11,c5,p05,l3,0.00
i27,e11,c5,p07,l3,0.00
i27,e11,c5,p10,l3,0.00
i27,e11,c5,p11,l3,0.00
i27,e11,c5,p12,l3,0.00
i27,e11,c5,p13,l3,0.00
i27,e11,c5,p14,l3,0.00
i27,e11,c5,p15,l3,0.00
i27,e11,c5,p16,l3,0.00
i27,e11,c5,p17,l3,0.00
i27,e11,c5,p18,l3,0.00
i27,e11,c5,p19,l3,0.00
i27,e11,c5,p20,l3,0.00
i27,e11,c5,p21,l3,0.00
i27,e11,c5,p22,l3,0.00
i27,e11,c5,p23,l3,0.00
i27,e11,c5,p24,l3,0.00
i27,e11,c5,p29,l3,0.00
i27,e11,c5,p35,l3,0.00
i27,e12,c3,p05,l3,0.00
i27,e12,c5,p01,l3,0.00
i27,e12,c5,p02,l3,0.00
i27,e12,c5,p03,l3,0.00
i27,e12,c5,p04,l3,0.00
i27,e12,c5,p05,l3,0.00
i27,e12,c5,p06,l3,0.00
i27,e12,c5,p07,l3,0.00
i27,e12,c5,p08,l3,0.00
i27,e12,c5,p09,l3,0.00
i27,e12,c5,p10,l3,0.00
i27,e12,c5,p11,l3,0.00
i27,e12,c5,p12,l3,0.00
i27,e12,c5,p13,l3,0.00
i27,e12,c5,p15,l3,0.00
i27,e12,c5,p16,l3,0.00
i27,e12,c5,p17,l3,0.00
i27,e12,c5,p18,l3,0.00
i27,e12,c5,p19,l3,0.00
i27,e12,c5,p20,l3,0.00
i27,e12,c5,p21,l3,0.00
i27,e12,c5,p22,l3,0.00
i27,e12,c5,p24,l3,0.00
i27,e12,c5,p28,l3,0.00
i27,e12,c5,p29,l3,0.00
i27,e12,c5,p35,l3,0.00
i28,e01,c1,p35,l3,0.00
i28,e01,c4,p35,l3,0.00
i28,e04,c1,p35,l1,0.00
i28,e04,c1,p35,l3,0.00
i28,e04,c4,p35,l1,0.00
i28,e04,c4,p35,l3,0.00
i28,e05,c1,p35,l1,0.00
i28,e05,c1,p35,l3,0.00
i28,e05,c4,p35,l3,0.00
i28,e07,c1,p35,l3,0.00
i28,e08,c1,p35,l2,0.00
i28,e08,c1,p35,l3,59615.12
i28,e08,c4,p35,l2,0.00
i28,e08,c4,p35,l3,0.00
i28,e09,c1,p35,l2,0.00
i28,e09,c1,p35,l3,0.00
i28,e09,c4,p35,l2,0.00
i28,e09,c4,p35,l3,0.00
i28,e10,c1,p35,l1,0.00
i28,e10,c1,p35,l3,0.00
i28,e10,c4,p35,l1,0.00
i28,e10,c4,p35,l3,0.00
i28,e11,c1,p35,l2,0.00
i28,e11,c1,p35,l3,0.00
i28,e11,c4,p35,l3,0.00
i28,e12,c1,p35,l3,0.00
i28,e12,c4,p35,l3,0.00
i29,e01,c5,p01,l3,0.00
i29,e01,c5,p02,l3,0.00
i29,e01,c5,p03,l3,0.00
i29,e01,c5,p04,l3,0.00
i29,e01,c5,p05,l3,0.00
i29,e01,c5,p06,l3,0.00
i29,e01,c5,p07,l3,0.00
i29,e01,c5,p08,l3,0.00
i29,e01,c5,p10,l3,0.00
i29,e01,c5,p11,l3,0.00
i29,e01,c5,p12,l3,0.00
i29,e01,c5,p13,l3,0.00
i29,e01,c5,p15,l3,0.00
i29,e01,c5,p16,l3,0.00
i29,e01,c5,p17,l3,1.43
i29,e01,c5,p18,l3,0.00
i29,e01,c5,p19,l3,0.00
i29,e01,c5,p21,l3,0.00
i29,e01,c5,p22,l3,0.00
i29,e01,c5,p23,l3,0.00
i29,e01,c5,p24,l3,0.00
i29,e01,c5,p29,l3,0.00
i29,e01,c5,p31,l3,0.00
i29,e01,c5,p32,l3,0.00
i29,e01,c5,p35,l3,14.53
i29,e04,c5,p01,l3,0.00
i29,e04,c5,p02,l3,0.00
i29,e04,c5,p03,l3,0.00
i29,e04,c5,p04,l3,1.06
i29,e04,c5,p05,l3,0.00
i29,e04,c5,p06,l3,0.00
i29,e04,c5,p07,l3,0.00
i29,e04,c5,p08,l3,0.00
i29,e04,c5,p10,l3,0.00
i29,e04,c5,p11,l3,0.00
i29,e04,c5,p12,l3,0.00
i29,e04,c5,p13,l3,0.00
i29,e04,c5,p14,l3,0.00
i29,e04,c5,p15,l3,0.00
i29,e04,c5,p16,l3,0.00
i29,e04,c5,p17,l3,4.41
i29,e04,c5,p18,l3,2.91
i29,e04,c5,p19,l3,0.00
i29,e04,c5,p21,l3,0.00
i29,e04,c5,p22,l3,0.00
i29,e04,c5,p23,l3,0.00
i29,e04,c5,p24,l3,0.00
i29,e04,c5,p29,l3,0.00
i29,e04,c5,p31,l3,0.00
i29,e04,c5,p32,l3,0.00
i29,e04,c5,p35,l3,12.58
i29,e09,c5,p01,l3,0.00
i29,e09,c5,p02,l3,0.00
i29,e09,c5,p03,l3,0.00
i29,e09,c5,p04,l3,0.00
i29,e09,c5,p05,l3,0.00
i29,e09,c5,p06,l3,0.00
i29,e09,c5,p07,l3,0.00
i29,e09,c5,p08,l3,0.00
i29,e09,c5,p10,l3,0.00
i29,e09,c5,p11,l3,2.09
i29,e09,c5,p12,l3,0.00
i29,e09,c5,p13,l3,0.00
i29,e09,c5,p15,l3,0.00
i29,e09,c5,p16,l3,0.00
i29,e09,c5,p17,l3,1.22
i29,e09,c5,p18,l3,0.00
i29,e09,c5,p19,l3,0.00
i29,e09,c5,p21,l3,0.00
i29,e09,c5,p22,l3,0.00
i29,e09,c5,p23,l3,0.00
i29,e09,c5,p24,l3,0.00
i29,e09,c5,p29,l3,0.00
i29,e09,c5,p31,l3,0.00
i29,e09,c5,p32,l3,0.00
i29,e09,c5,p35,l3,9.16
i30,e01,c1,p01,l3,3.57
i30,e01,c1,p02,l3,1.34
i30,e01,c1,p03,l3,2.40
i30,e01,c1,p04,l3,5.18
i30,e01,c1,p05,l3,10.16
i30,e01,c1,p06,l3,0.00
i30,e01,c1,p07,l3,9.19
i30,e01,c1,p08,l3,3.55
i30,e01,c1,p09,l3,1.31
i30,e01,c1,p10,l3,30.30
i30,e01,c1,p11,l3,1.78
i30,e01,c1,p12,l3,1.24
i30,e01,c1,p13,l3,6.21
i30,e01,c1,p14,l3,4.13
i30,e01,c1,p15,l3,2.86
i30,e01,c1,p16,l3,3.20
i30,e01,c1,p17,l3,4.20
i30,e01,c1,p18,l3,0.00
i30,e01,c1,p19,l3,20.02
i30,e01,c1,p20,l3,6.34
i30,e01,c1,p21,l3,6.11
i30,e01,c1,p22,l3,0.00
i30,e01,c1,p23,l3,0.00
i30,e01,c1,p24,l3,9.56
i30,e01,c1,p25,l3,1.82
i30,e01,c1,p26,l3,0.00
i30,e01,c1,p28,l3,3.38
i30,e01,c1,p29,l3,1.35
i30,e01,c1,p31,l3,0.00
i30,e01,c1,p32,l3,3.67
i30,e01,c1,p34,l3,0.00
i30,e01,c1,p35,l3,0.00
i30,e01,c4,p02,l3,0.00
i30,e01,c4,p04,l3,0.00
i30,e01,c4,p07,l3,0.00
i30,e01,c4,p10,l3,0.00
i30,e01,c4,p13,l3,0.00
i30,e01,c4,p17,l3,0.00
i30,e01,c4,p23,l3,0.00
i30,e01,c4,p35,l3,0.00
i30,e04,c1,p01,l3,0.00
i30,e04,c1,p02,l3,0.00
i30,e04,c1,p03,l3,9.40
i30,e04,c1,p04,l3,12.52
i30,e04,c1,p05,l3,0.00
i30,e04,c1,p06,l3,0.00
i30,e04,c1,p07,l3,4.26
i30,e04,c1,p08,l3,0.00
i30,e04,c1,p09,l3,0.00
i30,e04,c1,p10,l3,33.73
i30,e04,c1,p11,l3,0.00
i30,e04,c1,p12,l3,0.00
i30,e04,c1,p13,l3,18.29
i30,e04,c1,p14,l3,7.07
i30,e04,c1,p15,l3,5.28
i30,e04,c1,p16,l3,11.38
i30,e04,c1,p17,l3,5.67
i30,e04,c1,p18,l3,0.00
i30,e04,c1,p19,l3,26.34
i30,e04,c1,p20,l3,2.23
i30,e04,c1,p21,l3,7.03
i30,e04,c1,p22,l3,0.00
i30,e04,c1,p23,l3,0.00
i30,e04,c1,p24,l3,7.11
i30,e04,c1,p25,l3,2.55
i30,e04,c1,p26,l3,0.00
i30,e04,c1,p28,l3,0.00
i30,e04,c1,p29,l3,4.52
i30,e04,c1,p31,l3,0.00
i30,e04,c1,p32,l3,8.06
i30,e04,c1,p35,l3,4.18
i30,e04,c4,p04,l3,0.00
i30,e04,c4,p07,l3,0.00
i30,e04,c4,p10,l3,0.00
i30,e04,c4,p13,l3,0.00
i30,e04,c4,p17,l3,0.00
i30,e04,c4,p23,l3,0.00
i30,e04,c4,p35,l3,0.00
i30,e05,c1,p35,l3,0.00
i30,e09,c1,p01,l3,1.68
i30,e09,c1,p02,l3,2.23
i30,e09,c1,p03,l3,6.40
i30,e09,c1,p04,l3,6.87
i30,e09,c1,p05,l3,0.00
i30,e09,c1,p06,l3,0.00
i30,e09,c1,p07,l3,8.90
i30,e09,c1,p08,l3,3.08
i30,e09,c1,p09,l3,1.21
i30,e09,c1,p10,l3,15.26
i30,e09,c1,p11,l3,2.49
i30,e09,c1,p12,l3,1.19
i30,e09,c1,p13,l3,6.82
i30,e09,c1,p14,l3,2.12
i30,e09,c1,p15,l3,1.08
i30,e09,c1,p16,l3,5.38
i30,e09,c1,p17,l3,3.53
i30,e09,c1,p18,l3,0.00
i30,e09,c1,p19,l3,22.04
i30,e09,c1,p20,l3,0.00
i30,e09,c1,p21,l3,5.66
i30,e09,c1,p22,l3,2.30
i30,e09,c1,p23,l3,0.00
i30,e09,c1,p24,l3,12.10
i30,e09,c1,p25,l3,0.00
i30,e09,c1,p26,l3,0.00
i30,e09,c1,p28,l3,0.00
i30,e09,c1,p29,l3,3.85
i30,e09,c1,p31,l3,0.00
i30,e09,c1,p32,l3,0.00
i30,e09,c1,p35,l3,1.25
i30,e09,c4,p02,l3,0.00
i30,e09,c4,p04,l3,0.00
i30,e09,c4,p07,l3,0.00
i30,e09,c4,p10,l3,0.00
i30,e09,c4,p13,l3,0.00
i30,e09,c4,p17,l3,0.00
i30,e09,c4,p23,l3,0.00
i30,e09,c4,p35,l3,0.00
i31,e01,c1,p01,l3,0.00
i31,e01,c1,p02,l3,0.00
i31,e01,c1,p03,l3,0.00
i31,e01,c1,p04,l3,0.00
i31,e01,c1,p05,l3,0.00
i31,e01,c1,p06,l3,0.00
i31,e01,c1,p07,l3,0.00
i31,e01,c1,p08,l3,0.00
i31,e01,c1,p09,l3,0.00
i31,e01,c1,p10,l3,0.00
i31,e01,c1,p11,l3,0.00
i31,e01,c1,p12,l3,0.00
i31,e01,c1,p13,l3,0.00
i31,e01,c1,p14,l3,0.00
i31,e01,c1,p15,l3,0.00
i31,e01,c1,p16,l3,0.00
i31,e01,c1,p17,l3,0.00
i31,e01,c1,p18,l3,0.00
i31,e01,c1,p19,l3,0.00
i31,e01,c1,p20,l3,0.00
i31,e01,c1,p21,l3,0.00
i31,e01,c1,p22,l3,0.00
i31,e01,c1,p23,l3,0.00
i31,e01,c1,p24,l3,0.00
i31,e01,c1,p25,l3,0.00
i31,e01,c1,p27,l3,0.00
i31,e01,c1,p28,l3,0.00
i31,e01,c1,p29,l3,0.00
i31,e01,c1,p32,l3,0.00
i31,e01,c1,p35,l3,6.06
i31,e01,c4,p03,l3,0.00
i31,e01,c4,p04,l3,0.00
i31,e01,c4,p06,l3,0.00
i31,e01,c4,p07,l3,0.00
i31,e01,c4,p10,l3,0.00
i31,e01,c4,p11,l3,0.00
i31,e01,c4,p13,l3,0.00
i31,e01,c4,p14,l3,0.00
i31,e01,c4,p15,l3,0.00
i31,e01,c4,p16,l3,0.00
i31,e01,c4,p17,l3,0.00
i31,e01,c4,p18,l3,0.00
i31,e01,c4,p19,l3,0.00
i31,e01,c4,p20,l3,0.00
i31,e01,c4,p24,l3,0.00
i31,e01,c4,p29,l3,0.00
i31,e01,c4,p35,l3,0.00
i31,e04,c1,p01,l1,0.00
i31,e04,c1,p01,l3,0.00
i31,e04,c1,p02,l1,0.00
i31,e04,c1,p02,l3,0.00
i31,e04,c1,p03,l1,0.00
i31,e04,c1,p03,l3,0.00
i31,e04,c1,p04,l1,0.00
i31,e04,c1,p04,l3,1.18
i31,e04,c1,p05,l1,0.00
i31,e04,c1,p05,l3,0.00
i31,e04,c1,p06,l1,0.00
i31,e04,c1,p06,l3,0.00
i31,e04,c1,p07,l1,0.00
i31,e04,c1,p07,l3,0.00
i31,e04,c1,p08,l1,0.00
i31,e04,c1,p08,l3,0.00
i31,e04,c1,p09,l1,0.00
i31,e04,c1,p09,l3,0.00
i31,e04,c1,p10,l1,0.00
i31,e04,c1,p10,l3,0.00
i31,e04,c1,p11,l1,0.00
i31,e04,c1,p11,l3,0.00
i31,e04,c1,p12,l1,0.00
i31,e04,c1,p12,l3,0.00
i31,e04,c1,p13,l1,0.00
i31,e04,c1,p13,l3,0.00
i31,e04,c1,p14,l1,0.00
i31,e04,c1,p14,l3,0.00
i31,e04,c1,p15,l1,0.00
i31,e04,c1,p15,l3,0.00
i31,e04,c1,p16,l1,0.00
i31,e04,c1,p16,l3,0.00
i31,e04,c1,p17,l1,0.00
i31,e04,c1,p17,l3,0.00
i31,e04,c1,p18,l1,0.00
i31,e04,c1,p18,l3,0.00
i31,e04,c1,p19,l1,0.00
i31,e04,c1,p19,l3,0.00
i31,e04,c1,p20,l1,0.00
i31,e04,c1,p20,l3,0.00
i31,e04,c1,p21,l1,0.00
i31,e04,c1,p21,l3,0.00
i31,e04,c1,p22,l1,0.00
i31,e04,c1,p22,l3,0.00
i31,e04,c1,p23,l1,0.00
i31,e04,c1,p23,l3,0.00
i31,e04,c1,p24,l1,0.00
i31,e04,c1,p24,l3,0.00
i31,e04,c1,p25,l3,0.00
i31,e04,c1,p28,l1,0.00
i31,e04,c1,p28,l3,0.00
i31,e04,c1,p29,l1,0.00
i31,e04,c1,p29,l3,0.00
i31,e04,c1,p32,l3,0.00
i31,e04,c1,p35,l1,0.00
i31,e04,c1,p35,l3,9.60
i31,e04,c4,p03,l1,0.00
i31,e04,c4,p03,l3,0.00
i31,e04,c4,p04,l3,0.00
i31,e04,c4,p07,l3,0.00
i31,e04,c4,p08,l3,0.00
i31,e04,c4,p10,l3,0.00
i31,e04,c4,p11,l1,0.00
i31,e04,c4,p11,l3,0.00
i31,e04,c4,p13,l3,0.00
i31,e04,c4,p14,l3,0.00
i31,e04,c4,p15,l1,0.00
i31,e04,c4,p15,l3,0.00
i31,e04,c4,p16,l1,0.00
i31,e04,c4,p16,l3,0.00
i31,e04,c4,p17,l1,0.00
i31,e04,c4,p17,l3,0.00
i31,e04,c4,p19,l1,0.00
i31,e04,c4,p19,l3,0.00
i31,e04,c4,p20,l3,0.00
i31,e04,c4,p21,l1,0.00
i31,e04,c4,p21,l3,0.00
i31,e04,c4,p24,l3,0.00
i31,e04,c4,p35,l1,0.00
i31,e04,c4,p35,l3,0.00
i31,e05,c1,p01,l3,0.00
i31,e05,c1,p02,l1,0.00
i31,e05,c1,p02,l3,0.00
i31,e05,c1,p03,l1,0.00
i31,e05,c1,p03,l3,0.00
i31,e05,c1,p04,l1,0.00
i31,e05,c1,p04,l3,0.00
i31,e05,c1,p05,l1,0.00
i31,e05,c1,p05,l3,0.00
i31,e05,c1,p06,l1,0.00
i31,e05,c1,p06,l3,0.00
i31,e05,c1,p07,l1,0.00
i31,e05,c1,p07,l3,0.00
i31,e05,c1,p08,l3,0.00
i31,e05,c1,p09,l3,0.00
i31,e05,c1,p10,l1,0.00
i31,e05,c1,p10,l3,0.00
i31,e05,c1,p11,l1,0.00
i31,e05,c1,p11,l3,0.00
i31,e05,c1,p12,l1,0.00
i31,e05,c1,p12,l3,0.00
i31,e05,c1,p13,l1,0.00
i31,e05,c1,p13,l3,0.00
i31,e05,c1,p14,l1,0.00
i31,e05,c1,p14,l3,0.00
i31,e05,c1,p15,l1,0.00
i31,e05,c1,p15,l3,0.00
i31,e05,c1,p16,l1,0.00
i31,e05,c1,p16,l3,0.00
i31,e05,c1,p17,l1,0.00
i31,e05,c1,p17,l3,0.00
i31,e05,c1,p18,l1,0.00
i31,e05,c1,p18,l3,0.00
i31,e05,c1,p19,l1,0.00
i31,e05,c1,p19,l3,0.00
i31,e05,c1,p20,l1,0.00
i31,e05,c1,p21,l1,0.00
i31,e05,c1,p21,l3,0.00
i31,e05,c1,p22,l1,0.00
i31,e05,c1,p22,l3,0.00
i31,e05,c1,p23,l1,0.00
i31,e05,c1,p23,l3,0.00
i31,e05,c1,p24,l1,0.00
i31,e05,c1,p24,l3,0.00
i31,e05,c1,p28,l1,0.00
i31,e05,c1,p28,l3,0.00
i31,e05,c1,p29,l1,0.00
i31,e05,c1,p29,l3,0.00
i31,e05,c1,p35,l1,0.00
i31,e05,c1,p35,l3,0.00
i31,e05,c4,p03,l3,0.00
i31,e05,c4,p06,l3,0.00
i31,e05,c4,p10,l3,0.00
i31,e05,c4,p13,l3,0.00
i31,e05,c4,p16,l3,0.00
i31,e05,c4,p19,l3,0.00
i31,e05,c4,p20,l3,0.00
i31,e05,c4,p35,l3,0.00
i31,e06,c1,p07,l3,0.00
i31,e06,c1,p19,l3,0.00
i31,e06,c1,p21,l3,0.00
i31,e06,c1,p35,l3,0.00
i31,e07,c1,p01,l2,0.00
i31,e07,c1,p01,l3,0.00
i31,e07,c1,p02,l2,0.00
i31,e07,c1,p02,l3,0.00
i31,e07,c1,p03,l2,0.00
i31,e07,c1,p03,l3,0.00
i31,e07,c1,p04,l2,0.00
i31,e07,c1,p04,l3,0.00
i31,e07,c1,p05,l2,0.00
i31,e07,c1,p05,l3,0.00
i31,e07,c1,p06,l2,0.00
i31,e07,c1,p06,l3,0.00
i31,e07,c1,p07,l2,0.00
i31,e07,c1,p07,l3,0.00
i31,e07,c1,p08,l3,0.00
i31,e07,c1,p09,l2,0.00
i31,e07,c1,p09,l3,0.00
i31,e07,c1,p10,l2,0.00
i31,e07,c1,p10,l3,0.00
i31,e07,c1,p11,l2,0.00
i31,e07,c1,p11,l3,0.00
i31,e07,c1,p12,l2,0.00
i31,e07,c1,p12,l3,0.00
i31,e07,c1,p13,l2,0.00
i31,e07,c1,p13,l3,0.00
i31,e07,c1,p14,l2,0.00
i31,e07,c1,p14,l3,0.00
i31,e07,c1,p15,l2,0.00
i31,e07,c1,p15,l3,0.00
i31,e07,c1,p16,l2,0.00
i31,e07,c1,p16,l3,0.00
i31,e07,c1,p17,l2,0.00
i31,e07,c1,p17,l3,0.00
i31,e07,c1,p18,l2,0.00
i31,e07,c1,p18,l3,0.00
i31,e07,c1,p19,l2,0.00
i31,e07,c1,p19,l3,0.00
i31,e07,c1,p20,l2,0.00
i31,e07,c1,p20,l3,0.00
i31,e07,c1,p21,l2,0.00
i31,e07,c1,p21,l3,0.00
i31,e07,c1,p22,l2,0.00
i31,e07,c1,p22,l3,0.00
i31,e07,c1,p23,l2,0.00
i31,e07,c1,p23,l3,0.00
i31,e07,c1,p24,l2,0.00
i31,e07,c1,p24,l3,1.55
i31,e07,c1,p28,l2,0.00
i31,e07,c1,p28,l3,0.00
i31,e07,c1,p29,l2,0.00
i31,e07,c1,p29,l3,0.00
i31,e07,c1,p35,l2,0.00
i31,e07,c1,p35,l3,0.00
i31,e07,c4,p03,l3,0.00
i31,e07,c4,p07,l3,0.00
i31,e07,c4,p10,l3,0.00
i31,e07,c4,p11,l3,0.00
i31,e07,c4,p13,l2,0.00
i31,e07,c4,p13,l3,0.00
i31,e07,c4,p15,l2,0.00
i31,e07,c4,p16,l2,0.00
i31,e07,c4,p16,l3,0.00
i31,e07,c4,p17,l2,0.00
i31,e07,c4,p17,l3,0.00
i31,e07,c4,p19,l2,0.00
i31,e07,c4,p19,l3,0.00
i31,e07,c4,p20,l2,0.00
i31,e07,c4,p20,l3,0.00
i31,e07,c4,p28,l3,0.00
i31,e07,c4,p35,l2,0.00
i31,e07,c4,p35,l3,0.00
i31,e08,c1,p01,l2,0.00
i31,e08,c1,p01,l3,0.00
i31,e08,c1,p02,l2,0.00
i31,e08,c1,p02,l3,0.00
i31,e08,c1,p03,l2,0.00
i31,e08,c1,p03,l3,1.59
i31,e08,c1,p04,l2,0.00
i31,e08,c1,p04,l3,1.20
i31,e08,c1,p05,l2,0.00
i31,e08,c1,p05,l3,2.00
i31,e08,c1,p06,l2,0.00
i31,e08,c1,p06,l3,2.03
i31,e08,c1,p07,l2,0.00
i31,e08,c1,p07,l3,1.14
i31,e08,c1,p08,l2,0.00
i31,e08,c1,p08,l3,0.00
i31,e08,c1,p09,l2,0.00
i31,e08,c1,p09,l3,0.00
i31,e08,c1,p10,l2,0.00
i31,e08,c1,p10,l3,3.66
i31,e08,c1,p11,l2,0.00
i31,e08,c1,p11,l3,4.11
i31,e08,c1,p12,l2,0.00
i31,e08,c1,p12,l3,0.00
i31,e08,c1,p13,l2,0.00
i31,e08,c1,p13,l3,1.39
i31,e08,c1,p14,l2,0.00
i31,e08,c1,p14,l3,2.36
i31,e08,c1,p15,l2,0.00
i31,e08,c1,p15,l3,1.18
i31,e08,c1,p16,l2,0.00
i31,e08,c1,p16,l3,0.00
i31,e08,c1,p17,l2,0.00
i31,e08,c1,p17,l3,0.00
i31,e08,c1,p18,l2,0.00
i31,e08,c1,p18,l3,0.00
i31,e08,c1,p19,l2,0.00
i31,e08,c1,p19,l3,1.42
i31,e08,c1,p20,l2,0.00
i31,e08,c1,p20,l3,0.00
i31,e08,c1,p21,l2,0.00
i31,e08,c1,p21,l3,14.16
i31,e08,c1,p22,l2,0.00
i31,e08,c1,p22,l3,0.00
i31,e08,c1,p23,l2,0.00
i31,e08,c1,p23,l3,0.00
i31,e08,c1,p24,l2,0.00
i31,e08,c1,p24,l3,2.71
i31,e08,c1,p25,l2,0.00
i31,e08,c1,p25,l3,0.00
i31,e08,c1,p26,l3,0.00
i31,e08,c1,p27,l3,0.00
i31,e08,c1,p28,l2,0.00
i31,e08,c1,p28,l3,3.61
i31,e08,c1,p29,l2,0.00
i31,e08,c1,p29,l3,1.12
i31,e08,c1,p32,l2,0.00
i31,e08,c1,p32,l3,0.00
i31,e08,c1,p33,l3,0.00
i31,e08,c1,p35,l2,0.00
i31,e08,c1,p35,l3,742.30
i31,e08,c4,p03,l2,0.00
i31,e08,c4,p03,l3,0.00
i31,e08,c4,p04,l2,0.00
i31,e08,c4,p04,l3,0.00
i31,e08,c4,p05,l2,0.00
i31,e08,c4,p05,l3,0.00
i31,e08,c4,p06,l2,0.00
i31,e08,c4,p06,l3,0.00
i31,e08,c4,p07,l2,0.00
i31,e08,c4,p07,l3,0.00
i31,e08,c4,p08,l2,0.00
i31,e08,c4,p08,l3,0.00
i31,e08,c4,p10,l2,0.00
i31,e08,c4,p10,l3,0.00
i31,e08,c4,p11,l2,0.00
i31,e08,c4,p11,l3,0.00
i31,e08,c4,p12,l2,0.00
i31,e08,c4,p12,l3,0.00
i31,e08,c4,p13,l2,0.00
i31,e08,c4,p13,l3,0.00
i31,e08,c4,p14,l2,0.00
i31,e08,c4,p14,l3,0.00
i31,e08,c4,p15,l2,0.00
i31,e08,c4,p15,l3,0.00
i31,e08,c4,p16,l2,0.00
i31,e08,c4,p16,l3,0.00
i31,e08,c4,p17,l2,0.00
i31,e08,c4,p17,l3,0.00
i31,e08,c4,p18,l3,0.00
i31,e08,c4,p19,l2,0.00
i31,e08,c4,p19,l3,0.00
i31,e08,c4,p20,l2,0.00
i31,e08,c4,p20,l3,0.00
i31,e08,c4,p21,l2,0.00
i31,e08,c4,p21,l3,0.00
i31,e08,c4,p23,l2,0.00
i31,e08,c4,p24,l3,0.00
i31,e08,c4,p28,l3,0.00
i31,e08,c4,p29,l2,0.00
i31,e08,c4,p29,l3,0.00
i31,e08,c4,p35,l2,0.00
i31,e08,c4,p35,l3,0.00
i31,e09,c1,p01,l2,0.00
i31,e09,c1,p01,l3,0.00
i31,e09,c1,p02,l2,0.00
i31,e09,c1,p02,l3,0.00
i31,e09,c1,p03,l2,0.00
i31,e09,c1,p03,l3,0.00
i31,e09,c1,p04,l2,0.00
i31,e09,c1,p04,l3,1.67
i31,e09,c1,p05,l2,0.00
i31,e09,c1,p05,l3,1.30
i31,e09,c1,p06,l2,0.00
i31,e09,c1,p06,l3,0.00
i31,e09,c1,p07,l2,0.00
i31,e09,c1,p07,l3,0.00
i31,e09,c1,p08,l2,0.00
i31,e09,c1,p08,l3,0.00
i31,e09,c1,p09,l2,0.00
i31,e09,c1,p09,l3,0.00
i31,e09,c1,p10,l2,0.00
i31,e09,c1,p10,l3,0.00
i31,e09,c1,p11,l2,0.00
i31,e09,c1,p11,l3,0.00
i31,e09,c1,p12,l2,0.00
i31,e09,c1,p12,l3,0.00
i31,e09,c1,p13,l2,0.00
i31,e09,c1,p13,l3,0.00
i31,e09,c1,p14,l2,0.00
i31,e09,c1,p14,l3,0.00
i31,e09,c1,p15,l2,0.00
i31,e09,c1,p15,l3,0.00
i31,e09,c1,p16,l2,0.00
i31,e09,c1,p16,l3,0.00
i31,e09,c1,p17,l2,0.00
i31,e09,c1,p17,l3,0.00
i31,e09,c1,p18,l2,0.00
i31,e09,c1,p18,l3,0.00
i31,e09,c1,p19,l2,0.00
i31,e09,c1,p19,l3,0.00
i31,e09,c1,p20,l2,0.00
i31,e09,c1,p20,l3,0.00
i31,e09,c1,p21,l2,0.00
i31,e09,c1,p21,l3,0.00
i31,e09,c1,p22,l2,0.00
i31,e09,c1,p22,l3,0.00
i31,e09,c1,p23,l2,0.00
i31,e09,c1,p23,l3,0.00
i31,e09,c1,p24,l2,0.00
i31,e09,c1,p24,l3,0.00
i31,e09,c1,p25,l3,0.00
i31,e09,c1,p28,l2,0.00
i31,e09,c1,p28,l3,1.80
i31,e09,c1,p29,l2,0.00
i31,e09,c1,p29,l3,0.00
i31,e09,c1,p35,l2,0.00
i31,e09,c1,p35,l3,4.76
i31,e09,c4,p03,l2,0.00
i31,e09,c4,p03,l3,0.00
i31,e09,c4,p04,l2,0.00
i31,e09,c4,p07,l2,0.00
i31,e09,c4,p07,l3,0.00
i31,e09,c4,p08,l3,0.00
i31,e09,c4,p10,l3,0.00
i31,e09,c4,p11,l2,0.00
i31,e09,c4,p11,l3,0.00
i31,e09,c4,p12,l3,0.00
i31,e09,c4,p13,l3,0.00
i31,e09,c4,p14,l3,0.00
i31,e09,c4,p15,l2,0.00
i31,e09,c4,p15,l3,0.00
i31,e09,c4,p16,l2,0.00
i31,e09,c4,p16,l3,0.00
i31,e09,c4,p17,l2,0.00
i31,e09,c4,p17,l3,0.00
i31,e09,c4,p19,l2,0.00
i31,e09,c4,p19,l3,0.00
i31,e09,c4,p20,l2,0.00
i31,e09,c4,p20,l3,0.00
i31,e09,c4,p21,l3,0.00
i31,e09,c4,p24,l3,0.00
i31,e09,c4,p29,l3,0.00
i31,e09,c4,p35,l2,0.00
i31,e09,c4,p35,l3,0.00
i31,e10,c1,p01,l1,0.00
i31,e10,c1,p01,l2,0.00
i31,e10,c1,p01,l3,0.00
i31,e10,c1,p02,l1,0.00
i31,e10,c1,p02,l2,0.00
i31,e10,c1,p02,l3,0.00
i31,e10,c1,p03,l1,0.00
i31,e10,c1,p03,l2,0.00
i31,e10,c1,p03,l3,0.00
i31,e10,c1,p04,l1,0.00
i31,e10,c1,p04,l2,0.00
i31,e10,c1,p04,l3,0.00
i31,e10,c1,p05,l1,0.00
i31,e10,c1,p05,l2,0.00
i31,e10,c1,p05,l3,0.00
i31,e10,c1,p06,l1,0.00
i31,e10,c1,p06,l2,0.00
i31,e10,c1,p06,l3,0.00
i31,e10,c1,p07,l1,0.00
i31,e10,c1,p07,l2,0.00
i31,e10,c1,p07,l3,0.00
i31,e10,c1,p08,l1,0.00
i31,e10,c1,p08,l2,0.00
i31,e10,c1,p08,l3,0.00
i31,e10,c1,p09,l1,0.00
i31,e10,c1,p09,l2,0.00
i31,e10,c1,p09,l3,0.00
i31,e10,c1,p10,l1,0.00
i31,e10,c1,p10,l2,0.00
i31,e10,c1,p10,l3,0.00
i31,e10,c1,p11,l1,0.00
i31,e10,c1,p11,l2,0.00
i31,e10,c1,p11,l3,0.00
i31,e10,c1,p12,l1,0.00
i31,e10,c1,p12,l2,0.00
i31,e10,c1,p12,l3,0.00
i31,e10,c1,p13,l1,0.00
i31,e10,c1,p13,l2,0.00
i31,e10,c1,p13,l3,0.00
i31,e10,c1,p14,l1,0.00
i31,e10,c1,p14,l2,0.00
i31,e10,c1,p14,l3,0.00
i31,e10,c1,p15,l1,0.00
i31,e10,c1,p15,l2,0.00
i31,e10,c1,p15,l3,0.00
i31,e10,c1,p16,l1,0.00
i31,e10,c1,p16,l2,0.00
i31,e10,c1,p16,l3,0.00
i31,e10,c1,p17,l1,0.00
i31,e10,c1,p17,l2,0.00
i31,e10,c1,p17,l3,0.00
i31,e10,c1,p18,l1,0.00
i31,e10,c1,p18,l2,0.00
i31,e10,c1,p18,l3,0.00
i31,e10,c1,p19,l1,0.00
i31,e10,c1,p19,l2,0.00
i31,e10,c1,p19,l3,0.00
i31,e10,c1,p20,l1,0.00
i31,e10,c1,p20,l2,0.00
i31,e10,c1,p20,l3,0.00
i31,e10,c1,p21,l1,0.00
i31,e10,c1,p21,l2,0.00
i31,e10,c1,p21,l3,0.00
i31,e10,c1,p22,l1,0.00
i31,e10,c1,p22,l2,0.00
i31,e10,c1,p22,l3,0.00
i31,e10,c1,p23,l1,0.00
i31,e10,c1,p23,l2,0.00
i31,e10,c1,p23,l3,0.00
i31,e10,c1,p24,l1,0.00
i31,e10,c1,p24,l2,0.00
i31,e10,c1,p24,l3,0.00
i31,e10,c1,p25,l1,0.00
i31,e10,c1,p25,l2,0.00
i31,e10,c1,p25,l3,0.00
i31,e10,c1,p27,l1,0.00
i31,e10,c1,p27,l2,0.00
i31,e10,c1,p27,l3,0.00
i31,e10,c1,p28,l1,0.00
i31,e10,c1,p28,l2,0.00
i31,e10,c1,p28,l3,0.00
i31,e10,c1,p29,l1,0.00
i31,e10,c1,p29,l2,0.00
i31,e10,c1,p29,l3,0.00
i31,e10,c1,p35,l1,0.00
i31,e10,c1,p35,l2,0.00
i31,e10,c1,p35,l3,0.00
i31,e10,c4,p03,l1,0.00
i31,e10,c4,p03,l2,0.00
i31,e10,c4,p03,l3,0.00
i31,e10,c4,p04,l1,0.00
i31,e10,c4,p04,l2,0.00
i31,e10,c4,p04,l3,0.00
i31,e10,c4,p06,l1,0.00
i31,e10,c4,p06,l2,0.00
i31,e10,c4,p06,l3,0.00
i31,e10,c4,p07,l1,0.00
i31,e10,c4,p07,l2,0.00
i31,e10,c4,p07,l3,0.00
i31,e10,c4,p08,l1,0.00
i31,e10,c4,p08,l2,0.00
i31,e10,c4,p08,l3,0.00
i31,e10,c4,p10,l1,0.00
i31,e10,c4,p10,l2,0.00
i31,e10,c4,p10,l3,0.00
i31,e10,c4,p11,l1,0.00
i31,e10,c4,p11,l2,0.00
i31,e10,c4,p11,l3,0.00
i31,e10,c4,p12,l1,0.00
i31,e10,c4,p12,l2,0.00
i31,e10,c4,p12,l3,0.00
i31,e10,c4,p13,l1,0.00
i31,e10,c4,p13,l2,0.00
i31,e10,c4,p13,l3,0.00
i31,e10,c4,p14,l1,0.00
i31,e10,c4,p14,l2,0.00
i31,e10,c4,p14,l3,0.00
i31,e10,c4,p15,l1,0.00
i31,e10,c4,p15,l2,0.00
i31,e10,c4,p15,l3,0.00
i31,e10,c4,p16,l1,0.00
i31,e10,c4,p16,l2,0.00
i31,e10,c4,p16,l3,0.00
i31,e10,c4,p17,l1,0.00
i31,e10,c4,p17,l2,0.00
i31,e10,c4,p17,l3,0.00
i31,e10,c4,p18,l2,0.00
i31,e10,c4,p18,l3,0.00
i31,e10,c4,p19,l1,0.00
i31,e10,c4,p19,l2,0.00
i31,e10,c4,p19,l3,0.00
i31,e10,c4,p20,l1,0.00
i31,e10,c4,p20,l2,0.00
i31,e10,c4,p20,l3,0.00
i31,e10,c4,p21,l1,0.00
i31,e10,c4,p21,l2,0.00
i31,e10,c4,p21,l3,0.00
i31,e10,c4,p23,l1,0.00
i31,e10,c4,p23,l2,0.00
i31,e10,c4,p23,l3,0.00
i31,e10,c4,p24,l2,0.00
i31,e10,c4,p24,l3,0.00
i31,e10,c4,p28,l1,0.00
i31,e10,c4,p28,l2,0.00
i31,e10,c4,p28,l3,0.00
i31,e10,c4,p29,l1,0.00
i31,e10,c4,p29,l2,0.00
i31,e10,c4,p29,l3,0.00
i31,e10,c4,p35,l1,0.00
i31,e10,c4,p35,l2,0.00
i31,e10,c4,p35,l3,0.00
i31,e11,c1,p01,l2,0.00
i31,e11,c1,p01,l3,0.00
i31,e11,c1,p02,l2,0.00
i31,e11,c1,p02,l3,0.00
i31,e11,c1,p03,l2,0.00
i31,e11,c1,p03,l3,14.30
i31,e11,c1,p04,l2,0.00
i31,e11,c1,p04,l3,0.00
i31,e11,c1,p05,l2,0.00
i31,e11,c1,p05,l3,0.00
i31,e11,c1,p06,l2,0.00
i31,e11,c1,p06,l3,3.46
i31,e11,c1,p07,l2,0.00
i31,e11,c1,p07,l3,0.00
i31,e11,c1,p08,l2,0.00
i31,e11,c1,p08,l3,0.00
i31,e11,c1,p09,l2,0.00
i31,e11,c1,p09,l3,0.00
i31,e11,c1,p10,l2,0.00
i31,e11,c1,p10,l3,15.12
i31,e11,c1,p11,l2,0.00
i31,e11,c1,p11,l3,6.49
i31,e11,c1,p12,l2,0.00
i31,e11,c1,p12,l3,0.00
i31,e11,c1,p13,l2,0.00
i31,e11,c1,p13,l3,2.17
i31,e11,c1,p14,l2,0.00
i31,e11,c1,p14,l3,0.00
i31,e11,c1,p15,l2,0.00
i31,e11,c1,p15,l3,2.30
i31,e11,c1,p16,l2,0.00
i31,e11,c1,p16,l3,0.00
i31,e11,c1,p17,l2,0.00
i31,e11,c1,p17,l3,2.22
i31,e11,c1,p18,l2,0.00
i31,e11,c1,p18,l3,0.00
i31,e11,c1,p19,l2,0.00
i31,e11,c1,p19,l3,7.14
i31,e11,c1,p20,l2,0.00
i31,e11,c1,p20,l3,0.00
i31,e11,c1,p21,l2,0.00
i31,e11,c1,p21,l3,7.08
i31,e11,c1,p22,l2,0.00
i31,e11,c1,p22,l3,0.00
i31,e11,c1,p23,l2,0.00
i31,e11,c1,p23,l3,0.00
i31,e11,c1,p24,l2,0.00
i31,e11,c1,p24,l3,3.82
i31,e11,c1,p25,l3,0.00
i31,e11,c1,p26,l3,0.00
i31,e11,c1,p27,l3,0.00
i31,e11,c1,p28,l2,0.00
i31,e11,c1,p28,l3,6.75
i31,e11,c1,p29,l2,0.00
i31,e11,c1,p29,l3,0.00
i31,e11,c1,p32,l2,0.00
i31,e11,c1,p32,l3,0.00
i31,e11,c1,p33,l3,0.00
i31,e11,c1,p35,l2,0.00
i31,e11,c1,p35,l3,71.19
i31,e11,c4,p03,l2,0.00
i31,e11,c4,p03,l3,0.00
i31,e11,c4,p04,l3,0.00
i31,e11,c4,p06,l3,0.00
i31,e11,c4,p07,l2,0.00
i31,e11,c4,p07,l3,0.00
i31,e11,c4,p08,l3,0.00
i31,e11,c4,p10,l2,0.00
i31,e11,c4,p10,l3,0.00
i31,e11,c4,p11,l2,0.00
i31,e11,c4,p11,l3,0.00
i31,e11,c4,p12,l3,0.00
i31,e11,c4,p13,l2,0.00
i31,e11,c4,p13,l3,0.00
i31,e11,c4,p14,l2,0.00
i31,e11,c4,p14,l3,0.00
i31,e11,c4,p15,l2,0.00
i31,e11,c4,p15,l3,0.00
i31,e11,c4,p16,l2,0.00
i31,e11,c4,p16,l3,0.00
i31,e11,c4,p17,l2,0.00
i31,e11,c4,p17,l3,0.00
i31,e11,c4,p19,l2,0.00
i31,e11,c4,p19,l3,0.00
i31,e11,c4,p20,l2,0.00
i31,e11,c4,p20,l3,0.00
i31,e11,c4,p21,l2,0.00
i31,e11,c4,p21,l3,0.00
i31,e11,c4,p23,l3,0.00
i31,e11,c4,p24,l3,0.00
i31,e11,c4,p28,l3,0.00
i31,e11,c4,p29,l3,0.00
i31,e11,c4,p35,l2,0.00
i31,e11,c4,p35,l3,0.00
i31,e12,c1,p01,l3,0.00
i31,e12,c1,p02,l3,0.00
i31,e12,c1,p03,l3,0.00
i31,e12,c1,p04,l3,0.00
i31,e12,c1,p05,l3,0.00
i31,e12,c1,p06,l3,0.00
i31,e12,c1,p07,l3,0.00
i31,e12,c1,p08,l3,0.00
i31,e12,c1,p09,l3,0.00
i31,e12,c1,p10,l3,0.00
i31,e12,c1,p11,l3,0.00
i31,e12,c1,p12,l3,0.00
i31,e12,c1,p13,l3,0.00
i31,e12,c1,p14,l3,0.00
i31,e12,c1,p15,l3,0.00
i31,e12,c1,p16,l3,0.00
i31,e12,c1,p17,l3,0.00
i31,e12,c1,p18,l3,0.00
i31,e12,c1,p19,l3,0.00
i31,e12,c1,p20,l3,0.00
i31,e12,c1,p21,l3,0.00
i31,e12,c1,p22,l3,0.00
i31,e12,c1,p23,l3,0.00
i31,e12,c1,p24,l3,0.00
i31,e12,c1,p28,l3,0.00
i31,e12,c1,p29,l3,0.00
i31,e12,c1,p35,l3,3.46
i31,e12,c4,p03,l3,0.00
i31,e12,c4,p05,l3,0.00
i31,e12,c4,p07,l3,0.00
i31,e12,c4,p11,l3,0.00
i31,e12,c4,p13,l3,0.00
i31,e12,c4,p14,l3,0.00
i31,e12,c4,p16,l3,0.00
i31,e12,c4,p17,l3,0.00
i31,e12,c4,p19,l3,0.00
i31,e12,c4,p20,l3,0.00
i31,e12,c4,p21,l3,0.00
i31,e12,c4,p24,l3,0.00
i31,e12,c4,p35,l3,0.00
i32,e01,c3,p02,l3,0.00
i32,e01,c3,p04,l3,0.00
i32,e01,c3,p35,l3,0.00
i32,e01,c5,p01,l3,0.00
i32,e01,c5,p02,l3,0.00
i32,e01,c5,p03,l3,0.00
i32,e01,c5,p04,l3,0.00
i32,e01,c5,p05,l3,0.00
i32,e01,c5,p06,l3,0.00
i32,e01,c5,p07,l3,0.00
i32,e01,c5,p08,l3,0.00
i32,e01,c5,p09,l3,0.00
i32,e01,c5,p10,l3,0.00
i32,e01,c5,p11,l3,0.00
i32,e01,c5,p12,l3,0.00
i32,e01,c5,p13,l3,0.00
i32,e01,c5,p14,l3,0.00
i32,e01,c5,p15,l3,0.00
i32,e01,c5,p16,l3,0.00
i32,e01,c5,p17,l3,0.00
i32,e01,c5,p18,l3,0.00
i32,e01,c5,p19,l3,0.00
i32,e01,c5,p20,l3,0.00
i32,e01,c5,p21,l3,0.00
i32,e01,c5,p22,l3,0.00
i32,e01,c5,p23,l3,0.00
i32,e01,c5,p24,l3,0.00
i32,e01,c5,p25,l3,0.00
i32,e01,c5,p26,l3,0.00
i32,e01,c5,p28,l3,0.00
i32,e01,c5,p29,l3,0.00
i32,e01,c5,p31,l3,0.00
i32,e01,c5,p32,l3,0.00
i32,e01,c5,p35,l3,0.00
i32,e03,c5,p11,l3,0.00
i32,e03,c5,p35,l3,0.00
i32,e04,c3,p02,l1,0.00
i32,e04,c3,p02,l3,0.00
i32,e04,c3,p04,l1,0.00
i32,e04,c3,p04,l3,0.00
i32,e04,c3,p35,l1,0.00
i32,e04,c3,p35,l3,0.00
i32,e04,c5,p01,l1,0.00
i32,e04,c5,p01,l3,0.00
i32,e04,c5,p02,l1,0.00
i32,e04,c5,p02,l3,0.00
i32,e04,c5,p03,l1,0.00
i32,e04,c5,p03,l3,0.00
i32,e04,c5,p04,l1,0.00
i32,e04,c5,p04,l3,0.00
i32,e04,c5,p05,l1,0.00
i32,e04,c5,p05,l3,0.00
i32,e04,c5,p06,l1,0.00
i32,e04,c5,p06,l3,0.00
i32,e04,c5,p07,l1,0.00
i32,e04,c5,p07,l3,0.00
i32,e04,c5,p08,l1,0.00
i32,e04,c5,p08,l3,0.00
i32,e04,c5,p09,l1,0.00
i32,e04,c5,p09,l3,0.00
i32,e04,c5,p10,l1,0.00
i32,e04,c5,p10,l3,0.00
i32,e04,c5,p11,l1,0.00
i32,e04,c5,p11,l3,0.00
i32,e04,c5,p12,l1,0.00
i32,e04,c5,p12,l3,0.00
i32,e04,c5,p13,l1,0.00
i32,e04,c5,p13,l3,0.00
i32,e04,c5,p14,l1,0.00
i32,e04,c5,p14,l3,0.00
i32,e04,c5,p15,l1,0.00
i32,e04,c5,p15,l3,0.00
i32,e04,c5,p16,l1,0.00
i32,e04,c5,p16,l3,0.00
i32,e04,c5,p17,l1,0.00
i32,e04,c5,p17,l3,0.00
i32,e04,c5,p18,l1,0.00
i32,e04,c5,p18,l3,0.00
i32,e04,c5,p19,l1,0.00
i32,e04,c5,p19,l3,0.00
i32,e04,c5,p20,l1,0.00
i32,e04,c5,p20,l3,0.00
i32,e04,c5,p21,l1,0.00
i32,e04,c5,p21,l3,0.00
i32,e04,c5,p22,l3,0.00
i32,e04,c5,p23,l1,0.00
i32,e04,c5,p23,l3,0.00
i32,e04,c5,p24,l1,0.00
i32,e04,c5,p24,l3,0.00
i32,e04,c5,p25,l1,0.00
i32,e04,c5,p25,l3,0.00
i32,e04,c5,p26,l1,0.00
i32,e04,c5,p26,l3,0.00
i32,e04,c5,p28,l1,0.00
i32,e04,c5,p28,l3,0.00
i32,e04,c5,p29,l1,0.00
i32,e04,c5,p29,l3,0.00
i32,e04,c5,p31,l3,0.00
i32,e04,c5,p32,l3,0.00
i32,e04,c5,p35,l1,0.00
i32,e04,c5,p35,l3,3.45
i32,e05,c3,p03,l1,0.00
i32,e05,c3,p03,l3,0.00
i32,e05,c3,p04,l1,0.00
i32,e05,c3,p04,l3,0.00
i32,e05,c3,p35,l3,0.00
i32,e05,c5,p01,l3,0.00
i32,e05,c5,p02,l3,0.00
i32,e05,c5,p03,l3,0.00
i32,e05,c5,p04,l1,0.00
i32,e05,c5,p04,l3,0.00
i32,e05,c5,p05,l1,0.00
i32,e05,c5,p05,l3,0.00
i32,e05,c5,p06,l3,0.00
i32,e05,c5,p07,l3,0.00
i32,e05,c5,p08,l3,0.00
i32,e05,c5,p09,l3,0.00
i32,e05,c5,p10,l1,0.00
i32,e05,c5,p10,l3,0.00
i32,e05,c5,p11,l3,0.00
i32,e05,c5,p12,l3,0.00
i32,e05,c5,p13,l1,0.00
i32,e05,c5,p13,l3,0.00
i32,e05,c5,p14,l3,0.00
i32,e05,c5,p15,l3,0.00
i32,e05,c5,p16,l1,0.00
i32,e05,c5,p16,l3,0.00
i32,e05,c5,p17,l1,0.00
i32,e05,c5,p17,l3,0.00
i32,e05,c5,p18,l3,0.00
i32,e05,c5,p19,l3,0.00
i32,e05,c5,p21,l1,0.00
i32,e05,c5,p21,l3,0.00
i32,e05,c5,p22,l3,0.00
i32,e05,c5,p23,l3,0.00
i32,e05,c5,p24,l3,0.00
i32,e05,c5,p25,l3,0.00
i32,e05,c5,p26,l3,0.00
i32,e05,c5,p28,l3,0.00
i32,e05,c5,p29,l3,0.00
i32,e05,c5,p32,l1,0.00
i32,e05,c5,p32,l3,0.00
i32,e05,c5,p35,l1,0.00
i32,e05,c5,p35,l3,0.00
i32,e08,c3,p02,l2,0.00
i32,e08,c3,p02,l3,0.00
i32,e08,c3,p04,l2,0.00
i32,e08,c3,p04,l3,0.00
i32,e08,c3,p35,l2,0.00
i32,e08,c3,p35,l3,0.00
i32,e08,c5,p01,l2,0.00
i32,e08,c5,p01,l3,0.00
i32,e08,c5,p02,l2,0.00
i32,e08,c5,p02,l3,0.00
i32,e08,c5,p03,l2,0.00
i32,e08,c5,p03,l3,0.00
i32,e08,c5,p04,l2,0.00
i32,e08,c5,p04,l3,0.00
i32,e08,c5,p05,l2,0.00
i32,e08,c5,p05,l3,0.00
i32,e08,c5,p06,l2,0.00
i32,e08,c5,p06,l3,0.00
i32,e08,c5,p07,l2,0.00
i32,e08,c5,p07,l3,0.00
i32,e08,c5,p08,l2,0.00
i32,e08,c5,p08,l3,0.00
i32,e08,c5,p09,l2,0.00
i32,e08,c5,p09,l3,0.00
i32,e08,c5,p10,l2,0.00
i32,e08,c5,p10,l3,1.42
i32,e08,c5,p11,l2,0.00
i32,e08,c5,p11,l3,0.00
i32,e08,c5,p12,l2,0.00
i32,e08,c5,p12,l3,0.00
i32,e08,c5,p13,l2,0.00
i32,e08,c5,p13,l3,0.00
i32,e08,c5,p14,l2,0.00
i32,e08,c5,p14,l3,0.00
i32,e08,c5,p15,l2,0.00
i32,e08,c5,p15,l3,6.36
i32,e08,c5,p16,l2,0.00
i32,e08,c5,p16,l3,0.00
i32,e08,c5,p17,l2,0.00
i32,e08,c5,p17,l3,0.00
i32,e08,c5,p18,l2,0.00
i32,e08,c5,p18,l3,0.00
i32,e08,c5,p19,l2,0.00
i32,e08,c5,p19,l3,6.45
i32,e08,c5,p20,l3,0.00
i32,e08,c5,p21,l2,0.00
i32,e08,c5,p21,l3,0.00
i32,e08,c5,p22,l2,0.00
i32,e08,c5,p22,l3,0.00
i32,e08,c5,p23,l2,0.00
i32,e08,c5,p23,l3,0.00
i32,e08,c5,p24,l2,0.00
i32,e08,c5,p24,l3,0.00
i32,e08,c5,p25,l2,0.00
i32,e08,c5,p25,l3,0.00
i32,e08,c5,p26,l2,0.00
i32,e08,c5,p26,l3,0.00
i32,e08,c5,p28,l2,0.00
i32,e08,c5,p28,l3,0.00
i32,e08,c5,p29,l2,0.00
i32,e08,c5,p29,l3,0.00
i32,e08,c5,p31,l2,0.00
i32,e08,c5,p31,l3,0.00
i32,e08,c5,p32,l2,0.00
i32,e08,c5,p32,l3,0.00
i32,e08,c5,p35,l2,0.00
i32,e08,c5,p35,l3,7.40
i32,e09,c3,p02,l2,0.00
i32,e09,c3,p02,l3,0.00
i32,e09,c3,p04,l3,0.00
i32,e09,c3,p35,l3,0.00
i32,e09,c5,p01,l2,0.00
i32,e09,c5,p01,l3,0.00
i32,e09,c5,p02,l2,0.00
i32,e09,c5,p02,l3,0.00
i32,e09,c5,p03,l2,0.00
i32,e09,c5,p03,l3,0.00
i32,e09,c5,p04,l2,0.00
i32,e09,c5,p04,l3,0.00
i32,e09,c5,p05,l2,0.00
i32,e09,c5,p05,l3,0.00
i32,e09,c5,p06,l3,0.00
i32,e09,c5,p07,l2,0.00
i32,e09,c5,p07,l3,0.00
i32,e09,c5,p08,l2,0.00
i32,e09,c5,p08,l3,0.00
i32,e09,c5,p09,l2,0.00
i32,e09,c5,p09,l3,0.00
i32,e09,c5,p10,l2,0.00
i32,e09,c5,p10,l3,0.00
i32,e09,c5,p11,l2,0.00
i32,e09,c5,p11,l3,0.00
i32,e09,c5,p12,l2,0.00
i32,e09,c5,p12,l3,0.00
i32,e09,c5,p13,l2,0.00
i32,e09,c5,p13,l3,0.00
i32,e09,c5,p14,l2,0.00
i32,e09,c5,p14,l3,0.00
i32,e09,c5,p15,l2,0.00
i32,e09,c5,p15,l3,0.00
i32,e09,c5,p16,l2,0.00
i32,e09,c5,p16,l3,0.00
i32,e09,c5,p17,l2,0.00
i32,e09,c5,p17,l3,0.00
i32,e09,c5,p18,l2,0.00
i32,e09,c5,p18,l3,0.00
i32,e09,c5,p19,l2,0.00
i32,e09,c5,p19,l3,0.00
i32,e09,c5,p20,l2,0.00
i32,e09,c5,p20,l3,0.00
i32,e09,c5,p21,l2,0.00
i32,e09,c5,p21,l3,0.00
i32,e09,c5,p22,l3,0.00
i32,e09,c5,p23,l3,0.00
i32,e09,c5,p24,l2,0.00
i32,e09,c5,p24,l3,0.00
i32,e09,c5,p25,l2,0.00
i32,e09,c5,p25,l3,0.00
i32,e09,c5,p26,l2,0.00
i32,e09,c5,p26,l3,0.00
i32,e09,c5,p28,l2,0.00
i32,e09,c5,p28,l3,0.00
i32,e09,c5,p29,l2,0.00
i32,e09,c5,p29,l3,0.00
i32,e09,c5,p31,l3,0.00
i32,e09,c5,p32,l2,0.00
i32,e09,c5,p32,l3,0.00
i32,e09,c5,p35,l2,0.00
i32,e09,c5,p35,l3,0.00
i32,e11,c3,p02,l2,0.00
i32,e11,c3,p02,l3,0.00
i32,e11,c3,p04,l2,0.00
i32,e11,c3,p04,l3,0.00
i32,e11,c3,p10,l2,0.00
i32,e11,c3,p10,l3,0.00
i32,e11,c3,p35,l2,0.00
i32,e11,c3,p35,l3,0.00
i32,e11,c5,p01,l2,0.00
i32,e11,c5,p01,l3,0.00
i32,e11,c5,p02,l2,0.00
i32,e11,c5,p02,l3,0.00
i32,e11,c5,p03,l2,0.00
i32,e11,c5,p03,l3,0.00
i32,e11,c5,p04,l2,0.00
i32,e11,c5,p04,l3,0.00
i32,e11,c5,p05,l2,0.00
i32,e11,c5,p05,l3,0.00
i32,e11,c5,p06,l2,0.00
i32,e11,c5,p06,l3,0.00
i32,e11,c5,p07,l2,0.00
i32,e11,c5,p07,l3,0.00
i32,e11,c5,p08,l2,0.00
i32,e11,c5,p08,l3,0.00
i32,e11,c5,p09,l2,0.00
i32,e11,c5,p09,l3,0.00
i32,e11,c5,p10,l2,0.00
i32,e11,c5,p10,l3,0.00
i32,e11,c5,p11,l2,0.00
i32,e11,c5,p11,l3,0.00
i32,e11,c5,p12,l2,0.00
i32,e11,c5,p12,l3,0.00
i32,e11,c5,p13,l2,0.00
i32,e11,c5,p13,l3,0.00
i32,e11,c5,p14,l2,0.00
i32,e11,c5,p14,l3,0.00
i32,e11,c5,p15,l2,0.00
i32,e11,c5,p15,l3,4.09
i32,e11,c5,p16,l2,0.00
i32,e11,c5,p16,l3,0.00
i32,e11,c5,p17,l2,0.00
i32,e11,c5,p17,l3,0.00
i32,e11,c5,p18,l2,0.00
i32,e11,c5,p18,l3,0.00
i32,e11,c5,p19,l2,0.00
i32,e11,c5,p19,l3,18.22
i32,e11,c5,p20,l2,0.00
i32,e11,c5,p20,l3,0.00
i32,e11,c5,p21,l2,0.00
i32,e11,c5,p21,l3,0.00
i32,e11,c5,p22,l2,0.00
i32,e11,c5,p22,l3,0.00
i32,e11,c5,p23,l2,0.00
i32,e11,c5,p23,l3,0.00
i32,e11,c5,p24,l2,0.00
i32,e11,c5,p24,l3,0.00
i32,e11,c5,p25,l2,0.00
i32,e11,c5,p25,l3,0.00
i32,e11,c5,p26,l2,0.00
i32,e11,c5,p26,l3,0.00
i32,e11,c5,p28,l2,0.00
i32,e11,c5,p28,l3,0.00
i32,e11,c5,p29,l2,0.00
i32,e11,c5,p29,l3,0.00
i32,e11,c5,p31,l2,0.00
i32,e11,c5,p31,l3,0.00
i32,e11,c5,p32,l2,0.00
i32,e11,c5,p32,l3,0.00
i32,e11,c5,p35,l2,0.00
i32,e11,c5,p35,l3,38.23
i32,e12,c3,p02,l3,0.00
i32,e12,c3,p04,l3,0.00
i32,e12,c3,p35,l3,0.00
i32,e12,c5,p01,l3,0.00
i32,e12,c5,p02,l3,0.00
i32,e12,c5,p03,l3,0.00
i32,e12,c5,p04,l3,0.00
i32,e12,c5,p05,l3,0.00
i32,e12,c5,p06,l3,0.00
i32,e12,c5,p07,l3,0.00
i32,e12,c5,p08,l3,0.00
i32,e12,c5,p09,l3,0.00
i32,e12,c5,p10,l3,0.00
i32,e12,c5,p11,l3,0.00
i32,e12,c5,p12,l3,0.00
i32,e12,c5,p13,l3,0.00
i32,e12,c5,p14,l3,0.00
i32,e12,c5,p15,l3,0.00
i32,e12,c5,p16,l3,0.00
i32,e12,c5,p17,l3,0.00
i32,e12,c5,p18,l3,0.00
i32,e12,c5,p19,l3,0.00
i32,e12,c5,p20,l3,0.00
i32,e12,c5,p21,l3,0.00
i32,e12,c5,p22,l3,0.00
i32,e12,c5,p23,l3,0.00
i32,e12,c5,p24,l3,0.00
i32,e12,c5,p25,l3,0.00
i32,e12,c5,p26,l3,0.00
i32,e12,c5,p28,l3,0.00
i32,e12,c5,p29,l3,0.00
i32,e12,c5,p31,l3,0.00
i32,e12,c5,p32,l3,0.00
i32,e12,c5,p35,l3,0.00
i33,e01,c1,p01,l3,2.08
i33,e01,c1,p02,l3,0.00
i33,e01,c1,p03,l3,0.00
i33,e01,c1,p04,l3,0.00
i33,e01,c1,p05,l3,0.00
i33,e01,c1,p06,l3,0.00
i33,e01,c1,p07,l3,0.00
i33,e01,c1,p08,l3,0.00
i33,e01,c1,p09,l3,0.00
i33,e01,c1,p10,l3,2.54
i33,e01,c1,p11,l3,0.00
i33,e01,c1,p12,l3,0.00
i33,e01,c1,p13,l3,0.00
i33,e01,c1,p14,l3,0.00
i33,e01,c1,p15,l3,2.58
i33,e01,c1,p16,l3,0.00
i33,e01,c1,p17,l3,0.00
i33,e01,c1,p18,l3,0.00
i33,e01,c1,p19,l3,0.00
i33,e01,c1,p20,l3,0.00
i33,e01,c1,p21,l3,0.00
i33,e01,c1,p22,l3,0.00
i33,e01,c1,p23,l3,0.00
i33,e01,c1,p24,l3,1.68
i33,e01,c1,p25,l3,0.00
i33,e01,c1,p26,l3,0.00
i33,e01,c1,p28,l3,0.00
i33,e01,c1,p29,l3,0.00
i33,e01,c1,p31,l3,0.00
i33,e01,c1,p32,l3,0.00
i33,e01,c1,p35,l3,0.00
i33,e01,c4,p01,l3,0.00
i33,e01,c4,p03,l3,0.00
i33,e01,c4,p04,l3,0.00
i33,e01,c4,p05,l3,0.00
i33,e01,c4,p08,l3,0.00
i33,e01,c4,p10,l3,0.00
i33,e01,c4,p11,l3,0.00
i33,e01,c4,p12,l3,0.00
i33,e01,c4,p13,l3,0.00
i33,e01,c4,p15,l3,0.00
i33,e01,c4,p16,l3,0.00
i33,e01,c4,p17,l3,0.00
i33,e01,c4,p18,l3,0.00
i33,e01,c4,p19,l3,0.00
i33,e01,c4,p21,l3,0.00
i33,e03,c1,p01,l3,7.73
i33,e03,c1,p02,l3,2.41
i33,e03,c1,p03,l3,1.63
i33,e03,c1,p04,l3,0.00
i33,e03,c1,p05,l3,1.36
i33,e03,c1,p06,l3,0.00
i33,e03,c1,p07,l3,0.00
i33,e03,c1,p08,l3,2.32
i33,e03,c1,p09,l3,0.00
i33,e03,c1,p10,l3,19.86
i33,e03,c1,p11,l3,0.00
i33,e03,c1,p12,l3,0.00
i33,e03,c1,p13,l3,0.00
i33,e03,c1,p14,l3,0.00
i33,e03,c1,p15,l3,5.20
i33,e03,c1,p16,l3,0.00
i33,e03,c1,p17,l3,0.00
i33,e03,c1,p18,l3,0.00
i33,e03,c1,p19,l3,0.00
i33,e03,c1,p20,l3,0.00
i33,e03,c1,p21,l3,0.00
i33,e03,c1,p22,l3,0.00
i33,e03,c1,p23,l3,0.00
i33,e03,c1,p24,l3,0.00
i33,e03,c1,p25,l3,0.00
i33,e03,c1,p26,l3,0.00
i33,e03,c1,p28,l3,0.00
i33,e03,c1,p29,l3,0.00
i33,e03,c1,p30,l3,0.00
i33,e03,c1,p31,l3,0.00
i33,e03,c1,p32,l3,0.00
i33,e03,c1,p33,l3,0.00
i33,e03,c1,p34,l3,0.00
i33,e03,c1,p35,l3,0.00
i33,e03,c4,p01,l3,0.00
i33,e03,c4,p03,l3,0.00
i33,e03,c4,p04,l3,0.00
i33,e03,c4,p05,l3,0.00
i33,e03,c4,p07,l3,0.00
i33,e03,c4,p08,l3,0.00
i33,e03,c4,p09,l3,0.00
i33,e03,c4,p10,l3,0.00
i33,e03,c4,p11,l3,0.00
i33,e03,c4,p13,l3,0.00
i33,e03,c4,p14,l3,0.00
i33,e03,c4,p15,l3,0.00
i33,e03,c4,p16,l3,0.00
i33,e03,c4,p17,l3,0.00
i33,e03,c4,p18,l3,0.00
i33,e03,c4,p19,l3,0.00
i33,e03,c4,p21,l3,0.00
i33,e03,c4,p24,l3,0.00
i33,e03,c4,p35,l3,0.00
i33,e03,c7,p10,l3,0.00
i33,e04,c1,p01,l3,1.22
i33,e04,c1,p02,l3,0.00
i33,e04,c1,p03,l3,0.00
i33,e04,c1,p04,l3,0.00
i33,e04,c1,p05,l3,0.00
i33,e04,c1,p06,l3,0.00
i33,e04,c1,p07,l3,1.08
i33,e04,c1,p08,l3,0.00
i33,e04,c1,p09,l3,0.00
i33,e04,c1,p10,l3,0.00
i33,e04,c1,p11,l3,0.00
i33,e04,c1,p12,l3,0.00
i33,e04,c1,p13,l3,0.00
i33,e04,c1,p14,l3,0.00
i33,e04,c1,p15,l3,0.00
i33,e04,c1,p16,l3,0.00
i33,e04,c1,p17,l3,0.00
i33,e04,c1,p18,l3,0.00
i33,e04,c1,p19,l3,2.29
i33,e04,c1,p20,l3,0.00
i33,e04,c1,p21,l3,0.00
i33,e04,c1,p22,l3,0.00
i33,e04,c1,p23,l3,0.00
i33,e04,c1,p24,l3,0.00
i33,e04,c1,p25,l3,0.00
i33,e04,c1,p26,l3,0.00
i33,e04,c1,p28,l3,0.00
i33,e04,c1,p29,l3,0.00
i33,e04,c1,p31,l3,0.00
i33,e04,c1,p32,l3,0.00
i33,e04,c1,p33,l3,0.00
i33,e04,c1,p35,l3,0.00
i33,e04,c4,p01,l3,0.00
i33,e04,c4,p03,l3,0.00
i33,e04,c4,p05,l3,0.00
i33,e04,c4,p07,l3,0.00
i33,e04,c4,p08,l3,0.00
i33,e04,c4,p09,l3,0.00
i33,e04,c4,p10,l3,0.00
i33,e04,c4,p11,l3,0.00
i33,e04,c4,p13,l3,0.00
i33,e04,c4,p15,l3,0.00
i33,e04,c4,p16,l3,0.00
i33,e04,c4,p19,l3,0.00
i33,e04,c7,p10,l3,0.00
i33,e05,c1,p01,l3,0.00
i33,e05,c1,p02,l3,0.00
i33,e05,c1,p03,l3,0.00
i33,e05,c1,p04,l3,0.00
i33,e05,c1,p05,l3,0.00
i33,e05,c1,p06,l3,0.00
i33,e05,c1,p07,l3,0.00
i33,e05,c1,p08,l3,0.00
i33,e05,c1,p10,l3,0.00
i33,e05,c1,p11,l3,0.00
i33,e05,c1,p12,l3,0.00
i33,e05,c1,p13,l3,0.00
i33,e05,c1,p14,l3,0.00
i33,e05,c1,p15,l3,0.00
i33,e05,c1,p16,l3,0.00
i33,e05,c1,p17,l3,0.00
i33,e05,c1,p18,l3,0.00
i33,e05,c1,p19,l3,0.00
i33,e05,c1,p21,l3,0.00
i33,e05,c1,p22,l3,0.00
i33,e05,c1,p24,l3,0.00
i33,e05,c1,p25,l3,0.00
i33,e05,c1,p26,l3,0.00
i33,e05,c1,p28,l3,0.00
i33,e05,c1,p29,l3,0.00
i33,e05,c1,p32,l3,0.00
i33,e05,c1,p35,l3,0.00
i33,e05,c4,p03,l3,0.00
i33,e05,c4,p10,l3,0.00
i33,e05,c4,p19,l3,0.00
i33,e05,c4,p35,l3,0.00
i33,e08,c1,p01,l3,0.00
i33,e08,c1,p02,l3,0.00
i33,e08,c1,p03,l3,0.00
i33,e08,c1,p04,l3,0.00
i33,e08,c1,p05,l3,0.00
i33,e08,c1,p06,l3,0.00
i33,e08,c1,p07,l3,0.00
i33,e08,c1,p08,l3,0.00
i33,e08,c1,p09,l3,0.00
i33,e08,c1,p10,l3,88.45
i33,e08,c1,p11,l3,0.00
i33,e08,c1,p12,l3,0.00
i33,e08,c1,p13,l3,0.00
i33,e08,c1,p14,l3,0.00
i33,e08,c1,p15,l3,1.11
i33,e08,c1,p16,l3,2.02
i33,e08,c1,p17,l3,0.00
i33,e08,c1,p18,l3,0.00
i33,e08,c1,p19,l3,2.21
i33,e08,c1,p20,l3,0.00
i33,e08,c1,p21,l3,1.01
i33,e08,c1,p22,l3,0.00
i33,e08,c1,p23,l3,0.00
i33,e08,c1,p24,l3,0.00
i33,e08,c1,p25,l3,0.00
i33,e08,c1,p26,l3,0.00
i33,e08,c1,p28,l3,0.00
i33,e08,c1,p29,l3,0.00
i33,e08,c1,p30,l3,0.00
i33,e08,c1,p31,l3,0.00
i33,e08,c1,p32,l3,0.00
i33,e08,c1,p33,l3,0.00
i33,e08,c1,p34,l3,0.00
i33,e08,c1,p35,l3,0.00
i33,e08,c4,p01,l3,0.00
i33,e08,c4,p02,l3,0.00
i33,e08,c4,p03,l3,0.00
i33,e08,c4,p04,l3,0.00
i33,e08,c4,p05,l3,0.00
i33,e08,c4,p07,l3,0.00
i33,e08,c4,p08,l3,0.00
i33,e08,c4,p09,l3,0.00
i33,e08,c4,p10,l3,0.00
i33,e08,c4,p11,l3,0.00
i33,e08,c4,p12,l3,0.00
i33,e08,c4,p13,l3,0.00
i33,e08,c4,p15,l3,0.00
i33,e08,c4,p16,l3,0.00
i33,e08,c4,p17,l3,0.00
i33,e08,c4,p18,l3,0.00
i33,e08,c4,p19,l3,0.00
i33,e08,c4,p21,l3,0.00
i33,e08,c4,p24,l3,0.00
i33,e08,c4,p31,l3,0.00
i33,e08,c4,p32,l3,0.00
i33,e09,c1,p01,l3,0.00
i33,e09,c1,p02,l3,0.00
i33,e09,c1,p03,l3,1.19
i33,e09,c1,p04,l3,0.00
i33,e09,c1,p05,l3,0.00
i33,e09,c1,p06,l3,0.00
i33,e09,c1,p07,l3,0.00
i33,e09,c1,p08,l3,0.00
i33,e09,c1,p09,l3,0.00
i33,e09,c1,p10,l3,0.00
i33,e09,c1,p11,l3,0.00
i33,e09,c1,p12,l3,0.00
i33,e09,c1,p13,l3,0.00
i33,e09,c1,p14,l3,0.00
i33,e09,c1,p15,l3,0.00
i33,e09,c1,p16,l3,0.00
i33,e09,c1,p17,l3,0.00
i33,e09,c1,p18,l3,0.00
i33,e09,c1,p19,l3,0.00
i33,e09,c1,p20,l3,0.00
i33,e09,c1,p21,l3,0.00
i33,e09,c1,p22,l3,0.00
i33,e09,c1,p23,l3,0.00
i33,e09,c1,p24,l3,1.79
i33,e09,c1,p25,l3,0.00
i33,e09,c1,p26,l3,0.00
i33,e09,c1,p28,l3,0.00
i33,e09,c1,p29,l3,0.00
i33,e09,c1,p31,l3,0.00
i33,e09,c1,p32,l3,0.00
i33,e09,c1,p33,l3,0.00
i33,e09,c1,p35,l3,0.00
i33,e09,c4,p01,l3,0.00
i33,e09,c4,p03,l3,0.00
i33,e09,c4,p05,l3,0.00
i33,e09,c4,p08,l3,0.00
i33,e09,c4,p10,l3,0.00
i33,e09,c4,p13,l3,0.00
i33,e09,c4,p15,l3,0.00
i33,e09,c4,p16,l3,0.00
i33,e09,c4,p17,l3,0.00
i33,e09,c4,p19,l3,0.00
i33,e09,c4,p21,l3,0.00
i33,e10,c1,p01,l3,0.00
i33,e10,c1,p02,l3,0.00
i33,e10,c1,p03,l3,0.00
i33,e10,c1,p04,l3,0.00
i33,e10,c1,p05,l3,8.52
i33,e10,c1,p06,l3,0.00
i33,e10,c1,p07,l3,0.00
i33,e10,c1,p08,l3,0.00
i33,e10,c1,p09,l3,0.00
i33,e10,c1,p10,l3,0.00
i33,e10,c1,p11,l3,0.00
i33,e10,c1,p12,l3,0.00
i33,e10,c1,p13,l3,0.00
i33,e10,c1,p14,l3,0.00
i33,e10,c1,p15,l3,0.00
i33,e10,c1,p16,l3,0.00
i33,e10,c1,p17,l3,0.00
i33,e10,c1,p18,l3,0.00
i33,e10,c1,p19,l3,0.00
i33,e10,c1,p20,l3,0.00
i33,e10,c1,p21,l3,0.00
i33,e10,c1,p22,l3,0.00
i33,e10,c1,p23,l3,0.00
i33,e10,c1,p24,l3,0.00
i33,e10,c1,p25,l3,0.00
i33,e10,c1,p26,l3,0.00
i33,e10,c1,p28,l3,0.00
i33,e10,c1,p29,l3,0.00
i33,e10,c1,p30,l3,0.00
i33,e10,c1,p31,l3,0.00
i33,e10,c1,p32,l3,0.00
i33,e10,c1,p33,l3,0.00
i33,e10,c1,p34,l3,0.00
i33,e10,c1,p35,l3,0.00
i33,e10,c4,p01,l3,0.00
i33,e10,c4,p03,l3,0.00
i33,e10,c4,p05,l3,0.00
i33,e10,c4,p07,l3,0.00
i33,e10,c4,p10,l3,0.00
i33,e10,c4,p11,l3,0.00
i33,e10,c4,p16,l3,0.00
i33,e10,c4,p17,l3,0.00
i33,e10,c4,p18,l3,0.00
i33,e10,c4,p19,l3,0.00
i33,e10,c4,p21,l3,0.00
i33,e11,c1,p01,l3,0.00
i33,e11,c1,p02,l3,0.00
i33,e11,c1,p03,l3,0.00
i33,e11,c1,p04,l3,0.00
i33,e11,c1,p05,l3,0.00
i33,e11,c1,p06,l3,0.00
i33,e11,c1,p07,l3,0.00
i33,e11,c1,p08,l3,0.00
i33,e11,c1,p09,l3,0.00
i33,e11,c1,p10,l3,0.00
i33,e11,c1,p11,l3,0.00
i33,e11,c1,p12,l3,0.00
i33,e11,c1,p13,l3,0.00
i33,e11,c1,p14,l3,0.00
i33,e11,c1,p15,l3,0.00
i33,e11,c1,p16,l3,0.00
i33,e11,c1,p17,l3,0.00
i33,e11,c1,p18,l3,0.00
i33,e11,c1,p19,l3,0.00
i33,e11,c1,p21,l3,0.00
i33,e11,c1,p22,l3,0.00
i33,e11,c1,p23,l3,0.00
i33,e11,c1,p24,l3,0.00
i33,e11,c1,p25,l3,0.00
i33,e11,c1,p26,l3,0.00
i33,e11,c1,p28,l3,0.00
i33,e11,c1,p29,l3,0.00
i33,e11,c1,p32,l3,0.00
i33,e11,c1,p35,l3,0.00
i33,e11,c4,p05,l3,0.00
i33,e11,c4,p07,l3,0.00
i33,e11,c4,p10,l3,0.00
i34,e01,c3,p01,l3,0.00
i34,e01,c3,p02,l3,0.00
i34,e01,c3,p03,l3,0.00
i34,e01,c3,p04,l3,0.00
i34,e01,c3,p05,l3,0.00
i34,e01,c3,p06,l3,0.00
i34,e01,c3,p07,l3,0.00
i34,e01,c3,p08,l3,0.00
i34,e01,c3,p09,l3,0.00
i34,e01,c3,p10,l3,0.00
i34,e01,c3,p11,l3,0.00
i34,e01,c3,p12,l3,0.00
i34,e01,c3,p13,l3,0.00
i34,e01,c3,p14,l3,0.00
i34,e01,c3,p15,l3,0.00
i34,e01,c3,p16,l3,0.00
i34,e01,c3,p17,l3,0.00
i34,e01,c3,p18,l3,0.00
i34,e01,c3,p19,l3,0.00
i34,e01,c3,p20,l3,0.00
i34,e01,c3,p21,l3,0.00
i34,e01,c3,p22,l3,0.00
i34,e01,c3,p23,l3,0.00
i34,e01,c3,p24,l3,0.00
i34,e01,c3,p25,l3,0.00
i34,e01,c3,p26,l3,0.00
i34,e01,c3,p28,l3,0.00
i34,e01,c3,p29,l3,0.00
i34,e01,c3,p31,l3,0.00
i34,e01,c3,p32,l3,0.00
i34,e01,c3,p33,l3,0.00
i34,e01,c3,p35,l3,0.00
i34,e01,c5,p01,l3,14.75
i34,e01,c5,p02,l3,0.00
i34,e01,c5,p03,l3,7.35
i34,e01,c5,p04,l3,23.24
i34,e01,c5,p05,l3,6.38
i34,e01,c5,p06,l3,1.02
i34,e01,c5,p07,l3,7.30
i34,e01,c5,p08,l3,9.09
i34,e01,c5,p09,l3,1.85
i34,e01,c5,p10,l3,60.19
i34,e01,c5,p11,l3,7.38
i34,e01,c5,p12,l3,5.68
i34,e01,c5,p13,l3,8.39
i34,e01,c5,p14,l3,7.06
i34,e01,c5,p15,l3,7.10
i34,e01,c5,p16,l3,9.64
i34,e01,c5,p17,l3,11.66
i34,e01,c5,p18,l3,4.71
i34,e01,c5,p19,l3,18.20
i34,e01,c5,p20,l3,0.00
i34,e01,c5,p21,l3,13.00
i34,e01,c5,p22,l3,2.22
i34,e01,c5,p23,l3,5.42
i34,e01,c5,p24,l3,3.08
i34,e01,c5,p25,l3,7.17
i34,e01,c5,p26,l3,0.00
i34,e01,c5,p27,l3,0.00
i34,e01,c5,p28,l3,10.43
i34,e01,c5,p29,l3,5.26
i34,e01,c5,p30,l3,2.01
i34,e01,c5,p31,l3,0.00
i34,e01,c5,p32,l3,3.06
i34,e01,c5,p33,l3,0.00
i34,e01,c5,p35,l3,32.09
i34,e02,c3,p01,l1,0.00
i34,e02,c3,p01,l3,0.00
i34,e02,c3,p02,l3,0.00
i34,e02,c3,p03,l1,0.00
i34,e02,c3,p03,l3,0.00
i34,e02,c3,p07,l1,0.00
i34,e02,c3,p07,l3,0.00
i34,e02,c3,p10,l1,0.00
i34,e02,c3,p10,l3,0.00
i34,e02,c3,p11,l3,0.00
i34,e02,c3,p12,l1,0.00
i34,e02,c3,p12,l3,0.00
i34,e02,c3,p13,l1,0.00
i34,e02,c3,p13,l3,0.00
i34,e02,c3,p14,l3,0.00
i34,e02,c3,p15,l3,0.00
i34,e02,c3,p16,l1,0.00
i34,e02,c3,p17,l1,0.00
i34,e02,c3,p17,l3,0.00
i34,e02,c3,p18,l3,0.00
i34,e02,c3,p19,l1,0.00
i34,e02,c3,p19,l3,0.00
i34,e02,c3,p21,l1,0.00
i34,e02,c3,p21,l3,0.00
i34,e02,c3,p23,l1,0.00
i34,e02,c3,p24,l3,0.00
i34,e02,c3,p29,l1,0.00
i34,e02,c3,p29,l3,0.00
i34,e02,c3,p35,l1,0.00
i34,e02,c3,p35,l3,0.00
i34,e02,c5,p01,l1,0.00
i34,e02,c5,p01,l3,0.00
i34,e02,c5,p02,l1,0.00
i34,e02,c5,p02,l3,0.00
i34,e02,c5,p03,l1,0.00
i34,e02,c5,p03,l3,0.00
i34,e02,c5,p04,l1,0.00
i34,e02,c5,p04,l3,0.00
i34,e02,c5,p05,l1,0.00
i34,e02,c5,p05,l3,0.00
i34,e02,c5,p06,l1,0.00
i34,e02,c5,p06,l3,0.00
i34,e02,c5,p07,l1,0.00
i34,e02,c5,p07,l3,0.00
i34,e02,c5,p08,l1,0.00
i34,e02,c5,p08,l3,0.00
i34,e02,c5,p09,l1,0.00
i34,e02,c5,p09,l3,0.00
i34,e02,c5,p10,l1,0.00
i34,e02,c5,p10,l3,0.00
i34,e02,c5,p11,l1,0.00
i34,e02,c5,p11,l3,0.00
i34,e02,c5,p12,l1,0.00
i34,e02,c5,p12,l3,0.00
i34,e02,c5,p13,l1,0.00
i34,e02,c5,p13,l3,0.00
i34,e02,c5,p14,l1,0.00
i34,e02,c5,p14,l3,0.00
i34,e02,c5,p15,l1,0.00
i34,e02,c5,p15,l3,0.00
i34,e02,c5,p16,l1,0.00
i34,e02,c5,p16,l3,0.00
i34,e02,c5,p17,l1,0.00
i34,e02,c5,p17,l3,0.00
i34,e02,c5,p18,l1,0.00
i34,e02,c5,p18,l3,0.00
i34,e02,c5,p19,l1,0.00
i34,e02,c5,p19,l3,0.00
i34,e02,c5,p20,l1,0.00
i34,e02,c5,p20,l3,0.00
i34,e02,c5,p21,l1,0.00
i34,e02,c5,p21,l3,0.00
i34,e02,c5,p22,l1,0.00
i34,e02,c5,p22,l3,0.00
i34,e02,c5,p23,l1,0.00
i34,e02,c5,p23,l3,0.00
i34,e02,c5,p24,l1,0.00
i34,e02,c5,p24,l3,0.00
i34,e02,c5,p25,l1,0.00
i34,e02,c5,p25,l3,0.00
i34,e02,c5,p26,l3,0.00
i34,e02,c5,p28,l1,0.00
i34,e02,c5,p28,l3,0.00
i34,e02,c5,p29,l1,0.00
i34,e02,c5,p29,l3,0.00
i34,e02,c5,p30,l3,0.00
i34,e02,c5,p31,l1,0.00
i34,e02,c5,p31,l3,0.00
i34,e02,c5,p32,l1,0.00
i34,e02,c5,p32,l3,0.00
i34,e02,c5,p35,l1,0.00
i34,e02,c5,p35,l3,0.00
i34,e03,c3,p01,l3,0.00
i34,e03,c3,p02,l3,0.00
i34,e03,c3,p03,l3,0.00
i34,e03,c3,p04,l3,2.61
i34,e03,c3,p05,l3,0.00
i34,e03,c3,p06,l3,0.00
i34,e03,c3,p07,l3,0.00
i34,e03,c3,p08,l3,0.00
i34,e03,c3,p09,l3,2.79
i34,e03,c3,p10,l3,0.00
i34,e03,c3,p11,l3,1.83
i34,e03,c3,p12,l3,0.00
i34,e03,c3,p13,l3,0.00
i34,e03,c3,p14,l3,0.00
i34,e03,c3,p15,l3,0.00
i34,e03,c3,p16,l3,0.00
i34,e03,c3,p17,l3,0.00
i34,e03,c3,p18,l3,0.00
i34,e03,c3,p19,l3,1.01
i34,e03,c3,p20,l3,0.00
i34,e03,c3,p21,l3,0.00
i34,e03,c3,p22,l3,0.00
i34,e03,c3,p23,l3,0.00
i34,e03,c3,p24,l3,0.00
i34,e03,c3,p25,l3,0.00
i34,e03,c3,p26,l3,0.00
i34,e03,c3,p28,l3,0.00
i34,e03,c3,p29,l3,0.00
i34,e03,c3,p30,l3,0.00
i34,e03,c3,p31,l3,0.00
i34,e03,c3,p32,l3,0.00
i34,e03,c3,p33,l3,0.00
i34,e03,c3,p35,l3,0.00
i34,e03,c5,p01,l3,136.44
i34,e03,c5,p02,l3,44.44
i34,e03,c5,p03,l3,76.35
i34,e03,c5,p04,l3,28.23
i34,e03,c5,p05,l3,61.45
i34,e03,c5,p06,l3,38.03
i34,e03,c5,p07,l3,49.17
i34,e03,c5,p08,l3,39.35
i34,e03,c5,p09,l3,36.05
i34,e03,c5,p10,l3,392.91
i34,e03,c5,p11,l3,125.31
i34,e03,c5,p12,l3,134.85
i34,e03,c5,p13,l3,58.29
i34,e03,c5,p14,l3,59.09
i34,e03,c5,p15,l3,89.51
i34,e03,c5,p16,l3,79.23
i34,e03,c5,p17,l3,61.12
i34,e03,c5,p18,l3,62.14
i34,e03,c5,p19,l3,355.07
i34,e03,c5,p20,l3,11.53
i34,e03,c5,p21,l3,121.27
i34,e03,c5,p22,l3,31.70
i34,e03,c5,p23,l3,67.20
i34,e03,c5,p24,l3,45.06
i34,e03,c5,p25,l3,37.08
i34,e03,c5,p26,l3,0.00
i34,e03,c5,p27,l3,0.00
i34,e03,c5,p28,l3,14.90
i34,e03,c5,p29,l3,71.86
i34,e03,c5,p30,l3,3.09
i34,e03,c5,p31,l3,1.30
i34,e03,c5,p32,l3,44.52
i34,e03,c5,p33,l3,0.00
i34,e03,c5,p35,l3,177.39
i34,e03,c8,p35,l3,0.00
i34,e04,c3,p01,l1,0.00
i34,e04,c3,p01,l3,0.00
i34,e04,c3,p02,l1,0.00
i34,e04,c3,p02,l3,0.00
i34,e04,c3,p03,l1,0.00
i34,e04,c3,p03,l3,0.00
i34,e04,c3,p04,l1,0.00
i34,e04,c3,p04,l3,0.00
i34,e04,c3,p05,l1,0.00
i34,e04,c3,p05,l3,0.00
i34,e04,c3,p06,l1,0.00
i34,e04,c3,p06,l3,0.00
i34,e04,c3,p07,l1,0.00
i34,e04,c3,p07,l3,0.00
i34,e04,c3,p08,l1,0.00
i34,e04,c3,p08,l3,0.00
i34,e04,c3,p09,l1,0.00
i34,e04,c3,p09,l3,2.19
i34,e04,c3,p10,l1,0.00
i34,e04,c3,p10,l3,0.00
i34,e04,c3,p11,l1,0.00
i34,e04,c3,p11,l3,0.00
i34,e04,c3,p12,l1,0.00
i34,e04,c3,p12,l3,0.00
i34,e04,c3,p13,l1,0.00
i34,e04,c3,p13,l3,0.00
i34,e04,c3,p14,l1,0.00
i34,e04,c3,p14,l3,0.00
i34,e04,c3,p15,l1,0.00
i34,e04,c3,p15,l3,0.00
i34,e04,c3,p16,l1,0.00
i34,e04,c3,p16,l3,0.00
i34,e04,c3,p17,l1,0.00
i34,e04,c3,p17,l3,0.00
i34,e04,c3,p18,l1,0.00
i34,e04,c3,p18,l3,0.00
i34,e04,c3,p19,l1,0.00
i34,e04,c3,p19,l3,0.00
i34,e04,c3,p20,l1,0.00
i34,e04,c3,p20,l3,0.00
i34,e04,c3,p21,l1,0.00
i34,e04,c3,p21,l3,0.00
i34,e04,c3,p22,l1,0.00
i34,e04,c3,p22,l3,0.00
i34,e04,c3,p23,l1,0.00
i34,e04,c3,p23,l3,0.00
i34,e04,c3,p24,l1,0.00
i34,e04,c3,p24,l3,0.00
i34,e04,c3,p25,l3,0.00
i34,e04,c3,p26,l1,0.00
i34,e04,c3,p26,l3,0.00
i34,e04,c3,p28,l1,0.00
i34,e04,c3,p28,l3,0.00
i34,e04,c3,p29,l1,0.00
i34,e04,c3,p29,l3,0.00
i34,e04,c3,p31,l1,0.00
i34,e04,c3,p31,l3,0.00
i34,e04,c3,p32,l1,0.00
i34,e04,c3,p32,l3,0.00
i34,e04,c3,p33,l3,0.00
i34,e04,c3,p35,l1,0.00
i34,e04,c3,p35,l3,0.00
i34,e04,c5,p01,l1,0.00
i34,e04,c5,p01,l3,8.61
i34,e04,c5,p02,l1,0.00
i34,e04,c5,p02,l3,16.51
i34,e04,c5,p03,l1,0.00
i34,e04,c5,p03,l3,20.37
i34,e04,c5,p04,l1,0.00
i34,e04,c5,p04,l3,37.08
i34,e04,c5,p05,l1,0.00
i34,e04,c5,p05,l3,17.10
i34,e04,c5,p06,l1,0.00
i34,e04,c5,p06,l3,2.07
i34,e04,c5,p07,l1,0.00
i34,e04,c5,p07,l3,9.52
i34,e04,c5,p08,l1,0.00
i34,e04,c5,p08,l3,1.36
i34,e04,c5,p09,l1,0.00
i34,e04,c5,p09,l3,8.64
i34,e04,c5,p10,l1,0.00
i34,e04,c5,p10,l3,67.78
i34,e04,c5,p11,l1,0.00
i34,e04,c5,p11,l3,32.65
i34,e04,c5,p12,l1,0.00
i34,e04,c5,p12,l3,9.05
i34,e04,c5,p13,l1,0.00
i34,e04,c5,p13,l3,5.46
i34,e04,c5,p14,l1,0.00
i34,e04,c5,p14,l3,2.74
i34,e04,c5,p15,l1,0.00
i34,e04,c5,p15,l3,7.24
i34,e04,c5,p16,l1,0.00
i34,e04,c5,p16,l3,9.19
i34,e04,c5,p17,l1,0.00
i34,e04,c5,p17,l3,15.38
i34,e04,c5,p18,l1,0.00
i34,e04,c5,p18,l3,12.49
i34,e04,c5,p19,l1,0.00
i34,e04,c5,p19,l3,99.04
i34,e04,c5,p20,l1,0.00
i34,e04,c5,p20,l3,1.99
i34,e04,c5,p21,l1,0.00
i34,e04,c5,p21,l3,9.21
i34,e04,c5,p22,l1,0.00
i34,e04,c5,p22,l3,3.55
i34,e04,c5,p23,l1,0.00
i34,e04,c5,p23,l3,1.13
i34,e04,c5,p24,l1,0.00
i34,e04,c5,p24,l3,6.56
i34,e04,c5,p25,l1,0.00
i34,e04,c5,p25,l3,13.53
i34,e04,c5,p26,l1,0.00
i34,e04,c5,p26,l3,0.00
i34,e04,c5,p27,l3,0.00
i34,e04,c5,p28,l1,0.00
i34,e04,c5,p28,l3,3.48
i34,e04,c5,p29,l1,0.00
i34,e04,c5,p29,l3,6.50
i34,e04,c5,p30,l1,0.00
i34,e04,c5,p30,l3,0.00
i34,e04,c5,p31,l1,0.00
i34,e04,c5,p31,l3,0.00
i34,e04,c5,p32,l1,0.00
i34,e04,c5,p32,l3,5.33
i34,e04,c5,p33,l1,0.00
i34,e04,c5,p33,l3,0.00
i34,e04,c5,p35,l1,0.00
i34,e04,c5,p35,l3,80.03
i34,e05,c3,p01,l3,0.00
i34,e05,c3,p02,l3,0.00
i34,e05,c3,p03,l3,0.00
i34,e05,c3,p04,l3,0.00
i34,e05,c3,p05,l1,0.00
i34,e05,c3,p05,l3,0.00
i34,e05,c3,p06,l3,0.00
i34,e05,c3,p07,l3,0.00
i34,e05,c3,p08,l1,0.00
i34,e05,c3,p08,l3,0.00
i34,e05,c3,p09,l3,0.00
i34,e05,c3,p10,l1,0.00
i34,e05,c3,p10,l3,0.00
i34,e05,c3,p11,l3,0.00
i34,e05,c3,p12,l1,0.00
i34,e05,c3,p12,l3,0.00
i34,e05,c3,p13,l3,0.00
i34,e05,c3,p14,l3,0.00
i34,e05,c3,p15,l3,0.00
i34,e05,c3,p16,l3,0.00
i34,e05,c3,p17,l3,0.00
i34,e05,c3,p18,l1,0.00
i34,e05,c3,p18,l3,0.00
i34,e05,c3,p19,l1,0.00
i34,e05,c3,p19,l3,0.00
i34,e05,c3,p21,l3,0.00
i34,e05,c3,p22,l3,0.00
i34,e05,c3,p24,l3,0.00
i34,e05,c3,p25,l3,0.00
i34,e05,c3,p28,l3,0.00
i34,e05,c3,p29,l3,0.00
i34,e05,c3,p32,l1,0.00
i34,e05,c3,p32,l3,0.00
i34,e05,c3,p35,l1,0.00
i34,e05,c3,p35,l3,0.00
i34,e05,c5,p01,l1,0.00
i34,e05,c5,p01,l3,1.49
i34,e05,c5,p02,l1,0.00
i34,e05,c5,p02,l3,1.46
i34,e05,c5,p03,l1,0.00
i34,e05,c5,p03,l3,0.00
i34,e05,c5,p04,l1,0.00
i34,e05,c5,p04,l3,0.00
i34,e05,c5,p05,l1,0.00
i34,e05,c5,p05,l3,0.00
i34,e05,c5,p06,l1,0.00
i34,e05,c5,p06,l3,0.00
i34,e05,c5,p07,l1,0.00
i34,e05,c5,p07,l3,0.00
i34,e05,c5,p08,l1,0.00
i34,e05,c5,p08,l3,0.00
i34,e05,c5,p09,l1,0.00
i34,e05,c5,p09,l3,0.00
i34,e05,c5,p10,l1,0.00
i34,e05,c5,p10,l3,0.00
i34,e05,c5,p11,l1,0.00
i34,e05,c5,p11,l3,0.00
i34,e05,c5,p12,l1,0.00
i34,e05,c5,p12,l3,0.00
i34,e05,c5,p13,l1,0.00
i34,e05,c5,p13,l3,0.00
i34,e05,c5,p14,l1,0.00
i34,e05,c5,p14,l3,0.00
i34,e05,c5,p15,l1,0.00
i34,e05,c5,p15,l3,0.00
i34,e05,c5,p16,l1,0.00
i34,e05,c5,p16,l3,0.00
i34,e05,c5,p17,l1,0.00
i34,e05,c5,p17,l3,0.00
i34,e05,c5,p18,l1,0.00
i34,e05,c5,p18,l3,0.00
i34,e05,c5,p19,l1,0.00
i34,e05,c5,p19,l3,1.67
i34,e05,c5,p20,l1,0.00
i34,e05,c5,p20,l3,0.00
i34,e05,c5,p21,l1,0.00
i34,e05,c5,p21,l3,0.00
i34,e05,c5,p22,l1,0.00
i34,e05,c5,p22,l3,0.00
i34,e05,c5,p23,l1,0.00
i34,e05,c5,p23,l3,0.00
i34,e05,c5,p24,l1,0.00
i34,e05,c5,p24,l3,0.00
i34,e05,c5,p25,l1,0.00
i34,e05,c5,p25,l3,0.00
i34,e05,c5,p26,l1,0.00
i34,e05,c5,p26,l3,0.00
i34,e05,c5,p28,l1,0.00
i34,e05,c5,p28,l3,0.00
i34,e05,c5,p29,l1,0.00
i34,e05,c5,p29,l3,0.00
i34,e05,c5,p30,l1,0.00
i34,e05,c5,p30,l3,0.00
i34,e05,c5,p31,l1,0.00
i34,e05,c5,p31,l3,0.00
i34,e05,c5,p32,l1,0.00
i34,e05,c5,p32,l3,0.00
i34,e05,c5,p33,l3,0.00
i34,e05,c5,p35,l1,0.00
i34,e05,c5,p35,l3,0.00
i34,e06,c5,p24,l3,0.00
i34,e07,c5,p10,l3,0.00
i34,e07,c5,p17,l3,0.00
i34,e07,c5,p19,l3,0.00
i34,e07,c5,p23,l3,0.00
i34,e07,c5,p35,l2,0.00
i34,e07,c5,p35,l3,0.00
i34,e08,c3,p01,l2,0.00
i34,e08,c3,p01,l3,0.00
i34,e08,c3,p02,l2,0.00
i34,e08,c3,p02,l3,0.00
i34,e08,c3,p03,l2,0.00
i34,e08,c3,p03,l3,0.00
i34,e08,c3,p04,l2,0.00
i34,e08,c3,p04,l3,0.00
i34,e08,c3,p05,l2,0.00
i34,e08,c3,p05,l3,0.00
i34,e08,c3,p06,l2,0.00
i34,e08,c3,p06,l3,0.00
i34,e08,c3,p07,l2,0.00
i34,e08,c3,p07,l3,0.00
i34,e08,c3,p08,l2,0.00
i34,e08,c3,p08,l3,0.00
i34,e08,c3,p09,l2,0.00
i34,e08,c3,p09,l3,0.00
i34,e08,c3,p10,l2,0.00
i34,e08,c3,p10,l3,0.00
i34,e08,c3,p11,l2,0.00
i34,e08,c3,p11,l3,0.00
i34,e08,c3,p12,l2,0.00
i34,e08,c3,p12,l3,0.00
i34,e08,c3,p13,l2,0.00
i34,e08,c3,p13,l3,0.00
i34,e08,c3,p14,l2,0.00
i34,e08,c3,p14,l3,0.00
i34,e08,c3,p15,l2,0.00
i34,e08,c3,p15,l3,0.00
i34,e08,c3,p16,l2,0.00
i34,e08,c3,p16,l3,0.00
i34,e08,c3,p17,l2,0.00
i34,e08,c3,p17,l3,0.00
i34,e08,c3,p18,l2,0.00
i34,e08,c3,p18,l3,0.00
i34,e08,c3,p19,l2,0.00
i34,e08,c3,p19,l3,0.00
i34,e08,c3,p20,l2,0.00
i34,e08,c3,p20,l3,0.00
i34,e08,c3,p21,l2,0.00
i34,e08,c3,p21,l3,0.00
i34,e08,c3,p22,l2,0.00
i34,e08,c3,p22,l3,0.00
i34,e08,c3,p23,l2,0.00
i34,e08,c3,p23,l3,0.00
i34,e08,c3,p24,l2,0.00
i34,e08,c3,p24,l3,0.00
i34,e08,c3,p25,l3,0.00
i34,e08,c3,p26,l3,0.00
i34,e08,c3,p28,l2,0.00
i34,e08,c3,p28,l3,0.00
i34,e08,c3,p29,l2,0.00
i34,e08,c3,p29,l3,0.00
i34,e08,c3,p31,l2,0.00
i34,e08,c3,p31,l3,0.00
i34,e08,c3,p32,l2,0.00
i34,e08,c3,p32,l3,0.00
i34,e08,c3,p33,l3,0.00
i34,e08,c3,p35,l2,0.00
i34,e08,c3,p35,l3,0.00
i34,e08,c5,p01,l2,0.00
i34,e08,c5,p01,l3,43.22
i34,e08,c5,p02,l2,0.00
i34,e08,c5,p02,l3,15.42
i34,e08,c5,p03,l2,0.00
i34,e08,c5,p03,l3,40.06
i34,e08,c5,p04,l2,0.00
i34,e08,c5,p04,l3,65.50
i34,e08,c5,p05,l2,0.00
i34,e08,c5,p05,l3,28.90
i34,e08,c5,p06,l2,0.00
i34,e08,c5,p06,l3,13.21
i34,e08,c5,p07,l2,0.00
i34,e08,c5,p07,l3,8.16
i34,e08,c5,p08,l2,0.00
i34,e08,c5,p08,l3,4.17
i34,e08,c5,p09,l2,0.00
i34,e08,c5,p09,l3,5.15
i34,e08,c5,p10,l2,0.00
i34,e08,c5,p10,l3,87.14
i34,e08,c5,p11,l2,0.00
i34,e08,c5,p11,l3,22.81
i34,e08,c5,p12,l2,0.00
i34,e08,c5,p12,l3,26.29
i34,e08,c5,p13,l2,0.00
i34,e08,c5,p13,l3,12.24
i34,e08,c5,p14,l2,0.00
i34,e08,c5,p14,l3,2.14
i34,e08,c5,p15,l2,0.00
i34,e08,c5,p15,l3,11.18
i34,e08,c5,p16,l2,0.00
i34,e08,c5,p16,l3,8.37
i34,e08,c5,p17,l2,0.00
i34,e08,c5,p17,l3,26.19
i34,e08,c5,p18,l2,0.00
i34,e08,c5,p18,l3,5.25
i34,e08,c5,p19,l2,0.00
i34,e08,c5,p19,l3,155.15
i34,e08,c5,p20,l2,0.00
i34,e08,c5,p20,l3,1.91
i34,e08,c5,p21,l2,0.00
i34,e08,c5,p21,l3,10.70
i34,e08,c5,p22,l2,0.00
i34,e08,c5,p22,l3,4.24
i34,e08,c5,p23,l2,0.00
i34,e08,c5,p23,l3,5.09
i34,e08,c5,p24,l2,0.00
i34,e08,c5,p24,l3,9.04
i34,e08,c5,p25,l2,0.00
i34,e08,c5,p25,l3,9.07
i34,e08,c5,p26,l2,0.00
i34,e08,c5,p26,l3,0.00
i34,e08,c5,p27,l3,0.00
i34,e08,c5,p28,l2,0.00
i34,e08,c5,p28,l3,0.00
i34,e08,c5,p29,l2,0.00
i34,e08,c5,p29,l3,6.27
i34,e08,c5,p30,l2,0.00
i34,e08,c5,p30,l3,1.11
i34,e08,c5,p31,l2,0.00
i34,e08,c5,p31,l3,0.00
i34,e08,c5,p32,l2,0.00
i34,e08,c5,p32,l3,52.66
i34,e08,c5,p33,l2,0.00
i34,e08,c5,p33,l3,0.00
i34,e08,c5,p35,l2,0.00
i34,e08,c5,p35,l3,77.12
i34,e09,c3,p01,l2,0.00
i34,e09,c3,p01,l3,0.00
i34,e09,c3,p02,l2,0.00
i34,e09,c3,p02,l3,0.00
i34,e09,c3,p03,l2,0.00
i34,e09,c3,p03,l3,0.00
i34,e09,c3,p04,l2,0.00
i34,e09,c3,p04,l3,0.00
i34,e09,c3,p05,l2,0.00
i34,e09,c3,p05,l3,0.00
i34,e09,c3,p06,l2,0.00
i34,e09,c3,p06,l3,0.00
i34,e09,c3,p07,l2,0.00
i34,e09,c3,p07,l3,0.00
i34,e09,c3,p08,l2,0.00
i34,e09,c3,p08,l3,0.00
i34,e09,c3,p09,l2,0.00
i34,e09,c3,p09,l3,0.00
i34,e09,c3,p10,l2,0.00
i34,e09,c3,p10,l3,0.00
i34,e09,c3,p11,l2,0.00
i34,e09,c3,p11,l3,0.00
i34,e09,c3,p12,l2,0.00
i34,e09,c3,p12,l3,0.00
i34,e09,c3,p13,l2,0.00
i34,e09,c3,p13,l3,0.00
i34,e09,c3,p14,l2,0.00
i34,e09,c3,p14,l3,0.00
i34,e09,c3,p15,l2,0.00
i34,e09,c3,p15,l3,0.00
i34,e09,c3,p16,l2,0.00
i34,e09,c3,p16,l3,0.00
i34,e09,c3,p17,l2,0.00
i34,e09,c3,p17,l3,0.00
i34,e09,c3,p18,l2,0.00
i34,e09,c3,p18,l3,0.00
i34,e09,c3,p19,l2,0.00
i34,e09,c3,p19,l3,0.00
i34,e09,c3,p20,l3,0.00
i34,e09,c3,p21,l2,0.00
i34,e09,c3,p21,l3,0.00
i34,e09,c3,p22,l2,0.00
i34,e09,c3,p22,l3,0.00
i34,e09,c3,p23,l2,0.00
i34,e09,c3,p23,l3,0.00
i34,e09,c3,p24,l2,0.00
i34,e09,c3,p24,l3,0.00
i34,e09,c3,p25,l3,0.00
i34,e09,c3,p26,l3,0.00
i34,e09,c3,p28,l2,0.00
i34,e09,c3,p28,l3,0.00
i34,e09,c3,p29,l2,0.00
i34,e09,c3,p29,l3,0.00
i34,e09,c3,p31,l3,0.00
i34,e09,c3,p32,l2,0.00
i34,e09,c3,p32,l3,0.00
i34,e09,c3,p33,l3,0.00
i34,e09,c3,p35,l2,0.00
i34,e09,c3,p35,l3,0.00
i34,e09,c5,p01,l2,0.00
i34,e09,c5,p01,l3,15.15
i34,e09,c5,p02,l2,0.00
i34,e09,c5,p02,l3,5.75
i34,e09,c5,p03,l2,0.00
i34,e09,c5,p03,l3,6.11
i34,e09,c5,p04,l2,0.00
i34,e09,c5,p04,l3,34.07
i34,e09,c5,p05,l2,0.00
i34,e09,c5,p05,l3,6.17
i34,e09,c5,p06,l2,0.00
i34,e09,c5,p06,l3,0.00
i34,e09,c5,p07,l2,0.00
i34,e09,c5,p07,l3,11.40
i34,e09,c5,p08,l2,0.00
i34,e09,c5,p08,l3,0.00
i34,e09,c5,p09,l2,0.00
i34,e09,c5,p09,l3,3.32
i34,e09,c5,p10,l2,0.00
i34,e09,c5,p10,l3,54.46
i34,e09,c5,p11,l2,0.00
i34,e09,c5,p11,l3,8.80
i34,e09,c5,p12,l2,0.00
i34,e09,c5,p12,l3,1.44
i34,e09,c5,p13,l2,0.00
i34,e09,c5,p13,l3,7.07
i34,e09,c5,p14,l2,0.00
i34,e09,c5,p14,l3,4.46
i34,e09,c5,p15,l2,0.00
i34,e09,c5,p15,l3,2.10
i34,e09,c5,p16,l2,0.00
i34,e09,c5,p16,l3,3.35
i34,e09,c5,p17,l2,0.00
i34,e09,c5,p17,l3,12.94
i34,e09,c5,p18,l2,0.00
i34,e09,c5,p18,l3,5.36
i34,e09,c5,p19,l2,0.00
i34,e09,c5,p19,l3,29.49
i34,e09,c5,p20,l2,0.00
i34,e09,c5,p20,l3,0.00
i34,e09,c5,p21,l2,0.00
i34,e09,c5,p21,l3,9.37
i34,e09,c5,p22,l2,0.00
i34,e09,c5,p22,l3,1.71
i34,e09,c5,p23,l2,0.00
i34,e09,c5,p23,l3,3.03
i34,e09,c5,p24,l2,0.00
i34,e09,c5,p24,l3,0.00
i34,e09,c5,p25,l2,0.00
i34,e09,c5,p25,l3,4.46
i34,e09,c5,p26,l2,0.00
i34,e09,c5,p26,l3,0.00
i34,e09,c5,p27,l3,0.00
i34,e09,c5,p28,l2,0.00
i34,e09,c5,p28,l3,4.09
i34,e09,c5,p29,l2,0.00
i34,e09,c5,p29,l3,3.93
i34,e09,c5,p30,l2,0.00
i34,e09,c5,p30,l3,0.00
i34,e09,c5,p31,l2,0.00
i34,e09,c5,p31,l3,0.00
i34,e09,c5,p32,l2,0.00
i34,e09,c5,p32,l3,0.00
i34,e09,c5,p33,l2,0.00
i34,e09,c5,p33,l3,0.00
i34,e09,c5,p35,l2,0.00
i34,e09,c5,p35,l3,47.47
i34,e11,c3,p07,l3,0.00
i34,e11,c3,p11,l3,0.00
i34,e11,c3,p12,l3,0.00
i34,e11,c3,p14,l3,0.00
i34,e11,c3,p15,l3,0.00
i34,e11,c3,p23,l3,0.00
i34,e11,c3,p25,l3,0.00
i34,e11,c3,p35,l3,0.00
i34,e11,c5,p01,l2,0.00
i34,e11,c5,p01,l3,0.00
i34,e11,c5,p02,l2,0.00
i34,e11,c5,p02,l3,0.00
i34,e11,c5,p03,l2,0.00
i34,e11,c5,p03,l3,0.00
i34,e11,c5,p04,l3,0.00
i34,e11,c5,p05,l3,0.00
i34,e11,c5,p06,l3,0.00
i34,e11,c5,p07,l3,0.00
i34,e11,c5,p08,l3,0.00
i34,e11,c5,p09,l3,0.00
i34,e11,c5,p10,l2,0.00
i34,e11,c5,p10,l3,0.00
i34,e11,c5,p11,l2,0.00
i34,e11,c5,p11,l3,0.00
i34,e11,c5,p12,l3,0.00
i34,e11,c5,p13,l2,0.00
i34,e11,c5,p13,l3,0.00
i34,e11,c5,p14,l3,0.00
i34,e11,c5,p15,l3,0.00
i34,e11,c5,p16,l3,0.00
i34,e11,c5,p17,l3,0.00
i34,e11,c5,p18,l3,0.00
i34,e11,c5,p19,l2,0.00
i34,e11,c5,p19,l3,0.00
i34,e11,c5,p20,l3,0.00
i34,e11,c5,p21,l2,0.00
i34,e11,c5,p21,l3,0.00
i34,e11,c5,p22,l3,0.00
i34,e11,c5,p23,l3,0.00
i34,e11,c5,p24,l3,0.00
i34,e11,c5,p29,l3,0.00
i34,e11,c5,p31,l2,0.00
i34,e11,c5,p31,l3,0.00
i34,e11,c5,p32,l3,0.00
i34,e11,c5,p35,l2,0.00
i34,e11,c5,p35,l3,0.00
i34,e12,c3,p11,l3,0.00
i34,e12,c3,p14,l3,0.00
i34,e12,c3,p16,l3,0.00
i34,e12,c3,p24,l3,0.00
i34,e12,c3,p35,l3,0.00
i34,e12,c5,p01,l3,0.00
i34,e12,c5,p02,l3,0.00
i34,e12,c5,p03,l3,0.00
i34,e12,c5,p04,l3,0.00
i34,e12,c5,p05,l3,0.00
i34,e12,c5,p06,l3,0.00
i34,e12,c5,p07,l3,0.00
i34,e12,c5,p08,l3,0.00
i34,e12,c5,p09,l3,0.00
i34,e12,c5,p10,l3,0.00
i34,e12,c5,p11,l3,0.00
i34,e12,c5,p12,l3,0.00
i34,e12,c5,p13,l3,0.00
i34,e12,c5,p14,l3,0.00
i34,e12,c5,p15,l3,0.00
i34,e12,c5,p16,l3,0.00
i34,e12,c5,p17,l3,0.00
i34,e12,c5,p18,l3,0.00
i34,e12,c5,p19,l3,0.00
i34,e12,c5,p21,l3,0.00
i34,e12,c5,p22,l3,0.00
i34,e12,c5,p23,l3,0.00
i34,e12,c5,p24,l3,0.00
i34,e12,c5,p25,l3,0.00
i34,e12,c5,p26,l3,0.00
i34,e12,c5,p28,l3,0.00
i34,e12,c5,p29,l3,0.00
i34,e12,c5,p31,l3,0.00
i34,e12,c5,p32,l3,0.00
i34,e12,c5,p35,l3,0.00
i34,e13,c3,p01,l3,0.00
i34,e13,c3,p02,l3,0.00
i34,e13,c3,p03,l3,0.00
i34,e13,c3,p04,l3,0.00
i34,e13,c3,p05,l3,0.00
i34,e13,c3,p06,l3,0.00
i34,e13,c3,p07,l3,0.00
i34,e13,c3,p08,l3,0.00
i34,e13,c3,p09,l3,0.00
i34,e13,c3,p10,l3,0.00
i34,e13,c3,p11,l3,0.00
i34,e13,c3,p12,l3,0.00
i34,e13,c3,p13,l3,0.00
i34,e13,c3,p14,l3,0.00
i34,e13,c3,p15,l3,0.00
i34,e13,c3,p16,l3,0.00
i34,e13,c3,p17,l3,0.00
i34,e13,c3,p18,l3,0.00
i34,e13,c3,p19,l3,0.00
i34,e13,c3,p20,l3,0.00
i34,e13,c3,p21,l3,0.00
i34,e13,c3,p22,l3,0.00
i34,e13,c3,p23,l3,0.00
i34,e13,c3,p24,l3,0.00
i34,e13,c3,p25,l3,0.00
i34,e13,c3,p26,l3,0.00
i34,e13,c3,p28,l3,0.00
i34,e13,c3,p29,l3,0.00
i34,e13,c3,p31,l3,0.00
i34,e13,c3,p32,l3,0.00
i34,e13,c3,p35,l3,0.00
i34,e13,c5,p01,l3,0.00
i34,e13,c5,p02,l3,0.00
i34,e13,c5,p03,l3,0.00
i34,e13,c5,p04,l3,0.00
i34,e13,c5,p05,l3,0.00
i34,e13,c5,p06,l3,0.00
i34,e13,c5,p07,l3,0.00
i34,e13,c5,p08,l3,0.00
i34,e13,c5,p09,l3,0.00
i34,e13,c5,p10,l3,0.00
i34,e13,c5,p11,l3,0.00
i34,e13,c5,p12,l3,0.00
i34,e13,c5,p13,l3,0.00
i34,e13,c5,p14,l3,0.00
i34,e13,c5,p15,l3,0.00
i34,e13,c5,p16,l3,0.00
i34,e13,c5,p17,l3,0.00
i34,e13,c5,p18,l3,0.00
i34,e13,c5,p19,l3,0.00
i34,e13,c5,p20,l3,0.00
i34,e13,c5,p21,l3,0.00
i34,e13,c5,p22,l3,0.00
i34,e13,c5,p23,l3,0.00
i34,e13,c5,p24,l3,0.00
i34,e13,c5,p25,l3,0.00
i34,e13,c5,p26,l3,0.00
i34,e13,c5,p27,l3,0.00
i34,e13,c5,p28,l3,0.00
i34,e13,c5,p29,l3,0.00
i34,e13,c5,p30,l3,0.00
i34,e13,c5,p31,l3,0.00
i34,e13,c5,p32,l3,0.00
i34,e13,c5,p33,l3,0.00
i34,e13,c5,p35,l3,0.00
i35,e01,c2,p35,l3,0.00
i35,e04,c2,p35,l1,0.00
i35,e04,c2,p35,l3,0.00
i35,e09,c2,p35,l2,0.00
i35,e09,c2,p35,l3,6.05
i36,e01,c3,p35,l3,0.00
i36,e01,c5,p03,l3,0.00
i36,e01,c5,p10,l3,0.00
i36,e01,c5,p22,l3,0.00
i36,e01,c5,p25,l3,0.00
i36,e01,c5,p35,l3,0.00
i36,e02,c3,p35,l3,0.00
i36,e02,c5,p10,l3,0.00
i36,e02,c5,p35,l1,0.00
i36,e02,c5,p35,l3,0.00
i36,e03,c3,p35,l3,0.00
i36,e03,c5,p10,l3,0.00
i36,e03,c5,p35,l3,0.00
i36,e04,c3,p35,l1,0.00
i36,e04,c3,p35,l3,0.00
i36,e04,c5,p03,l3,0.00
i36,e04,c5,p10,l3,0.00
i36,e04,c5,p22,l3,0.00
i36,e04,c5,p25,l3,0.00
i36,e04,c5,p35,l1,0.00
i36,e04,c5,p35,l3,4.67
i36,e05,c3,p35,l1,0.00
i36,e05,c3,p35,l3,0.00
i36,e05,c5,p35,l1,0.00
i36,e05,c5,p35,l3,0.00
i36,e07,c5,p35,l3,0.00
i36,e08,c3,p35,l2,0.00
i36,e08,c3,p35,l3,0.00
i36,e08,c5,p03,l3,0.00
i36,e08,c5,p10,l3,0.00
i36,e08,c5,p12,l3,0.00
i36,e08,c5,p22,l3,0.00
i36,e08,c5,p25,l2,0.00
i36,e08,c5,p25,l3,0.00
i36,e08,c5,p35,l2,0.00
i36,e08,c5,p35,l3,24.01
i36,e09,c3,p35,l2,0.00
i36,e09,c3,p35,l3,0.00
i36,e09,c5,p03,l3,0.00
i36,e09,c5,p10,l3,0.00
i36,e09,c5,p12,l3,0.00
i36,e09,c5,p22,l3,0.00
i36,e09,c5,p25,l2,0.00
i36,e09,c5,p25,l3,0.00
i36,e09,c5,p35,l2,0.00
i36,e09,c5,p35,l3,0.00
i36,e11,c3,p35,l2,0.00
i36,e11,c3,p35,l3,0.00
i36,e11,c5,p03,l3,0.00
i36,e11,c5,p12,l3,0.00
i36,e11,c5,p25,l2,0.00
i36,e11,c5,p25,l3,0.00
i36,e11,c5,p35,l2,0.00
i36,e11,c5,p35,l3,0.00
i36,e12,c3,p35,l3,0.00
i36,e12,c5,p22,l3,0.00
i36,e12,c5,p25,l3,0.00
i36,e12,c5,p35,l3,0.00
i36,e13,c5,p10,l3,0.00
i36,e13,c5,p35,l3,0.00
i37,e01,c3,p33,l3,0.00
i37,e01,c3,p35,l3,0.00
i37,e01,c5,p09,l3,0.00
i37,e01,c5,p10,l3,0.00
i37,e01,c5,p11,l3,0.00
i37,e01,c5,p13,l3,0.00
i37,e01,c5,p15,l3,0.00
i37,e01,c5,p19,l3,0.00
i37,e01,c5,p33,l3,0.00
i37,e01,c5,p35,l3,0.00
i37,e02,c5,p33,l3,0.00
i37,e03,c3,p33,l3,0.00
i37,e03,c5,p01,l3,0.00
i37,e03,c5,p10,l3,0.00
i37,e03,c5,p11,l3,0.00
i37,e03,c5,p13,l3,0.00
i37,e03,c5,p15,l3,0.00
i37,e03,c5,p17,l3,0.00
i37,e03,c5,p18,l3,0.00
i37,e03,c5,p19,l3,0.00
i37,e03,c5,p33,l3,0.00
i37,e03,c5,p35,l3,0.00
i37,e04,c3,p19,l3,0.00
i37,e04,c3,p33,l3,0.00
i37,e04,c5,p09,l3,0.00
i37,e04,c5,p10,l3,0.00
i37,e04,c5,p11,l3,0.00
i37,e04,c5,p13,l3,0.00
i37,e04,c5,p18,l3,0.00
i37,e04,c5,p19,l3,0.00
i37,e04,c5,p33,l3,0.00
i37,e04,c5,p35,l3,0.00
i37,e05,c3,p35,l3,0.00
i37,e05,c5,p01,l3,0.00
i37,e05,c5,p10,l3,0.00
i37,e05,c5,p11,l3,0.00
i37,e05,c5,p13,l3,0.00
i37,e05,c5,p17,l3,0.00
i37,e05,c5,p19,l3,0.00
i37,e05,c5,p33,l3,0.00
i37,e05,c5,p35,l3,0.00
i37,e07,c5,p33,l3,0.00
i37,e08,c3,p19,l3,0.00
i37,e08,c3,p33,l3,0.00
i37,e08,c3,p35,l3,0.00
i37,e08,c5,p01,l3,0.00
i37,e08,c5,p03,l3,0.00
i37,e08,c5,p08,l3,0.00
i37,e08,c5,p09,l3,0.00
i37,e08,c5,p10,l3,0.00
i37,e08,c5,p11,l3,0.00
i37,e08,c5,p13,l3,0.00
i37,e08,c5,p15,l3,0.00
i37,e08,c5,p17,l3,0.00
i37,e08,c5,p19,l3,0.00
i37,e08,c5,p29,l3,0.00
i37,e08,c5,p33,l3,1.74
i37,e08,c5,p35,l3,0.00
i37,e09,c3,p19,l3,0.00
i37,e09,c3,p33,l3,0.00
i37,e09,c3,p35,l3,0.00
i37,e09,c5,p09,l3,0.00
i37,e09,c5,p10,l3,0.00
i37,e09,c5,p11,l3,0.00
i37,e09,c5,p13,l3,0.00
i37,e09,c5,p15,l3,0.00
i37,e09,c5,p17,l3,0.00
i37,e09,c5,p18,l3,0.00
i37,e09,c5,p19,l3,0.00
i37,e09,c5,p33,l3,0.00
i37,e09,c5,p35,l3,0.00
i37,e10,c3,p19,l3,0.00
i37,e10,c3,p33,l3,0.00
i37,e10,c3,p35,l3,0.00
i37,e10,c5,p01,l3,0.00
i37,e10,c5,p03,l3,0.00
i37,e10,c5,p08,l3,0.00
i37,e10,c5,p09,l3,0.00
i37,e10,c5,p10,l3,0.00
i37,e10,c5,p11,l3,0.00
i37,e10,c5,p13,l3,0.00
i37,e10,c5,p15,l3,0.00
i37,e10,c5,p17,l3,0.00
i37,e10,c5,p18,l3,0.00
i37,e10,c5,p19,l3,0.00
i37,e10,c5,p21,l3,0.00
i37,e10,c5,p29,l3,0.00
i37,e10,c5,p33,l3,25.34
i37,e10,c5,p35,l3,0.00
i37,e11,c3,p33,l3,0.00
i37,e11,c5,p01,l3,0.00
i37,e11,c5,p10,l3,0.00
i37,e11,c5,p11,l3,0.00
i37,e11,c5,p19,l3,0.00
i37,e11,c5,p33,l3,0.00
i37,e11,c5,p35,l3,0.00
i37,e12,c3,p33,l3,0.00
i37,e12,c5,p10,l3,0.00
i37,e12,c5,p19,l3,0.00
i37,e12,c5,p33,l3,0.00
i37,e12,c5,p35,l3,0.00
i38,e01,c1,p01,l2,0.00
i38,e01,c1,p01,l3,164.30
i38,e01,c1,p01,l4,0.00
i38,e01,c1,p02,l2,0.00
i38,e01,c1,p02,l3,10.12
i38,e01,c1,p02,l4,0.00
i38,e01,c1,p03,l2,0.00
i38,e01,c1,p03,l3,82.96
i38,e01,c1,p03,l4,0.00
i38,e01,c1,p04,l2,0.00
i38,e01,c1,p04,l3,19.50
i38,e01,c1,p04,l4,0.00
i38,e01,c1,p05,l2,0.00
i38,e01,c1,p05,l3,68.17
i38,e01,c1,p05,l4,0.00
i38,e01,c1,p06,l2,0.00
i38,e01,c1,p06,l3,19.37
i38,e01,c1,p06,l4,0.00
i38,e01,c1,p07,l2,0.00
i38,e01,c1,p07,l3,86.34
i38,e01,c1,p07,l4,0.00
i38,e01,c1,p08,l2,0.00
i38,e01,c1,p08,l3,35.29
i38,e01,c1,p08,l4,0.00
i38,e01,c1,p09,l2,0.00
i38,e01,c1,p09,l3,30.33
i38,e01,c1,p09,l4,0.00
i38,e01,c1,p10,l2,0.00
i38,e01,c1,p10,l3,625.06
i38,e01,c1,p10,l4,0.00
i38,e01,c1,p11,l2,0.00
i38,e01,c1,p11,l3,53.13
i38,e01,c1,p11,l4,0.00
i38,e01,c1,p12,l2,0.00
i38,e01,c1,p12,l3,89.63
i38,e01,c1,p12,l4,0.00
i38,e01,c1,p13,l2,0.00
i38,e01,c1,p13,l3,448.56
i38,e01,c1,p13,l4,0.00
i38,e01,c1,p14,l2,0.00
i38,e01,c1,p14,l3,74.29
i38,e01,c1,p14,l4,0.00
i38,e01,c1,p15,l2,0.00
i38,e01,c1,p15,l3,69.71
i38,e01,c1,p15,l4,0.00
i38,e01,c1,p16,l2,0.00
i38,e01,c1,p16,l3,93.26
i38,e01,c1,p16,l4,0.00
i38,e01,c1,p17,l2,0.00
i38,e01,c1,p17,l3,122.32
i38,e01,c1,p17,l4,0.00
i38,e01,c1,p18,l2,0.00
i38,e01,c1,p18,l3,173.02
i38,e01,c1,p18,l4,0.00
i38,e01,c1,p19,l2,0.00
i38,e01,c1,p19,l3,214.10
i38,e01,c1,p19,l4,0.00
i38,e01,c1,p20,l2,0.00
i38,e01,c1,p20,l3,4.31
i38,e01,c1,p20,l4,0.00
i38,e01,c1,p21,l2,0.00
i38,e01,c1,p21,l3,78.11
i38,e01,c1,p21,l4,0.00
i38,e01,c1,p22,l2,0.00
i38,e01,c1,p22,l3,14.56
i38,e01,c1,p22,l4,0.00
i38,e01,c1,p23,l2,0.00
i38,e01,c1,p23,l3,19.62
i38,e01,c1,p23,l4,0.00
i38,e01,c1,p24,l2,0.00
i38,e01,c1,p24,l3,96.54
i38,e01,c1,p24,l4,0.00
i38,e01,c1,p25,l2,0.00
i38,e01,c1,p25,l3,12.41
i38,e01,c1,p25,l4,0.00
i38,e01,c1,p26,l2,0.00
i38,e01,c1,p26,l3,25.20
i38,e01,c1,p26,l4,0.00
i38,e01,c1,p27,l3,0.00
i38,e01,c1,p28,l2,0.00
i38,e01,c1,p28,l3,13.66
i38,e01,c1,p28,l4,0.00
i38,e01,c1,p29,l2,0.00
i38,e01,c1,p29,l3,25.31
i38,e01,c1,p29,l4,0.00
i38,e01,c1,p30,l2,0.00
i38,e01,c1,p30,l3,0.00
i38,e01,c1,p30,l4,0.00
i38,e01,c1,p31,l2,0.00
i38,e01,c1,p31,l3,2.13
i38,e01,c1,p31,l4,0.00
i38,e01,c1,p32,l2,0.00
i38,e01,c1,p32,l3,6.18
i38,e01,c1,p32,l4,0.00
i38,e01,c1,p33,l2,0.00
i38,e01,c1,p33,l3,0.00
i38,e01,c1,p33,l4,0.00
i38,e01,c1,p34,l3,0.00
i38,e01,c1,p34,l4,0.00
i38,e01,c1,p35,l2,0.00
i38,e01,c1,p35,l3,9.59
i38,e01,c1,p35,l4,0.00
i38,e01,c4,p01,l2,0.00
i38,e01,c4,p01,l3,2.68
i38,e01,c4,p01,l4,0.00
i38,e01,c4,p02,l2,0.00
i38,e01,c4,p02,l3,0.00
i38,e01,c4,p02,l4,0.00
i38,e01,c4,p03,l2,0.00
i38,e01,c4,p03,l3,1.56
i38,e01,c4,p03,l4,0.00
i38,e01,c4,p04,l2,0.00
i38,e01,c4,p04,l3,0.00
i38,e01,c4,p04,l4,0.00
i38,e01,c4,p05,l2,0.00
i38,e01,c4,p05,l3,0.00
i38,e01,c4,p05,l4,0.00
i38,e01,c4,p06,l2,0.00
i38,e01,c4,p06,l3,0.00
i38,e01,c4,p06,l4,0.00
i38,e01,c4,p07,l2,0.00
i38,e01,c4,p07,l3,0.00
i38,e01,c4,p07,l4,0.00
i38,e01,c4,p08,l3,3.46
i38,e01,c4,p08,l4,0.00
i38,e01,c4,p09,l3,0.00
i38,e01,c4,p09,l4,0.00
i38,e01,c4,p10,l2,0.00
i38,e01,c4,p10,l3,12.16
i38,e01,c4,p10,l4,0.00
i38,e01,c4,p11,l2,0.00
i38,e01,c4,p11,l3,0.00
i38,e01,c4,p11,l4,0.00
i38,e01,c4,p12,l2,0.00
i38,e01,c4,p12,l3,0.00
i38,e01,c4,p12,l4,0.00
i38,e01,c4,p13,l2,0.00
i38,e01,c4,p13,l3,0.00
i38,e01,c4,p13,l4,0.00
i38,e01,c4,p14,l3,0.00
i38,e01,c4,p14,l4,0.00
i38,e01,c4,p15,l2,0.00
i38,e01,c4,p15,l3,0.00
i38,e01,c4,p15,l4,0.00
i38,e01,c4,p16,l3,0.00
i38,e01,c4,p16,l4,0.00
i38,e01,c4,p17,l2,0.00
i38,e01,c4,p17,l3,0.00
i38,e01,c4,p17,l4,0.00
i38,e01,c4,p18,l2,0.00
i38,e01,c4,p18,l3,0.00
i38,e01,c4,p18,l4,0.00
i38,e01,c4,p19,l2,0.00
i38,e01,c4,p19,l3,1.02
i38,e01,c4,p19,l4,0.00
i38,e01,c4,p20,l2,0.00
i38,e01,c4,p20,l3,0.00
i38,e01,c4,p20,l4,0.00
i38,e01,c4,p21,l2,0.00
i38,e01,c4,p21,l3,0.00
i38,e01,c4,p21,l4,0.00
i38,e01,c4,p22,l2,0.00
i38,e01,c4,p22,l3,0.00
i38,e01,c4,p22,l4,0.00
i38,e01,c4,p23,l2,0.00
i38,e01,c4,p23,l3,0.00
i38,e01,c4,p23,l4,0.00
i38,e01,c4,p24,l3,0.00
i38,e01,c4,p24,l4,0.00
i38,e01,c4,p25,l2,0.00
i38,e01,c4,p25,l3,0.00
i38,e01,c4,p25,l4,0.00
i38,e01,c4,p26,l3,0.00
i38,e01,c4,p26,l4,0.00
i38,e01,c4,p27,l3,0.00
i38,e01,c4,p28,l2,0.00
i38,e01,c4,p28,l3,0.00
i38,e01,c4,p28,l4,0.00
i38,e01,c4,p29,l2,0.00
i38,e01,c4,p29,l3,0.00
i38,e01,c4,p29,l4,0.00
i38,e01,c4,p30,l3,0.00
i38,e01,c4,p31,l3,0.00
i38,e01,c4,p31,l4,0.00
i38,e01,c4,p32,l3,0.00
i38,e01,c4,p32,l4,0.00
i38,e01,c4,p33,l3,0.00
i38,e01,c4,p33,l4,0.00
i38,e01,c4,p34,l3,0.00
i38,e01,c4,p35,l3,0.00
i38,e01,c4,p35,l4,0.00
i38,e01,c7,p01,l3,0.00
i38,e01,c7,p02,l3,0.00
i38,e01,c7,p03,l3,0.00
i38,e01,c7,p04,l3,0.00
i38,e01,c7,p05,l3,0.00
i38,e01,c7,p06,l3,0.00
i38,e01,c7,p07,l3,0.00
i38,e01,c7,p07,l4,0.00
i38,e01,c7,p08,l3,0.00
i38,e01,c7,p09,l3,0.00
i38,e01,c7,p10,l3,0.00
i38,e01,c7,p10,l4,0.00
i38,e01,c7,p11,l3,0.00
i38,e01,c7,p12,l3,0.00
i38,e01,c7,p13,l3,0.00
i38,e01,c7,p14,l3,0.00
i38,e01,c7,p15,l3,0.00
i38,e01,c7,p16,l3,0.00
i38,e01,c7,p17,l3,0.00
i38,e01,c7,p18,l3,0.00
i38,e01,c7,p19,l3,0.00
i38,e01,c7,p20,l3,0.00
i38,e01,c7,p21,l3,0.00
i38,e01,c7,p21,l4,0.00
i38,e01,c7,p22,l3,0.00
i38,e01,c7,p23,l3,0.00
i38,e01,c7,p24,l3,0.00
i38,e01,c7,p25,l3,0.00
i38,e01,c7,p26,l3,0.00
i38,e01,c7,p28,l3,0.00
i38,e01,c7,p28,l4,0.00
i38,e01,c7,p29,l3,0.00
i38,e01,c7,p31,l3,0.00
i38,e01,c7,p32,l3,0.00
i38,e01,c7,p34,l3,0.00
i38,e01,c7,p35,l3,0.00
i38,e01,c8,p01,l3,0.00
i38,e01,c8,p01,l4,0.00
i38,e01,c8,p02,l3,0.00
i38,e01,c8,p05,l3,0.00
i38,e01,c8,p06,l3,0.00
i38,e01,c8,p06,l4,0.00
i38,e01,c8,p07,l3,0.00
i38,e01,c8,p07,l4,0.00
i38,e01,c8,p09,l3,0.00
i38,e01,c8,p10,l2,0.00
i38,e01,c8,p10,l3,0.00
i38,e01,c8,p10,l4,0.00
i38,e01,c8,p11,l3,0.00
i38,e01,c8,p11,l4,0.00
i38,e01,c8,p12,l3,0.00
i38,e01,c8,p12,l4,0.00
i38,e01,c8,p13,l3,0.00
i38,e01,c8,p14,l3,0.00
i38,e01,c8,p15,l3,0.00
i38,e01,c8,p15,l4,0.00
i38,e01,c8,p16,l3,0.00
i38,e01,c8,p16,l4,0.00
i38,e01,c8,p19,l3,0.00
i38,e01,c8,p20,l3,0.00
i38,e01,c8,p21,l3,0.00
i38,e01,c8,p23,l3,0.00
i38,e01,c8,p23,l4,0.00
i38,e01,c8,p24,l3,0.00
i38,e01,c8,p28,l3,0.00
i38,e01,c8,p28,l4,0.00
i38,e01,c8,p29,l3,0.00
i38,e01,c8,p31,l3,0.00
i38,e04,c1,p01,l1,0.00
i38,e04,c1,p01,l2,0.00
i38,e04,c1,p01,l3,132.78
i38,e04,c1,p01,l4,0.00
i38,e04,c1,p02,l1,0.00
i38,e04,c1,p02,l2,0.00
i38,e04,c1,p02,l3,31.24
i38,e04,c1,p02,l4,0.00
i38,e04,c1,p03,l1,0.00
i38,e04,c1,p03,l2,0.00
i38,e04,c1,p03,l3,65.12
i38,e04,c1,p03,l4,0.00
i38,e04,c1,p04,l1,0.00
i38,e04,c1,p04,l2,0.00
i38,e04,c1,p04,l3,30.04
i38,e04,c1,p04,l4,0.00
i38,e04,c1,p05,l1,0.00
i38,e04,c1,p05,l2,0.00
i38,e04,c1,p05,l3,97.49
i38,e04,c1,p05,l4,0.00
i38,e04,c1,p06,l1,0.00
i38,e04,c1,p06,l2,0.00
i38,e04,c1,p06,l3,4.52
i38,e04,c1,p06,l4,0.00
i38,e04,c1,p07,l1,0.00
i38,e04,c1,p07,l2,0.00
i38,e04,c1,p07,l3,76.57
i38,e04,c1,p07,l4,0.00
i38,e04,c1,p08,l1,0.00
i38,e04,c1,p08,l2,0.00
i38,e04,c1,p08,l3,26.34
i38,e04,c1,p08,l4,0.00
i38,e04,c1,p09,l1,0.00
i38,e04,c1,p09,l2,0.00
i38,e04,c1,p09,l3,34.28
i38,e04,c1,p09,l4,0.00
i38,e04,c1,p10,l1,0.00
i38,e04,c1,p10,l2,0.00
i38,e04,c1,p10,l3,773.12
i38,e04,c1,p10,l4,0.00
i38,e04,c1,p11,l1,0.00
i38,e04,c1,p11,l2,0.00
i38,e04,c1,p11,l3,62.22
i38,e04,c1,p11,l4,0.00
i38,e04,c1,p12,l1,0.00
i38,e04,c1,p12,l2,0.00
i38,e04,c1,p12,l3,138.80
i38,e04,c1,p12,l4,0.00
i38,e04,c1,p13,l1,0.00
i38,e04,c1,p13,l2,0.00
i38,e04,c1,p13,l3,1017.54
i38,e04,c1,p13,l4,0.00
i38,e04,c1,p14,l1,0.00
i38,e04,c1,p14,l2,0.00
i38,e04,c1,p14,l3,79.69
i38,e04,c1,p14,l4,0.00
i38,e04,c1,p15,l1,0.00
i38,e04,c1,p15,l2,0.00
i38,e04,c1,p15,l3,98.53
i38,e04,c1,p15,l4,0.00
i38,e04,c1,p16,l1,0.00
i38,e04,c1,p16,l2,0.00
i38,e04,c1,p16,l3,59.12
i38,e04,c1,p16,l4,0.00
i38,e04,c1,p17,l1,0.00
i38,e04,c1,p17,l2,0.00
i38,e04,c1,p17,l3,112.40
i38,e04,c1,p17,l4,0.00
i38,e04,c1,p18,l1,0.00
i38,e04,c1,p18,l2,0.00
i38,e04,c1,p18,l3,202.15
i38,e04,c1,p18,l4,0.00
i38,e04,c1,p19,l1,0.00
i38,e04,c1,p19,l2,0.00
i38,e04,c1,p19,l3,210.45
i38,e04,c1,p19,l4,0.00
i38,e04,c1,p20,l1,0.00
i38,e04,c1,p20,l2,0.00
i38,e04,c1,p20,l3,4.71
i38,e04,c1,p20,l4,0.00
i38,e04,c1,p21,l1,0.00
i38,e04,c1,p21,l2,0.00
i38,e04,c1,p21,l3,54.04
i38,e04,c1,p21,l4,0.00
i38,e04,c1,p22,l1,0.00
i38,e04,c1,p22,l2,0.00
i38,e04,c1,p22,l3,24.07
i38,e04,c1,p22,l4,0.00
i38,e04,c1,p23,l1,0.00
i38,e04,c1,p23,l2,0.00
i38,e04,c1,p23,l3,21.64
i38,e04,c1,p23,l4,0.00
i38,e04,c1,p24,l1,0.00
i38,e04,c1,p24,l2,0.00
i38,e04,c1,p24,l3,59.83
i38,e04,c1,p24,l4,0.00
i38,e04,c1,p25,l1,0.00
i38,e04,c1,p25,l2,0.00
i38,e04,c1,p25,l3,33.09
i38,e04,c1,p25,l4,0.00
i38,e04,c1,p26,l1,0.00
i38,e04,c1,p26,l2,0.00
i38,e04,c1,p26,l3,19.82
i38,e04,c1,p26,l4,0.00
i38,e04,c1,p27,l1,0.00
i38,e04,c1,p27,l3,0.00
i38,e04,c1,p27,l4,0.00
i38,e04,c1,p28,l1,0.00
i38,e04,c1,p28,l2,0.00
i38,e04,c1,p28,l3,9.03
i38,e04,c1,p28,l4,0.00
i38,e04,c1,p29,l1,0.00
i38,e04,c1,p29,l2,0.00
i38,e04,c1,p29,l3,55.20
i38,e04,c1,p29,l4,0.00
i38,e04,c1,p30,l1,0.00
i38,e04,c1,p30,l2,0.00
i38,e04,c1,p30,l3,0.00
i38,e04,c1,p30,l4,0.00
i38,e04,c1,p31,l1,0.00
i38,e04,c1,p31,l2,0.00
i38,e04,c1,p31,l3,1.29
i38,e04,c1,p31,l4,0.00
i38,e04,c1,p32,l1,0.00
i38,e04,c1,p32,l2,0.00
i38,e04,c1,p32,l3,13.88
i38,e04,c1,p32,l4,0.00
i38,e04,c1,p33,l1,0.00
i38,e04,c1,p33,l2,0.00
i38,e04,c1,p33,l3,0.00
i38,e04,c1,p33,l4,0.00
i38,e04,c1,p34,l1,0.00
i38,e04,c1,p34,l3,0.00
i38,e04,c1,p34,l4,0.00
i38,e04,c1,p35,l1,0.00
i38,e04,c1,p35,l2,0.00
i38,e04,c1,p35,l3,6.72
i38,e04,c1,p35,l4,0.00
i38,e04,c4,p01,l1,0.00
i38,e04,c4,p01,l2,0.00
i38,e04,c4,p01,l3,28.29
i38,e04,c4,p01,l4,0.00
i38,e04,c4,p02,l1,0.00
i38,e04,c4,p02,l3,0.00
i38,e04,c4,p02,l4,0.00
i38,e04,c4,p03,l1,0.00
i38,e04,c4,p03,l2,0.00
i38,e04,c4,p03,l3,0.00
i38,e04,c4,p03,l4,0.00
i38,e04,c4,p04,l1,0.00
i38,e04,c4,p04,l2,0.00
i38,e04,c4,p04,l3,0.00
i38,e04,c4,p04,l4,0.00
i38,e04,c4,p05,l1,0.00
i38,e04,c4,p05,l2,0.00
i38,e04,c4,p05,l3,0.00
i38,e04,c4,p05,l4,0.00
i38,e04,c4,p06,l1,0.00
i38,e04,c4,p06,l2,0.00
i38,e04,c4,p06,l3,0.00
i38,e04,c4,p06,l4,0.00
i38,e04,c4,p07,l1,0.00
i38,e04,c4,p07,l2,0.00
i38,e04,c4,p07,l3,0.00
i38,e04,c4,p07,l4,0.00
i38,e04,c4,p08,l1,0.00
i38,e04,c4,p08,l2,0.00
i38,e04,c4,p08,l3,0.00
i38,e04,c4,p08,l4,0.00
i38,e04,c4,p09,l1,0.00
i38,e04,c4,p09,l2,0.00
i38,e04,c4,p09,l3,0.00
i38,e04,c4,p09,l4,0.00
i38,e04,c4,p10,l1,0.00
i38,e04,c4,p10,l2,0.00
i38,e04,c4,p10,l3,9.17
i38,e04,c4,p10,l4,0.00
i38,e04,c4,p11,l1,0.00
i38,e04,c4,p11,l2,0.00
i38,e04,c4,p11,l3,0.00
i38,e04,c4,p11,l4,0.00
i38,e04,c4,p12,l1,0.00
i38,e04,c4,p12,l2,0.00
i38,e04,c4,p12,l3,0.00
i38,e04,c4,p12,l4,0.00
i38,e04,c4,p13,l1,0.00
i38,e04,c4,p13,l2,0.00
i38,e04,c4,p13,l3,0.00
i38,e04,c4,p13,l4,0.00
i38,e04,c4,p14,l1,0.00
i38,e04,c4,p14,l2,0.00
i38,e04,c4,p14,l3,0.00
i38,e04,c4,p14,l4,0.00
i38,e04,c4,p15,l1,0.00
i38,e04,c4,p15,l2,0.00
i38,e04,c4,p15,l3,0.00
i38,e04,c4,p15,l4,0.00
i38,e04,c4,p16,l1,0.00
i38,e04,c4,p16,l3,0.00
i38,e04,c4,p16,l4,0.00
i38,e04,c4,p17,l1,0.00
i38,e04,c4,p17,l2,0.00
i38,e04,c4,p17,l3,0.00
i38,e04,c4,p17,l4,0.00
i38,e04,c4,p18,l1,0.00
i38,e04,c4,p18,l2,0.00
i38,e04,c4,p18,l3,0.00
i38,e04,c4,p18,l4,0.00
i38,e04,c4,p19,l1,0.00
i38,e04,c4,p19,l2,0.00
i38,e04,c4,p19,l3,0.00
i38,e04,c4,p19,l4,0.00
i38,e04,c4,p20,l1,0.00
i38,e04,c4,p20,l2,0.00
i38,e04,c4,p20,l3,0.00
i38,e04,c4,p20,l4,0.00
i38,e04,c4,p21,l1,0.00
i38,e04,c4,p21,l2,0.00
i38,e04,c4,p21,l3,0.00
i38,e04,c4,p21,l4,0.00
i38,e04,c4,p22,l1,0.00
i38,e04,c4,p22,l3,0.00
i38,e04,c4,p22,l4,0.00
i38,e04,c4,p23,l1,0.00
i38,e04,c4,p23,l3,0.00
i38,e04,c4,p23,l4,0.00
i38,e04,c4,p24,l1,0.00
i38,e04,c4,p24,l2,0.00
i38,e04,c4,p24,l3,0.00
i38,e04,c4,p24,l4,0.00
i38,e04,c4,p25,l1,0.00
i38,e04,c4,p25,l2,0.00
i38,e04,c4,p25,l3,0.00
i38,e04,c4,p25,l4,0.00
i38,e04,c4,p26,l1,0.00
i38,e04,c4,p26,l3,0.00
i38,e04,c4,p26,l4,0.00
i38,e04,c4,p27,l1,0.00
i38,e04,c4,p27,l3,0.00
i38,e04,c4,p27,l4,0.00
i38,e04,c4,p28,l1,0.00
i38,e04,c4,p28,l3,0.00
i38,e04,c4,p28,l4,0.00
i38,e04,c4,p29,l1,0.00
i38,e04,c4,p29,l2,0.00
i38,e04,c4,p29,l3,0.00
i38,e04,c4,p29,l4,0.00
i38,e04,c4,p30,l1,0.00
i38,e04,c4,p30,l2,0.00
i38,e04,c4,p30,l3,0.00
i38,e04,c4,p30,l4,0.00
i38,e04,c4,p31,l1,0.00
i38,e04,c4,p31,l3,0.00
i38,e04,c4,p31,l4,0.00
i38,e04,c4,p32,l1,0.00
i38,e04,c4,p32,l3,0.00
i38,e04,c4,p32,l4,0.00
i38,e04,c4,p33,l1,0.00
i38,e04,c4,p33,l3,0.00
i38,e04,c4,p33,l4,0.00
i38,e04,c4,p34,l1,0.00
i38,e04,c4,p34,l3,0.00
i38,e04,c4,p35,l1,0.00
i38,e04,c4,p35,l3,0.00
i38,e04,c4,p35,l4,0.00
i38,e04,c7,p01,l1,0.00
i38,e04,c7,p01,l3,0.00
i38,e04,c7,p01,l4,0.00
i38,e04,c7,p02,l1,0.00
i38,e04,c7,p02,l3,0.00
i38,e04,c7,p03,l1,0.00
i38,e04,c7,p03,l3,0.00
i38,e04,c7,p03,l4,0.00
i38,e04,c7,p04,l1,0.00
i38,e04,c7,p04,l3,0.00
i38,e04,c7,p04,l4,0.00
i38,e04,c7,p05,l1,0.00
i38,e04,c7,p05,l3,0.00
i38,e04,c7,p05,l4,0.00
i38,e04,c7,p06,l1,0.00
i38,e04,c7,p06,l3,0.00
i38,e04,c7,p07,l1,0.00
i38,e04,c7,p07,l3,0.00
i38,e04,c7,p07,l4,0.00
i38,e04,c7,p08,l1,0.00
i38,e04,c7,p08,l3,0.00
i38,e04,c7,p09,l1,0.00
i38,e04,c7,p09,l3,0.00
i38,e04,c7,p10,l1,0.00
i38,e04,c7,p10,l3,0.00
i38,e04,c7,p10,l4,0.00
i38,e04,c7,p11,l1,0.00
i38,e04,c7,p11,l3,0.00
i38,e04,c7,p11,l4,0.00
i38,e04,c7,p12,l1,0.00
i38,e04,c7,p12,l3,0.00
i38,e04,c7,p12,l4,0.00
i38,e04,c7,p13,l1,0.00
i38,e04,c7,p13,l3,0.00
i38,e04,c7,p14,l1,0.00
i38,e04,c7,p14,l3,0.00
i38,e04,c7,p15,l1,0.00
i38,e04,c7,p15,l3,0.00
i38,e04,c7,p16,l1,0.00
i38,e04,c7,p16,l3,0.00
i38,e04,c7,p17,l1,0.00
i38,e04,c7,p17,l3,0.00
i38,e04,c7,p18,l1,0.00
i38,e04,c7,p18,l3,0.00
i38,e04,c7,p19,l1,0.00
i38,e04,c7,p19,l3,0.00
i38,e04,c7,p19,l4,0.00
i38,e04,c7,p20,l1,0.00
i38,e04,c7,p20,l3,0.00
i38,e04,c7,p21,l1,0.00
i38,e04,c7,p21,l3,0.00
i38,e04,c7,p21,l4,0.00
i38,e04,c7,p22,l1,0.00
i38,e04,c7,p23,l1,0.00
i38,e04,c7,p23,l3,0.00
i38,e04,c7,p23,l4,0.00
i38,e04,c7,p24,l1,0.00
i38,e04,c7,p24,l3,0.00
i38,e04,c7,p24,l4,0.00
i38,e04,c7,p25,l1,0.00
i38,e04,c7,p25,l3,0.00
i38,e04,c7,p25,l4,0.00
i38,e04,c7,p26,l1,0.00
i38,e04,c7,p28,l1,0.00
i38,e04,c7,p28,l3,0.00
i38,e04,c7,p29,l1,0.00
i38,e04,c7,p29,l3,0.00
i38,e04,c7,p31,l1,0.00
i38,e04,c7,p32,l1,0.00
i38,e04,c7,p32,l3,0.00
i38,e04,c7,p34,l3,0.00
i38,e04,c7,p35,l1,0.00
i38,e04,c7,p35,l3,0.00
i38,e04,c8,p01,l1,0.00
i38,e04,c8,p01,l3,0.00
i38,e04,c8,p02,l1,0.00
i38,e04,c8,p05,l1,0.00
i38,e04,c8,p06,l1,0.00
i38,e04,c8,p07,l1,0.00
i38,e04,c8,p09,l1,0.00
i38,e04,c8,p10,l1,0.00
i38,e04,c8,p10,l2,0.00
i38,e04,c8,p10,l3,0.00
i38,e04,c8,p10,l4,0.00
i38,e04,c8,p11,l1,0.00
i38,e04,c8,p11,l4,0.00
i38,e04,c8,p12,l1,0.00
i38,e04,c8,p13,l1,0.00
i38,e04,c8,p14,l1,0.00
i38,e04,c8,p14,l3,0.00
i38,e04,c8,p14,l4,0.00
i38,e04,c8,p15,l1,0.00
i38,e04,c8,p15,l3,0.00
i38,e04,c8,p16,l1,0.00
i38,e04,c8,p16,l4,0.00
i38,e04,c8,p19,l1,0.00
i38,e04,c8,p19,l4,0.00
i38,e04,c8,p20,l1,0.00
i38,e04,c8,p20,l3,0.00
i38,e04,c8,p21,l1,0.00
i38,e04,c8,p23,l1,0.00
i38,e04,c8,p23,l3,0.00
i38,e04,c8,p24,l1,0.00
i38,e04,c8,p28,l1,0.00
i38,e04,c8,p28,l3,0.00
i38,e04,c8,p29,l1,0.00
i38,e04,c8,p29,l3,0.00
i38,e04,c8,p31,l1,0.00
i38,e05,c1,p01,l1,1.14
i38,e05,c1,p01,l3,0.00
i38,e05,c1,p02,l1,0.00
i38,e05,c1,p02,l3,0.00
i38,e05,c1,p03,l1,4.00
i38,e05,c1,p03,l3,0.00
i38,e05,c1,p04,l1,3.61
i38,e05,c1,p04,l3,0.00
i38,e05,c1,p05,l1,0.00
i38,e05,c1,p05,l3,0.00
i38,e05,c1,p06,l1,0.00
i38,e05,c1,p06,l3,0.00
i38,e05,c1,p07,l1,1.30
i38,e05,c1,p07,l3,0.00
i38,e05,c1,p08,l1,1.49
i38,e05,c1,p08,l3,0.00
i38,e05,c1,p09,l1,1.14
i38,e05,c1,p10,l1,5.13
i38,e05,c1,p10,l3,0.00
i38,e05,c1,p11,l1,1.29
i38,e05,c1,p11,l3,0.00
i38,e05,c1,p12,l1,1.33
i38,e05,c1,p12,l3,0.00
i38,e05,c1,p13,l1,3.04
i38,e05,c1,p13,l3,0.00
i38,e05,c1,p14,l1,0.00
i38,e05,c1,p14,l3,0.00
i38,e05,c1,p15,l1,0.00
i38,e05,c1,p15,l3,0.00
i38,e05,c1,p16,l1,0.00
i38,e05,c1,p16,l3,0.00
i38,e05,c1,p17,l1,0.00
i38,e05,c1,p17,l3,0.00
i38,e05,c1,p18,l1,0.00
i38,e05,c1,p18,l3,0.00
i38,e05,c1,p19,l1,7.38
i38,e05,c1,p19,l3,0.00
i38,e05,c1,p20,l1,0.00
i38,e05,c1,p21,l1,1.76
i38,e05,c1,p21,l3,0.00
i38,e05,c1,p22,l1,0.00
i38,e05,c1,p22,l3,0.00
i38,e05,c1,p23,l1,0.00
i38,e05,c1,p23,l3,0.00
i38,e05,c1,p24,l1,0.00
i38,e05,c1,p24,l3,0.00
i38,e05,c1,p25,l1,0.00
i38,e05,c1,p25,l3,0.00
i38,e05,c1,p26,l1,0.00
i38,e05,c1,p27,l1,0.00
i38,e05,c1,p28,l1,0.00
i38,e05,c1,p28,l3,0.00
i38,e05,c1,p29,l1,1.04
i38,e05,c1,p30,l1,0.00
i38,e05,c1,p30,l3,0.00
i38,e05,c1,p31,l1,0.00
i38,e05,c1,p31,l3,0.00
i38,e05,c1,p32,l1,0.00
i38,e05,c1,p32,l3,0.00
i38,e05,c1,p33,l1,0.00
i38,e05,c1,p34,l1,0.00
i38,e05,c1,p35,l1,2.04
i38,e05,c1,p35,l3,0.00
i38,e05,c4,p01,l1,0.00
i38,e05,c4,p01,l3,0.00
i38,e05,c4,p02,l1,0.00
i38,e05,c4,p03,l1,0.00
i38,e05,c4,p03,l3,0.00
i38,e05,c4,p04,l1,0.00
i38,e05,c4,p05,l1,0.00
i38,e05,c4,p06,l1,0.00
i38,e05,c4,p07,l1,0.00
i38,e05,c4,p08,l1,0.00
i38,e05,c4,p09,l1,0.00
i38,e05,c4,p10,l1,0.00
i38,e05,c4,p10,l3,0.00
i38,e05,c4,p11,l1,0.00
i38,e05,c4,p12,l1,0.00
i38,e05,c4,p13,l1,0.00
i38,e05,c4,p14,l1,0.00
i38,e05,c4,p15,l1,0.00
i38,e05,c4,p15,l3,0.00
i38,e05,c4,p16,l1,0.00
i38,e05,c4,p16,l3,0.00
i38,e05,c4,p17,l1,0.00
i38,e05,c4,p18,l1,0.00
i38,e05,c4,p19,l1,1.07
i38,e05,c4,p20,l1,0.00
i38,e05,c4,p21,l1,0.00
i38,e05,c4,p22,l1,0.00
i38,e05,c4,p23,l1,0.00
i38,e05,c4,p24,l1,0.00
i38,e05,c4,p24,l3,0.00
i38,e05,c4,p25,l1,0.00
i38,e05,c4,p26,l1,0.00
i38,e05,c4,p28,l1,0.00
i38,e05,c4,p28,l3,0.00
i38,e05,c4,p29,l1,0.00
i38,e05,c4,p30,l1,0.00
i38,e05,c4,p31,l1,0.00
i38,e05,c4,p32,l1,0.00
i38,e05,c4,p33,l1,0.00
i38,e05,c4,p35,l1,0.00
i38,e05,c7,p01,l1,0.00
i38,e05,c7,p02,l1,0.00
i38,e05,c7,p03,l1,0.00
i38,e05,c7,p04,l1,0.00
i38,e05,c7,p07,l1,0.00
i38,e05,c7,p08,l1,0.00
i38,e05,c7,p10,l1,0.00
i38,e05,c7,p11,l1,0.00
i38,e05,c7,p12,l1,0.00
i38,e05,c7,p13,l1,0.00
i38,e05,c7,p14,l1,0.00
i38,e05,c7,p15,l1,0.00
i38,e05,c7,p16,l1,0.00
i38,e05,c7,p17,l1,0.00
i38,e05,c7,p19,l1,0.00
i38,e05,c7,p21,l1,0.00
i38,e05,c7,p22,l1,0.00
i38,e05,c7,p23,l1,0.00
i38,e05,c7,p24,l1,0.00
i38,e05,c7,p28,l1,0.00
i38,e05,c7,p29,l1,0.00
i38,e05,c7,p32,l1,0.00
i38,e05,c7,p35,l1,0.00
i38,e05,c8,p10,l3,0.00
i38,e06,c1,p01,l3,741.36
i38,e06,c1,p02,l3,82.07
i38,e06,c1,p03,l3,414.89
i38,e06,c1,p04,l3,61.12
i38,e06,c1,p05,l3,298.52
i38,e06,c1,p06,l3,138.23
i38,e06,c1,p07,l3,474.53
i38,e06,c1,p08,l3,51.22
i38,e06,c1,p09,l3,155.03
i38,e06,c1,p10,l3,3536.95
i38,e06,c1,p11,l3,727.73
i38,e06,c1,p12,l3,522.02
i38,e06,c1,p13,l3,2892.53
i38,e06,c1,p14,l3,354.69
i38,e06,c1,p15,l3,497.51
i38,e06,c1,p16,l3,397.45
i38,e06,c1,p17,l3,358.01
i38,e06,c1,p18,l3,452.23
i38,e06,c1,p19,l3,804.24
i38,e06,c1,p20,l3,75.93
i38,e06,c1,p21,l3,399.01
i38,e06,c1,p22,l3,78.17
i38,e06,c1,p23,l3,156.20
i38,e06,c1,p24,l3,300.75
i38,e06,c1,p25,l3,67.79
i38,e06,c1,p26,l3,18.36
i38,e06,c1,p27,l3,0.00
i38,e06,c1,p28,l3,58.69
i38,e06,c1,p29,l3,74.21
i38,e06,c1,p30,l3,17.55
i38,e06,c1,p31,l3,9.10
i38,e06,c1,p32,l3,20.57
i38,e06,c1,p33,l3,0.00
i38,e06,c1,p34,l3,0.00
i38,e06,c1,p35,l3,142.81
i38,e06,c4,p01,l3,17.74
i38,e06,c4,p02,l3,0.00
i38,e06,c4,p03,l3,4.42
i38,e06,c4,p04,l3,0.00
i38,e06,c4,p05,l3,0.00
i38,e06,c4,p06,l3,4.54
i38,e06,c4,p07,l3,3.90
i38,e06,c4,p08,l3,21.01
i38,e06,c4,p09,l3,0.00
i38,e06,c4,p10,l3,77.77
i38,e06,c4,p11,l3,0.00
i38,e06,c4,p12,l3,0.00
i38,e06,c4,p13,l3,0.00
i38,e06,c4,p14,l3,0.00
i38,e06,c4,p15,l3,0.00
i38,e06,c4,p16,l3,0.00
i38,e06,c4,p17,l3,4.31
i38,e06,c4,p18,l3,0.00
i38,e06,c4,p19,l3,21.33
i38,e06,c4,p20,l3,0.00
i38,e06,c4,p21,l3,0.00
i38,e06,c4,p22,l3,50.70
i38,e06,c4,p23,l3,4.14
i38,e06,c4,p24,l3,0.00
i38,e06,c4,p25,l3,0.00
i38,e06,c4,p26,l3,0.00
i38,e06,c4,p27,l3,0.00
i38,e06,c4,p28,l3,0.00
i38,e06,c4,p29,l3,0.00
i38,e06,c4,p30,l3,0.00
i38,e06,c4,p31,l3,0.00
i38,e06,c4,p32,l3,0.00
i38,e06,c4,p33,l3,0.00
i38,e06,c4,p34,l3,0.00
i38,e06,c4,p35,l3,1.51
i38,e06,c7,p01,l3,0.00
i38,e06,c7,p02,l3,0.00
i38,e06,c7,p03,l3,0.00
i38,e06,c7,p04,l3,0.00
i38,e06,c7,p05,l3,0.00
i38,e06,c7,p06,l3,0.00
i38,e06,c7,p07,l3,0.00
i38,e06,c7,p08,l3,0.00
i38,e06,c7,p09,l3,0.00
i38,e06,c7,p10,l3,0.00
i38,e06,c7,p11,l3,0.00
i38,e06,c7,p12,l3,0.00
i38,e06,c7,p13,l3,19.10
i38,e06,c7,p14,l3,0.00
i38,e06,c7,p15,l3,0.00
i38,e06,c7,p16,l3,0.00
i38,e06,c7,p17,l3,0.00
i38,e06,c7,p18,l3,0.00
i38,e06,c7,p19,l3,0.00
i38,e06,c7,p20,l3,0.00
i38,e06,c7,p21,l3,0.00
i38,e06,c7,p22,l3,0.00
i38,e06,c7,p23,l3,0.00
i38,e06,c7,p24,l3,0.00
i38,e06,c7,p25,l3,0.00
i38,e06,c7,p26,l3,0.00
i38,e06,c7,p28,l3,0.00
i38,e06,c7,p29,l3,0.00
i38,e06,c7,p31,l3,0.00
i38,e06,c7,p32,l3,0.00
i38,e06,c7,p34,l3,0.00
i38,e06,c7,p35,l3,0.00
i38,e06,c8,p13,l3,0.00
i38,e06,c8,p14,l3,0.00
i38,e06,c8,p18,l3,0.00
i38,e07,c1,p01,l2,0.00
i38,e07,c1,p01,l3,9.44
i38,e07,c1,p02,l2,0.00
i38,e07,c1,p02,l3,4.67
i38,e07,c1,p03,l2,0.00
i38,e07,c1,p03,l3,9.18
i38,e07,c1,p04,l2,0.00
i38,e07,c1,p04,l3,0.00
i38,e07,c1,p05,l2,0.00
i38,e07,c1,p05,l3,6.33
i38,e07,c1,p06,l2,0.00
i38,e07,c1,p06,l3,1.00
i38,e07,c1,p07,l2,0.00
i38,e07,c1,p07,l3,15.40
i38,e07,c1,p08,l2,0.00
i38,e07,c1,p08,l3,0.00
i38,e07,c1,p09,l2,0.00
i38,e07,c1,p09,l3,0.00
i38,e07,c1,p10,l2,0.00
i38,e07,c1,p10,l3,54.14
i38,e07,c1,p11,l2,0.00
i38,e07,c1,p11,l3,3.42
i38,e07,c1,p12,l2,0.00
i38,e07,c1,p12,l3,5.08
i38,e07,c1,p13,l2,0.00
i38,e07,c1,p13,l3,3.48
i38,e07,c1,p14,l2,0.00
i38,e07,c1,p14,l3,11.47
i38,e07,c1,p15,l2,0.00
i38,e07,c1,p15,l3,7.76
i38,e07,c1,p16,l2,0.00
i38,e07,c1,p16,l3,4.26
i38,e07,c1,p17,l2,0.00
i38,e07,c1,p17,l3,11.03
i38,e07,c1,p18,l2,0.00
i38,e07,c1,p18,l3,7.14
i38,e07,c1,p19,l2,0.00
i38,e07,c1,p19,l3,36.17
i38,e07,c1,p20,l2,0.00
i38,e07,c1,p20,l3,0.00
i38,e07,c1,p21,l2,0.00
i38,e07,c1,p21,l3,4.60
i38,e07,c1,p22,l2,0.00
i38,e07,c1,p22,l3,0.00
i38,e07,c1,p23,l2,0.00
i38,e07,c1,p23,l3,1.70
i38,e07,c1,p24,l2,0.00
i38,e07,c1,p24,l3,2.24
i38,e07,c1,p25,l2,0.00
i38,e07,c1,p25,l3,0.00
i38,e07,c1,p26,l2,0.00
i38,e07,c1,p26,l3,0.00
i38,e07,c1,p27,l2,0.00
i38,e07,c1,p27,l3,0.00
i38,e07,c1,p28,l2,0.00
i38,e07,c1,p28,l3,3.49
i38,e07,c1,p29,l2,0.00
i38,e07,c1,p29,l3,7.03
i38,e07,c1,p30,l2,0.00
i38,e07,c1,p30,l3,0.00
i38,e07,c1,p31,l2,0.00
i38,e07,c1,p31,l3,0.00
i38,e07,c1,p32,l2,0.00
i38,e07,c1,p32,l3,0.00
i38,e07,c1,p33,l2,0.00
i38,e07,c1,p33,l3,0.00
i38,e07,c1,p34,l2,0.00
i38,e07,c1,p34,l3,0.00
i38,e07,c1,p35,l2,0.00
i38,e07,c1,p35,l3,0.00
i38,e07,c4,p01,l2,0.00
i38,e07,c4,p01,l3,4.04
i38,e07,c4,p02,l2,0.00
i38,e07,c4,p02,l3,0.00
i38,e07,c4,p03,l2,0.00
i38,e07,c4,p03,l3,0.00
i38,e07,c4,p04,l2,0.00
i38,e07,c4,p04,l3,0.00
i38,e07,c4,p05,l2,0.00
i38,e07,c4,p05,l3,0.00
i38,e07,c4,p06,l2,0.00
i38,e07,c4,p06,l3,0.00
i38,e07,c4,p07,l2,0.00
i38,e07,c4,p07,l3,0.00
i38,e07,c4,p08,l2,0.00
i38,e07,c4,p08,l3,0.00
i38,e07,c4,p09,l2,0.00
i38,e07,c4,p09,l3,0.00
i38,e07,c4,p10,l2,0.00
i38,e07,c4,p10,l3,0.00
i38,e07,c4,p11,l2,0.00
i38,e07,c4,p11,l3,0.00
i38,e07,c4,p12,l2,0.00
i38,e07,c4,p12,l3,0.00
i38,e07,c4,p13,l2,0.00
i38,e07,c4,p13,l3,0.00
i38,e07,c4,p14,l2,0.00
i38,e07,c4,p14,l3,0.00
i38,e07,c4,p15,l2,0.00
i38,e07,c4,p15,l3,0.00
i38,e07,c4,p16,l2,0.00
i38,e07,c4,p16,l3,0.00
i38,e07,c4,p17,l2,0.00
i38,e07,c4,p17,l3,0.00
i38,e07,c4,p18,l2,0.00
i38,e07,c4,p18,l3,0.00
i38,e07,c4,p19,l2,0.00
i38,e07,c4,p19,l3,0.00
i38,e07,c4,p20,l2,0.00
i38,e07,c4,p20,l3,0.00
i38,e07,c4,p21,l2,0.00
i38,e07,c4,p21,l3,0.00
i38,e07,c4,p22,l2,0.00
i38,e07,c4,p22,l3,0.00
i38,e07,c4,p23,l2,0.00
i38,e07,c4,p23,l3,0.00
i38,e07,c4,p24,l2,0.00
i38,e07,c4,p24,l3,0.00
i38,e07,c4,p25,l2,0.00
i38,e07,c4,p25,l3,0.00
i38,e07,c4,p26,l2,0.00
i38,e07,c4,p26,l3,0.00
i38,e07,c4,p28,l2,0.00
i38,e07,c4,p28,l3,0.00
i38,e07,c4,p29,l2,0.00
i38,e07,c4,p29,l3,0.00
i38,e07,c4,p30,l2,0.00
i38,e07,c4,p30,l3,0.00
i38,e07,c4,p31,l2,0.00
i38,e07,c4,p31,l3,0.00
i38,e07,c4,p32,l2,0.00
i38,e07,c4,p32,l3,0.00
i38,e07,c4,p33,l2,0.00
i38,e07,c4,p33,l3,0.00
i38,e07,c4,p34,l2,0.00
i38,e07,c4,p35,l2,0.00
i38,e07,c4,p35,l3,0.00
i38,e07,c7,p01,l3,0.00
i38,e07,c7,p02,l2,0.00
i38,e07,c7,p02,l3,0.00
i38,e07,c7,p03,l2,0.00
i38,e07,c7,p03,l3,0.00
i38,e07,c7,p06,l3,0.00
i38,e07,c7,p07,l3,0.00
i38,e07,c7,p09,l2,0.00
i38,e07,c7,p09,l3,0.00
i38,e07,c7,p10,l2,0.00
i38,e07,c7,p10,l3,0.00
i38,e07,c7,p11,l2,0.00
i38,e07,c7,p11,l3,0.00
i38,e07,c7,p12,l2,0.00
i38,e07,c7,p13,l2,0.00
i38,e07,c7,p15,l2,0.00
i38,e07,c7,p16,l2,0.00
i38,e07,c7,p17,l2,0.00
i38,e07,c7,p17,l3,0.00
i38,e07,c7,p18,l3,0.00
i38,e07,c7,p19,l2,0.00
i38,e07,c7,p19,l3,0.00
i38,e07,c7,p21,l2,0.00
i38,e07,c7,p22,l2,0.00
i38,e07,c7,p24,l2,0.00
i38,e07,c7,p29,l2,0.00
i38,e08,c1,p01,l2,99.49
i38,e08,c1,p01,l3,3.06
i38,e08,c1,p01,l4,559.07
i38,e08,c1,p02,l2,19.58
i38,e08,c1,p02,l3,1.06
i38,e08,c1,p02,l4,86.41
i38,e08,c1,p03,l2,112.03
i38,e08,c1,p03,l3,4.09
i38,e08,c1,p03,l4,306.35
i38,e08,c1,p04,l2,53.46
i38,e08,c1,p04,l3,0.00
i38,e08,c1,p04,l4,182.59
i38,e08,c1,p05,l2,40.36
i38,e08,c1,p05,l3,2.54
i38,e08,c1,p05,l4,301.16
i38,e08,c1,p06,l2,23.76
i38,e08,c1,p06,l3,2.74
i38,e08,c1,p06,l4,175.01
i38,e08,c1,p07,l2,77.73
i38,e08,c1,p07,l3,3.16
i38,e08,c1,p07,l4,314.27
i38,e08,c1,p08,l2,9.03
i38,e08,c1,p08,l3,1.07
i38,e08,c1,p08,l4,29.64
i38,e08,c1,p09,l2,21.14
i38,e08,c1,p09,l3,0.00
i38,e08,c1,p09,l4,33.39
i38,e08,c1,p10,l2,465.63
i38,e08,c1,p10,l3,16.36
i38,e08,c1,p10,l4,2895.51
i38,e08,c1,p11,l2,94.73
i38,e08,c1,p11,l3,2.11
i38,e08,c1,p11,l4,185.26
i38,e08,c1,p12,l2,54.19
i38,e08,c1,p12,l3,2.99
i38,e08,c1,p12,l4,385.28
i38,e08,c1,p13,l2,105.39
i38,e08,c1,p13,l3,3.17
i38,e08,c1,p13,l4,934.24
i38,e08,c1,p14,l2,21.22
i38,e08,c1,p14,l3,0.00
i38,e08,c1,p14,l4,190.01
i38,e08,c1,p15,l2,46.53
i38,e08,c1,p15,l3,2.98
i38,e08,c1,p15,l4,461.07
i38,e08,c1,p16,l2,54.23
i38,e08,c1,p16,l3,1.55
i38,e08,c1,p16,l4,316.51
i38,e08,c1,p17,l2,28.19
i38,e08,c1,p17,l3,1.01
i38,e08,c1,p17,l4,252.18
i38,e08,c1,p18,l2,34.68
i38,e08,c1,p18,l3,2.01
i38,e08,c1,p18,l4,209.52
i38,e08,c1,p19,l2,143.04
i38,e08,c1,p19,l3,2.33
i38,e08,c1,p19,l4,834.12
i38,e08,c1,p20,l2,1.59
i38,e08,c1,p20,l3,0.00
i38,e08,c1,p20,l4,70.23
i38,e08,c1,p21,l2,56.14
i38,e08,c1,p21,l3,2.86
i38,e08,c1,p21,l4,306.09
i38,e08,c1,p22,l2,12.30
i38,e08,c1,p22,l3,0.00
i38,e08,c1,p22,l4,42.10
i38,e08,c1,p23,l2,18.48
i38,e08,c1,p23,l3,0.00
i38,e08,c1,p23,l4,45.44
i38,e08,c1,p24,l2,41.82
i38,e08,c1,p24,l3,2.03
i38,e08,c1,p24,l4,116.16
i38,e08,c1,p25,l2,4.08
i38,e08,c1,p25,l3,0.00
i38,e08,c1,p25,l4,14.92
i38,e08,c1,p26,l2,0.00
i38,e08,c1,p26,l3,0.00
i38,e08,c1,p26,l4,34.47
i38,e08,c1,p27,l2,0.00
i38,e08,c1,p27,l3,0.00
i38,e08,c1,p27,l4,0.00
i38,e08,c1,p28,l2,11.18
i38,e08,c1,p28,l3,0.00
i38,e08,c1,p28,l4,63.18
i38,e08,c1,p29,l2,60.93
i38,e08,c1,p29,l3,2.07
i38,e08,c1,p29,l4,75.01
i38,e08,c1,p30,l2,3.18
i38,e08,c1,p30,l3,0.00
i38,e08,c1,p30,l4,21.18
i38,e08,c1,p31,l2,0.00
i38,e08,c1,p31,l3,0.00
i38,e08,c1,p31,l4,4.01
i38,e08,c1,p32,l2,9.58
i38,e08,c1,p32,l3,0.00
i38,e08,c1,p32,l4,29.09
i38,e08,c1,p33,l2,0.00
i38,e08,c1,p33,l3,0.00
i38,e08,c1,p33,l4,1.02
i38,e08,c1,p34,l2,0.00
i38,e08,c1,p34,l3,0.00
i38,e08,c1,p34,l4,0.00
i38,e08,c1,p35,l2,3.24
i38,e08,c1,p35,l3,0.00
i38,e08,c1,p35,l4,270.29
i38,e08,c4,p01,l2,1.34
i38,e08,c4,p01,l3,0.00
i38,e08,c4,p01,l4,38.21
i38,e08,c4,p02,l2,0.00
i38,e08,c4,p02,l3,0.00
i38,e08,c4,p02,l4,0.00
i38,e08,c4,p03,l2,0.00
i38,e08,c4,p03,l3,0.00
i38,e08,c4,p03,l4,4.24
i38,e08,c4,p04,l2,0.00
i38,e08,c4,p04,l3,0.00
i38,e08,c4,p04,l4,0.00
i38,e08,c4,p05,l2,0.00
i38,e08,c4,p05,l3,0.00
i38,e08,c4,p05,l4,0.00
i38,e08,c4,p06,l2,0.00
i38,e08,c4,p06,l3,0.00
i38,e08,c4,p06,l4,0.00
i38,e08,c4,p07,l2,0.00
i38,e08,c4,p07,l3,0.00
i38,e08,c4,p07,l4,5.23
i38,e08,c4,p08,l2,0.00
i38,e08,c4,p08,l3,0.00
i38,e08,c4,p08,l4,0.00
i38,e08,c4,p09,l2,0.00
i38,e08,c4,p09,l3,0.00
i38,e08,c4,p09,l4,19.32
i38,e08,c4,p10,l2,0.00
i38,e08,c4,p10,l3,0.00
i38,e08,c4,p10,l4,326.39
i38,e08,c4,p11,l2,1.19
i38,e08,c4,p11,l3,0.00
i38,e08,c4,p11,l4,0.00
i38,e08,c4,p12,l2,0.00
i38,e08,c4,p12,l3,0.00
i38,e08,c4,p12,l4,0.00
i38,e08,c4,p13,l2,0.00
i38,e08,c4,p13,l3,0.00
i38,e08,c4,p13,l4,3.21
i38,e08,c4,p14,l2,0.00
i38,e08,c4,p14,l3,0.00
i38,e08,c4,p14,l4,0.00
i38,e08,c4,p15,l2,0.00
i38,e08,c4,p15,l3,0.00
i38,e08,c4,p15,l4,0.00
i38,e08,c4,p16,l2,0.00
i38,e08,c4,p16,l3,0.00
i38,e08,c4,p16,l4,0.00
i38,e08,c4,p17,l2,0.00
i38,e08,c4,p17,l3,0.00
i38,e08,c4,p17,l4,1.08
i38,e08,c4,p18,l2,0.00
i38,e08,c4,p18,l3,0.00
i38,e08,c4,p18,l4,0.00
i38,e08,c4,p19,l2,2.64
i38,e08,c4,p19,l3,0.00
i38,e08,c4,p19,l4,5.56
i38,e08,c4,p20,l2,0.00
i38,e08,c4,p20,l3,0.00
i38,e08,c4,p20,l4,0.00
i38,e08,c4,p21,l2,0.00
i38,e08,c4,p21,l3,0.00
i38,e08,c4,p21,l4,1.29
i38,e08,c4,p22,l2,0.00
i38,e08,c4,p22,l3,0.00
i38,e08,c4,p22,l4,5.26
i38,e08,c4,p23,l2,0.00
i38,e08,c4,p23,l3,0.00
i38,e08,c4,p23,l4,0.00
i38,e08,c4,p24,l2,0.00
i38,e08,c4,p24,l3,0.00
i38,e08,c4,p24,l4,0.00
i38,e08,c4,p25,l2,0.00
i38,e08,c4,p25,l3,0.00
i38,e08,c4,p25,l4,0.00
i38,e08,c4,p26,l2,0.00
i38,e08,c4,p26,l3,0.00
i38,e08,c4,p26,l4,0.00
i38,e08,c4,p27,l2,0.00
i38,e08,c4,p27,l4,0.00
i38,e08,c4,p28,l2,0.00
i38,e08,c4,p28,l3,0.00
i38,e08,c4,p28,l4,0.00
i38,e08,c4,p29,l2,0.00
i38,e08,c4,p29,l3,0.00
i38,e08,c4,p29,l4,2.18
i38,e08,c4,p30,l2,0.00
i38,e08,c4,p30,l3,0.00
i38,e08,c4,p30,l4,0.00
i38,e08,c4,p31,l2,0.00
i38,e08,c4,p31,l3,0.00
i38,e08,c4,p31,l4,0.00
i38,e08,c4,p32,l2,0.00
i38,e08,c4,p32,l3,0.00
i38,e08,c4,p32,l4,0.00
i38,e08,c4,p33,l2,0.00
i38,e08,c4,p33,l4,0.00
i38,e08,c4,p34,l2,0.00
i38,e08,c4,p34,l3,0.00
i38,e08,c4,p34,l4,0.00
i38,e08,c4,p35,l2,0.00
i38,e08,c4,p35,l3,0.00
i38,e08,c4,p35,l4,0.00
i38,e08,c7,p01,l2,0.00
i38,e08,c7,p01,l3,0.00
i38,e08,c7,p01,l4,0.00
i38,e08,c7,p02,l2,0.00
i38,e08,c7,p02,l4,0.00
i38,e08,c7,p03,l2,0.00
i38,e08,c7,p03,l3,0.00
i38,e08,c7,p03,l4,0.00
i38,e08,c7,p04,l2,0.00
i38,e08,c7,p04,l3,0.00
i38,e08,c7,p04,l4,0.00
i38,e08,c7,p05,l2,0.00
i38,e08,c7,p05,l4,0.00
i38,e08,c7,p06,l2,0.00
i38,e08,c7,p06,l4,0.00
i38,e08,c7,p07,l2,0.00
i38,e08,c7,p07,l4,0.00
i38,e08,c7,p08,l2,0.00
i38,e08,c7,p08,l4,0.00
i38,e08,c7,p09,l2,0.00
i38,e08,c7,p09,l4,0.00
i38,e08,c7,p10,l2,0.00
i38,e08,c7,p10,l3,0.00
i38,e08,c7,p10,l4,1.12
i38,e08,c7,p11,l2,0.00
i38,e08,c7,p11,l4,0.00
i38,e08,c7,p12,l2,0.00
i38,e08,c7,p12,l4,0.00
i38,e08,c7,p13,l2,0.00
i38,e08,c7,p13,l3,0.00
i38,e08,c7,p13,l4,5.32
i38,e08,c7,p14,l2,0.00
i38,e08,c7,p14,l3,0.00
i38,e08,c7,p14,l4,0.00
i38,e08,c7,p15,l2,0.00
i38,e08,c7,p15,l3,0.00
i38,e08,c7,p15,l4,0.00
i38,e08,c7,p16,l2,0.00
i38,e08,c7,p16,l3,0.00
i38,e08,c7,p16,l4,0.00
i38,e08,c7,p17,l2,0.00
i38,e08,c7,p17,l3,0.00
i38,e08,c7,p17,l4,0.00
i38,e08,c7,p18,l2,0.00
i38,e08,c7,p18,l4,0.00
i38,e08,c7,p19,l2,0.00
i38,e08,c7,p19,l3,0.00
i38,e08,c7,p19,l4,0.00
i38,e08,c7,p20,l2,0.00
i38,e08,c7,p20,l4,0.00
i38,e08,c7,p21,l2,0.00
i38,e08,c7,p21,l3,0.00
i38,e08,c7,p21,l4,0.00
i38,e08,c7,p22,l2,0.00
i38,e08,c7,p22,l4,0.00
i38,e08,c7,p23,l2,0.00
i38,e08,c7,p23,l4,0.00
i38,e08,c7,p24,l2,0.00
i38,e08,c7,p24,l3,0.00
i38,e08,c7,p24,l4,0.00
i38,e08,c7,p25,l2,0.00
i38,e08,c7,p25,l4,0.00
i38,e08,c7,p26,l2,0.00
i38,e08,c7,p26,l4,0.00
i38,e08,c7,p28,l2,0.00
i38,e08,c7,p28,l4,0.00
i38,e08,c7,p29,l2,0.00
i38,e08,c7,p29,l4,0.00
i38,e08,c7,p31,l2,0.00
i38,e08,c7,p32,l2,0.00
i38,e08,c7,p32,l3,0.00
i38,e08,c7,p32,l4,0.00
i38,e08,c7,p34,l2,0.00
i38,e08,c7,p34,l3,0.00
i38,e08,c7,p34,l4,0.00
i38,e08,c7,p35,l2,0.00
i38,e08,c7,p35,l4,0.00
i38,e08,c8,p01,l2,0.00
i38,e08,c8,p01,l4,0.00
i38,e08,c8,p02,l4,0.00
i38,e08,c8,p03,l4,0.00
i38,e08,c8,p05,l2,0.00
i38,e08,c8,p05,l4,0.00
i38,e08,c8,p06,l4,0.00
i38,e08,c8,p07,l2,0.00
i38,e08,c8,p07,l4,0.00
i38,e08,c8,p09,l2,0.00
i38,e08,c8,p09,l4,0.00
i38,e08,c8,p10,l2,0.00
i38,e08,c8,p10,l3,0.00
i38,e08,c8,p10,l4,0.00
i38,e08,c8,p11,l2,0.00
i38,e08,c8,p11,l4,0.00
i38,e08,c8,p12,l2,0.00
i38,e08,c8,p12,l4,0.00
i38,e08,c8,p13,l2,0.00
i38,e08,c8,p13,l4,0.00
i38,e08,c8,p14,l2,0.00
i38,e08,c8,p14,l3,0.00
i38,e08,c8,p14,l4,0.00
i38,e08,c8,p15,l2,0.00
i38,e08,c8,p15,l4,0.00
i38,e08,c8,p16,l2,0.00
i38,e08,c8,p16,l4,0.00
i38,e08,c8,p17,l2,0.00
i38,e08,c8,p17,l4,0.00
i38,e08,c8,p18,l4,0.00
i38,e08,c8,p19,l2,0.00
i38,e08,c8,p19,l4,0.00
i38,e08,c8,p20,l2,0.00
i38,e08,c8,p20,l4,0.00
i38,e08,c8,p21,l2,0.00
i38,e08,c8,p21,l4,0.00
i38,e08,c8,p23,l2,0.00
i38,e08,c8,p23,l4,0.00
i38,e08,c8,p24,l2,0.00
i38,e08,c8,p24,l4,0.00
i38,e08,c8,p26,l2,0.00
i38,e08,c8,p26,l4,0.00
i38,e08,c8,p28,l2,0.00
i38,e08,c8,p28,l4,0.00
i38,e08,c8,p29,l2,0.00
i38,e08,c8,p29,l4,0.00
i38,e08,c8,p31,l2,0.00
i38,e08,c8,p31,l4,0.00
i38,e09,c1,p01,l2,0.00
i38,e09,c1,p01,l3,136.77
i38,e09,c1,p01,l4,0.00
i38,e09,c1,p02,l2,0.00
i38,e09,c1,p02,l3,17.75
i38,e09,c1,p02,l4,0.00
i38,e09,c1,p03,l2,0.00
i38,e09,c1,p03,l3,85.52
i38,e09,c1,p03,l4,0.00
i38,e09,c1,p04,l2,0.00
i38,e09,c1,p04,l3,15.20
i38,e09,c1,p04,l4,0.00
i38,e09,c1,p05,l2,0.00
i38,e09,c1,p05,l3,81.29
i38,e09,c1,p05,l4,0.00
i38,e09,c1,p06,l2,0.00
i38,e09,c1,p06,l3,17.84
i38,e09,c1,p06,l4,0.00
i38,e09,c1,p07,l2,0.00
i38,e09,c1,p07,l3,81.03
i38,e09,c1,p07,l4,0.00
i38,e09,c1,p08,l2,0.00
i38,e09,c1,p08,l3,15.47
i38,e09,c1,p08,l4,0.00
i38,e09,c1,p09,l2,0.00
i38,e09,c1,p09,l3,29.09
i38,e09,c1,p09,l4,0.00
i38,e09,c1,p10,l2,0.00
i38,e09,c1,p10,l3,600.33
i38,e09,c1,p10,l4,0.00
i38,e09,c1,p11,l2,0.00
i38,e09,c1,p11,l3,57.79
i38,e09,c1,p11,l4,0.00
i38,e09,c1,p12,l2,0.00
i38,e09,c1,p12,l3,103.47
i38,e09,c1,p12,l4,0.00
i38,e09,c1,p13,l2,0.00
i38,e09,c1,p13,l3,416.43
i38,e09,c1,p13,l4,0.00
i38,e09,c1,p14,l2,0.00
i38,e09,c1,p14,l3,62.10
i38,e09,c1,p14,l4,0.00
i38,e09,c1,p15,l2,0.00
i38,e09,c1,p15,l3,91.04
i38,e09,c1,p15,l4,0.00
i38,e09,c1,p16,l2,0.00
i38,e09,c1,p16,l3,68.18
i38,e09,c1,p16,l4,0.00
i38,e09,c1,p17,l2,0.00
i38,e09,c1,p17,l3,93.33
i38,e09,c1,p17,l4,0.00
i38,e09,c1,p18,l2,0.00
i38,e09,c1,p18,l3,132.09
i38,e09,c1,p18,l4,0.00
i38,e09,c1,p19,l2,0.00
i38,e09,c1,p19,l3,209.05
i38,e09,c1,p19,l4,0.00
i38,e09,c1,p20,l2,0.00
i38,e09,c1,p20,l3,14.44
i38,e09,c1,p20,l4,0.00
i38,e09,c1,p21,l2,0.00
i38,e09,c1,p21,l3,59.43
i38,e09,c1,p21,l4,0.00
i38,e09,c1,p22,l2,0.00
i38,e09,c1,p22,l3,17.07
i38,e09,c1,p22,l4,0.00
i38,e09,c1,p23,l2,0.00
i38,e09,c1,p23,l3,15.28
i38,e09,c1,p23,l4,0.00
i38,e09,c1,p24,l2,0.00
i38,e09,c1,p24,l3,89.05
i38,e09,c1,p24,l4,0.00
i38,e09,c1,p25,l2,0.00
i38,e09,c1,p25,l3,19.29
i38,e09,c1,p25,l4,0.00
i38,e09,c1,p26,l2,0.00
i38,e09,c1,p26,l3,17.20
i38,e09,c1,p26,l4,0.00
i38,e09,c1,p27,l2,0.00
i38,e09,c1,p27,l3,0.00
i38,e09,c1,p28,l2,0.00
i38,e09,c1,p28,l3,4.32
i38,e09,c1,p28,l4,0.00
i38,e09,c1,p29,l2,0.00
i38,e09,c1,p29,l3,25.20
i38,e09,c1,p29,l4,0.00
i38,e09,c1,p30,l2,0.00
i38,e09,c1,p30,l3,0.00
i38,e09,c1,p30,l4,0.00
i38,e09,c1,p31,l2,0.00
i38,e09,c1,p31,l3,2.62
i38,e09,c1,p31,l4,0.00
i38,e09,c1,p32,l2,0.00
i38,e09,c1,p32,l3,5.20
i38,e09,c1,p32,l4,0.00
i38,e09,c1,p33,l2,0.00
i38,e09,c1,p33,l3,0.00
i38,e09,c1,p33,l4,0.00
i38,e09,c1,p34,l2,0.00
i38,e09,c1,p34,l3,0.00
i38,e09,c1,p34,l4,0.00
i38,e09,c1,p35,l2,0.00
i38,e09,c1,p35,l3,1.51
i38,e09,c1,p35,l4,0.00
i38,e09,c4,p01,l2,0.00
i38,e09,c4,p01,l3,7.83
i38,e09,c4,p01,l4,0.00
i38,e09,c4,p02,l2,0.00
i38,e09,c4,p02,l3,0.00
i38,e09,c4,p02,l4,0.00
i38,e09,c4,p03,l2,0.00
i38,e09,c4,p03,l3,1.33
i38,e09,c4,p03,l4,0.00
i38,e09,c4,p04,l2,0.00
i38,e09,c4,p04,l3,0.00
i38,e09,c4,p04,l4,0.00
i38,e09,c4,p05,l2,0.00
i38,e09,c4,p05,l3,0.00
i38,e09,c4,p05,l4,0.00
i38,e09,c4,p06,l2,0.00
i38,e09,c4,p06,l3,0.00
i38,e09,c4,p06,l4,0.00
i38,e09,c4,p07,l2,0.00
i38,e09,c4,p07,l3,2.11
i38,e09,c4,p07,l4,0.00
i38,e09,c4,p08,l2,0.00
i38,e09,c4,p08,l3,0.00
i38,e09,c4,p08,l4,0.00
i38,e09,c4,p09,l2,0.00
i38,e09,c4,p09,l3,0.00
i38,e09,c4,p09,l4,0.00
i38,e09,c4,p10,l2,0.00
i38,e09,c4,p10,l3,21.56
i38,e09,c4,p10,l4,0.00
i38,e09,c4,p11,l2,0.00
i38,e09,c4,p11,l3,0.00
i38,e09,c4,p11,l4,0.00
i38,e09,c4,p12,l2,0.00
i38,e09,c4,p12,l3,0.00
i38,e09,c4,p12,l4,0.00
i38,e09,c4,p13,l2,0.00
i38,e09,c4,p13,l3,0.00
i38,e09,c4,p13,l4,0.00
i38,e09,c4,p14,l2,0.00
i38,e09,c4,p14,l3,0.00
i38,e09,c4,p14,l4,0.00
i38,e09,c4,p15,l2,0.00
i38,e09,c4,p15,l3,1.69
i38,e09,c4,p15,l4,0.00
i38,e09,c4,p16,l2,0.00
i38,e09,c4,p16,l3,0.00
i38,e09,c4,p16,l4,0.00
i38,e09,c4,p17,l2,0.00
i38,e09,c4,p17,l3,0.00
i38,e09,c4,p17,l4,0.00
i38,e09,c4,p18,l2,0.00
i38,e09,c4,p18,l3,0.00
i38,e09,c4,p18,l4,0.00
i38,e09,c4,p19,l2,0.00
i38,e09,c4,p19,l3,6.78
i38,e09,c4,p19,l4,0.00
i38,e09,c4,p20,l2,0.00
i38,e09,c4,p20,l3,0.00
i38,e09,c4,p20,l4,0.00
i38,e09,c4,p21,l2,0.00
i38,e09,c4,p21,l3,0.00
i38,e09,c4,p21,l4,0.00
i38,e09,c4,p22,l2,0.00
i38,e09,c4,p22,l3,0.00
i38,e09,c4,p22,l4,0.00
i38,e09,c4,p23,l2,0.00
i38,e09,c4,p23,l3,0.00
i38,e09,c4,p23,l4,0.00
i38,e09,c4,p24,l2,0.00
i38,e09,c4,p24,l3,0.00
i38,e09,c4,p24,l4,0.00
i38,e09,c4,p25,l2,0.00
i38,e09,c4,p25,l3,0.00
i38,e09,c4,p25,l4,0.00
i38,e09,c4,p26,l2,0.00
i38,e09,c4,p26,l3,0.00
i38,e09,c4,p26,l4,0.00
i38,e09,c4,p27,l2,0.00
i38,e09,c4,p27,l3,0.00
i38,e09,c4,p28,l2,0.00
i38,e09,c4,p28,l3,0.00
i38,e09,c4,p28,l4,0.00
i38,e09,c4,p29,l2,0.00
i38,e09,c4,p29,l3,0.00
i38,e09,c4,p29,l4,0.00
i38,e09,c4,p30,l2,0.00
i38,e09,c4,p30,l3,0.00
i38,e09,c4,p30,l4,0.00
i38,e09,c4,p31,l2,0.00
i38,e09,c4,p31,l3,0.00
i38,e09,c4,p31,l4,0.00
i38,e09,c4,p32,l2,0.00
i38,e09,c4,p32,l3,0.00
i38,e09,c4,p32,l4,0.00
i38,e09,c4,p33,l2,0.00
i38,e09,c4,p33,l3,0.00
i38,e09,c4,p34,l3,0.00
i38,e09,c4,p35,l2,0.00
i38,e09,c4,p35,l3,0.00
i38,e09,c4,p35,l4,0.00
i38,e09,c7,p01,l2,0.00
i38,e09,c7,p01,l3,0.00
i38,e09,c7,p01,l4,0.00
i38,e09,c7,p02,l2,0.00
i38,e09,c7,p02,l3,0.00
i38,e09,c7,p03,l2,0.00
i38,e09,c7,p03,l3,0.00
i38,e09,c7,p04,l2,0.00
i38,e09,c7,p04,l3,0.00
i38,e09,c7,p04,l4,0.00
i38,e09,c7,p05,l2,0.00
i38,e09,c7,p05,l3,0.00
i38,e09,c7,p06,l2,0.00
i38,e09,c7,p06,l3,0.00
i38,e09,c7,p07,l2,0.00
i38,e09,c7,p07,l3,0.00
i38,e09,c7,p08,l2,0.00
i38,e09,c7,p08,l3,0.00
i38,e09,c7,p09,l2,0.00
i38,e09,c7,p09,l3,0.00
i38,e09,c7,p10,l2,0.00
i38,e09,c7,p10,l3,0.00
i38,e09,c7,p10,l4,0.00
i38,e09,c7,p11,l2,0.00
i38,e09,c7,p11,l3,0.00
i38,e09,c7,p12,l2,0.00
i38,e09,c7,p12,l3,0.00
i38,e09,c7,p13,l2,0.00
i38,e09,c7,p13,l3,1.22
i38,e09,c7,p14,l2,0.00
i38,e09,c7,p14,l3,0.00
i38,e09,c7,p15,l2,0.00
i38,e09,c7,p15,l3,0.00
i38,e09,c7,p16,l2,0.00
i38,e09,c7,p16,l3,0.00
i38,e09,c7,p17,l2,0.00
i38,e09,c7,p17,l3,0.00
i38,e09,c7,p18,l2,0.00
i38,e09,c7,p18,l3,0.00
i38,e09,c7,p19,l2,0.00
i38,e09,c7,p19,l3,0.00
i38,e09,c7,p19,l4,0.00
i38,e09,c7,p20,l2,0.00
i38,e09,c7,p20,l3,0.00
i38,e09,c7,p21,l2,0.00
i38,e09,c7,p21,l3,0.00
i38,e09,c7,p21,l4,0.00
i38,e09,c7,p22,l2,0.00
i38,e09,c7,p23,l2,0.00
i38,e09,c7,p23,l3,0.00
i38,e09,c7,p24,l2,0.00
i38,e09,c7,p24,l3,0.00
i38,e09,c7,p25,l2,0.00
i38,e09,c7,p25,l3,0.00
i38,e09,c7,p26,l2,0.00
i38,e09,c7,p28,l2,0.00
i38,e09,c7,p28,l3,0.00
i38,e09,c7,p29,l2,0.00
i38,e09,c7,p29,l3,0.00
i38,e09,c7,p31,l2,0.00
i38,e09,c7,p32,l2,0.00
i38,e09,c7,p32,l3,0.00
i38,e09,c7,p34,l3,0.00
i38,e09,c7,p35,l2,0.00
i38,e09,c8,p01,l2,0.00
i38,e09,c8,p01,l3,0.00
i38,e09,c8,p01,l4,0.00
i38,e09,c8,p02,l2,0.00
i38,e09,c8,p05,l2,0.00
i38,e09,c8,p05,l4,0.00
i38,e09,c8,p06,l2,0.00
i38,e09,c8,p06,l4,0.00
i38,e09,c8,p07,l2,0.00
i38,e09,c8,p09,l2,0.00
i38,e09,c8,p10,l2,0.00
i38,e09,c8,p10,l3,0.00
i38,e09,c8,p10,l4,0.00
i38,e09,c8,p11,l2,0.00
i38,e09,c8,p12,l2,0.00
i38,e09,c8,p13,l2,0.00
i38,e09,c8,p14,l2,0.00
i38,e09,c8,p14,l3,0.00
i38,e09,c8,p15,l2,0.00
i38,e09,c8,p15,l3,0.00
i38,e09,c8,p15,l4,0.00
i38,e09,c8,p16,l2,0.00
i38,e09,c8,p19,l2,0.00
i38,e09,c8,p20,l2,0.00
i38,e09,c8,p20,l3,0.00
i38,e09,c8,p21,l2,0.00
i38,e09,c8,p23,l2,0.00
i38,e09,c8,p23,l3,0.00
i38,e09,c8,p23,l4,0.00
i38,e09,c8,p24,l2,0.00
i38,e09,c8,p28,l2,0.00
i38,e09,c8,p28,l3,0.00
i38,e09,c8,p29,l2,0.00
i38,e09,c8,p29,l3,0.00
i38,e09,c8,p31,l2,0.00
i38,e10,c1,p01,l1,67.77
i38,e10,c1,p01,l2,138.03
i38,e10,c1,p01,l3,37459.45
i38,e10,c1,p01,l4,5275.94
i38,e10,c1,p02,l1,13.52
i38,e10,c1,p02,l2,44.47
i38,e10,c1,p02,l3,8542.61
i38,e10,c1,p02,l4,1132.15
i38,e10,c1,p03,l1,42.18
i38,e10,c1,p03,l2,72.36
i38,e10,c1,p03,l3,32220.16
i38,e10,c1,p03,l4,4083.13
i38,e10,c1,p04,l1,14.33
i38,e10,c1,p04,l2,9.00
i38,e10,c1,p04,l3,6108.18
i38,e10,c1,p04,l4,1069.47
i38,e10,c1,p05,l1,23.46
i38,e10,c1,p05,l2,107.04
i38,e10,c1,p05,l3,16744.45
i38,e10,c1,p05,l4,2472.10
i38,e10,c1,p06,l1,20.67
i38,e10,c1,p06,l2,65.04
i38,e10,c1,p06,l3,6448.41
i38,e10,c1,p06,l4,1049.40
i38,e10,c1,p07,l1,35.51
i38,e10,c1,p07,l2,65.24
i38,e10,c1,p07,l3,19222.47
i38,e10,c1,p07,l4,2859.07
i38,e10,c1,p08,l1,5.90
i38,e10,c1,p08,l2,36.21
i38,e10,c1,p08,l3,5752.29
i38,e10,c1,p08,l4,815.30
i38,e10,c1,p09,l1,23.03
i38,e10,c1,p09,l2,14.34
i38,e10,c1,p09,l3,6902.16
i38,e10,c1,p09,l4,1131.11
i38,e10,c1,p10,l1,236.87
i38,e10,c1,p10,l2,205.03
i38,e10,c1,p10,l3,127908.73
i38,e10,c1,p10,l4,18951.53
i38,e10,c1,p11,l1,57.64
i38,e10,c1,p11,l2,86.31
i38,e10,c1,p11,l3,30512.70
i38,e10,c1,p11,l4,3950.39
i38,e10,c1,p12,l1,35.26
i38,e10,c1,p12,l2,14.17
i38,e10,c1,p12,l3,21097.40
i38,e10,c1,p12,l4,3113.38
i38,e10,c1,p13,l1,49.30
i38,e10,c1,p13,l2,27.19
i38,e10,c1,p13,l3,17853.52
i38,e10,c1,p13,l4,5320.19
i38,e10,c1,p14,l1,12.15
i38,e10,c1,p14,l2,18.08
i38,e10,c1,p14,l3,8036.60
i38,e10,c1,p14,l4,1434.11
i38,e10,c1,p15,l1,56.17
i38,e10,c1,p15,l2,28.13
i38,e10,c1,p15,l3,20483.89
i38,e10,c1,p15,l4,3093.18
i38,e10,c1,p16,l1,16.46
i38,e10,c1,p16,l2,9.16
i38,e10,c1,p16,l3,12822.06
i38,e10,c1,p16,l4,2027.25
i38,e10,c1,p17,l1,39.31
i38,e10,c1,p17,l2,40.62
i38,e10,c1,p17,l3,18300.03
i38,e10,c1,p17,l4,2562.35
i38,e10,c1,p18,l1,21.90
i38,e10,c1,p18,l2,20.41
i38,e10,c1,p18,l3,8947.50
i38,e10,c1,p18,l4,1747.49
i38,e10,c1,p19,l1,105.08
i38,e10,c1,p19,l2,267.16
i38,e10,c1,p19,l3,56568.04
i38,e10,c1,p19,l4,7830.39
i38,e10,c1,p20,l1,2.69
i38,e10,c1,p20,l2,3.33
i38,e10,c1,p20,l3,1690.50
i38,e10,c1,p20,l4,304.27
i38,e10,c1,p21,l1,30.72
i38,e10,c1,p21,l2,25.10
i38,e10,c1,p21,l3,19361.62
i38,e10,c1,p21,l4,3022.48
i38,e10,c1,p22,l1,5.04
i38,e10,c1,p22,l2,5.21
i38,e10,c1,p22,l3,3062.43
i38,e10,c1,p22,l4,768.26
i38,e10,c1,p23,l1,4.78
i38,e10,c1,p23,l2,3.10
i38,e10,c1,p23,l3,5543.35
i38,e10,c1,p23,l4,1026.69
i38,e10,c1,p24,l1,26.12
i38,e10,c1,p24,l2,25.31
i38,e10,c1,p24,l3,10580.95
i38,e10,c1,p24,l4,1820.25
i38,e10,c1,p25,l1,5.23
i38,e10,c1,p25,l2,7.34
i38,e10,c1,p25,l3,2116.75
i38,e10,c1,p25,l4,522.53
i38,e10,c1,p26,l1,1.27
i38,e10,c1,p26,l2,0.00
i38,e10,c1,p26,l3,787.11
i38,e10,c1,p26,l4,140.19
i38,e10,c1,p27,l1,0.00
i38,e10,c1,p27,l2,0.00
i38,e10,c1,p27,l3,0.00
i38,e10,c1,p27,l4,0.00
i38,e10,c1,p28,l1,6.15
i38,e10,c1,p28,l2,13.32
i38,e10,c1,p28,l3,3072.25
i38,e10,c1,p28,l4,520.25
i38,e10,c1,p29,l1,16.36
i38,e10,c1,p29,l2,0.00
i38,e10,c1,p29,l3,6793.07
i38,e10,c1,p29,l4,992.09
i38,e10,c1,p30,l1,0.00
i38,e10,c1,p30,l2,0.00
i38,e10,c1,p30,l3,219.20
i38,e10,c1,p30,l4,72.71
i38,e10,c1,p31,l1,2.28
i38,e10,c1,p31,l2,0.00
i38,e10,c1,p31,l3,1071.35
i38,e10,c1,p31,l4,147.26
i38,e10,c1,p32,l1,4.60
i38,e10,c1,p32,l2,7.52
i38,e10,c1,p32,l3,1453.03
i38,e10,c1,p32,l4,373.48
i38,e10,c1,p33,l1,0.00
i38,e10,c1,p33,l2,0.00
i38,e10,c1,p33,l3,62.15
i38,e10,c1,p33,l4,8.35
i38,e10,c1,p34,l1,0.00
i38,e10,c1,p34,l2,0.00
i38,e10,c1,p34,l3,0.00
i38,e10,c1,p34,l4,1.10
i38,e10,c1,p35,l1,0.00
i38,e10,c1,p35,l2,5.54
i38,e10,c1,p35,l3,1500.36
i38,e10,c1,p35,l4,1412.20
i38,e10,c4,p01,l1,0.00
i38,e10,c4,p01,l2,0.00
i38,e10,c4,p01,l3,128.45
i38,e10,c4,p01,l4,50.32
i38,e10,c4,p02,l1,1.12
i38,e10,c4,p02,l2,0.00
i38,e10,c4,p02,l3,192.38
i38,e10,c4,p02,l4,28.17
i38,e10,c4,p03,l1,0.00
i38,e10,c4,p03,l2,1.34
i38,e10,c4,p03,l3,437.12
i38,e10,c4,p03,l4,21.17
i38,e10,c4,p04,l1,0.00
i38,e10,c4,p04,l2,0.00
i38,e10,c4,p04,l3,0.00
i38,e10,c4,p04,l4,0.00
i38,e10,c4,p05,l1,0.00
i38,e10,c4,p05,l2,0.00
i38,e10,c4,p05,l3,174.48
i38,e10,c4,p05,l4,42.70
i38,e10,c4,p06,l1,0.00
i38,e10,c4,p06,l2,1.42
i38,e10,c4,p06,l3,62.67
i38,e10,c4,p06,l4,43.92
i38,e10,c4,p07,l1,0.00
i38,e10,c4,p07,l2,2.25
i38,e10,c4,p07,l3,215.49
i38,e10,c4,p07,l4,50.01
i38,e10,c4,p08,l1,0.00
i38,e10,c4,p08,l2,4.47
i38,e10,c4,p08,l3,137.48
i38,e10,c4,p08,l4,55.08
i38,e10,c4,p09,l1,0.00
i38,e10,c4,p09,l2,0.00
i38,e10,c4,p09,l3,69.06
i38,e10,c4,p09,l4,18.79
i38,e10,c4,p10,l1,1.00
i38,e10,c4,p10,l2,0.00
i38,e10,c4,p10,l3,1298.75
i38,e10,c4,p10,l4,213.27
i38,e10,c4,p11,l1,1.21
i38,e10,c4,p11,l2,0.00
i38,e10,c4,p11,l3,107.40
i38,e10,c4,p11,l4,4.44
i38,e10,c4,p12,l1,1.07
i38,e10,c4,p12,l2,2.98
i38,e10,c4,p12,l3,180.05
i38,e10,c4,p12,l4,12.46
i38,e10,c4,p13,l1,0.00
i38,e10,c4,p13,l2,0.00
i38,e10,c4,p13,l3,103.10
i38,e10,c4,p13,l4,14.06
i38,e10,c4,p14,l1,0.00
i38,e10,c4,p14,l2,0.00
i38,e10,c4,p14,l3,37.21
i38,e10,c4,p14,l4,16.98
i38,e10,c4,p15,l1,0.00
i38,e10,c4,p15,l2,0.00
i38,e10,c4,p15,l3,252.40
i38,e10,c4,p15,l4,50.09
i38,e10,c4,p16,l1,0.00
i38,e10,c4,p16,l2,0.00
i38,e10,c4,p16,l3,218.69
i38,e10,c4,p16,l4,21.05
i38,e10,c4,p17,l1,0.00
i38,e10,c4,p17,l2,0.00
i38,e10,c4,p17,l3,31.66
i38,e10,c4,p17,l4,14.45
i38,e10,c4,p18,l1,0.00
i38,e10,c4,p18,l2,0.00
i38,e10,c4,p18,l3,2.38
i38,e10,c4,p18,l4,8.55
i38,e10,c4,p19,l1,0.00
i38,e10,c4,p19,l2,2.34
i38,e10,c4,p19,l3,663.56
i38,e10,c4,p19,l4,112.22
i38,e10,c4,p20,l1,0.00
i38,e10,c4,p20,l2,0.00
i38,e10,c4,p20,l3,5.84
i38,e10,c4,p20,l4,5.36
i38,e10,c4,p21,l1,1.51
i38,e10,c4,p21,l2,0.00
i38,e10,c4,p21,l3,27.89
i38,e10,c4,p21,l4,15.20
i38,e10,c4,p22,l1,2.24
i38,e10,c4,p22,l2,0.00
i38,e10,c4,p22,l3,160.29
i38,e10,c4,p22,l4,35.13
i38,e10,c4,p23,l1,0.00
i38,e10,c4,p23,l2,0.00
i38,e10,c4,p23,l3,295.43
i38,e10,c4,p23,l4,33.81
i38,e10,c4,p24,l1,0.00
i38,e10,c4,p24,l2,0.00
i38,e10,c4,p24,l3,130.49
i38,e10,c4,p24,l4,5.37
i38,e10,c4,p25,l1,0.00
i38,e10,c4,p25,l2,0.00
i38,e10,c4,p25,l3,0.00
i38,e10,c4,p25,l4,0.00
i38,e10,c4,p26,l1,0.00
i38,e10,c4,p26,l2,0.00
i38,e10,c4,p26,l3,0.00
i38,e10,c4,p26,l4,0.00
i38,e10,c4,p27,l2,0.00
i38,e10,c4,p27,l3,0.00
i38,e10,c4,p27,l4,0.00
i38,e10,c4,p28,l1,0.00
i38,e10,c4,p28,l2,0.00
i38,e10,c4,p28,l3,32.17
i38,e10,c4,p28,l4,17.17
i38,e10,c4,p29,l1,0.00
i38,e10,c4,p29,l2,0.00
i38,e10,c4,p29,l3,58.00
i38,e10,c4,p29,l4,9.28
i38,e10,c4,p30,l1,0.00
i38,e10,c4,p30,l2,0.00
i38,e10,c4,p30,l3,0.00
i38,e10,c4,p30,l4,0.00
i38,e10,c4,p31,l1,0.00
i38,e10,c4,p31,l2,0.00
i38,e10,c4,p31,l3,0.00
i38,e10,c4,p31,l4,0.00
i38,e10,c4,p32,l1,0.00
i38,e10,c4,p32,l2,0.00
i38,e10,c4,p32,l3,15.72
i38,e10,c4,p32,l4,8.38
i38,e10,c4,p33,l1,0.00
i38,e10,c4,p33,l2,0.00
i38,e10,c4,p33,l3,0.00
i38,e10,c4,p33,l4,0.00
i38,e10,c4,p34,l1,0.00
i38,e10,c4,p34,l2,0.00
i38,e10,c4,p34,l3,0.00
i38,e10,c4,p34,l4,0.00
i38,e10,c4,p35,l1,0.00
i38,e10,c4,p35,l2,0.00
i38,e10,c4,p35,l3,3.12
i38,e10,c4,p35,l4,6.23
i38,e10,c7,p01,l1,0.00
i38,e10,c7,p01,l2,0.00
i38,e10,c7,p01,l3,0.00
i38,e10,c7,p01,l4,0.00
i38,e10,c7,p02,l1,0.00
i38,e10,c7,p02,l2,0.00
i38,e10,c7,p02,l3,0.00
i38,e10,c7,p02,l4,0.00
i38,e10,c7,p03,l1,0.00
i38,e10,c7,p03,l2,0.00
i38,e10,c7,p03,l3,0.00
i38,e10,c7,p03,l4,0.00
i38,e10,c7,p04,l1,0.00
i38,e10,c7,p04,l2,0.00
i38,e10,c7,p04,l3,0.00
i38,e10,c7,p04,l4,0.00
i38,e10,c7,p05,l1,0.00
i38,e10,c7,p05,l2,0.00
i38,e10,c7,p05,l3,0.00
i38,e10,c7,p05,l4,0.00
i38,e10,c7,p06,l1,0.00
i38,e10,c7,p06,l2,0.00
i38,e10,c7,p06,l3,0.00
i38,e10,c7,p06,l4,0.00
i38,e10,c7,p07,l1,0.00
i38,e10,c7,p07,l2,0.00
i38,e10,c7,p07,l3,0.00
i38,e10,c7,p07,l4,0.00
i38,e10,c7,p08,l1,0.00
i38,e10,c7,p08,l2,0.00
i38,e10,c7,p08,l3,0.00
i38,e10,c7,p08,l4,0.00
i38,e10,c7,p09,l1,0.00
i38,e10,c7,p09,l2,0.00
i38,e10,c7,p09,l3,0.00
i38,e10,c7,p09,l4,0.00
i38,e10,c7,p10,l1,1.40
i38,e10,c7,p10,l2,0.00
i38,e10,c7,p10,l3,24.22
i38,e10,c7,p10,l4,14.17
i38,e10,c7,p11,l1,0.00
i38,e10,c7,p11,l2,0.00
i38,e10,c7,p11,l3,0.00
i38,e10,c7,p11,l4,0.00
i38,e10,c7,p12,l1,0.00
i38,e10,c7,p12,l2,0.00
i38,e10,c7,p12,l3,0.00
i38,e10,c7,p12,l4,0.00
i38,e10,c7,p13,l1,0.00
i38,e10,c7,p13,l2,0.00
i38,e10,c7,p13,l3,9.73
i38,e10,c7,p13,l4,20.38
i38,e10,c7,p14,l1,0.00
i38,e10,c7,p14,l2,0.00
i38,e10,c7,p14,l3,0.00
i38,e10,c7,p14,l4,0.00
i38,e10,c7,p15,l1,0.00
i38,e10,c7,p15,l2,0.00
i38,e10,c7,p15,l3,0.00
i38,e10,c7,p15,l4,0.00
i38,e10,c7,p16,l1,0.00
i38,e10,c7,p16,l2,0.00
i38,e10,c7,p16,l3,0.00
i38,e10,c7,p16,l4,0.00
i38,e10,c7,p17,l1,0.00
i38,e10,c7,p17,l2,0.00
i38,e10,c7,p17,l3,0.00
i38,e10,c7,p17,l4,0.00
i38,e10,c7,p18,l1,0.00
i38,e10,c7,p18,l2,0.00
i38,e10,c7,p18,l3,0.00
i38,e10,c7,p18,l4,0.00
i38,e10,c7,p19,l1,0.00
i38,e10,c7,p19,l2,0.00
i38,e10,c7,p19,l3,0.00
i38,e10,c7,p19,l4,0.00
i38,e10,c7,p20,l1,0.00
i38,e10,c7,p20,l2,0.00
i38,e10,c7,p20,l3,0.00
i38,e10,c7,p20,l4,0.00
i38,e10,c7,p21,l1,0.00
i38,e10,c7,p21,l2,0.00
i38,e10,c7,p21,l3,0.00
i38,e10,c7,p21,l4,0.00
i38,e10,c7,p22,l1,0.00
i38,e10,c7,p22,l2,0.00
i38,e10,c7,p22,l3,0.00
i38,e10,c7,p22,l4,0.00
i38,e10,c7,p23,l1,0.00
i38,e10,c7,p23,l2,0.00
i38,e10,c7,p23,l3,0.00
i38,e10,c7,p23,l4,0.00
i38,e10,c7,p24,l1,0.00
i38,e10,c7,p24,l2,0.00
i38,e10,c7,p24,l3,0.00
i38,e10,c7,p24,l4,0.00
i38,e10,c7,p25,l1,0.00
i38,e10,c7,p25,l2,0.00
i38,e10,c7,p25,l3,0.00
i38,e10,c7,p25,l4,0.00
i38,e10,c7,p26,l1,0.00
i38,e10,c7,p26,l2,0.00
i38,e10,c7,p26,l3,0.00
i38,e10,c7,p26,l4,0.00
i38,e10,c7,p28,l1,0.00
i38,e10,c7,p28,l2,0.00
i38,e10,c7,p28,l3,0.00
i38,e10,c7,p28,l4,0.00
i38,e10,c7,p29,l1,0.00
i38,e10,c7,p29,l2,0.00
i38,e10,c7,p29,l3,0.00
i38,e10,c7,p29,l4,0.00
i38,e10,c7,p31,l2,0.00
i38,e10,c7,p31,l3,0.00
i38,e10,c7,p31,l4,0.00
i38,e10,c7,p32,l1,0.00
i38,e10,c7,p32,l2,0.00
i38,e10,c7,p32,l3,0.00
i38,e10,c7,p32,l4,0.00
i38,e10,c7,p34,l1,0.00
i38,e10,c7,p34,l2,0.00
i38,e10,c7,p34,l3,0.00
i38,e10,c7,p34,l4,0.00
i38,e10,c7,p35,l1,0.00
i38,e10,c7,p35,l2,0.00
i38,e10,c7,p35,l3,0.00
i38,e10,c7,p35,l4,0.00
i38,e10,c8,p01,l2,0.00
i38,e10,c8,p01,l3,0.00
i38,e10,c8,p01,l4,0.00
i38,e10,c8,p02,l2,0.00
i38,e10,c8,p02,l3,0.00
i38,e10,c8,p02,l4,0.00
i38,e10,c8,p03,l3,0.00
i38,e10,c8,p03,l4,0.00
i38,e10,c8,p05,l2,0.00
i38,e10,c8,p05,l3,0.00
i38,e10,c8,p05,l4,0.00
i38,e10,c8,p06,l3,0.00
i38,e10,c8,p06,l4,0.00
i38,e10,c8,p07,l2,0.00
i38,e10,c8,p07,l3,0.00
i38,e10,c8,p07,l4,0.00
i38,e10,c8,p09,l3,0.00
i38,e10,c8,p09,l4,0.00
i38,e10,c8,p10,l2,0.00
i38,e10,c8,p10,l3,0.00
i38,e10,c8,p10,l4,0.00
i38,e10,c8,p11,l2,0.00
i38,e10,c8,p11,l3,0.00
i38,e10,c8,p11,l4,0.00
i38,e10,c8,p12,l2,0.00
i38,e10,c8,p12,l3,0.00
i38,e10,c8,p12,l4,0.00
i38,e10,c8,p13,l1,0.00
i38,e10,c8,p13,l3,0.00
i38,e10,c8,p13,l4,0.00
i38,e10,c8,p14,l2,0.00
i38,e10,c8,p14,l3,0.00
i38,e10,c8,p14,l4,0.00
i38,e10,c8,p15,l2,0.00
i38,e10,c8,p15,l3,0.00
i38,e10,c8,p15,l4,0.00
i38,e10,c8,p16,l3,0.00
i38,e10,c8,p16,l4,0.00
i38,e10,c8,p17,l2,0.00
i38,e10,c8,p17,l3,0.00
i38,e10,c8,p17,l4,0.00
i38,e10,c8,p18,l2,0.00
i38,e10,c8,p18,l3,0.00
i38,e10,c8,p18,l4,0.00
i38,e10,c8,p19,l3,0.00
i38,e10,c8,p19,l4,0.00
i38,e10,c8,p20,l3,0.00
i38,e10,c8,p20,l4,0.00
i38,e10,c8,p21,l3,0.00
i38,e10,c8,p21,l4,0.00
i38,e10,c8,p23,l2,0.00
i38,e10,c8,p23,l3,0.00
i38,e10,c8,p23,l4,0.00
i38,e10,c8,p24,l3,0.00
i38,e10,c8,p24,l4,0.00
i38,e10,c8,p26,l3,0.00
i38,e10,c8,p26,l4,0.00
i38,e10,c8,p28,l2,0.00
i38,e10,c8,p28,l3,0.00
i38,e10,c8,p28,l4,0.00
i38,e10,c8,p29,l3,0.00
i38,e10,c8,p29,l4,0.00
i38,e10,c8,p31,l3,0.00
i38,e10,c8,p31,l4,0.00
i38,e11,c1,p01,l2,26.89
i38,e11,c1,p01,l3,0.00
i38,e11,c1,p01,l4,495.12
i38,e11,c1,p02,l2,3.11
i38,e11,c1,p02,l3,0.00
i38,e11,c1,p02,l4,132.12
i38,e11,c1,p03,l2,17.22
i38,e11,c1,p03,l3,0.00
i38,e11,c1,p03,l4,413.47
i38,e11,c1,p04,l2,13.01
i38,e11,c1,p04,l3,0.00
i38,e11,c1,p04,l4,108.25
i38,e11,c1,p05,l2,6.16
i38,e11,c1,p05,l3,0.00
i38,e11,c1,p05,l4,240.12
i38,e11,c1,p06,l2,0.00
i38,e11,c1,p06,l3,0.00
i38,e11,c1,p06,l4,81.01
i38,e11,c1,p07,l2,18.26
i38,e11,c1,p07,l3,0.00
i38,e11,c1,p07,l4,238.02
i38,e11,c1,p08,l2,1.15
i38,e11,c1,p08,l3,0.00
i38,e11,c1,p08,l4,74.36
i38,e11,c1,p09,l2,5.01
i38,e11,c1,p09,l3,0.00
i38,e11,c1,p09,l4,93.59
i38,e11,c1,p10,l2,99.82
i38,e11,c1,p10,l3,0.00
i38,e11,c1,p10,l4,1378.22
i38,e11,c1,p11,l2,35.32
i38,e11,c1,p11,l3,0.00
i38,e11,c1,p11,l4,332.10
i38,e11,c1,p12,l2,8.41
i38,e11,c1,p12,l3,0.00
i38,e11,c1,p12,l4,259.36
i38,e11,c1,p13,l2,8.60
i38,e11,c1,p13,l3,0.00
i38,e11,c1,p13,l4,331.94
i38,e11,c1,p14,l2,1.12
i38,e11,c1,p14,l3,0.00
i38,e11,c1,p14,l4,100.04
i38,e11,c1,p15,l2,9.36
i38,e11,c1,p15,l3,0.00
i38,e11,c1,p15,l4,261.00
i38,e11,c1,p16,l2,2.32
i38,e11,c1,p16,l3,0.00
i38,e11,c1,p16,l4,176.55
i38,e11,c1,p17,l2,11.74
i38,e11,c1,p17,l3,0.00
i38,e11,c1,p17,l4,213.38
i38,e11,c1,p18,l2,19.29
i38,e11,c1,p18,l3,0.00
i38,e11,c1,p18,l4,132.54
i38,e11,c1,p19,l2,50.46
i38,e11,c1,p19,l3,0.00
i38,e11,c1,p19,l4,736.24
i38,e11,c1,p20,l2,2.90
i38,e11,c1,p20,l3,0.00
i38,e11,c1,p20,l4,27.11
i38,e11,c1,p21,l2,8.03
i38,e11,c1,p21,l3,0.00
i38,e11,c1,p21,l4,261.27
i38,e11,c1,p22,l2,0.00
i38,e11,c1,p22,l3,0.00
i38,e11,c1,p22,l4,72.21
i38,e11,c1,p23,l2,26.17
i38,e11,c1,p23,l3,0.00
i38,e11,c1,p23,l4,80.37
i38,e11,c1,p24,l2,7.54
i38,e11,c1,p24,l3,0.00
i38,e11,c1,p24,l4,158.71
i38,e11,c1,p25,l2,5.26
i38,e11,c1,p25,l3,0.00
i38,e11,c1,p25,l4,48.34
i38,e11,c1,p26,l2,0.00
i38,e11,c1,p26,l3,0.00
i38,e11,c1,p26,l4,10.21
i38,e11,c1,p27,l2,0.00
i38,e11,c1,p27,l3,0.00
i38,e11,c1,p27,l4,0.00
i38,e11,c1,p28,l2,0.00
i38,e11,c1,p28,l3,0.00
i38,e11,c1,p28,l4,41.97
i38,e11,c1,p29,l2,1.60
i38,e11,c1,p29,l3,0.00
i38,e11,c1,p29,l4,94.21
i38,e11,c1,p30,l2,0.00
i38,e11,c1,p30,l3,0.00
i38,e11,c1,p30,l4,5.42
i38,e11,c1,p31,l2,0.00
i38,e11,c1,p31,l3,0.00
i38,e11,c1,p31,l4,12.07
i38,e11,c1,p32,l2,0.00
i38,e11,c1,p32,l3,0.00
i38,e11,c1,p32,l4,28.57
i38,e11,c1,p33,l2,0.00
i38,e11,c1,p33,l3,0.00
i38,e11,c1,p33,l4,1.28
i38,e11,c1,p34,l2,0.00
i38,e11,c1,p34,l3,0.00
i38,e11,c1,p34,l4,0.00
i38,e11,c1,p35,l2,1.07
i38,e11,c1,p35,l3,0.00
i38,e11,c1,p35,l4,37.01
i38,e11,c4,p01,l2,9.41
i38,e11,c4,p01,l3,0.00
i38,e11,c4,p01,l4,10.11
i38,e11,c4,p02,l2,0.00
i38,e11,c4,p02,l3,0.00
i38,e11,c4,p02,l4,2.56
i38,e11,c4,p03,l2,0.00
i38,e11,c4,p03,l3,0.00
i38,e11,c4,p03,l4,1.81
i38,e11,c4,p04,l2,0.00
i38,e11,c4,p04,l3,0.00
i38,e11,c4,p04,l4,0.00
i38,e11,c4,p05,l2,2.51
i38,e11,c4,p05,l3,0.00
i38,e11,c4,p05,l4,3.39
i38,e11,c4,p06,l2,0.00
i38,e11,c4,p06,l3,0.00
i38,e11,c4,p06,l4,3.33
i38,e11,c4,p07,l2,1.02
i38,e11,c4,p07,l3,0.00
i38,e11,c4,p07,l4,5.20
i38,e11,c4,p08,l2,0.00
i38,e11,c4,p08,l3,0.00
i38,e11,c4,p08,l4,4.04
i38,e11,c4,p09,l2,0.00
i38,e11,c4,p09,l3,0.00
i38,e11,c4,p09,l4,2.57
i38,e11,c4,p10,l2,0.00
i38,e11,c4,p10,l3,0.00
i38,e11,c4,p10,l4,18.45
i38,e11,c4,p11,l2,0.00
i38,e11,c4,p11,l3,0.00
i38,e11,c4,p11,l4,0.00
i38,e11,c4,p12,l2,0.00
i38,e11,c4,p12,l3,0.00
i38,e11,c4,p12,l4,1.20
i38,e11,c4,p13,l2,0.00
i38,e11,c4,p13,l3,0.00
i38,e11,c4,p13,l4,0.00
i38,e11,c4,p14,l2,0.00
i38,e11,c4,p14,l3,0.00
i38,e11,c4,p14,l4,2.39
i38,e11,c4,p15,l2,0.00
i38,e11,c4,p15,l3,0.00
i38,e11,c4,p15,l4,4.63
i38,e11,c4,p16,l2,0.00
i38,e11,c4,p16,l3,0.00
i38,e11,c4,p16,l4,2.04
i38,e11,c4,p17,l2,0.00
i38,e11,c4,p17,l3,0.00
i38,e11,c4,p17,l4,2.34
i38,e11,c4,p18,l2,0.00
i38,e11,c4,p18,l3,0.00
i38,e11,c4,p18,l4,1.45
i38,e11,c4,p19,l2,0.00
i38,e11,c4,p19,l3,0.00
i38,e11,c4,p19,l4,9.65
i38,e11,c4,p20,l2,0.00
i38,e11,c4,p20,l3,0.00
i38,e11,c4,p20,l4,1.02
i38,e11,c4,p21,l2,0.00
i38,e11,c4,p21,l3,0.00
i38,e11,c4,p21,l4,2.04
i38,e11,c4,p22,l2,0.00
i38,e11,c4,p22,l3,0.00
i38,e11,c4,p22,l4,3.61
i38,e11,c4,p23,l2,1.50
i38,e11,c4,p23,l3,0.00
i38,e11,c4,p23,l4,1.22
i38,e11,c4,p24,l2,0.00
i38,e11,c4,p24,l3,0.00
i38,e11,c4,p24,l4,0.00
i38,e11,c4,p25,l2,0.00
i38,e11,c4,p25,l3,0.00
i38,e11,c4,p25,l4,0.00
i38,e11,c4,p26,l2,0.00
i38,e11,c4,p26,l4,0.00
i38,e11,c4,p27,l2,0.00
i38,e11,c4,p27,l4,0.00
i38,e11,c4,p28,l2,0.00
i38,e11,c4,p28,l3,0.00
i38,e11,c4,p28,l4,2.53
i38,e11,c4,p29,l2,0.00
i38,e11,c4,p29,l3,0.00
i38,e11,c4,p29,l4,1.63
i38,e11,c4,p30,l2,0.00
i38,e11,c4,p30,l3,0.00
i38,e11,c4,p30,l4,0.00
i38,e11,c4,p31,l2,0.00
i38,e11,c4,p31,l3,0.00
i38,e11,c4,p31,l4,0.00
i38,e11,c4,p32,l2,0.00
i38,e11,c4,p32,l3,0.00
i38,e11,c4,p32,l4,0.00
i38,e11,c4,p33,l2,0.00
i38,e11,c4,p33,l4,0.00
i38,e11,c4,p34,l2,0.00
i38,e11,c4,p34,l4,0.00
i38,e11,c4,p35,l2,0.00
i38,e11,c4,p35,l3,0.00
i38,e11,c4,p35,l4,1.85
i38,e11,c7,p01,l2,0.00
i38,e11,c7,p01,l4,0.00
i38,e11,c7,p02,l2,0.00
i38,e11,c7,p02,l4,0.00
i38,e11,c7,p03,l2,0.00
i38,e11,c7,p03,l4,0.00
i38,e11,c7,p04,l2,0.00
i38,e11,c7,p04,l4,0.00
i38,e11,c7,p05,l2,0.00
i38,e11,c7,p05,l3,0.00
i38,e11,c7,p05,l4,0.00
i38,e11,c7,p06,l2,0.00
i38,e11,c7,p06,l4,0.00
i38,e11,c7,p07,l2,0.00
i38,e11,c7,p07,l4,0.00
i38,e11,c7,p08,l2,0.00
i38,e11,c7,p08,l4,0.00
i38,e11,c7,p09,l2,0.00
i38,e11,c7,p09,l4,0.00
i38,e11,c7,p10,l2,0.00
i38,e11,c7,p10,l3,0.00
i38,e11,c7,p10,l4,0.00
i38,e11,c7,p11,l2,0.00
i38,e11,c7,p11,l4,0.00
i38,e11,c7,p12,l2,0.00
i38,e11,c7,p12,l3,0.00
i38,e11,c7,p12,l4,0.00
i38,e11,c7,p13,l2,0.00
i38,e11,c7,p13,l4,2.21
i38,e11,c7,p14,l2,0.00
i38,e11,c7,p14,l4,0.00
i38,e11,c7,p15,l2,0.00
i38,e11,c7,p15,l4,0.00
i38,e11,c7,p16,l2,0.00
i38,e11,c7,p16,l3,0.00
i38,e11,c7,p16,l4,0.00
i38,e11,c7,p17,l2,0.00
i38,e11,c7,p17,l3,0.00
i38,e11,c7,p17,l4,0.00
i38,e11,c7,p18,l2,0.00
i38,e11,c7,p18,l4,0.00
i38,e11,c7,p19,l2,0.00
i38,e11,c7,p19,l3,0.00
i38,e11,c7,p19,l4,0.00
i38,e11,c7,p20,l2,0.00
i38,e11,c7,p20,l4,0.00
i38,e11,c7,p21,l2,0.00
i38,e11,c7,p21,l3,0.00
i38,e11,c7,p21,l4,0.00
i38,e11,c7,p22,l2,0.00
i38,e11,c7,p22,l4,0.00
i38,e11,c7,p23,l2,0.00
i38,e11,c7,p23,l4,0.00
i38,e11,c7,p24,l2,0.00
i38,e11,c7,p24,l4,0.00
i38,e11,c7,p25,l2,0.00
i38,e11,c7,p25,l4,0.00
i38,e11,c7,p26,l2,0.00
i38,e11,c7,p26,l4,0.00
i38,e11,c7,p28,l2,0.00
i38,e11,c7,p28,l4,0.00
i38,e11,c7,p29,l2,0.00
i38,e11,c7,p29,l4,0.00
i38,e11,c7,p31,l2,0.00
i38,e11,c7,p32,l2,0.00
i38,e11,c7,p32,l4,0.00
i38,e11,c7,p34,l2,0.00
i38,e11,c7,p34,l4,0.00
i38,e11,c7,p35,l2,0.00
i38,e11,c7,p35,l4,0.00
i38,e11,c8,p01,l4,0.00
i38,e11,c8,p02,l4,0.00
i38,e11,c8,p03,l4,0.00
i38,e11,c8,p05,l4,0.00
i38,e11,c8,p06,l4,0.00
i38,e11,c8,p07,l4,0.00
i38,e11,c8,p09,l4,0.00
i38,e11,c8,p10,l2,0.00
i38,e11,c8,p10,l4,0.00
i38,e11,c8,p11,l4,0.00
i38,e11,c8,p12,l2,0.00
i38,e11,c8,p12,l4,0.00
i38,e11,c8,p13,l2,0.00
i38,e11,c8,p13,l4,0.00
i38,e11,c8,p14,l4,0.00
i38,e11,c8,p15,l4,0.00
i38,e11,c8,p16,l4,0.00
i38,e11,c8,p17,l4,0.00
i38,e11,c8,p19,l2,0.00
i38,e11,c8,p19,l4,0.00
i38,e11,c8,p20,l4,0.00
i38,e11,c8,p21,l4,0.00
i38,e11,c8,p23,l4,0.00
i38,e11,c8,p24,l4,0.00
i38,e11,c8,p26,l4,0.00
i38,e11,c8,p28,l2,0.00
i38,e11,c8,p28,l4,0.00
i38,e11,c8,p29,l4,0.00
i38,e11,c8,p31,l4,0.00
i38,e12,c1,p01,l3,9.87
i38,e12,c1,p02,l3,2.17
i38,e12,c1,p03,l3,11.06
i38,e12,c1,p04,l3,1.15
i38,e12,c1,p05,l3,3.12
i38,e12,c1,p06,l3,0.00
i38,e12,c1,p07,l3,4.05
i38,e12,c1,p08,l3,1.84
i38,e12,c1,p09,l3,3.33
i38,e12,c1,p10,l3,37.35
i38,e12,c1,p11,l3,8.46
i38,e12,c1,p12,l3,6.04
i38,e12,c1,p13,l3,11.07
i38,e12,c1,p14,l3,3.17
i38,e12,c1,p15,l3,5.09
i38,e12,c1,p16,l3,5.28
i38,e12,c1,p17,l3,8.03
i38,e12,c1,p18,l3,0.00
i38,e12,c1,p19,l3,18.28
i38,e12,c1,p20,l3,0.00
i38,e12,c1,p21,l3,6.18
i38,e12,c1,p22,l3,1.53
i38,e12,c1,p23,l3,1.56
i38,e12,c1,p24,l3,0.00
i38,e12,c1,p25,l3,2.24
i38,e12,c1,p26,l3,0.00
i38,e12,c1,p27,l3,0.00
i38,e12,c1,p28,l3,1.27
i38,e12,c1,p29,l3,3.01
i38,e12,c1,p30,l3,0.00
i38,e12,c1,p31,l3,0.00
i38,e12,c1,p32,l3,0.00
i38,e12,c1,p33,l3,0.00
i38,e12,c1,p34,l3,0.00
i38,e12,c1,p35,l3,1.40
i38,e12,c4,p01,l3,0.00
i38,e12,c4,p02,l3,0.00
i38,e12,c4,p03,l3,0.00
i38,e12,c4,p04,l3,0.00
i38,e12,c4,p05,l3,0.00
i38,e12,c4,p06,l3,0.00
i38,e12,c4,p07,l3,0.00
i38,e12,c4,p08,l3,1.09
i38,e12,c4,p09,l3,0.00
i38,e12,c4,p10,l3,0.00
i38,e12,c4,p11,l3,0.00
i38,e12,c4,p12,l3,0.00
i38,e12,c4,p13,l3,0.00
i38,e12,c4,p14,l3,0.00
i38,e12,c4,p15,l3,0.00
i38,e12,c4,p16,l3,0.00
i38,e12,c4,p17,l3,0.00
i38,e12,c4,p18,l3,0.00
i38,e12,c4,p19,l3,0.00
i38,e12,c4,p20,l3,0.00
i38,e12,c4,p21,l3,0.00
i38,e12,c4,p22,l3,0.00
i38,e12,c4,p23,l3,0.00
i38,e12,c4,p24,l3,0.00
i38,e12,c4,p25,l3,0.00
i38,e12,c4,p26,l3,0.00
i38,e12,c4,p28,l3,0.00
i38,e12,c4,p29,l3,0.00
i38,e12,c4,p30,l3,0.00
i38,e12,c4,p31,l3,0.00
i38,e12,c4,p32,l3,0.00
i38,e12,c4,p33,l3,0.00
i38,e12,c4,p35,l3,0.00
i38,e12,c7,p01,l3,0.00
i38,e12,c7,p02,l3,0.00
i38,e12,c7,p03,l3,0.00
i38,e12,c7,p04,l3,0.00
i38,e12,c7,p05,l3,0.00
i38,e12,c7,p07,l3,0.00
i38,e12,c7,p09,l3,0.00
i38,e12,c7,p10,l3,0.00
i38,e12,c7,p11,l3,0.00
i38,e12,c7,p12,l3,0.00
i38,e12,c7,p13,l3,0.00
i38,e12,c7,p15,l3,0.00
i38,e12,c7,p16,l3,0.00
i38,e12,c7,p17,l3,0.00
i38,e12,c7,p18,l3,0.00
i38,e12,c7,p19,l3,0.00
i38,e12,c7,p21,l3,0.00
i38,e12,c7,p22,l3,0.00
i38,e12,c7,p23,l3,0.00
i38,e12,c7,p24,l3,0.00
i38,e12,c7,p28,l3,0.00
i38,e12,c7,p29,l3,0.00
i38,e12,c7,p35,l3,0.00
i39,e01,c3,p01,l3,0.00
i39,e01,c3,p02,l3,0.00
i39,e01,c3,p03,l3,0.00
i39,e01,c3,p04,l3,0.00
i39,e01,c3,p07,l3,0.00
i39,e01,c3,p10,l3,0.00
i39,e01,c3,p12,l3,0.00
i39,e01,c3,p15,l3,0.00
i39,e01,c3,p17,l3,0.00
i39,e01,c3,p19,l3,0.00
i39,e01,c3,p20,l3,0.00
i39,e01,c3,p21,l3,0.00
i39,e01,c3,p25,l3,0.00
i39,e01,c3,p29,l3,0.00
i39,e01,c3,p35,l3,0.00
i39,e01,c5,p01,l3,9.22
i39,e01,c5,p02,l3,8.78
i39,e01,c5,p03,l3,1.29
i39,e01,c5,p04,l3,13.19
i39,e01,c5,p05,l3,7.63
i39,e01,c5,p06,l3,2.21
i39,e01,c5,p07,l3,5.98
i39,e01,c5,p08,l3,0.00
i39,e01,c5,p09,l3,2.68
i39,e01,c5,p10,l3,18.05
i39,e01,c5,p11,l3,2.04
i39,e01,c5,p12,l3,5.28
i39,e01,c5,p13,l3,4.41
i39,e01,c5,p14,l3,6.33
i39,e01,c5,p15,l3,5.37
i39,e01,c5,p16,l3,3.85
i39,e01,c5,p17,l3,20.18
i39,e01,c5,p18,l3,4.19
i39,e01,c5,p19,l3,35.49
i39,e01,c5,p20,l3,0.00
i39,e01,c5,p21,l3,14.26
i39,e01,c5,p22,l3,0.00
i39,e01,c5,p23,l3,3.24
i39,e01,c5,p24,l3,7.90
i39,e01,c5,p25,l3,7.03
i39,e01,c5,p26,l3,0.00
i39,e01,c5,p28,l3,1.65
i39,e01,c5,p29,l3,7.06
i39,e01,c5,p30,l3,0.00
i39,e01,c5,p31,l3,0.00
i39,e01,c5,p32,l3,0.00
i39,e01,c5,p35,l3,321.23
i39,e04,c3,p01,l1,0.00
i39,e04,c3,p01,l3,0.00
i39,e04,c3,p02,l1,0.00
i39,e04,c3,p02,l3,0.00
i39,e04,c3,p03,l1,0.00
i39,e04,c3,p03,l3,0.00
i39,e04,c3,p04,l3,0.00
i39,e04,c3,p07,l1,0.00
i39,e04,c3,p07,l3,0.00
i39,e04,c3,p10,l1,0.00
i39,e04,c3,p10,l3,0.00
i39,e04,c3,p12,l1,0.00
i39,e04,c3,p12,l3,0.00
i39,e04,c3,p15,l3,0.00
i39,e04,c3,p17,l1,0.00
i39,e04,c3,p17,l3,0.00
i39,e04,c3,p19,l1,0.00
i39,e04,c3,p19,l3,0.00
i39,e04,c3,p20,l3,0.00
i39,e04,c3,p21,l1,0.00
i39,e04,c3,p21,l3,0.00
i39,e04,c3,p23,l1,0.00
i39,e04,c3,p23,l3,0.00
i39,e04,c3,p25,l1,0.00
i39,e04,c3,p25,l3,0.00
i39,e04,c3,p29,l3,0.00
i39,e04,c3,p35,l1,0.00
i39,e04,c3,p35,l3,0.00
i39,e04,c5,p01,l1,0.00
i39,e04,c5,p01,l3,10.39
i39,e04,c5,p02,l1,0.00
i39,e04,c5,p02,l3,0.00
i39,e04,c5,p03,l1,0.00
i39,e04,c5,p03,l3,11.07
i39,e04,c5,p04,l1,0.00
i39,e04,c5,p04,l3,40.51
i39,e04,c5,p05,l1,0.00
i39,e04,c5,p05,l3,38.90
i39,e04,c5,p06,l1,0.00
i39,e04,c5,p06,l3,10.35
i39,e04,c5,p07,l1,0.00
i39,e04,c5,p07,l3,17.01
i39,e04,c5,p08,l1,0.00
i39,e04,c5,p08,l3,4.27
i39,e04,c5,p09,l1,0.00
i39,e04,c5,p09,l3,14.20
i39,e04,c5,p10,l1,0.00
i39,e04,c5,p10,l3,52.08
i39,e04,c5,p11,l1,0.00
i39,e04,c5,p11,l3,16.04
i39,e04,c5,p12,l1,0.00
i39,e04,c5,p12,l3,34.30
i39,e04,c5,p13,l1,0.00
i39,e04,c5,p13,l3,6.47
i39,e04,c5,p14,l1,0.00
i39,e04,c5,p14,l3,4.74
i39,e04,c5,p15,l1,0.00
i39,e04,c5,p15,l3,7.15
i39,e04,c5,p16,l1,0.00
i39,e04,c5,p16,l3,11.56
i39,e04,c5,p17,l1,0.00
i39,e04,c5,p17,l3,29.03
i39,e04,c5,p18,l1,0.00
i39,e04,c5,p18,l3,2.21
i39,e04,c5,p19,l1,0.00
i39,e04,c5,p19,l3,24.24
i39,e04,c5,p20,l1,0.00
i39,e04,c5,p20,l3,9.35
i39,e04,c5,p21,l1,0.00
i39,e04,c5,p21,l3,40.16
i39,e04,c5,p22,l1,0.00
i39,e04,c5,p22,l3,2.05
i39,e04,c5,p23,l1,0.00
i39,e04,c5,p23,l3,9.18
i39,e04,c5,p24,l1,0.00
i39,e04,c5,p24,l3,22.47
i39,e04,c5,p25,l1,0.00
i39,e04,c5,p25,l3,0.00
i39,e04,c5,p26,l1,0.00
i39,e04,c5,p26,l3,0.00
i39,e04,c5,p28,l1,0.00
i39,e04,c5,p28,l3,34.44
i39,e04,c5,p29,l1,0.00
i39,e04,c5,p29,l3,8.18
i39,e04,c5,p30,l1,0.00
i39,e04,c5,p30,l3,0.00
i39,e04,c5,p31,l1,0.00
i39,e04,c5,p31,l3,1.14
i39,e04,c5,p32,l1,0.00
i39,e04,c5,p32,l3,0.00
i39,e04,c5,p35,l1,0.00
i39,e04,c5,p35,l3,655.43
i39,e05,c3,p02,l1,0.00
i39,e05,c3,p02,l3,0.00
i39,e05,c3,p03,l3,0.00
i39,e05,c3,p12,l3,0.00
i39,e05,c3,p35,l1,0.00
i39,e05,c3,p35,l3,0.00
i39,e05,c5,p01,l1,0.00
i39,e05,c5,p01,l3,0.00
i39,e05,c5,p02,l1,0.00
i39,e05,c5,p02,l3,0.00
i39,e05,c5,p03,l1,0.00
i39,e05,c5,p03,l3,0.00
i39,e05,c5,p04,l1,0.00
i39,e05,c5,p04,l3,0.00
i39,e05,c5,p05,l1,0.00
i39,e05,c5,p05,l3,0.00
i39,e05,c5,p06,l1,0.00
i39,e05,c5,p06,l3,0.00
i39,e05,c5,p07,l1,0.00
i39,e05,c5,p07,l3,0.00
i39,e05,c5,p08,l1,0.00
i39,e05,c5,p08,l3,0.00
i39,e05,c5,p09,l1,0.00
i39,e05,c5,p09,l3,0.00
i39,e05,c5,p10,l1,0.00
i39,e05,c5,p10,l3,0.00
i39,e05,c5,p11,l1,0.00
i39,e05,c5,p11,l3,0.00
i39,e05,c5,p12,l1,0.00
i39,e05,c5,p12,l3,0.00
i39,e05,c5,p13,l1,0.00
i39,e05,c5,p13,l3,0.00
i39,e05,c5,p14,l1,0.00
i39,e05,c5,p14,l3,0.00
i39,e05,c5,p15,l1,0.00
i39,e05,c5,p15,l3,0.00
i39,e05,c5,p16,l1,0.00
i39,e05,c5,p16,l3,0.00
i39,e05,c5,p17,l1,0.00
i39,e05,c5,p17,l3,0.00
i39,e05,c5,p18,l1,0.00
i39,e05,c5,p18,l3,0.00
i39,e05,c5,p19,l1,0.00
i39,e05,c5,p19,l3,0.00
i39,e05,c5,p20,l1,0.00
i39,e05,c5,p20,l3,0.00
i39,e05,c5,p21,l1,0.00
i39,e05,c5,p21,l3,0.00
i39,e05,c5,p22,l1,0.00
i39,e05,c5,p22,l3,0.00
i39,e05,c5,p23,l1,0.00
i39,e05,c5,p23,l3,0.00
i39,e05,c5,p24,l1,0.00
i39,e05,c5,p24,l3,0.00
i39,e05,c5,p25,l1,0.00
i39,e05,c5,p25,l3,0.00
i39,e05,c5,p26,l1,0.00
i39,e05,c5,p26,l3,0.00
i39,e05,c5,p28,l1,0.00
i39,e05,c5,p28,l3,2.55
i39,e05,c5,p29,l1,0.00
i39,e05,c5,p29,l3,0.00
i39,e05,c5,p31,l1,0.00
i39,e05,c5,p31,l3,0.00
i39,e05,c5,p32,l3,0.00
i39,e05,c5,p35,l1,0.00
i39,e05,c5,p35,l3,1.27
i39,e09,c3,p01,l2,0.00
i39,e09,c3,p01,l3,0.00
i39,e09,c3,p02,l2,0.00
i39,e09,c3,p02,l3,0.00
i39,e09,c3,p03,l2,0.00
i39,e09,c3,p03,l3,0.00
i39,e09,c3,p04,l3,0.00
i39,e09,c3,p07,l2,0.00
i39,e09,c3,p07,l3,0.00
i39,e09,c3,p10,l2,0.00
i39,e09,c3,p10,l3,0.00
i39,e09,c3,p12,l2,0.00
i39,e09,c3,p12,l3,0.00
i39,e09,c3,p15,l3,0.00
i39,e09,c3,p17,l2,0.00
i39,e09,c3,p17,l3,0.00
i39,e09,c3,p19,l2,0.00
i39,e09,c3,p19,l3,0.00
i39,e09,c3,p20,l3,0.00
i39,e09,c3,p21,l2,0.00
i39,e09,c3,p21,l3,0.00
i39,e09,c3,p25,l2,0.00
i39,e09,c3,p25,l3,0.00
i39,e09,c3,p35,l2,0.00
i39,e09,c3,p35,l3,0.00
i39,e09,c5,p01,l2,0.00
i39,e09,c5,p01,l3,4.41
i39,e09,c5,p02,l2,0.00
i39,e09,c5,p02,l3,0.00
i39,e09,c5,p03,l2,0.00
i39,e09,c5,p03,l3,1.01
i39,e09,c5,p04,l2,0.00
i39,e09,c5,p04,l3,9.01
i39,e09,c5,p05,l2,0.00
i39,e09,c5,p05,l3,12.59
i39,e09,c5,p06,l2,0.00
i39,e09,c5,p06,l3,0.00
i39,e09,c5,p07,l2,0.00
i39,e09,c5,p07,l3,1.52
i39,e09,c5,p08,l2,0.00
i39,e09,c5,p08,l3,3.26
i39,e09,c5,p09,l2,0.00
i39,e09,c5,p09,l3,4.19
i39,e09,c5,p10,l2,0.00
i39,e09,c5,p10,l3,18.01
i39,e09,c5,p11,l2,0.00
i39,e09,c5,p11,l3,8.11
i39,e09,c5,p12,l2,0.00
i39,e09,c5,p12,l3,6.43
i39,e09,c5,p13,l2,0.00
i39,e09,c5,p13,l3,3.13
i39,e09,c5,p14,l2,0.00
i39,e09,c5,p14,l3,8.84
i39,e09,c5,p15,l2,0.00
i39,e09,c5,p15,l3,14.65
i39,e09,c5,p16,l2,0.00
i39,e09,c5,p16,l3,0.00
i39,e09,c5,p17,l2,0.00
i39,e09,c5,p17,l3,16.61
i39,e09,c5,p18,l2,0.00
i39,e09,c5,p18,l3,3.99
i39,e09,c5,p19,l2,0.00
i39,e09,c5,p19,l3,11.23
i39,e09,c5,p20,l2,0.00
i39,e09,c5,p20,l3,1.07
i39,e09,c5,p21,l2,0.00
i39,e09,c5,p21,l3,3.61
i39,e09,c5,p22,l2,0.00
i39,e09,c5,p22,l3,0.00
i39,e09,c5,p23,l2,0.00
i39,e09,c5,p23,l3,3.17
i39,e09,c5,p24,l2,0.00
i39,e09,c5,p24,l3,7.15
i39,e09,c5,p25,l2,0.00
i39,e09,c5,p25,l3,3.17
i39,e09,c5,p26,l2,0.00
i39,e09,c5,p26,l3,0.00
i39,e09,c5,p28,l2,0.00
i39,e09,c5,p28,l3,6.19
i39,e09,c5,p29,l2,0.00
i39,e09,c5,p29,l3,8.85
i39,e09,c5,p30,l2,0.00
i39,e09,c5,p30,l3,0.00
i39,e09,c5,p31,l2,0.00
i39,e09,c5,p31,l3,0.00
i39,e09,c5,p32,l2,0.00
i39,e09,c5,p32,l3,0.00
i39,e09,c5,p35,l2,0.00
i39,e09,c5,p35,l3,239.17
i40,e02,c5,p35,l3,0.00
i40,e05,c5,p35,l1,0.00
i40,e05,c5,p35,l3,0.00
i40,e13,c5,p35,l3,2.12
i41,e01,c1,p01,l3,14.31
i41,e01,c1,p02,l3,10.63
i41,e01,c1,p03,l3,5.00
i41,e01,c1,p04,l3,9.91
i41,e01,c1,p05,l3,1.56
i41,e01,c1,p06,l3,4.20
i41,e01,c1,p07,l3,6.32
i41,e01,c1,p08,l3,1.20
i41,e01,c1,p09,l3,3.18
i41,e01,c1,p10,l3,13.10
i41,e01,c1,p11,l3,16.39
i41,e01,c1,p12,l3,5.27
i41,e01,c1,p13,l3,3.37
i41,e01,c1,p14,l3,0.00
i41,e01,c1,p15,l3,6.22
i41,e01,c1,p16,l3,5.71
i41,e01,c1,p17,l3,4.45
i41,e01,c1,p18,l3,7.34
i41,e01,c1,p19,l3,22.82
i41,e01,c1,p20,l3,0.00
i41,e01,c1,p21,l3,5.37
i41,e01,c1,p22,l3,1.48
i41,e01,c1,p23,l3,2.49
i41,e01,c1,p24,l3,3.81
i41,e01,c1,p25,l3,0.00
i41,e01,c1,p26,l3,0.00
i41,e01,c1,p27,l3,0.00
i41,e01,c1,p28,l3,1.90
i41,e01,c1,p29,l3,1.51
i41,e01,c1,p30,l3,0.00
i41,e01,c1,p31,l3,0.00
i41,e01,c1,p32,l3,0.00
i41,e01,c1,p33,l3,0.00
i41,e01,c1,p34,l3,0.00
i41,e01,c1,p35,l3,13.85
i41,e01,c4,p01,l3,0.00
i41,e01,c4,p02,l3,0.00
i41,e01,c4,p04,l3,0.00
i41,e01,c4,p07,l3,0.00
i41,e01,c4,p10,l3,0.00
i41,e01,c4,p16,l3,0.00
i41,e01,c4,p19,l3,0.00
i41,e01,c4,p21,l3,0.00
i41,e01,c4,p22,l3,0.00
i41,e01,c4,p23,l3,0.00
i41,e01,c4,p28,l3,0.00
i41,e01,c4,p35,l3,0.00
i41,e01,c7,p10,l3,0.00
i41,e01,c7,p35,l3,0.00
i41,e04,c1,p01,l1,0.00
i41,e04,c1,p01,l3,14.00
i41,e04,c1,p02,l1,0.00
i41,e04,c1,p02,l3,6.05
i41,e04,c1,p03,l1,0.00
i41,e04,c1,p03,l3,7.00
i41,e04,c1,p04,l1,0.00
i41,e04,c1,p04,l3,5.46
i41,e04,c1,p05,l1,0.00
i41,e04,c1,p05,l3,0.00
i41,e04,c1,p06,l1,0.00
i41,e04,c1,p06,l3,0.00
i41,e04,c1,p07,l1,0.00
i41,e04,c1,p07,l3,1.21
i41,e04,c1,p08,l1,0.00
i41,e04,c1,p08,l3,1.42
i41,e04,c1,p09,l1,0.00
i41,e04,c1,p09,l3,0.00
i41,e04,c1,p10,l1,0.00
i41,e04,c1,p10,l3,14.33
i41,e04,c1,p11,l1,0.00
i41,e04,c1,p11,l3,4.07
i41,e04,c1,p12,l1,0.00
i41,e04,c1,p12,l3,0.00
i41,e04,c1,p13,l1,0.00
i41,e04,c1,p13,l3,1.37
i41,e04,c1,p14,l1,0.00
i41,e04,c1,p14,l3,0.00
i41,e04,c1,p15,l1,0.00
i41,e04,c1,p15,l3,4.79
i41,e04,c1,p16,l1,0.00
i41,e04,c1,p16,l3,0.00
i41,e04,c1,p17,l1,0.00
i41,e04,c1,p17,l3,0.00
i41,e04,c1,p18,l1,0.00
i41,e04,c1,p18,l3,0.00
i41,e04,c1,p19,l1,0.00
i41,e04,c1,p19,l3,16.07
i41,e04,c1,p20,l1,0.00
i41,e04,c1,p20,l3,1.52
i41,e04,c1,p21,l1,0.00
i41,e04,c1,p21,l3,3.51
i41,e04,c1,p22,l1,0.00
i41,e04,c1,p22,l3,2.38
i41,e04,c1,p23,l1,0.00
i41,e04,c1,p23,l3,0.00
i41,e04,c1,p24,l1,0.00
i41,e04,c1,p24,l3,0.00
i41,e04,c1,p25,l1,0.00
i41,e04,c1,p25,l3,1.57
i41,e04,c1,p26,l1,0.00
i41,e04,c1,p26,l3,0.00
i41,e04,c1,p28,l1,0.00
i41,e04,c1,p28,l3,5.76
i41,e04,c1,p29,l1,0.00
i41,e04,c1,p29,l3,4.77
i41,e04,c1,p30,l1,0.00
i41,e04,c1,p30,l3,0.00
i41,e04,c1,p31,l1,0.00
i41,e04,c1,p31,l3,0.00
i41,e04,c1,p32,l1,0.00
i41,e04,c1,p32,l3,0.00
i41,e04,c1,p33,l1,0.00
i41,e04,c1,p33,l3,0.00
i41,e04,c1,p34,l3,0.00
i41,e04,c1,p35,l1,0.00
i41,e04,c1,p35,l3,36.18
i41,e04,c4,p01,l3,0.00
i41,e04,c4,p02,l1,0.00
i41,e04,c4,p02,l3,0.00
i41,e04,c4,p04,l3,0.00
i41,e04,c4,p07,l3,0.00
i41,e04,c4,p10,l3,0.00
i41,e04,c4,p15,l3,0.00
i41,e04,c4,p16,l3,0.00
i41,e04,c4,p19,l3,0.00
i41,e04,c4,p21,l3,0.00
i41,e04,c4,p22,l3,0.00
i41,e04,c4,p23,l3,0.00
i41,e04,c4,p28,l3,0.00
i41,e04,c4,p35,l1,0.00
i41,e04,c4,p35,l3,0.00
i41,e04,c7,p35,l3,0.00
i41,e05,c1,p01,l1,0.00
i41,e05,c1,p01,l3,0.00
i41,e05,c1,p02,l1,0.00
i41,e05,c1,p02,l3,0.00
i41,e05,c1,p03,l1,0.00
i41,e05,c1,p03,l3,0.00
i41,e05,c1,p04,l1,0.00
i41,e05,c1,p04,l3,0.00
i41,e05,c1,p05,l1,0.00
i41,e05,c1,p05,l3,0.00
i41,e05,c1,p06,l1,0.00
i41,e05,c1,p06,l3,0.00
i41,e05,c1,p07,l1,0.00
i41,e05,c1,p07,l3,0.00
i41,e05,c1,p08,l1,0.00
i41,e05,c1,p08,l3,0.00
i41,e05,c1,p09,l1,0.00
i41,e05,c1,p09,l3,0.00
i41,e05,c1,p10,l1,0.00
i41,e05,c1,p10,l3,2.17
i41,e05,c1,p11,l1,0.00
i41,e05,c1,p11,l3,2.22
i41,e05,c1,p12,l1,0.00
i41,e05,c1,p12,l3,0.00
i41,e05,c1,p13,l1,0.00
i41,e05,c1,p13,l3,0.00
i41,e05,c1,p14,l1,0.00
i41,e05,c1,p14,l3,0.00
i41,e05,c1,p15,l1,0.00
i41,e05,c1,p15,l3,0.00
i41,e05,c1,p16,l1,0.00
i41,e05,c1,p16,l3,0.00
i41,e05,c1,p17,l1,0.00
i41,e05,c1,p17,l3,0.00
i41,e05,c1,p18,l1,0.00
i41,e05,c1,p18,l3,0.00
i41,e05,c1,p19,l1,0.00
i41,e05,c1,p19,l3,0.00
i41,e05,c1,p20,l1,0.00
i41,e05,c1,p20,l3,0.00
i41,e05,c1,p21,l1,0.00
i41,e05,c1,p21,l3,0.00
i41,e05,c1,p22,l1,0.00
i41,e05,c1,p22,l3,0.00
i41,e05,c1,p23,l1,0.00
i41,e05,c1,p23,l3,0.00
i41,e05,c1,p24,l1,0.00
i41,e05,c1,p24,l3,0.00
i41,e05,c1,p25,l1,0.00
i41,e05,c1,p25,l3,0.00
i41,e05,c1,p26,l1,0.00
i41,e05,c1,p26,l3,0.00
i41,e05,c1,p28,l1,0.00
i41,e05,c1,p28,l3,0.00
i41,e05,c1,p29,l1,0.00
i41,e05,c1,p29,l3,0.00
i41,e05,c1,p30,l3,0.00
i41,e05,c1,p31,l1,0.00
i41,e05,c1,p31,l3,0.00
i41,e05,c1,p32,l1,0.00
i41,e05,c1,p32,l3,0.00
i41,e05,c1,p35,l1,0.00
i41,e05,c1,p35,l3,0.00
i41,e05,c7,p35,l3,0.00
i41,e07,c1,p01,l2,0.00
i41,e07,c1,p01,l3,42.16
i41,e07,c1,p02,l2,0.00
i41,e07,c1,p02,l3,26.54
i41,e07,c1,p03,l2,0.00
i41,e07,c1,p03,l3,45.27
i41,e07,c1,p04,l2,0.00
i41,e07,c1,p04,l3,18.03
i41,e07,c1,p05,l2,0.00
i41,e07,c1,p05,l3,25.56
i41,e07,c1,p06,l2,0.00
i41,e07,c1,p06,l3,4.20
i41,e07,c1,p07,l2,0.00
i41,e07,c1,p07,l3,15.19
i41,e07,c1,p08,l2,0.00
i41,e07,c1,p08,l3,12.25
i41,e07,c1,p09,l2,0.00
i41,e07,c1,p09,l3,6.73
i41,e07,c1,p10,l2,0.00
i41,e07,c1,p10,l3,96.27
i41,e07,c1,p11,l2,0.00
i41,e07,c1,p11,l3,40.39
i41,e07,c1,p12,l2,0.00
i41,e07,c1,p12,l3,26.14
i41,e07,c1,p13,l2,0.00
i41,e07,c1,p13,l3,13.02
i41,e07,c1,p14,l2,0.00
i41,e07,c1,p14,l3,4.13
i41,e07,c1,p15,l2,0.00
i41,e07,c1,p15,l3,38.23
i41,e07,c1,p16,l2,0.00
i41,e07,c1,p16,l3,3.08
i41,e07,c1,p17,l2,0.00
i41,e07,c1,p17,l3,27.01
i41,e07,c1,p18,l2,0.00
i41,e07,c1,p18,l3,18.30
i41,e07,c1,p19,l2,0.00
i41,e07,c1,p19,l3,75.06
i41,e07,c1,p20,l2,0.00
i41,e07,c1,p20,l3,10.08
i41,e07,c1,p21,l2,0.00
i41,e07,c1,p21,l3,17.14
i41,e07,c1,p22,l2,0.00
i41,e07,c1,p22,l3,12.29
i41,e07,c1,p23,l2,0.00
i41,e07,c1,p23,l3,4.15
i41,e07,c1,p24,l2,0.00
i41,e07,c1,p24,l3,7.41
i41,e07,c1,p25,l2,0.00
i41,e07,c1,p25,l3,0.00
i41,e07,c1,p26,l2,0.00
i41,e07,c1,p26,l3,12.12
i41,e07,c1,p27,l3,0.00
i41,e07,c1,p28,l2,0.00
i41,e07,c1,p28,l3,13.55
i41,e07,c1,p29,l2,0.00
i41,e07,c1,p29,l3,5.10
i41,e07,c1,p30,l3,0.00
i41,e07,c1,p31,l2,0.00
i41,e07,c1,p31,l3,1.30
i41,e07,c1,p32,l2,0.00
i41,e07,c1,p32,l3,23.05
i41,e07,c1,p33,l3,0.00
i41,e07,c1,p34,l3,0.00
i41,e07,c1,p35,l2,0.00
i41,e07,c1,p35,l3,99.79
i41,e07,c4,p01,l3,0.00
i41,e07,c4,p02,l3,0.00
i41,e07,c4,p04,l3,0.00
i41,e07,c4,p05,l3,0.00
i41,e07,c4,p10,l3,0.00
i41,e07,c4,p15,l3,0.00
i41,e07,c4,p16,l3,0.00
i41,e07,c4,p19,l2,0.00
i41,e07,c4,p19,l3,0.00
i41,e07,c4,p21,l3,0.00
i41,e07,c4,p22,l3,0.00
i41,e07,c4,p35,l3,0.00
i41,e07,c7,p35,l3,0.00
i41,e08,c1,p01,l2,0.00
i41,e08,c1,p01,l3,1.49
i41,e08,c1,p02,l2,0.00
i41,e08,c1,p02,l3,0.00
i41,e08,c1,p03,l2,0.00
i41,e08,c1,p03,l3,5.50
i41,e08,c1,p04,l2,0.00
i41,e08,c1,p04,l3,7.03
i41,e08,c1,p05,l2,0.00
i41,e08,c1,p05,l3,1.09
i41,e08,c1,p06,l2,0.00
i41,e08,c1,p06,l3,0.00
i41,e08,c1,p07,l2,0.00
i41,e08,c1,p07,l3,0.00
i41,e08,c1,p08,l2,0.00
i41,e08,c1,p08,l3,3.35
i41,e08,c1,p09,l2,0.00
i41,e08,c1,p09,l3,0.00
i41,e08,c1,p10,l2,0.00
i41,e08,c1,p10,l3,15.27
i41,e08,c1,p11,l2,0.00
i41,e08,c1,p11,l3,8.55
i41,e08,c1,p12,l2,0.00
i41,e08,c1,p12,l3,26.05
i41,e08,c1,p13,l2,0.00
i41,e08,c1,p13,l3,4.27
i41,e08,c1,p14,l2,0.00
i41,e08,c1,p14,l3,0.00
i41,e08,c1,p15,l2,0.00
i41,e08,c1,p15,l3,4.30
i41,e08,c1,p16,l2,0.00
i41,e08,c1,p16,l3,0.00
i41,e08,c1,p17,l2,0.00
i41,e08,c1,p17,l3,22.21
i41,e08,c1,p18,l2,0.00
i41,e08,c1,p18,l3,0.00
i41,e08,c1,p19,l2,0.00
i41,e08,c1,p19,l3,3.58
i41,e08,c1,p20,l2,0.00
i41,e08,c1,p20,l3,0.00
i41,e08,c1,p21,l2,0.00
i41,e08,c1,p21,l3,11.77
i41,e08,c1,p22,l2,0.00
i41,e08,c1,p22,l3,4.26
i41,e08,c1,p23,l2,0.00
i41,e08,c1,p23,l3,3.83
i41,e08,c1,p24,l2,0.00
i41,e08,c1,p24,l3,1.31
i41,e08,c1,p25,l2,0.00
i41,e08,c1,p25,l3,4.14
i41,e08,c1,p26,l2,0.00
i41,e08,c1,p26,l3,10.83
i41,e08,c1,p28,l2,0.00
i41,e08,c1,p28,l3,0.00
i41,e08,c1,p29,l2,0.00
i41,e08,c1,p29,l3,1.84
i41,e08,c1,p30,l2,0.00
i41,e08,c1,p30,l3,0.00
i41,e08,c1,p31,l2,0.00
i41,e08,c1,p31,l3,0.00
i41,e08,c1,p32,l2,0.00
i41,e08,c1,p32,l3,2.67
i41,e08,c1,p33,l3,0.00
i41,e08,c1,p34,l3,0.00
i41,e08,c1,p35,l2,0.00
i41,e08,c1,p35,l3,35.45
i41,e08,c4,p01,l3,0.00
i41,e08,c4,p02,l3,0.00
i41,e08,c4,p04,l3,0.00
i41,e08,c4,p07,l3,0.00
i41,e08,c4,p10,l3,0.00
i41,e08,c4,p19,l3,0.00
i41,e08,c4,p21,l2,0.00
i41,e08,c4,p21,l3,0.00
i41,e08,c4,p22,l3,0.00
i41,e08,c4,p23,l2,0.00
i41,e08,c4,p23,l3,0.00
i41,e08,c4,p28,l3,0.00
i41,e08,c4,p35,l2,0.00
i41,e08,c4,p35,l3,0.00
i41,e08,c7,p35,l3,0.00
i41,e09,c1,p01,l2,0.00
i41,e09,c1,p01,l3,4.25
i41,e09,c1,p02,l2,0.00
i41,e09,c1,p02,l3,6.40
i41,e09,c1,p03,l2,0.00
i41,e09,c1,p03,l3,1.11
i41,e09,c1,p04,l2,0.00
i41,e09,c1,p04,l3,4.21
i41,e09,c1,p05,l2,0.00
i41,e09,c1,p05,l3,0.00
i41,e09,c1,p06,l2,0.00
i41,e09,c1,p06,l3,0.00
i41,e09,c1,p07,l2,0.00
i41,e09,c1,p07,l3,0.00
i41,e09,c1,p08,l2,0.00
i41,e09,c1,p08,l3,3.05
i41,e09,c1,p09,l2,0.00
i41,e09,c1,p09,l3,0.00
i41,e09,c1,p10,l2,0.00
i41,e09,c1,p10,l3,18.82
i41,e09,c1,p11,l2,0.00
i41,e09,c1,p11,l3,5.10
i41,e09,c1,p12,l2,0.00
i41,e09,c1,p12,l3,0.00
i41,e09,c1,p13,l2,0.00
i41,e09,c1,p13,l3,1.44
i41,e09,c1,p14,l2,0.00
i41,e09,c1,p14,l3,3.28
i41,e09,c1,p15,l2,0.00
i41,e09,c1,p15,l3,5.24
i41,e09,c1,p16,l2,0.00
i41,e09,c1,p16,l3,0.00
i41,e09,c1,p17,l2,0.00
i41,e09,c1,p17,l3,1.44
i41,e09,c1,p18,l2,0.00
i41,e09,c1,p18,l3,0.00
i41,e09,c1,p19,l2,0.00
i41,e09,c1,p19,l3,18.51
i41,e09,c1,p20,l2,0.00
i41,e09,c1,p20,l3,5.01
i41,e09,c1,p21,l2,0.00
i41,e09,c1,p21,l3,3.56
i41,e09,c1,p22,l2,0.00
i41,e09,c1,p22,l3,0.00
i41,e09,c1,p23,l2,0.00
i41,e09,c1,p23,l3,4.37
i41,e09,c1,p24,l2,0.00
i41,e09,c1,p24,l3,3.30
i41,e09,c1,p25,l2,0.00
i41,e09,c1,p25,l3,0.00
i41,e09,c1,p26,l2,0.00
i41,e09,c1,p26,l3,0.00
i41,e09,c1,p27,l3,0.00
i41,e09,c1,p28,l2,0.00
i41,e09,c1,p28,l3,1.70
i41,e09,c1,p29,l2,0.00
i41,e09,c1,p29,l3,1.18
i41,e09,c1,p30,l2,0.00
i41,e09,c1,p30,l3,0.00
i41,e09,c1,p31,l2,0.00
i41,e09,c1,p31,l3,0.00
i41,e09,c1,p32,l2,0.00
i41,e09,c1,p32,l3,0.00
i41,e09,c1,p33,l2,0.00
i41,e09,c1,p33,l3,0.00
i41,e09,c1,p34,l3,0.00
i41,e09,c1,p35,l2,0.00
i41,e09,c1,p35,l3,9.00
i41,e09,c4,p01,l3,0.00
i41,e09,c4,p02,l2,0.00
i41,e09,c4,p02,l3,0.00
i41,e09,c4,p03,l3,0.00
i41,e09,c4,p04,l3,0.00
i41,e09,c4,p07,l3,0.00
i41,e09,c4,p10,l3,0.00
i41,e09,c4,p15,l3,0.00
i41,e09,c4,p16,l3,0.00
i41,e09,c4,p19,l2,0.00
i41,e09,c4,p19,l3,0.00
i41,e09,c4,p21,l3,0.00
i41,e09,c4,p22,l3,0.00
i41,e09,c4,p23,l3,0.00
i41,e09,c4,p28,l3,0.00
i41,e09,c4,p35,l2,0.00
i41,e09,c4,p35,l3,0.00
i41,e09,c7,p35,l3,0.00
i41,e11,c1,p01,l2,0.00
i41,e11,c1,p01,l3,0.00
i41,e11,c1,p02,l2,0.00
i41,e11,c1,p02,l3,0.00
i41,e11,c1,p03,l2,0.00
i41,e11,c1,p03,l3,0.00
i41,e11,c1,p04,l2,0.00
i41,e11,c1,p04,l3,0.00
i41,e11,c1,p05,l2,0.00
i41,e11,c1,p05,l3,0.00
i41,e11,c1,p06,l2,0.00
i41,e11,c1,p06,l3,0.00
i41,e11,c1,p07,l2,0.00
i41,e11,c1,p07,l3,0.00
i41,e11,c1,p08,l2,0.00
i41,e11,c1,p08,l3,0.00
i41,e11,c1,p09,l2,0.00
i41,e11,c1,p09,l3,0.00
i41,e11,c1,p10,l2,0.00
i41,e11,c1,p10,l3,1.15
i41,e11,c1,p11,l2,0.00
i41,e11,c1,p11,l3,0.00
i41,e11,c1,p12,l2,0.00
i41,e11,c1,p12,l3,0.00
i41,e11,c1,p13,l2,0.00
i41,e11,c1,p13,l3,0.00
i41,e11,c1,p14,l2,0.00
i41,e11,c1,p14,l3,0.00
i41,e11,c1,p15,l2,0.00
i41,e11,c1,p15,l3,0.00
i41,e11,c1,p16,l2,0.00
i41,e11,c1,p16,l3,0.00
i41,e11,c1,p17,l2,0.00
i41,e11,c1,p17,l3,0.00
i41,e11,c1,p18,l2,0.00
i41,e11,c1,p18,l3,0.00
i41,e11,c1,p19,l2,0.00
i41,e11,c1,p19,l3,0.00
i41,e11,c1,p20,l2,0.00
i41,e11,c1,p20,l3,0.00
i41,e11,c1,p21,l2,0.00
i41,e11,c1,p21,l3,0.00
i41,e11,c1,p22,l2,0.00
i41,e11,c1,p22,l3,0.00
i41,e11,c1,p23,l2,0.00
i41,e11,c1,p23,l3,0.00
i41,e11,c1,p24,l2,0.00
i41,e11,c1,p24,l3,0.00
i41,e11,c1,p25,l2,0.00
i41,e11,c1,p25,l3,0.00
i41,e11,c1,p26,l2,0.00
i41,e11,c1,p26,l3,0.00
i41,e11,c1,p27,l3,0.00
i41,e11,c1,p28,l2,0.00
i41,e11,c1,p28,l3,0.00
i41,e11,c1,p29,l2,0.00
i41,e11,c1,p29,l3,0.00
i41,e11,c1,p30,l3,0.00
i41,e11,c1,p31,l2,0.00
i41,e11,c1,p31,l3,0.00
i41,e11,c1,p32,l2,0.00
i41,e11,c1,p32,l3,0.00
i41,e11,c1,p33,l2,0.00
i41,e11,c1,p33,l3,0.00
i41,e11,c1,p35,l2,0.00
i41,e11,c1,p35,l3,0.00
i41,e11,c4,p01,l3,0.00
i41,e11,c4,p02,l2,0.00
i41,e11,c4,p02,l3,0.00
i41,e11,c4,p10,l2,0.00
i41,e11,c4,p10,l3,0.00
i41,e11,c4,p19,l2,0.00
i41,e11,c4,p19,l3,0.00
i41,e11,c4,p21,l3,0.00
i41,e11,c4,p23,l3,0.00
i41,e11,c4,p35,l2,0.00
i41,e11,c4,p35,l3,0.00
i41,e11,c7,p35,l3,0.00
i41,e12,c1,p01,l3,0.00
i41,e12,c1,p02,l3,0.00
i41,e12,c1,p03,l3,0.00
i41,e12,c1,p04,l3,0.00
i41,e12,c1,p05,l3,0.00
i41,e12,c1,p06,l3,0.00
i41,e12,c1,p07,l3,0.00
i41,e12,c1,p08,l3,0.00
i41,e12,c1,p09,l3,0.00
i41,e12,c1,p10,l3,0.00
i41,e12,c1,p11,l3,0.00
i41,e12,c1,p12,l3,0.00
i41,e12,c1,p13,l3,0.00
i41,e12,c1,p14,l3,0.00
i41,e12,c1,p15,l3,0.00
i41,e12,c1,p16,l3,0.00
i41,e12,c1,p17,l3,0.00
i41,e12,c1,p18,l3,0.00
i41,e12,c1,p19,l3,0.00
i41,e12,c1,p20,l3,0.00
i41,e12,c1,p21,l3,0.00
i41,e12,c1,p22,l3,0.00
i41,e12,c1,p23,l3,0.00
i41,e12,c1,p24,l3,0.00
i41,e12,c1,p25,l3,0.00
i41,e12,c1,p26,l3,0.00
i41,e12,c1,p28,l3,0.00
i41,e12,c1,p29,l3,0.00
i41,e12,c1,p31,l3,0.00
i41,e12,c1,p32,l3,0.00
i41,e12,c1,p35,l3,1.22
i41,e12,c4,p01,l3,0.00
i41,e12,c4,p10,l3,0.00
i41,e12,c4,p16,l3,0.00
i41,e12,c4,p35,l3,0.00
i41,e13,c1,p01,l3,2.54
i41,e13,c1,p02,l3,3.53
i41,e13,c1,p03,l3,4.01
i41,e13,c1,p04,l3,2.78
i41,e13,c1,p05,l3,1.13
i41,e13,c1,p06,l3,0.00
i41,e13,c1,p07,l3,2.33
i41,e13,c1,p08,l3,0.00
i41,e13,c1,p09,l3,0.00
i41,e13,c1,p10,l3,8.48
i41,e13,c1,p11,l3,5.63
i41,e13,c1,p12,l3,9.35
i41,e13,c1,p13,l3,0.00
i41,e13,c1,p14,l3,0.00
i41,e13,c1,p15,l3,1.43
i41,e13,c1,p16,l3,0.00
i41,e13,c1,p17,l3,1.96
i41,e13,c1,p18,l3,1.22
i41,e13,c1,p19,l3,12.12
i41,e13,c1,p20,l3,1.09
i41,e13,c1,p21,l3,0.00
i41,e13,c1,p22,l3,0.00
i41,e13,c1,p23,l3,0.00
i41,e13,c1,p24,l3,3.53
i41,e13,c1,p25,l3,0.00
i41,e13,c1,p26,l3,0.00
i41,e13,c1,p28,l3,3.55
i41,e13,c1,p29,l3,1.14
i41,e13,c1,p30,l3,0.00
i41,e13,c1,p31,l3,0.00
i41,e13,c1,p32,l3,0.00
i41,e13,c1,p33,l3,0.00
i41,e13,c1,p34,l3,0.00
i41,e13,c1,p35,l3,1.47
i41,e13,c4,p01,l3,0.00
i41,e13,c4,p02,l3,0.00
i41,e13,c4,p19,l3,0.00
i41,e13,c4,p35,l3,0.00
i41,e13,c7,p35,l3,0.00
i42,e01,c3,p01,l3,0.00
i42,e01,c3,p04,l3,0.00
i42,e01,c3,p11,l3,0.00
i42,e01,c3,p19,l3,0.00
i42,e01,c5,p01,l3,0.00
i42,e01,c5,p02,l3,0.00
i42,e01,c5,p03,l3,0.00
i42,e01,c5,p04,l3,0.00
i42,e01,c5,p05,l3,0.00
i42,e01,c5,p06,l3,0.00
i42,e01,c5,p07,l3,0.00
i42,e01,c5,p08,l3,0.00
i42,e01,c5,p09,l3,0.00
i42,e01,c5,p10,l3,0.00
i42,e01,c5,p11,l3,0.00
i42,e01,c5,p13,l3,0.00
i42,e01,c5,p14,l3,0.00
i42,e01,c5,p15,l3,0.00
i42,e01,c5,p16,l3,0.00
i42,e01,c5,p17,l3,0.00
i42,e01,c5,p18,l3,0.00
i42,e01,c5,p19,l3,0.00
i42,e01,c5,p20,l3,0.00
i42,e01,c5,p21,l3,0.00
i42,e01,c5,p23,l3,0.00
i42,e01,c5,p24,l3,0.00
i42,e01,c5,p25,l3,0.00
i42,e01,c5,p26,l3,0.00
i42,e01,c5,p28,l3,0.00
i42,e01,c5,p29,l3,0.00
i42,e01,c5,p31,l3,0.00
i42,e01,c5,p32,l3,0.00
i42,e01,c5,p35,l3,0.00
i42,e02,c3,p01,l1,0.00
i42,e02,c3,p01,l3,0.00
i42,e02,c3,p02,l1,0.00
i42,e02,c3,p02,l3,0.00
i42,e02,c3,p03,l1,0.00
i42,e02,c3,p03,l3,0.00
i42,e02,c3,p04,l1,0.00
i42,e02,c3,p04,l3,0.00
i42,e02,c3,p05,l1,0.00
i42,e02,c3,p05,l3,0.00
i42,e02,c3,p06,l1,0.00
i42,e02,c3,p06,l3,0.00
i42,e02,c3,p07,l1,0.00
i42,e02,c3,p07,l3,0.00
i42,e02,c3,p08,l1,0.00
i42,e02,c3,p08,l3,0.00
i42,e02,c3,p09,l1,0.00
i42,e02,c3,p09,l3,0.00
i42,e02,c3,p10,l1,0.00
i42,e02,c3,p10,l3,0.00
i42,e02,c3,p11,l1,0.00
i42,e02,c3,p11,l3,0.00
i42,e02,c3,p12,l1,0.00
i42,e02,c3,p12,l3,0.00
i42,e02,c3,p13,l1,0.00
i42,e02,c3,p13,l3,0.00
i42,e02,c3,p14,l1,0.00
i42,e02,c3,p14,l3,0.00
i42,e02,c3,p15,l1,0.00
i42,e02,c3,p15,l3,1.11
i42,e02,c3,p16,l1,0.00
i42,e02,c3,p16,l3,0.00
i42,e02,c3,p17,l1,0.00
i42,e02,c3,p17,l3,0.00
i42,e02,c3,p18,l1,0.00
i42,e02,c3,p18,l3,0.00
i42,e02,c3,p19,l1,0.00
i42,e02,c3,p19,l3,0.00
i42,e02,c3,p20,l1,0.00
i42,e02,c3,p20,l3,0.00
i42,e02,c3,p21,l1,0.00
i42,e02,c3,p21,l3,0.00
i42,e02,c3,p22,l1,0.00
i42,e02,c3,p22,l3,0.00
i42,e02,c3,p23,l1,0.00
i42,e02,c3,p23,l3,0.00
i42,e02,c3,p24,l1,0.00
i42,e02,c3,p24,l3,0.00
i42,e02,c3,p25,l1,0.00
i42,e02,c3,p25,l3,0.00
i42,e02,c3,p26,l1,0.00
i42,e02,c3,p26,l3,0.00
i42,e02,c3,p27,l3,0.00
i42,e02,c3,p28,l1,0.00
i42,e02,c3,p28,l3,0.00
i42,e02,c3,p29,l1,0.00
i42,e02,c3,p29,l3,0.00
i42,e02,c3,p30,l1,0.00
i42,e02,c3,p30,l3,0.00
i42,e02,c3,p31,l1,0.00
i42,e02,c3,p31,l3,0.00
i42,e02,c3,p32,l1,0.00
i42,e02,c3,p32,l3,0.00
i42,e02,c3,p33,l1,0.00
i42,e02,c3,p33,l3,0.00
i42,e02,c3,p35,l1,0.00
i42,e02,c3,p35,l3,0.00
i42,e02,c5,p01,l1,0.00
i42,e02,c5,p01,l3,0.00
i42,e02,c5,p02,l1,0.00
i42,e02,c5,p02,l3,0.00
i42,e02,c5,p03,l1,0.00
i42,e02,c5,p03,l3,0.00
i42,e02,c5,p04,l1,0.00
i42,e02,c5,p04,l3,1.16
i42,e02,c5,p05,l1,0.00
i42,e02,c5,p05,l3,0.00
i42,e02,c5,p06,l1,0.00
i42,e02,c5,p06,l3,0.00
i42,e02,c5,p07,l1,0.00
i42,e02,c5,p07,l3,0.00
i42,e02,c5,p08,l1,0.00
i42,e02,c5,p08,l3,0.00
i42,e02,c5,p09,l1,0.00
i42,e02,c5,p09,l3,0.00
i42,e02,c5,p10,l1,0.00
i42,e02,c5,p10,l3,0.00
i42,e02,c5,p11,l1,0.00
i42,e02,c5,p11,l3,0.00
i42,e02,c5,p12,l1,0.00
i42,e02,c5,p12,l3,0.00
i42,e02,c5,p13,l1,0.00
i42,e02,c5,p13,l3,1.36
i42,e02,c5,p14,l1,0.00
i42,e02,c5,p14,l3,0.00
i42,e02,c5,p15,l1,0.00
i42,e02,c5,p15,l3,0.00
i42,e02,c5,p16,l1,0.00
i42,e02,c5,p16,l3,0.00
i42,e02,c5,p17,l1,0.00
i42,e02,c5,p17,l3,1.57
i42,e02,c5,p18,l1,0.00
i42,e02,c5,p18,l3,0.00
i42,e02,c5,p19,l1,0.00
i42,e02,c5,p19,l3,1.23
i42,e02,c5,p20,l1,0.00
i42,e02,c5,p20,l3,0.00
i42,e02,c5,p21,l1,0.00
i42,e02,c5,p21,l3,0.00
i42,e02,c5,p22,l1,0.00
i42,e02,c5,p22,l3,0.00
i42,e02,c5,p23,l1,0.00
i42,e02,c5,p23,l3,1.15
i42,e02,c5,p24,l1,0.00
i42,e02,c5,p24,l3,2.06
i42,e02,c5,p25,l1,0.00
i42,e02,c5,p25,l3,0.00
i42,e02,c5,p26,l1,0.00
i42,e02,c5,p26,l3,0.00
i42,e02,c5,p27,l1,0.00
i42,e02,c5,p27,l3,0.00
i42,e02,c5,p28,l1,0.00
i42,e02,c5,p28,l3,0.00
i42,e02,c5,p29,l1,0.00
i42,e02,c5,p29,l3,0.00
i42,e02,c5,p30,l1,0.00
i42,e02,c5,p30,l3,0.00
i42,e02,c5,p31,l1,0.00
i42,e02,c5,p31,l3,0.00
i42,e02,c5,p32,l1,0.00
i42,e02,c5,p32,l3,0.00
i42,e02,c5,p33,l1,0.00
i42,e02,c5,p33,l3,0.00
i42,e02,c5,p35,l1,0.00
i42,e02,c5,p35,l3,0.00
i42,e04,c3,p01,l1,0.00
i42,e04,c3,p09,l3,0.00
i42,e04,c3,p11,l3,0.00
i42,e04,c3,p14,l3,0.00
i42,e04,c3,p15,l3,0.00
i42,e04,c3,p16,l3,0.00
i42,e04,c3,p17,l1,0.00
i42,e04,c3,p19,l3,0.00
i42,e04,c3,p21,l3,0.00
i42,e04,c5,p01,l1,0.00
i42,e04,c5,p01,l3,0.00
i42,e04,c5,p02,l3,0.00
i42,e04,c5,p03,l3,0.00
i42,e04,c5,p04,l1,0.00
i42,e04,c5,p04,l3,0.00
i42,e04,c5,p05,l3,0.00
i42,e04,c5,p06,l1,0.00
i42,e04,c5,p06,l3,0.00
i42,e04,c5,p07,l3,0.00
i42,e04,c5,p08,l3,0.00
i42,e04,c5,p09,l1,0.00
i42,e04,c5,p09,l3,0.00
i42,e04,c5,p10,l1,0.00
i42,e04,c5,p10,l3,0.00
i42,e04,c5,p11,l3,0.00
i42,e04,c5,p12,l3,0.00
i42,e04,c5,p13,l3,0.00
i42,e04,c5,p14,l3,0.00
i42,e04,c5,p15,l1,0.00
i42,e04,c5,p15,l3,0.00
i42,e04,c5,p16,l1,0.00
i42,e04,c5,p16,l3,0.00
i42,e04,c5,p17,l3,0.00
i42,e04,c5,p18,l1,0.00
i42,e04,c5,p18,l3,0.00
i42,e04,c5,p19,l1,0.00
i42,e04,c5,p19,l3,0.00
i42,e04,c5,p20,l3,0.00
i42,e04,c5,p21,l1,0.00
i42,e04,c5,p21,l3,0.00
i42,e04,c5,p22,l3,0.00
i42,e04,c5,p23,l3,0.00
i42,e04,c5,p24,l3,0.00
i42,e04,c5,p25,l3,0.00
i42,e04,c5,p26,l1,0.00
i42,e04,c5,p26,l3,0.00
i42,e04,c5,p28,l1,0.00
i42,e04,c5,p28,l3,0.00
i42,e04,c5,p29,l1,0.00
i42,e04,c5,p29,l3,0.00
i42,e04,c5,p31,l1,0.00
i42,e04,c5,p31,l3,0.00
i42,e04,c5,p32,l3,0.00
i42,e04,c5,p35,l1,0.00
i42,e04,c5,p35,l3,0.00
i42,e05,c3,p01,l1,0.00
i42,e05,c3,p01,l3,0.00
i42,e05,c3,p02,l1,0.00
i42,e05,c3,p02,l3,14.54
i42,e05,c3,p03,l1,0.00
i42,e05,c3,p03,l3,0.00
i42,e05,c3,p04,l1,0.00
i42,e05,c3,p04,l3,0.00
i42,e05,c3,p05,l1,0.00
i42,e05,c3,p05,l3,0.00
i42,e05,c3,p06,l1,0.00
i42,e05,c3,p06,l3,0.00
i42,e05,c3,p07,l1,0.00
i42,e05,c3,p07,l3,0.00
i42,e05,c3,p08,l1,0.00
i42,e05,c3,p08,l3,0.00
i42,e05,c3,p09,l1,0.00
i42,e05,c3,p09,l3,0.00
i42,e05,c3,p10,l1,0.00
i42,e05,c3,p10,l3,4.70
i42,e05,c3,p11,l1,0.00
i42,e05,c3,p11,l3,15.47
i42,e05,c3,p12,l1,0.00
i42,e05,c3,p12,l3,2.98
i42,e05,c3,p13,l1,0.00
i42,e05,c3,p13,l3,0.00
i42,e05,c3,p14,l1,0.00
i42,e05,c3,p14,l3,0.00
i42,e05,c3,p15,l1,0.00
i42,e05,c3,p15,l3,24.17
i42,e05,c3,p16,l1,0.00
i42,e05,c3,p16,l3,0.00
i42,e05,c3,p17,l1,0.00
i42,e05,c3,p17,l3,0.00
i42,e05,c3,p18,l1,0.00
i42,e05,c3,p18,l3,17.25
i42,e05,c3,p19,l1,0.00
i42,e05,c3,p19,l3,4.57
i42,e05,c3,p20,l1,0.00
i42,e05,c3,p20,l3,0.00
i42,e05,c3,p21,l1,0.00
i42,e05,c3,p21,l3,0.00
i42,e05,c3,p22,l1,0.00
i42,e05,c3,p22,l3,26.82
i42,e05,c3,p23,l1,0.00
i42,e05,c3,p23,l3,0.00
i42,e05,c3,p24,l1,0.00
i42,e05,c3,p24,l3,0.00
i42,e05,c3,p25,l1,0.00
i42,e05,c3,p25,l3,0.00
i42,e05,c3,p26,l1,0.00
i42,e05,c3,p26,l3,0.00
i42,e05,c3,p27,l1,0.00
i42,e05,c3,p27,l3,0.00
i42,e05,c3,p28,l1,0.00
i42,e05,c3,p28,l3,0.00
i42,e05,c3,p29,l1,0.00
i42,e05,c3,p29,l3,29.01
i42,e05,c3,p30,l1,0.00
i42,e05,c3,p30,l3,0.00
i42,e05,c3,p31,l1,0.00
i42,e05,c3,p31,l3,0.00
i42,e05,c3,p32,l1,0.00
i42,e05,c3,p32,l3,17.40
i42,e05,c3,p33,l1,0.00
i42,e05,c3,p33,l3,0.00
i42,e05,c3,p35,l1,0.00
i42,e05,c3,p35,l3,47.54
i42,e05,c5,p01,l1,0.00
i42,e05,c5,p01,l3,0.00
i42,e05,c5,p02,l1,0.00
i42,e05,c5,p02,l3,0.00
i42,e05,c5,p03,l1,0.00
i42,e05,c5,p03,l3,5.21
i42,e05,c5,p04,l1,0.00
i42,e05,c5,p04,l3,0.00
i42,e05,c5,p05,l1,0.00
i42,e05,c5,p05,l3,2.83
i42,e05,c5,p06,l1,0.00
i42,e05,c5,p06,l3,0.00
i42,e05,c5,p07,l1,0.00
i42,e05,c5,p07,l3,1.22
i42,e05,c5,p08,l1,0.00
i42,e05,c5,p08,l3,0.00
i42,e05,c5,p09,l1,0.00
i42,e05,c5,p09,l3,0.00
i42,e05,c5,p10,l1,0.00
i42,e05,c5,p10,l3,2.82
i42,e05,c5,p11,l1,0.00
i42,e05,c5,p11,l3,1.58
i42,e05,c5,p12,l1,0.00
i42,e05,c5,p12,l3,6.06
i42,e05,c5,p13,l1,0.00
i42,e05,c5,p13,l3,1.28
i42,e05,c5,p14,l1,0.00
i42,e05,c5,p14,l3,4.26
i42,e05,c5,p15,l1,0.00
i42,e05,c5,p15,l3,1.24
i42,e05,c5,p16,l1,0.00
i42,e05,c5,p16,l3,4.84
i42,e05,c5,p17,l1,0.00
i42,e05,c5,p17,l3,2.34
i42,e05,c5,p18,l1,0.00
i42,e05,c5,p18,l3,3.45
i42,e05,c5,p19,l1,0.00
i42,e05,c5,p19,l3,7.43
i42,e05,c5,p20,l1,0.00
i42,e05,c5,p20,l3,0.00
i42,e05,c5,p21,l1,0.00
i42,e05,c5,p21,l3,0.00
i42,e05,c5,p22,l1,0.00
i42,e05,c5,p22,l3,2.22
i42,e05,c5,p23,l1,0.00
i42,e05,c5,p23,l3,2.11
i42,e05,c5,p24,l1,0.00
i42,e05,c5,p24,l3,2.12
i42,e05,c5,p25,l1,0.00
i42,e05,c5,p25,l3,0.00
i42,e05,c5,p26,l1,0.00
i42,e05,c5,p26,l3,0.00
i42,e05,c5,p27,l1,0.00
i42,e05,c5,p27,l3,0.00
i42,e05,c5,p28,l1,0.00
i42,e05,c5,p28,l3,0.00
i42,e05,c5,p29,l1,0.00
i42,e05,c5,p29,l3,1.62
i42,e05,c5,p30,l1,0.00
i42,e05,c5,p30,l3,0.00
i42,e05,c5,p31,l1,0.00
i42,e05,c5,p31,l3,0.00
i42,e05,c5,p32,l1,0.00
i42,e05,c5,p32,l3,2.39
i42,e05,c5,p33,l1,0.00
i42,e05,c5,p33,l3,0.00
i42,e05,c5,p35,l1,0.00
i42,e05,c5,p35,l3,4.28
i42,e05,c8,p10,l3,0.00
i42,e05,c8,p11,l3,0.00
i42,e05,c8,p15,l3,0.00
i42,e05,c8,p21,l3,0.00
i42,e05,c8,p22,l3,0.00
i42,e05,c8,p32,l3,0.00
i42,e05,c8,p35,l3,0.00
i42,e07,c5,p07,l2,0.00
i42,e07,c5,p07,l3,0.00
i42,e07,c5,p18,l2,0.00
i42,e08,c3,p09,l3,0.00
i42,e08,c3,p19,l3,0.00
i42,e08,c5,p01,l2,0.00
i42,e08,c5,p01,l3,0.00
i42,e08,c5,p02,l3,0.00
i42,e08,c5,p03,l2,0.00
i42,e08,c5,p03,l3,0.00
i42,e08,c5,p04,l2,0.00
i42,e08,c5,p04,l3,0.00
i42,e08,c5,p05,l2,0.00
i42,e08,c5,p05,l3,0.00
i42,e08,c5,p06,l3,0.00
i42,e08,c5,p07,l2,0.00
i42,e08,c5,p07,l3,0.00
i42,e08,c5,p08,l3,0.00
i42,e08,c5,p09,l3,0.00
i42,e08,c5,p10,l2,0.00
i42,e08,c5,p10,l3,0.00
i42,e08,c5,p11,l2,0.00
i42,e08,c5,p11,l3,0.00
i42,e08,c5,p12,l3,0.00
i42,e08,c5,p13,l2,0.00
i42,e08,c5,p13,l3,0.00
i42,e08,c5,p14,l2,0.00
i42,e08,c5,p14,l3,0.00
i42,e08,c5,p15,l3,0.00
i42,e08,c5,p16,l2,0.00
i42,e08,c5,p16,l3,0.00
i42,e08,c5,p17,l3,0.00
i42,e08,c5,p18,l3,0.00
i42,e08,c5,p19,l2,0.00
i42,e08,c5,p19,l3,0.00
i42,e08,c5,p20,l3,0.00
i42,e08,c5,p21,l2,0.00
i42,e08,c5,p21,l3,0.00
i42,e08,c5,p22,l3,0.00
i42,e08,c5,p23,l2,0.00
i42,e08,c5,p23,l3,0.00
i42,e08,c5,p24,l3,0.00
i42,e08,c5,p25,l3,0.00
i42,e08,c5,p26,l3,0.00
i42,e08,c5,p28,l2,0.00
i42,e08,c5,p28,l3,0.00
i42,e08,c5,p29,l3,0.00
i42,e08,c5,p31,l3,0.00
i42,e08,c5,p32,l3,0.00
i42,e08,c5,p35,l2,0.00
i42,e08,c5,p35,l3,0.00
i42,e09,c3,p01,l2,0.00
i42,e09,c3,p03,l3,0.00
i42,e09,c3,p04,l2,0.00
i42,e09,c3,p15,l2,0.00
i42,e09,c3,p15,l3,0.00
i42,e09,c3,p21,l3,0.00
i42,e09,c3,p29,l3,0.00
i42,e09,c3,p35,l3,0.00
i42,e09,c5,p01,l3,0.00
i42,e09,c5,p02,l3,0.00
i42,e09,c5,p04,l2,0.00
i42,e09,c5,p04,l3,0.00
i42,e09,c5,p05,l3,0.00
i42,e09,c5,p06,l2,0.00
i42,e09,c5,p06,l3,0.00
i42,e09,c5,p07,l3,0.00
i42,e09,c5,p08,l3,0.00
i42,e09,c5,p09,l2,0.00
i42,e09,c5,p10,l3,0.00
i42,e09,c5,p11,l3,0.00
i42,e09,c5,p12,l3,0.00
i42,e09,c5,p13,l3,0.00
i42,e09,c5,p14,l3,0.00
i42,e09,c5,p15,l2,0.00
i42,e09,c5,p15,l3,0.00
i42,e09,c5,p16,l2,0.00
i42,e09,c5,p16,l3,0.00
i42,e09,c5,p17,l3,0.00
i42,e09,c5,p18,l2,0.00
i42,e09,c5,p18,l3,0.00
i42,e09,c5,p19,l2,0.00
i42,e09,c5,p19,l3,0.00
i42,e09,c5,p20,l2,0.00
i42,e09,c5,p20,l3,0.00
i42,e09,c5,p21,l2,0.00
i42,e09,c5,p21,l3,0.00
i42,e09,c5,p22,l3,0.00
i42,e09,c5,p23,l3,0.00
i42,e09,c5,p24,l3,0.00
i42,e09,c5,p25,l3,0.00
i42,e09,c5,p26,l2,0.00
i42,e09,c5,p28,l2,0.00
i42,e09,c5,p29,l2,0.00
i42,e09,c5,p29,l3,0.00
i42,e09,c5,p31,l3,0.00
i42,e09,c5,p32,l3,0.00
i42,e09,c5,p35,l3,0.00
i42,e12,c3,p01,l3,0.00
i42,e12,c3,p02,l3,0.00
i42,e12,c3,p03,l3,0.00
i42,e12,c3,p04,l3,0.00
i42,e12,c3,p05,l3,0.00
i42,e12,c3,p06,l3,0.00
i42,e12,c3,p07,l3,0.00
i42,e12,c3,p08,l3,0.00
i42,e12,c3,p09,l3,0.00
i42,e12,c3,p10,l3,0.00
i42,e12,c3,p11,l3,0.00
i42,e12,c3,p12,l3,0.00
i42,e12,c3,p13,l3,0.00
i42,e12,c3,p14,l3,0.00
i42,e12,c3,p15,l3,0.00
i42,e12,c3,p16,l3,0.00
i42,e12,c3,p17,l3,0.00
i42,e12,c3,p18,l3,0.00
i42,e12,c3,p19,l3,0.00
i42,e12,c3,p20,l3,0.00
i42,e12,c3,p21,l3,0.00
i42,e12,c3,p22,l3,0.00
i42,e12,c3,p23,l3,0.00
i42,e12,c3,p24,l3,0.00
i42,e12,c3,p25,l3,0.00
i42,e12,c3,p26,l3,0.00
i42,e12,c3,p28,l3,0.00
i42,e12,c3,p29,l3,0.00
i42,e12,c3,p30,l3,0.00
i42,e12,c3,p31,l3,0.00
i42,e12,c3,p32,l3,0.00
i42,e12,c3,p33,l3,0.00
i42,e12,c3,p35,l3,0.00
i42,e12,c5,p01,l3,0.00
i42,e12,c5,p02,l3,0.00
i42,e12,c5,p03,l3,0.00
i42,e12,c5,p04,l3,0.00
i42,e12,c5,p05,l3,0.00
i42,e12,c5,p06,l3,0.00
i42,e12,c5,p07,l3,0.00
i42,e12,c5,p08,l3,0.00
i42,e12,c5,p09,l3,0.00
i42,e12,c5,p10,l3,0.00
i42,e12,c5,p11,l3,0.00
i42,e12,c5,p12,l3,0.00
i42,e12,c5,p13,l3,0.00
i42,e12,c5,p14,l3,0.00
i42,e12,c5,p15,l3,0.00
i42,e12,c5,p16,l3,0.00
i42,e12,c5,p17,l3,0.00
i42,e12,c5,p18,l3,0.00
i42,e12,c5,p19,l3,0.00
i42,e12,c5,p20,l3,0.00
i42,e12,c5,p21,l3,0.00
i42,e12,c5,p22,l3,0.00
i42,e12,c5,p23,l3,0.00
i42,e12,c5,p24,l3,0.00
i42,e12,c5,p25,l3,0.00
i42,e12,c5,p26,l3,0.00
i42,e12,c5,p28,l3,0.00
i42,e12,c5,p29,l3,0.00
i42,e12,c5,p30,l3,0.00
i42,e12,c5,p31,l3,0.00
i42,e12,c5,p32,l3,0.00
i42,e12,c5,p33,l3,0.00
i42,e12,c5,p35,l3,0.00
i42,e12,c8,p35,l3,0.00
i43,e01,c1,p01,l3,3.70
i43,e01,c1,p02,l3,0.00
i43,e01,c1,p03,l3,0.00
i43,e01,c1,p04,l3,0.00
i43,e01,c1,p05,l3,6.24
i43,e01,c1,p06,l3,0.00
i43,e01,c1,p07,l3,0.00
i43,e01,c1,p08,l3,0.00
i43,e01,c1,p09,l3,6.32
i43,e01,c1,p10,l3,22.59
i43,e01,c1,p11,l3,0.00
i43,e01,c1,p12,l3,0.00
i43,e01,c1,p13,l3,1.36
i43,e01,c1,p14,l3,0.00
i43,e01,c1,p15,l3,0.00
i43,e01,c1,p16,l3,0.00
i43,e01,c1,p17,l3,0.00
i43,e01,c1,p18,l3,5.80
i43,e01,c1,p19,l3,0.00
i43,e01,c1,p20,l3,2.06
i43,e01,c1,p21,l3,0.00
i43,e01,c1,p22,l3,0.00
i43,e01,c1,p23,l3,2.75
i43,e01,c1,p24,l3,1.37
i43,e01,c1,p25,l3,0.00
i43,e01,c1,p26,l3,0.00
i43,e01,c1,p27,l3,0.00
i43,e01,c1,p28,l3,0.00
i43,e01,c1,p29,l3,1.53
i43,e01,c1,p30,l3,0.00
i43,e01,c1,p31,l3,0.00
i43,e01,c1,p32,l3,0.00
i43,e01,c1,p33,l3,0.00
i43,e01,c1,p34,l3,0.00
i43,e01,c1,p35,l3,9.45
i43,e01,c4,p01,l3,0.00
i43,e01,c4,p02,l3,0.00
i43,e01,c4,p03,l3,0.00
i43,e01,c4,p04,l3,0.00
i43,e01,c4,p05,l3,0.00
i43,e01,c4,p06,l3,0.00
i43,e01,c4,p07,l3,0.00
i43,e01,c4,p08,l3,0.00
i43,e01,c4,p09,l3,0.00
i43,e01,c4,p10,l3,0.00
i43,e01,c4,p11,l3,0.00
i43,e01,c4,p12,l3,0.00
i43,e01,c4,p13,l3,0.00
i43,e01,c4,p14,l3,0.00
i43,e01,c4,p15,l3,0.00
i43,e01,c4,p16,l3,0.00
i43,e01,c4,p17,l3,0.00
i43,e01,c4,p18,l3,0.00
i43,e01,c4,p19,l3,0.00
i43,e01,c4,p20,l3,0.00
i43,e01,c4,p21,l3,0.00
i43,e01,c4,p22,l3,0.00
i43,e01,c4,p23,l3,0.00
i43,e01,c4,p24,l3,0.00
i43,e01,c4,p25,l3,0.00
i43,e01,c4,p26,l3,0.00
i43,e01,c4,p28,l3,0.00
i43,e01,c4,p29,l3,0.00
i43,e01,c4,p31,l3,0.00
i43,e01,c4,p32,l3,0.00
i43,e01,c4,p35,l3,0.00
i43,e01,c7,p01,l3,0.00
i43,e01,c7,p03,l3,0.00
i43,e01,c7,p07,l3,0.00
i43,e01,c7,p12,l3,0.00
i43,e01,c7,p13,l3,0.00
i43,e01,c7,p17,l3,0.00
i43,e01,c7,p19,l3,0.00
i43,e01,c7,p35,l3,0.00
i43,e03,c1,p01,l3,0.00
i43,e03,c1,p02,l3,4.43
i43,e03,c1,p03,l3,3.07
i43,e03,c1,p04,l3,0.00
i43,e03,c1,p05,l3,1.05
i43,e03,c1,p06,l3,0.00
i43,e03,c1,p07,l3,1.41
i43,e03,c1,p08,l3,0.00
i43,e03,c1,p09,l3,1.70
i43,e03,c1,p10,l3,3.46
i43,e03,c1,p11,l3,0.00
i43,e03,c1,p12,l3,1.21
i43,e03,c1,p13,l3,0.00
i43,e03,c1,p14,l3,0.00
i43,e03,c1,p15,l3,2.41
i43,e03,c1,p16,l3,0.00
i43,e03,c1,p17,l3,0.00
i43,e03,c1,p18,l3,0.00
i43,e03,c1,p19,l3,0.00
i43,e03,c1,p20,l3,0.00
i43,e03,c1,p21,l3,0.00
i43,e03,c1,p22,l3,0.00
i43,e03,c1,p23,l3,0.00
i43,e03,c1,p24,l3,0.00
i43,e03,c1,p25,l3,0.00
i43,e03,c1,p26,l3,0.00
i43,e03,c1,p28,l3,0.00
i43,e03,c1,p29,l3,0.00
i43,e03,c1,p30,l3,0.00
i43,e03,c1,p31,l3,0.00
i43,e03,c1,p32,l3,0.00
i43,e03,c1,p35,l3,5.37
i43,e03,c4,p01,l3,0.00
i43,e03,c4,p02,l3,0.00
i43,e03,c4,p03,l3,0.00
i43,e03,c4,p04,l3,0.00
i43,e03,c4,p05,l3,0.00
i43,e03,c4,p06,l3,0.00
i43,e03,c4,p07,l3,0.00
i43,e03,c4,p08,l3,0.00
i43,e03,c4,p09,l3,0.00
i43,e03,c4,p10,l3,0.00
i43,e03,c4,p11,l3,0.00
i43,e03,c4,p12,l3,0.00
i43,e03,c4,p13,l3,0.00
i43,e03,c4,p14,l3,0.00
i43,e03,c4,p15,l3,0.00
i43,e03,c4,p16,l3,0.00
i43,e03,c4,p17,l3,0.00
i43,e03,c4,p18,l3,0.00
i43,e03,c4,p19,l3,0.00
i43,e03,c4,p21,l3,0.00
i43,e03,c4,p23,l3,0.00
i43,e03,c4,p24,l3,0.00
i43,e03,c4,p25,l3,0.00
i43,e03,c4,p28,l3,0.00
i43,e03,c4,p29,l3,0.00
i43,e03,c4,p32,l3,0.00
i43,e03,c4,p35,l3,0.00
i43,e03,c7,p13,l3,0.00
i43,e03,c7,p17,l3,0.00
i43,e04,c1,p01,l1,0.00
i43,e04,c1,p01,l3,2.23
i43,e04,c1,p02,l1,0.00
i43,e04,c1,p02,l3,0.00
i43,e04,c1,p03,l1,0.00
i43,e04,c1,p03,l3,0.00
i43,e04,c1,p04,l1,0.00
i43,e04,c1,p04,l3,1.11
i43,e04,c1,p05,l1,0.00
i43,e04,c1,p05,l3,1.63
i43,e04,c1,p06,l1,0.00
i43,e04,c1,p06,l3,0.00
i43,e04,c1,p07,l1,0.00
i43,e04,c1,p07,l3,0.00
i43,e04,c1,p08,l1,0.00
i43,e04,c1,p08,l3,0.00
i43,e04,c1,p09,l1,0.00
i43,e04,c1,p09,l3,1.65
i43,e04,c1,p10,l1,0.00
i43,e04,c1,p10,l3,7.01
i43,e04,c1,p11,l1,0.00
i43,e04,c1,p11,l3,0.00
i43,e04,c1,p12,l1,0.00
i43,e04,c1,p12,l3,3.15
i43,e04,c1,p13,l1,0.00
i43,e04,c1,p13,l3,1.68
i43,e04,c1,p14,l1,0.00
i43,e04,c1,p14,l3,0.00
i43,e04,c1,p15,l1,0.00
i43,e04,c1,p15,l3,3.40
i43,e04,c1,p16,l1,0.00
i43,e04,c1,p16,l3,0.00
i43,e04,c1,p17,l1,0.00
i43,e04,c1,p17,l3,0.00
i43,e04,c1,p18,l1,0.00
i43,e04,c1,p18,l3,0.00
i43,e04,c1,p19,l1,0.00
i43,e04,c1,p19,l3,0.00
i43,e04,c1,p20,l1,0.00
i43,e04,c1,p20,l3,0.00
i43,e04,c1,p21,l1,0.00
i43,e04,c1,p21,l3,6.45
i43,e04,c1,p22,l1,0.00
i43,e04,c1,p22,l3,0.00
i43,e04,c1,p23,l1,0.00
i43,e04,c1,p23,l3,0.00
i43,e04,c1,p24,l1,0.00
i43,e04,c1,p24,l3,8.48
i43,e04,c1,p25,l1,0.00
i43,e04,c1,p25,l3,0.00
i43,e04,c1,p26,l1,0.00
i43,e04,c1,p26,l3,0.00
i43,e04,c1,p27,l3,0.00
i43,e04,c1,p28,l1,0.00
i43,e04,c1,p28,l3,0.00
i43,e04,c1,p29,l1,0.00
i43,e04,c1,p29,l3,0.00
i43,e04,c1,p30,l1,0.00
i43,e04,c1,p30,l3,0.00
i43,e04,c1,p31,l1,0.00
i43,e04,c1,p31,l3,0.00
i43,e04,c1,p32,l1,0.00
i43,e04,c1,p32,l3,0.00
i43,e04,c1,p33,l1,0.00
i43,e04,c1,p33,l3,0.00
i43,e04,c1,p34,l3,0.00
i43,e04,c1,p35,l1,0.00
i43,e04,c1,p35,l3,13.41
i43,e04,c4,p01,l1,0.00
i43,e04,c4,p01,l3,0.00
i43,e04,c4,p02,l3,0.00
i43,e04,c4,p03,l1,0.00
i43,e04,c4,p03,l3,0.00
i43,e04,c4,p04,l1,0.00
i43,e04,c4,p04,l3,0.00
i43,e04,c4,p05,l1,0.00
i43,e04,c4,p05,l3,0.00
i43,e04,c4,p06,l1,0.00
i43,e04,c4,p06,l3,0.00
i43,e04,c4,p07,l1,0.00
i43,e04,c4,p07,l3,0.00
i43,e04,c4,p08,l3,0.00
i43,e04,c4,p09,l1,0.00
i43,e04,c4,p09,l3,0.00
i43,e04,c4,p10,l1,0.00
i43,e04,c4,p10,l3,0.00
i43,e04,c4,p11,l1,0.00
i43,e04,c4,p11,l3,0.00
i43,e04,c4,p12,l1,0.00
i43,e04,c4,p12,l3,0.00
i43,e04,c4,p13,l3,0.00
i43,e04,c4,p14,l3,0.00
i43,e04,c4,p15,l3,0.00
i43,e04,c4,p16,l3,0.00
i43,e04,c4,p17,l3,0.00
i43,e04,c4,p18,l3,0.00
i43,e04,c4,p19,l1,0.00
i43,e04,c4,p19,l3,0.00
i43,e04,c4,p20,l3,0.00
i43,e04,c4,p21,l3,0.00
i43,e04,c4,p22,l3,0.00
i43,e04,c4,p23,l3,0.00
i43,e04,c4,p24,l3,0.00
i43,e04,c4,p25,l3,0.00
i43,e04,c4,p26,l1,0.00
i43,e04,c4,p28,l3,0.00
i43,e04,c4,p29,l1,0.00
i43,e04,c4,p29,l3,0.00
i43,e04,c4,p31,l3,0.00
i43,e04,c4,p32,l3,0.00
i43,e04,c4,p35,l1,0.00
i43,e04,c4,p35,l3,0.00
i43,e04,c7,p03,l1,0.00
i43,e04,c7,p06,l3,0.00
i43,e04,c7,p07,l3,0.00
i43,e04,c7,p12,l3,0.00
i43,e04,c7,p13,l3,0.00
i43,e04,c7,p17,l3,0.00
i43,e04,c7,p19,l3,0.00
i43,e04,c7,p35,l3,0.00
i43,e05,c1,p01,l1,0.00
i43,e05,c1,p01,l3,1.65
i43,e05,c1,p02,l1,0.00
i43,e05,c1,p02,l3,0.00
i43,e05,c1,p03,l1,0.00
i43,e05,c1,p03,l3,0.00
i43,e05,c1,p04,l1,0.00
i43,e05,c1,p04,l3,0.00
i43,e05,c1,p05,l1,0.00
i43,e05,c1,p05,l3,0.00
i43,e05,c1,p06,l1,0.00
i43,e05,c1,p06,l3,0.00
i43,e05,c1,p07,l1,0.00
i43,e05,c1,p07,l3,0.00
i43,e05,c1,p08,l1,0.00
i43,e05,c1,p08,l3,0.00
i43,e05,c1,p09,l1,0.00
i43,e05,c1,p09,l3,0.00
i43,e05,c1,p10,l1,0.00
i43,e05,c1,p10,l3,0.00
i43,e05,c1,p11,l1,0.00
i43,e05,c1,p11,l3,0.00
i43,e05,c1,p12,l1,0.00
i43,e05,c1,p12,l3,0.00
i43,e05,c1,p13,l1,0.00
i43,e05,c1,p13,l3,0.00
i43,e05,c1,p14,l1,0.00
i43,e05,c1,p14,l3,0.00
i43,e05,c1,p15,l1,0.00
i43,e05,c1,p15,l3,0.00
i43,e05,c1,p16,l1,0.00
i43,e05,c1,p16,l3,0.00
i43,e05,c1,p17,l1,0.00
i43,e05,c1,p17,l3,0.00
i43,e05,c1,p18,l1,0.00
i43,e05,c1,p18,l3,0.00
i43,e05,c1,p19,l1,0.00
i43,e05,c1,p19,l3,0.00
i43,e05,c1,p20,l1,0.00
i43,e05,c1,p20,l3,0.00
i43,e05,c1,p21,l1,0.00
i43,e05,c1,p21,l3,0.00
i43,e05,c1,p22,l1,0.00
i43,e05,c1,p22,l3,0.00
i43,e05,c1,p23,l1,0.00
i43,e05,c1,p23,l3,0.00
i43,e05,c1,p24,l1,0.00
i43,e05,c1,p24,l3,0.00
i43,e05,c1,p25,l1,0.00
i43,e05,c1,p25,l3,0.00
i43,e05,c1,p26,l1,0.00
i43,e05,c1,p26,l3,0.00
i43,e05,c1,p28,l1,0.00
i43,e05,c1,p28,l3,0.00
i43,e05,c1,p29,l1,0.00
i43,e05,c1,p29,l3,0.00
i43,e05,c1,p30,l1,0.00
i43,e05,c1,p31,l1,0.00
i43,e05,c1,p31,l3,0.00
i43,e05,c1,p32,l1,0.00
i43,e05,c1,p32,l3,0.00
i43,e05,c1,p35,l1,0.00
i43,e05,c1,p35,l3,0.00
i43,e05,c4,p03,l3,0.00
i43,e05,c4,p04,l3,0.00
i43,e05,c4,p05,l3,0.00
i43,e05,c4,p06,l1,0.00
i43,e05,c4,p07,l3,0.00
i43,e05,c4,p11,l3,0.00
i43,e05,c4,p12,l1,0.00
i43,e05,c4,p17,l3,0.00
i43,e05,c4,p23,l3,0.00
i43,e05,c4,p24,l3,0.00
i43,e05,c4,p29,l1,0.00
i43,e05,c4,p35,l1,0.00
i43,e05,c4,p35,l3,0.00
i43,e06,c1,p01,l3,0.00
i43,e06,c1,p10,l3,0.00
i43,e07,c1,p01,l2,0.00
i43,e07,c1,p01,l3,0.00
i43,e07,c1,p02,l2,0.00
i43,e07,c1,p02,l3,0.00
i43,e07,c1,p03,l2,0.00
i43,e07,c1,p03,l3,0.00
i43,e07,c1,p04,l2,0.00
i43,e07,c1,p04,l3,0.00
i43,e07,c1,p05,l2,0.00
i43,e07,c1,p05,l3,0.00
i43,e07,c1,p06,l2,0.00
i43,e07,c1,p06,l3,0.00
i43,e07,c1,p07,l2,0.00
i43,e07,c1,p07,l3,0.00
i43,e07,c1,p08,l2,0.00
i43,e07,c1,p08,l3,0.00
i43,e07,c1,p09,l2,0.00
i43,e07,c1,p09,l3,0.00
i43,e07,c1,p10,l2,0.00
i43,e07,c1,p10,l3,0.00
i43,e07,c1,p11,l2,0.00
i43,e07,c1,p11,l3,0.00
i43,e07,c1,p12,l2,0.00
i43,e07,c1,p12,l3,0.00
i43,e07,c1,p13,l2,0.00
i43,e07,c1,p13,l3,0.00
i43,e07,c1,p14,l2,0.00
i43,e07,c1,p14,l3,0.00
i43,e07,c1,p15,l2,0.00
i43,e07,c1,p15,l3,0.00
i43,e07,c1,p16,l2,0.00
i43,e07,c1,p16,l3,3.91
i43,e07,c1,p17,l2,0.00
i43,e07,c1,p17,l3,0.00
i43,e07,c1,p18,l2,0.00
i43,e07,c1,p18,l3,1.46
i43,e07,c1,p19,l2,0.00
i43,e07,c1,p19,l3,0.00
i43,e07,c1,p20,l2,0.00
i43,e07,c1,p20,l3,0.00
i43,e07,c1,p21,l2,0.00
i43,e07,c1,p21,l3,0.00
i43,e07,c1,p22,l2,0.00
i43,e07,c1,p22,l3,0.00
i43,e07,c1,p23,l2,0.00
i43,e07,c1,p23,l3,0.00
i43,e07,c1,p24,l2,0.00
i43,e07,c1,p24,l3,0.00
i43,e07,c1,p25,l2,0.00
i43,e07,c1,p25,l3,0.00
i43,e07,c1,p26,l2,0.00
i43,e07,c1,p26,l3,0.00
i43,e07,c1,p28,l2,0.00
i43,e07,c1,p28,l3,0.00
i43,e07,c1,p29,l2,0.00
i43,e07,c1,p29,l3,0.00
i43,e07,c1,p30,l2,0.00
i43,e07,c1,p31,l2,0.00
i43,e07,c1,p31,l3,0.00
i43,e07,c1,p32,l2,0.00
i43,e07,c1,p32,l3,0.00
i43,e07,c1,p33,l2,0.00
i43,e07,c1,p33,l3,0.00
i43,e07,c1,p35,l2,0.00
i43,e07,c1,p35,l3,0.00
i43,e07,c4,p01,l2,0.00
i43,e07,c4,p01,l3,0.00
i43,e07,c4,p02,l2,0.00
i43,e07,c4,p02,l3,0.00
i43,e07,c4,p03,l2,0.00
i43,e07,c4,p03,l3,0.00
i43,e07,c4,p04,l2,0.00
i43,e07,c4,p04,l3,0.00
i43,e07,c4,p05,l2,0.00
i43,e07,c4,p05,l3,0.00
i43,e07,c4,p06,l2,0.00
i43,e07,c4,p06,l3,0.00
i43,e07,c4,p07,l2,0.00
i43,e07,c4,p07,l3,0.00
i43,e07,c4,p08,l2,0.00
i43,e07,c4,p08,l3,0.00
i43,e07,c4,p09,l2,0.00
i43,e07,c4,p09,l3,0.00
i43,e07,c4,p10,l2,0.00
i43,e07,c4,p10,l3,0.00
i43,e07,c4,p11,l2,0.00
i43,e07,c4,p11,l3,0.00
i43,e07,c4,p12,l2,0.00
i43,e07,c4,p12,l3,0.00
i43,e07,c4,p13,l2,0.00
i43,e07,c4,p13,l3,0.00
i43,e07,c4,p14,l2,0.00
i43,e07,c4,p14,l3,0.00
i43,e07,c4,p15,l2,0.00
i43,e07,c4,p17,l2,0.00
i43,e07,c4,p17,l3,0.00
i43,e07,c4,p18,l3,0.00
i43,e07,c4,p19,l2,0.00
i43,e07,c4,p19,l3,0.00
i43,e07,c4,p20,l2,0.00
i43,e07,c4,p21,l2,0.00
i43,e07,c4,p21,l3,0.00
i43,e07,c4,p24,l2,0.00
i43,e07,c4,p26,l2,0.00
i43,e07,c4,p28,l2,0.00
i43,e07,c4,p28,l3,0.00
i43,e07,c4,p29,l2,0.00
i43,e07,c4,p29,l3,0.00
i43,e07,c4,p31,l2,0.00
i43,e07,c4,p32,l2,0.00
i43,e07,c4,p35,l2,0.00
i43,e07,c4,p35,l3,0.00
i43,e07,c7,p03,l2,0.00
i43,e07,c7,p17,l2,0.00
i43,e07,c7,p17,l3,0.00
i43,e07,c7,p18,l2,0.00
i43,e08,c1,p01,l2,0.00
i43,e08,c1,p01,l3,3.22
i43,e08,c1,p02,l2,0.00
i43,e08,c1,p02,l3,0.00
i43,e08,c1,p03,l2,0.00
i43,e08,c1,p03,l3,1.19
i43,e08,c1,p04,l2,0.00
i43,e08,c1,p04,l3,2.42
i43,e08,c1,p05,l2,0.00
i43,e08,c1,p05,l3,30.05
i43,e08,c1,p06,l2,0.00
i43,e08,c1,p06,l3,0.00
i43,e08,c1,p07,l2,0.00
i43,e08,c1,p07,l3,0.00
i43,e08,c1,p08,l2,0.00
i43,e08,c1,p08,l3,0.00
i43,e08,c1,p09,l2,0.00
i43,e08,c1,p09,l3,0.00
i43,e08,c1,p10,l2,0.00
i43,e08,c1,p10,l3,5.98
i43,e08,c1,p11,l2,0.00
i43,e08,c1,p11,l3,0.00
i43,e08,c1,p12,l2,0.00
i43,e08,c1,p12,l3,0.00
i43,e08,c1,p13,l2,0.00
i43,e08,c1,p13,l3,0.00
i43,e08,c1,p14,l2,0.00
i43,e08,c1,p14,l3,0.00
i43,e08,c1,p15,l2,0.00
i43,e08,c1,p15,l3,0.00
i43,e08,c1,p16,l2,0.00
i43,e08,c1,p16,l3,0.00
i43,e08,c1,p17,l2,0.00
i43,e08,c1,p17,l3,0.00
i43,e08,c1,p18,l2,0.00
i43,e08,c1,p18,l3,0.00
i43,e08,c1,p19,l2,0.00
i43,e08,c1,p19,l3,0.00
i43,e08,c1,p20,l2,0.00
i43,e08,c1,p20,l3,0.00
i43,e08,c1,p21,l2,0.00
i43,e08,c1,p21,l3,3.21
i43,e08,c1,p22,l2,0.00
i43,e08,c1,p22,l3,0.00
i43,e08,c1,p23,l2,0.00
i43,e08,c1,p23,l3,0.00
i43,e08,c1,p24,l2,0.00
i43,e08,c1,p24,l3,4.25
i43,e08,c1,p25,l2,0.00
i43,e08,c1,p25,l3,0.00
i43,e08,c1,p26,l2,0.00
i43,e08,c1,p26,l3,0.00
i43,e08,c1,p27,l3,0.00
i43,e08,c1,p28,l2,0.00
i43,e08,c1,p28,l3,0.00
i43,e08,c1,p29,l2,0.00
i43,e08,c1,p29,l3,0.00
i43,e08,c1,p30,l3,0.00
i43,e08,c1,p31,l2,0.00
i43,e08,c1,p31,l3,0.00
i43,e08,c1,p32,l2,0.00
i43,e08,c1,p32,l3,0.00
i43,e08,c1,p33,l2,0.00
i43,e08,c1,p33,l3,0.00
i43,e08,c1,p34,l3,0.00
i43,e08,c1,p35,l2,0.00
i43,e08,c1,p35,l3,33.14
i43,e08,c4,p01,l2,0.00
i43,e08,c4,p01,l3,0.00
i43,e08,c4,p02,l2,0.00
i43,e08,c4,p02,l3,0.00
i43,e08,c4,p03,l2,0.00
i43,e08,c4,p03,l3,0.00
i43,e08,c4,p04,l2,0.00
i43,e08,c4,p04,l3,0.00
i43,e08,c4,p05,l2,0.00
i43,e08,c4,p05,l3,0.00
i43,e08,c4,p06,l2,0.00
i43,e08,c4,p06,l3,0.00
i43,e08,c4,p07,l2,0.00
i43,e08,c4,p07,l3,0.00
i43,e08,c4,p08,l3,0.00
i43,e08,c4,p09,l2,0.00
i43,e08,c4,p09,l3,0.00
i43,e08,c4,p10,l2,0.00
i43,e08,c4,p10,l3,0.00
i43,e08,c4,p11,l2,0.00
i43,e08,c4,p11,l3,0.00
i43,e08,c4,p12,l2,0.00
i43,e08,c4,p12,l3,0.00
i43,e08,c4,p13,l2,0.00
i43,e08,c4,p13,l3,0.00
i43,e08,c4,p14,l3,0.00
i43,e08,c4,p15,l2,0.00
i43,e08,c4,p15,l3,0.00
i43,e08,c4,p16,l3,0.00
i43,e08,c4,p17,l3,0.00
i43,e08,c4,p18,l3,0.00
i43,e08,c4,p19,l2,0.00
i43,e08,c4,p19,l3,0.00
i43,e08,c4,p20,l3,0.00
i43,e08,c4,p21,l3,0.00
i43,e08,c4,p22,l3,0.00
i43,e08,c4,p23,l2,0.00
i43,e08,c4,p23,l3,0.00
i43,e08,c4,p24,l3,0.00
i43,e08,c4,p25,l3,0.00
i43,e08,c4,p26,l2,0.00
i43,e08,c4,p28,l2,0.00
i43,e08,c4,p28,l3,0.00
i43,e08,c4,p29,l2,0.00
i43,e08,c4,p29,l3,0.00
i43,e08,c4,p31,l2,0.00
i43,e08,c4,p31,l3,0.00
i43,e08,c4,p32,l2,0.00
i43,e08,c4,p32,l3,0.00
i43,e08,c4,p35,l2,0.00
i43,e08,c4,p35,l3,0.00
i43,e08,c7,p01,l3,0.00
i43,e08,c7,p03,l2,0.00
i43,e08,c7,p13,l3,0.00
i43,e08,c7,p17,l3,0.00
i43,e08,c7,p19,l3,0.00
i43,e08,c7,p35,l3,0.00
i43,e09,c1,p01,l2,0.00
i43,e09,c1,p01,l3,7.25
i43,e09,c1,p02,l2,0.00
i43,e09,c1,p02,l3,0.00
i43,e09,c1,p03,l2,0.00
i43,e09,c1,p03,l3,0.00
i43,e09,c1,p04,l2,0.00
i43,e09,c1,p04,l3,0.00
i43,e09,c1,p05,l2,0.00
i43,e09,c1,p05,l3,0.00
i43,e09,c1,p06,l2,0.00
i43,e09,c1,p06,l3,1.24
i43,e09,c1,p07,l2,0.00
i43,e09,c1,p07,l3,1.43
i43,e09,c1,p08,l2,0.00
i43,e09,c1,p08,l3,0.00
i43,e09,c1,p09,l2,0.00
i43,e09,c1,p09,l3,1.09
i43,e09,c1,p10,l2,0.00
i43,e09,c1,p10,l3,13.51
i43,e09,c1,p11,l2,0.00
i43,e09,c1,p11,l3,1.11
i43,e09,c1,p12,l2,0.00
i43,e09,c1,p12,l3,0.00
i43,e09,c1,p13,l2,0.00
i43,e09,c1,p13,l3,0.00
i43,e09,c1,p14,l2,0.00
i43,e09,c1,p14,l3,0.00
i43,e09,c1,p15,l2,0.00
i43,e09,c1,p15,l3,1.54
i43,e09,c1,p16,l2,0.00
i43,e09,c1,p16,l3,0.00
i43,e09,c1,p17,l2,0.00
i43,e09,c1,p17,l3,0.00
i43,e09,c1,p18,l2,0.00
i43,e09,c1,p18,l3,0.00
i43,e09,c1,p19,l2,0.00
i43,e09,c1,p19,l3,0.00
i43,e09,c1,p20,l2,0.00
i43,e09,c1,p20,l3,1.64
i43,e09,c1,p21,l2,0.00
i43,e09,c1,p21,l3,4.65
i43,e09,c1,p22,l2,0.00
i43,e09,c1,p22,l3,0.00
i43,e09,c1,p23,l2,0.00
i43,e09,c1,p23,l3,0.00
i43,e09,c1,p24,l2,0.00
i43,e09,c1,p24,l3,3.09
i43,e09,c1,p25,l2,0.00
i43,e09,c1,p25,l3,0.00
i43,e09,c1,p26,l2,0.00
i43,e09,c1,p26,l3,0.00
i43,e09,c1,p27,l3,0.00
i43,e09,c1,p28,l2,0.00
i43,e09,c1,p28,l3,0.00
i43,e09,c1,p29,l2,0.00
i43,e09,c1,p29,l3,0.00
i43,e09,c1,p30,l2,0.00
i43,e09,c1,p30,l3,0.00
i43,e09,c1,p31,l2,0.00
i43,e09,c1,p31,l3,0.00
i43,e09,c1,p32,l2,0.00
i43,e09,c1,p32,l3,0.00
i43,e09,c1,p33,l2,0.00
i43,e09,c1,p33,l3,0.00
i43,e09,c1,p34,l3,0.00
i43,e09,c1,p35,l2,0.00
i43,e09,c1,p35,l3,5.24
i43,e09,c4,p01,l2,0.00
i43,e09,c4,p01,l3,0.00
i43,e09,c4,p02,l2,0.00
i43,e09,c4,p02,l3,0.00
i43,e09,c4,p03,l2,0.00
i43,e09,c4,p03,l3,0.00
i43,e09,c4,p04,l2,0.00
i43,e09,c4,p04,l3,0.00
i43,e09,c4,p05,l2,0.00
i43,e09,c4,p05,l3,0.00
i43,e09,c4,p06,l2,0.00
i43,e09,c4,p06,l3,0.00
i43,e09,c4,p07,l2,0.00
i43,e09,c4,p07,l3,0.00
i43,e09,c4,p08,l2,0.00
i43,e09,c4,p08,l3,0.00
i43,e09,c4,p09,l2,0.00
i43,e09,c4,p09,l3,0.00
i43,e09,c4,p10,l2,0.00
i43,e09,c4,p10,l3,0.00
i43,e09,c4,p11,l2,0.00
i43,e09,c4,p11,l3,0.00
i43,e09,c4,p12,l2,0.00
i43,e09,c4,p12,l3,0.00
i43,e09,c4,p13,l2,0.00
i43,e09,c4,p13,l3,0.00
i43,e09,c4,p14,l3,0.00
i43,e09,c4,p15,l2,0.00
i43,e09,c4,p15,l3,0.00
i43,e09,c4,p16,l3,0.00
i43,e09,c4,p17,l2,0.00
i43,e09,c4,p17,l3,0.00
i43,e09,c4,p18,l3,0.00
i43,e09,c4,p19,l2,0.00
i43,e09,c4,p19,l3,0.00
i43,e09,c4,p20,l3,0.00
i43,e09,c4,p21,l2,0.00
i43,e09,c4,p21,l3,0.00
i43,e09,c4,p22,l3,0.00
i43,e09,c4,p23,l2,0.00
i43,e09,c4,p23,l3,0.00
i43,e09,c4,p24,l2,0.00
i43,e09,c4,p24,l3,0.00
i43,e09,c4,p25,l2,0.00
i43,e09,c4,p25,l3,0.00
i43,e09,c4,p26,l2,0.00
i43,e09,c4,p26,l3,0.00
i43,e09,c4,p28,l2,0.00
i43,e09,c4,p28,l3,0.00
i43,e09,c4,p29,l2,0.00
i43,e09,c4,p29,l3,0.00
i43,e09,c4,p31,l2,0.00
i43,e09,c4,p31,l3,0.00
i43,e09,c4,p32,l3,0.00
i43,e09,c4,p35,l2,0.00
i43,e09,c4,p35,l3,0.00
i43,e09,c7,p03,l2,0.00
i43,e09,c7,p03,l3,0.00
i43,e09,c7,p06,l3,0.00
i43,e09,c7,p07,l3,0.00
i43,e09,c7,p11,l3,0.00
i43,e09,c7,p12,l3,0.00
i43,e09,c7,p13,l3,0.00
i43,e09,c7,p17,l3,0.00
i43,e09,c7,p19,l3,0.00
i43,e09,c7,p35,l3,0.00
i43,e10,c1,p01,l3,0.00
i43,e10,c1,p01,l4,0.00
i43,e10,c1,p10,l2,0.00
i43,e10,c1,p10,l3,0.00
i43,e10,c1,p10,l4,0.00
i43,e11,c1,p01,l2,0.00
i43,e11,c1,p01,l3,0.00
i43,e11,c1,p02,l2,0.00
i43,e11,c1,p02,l3,0.00
i43,e11,c1,p03,l2,0.00
i43,e11,c1,p03,l3,0.00
i43,e11,c1,p04,l2,0.00
i43,e11,c1,p04,l3,0.00
i43,e11,c1,p05,l2,0.00
i43,e11,c1,p05,l3,0.00
i43,e11,c1,p06,l2,0.00
i43,e11,c1,p06,l3,0.00
i43,e11,c1,p07,l2,0.00
i43,e11,c1,p07,l3,2.44
i43,e11,c1,p08,l2,0.00
i43,e11,c1,p08,l3,0.00
i43,e11,c1,p09,l2,0.00
i43,e11,c1,p09,l3,0.00
i43,e11,c1,p10,l2,0.00
i43,e11,c1,p10,l3,0.00
i43,e11,c1,p11,l2,0.00
i43,e11,c1,p11,l3,0.00
i43,e11,c1,p12,l2,0.00
i43,e11,c1,p12,l3,0.00
i43,e11,c1,p13,l2,0.00
i43,e11,c1,p13,l3,0.00
i43,e11,c1,p14,l2,0.00
i43,e11,c1,p14,l3,0.00
i43,e11,c1,p15,l2,0.00
i43,e11,c1,p15,l3,0.00
i43,e11,c1,p16,l2,0.00
i43,e11,c1,p16,l3,0.00
i43,e11,c1,p17,l2,0.00
i43,e11,c1,p17,l3,0.00
i43,e11,c1,p18,l2,0.00
i43,e11,c1,p18,l3,1.17
i43,e11,c1,p19,l2,0.00
i43,e11,c1,p19,l3,0.00
i43,e11,c1,p20,l2,0.00
i43,e11,c1,p20,l3,0.00
i43,e11,c1,p21,l2,0.00
i43,e11,c1,p21,l3,0.00
i43,e11,c1,p22,l2,0.00
i43,e11,c1,p22,l3,0.00
i43,e11,c1,p23,l2,0.00
i43,e11,c1,p23,l3,0.00
i43,e11,c1,p24,l2,0.00
i43,e11,c1,p24,l3,0.00
i43,e11,c1,p25,l2,0.00
i43,e11,c1,p25,l3,0.00
i43,e11,c1,p26,l2,0.00
i43,e11,c1,p26,l3,0.00
i43,e11,c1,p28,l2,0.00
i43,e11,c1,p28,l3,0.00
i43,e11,c1,p29,l2,0.00
i43,e11,c1,p29,l3,0.00
i43,e11,c1,p30,l2,0.00
i43,e11,c1,p31,l2,0.00
i43,e11,c1,p31,l3,0.00
i43,e11,c1,p32,l2,0.00
i43,e11,c1,p32,l3,0.00
i43,e11,c1,p33,l2,0.00
i43,e11,c1,p33,l3,0.00
i43,e11,c1,p35,l2,0.00
i43,e11,c1,p35,l3,0.00
i43,e11,c4,p01,l2,0.00
i43,e11,c4,p01,l3,0.00
i43,e11,c4,p02,l3,0.00
i43,e11,c4,p03,l2,0.00
i43,e11,c4,p03,l3,0.00
i43,e11,c4,p04,l2,0.00
i43,e11,c4,p05,l3,0.00
i43,e11,c4,p06,l3,0.00
i43,e11,c4,p07,l2,0.00
i43,e11,c4,p07,l3,0.00
i43,e11,c4,p08,l3,0.00
i43,e11,c4,p09,l2,0.00
i43,e11,c4,p09,l3,0.00
i43,e11,c4,p10,l2,0.00
i43,e11,c4,p10,l3,0.00
i43,e11,c4,p11,l2,0.00
i43,e11,c4,p11,l3,0.00
i43,e11,c4,p17,l3,0.00
i43,e11,c4,p18,l3,0.00
i43,e11,c4,p19,l2,0.00
i43,e11,c4,p21,l3,0.00
i43,e11,c4,p22,l3,0.00
i43,e11,c4,p24,l2,0.00
i43,e11,c4,p25,l2,0.00
i43,e11,c4,p25,l3,0.00
i43,e11,c4,p28,l3,0.00
i43,e11,c4,p31,l2,0.00
i43,e11,c4,p31,l3,0.00
i43,e11,c4,p35,l2,0.00
i43,e11,c4,p35,l3,0.00
i43,e11,c7,p17,l3,0.00
i43,e12,c1,p01,l3,0.00
i43,e12,c1,p02,l3,0.00
i43,e12,c1,p03,l3,0.00
i43,e12,c1,p04,l3,0.00
i43,e12,c1,p05,l3,0.00
i43,e12,c1,p06,l3,0.00
i43,e12,c1,p07,l3,0.00
i43,e12,c1,p08,l3,0.00
i43,e12,c1,p09,l3,0.00
i43,e12,c1,p10,l3,0.00
i43,e12,c1,p11,l3,0.00
i43,e12,c1,p12,l3,0.00
i43,e12,c1,p13,l3,0.00
i43,e12,c1,p14,l3,0.00
i43,e12,c1,p15,l3,0.00
i43,e12,c1,p16,l3,0.00
i43,e12,c1,p17,l3,0.00
i43,e12,c1,p18,l3,0.00
i43,e12,c1,p19,l3,0.00
i43,e12,c1,p20,l3,0.00
i43,e12,c1,p21,l3,0.00
i43,e12,c1,p22,l3,0.00
i43,e12,c1,p23,l3,0.00
i43,e12,c1,p24,l3,0.00
i43,e12,c1,p25,l3,0.00
i43,e12,c1,p26,l3,0.00
i43,e12,c1,p28,l3,0.00
i43,e12,c1,p29,l3,0.00
i43,e12,c1,p31,l3,0.00
i43,e12,c1,p32,l3,0.00
i43,e12,c1,p33,l3,0.00
i43,e12,c1,p35,l3,0.00
i43,e12,c4,p01,l3,0.00
i43,e12,c4,p02,l3,0.00
i43,e12,c4,p03,l3,0.00
i43,e12,c4,p04,l3,0.00
i43,e12,c4,p05,l3,0.00
i43,e12,c4,p06,l3,0.00
i43,e12,c4,p07,l3,0.00
i43,e12,c4,p08,l3,0.00
i43,e12,c4,p09,l3,0.00
i43,e12,c4,p10,l3,0.00
i43,e12,c4,p11,l3,0.00
i43,e12,c4,p12,l3,0.00
i43,e12,c4,p13,l3,0.00
i43,e12,c4,p14,l3,0.00
i43,e12,c4,p15,l3,0.00
i43,e12,c4,p17,l3,0.00
i43,e12,c4,p18,l3,0.00
i43,e12,c4,p19,l3,0.00
i43,e12,c4,p21,l3,0.00
i43,e12,c4,p24,l3,0.00
i43,e12,c4,p26,l3,0.00
i43,e12,c4,p29,l3,0.00
i43,e12,c4,p31,l3,0.00
i43,e12,c4,p32,l3,0.00
i43,e12,c4,p35,l3,0.00
i43,e12,c7,p17,l3,0.00
i43,e12,c7,p18,l3,0.00
i43,e12,c7,p21,l3,0.00
i43,e12,c7,p35,l3,0.00
i44,e01,c3,p01,l3,0.00
i44,e01,c3,p02,l3,0.00
i44,e01,c3,p03,l3,1.58
i44,e01,c3,p04,l3,0.00
i44,e01,c3,p05,l3,0.00
i44,e01,c3,p06,l3,0.00
i44,e01,c3,p07,l3,0.00
i44,e01,c3,p08,l3,0.00
i44,e01,c3,p09,l3,0.00
i44,e01,c3,p10,l3,0.00
i44,e01,c3,p11,l3,0.00
i44,e01,c3,p12,l3,0.00
i44,e01,c3,p13,l3,0.00
i44,e01,c3,p14,l3,0.00
i44,e01,c3,p15,l3,0.00
i44,e01,c3,p16,l3,0.00
i44,e01,c3,p17,l3,0.00
i44,e01,c3,p18,l3,0.00
i44,e01,c3,p19,l3,0.00
i44,e01,c3,p20,l3,0.00
i44,e01,c3,p21,l3,0.00
i44,e01,c3,p22,l3,0.00
i44,e01,c3,p23,l3,0.00
i44,e01,c3,p24,l3,0.00
i44,e01,c3,p25,l3,0.00
i44,e01,c3,p28,l3,0.00
i44,e01,c3,p29,l3,0.00
i44,e01,c3,p32,l3,0.00
i44,e01,c3,p35,l3,3.52
i44,e01,c5,p01,l3,0.00
i44,e01,c5,p10,l3,0.00
i44,e02,c3,p03,l1,0.00
i44,e02,c3,p04,l1,0.00
i44,e02,c3,p05,l1,0.00
i44,e02,c3,p06,l1,0.00
i44,e02,c3,p10,l1,0.00
i44,e02,c3,p10,l3,0.00
i44,e02,c3,p14,l1,0.00
i44,e02,c3,p15,l1,0.00
i44,e02,c3,p16,l1,0.00
i44,e02,c3,p21,l1,0.00
i44,e02,c3,p24,l1,0.00
i44,e02,c3,p28,l1,0.00
i44,e02,c3,p35,l1,0.00
i44,e02,c3,p35,l3,0.00
i44,e04,c3,p01,l1,0.00
i44,e04,c3,p01,l3,0.00
i44,e04,c3,p02,l1,0.00
i44,e04,c3,p02,l3,0.00
i44,e04,c3,p03,l1,0.00
i44,e04,c3,p03,l3,0.00
i44,e04,c3,p04,l1,0.00
i44,e04,c3,p04,l3,0.00
i44,e04,c3,p05,l1,0.00
i44,e04,c3,p05,l3,0.00
i44,e04,c3,p06,l1,0.00
i44,e04,c3,p06,l3,0.00
i44,e04,c3,p07,l1,0.00
i44,e04,c3,p07,l3,0.00
i44,e04,c3,p08,l1,0.00
i44,e04,c3,p08,l3,0.00
i44,e04,c3,p09,l1,0.00
i44,e04,c3,p09,l3,0.00
i44,e04,c3,p10,l1,0.00
i44,e04,c3,p10,l3,1.19
i44,e04,c3,p11,l1,0.00
i44,e04,c3,p11,l3,0.00
i44,e04,c3,p12,l1,0.00
i44,e04,c3,p12,l3,0.00
i44,e04,c3,p13,l1,0.00
i44,e04,c3,p13,l3,0.00
i44,e04,c3,p14,l1,0.00
i44,e04,c3,p14,l3,0.00
i44,e04,c3,p15,l1,0.00
i44,e04,c3,p15,l3,0.00
i44,e04,c3,p16,l1,0.00
i44,e04,c3,p16,l3,0.00
i44,e04,c3,p17,l1,0.00
i44,e04,c3,p17,l3,0.00
i44,e04,c3,p18,l1,0.00
i44,e04,c3,p18,l3,0.00
i44,e04,c3,p19,l1,0.00
i44,e04,c3,p19,l3,0.00
i44,e04,c3,p20,l1,0.00
i44,e04,c3,p21,l1,0.00
i44,e04,c3,p21,l3,0.00
i44,e04,c3,p22,l1,0.00
i44,e04,c3,p23,l1,0.00
i44,e04,c3,p23,l3,0.00
i44,e04,c3,p24,l1,0.00
i44,e04,c3,p24,l3,0.00
i44,e04,c3,p25,l1,0.00
i44,e04,c3,p28,l1,0.00
i44,e04,c3,p28,l3,0.00
i44,e04,c3,p29,l1,0.00
i44,e04,c3,p29,l3,0.00
i44,e04,c3,p32,l1,0.00
i44,e04,c3,p32,l3,0.00
i44,e04,c3,p35,l1,0.00
i44,e04,c3,p35,l3,6.25
i44,e04,c5,p01,l1,0.00
i44,e04,c5,p01,l3,0.00
i44,e04,c5,p06,l1,0.00
i44,e04,c5,p10,l3,0.00
i44,e04,c5,p13,l3,0.00
i44,e04,c5,p16,l1,0.00
i44,e05,c3,p10,l3,0.00
i44,e05,c3,p15,l3,0.00
i44,e05,c3,p24,l1,0.00
i44,e05,c3,p24,l3,0.00
i44,e05,c3,p35,l1,0.00
i44,e05,c3,p35,l3,0.00
i44,e05,c5,p10,l3,0.00
i44,e05,c5,p35,l3,0.00
i44,e05,c8,p24,l3,0.00
i44,e05,c8,p35,l3,0.00
i44,e08,c3,p01,l2,0.00
i44,e08,c3,p01,l3,0.00
i44,e08,c3,p02,l2,0.00
i44,e08,c3,p02,l3,0.00
i44,e08,c3,p03,l2,0.00
i44,e08,c3,p03,l3,0.00
i44,e08,c3,p04,l2,0.00
i44,e08,c3,p04,l3,0.00
i44,e08,c3,p05,l2,0.00
i44,e08,c3,p06,l2,0.00
i44,e08,c3,p06,l3,0.00
i44,e08,c3,p07,l2,0.00
i44,e08,c3,p07,l3,0.00
i44,e08,c3,p08,l2,0.00
i44,e08,c3,p08,l3,0.00
i44,e08,c3,p09,l2,0.00
i44,e08,c3,p09,l3,0.00
i44,e08,c3,p10,l2,0.00
i44,e08,c3,p10,l3,1.78
i44,e08,c3,p11,l2,0.00
i44,e08,c3,p11,l3,0.00
i44,e08,c3,p12,l2,0.00
i44,e08,c3,p12,l3,0.00
i44,e08,c3,p13,l2,0.00
i44,e08,c3,p13,l3,0.00
i44,e08,c3,p14,l2,0.00
i44,e08,c3,p14,l3,0.00
i44,e08,c3,p15,l2,0.00
i44,e08,c3,p15,l3,0.00
i44,e08,c3,p16,l2,0.00
i44,e08,c3,p16,l3,0.00
i44,e08,c3,p17,l2,0.00
i44,e08,c3,p17,l3,0.00
i44,e08,c3,p18,l2,0.00
i44,e08,c3,p18,l3,0.00
i44,e08,c3,p19,l2,0.00
i44,e08,c3,p19,l3,0.00
i44,e08,c3,p20,l2,0.00
i44,e08,c3,p21,l2,0.00
i44,e08,c3,p21,l3,0.00
i44,e08,c3,p22,l2,0.00
i44,e08,c3,p23,l2,0.00
i44,e08,c3,p23,l3,0.00
i44,e08,c3,p24,l2,0.00
i44,e08,c3,p24,l3,0.00
i44,e08,c3,p25,l2,0.00
i44,e08,c3,p28,l2,0.00
i44,e08,c3,p28,l3,0.00
i44,e08,c3,p29,l2,0.00
i44,e08,c3,p29,l3,0.00
i44,e08,c3,p32,l2,0.00
i44,e08,c3,p35,l2,0.00
i44,e08,c3,p35,l3,0.00
i44,e08,c5,p01,l2,0.00
i44,e08,c5,p10,l3,0.00
i44,e08,c5,p13,l3,0.00
i44,e08,c5,p35,l2,0.00
i44,e08,c5,p35,l3,0.00
i44,e08,c8,p10,l3,0.00
i44,e08,c8,p35,l3,0.00
i44,e09,c3,p01,l2,0.00
i44,e09,c3,p02,l2,0.00
i44,e09,c3,p02,l3,0.00
i44,e09,c3,p03,l2,0.00
i44,e09,c3,p03,l3,0.00
i44,e09,c3,p04,l2,0.00
i44,e09,c3,p04,l3,0.00
i44,e09,c3,p05,l2,0.00
i44,e09,c3,p06,l2,0.00
i44,e09,c3,p06,l3,0.00
i44,e09,c3,p07,l2,0.00
i44,e09,c3,p07,l3,0.00
i44,e09,c3,p08,l2,0.00
i44,e09,c3,p08,l3,0.00
i44,e09,c3,p09,l2,0.00
i44,e09,c3,p09,l3,0.00
i44,e09,c3,p10,l2,0.00
i44,e09,c3,p10,l3,0.00
i44,e09,c3,p11,l2,0.00
i44,e09,c3,p11,l3,0.00
i44,e09,c3,p12,l2,0.00
i44,e09,c3,p12,l3,0.00
i44,e09,c3,p13,l2,0.00
i44,e09,c3,p13,l3,0.00
i44,e09,c3,p14,l2,0.00
i44,e09,c3,p14,l3,0.00
i44,e09,c3,p15,l2,0.00
i44,e09,c3,p15,l3,0.00
i44,e09,c3,p16,l2,0.00
i44,e09,c3,p16,l3,0.00
i44,e09,c3,p17,l2,0.00
i44,e09,c3,p17,l3,0.00
i44,e09,c3,p18,l2,0.00
i44,e09,c3,p18,l3,0.00
i44,e09,c3,p19,l2,0.00
i44,e09,c3,p19,l3,0.00
i44,e09,c3,p20,l2,0.00
i44,e09,c3,p21,l2,0.00
i44,e09,c3,p21,l3,0.00
i44,e09,c3,p22,l2,0.00
i44,e09,c3,p23,l2,0.00
i44,e09,c3,p23,l3,0.00
i44,e09,c3,p24,l2,0.00
i44,e09,c3,p24,l3,0.00
i44,e09,c3,p25,l2,0.00
i44,e09,c3,p28,l2,0.00
i44,e09,c3,p28,l3,0.00
i44,e09,c3,p29,l2,0.00
i44,e09,c3,p29,l3,0.00
i44,e09,c3,p32,l2,0.00
i44,e09,c3,p32,l3,0.00
i44,e09,c3,p35,l2,0.00
i44,e09,c3,p35,l3,2.32
i44,e09,c5,p01,l2,0.00
i44,e09,c5,p01,l3,0.00
i44,e09,c5,p10,l3,0.00
i44,e09,c8,p10,l3,0.00
i44,e11,c3,p01,l2,0.00
i44,e11,c3,p02,l2,0.00
i44,e11,c3,p02,l3,0.00
i44,e11,c3,p03,l2,0.00
i44,e11,c3,p03,l3,0.00
i44,e11,c3,p04,l2,0.00
i44,e11,c3,p04,l3,0.00
i44,e11,c3,p05,l2,0.00
i44,e11,c3,p06,l2,0.00
i44,e11,c3,p06,l3,0.00
i44,e11,c3,p07,l2,0.00
i44,e11,c3,p07,l3,0.00
i44,e11,c3,p08,l2,0.00
i44,e11,c3,p08,l3,0.00
i44,e11,c3,p09,l2,0.00
i44,e11,c3,p09,l3,0.00
i44,e11,c3,p10,l2,0.00
i44,e11,c3,p10,l3,0.00
i44,e11,c3,p11,l2,0.00
i44,e11,c3,p11,l3,0.00
i44,e11,c3,p12,l2,0.00
i44,e11,c3,p12,l3,0.00
i44,e11,c3,p13,l2,0.00
i44,e11,c3,p13,l3,0.00
i44,e11,c3,p14,l2,0.00
i44,e11,c3,p15,l2,0.00
i44,e11,c3,p15,l3,0.00
i44,e11,c3,p17,l2,0.00
i44,e11,c3,p18,l2,0.00
i44,e11,c3,p18,l3,0.00
i44,e11,c3,p19,l2,0.00
i44,e11,c3,p19,l3,0.00
i44,e11,c3,p20,l2,0.00
i44,e11,c3,p21,l2,0.00
i44,e11,c3,p21,l3,0.00
i44,e11,c3,p22,l2,0.00
i44,e11,c3,p23,l2,0.00
i44,e11,c3,p23,l3,0.00
i44,e11,c3,p24,l2,0.00
i44,e11,c3,p25,l2,0.00
i44,e11,c3,p28,l2,0.00
i44,e11,c3,p29,l2,0.00
i44,e11,c3,p32,l2,0.00
i44,e11,c3,p32,l3,0.00
i44,e11,c3,p35,l2,0.00
i44,e11,c3,p35,l3,0.00
i45,e01,c1,p01,l3,0.00
i45,e01,c1,p03,l3,0.00
i45,e01,c1,p04,l3,0.00
i45,e01,c1,p05,l3,0.00
i45,e01,c1,p06,l3,0.00
i45,e01,c1,p07,l3,0.00
i45,e01,c1,p08,l3,0.00
i45,e01,c1,p09,l3,0.00
i45,e01,c1,p10,l3,0.00
i45,e01,c1,p11,l3,0.00
i45,e01,c1,p12,l3,0.00
i45,e01,c1,p13,l3,0.00
i45,e01,c1,p14,l3,0.00
i45,e01,c1,p15,l3,0.00
i45,e01,c1,p16,l3,0.00
i45,e01,c1,p17,l3,0.00
i45,e01,c1,p18,l3,0.00
i45,e01,c1,p19,l3,0.00
i45,e01,c1,p20,l3,0.00
i45,e01,c1,p21,l3,0.00
i45,e01,c1,p22,l3,0.00
i45,e01,c1,p23,l3,0.00
i45,e01,c1,p24,l3,0.00
i45,e01,c1,p25,l3,0.00
i45,e01,c1,p26,l3,0.00
i45,e01,c1,p28,l3,0.00
i45,e01,c1,p29,l3,0.00
i45,e01,c1,p30,l3,0.00
i45,e01,c1,p32,l3,0.00
i45,e01,c1,p35,l3,0.00
i45,e04,c1,p01,l1,0.00
i45,e04,c1,p01,l3,0.00
i45,e04,c1,p02,l1,0.00
i45,e04,c1,p02,l3,0.00
i45,e04,c1,p03,l1,0.00
i45,e04,c1,p03,l3,0.00
i45,e04,c1,p04,l1,0.00
i45,e04,c1,p04,l3,0.00
i45,e04,c1,p05,l1,0.00
i45,e04,c1,p05,l3,0.00
i45,e04,c1,p06,l3,0.00
i45,e04,c1,p07,l1,0.00
i45,e04,c1,p07,l3,0.00
i45,e04,c1,p08,l3,0.00
i45,e04,c1,p09,l1,0.00
i45,e04,c1,p09,l3,0.00
i45,e04,c1,p10,l1,0.00
i45,e04,c1,p10,l3,0.00
i45,e04,c1,p11,l1,0.00
i45,e04,c1,p11,l3,0.00
i45,e04,c1,p12,l1,0.00
i45,e04,c1,p12,l3,0.00
i45,e04,c1,p13,l1,0.00
i45,e04,c1,p13,l3,0.00
i45,e04,c1,p14,l1,0.00
i45,e04,c1,p14,l3,0.00
i45,e04,c1,p15,l1,0.00
i45,e04,c1,p15,l3,0.00
i45,e04,c1,p16,l1,0.00
i45,e04,c1,p16,l3,0.00
i45,e04,c1,p17,l1,0.00
i45,e04,c1,p17,l3,0.00
i45,e04,c1,p18,l1,0.00
i45,e04,c1,p18,l3,0.00
i45,e04,c1,p19,l1,0.00
i45,e04,c1,p19,l3,0.00
i45,e04,c1,p20,l3,0.00
i45,e04,c1,p21,l1,0.00
i45,e04,c1,p21,l3,0.00
i45,e04,c1,p22,l1,0.00
i45,e04,c1,p22,l3,0.00
i45,e04,c1,p23,l1,0.00
i45,e04,c1,p23,l3,0.00
i45,e04,c1,p24,l3,0.00
i45,e04,c1,p25,l1,0.00
i45,e04,c1,p25,l3,0.00
i45,e04,c1,p26,l1,0.00
i45,e04,c1,p28,l3,0.00
i45,e04,c1,p29,l1,0.00
i45,e04,c1,p29,l3,0.00
i45,e04,c1,p32,l1,0.00
i45,e04,c1,p32,l3,0.00
i45,e04,c1,p35,l1,0.00
i45,e04,c1,p35,l3,0.00
i45,e05,c1,p35,l1,0.00
i45,e05,c1,p35,l3,0.00
i45,e09,c1,p01,l2,0.00
i45,e09,c1,p01,l3,0.00
i45,e09,c1,p02,l2,0.00
i45,e09,c1,p02,l3,0.00
i45,e09,c1,p03,l2,0.00
i45,e09,c1,p03,l3,0.00
i45,e09,c1,p04,l2,0.00
i45,e09,c1,p04,l3,0.00
i45,e09,c1,p05,l2,0.00
i45,e09,c1,p05,l3,0.00
i45,e09,c1,p06,l3,0.00
i45,e09,c1,p07,l2,0.00
i45,e09,c1,p07,l3,0.00
i45,e09,c1,p08,l2,0.00
i45,e09,c1,p08,l3,0.00
i45,e09,c1,p09,l2,0.00
i45,e09,c1,p09,l3,0.00
i45,e09,c1,p10,l2,0.00
i45,e09,c1,p10,l3,0.00
i45,e09,c1,p11,l2,0.00
i45,e09,c1,p11,l3,0.00
i45,e09,c1,p12,l2,0.00
i45,e09,c1,p12,l3,0.00
i45,e09,c1,p13,l2,0.00
i45,e09,c1,p13,l3,0.00
i45,e09,c1,p14,l2,0.00
i45,e09,c1,p14,l3,0.00
i45,e09,c1,p15,l2,0.00
i45,e09,c1,p15,l3,0.00
i45,e09,c1,p16,l2,0.00
i45,e09,c1,p16,l3,0.00
i45,e09,c1,p17,l2,0.00
i45,e09,c1,p17,l3,0.00
i45,e09,c1,p18,l2,0.00
i45,e09,c1,p18,l3,0.00
i45,e09,c1,p19,l2,0.00
i45,e09,c1,p19,l3,0.00
i45,e09,c1,p20,l2,0.00
i45,e09,c1,p20,l3,0.00
i45,e09,c1,p21,l2,0.00
i45,e09,c1,p21,l3,0.00
i45,e09,c1,p22,l2,0.00
i45,e09,c1,p22,l3,0.00
i45,e09,c1,p23,l2,0.00
i45,e09,c1,p23,l3,0.00
i45,e09,c1,p24,l2,0.00
i45,e09,c1,p24,l3,0.00
i45,e09,c1,p25,l3,0.00
i45,e09,c1,p26,l2,0.00
i45,e09,c1,p28,l2,0.00
i45,e09,c1,p28,l3,0.00
i45,e09,c1,p29,l2,0.00
i45,e09,c1,p29,l3,0.00
i45,e09,c1,p30,l3,0.00
i45,e09,c1,p32,l2,0.00
i45,e09,c1,p32,l3,0.00
i45,e09,c1,p35,l2,0.00
i45,e09,c1,p35,l3,0.00
i46,e01,c1,p01,l3,0.00
i46,e01,c1,p02,l3,0.00
i46,e01,c1,p03,l3,2.09
i46,e01,c1,p04,l3,0.00
i46,e01,c1,p05,l3,0.00
i46,e01,c1,p06,l3,0.00
i46,e01,c1,p07,l3,1.44
i46,e01,c1,p08,l3,0.00
i46,e01,c1,p09,l3,0.00
i46,e01,c1,p10,l3,1.32
i46,e01,c1,p11,l3,0.00
i46,e01,c1,p12,l3,0.00
i46,e01,c1,p13,l3,0.00
i46,e01,c1,p14,l3,0.00
i46,e01,c1,p15,l3,1.76
i46,e01,c1,p16,l3,0.00
i46,e01,c1,p17,l3,0.00
i46,e01,c1,p18,l3,0.00
i46,e01,c1,p19,l3,3.18
i46,e01,c1,p20,l3,0.00
i46,e01,c1,p21,l3,1.30
i46,e01,c1,p22,l3,0.00
i46,e01,c1,p23,l3,0.00
i46,e01,c1,p24,l3,1.18
i46,e01,c1,p25,l3,0.00
i46,e01,c1,p26,l3,0.00
i46,e01,c1,p27,l3,0.00
i46,e01,c1,p28,l3,0.00
i46,e01,c1,p29,l3,1.04
i46,e01,c1,p30,l3,0.00
i46,e01,c1,p31,l3,0.00
i46,e01,c1,p32,l3,0.00
i46,e01,c1,p33,l3,0.00
i46,e01,c1,p34,l3,0.00
i46,e01,c1,p35,l3,24.39
i46,e01,c4,p01,l3,0.00
i46,e01,c4,p02,l3,0.00
i46,e01,c4,p03,l3,0.00
i46,e01,c4,p04,l3,0.00
i46,e01,c4,p05,l3,0.00
i46,e01,c4,p06,l3,0.00
i46,e01,c4,p07,l3,0.00
i46,e01,c4,p08,l3,0.00
i46,e01,c4,p09,l3,0.00
i46,e01,c4,p10,l3,0.00
i46,e01,c4,p11,l3,0.00
i46,e01,c4,p12,l3,0.00
i46,e01,c4,p13,l3,0.00
i46,e01,c4,p14,l3,0.00
i46,e01,c4,p15,l3,0.00
i46,e01,c4,p16,l3,0.00
i46,e01,c4,p17,l3,0.00
i46,e01,c4,p18,l3,0.00
i46,e01,c4,p19,l3,0.00
i46,e01,c4,p20,l3,0.00
i46,e01,c4,p21,l3,0.00
i46,e01,c4,p22,l3,0.00
i46,e01,c4,p23,l3,0.00
i46,e01,c4,p24,l3,0.00
i46,e01,c4,p25,l3,0.00
i46,e01,c4,p26,l3,0.00
i46,e01,c4,p27,l3,0.00
i46,e01,c4,p28,l3,0.00
i46,e01,c4,p29,l3,0.00
i46,e01,c4,p30,l3,0.00
i46,e01,c4,p31,l3,0.00
i46,e01,c4,p32,l3,0.00
i46,e01,c4,p33,l3,0.00
i46,e01,c4,p34,l3,0.00
i46,e01,c4,p35,l3,0.00
i46,e01,c7,p01,l3,0.00
i46,e01,c7,p02,l3,0.00
i46,e01,c7,p03,l3,0.00
i46,e01,c7,p04,l3,0.00
i46,e01,c7,p05,l3,0.00
i46,e01,c7,p10,l3,0.00
i46,e01,c7,p11,l3,0.00
i46,e01,c7,p12,l3,0.00
i46,e01,c7,p13,l3,0.00
i46,e01,c7,p14,l3,0.00
i46,e01,c7,p15,l3,0.00
i46,e01,c7,p16,l3,0.00
i46,e01,c7,p18,l3,0.00
i46,e01,c7,p19,l3,0.00
i46,e01,c7,p22,l3,0.00
i46,e01,c7,p24,l3,0.00
i46,e01,c7,p35,l3,0.00
i46,e04,c1,p01,l1,0.00
i46,e04,c1,p01,l3,4.10
i46,e04,c1,p02,l1,0.00
i46,e04,c1,p02,l3,0.00
i46,e04,c1,p03,l1,0.00
i46,e04,c1,p03,l3,0.00
i46,e04,c1,p04,l1,0.00
i46,e04,c1,p04,l3,0.00
i46,e04,c1,p05,l1,0.00
i46,e04,c1,p05,l3,0.00
i46,e04,c1,p06,l1,0.00
i46,e04,c1,p06,l3,0.00
i46,e04,c1,p07,l1,0.00
i46,e04,c1,p07,l3,0.00
i46,e04,c1,p08,l1,0.00
i46,e04,c1,p08,l3,0.00
i46,e04,c1,p09,l1,0.00
i46,e04,c1,p09,l3,0.00
i46,e04,c1,p10,l1,0.00
i46,e04,c1,p10,l3,0.00
i46,e04,c1,p11,l1,0.00
i46,e04,c1,p11,l3,0.00
i46,e04,c1,p12,l1,0.00
i46,e04,c1,p12,l3,0.00
i46,e04,c1,p13,l1,0.00
i46,e04,c1,p13,l3,0.00
i46,e04,c1,p14,l1,0.00
i46,e04,c1,p14,l3,0.00
i46,e04,c1,p15,l1,0.00
i46,e04,c1,p15,l3,0.00
i46,e04,c1,p16,l1,0.00
i46,e04,c1,p16,l3,0.00
i46,e04,c1,p17,l1,0.00
i46,e04,c1,p17,l3,0.00
i46,e04,c1,p18,l1,0.00
i46,e04,c1,p18,l3,0.00
i46,e04,c1,p19,l1,0.00
i46,e04,c1,p19,l3,5.19
i46,e04,c1,p20,l1,0.00
i46,e04,c1,p20,l3,0.00
i46,e04,c1,p21,l1,0.00
i46,e04,c1,p21,l3,0.00
i46,e04,c1,p22,l1,0.00
i46,e04,c1,p22,l3,0.00
i46,e04,c1,p23,l1,0.00
i46,e04,c1,p23,l3,0.00
i46,e04,c1,p24,l1,0.00
i46,e04,c1,p24,l3,0.00
i46,e04,c1,p25,l1,0.00
i46,e04,c1,p25,l3,0.00
i46,e04,c1,p26,l1,0.00
i46,e04,c1,p26,l3,0.00
i46,e04,c1,p27,l3,0.00
i46,e04,c1,p28,l1,0.00
i46,e04,c1,p28,l3,0.00
i46,e04,c1,p29,l1,0.00
i46,e04,c1,p29,l3,1.06
i46,e04,c1,p30,l1,0.00
i46,e04,c1,p30,l3,0.00
i46,e04,c1,p31,l1,0.00
i46,e04,c1,p31,l3,0.00
i46,e04,c1,p32,l1,0.00
i46,e04,c1,p32,l3,0.00
i46,e04,c1,p33,l1,0.00
i46,e04,c1,p33,l3,0.00
i46,e04,c1,p34,l1,0.00
i46,e04,c1,p34,l3,0.00
i46,e04,c1,p35,l1,0.00
i46,e04,c1,p35,l3,38.09
i46,e04,c4,p01,l1,0.00
i46,e04,c4,p01,l3,0.00
i46,e04,c4,p02,l1,0.00
i46,e04,c4,p02,l3,0.00
i46,e04,c4,p03,l1,0.00
i46,e04,c4,p03,l3,0.00
i46,e04,c4,p04,l1,0.00
i46,e04,c4,p04,l3,0.00
i46,e04,c4,p05,l1,0.00
i46,e04,c4,p05,l3,0.00
i46,e04,c4,p06,l1,0.00
i46,e04,c4,p06,l3,0.00
i46,e04,c4,p07,l1,0.00
i46,e04,c4,p07,l3,0.00
i46,e04,c4,p08,l1,0.00
i46,e04,c4,p08,l3,0.00
i46,e04,c4,p09,l1,0.00
i46,e04,c4,p09,l3,0.00
i46,e04,c4,p10,l1,0.00
i46,e04,c4,p10,l3,0.00
i46,e04,c4,p11,l1,0.00
i46,e04,c4,p11,l3,0.00
i46,e04,c4,p12,l1,0.00
i46,e04,c4,p12,l3,0.00
i46,e04,c4,p13,l1,0.00
i46,e04,c4,p13,l3,0.00
i46,e04,c4,p14,l1,0.00
i46,e04,c4,p14,l3,0.00
i46,e04,c4,p15,l1,0.00
i46,e04,c4,p15,l3,0.00
i46,e04,c4,p16,l1,0.00
i46,e04,c4,p16,l3,0.00
i46,e04,c4,p17,l1,0.00
i46,e04,c4,p17,l3,0.00
i46,e04,c4,p18,l1,0.00
i46,e04,c4,p18,l3,0.00
i46,e04,c4,p19,l1,0.00
i46,e04,c4,p19,l3,0.00
i46,e04,c4,p20,l1,0.00
i46,e04,c4,p20,l3,0.00
i46,e04,c4,p21,l1,0.00
i46,e04,c4,p21,l3,0.00
i46,e04,c4,p22,l1,0.00
i46,e04,c4,p22,l3,0.00
i46,e04,c4,p23,l1,0.00
i46,e04,c4,p23,l3,0.00
i46,e04,c4,p24,l1,0.00
i46,e04,c4,p24,l3,0.00
i46,e04,c4,p25,l1,0.00
i46,e04,c4,p25,l3,0.00
i46,e04,c4,p26,l1,0.00
i46,e04,c4,p26,l3,0.00
i46,e04,c4,p27,l3,0.00
i46,e04,c4,p28,l1,0.00
i46,e04,c4,p28,l3,0.00
i46,e04,c4,p29,l1,0.00
i46,e04,c4,p29,l3,0.00
i46,e04,c4,p30,l1,0.00
i46,e04,c4,p30,l3,0.00
i46,e04,c4,p31,l1,0.00
i46,e04,c4,p31,l3,0.00
i46,e04,c4,p32,l1,0.00
i46,e04,c4,p32,l3,0.00
i46,e04,c4,p33,l1,0.00
i46,e04,c4,p33,l3,0.00
i46,e04,c4,p34,l3,0.00
i46,e04,c4,p35,l1,0.00
i46,e04,c4,p35,l3,0.00
i46,e04,c7,p01,l3,0.00
i46,e04,c7,p02,l3,0.00
i46,e04,c7,p03,l3,0.00
i46,e04,c7,p04,l1,0.00
i46,e04,c7,p04,l3,0.00
i46,e04,c7,p05,l3,0.00
i46,e04,c7,p10,l3,0.00
i46,e04,c7,p11,l1,0.00
i46,e04,c7,p11,l3,0.00
i46,e04,c7,p12,l1,0.00
i46,e04,c7,p13,l3,0.00
i46,e04,c7,p14,l3,0.00
i46,e04,c7,p15,l3,0.00
i46,e04,c7,p16,l3,0.00
i46,e04,c7,p18,l3,0.00
i46,e04,c7,p19,l3,0.00
i46,e04,c7,p21,l3,0.00
i46,e04,c7,p24,l3,0.00
i46,e04,c7,p35,l1,0.00
i46,e04,c7,p35,l3,0.00
i46,e05,c1,p01,l1,0.00
i46,e05,c1,p01,l3,0.00
i46,e05,c1,p02,l1,0.00
i46,e05,c1,p02,l3,0.00
i46,e05,c1,p03,l1,0.00
i46,e05,c1,p03,l3,0.00
i46,e05,c1,p04,l1,0.00
i46,e05,c1,p04,l3,0.00
i46,e05,c1,p05,l1,0.00
i46,e05,c1,p05,l3,0.00
i46,e05,c1,p06,l1,0.00
i46,e05,c1,p06,l3,0.00
i46,e05,c1,p07,l1,0.00
i46,e05,c1,p07,l3,0.00
i46,e05,c1,p08,l1,0.00
i46,e05,c1,p08,l3,0.00
i46,e05,c1,p09,l1,0.00
i46,e05,c1,p09,l3,0.00
i46,e05,c1,p10,l1,0.00
i46,e05,c1,p10,l3,0.00
i46,e05,c1,p11,l1,0.00
i46,e05,c1,p11,l3,0.00
i46,e05,c1,p12,l1,0.00
i46,e05,c1,p12,l3,0.00
i46,e05,c1,p13,l1,0.00
i46,e05,c1,p13,l3,0.00
i46,e05,c1,p14,l1,0.00
i46,e05,c1,p14,l3,0.00
i46,e05,c1,p15,l1,0.00
i46,e05,c1,p15,l3,0.00
i46,e05,c1,p16,l1,0.00
i46,e05,c1,p16,l3,0.00
i46,e05,c1,p17,l1,0.00
i46,e05,c1,p17,l3,0.00
i46,e05,c1,p18,l1,0.00
i46,e05,c1,p18,l3,0.00
i46,e05,c1,p19,l1,0.00
i46,e05,c1,p19,l3,0.00
i46,e05,c1,p20,l1,0.00
i46,e05,c1,p20,l3,0.00
i46,e05,c1,p21,l1,0.00
i46,e05,c1,p21,l3,0.00
i46,e05,c1,p22,l1,0.00
i46,e05,c1,p22,l3,0.00
i46,e05,c1,p23,l1,0.00
i46,e05,c1,p23,l3,0.00
i46,e05,c1,p24,l1,0.00
i46,e05,c1,p24,l3,0.00
i46,e05,c1,p25,l1,0.00
i46,e05,c1,p25,l3,0.00
i46,e05,c1,p26,l1,0.00
i46,e05,c1,p26,l3,0.00
i46,e05,c1,p27,l3,0.00
i46,e05,c1,p28,l1,0.00
i46,e05,c1,p28,l3,0.00
i46,e05,c1,p29,l1,0.00
i46,e05,c1,p29,l3,0.00
i46,e05,c1,p30,l1,0.00
i46,e05,c1,p30,l3,0.00
i46,e05,c1,p31,l1,0.00
i46,e05,c1,p31,l3,0.00
i46,e05,c1,p32,l1,0.00
i46,e05,c1,p32,l3,0.00
i46,e05,c1,p33,l1,0.00
i46,e05,c1,p33,l3,0.00
i46,e05,c1,p34,l1,0.00
i46,e05,c1,p34,l3,0.00
i46,e05,c1,p35,l1,0.00
i46,e05,c1,p35,l3,1.23
i46,e05,c4,p01,l1,0.00
i46,e05,c4,p01,l3,0.00
i46,e05,c4,p02,l1,0.00
i46,e05,c4,p02,l3,0.00
i46,e05,c4,p03,l1,0.00
i46,e05,c4,p03,l3,0.00
i46,e05,c4,p04,l1,0.00
i46,e05,c4,p04,l3,0.00
i46,e05,c4,p05,l1,0.00
i46,e05,c4,p05,l3,0.00
i46,e05,c4,p06,l1,0.00
i46,e05,c4,p06,l3,0.00
i46,e05,c4,p07,l1,0.00
i46,e05,c4,p07,l3,0.00
i46,e05,c4,p08,l1,0.00
i46,e05,c4,p08,l3,0.00
i46,e05,c4,p09,l1,0.00
i46,e05,c4,p09,l3,0.00
i46,e05,c4,p10,l1,0.00
i46,e05,c4,p10,l3,0.00
i46,e05,c4,p11,l1,0.00
i46,e05,c4,p11,l3,0.00
i46,e05,c4,p12,l1,0.00
i46,e05,c4,p12,l3,0.00
i46,e05,c4,p13,l1,0.00
i46,e05,c4,p13,l3,0.00
i46,e05,c4,p14,l1,0.00
i46,e05,c4,p14,l3,0.00
i46,e05,c4,p15,l1,0.00
i46,e05,c4,p15,l3,0.00
i46,e05,c4,p16,l1,0.00
i46,e05,c4,p16,l3,0.00
i46,e05,c4,p17,l1,0.00
i46,e05,c4,p17,l3,0.00
i46,e05,c4,p18,l1,0.00
i46,e05,c4,p18,l3,0.00
i46,e05,c4,p19,l1,0.00
i46,e05,c4,p19,l3,0.00
i46,e05,c4,p20,l1,0.00
i46,e05,c4,p20,l3,0.00
i46,e05,c4,p21,l1,0.00
i46,e05,c4,p21,l3,0.00
i46,e05,c4,p22,l1,0.00
i46,e05,c4,p22,l3,0.00
i46,e05,c4,p23,l1,0.00
i46,e05,c4,p23,l3,0.00
i46,e05,c4,p24,l1,0.00
i46,e05,c4,p24,l3,0.00
i46,e05,c4,p25,l1,0.00
i46,e05,c4,p25,l3,0.00
i46,e05,c4,p26,l1,0.00
i46,e05,c4,p26,l3,0.00
i46,e05,c4,p27,l1,0.00
i46,e05,c4,p28,l1,0.00
i46,e05,c4,p28,l3,0.00
i46,e05,c4,p29,l1,0.00
i46,e05,c4,p29,l3,0.00
i46,e05,c4,p30,l1,0.00
i46,e05,c4,p30,l3,0.00
i46,e05,c4,p31,l3,0.00
i46,e05,c4,p32,l1,0.00
i46,e05,c4,p32,l3,0.00
i46,e05,c4,p33,l1,0.00
i46,e05,c4,p33,l3,0.00
i46,e05,c4,p35,l1,0.00
i46,e05,c4,p35,l3,1.30
i46,e05,c7,p03,l3,0.00
i46,e05,c7,p04,l3,0.00
i46,e05,c7,p11,l1,0.00
i46,e05,c7,p11,l3,0.00
i46,e05,c7,p13,l3,0.00
i46,e05,c7,p18,l1,0.00
i46,e05,c7,p18,l3,0.00
i46,e05,c7,p35,l1,0.00
i46,e05,c7,p35,l3,0.00
i46,e06,c1,p01,l3,0.00
i46,e06,c1,p02,l3,0.00
i46,e06,c1,p03,l3,0.00
i46,e06,c1,p04,l3,0.00
i46,e06,c1,p05,l3,0.00
i46,e06,c1,p06,l3,0.00
i46,e06,c1,p07,l3,0.00
i46,e06,c1,p08,l3,0.00
i46,e06,c1,p09,l3,0.00
i46,e06,c1,p10,l3,0.00
i46,e06,c1,p11,l3,0.00
i46,e06,c1,p12,l3,0.00
i46,e06,c1,p13,l3,0.00
i46,e06,c1,p14,l3,0.00
i46,e06,c1,p15,l3,0.00
i46,e06,c1,p16,l3,0.00
i46,e06,c1,p17,l3,0.00
i46,e06,c1,p18,l3,0.00
i46,e06,c1,p19,l3,0.00
i46,e06,c1,p20,l3,0.00
i46,e06,c1,p21,l3,0.00
i46,e06,c1,p22,l3,0.00
i46,e06,c1,p23,l3,0.00
i46,e06,c1,p24,l3,0.00
i46,e06,c1,p25,l3,0.00
i46,e06,c1,p26,l3,0.00
i46,e06,c1,p27,l3,0.00
i46,e06,c1,p28,l3,0.00
i46,e06,c1,p29,l3,0.00
i46,e06,c1,p30,l3,0.00
i46,e06,c1,p31,l3,0.00
i46,e06,c1,p32,l3,0.00
i46,e06,c1,p33,l3,0.00
i46,e06,c1,p34,l3,0.00
i46,e06,c1,p35,l3,0.00
i46,e06,c4,p01,l3,0.00
i46,e06,c4,p02,l3,0.00
i46,e06,c4,p03,l3,0.00
i46,e06,c4,p04,l3,0.00
i46,e06,c4,p05,l3,0.00
i46,e06,c4,p06,l3,0.00
i46,e06,c4,p07,l3,0.00
i46,e06,c4,p08,l3,0.00
i46,e06,c4,p09,l3,0.00
i46,e06,c4,p10,l3,0.00
i46,e06,c4,p11,l3,0.00
i46,e06,c4,p12,l3,0.00
i46,e06,c4,p13,l3,0.00
i46,e06,c4,p14,l3,0.00
i46,e06,c4,p15,l3,0.00
i46,e06,c4,p16,l3,0.00
i46,e06,c4,p17,l3,0.00
i46,e06,c4,p18,l3,0.00
i46,e06,c4,p19,l3,0.00
i46,e06,c4,p20,l3,0.00
i46,e06,c4,p21,l3,0.00
i46,e06,c4,p22,l3,0.00
i46,e06,c4,p23,l3,0.00
i46,e06,c4,p24,l3,0.00
i46,e06,c4,p25,l3,0.00
i46,e06,c4,p26,l3,0.00
i46,e06,c4,p28,l3,0.00
i46,e06,c4,p29,l3,0.00
i46,e06,c4,p30,l3,0.00
i46,e06,c4,p31,l3,0.00
i46,e06,c4,p32,l3,0.00
i46,e06,c4,p33,l3,0.00
i46,e06,c4,p34,l3,0.00
i46,e06,c4,p35,l3,1.73
i46,e06,c7,p03,l3,0.00
i46,e06,c7,p11,l3,0.00
i46,e06,c7,p13,l3,0.00
i46,e06,c7,p35,l3,0.00
i46,e07,c1,p01,l2,0.00
i46,e07,c1,p01,l3,0.00
i46,e07,c1,p02,l2,0.00
i46,e07,c1,p02,l3,0.00
i46,e07,c1,p03,l2,0.00
i46,e07,c1,p03,l3,0.00
i46,e07,c1,p04,l2,0.00
i46,e07,c1,p04,l3,0.00
i46,e07,c1,p05,l2,0.00
i46,e07,c1,p05,l3,0.00
i46,e07,c1,p06,l2,0.00
i46,e07,c1,p06,l3,0.00
i46,e07,c1,p07,l2,0.00
i46,e07,c1,p07,l3,0.00
i46,e07,c1,p08,l2,0.00
i46,e07,c1,p08,l3,0.00
i46,e07,c1,p09,l2,0.00
i46,e07,c1,p09,l3,0.00
i46,e07,c1,p10,l2,0.00
i46,e07,c1,p10,l3,0.00
i46,e07,c1,p11,l2,0.00
i46,e07,c1,p11,l3,0.00
i46,e07,c1,p12,l2,0.00
i46,e07,c1,p12,l3,0.00
i46,e07,c1,p13,l2,0.00
i46,e07,c1,p13,l3,0.00
i46,e07,c1,p14,l2,0.00
i46,e07,c1,p14,l3,0.00
i46,e07,c1,p15,l2,0.00
i46,e07,c1,p15,l3,0.00
i46,e07,c1,p16,l2,0.00
i46,e07,c1,p16,l3,0.00
i46,e07,c1,p17,l2,0.00
i46,e07,c1,p17,l3,0.00
i46,e07,c1,p18,l2,0.00
i46,e07,c1,p18,l3,0.00
i46,e07,c1,p19,l2,0.00
i46,e07,c1,p19,l3,0.00
i46,e07,c1,p20,l2,0.00
i46,e07,c1,p20,l3,0.00
i46,e07,c1,p21,l2,0.00
i46,e07,c1,p21,l3,0.00
i46,e07,c1,p22,l2,0.00
i46,e07,c1,p22,l3,0.00
i46,e07,c1,p23,l2,0.00
i46,e07,c1,p23,l3,0.00
i46,e07,c1,p24,l2,0.00
i46,e07,c1,p24,l3,0.00
i46,e07,c1,p25,l2,0.00
i46,e07,c1,p25,l3,0.00
i46,e07,c1,p26,l2,0.00
i46,e07,c1,p26,l3,0.00
i46,e07,c1,p27,l2,0.00
i46,e07,c1,p27,l3,0.00
i46,e07,c1,p28,l2,0.00
i46,e07,c1,p28,l3,0.00
i46,e07,c1,p29,l2,0.00
i46,e07,c1,p29,l3,0.00
i46,e07,c1,p30,l2,0.00
i46,e07,c1,p30,l3,0.00
i46,e07,c1,p31,l3,0.00
i46,e07,c1,p32,l2,0.00
i46,e07,c1,p32,l3,0.00
i46,e07,c1,p33,l3,0.00
i46,e07,c1,p35,l2,0.00
i46,e07,c1,p35,l3,0.00
i46,e07,c4,p01,l3,0.00
i46,e07,c4,p02,l2,0.00
i46,e07,c4,p02,l3,0.00
i46,e07,c4,p03,l2,0.00
i46,e07,c4,p03,l3,0.00
i46,e07,c4,p04,l2,0.00
i46,e07,c4,p04,l3,0.00
i46,e07,c4,p05,l2,0.00
i46,e07,c4,p05,l3,0.00
i46,e07,c4,p06,l3,0.00
i46,e07,c4,p07,l2,0.00
i46,e07,c4,p07,l3,0.00
i46,e07,c4,p08,l2,0.00
i46,e07,c4,p08,l3,0.00
i46,e07,c4,p09,l3,0.00
i46,e07,c4,p10,l2,0.00
i46,e07,c4,p10,l3,0.00
i46,e07,c4,p11,l3,0.00
i46,e07,c4,p12,l2,0.00
i46,e07,c4,p12,l3,0.00
i46,e07,c4,p13,l2,0.00
i46,e07,c4,p13,l3,0.00
i46,e07,c4,p14,l2,0.00
i46,e07,c4,p14,l3,0.00
i46,e07,c4,p15,l3,0.00
i46,e07,c4,p16,l2,0.00
i46,e07,c4,p16,l3,0.00
i46,e07,c4,p17,l3,0.00
i46,e07,c4,p18,l3,0.00
i46,e07,c4,p19,l2,0.00
i46,e07,c4,p19,l3,0.00
i46,e07,c4,p21,l2,0.00
i46,e07,c4,p21,l3,0.00
i46,e07,c4,p23,l3,0.00
i46,e07,c4,p24,l2,0.00
i46,e07,c4,p24,l3,0.00
i46,e07,c4,p28,l3,0.00
i46,e07,c4,p29,l3,0.00
i46,e07,c4,p30,l2,0.00
i46,e07,c4,p30,l3,0.00
i46,e07,c4,p31,l3,0.00
i46,e07,c4,p32,l3,0.00
i46,e07,c4,p35,l2,0.00
i46,e07,c4,p35,l3,0.00
i46,e08,c1,p01,l2,0.00
i46,e08,c1,p01,l3,16.04
i46,e08,c1,p02,l2,0.00
i46,e08,c1,p02,l3,1.25
i46,e08,c1,p03,l2,0.00
i46,e08,c1,p03,l3,1.16
i46,e08,c1,p04,l2,0.00
i46,e08,c1,p04,l3,5.23
i46,e08,c1,p05,l2,0.00
i46,e08,c1,p05,l3,0.00
i46,e08,c1,p06,l2,0.00
i46,e08,c1,p06,l3,0.00
i46,e08,c1,p07,l2,0.00
i46,e08,c1,p07,l3,0.00
i46,e08,c1,p08,l2,0.00
i46,e08,c1,p08,l3,0.00
i46,e08,c1,p09,l2,0.00
i46,e08,c1,p09,l3,0.00
i46,e08,c1,p10,l2,0.00
i46,e08,c1,p10,l3,16.30
i46,e08,c1,p11,l2,0.00
i46,e08,c1,p11,l3,3.25
i46,e08,c1,p12,l2,0.00
i46,e08,c1,p12,l3,1.20
i46,e08,c1,p13,l2,0.00
i46,e08,c1,p13,l3,4.09
i46,e08,c1,p14,l2,0.00
i46,e08,c1,p14,l3,0.00
i46,e08,c1,p15,l2,0.00
i46,e08,c1,p15,l3,2.47
i46,e08,c1,p16,l2,0.00
i46,e08,c1,p16,l3,21.04
i46,e08,c1,p17,l2,0.00
i46,e08,c1,p17,l3,0.00
i46,e08,c1,p18,l2,0.00
i46,e08,c1,p18,l3,1.12
i46,e08,c1,p19,l2,0.00
i46,e08,c1,p19,l3,10.09
i46,e08,c1,p20,l2,0.00
i46,e08,c1,p20,l3,0.00
i46,e08,c1,p21,l2,0.00
i46,e08,c1,p21,l3,13.56
i46,e08,c1,p22,l2,0.00
i46,e08,c1,p22,l3,0.00
i46,e08,c1,p23,l2,0.00
i46,e08,c1,p23,l3,0.00
i46,e08,c1,p24,l2,0.00
i46,e08,c1,p24,l3,0.00
i46,e08,c1,p25,l2,0.00
i46,e08,c1,p25,l3,0.00
i46,e08,c1,p26,l2,0.00
i46,e08,c1,p26,l3,0.00
i46,e08,c1,p27,l2,0.00
i46,e08,c1,p27,l3,0.00
i46,e08,c1,p28,l2,0.00
i46,e08,c1,p28,l3,0.00
i46,e08,c1,p29,l2,0.00
i46,e08,c1,p29,l3,5.03
i46,e08,c1,p30,l2,0.00
i46,e08,c1,p30,l3,0.00
i46,e08,c1,p31,l2,0.00
i46,e08,c1,p31,l3,0.00
i46,e08,c1,p32,l2,0.00
i46,e08,c1,p32,l3,0.00
i46,e08,c1,p33,l2,0.00
i46,e08,c1,p33,l3,0.00
i46,e08,c1,p34,l2,0.00
i46,e08,c1,p34,l3,0.00
i46,e08,c1,p35,l2,0.00
i46,e08,c1,p35,l3,1186.12
i46,e08,c4,p01,l2,0.00
i46,e08,c4,p01,l3,0.00
i46,e08,c4,p02,l2,0.00
i46,e08,c4,p02,l3,0.00
i46,e08,c4,p03,l2,0.00
i46,e08,c4,p03,l3,7.17
i46,e08,c4,p04,l2,0.00
i46,e08,c4,p04,l3,0.00
i46,e08,c4,p05,l2,0.00
i46,e08,c4,p05,l3,0.00
i46,e08,c4,p06,l2,0.00
i46,e08,c4,p06,l3,0.00
i46,e08,c4,p07,l2,0.00
i46,e08,c4,p07,l3,0.00
i46,e08,c4,p08,l2,0.00
i46,e08,c4,p08,l3,0.00
i46,e08,c4,p09,l2,0.00
i46,e08,c4,p09,l3,0.00
i46,e08,c4,p10,l2,0.00
i46,e08,c4,p10,l3,2.43
i46,e08,c4,p11,l2,0.00
i46,e08,c4,p11,l3,3.22
i46,e08,c4,p12,l2,0.00
i46,e08,c4,p12,l3,0.00
i46,e08,c4,p13,l2,0.00
i46,e08,c4,p13,l3,0.00
i46,e08,c4,p14,l2,0.00
i46,e08,c4,p14,l3,0.00
i46,e08,c4,p15,l2,0.00
i46,e08,c4,p15,l3,2.01
i46,e08,c4,p16,l2,0.00
i46,e08,c4,p16,l3,2.96
i46,e08,c4,p17,l2,0.00
i46,e08,c4,p17,l3,1.76
i46,e08,c4,p18,l2,0.00
i46,e08,c4,p18,l3,0.00
i46,e08,c4,p19,l2,0.00
i46,e08,c4,p19,l3,1.17
i46,e08,c4,p20,l2,0.00
i46,e08,c4,p20,l3,0.00
i46,e08,c4,p21,l2,0.00
i46,e08,c4,p21,l3,0.00
i46,e08,c4,p22,l2,0.00
i46,e08,c4,p22,l3,0.00
i46,e08,c4,p23,l2,0.00
i46,e08,c4,p23,l3,0.00
i46,e08,c4,p24,l2,0.00
i46,e08,c4,p24,l3,1.58
i46,e08,c4,p25,l2,0.00
i46,e08,c4,p25,l3,0.00
i46,e08,c4,p26,l2,0.00
i46,e08,c4,p26,l3,0.00
i46,e08,c4,p27,l3,0.00
i46,e08,c4,p28,l2,0.00
i46,e08,c4,p28,l3,0.00
i46,e08,c4,p29,l2,0.00
i46,e08,c4,p29,l3,0.00
i46,e08,c4,p30,l2,0.00
i46,e08,c4,p30,l3,0.00
i46,e08,c4,p31,l2,0.00
i46,e08,c4,p31,l3,0.00
i46,e08,c4,p32,l2,0.00
i46,e08,c4,p32,l3,0.00
i46,e08,c4,p33,l2,0.00
i46,e08,c4,p33,l3,0.00
i46,e08,c4,p34,l2,0.00
i46,e08,c4,p34,l3,0.00
i46,e08,c4,p35,l2,0.00
i46,e08,c4,p35,l3,214.37
i46,e08,c7,p01,l2,0.00
i46,e08,c7,p01,l3,0.00
i46,e08,c7,p02,l2,0.00
i46,e08,c7,p02,l3,0.00
i46,e08,c7,p03,l2,0.00
i46,e08,c7,p03,l3,0.00
i46,e08,c7,p04,l2,0.00
i46,e08,c7,p04,l3,0.00
i46,e08,c7,p05,l3,0.00
i46,e08,c7,p07,l2,0.00
i46,e08,c7,p07,l3,0.00
i46,e08,c7,p10,l3,0.00
i46,e08,c7,p11,l2,0.00
i46,e08,c7,p11,l3,0.00
i46,e08,c7,p12,l2,0.00
i46,e08,c7,p12,l3,0.00
i46,e08,c7,p13,l3,0.00
i46,e08,c7,p14,l3,0.00
i46,e08,c7,p15,l2,0.00
i46,e08,c7,p15,l3,0.00
i46,e08,c7,p16,l3,0.00
i46,e08,c7,p17,l3,0.00
i46,e08,c7,p18,l2,0.00
i46,e08,c7,p18,l3,0.00
i46,e08,c7,p19,l2,0.00
i46,e08,c7,p19,l3,0.00
i46,e08,c7,p21,l3,0.00
i46,e08,c7,p24,l3,0.00
i46,e08,c7,p28,l2,0.00
i46,e08,c7,p28,l3,0.00
i46,e08,c7,p29,l3,0.00
i46,e08,c7,p32,l3,0.00
i46,e08,c7,p33,l3,0.00
i46,e08,c7,p35,l2,0.00
i46,e08,c7,p35,l3,2.07
i46,e09,c1,p01,l2,0.00
i46,e09,c1,p01,l3,0.00
i46,e09,c1,p02,l2,0.00
i46,e09,c1,p02,l3,0.00
i46,e09,c1,p03,l2,0.00
i46,e09,c1,p03,l3,0.00
i46,e09,c1,p04,l2,0.00
i46,e09,c1,p04,l3,0.00
i46,e09,c1,p05,l2,0.00
i46,e09,c1,p05,l3,0.00
i46,e09,c1,p06,l2,0.00
i46,e09,c1,p06,l3,0.00
i46,e09,c1,p07,l2,0.00
i46,e09,c1,p07,l3,3.26
i46,e09,c1,p08,l2,0.00
i46,e09,c1,p08,l3,0.00
i46,e09,c1,p09,l2,0.00
i46,e09,c1,p09,l3,0.00
i46,e09,c1,p10,l2,0.00
i46,e09,c1,p10,l3,1.32
i46,e09,c1,p11,l2,0.00
i46,e09,c1,p11,l3,0.00
i46,e09,c1,p12,l2,0.00
i46,e09,c1,p12,l3,0.00
i46,e09,c1,p13,l2,0.00
i46,e09,c1,p13,l3,0.00
i46,e09,c1,p14,l2,0.00
i46,e09,c1,p14,l3,0.00
i46,e09,c1,p15,l2,0.00
i46,e09,c1,p15,l3,0.00
i46,e09,c1,p16,l2,0.00
i46,e09,c1,p16,l3,0.00
i46,e09,c1,p17,l2,0.00
i46,e09,c1,p17,l3,0.00
i46,e09,c1,p18,l2,0.00
i46,e09,c1,p18,l3,0.00
i46,e09,c1,p19,l2,0.00
i46,e09,c1,p19,l3,3.09
i46,e09,c1,p20,l2,0.00
i46,e09,c1,p20,l3,0.00
i46,e09,c1,p21,l2,0.00
i46,e09,c1,p21,l3,0.00
i46,e09,c1,p22,l2,0.00
i46,e09,c1,p22,l3,0.00
i46,e09,c1,p23,l2,0.00
i46,e09,c1,p23,l3,0.00
i46,e09,c1,p24,l2,0.00
i46,e09,c1,p24,l3,2.08
i46,e09,c1,p25,l2,0.00
i46,e09,c1,p25,l3,0.00
i46,e09,c1,p26,l2,0.00
i46,e09,c1,p26,l3,0.00
i46,e09,c1,p27,l2,0.00
i46,e09,c1,p27,l3,0.00
i46,e09,c1,p28,l2,0.00
i46,e09,c1,p28,l3,0.00
i46,e09,c1,p29,l2,0.00
i46,e09,c1,p29,l3,0.00
i46,e09,c1,p30,l2,0.00
i46,e09,c1,p30,l3,0.00
i46,e09,c1,p31,l2,0.00
i46,e09,c1,p31,l3,0.00
i46,e09,c1,p32,l2,0.00
i46,e09,c1,p32,l3,0.00
i46,e09,c1,p33,l2,0.00
i46,e09,c1,p33,l3,0.00
i46,e09,c1,p34,l2,0.00
i46,e09,c1,p34,l3,0.00
i46,e09,c1,p35,l2,0.00
i46,e09,c1,p35,l3,38.36
i46,e09,c4,p01,l2,0.00
i46,e09,c4,p01,l3,0.00
i46,e09,c4,p02,l2,0.00
i46,e09,c4,p02,l3,0.00
i46,e09,c4,p03,l2,0.00
i46,e09,c4,p03,l3,0.00
i46,e09,c4,p04,l2,0.00
i46,e09,c4,p04,l3,0.00
i46,e09,c4,p05,l2,0.00
i46,e09,c4,p05,l3,0.00
i46,e09,c4,p06,l2,0.00
i46,e09,c4,p06,l3,0.00
i46,e09,c4,p07,l2,0.00
i46,e09,c4,p07,l3,0.00
i46,e09,c4,p08,l2,0.00
i46,e09,c4,p08,l3,0.00
i46,e09,c4,p09,l2,0.00
i46,e09,c4,p09,l3,0.00
i46,e09,c4,p10,l2,0.00
i46,e09,c4,p10,l3,0.00
i46,e09,c4,p11,l2,0.00
i46,e09,c4,p11,l3,0.00
i46,e09,c4,p12,l2,0.00
i46,e09,c4,p12,l3,0.00
i46,e09,c4,p13,l2,0.00
i46,e09,c4,p13,l3,0.00
i46,e09,c4,p14,l2,0.00
i46,e09,c4,p14,l3,0.00
i46,e09,c4,p15,l2,0.00
i46,e09,c4,p15,l3,0.00
i46,e09,c4,p16,l2,0.00
i46,e09,c4,p16,l3,0.00
i46,e09,c4,p17,l2,0.00
i46,e09,c4,p17,l3,0.00
i46,e09,c4,p18,l2,0.00
i46,e09,c4,p18,l3,0.00
i46,e09,c4,p19,l2,0.00
i46,e09,c4,p19,l3,0.00
i46,e09,c4,p20,l2,0.00
i46,e09,c4,p20,l3,0.00
i46,e09,c4,p21,l2,0.00
i46,e09,c4,p21,l3,0.00
i46,e09,c4,p22,l2,0.00
i46,e09,c4,p22,l3,0.00
i46,e09,c4,p23,l2,0.00
i46,e09,c4,p23,l3,0.00
i46,e09,c4,p24,l2,0.00
i46,e09,c4,p24,l3,0.00
i46,e09,c4,p25,l2,0.00
i46,e09,c4,p25,l3,0.00
i46,e09,c4,p26,l2,0.00
i46,e09,c4,p26,l3,0.00
i46,e09,c4,p28,l2,0.00
i46,e09,c4,p28,l3,0.00
i46,e09,c4,p29,l2,0.00
i46,e09,c4,p29,l3,0.00
i46,e09,c4,p30,l2,0.00
i46,e09,c4,p30,l3,0.00
i46,e09,c4,p31,l2,0.00
i46,e09,c4,p31,l3,0.00
i46,e09,c4,p32,l2,0.00
i46,e09,c4,p32,l3,0.00
i46,e09,c4,p33,l2,0.00
i46,e09,c4,p33,l3,0.00
i46,e09,c4,p34,l3,0.00
i46,e09,c4,p35,l2,0.00
i46,e09,c4,p35,l3,0.00
i46,e09,c7,p01,l2,0.00
i46,e09,c7,p01,l3,0.00
i46,e09,c7,p02,l3,0.00
i46,e09,c7,p03,l2,0.00
i46,e09,c7,p03,l3,0.00
i46,e09,c7,p04,l2,0.00
i46,e09,c7,p04,l3,0.00
i46,e09,c7,p05,l3,0.00
i46,e09,c7,p10,l3,0.00
i46,e09,c7,p11,l2,0.00
i46,e09,c7,p11,l3,0.00
i46,e09,c7,p13,l3,0.00
i46,e09,c7,p14,l3,0.00
i46,e09,c7,p15,l2,0.00
i46,e09,c7,p15,l3,0.00
i46,e09,c7,p16,l3,0.00
i46,e09,c7,p18,l3,0.00
i46,e09,c7,p19,l3,0.00
i46,e09,c7,p24,l3,0.00
i46,e09,c7,p35,l2,0.00
i46,e09,c7,p35,l3,0.00
i46,e11,c1,p01,l2,0.00
i46,e11,c1,p01,l3,1.04
i46,e11,c1,p02,l2,0.00
i46,e11,c1,p02,l3,15.11
i46,e11,c1,p03,l2,0.00
i46,e11,c1,p03,l3,61.33
i46,e11,c1,p04,l2,0.00
i46,e11,c1,p04,l3,0.00
i46,e11,c1,p05,l2,0.00
i46,e11,c1,p05,l3,0.00
i46,e11,c1,p06,l2,0.00
i46,e11,c1,p06,l3,0.00
i46,e11,c1,p07,l2,0.00
i46,e11,c1,p07,l3,1.57
i46,e11,c1,p08,l2,0.00
i46,e11,c1,p08,l3,0.00
i46,e11,c1,p09,l2,0.00
i46,e11,c1,p09,l3,0.00
i46,e11,c1,p10,l2,0.00
i46,e11,c1,p10,l3,53.52
i46,e11,c1,p11,l2,0.00
i46,e11,c1,p11,l3,0.00
i46,e11,c1,p12,l2,0.00
i46,e11,c1,p12,l3,0.00
i46,e11,c1,p13,l2,0.00
i46,e11,c1,p13,l3,60.28
i46,e11,c1,p14,l2,0.00
i46,e11,c1,p14,l3,0.00
i46,e11,c1,p15,l2,0.00
i46,e11,c1,p15,l3,0.00
i46,e11,c1,p16,l2,0.00
i46,e11,c1,p16,l3,372.11
i46,e11,c1,p17,l2,0.00
i46,e11,c1,p17,l3,0.00
i46,e11,c1,p18,l2,0.00
i46,e11,c1,p18,l3,0.00
i46,e11,c1,p19,l2,0.00
i46,e11,c1,p19,l3,4.01
i46,e11,c1,p20,l2,0.00
i46,e11,c1,p20,l3,0.00
i46,e11,c1,p21,l2,0.00
i46,e11,c1,p21,l3,0.00
i46,e11,c1,p22,l2,0.00
i46,e11,c1,p22,l3,0.00
i46,e11,c1,p23,l2,0.00
i46,e11,c1,p23,l3,0.00
i46,e11,c1,p24,l2,0.00
i46,e11,c1,p24,l3,0.00
i46,e11,c1,p25,l2,0.00
i46,e11,c1,p25,l3,0.00
i46,e11,c1,p26,l2,0.00
i46,e11,c1,p26,l3,0.00
i46,e11,c1,p27,l2,0.00
i46,e11,c1,p27,l3,0.00
i46,e11,c1,p28,l2,0.00
i46,e11,c1,p28,l3,0.00
i46,e11,c1,p29,l2,0.00
i46,e11,c1,p29,l3,0.00
i46,e11,c1,p30,l2,0.00
i46,e11,c1,p30,l3,0.00
i46,e11,c1,p31,l2,0.00
i46,e11,c1,p31,l3,0.00
i46,e11,c1,p32,l2,0.00
i46,e11,c1,p32,l3,7.97
i46,e11,c1,p33,l2,0.00
i46,e11,c1,p33,l3,0.00
i46,e11,c1,p34,l2,0.00
i46,e11,c1,p34,l3,0.00
i46,e11,c1,p35,l2,0.00
i46,e11,c1,p35,l3,4507.71
i46,e11,c4,p01,l2,0.00
i46,e11,c4,p01,l3,0.00
i46,e11,c4,p02,l2,0.00
i46,e11,c4,p02,l3,0.00
i46,e11,c4,p03,l2,0.00
i46,e11,c4,p03,l3,0.00
i46,e11,c4,p04,l2,0.00
i46,e11,c4,p04,l3,0.00
i46,e11,c4,p05,l2,0.00
i46,e11,c4,p05,l3,0.00
i46,e11,c4,p06,l2,0.00
i46,e11,c4,p06,l3,0.00
i46,e11,c4,p07,l2,0.00
i46,e11,c4,p07,l3,0.00
i46,e11,c4,p08,l2,0.00
i46,e11,c4,p08,l3,0.00
i46,e11,c4,p09,l2,0.00
i46,e11,c4,p09,l3,0.00
i46,e11,c4,p10,l2,0.00
i46,e11,c4,p10,l3,0.00
i46,e11,c4,p11,l2,0.00
i46,e11,c4,p11,l3,0.00
i46,e11,c4,p12,l2,0.00
i46,e11,c4,p12,l3,0.00
i46,e11,c4,p13,l2,0.00
i46,e11,c4,p13,l3,0.00
i46,e11,c4,p14,l2,0.00
i46,e11,c4,p14,l3,0.00
i46,e11,c4,p15,l2,0.00
i46,e11,c4,p15,l3,0.00
i46,e11,c4,p16,l2,0.00
i46,e11,c4,p16,l3,0.00
i46,e11,c4,p17,l2,0.00
i46,e11,c4,p17,l3,0.00
i46,e11,c4,p18,l2,0.00
i46,e11,c4,p18,l3,0.00
i46,e11,c4,p19,l2,0.00
i46,e11,c4,p19,l3,0.00
i46,e11,c4,p20,l2,0.00
i46,e11,c4,p20,l3,0.00
i46,e11,c4,p21,l2,0.00
i46,e11,c4,p21,l3,0.00
i46,e11,c4,p22,l2,0.00
i46,e11,c4,p22,l3,0.00
i46,e11,c4,p23,l2,0.00
i46,e11,c4,p23,l3,0.00
i46,e11,c4,p24,l2,0.00
i46,e11,c4,p24,l3,0.00
i46,e11,c4,p25,l2,0.00
i46,e11,c4,p25,l3,0.00
i46,e11,c4,p26,l2,0.00
i46,e11,c4,p26,l3,0.00
i46,e11,c4,p27,l3,0.00
i46,e11,c4,p28,l2,0.00
i46,e11,c4,p28,l3,0.00
i46,e11,c4,p29,l2,0.00
i46,e11,c4,p29,l3,0.00
i46,e11,c4,p30,l2,0.00
i46,e11,c4,p30,l3,0.00
i46,e11,c4,p31,l2,0.00
i46,e11,c4,p31,l3,0.00
i46,e11,c4,p32,l2,0.00
i46,e11,c4,p32,l3,0.00
i46,e11,c4,p33,l2,0.00
i46,e11,c4,p33,l3,0.00
i46,e11,c4,p34,l2,0.00
i46,e11,c4,p34,l3,0.00
i46,e11,c4,p35,l2,0.00
i46,e11,c4,p35,l3,1017.99
i46,e11,c7,p01,l2,0.00
i46,e11,c7,p01,l3,0.00
i46,e11,c7,p02,l3,0.00
i46,e11,c7,p03,l3,0.00
i46,e11,c7,p04,l3,0.00
i46,e11,c7,p05,l3,0.00
i46,e11,c7,p07,l2,0.00
i46,e11,c7,p07,l3,0.00
i46,e11,c7,p09,l3,0.00
i46,e11,c7,p10,l3,0.00
i46,e11,c7,p11,l2,0.00
i46,e11,c7,p11,l3,0.00
i46,e11,c7,p13,l2,0.00
i46,e11,c7,p13,l3,0.00
i46,e11,c7,p14,l3,0.00
i46,e11,c7,p15,l3,0.00
i46,e11,c7,p16,l3,0.00
i46,e11,c7,p18,l2,0.00
i46,e11,c7,p18,l3,0.00
i46,e11,c7,p19,l2,0.00
i46,e11,c7,p19,l3,0.00
i46,e11,c7,p21,l3,0.00
i46,e11,c7,p24,l3,0.00
i46,e11,c7,p25,l3,0.00
i46,e11,c7,p29,l3,0.00
i46,e11,c7,p35,l2,0.00
i46,e11,c7,p35,l3,0.00
i46,e12,c1,p01,l3,0.00
i46,e12,c1,p02,l3,0.00
i46,e12,c1,p03,l3,0.00
i46,e12,c1,p04,l3,0.00
i46,e12,c1,p05,l3,0.00
i46,e12,c1,p06,l3,0.00
i46,e12,c1,p07,l3,0.00
i46,e12,c1,p08,l3,0.00
i46,e12,c1,p09,l3,0.00
i46,e12,c1,p10,l3,0.00
i46,e12,c1,p11,l3,0.00
i46,e12,c1,p12,l3,0.00
i46,e12,c1,p13,l3,0.00
i46,e12,c1,p14,l3,0.00
i46,e12,c1,p15,l3,0.00
i46,e12,c1,p16,l3,0.00
i46,e12,c1,p17,l3,0.00
i46,e12,c1,p18,l3,0.00
i46,e12,c1,p19,l3,0.00
i46,e12,c1,p20,l3,0.00
i46,e12,c1,p21,l3,0.00
i46,e12,c1,p22,l3,0.00
i46,e12,c1,p23,l3,0.00
i46,e12,c1,p24,l3,0.00
i46,e12,c1,p25,l3,0.00
i46,e12,c1,p26,l3,0.00
i46,e12,c1,p27,l3,0.00
i46,e12,c1,p28,l3,0.00
i46,e12,c1,p29,l3,0.00
i46,e12,c1,p30,l3,0.00
i46,e12,c1,p31,l3,0.00
i46,e12,c1,p32,l3,0.00
i46,e12,c1,p33,l3,0.00
i46,e12,c1,p35,l3,0.00
i46,e12,c4,p01,l3,0.00
i46,e12,c4,p02,l3,0.00
i46,e12,c4,p03,l3,0.00
i46,e12,c4,p04,l3,0.00
i46,e12,c4,p05,l3,0.00
i46,e12,c4,p06,l3,0.00
i46,e12,c4,p07,l3,0.00
i46,e12,c4,p08,l3,0.00
i46,e12,c4,p09,l3,0.00
i46,e12,c4,p10,l3,0.00
i46,e12,c4,p11,l3,0.00
i46,e12,c4,p12,l3,0.00
i46,e12,c4,p13,l3,0.00
i46,e12,c4,p14,l3,0.00
i46,e12,c4,p15,l3,0.00
i46,e12,c4,p16,l3,0.00
i46,e12,c4,p17,l3,0.00
i46,e12,c4,p18,l3,0.00
i46,e12,c4,p19,l3,0.00
i46,e12,c4,p20,l3,0.00
i46,e12,c4,p21,l3,0.00
i46,e12,c4,p23,l3,0.00
i46,e12,c4,p24,l3,0.00
i46,e12,c4,p25,l3,0.00
i46,e12,c4,p29,l3,0.00
i46,e12,c4,p30,l3,0.00
i46,e12,c4,p31,l3,0.00
i46,e12,c4,p32,l3,0.00
i46,e12,c4,p35,l3,0.00
i46,e12,c7,p35,l3,0.00
i46,e13,c1,p01,l3,0.00
i46,e13,c1,p02,l3,0.00
i46,e13,c1,p03,l3,1.03
i46,e13,c1,p04,l3,0.00
i46,e13,c1,p05,l3,0.00
i46,e13,c1,p06,l3,0.00
i46,e13,c1,p07,l3,1.52
i46,e13,c1,p08,l3,0.00
i46,e13,c1,p09,l3,0.00
i46,e13,c1,p10,l3,0.00
i46,e13,c1,p11,l3,0.00
i46,e13,c1,p12,l3,0.00
i46,e13,c1,p13,l3,0.00
i46,e13,c1,p14,l3,0.00
i46,e13,c1,p15,l3,0.00
i46,e13,c1,p16,l3,0.00
i46,e13,c1,p17,l3,0.00
i46,e13,c1,p18,l3,0.00
i46,e13,c1,p19,l3,0.00
i46,e13,c1,p20,l3,0.00
i46,e13,c1,p21,l3,0.00
i46,e13,c1,p22,l3,0.00
i46,e13,c1,p23,l3,0.00
i46,e13,c1,p24,l3,0.00
i46,e13,c1,p25,l3,0.00
i46,e13,c1,p26,l3,0.00
i46,e13,c1,p27,l3,0.00
i46,e13,c1,p28,l3,0.00
i46,e13,c1,p29,l3,0.00
i46,e13,c1,p30,l3,0.00
i46,e13,c1,p31,l3,0.00
i46,e13,c1,p32,l3,0.00
i46,e13,c1,p33,l3,0.00
i46,e13,c1,p34,l3,0.00
i46,e13,c1,p35,l3,1.03
i46,e13,c4,p01,l3,0.00
i46,e13,c4,p02,l3,0.00
i46,e13,c4,p03,l3,0.00
i46,e13,c4,p04,l3,0.00
i46,e13,c4,p05,l3,0.00
i46,e13,c4,p06,l3,0.00
i46,e13,c4,p07,l3,0.00
i46,e13,c4,p08,l3,0.00
i46,e13,c4,p09,l3,0.00
i46,e13,c4,p10,l3,0.00
i46,e13,c4,p11,l3,0.00
i46,e13,c4,p12,l3,0.00
i46,e13,c4,p13,l3,0.00
i46,e13,c4,p14,l3,0.00
i46,e13,c4,p15,l3,0.00
i46,e13,c4,p16,l3,0.00
i46,e13,c4,p17,l3,0.00
i46,e13,c4,p18,l3,0.00
i46,e13,c4,p19,l3,0.00
i46,e13,c4,p20,l3,0.00
i46,e13,c4,p21,l3,0.00
i46,e13,c4,p22,l3,0.00
i46,e13,c4,p23,l3,0.00
i46,e13,c4,p24,l3,0.00
i46,e13,c4,p25,l3,0.00
i46,e13,c4,p26,l3,0.00
i46,e13,c4,p28,l3,0.00
i46,e13,c4,p29,l3,0.00
i46,e13,c4,p30,l3,0.00
i46,e13,c4,p31,l3,0.00
i46,e13,c4,p32,l3,0.00
i46,e13,c4,p33,l3,0.00
i46,e13,c4,p34,l3,0.00
i46,e13,c4,p35,l3,1.03
i46,e13,c7,p01,l3,0.00
i46,e13,c7,p02,l3,0.00
i46,e13,c7,p03,l3,0.00
i46,e13,c7,p04,l3,0.00
i46,e13,c7,p11,l3,0.00
i46,e13,c7,p13,l3,0.00
i46,e13,c7,p15,l3,0.00
i46,e13,c7,p18,l3,0.00
i46,e13,c7,p24,l3,0.00
i46,e13,c7,p35,l3,0.00
i47,e01,c1,p01,l3,0.00
i47,e01,c1,p02,l3,0.00
i47,e01,c1,p03,l3,0.00
i47,e01,c1,p04,l3,0.00
i47,e01,c1,p05,l3,0.00
i47,e01,c1,p06,l3,0.00
i47,e01,c1,p07,l3,0.00
i47,e01,c1,p08,l3,0.00
i47,e01,c1,p09,l3,0.00
i47,e01,c1,p10,l3,0.00
i47,e01,c1,p11,l3,0.00
i47,e01,c1,p12,l3,0.00
i47,e01,c1,p13,l3,0.00
i47,e01,c1,p14,l3,0.00
i47,e01,c1,p15,l3,0.00
i47,e01,c1,p16,l3,0.00
i47,e01,c1,p17,l3,0.00
i47,e01,c1,p18,l3,0.00
i47,e01,c1,p19,l3,0.00
i47,e01,c1,p20,l3,0.00
i47,e01,c1,p21,l3,0.00
i47,e01,c1,p22,l3,0.00
i47,e01,c1,p23,l3,0.00
i47,e01,c1,p24,l3,0.00
i47,e01,c1,p25,l3,0.00
i47,e01,c1,p26,l3,0.00
i47,e01,c1,p27,l3,0.00
i47,e01,c1,p28,l3,0.00
i47,e01,c1,p29,l3,0.00
i47,e01,c1,p30,l3,0.00
i47,e01,c1,p31,l3,0.00
i47,e01,c1,p32,l3,0.00
i47,e01,c1,p33,l3,0.00
i47,e01,c1,p34,l3,0.00
i47,e01,c1,p35,l3,367.54
i47,e01,c4,p01,l3,0.00
i47,e01,c4,p02,l3,0.00
i47,e01,c4,p03,l3,0.00
i47,e01,c4,p05,l3,0.00
i47,e01,c4,p07,l3,0.00
i47,e01,c4,p08,l3,0.00
i47,e01,c4,p10,l3,0.00
i47,e01,c4,p11,l3,0.00
i47,e01,c4,p12,l3,0.00
i47,e01,c4,p14,l3,0.00
i47,e01,c4,p15,l3,0.00
i47,e01,c4,p16,l3,0.00
i47,e01,c4,p17,l3,0.00
i47,e01,c4,p18,l3,0.00
i47,e01,c4,p19,l3,0.00
i47,e01,c4,p21,l3,0.00
i47,e01,c4,p24,l3,0.00
i47,e01,c4,p25,l3,0.00
i47,e01,c4,p32,l3,0.00
i47,e01,c4,p35,l3,0.00
i47,e01,c7,p09,l3,0.00
i47,e01,c7,p35,l3,0.00
i47,e04,c1,p01,l1,0.00
i47,e04,c1,p01,l3,0.00
i47,e04,c1,p02,l1,0.00
i47,e04,c1,p02,l3,0.00
i47,e04,c1,p03,l1,0.00
i47,e04,c1,p03,l3,0.00
i47,e04,c1,p04,l1,0.00
i47,e04,c1,p04,l3,0.00
i47,e04,c1,p05,l1,0.00
i47,e04,c1,p05,l3,0.00
i47,e04,c1,p06,l1,0.00
i47,e04,c1,p06,l3,0.00
i47,e04,c1,p07,l1,0.00
i47,e04,c1,p07,l3,0.00
i47,e04,c1,p08,l1,0.00
i47,e04,c1,p08,l3,0.00
i47,e04,c1,p09,l3,0.00
i47,e04,c1,p10,l1,0.00
i47,e04,c1,p10,l3,0.00
i47,e04,c1,p11,l1,0.00
i47,e04,c1,p11,l3,0.00
i47,e04,c1,p12,l1,0.00
i47,e04,c1,p12,l3,0.00
i47,e04,c1,p13,l1,0.00
i47,e04,c1,p13,l3,0.00
i47,e04,c1,p14,l1,0.00
i47,e04,c1,p14,l3,0.00
i47,e04,c1,p15,l1,0.00
i47,e04,c1,p15,l3,0.00
i47,e04,c1,p16,l1,0.00
i47,e04,c1,p16,l3,0.00
i47,e04,c1,p17,l1,0.00
i47,e04,c1,p17,l3,0.00
i47,e04,c1,p18,l1,0.00
i47,e04,c1,p18,l3,0.00
i47,e04,c1,p19,l1,0.00
i47,e04,c1,p19,l3,0.00
i47,e04,c1,p20,l1,0.00
i47,e04,c1,p20,l3,0.00
i47,e04,c1,p21,l1,0.00
i47,e04,c1,p21,l3,0.00
i47,e04,c1,p22,l1,0.00
i47,e04,c1,p22,l3,0.00
i47,e04,c1,p23,l1,0.00
i47,e04,c1,p23,l3,0.00
i47,e04,c1,p24,l1,0.00
i47,e04,c1,p24,l3,0.00
i47,e04,c1,p25,l1,0.00
i47,e04,c1,p25,l3,0.00
i47,e04,c1,p26,l1,0.00
i47,e04,c1,p26,l3,0.00
i47,e04,c1,p27,l3,0.00
i47,e04,c1,p28,l1,0.00
i47,e04,c1,p28,l3,0.00
i47,e04,c1,p29,l1,0.00
i47,e04,c1,p29,l3,0.00
i47,e04,c1,p30,l3,0.00
i47,e04,c1,p31,l3,0.00
i47,e04,c1,p32,l1,0.00
i47,e04,c1,p32,l3,0.00
i47,e04,c1,p33,l1,0.00
i47,e04,c1,p33,l3,0.00
i47,e04,c1,p34,l3,0.00
i47,e04,c1,p35,l1,0.00
i47,e04,c1,p35,l3,233.43
i47,e04,c4,p02,l3,0.00
i47,e04,c4,p03,l1,0.00
i47,e04,c4,p05,l3,0.00
i47,e04,c4,p08,l1,0.00
i47,e04,c4,p11,l3,0.00
i47,e04,c4,p13,l3,0.00
i47,e04,c4,p14,l3,0.00
i47,e04,c4,p15,l3,0.00
i47,e04,c4,p16,l3,0.00
i47,e04,c4,p19,l1,0.00
i47,e04,c4,p19,l3,0.00
i47,e04,c4,p21,l3,0.00
i47,e04,c4,p24,l3,0.00
i47,e04,c4,p32,l3,0.00
i47,e04,c4,p35,l1,0.00
i47,e04,c4,p35,l3,1.78
i47,e04,c7,p09,l1,0.00
i47,e04,c7,p35,l1,0.00
i47,e04,c7,p35,l3,0.00
i47,e09,c1,p01,l2,0.00
i47,e09,c1,p01,l3,0.00
i47,e09,c1,p02,l3,0.00
i47,e09,c1,p03,l2,0.00
i47,e09,c1,p03,l3,0.00
i47,e09,c1,p04,l2,0.00
i47,e09,c1,p04,l3,0.00
i47,e09,c1,p05,l2,0.00
i47,e09,c1,p05,l3,0.00
i47,e09,c1,p06,l2,0.00
i47,e09,c1,p06,l3,0.00
i47,e09,c1,p07,l2,0.00
i47,e09,c1,p07,l3,0.00
i47,e09,c1,p08,l2,0.00
i47,e09,c1,p08,l3,0.00
i47,e09,c1,p09,l3,0.00
i47,e09,c1,p10,l2,0.00
i47,e09,c1,p10,l3,0.00
i47,e09,c1,p11,l2,0.00
i47,e09,c1,p11,l3,0.00
i47,e09,c1,p12,l2,0.00
i47,e09,c1,p12,l3,0.00
i47,e09,c1,p13,l2,0.00
i47,e09,c1,p13,l3,0.00
i47,e09,c1,p14,l2,0.00
i47,e09,c1,p14,l3,0.00
i47,e09,c1,p15,l2,0.00
i47,e09,c1,p15,l3,0.00
i47,e09,c1,p16,l2,0.00
i47,e09,c1,p16,l3,0.00
i47,e09,c1,p17,l2,0.00
i47,e09,c1,p17,l3,0.00
i47,e09,c1,p18,l2,0.00
i47,e09,c1,p18,l3,0.00
i47,e09,c1,p19,l2,0.00
i47,e09,c1,p19,l3,0.00
i47,e09,c1,p20,l2,0.00
i47,e09,c1,p20,l3,0.00
i47,e09,c1,p21,l2,0.00
i47,e09,c1,p21,l3,0.00
i47,e09,c1,p22,l2,0.00
i47,e09,c1,p22,l3,0.00
i47,e09,c1,p23,l2,0.00
i47,e09,c1,p23,l3,0.00
i47,e09,c1,p24,l2,0.00
i47,e09,c1,p24,l3,0.00
i47,e09,c1,p25,l2,0.00
i47,e09,c1,p25,l3,0.00
i47,e09,c1,p26,l2,0.00
i47,e09,c1,p26,l3,0.00
i47,e09,c1,p27,l3,0.00
i47,e09,c1,p28,l3,0.00
i47,e09,c1,p29,l2,0.00
i47,e09,c1,p29,l3,0.00
i47,e09,c1,p30,l3,0.00
i47,e09,c1,p31,l3,0.00
i47,e09,c1,p32,l2,0.00
i47,e09,c1,p32,l3,0.00
i47,e09,c1,p33,l3,0.00
i47,e09,c1,p34,l3,0.00
i47,e09,c1,p35,l2,0.00
i47,e09,c1,p35,l3,314.16
i47,e09,c4,p01,l3,0.00
i47,e09,c4,p03,l2,0.00
i47,e09,c4,p03,l3,0.00
i47,e09,c4,p04,l3,0.00
i47,e09,c4,p08,l2,0.00
i47,e09,c4,p08,l3,0.00
i47,e09,c4,p10,l3,0.00
i47,e09,c4,p11,l3,0.00
i47,e09,c4,p12,l3,0.00
i47,e09,c4,p13,l3,0.00
i47,e09,c4,p15,l3,0.00
i47,e09,c4,p16,l3,0.00
i47,e09,c4,p17,l3,0.00
i47,e09,c4,p19,l2,0.00
i47,e09,c4,p19,l3,0.00
i47,e09,c4,p21,l2,0.00
i47,e09,c4,p21,l3,0.00
i47,e09,c4,p24,l3,0.00
i47,e09,c4,p32,l3,0.00
i47,e09,c4,p35,l2,0.00
i47,e09,c4,p35,l3,2.10
i47,e09,c7,p09,l2,0.00
i47,e09,c7,p35,l2,0.00
i47,e09,c7,p35,l3,0.00
i48,e01,c1,p01,l3,0.00
i48,e01,c1,p02,l3,0.00
i48,e01,c1,p03,l3,0.00
i48,e01,c1,p04,l3,0.00
i48,e01,c1,p05,l3,0.00
i48,e01,c1,p06,l3,0.00
i48,e01,c1,p07,l3,0.00
i48,e01,c1,p08,l3,0.00
i48,e01,c1,p09,l3,0.00
i48,e01,c1,p10,l3,0.00
i48,e01,c1,p11,l3,0.00
i48,e01,c1,p12,l3,0.00
i48,e01,c1,p13,l3,0.00
i48,e01,c1,p14,l3,0.00
i48,e01,c1,p15,l3,0.00
i48,e01,c1,p16,l3,0.00
i48,e01,c1,p17,l3,0.00
i48,e01,c1,p18,l3,0.00
i48,e01,c1,p19,l3,0.00
i48,e01,c1,p20,l3,0.00
i48,e01,c1,p21,l3,0.00
i48,e01,c1,p22,l3,0.00
i48,e01,c1,p23,l3,0.00
i48,e01,c1,p24,l3,0.00
i48,e01,c1,p25,l3,0.00
i48,e01,c1,p26,l3,0.00
i48,e01,c1,p28,l3,0.00
i48,e01,c1,p29,l3,0.00
i48,e01,c1,p30,l3,0.00
i48,e01,c1,p31,l3,0.00
i48,e01,c1,p32,l3,0.00
i48,e01,c1,p35,l3,0.00
i48,e01,c4,p01,l3,0.00
i48,e01,c4,p03,l3,0.00
i48,e01,c4,p05,l3,0.00
i48,e01,c4,p06,l3,0.00
i48,e01,c4,p09,l3,0.00
i48,e01,c4,p11,l3,0.00
i48,e01,c4,p12,l3,0.00
i48,e01,c4,p18,l3,0.00
i48,e01,c4,p19,l3,0.00
i48,e01,c4,p22,l3,0.00
i48,e01,c4,p24,l3,0.00
i48,e01,c4,p29,l3,0.00
i48,e01,c4,p35,l3,0.00
i48,e04,c1,p01,l1,0.00
i48,e04,c1,p01,l3,0.00
i48,e04,c1,p02,l1,0.00
i48,e04,c1,p02,l3,0.00
i48,e04,c1,p03,l1,0.00
i48,e04,c1,p03,l3,0.00
i48,e04,c1,p04,l1,0.00
i48,e04,c1,p04,l3,0.00
i48,e04,c1,p05,l1,0.00
i48,e04,c1,p05,l3,0.00
i48,e04,c1,p06,l1,0.00
i48,e04,c1,p06,l3,0.00
i48,e04,c1,p07,l1,0.00
i48,e04,c1,p07,l3,0.00
i48,e04,c1,p08,l1,0.00
i48,e04,c1,p08,l3,0.00
i48,e04,c1,p09,l1,0.00
i48,e04,c1,p09,l3,0.00
i48,e04,c1,p10,l1,0.00
i48,e04,c1,p10,l3,0.00
i48,e04,c1,p11,l1,0.00
i48,e04,c1,p11,l3,0.00
i48,e04,c1,p12,l1,0.00
i48,e04,c1,p12,l3,0.00
i48,e04,c1,p13,l1,0.00
i48,e04,c1,p13,l3,0.00
i48,e04,c1,p14,l1,0.00
i48,e04,c1,p14,l3,0.00
i48,e04,c1,p15,l1,0.00
i48,e04,c1,p15,l3,0.00
i48,e04,c1,p16,l1,0.00
i48,e04,c1,p16,l3,0.00
i48,e04,c1,p17,l1,0.00
i48,e04,c1,p17,l3,0.00
i48,e04,c1,p18,l1,0.00
i48,e04,c1,p18,l3,0.00
i48,e04,c1,p19,l1,0.00
i48,e04,c1,p19,l3,0.00
i48,e04,c1,p20,l3,0.00
i48,e04,c1,p21,l1,0.00
i48,e04,c1,p21,l3,0.00
i48,e04,c1,p22,l1,0.00
i48,e04,c1,p22,l3,0.00
i48,e04,c1,p23,l1,0.00
i48,e04,c1,p23,l3,0.00
i48,e04,c1,p24,l1,0.00
i48,e04,c1,p24,l3,0.00
i48,e04,c1,p25,l3,0.00
i48,e04,c1,p26,l3,0.00
i48,e04,c1,p28,l1,0.00
i48,e04,c1,p28,l3,0.00
i48,e04,c1,p29,l1,0.00
i48,e04,c1,p29,l3,0.00
i48,e04,c1,p31,l1,0.00
i48,e04,c1,p31,l3,0.00
i48,e04,c1,p32,l1,0.00
i48,e04,c1,p32,l3,0.00
i48,e04,c1,p33,l3,0.00
i48,e04,c1,p35,l1,0.00
i48,e04,c1,p35,l3,2.14
i48,e04,c4,p01,l3,0.00
i48,e04,c4,p03,l1,0.00
i48,e04,c4,p03,l3,0.00
i48,e04,c4,p05,l3,0.00
i48,e04,c4,p06,l3,0.00
i48,e04,c4,p08,l3,0.00
i48,e04,c4,p10,l3,0.00
i48,e04,c4,p11,l1,0.00
i48,e04,c4,p11,l3,0.00
i48,e04,c4,p12,l3,0.00
i48,e04,c4,p18,l3,0.00
i48,e04,c4,p19,l3,0.00
i48,e04,c4,p21,l3,0.00
i48,e04,c4,p23,l3,0.00
i48,e04,c4,p24,l3,0.00
i48,e04,c4,p31,l3,0.00
i48,e04,c4,p35,l1,0.00
i48,e04,c4,p35,l3,0.00
i48,e05,c1,p01,l3,0.00
i48,e05,c1,p02,l3,0.00
i48,e05,c1,p03,l1,0.00
i48,e05,c1,p03,l3,0.00
i48,e05,c1,p05,l3,0.00
i48,e05,c1,p06,l3,0.00
i48,e05,c1,p07,l3,0.00
i48,e05,c1,p08,l1,0.00
i48,e05,c1,p08,l3,0.00
i48,e05,c1,p09,l3,0.00
i48,e05,c1,p10,l1,0.00
i48,e05,c1,p10,l3,0.00
i48,e05,c1,p11,l1,0.00
i48,e05,c1,p11,l3,0.00
i48,e05,c1,p12,l3,0.00
i48,e05,c1,p13,l1,0.00
i48,e05,c1,p13,l3,0.00
i48,e05,c1,p14,l3,0.00
i48,e05,c1,p15,l1,0.00
i48,e05,c1,p15,l3,0.00
i48,e05,c1,p16,l1,0.00
i48,e05,c1,p16,l3,0.00
i48,e05,c1,p17,l1,0.00
i48,e05,c1,p17,l3,0.00
i48,e05,c1,p19,l1,0.00
i48,e05,c1,p19,l3,0.00
i48,e05,c1,p21,l1,0.00
i48,e05,c1,p21,l3,0.00
i48,e05,c1,p22,l3,0.00
i48,e05,c1,p24,l3,0.00
i48,e05,c1,p29,l3,0.00
i48,e05,c1,p32,l3,0.00
i48,e05,c1,p35,l1,0.00
i48,e05,c1,p35,l3,0.00
i48,e05,c4,p03,l3,0.00
i48,e05,c4,p11,l3,0.00
i48,e05,c4,p13,l3,0.00
i48,e05,c4,p19,l1,0.00
i48,e05,c4,p35,l3,0.00
i48,e08,c1,p01,l2,0.00
i48,e08,c1,p01,l3,0.00
i48,e08,c1,p02,l2,0.00
i48,e08,c1,p02,l3,0.00
i48,e08,c1,p03,l2,0.00
i48,e08,c1,p03,l3,0.00
i48,e08,c1,p04,l2,0.00
i48,e08,c1,p04,l3,0.00
i48,e08,c1,p05,l2,0.00
i48,e08,c1,p05,l3,0.00
i48,e08,c1,p06,l2,0.00
i48,e08,c1,p06,l3,0.00
i48,e08,c1,p07,l2,0.00
i48,e08,c1,p07,l3,0.00
i48,e08,c1,p08,l2,0.00
i48,e08,c1,p08,l3,0.00
i48,e08,c1,p09,l2,0.00
i48,e08,c1,p09,l3,0.00
i48,e08,c1,p10,l2,0.00
i48,e08,c1,p10,l3,6.75
i48,e08,c1,p11,l2,0.00
i48,e08,c1,p11,l3,0.00
i48,e08,c1,p12,l2,0.00
i48,e08,c1,p12,l3,0.00
i48,e08,c1,p13,l2,0.00
i48,e08,c1,p13,l3,0.00
i48,e08,c1,p14,l2,0.00
i48,e08,c1,p14,l3,0.00
i48,e08,c1,p15,l2,0.00
i48,e08,c1,p15,l3,0.00
i48,e08,c1,p16,l2,0.00
i48,e08,c1,p16,l3,0.00
i48,e08,c1,p17,l2,0.00
i48,e08,c1,p17,l3,0.00
i48,e08,c1,p18,l2,0.00
i48,e08,c1,p18,l3,0.00
i48,e08,c1,p19,l2,0.00
i48,e08,c1,p19,l3,0.00
i48,e08,c1,p20,l3,0.00
i48,e08,c1,p21,l2,0.00
i48,e08,c1,p21,l3,0.00
i48,e08,c1,p22,l2,0.00
i48,e08,c1,p22,l3,0.00
i48,e08,c1,p23,l2,0.00
i48,e08,c1,p23,l3,0.00
i48,e08,c1,p24,l2,0.00
i48,e08,c1,p24,l3,0.00
i48,e08,c1,p25,l2,0.00
i48,e08,c1,p25,l3,0.00
i48,e08,c1,p26,l3,0.00
i48,e08,c1,p28,l2,0.00
i48,e08,c1,p28,l3,0.00
i48,e08,c1,p29,l2,0.00
i48,e08,c1,p29,l3,0.00
i48,e08,c1,p30,l3,0.00
i48,e08,c1,p31,l2,0.00
i48,e08,c1,p31,l3,0.00
i48,e08,c1,p32,l2,0.00
i48,e08,c1,p32,l3,0.00
i48,e08,c1,p33,l3,0.00
i48,e08,c1,p35,l2,0.00
i48,e08,c1,p35,l3,16.14
i48,e08,c4,p01,l3,0.00
i48,e08,c4,p03,l3,0.00
i48,e08,c4,p05,l3,0.00
i48,e08,c4,p06,l3,0.00
i48,e08,c4,p08,l3,0.00
i48,e08,c4,p09,l3,0.00
i48,e08,c4,p10,l3,0.00
i48,e08,c4,p11,l3,0.00
i48,e08,c4,p12,l3,0.00
i48,e08,c4,p13,l3,0.00
i48,e08,c4,p15,l3,0.00
i48,e08,c4,p16,l3,0.00
i48,e08,c4,p17,l3,0.00
i48,e08,c4,p18,l2,0.00
i48,e08,c4,p18,l3,0.00
i48,e08,c4,p19,l3,0.00
i48,e08,c4,p21,l3,0.00
i48,e08,c4,p22,l2,0.00
i48,e08,c4,p22,l3,0.00
i48,e08,c4,p24,l3,0.00
i48,e08,c4,p29,l2,0.00
i48,e08,c4,p29,l3,0.00
i48,e08,c4,p35,l2,0.00
i48,e08,c4,p35,l3,0.00
i48,e08,c7,p13,l3,0.00
i48,e09,c1,p01,l2,0.00
i48,e09,c1,p01,l3,0.00
i48,e09,c1,p02,l2,0.00
i48,e09,c1,p02,l3,0.00
i48,e09,c1,p03,l2,0.00
i48,e09,c1,p03,l3,0.00
i48,e09,c1,p04,l2,0.00
i48,e09,c1,p04,l3,0.00
i48,e09,c1,p05,l2,0.00
i48,e09,c1,p05,l3,0.00
i48,e09,c1,p06,l2,0.00
i48,e09,c1,p06,l3,0.00
i48,e09,c1,p07,l2,0.00
i48,e09,c1,p07,l3,0.00
i48,e09,c1,p08,l2,0.00
i48,e09,c1,p08,l3,0.00
i48,e09,c1,p09,l2,0.00
i48,e09,c1,p09,l3,0.00
i48,e09,c1,p10,l2,0.00
i48,e09,c1,p10,l3,0.00
i48,e09,c1,p11,l2,0.00
i48,e09,c1,p11,l3,0.00
i48,e09,c1,p12,l2,0.00
i48,e09,c1,p12,l3,0.00
i48,e09,c1,p13,l2,0.00
i48,e09,c1,p13,l3,0.00
i48,e09,c1,p14,l2,0.00
i48,e09,c1,p14,l3,0.00
i48,e09,c1,p15,l2,0.00
i48,e09,c1,p15,l3,0.00
i48,e09,c1,p16,l2,0.00
i48,e09,c1,p16,l3,0.00
i48,e09,c1,p17,l2,0.00
i48,e09,c1,p17,l3,0.00
i48,e09,c1,p18,l2,0.00
i48,e09,c1,p18,l3,0.00
i48,e09,c1,p19,l2,0.00
i48,e09,c1,p19,l3,0.00
i48,e09,c1,p20,l3,0.00
i48,e09,c1,p21,l2,0.00
i48,e09,c1,p21,l3,0.00
i48,e09,c1,p22,l2,0.00
i48,e09,c1,p22,l3,0.00
i48,e09,c1,p23,l3,0.00
i48,e09,c1,p24,l2,0.00
i48,e09,c1,p24,l3,0.00
i48,e09,c1,p25,l3,0.00
i48,e09,c1,p26,l3,0.00
i48,e09,c1,p28,l2,0.00
i48,e09,c1,p28,l3,0.00
i48,e09,c1,p29,l2,0.00
i48,e09,c1,p29,l3,0.00
i48,e09,c1,p31,l2,0.00
i48,e09,c1,p31,l3,0.00
i48,e09,c1,p32,l2,0.00
i48,e09,c1,p32,l3,0.00
i48,e09,c1,p35,l2,0.00
i48,e09,c1,p35,l3,0.00
i48,e09,c4,p01,l3,0.00
i48,e09,c4,p03,l3,0.00
i48,e09,c4,p05,l3,0.00
i48,e09,c4,p06,l3,0.00
i48,e09,c4,p08,l3,0.00
i48,e09,c4,p09,l3,0.00
i48,e09,c4,p10,l3,0.00
i48,e09,c4,p11,l3,0.00
i48,e09,c4,p12,l3,0.00
i48,e09,c4,p15,l3,0.00
i48,e09,c4,p17,l2,0.00
i48,e09,c4,p17,l3,0.00
i48,e09,c4,p18,l3,0.00
i48,e09,c4,p19,l3,0.00
i48,e09,c4,p24,l3,0.00
i48,e09,c4,p29,l3,0.00
i48,e09,c4,p35,l2,0.00
i48,e09,c4,p35,l3,0.00
i48,e11,c1,p01,l2,0.00
i48,e11,c1,p01,l3,0.00
i48,e11,c1,p02,l2,0.00
i48,e11,c1,p02,l3,2.24
i48,e11,c1,p03,l2,0.00
i48,e11,c1,p03,l3,0.00
i48,e11,c1,p04,l2,0.00
i48,e11,c1,p04,l3,0.00
i48,e11,c1,p05,l2,0.00
i48,e11,c1,p05,l3,0.00
i48,e11,c1,p06,l2,0.00
i48,e11,c1,p06,l3,0.00
i48,e11,c1,p07,l2,0.00
i48,e11,c1,p07,l3,0.00
i48,e11,c1,p08,l2,0.00
i48,e11,c1,p08,l3,2.00
i48,e11,c1,p09,l2,0.00
i48,e11,c1,p09,l3,0.00
i48,e11,c1,p10,l2,0.00
i48,e11,c1,p10,l3,9.30
i48,e11,c1,p11,l2,0.00
i48,e11,c1,p11,l3,2.05
i48,e11,c1,p12,l2,0.00
i48,e11,c1,p12,l3,0.00
i48,e11,c1,p13,l2,0.00
i48,e11,c1,p13,l3,2.12
i48,e11,c1,p14,l2,0.00
i48,e11,c1,p14,l3,0.00
i48,e11,c1,p15,l2,0.00
i48,e11,c1,p15,l3,12.76
i48,e11,c1,p16,l2,0.00
i48,e11,c1,p16,l3,2.46
i48,e11,c1,p17,l2,0.00
i48,e11,c1,p17,l3,0.00
i48,e11,c1,p18,l2,0.00
i48,e11,c1,p18,l3,0.00
i48,e11,c1,p19,l2,0.00
i48,e11,c1,p19,l3,1.12
i48,e11,c1,p20,l2,0.00
i48,e11,c1,p20,l3,0.00
i48,e11,c1,p21,l2,0.00
i48,e11,c1,p21,l3,8.97
i48,e11,c1,p22,l2,0.00
i48,e11,c1,p22,l3,0.00
i48,e11,c1,p23,l2,0.00
i48,e11,c1,p23,l3,0.00
i48,e11,c1,p24,l2,0.00
i48,e11,c1,p24,l3,0.00
i48,e11,c1,p25,l2,0.00
i48,e11,c1,p25,l3,0.00
i48,e11,c1,p26,l2,0.00
i48,e11,c1,p26,l3,0.00
i48,e11,c1,p28,l2,0.00
i48,e11,c1,p28,l3,0.00
i48,e11,c1,p29,l2,0.00
i48,e11,c1,p29,l3,0.00
i48,e11,c1,p30,l3,0.00
i48,e11,c1,p31,l2,0.00
i48,e11,c1,p31,l3,0.00
i48,e11,c1,p32,l2,0.00
i48,e11,c1,p32,l3,1.36
i48,e11,c1,p33,l3,0.00
i48,e11,c1,p34,l3,0.00
i48,e11,c1,p35,l2,0.00
i48,e11,c1,p35,l3,5.18
i48,e11,c4,p01,l2,0.00
i48,e11,c4,p01,l3,0.00
i48,e11,c4,p02,l2,0.00
i48,e11,c4,p02,l3,0.00
i48,e11,c4,p03,l2,0.00
i48,e11,c4,p03,l3,0.00
i48,e11,c4,p04,l3,0.00
i48,e11,c4,p05,l3,0.00
i48,e11,c4,p06,l3,0.00
i48,e11,c4,p07,l3,0.00
i48,e11,c4,p08,l3,0.00
i48,e11,c4,p09,l3,0.00
i48,e11,c4,p10,l2,0.00
i48,e11,c4,p10,l3,0.00
i48,e11,c4,p11,l2,0.00
i48,e11,c4,p11,l3,0.00
i48,e11,c4,p12,l2,0.00
i48,e11,c4,p12,l3,0.00
i48,e11,c4,p13,l3,0.00
i48,e11,c4,p14,l3,0.00
i48,e11,c4,p15,l3,0.00
i48,e11,c4,p16,l3,0.00
i48,e11,c4,p17,l2,0.00
i48,e11,c4,p17,l3,0.00
i48,e11,c4,p18,l2,0.00
i48,e11,c4,p18,l3,0.00
i48,e11,c4,p19,l2,0.00
i48,e11,c4,p19,l3,0.00
i48,e11,c4,p20,l3,0.00
i48,e11,c4,p21,l3,0.00
i48,e11,c4,p22,l2,0.00
i48,e11,c4,p22,l3,0.00
i48,e11,c4,p23,l3,0.00
i48,e11,c4,p24,l3,0.00
i48,e11,c4,p25,l3,0.00
i48,e11,c4,p26,l3,0.00
i48,e11,c4,p28,l3,0.00
i48,e11,c4,p29,l2,0.00
i48,e11,c4,p29,l3,0.00
i48,e11,c4,p30,l3,0.00
i48,e11,c4,p31,l3,0.00
i48,e11,c4,p32,l3,0.00
i48,e11,c4,p35,l2,0.00
i48,e11,c4,p35,l3,0.00
i48,e11,c7,p06,l3,0.00
i48,e11,c7,p10,l3,0.00
i48,e11,c7,p13,l3,0.00
i48,e11,c7,p35,l3,0.00
i49,e01,c1,p01,l3,0.00
i49,e01,c1,p02,l3,0.00
i49,e01,c1,p03,l3,0.00
i49,e01,c1,p04,l3,0.00
i49,e01,c1,p05,l3,0.00
i49,e01,c1,p06,l3,0.00
i49,e01,c1,p09,l3,0.00
i49,e01,c1,p10,l3,0.00
i49,e01,c1,p11,l3,0.00
i49,e01,c1,p12,l3,0.00
i49,e01,c1,p13,l3,0.00
i49,e01,c1,p15,l3,0.00
i49,e01,c1,p16,l3,0.00
i49,e01,c1,p17,l3,0.00
i49,e01,c1,p18,l3,0.00
i49,e01,c1,p19,l3,0.00
i49,e01,c1,p20,l3,0.00
i49,e01,c1,p22,l3,0.00
i49,e01,c1,p24,l3,0.00
i49,e01,c1,p25,l3,0.00
i49,e01,c1,p27,l3,0.00
i49,e01,c1,p29,l3,0.00
i49,e01,c1,p33,l3,0.00
i49,e01,c1,p35,l3,0.00
i49,e01,c4,p01,l3,0.00
i49,e01,c4,p03,l3,0.00
i49,e01,c4,p05,l3,0.00
i49,e01,c4,p07,l3,0.00
i49,e01,c4,p10,l3,0.00
i49,e01,c4,p12,l3,0.00
i49,e01,c4,p19,l3,0.00
i49,e01,c4,p33,l3,0.00
i49,e01,c4,p35,l3,0.00
i49,e03,c1,p01,l3,0.00
i49,e03,c1,p02,l3,0.00
i49,e03,c1,p03,l3,0.00
i49,e03,c1,p04,l3,0.00
i49,e03,c1,p05,l3,0.00
i49,e03,c1,p06,l3,0.00
i49,e03,c1,p07,l3,0.00
i49,e03,c1,p08,l3,0.00
i49,e03,c1,p09,l3,0.00
i49,e03,c1,p10,l3,0.00
i49,e03,c1,p11,l3,0.00
i49,e03,c1,p12,l3,0.00
i49,e03,c1,p13,l3,0.00
i49,e03,c1,p14,l3,0.00
i49,e03,c1,p15,l3,0.00
i49,e03,c1,p16,l3,0.00
i49,e03,c1,p17,l3,0.00
i49,e03,c1,p18,l3,0.00
i49,e03,c1,p19,l3,0.00
i49,e03,c1,p20,l3,0.00
i49,e03,c1,p21,l3,0.00
i49,e03,c1,p24,l3,0.00
i49,e03,c1,p25,l3,0.00
i49,e03,c1,p27,l3,0.00
i49,e03,c1,p28,l3,0.00
i49,e03,c1,p29,l3,0.00
i49,e03,c1,p32,l3,0.00
i49,e03,c1,p33,l3,4.27
i49,e03,c1,p34,l3,0.00
i49,e03,c1,p35,l3,0.00
i49,e03,c4,p01,l3,0.00
i49,e03,c4,p03,l3,0.00
i49,e03,c4,p05,l3,0.00
i49,e03,c4,p07,l3,0.00
i49,e03,c4,p10,l3,0.00
i49,e03,c4,p11,l3,0.00
i49,e03,c4,p14,l3,0.00
i49,e03,c4,p19,l3,0.00
i49,e03,c4,p21,l3,0.00
i49,e03,c4,p33,l3,0.00
i49,e03,c4,p35,l3,0.00
i49,e04,c1,p01,l1,0.00
i49,e04,c1,p01,l3,0.00
i49,e04,c1,p02,l3,0.00
i49,e04,c1,p03,l1,0.00
i49,e04,c1,p03,l3,0.00
i49,e04,c1,p04,l3,0.00
i49,e04,c1,p05,l3,0.00
i49,e04,c1,p06,l3,0.00
i49,e04,c1,p09,l1,0.00
i49,e04,c1,p09,l3,0.00
i49,e04,c1,p10,l1,0.00
i49,e04,c1,p10,l3,0.00
i49,e04,c1,p11,l3,0.00
i49,e04,c1,p12,l3,0.00
i49,e04,c1,p13,l3,0.00
i49,e04,c1,p14,l3,0.00
i49,e04,c1,p15,l1,0.00
i49,e04,c1,p15,l3,0.00
i49,e04,c1,p16,l1,0.00
i49,e04,c1,p16,l3,0.00
i49,e04,c1,p17,l1,0.00
i49,e04,c1,p17,l3,0.00
i49,e04,c1,p18,l3,0.00
i49,e04,c1,p19,l1,0.00
i49,e04,c1,p19,l3,0.00
i49,e04,c1,p20,l3,0.00
i49,e04,c1,p21,l3,0.00
i49,e04,c1,p22,l3,0.00
i49,e04,c1,p24,l3,0.00
i49,e04,c1,p25,l3,0.00
i49,e04,c1,p27,l3,0.00
i49,e04,c1,p28,l3,0.00
i49,e04,c1,p29,l3,0.00
i49,e04,c1,p30,l1,0.00
i49,e04,c1,p33,l1,0.00
i49,e04,c1,p33,l3,0.00
i49,e04,c1,p35,l1,0.00
i49,e04,c1,p35,l3,0.00
i49,e04,c4,p01,l1,0.00
i49,e04,c4,p01,l3,0.00
i49,e04,c4,p03,l3,0.00
i49,e04,c4,p05,l3,0.00
i49,e04,c4,p07,l3,0.00
i49,e04,c4,p10,l3,0.00
i49,e04,c4,p11,l3,0.00
i49,e04,c4,p12,l3,0.00
i49,e04,c4,p14,l3,0.00
i49,e04,c4,p19,l1,0.00
i49,e04,c4,p19,l3,0.00
i49,e04,c4,p33,l1,0.00
i49,e04,c4,p33,l3,0.00
i49,e04,c4,p35,l3,0.00
i49,e05,c1,p01,l1,0.00
i49,e05,c1,p01,l3,0.00
i49,e05,c1,p03,l3,0.00
i49,e05,c1,p19,l3,0.00
i49,e05,c1,p33,l1,0.00
i49,e05,c1,p33,l3,0.00
i49,e05,c1,p35,l3,0.00
i49,e06,c1,p01,l3,0.00
i49,e06,c1,p02,l3,0.00
i49,e06,c1,p03,l3,0.00
i49,e06,c1,p04,l3,0.00
i49,e06,c1,p05,l3,0.00
i49,e06,c1,p06,l3,0.00
i49,e06,c1,p07,l3,0.00
i49,e06,c1,p08,l3,0.00
i49,e06,c1,p09,l3,0.00
i49,e06,c1,p10,l3,0.00
i49,e06,c1,p11,l3,0.00
i49,e06,c1,p12,l3,0.00
i49,e06,c1,p13,l3,0.00
i49,e06,c1,p14,l3,0.00
i49,e06,c1,p15,l3,0.00
i49,e06,c1,p16,l3,0.00
i49,e06,c1,p17,l3,0.00
i49,e06,c1,p18,l3,0.00
i49,e06,c1,p19,l3,0.00
i49,e06,c1,p20,l3,0.00
i49,e06,c1,p21,l3,0.00
i49,e06,c1,p22,l3,0.00
i49,e06,c1,p23,l3,0.00
i49,e06,c1,p24,l3,0.00
i49,e06,c1,p25,l3,0.00
i49,e06,c1,p27,l3,0.00
i49,e06,c1,p28,l3,0.00
i49,e06,c1,p29,l3,0.00
i49,e06,c1,p32,l3,0.00
i49,e06,c1,p33,l3,2.28
i49,e06,c1,p34,l3,0.00
i49,e06,c1,p35,l3,0.00
i49,e06,c4,p01,l3,0.00
i49,e06,c4,p02,l3,0.00
i49,e06,c4,p03,l3,0.00
i49,e06,c4,p04,l3,0.00
i49,e06,c4,p05,l3,0.00
i49,e06,c4,p07,l3,0.00
i49,e06,c4,p10,l3,0.00
i49,e06,c4,p11,l3,0.00
i49,e06,c4,p12,l3,0.00
i49,e06,c4,p13,l3,0.00
i49,e06,c4,p14,l3,0.00
i49,e06,c4,p16,l3,0.00
i49,e06,c4,p19,l3,0.00
i49,e06,c4,p21,l3,0.00
i49,e06,c4,p33,l3,0.00
i49,e06,c4,p35,l3,0.00
i49,e07,c1,p01,l3,0.00
i49,e07,c1,p33,l3,0.00
i49,e08,c1,p01,l2,0.00
i49,e08,c1,p01,l3,0.00
i49,e08,c1,p02,l2,0.00
i49,e08,c1,p02,l3,0.00
i49,e08,c1,p03,l2,0.00
i49,e08,c1,p03,l3,0.00
i49,e08,c1,p04,l3,0.00
i49,e08,c1,p05,l3,0.00
i49,e08,c1,p06,l3,0.00
i49,e08,c1,p07,l3,0.00
i49,e08,c1,p08,l3,0.00
i49,e08,c1,p09,l2,0.00
i49,e08,c1,p09,l3,0.00
i49,e08,c1,p10,l2,0.00
i49,e08,c1,p10,l3,0.00
i49,e08,c1,p11,l2,0.00
i49,e08,c1,p11,l3,0.00
i49,e08,c1,p12,l3,0.00
i49,e08,c1,p13,l2,0.00
i49,e08,c1,p13,l3,0.00
i49,e08,c1,p14,l3,0.00
i49,e08,c1,p15,l2,0.00
i49,e08,c1,p15,l3,0.00
i49,e08,c1,p16,l2,0.00
i49,e08,c1,p16,l3,0.00
i49,e08,c1,p17,l2,0.00
i49,e08,c1,p17,l3,0.00
i49,e08,c1,p18,l3,0.00
i49,e08,c1,p19,l2,0.00
i49,e08,c1,p19,l3,0.00
i49,e08,c1,p20,l3,0.00
i49,e08,c1,p21,l2,0.00
i49,e08,c1,p21,l3,0.00
i49,e08,c1,p22,l3,0.00
i49,e08,c1,p23,l3,0.00
i49,e08,c1,p24,l3,0.00
i49,e08,c1,p25,l3,0.00
i49,e08,c1,p27,l3,0.00
i49,e08,c1,p28,l2,0.00
i49,e08,c1,p28,l3,0.00
i49,e08,c1,p29,l3,0.00
i49,e08,c1,p30,l2,0.00
i49,e08,c1,p33,l2,0.00
i49,e08,c1,p33,l3,8.21
i49,e08,c1,p34,l3,0.00
i49,e08,c1,p35,l2,0.00
i49,e08,c1,p35,l3,0.00
i49,e08,c4,p01,l2,0.00
i49,e08,c4,p01,l3,0.00
i49,e08,c4,p02,l3,0.00
i49,e08,c4,p03,l3,0.00
i49,e08,c4,p04,l3,0.00
i49,e08,c4,p05,l3,0.00
i49,e08,c4,p07,l3,0.00
i49,e08,c4,p10,l3,0.00
i49,e08,c4,p11,l3,0.00
i49,e08,c4,p12,l3,0.00
i49,e08,c4,p13,l3,0.00
i49,e08,c4,p14,l3,0.00
i49,e08,c4,p16,l3,0.00
i49,e08,c4,p19,l2,0.00
i49,e08,c4,p19,l3,0.00
i49,e08,c4,p33,l2,0.00
i49,e08,c4,p33,l3,0.00
i49,e08,c4,p35,l3,0.00
i49,e09,c1,p01,l2,0.00
i49,e09,c1,p01,l3,0.00
i49,e09,c1,p02,l3,0.00
i49,e09,c1,p03,l3,0.00
i49,e09,c1,p04,l3,0.00
i49,e09,c1,p06,l3,0.00
i49,e09,c1,p09,l2,0.00
i49,e09,c1,p10,l2,0.00
i49,e09,c1,p10,l3,0.00
i49,e09,c1,p11,l3,0.00
i49,e09,c1,p12,l3,0.00
i49,e09,c1,p13,l3,0.00
i49,e09,c1,p15,l2,0.00
i49,e09,c1,p16,l2,0.00
i49,e09,c1,p16,l3,0.00
i49,e09,c1,p17,l2,0.00
i49,e09,c1,p17,l3,0.00
i49,e09,c1,p18,l3,0.00
i49,e09,c1,p19,l2,0.00
i49,e09,c1,p19,l3,0.00
i49,e09,c1,p20,l3,0.00
i49,e09,c1,p21,l3,0.00
i49,e09,c1,p22,l3,0.00
i49,e09,c1,p24,l3,0.00
i49,e09,c1,p25,l3,0.00
i49,e09,c1,p27,l3,0.00
i49,e09,c1,p28,l3,0.00
i49,e09,c1,p29,l3,0.00
i49,e09,c1,p33,l2,0.00
i49,e09,c1,p33,l3,0.00
i49,e09,c1,p35,l2,0.00
i49,e09,c1,p35,l3,0.00
i49,e09,c4,p01,l2,0.00
i49,e09,c4,p01,l3,0.00
i49,e09,c4,p07,l3,0.00
i49,e09,c4,p10,l3,0.00
i49,e09,c4,p14,l3,0.00
i49,e09,c4,p33,l2,0.00
i49,e09,c4,p33,l3,0.00
i49,e09,c4,p35,l2,0.00
i49,e09,c4,p35,l3,0.00
i49,e10,c1,p01,l3,40.38
i49,e10,c1,p02,l3,0.00
i49,e10,c1,p03,l3,0.00
i49,e10,c1,p04,l3,0.00
i49,e10,c1,p05,l3,0.00
i49,e10,c1,p06,l3,0.00
i49,e10,c1,p07,l3,0.00
i49,e10,c1,p08,l3,0.00
i49,e10,c1,p09,l3,0.00
i49,e10,c1,p10,l3,0.00
i49,e10,c1,p11,l3,0.00
i49,e10,c1,p12,l3,0.00
i49,e10,c1,p13,l3,0.00
i49,e10,c1,p14,l3,0.00
i49,e10,c1,p15,l3,0.00
i49,e10,c1,p16,l3,0.00
i49,e10,c1,p17,l3,0.00
i49,e10,c1,p18,l3,0.00
i49,e10,c1,p19,l3,0.00
i49,e10,c1,p20,l3,0.00
i49,e10,c1,p21,l3,0.00
i49,e10,c1,p22,l3,0.00
i49,e10,c1,p23,l3,0.00
i49,e10,c1,p24,l3,0.00
i49,e10,c1,p25,l3,0.00
i49,e10,c1,p27,l3,0.00
i49,e10,c1,p28,l3,0.00
i49,e10,c1,p29,l3,0.00
i49,e10,c1,p32,l3,0.00
i49,e10,c1,p33,l3,146.71
i49,e10,c1,p34,l3,0.00
i49,e10,c1,p35,l3,0.00
i49,e10,c4,p01,l3,0.00
i49,e10,c4,p02,l3,0.00
i49,e10,c4,p03,l3,0.00
i49,e10,c4,p04,l3,0.00
i49,e10,c4,p05,l3,0.00
i49,e10,c4,p07,l3,0.00
i49,e10,c4,p10,l3,0.00
i49,e10,c4,p11,l3,0.00
i49,e10,c4,p12,l3,0.00
i49,e10,c4,p13,l3,0.00
i49,e10,c4,p14,l3,0.00
i49,e10,c4,p16,l3,0.00
i49,e10,c4,p19,l3,0.00
i49,e10,c4,p21,l3,0.00
i49,e10,c4,p33,l3,0.00
i49,e10,c4,p35,l3,0.00
i49,e11,c1,p01,l2,0.00
i49,e11,c1,p01,l3,0.00
i49,e11,c1,p03,l3,0.00
i49,e11,c1,p09,l2,0.00
i49,e11,c1,p10,l3,0.00
i49,e11,c1,p13,l2,0.00
i49,e11,c1,p13,l3,0.00
i49,e11,c1,p14,l3,0.00
i49,e11,c1,p17,l2,0.00
i49,e11,c1,p17,l3,0.00
i49,e11,c1,p18,l2,0.00
i49,e11,c1,p18,l3,0.00
i49,e11,c1,p19,l2,0.00
i49,e11,c1,p19,l3,0.00
i49,e11,c1,p20,l3,0.00
i49,e11,c1,p21,l2,0.00
i49,e11,c1,p21,l3,0.00
i49,e11,c1,p23,l3,0.00
i49,e11,c1,p29,l3,0.00
i49,e11,c1,p33,l2,0.00
i49,e11,c1,p33,l3,0.00
i49,e11,c1,p35,l2,0.00
i49,e11,c1,p35,l3,0.00
i49,e11,c4,p01,l2,0.00
i49,e11,c4,p01,l3,0.00
i49,e11,c4,p05,l3,0.00
i49,e11,c4,p33,l2,0.00
i49,e11,c4,p33,l3,0.00
i49,e11,c4,p35,l3,0.00
i49,e12,c1,p01,l3,0.00
i49,e12,c1,p33,l3,0.00
i49,e12,c1,p35,l3,0.00
i49,e12,c4,p33,l3,0.00
i50,e01,c1,p05,l3,0.00
i50,e01,c1,p06,l3,0.00
i50,e01,c1,p07,l3,0.00
i50,e01,c1,p08,l3,0.00
i50,e01,c1,p09,l3,0.00
i50,e01,c1,p10,l3,0.00
i50,e01,c1,p11,l3,0.00
i50,e01,c1,p12,l3,0.00
i50,e01,c1,p13,l3,0.00
i50,e01,c1,p14,l3,0.00
i50,e01,c1,p15,l3,0.00
i50,e01,c1,p16,l3,0.00
i50,e01,c1,p17,l3,0.00
i50,e01,c1,p18,l3,0.00
i50,e01,c1,p19,l3,0.00
i50,e01,c1,p20,l3,0.00
i50,e01,c1,p21,l3,0.00
i50,e01,c1,p22,l3,0.00
i50,e01,c1,p23,l3,0.00
i50,e01,c1,p24,l3,0.00
i50,e01,c1,p25,l3,0.00
i50,e01,c1,p26,l3,0.00
i50,e01,c1,p28,l3,0.00
i50,e01,c1,p29,l3,0.00
i50,e01,c1,p31,l3,0.00
i50,e01,c1,p32,l3,0.00
i50,e01,c1,p33,l3,0.00
i50,e01,c1,p34,l3,0.00
i50,e01,c1,p35,l3,0.00
i50,e04,c1,p03,l3,0.00
i50,e04,c1,p05,l1,0.00
i50,e04,c1,p05,l3,0.00
i50,e04,c1,p06,l1,0.00
i50,e04,c1,p06,l3,0.00
i50,e04,c1,p07,l1,0.00
i50,e04,c1,p07,l3,0.00
i50,e04,c1,p08,l1,0.00
i50,e04,c1,p08,l3,0.00
i50,e04,c1,p09,l1,0.00
i50,e04,c1,p09,l3,0.00
i50,e04,c1,p10,l1,0.00
i50,e04,c1,p10,l3,20.85
i50,e04,c1,p11,l1,0.00
i50,e04,c1,p11,l3,0.00
i50,e04,c1,p12,l1,0.00
i50,e04,c1,p12,l3,0.00
i50,e04,c1,p13,l1,0.00
i50,e04,c1,p13,l3,0.00
i50,e04,c1,p14,l1,0.00
i50,e04,c1,p14,l3,0.00
i50,e04,c1,p15,l1,0.00
i50,e04,c1,p15,l3,0.00
i50,e04,c1,p16,l1,0.00
i50,e04,c1,p16,l3,0.00
i50,e04,c1,p17,l3,0.00
i50,e04,c1,p18,l1,0.00
i50,e04,c1,p18,l3,0.00
i50,e04,c1,p19,l1,0.00
i50,e04,c1,p19,l3,0.00
i50,e04,c1,p20,l1,0.00
i50,e04,c1,p20,l3,0.00
i50,e04,c1,p21,l1,0.00
i50,e04,c1,p21,l3,0.00
i50,e04,c1,p22,l1,0.00
i50,e04,c1,p22,l3,0.00
i50,e04,c1,p23,l1,0.00
i50,e04,c1,p23,l3,0.00
i50,e04,c1,p24,l1,0.00
i50,e04,c1,p24,l3,0.00
i50,e04,c1,p25,l1,0.00
i50,e04,c1,p25,l3,0.00
i50,e04,c1,p26,l1,0.00
i50,e04,c1,p26,l3,0.00
i50,e04,c1,p28,l1,0.00
i50,e04,c1,p28,l3,0.00
i50,e04,c1,p29,l1,0.00
i50,e04,c1,p29,l3,0.00
i50,e04,c1,p31,l3,0.00
i50,e04,c1,p32,l1,0.00
i50,e04,c1,p32,l3,0.00
i50,e04,c1,p33,l3,0.00
i50,e04,c1,p34,l3,0.00
i50,e04,c1,p35,l1,0.00
i50,e04,c1,p35,l3,0.00
i50,e05,c1,p05,l3,0.00
i50,e05,c1,p06,l3,0.00
i50,e05,c1,p09,l1,0.00
i50,e05,c1,p10,l1,0.00
i50,e05,c1,p10,l3,0.00
i50,e05,c1,p15,l1,0.00
i50,e05,c1,p15,l3,0.00
i50,e05,c1,p18,l3,0.00
i50,e05,c1,p19,l1,0.00
i50,e05,c1,p23,l3,0.00
i50,e05,c1,p25,l3,0.00
i50,e05,c1,p26,l3,0.00
i50,e05,c1,p35,l1,0.00
i50,e05,c1,p35,l3,0.00
i50,e09,c1,p05,l2,0.00
i50,e09,c1,p05,l3,0.00
i50,e09,c1,p06,l2,0.00
i50,e09,c1,p06,l3,0.00
i50,e09,c1,p07,l2,0.00
i50,e09,c1,p07,l3,0.00
i50,e09,c1,p08,l2,0.00
i50,e09,c1,p08,l3,0.00
i50,e09,c1,p09,l2,0.00
i50,e09,c1,p09,l3,0.00
i50,e09,c1,p10,l2,0.00
i50,e09,c1,p10,l3,4.50
i50,e09,c1,p11,l2,0.00
i50,e09,c1,p11,l3,0.00
i50,e09,c1,p12,l2,0.00
i50,e09,c1,p12,l3,0.00
i50,e09,c1,p13,l2,0.00
i50,e09,c1,p13,l3,0.00
i50,e09,c1,p14,l2,0.00
i50,e09,c1,p14,l3,0.00
i50,e09,c1,p15,l2,0.00
i50,e09,c1,p15,l3,0.00
i50,e09,c1,p16,l2,0.00
i50,e09,c1,p16,l3,0.00
i50,e09,c1,p17,l3,0.00
i50,e09,c1,p18,l2,0.00
i50,e09,c1,p18,l3,0.00
i50,e09,c1,p19,l2,0.00
i50,e09,c1,p19,l3,0.00
i50,e09,c1,p20,l2,0.00
i50,e09,c1,p20,l3,0.00
i50,e09,c1,p21,l2,0.00
i50,e09,c1,p21,l3,0.00
i50,e09,c1,p22,l2,0.00
i50,e09,c1,p22,l3,0.00
i50,e09,c1,p23,l2,0.00
i50,e09,c1,p23,l3,0.00
i50,e09,c1,p24,l2,0.00
i50,e09,c1,p24,l3,0.00
i50,e09,c1,p25,l2,0.00
i50,e09,c1,p25,l3,0.00
i50,e09,c1,p26,l2,0.00
i50,e09,c1,p26,l3,0.00
i50,e09,c1,p28,l2,0.00
i50,e09,c1,p28,l3,0.00
i50,e09,c1,p29,l2,0.00
i50,e09,c1,p29,l3,0.00
i50,e09,c1,p31,l3,0.00
i50,e09,c1,p32,l2,0.00
i50,e09,c1,p32,l3,0.00
i50,e09,c1,p33,l3,0.00
i50,e09,c1,p34,l3,0.00
i50,e09,c1,p35,l2,0.00
i50,e09,c1,p35,l3,1.18
i50,e12,c1,p35,l3,0.00
i51,e01,c4,p35,l3,0.00
i51,e04,c4,p35,l1,0.00
i51,e04,c4,p35,l3,0.00
i51,e05,c4,p35,l3,0.00
i51,e08,c4,p35,l2,0.00
i51,e08,c4,p35,l3,0.00
i51,e09,c4,p35,l2,0.00
i51,e09,c4,p35,l3,0.00
i51,e10,c4,p35,l1,0.00
i51,e10,c4,p35,l3,0.00
i51,e11,c4,p35,l3,0.00
i52,e01,c3,p01,l3,0.00
i52,e01,c3,p10,l3,0.00
i52,e01,c3,p35,l3,0.00
i52,e01,c5,p10,l3,0.00
i52,e01,c5,p35,l3,0.00
i52,e02,c3,p10,l3,0.00
i52,e02,c3,p35,l3,0.00
i52,e02,c5,p35,l3,0.00
i52,e04,c3,p01,l3,0.00
i52,e04,c3,p10,l1,0.00
i52,e04,c3,p10,l3,0.00
i52,e04,c3,p35,l1,0.00
i52,e04,c3,p35,l3,0.00
i52,e04,c5,p10,l3,0.00
i52,e04,c5,p35,l3,0.00
i52,e05,c3,p10,l3,0.00
i52,e05,c3,p35,l3,0.00
i52,e08,c3,p01,l3,0.00
i52,e08,c3,p10,l3,0.00
i52,e08,c3,p35,l3,0.00
i52,e08,c5,p10,l3,0.00
i52,e08,c5,p35,l3,0.00
i52,e09,c3,p01,l3,0.00
i52,e09,c3,p10,l3,0.00
i52,e09,c3,p35,l2,0.00
i52,e09,c3,p35,l3,0.00
i52,e09,c5,p10,l3,0.00
i52,e09,c5,p35,l3,0.00
i52,e11,c3,p01,l3,0.00
i52,e11,c3,p10,l3,0.00
i52,e11,c3,p35,l3,0.00
i53,e01,c5,p35,l3,0.00
i53,e02,c5,p35,l3,0.00
i53,e03,c5,p35,l3,0.00
i53,e04,c5,p35,l3,3.59
i53,e05,c5,p35,l3,0.00
i53,e08,c5,p35,l3,0.00
i53,e09,c5,p35,l3,0.00
i53,e11,c5,p35,l3,4.26
i53,e12,c5,p35,l3,0.00
i53,e13,c5,p10,l3,0.00
i53,e13,c5,p35,l3,3.01
i54,e01,c1,p35,l3,1.58
i54,e01,c4,p35,l3,0.00
i54,e04,c1,p35,l3,0.00
i54,e04,c4,p35,l3,0.00
i54,e05,c1,p35,l3,0.00
i54,e09,c1,p35,l3,0.00
i54,e09,c4,p35,l3,0.00
i54,e12,c1,p35,l3,0.00
i55,e01,c3,p10,l3,1.10
i55,e01,c5,p01,l3,0.00
i55,e01,c5,p03,l3,0.00
i55,e01,c5,p06,l3,0.00
i55,e01,c5,p10,l3,0.00
i55,e01,c5,p33,l3,0.00
i55,e01,c5,p35,l3,0.00
i55,e02,c5,p03,l3,0.00
i55,e02,c5,p10,l3,0.00
i55,e02,c5,p35,l3,0.00
i55,e03,c3,p10,l3,0.00
i55,e03,c5,p01,l3,0.00
i55,e03,c5,p03,l3,0.00
i55,e03,c5,p06,l3,0.00
i55,e03,c5,p10,l3,8.57
i55,e03,c5,p19,l3,0.00
i55,e03,c5,p24,l3,0.00
i55,e03,c5,p33,l3,0.00
i55,e03,c5,p35,l3,26.30
i55,e04,c3,p10,l3,0.00
i55,e04,c5,p01,l3,0.00
i55,e04,c5,p03,l3,0.00
i55,e04,c5,p06,l3,0.00
i55,e04,c5,p10,l3,12.05
i55,e04,c5,p19,l3,0.00
i55,e04,c5,p33,l3,0.00
i55,e04,c5,p35,l3,0.00
i55,e05,c3,p10,l3,0.00
i55,e05,c5,p01,l3,0.00
i55,e05,c5,p03,l3,0.00
i55,e05,c5,p10,l3,0.00
i55,e05,c5,p24,l3,0.00
i55,e05,c5,p33,l3,0.00
i55,e05,c5,p35,l3,0.00
i55,e07,c5,p01,l3,0.00
i55,e07,c5,p06,l3,0.00
i55,e07,c5,p10,l3,0.00
i55,e07,c5,p35,l3,0.00
i55,e08,c3,p10,l3,0.00
i55,e08,c5,p01,l3,0.00
i55,e08,c5,p03,l3,0.00
i55,e08,c5,p06,l3,0.00
i55,e08,c5,p10,l3,13.93
i55,e08,c5,p19,l3,0.00
i55,e08,c5,p33,l3,0.00
i55,e08,c5,p35,l3,10.41
i55,e09,c3,p10,l3,0.00
i55,e09,c5,p01,l3,0.00
i55,e09,c5,p03,l3,0.00
i55,e09,c5,p06,l3,0.00
i55,e09,c5,p10,l3,0.00
i55,e09,c5,p33,l3,0.00
i55,e09,c5,p35,l3,0.00
i55,e12,c3,p10,l3,0.00
i55,e12,c5,p01,l3,0.00
i55,e12,c5,p03,l3,0.00
i55,e12,c5,p06,l3,0.00
i55,e12,c5,p10,l3,3.28
i55,e12,c5,p35,l3,0.00
i55,e13,c3,p10,l3,0.00
i55,e13,c5,p01,l3,0.00
i55,e13,c5,p03,l3,0.00
i55,e13,c5,p06,l3,0.00
i55,e13,c5,p10,l3,0.00
i55,e13,c5,p19,l3,0.00
i55,e13,c5,p24,l3,0.00
i55,e13,c5,p35,l3,0.00
i56,e01,c5,p10,l3,0.00
i56,e01,c5,p35,l3,0.00
i56,e02,c3,p10,l3,0.00
i56,e02,c5,p10,l3,0.00
i56,e04,c5,p01,l3,0.00
i56,e04,c5,p10,l3,0.00
i56,e04,c5,p35,l3,0.00
i56,e05,c3,p10,l3,0.00
i56,e05,c5,p01,l3,0.00
i56,e05,c5,p10,l3,0.00
i56,e05,c5,p35,l3,0.00
i56,e07,c3,p10,l3,0.00
i56,e07,c5,p10,l3,0.00
i56,e07,c5,p35,l3,0.00
i56,e08,c5,p01,l3,0.00
i56,e08,c5,p10,l3,0.00
i56,e08,c5,p16,l3,0.00
i56,e08,c5,p35,l3,0.00
i56,e09,c3,p10,l3,0.00
i56,e09,c5,p10,l3,0.00
i56,e09,c5,p35,l3,0.00
i56,e11,c3,p10,l3,0.00
i56,e11,c5,p03,l3,0.00
i56,e11,c5,p10,l3,0.00
i56,e11,c5,p35,l3,0.00
i56,e12,c5,p10,l3,0.00
i56,e12,c5,p35,l3,0.00
i57,e12,c2,p10,l3,0.00
i57,e12,c8,p01,l3,0.00
i57,e12,c8,p03,l3,0.00
i57,e12,c8,p04,l3,0.00
i57,e12,c8,p05,l3,0.00
i57,e12,c8,p07,l3,0.00
i57,e12,c8,p10,l3,1.03
i57,e12,c8,p11,l3,0.00
i57,e12,c8,p15,l3,0.00
i57,e12,c8,p16,l3,0.00
i57,e12,c8,p19,l3,0.00
i57,e12,c8,p20,l3,0.00
i57,e12,c8,p21,l3,0.00
i57,e12,c8,p22,l3,0.00
i57,e12,c8,p33,l3,0.00
i58,e01,c5,p10,l3,0.00
i58,e01,c5,p35,l3,0.00
i58,e03,c5,p10,l3,0.00
i58,e03,c5,p35,l3,0.00
i58,e04,c5,p10,l3,0.00
i58,e04,c5,p35,l3,0.00
i58,e05,c3,p35,l3,0.00
i58,e05,c5,p10,l3,0.00
i58,e05,c5,p35,l3,0.00
i58,e07,c5,p35,l3,0.00
i58,e08,c3,p35,l3,0.00
i58,e08,c5,p10,l3,0.00
i58,e08,c5,p35,l3,0.00
i58,e09,c5,p10,l3,0.00
i58,e09,c5,p35,l3,0.00
i58,e11,c5,p10,l3,0.00
i58,e11,c5,p35,l3,0.00
i58,e12,c5,p10,l3,0.00
i58,e12,c5,p35,l3,0.00
i59,e01,c3,p01,l3,0.00
i59,e01,c3,p10,l3,0.00
i59,e01,c3,p16,l3,0.00
i59,e01,c3,p21,l3,0.00
i59,e01,c3,p35,l3,0.00
i59,e01,c5,p01,l3,0.00
i59,e01,c5,p02,l3,0.00
i59,e01,c5,p03,l3,0.00
i59,e01,c5,p04,l3,0.00
i59,e01,c5,p05,l3,0.00
i59,e01,c5,p06,l3,0.00
i59,e01,c5,p07,l3,0.00
i59,e01,c5,p08,l3,0.00
i59,e01,c5,p10,l3,0.00
i59,e01,c5,p11,l3,0.00
i59,e01,c5,p12,l3,0.00
i59,e01,c5,p13,l3,0.00
i59,e01,c5,p14,l3,0.00
i59,e01,c5,p15,l3,0.00
i59,e01,c5,p16,l3,0.00
i59,e01,c5,p17,l3,0.00
i59,e01,c5,p18,l3,0.00
i59,e01,c5,p19,l3,0.00
i59,e01,c5,p20,l3,0.00
i59,e01,c5,p21,l3,0.00
i59,e01,c5,p22,l3,0.00
i59,e01,c5,p23,l3,0.00
i59,e01,c5,p24,l3,0.00
i59,e01,c5,p25,l3,0.00
i59,e01,c5,p28,l3,0.00
i59,e01,c5,p29,l3,0.00
i59,e01,c5,p32,l3,0.00
i59,e01,c5,p33,l3,0.00
i59,e01,c5,p35,l3,0.00
i59,e02,c3,p10,l3,0.00
i59,e02,c5,p01,l1,0.00
i59,e02,c5,p01,l3,0.00
i59,e02,c5,p10,l1,0.00
i59,e02,c5,p10,l3,0.00
i59,e02,c5,p12,l1,0.00
i59,e02,c5,p12,l3,0.00
i59,e02,c5,p19,l3,0.00
i59,e02,c5,p21,l3,0.00
i59,e02,c5,p35,l3,0.00
i59,e04,c3,p01,l3,0.00
i59,e04,c3,p10,l3,0.00
i59,e04,c3,p11,l3,0.00
i59,e04,c3,p35,l3,0.00
i59,e04,c5,p01,l1,0.00
i59,e04,c5,p01,l3,0.00
i59,e04,c5,p02,l3,0.00
i59,e04,c5,p03,l3,0.00
i59,e04,c5,p04,l3,0.00
i59,e04,c5,p05,l3,0.00
i59,e04,c5,p06,l1,0.00
i59,e04,c5,p06,l3,0.00
i59,e04,c5,p07,l3,0.00
i59,e04,c5,p08,l3,0.00
i59,e04,c5,p09,l3,0.00
i59,e04,c5,p10,l1,0.00
i59,e04,c5,p10,l3,0.00
i59,e04,c5,p11,l3,0.00
i59,e04,c5,p12,l1,0.00
i59,e04,c5,p12,l3,0.00
i59,e04,c5,p13,l3,0.00
i59,e04,c5,p14,l3,0.00
i59,e04,c5,p15,l1,0.00
i59,e04,c5,p15,l3,0.00
i59,e04,c5,p16,l3,0.00
i59,e04,c5,p17,l3,0.00
i59,e04,c5,p18,l3,0.00
i59,e04,c5,p19,l1,0.00
i59,e04,c5,p19,l3,0.00
i59,e04,c5,p20,l3,0.00
i59,e04,c5,p21,l1,0.00
i59,e04,c5,p21,l3,0.00
i59,e04,c5,p22,l3,0.00
i59,e04,c5,p23,l3,0.00
i59,e04,c5,p24,l3,0.00
i59,e04,c5,p25,l3,0.00
i59,e04,c5,p28,l1,0.00
i59,e04,c5,p28,l3,0.00
i59,e04,c5,p29,l3,0.00
i59,e04,c5,p30,l3,0.00
i59,e04,c5,p32,l3,0.00
i59,e04,c5,p33,l3,0.00
i59,e04,c5,p35,l1,0.00
i59,e04,c5,p35,l3,0.00
i59,e05,c3,p01,l3,0.00
i59,e05,c3,p10,l1,0.00
i59,e05,c3,p10,l3,0.00
i59,e05,c3,p35,l1,0.00
i59,e05,c3,p35,l3,0.00
i59,e05,c5,p01,l1,0.00
i59,e05,c5,p01,l3,0.00
i59,e05,c5,p02,l3,0.00
i59,e05,c5,p03,l3,0.00
i59,e05,c5,p04,l3,0.00
i59,e05,c5,p05,l3,0.00
i59,e05,c5,p06,l3,0.00
i59,e05,c5,p10,l1,0.00
i59,e05,c5,p10,l3,0.00
i59,e05,c5,p11,l3,0.00
i59,e05,c5,p12,l1,0.00
i59,e05,c5,p12,l3,0.00
i59,e05,c5,p13,l1,0.00
i59,e05,c5,p13,l3,0.00
i59,e05,c5,p15,l1,0.00
i59,e05,c5,p15,l3,0.00
i59,e05,c5,p16,l3,0.00
i59,e05,c5,p17,l3,0.00
i59,e05,c5,p19,l1,0.00
i59,e05,c5,p19,l3,0.00
i59,e05,c5,p21,l1,0.00
i59,e05,c5,p21,l3,0.00
i59,e05,c5,p23,l3,0.00
i59,e05,c5,p24,l3,0.00
i59,e05,c5,p25,l3,0.00
i59,e05,c5,p26,l1,0.00
i59,e05,c5,p28,l3,0.00
i59,e05,c5,p30,l3,0.00
i59,e05,c5,p33,l3,0.00
i59,e05,c5,p35,l1,0.00
i59,e05,c5,p35,l3,0.00
i59,e07,c3,p35,l3,0.00
i59,e07,c5,p01,l3,0.00
i59,e07,c5,p05,l3,0.00
i59,e07,c5,p06,l3,0.00
i59,e07,c5,p07,l2,0.00
i59,e07,c5,p07,l3,0.00
i59,e07,c5,p08,l3,0.00
i59,e07,c5,p10,l2,0.00
i59,e07,c5,p10,l3,0.00
i59,e07,c5,p11,l3,0.00
i59,e07,c5,p12,l2,0.00
i59,e07,c5,p12,l3,0.00
i59,e07,c5,p15,l3,0.00
i59,e07,c5,p18,l3,0.00
i59,e07,c5,p19,l3,0.00
i59,e07,c5,p21,l3,0.00
i59,e07,c5,p28,l3,0.00
i59,e07,c5,p31,l3,0.00
i59,e07,c5,p35,l3,0.00
i59,e08,c3,p10,l2,0.00
i59,e08,c3,p10,l3,0.00
i59,e08,c3,p19,l3,0.00
i59,e08,c3,p21,l3,0.00
i59,e08,c3,p35,l2,0.00
i59,e08,c3,p35,l3,0.00
i59,e08,c5,p01,l2,0.00
i59,e08,c5,p01,l3,0.00
i59,e08,c5,p02,l3,0.00
i59,e08,c5,p03,l3,0.00
i59,e08,c5,p04,l2,0.00
i59,e08,c5,p04,l3,0.00
i59,e08,c5,p05,l3,0.00
i59,e08,c5,p06,l2,0.00
i59,e08,c5,p06,l3,0.00
i59,e08,c5,p07,l2,0.00
i59,e08,c5,p07,l3,0.00
i59,e08,c5,p08,l2,0.00
i59,e08,c5,p08,l3,0.00
i59,e08,c5,p09,l3,0.00
i59,e08,c5,p10,l2,0.00
i59,e08,c5,p10,l3,2.09
i59,e08,c5,p11,l2,0.00
i59,e08,c5,p11,l3,0.00
i59,e08,c5,p12,l2,0.00
i59,e08,c5,p12,l3,0.00
i59,e08,c5,p13,l3,0.00
i59,e08,c5,p14,l2,0.00
i59,e08,c5,p14,l3,0.00
i59,e08,c5,p15,l2,0.00
i59,e08,c5,p15,l3,0.00
i59,e08,c5,p16,l2,0.00
i59,e08,c5,p16,l3,0.00
i59,e08,c5,p17,l2,0.00
i59,e08,c5,p17,l3,0.00
i59,e08,c5,p18,l3,0.00
i59,e08,c5,p19,l2,0.00
i59,e08,c5,p19,l3,0.00
i59,e08,c5,p20,l3,0.00
i59,e08,c5,p21,l2,0.00
i59,e08,c5,p21,l3,0.00
i59,e08,c5,p22,l3,0.00
i59,e08,c5,p23,l2,0.00
i59,e08,c5,p23,l3,0.00
i59,e08,c5,p24,l2,0.00
i59,e08,c5,p24,l3,0.00
i59,e08,c5,p25,l2,0.00
i59,e08,c5,p25,l3,0.00
i59,e08,c5,p26,l2,0.00
i59,e08,c5,p28,l2,0.00
i59,e08,c5,p28,l3,0.00
i59,e08,c5,p29,l3,0.00
i59,e08,c5,p30,l3,0.00
i59,e08,c5,p31,l3,0.00
i59,e08,c5,p32,l3,0.00
i59,e08,c5,p33,l3,0.00
i59,e08,c5,p35,l2,0.00
i59,e08,c5,p35,l3,0.00
i59,e09,c3,p01,l3,0.00
i59,e09,c3,p10,l3,0.00
i59,e09,c3,p35,l3,0.00
i59,e09,c5,p01,l2,0.00
i59,e09,c5,p01,l3,0.00
i59,e09,c5,p02,l3,0.00
i59,e09,c5,p03,l3,0.00
i59,e09,c5,p04,l3,0.00
i59,e09,c5,p05,l3,0.00
i59,e09,c5,p06,l3,0.00
i59,e09,c5,p07,l3,0.00
i59,e09,c5,p08,l3,0.00
i59,e09,c5,p10,l2,0.00
i59,e09,c5,p10,l3,0.00
i59,e09,c5,p11,l3,0.00
i59,e09,c5,p12,l2,0.00
i59,e09,c5,p12,l3,0.00
i59,e09,c5,p13,l3,0.00
i59,e09,c5,p14,l3,0.00
i59,e09,c5,p15,l2,0.00
i59,e09,c5,p15,l3,0.00
i59,e09,c5,p16,l3,0.00
i59,e09,c5,p17,l3,0.00
i59,e09,c5,p18,l3,0.00
i59,e09,c5,p19,l2,0.00
i59,e09,c5,p19,l3,0.00
i59,e09,c5,p21,l2,0.00
i59,e09,c5,p21,l3,0.00
i59,e09,c5,p22,l3,0.00
i59,e09,c5,p23,l3,0.00
i59,e09,c5,p24,l3,0.00
i59,e09,c5,p25,l3,0.00
i59,e09,c5,p28,l2,0.00
i59,e09,c5,p28,l3,0.00
i59,e09,c5,p29,l3,0.00
i59,e09,c5,p30,l3,0.00
i59,e09,c5,p32,l3,0.00
i59,e09,c5,p33,l3,0.00
i59,e09,c5,p35,l2,0.00
i59,e09,c5,p35,l3,0.00
i59,e11,c3,p10,l2,0.00
i59,e11,c3,p10,l3,0.00
i59,e11,c5,p01,l2,0.00
i59,e11,c5,p01,l3,0.00
i59,e11,c5,p03,l3,0.00
i59,e11,c5,p04,l3,0.00
i59,e11,c5,p05,l3,0.00
i59,e11,c5,p07,l3,0.00
i59,e11,c5,p08,l3,0.00
i59,e11,c5,p10,l2,0.00
i59,e11,c5,p10,l3,0.00
i59,e11,c5,p11,l2,0.00
i59,e11,c5,p11,l3,0.00
i59,e11,c5,p12,l2,0.00
i59,e11,c5,p12,l3,0.00
i59,e11,c5,p14,l3,0.00
i59,e11,c5,p15,l2,0.00
i59,e11,c5,p15,l3,0.00
i59,e11,c5,p16,l3,0.00
i59,e11,c5,p18,l3,0.00
i59,e11,c5,p19,l2,0.00
i59,e11,c5,p19,l3,0.00
i59,e11,c5,p21,l2,0.00
i59,e11,c5,p21,l3,0.00
i59,e11,c5,p22,l3,0.00
i59,e11,c5,p23,l3,0.00
i59,e11,c5,p25,l2,0.00
i59,e11,c5,p28,l2,0.00
i59,e11,c5,p28,l3,0.00
i59,e11,c5,p35,l2,0.00
i59,e11,c5,p35,l3,0.00
i59,e12,c3,p13,l3,0.00
i59,e12,c3,p16,l3,0.00
i59,e12,c5,p01,l3,0.00
i59,e12,c5,p03,l3,0.00
i59,e12,c5,p04,l3,0.00
i59,e12,c5,p05,l3,0.00
i59,e12,c5,p06,l3,0.00
i59,e12,c5,p07,l3,0.00
i59,e12,c5,p10,l3,12.23
i59,e12,c5,p11,l3,0.00
i59,e12,c5,p12,l3,1.03
i59,e12,c5,p13,l3,0.00
i59,e12,c5,p14,l3,0.00
i59,e12,c5,p15,l3,0.00
i59,e12,c5,p16,l3,0.00
i59,e12,c5,p19,l3,0.00
i59,e12,c5,p20,l3,0.00
i59,e12,c5,p21,l3,0.00
i59,e12,c5,p25,l3,0.00
i59,e12,c5,p26,l3,0.00
i59,e12,c5,p28,l3,0.00
i59,e12,c5,p29,l3,0.00
i59,e12,c5,p35,l3,0.00
i60,e01,c3,p10,l3,1.47
i60,e01,c5,p10,l3,0.00
i60,e01,c5,p35,l3,0.00
i60,e02,c3,p10,l3,0.00
i60,e02,c5,p10,l3,0.00
i60,e04,c3,p10,l3,0.00
i60,e04,c5,p10,l3,0.00
i60,e04,c5,p35,l3,0.00
i60,e05,c3,p10,l3,0.00
i60,e05,c5,p10,l3,0.00
i60,e05,c5,p35,l3,0.00
i60,e08,c3,p10,l3,0.00
i60,e08,c5,p10,l3,0.00
i60,e08,c5,p35,l3,0.00
i60,e09,c3,p10,l3,0.00
i60,e09,c5,p10,l3,0.00
i60,e09,c5,p35,l3,0.00
i60,e11,c3,p10,l3,0.00
i60,e11,c5,p10,l3,0.00
i61,e01,c1,p06,l3,0.00
i61,e01,c1,p12,l3,0.00
i61,e01,c1,p35,l3,9.10
i61,e01,c4,p35,l3,0.00
i61,e04,c1,p06,l3,0.00
i61,e04,c1,p12,l1,0.00
i61,e04,c1,p12,l3,0.00
i61,e04,c1,p35,l1,0.00
i61,e04,c1,p35,l3,0.00
i61,e04,c4,p35,l1,0.00
i61,e04,c4,p35,l3,0.00
i61,e05,c1,p35,l1,0.00
i61,e05,c1,p35,l3,0.00
i61,e05,c4,p35,l1,0.00
i61,e05,c4,p35,l3,0.00
i61,e06,c1,p35,l3,0.00
i61,e07,c1,p35,l2,0.00
i61,e07,c1,p35,l3,0.00
i61,e07,c4,p35,l2,0.00
i61,e07,c4,p35,l3,0.00
i61,e08,c1,p02,l3,0.00
i61,e08,c1,p05,l3,0.00
i61,e08,c1,p06,l3,0.00
i61,e08,c1,p12,l2,0.00
i61,e08,c1,p12,l3,0.00
i61,e08,c1,p21,l3,0.00
i61,e08,c1,p35,l2,0.00
i61,e08,c1,p35,l3,9.86
i61,e08,c4,p35,l2,0.00
i61,e08,c4,p35,l3,0.00
i61,e09,c1,p02,l3,0.00
i61,e09,c1,p06,l3,0.00
i61,e09,c1,p12,l3,0.00
i61,e09,c1,p35,l2,0.00
i61,e09,c1,p35,l3,0.00
i61,e09,c4,p35,l2,0.00
i61,e09,c4,p35,l3,0.00
i61,e10,c1,p35,l1,0.00
i61,e10,c1,p35,l3,0.00
i61,e10,c4,p35,l1,0.00
i61,e10,c4,p35,l3,0.00
i61,e11,c1,p35,l2,0.00
i61,e11,c1,p35,l3,12.04
i61,e11,c4,p35,l2,0.00
i61,e11,c4,p35,l3,3.08
i61,e12,c1,p35,l3,1.44
i61,e12,c4,p35,l3,0.00
i62,e01,c1,p35,l3,0.00
i62,e01,c4,p35,l3,0.00
i62,e04,c1,p35,l1,0.00
i62,e04,c1,p35,l3,0.00
i62,e04,c4,p35,l3,0.00
i62,e09,c1,p35,l2,0.00
i62,e09,c1,p35,l3,0.00
i62,e09,c4,p35,l3,0.00
i63,e01,c1,p01,l3,0.00
i63,e01,c1,p02,l3,0.00
i63,e01,c1,p03,l3,0.00
i63,e01,c1,p05,l3,0.00
i63,e01,c1,p10,l3,0.00
i63,e01,c1,p12,l3,0.00
i63,e01,c1,p24,l3,0.00
i63,e01,c1,p26,l3,0.00
i63,e01,c1,p30,l3,0.00
i63,e01,c1,p32,l3,0.00
i63,e01,c1,p35,l3,0.00
i63,e01,c4,p01,l3,0.00
i63,e01,c4,p10,l3,0.00
i63,e01,c7,p10,l3,0.00
i63,e03,c1,p01,l3,0.00
i63,e03,c1,p02,l3,0.00
i63,e03,c1,p03,l3,0.00
i63,e03,c1,p04,l3,0.00
i63,e03,c1,p05,l3,0.00
i63,e03,c1,p08,l3,0.00
i63,e03,c1,p10,l3,18.76
i63,e03,c1,p12,l3,0.00
i63,e03,c1,p15,l3,0.00
i63,e03,c1,p19,l3,0.00
i63,e03,c1,p24,l3,0.00
i63,e03,c1,p26,l3,0.00
i63,e03,c1,p28,l3,0.00
i63,e03,c1,p30,l3,0.00
i63,e03,c1,p32,l3,0.00
i63,e03,c1,p35,l3,0.00
i63,e03,c4,p01,l3,0.00
i63,e03,c4,p03,l3,0.00
i63,e03,c4,p10,l3,1.32
i63,e03,c4,p35,l3,0.00
i63,e03,c7,p01,l3,0.00
i63,e03,c7,p10,l3,0.00
i63,e03,c7,p15,l3,0.00
i63,e04,c1,p01,l3,0.00
i63,e04,c1,p02,l3,0.00
i63,e04,c1,p03,l3,0.00
i63,e04,c1,p05,l3,0.00
i63,e04,c1,p09,l3,0.00
i63,e04,c1,p10,l3,6.17
i63,e04,c1,p12,l3,0.00
i63,e04,c1,p15,l3,0.00
i63,e04,c1,p19,l3,0.00
i63,e04,c1,p26,l3,0.00
i63,e04,c1,p28,l3,0.00
i63,e04,c1,p30,l3,0.00
i63,e04,c1,p32,l3,0.00
i63,e04,c1,p35,l3,0.00
i63,e04,c4,p01,l3,0.00
i63,e04,c4,p10,l3,0.00
i63,e04,c7,p01,l3,0.00
i63,e04,c7,p10,l3,0.00
i63,e04,c7,p15,l3,0.00
i63,e05,c1,p01,l3,0.00
i63,e05,c1,p03,l3,0.00
i63,e05,c1,p10,l3,0.00
i63,e05,c1,p35,l3,0.00
i63,e05,c4,p01,l3,0.00
i63,e05,c4,p10,l3,0.00
i63,e06,c1,p01,l3,0.00
i63,e06,c1,p03,l3,0.00
i63,e06,c1,p05,l3,0.00
i63,e06,c1,p10,l3,0.00
i63,e06,c1,p12,l3,0.00
i63,e06,c1,p35,l3,0.00
i63,e06,c4,p10,l3,0.00
i63,e06,c7,p01,l3,0.00
i63,e06,c7,p10,l3,0.00
i63,e07,c1,p01,l3,0.00
i63,e07,c1,p10,l3,0.00
i63,e08,c1,p01,l3,3.23
i63,e08,c1,p02,l3,0.00
i63,e08,c1,p03,l3,0.00
i63,e08,c1,p04,l3,0.00
i63,e08,c1,p05,l3,0.00
i63,e08,c1,p06,l3,0.00
i63,e08,c1,p08,l3,0.00
i63,e08,c1,p09,l3,0.00
i63,e08,c1,p10,l3,952.20
i63,e08,c1,p12,l3,0.00
i63,e08,c1,p15,l3,0.00
i63,e08,c1,p19,l3,0.00
i63,e08,c1,p24,l3,0.00
i63,e08,c1,p26,l3,0.00
i63,e08,c1,p28,l3,0.00
i63,e08,c1,p30,l3,0.00
i63,e08,c1,p32,l3,0.00
i63,e08,c1,p35,l3,0.00
i63,e08,c4,p01,l3,0.00
i63,e08,c4,p03,l3,0.00
i63,e08,c4,p10,l3,0.00
i63,e08,c4,p35,l3,0.00
i63,e08,c7,p01,l3,0.00
i63,e08,c7,p10,l3,0.00
i63,e08,c7,p15,l3,0.00
i63,e09,c1,p01,l3,0.00
i63,e09,c1,p03,l3,0.00
i63,e09,c1,p10,l3,0.00
i63,e09,c1,p12,l3,0.00
i63,e09,c1,p24,l3,0.00
i63,e09,c1,p26,l3,0.00
i63,e09,c1,p30,l3,0.00
i63,e09,c1,p32,l3,0.00
i63,e09,c1,p35,l3,0.00
i63,e09,c4,p10,l3,0.00
i63,e09,c7,p10,l3,0.00
i63,e10,c1,p01,l1,0.00
i63,e10,c1,p01,l2,0.00
i63,e10,c1,p01,l3,8.40
i63,e10,c1,p01,l4,44.76
i63,e10,c1,p02,l3,0.00
i63,e10,c1,p02,l4,0.00
i63,e10,c1,p03,l1,0.00
i63,e10,c1,p03,l2,0.00
i63,e10,c1,p03,l3,0.00
i63,e10,c1,p03,l4,0.00
i63,e10,c1,p04,l1,0.00
i63,e10,c1,p04,l3,0.00
i63,e10,c1,p04,l4,0.00
i63,e10,c1,p05,l1,0.00
i63,e10,c1,p05,l2,0.00
i63,e10,c1,p05,l3,0.00
i63,e10,c1,p05,l4,0.00
i63,e10,c1,p06,l3,0.00
i63,e10,c1,p06,l4,0.00
i63,e10,c1,p08,l1,0.00
i63,e10,c1,p08,l2,0.00
i63,e10,c1,p08,l3,0.00
i63,e10,c1,p08,l4,0.00
i63,e10,c1,p09,l2,0.00
i63,e10,c1,p09,l3,0.00
i63,e10,c1,p09,l4,0.00
i63,e10,c1,p10,l1,0.00
i63,e10,c1,p10,l2,0.00
i63,e10,c1,p10,l3,240.75
i63,e10,c1,p10,l4,240.45
i63,e10,c1,p11,l3,0.00
i63,e10,c1,p11,l4,0.00
i63,e10,c1,p12,l1,0.00
i63,e10,c1,p12,l2,0.00
i63,e10,c1,p12,l3,0.00
i63,e10,c1,p12,l4,0.00
i63,e10,c1,p15,l3,0.00
i63,e10,c1,p15,l4,0.00
i63,e10,c1,p19,l3,0.00
i63,e10,c1,p19,l4,0.00
i63,e10,c1,p24,l3,0.00
i63,e10,c1,p24,l4,0.00
i63,e10,c1,p26,l1,0.00
i63,e10,c1,p26,l2,0.00
i63,e10,c1,p26,l3,0.00
i63,e10,c1,p26,l4,0.00
i63,e10,c1,p28,l1,0.00
i63,e10,c1,p28,l2,0.00
i63,e10,c1,p28,l3,0.00
i63,e10,c1,p28,l4,0.00
i63,e10,c1,p30,l1,0.00
i63,e10,c1,p30,l2,0.00
i63,e10,c1,p30,l3,0.00
i63,e10,c1,p30,l4,0.00
i63,e10,c1,p32,l2,0.00
i63,e10,c1,p32,l3,0.00
i63,e10,c1,p32,l4,0.00
i63,e10,c1,p35,l1,0.00
i63,e10,c1,p35,l2,0.00
i63,e10,c1,p35,l3,6.30
i63,e10,c1,p35,l4,24.58
i63,e10,c4,p01,l2,0.00
i63,e10,c4,p01,l3,0.00
i63,e10,c4,p01,l4,0.00
i63,e10,c4,p03,l2,0.00
i63,e10,c4,p03,l3,0.00
i63,e10,c4,p03,l4,0.00
i63,e10,c4,p10,l1,0.00
i63,e10,c4,p10,l2,0.00
i63,e10,c4,p10,l3,78.73
i63,e10,c4,p10,l4,14.23
i63,e10,c4,p35,l2,0.00
i63,e10,c4,p35,l3,0.00
i63,e10,c4,p35,l4,0.00
i63,e10,c7,p01,l1,0.00
i63,e10,c7,p01,l2,0.00
i63,e10,c7,p01,l3,0.00
i63,e10,c7,p01,l4,0.00
i63,e10,c7,p10,l1,0.00
i63,e10,c7,p10,l2,0.00
i63,e10,c7,p10,l3,0.00
i63,e10,c7,p10,l4,0.00
i63,e10,c7,p15,l1,0.00
i63,e10,c7,p15,l3,0.00
i63,e10,c7,p15,l4,0.00
i63,e11,c1,p01,l3,2.37
i63,e11,c1,p02,l3,0.00
i63,e11,c1,p03,l3,0.00
i63,e11,c1,p04,l3,0.00
i63,e11,c1,p05,l3,0.00
i63,e11,c1,p06,l3,0.00
i63,e11,c1,p08,l3,0.00
i63,e11,c1,p09,l3,0.00
i63,e11,c1,p10,l3,15.31
i63,e11,c1,p12,l3,0.00
i63,e11,c1,p15,l3,0.00
i63,e11,c1,p19,l3,0.00
i63,e11,c1,p24,l3,0.00
i63,e11,c1,p26,l3,0.00
i63,e11,c1,p28,l3,0.00
i63,e11,c1,p30,l3,0.00
i63,e11,c1,p32,l3,0.00
i63,e11,c1,p35,l3,0.00
i63,e11,c4,p01,l3,0.00
i63,e11,c4,p03,l3,0.00
i63,e11,c4,p10,l3,1.42
i63,e11,c4,p35,l3,0.00
i63,e11,c7,p01,l3,0.00
i63,e11,c7,p10,l3,0.00
i63,e11,c7,p15,l3,0.00
i63,e12,c1,p01,l3,0.00
i63,e12,c1,p10,l3,0.00
i63,e12,c1,p35,l3,0.00
i64,e01,c3,p01,l3,0.00
i64,e01,c3,p02,l3,0.00
i64,e01,c3,p03,l3,0.00
i64,e01,c3,p04,l3,0.00
i64,e01,c3,p05,l3,0.00
i64,e01,c3,p06,l3,0.00
i64,e01,c3,p07,l3,0.00
i64,e01,c3,p08,l3,0.00
i64,e01,c3,p09,l3,0.00
i64,e01,c3,p10,l3,0.00
i64,e01,c3,p11,l3,0.00
i64,e01,c3,p12,l3,0.00
i64,e01,c3,p13,l3,0.00
i64,e01,c3,p14,l3,0.00
i64,e01,c3,p15,l3,0.00
i64,e01,c3,p16,l3,0.00
i64,e01,c3,p17,l3,0.00
i64,e01,c3,p18,l3,0.00
i64,e01,c3,p19,l3,0.00
i64,e01,c3,p20,l3,0.00
i64,e01,c3,p21,l3,0.00
i64,e01,c3,p22,l3,0.00
i64,e01,c3,p23,l3,0.00
i64,e01,c3,p24,l3,0.00
i64,e01,c3,p28,l3,0.00
i64,e01,c3,p29,l3,0.00
i64,e01,c3,p35,l3,0.00
i64,e01,c5,p01,l3,0.00
i64,e01,c5,p03,l3,0.00
i64,e01,c5,p04,l3,0.00
i64,e01,c5,p05,l3,0.00
i64,e01,c5,p06,l3,0.00
i64,e01,c5,p10,l3,0.00
i64,e01,c5,p11,l3,0.00
i64,e01,c5,p12,l3,0.00
i64,e01,c5,p13,l3,0.00
i64,e01,c5,p14,l3,0.00
i64,e01,c5,p15,l3,0.00
i64,e01,c5,p16,l3,0.00
i64,e01,c5,p17,l3,0.00
i64,e01,c5,p18,l3,0.00
i64,e01,c5,p19,l3,0.00
i64,e01,c5,p20,l3,0.00
i64,e01,c5,p21,l3,0.00
i64,e01,c5,p22,l3,0.00
i64,e01,c5,p24,l3,0.00
i64,e01,c5,p29,l3,0.00
i64,e01,c5,p35,l3,0.00
i64,e02,c3,p02,l1,0.00
i64,e02,c3,p02,l3,0.00
i64,e02,c3,p04,l1,0.00
i64,e02,c3,p05,l3,0.00
i64,e02,c3,p07,l3,0.00
i64,e02,c3,p10,l1,0.00
i64,e02,c3,p10,l3,0.00
i64,e02,c3,p11,l3,0.00
i64,e02,c3,p12,l3,0.00
i64,e02,c3,p15,l3,0.00
i64,e02,c3,p16,l3,0.00
i64,e02,c3,p17,l3,0.00
i64,e02,c3,p19,l3,0.00
i64,e02,c3,p21,l3,0.00
i64,e02,c3,p35,l3,0.00
i64,e02,c5,p17,l3,0.00
i64,e04,c3,p01,l3,0.00
i64,e04,c3,p02,l1,0.00
i64,e04,c3,p02,l3,0.00
i64,e04,c3,p03,l1,0.00
i64,e04,c3,p03,l3,0.00
i64,e04,c3,p04,l1,0.00
i64,e04,c3,p04,l3,0.00
i64,e04,c3,p05,l1,0.00
i64,e04,c3,p05,l3,0.00
i64,e04,c3,p06,l1,0.00
i64,e04,c3,p06,l3,0.00
i64,e04,c3,p07,l1,0.00
i64,e04,c3,p07,l3,0.00
i64,e04,c3,p09,l3,0.00
i64,e04,c3,p10,l1,0.00
i64,e04,c3,p10,l3,0.00
i64,e04,c3,p11,l1,0.00
i64,e04,c3,p11,l3,0.00
i64,e04,c3,p12,l1,0.00
i64,e04,c3,p12,l3,0.00
i64,e04,c3,p13,l1,0.00
i64,e04,c3,p13,l3,0.00
i64,e04,c3,p14,l1,0.00
i64,e04,c3,p14,l3,0.00
i64,e04,c3,p15,l1,0.00
i64,e04,c3,p15,l3,0.00
i64,e04,c3,p16,l1,0.00
i64,e04,c3,p16,l3,0.00
i64,e04,c3,p17,l1,0.00
i64,e04,c3,p17,l3,0.00
i64,e04,c3,p18,l1,0.00
i64,e04,c3,p18,l3,0.00
i64,e04,c3,p19,l1,0.00
i64,e04,c3,p19,l3,0.00
i64,e04,c3,p20,l1,0.00
i64,e04,c3,p20,l3,0.00
i64,e04,c3,p21,l1,0.00
i64,e04,c3,p21,l3,0.00
i64,e04,c3,p22,l1,0.00
i64,e04,c3,p22,l3,0.00
i64,e04,c3,p23,l1,0.00
i64,e04,c3,p23,l3,0.00
i64,e04,c3,p24,l1,0.00
i64,e04,c3,p24,l3,0.00
i64,e04,c3,p28,l3,0.00
i64,e04,c3,p29,l1,0.00
i64,e04,c3,p29,l3,0.00
i64,e04,c3,p35,l1,0.00
i64,e04,c3,p35,l3,0.00
i64,e04,c5,p01,l3,0.00
i64,e04,c5,p03,l3,0.00
i64,e04,c5,p04,l3,0.00
i64,e04,c5,p05,l3,0.00
i64,e04,c5,p06,l3,0.00
i64,e04,c5,p07,l3,0.00
i64,e04,c5,p10,l1,0.00
i64,e04,c5,p10,l3,0.00
i64,e04,c5,p11,l3,0.00
i64,e04,c5,p12,l3,0.00
i64,e04,c5,p13,l1,0.00
i64,e04,c5,p13,l3,0.00
i64,e04,c5,p15,l3,0.00
i64,e04,c5,p17,l1,0.00
i64,e04,c5,p17,l3,0.00
i64,e04,c5,p18,l3,0.00
i64,e04,c5,p19,l3,0.00
i64,e04,c5,p20,l1,0.00
i64,e04,c5,p20,l3,0.00
i64,e04,c5,p21,l1,0.00
i64,e04,c5,p21,l3,0.00
i64,e04,c5,p22,l3,0.00
i64,e04,c5,p24,l3,0.00
i64,e04,c5,p29,l1,0.00
i64,e04,c5,p35,l1,0.00
i64,e04,c5,p35,l3,0.00
i64,e05,c3,p01,l3,0.00
i64,e05,c3,p02,l1,0.00
i64,e05,c3,p02,l3,0.00
i64,e05,c3,p03,l3,0.00
i64,e05,c3,p04,l1,0.00
i64,e05,c3,p04,l3,0.00
i64,e05,c3,p05,l1,0.00
i64,e05,c3,p05,l3,0.00
i64,e05,c3,p06,l1,0.00
i64,e05,c3,p06,l3,0.00
i64,e05,c3,p07,l1,0.00
i64,e05,c3,p07,l3,0.00
i64,e05,c3,p10,l1,0.00
i64,e05,c3,p10,l3,0.00
i64,e05,c3,p11,l1,0.00
i64,e05,c3,p11,l3,0.00
i64,e05,c3,p12,l1,0.00
i64,e05,c3,p12,l3,0.00
i64,e05,c3,p13,l1,0.00
i64,e05,c3,p13,l3,0.00
i64,e05,c3,p14,l3,0.00
i64,e05,c3,p15,l1,0.00
i64,e05,c3,p15,l3,0.00
i64,e05,c3,p16,l1,0.00
i64,e05,c3,p16,l3,0.00
i64,e05,c3,p17,l1,0.00
i64,e05,c3,p17,l3,0.00
i64,e05,c3,p18,l3,0.00
i64,e05,c3,p19,l1,0.00
i64,e05,c3,p19,l3,0.00
i64,e05,c3,p21,l1,0.00
i64,e05,c3,p21,l3,0.00
i64,e05,c3,p22,l1,0.00
i64,e05,c3,p22,l3,0.00
i64,e05,c3,p23,l1,0.00
i64,e05,c3,p23,l3,0.00
i64,e05,c3,p24,l3,0.00
i64,e05,c3,p28,l3,0.00
i64,e05,c3,p29,l1,0.00
i64,e05,c3,p29,l3,0.00
i64,e05,c3,p35,l1,0.00
i64,e05,c3,p35,l3,0.00
i64,e05,c5,p05,l3,0.00
i64,e05,c5,p10,l1,0.00
i64,e05,c5,p10,l3,0.00
i64,e05,c5,p11,l3,0.00
i64,e05,c5,p13,l3,0.00
i64,e05,c5,p16,l3,0.00
i64,e05,c5,p19,l3,0.00
i64,e05,c5,p20,l3,0.00
i64,e05,c5,p22,l3,0.00
i64,e05,c5,p24,l3,0.00
i64,e05,c5,p29,l3,0.00
i64,e05,c5,p35,l1,0.00
i64,e05,c5,p35,l3,0.00
i64,e08,c3,p01,l2,0.00
i64,e08,c3,p01,l3,0.00
i64,e08,c3,p02,l2,0.00
i64,e08,c3,p02,l3,0.00
i64,e08,c3,p03,l2,0.00
i64,e08,c3,p03,l3,0.00
i64,e08,c3,p04,l2,0.00
i64,e08,c3,p04,l3,0.00
i64,e08,c3,p05,l2,0.00
i64,e08,c3,p05,l3,0.00
i64,e08,c3,p06,l2,0.00
i64,e08,c3,p06,l3,0.00
i64,e08,c3,p07,l2,0.00
i64,e08,c3,p07,l3,0.00
i64,e08,c3,p09,l3,0.00
i64,e08,c3,p10,l2,0.00
i64,e08,c3,p10,l3,0.00
i64,e08,c3,p11,l2,0.00
i64,e08,c3,p11,l3,0.00
i64,e08,c3,p12,l2,0.00
i64,e08,c3,p12,l3,0.00
i64,e08,c3,p13,l2,0.00
i64,e08,c3,p13,l3,0.00
i64,e08,c3,p14,l2,0.00
i64,e08,c3,p14,l3,0.00
i64,e08,c3,p15,l2,0.00
i64,e08,c3,p15,l3,0.00
i64,e08,c3,p16,l2,0.00
i64,e08,c3,p16,l3,0.00
i64,e08,c3,p17,l2,0.00
i64,e08,c3,p17,l3,0.00
i64,e08,c3,p18,l2,0.00
i64,e08,c3,p18,l3,0.00
i64,e08,c3,p19,l2,0.00
i64,e08,c3,p19,l3,0.00
i64,e08,c3,p20,l2,0.00
i64,e08,c3,p20,l3,0.00
i64,e08,c3,p21,l2,0.00
i64,e08,c3,p21,l3,0.00
i64,e08,c3,p22,l2,0.00
i64,e08,c3,p22,l3,0.00
i64,e08,c3,p23,l2,0.00
i64,e08,c3,p23,l3,0.00
i64,e08,c3,p24,l2,0.00
i64,e08,c3,p24,l3,0.00
i64,e08,c3,p28,l3,0.00
i64,e08,c3,p29,l2,0.00
i64,e08,c3,p29,l3,0.00
i64,e08,c3,p35,l2,0.00
i64,e08,c3,p35,l3,0.00
i64,e08,c5,p01,l3,0.00
i64,e08,c5,p03,l3,0.00
i64,e08,c5,p04,l3,0.00
i64,e08,c5,p05,l2,0.00
i64,e08,c5,p05,l3,0.00
i64,e08,c5,p06,l3,0.00
i64,e08,c5,p10,l2,0.00
i64,e08,c5,p10,l3,0.00
i64,e08,c5,p11,l2,0.00
i64,e08,c5,p11,l3,0.00
i64,e08,c5,p12,l3,0.00
i64,e08,c5,p13,l3,0.00
i64,e08,c5,p15,l3,0.00
i64,e08,c5,p16,l2,0.00
i64,e08,c5,p16,l3,0.00
i64,e08,c5,p17,l2,0.00
i64,e08,c5,p17,l3,0.00
i64,e08,c5,p18,l3,0.00
i64,e08,c5,p19,l3,0.00
i64,e08,c5,p20,l3,0.00
i64,e08,c5,p21,l2,0.00
i64,e08,c5,p21,l3,0.00
i64,e08,c5,p22,l3,0.00
i64,e08,c5,p23,l2,0.00
i64,e08,c5,p23,l3,0.00
i64,e08,c5,p24,l2,0.00
i64,e08,c5,p24,l3,0.00
i64,e08,c5,p28,l3,0.00
i64,e08,c5,p35,l2,0.00
i64,e08,c5,p35,l3,0.00
i64,e09,c3,p01,l3,0.00
i64,e09,c3,p02,l2,0.00
i64,e09,c3,p02,l3,0.00
i64,e09,c3,p03,l2,0.00
i64,e09,c3,p03,l3,0.00
i64,e09,c3,p04,l2,0.00
i64,e09,c3,p04,l3,0.00
i64,e09,c3,p05,l2,0.00
i64,e09,c3,p05,l3,0.00
i64,e09,c3,p06,l2,0.00
i64,e09,c3,p06,l3,0.00
i64,e09,c3,p07,l2,0.00
i64,e09,c3,p07,l3,0.00
i64,e09,c3,p08,l3,0.00
i64,e09,c3,p09,l3,0.00
i64,e09,c3,p10,l2,0.00
i64,e09,c3,p10,l3,0.00
i64,e09,c3,p11,l2,0.00
i64,e09,c3,p11,l3,0.00
i64,e09,c3,p12,l2,0.00
i64,e09,c3,p12,l3,0.00
i64,e09,c3,p13,l2,0.00
i64,e09,c3,p13,l3,0.00
i64,e09,c3,p14,l2,0.00
i64,e09,c3,p14,l3,0.00
i64,e09,c3,p15,l2,0.00
i64,e09,c3,p15,l3,0.00
i64,e09,c3,p16,l2,0.00
i64,e09,c3,p16,l3,0.00
i64,e09,c3,p17,l2,0.00
i64,e09,c3,p17,l3,0.00
i64,e09,c3,p18,l2,0.00
i64,e09,c3,p18,l3,0.00
i64,e09,c3,p19,l2,0.00
i64,e09,c3,p19,l3,0.00
i64,e09,c3,p20,l2,0.00
i64,e09,c3,p20,l3,0.00
i64,e09,c3,p21,l2,0.00
i64,e09,c3,p21,l3,0.00
i64,e09,c3,p22,l3,0.00
i64,e09,c3,p23,l2,0.00
i64,e09,c3,p23,l3,0.00
i64,e09,c3,p24,l2,0.00
i64,e09,c3,p24,l3,0.00
i64,e09,c3,p28,l3,0.00
i64,e09,c3,p29,l3,0.00
i64,e09,c3,p35,l2,0.00
i64,e09,c3,p35,l3,0.00
i64,e09,c5,p01,l3,0.00
i64,e09,c5,p03,l3,0.00
i64,e09,c5,p05,l2,0.00
i64,e09,c5,p05,l3,0.00
i64,e09,c5,p07,l3,0.00
i64,e09,c5,p10,l2,0.00
i64,e09,c5,p10,l3,0.00
i64,e09,c5,p11,l3,0.00
i64,e09,c5,p12,l3,0.00
i64,e09,c5,p15,l3,0.00
i64,e09,c5,p16,l2,0.00
i64,e09,c5,p16,l3,0.00
i64,e09,c5,p17,l2,0.00
i64,e09,c5,p17,l3,0.00
i64,e09,c5,p18,l3,0.00
i64,e09,c5,p19,l3,0.00
i64,e09,c5,p20,l3,0.00
i64,e09,c5,p21,l3,0.00
i64,e09,c5,p24,l2,0.00
i64,e09,c5,p24,l3,0.00
i64,e09,c5,p28,l3,0.00
i64,e09,c5,p35,l2,0.00
i64,e09,c5,p35,l3,0.00
i64,e10,c3,p05,l1,0.00
i64,e10,c3,p06,l1,0.00
i64,e10,c3,p07,l1,0.00
i64,e10,c3,p10,l1,0.00
i64,e10,c3,p10,l3,0.00
i64,e10,c3,p11,l1,0.00
i64,e10,c3,p15,l1,0.00
i64,e10,c3,p19,l1,0.00
i64,e10,c3,p21,l1,0.00
i64,e10,c3,p35,l1,0.00
i64,e10,c5,p03,l1,0.00
i64,e10,c5,p06,l1,0.00
i64,e10,c5,p10,l1,0.00
i64,e10,c5,p11,l1,0.00
i64,e10,c5,p17,l1,0.00
i64,e10,c5,p19,l1,0.00
i64,e10,c5,p35,l1,0.00
i64,e11,c3,p04,l3,0.00
i64,e11,c3,p05,l3,0.00
i64,e11,c3,p07,l3,0.00
i64,e11,c3,p10,l3,0.00
i64,e11,c3,p12,l3,0.00
i64,e11,c3,p15,l3,0.00
i64,e11,c3,p17,l3,0.00
i64,e11,c3,p18,l3,0.00
i64,e11,c3,p19,l3,0.00
i64,e11,c3,p21,l3,0.00
i64,e11,c3,p35,l2,0.00
i64,e11,c3,p35,l3,0.00
i64,e11,c5,p01,l3,0.00
i64,e11,c5,p10,l3,0.00
i64,e11,c5,p11,l3,0.00
i64,e11,c5,p21,l3,0.00
i64,e11,c5,p35,l3,0.00
i65,e01,c3,p03,l3,0.00
i65,e01,c3,p10,l3,0.00
i65,e01,c3,p35,l3,0.00
i65,e01,c5,p10,l3,0.00
i65,e02,c3,p10,l3,0.00
i65,e02,c5,p35,l3,0.00
i65,e04,c3,p01,l3,0.00
i65,e04,c3,p03,l3,0.00
i65,e04,c3,p10,l1,0.00
i65,e04,c3,p10,l3,0.00
i65,e04,c3,p17,l3,0.00
i65,e04,c3,p35,l1,0.00
i65,e04,c3,p35,l3,0.00
i65,e04,c5,p10,l3,0.00
i65,e04,c5,p24,l3,0.00
i65,e05,c3,p10,l1,0.00
i65,e05,c3,p10,l3,0.00
i65,e05,c3,p35,l3,0.00
i65,e05,c5,p10,l3,0.00
i65,e05,c5,p35,l3,0.00
i65,e08,c3,p01,l2,0.00
i65,e08,c3,p01,l3,0.00
i65,e08,c3,p03,l3,0.00
i65,e08,c3,p10,l2,0.00
i65,e08,c3,p10,l3,0.00
i65,e08,c3,p17,l3,0.00
i65,e08,c3,p35,l2,0.00
i65,e08,c3,p35,l3,0.00
i65,e08,c5,p10,l3,0.00
i65,e08,c5,p35,l3,0.00
i65,e09,c3,p10,l2,0.00
i65,e09,c3,p10,l3,0.00
i65,e09,c3,p35,l2,0.00
i65,e09,c3,p35,l3,0.00
i65,e09,c5,p10,l3,0.00
i65,e11,c3,p10,l3,0.00
i65,e11,c3,p35,l3,0.00
i65,e11,c5,p10,l3,0.00
i65,e11,c5,p24,l3,0.00
i66,e01,c3,p01,l3,0.00
i66,e01,c3,p02,l3,0.00
i66,e01,c3,p03,l3,0.00
i66,e01,c3,p04,l3,0.00
i66,e01,c3,p05,l3,0.00
i66,e01,c3,p06,l3,0.00
i66,e01,c3,p07,l3,0.00
i66,e01,c3,p08,l3,0.00
i66,e01,c3,p09,l3,0.00
i66,e01,c3,p10,l3,3.11
i66,e01,c3,p11,l3,0.00
i66,e01,c3,p12,l3,0.00
i66,e01,c3,p13,l3,0.00
i66,e01,c3,p14,l3,0.00
i66,e01,c3,p15,l3,0.00
i66,e01,c3,p16,l3,0.00
i66,e01,c3,p17,l3,0.00
i66,e01,c3,p18,l3,0.00
i66,e01,c3,p19,l3,0.00
i66,e01,c3,p20,l3,0.00
i66,e01,c3,p21,l3,0.00
i66,e01,c3,p22,l3,0.00
i66,e01,c3,p23,l3,0.00
i66,e01,c3,p24,l3,1.23
i66,e01,c3,p25,l3,0.00
i66,e01,c3,p26,l3,0.00
i66,e01,c3,p28,l3,0.00
i66,e01,c3,p29,l3,0.00
i66,e01,c3,p31,l3,0.00
i66,e01,c3,p32,l3,0.00
i66,e01,c3,p35,l3,4.10
i66,e04,c3,p01,l3,0.00
i66,e04,c3,p02,l3,1.54
i66,e04,c3,p03,l3,0.00
i66,e04,c3,p04,l3,0.00
i66,e04,c3,p05,l3,1.21
i66,e04,c3,p06,l3,0.00
i66,e04,c3,p07,l3,0.00
i66,e04,c3,p08,l3,0.00
i66,e04,c3,p09,l3,0.00
i66,e04,c3,p10,l3,7.00
i66,e04,c3,p11,l3,0.00
i66,e04,c3,p12,l3,1.80
i66,e04,c3,p13,l3,1.38
i66,e04,c3,p14,l3,0.00
i66,e04,c3,p15,l3,0.00
i66,e04,c3,p16,l3,0.00
i66,e04,c3,p17,l3,0.00
i66,e04,c3,p18,l3,5.18
i66,e04,c3,p19,l3,1.21
i66,e04,c3,p20,l3,0.00
i66,e04,c3,p21,l3,0.00
i66,e04,c3,p22,l3,0.00
i66,e04,c3,p23,l3,0.00
i66,e04,c3,p24,l3,1.47
i66,e04,c3,p25,l3,2.07
i66,e04,c3,p26,l3,0.00
i66,e04,c3,p28,l3,0.00
i66,e04,c3,p29,l3,0.00
i66,e04,c3,p31,l3,0.00
i66,e04,c3,p32,l3,0.00
i66,e04,c3,p35,l3,33.61
i66,e09,c3,p01,l3,0.00
i66,e09,c3,p02,l3,0.00
i66,e09,c3,p03,l3,0.00
i66,e09,c3,p04,l3,0.00
i66,e09,c3,p05,l3,0.00
i66,e09,c3,p06,l3,0.00
i66,e09,c3,p07,l3,0.00
i66,e09,c3,p08,l3,0.00
i66,e09,c3,p09,l3,0.00
i66,e09,c3,p10,l3,1.07
i66,e09,c3,p11,l3,0.00
i66,e09,c3,p12,l3,0.00
i66,e09,c3,p13,l3,0.00
i66,e09,c3,p14,l3,0.00
i66,e09,c3,p15,l3,0.00
i66,e09,c3,p16,l3,0.00
i66,e09,c3,p17,l3,0.00
i66,e09,c3,p18,l3,0.00
i66,e09,c3,p19,l3,0.00
i66,e09,c3,p20,l3,0.00
i66,e09,c3,p21,l3,0.00
i66,e09,c3,p22,l3,0.00
i66,e09,c3,p23,l3,0.00
i66,e09,c3,p24,l3,0.00
i66,e09,c3,p25,l3,0.00
i66,e09,c3,p26,l3,0.00
i66,e09,c3,p28,l3,0.00
i66,e09,c3,p29,l3,0.00
i66,e09,c3,p32,l3,0.00
i66,e09,c3,p35,l3,1.43
i67,e01,c3,p04,l3,0.00
i67,e01,c3,p05,l3,0.00
i67,e01,c3,p10,l3,0.00
i67,e01,c3,p11,l3,0.00
i67,e01,c3,p12,l3,0.00
i67,e01,c3,p15,l3,0.00
i67,e01,c3,p16,l3,0.00
i67,e01,c3,p19,l3,0.00
i67,e01,c3,p21,l3,0.00
i67,e01,c3,p23,l3,0.00
i67,e01,c3,p29,l3,0.00
i67,e01,c3,p35,l3,0.00
i67,e01,c5,p01,l3,0.00
i67,e01,c5,p02,l3,0.00
i67,e01,c5,p03,l3,0.00
i67,e01,c5,p04,l3,0.00
i67,e01,c5,p05,l3,0.00
i67,e01,c5,p06,l3,0.00
i67,e01,c5,p07,l3,0.00
i67,e01,c5,p08,l3,0.00
i67,e01,c5,p09,l3,0.00
i67,e01,c5,p10,l3,2.87
i67,e01,c5,p11,l3,0.00
i67,e01,c5,p12,l3,0.00
i67,e01,c5,p13,l3,0.00
i67,e01,c5,p14,l3,0.00
i67,e01,c5,p15,l3,0.00
i67,e01,c5,p16,l3,0.00
i67,e01,c5,p17,l3,0.00
i67,e01,c5,p18,l3,0.00
i67,e01,c5,p19,l3,1.88
i67,e01,c5,p20,l3,0.00
i67,e01,c5,p21,l3,0.00
i67,e01,c5,p22,l3,0.00
i67,e01,c5,p23,l3,0.00
i67,e01,c5,p24,l3,0.00
i67,e01,c5,p26,l3,0.00
i67,e01,c5,p28,l3,0.00
i67,e01,c5,p29,l3,0.00
i67,e01,c5,p32,l3,0.00
i67,e01,c5,p33,l3,0.00
i67,e01,c5,p35,l3,0.00
i67,e02,c3,p11,l3,0.00
i67,e02,c3,p19,l3,0.00
i67,e02,c5,p01,l3,0.00
i67,e02,c5,p02,l3,0.00
i67,e02,c5,p04,l3,0.00
i67,e02,c5,p05,l1,0.00
i67,e02,c5,p05,l3,0.00
i67,e02,c5,p06,l3,0.00
i67,e02,c5,p07,l3,0.00
i67,e02,c5,p10,l3,0.00
i67,e02,c5,p11,l3,0.00
i67,e02,c5,p12,l3,0.00
i67,e02,c5,p14,l1,0.00
i67,e02,c5,p14,l3,0.00
i67,e02,c5,p15,l3,0.00
i67,e02,c5,p16,l3,0.00
i67,e02,c5,p17,l3,0.00
i67,e02,c5,p18,l3,0.00
i67,e02,c5,p19,l1,0.00
i67,e02,c5,p19,l3,0.00
i67,e02,c5,p21,l3,0.00
i67,e02,c5,p22,l1,0.00
i67,e02,c5,p24,l3,0.00
i67,e02,c5,p28,l3,0.00
i67,e02,c5,p29,l3,0.00
i67,e02,c5,p35,l3,0.00
i67,e03,c5,p35,l3,0.00
i67,e04,c3,p05,l3,0.00
i67,e04,c3,p10,l1,0.00
i67,e04,c3,p10,l3,0.00
i67,e04,c3,p11,l3,0.00
i67,e04,c3,p12,l3,0.00
i67,e04,c3,p15,l3,0.00
i67,e04,c3,p16,l3,0.00
i67,e04,c3,p19,l1,0.00
i67,e04,c3,p19,l3,0.00
i67,e04,c3,p21,l3,0.00
i67,e04,c3,p23,l1,0.00
i67,e04,c3,p23,l3,0.00
i67,e04,c3,p29,l1,0.00
i67,e04,c3,p29,l3,0.00
i67,e04,c3,p35,l3,0.00
i67,e04,c5,p01,l1,0.00
i67,e04,c5,p01,l3,0.00
i67,e04,c5,p02,l1,0.00
i67,e04,c5,p02,l3,0.00
i67,e04,c5,p03,l1,0.00
i67,e04,c5,p03,l3,0.00
i67,e04,c5,p04,l1,0.00
i67,e04,c5,p04,l3,0.00
i67,e04,c5,p05,l1,0.00
i67,e04,c5,p05,l3,0.00
i67,e04,c5,p06,l1,0.00
i67,e04,c5,p06,l3,0.00
i67,e04,c5,p07,l1,0.00
i67,e04,c5,p07,l3,0.00
i67,e04,c5,p08,l1,0.00
i67,e04,c5,p08,l3,0.00
i67,e04,c5,p09,l1,0.00
i67,e04,c5,p09,l3,0.00
i67,e04,c5,p10,l1,0.00
i67,e04,c5,p10,l3,1.11
i67,e04,c5,p11,l1,0.00
i67,e04,c5,p11,l3,0.00
i67,e04,c5,p12,l1,0.00
i67,e04,c5,p12,l3,0.00
i67,e04,c5,p13,l1,0.00
i67,e04,c5,p13,l3,0.00
i67,e04,c5,p14,l1,0.00
i67,e04,c5,p14,l3,0.00
i67,e04,c5,p15,l1,0.00
i67,e04,c5,p15,l3,0.00
i67,e04,c5,p16,l1,0.00
i67,e04,c5,p16,l3,0.00
i67,e04,c5,p17,l1,0.00
i67,e04,c5,p17,l3,0.00
i67,e04,c5,p18,l1,0.00
i67,e04,c5,p18,l3,0.00
i67,e04,c5,p19,l1,0.00
i67,e04,c5,p19,l3,3.54
i67,e04,c5,p20,l1,0.00
i67,e04,c5,p20,l3,0.00
i67,e04,c5,p21,l1,0.00
i67,e04,c5,p21,l3,0.00
i67,e04,c5,p22,l1,0.00
i67,e04,c5,p22,l3,1.63
i67,e04,c5,p23,l1,0.00
i67,e04,c5,p23,l3,0.00
i67,e04,c5,p24,l1,0.00
i67,e04,c5,p24,l3,0.00
i67,e04,c5,p25,l3,0.00
i67,e04,c5,p28,l1,0.00
i67,e04,c5,p28,l3,0.00
i67,e04,c5,p29,l1,0.00
i67,e04,c5,p29,l3,0.00
i67,e04,c5,p32,l3,0.00
i67,e04,c5,p33,l3,0.00
i67,e04,c5,p35,l1,0.00
i67,e04,c5,p35,l3,0.00
i67,e05,c5,p01,l1,0.00
i67,e05,c5,p01,l3,0.00
i67,e05,c5,p02,l1,0.00
i67,e05,c5,p02,l3,0.00
i67,e05,c5,p03,l3,0.00
i67,e05,c5,p04,l1,0.00
i67,e05,c5,p04,l3,0.00
i67,e05,c5,p05,l1,0.00
i67,e05,c5,p05,l3,0.00
i67,e05,c5,p06,l1,0.00
i67,e05,c5,p06,l3,0.00
i67,e05,c5,p07,l1,0.00
i67,e05,c5,p07,l3,0.00
i67,e05,c5,p08,l1,0.00
i67,e05,c5,p08,l3,0.00
i67,e05,c5,p09,l3,0.00
i67,e05,c5,p10,l1,0.00
i67,e05,c5,p10,l3,0.00
i67,e05,c5,p11,l1,0.00
i67,e05,c5,p11,l3,0.00
i67,e05,c5,p12,l1,0.00
i67,e05,c5,p12,l3,0.00
i67,e05,c5,p13,l1,0.00
i67,e05,c5,p13,l3,0.00
i67,e05,c5,p14,l1,0.00
i67,e05,c5,p14,l3,0.00
i67,e05,c5,p15,l1,0.00
i67,e05,c5,p15,l3,0.00
i67,e05,c5,p16,l1,0.00
i67,e05,c5,p16,l3,0.00
i67,e05,c5,p17,l3,0.00
i67,e05,c5,p18,l1,0.00
i67,e05,c5,p18,l3,0.00
i67,e05,c5,p19,l1,0.00
i67,e05,c5,p19,l3,0.00
i67,e05,c5,p21,l1,0.00
i67,e05,c5,p21,l3,0.00
i67,e05,c5,p22,l1,0.00
i67,e05,c5,p22,l3,0.00
i67,e05,c5,p23,l1,0.00
i67,e05,c5,p24,l1,0.00
i67,e05,c5,p24,l3,0.00
i67,e05,c5,p28,l3,0.00
i67,e05,c5,p29,l3,0.00
i67,e05,c5,p35,l3,0.00
i67,e07,c5,p07,l3,0.00
i67,e08,c3,p05,l3,0.00
i67,e08,c3,p10,l2,0.00
i67,e08,c3,p10,l3,0.00
i67,e08,c3,p11,l3,0.00
i67,e08,c3,p12,l3,0.00
i67,e08,c3,p15,l3,0.00
i67,e08,c3,p19,l2,0.00
i67,e08,c3,p19,l3,0.00
i67,e08,c3,p21,l3,0.00
i67,e08,c3,p23,l3,0.00
i67,e08,c3,p24,l3,0.00
i67,e08,c3,p29,l3,0.00
i67,e08,c5,p01,l2,0.00
i67,e08,c5,p01,l3,0.00
i67,e08,c5,p02,l2,0.00
i67,e08,c5,p02,l3,0.00
i67,e08,c5,p03,l2,0.00
i67,e08,c5,p03,l3,0.00
i67,e08,c5,p04,l2,0.00
i67,e08,c5,p04,l3,0.00
i67,e08,c5,p05,l2,0.00
i67,e08,c5,p05,l3,0.00
i67,e08,c5,p06,l2,0.00
i67,e08,c5,p06,l3,0.00
i67,e08,c5,p07,l2,0.00
i67,e08,c5,p07,l3,0.00
i67,e08,c5,p08,l2,0.00
i67,e08,c5,p08,l3,0.00
i67,e08,c5,p09,l2,0.00
i67,e08,c5,p09,l3,0.00
i67,e08,c5,p10,l2,0.00
i67,e08,c5,p10,l3,0.00
i67,e08,c5,p11,l2,0.00
i67,e08,c5,p11,l3,0.00
i67,e08,c5,p12,l2,0.00
i67,e08,c5,p12,l3,0.00
i67,e08,c5,p13,l2,0.00
i67,e08,c5,p13,l3,0.00
i67,e08,c5,p14,l2,0.00
i67,e08,c5,p14,l3,0.00
i67,e08,c5,p15,l2,0.00
i67,e08,c5,p15,l3,0.00
i67,e08,c5,p16,l2,0.00
i67,e08,c5,p16,l3,0.00
i67,e08,c5,p17,l2,0.00
i67,e08,c5,p17,l3,1.24
i67,e08,c5,p18,l2,0.00
i67,e08,c5,p18,l3,0.00
i67,e08,c5,p19,l2,0.00
i67,e08,c5,p19,l3,1.16
i67,e08,c5,p20,l2,0.00
i67,e08,c5,p20,l3,0.00
i67,e08,c5,p21,l2,0.00
i67,e08,c5,p21,l3,0.00
i67,e08,c5,p22,l2,0.00
i67,e08,c5,p22,l3,0.00
i67,e08,c5,p23,l2,0.00
i67,e08,c5,p23,l3,0.00
i67,e08,c5,p24,l2,0.00
i67,e08,c5,p24,l3,0.00
i67,e08,c5,p25,l3,0.00
i67,e08,c5,p26,l3,0.00
i67,e08,c5,p28,l2,0.00
i67,e08,c5,p28,l3,0.00
i67,e08,c5,p29,l2,0.00
i67,e08,c5,p29,l3,0.00
i67,e08,c5,p32,l3,0.00
i67,e08,c5,p35,l2,0.00
i67,e08,c5,p35,l3,0.00
i67,e09,c3,p01,l3,0.00
i67,e09,c3,p05,l3,0.00
i67,e09,c3,p10,l3,0.00
i67,e09,c3,p11,l3,0.00
i67,e09,c3,p12,l3,0.00
i67,e09,c3,p15,l3,0.00
i67,e09,c3,p19,l2,0.00
i67,e09,c3,p19,l3,0.00
i67,e09,c3,p21,l3,0.00
i67,e09,c3,p29,l2,0.00
i67,e09,c3,p29,l3,0.00
i67,e09,c3,p35,l3,0.00
i67,e09,c5,p01,l2,0.00
i67,e09,c5,p01,l3,0.00
i67,e09,c5,p02,l2,0.00
i67,e09,c5,p02,l3,0.00
i67,e09,c5,p03,l2,0.00
i67,e09,c5,p03,l3,0.00
i67,e09,c5,p04,l2,0.00
i67,e09,c5,p04,l3,0.00
i67,e09,c5,p05,l2,0.00
i67,e09,c5,p05,l3,0.00
i67,e09,c5,p06,l2,0.00
i67,e09,c5,p06,l3,0.00
i67,e09,c5,p07,l2,0.00
i67,e09,c5,p07,l3,0.00
i67,e09,c5,p08,l2,0.00
i67,e09,c5,p08,l3,0.00
i67,e09,c5,p09,l2,0.00
i67,e09,c5,p09,l3,0.00
i67,e09,c5,p10,l2,0.00
i67,e09,c5,p10,l3,0.00
i67,e09,c5,p11,l2,0.00
i67,e09,c5,p11,l3,0.00
i67,e09,c5,p12,l2,0.00
i67,e09,c5,p12,l3,0.00
i67,e09,c5,p13,l2,0.00
i67,e09,c5,p13,l3,0.00
i67,e09,c5,p14,l2,0.00
i67,e09,c5,p14,l3,0.00
i67,e09,c5,p15,l2,0.00
i67,e09,c5,p15,l3,0.00
i67,e09,c5,p16,l2,0.00
i67,e09,c5,p16,l3,0.00
i67,e09,c5,p17,l2,0.00
i67,e09,c5,p17,l3,0.00
i67,e09,c5,p18,l2,0.00
i67,e09,c5,p18,l3,0.00
i67,e09,c5,p19,l2,0.00
i67,e09,c5,p19,l3,0.00
i67,e09,c5,p20,l2,0.00
i67,e09,c5,p20,l3,0.00
i67,e09,c5,p21,l2,0.00
i67,e09,c5,p21,l3,0.00
i67,e09,c5,p22,l2,0.00
i67,e09,c5,p22,l3,0.00
i67,e09,c5,p23,l2,0.00
i67,e09,c5,p23,l3,0.00
i67,e09,c5,p24,l2,0.00
i67,e09,c5,p24,l3,0.00
i67,e09,c5,p25,l3,0.00
i67,e09,c5,p26,l3,0.00
i67,e09,c5,p28,l2,0.00
i67,e09,c5,p28,l3,0.00
i67,e09,c5,p29,l2,0.00
i67,e09,c5,p29,l3,0.00
i67,e09,c5,p32,l3,0.00
i67,e09,c5,p35,l2,0.00
i67,e09,c5,p35,l3,0.00
i67,e10,c3,p01,l1,0.00
i67,e10,c3,p01,l3,0.00
i67,e10,c3,p05,l1,0.00
i67,e10,c3,p05,l3,0.00
i67,e10,c3,p10,l1,0.00
i67,e10,c3,p10,l3,0.00
i67,e10,c3,p11,l3,0.00
i67,e10,c3,p12,l3,0.00
i67,e10,c3,p15,l1,0.00
i67,e10,c3,p15,l3,0.00
i67,e10,c3,p16,l1,0.00
i67,e10,c3,p16,l3,0.00
i67,e10,c3,p19,l1,0.00
i67,e10,c3,p19,l3,0.00
i67,e10,c3,p21,l1,0.00
i67,e10,c3,p21,l3,0.00
i67,e10,c3,p23,l3,0.00
i67,e10,c3,p24,l3,0.00
i67,e10,c3,p29,l3,0.00
i67,e10,c3,p35,l1,0.00
i67,e10,c3,p35,l3,0.00
i67,e10,c5,p01,l1,0.00
i67,e10,c5,p01,l3,3.40
i67,e10,c5,p02,l1,0.00
i67,e10,c5,p02,l3,0.00
i67,e10,c5,p03,l1,0.00
i67,e10,c5,p03,l3,0.00
i67,e10,c5,p04,l1,0.00
i67,e10,c5,p04,l3,0.00
i67,e10,c5,p05,l1,0.00
i67,e10,c5,p05,l3,0.00
i67,e10,c5,p06,l1,0.00
i67,e10,c5,p06,l3,0.00
i67,e10,c5,p07,l1,0.00
i67,e10,c5,p07,l3,0.00
i67,e10,c5,p08,l1,0.00
i67,e10,c5,p08,l3,0.00
i67,e10,c5,p09,l1,0.00
i67,e10,c5,p09,l3,0.00
i67,e10,c5,p10,l1,0.00
i67,e10,c5,p10,l3,1.32
i67,e10,c5,p11,l1,0.00
i67,e10,c5,p11,l3,2.45
i67,e10,c5,p12,l1,0.00
i67,e10,c5,p12,l3,0.00
i67,e10,c5,p13,l1,0.00
i67,e10,c5,p13,l3,0.00
i67,e10,c5,p14,l1,0.00
i67,e10,c5,p14,l3,0.00
i67,e10,c5,p15,l1,0.00
i67,e10,c5,p15,l3,0.00
i67,e10,c5,p16,l1,0.00
i67,e10,c5,p16,l3,0.00
i67,e10,c5,p17,l1,0.00
i67,e10,c5,p17,l3,0.00
i67,e10,c5,p18,l1,0.00
i67,e10,c5,p18,l3,0.00
i67,e10,c5,p19,l1,0.00
i67,e10,c5,p19,l3,0.00
i67,e10,c5,p20,l1,0.00
i67,e10,c5,p20,l3,0.00
i67,e10,c5,p21,l1,0.00
i67,e10,c5,p21,l3,0.00
i67,e10,c5,p22,l1,0.00
i67,e10,c5,p22,l3,3.61
i67,e10,c5,p23,l1,0.00
i67,e10,c5,p23,l3,0.00
i67,e10,c5,p24,l1,0.00
i67,e10,c5,p24,l3,2.20
i67,e10,c5,p25,l3,0.00
i67,e10,c5,p26,l1,0.00
i67,e10,c5,p26,l3,0.00
i67,e10,c5,p28,l1,0.00
i67,e10,c5,p28,l3,0.00
i67,e10,c5,p29,l1,0.00
i67,e10,c5,p29,l3,0.00
i67,e10,c5,p31,l1,0.00
i67,e10,c5,p31,l3,0.00
i67,e10,c5,p32,l3,0.00
i67,e10,c5,p33,l3,0.00
i67,e10,c5,p35,l1,0.00
i67,e10,c5,p35,l3,0.00
i67,e11,c5,p01,l3,0.00
i67,e11,c5,p05,l3,0.00
i67,e11,c5,p10,l2,0.00
i67,e11,c5,p10,l3,0.00
i67,e11,c5,p11,l3,0.00
i67,e11,c5,p12,l3,0.00
i67,e11,c5,p15,l3,0.00
i67,e11,c5,p19,l3,0.00
i67,e11,c5,p21,l3,0.00
i67,e11,c5,p35,l2,0.00
i67,e11,c5,p35,l3,0.00
i67,e12,c5,p01,l3,0.00
i67,e12,c5,p02,l3,0.00
i67,e12,c5,p03,l3,0.00
i67,e12,c5,p05,l3,0.00
i67,e12,c5,p08,l3,0.00
i67,e12,c5,p10,l3,0.00
i67,e12,c5,p11,l3,0.00
i67,e12,c5,p13,l3,0.00
i67,e12,c5,p14,l3,0.00
i67,e12,c5,p15,l3,0.00
i67,e12,c5,p17,l3,0.00
i67,e12,c5,p18,l3,0.00
i67,e12,c5,p19,l3,0.00
i67,e12,c5,p20,l3,0.00
i67,e12,c5,p21,l3,0.00
i67,e12,c5,p24,l3,0.00
i67,e12,c5,p29,l3,0.00
i67,e12,c5,p35,l3,0.00
i68,e01,c1,p06,l3,0.00
i68,e01,c1,p09,l3,0.00
i68,e01,c1,p10,l3,0.00
i68,e01,c1,p11,l3,0.00
i68,e01,c1,p12,l3,1.09
i68,e01,c1,p13,l3,0.00
i68,e01,c1,p15,l3,0.00
i68,e01,c1,p16,l3,0.00
i68,e01,c1,p17,l3,0.00
i68,e01,c1,p18,l3,0.00
i68,e01,c1,p19,l3,0.00
i68,e01,c1,p21,l3,0.00
i68,e01,c1,p25,l3,0.00
i68,e01,c1,p27,l3,0.00
i68,e01,c1,p28,l3,0.00
i68,e01,c1,p29,l3,0.00
i68,e01,c1,p35,l3,0.00
i68,e01,c4,p10,l3,0.00
i68,e01,c4,p12,l3,0.00
i68,e01,c4,p35,l3,0.00
i68,e04,c1,p05,l3,0.00
i68,e04,c1,p06,l3,0.00
i68,e04,c1,p07,l3,0.00
i68,e04,c1,p08,l3,0.00
i68,e04,c1,p09,l3,0.00
i68,e04,c1,p10,l3,0.00
i68,e04,c1,p11,l3,0.00
i68,e04,c1,p12,l3,0.00
i68,e04,c1,p13,l3,0.00
i68,e04,c1,p15,l3,0.00
i68,e04,c1,p16,l3,0.00
i68,e04,c1,p17,l3,0.00
i68,e04,c1,p18,l3,0.00
i68,e04,c1,p19,l3,0.00
i68,e04,c1,p21,l3,0.00
i68,e04,c1,p24,l3,0.00
i68,e04,c1,p25,l3,0.00
i68,e04,c1,p28,l3,0.00
i68,e04,c1,p29,l3,0.00
i68,e04,c1,p35,l3,0.00
i68,e04,c4,p10,l3,0.00
i68,e04,c4,p12,l3,0.00
i68,e04,c4,p15,l3,0.00
i68,e04,c4,p35,l3,0.00
i68,e05,c1,p10,l3,0.00
i68,e05,c1,p11,l3,0.00
i68,e05,c1,p12,l3,0.00
i68,e05,c1,p15,l3,0.00
i68,e05,c1,p16,l3,0.00
i68,e05,c1,p19,l3,0.00
i68,e05,c1,p21,l3,0.00
i68,e05,c1,p35,l3,9.05
i68,e05,c4,p10,l3,0.00
i68,e05,c4,p35,l3,0.00
i68,e09,c1,p06,l3,0.00
i68,e09,c1,p08,l3,0.00
i68,e09,c1,p10,l3,0.00
i68,e09,c1,p11,l3,0.00
i68,e09,c1,p12,l3,5.31
i68,e09,c1,p13,l3,0.00
i68,e09,c1,p15,l3,0.00
i68,e09,c1,p16,l3,0.00
i68,e09,c1,p17,l3,0.00
i68,e09,c1,p18,l3,0.00
i68,e09,c1,p19,l3,0.00
i68,e09,c1,p21,l3,0.00
i68,e09,c1,p23,l3,0.00
i68,e09,c1,p24,l3,0.00
i68,e09,c1,p25,l3,0.00
i68,e09,c1,p27,l3,0.00
i68,e09,c1,p28,l3,0.00
i68,e09,c1,p35,l3,0.00
i68,e09,c4,p10,l3,0.00
i68,e09,c4,p12,l3,0.00
i68,e09,c4,p35,l3,0.00
i68,e12,c1,p05,l3,0.00
i68,e12,c1,p10,l3,20.65
i68,e12,c1,p11,l3,0.00
i68,e12,c1,p12,l3,0.00
i68,e12,c1,p13,l3,0.00
i68,e12,c1,p15,l3,0.00
i68,e12,c1,p16,l3,0.00
i68,e12,c1,p19,l3,0.00
i68,e12,c1,p21,l3,0.00
i68,e12,c1,p22,l3,0.00
i68,e12,c1,p24,l3,0.00
i68,e12,c1,p28,l3,0.00
i68,e12,c1,p35,l3,39.23
i68,e12,c4,p10,l3,0.00
i68,e12,c4,p12,l3,0.00
i68,e12,c4,p35,l3,0.00
i69,e01,c3,p01,l3,0.00
i69,e01,c3,p03,l3,0.00
i69,e01,c3,p10,l3,0.00
i69,e01,c3,p17,l3,0.00
i69,e01,c3,p19,l3,1.17
i69,e01,c3,p23,l3,0.00
i69,e01,c3,p24,l3,0.00
i69,e01,c3,p35,l3,0.00
i69,e01,c5,p10,l3,0.00
i69,e01,c5,p35,l3,0.00
i69,e02,c3,p10,l3,0.00
i69,e02,c3,p35,l3,0.00
i69,e02,c5,p10,l3,0.00
i69,e02,c5,p35,l3,0.00
i69,e04,c3,p01,l3,0.00
i69,e04,c3,p03,l3,0.00
i69,e04,c3,p10,l3,0.00
i69,e04,c3,p17,l3,0.00
i69,e04,c3,p19,l3,0.00
i69,e04,c3,p21,l3,0.00
i69,e04,c3,p23,l3,0.00
i69,e04,c3,p24,l3,0.00
i69,e04,c3,p35,l3,0.00
i69,e04,c5,p10,l3,0.00
i69,e04,c5,p35,l3,0.00
i69,e05,c3,p10,l3,0.00
i69,e05,c3,p17,l3,0.00
i69,e05,c3,p24,l3,0.00
i69,e05,c5,p10,l3,0.00
i69,e05,c5,p35,l3,0.00
i69,e08,c3,p01,l3,0.00
i69,e08,c3,p03,l3,0.00
i69,e08,c3,p10,l3,0.00
i69,e08,c3,p17,l3,0.00
i69,e08,c3,p19,l3,0.00
i69,e08,c3,p21,l3,0.00
i69,e08,c3,p24,l3,0.00
i69,e08,c3,p35,l3,0.00
i69,e08,c5,p10,l3,0.00
i69,e08,c5,p17,l3,0.00
i69,e08,c5,p35,l3,0.00
i69,e09,c3,p01,l3,0.00
i69,e09,c3,p03,l3,0.00
i69,e09,c3,p10,l3,0.00
i69,e09,c3,p17,l3,0.00
i69,e09,c3,p19,l3,0.00
i69,e09,c3,p23,l3,0.00
i69,e09,c3,p24,l3,0.00
i69,e09,c3,p35,l3,0.00
i69,e09,c5,p10,l3,0.00
i69,e09,c5,p35,l3,0.00
i69,e11,c3,p03,l3,0.00
i69,e11,c3,p10,l3,0.00
i69,e11,c3,p17,l3,0.00
i69,e11,c3,p19,l3,0.00
i69,e11,c3,p23,l3,0.00
i69,e11,c3,p24,l3,0.00
i69,e11,c3,p35,l3,0.00
i69,e11,c5,p01,l3,0.00
i69,e11,c5,p10,l3,0.00
i70,e01,c1,p35,l3,0.00
i70,e04,c1,p35,l3,0.00
i70,e05,c1,p35,l3,0.00
i70,e09,c1,p35,l3,0.00
i71,e01,c1,p10,l3,0.00
i71,e01,c1,p35,l3,0.00
i71,e04,c1,p10,l3,0.00
i71,e04,c1,p35,l3,0.00
i71,e05,c1,p35,l3,0.00
i71,e09,c1,p10,l3,0.00
i71,e09,c1,p35,l3,0.00
i72,e01,c1,p10,l3,0.00
i72,e01,c1,p35,l3,0.00
i72,e04,c1,p10,l3,0.00
i72,e04,c1,p35,l3,0.00
i72,e05,c1,p10,l3,0.00
i72,e05,c1,p35,l3,0.00
i72,e08,c1,p10,l3,32.03
i72,e08,c1,p35,l3,0.00
i72,e09,c1,p10,l3,0.00
i72,e09,c1,p35,l3,0.00
i72,e11,c1,p10,l3,0.00
i72,e11,c1,p35,l3,0.00
i73,e01,c3,p01,l3,0.00
i73,e01,c3,p04,l3,0.00
i73,e01,c3,p10,l3,0.00
i73,e01,c3,p12,l3,0.00
i73,e01,c3,p17,l3,0.00
i73,e01,c3,p19,l3,0.00
i73,e01,c3,p21,l3,0.00
i73,e01,c3,p24,l3,0.00
i73,e01,c3,p35,l3,0.00
i73,e02,c3,p12,l3,0.00
i73,e02,c3,p35,l1,0.00
i73,e02,c3,p35,l3,0.00
i73,e04,c3,p01,l1,0.00
i73,e04,c3,p01,l3,0.00
i73,e04,c3,p04,l1,0.00
i73,e04,c3,p04,l3,0.00
i73,e04,c3,p10,l1,0.00
i73,e04,c3,p10,l3,0.00
i73,e04,c3,p12,l1,0.00
i73,e04,c3,p12,l3,0.00
i73,e04,c3,p17,l1,0.00
i73,e04,c3,p17,l3,0.00
i73,e04,c3,p19,l1,0.00
i73,e04,c3,p19,l3,0.00
i73,e04,c3,p21,l3,0.00
i73,e04,c3,p24,l1,0.00
i73,e04,c3,p24,l3,0.00
i73,e04,c3,p35,l1,0.00
i73,e04,c3,p35,l3,2.65
i73,e05,c3,p01,l3,0.00
i73,e05,c3,p04,l3,0.00
i73,e05,c3,p10,l3,0.00
i73,e05,c3,p12,l3,0.00
i73,e05,c3,p17,l3,0.00
i73,e05,c3,p19,l3,0.00
i73,e05,c3,p24,l3,0.00
i73,e05,c3,p35,l1,0.00
i73,e05,c3,p35,l3,0.00
i73,e09,c3,p01,l3,0.00
i73,e09,c3,p04,l2,0.00
i73,e09,c3,p04,l3,0.00
i73,e09,c3,p10,l2,0.00
i73,e09,c3,p10,l3,0.00
i73,e09,c3,p12,l2,0.00
i73,e09,c3,p12,l3,0.00
i73,e09,c3,p17,l2,0.00
i73,e09,c3,p17,l3,0.00
i73,e09,c3,p19,l2,0.00
i73,e09,c3,p19,l3,0.00
i73,e09,c3,p21,l3,0.00
i73,e09,c3,p24,l3,0.00
i73,e09,c3,p35,l2,0.00
i73,e09,c3,p35,l3,0.00
i74,e01,c3,p04,l3,0.00
i74,e01,c3,p10,l3,0.00
i74,e01,c3,p11,l3,0.00
i74,e01,c3,p13,l3,0.00
i74,e01,c3,p15,l3,0.00
i74,e01,c3,p17,l3,0.00
i74,e01,c3,p22,l3,0.00
i74,e01,c3,p23,l3,0.00
i74,e01,c3,p29,l3,0.00
i74,e01,c5,p01,l3,0.00
i74,e01,c5,p02,l3,0.00
i74,e01,c5,p03,l3,0.00
i74,e01,c5,p04,l3,0.00
i74,e01,c5,p05,l3,0.00
i74,e01,c5,p06,l3,0.00
i74,e01,c5,p07,l3,0.00
i74,e01,c5,p08,l3,0.00
i74,e01,c5,p09,l3,0.00
i74,e01,c5,p10,l3,0.00
i74,e01,c5,p11,l3,0.00
i74,e01,c5,p12,l3,0.00
i74,e01,c5,p13,l3,0.00
i74,e01,c5,p14,l3,0.00
i74,e01,c5,p15,l3,0.00
i74,e01,c5,p16,l3,0.00
i74,e01,c5,p17,l3,0.00
i74,e01,c5,p18,l3,0.00
i74,e01,c5,p19,l3,0.00
i74,e01,c5,p20,l3,0.00
i74,e01,c5,p21,l3,0.00
i74,e01,c5,p22,l3,0.00
i74,e01,c5,p23,l3,0.00
i74,e01,c5,p24,l3,0.00
i74,e01,c5,p25,l3,0.00
i74,e01,c5,p26,l3,0.00
i74,e01,c5,p28,l3,0.00
i74,e01,c5,p29,l3,0.00
i74,e01,c5,p30,l3,0.00
i74,e01,c5,p31,l3,0.00
i74,e01,c5,p32,l3,0.00
i74,e01,c5,p33,l3,0.00
i74,e01,c5,p35,l3,0.00
i74,e02,c3,p03,l3,0.00
i74,e02,c3,p10,l3,0.00
i74,e02,c3,p11,l1,0.00
i74,e02,c3,p11,l3,0.00
i74,e02,c3,p15,l3,0.00
i74,e02,c3,p19,l3,0.00
i74,e02,c5,p01,l1,0.00
i74,e02,c5,p01,l3,0.00
i74,e02,c5,p02,l3,0.00
i74,e02,c5,p03,l3,0.00
i74,e02,c5,p04,l3,0.00
i74,e02,c5,p05,l3,0.00
i74,e02,c5,p06,l3,0.00
i74,e02,c5,p07,l1,0.00
i74,e02,c5,p07,l3,0.00
i74,e02,c5,p08,l3,0.00
i74,e02,c5,p09,l3,0.00
i74,e02,c5,p10,l1,0.00
i74,e02,c5,p10,l3,0.00
i74,e02,c5,p11,l3,0.00
i74,e02,c5,p12,l3,0.00
i74,e02,c5,p13,l1,0.00
i74,e02,c5,p13,l3,0.00
i74,e02,c5,p14,l3,0.00
i74,e02,c5,p15,l1,0.00
i74,e02,c5,p15,l3,0.00
i74,e02,c5,p16,l3,0.00
i74,e02,c5,p17,l3,0.00
i74,e02,c5,p18,l3,0.00
i74,e02,c5,p19,l1,0.00
i74,e02,c5,p19,l3,0.00
i74,e02,c5,p21,l1,0.00
i74,e02,c5,p21,l3,0.00
i74,e02,c5,p22,l1,0.00
i74,e02,c5,p22,l3,0.00
i74,e02,c5,p23,l3,0.00
i74,e02,c5,p24,l3,0.00
i74,e02,c5,p25,l3,0.00
i74,e02,c5,p28,l1,0.00
i74,e02,c5,p29,l1,0.00
i74,e02,c5,p29,l3,0.00
i74,e02,c5,p30,l3,0.00
i74,e02,c5,p35,l3,0.00
i74,e04,c3,p01,l3,0.00
i74,e04,c3,p09,l3,0.00
i74,e04,c3,p10,l3,0.00
i74,e04,c3,p11,l1,0.00
i74,e04,c3,p11,l3,0.00
i74,e04,c3,p14,l3,0.00
i74,e04,c3,p15,l3,0.00
i74,e04,c3,p16,l3,0.00
i74,e04,c3,p18,l3,0.00
i74,e04,c3,p19,l3,0.00
i74,e04,c3,p21,l1,0.00
i74,e04,c3,p21,l3,0.00
i74,e04,c3,p23,l3,0.00
i74,e04,c3,p29,l3,0.00
i74,e04,c3,p35,l3,0.00
i74,e04,c5,p01,l1,0.00
i74,e04,c5,p01,l3,0.00
i74,e04,c5,p02,l1,0.00
i74,e04,c5,p02,l3,0.00
i74,e04,c5,p03,l1,0.00
i74,e04,c5,p03,l3,0.00
i74,e04,c5,p04,l1,0.00
i74,e04,c5,p04,l3,0.00
i74,e04,c5,p05,l1,0.00
i74,e04,c5,p05,l3,0.00
i74,e04,c5,p06,l1,0.00
i74,e04,c5,p06,l3,0.00
i74,e04,c5,p07,l1,0.00
i74,e04,c5,p07,l3,0.00
i74,e04,c5,p08,l1,0.00
i74,e04,c5,p08,l3,0.00
i74,e04,c5,p09,l1,0.00
i74,e04,c5,p09,l3,0.00
i74,e04,c5,p10,l1,0.00
i74,e04,c5,p10,l3,0.00
i74,e04,c5,p11,l1,0.00
i74,e04,c5,p11,l3,0.00
i74,e04,c5,p12,l1,0.00
i74,e04,c5,p12,l3,0.00
i74,e04,c5,p13,l1,0.00
i74,e04,c5,p13,l3,0.00
i74,e04,c5,p14,l1,0.00
i74,e04,c5,p14,l3,0.00
i74,e04,c5,p15,l1,0.00
i74,e04,c5,p15,l3,0.00
i74,e04,c5,p16,l1,0.00
i74,e04,c5,p16,l3,0.00
i74,e04,c5,p17,l1,0.00
i74,e04,c5,p17,l3,0.00
i74,e04,c5,p18,l1,0.00
i74,e04,c5,p18,l3,0.00
i74,e04,c5,p19,l1,0.00
i74,e04,c5,p19,l3,0.00
i74,e04,c5,p20,l1,0.00
i74,e04,c5,p20,l3,0.00
i74,e04,c5,p21,l1,0.00
i74,e04,c5,p21,l3,0.00
i74,e04,c5,p22,l1,0.00
i74,e04,c5,p22,l3,0.00
i74,e04,c5,p23,l1,0.00
i74,e04,c5,p23,l3,0.00
i74,e04,c5,p24,l1,0.00
i74,e04,c5,p24,l3,0.00
i74,e04,c5,p25,l1,0.00
i74,e04,c5,p25,l3,0.00
i74,e04,c5,p26,l3,0.00
i74,e04,c5,p28,l1,0.00
i74,e04,c5,p28,l3,0.00
i74,e04,c5,p29,l1,0.00
i74,e04,c5,p29,l3,0.00
i74,e04,c5,p30,l3,0.00
i74,e04,c5,p31,l1,0.00
i74,e04,c5,p31,l3,0.00
i74,e04,c5,p32,l1,0.00
i74,e04,c5,p32,l3,0.00
i74,e04,c5,p33,l3,0.00
i74,e04,c5,p35,l1,0.00
i74,e04,c5,p35,l3,0.00
i74,e05,c3,p03,l3,0.00
i74,e05,c3,p07,l3,0.00
i74,e05,c3,p10,l3,0.00
i74,e05,c3,p11,l1,0.00
i74,e05,c3,p11,l3,0.00
i74,e05,c3,p15,l3,0.00
i74,e05,c3,p16,l3,0.00
i74,e05,c3,p18,l1,0.00
i74,e05,c3,p18,l3,0.00
i74,e05,c3,p24,l3,0.00
i74,e05,c3,p35,l3,0.00
i74,e05,c5,p01,l1,0.00
i74,e05,c5,p01,l3,0.00
i74,e05,c5,p02,l1,0.00
i74,e05,c5,p02,l3,0.00
i74,e05,c5,p03,l1,0.00
i74,e05,c5,p03,l3,0.00
i74,e05,c5,p04,l1,0.00
i74,e05,c5,p04,l3,0.00
i74,e05,c5,p05,l1,0.00
i74,e05,c5,p05,l3,0.00
i74,e05,c5,p06,l1,0.00
i74,e05,c5,p06,l3,0.00
i74,e05,c5,p07,l1,0.00
i74,e05,c5,p07,l3,0.00
i74,e05,c5,p08,l1,0.00
i74,e05,c5,p08,l3,0.00
i74,e05,c5,p09,l1,0.00
i74,e05,c5,p09,l3,0.00
i74,e05,c5,p10,l1,0.00
i74,e05,c5,p10,l3,1.37
i74,e05,c5,p11,l1,0.00
i74,e05,c5,p11,l3,0.00
i74,e05,c5,p12,l1,0.00
i74,e05,c5,p12,l3,0.00
i74,e05,c5,p13,l1,0.00
i74,e05,c5,p13,l3,0.00
i74,e05,c5,p14,l1,0.00
i74,e05,c5,p14,l3,0.00
i74,e05,c5,p15,l1,0.00
i74,e05,c5,p15,l3,0.00
i74,e05,c5,p16,l1,0.00
i74,e05,c5,p16,l3,0.00
i74,e05,c5,p17,l1,0.00
i74,e05,c5,p17,l3,0.00
i74,e05,c5,p18,l1,0.00
i74,e05,c5,p18,l3,0.00
i74,e05,c5,p19,l1,0.00
i74,e05,c5,p19,l3,0.00
i74,e05,c5,p20,l1,0.00
i74,e05,c5,p20,l3,0.00
i74,e05,c5,p21,l1,0.00
i74,e05,c5,p21,l3,0.00
i74,e05,c5,p22,l1,0.00
i74,e05,c5,p22,l3,0.00
i74,e05,c5,p23,l1,0.00
i74,e05,c5,p23,l3,0.00
i74,e05,c5,p24,l1,0.00
i74,e05,c5,p24,l3,0.00
i74,e05,c5,p25,l1,0.00
i74,e05,c5,p25,l3,0.00
i74,e05,c5,p28,l1,0.00
i74,e05,c5,p28,l3,0.00
i74,e05,c5,p29,l1,0.00
i74,e05,c5,p29,l3,0.00
i74,e05,c5,p30,l3,0.00
i74,e05,c5,p31,l1,0.00
i74,e05,c5,p31,l3,0.00
i74,e05,c5,p32,l1,0.00
i74,e05,c5,p32,l3,0.00
i74,e05,c5,p33,l1,0.00
i74,e05,c5,p33,l3,0.00
i74,e05,c5,p35,l1,0.00
i74,e05,c5,p35,l3,0.00
i74,e07,c5,p01,l3,0.00
i74,e07,c5,p02,l3,0.00
i74,e07,c5,p03,l3,0.00
i74,e07,c5,p04,l3,0.00
i74,e07,c5,p05,l3,0.00
i74,e07,c5,p06,l3,0.00
i74,e07,c5,p07,l2,0.00
i74,e07,c5,p07,l3,0.00
i74,e07,c5,p08,l2,0.00
i74,e07,c5,p09,l2,0.00
i74,e07,c5,p09,l3,0.00
i74,e07,c5,p10,l2,0.00
i74,e07,c5,p10,l3,0.00
i74,e07,c5,p11,l3,0.00
i74,e07,c5,p12,l3,0.00
i74,e07,c5,p13,l2,0.00
i74,e07,c5,p13,l3,0.00
i74,e07,c5,p14,l3,0.00
i74,e07,c5,p15,l2,0.00
i74,e07,c5,p15,l3,0.00
i74,e07,c5,p16,l2,0.00
i74,e07,c5,p16,l3,0.00
i74,e07,c5,p17,l3,0.00
i74,e07,c5,p18,l3,0.00
i74,e07,c5,p19,l2,0.00
i74,e07,c5,p19,l3,0.00
i74,e07,c5,p20,l2,0.00
i74,e07,c5,p20,l3,0.00
i74,e07,c5,p21,l2,0.00
i74,e07,c5,p21,l3,0.00
i74,e07,c5,p22,l3,0.00
i74,e07,c5,p23,l3,0.00
i74,e07,c5,p28,l3,0.00
i74,e07,c5,p29,l3,0.00
i74,e07,c5,p31,l2,0.00
i74,e07,c5,p35,l2,0.00
i74,e07,c5,p35,l3,0.00
i74,e08,c3,p01,l3,0.00
i74,e08,c3,p05,l3,0.00
i74,e08,c3,p06,l3,0.00
i74,e08,c3,p07,l3,0.00
i74,e08,c3,p09,l3,0.00
i74,e08,c3,p10,l3,0.00
i74,e08,c3,p14,l3,0.00
i74,e08,c3,p15,l3,0.00
i74,e08,c3,p16,l3,0.00
i74,e08,c3,p17,l3,0.00
i74,e08,c3,p18,l3,0.00
i74,e08,c3,p19,l3,0.00
i74,e08,c3,p21,l3,0.00
i74,e08,c3,p23,l3,0.00
i74,e08,c3,p24,l2,0.00
i74,e08,c3,p29,l3,0.00
i74,e08,c3,p35,l3,0.00
i74,e08,c5,p01,l2,0.00
i74,e08,c5,p01,l3,0.00
i74,e08,c5,p02,l2,0.00
i74,e08,c5,p02,l3,0.00
i74,e08,c5,p03,l2,0.00
i74,e08,c5,p03,l3,0.00
i74,e08,c5,p04,l2,0.00
i74,e08,c5,p04,l3,0.00
i74,e08,c5,p05,l2,0.00
i74,e08,c5,p05,l3,0.00
i74,e08,c5,p06,l2,0.00
i74,e08,c5,p06,l3,0.00
i74,e08,c5,p07,l2,0.00
i74,e08,c5,p07,l3,0.00
i74,e08,c5,p08,l2,0.00
i74,e08,c5,p08,l3,0.00
i74,e08,c5,p09,l2,0.00
i74,e08,c5,p09,l3,0.00
i74,e08,c5,p10,l2,0.00
i74,e08,c5,p10,l3,0.00
i74,e08,c5,p11,l2,0.00
i74,e08,c5,p11,l3,0.00
i74,e08,c5,p12,l2,0.00
i74,e08,c5,p12,l3,0.00
i74,e08,c5,p13,l2,0.00
i74,e08,c5,p13,l3,0.00
i74,e08,c5,p14,l2,0.00
i74,e08,c5,p14,l3,0.00
i74,e08,c5,p15,l2,0.00
i74,e08,c5,p15,l3,0.00
i74,e08,c5,p16,l2,0.00
i74,e08,c5,p16,l3,0.00
i74,e08,c5,p17,l2,0.00
i74,e08,c5,p17,l3,0.00
i74,e08,c5,p18,l2,0.00
i74,e08,c5,p18,l3,0.00
i74,e08,c5,p19,l2,0.00
i74,e08,c5,p19,l3,0.00
i74,e08,c5,p20,l2,0.00
i74,e08,c5,p20,l3,0.00
i74,e08,c5,p21,l2,0.00
i74,e08,c5,p21,l3,0.00
i74,e08,c5,p22,l2,0.00
i74,e08,c5,p22,l3,0.00
i74,e08,c5,p23,l2,0.00
i74,e08,c5,p23,l3,0.00
i74,e08,c5,p24,l2,0.00
i74,e08,c5,p24,l3,0.00
i74,e08,c5,p25,l2,0.00
i74,e08,c5,p25,l3,0.00
i74,e08,c5,p26,l3,0.00
i74,e08,c5,p28,l2,0.00
i74,e08,c5,p28,l3,0.00
i74,e08,c5,p29,l2,0.00
i74,e08,c5,p29,l3,0.00
i74,e08,c5,p30,l3,0.00
i74,e08,c5,p31,l2,0.00
i74,e08,c5,p31,l3,0.00
i74,e08,c5,p32,l2,0.00
i74,e08,c5,p32,l3,0.00
i74,e08,c5,p33,l3,0.00
i74,e08,c5,p35,l2,0.00
i74,e08,c5,p35,l3,0.00
i74,e09,c3,p03,l3,0.00
i74,e09,c3,p09,l3,0.00
i74,e09,c3,p10,l3,0.00
i74,e09,c3,p11,l3,0.00
i74,e09,c3,p13,l3,0.00
i74,e09,c3,p15,l3,0.00
i74,e09,c3,p16,l3,0.00
i74,e09,c3,p18,l3,0.00
i74,e09,c3,p21,l3,0.00
i74,e09,c3,p23,l3,0.00
i74,e09,c3,p29,l3,0.00
i74,e09,c3,p35,l3,0.00
i74,e09,c5,p01,l2,0.00
i74,e09,c5,p01,l3,0.00
i74,e09,c5,p02,l2,0.00
i74,e09,c5,p02,l3,0.00
i74,e09,c5,p03,l2,0.00
i74,e09,c5,p03,l3,0.00
i74,e09,c5,p04,l2,0.00
i74,e09,c5,p04,l3,0.00
i74,e09,c5,p05,l2,0.00
i74,e09,c5,p05,l3,0.00
i74,e09,c5,p06,l2,0.00
i74,e09,c5,p06,l3,0.00
i74,e09,c5,p07,l2,0.00
i74,e09,c5,p07,l3,0.00
i74,e09,c5,p08,l2,0.00
i74,e09,c5,p08,l3,0.00
i74,e09,c5,p09,l2,0.00
i74,e09,c5,p09,l3,0.00
i74,e09,c5,p10,l2,0.00
i74,e09,c5,p10,l3,0.00
i74,e09,c5,p11,l2,0.00
i74,e09,c5,p11,l3,0.00
i74,e09,c5,p12,l2,0.00
i74,e09,c5,p12,l3,0.00
i74,e09,c5,p13,l2,0.00
i74,e09,c5,p13,l3,0.00
i74,e09,c5,p14,l2,0.00
i74,e09,c5,p14,l3,0.00
i74,e09,c5,p15,l2,0.00
i74,e09,c5,p15,l3,0.00
i74,e09,c5,p16,l2,0.00
i74,e09,c5,p16,l3,0.00
i74,e09,c5,p17,l2,0.00
i74,e09,c5,p17,l3,0.00
i74,e09,c5,p18,l2,0.00
i74,e09,c5,p18,l3,0.00
i74,e09,c5,p19,l2,0.00
i74,e09,c5,p19,l3,0.00
i74,e09,c5,p20,l2,0.00
i74,e09,c5,p20,l3,0.00
i74,e09,c5,p21,l2,0.00
i74,e09,c5,p21,l3,0.00
i74,e09,c5,p22,l2,0.00
i74,e09,c5,p22,l3,0.00
i74,e09,c5,p23,l2,0.00
i74,e09,c5,p23,l3,0.00
i74,e09,c5,p24,l2,0.00
i74,e09,c5,p24,l3,0.00
i74,e09,c5,p25,l2,0.00
i74,e09,c5,p25,l3,0.00
i74,e09,c5,p26,l3,0.00
i74,e09,c5,p28,l2,0.00
i74,e09,c5,p28,l3,0.00
i74,e09,c5,p29,l2,0.00
i74,e09,c5,p29,l3,0.00
i74,e09,c5,p31,l2,0.00
i74,e09,c5,p31,l3,0.00
i74,e09,c5,p32,l2,0.00
i74,e09,c5,p32,l3,0.00
i74,e09,c5,p33,l3,0.00
i74,e09,c5,p35,l2,0.00
i74,e09,c5,p35,l3,0.00
i74,e11,c3,p05,l2,0.00
i74,e11,c3,p07,l3,0.00
i74,e11,c3,p09,l3,0.00
i74,e11,c3,p10,l3,0.00
i74,e11,c3,p15,l3,0.00
i74,e11,c3,p18,l3,0.00
i74,e11,c3,p21,l3,0.00
i74,e11,c3,p25,l3,0.00
i74,e11,c5,p01,l2,0.00
i74,e11,c5,p01,l3,0.00
i74,e11,c5,p02,l3,0.00
i74,e11,c5,p03,l2,0.00
i74,e11,c5,p03,l3,0.00
i74,e11,c5,p04,l2,0.00
i74,e11,c5,p04,l3,0.00
i74,e11,c5,p05,l2,0.00
i74,e11,c5,p05,l3,0.00
i74,e11,c5,p06,l2,0.00
i74,e11,c5,p06,l3,0.00
i74,e11,c5,p07,l2,0.00
i74,e11,c5,p07,l3,0.00
i74,e11,c5,p08,l2,0.00
i74,e11,c5,p08,l3,0.00
i74,e11,c5,p09,l2,0.00
i74,e11,c5,p09,l3,0.00
i74,e11,c5,p10,l2,0.00
i74,e11,c5,p10,l3,0.00
i74,e11,c5,p11,l2,0.00
i74,e11,c5,p11,l3,0.00
i74,e11,c5,p12,l2,0.00
i74,e11,c5,p12,l3,0.00
i74,e11,c5,p13,l2,0.00
i74,e11,c5,p13,l3,0.00
i74,e11,c5,p14,l3,0.00
i74,e11,c5,p15,l2,0.00
i74,e11,c5,p15,l3,0.00
i74,e11,c5,p16,l2,0.00
i74,e11,c5,p16,l3,0.00
i74,e11,c5,p17,l2,0.00
i74,e11,c5,p17,l3,0.00
i74,e11,c5,p18,l2,0.00
i74,e11,c5,p18,l3,0.00
i74,e11,c5,p19,l2,0.00
i74,e11,c5,p19,l3,0.00
i74,e11,c5,p21,l3,0.00
i74,e11,c5,p22,l2,0.00
i74,e11,c5,p22,l3,0.00
i74,e11,c5,p23,l3,0.00
i74,e11,c5,p24,l3,0.00
i74,e11,c5,p25,l3,0.00
i74,e11,c5,p26,l3,0.00
i74,e11,c5,p28,l2,0.00
i74,e11,c5,p28,l3,0.00
i74,e11,c5,p29,l2,0.00
i74,e11,c5,p29,l3,0.00
i74,e11,c5,p31,l3,0.00
i74,e11,c5,p32,l2,0.00
i74,e11,c5,p32,l3,0.00
i74,e11,c5,p33,l3,0.00
i74,e11,c5,p35,l2,0.00
i74,e11,c5,p35,l3,0.00
i74,e12,c3,p10,l3,0.00
i74,e12,c3,p15,l3,0.00
i74,e12,c5,p01,l3,0.00
i74,e12,c5,p02,l3,0.00
i74,e12,c5,p03,l3,0.00
i74,e12,c5,p04,l3,0.00
i74,e12,c5,p05,l3,0.00
i74,e12,c5,p06,l3,0.00
i74,e12,c5,p07,l3,0.00
i74,e12,c5,p08,l3,0.00
i74,e12,c5,p09,l3,0.00
i74,e12,c5,p10,l3,0.00
i74,e12,c5,p11,l3,0.00
i74,e12,c5,p12,l3,0.00
i74,e12,c5,p13,l3,0.00
i74,e12,c5,p14,l3,0.00
i74,e12,c5,p15,l3,0.00
i74,e12,c5,p16,l3,0.00
i74,e12,c5,p17,l3,0.00
i74,e12,c5,p18,l3,0.00
i74,e12,c5,p19,l3,0.00
i74,e12,c5,p20,l3,0.00
i74,e12,c5,p21,l3,0.00
i74,e12,c5,p22,l3,0.00
i74,e12,c5,p23,l3,0.00
i74,e12,c5,p24,l3,0.00
i74,e12,c5,p25,l3,0.00
i74,e12,c5,p28,l3,0.00
i74,e12,c5,p29,l3,0.00
i74,e12,c5,p31,l3,0.00
i74,e12,c5,p32,l3,0.00
i74,e12,c5,p35,l3,0.00
i75,e01,c1,p35,l3,1.22
i75,e04,c1,p35,l3,2.51
i75,e05,c1,p35,l3,0.00
i75,e08,c1,p35,l3,0.00
i75,e09,c1,p35,l3,2.26
i75,e11,c1,p35,l3,0.00
i76,e01,c3,p35,l3,0.00
i76,e01,c5,p01,l3,0.00
i76,e01,c5,p03,l3,0.00
i76,e01,c5,p04,l3,0.00
i76,e01,c5,p05,l3,0.00
i76,e01,c5,p06,l3,0.00
i76,e01,c5,p09,l3,0.00
i76,e01,c5,p10,l3,0.00
i76,e01,c5,p16,l3,0.00
i76,e01,c5,p18,l3,0.00
i76,e01,c5,p19,l3,0.00
i76,e01,c5,p21,l3,0.00
i76,e01,c5,p22,l3,0.00
i76,e01,c5,p23,l3,0.00
i76,e01,c5,p25,l3,0.00
i76,e01,c5,p35,l3,0.00
i76,e04,c3,p35,l3,0.00
i76,e04,c5,p01,l1,0.00
i76,e04,c5,p01,l3,0.00
i76,e04,c5,p03,l3,0.00
i76,e04,c5,p04,l1,0.00
i76,e04,c5,p04,l3,0.00
i76,e04,c5,p05,l3,0.00
i76,e04,c5,p06,l1,0.00
i76,e04,c5,p06,l3,0.00
i76,e04,c5,p09,l3,0.00
i76,e04,c5,p10,l1,0.00
i76,e04,c5,p10,l3,0.00
i76,e04,c5,p15,l3,0.00
i76,e04,c5,p16,l1,0.00
i76,e04,c5,p16,l3,0.00
i76,e04,c5,p18,l1,0.00
i76,e04,c5,p18,l3,0.00
i76,e04,c5,p19,l3,0.00
i76,e04,c5,p21,l1,0.00
i76,e04,c5,p21,l3,0.00
i76,e04,c5,p22,l1,0.00
i76,e04,c5,p22,l3,0.00
i76,e04,c5,p23,l3,0.00
i76,e04,c5,p25,l3,0.00
i76,e04,c5,p35,l1,0.00
i76,e04,c5,p35,l3,0.00
i76,e05,c5,p01,l3,0.00
i76,e05,c5,p06,l1,0.00
i76,e05,c5,p06,l3,0.00
i76,e05,c5,p19,l3,0.00
i76,e05,c5,p21,l1,0.00
i76,e05,c5,p21,l3,0.00
i76,e05,c5,p35,l1,0.00
i76,e05,c5,p35,l3,0.00
i76,e09,c3,p35,l3,0.00
i76,e09,c5,p01,l3,0.00
i76,e09,c5,p03,l3,0.00
i76,e09,c5,p04,l2,0.00
i76,e09,c5,p04,l3,0.00
i76,e09,c5,p06,l3,0.00
i76,e09,c5,p09,l3,0.00
i76,e09,c5,p10,l3,0.00
i76,e09,c5,p15,l3,0.00
i76,e09,c5,p16,l3,0.00
i76,e09,c5,p18,l2,0.00
i76,e09,c5,p18,l3,0.00
i76,e09,c5,p19,l3,0.00
i76,e09,c5,p21,l2,0.00
i76,e09,c5,p21,l3,0.00
i76,e09,c5,p25,l3,0.00
i76,e09,c5,p35,l2,0.00
i76,e09,c5,p35,l3,0.00
i77,e01,c5,p03,l3,0.00
i77,e01,c5,p04,l3,0.00
i77,e01,c5,p10,l3,0.00
i77,e01,c5,p17,l3,0.00
i77,e01,c5,p19,l3,0.00
i77,e01,c5,p35,l3,0.00
i77,e03,c5,p01,l3,0.00
i77,e03,c5,p03,l3,0.00
i77,e03,c5,p04,l3,0.00
i77,e03,c5,p07,l3,0.00
i77,e03,c5,p10,l3,0.00
i77,e03,c5,p12,l3,0.00
i77,e03,c5,p17,l3,0.00
i77,e03,c5,p19,l3,0.00
i77,e03,c5,p21,l3,0.00
i77,e03,c5,p24,l3,0.00
i77,e03,c5,p25,l3,0.00
i77,e03,c5,p32,l3,0.00
i77,e03,c5,p35,l3,0.00
i77,e04,c5,p01,l3,0.00
i77,e04,c5,p02,l3,0.00
i77,e04,c5,p04,l3,0.00
i77,e04,c5,p10,l3,0.00
i77,e04,c5,p11,l3,0.00
i77,e04,c5,p17,l3,0.00
i77,e04,c5,p19,l3,0.00
i77,e04,c5,p35,l3,0.00
i77,e05,c5,p01,l3,0.00
i77,e05,c5,p10,l1,0.00
i77,e05,c5,p10,l3,0.00
i77,e05,c5,p21,l3,0.00
i77,e05,c5,p35,l3,0.00
i77,e08,c5,p01,l3,0.00
i77,e08,c5,p02,l3,0.00
i77,e08,c5,p03,l3,0.00
i77,e08,c5,p04,l3,0.00
i77,e08,c5,p05,l3,0.00
i77,e08,c5,p10,l2,0.00
i77,e08,c5,p10,l3,0.00
i77,e08,c5,p11,l3,0.00
i77,e08,c5,p17,l3,0.00
i77,e08,c5,p18,l3,0.00
i77,e08,c5,p19,l3,0.00
i77,e08,c5,p24,l3,0.00
i77,e08,c5,p35,l3,0.00
i77,e09,c5,p01,l2,0.00
i77,e09,c5,p04,l3,0.00
i77,e09,c5,p10,l3,0.00
i77,e09,c5,p17,l3,0.00
i77,e09,c5,p19,l3,0.00
i77,e09,c5,p35,l3,0.00
i77,e12,c5,p01,l3,0.00
i77,e12,c5,p03,l3,0.00
i77,e12,c5,p10,l3,0.00
i77,e12,c5,p19,l3,0.00
i77,e12,c5,p21,l3,0.00
i77,e12,c5,p24,l3,0.00
i77,e12,c5,p35,l3,0.00
i78,e01,c1,p10,l3,0.00
i78,e01,c1,p11,l3,0.00
i78,e01,c1,p12,l3,0.00
i78,e01,c1,p13,l3,0.00
i78,e01,c1,p15,l3,0.00
i78,e01,c1,p18,l3,0.00
i78,e01,c1,p19,l3,0.00
i78,e01,c1,p20,l3,0.00
i78,e01,c1,p21,l3,0.00
i78,e01,c1,p23,l3,0.00
i78,e01,c1,p35,l3,0.00
i78,e01,c4,p12,l3,0.00
i78,e01,c4,p17,l3,0.00
i78,e01,c4,p19,l3,0.00
i78,e01,c4,p35,l3,0.00
i78,e01,c7,p35,l3,0.00
i78,e04,c1,p10,l3,0.00
i78,e04,c1,p12,l3,0.00
i78,e04,c1,p13,l3,0.00
i78,e04,c1,p15,l3,0.00
i78,e04,c1,p20,l3,0.00
i78,e04,c1,p21,l3,0.00
i78,e04,c1,p23,l3,0.00
i78,e04,c1,p35,l3,0.00
i78,e04,c4,p12,l3,0.00
i78,e04,c4,p17,l3,0.00
i78,e04,c4,p19,l3,0.00
i78,e04,c4,p35,l3,0.00
i78,e09,c1,p10,l3,0.00
i78,e09,c1,p11,l3,0.00
i78,e09,c1,p12,l3,0.00
i78,e09,c1,p13,l3,0.00
i78,e09,c1,p15,l3,0.00
i78,e09,c1,p20,l3,0.00
i78,e09,c1,p21,l3,0.00
i78,e09,c1,p23,l3,0.00
i78,e09,c1,p35,l3,0.00
i78,e09,c4,p12,l3,0.00
i78,e09,c4,p17,l3,0.00
i78,e09,c4,p19,l3,0.00
i78,e09,c4,p35,l3,0.00
i78,e09,c7,p35,l3,0.00
i79,e01,c1,p01,l3,0.00
i79,e01,c1,p02,l3,0.00
i79,e01,c1,p03,l3,0.00
i79,e01,c1,p04,l3,0.00
i79,e01,c1,p05,l3,0.00
i79,e01,c1,p07,l3,0.00
i79,e01,c1,p08,l3,0.00
i79,e01,c1,p10,l3,0.00
i79,e01,c1,p12,l3,0.00
i79,e01,c1,p19,l3,0.00
i79,e01,c1,p20,l3,0.00
i79,e01,c1,p21,l3,0.00
i79,e01,c1,p23,l3,0.00
i79,e01,c1,p24,l3,0.00
i79,e01,c1,p29,l3,0.00
i79,e01,c4,p12,l3,0.00
i79,e01,c4,p14,l3,0.00
i79,e03,c1,p01,l3,0.00
i79,e03,c1,p02,l3,0.00
i79,e03,c1,p03,l3,0.00
i79,e03,c1,p04,l3,0.00
i79,e03,c1,p05,l3,0.00
i79,e03,c1,p06,l3,0.00
i79,e03,c1,p07,l3,0.00
i79,e03,c1,p08,l3,0.00
i79,e03,c1,p10,l3,0.00
i79,e03,c1,p11,l3,0.00
i79,e03,c1,p12,l3,0.00
i79,e03,c1,p13,l3,0.00
i79,e03,c1,p14,l3,0.00
i79,e03,c1,p15,l3,0.00
i79,e03,c1,p16,l3,0.00
i79,e03,c1,p17,l3,0.00
i79,e03,c1,p19,l3,0.00
i79,e03,c1,p20,l3,0.00
i79,e03,c1,p21,l3,0.00
i79,e03,c1,p22,l3,0.00
i79,e03,c1,p24,l3,0.00
i79,e03,c1,p25,l3,0.00
i79,e03,c1,p29,l3,0.00
i79,e03,c1,p35,l3,0.00
i79,e03,c4,p01,l3,0.00
i79,e03,c4,p05,l3,0.00
i79,e03,c4,p12,l3,0.00
i79,e03,c4,p15,l3,0.00
i79,e03,c4,p21,l3,0.00
i79,e04,c1,p01,l3,0.00
i79,e04,c1,p02,l3,0.00
i79,e04,c1,p04,l3,0.00
i79,e04,c1,p07,l3,0.00
i79,e04,c1,p10,l3,0.00
i79,e04,c1,p12,l3,0.00
i79,e04,c1,p18,l3,0.00
i79,e04,c1,p19,l3,0.00
i79,e04,c1,p21,l3,0.00
i79,e04,c1,p24,l3,0.00
i79,e04,c1,p29,l3,0.00
i79,e04,c4,p10,l3,0.00
i79,e04,c4,p12,l3,0.00
i79,e04,c4,p14,l3,0.00
i79,e05,c1,p07,l3,0.00
i79,e05,c1,p10,l3,0.00
i79,e05,c1,p16,l3,0.00
i79,e05,c1,p35,l3,0.00
i79,e06,c1,p01,l3,0.00
i79,e07,c1,p01,l3,0.00
i79,e07,c1,p02,l3,0.00
i79,e07,c1,p03,l3,0.00
i79,e07,c1,p04,l3,0.00
i79,e07,c1,p05,l3,0.00
i79,e07,c1,p07,l3,0.00
i79,e07,c1,p10,l3,0.00
i79,e07,c1,p11,l3,0.00
i79,e07,c1,p12,l3,0.00
i79,e07,c1,p13,l3,0.00
i79,e07,c1,p14,l3,0.00
i79,e07,c1,p15,l3,0.00
i79,e07,c1,p16,l3,0.00
i79,e07,c1,p17,l3,0.00
i79,e07,c1,p18,l3,0.00
i79,e07,c1,p19,l3,0.00
i79,e07,c1,p21,l3,0.00
i79,e07,c1,p23,l3,0.00
i79,e07,c1,p24,l3,0.00
i79,e07,c1,p25,l3,0.00
i79,e07,c1,p29,l3,0.00
i79,e07,c1,p35,l3,0.00
i79,e07,c4,p05,l3,0.00
i79,e07,c4,p12,l3,0.00
i79,e07,c4,p17,l3,0.00
i79,e08,c1,p01,l3,0.00
i79,e08,c1,p02,l3,0.00
i79,e08,c1,p03,l3,0.00
i79,e08,c1,p04,l3,0.00
i79,e08,c1,p05,l3,0.00
i79,e08,c1,p07,l3,0.00
i79,e08,c1,p10,l3,0.00
i79,e08,c1,p11,l3,0.00
i79,e08,c1,p12,l3,0.00
i79,e08,c1,p13,l3,0.00
i79,e08,c1,p15,l3,0.00
i79,e08,c1,p17,l3,0.00
i79,e08,c1,p19,l3,0.00
i79,e08,c1,p21,l3,0.00
i79,e08,c1,p24,l3,0.00
i79,e08,c1,p29,l3,0.00
i79,e08,c1,p35,l3,0.00
i79,e08,c4,p05,l3,0.00
i79,e08,c4,p12,l3,0.00
i79,e09,c1,p01,l3,0.00
i79,e09,c1,p02,l3,0.00
i79,e09,c1,p03,l3,0.00
i79,e09,c1,p05,l3,0.00
i79,e09,c1,p07,l3,0.00
i79,e09,c1,p10,l3,0.00
i79,e09,c1,p12,l3,0.00
i79,e09,c1,p13,l3,0.00
i79,e09,c1,p18,l3,0.00
i79,e09,c1,p19,l3,0.00
i79,e09,c1,p20,l3,0.00
i79,e09,c1,p21,l3,0.00
i79,e09,c1,p23,l3,0.00
i79,e09,c1,p24,l3,0.00
i79,e09,c1,p29,l3,0.00
i79,e09,c1,p35,l3,0.00
i79,e09,c4,p10,l3,0.00
i79,e09,c4,p12,l3,0.00
i79,e09,c4,p14,l3,0.00
i79,e11,c1,p01,l3,0.00
i79,e11,c1,p02,l3,0.00
i79,e11,c1,p03,l3,0.00
i79,e11,c1,p04,l3,0.00
i79,e11,c1,p05,l3,0.00
i79,e11,c1,p06,l3,0.00
i79,e11,c1,p07,l3,0.00
i79,e11,c1,p10,l3,0.00
i79,e11,c1,p11,l3,0.00
i79,e11,c1,p12,l3,0.00
i79,e11,c1,p13,l3,0.00
i79,e11,c1,p15,l3,0.00
i79,e11,c1,p16,l3,0.00
i79,e11,c1,p17,l3,0.00
i79,e11,c1,p18,l3,0.00
i79,e11,c1,p19,l3,0.00
i79,e11,c1,p21,l3,0.00
i79,e11,c1,p23,l3,0.00
i79,e11,c1,p24,l3,0.00
i79,e11,c1,p25,l3,0.00
i79,e11,c1,p29,l3,0.00
i79,e11,c1,p35,l3,0.00
i79,e11,c4,p12,l3,0.00
i79,e12,c1,p01,l3,0.00
i79,e12,c1,p02,l3,0.00
i79,e12,c1,p03,l3,0.00
i79,e12,c1,p04,l3,0.00
i79,e12,c1,p05,l3,0.00
i79,e12,c1,p07,l3,0.00
i79,e12,c1,p10,l3,0.00
i79,e12,c1,p11,l3,0.00
i79,e12,c1,p12,l3,0.00
i79,e12,c1,p13,l3,0.00
i79,e12,c1,p19,l3,0.00
i79,e12,c1,p21,l3,0.00
i79,e12,c1,p24,l3,0.00
i79,e12,c1,p29,l3,0.00
i79,e12,c4,p12,l3,0.00
i80,e01,c3,p35,l3,1.77
i80,e01,c5,p35,l3,0.00
i80,e04,c3,p35,l1,0.00
i80,e04,c3,p35,l3,0.00
i80,e05,c3,p10,l3,0.00
i80,e05,c3,p35,l1,0.00
i80,e05,c3,p35,l3,0.00
i80,e09,c3,p35,l2,0.00
i80,e09,c3,p35,l3,0.00
i80,e09,c5,p35,l3,0.00
i81,e01,c5,p01,l3,0.00
i81,e01,c5,p03,l3,0.00
i81,e01,c5,p04,l3,0.00
i81,e01,c5,p10,l3,0.00
i81,e01,c5,p15,l3,0.00
i81,e01,c5,p16,l3,0.00
i81,e01,c5,p18,l3,0.00
i81,e01,c5,p19,l3,0.00
i81,e01,c5,p21,l3,0.00
i81,e01,c5,p22,l3,0.00
i81,e01,c5,p23,l3,0.00
i81,e01,c5,p35,l3,0.00
i81,e04,c5,p01,l3,0.00
i81,e04,c5,p03,l3,0.00
i81,e04,c5,p04,l3,0.00
i81,e04,c5,p06,l3,0.00
i81,e04,c5,p07,l3,0.00
i81,e04,c5,p09,l3,0.00
i81,e04,c5,p10,l3,0.00
i81,e04,c5,p12,l3,0.00
i81,e04,c5,p15,l3,0.00
i81,e04,c5,p16,l3,0.00
i81,e04,c5,p18,l3,0.00
i81,e04,c5,p19,l3,0.00
i81,e04,c5,p21,l3,0.00
i81,e04,c5,p22,l3,0.00
i81,e04,c5,p23,l3,0.00
i81,e04,c5,p35,l3,0.00
i81,e05,c5,p01,l3,0.00
i81,e05,c5,p03,l3,0.00
i81,e05,c5,p04,l3,0.00
i81,e05,c5,p10,l3,0.00
i81,e05,c5,p13,l3,0.00
i81,e05,c5,p16,l3,0.00
i81,e05,c5,p17,l3,0.00
i81,e05,c5,p19,l3,0.00
i81,e05,c5,p21,l3,0.00
i81,e05,c5,p22,l3,0.00
i81,e05,c5,p23,l3,0.00
i81,e05,c5,p35,l3,0.00
i81,e09,c5,p03,l3,0.00
i81,e09,c5,p04,l3,0.00
i81,e09,c5,p10,l3,0.00
i81,e09,c5,p15,l3,0.00
i81,e09,c5,p16,l3,0.00
i81,e09,c5,p18,l3,0.00
i81,e09,c5,p19,l3,0.00
i81,e09,c5,p21,l3,0.00
i81,e09,c5,p22,l3,0.00
i81,e09,c5,p23,l3,0.00
i81,e09,c5,p35,l3,0.00
i82,e01,c1,p35,l3,1.54
i82,e01,c4,p35,l3,0.00
i82,e04,c1,p35,l1,0.00
i82,e04,c1,p35,l3,0.00
i82,e04,c4,p35,l1,0.00
i82,e04,c4,p35,l3,0.00
i82,e05,c1,p35,l1,0.00
i82,e05,c1,p35,l3,0.00
i82,e05,c4,p35,l3,0.00
i82,e09,c1,p35,l2,0.00
i82,e09,c1,p35,l3,0.00
i82,e09,c4,p35,l2,0.00
i82,e09,c4,p35,l3,0.00
i83,e01,c3,p03,l3,0.00
i83,e01,c3,p10,l3,0.00
i83,e01,c3,p35,l3,0.00
i83,e04,c3,p03,l3,0.00
i83,e04,c3,p10,l1,0.00
i83,e04,c3,p10,l3,0.00
i83,e04,c3,p35,l1,0.00
i83,e04,c3,p35,l3,0.00
i83,e05,c3,p10,l3,0.00
i83,e05,c3,p35,l3,0.00
i83,e09,c3,p03,l3,0.00
i83,e09,c3,p10,l2,0.00
i83,e09,c3,p10,l3,0.00
i83,e09,c3,p35,l2,0.00
i83,e09,c3,p35,l3,0.00
i84,e01,c1,p35,l3,0.00
i84,e04,c1,p35,l3,0.00
i84,e05,c1,p35,l3,0.00
i84,e08,c1,p35,l3,0.00
i84,e09,c1,p35,l3,0.00
i84,e11,c1,p35,l3,0.00
i85,e01,c3,p01,l3,0.00
i85,e01,c3,p05,l3,0.00
i85,e01,c3,p06,l3,0.00
i85,e01,c3,p07,l3,0.00
i85,e01,c3,p10,l3,0.00
i85,e01,c3,p11,l3,0.00
i85,e01,c3,p12,l3,0.00
i85,e01,c3,p13,l3,0.00
i85,e01,c3,p14,l3,0.00
i85,e01,c3,p15,l3,0.00
i85,e01,c3,p16,l3,0.00
i85,e01,c3,p17,l3,0.00
i85,e01,c3,p18,l3,0.00
i85,e01,c3,p19,l3,0.00
i85,e01,c3,p21,l3,0.00
i85,e01,c3,p24,l3,0.00
i85,e01,c3,p29,l3,0.00
i85,e01,c3,p30,l3,0.00
i85,e01,c3,p35,l3,0.00
i85,e01,c5,p01,l3,0.00
i85,e01,c5,p02,l3,0.00
i85,e01,c5,p03,l3,0.00
i85,e01,c5,p04,l3,0.00
i85,e01,c5,p05,l3,0.00
i85,e01,c5,p06,l3,0.00
i85,e01,c5,p07,l3,0.00
i85,e01,c5,p08,l3,0.00
i85,e01,c5,p09,l3,0.00
i85,e01,c5,p10,l3,0.00
i85,e01,c5,p11,l3,0.00
i85,e01,c5,p12,l3,0.00
i85,e01,c5,p13,l3,0.00
i85,e01,c5,p14,l3,0.00
i85,e01,c5,p15,l3,0.00
i85,e01,c5,p16,l3,0.00
i85,e01,c5,p17,l3,0.00
i85,e01,c5,p18,l3,0.00
i85,e01,c5,p19,l3,0.00
i85,e01,c5,p21,l3,0.00
i85,e01,c5,p22,l3,0.00
i85,e01,c5,p23,l3,0.00
i85,e01,c5,p24,l3,0.00
i85,e01,c5,p25,l3,0.00
i85,e01,c5,p26,l3,0.00
i85,e01,c5,p28,l3,0.00
i85,e01,c5,p29,l3,0.00
i85,e01,c5,p35,l3,0.00
i85,e04,c3,p01,l3,0.00
i85,e04,c3,p02,l1,0.00
i85,e04,c3,p02,l3,0.00
i85,e04,c3,p03,l1,0.00
i85,e04,c3,p03,l3,0.00
i85,e04,c3,p04,l1,0.00
i85,e04,c3,p04,l3,0.00
i85,e04,c3,p05,l3,0.00
i85,e04,c3,p06,l3,0.00
i85,e04,c3,p07,l1,0.00
i85,e04,c3,p07,l3,0.00
i85,e04,c3,p08,l3,0.00
i85,e04,c3,p09,l1,0.00
i85,e04,c3,p09,l3,0.00
i85,e04,c3,p10,l1,0.00
i85,e04,c3,p10,l3,0.00
i85,e04,c3,p11,l1,0.00
i85,e04,c3,p11,l3,0.00
i85,e04,c3,p12,l1,0.00
i85,e04,c3,p12,l3,0.00
i85,e04,c3,p13,l1,0.00
i85,e04,c3,p13,l3,0.00
i85,e04,c3,p14,l1,0.00
i85,e04,c3,p14,l3,0.00
i85,e04,c3,p15,l1,0.00
i85,e04,c3,p15,l3,0.00
i85,e04,c3,p16,l1,0.00
i85,e04,c3,p17,l1,0.00
i85,e04,c3,p17,l3,0.00
i85,e04,c3,p18,l1,0.00
i85,e04,c3,p19,l1,0.00
i85,e04,c3,p19,l3,0.00
i85,e04,c3,p21,l1,0.00
i85,e04,c3,p21,l3,0.00
i85,e04,c3,p22,l1,0.00
i85,e04,c3,p22,l3,0.00
i85,e04,c3,p24,l1,0.00
i85,e04,c3,p24,l3,0.00
i85,e04,c3,p28,l1,0.00
i85,e04,c3,p28,l3,0.00
i85,e04,c3,p29,l1,0.00
i85,e04,c3,p29,l3,0.00
i85,e04,c3,p35,l1,0.00
i85,e04,c3,p35,l3,0.00
i85,e04,c5,p01,l1,0.00
i85,e04,c5,p01,l3,0.00
i85,e04,c5,p02,l1,0.00
i85,e04,c5,p02,l3,0.00
i85,e04,c5,p03,l1,0.00
i85,e04,c5,p03,l3,0.00
i85,e04,c5,p04,l1,0.00
i85,e04,c5,p04,l3,0.00
i85,e04,c5,p05,l1,0.00
i85,e04,c5,p05,l3,0.00
i85,e04,c5,p06,l1,0.00
i85,e04,c5,p07,l1,0.00
i85,e04,c5,p07,l3,0.00
i85,e04,c5,p09,l1,0.00
i85,e04,c5,p09,l3,0.00
i85,e04,c5,p10,l1,0.00
i85,e04,c5,p10,l3,0.00
i85,e04,c5,p11,l1,0.00
i85,e04,c5,p11,l3,0.00
i85,e04,c5,p12,l1,0.00
i85,e04,c5,p12,l3,0.00
i85,e04,c5,p13,l1,0.00
i85,e04,c5,p13,l3,0.00
i85,e04,c5,p14,l1,0.00
i85,e04,c5,p14,l3,0.00
i85,e04,c5,p15,l1,0.00
i85,e04,c5,p15,l3,0.00
i85,e04,c5,p16,l1,0.00
i85,e04,c5,p16,l3,0.00
i85,e04,c5,p17,l1,0.00
i85,e04,c5,p17,l3,0.00
i85,e04,c5,p18,l1,0.00
i85,e04,c5,p18,l3,0.00
i85,e04,c5,p19,l1,0.00
i85,e04,c5,p19,l3,0.00
i85,e04,c5,p20,l1,0.00
i85,e04,c5,p21,l1,0.00
i85,e04,c5,p21,l3,0.00
i85,e04,c5,p22,l1,0.00
i85,e04,c5,p22,l3,0.00
i85,e04,c5,p23,l1,0.00
i85,e04,c5,p24,l1,0.00
i85,e04,c5,p24,l3,0.00
i85,e04,c5,p25,l3,0.00
i85,e04,c5,p28,l1,0.00
i85,e04,c5,p28,l3,0.00
i85,e04,c5,p29,l1,0.00
i85,e04,c5,p29,l3,0.00
i85,e04,c5,p31,l1,0.00
i85,e04,c5,p32,l1,0.00
i85,e04,c5,p32,l3,0.00
i85,e04,c5,p35,l1,0.00
i85,e04,c5,p35,l3,0.00
i85,e09,c3,p01,l2,0.00
i85,e09,c3,p07,l2,0.00
i85,e09,c3,p07,l3,0.00
i85,e09,c3,p08,l3,0.00
i85,e09,c3,p10,l2,0.00
i85,e09,c3,p10,l3,0.00
i85,e09,c3,p11,l2,0.00
i85,e09,c3,p11,l3,0.00
i85,e09,c3,p13,l2,0.00
i85,e09,c3,p15,l2,0.00
i85,e09,c3,p15,l3,0.00
i85,e09,c3,p16,l2,0.00
i85,e09,c3,p16,l3,0.00
i85,e09,c3,p17,l3,0.00
i85,e09,c3,p18,l2,0.00
i85,e09,c3,p19,l2,0.00
i85,e09,c3,p21,l2,0.00
i85,e09,c3,p21,l3,0.00
i85,e09,c3,p22,l2,0.00
i85,e09,c3,p23,l3,0.00
i85,e09,c3,p24,l3,0.00
i85,e09,c3,p29,l2,0.00
i85,e09,c3,p29,l3,0.00
i85,e09,c3,p35,l2,0.00
i85,e09,c3,p35,l3,0.00
i85,e09,c5,p01,l3,0.00
i85,e09,c5,p04,l2,0.00
i85,e09,c5,p05,l2,0.00
i85,e09,c5,p05,l3,0.00
i85,e09,c5,p06,l2,0.00
i85,e09,c5,p06,l3,0.00
i85,e09,c5,p07,l2,0.00
i85,e09,c5,p07,l3,0.00
i85,e09,c5,p08,l3,0.00
i85,e09,c5,p09,l2,0.00
i85,e09,c5,p09,l3,0.00
i85,e09,c5,p10,l2,0.00
i85,e09,c5,p10,l3,0.00
i85,e09,c5,p11,l2,0.00
i85,e09,c5,p11,l3,0.00
i85,e09,c5,p12,l2,0.00
i85,e09,c5,p12,l3,0.00
i85,e09,c5,p13,l2,0.00
i85,e09,c5,p13,l3,0.00
i85,e09,c5,p14,l2,0.00
i85,e09,c5,p14,l3,0.00
i85,e09,c5,p15,l3,0.00
i85,e09,c5,p16,l2,0.00
i85,e09,c5,p16,l3,0.00
i85,e09,c5,p17,l2,0.00
i85,e09,c5,p17,l3,0.00
i85,e09,c5,p18,l2,0.00
i85,e09,c5,p18,l3,0.00
i85,e09,c5,p19,l2,0.00
i85,e09,c5,p19,l3,0.00
i85,e09,c5,p21,l2,0.00
i85,e09,c5,p21,l3,0.00
i85,e09,c5,p22,l2,0.00
i85,e09,c5,p22,l3,0.00
i85,e09,c5,p23,l2,0.00
i85,e09,c5,p23,l3,0.00
i85,e09,c5,p24,l2,0.00
i85,e09,c5,p24,l3,0.00
i85,e09,c5,p29,l3,0.00
i85,e09,c5,p31,l2,0.00
i85,e09,c5,p35,l2,0.00
i85,e09,c5,p35,l3,0.00
i86,e01,c5,p01,l3,0.00
i86,e01,c5,p02,l3,0.00
i86,e01,c5,p03,l3,0.00
i86,e01,c5,p04,l3,0.00
i86,e01,c5,p05,l3,0.00
i86,e01,c5,p06,l3,0.00
i86,e01,c5,p07,l3,0.00
i86,e01,c5,p08,l3,0.00
i86,e01,c5,p09,l3,0.00
i86,e01,c5,p10,l3,0.00
i86,e01,c5,p11,l3,0.00
i86,e01,c5,p12,l3,0.00
i86,e01,c5,p13,l3,0.00
i86,e01,c5,p16,l3,0.00
i86,e01,c5,p17,l3,0.00
i86,e01,c5,p18,l3,0.00
i86,e01,c5,p19,l3,0.00
i86,e01,c5,p21,l3,0.00
i86,e01,c5,p23,l3,0.00
i86,e01,c5,p24,l3,0.00
i86,e01,c5,p25,l3,0.00
i86,e01,c5,p28,l3,0.00
i86,e02,c5,p03,l3,0.00
i86,e02,c5,p10,l3,0.00
i86,e02,c5,p18,l3,0.00
i86,e04,c5,p01,l3,0.00
i86,e04,c5,p02,l3,0.00
i86,e04,c5,p03,l3,0.00
i86,e04,c5,p04,l3,0.00
i86,e04,c5,p05,l3,0.00
i86,e04,c5,p06,l3,0.00
i86,e04,c5,p07,l3,0.00
i86,e04,c5,p08,l3,0.00
i86,e04,c5,p10,l3,0.00
i86,e04,c5,p11,l3,0.00
i86,e04,c5,p12,l3,0.00
i86,e04,c5,p13,l3,0.00
i86,e04,c5,p14,l3,0.00
i86,e04,c5,p16,l3,0.00
i86,e04,c5,p17,l3,0.00
i86,e04,c5,p18,l3,0.00
i86,e04,c5,p19,l3,0.00
i86,e04,c5,p21,l3,0.00
i86,e04,c5,p22,l3,0.00
i86,e04,c5,p23,l3,0.00
i86,e04,c5,p24,l3,0.00
i86,e04,c5,p25,l3,0.00
i86,e04,c5,p28,l3,0.00
i86,e04,c5,p31,l3,0.00
i86,e04,c5,p35,l3,0.00
i86,e05,c5,p21,l3,0.00
i86,e08,c5,p01,l3,0.00
i86,e08,c5,p02,l3,0.00
i86,e08,c5,p03,l3,0.00
i86,e08,c5,p04,l3,0.00
i86,e08,c5,p05,l3,0.00
i86,e08,c5,p06,l3,0.00
i86,e08,c5,p07,l3,0.00
i86,e08,c5,p08,l3,0.00
i86,e08,c5,p10,l3,0.00
i86,e08,c5,p11,l3,0.00
i86,e08,c5,p12,l3,0.00
i86,e08,c5,p13,l3,0.00
i86,e08,c5,p16,l3,0.00
i86,e08,c5,p17,l3,0.00
i86,e08,c5,p19,l3,0.00
i86,e08,c5,p21,l3,0.00
i86,e08,c5,p23,l3,0.00
i86,e08,c5,p24,l3,0.00
i86,e08,c5,p25,l3,0.00
i86,e08,c5,p31,l3,0.00
i86,e08,c5,p35,l3,0.00
i86,e09,c5,p01,l3,0.00
i86,e09,c5,p02,l3,0.00
i86,e09,c5,p03,l3,0.00
i86,e09,c5,p04,l3,0.00
i86,e09,c5,p05,l3,0.00
i86,e09,c5,p07,l3,0.00
i86,e09,c5,p08,l3,0.00
i86,e09,c5,p10,l3,0.00
i86,e09,c5,p11,l3,0.00
i86,e09,c5,p12,l3,0.00
i86,e09,c5,p13,l3,0.00
i86,e09,c5,p16,l3,0.00
i86,e09,c5,p17,l3,0.00
i86,e09,c5,p18,l3,0.00
i86,e09,c5,p19,l3,0.00
i86,e09,c5,p21,l3,0.00
i86,e09,c5,p23,l3,0.00
i86,e09,c5,p24,l3,0.00
i86,e09,c5,p25,l3,0.00
i86,e11,c5,p01,l3,0.00
i86,e11,c5,p02,l3,0.00
i86,e11,c5,p04,l3,0.00
i86,e11,c5,p10,l3,0.00
i86,e11,c5,p19,l3,0.00
i86,e11,c5,p21,l3,0.00
i86,e13,c5,p01,l3,0.00
i86,e13,c5,p03,l3,0.00
i86,e13,c5,p04,l3,0.00
i86,e13,c5,p05,l3,0.00
i86,e13,c5,p06,l3,0.00
i86,e13,c5,p07,l3,0.00
i86,e13,c5,p09,l3,0.00
i86,e13,c5,p10,l3,0.00
i86,e13,c5,p11,l3,0.00
i86,e13,c5,p12,l3,0.00
i86,e13,c5,p13,l3,0.00
i86,e13,c5,p14,l3,0.00
i86,e13,c5,p15,l3,0.00
i86,e13,c5,p16,l3,0.00
i86,e13,c5,p17,l3,0.00
i86,e13,c5,p18,l3,0.00
i86,e13,c5,p19,l3,0.00
i86,e13,c5,p21,l3,0.00
i86,e13,c5,p22,l3,0.00
i86,e13,c5,p23,l3,0.00
i86,e13,c5,p24,l3,0.00
i86,e13,c5,p25,l3,0.00
i86,e13,c5,p28,l3,0.00
i86,e13,c5,p31,l3,0.00
i87,e01,c3,p35,l3,0.00
i87,e01,c5,p01,l3,0.00
i87,e01,c5,p02,l3,0.00
i87,e01,c5,p03,l3,0.00
i87,e01,c5,p05,l3,0.00
i87,e01,c5,p06,l3,0.00
i87,e01,c5,p07,l3,0.00
i87,e01,c5,p08,l3,0.00
i87,e01,c5,p09,l3,0.00
i87,e01,c5,p10,l3,0.00
i87,e01,c5,p11,l3,0.00
i87,e01,c5,p12,l3,0.00
i87,e01,c5,p13,l3,0.00
i87,e01,c5,p15,l3,0.00
i87,e01,c5,p16,l3,0.00
i87,e01,c5,p17,l3,0.00
i87,e01,c5,p18,l3,0.00
i87,e01,c5,p19,l3,0.00
i87,e01,c5,p20,l3,0.00
i87,e01,c5,p21,l3,0.00
i87,e01,c5,p22,l3,0.00
i87,e01,c5,p23,l3,0.00
i87,e01,c5,p24,l3,0.00
i87,e01,c5,p25,l3,0.00
i87,e01,c5,p28,l3,0.00
i87,e01,c5,p29,l3,0.00
i87,e01,c5,p31,l3,0.00
i87,e01,c5,p32,l3,0.00
i87,e01,c5,p35,l3,0.00
i87,e04,c3,p35,l3,0.00
i87,e04,c5,p01,l3,0.00
i87,e04,c5,p02,l3,0.00
i87,e04,c5,p03,l3,0.00
i87,e04,c5,p04,l3,0.00
i87,e04,c5,p05,l3,0.00
i87,e04,c5,p06,l3,0.00
i87,e04,c5,p07,l3,0.00
i87,e04,c5,p08,l3,0.00
i87,e04,c5,p10,l3,0.00
i87,e04,c5,p11,l3,0.00
i87,e04,c5,p12,l3,0.00
i87,e04,c5,p13,l3,0.00
i87,e04,c5,p14,l3,0.00
i87,e04,c5,p15,l3,0.00
i87,e04,c5,p16,l3,0.00
i87,e04,c5,p17,l3,0.00
i87,e04,c5,p18,l3,0.00
i87,e04,c5,p19,l3,0.00
i87,e04,c5,p20,l3,0.00
i87,e04,c5,p21,l3,0.00
i87,e04,c5,p22,l3,0.00
i87,e04,c5,p23,l3,0.00
i87,e04,c5,p24,l3,0.00
i87,e04,c5,p25,l3,0.00
i87,e04,c5,p28,l3,0.00
i87,e04,c5,p29,l3,0.00
i87,e04,c5,p32,l3,0.00
i87,e04,c5,p35,l3,1.22
i87,e05,c5,p01,l3,0.00
i87,e05,c5,p03,l3,0.00
i87,e05,c5,p06,l3,0.00
i87,e05,c5,p07,l3,0.00
i87,e05,c5,p08,l3,0.00
i87,e05,c5,p10,l3,0.00
i87,e05,c5,p11,l3,0.00
i87,e05,c5,p12,l3,0.00
i87,e05,c5,p14,l3,0.00
i87,e05,c5,p15,l3,0.00
i87,e05,c5,p16,l3,0.00
i87,e05,c5,p17,l3,0.00
i87,e05,c5,p18,l3,0.00
i87,e05,c5,p19,l3,0.00
i87,e05,c5,p20,l3,0.00
i87,e05,c5,p21,l3,0.00
i87,e05,c5,p22,l3,0.00
i87,e05,c5,p23,l3,0.00
i87,e05,c5,p24,l3,0.00
i87,e05,c5,p28,l3,0.00
i87,e05,c5,p29,l3,0.00
i87,e05,c5,p35,l3,0.00
i87,e09,c5,p01,l3,0.00
i87,e09,c5,p03,l3,0.00
i87,e09,c5,p05,l3,0.00
i87,e09,c5,p06,l3,0.00
i87,e09,c5,p07,l3,0.00
i87,e09,c5,p08,l3,0.00
i87,e09,c5,p10,l3,0.00
i87,e09,c5,p11,l3,0.00
i87,e09,c5,p12,l3,0.00
i87,e09,c5,p14,l3,0.00
i87,e09,c5,p15,l3,0.00
i87,e09,c5,p16,l3,0.00
i87,e09,c5,p17,l3,0.00
i87,e09,c5,p18,l3,0.00
i87,e09,c5,p19,l3,0.00
i87,e09,c5,p20,l3,0.00
i87,e09,c5,p21,l3,0.00
i87,e09,c5,p22,l3,0.00
i87,e09,c5,p23,l3,0.00
i87,e09,c5,p24,l3,0.00
i87,e09,c5,p25,l3,0.00
i87,e09,c5,p28,l3,0.00
i87,e09,c5,p29,l3,0.00
i87,e09,c5,p32,l3,0.00
i87,e09,c5,p35,l3,0.00
i88,e01,c1,p35,l3,2.15
i88,e01,c4,p35,l3,0.00
i88,e04,c1,p35,l3,9.17
i88,e05,c1,p35,l3,0.00
i88,e08,c1,p35,l3,1.10
i88,e09,c1,p35,l3,3.51
i88,e09,c4,p35,l3,0.00
i88,e11,c1,p35,l3,1.52
i88,e11,c4,p35,l3,0.00
i89,e01,c1,p01,l3,0.00
i89,e01,c1,p02,l3,0.00
i89,e01,c1,p03,l3,0.00
i89,e01,c1,p04,l3,0.00
i89,e01,c1,p05,l3,0.00
i89,e01,c1,p06,l3,0.00
i89,e01,c1,p07,l3,0.00
i89,e01,c1,p08,l3,0.00
i89,e01,c1,p09,l3,0.00
i89,e01,c1,p10,l3,0.00
i89,e01,c1,p11,l3,0.00
i89,e01,c1,p12,l3,0.00
i89,e01,c1,p13,l3,0.00
i89,e01,c1,p14,l3,0.00
i89,e01,c1,p15,l3,0.00
i89,e01,c1,p16,l3,0.00
i89,e01,c1,p17,l3,0.00
i89,e01,c1,p18,l3,0.00
i89,e01,c1,p19,l3,0.00
i89,e01,c1,p20,l3,0.00
i89,e01,c1,p21,l3,0.00
i89,e01,c1,p22,l3,0.00
i89,e01,c1,p23,l3,0.00
i89,e01,c1,p24,l3,0.00
i89,e01,c1,p25,l3,0.00
i89,e01,c1,p26,l3,0.00
i89,e01,c1,p28,l3,0.00
i89,e01,c1,p29,l3,0.00
i89,e01,c1,p30,l3,0.00
i89,e01,c1,p31,l3,0.00
i89,e01,c1,p32,l3,0.00
i89,e01,c1,p33,l3,0.00
i89,e01,c1,p35,l3,0.00
i89,e01,c4,p01,l3,0.00
i89,e01,c4,p02,l3,0.00
i89,e01,c4,p03,l3,0.00
i89,e01,c4,p04,l3,0.00
i89,e01,c4,p05,l3,0.00
i89,e01,c4,p07,l3,0.00
i89,e01,c4,p09,l3,0.00
i89,e01,c4,p10,l3,0.00
i89,e01,c4,p13,l3,0.00
i89,e01,c4,p14,l3,0.00
i89,e01,c4,p15,l3,0.00
i89,e01,c4,p18,l3,0.00
i89,e01,c4,p19,l3,0.00
i89,e01,c4,p21,l3,0.00
i89,e01,c4,p22,l3,0.00
i89,e01,c4,p23,l3,0.00
i89,e01,c4,p24,l3,0.00
i89,e01,c4,p25,l3,0.00
i89,e01,c4,p32,l3,0.00
i89,e01,c4,p35,l3,0.00
i89,e01,c7,p19,l3,0.00
i89,e04,c1,p01,l1,0.00
i89,e04,c1,p01,l3,0.00
i89,e04,c1,p02,l1,0.00
i89,e04,c1,p02,l3,0.00
i89,e04,c1,p03,l1,0.00
i89,e04,c1,p03,l3,0.00
i89,e04,c1,p04,l1,0.00
i89,e04,c1,p04,l3,0.00
i89,e04,c1,p05,l1,0.00
i89,e04,c1,p05,l3,0.00
i89,e04,c1,p06,l3,0.00
i89,e04,c1,p07,l1,0.00
i89,e04,c1,p07,l3,0.00
i89,e04,c1,p08,l1,0.00
i89,e04,c1,p08,l3,0.00
i89,e04,c1,p09,l1,0.00
i89,e04,c1,p09,l3,0.00
i89,e04,c1,p10,l1,0.00
i89,e04,c1,p10,l3,0.00
i89,e04,c1,p11,l1,0.00
i89,e04,c1,p11,l3,0.00
i89,e04,c1,p12,l1,0.00
i89,e04,c1,p12,l3,0.00
i89,e04,c1,p13,l1,0.00
i89,e04,c1,p13,l3,0.00
i89,e04,c1,p14,l1,0.00
i89,e04,c1,p14,l3,0.00
i89,e04,c1,p15,l1,0.00
i89,e04,c1,p15,l3,0.00
i89,e04,c1,p16,l1,0.00
i89,e04,c1,p16,l3,0.00
i89,e04,c1,p17,l1,0.00
i89,e04,c1,p17,l3,0.00
i89,e04,c1,p18,l1,0.00
i89,e04,c1,p18,l3,0.00
i89,e04,c1,p19,l1,0.00
i89,e04,c1,p19,l3,0.00
i89,e04,c1,p20,l1,0.00
i89,e04,c1,p20,l3,0.00
i89,e04,c1,p21,l1,0.00
i89,e04,c1,p21,l3,0.00
i89,e04,c1,p22,l1,0.00
i89,e04,c1,p22,l3,0.00
i89,e04,c1,p23,l1,0.00
i89,e04,c1,p23,l3,0.00
i89,e04,c1,p24,l1,0.00
i89,e04,c1,p24,l3,0.00
i89,e04,c1,p25,l1,0.00
i89,e04,c1,p25,l3,0.00
i89,e04,c1,p26,l3,0.00
i89,e04,c1,p28,l1,0.00
i89,e04,c1,p28,l3,0.00
i89,e04,c1,p29,l1,0.00
i89,e04,c1,p29,l3,0.00
i89,e04,c1,p30,l3,0.00
i89,e04,c1,p31,l1,0.00
i89,e04,c1,p31,l3,0.00
i89,e04,c1,p32,l1,0.00
i89,e04,c1,p32,l3,0.00
i89,e04,c1,p33,l3,0.00
i89,e04,c1,p35,l1,0.00
i89,e04,c1,p35,l3,0.00
i89,e04,c4,p01,l3,0.00
i89,e04,c4,p02,l1,0.00
i89,e04,c4,p03,l1,0.00
i89,e04,c4,p07,l3,0.00
i89,e04,c4,p08,l1,0.00
i89,e04,c4,p09,l3,0.00
i89,e04,c4,p10,l1,0.00
i89,e04,c4,p10,l3,0.00
i89,e04,c4,p13,l3,0.00
i89,e04,c4,p14,l3,0.00
i89,e04,c4,p15,l1,0.00
i89,e04,c4,p15,l3,0.00
i89,e04,c4,p18,l3,0.00
i89,e04,c4,p19,l3,0.00
i89,e04,c4,p21,l3,0.00
i89,e04,c4,p22,l3,0.00
i89,e04,c4,p23,l3,0.00
i89,e04,c4,p24,l3,0.00
i89,e04,c4,p25,l1,0.00
i89,e04,c4,p35,l1,0.00
i89,e04,c4,p35,l3,0.00
i89,e04,c7,p19,l3,0.00
i89,e05,c1,p01,l3,0.00
i89,e05,c1,p02,l3,0.00
i89,e05,c1,p03,l3,0.00
i89,e05,c1,p04,l3,0.00
i89,e05,c1,p05,l3,0.00
i89,e05,c1,p06,l3,0.00
i89,e05,c1,p07,l3,0.00
i89,e05,c1,p10,l3,0.00
i89,e05,c1,p11,l1,0.00
i89,e05,c1,p11,l3,0.00
i89,e05,c1,p12,l3,0.00
i89,e05,c1,p13,l3,0.00
i89,e05,c1,p14,l3,0.00
i89,e05,c1,p15,l3,0.00
i89,e05,c1,p16,l1,0.00
i89,e05,c1,p16,l3,0.00
i89,e05,c1,p17,l3,0.00
i89,e05,c1,p18,l3,0.00
i89,e05,c1,p19,l1,0.00
i89,e05,c1,p19,l3,0.00
i89,e05,c1,p21,l3,0.00
i89,e05,c1,p22,l3,0.00
i89,e05,c1,p23,l3,0.00
i89,e05,c1,p24,l1,0.00
i89,e05,c1,p24,l3,0.00
i89,e05,c1,p25,l3,0.00
i89,e05,c1,p28,l1,0.00
i89,e05,c1,p29,l3,0.00
i89,e05,c1,p32,l3,0.00
i89,e05,c1,p35,l1,0.00
i89,e05,c1,p35,l3,0.00
i89,e05,c4,p09,l3,0.00
i89,e05,c4,p23,l3,0.00
i89,e05,c4,p35,l3,0.00
i89,e09,c1,p01,l2,0.00
i89,e09,c1,p01,l3,0.00
i89,e09,c1,p02,l2,0.00
i89,e09,c1,p02,l3,0.00
i89,e09,c1,p03,l2,0.00
i89,e09,c1,p03,l3,0.00
i89,e09,c1,p04,l2,0.00
i89,e09,c1,p04,l3,0.00
i89,e09,c1,p05,l2,0.00
i89,e09,c1,p05,l3,0.00
i89,e09,c1,p06,l2,0.00
i89,e09,c1,p06,l3,0.00
i89,e09,c1,p07,l2,0.00
i89,e09,c1,p07,l3,0.00
i89,e09,c1,p08,l2,0.00
i89,e09,c1,p08,l3,0.00
i89,e09,c1,p09,l2,0.00
i89,e09,c1,p09,l3,0.00
i89,e09,c1,p10,l2,0.00
i89,e09,c1,p10,l3,0.00
i89,e09,c1,p11,l2,0.00
i89,e09,c1,p11,l3,0.00
i89,e09,c1,p12,l2,0.00
i89,e09,c1,p12,l3,0.00
i89,e09,c1,p13,l2,0.00
i89,e09,c1,p13,l3,0.00
i89,e09,c1,p14,l2,0.00
i89,e09,c1,p14,l3,0.00
i89,e09,c1,p15,l2,0.00
i89,e09,c1,p15,l3,0.00
i89,e09,c1,p16,l2,0.00
i89,e09,c1,p16,l3,0.00
i89,e09,c1,p17,l2,0.00
i89,e09,c1,p17,l3,0.00
i89,e09,c1,p18,l2,0.00
i89,e09,c1,p18,l3,0.00
i89,e09,c1,p19,l2,0.00
i89,e09,c1,p19,l3,0.00
i89,e09,c1,p20,l2,0.00
i89,e09,c1,p20,l3,0.00
i89,e09,c1,p21,l2,0.00
i89,e09,c1,p21,l3,0.00
i89,e09,c1,p22,l2,0.00
i89,e09,c1,p22,l3,0.00
i89,e09,c1,p23,l2,0.00
i89,e09,c1,p23,l3,0.00
i89,e09,c1,p24,l2,0.00
i89,e09,c1,p24,l3,0.00
i89,e09,c1,p25,l2,0.00
i89,e09,c1,p25,l3,0.00
i89,e09,c1,p26,l3,0.00
i89,e09,c1,p28,l3,0.00
i89,e09,c1,p29,l2,0.00
i89,e09,c1,p29,l3,0.00
i89,e09,c1,p30,l3,0.00
i89,e09,c1,p31,l3,0.00
i89,e09,c1,p32,l2,0.00
i89,e09,c1,p32,l3,0.00
i89,e09,c1,p33,l3,0.00
i89,e09,c1,p35,l2,0.00
i89,e09,c1,p35,l3,0.00
i89,e09,c4,p01,l2,0.00
i89,e09,c4,p01,l3,0.00
i89,e09,c4,p02,l2,0.00
i89,e09,c4,p03,l2,0.00
i89,e09,c4,p03,l3,0.00
i89,e09,c4,p05,l3,0.00
i89,e09,c4,p06,l2,0.00
i89,e09,c4,p07,l3,0.00
i89,e09,c4,p08,l3,0.00
i89,e09,c4,p09,l3,0.00
i89,e09,c4,p10,l2,0.00
i89,e09,c4,p10,l3,0.00
i89,e09,c4,p13,l2,0.00
i89,e09,c4,p13,l3,0.00
i89,e09,c4,p14,l3,0.00
i89,e09,c4,p15,l3,0.00
i89,e09,c4,p17,l3,0.00
i89,e09,c4,p18,l3,0.00
i89,e09,c4,p19,l3,0.00
i89,e09,c4,p21,l3,0.00
i89,e09,c4,p22,l3,0.00
i89,e09,c4,p35,l2,0.00
i89,e09,c4,p35,l3,0.00
i89,e09,c7,p19,l3,0.00
i89,e09,c7,p35,l3,0.00
i90,e01,c1,p01,l3,0.00
i90,e01,c1,p10,l3,0.00
i90,e01,c1,p11,l3,0.00
i90,e01,c1,p12,l3,0.00
i90,e01,c1,p14,l3,0.00
i90,e01,c1,p19,l3,0.00
i90,e01,c1,p23,l3,0.00
i90,e01,c1,p24,l3,0.00
i90,e01,c1,p26,l3,0.00
i90,e01,c1,p32,l3,0.00
i90,e03,c1,p01,l3,0.00
i90,e03,c1,p02,l3,0.00
i90,e03,c1,p03,l3,0.00
i90,e03,c1,p04,l3,0.00
i90,e03,c1,p05,l3,0.00
i90,e03,c1,p06,l3,0.00
i90,e03,c1,p08,l3,0.00
i90,e03,c1,p09,l3,0.00
i90,e03,c1,p10,l3,0.00
i90,e03,c1,p11,l3,0.00
i90,e03,c1,p12,l3,0.00
i90,e03,c1,p15,l3,0.00
i90,e03,c1,p16,l3,0.00
i90,e03,c1,p17,l3,0.00
i90,e03,c1,p18,l3,0.00
i90,e03,c1,p19,l3,0.00
i90,e03,c1,p20,l3,0.00
i90,e03,c1,p21,l3,0.00
i90,e03,c1,p23,l3,0.00
i90,e03,c1,p25,l3,0.00
i90,e03,c1,p26,l3,0.00
i90,e03,c1,p28,l3,0.00
i90,e03,c1,p32,l3,0.00
i90,e03,c1,p35,l3,0.00
i90,e03,c4,p01,l3,0.00
i90,e03,c4,p19,l3,0.00
i90,e04,c1,p04,l3,0.00
i90,e04,c1,p10,l3,0.00
i90,e04,c1,p11,l3,0.00
i90,e04,c1,p12,l3,0.00
i90,e04,c1,p15,l3,0.00
i90,e04,c1,p19,l3,0.00
i90,e04,c1,p23,l3,0.00
i90,e04,c1,p24,l3,0.00
i90,e04,c1,p26,l3,0.00
i90,e04,c1,p32,l3,0.00
i90,e08,c1,p01,l3,0.00
i90,e08,c1,p04,l3,0.00
i90,e08,c1,p05,l3,0.00
i90,e08,c1,p10,l3,0.00
i90,e08,c1,p11,l3,0.00
i90,e08,c1,p12,l2,0.00
i90,e08,c1,p19,l3,0.00
i90,e08,c1,p20,l3,0.00
i90,e08,c1,p21,l3,0.00
i90,e08,c1,p23,l3,0.00
i90,e08,c1,p26,l3,0.00
i90,e08,c1,p32,l3,0.00
i90,e08,c1,p35,l3,0.00
i90,e08,c4,p01,l3,0.00
i90,e09,c1,p10,l3,0.00
i90,e09,c1,p11,l3,0.00
i90,e09,c1,p12,l3,0.00
i90,e09,c1,p19,l3,0.00
i90,e09,c1,p23,l3,0.00
i90,e09,c1,p24,l3,0.00
i90,e09,c1,p25,l3,0.00
i90,e09,c1,p26,l3,0.00
i90,e09,c1,p32,l3,0.00
i90,e09,c4,p01,l3,0.00
i90,e11,c1,p01,l3,0.00
i90,e11,c1,p05,l3,0.00
i90,e11,c1,p10,l2,0.00
i90,e11,c1,p10,l3,0.00
i90,e11,c1,p11,l3,0.00
i90,e11,c1,p12,l3,0.00
i90,e11,c1,p23,l3,0.00
i91,e01,c1,p10,l3,0.00
i91,e04,c1,p10,l3,0.00
i91,e05,c1,p10,l3,0.00
i91,e08,c1,p10,l3,0.00
i91,e09,c1,p10,l3,0.00
i91,e13,c1,p10,l3,0.00
i93,e01,c5,p10,l3,0.00
i93,e01,c5,p35,l3,0.00
i93,e02,c5,p35,l3,0.00
i93,e03,c5,p10,l3,0.00
i93,e03,c5,p35,l3,0.00
i93,e04,c5,p10,l3,0.00
i93,e04,c5,p35,l3,0.00
i93,e05,c5,p01,l3,0.00
i93,e05,c5,p10,l3,0.00
i93,e05,c5,p35,l3,0.00
i93,e08,c5,p01,l3,0.00
i93,e08,c5,p10,l3,0.00
i93,e08,c5,p35,l3,0.00
i93,e09,c5,p10,l3,0.00
i93,e10,c5,p10,l3,0.00
i93,e10,c5,p35,l3,0.00
i93,e11,c5,p01,l3,0.00
i93,e11,c5,p10,l3,0.00
i93,e11,c5,p35,l3,0.00
i93,e12,c5,p10,l3,0.00
i93,e12,c5,p35,l3,0.00
i94,e01,c1,p35,l3,0.00
i94,e04,c1,p35,l3,0.00
i94,e05,c1,p35,l3,0.00
i94,e08,c1,p35,l3,0.00
i94,e09,c1,p35,l3,0.00
i94,e11,c1,p35,l3,0.00
i94,e13,c1,p35,l3,0.00
i95,e01,c3,p35,l3,0.00
i95,e01,c5,p35,l3,0.00
i95,e02,c3,p35,l3,0.00
i95,e02,c5,p35,l3,0.00
i95,e04,c3,p35,l3,0.00
i95,e04,c5,p35,l3,1.06
i95,e05,c3,p35,l3,0.00
i95,e05,c5,p35,l3,0.00
i95,e09,c3,p35,l3,0.00
i95,e09,c5,p35,l3,0.00
i96,e01,c3,p35,l3,0.00
i96,e01,c5,p01,l3,0.00
i96,e01,c5,p03,l3,0.00
i96,e01,c5,p06,l3,0.00
i96,e01,c5,p10,l3,0.00
i96,e01,c5,p13,l3,0.00
i96,e01,c5,p14,l3,0.00
i96,e01,c5,p19,l3,0.00
i96,e01,c5,p29,l3,0.00
i96,e01,c5,p35,l3,0.00
i96,e02,c5,p21,l3,0.00
i96,e04,c3,p35,l3,0.00
i96,e04,c5,p01,l3,0.00
i96,e04,c5,p03,l3,0.00
i96,e04,c5,p05,l3,0.00
i96,e04,c5,p06,l3,0.00
i96,e04,c5,p10,l3,0.00
i96,e04,c5,p11,l3,0.00
i96,e04,c5,p12,l3,0.00
i96,e04,c5,p13,l3,0.00
i96,e04,c5,p16,l3,0.00
i96,e04,c5,p18,l3,0.00
i96,e04,c5,p19,l3,0.00
i96,e04,c5,p28,l3,0.00
i96,e04,c5,p29,l3,0.00
i96,e04,c5,p35,l3,0.00
i96,e09,c3,p35,l3,0.00
i96,e09,c5,p01,l3,0.00
i96,e09,c5,p03,l3,0.00
i96,e09,c5,p10,l3,0.00
i96,e09,c5,p12,l3,0.00
i96,e09,c5,p13,l3,0.00
i96,e09,c5,p17,l3,0.00
i96,e09,c5,p18,l3,0.00
i96,e09,c5,p19,l3,0.00
i96,e09,c5,p29,l3,0.00
i96,e09,c5,p35,l3,0.00
i97,e01,c1,p10,l3,0.00
i97,e01,c1,p12,l3,0.00
i97,e01,c1,p35,l3,0.00
i97,e04,c1,p05,l3,0.00
i97,e04,c1,p10,l1,0.00
i97,e04,c1,p10,l3,0.00
i97,e04,c1,p12,l3,0.00
i97,e04,c1,p35,l1,0.00
i97,e04,c1,p35,l3,0.00
i97,e05,c1,p10,l3,0.00
i97,e05,c1,p35,l3,0.00
i97,e08,c1,p10,l2,0.00
i97,e08,c1,p10,l3,0.00
i97,e08,c1,p12,l3,0.00
i97,e08,c1,p35,l2,0.00
i97,e08,c1,p35,l3,0.00
i97,e09,c1,p10,l2,0.00
i97,e09,c1,p10,l3,0.00
i97,e09,c1,p12,l3,0.00
i97,e09,c1,p35,l2,0.00
i97,e09,c1,p35,l3,0.00
i97,e11,c1,p10,l2,0.00
i97,e11,c1,p10,l3,0.00
i97,e11,c1,p35,l2,0.00
i97,e11,c1,p35,l3,0.00
i98,e01,c1,p10,l3,0.00
i98,e01,c1,p21,l3,0.00
i98,e04,c1,p10,l1,0.00
i98,e04,c1,p10,l3,0.00
i98,e04,c1,p11,l1,0.00
i98,e04,c1,p28,l3,0.00
i98,e05,c1,p10,l1,0.00
i98,e05,c1,p10,l3,0.00
i98,e05,c1,p35,l1,0.00
i98,e05,c1,p35,l3,0.00
i98,e09,c1,p10,l2,0.00
i98,e09,c1,p10,l3,0.00
i98,e09,c1,p11,l2,0.00
i98,e12,c1,p03,l3,0.00
i98,e12,c1,p10,l3,0.00
i98,e12,c1,p11,l3,0.00
i98,e12,c1,p12,l3,0.00
i98,e12,c1,p28,l3,0.00
i99,e01,c5,p05,l3,0.00
i99,e01,c5,p07,l3,0.00
i99,e01,c5,p10,l3,0.00
i99,e01,c5,p19,l3,0.00
i99,e01,c5,p20,l3,0.00
i99,e01,c5,p23,l3,0.00
i99,e01,c5,p24,l3,0.00
i99,e01,c5,p35,l3,0.00
i99,e04,c3,p35,l3,0.00
i99,e04,c5,p02,l3,0.00
i99,e04,c5,p05,l3,0.00
i99,e04,c5,p06,l3,0.00
i99,e04,c5,p07,l3,0.00
i99,e04,c5,p08,l3,0.00
i99,e04,c5,p10,l3,0.00
i99,e04,c5,p12,l3,0.00
i99,e04,c5,p14,l3,0.00
i99,e04,c5,p15,l3,0.00
i99,e04,c5,p18,l3,0.00
i99,e04,c5,p19,l3,0.00
i99,e04,c5,p22,l3,0.00
i99,e04,c5,p23,l3,0.00
i99,e04,c5,p24,l3,0.00
i99,e04,c5,p25,l3,0.00
i99,e04,c5,p29,l3,0.00
i99,e04,c5,p35,l3,0.00
i99,e05,c3,p03,l3,0.00
i99,e05,c3,p07,l1,0.00
i99,e05,c3,p19,l3,0.00
i99,e05,c3,p35,l1,0.00
i99,e05,c3,p35,l3,0.00
i99,e05,c5,p01,l3,0.00
i99,e05,c5,p02,l3,0.00
i99,e05,c5,p03,l1,0.00
i99,e05,c5,p03,l3,0.00
i99,e05,c5,p04,l1,0.00
i99,e05,c5,p04,l3,0.00
i99,e05,c5,p05,l1,0.00
i99,e05,c5,p05,l3,0.00
i99,e05,c5,p06,l3,0.00
i99,e05,c5,p07,l1,0.00
i99,e05,c5,p07,l3,0.00
i99,e05,c5,p08,l3,0.00
i99,e05,c5,p09,l3,0.00
i99,e05,c5,p10,l1,0.00
i99,e05,c5,p10,l3,0.00
i99,e05,c5,p11,l3,0.00
i99,e05,c5,p12,l3,0.00
i99,e05,c5,p13,l1,0.00
i99,e05,c5,p13,l3,0.00
i99,e05,c5,p14,l3,0.00
i99,e05,c5,p15,l1,0.00
i99,e05,c5,p15,l3,0.00
i99,e05,c5,p16,l1,0.00
i99,e05,c5,p16,l3,0.00
i99,e05,c5,p17,l3,0.00
i99,e05,c5,p18,l3,0.00
i99,e05,c5,p19,l3,0.00
i99,e05,c5,p20,l3,0.00
i99,e05,c5,p21,l1,0.00
i99,e05,c5,p21,l3,0.00
i99,e05,c5,p22,l3,0.00
i99,e05,c5,p23,l3,0.00
i99,e05,c5,p24,l1,0.00
i99,e05,c5,p24,l3,0.00
i99,e05,c5,p25,l1,0.00
i99,e05,c5,p25,l3,0.00
i99,e05,c5,p28,l3,0.00
i99,e05,c5,p29,l3,0.00
i99,e05,c5,p31,l3,0.00
i99,e05,c5,p32,l3,0.00
i99,e05,c5,p35,l1,0.00
i99,e05,c5,p35,l3,0.00
i99,e09,c5,p06,l3,0.00
i99,e09,c5,p19,l3,0.00
i99,e09,c5,p21,l3,0.00
i99,e09,c5,p22,l2,0.00
i99,e09,c5,p29,l3,0.00
i99,e09,c5,p35,l2,0.00
i99,e09,c5,p35,l3,0.00
unknown,e01,c1,p01,l3,0.00
unknown,e01,c1,p02,l3,0.00
unknown,e01,c1,p03,l3,0.00
unknown,e01,c1,p05,l3,0.00
unknown,e01,c1,p06,l3,0.00
unknown,e01,c1,p07,l3,0.00
unknown,e01,c1,p08,l3,0.00
unknown,e01,c1,p10,l3,0.00
unknown,e01,c1,p11,l3,0.00
unknown,e01,c1,p12,l3,0.00
unknown,e01,c1,p13,l3,0.00
unknown,e01,c1,p15,l3,0.00
unknown,e01,c1,p16,l3,0.00
unknown,e01,c1,p17,l3,0.00
unknown,e01,c1,p18,l3,0.00
unknown,e01,c1,p19,l3,0.00
unknown,e01,c1,p20,l3,0.00
unknown,e01,c1,p21,l3,0.00
unknown,e01,c1,p22,l3,0.00
unknown,e01,c1,p23,l3,0.00
unknown,e01,c1,p24,l3,0.00
unknown,e01,c1,p28,l3,0.00
unknown,e01,c1,p29,l3,0.00
unknown,e01,c1,p35,l3,0.00
unknown,e01,c2,p35,l3,0.00
unknown,e01,c3,p10,l3,0.00
unknown,e01,c3,p35,l3,1.19
unknown,e01,c4,p05,l3,0.00
unknown,e01,c4,p08,l3,0.00
unknown,e01,c4,p10,l3,0.00
unknown,e01,c4,p22,l3,0.00
unknown,e01,c4,p24,l3,0.00
unknown,e01,c4,p35,l3,0.00
unknown,e01,c5,p04,l3,0.00
unknown,e01,c5,p10,l3,0.00
unknown,e01,c5,p19,l3,0.00
unknown,e01,c5,p33,l3,0.00
unknown,e01,c5,p35,l3,0.00
unknown,e01,c8,p35,l3,0.00
unknown,e02,c3,p01,l3,0.00
unknown,e02,c3,p10,l1,0.00
unknown,e02,c3,p10,l3,0.00
unknown,e02,c3,p35,l1,0.00
unknown,e02,c3,p35,l3,0.00
unknown,e02,c5,p10,l3,0.00
unknown,e02,c5,p35,l3,0.00
unknown,e03,c1,p10,l3,0.00
unknown,e03,c1,p35,l3,0.00
unknown,e03,c3,p10,l3,0.00
unknown,e03,c3,p35,l3,0.00
unknown,e03,c5,p03,l3,0.00
unknown,e03,c5,p10,l3,0.00
unknown,e03,c5,p19,l3,0.00
unknown,e03,c5,p33,l3,0.00
unknown,e03,c5,p35,l3,0.00
unknown,e04,c1,p01,l3,0.00
unknown,e04,c1,p02,l3,0.00
unknown,e04,c1,p06,l3,0.00
unknown,e04,c1,p07,l3,0.00
unknown,e04,c1,p10,l3,0.00
unknown,e04,c1,p12,l3,0.00
unknown,e04,c1,p13,l3,0.00
unknown,e04,c1,p17,l3,0.00
unknown,e04,c1,p19,l3,0.00
unknown,e04,c1,p22,l1,0.00
unknown,e04,c1,p22,l3,0.00
unknown,e04,c1,p24,l3,0.00
unknown,e04,c1,p35,l3,0.00
unknown,e04,c2,p35,l3,0.00
unknown,e04,c3,p01,l3,0.00
unknown,e04,c3,p10,l1,0.00
unknown,e04,c3,p10,l3,0.00
unknown,e04,c3,p35,l1,0.00
unknown,e04,c3,p35,l3,0.00
unknown,e04,c4,p10,l3,0.00
unknown,e04,c5,p04,l3,0.00
unknown,e04,c5,p05,l3,0.00
unknown,e04,c5,p10,l3,0.00
unknown,e04,c5,p19,l3,0.00
unknown,e04,c5,p33,l3,0.00
unknown,e04,c5,p35,l3,0.00
unknown,e04,c8,p10,l3,0.00
unknown,e04,c8,p35,l3,0.00
unknown,e05,c1,p01,l3,0.00
unknown,e05,c1,p02,l1,0.00
unknown,e05,c1,p02,l3,0.00
unknown,e05,c1,p03,l3,0.00
unknown,e05,c1,p07,l1,0.00
unknown,e05,c1,p07,l3,0.00
unknown,e05,c1,p09,l3,0.00
unknown,e05,c1,p10,l1,0.00
unknown,e05,c1,p10,l3,0.00
unknown,e05,c1,p11,l3,0.00
unknown,e05,c1,p12,l3,0.00
unknown,e05,c1,p13,l3,0.00
unknown,e05,c1,p14,l3,0.00
unknown,e05,c1,p15,l3,0.00
unknown,e05,c1,p18,l3,0.00
unknown,e05,c1,p22,l3,0.00
unknown,e05,c1,p35,l1,0.00
unknown,e05,c1,p35,l3,0.00
unknown,e05,c3,p01,l3,0.00
unknown,e05,c3,p03,l3,0.00
unknown,e05,c3,p07,l3,0.00
unknown,e05,c3,p10,l1,0.00
unknown,e05,c3,p10,l3,0.00
unknown,e05,c3,p11,l3,0.00
unknown,e05,c3,p21,l1,0.00
unknown,e05,c3,p21,l3,0.00
unknown,e05,c3,p28,l3,0.00
unknown,e05,c3,p35,l1,0.00
unknown,e05,c3,p35,l3,0.00
unknown,e05,c4,p11,l3,0.00
unknown,e05,c4,p21,l3,0.00
unknown,e05,c5,p01,l3,0.00
unknown,e05,c5,p03,l3,0.00
unknown,e05,c5,p10,l3,0.00
unknown,e05,c5,p11,l3,0.00
unknown,e05,c5,p19,l3,0.00
unknown,e05,c5,p25,l3,0.00
unknown,e05,c5,p28,l3,0.00
unknown,e05,c5,p35,l3,0.00
unknown,e06,c1,p09,l3,0.00
unknown,e07,c1,p02,l3,0.00
unknown,e07,c1,p10,l3,0.00
unknown,e07,c1,p13,l3,0.00
unknown,e07,c1,p19,l3,0.00
unknown,e07,c1,p35,l3,0.00
unknown,e07,c5,p10,l3,0.00
unknown,e07,c5,p35,l3,0.00
unknown,e08,c1,p01,l3,0.00
unknown,e08,c1,p02,l3,0.00
unknown,e08,c1,p03,l3,0.00
unknown,e08,c1,p04,l3,0.00
unknown,e08,c1,p05,l3,0.00
unknown,e08,c1,p07,l2,0.00
unknown,e08,c1,p07,l3,0.00
unknown,e08,c1,p10,l2,0.00
unknown,e08,c1,p10,l3,0.00
unknown,e08,c1,p11,l3,0.00
unknown,e08,c1,p12,l2,0.00
unknown,e08,c1,p12,l3,0.00
unknown,e08,c1,p13,l3,0.00
unknown,e08,c1,p15,l3,0.00
unknown,e08,c1,p16,l3,0.00
unknown,e08,c1,p19,l3,0.00
unknown,e08,c1,p20,l3,0.00
unknown,e08,c1,p21,l3,0.00
unknown,e08,c1,p23,l3,0.00
unknown,e08,c1,p24,l3,0.00
unknown,e08,c1,p29,l3,0.00
unknown,e08,c1,p33,l3,0.00
unknown,e08,c1,p35,l2,0.00
unknown,e08,c1,p35,l3,0.00
unknown,e08,c3,p01,l3,0.00
unknown,e08,c3,p03,l3,0.00
unknown,e08,c3,p10,l2,0.00
unknown,e08,c3,p10,l3,0.00
unknown,e08,c3,p35,l2,0.00
unknown,e08,c3,p35,l3,0.00
unknown,e08,c4,p35,l3,0.00
unknown,e08,c5,p03,l3,0.00
unknown,e08,c5,p04,l3,0.00
unknown,e08,c5,p10,l3,0.00
unknown,e08,c5,p19,l3,0.00
unknown,e08,c5,p33,l3,0.00
unknown,e08,c5,p35,l3,0.00
unknown,e08,c8,p10,l3,0.00
unknown,e08,c8,p35,l3,0.00
unknown,e08,unknown,p35,unknown,0.00
unknown,e09,c1,p05,l3,0.00
unknown,e09,c1,p06,l3,0.00
unknown,e09,c1,p07,l3,0.00
unknown,e09,c1,p10,l2,0.00
unknown,e09,c1,p10,l3,0.00
unknown,e09,c1,p11,l3,0.00
unknown,e09,c1,p12,l3,0.00
unknown,e09,c1,p13,l3,0.00
unknown,e09,c1,p16,l3,0.00
unknown,e09,c1,p17,l3,0.00
unknown,e09,c1,p19,l3,0.00
unknown,e09,c1,p21,l3,0.00
unknown,e09,c1,p22,l2,0.00
unknown,e09,c1,p22,l3,0.00
unknown,e09,c1,p24,l3,0.00
unknown,e09,c1,p29,l3,0.00
unknown,e09,c1,p32,l3,0.00
unknown,e09,c1,p35,l3,0.00
unknown,e09,c3,p10,l2,0.00
unknown,e09,c3,p10,l3,0.00
unknown,e09,c3,p35,l3,0.00
unknown,e09,c5,p10,l3,0.00
unknown,e09,c5,p19,l3,0.00
unknown,e09,c5,p33,l3,0.00
unknown,e09,c5,p35,l3,0.00
unknown,e09,c8,p10,l3,0.00
unknown,e09,c8,p35,l3,0.00
unknown,e10,c1,p10,l3,0.00
unknown,e10,c1,p35,l3,0.00
unknown,e10,c3,p10,l3,0.00
unknown,e10,c3,p10,l4,0.00
unknown,e10,c3,p35,l3,0.00
unknown,e10,c3,p35,l4,0.00
unknown,e10,c5,p01,l3,0.00
unknown,e10,c5,p01,unknown,0.00
unknown,e10,c5,p10,l3,0.00
unknown,e10,c5,p10,l4,0.00
unknown,e10,c5,p16,l3,0.00
unknown,e10,c5,p16,unknown,0.00
unknown,e10,c5,p18,l3,0.00
unknown,e10,c5,p19,l3,0.00
unknown,e10,c5,p25,unknown,0.00
unknown,e10,c5,p33,l3,0.00
unknown,e10,c5,p35,l3,0.00
unknown,e10,c5,p35,l4,0.00
unknown,e10,c5,p35,unknown,0.00
unknown,e10,unknown,p35,unknown,0.00
unknown,e11,c1,p01,l3,0.00
unknown,e11,c1,p02,l3,0.00
unknown,e11,c1,p03,l3,0.00
unknown,e11,c1,p10,l3,0.00
unknown,e11,c1,p11,l3,0.00
unknown,e11,c1,p13,l3,0.00
unknown,e11,c1,p17,l3,0.00
unknown,e11,c1,p19,l3,0.00
unknown,e11,c1,p21,l3,0.00
unknown,e11,c1,p23,l3,0.00
unknown,e11,c1,p35,l3,0.00
unknown,e11,c3,p10,l3,0.00
unknown,e11,c3,p35,l3,0.00
unknown,e11,c5,p10,l3,0.00
unknown,e11,c5,p19,l3,0.00
unknown,e11,c5,p35,l3,0.00
unknown,e12,c1,p01,l3,0.00
unknown,e12,c1,p02,l3,0.00
unknown,e12,c1,p03,l3,0.00
unknown,e12,c1,p04,l3,0.00
unknown,e12,c1,p09,l3,0.00
unknown,e12,c1,p10,l3,0.00
unknown,e12,c1,p11,l3,0.00
unknown,e12,c1,p12,l3,0.00
unknown,e12,c1,p13,l3,0.00
unknown,e12,c1,p14,l3,0.00
unknown,e12,c1,p15,l3,0.00
unknown,e12,c1,p18,l3,0.00
unknown,e12,c1,p19,l3,0.00
unknown,e12,c1,p20,l3,0.00
unknown,e12,c1,p21,l3,0.00
unknown,e12,c1,p24,l3,0.00
unknown,e12,c1,p35,l3,0.00
unknown,e12,c3,p10,l3,0.00
unknown,e12,c3,p35,l3,0.00
unknown,e12,c5,p10,l3,0.00
unknown,e12,c5,p19,l3,0.00
unknown,e12,c5,p35,l3,0.00
unknown,e12,c5,p35,unknown,0.00
unknown,e12,unknown,p35,unknown,0.00
unknown,e13,c1,p10,l3,0.00
unknown,e13,c5,p04,l3,0.00
unknown,e13,c5,p10,l3,0.00
unknown,e13,c5,p21,l3,0.00
unknown,e13,c5,p35,l3,0.00
