i01,e01,c1,p01,l3,0.00
i01,e01,c1,p02,l3,0.00
i01,e01,c1,p03,l3,0.00
i01,e01,c1,p04,l3,0.00
i01,e01,c1,p05,l3,0.00
i01,e01,c1,p06,l3,0.00
i01,e01,c1,p07,l3,0.00
i01,e01,c1,p08,l3,0.00
i01,e01,c1,p09,l3,0.00
i01,e01,c1,p10,l3,0.00
i01,e01,c1,p11,l3,0.00
i01,e01,c1,p12,l3,0.00
i01,e01,c1,p13,l3,0.00
i01,e01,c1,p14,l3,0.00
i01,e01,c1,p15,l3,0.00
i01,e01,c1,p16,l3,0.00
i01,e01,c1,p17,l3,0.00
i01,e01,c1,p18,l3,0.00
i01,e01,c1,p19,l3,0.00
i01,e01,c1,p20,l3,0.00
i01,e01,c1,p21,l3,0.00
i01,e01,c1,p22,l3,0.00
i01,e01,c1,p23,l3,0.00
i01,e01,c1,p24,l3,0.00
i01,e01,c1,p25,l3,0.00
i01,e01,c1,p26,l3,0.00
i01,e01,c1,p27,l3,0.00
i01,e01,c1,p28,l3,0.00
i01,e01,c1,p29,l3,0.00
i01,e01,c1,p30,l3,0.00
i01,e01,c1,p31,l3,0.00
i01,e01,c1,p32,l3,0.00
i01,e01,c1,p33,l3,0.00
i01,e01,c1,p34,l3,0.00
i01,e01,c1,p35,l3,0.00
i01,e01,c4,p01,l3,0.00
i01,e01,c4,p03,l3,0.00
i01,e01,c4,p04,l3,0.00
i01,e01,c4,p06,l3,0.00
i01,e01,c4,p07,l3,0.00
i01,e01,c4,p08,l3,0.00
i01,e01,c4,p09,l3,0.00
i01,e01,c4,p10,l3,0.00
i01,e01,c4,p11,l3,0.00
i01,e01,c4,p13,l3,0.00
i01,e01,c4,p15,l3,0.00
i01,e01,c4,p16,l3,0.00
i01,e01,c4,p17,l3,0.00
i01,e01,c4,p19,l3,0.00
i01,e01,c4,p21,l3,0.00
i01,e01,c4,p22,l3,0.00
i01,e01,c4,p23,l3,0.00
i01,e01,c4,p35,l3,0.00
i01,e01,c7,p35,l3,0.00
i01,e04,c1,p01,l1,0.00
i01,e04,c1,p01,l3,0.00
i01,e04,c1,p02,l1,0.00
i01,e04,c1,p02,l3,0.00
i01,e04,c1,p03,l1,0.00
i01,e04,c1,p03,l3,0.00
i01,e04,c1,p04,l1,0.00
i01,e04,c1,p04,l3,0.00
i01,e04,c1,p05,l1,0.00
i01,e04,c1,p05,l3,0.00
i01,e04,c1,p06,l1,0.00
i01,e04,c1,p06,l3,0.00
i01,e04,c1,p07,l1,0.00
i01,e04,c1,p07,l3,0.00
i01,e04,c1,p08,l1,0.00
i01,e04,c1,p08,l3,0.00
i01,e04,c1,p09,l1,0.00
i01,e04,c1,p09,l3,0.00
i01,e04,c1,p10,l1,0.00
i01,e04,c1,p10,l3,0.00
i01,e04,c1,p11,l1,0.00
i01,e04,c1,p11,l3,0.00
i01,e04,c1,p12,l1,0.00
i01,e04,c1,p12,l3,0.00
i01,e04,c1,p13,l1,0.00
i01,e04,c1,p13,l3,0.00
i01,e04,c1,p14,l1,0.00
i01,e04,c1,p14,l3,0.00
i01,e04,c1,p15,l1,0.00
i01,e04,c1,p15,l3,0.00
i01,e04,c1,p16,l1,0.00
i01,e04,c1,p16,l3,0.00
i01,e04,c1,p17,l1,0.00
i01,e04,c1,p17,l3,0.00
i01,e04,c1,p18,l1,0.00
i01,e04,c1,p18,l3,0.00
i01,e04,c1,p19,l1,0.00
i01,e04,c1,p19,l3,0.00
i01,e04,c1,p20,l1,0.00
i01,e04,c1,p20,l3,0.00
i01,e04,c1,p21,l1,0.00
i01,e04,c1,p21,l3,0.00
i01,e04,c1,p22,l1,0.00
i01,e04,c1,p22,l3,0.00
i01,e04,c1,p23,l1,0.00
i01,e04,c1,p23,l3,0.00
i01,e04,c1,p24,l1,0.00
i01,e04,c1,p24,l3,0.00
i01,e04,c1,p25,l1,0.00
i01,e04,c1,p25,l3,0.00
i01,e04,c1,p26,l1,0.00
i01,e04,c1,p26,l3,0.00
i01,e04,c1,p27,l3,0.00
i01,e04,c1,p28,l1,0.00
i01,e04,c1,p28,l3,0.00
i01,e04,c1,p29,l1,0.00
i01,e04,c1,p29,l3,0.00
i01,e04,c1,p30,l1,0.00
i01,e04,c1,p30,l3,0.00
i01,e04,c1,p31,l1,0.00
i01,e04,c1,p31,l3,0.00
i01,e04,c1,p32,l1,0.00
i01,e04,c1,p32,l3,0.00
i01,e04,c1,p33,l1,0.00
i01,e04,c1,p33,l3,0.00
i01,e04,c1,p34,l3,0.00
i01,e04,c1,p35,l1,0.00
i01,e04,c1,p35,l3,0.00
i01,e04,c4,p01,l1,0.00
i01,e04,c4,p01,l3,0.00
i01,e04,c4,p04,l1,0.00
i01,e04,c4,p04,l3,0.00
i01,e04,c4,p07,l3,0.00
i01,e04,c4,p08,l3,0.00
i01,e04,c4,p09,l3,0.00
i01,e04,c4,p10,l1,0.00
i01,e04,c4,p10,l3,0.00
i01,e04,c4,p11,l1,0.00
i01,e04,c4,p11,l3,0.00
i01,e04,c4,p13,l3,0.00
i01,e04,c4,p15,l3,0.00
i01,e04,c4,p16,l1,0.00
i01,e04,c4,p16,l3,0.00
i01,e04,c4,p19,l3,0.00
i01,e04,c4,p21,l3,0.00
i01,e04,c4,p22,l1,0.00
i01,e04,c4,p22,l3,0.00
i01,e04,c4,p23,l3,0.00
i01,e04,c4,p35,l1,0.00
i01,e04,c4,p35,l3,0.00
i01,e04,c7,p35,l3,0.00
i01,e05,c1,p01,l1,0.00
i01,e05,c1,p01,l3,0.00
i01,e05,c1,p02,l1,0.00
i01,e05,c1,p02,l3,0.00
i01,e05,c1,p03,l1,0.00
i01,e05,c1,p03,l3,0.00
i01,e05,c1,p04,l1,0.00
i01,e05,c1,p04,l3,0.00
i01,e05,c1,p05,l1,0.00
i01,e05,c1,p05,l3,0.00
i01,e05,c1,p06,l1,0.00
i01,e05,c1,p06,l3,0.00
i01,e05,c1,p07,l1,0.00
i01,e05,c1,p07,l3,0.00
i01,e05,c1,p08,l1,0.00
i01,e05,c1,p08,l3,0.00
i01,e05,c1,p09,l1,0.00
i01,e05,c1,p09,l3,0.00
i01,e05,c1,p10,l1,0.00
i01,e05,c1,p10,l3,0.00
i01,e05,c1,p11,l1,0.00
i01,e05,c1,p11,l3,0.00
i01,e05,c1,p12,l1,0.00
i01,e05,c1,p12,l3,0.00
i01,e05,c1,p13,l1,0.00
i01,e05,c1,p13,l3,0.00
i01,e05,c1,p14,l1,0.00
i01,e05,c1,p14,l3,0.00
i01,e05,c1,p15,l1,0.00
i01,e05,c1,p15,l3,0.00
i01,e05,c1,p16,l1,0.00
i01,e05,c1,p16,l3,0.00
i01,e05,c1,p17,l1,0.00
i01,e05,c1,p17,l3,0.00
i01,e05,c1,p18,l1,0.00
i01,e05,c1,p18,l3,0.00
i01,e05,c1,p19,l1,0.00
i01,e05,c1,p19,l3,0.00
i01,e05,c1,p20,l1,0.00
i01,e05,c1,p20,l3,0.00
i01,e05,c1,p21,l1,0.00
i01,e05,c1,p21,l3,0.00
i01,e05,c1,p22,l1,0.00
i01,e05,c1,p22,l3,0.00
i01,e05,c1,p23,l1,0.00
i01,e05,c1,p23,l3,0.00
i01,e05,c1,p24,l3,0.00
i01,e05,c1,p25,l3,0.00
i01,e05,c1,p26,l3,0.00
i01,e05,c1,p28,l1,0.00
i01,e05,c1,p28,l3,0.00
i01,e05,c1,p29,l1,0.00
i01,e05,c1,p29,l3,0.00
i01,e05,c1,p31,l1,0.00
i01,e05,c1,p31,l3,0.00
i01,e05,c1,p32,l1,0.00
i01,e05,c1,p32,l3,0.00
i01,e05,c1,p33,l3,0.00
i01,e05,c1,p35,l1,0.00
i01,e05,c1,p35,l3,0.00
i01,e05,c4,p01,l3,0.00
i01,e05,c4,p07,l1,0.00
i01,e05,c4,p12,l3,0.00
i01,e05,c4,p35,l3,0.00
i01,e06,c1,p01,l3,0.00
i01,e06,c1,p02,l3,0.00
i01,e06,c1,p03,l3,0.00
i01,e06,c1,p04,l3,0.00
i01,e06,c1,p05,l3,0.00
i01,e06,c1,p07,l3,0.00
i01,e06,c1,p08,l3,0.00
i01,e06,c1,p09,l3,0.00
i01,e06,c1,p10,l3,0.00
i01,e06,c1,p11,l3,0.00
i01,e06,c1,p12,l3,0.00
i01,e06,c1,p13,l3,0.00
i01,e06,c1,p14,l3,0.00
i01,e06,c1,p15,l3,0.00
i01,e06,c1,p16,l3,0.00
i01,e06,c1,p17,l3,0.00
i01,e06,c1,p18,l3,0.00
i01,e06,c1,p19,l3,0.00
i01,e06,c1,p21,l3,0.00
i01,e06,c1,p22,l3,0.00
i01,e06,c1,p23,l3,0.00
i01,e06,c1,p24,l3,0.00
i01,e06,c1,p25,l3,0.00
i01,e06,c1,p29,l3,0.00
i01,e06,c1,p31,l3,0.00
i01,e06,c1,p32,l3,0.00
i01,e06,c1,p35,l3,0.00
i01,e06,c4,p35,l3,0.00
i01,e07,c1,p01,l2,0.00
i01,e07,c1,p01,l3,0.00
i01,e07,c1,p02,l2,0.00
i01,e07,c1,p02,l3,0.00
i01,e07,c1,p03,l2,0.00
i01,e07,c1,p03,l3,0.00
i01,e07,c1,p04,l2,0.00
i01,e07,c1,p04,l3,0.00
i01,e07,c1,p05,l2,0.00
i01,e07,c1,p05,l3,0.00
i01,e07,c1,p06,l2,0.00
i01,e07,c1,p06,l3,0.00
i01,e07,c1,p07,l2,0.00
i01,e07,c1,p07,l3,0.00
i01,e07,c1,p08,l2,0.00
i01,e07,c1,p08,l3,0.00
i01,e07,c1,p09,l2,0.00
i01,e07,c1,p09,l3,0.00
i01,e07,c1,p10,l2,0.00
i01,e07,c1,p10,l3,0.00
i01,e07,c1,p11,l2,0.00
i01,e07,c1,p11,l3,0.00
i01,e07,c1,p12,l2,0.00
i01,e07,c1,p12,l3,0.00
i01,e07,c1,p13,l2,0.00
i01,e07,c1,p13,l3,0.00
i01,e07,c1,p14,l2,0.00
i01,e07,c1,p14,l3,0.00
i01,e07,c1,p15,l2,0.00
i01,e07,c1,p15,l3,0.00
i01,e07,c1,p16,l2,0.00
i01,e07,c1,p16,l3,0.00
i01,e07,c1,p17,l2,0.00
i01,e07,c1,p17,l3,0.00
i01,e07,c1,p18,l2,0.00
i01,e07,c1,p18,l3,0.00
i01,e07,c1,p19,l2,0.00
i01,e07,c1,p19,l3,0.00
i01,e07,c1,p20,l2,0.00
i01,e07,c1,p20,l3,0.00
i01,e07,c1,p21,l2,0.00
i01,e07,c1,p21,l3,0.00
i01,e07,c1,p22,l2,0.00
i01,e07,c1,p22,l3,0.00
i01,e07,c1,p23,l2,0.00
i01,e07,c1,p23,l3,0.00
i01,e07,c1,p24,l2,0.00
i01,e07,c1,p24,l3,0.00
i01,e07,c1,p25,l3,0.00
i01,e07,c1,p26,l2,0.00
i01,e07,c1,p26,l3,0.00
i01,e07,c1,p28,l2,0.00
i01,e07,c1,p28,l3,0.00
i01,e07,c1,p29,l2,0.00
i01,e07,c1,p29,l3,0.00
i01,e07,c1,p31,l2,0.00
i01,e07,c1,p32,l3,0.00
i01,e07,c1,p35,l2,0.00
i01,e07,c1,p35,l3,0.00
i01,e07,c4,p04,l2,0.00
i01,e07,c4,p16,l2,0.00
i01,e07,c4,p35,l2,0.00
i01,e07,c4,p35,l3,0.00
i01,e08,c1,p01,l2,0.00
i01,e08,c1,p01,l3,0.00
i01,e08,c1,p02,l2,0.00
i01,e08,c1,p02,l3,0.00
i01,e08,c1,p03,l2,0.00
i01,e08,c1,p03,l3,0.00
i01,e08,c1,p04,l2,0.00
i01,e08,c1,p04,l3,0.00
i01,e08,c1,p05,l2,0.00
i01,e08,c1,p05,l3,0.00
i01,e08,c1,p06,l2,0.00
i01,e08,c1,p06,l3,0.00
i01,e08,c1,p07,l2,0.00
i01,e08,c1,p07,l3,10.64
i01,e08,c1,p08,l2,0.00
i01,e08,c1,p08,l3,0.00
i01,e08,c1,p09,l2,0.00
i01,e08,c1,p09,l3,0.00
i01,e08,c1,p10,l2,0.00
i01,e08,c1,p10,l3,0.00
i01,e08,c1,p11,l2,0.00
i01,e08,c1,p11,l3,0.00
i01,e08,c1,p12,l2,0.00
i01,e08,c1,p12,l3,0.00
i01,e08,c1,p13,l2,0.00
i01,e08,c1,p13,l3,0.00
i01,e08,c1,p14,l2,0.00
i01,e08,c1,p14,l3,0.00
i01,e08,c1,p15,l2,0.00
i01,e08,c1,p15,l3,0.00
i01,e08,c1,p16,l2,0.00
i01,e08,c1,p16,l3,0.00
i01,e08,c1,p17,l2,0.00
i01,e08,c1,p17,l3,0.00
i01,e08,c1,p18,l2,0.00
i01,e08,c1,p18,l3,0.00
i01,e08,c1,p19,l2,0.00
i01,e08,c1,p19,l3,0.00
i01,e08,c1,p20,l2,0.00
i01,e08,c1,p20,l3,0.00
i01,e08,c1,p21,l2,0.00
i01,e08,c1,p21,l3,0.00
i01,e08,c1,p22,l2,0.00
i01,e08,c1,p22,l3,0.00
i01,e08,c1,p23,l2,0.00
i01,e08,c1,p23,l3,0.00
i01,e08,c1,p24,l2,0.00
i01,e08,c1,p24,l3,0.00
i01,e08,c1,p25,l2,0.00
i01,e08,c1,p25,l3,0.00
i01,e08,c1,p26,l2,0.00
i01,e08,c1,p26,l3,0.00
i01,e08,c1,p27,l3,0.00
i01,e08,c1,p28,l2,0.00
i01,e08,c1,p28,l3,0.00
i01,e08,c1,p29,l2,0.00
i01,e08,c1,p29,l3,0.00
i01,e08,c1,p30,l2,0.00
i01,e08,c1,p30,l3,0.00
i01,e08,c1,p31,l2,0.00
i01,e08,c1,p31,l3,0.00
i01,e08,c1,p32,l2,0.00
i01,e08,c1,p32,l3,0.00
i01,e08,c1,p33,l2,0.00
i01,e08,c1,p33,l3,0.00
i01,e08,c1,p34,l3,0.00
i01,e08,c1,p35,l2,0.00
i01,e08,c1,p35,l3,9.19
i01,e08,c4,p01,l2,0.00
i01,e08,c4,p01,l3,0.00
i01,e08,c4,p02,l2,0.00
i01,e08,c4,p03,l3,0.00
i01,e08,c4,p04,l2,0.00
i01,e08,c4,p04,l3,0.00
i01,e08,c4,p06,l3,0.00
i01,e08,c4,p07,l3,0.00
i01,e08,c4,p08,l2,0.00
i01,e08,c4,p08,l3,0.00
i01,e08,c4,p09,l3,0.00
i01,e08,c4,p10,l2,0.00
i01,e08,c4,p10,l3,0.00
i01,e08,c4,p11,l2,0.00
i01,e08,c4,p11,l3,0.00
i01,e08,c4,p12,l3,0.00
i01,e08,c4,p13,l2,0.00
i01,e08,c4,p13,l3,0.00
i01,e08,c4,p15,l2,0.00
i01,e08,c4,p15,l3,0.00
i01,e08,c4,p16,l2,0.00
i01,e08,c4,p16,l3,0.00
i01,e08,c4,p17,l3,0.00
i01,e08,c4,p18,l3,0.00
i01,e08,c4,p19,l2,0.00
i01,e08,c4,p19,l3,0.00
i01,e08,c4,p21,l2,0.00
i01,e08,c4,p21,l3,0.00
i01,e08,c4,p22,l2,0.00
i01,e08,c4,p22,l3,0.00
i01,e08,c4,p23,l3,0.00
i01,e08,c4,p35,l2,0.00
i01,e08,c4,p35,l3,0.00
i01,e08,c7,p35,l2,0.00
i01,e08,c7,p35,l3,0.00
i01,e08,c8,p04,l3,0.00
i01,e09,c1,p01,l2,0.00
i01,e09,c1,p01,l3,0.00
i01,e09,c1,p02,l2,0.00
i01,e09,c1,p02,l3,0.00
i01,e09,c1,p03,l2,0.00
i01,e09,c1,p03,l3,0.00
i01,e09,c1,p04,l2,0.00
i01,e09,c1,p04,l3,0.00
i01,e09,c1,p05,l2,0.00
i01,e09,c1,p05,l3,0.00
i01,e09,c1,p06,l2,0.00
i01,e09,c1,p06,l3,0.00
i01,e09,c1,p07,l2,0.00
i01,e09,c1,p07,l3,0.00
i01,e09,c1,p08,l2,0.00
i01,e09,c1,p08,l3,0.00
i01,e09,c1,p09,l2,0.00
i01,e09,c1,p09,l3,0.00
i01,e09,c1,p10,l2,0.00
i01,e09,c1,p10,l3,0.00
i01,e09,c1,p11,l2,0.00
i01,e09,c1,p11,l3,0.00
i01,e09,c1,p12,l2,0.00
i01,e09,c1,p12,l3,0.00
i01,e09,c1,p13,l2,0.00
i01,e09,c1,p13,l3,0.00
i01,e09,c1,p14,l2,0.00
i01,e09,c1,p14,l3,0.00
i01,e09,c1,p15,l2,0.00
i01,e09,c1,p15,l3,0.00
i01,e09,c1,p16,l2,0.00
i01,e09,c1,p16,l3,0.00
i01,e09,c1,p17,l2,0.00
i01,e09,c1,p17,l3,0.00
i01,e09,c1,p18,l2,0.00
i01,e09,c1,p18,l3,0.00
i01,e09,c1,p19,l2,0.00
i01,e09,c1,p19,l3,0.00
i01,e09,c1,p20,l2,0.00
i01,e09,c1,p20,l3,0.00
i01,e09,c1,p21,l2,0.00
i01,e09,c1,p21,l3,0.00
i01,e09,c1,p22,l2,0.00
i01,e09,c1,p22,l3,0.00
i01,e09,c1,p23,l2,0.00
i01,e09,c1,p23,l3,0.00
i01,e09,c1,p24,l2,0.00
i01,e09,c1,p24,l3,0.00
i01,e09,c1,p25,l2,0.00
i01,e09,c1,p25,l3,0.00
i01,e09,c1,p26,l2,0.00
i01,e09,c1,p26,l3,0.00
i01,e09,c1,p27,l3,0.00
i01,e09,c1,p28,l2,0.00
i01,e09,c1,p28,l3,0.00
i01,e09,c1,p29,l2,0.00
i01,e09,c1,p29,l3,0.00
i01,e09,c1,p30,l2,0.00
i01,e09,c1,p30,l3,0.00
i01,e09,c1,p31,l2,0.00
i01,e09,c1,p31,l3,0.00
i01,e09,c1,p32,l2,0.00
i01,e09,c1,p32,l3,0.00
i01,e09,c1,p33,l2,0.00
i01,e09,c1,p33,l3,0.00
i01,e09,c1,p34,l3,0.00
i01,e09,c1,p35,l2,0.00
i01,e09,c1,p35,l3,0.00
i01,e09,c4,p01,l2,0.00
i01,e09,c4,p01,l3,0.00
i01,e09,c4,p03,l3,0.00
i01,e09,c4,p04,l2,0.00
i01,e09,c4,p04,l3,0.00
i01,e09,c4,p06,l3,0.00
i01,e09,c4,p07,l2,0.00
i01,e09,c4,p07,l3,0.00
i01,e09,c4,p08,l3,0.00
i01,e09,c4,p09,l3,0.00
i01,e09,c4,p10,l2,0.00
i01,e09,c4,p10,l3,0.00
i01,e09,c4,p11,l2,0.00
i01,e09,c4,p11,l3,0.00
i01,e09,c4,p13,l3,0.00
i01,e09,c4,p15,l3,0.00
i01,e09,c4,p16,l2,0.00
i01,e09,c4,p16,l3,0.00
i01,e09,c4,p17,l3,0.00
i01,e09,c4,p19,l2,0.00
i01,e09,c4,p19,l3,0.00
i01,e09,c4,p21,l3,0.00
i01,e09,c4,p22,l2,0.00
i01,e09,c4,p22,l3,0.00
i01,e09,c4,p23,l3,0.00
i01,e09,c4,p35,l2,0.00
i01,e09,c4,p35,l3,0.00
i01,e09,c7,p35,l3,0.00
i01,e10,c1,p01,l3,0.00
i01,e10,c1,p02,l3,0.00
i01,e10,c1,p03,l3,0.00
i01,e10,c1,p04,l3,0.00
i01,e10,c1,p05,l3,0.00
i01,e10,c1,p06,l3,0.00
i01,e10,c1,p07,l3,0.00
i01,e10,c1,p08,l3,0.00
i01,e10,c1,p09,l3,0.00
i01,e10,c1,p10,l3,0.00
i01,e10,c1,p11,l3,0.00
i01,e10,c1,p12,l3,0.00
i01,e10,c1,p13,l3,0.00
i01,e10,c1,p14,l3,0.00
i01,e10,c1,p15,l3,0.00
i01,e10,c1,p16,l3,0.00
i01,e10,c1,p17,l3,0.00
i01,e10,c1,p18,l3,0.00
i01,e10,c1,p19,l3,0.00
i01,e10,c1,p20,l3,0.00
i01,e10,c1,p21,l3,0.00
i01,e10,c1,p22,l3,0.00
i01,e10,c1,p23,l3,0.00
i01,e10,c1,p24,l3,0.00
i01,e10,c1,p25,l3,0.00
i01,e10,c1,p28,l3,0.00
i01,e10,c1,p29,l3,0.00
i01,e10,c1,p31,l3,0.00
i01,e10,c1,p32,l3,0.00
i01,e10,c1,p35,l3,0.00
i01,e10,c4,p32,l3,0.00
i01,e10,c4,p35,l3,0.00
i01,e11,c1,p01,l2,0.00
i01,e11,c1,p01,l3,0.00
i01,e11,c1,p02,l2,0.00
i01,e11,c1,p02,l3,0.00
i01,e11,c1,p03,l2,0.00
i01,e11,c1,p03,l3,0.00
i01,e11,c1,p04,l2,0.00
i01,e11,c1,p04,l3,0.00
i01,e11,c1,p05,l2,0.00
i01,e11,c1,p05,l3,0.00
i01,e11,c1,p06,l2,0.00
i01,e11,c1,p06,l3,0.00
i01,e11,c1,p07,l2,0.00
i01,e11,c1,p07,l3,0.00
i01,e11,c1,p08,l2,0.00
i01,e11,c1,p08,l3,0.00
i01,e11,c1,p09,l2,0.00
i01,e11,c1,p09,l3,0.00
i01,e11,c1,p10,l2,0.00
i01,e11,c1,p10,l3,0.00
i01,e11,c1,p11,l2,0.00
i01,e11,c1,p11,l3,0.00
i01,e11,c1,p12,l2,0.00
i01,e11,c1,p12,l3,0.00
i01,e11,c1,p13,l2,0.00
i01,e11,c1,p13,l3,0.00
i01,e11,c1,p14,l2,0.00
i01,e11,c1,p14,l3,0.00
i01,e11,c1,p15,l2,0.00
i01,e11,c1,p15,l3,0.00
i01,e11,c1,p16,l2,0.00
i01,e11,c1,p16,l3,0.00
i01,e11,c1,p17,l2,0.00
i01,e11,c1,p17,l3,1.22
i01,e11,c1,p18,l2,0.00
i01,e11,c1,p18,l3,0.00
i01,e11,c1,p19,l2,0.00
i01,e11,c1,p19,l3,0.00
i01,e11,c1,p20,l2,0.00
i01,e11,c1,p20,l3,0.00
i01,e11,c1,p21,l2,0.00
i01,e11,c1,p21,l3,0.00
i01,e11,c1,p22,l2,0.00
i01,e11,c1,p22,l3,0.00
i01,e11,c1,p23,l2,0.00
i01,e11,c1,p23,l3,0.00
i01,e11,c1,p24,l2,0.00
i01,e11,c1,p24,l3,0.00
i01,e11,c1,p25,l2,0.00
i01,e11,c1,p25,l3,0.00
i01,e11,c1,p26,l3,0.00
i01,e11,c1,p28,l2,0.00
i01,e11,c1,p28,l3,0.00
i01,e11,c1,p29,l2,0.00
i01,e11,c1,p29,l3,0.00
i01,e11,c1,p30,l3,0.00
i01,e11,c1,p31,l2,0.00
i01,e11,c1,p31,l3,0.00
i01,e11,c1,p32,l2,0.00
i01,e11,c1,p32,l3,0.00
i01,e11,c1,p33,l3,0.00
i01,e11,c1,p35,l2,0.00
i01,e11,c1,p35,l3,0.00
i01,e11,c4,p01,l3,0.00
i01,e11,c4,p02,l3,0.00
i01,e11,c4,p03,l2,0.00
i01,e11,c4,p03,l3,0.00
i01,e11,c4,p04,l3,0.00
i01,e11,c4,p07,l3,0.00
i01,e11,c4,p08,l2,0.00
i01,e11,c4,p08,l3,0.00
i01,e11,c4,p09,l3,0.00
i01,e11,c4,p10,l2,0.00
i01,e11,c4,p10,l3,0.00
i01,e11,c4,p11,l3,0.00
i01,e11,c4,p12,l3,0.00
i01,e11,c4,p13,l3,0.00
i01,e11,c4,p15,l3,0.00
i01,e11,c4,p16,l3,0.00
i01,e11,c4,p18,l3,0.00
i01,e11,c4,p19,l3,0.00
i01,e11,c4,p21,l3,0.00
i01,e11,c4,p22,l3,0.00
i01,e11,c4,p23,l3,0.00
i01,e11,c4,p26,l3,0.00
i01,e11,c4,p32,l3,0.00
i01,e11,c4,p35,l2,0.00
i01,e11,c4,p35,l3,0.00
i01,e11,c7,p35,l3,0.00
i01,e12,c1,p01,l3,0.00
i01,e12,c1,p02,l3,0.00
i01,e12,c1,p03,l3,0.00
i01,e12,c1,p04,l3,0.00
i01,e12,c1,p05,l3,0.00
i01,e12,c1,p06,l3,0.00
i01,e12,c1,p07,l3,0.00
i01,e12,c1,p08,l3,0.00
i01,e12,c1,p09,l3,0.00
i01,e12,c1,p10,l3,0.00
i01,e12,c1,p11,l3,0.00
i01,e12,c1,p12,l3,0.00
i01,e12,c1,p13,l3,0.00
i01,e12,c1,p14,l3,0.00
i01,e12,c1,p15,l3,0.00
i01,e12,c1,p16,l3,0.00
i01,e12,c1,p17,l3,0.00
i01,e12,c1,p18,l3,0.00
i01,e12,c1,p19,l3,0.00
i01,e12,c1,p20,l3,0.00
i01,e12,c1,p21,l3,0.00
i01,e12,c1,p22,l3,0.00
i01,e12,c1,p23,l3,0.00
i01,e12,c1,p24,l3,0.00
i01,e12,c1,p25,l3,0.00
i01,e12,c1,p26,l3,0.00
i01,e12,c1,p28,l3,0.00
i01,e12,c1,p29,l3,0.00
i01,e12,c1,p30,l3,0.00
i01,e12,c1,p31,l3,0.00
i01,e12,c1,p32,l3,0.00
i01,e12,c1,p33,l3,0.00
i01,e12,c1,p34,l3,0.00
i01,e12,c1,p35,l3,0.00
i01,e12,c4,p01,l3,0.00
i01,e12,c4,p02,l3,0.00
i01,e12,c4,p04,l3,0.00
i01,e12,c4,p05,l3,0.00
i01,e12,c4,p11,l3,0.00
i01,e12,c4,p13,l3,0.00
i01,e12,c4,p16,l3,0.00
i01,e12,c4,p19,l3,0.00
i01,e12,c4,p23,l3,0.00
i01,e12,c4,p35,l3,0.00
i02,e01,c1,p01,l3,12.67
i02,e01,c1,p02,l3,0.00
i02,e01,c1,p03,l3,5.19
i02,e01,c1,p04,l3,2.12
i02,e01,c1,p05,l3,51.02
i02,e01,c1,p06,l3,0.00
i02,e01,c1,p07,l3,1.16
i02,e01,c1,p08,l3,1.23
i02,e01,c1,p09,l3,2.30
i02,e01,c1,p10,l3,12.82
i02,e01,c1,p11,l3,11.08
i02,e01,c1,p12,l3,20.12
i02,e01,c1,p13,l3,7.40
i02,e01,c1,p14,l3,1.34
i02,e01,c1,p15,l3,3.40
i02,e01,c1,p16,l3,3.89
i02,e01,c1,p17,l3,5.10
i02,e01,c1,p18,l3,0.00
i02,e01,c1,p19,l3,24.34
i02,e01,c1,p20,l3,0.00
i02,e01,c1,p21,l3,4.67
i02,e01,c1,p22,l3,0.00
i02,e01,c1,p23,l3,0.00
i02,e01,c1,p24,l3,1.92
i02,e01,c1,p25,l3,0.00
i02,e01,c1,p26,l3,0.00
i02,e01,c1,p28,l3,4.27
i02,e01,c1,p29,l3,3.60
i02,e01,c1,p30,l3,0.00
i02,e01,c1,p31,l3,0.00
i02,e01,c1,p32,l3,2.19
i02,e01,c1,p33,l3,0.00
i02,e01,c1,p34,l3,0.00
i02,e01,c1,p35,l3,1.20
i02,e01,c4,p02,l3,0.00
i02,e01,c4,p03,l3,0.00
i02,e01,c4,p04,l3,0.00
i02,e01,c4,p05,l3,0.00
i02,e01,c4,p07,l3,1.63
i02,e01,c4,p08,l3,0.00
i02,e01,c4,p09,l3,0.00
i02,e01,c4,p10,l3,0.00
i02,e01,c4,p11,l3,1.12
i02,e01,c4,p12,l3,0.00
i02,e01,c4,p13,l3,0.00
i02,e01,c4,p14,l3,0.00
i02,e01,c4,p15,l3,0.00
i02,e01,c4,p16,l3,0.00
i02,e01,c4,p17,l3,0.00
i02,e01,c4,p18,l3,0.00
i02,e01,c4,p19,l3,0.00
i02,e01,c4,p20,l3,0.00
i02,e01,c4,p22,l3,0.00
i02,e01,c4,p23,l3,0.00
i02,e01,c4,p24,l3,0.00
i02,e01,c4,p25,l3,0.00
i02,e01,c4,p28,l3,0.00
i02,e01,c4,p29,l3,0.00
i02,e01,c4,p32,l3,0.00
i02,e01,c4,p35,l3,0.00
i02,e01,c7,p12,l3,0.00
i02,e01,c7,p35,l3,0.00
i02,e04,c1,p01,l1,0.00
i02,e04,c1,p01,l3,15.07
i02,e04,c1,p02,l1,0.00
i02,e04,c1,p02,l3,2.10
i02,e04,c1,p03,l1,0.00
i02,e04,c1,p03,l3,18.53
i02,e04,c1,p04,l1,0.00
i02,e04,c1,p04,l3,3.09
i02,e04,c1,p05,l1,0.00
i02,e04,c1,p05,l3,5.45
i02,e04,c1,p06,l1,0.00
i02,e04,c1,p06,l3,0.00
i02,e04,c1,p07,l1,0.00
i02,e04,c1,p07,l3,2.15
i02,e04,c1,p08,l1,0.00
i02,e04,c1,p08,l3,0.00
i02,e04,c1,p09,l1,0.00
i02,e04,c1,p09,l3,0.00
i02,e04,c1,p10,l1,0.00
i02,e04,c1,p10,l3,17.89
i02,e04,c1,p11,l1,0.00
i02,e04,c1,p11,l3,1.02
i02,e04,c1,p12,l1,0.00
i02,e04,c1,p12,l3,5.29
i02,e04,c1,p13,l1,0.00
i02,e04,c1,p13,l3,1.32
i02,e04,c1,p14,l1,0.00
i02,e04,c1,p14,l3,0.00
i02,e04,c1,p15,l1,0.00
i02,e04,c1,p15,l3,1.29
i02,e04,c1,p16,l1,0.00
i02,e04,c1,p16,l3,1.53
i02,e04,c1,p17,l1,0.00
i02,e04,c1,p17,l3,10.34
i02,e04,c1,p18,l1,0.00
i02,e04,c1,p18,l3,0.00
i02,e04,c1,p19,l1,0.00
i02,e04,c1,p19,l3,48.12
i02,e04,c1,p20,l1,0.00
i02,e04,c1,p20,l3,0.00
i02,e04,c1,p21,l1,0.00
i02,e04,c1,p21,l3,15.18
i02,e04,c1,p22,l1,0.00
i02,e04,c1,p22,l3,2.31
i02,e04,c1,p23,l1,0.00
i02,e04,c1,p23,l3,0.00
i02,e04,c1,p24,l1,0.00
i02,e04,c1,p24,l3,0.00
i02,e04,c1,p25,l1,0.00
i02,e04,c1,p25,l3,0.00
i02,e04,c1,p26,l1,0.00
i02,e04,c1,p26,l3,0.00
i02,e04,c1,p28,l1,0.00
i02,e04,c1,p28,l3,0.00
i02,e04,c1,p29,l1,0.00
i02,e04,c1,p29,l3,8.06
i02,e04,c1,p30,l1,0.00
i02,e04,c1,p30,l3,0.00
i02,e04,c1,p31,l1,0.00
i02,e04,c1,p31,l3,0.00
i02,e04,c1,p32,l1,0.00
i02,e04,c1,p32,l3,2.09
i02,e04,c1,p33,l3,0.00
i02,e04,c1,p34,l3,0.00
i02,e04,c1,p35,l1,0.00
i02,e04,c1,p35,l3,2.23
i02,e04,c4,p02,l3,0.00
i02,e04,c4,p03,l1,0.00
i02,e04,c4,p03,l3,0.00
i02,e04,c4,p04,l1,0.00
i02,e04,c4,p04,l3,0.00
i02,e04,c4,p05,l3,0.00
i02,e04,c4,p07,l1,0.00
i02,e04,c4,p07,l3,0.00
i02,e04,c4,p08,l3,0.00
i02,e04,c4,p09,l1,0.00
i02,e04,c4,p09,l3,0.00
i02,e04,c4,p10,l1,0.00
i02,e04,c4,p10,l3,0.00
i02,e04,c4,p11,l1,0.00
i02,e04,c4,p11,l3,0.00
i02,e04,c4,p13,l3,0.00
i02,e04,c4,p14,l1,0.00
i02,e04,c4,p14,l3,0.00
i02,e04,c4,p15,l1,0.00
i02,e04,c4,p15,l3,0.00
i02,e04,c4,p16,l3,0.00
i02,e04,c4,p17,l1,0.00
i02,e04,c4,p17,l3,0.00
i02,e04,c4,p18,l1,0.00
i02,e04,c4,p18,l3,0.00
i02,e04,c4,p19,l1,0.00
i02,e04,c4,p19,l3,0.00
i02,e04,c4,p20,l3,0.00
i02,e04,c4,p22,l3,0.00
i02,e04,c4,p23,l1,0.00
i02,e04,c4,p23,l3,0.00
i02,e04,c4,p24,l3,0.00
i02,e04,c4,p25,l1,0.00
i02,e04,c4,p25,l3,0.00
i02,e04,c4,p28,l1,0.00
i02,e04,c4,p28,l3,0.00
i02,e04,c4,p29,l1,0.00
i02,e04,c4,p29,l3,0.00
i02,e04,c4,p32,l3,0.00
i02,e04,c4,p35,l1,0.00
i02,e04,c4,p35,l3,0.00
i02,e04,c7,p12,l1,0.00
i02,e04,c7,p12,l3,0.00
i02,e04,c7,p35,l3,0.00
i02,e05,c1,p01,l1,0.00
i02,e05,c1,p01,l3,0.00
i02,e05,c1,p02,l1,0.00
i02,e05,c1,p02,l3,0.00
i02,e05,c1,p03,l1,0.00
i02,e05,c1,p03,l3,0.00
i02,e05,c1,p04,l1,0.00
i02,e05,c1,p04,l3,0.00
i02,e05,c1,p05,l1,0.00
i02,e05,c1,p05,l3,0.00
i02,e05,c1,p06,l1,0.00
i02,e05,c1,p06,l3,0.00
i02,e05,c1,p07,l1,0.00
i02,e05,c1,p07,l3,0.00
i02,e05,c1,p08,l1,0.00
i02,e05,c1,p08,l3,0.00
i02,e05,c1,p09,l1,0.00
i02,e05,c1,p09,l3,0.00
i02,e05,c1,p10,l1,0.00
i02,e05,c1,p10,l3,0.00
i02,e05,c1,p11,l1,0.00
i02,e05,c1,p11,l3,0.00
i02,e05,c1,p12,l1,0.00
i02,e05,c1,p12,l3,0.00
i02,e05,c1,p13,l1,0.00
i02,e05,c1,p13,l3,0.00
i02,e05,c1,p14,l1,0.00
i02,e05,c1,p14,l3,0.00
i02,e05,c1,p15,l1,0.00
i02,e05,c1,p15,l3,0.00
i02,e05,c1,p16,l1,0.00
i02,e05,c1,p16,l3,0.00
i02,e05,c1,p17,l1,0.00
i02,e05,c1,p17,l3,0.00
i02,e05,c1,p18,l1,0.00
i02,e05,c1,p18,l3,0.00
i02,e05,c1,p19,l1,0.00
i02,e05,c1,p19,l3,0.00
i02,e05,c1,p20,l1,0.00
i02,e05,c1,p20,l3,0.00
i02,e05,c1,p21,l1,0.00
i02,e05,c1,p21,l3,0.00
i02,e05,c1,p22,l1,0.00
i02,e05,c1,p22,l3,0.00
i02,e05,c1,p23,l1,0.00
i02,e05,c1,p23,l3,0.00
i02,e05,c1,p24,l1,0.00
i02,e05,c1,p24,l3,0.00
i02,e05,c1,p25,l1,0.00
i02,e05,c1,p25,l3,0.00
i02,e05,c1,p26,l3,0.00
i02,e05,c1,p28,l1,0.00
i02,e05,c1,p28,l3,0.00
i02,e05,c1,p29,l1,0.00
i02,e05,c1,p29,l3,0.00
i02,e05,c1,p31,l3,0.00
i02,e05,c1,p32,l1,0.00
i02,e05,c1,p32,l3,0.00
i02,e05,c1,p35,l1,0.00
i02,e05,c1,p35,l3,0.00
i02,e05,c4,p07,l1,0.00
i02,e05,c4,p07,l3,0.00
i02,e05,c4,p09,l1,0.00
i02,e05,c4,p09,l3,0.00
i02,e05,c4,p15,l3,0.00
i02,e05,c4,p18,l3,0.00
i02,e05,c4,p19,l3,0.00
i02,e05,c4,p25,l3,0.00
i02,e05,c4,p28,l3,0.00
i02,e05,c4,p35,l3,0.00
i02,e06,c1,p01,l3,0.00
i02,e06,c1,p02,l3,0.00
i02,e06,c1,p03,l3,0.00
i02,e06,c1,p04,l3,0.00
i02,e06,c1,p05,l3,0.00
i02,e06,c1,p06,l3,0.00
i02,e06,c1,p07,l3,0.00
i02,e06,c1,p08,l3,0.00
i02,e06,c1,p09,l3,0.00
i02,e06,c1,p10,l3,0.00
i02,e06,c1,p11,l3,0.00
i02,e06,c1,p12,l3,0.00
i02,e06,c1,p13,l3,0.00
i02,e06,c1,p14,l3,0.00
i02,e06,c1,p15,l3,0.00
i02,e06,c1,p16,l3,0.00
i02,e06,c1,p17,l3,0.00
i02,e06,c1,p18,l3,0.00
i02,e06,c1,p19,l3,0.00
i02,e06,c1,p20,l3,0.00
i02,e06,c1,p21,l3,0.00
i02,e06,c1,p22,l3,0.00
i02,e06,c1,p23,l3,0.00
i02,e06,c1,p24,l3,0.00
i02,e06,c1,p25,l3,0.00
i02,e06,c1,p26,l3,0.00
i02,e06,c1,p28,l3,0.00
i02,e06,c1,p29,l3,0.00
i02,e06,c1,p31,l3,0.00
i02,e06,c1,p32,l3,0.00
i02,e06,c1,p35,l3,0.00
i02,e06,c4,p19,l3,0.00
i02,e07,c1,p01,l2,0.00
i02,e07,c1,p01,l3,0.00
i02,e07,c1,p02,l2,0.00
i02,e07,c1,p02,l3,0.00
i02,e07,c1,p03,l3,0.00
i02,e07,c1,p04,l2,0.00
i02,e07,c1,p04,l3,0.00
i02,e07,c1,p05,l3,0.00
i02,e07,c1,p06,l3,0.00
i02,e07,c1,p07,l3,0.00
i02,e07,c1,p08,l2,0.00
i02,e07,c1,p08,l3,0.00
i02,e07,c1,p09,l2,0.00
i02,e07,c1,p09,l3,0.00
i02,e07,c1,p10,l2,0.00
i02,e07,c1,p10,l3,0.00
i02,e07,c1,p11,l2,0.00
i02,e07,c1,p11,l3,0.00
i02,e07,c1,p12,l3,0.00
i02,e07,c1,p13,l2,0.00
i02,e07,c1,p13,l3,0.00
i02,e07,c1,p14,l2,0.00
i02,e07,c1,p14,l3,0.00
i02,e07,c1,p15,l2,0.00
i02,e07,c1,p15,l3,0.00
i02,e07,c1,p16,l2,0.00
i02,e07,c1,p16,l3,0.00
i02,e07,c1,p17,l2,0.00
i02,e07,c1,p17,l3,0.00
i02,e07,c1,p18,l2,0.00
i02,e07,c1,p18,l3,0.00
i02,e07,c1,p19,l2,0.00
i02,e07,c1,p19,l3,0.00
i02,e07,c1,p20,l3,0.00
i02,e07,c1,p21,l3,0.00
i02,e07,c1,p22,l2,0.00
i02,e07,c1,p22,l3,0.00
i02,e07,c1,p23,l2,0.00
i02,e07,c1,p23,l3,0.00
i02,e07,c1,p24,l3,0.00
i02,e07,c1,p25,l3,0.00
i02,e07,c1,p28,l3,0.00
i02,e07,c1,p29,l2,0.00
i02,e07,c1,p29,l3,0.00
i02,e07,c1,p35,l2,0.00
i02,e07,c1,p35,l3,0.00
i02,e07,c4,p15,l3,0.00
i02,e07,c4,p35,l3,0.00
i02,e08,c1,p01,l2,0.00
i02,e08,c1,p01,l3,74.13
i02,e08,c1,p02,l2,0.00
i02,e08,c1,p02,l3,5.40
i02,e08,c1,p03,l2,0.00
i02,e08,c1,p03,l3,61.60
i02,e08,c1,p04,l2,0.00
i02,e08,c1,p04,l3,7.53
i02,e08,c1,p05,l2,0.00
i02,e08,c1,p05,l3,4.68
i02,e08,c1,p06,l2,0.00
i02,e08,c1,p06,l3,31.36
i02,e08,c1,p07,l2,0.00
i02,e08,c1,p07,l3,27.73
i02,e08,c1,p08,l2,0.00
i02,e08,c1,p08,l3,16.38
i02,e08,c1,p09,l2,0.00
i02,e08,c1,p09,l3,36.91
i02,e08,c1,p10,l2,0.00
i02,e08,c1,p10,l3,73.46
i02,e08,c1,p11,l2,0.00
i02,e08,c1,p11,l3,30.15
i02,e08,c1,p12,l2,0.00
i02,e08,c1,p12,l3,15.46
i02,e08,c1,p13,l2,0.00
i02,e08,c1,p13,l3,17.40
i02,e08,c1,p14,l2,0.00
i02,e08,c1,p14,l3,139.93
i02,e08,c1,p15,l2,0.00
i02,e08,c1,p15,l3,57.74
i02,e08,c1,p16,l2,0.00
i02,e08,c1,p16,l3,14.09
i02,e08,c1,p17,l2,0.00
i02,e08,c1,p17,l3,72.07
i02,e08,c1,p18,l2,0.00
i02,e08,c1,p18,l3,17.45
i02,e08,c1,p19,l2,0.00
i02,e08,c1,p19,l3,121.13
i02,e08,c1,p20,l2,0.00
i02,e08,c1,p20,l3,0.00
i02,e08,c1,p21,l2,0.00
i02,e08,c1,p21,l3,30.08
i02,e08,c1,p22,l2,0.00
i02,e08,c1,p22,l3,9.18
i02,e08,c1,p23,l2,0.00
i02,e08,c1,p23,l3,61.15
i02,e08,c1,p24,l2,0.00
i02,e08,c1,p24,l3,6.77
i02,e08,c1,p25,l2,0.00
i02,e08,c1,p25,l3,0.00
i02,e08,c1,p26,l2,0.00
i02,e08,c1,p26,l3,0.00
i02,e08,c1,p28,l2,0.00
i02,e08,c1,p28,l3,1.06
i02,e08,c1,p29,l2,0.00
i02,e08,c1,p29,l3,26.13
i02,e08,c1,p30,l2,0.00
i02,e08,c1,p30,l3,0.00
i02,e08,c1,p31,l2,0.00
i02,e08,c1,p31,l3,0.00
i02,e08,c1,p32,l2,0.00
i02,e08,c1,p32,l3,2.06
i02,e08,c1,p33,l3,0.00
i02,e08,c1,p34,l3,0.00
i02,e08,c1,p35,l2,0.00
i02,e08,c1,p35,l3,37.10
i02,e08,c4,p02,l3,0.00
i02,e08,c4,p03,l2,0.00
i02,e08,c4,p03,l3,0.00
i02,e08,c4,p04,l2,0.00
i02,e08,c4,p04,l3,0.00
i02,e08,c4,p05,l3,0.00
i02,e08,c4,p07,l2,0.00
i02,e08,c4,p07,l3,2.80
i02,e08,c4,p08,l3,0.00
i02,e08,c4,p09,l2,0.00
i02,e08,c4,p09,l3,4.23
i02,e08,c4,p10,l2,0.00
i02,e08,c4,p10,l3,0.00
i02,e08,c4,p11,l2,0.00
i02,e08,c4,p11,l3,0.00
i02,e08,c4,p13,l2,0.00
i02,e08,c4,p13,l3,0.00
i02,e08,c4,p14,l2,0.00
i02,e08,c4,p14,l3,0.00
i02,e08,c4,p15,l2,0.00
i02,e08,c4,p15,l3,0.00
i02,e08,c4,p16,l3,0.00
i02,e08,c4,p17,l2,0.00
i02,e08,c4,p17,l3,0.00
i02,e08,c4,p18,l2,0.00
i02,e08,c4,p18,l3,0.00
i02,e08,c4,p19,l2,0.00
i02,e08,c4,p19,l3,6.14
i02,e08,c4,p20,l3,0.00
i02,e08,c4,p22,l3,0.00
i02,e08,c4,p23,l2,0.00
i02,e08,c4,p23,l3,0.00
i02,e08,c4,p24,l3,0.00
i02,e08,c4,p25,l2,0.00
i02,e08,c4,p25,l3,0.00
i02,e08,c4,p28,l2,0.00
i02,e08,c4,p28,l3,0.00
i02,e08,c4,p29,l2,0.00
i02,e08,c4,p29,l3,0.00
i02,e08,c4,p32,l3,0.00
i02,e08,c4,p35,l2,0.00
i02,e08,c4,p35,l3,0.00
i02,e08,c7,p12,l2,0.00
i02,e08,c7,p12,l3,0.00
i02,e08,c7,p35,l2,0.00
i02,e08,c7,p35,l3,0.00
i02,e09,c1,p01,l2,0.00
i02,e09,c1,p01,l3,5.03
i02,e09,c1,p02,l2,0.00
i02,e09,c1,p02,l3,1.19
i02,e09,c1,p03,l2,0.00
i02,e09,c1,p03,l3,12.38
i02,e09,c1,p04,l2,0.00
i02,e09,c1,p04,l3,4.02
i02,e09,c1,p05,l2,0.00
i02,e09,c1,p05,l3,6.28
i02,e09,c1,p06,l2,0.00
i02,e09,c1,p06,l3,0.00
i02,e09,c1,p07,l2,0.00
i02,e09,c1,p07,l3,3.73
i02,e09,c1,p08,l2,0.00
i02,e09,c1,p08,l3,7.12
i02,e09,c1,p09,l2,0.00
i02,e09,c1,p09,l3,3.88
i02,e09,c1,p10,l2,0.00
i02,e09,c1,p10,l3,25.54
i02,e09,c1,p11,l2,0.00
i02,e09,c1,p11,l3,19.75
i02,e09,c1,p12,l2,0.00
i02,e09,c1,p12,l3,11.23
i02,e09,c1,p13,l2,0.00
i02,e09,c1,p13,l3,7.11
i02,e09,c1,p14,l2,0.00
i02,e09,c1,p14,l3,1.19
i02,e09,c1,p15,l2,0.00
i02,e09,c1,p15,l3,1.28
i02,e09,c1,p16,l2,0.00
i02,e09,c1,p16,l3,3.06
i02,e09,c1,p17,l2,0.00
i02,e09,c1,p17,l3,4.92
i02,e09,c1,p18,l2,0.00
i02,e09,c1,p18,l3,0.00
i02,e09,c1,p19,l2,0.00
i02,e09,c1,p19,l3,45.19
i02,e09,c1,p20,l2,0.00
i02,e09,c1,p20,l3,0.00
i02,e09,c1,p21,l2,0.00
i02,e09,c1,p21,l3,9.64
i02,e09,c1,p22,l2,0.00
i02,e09,c1,p22,l3,0.00
i02,e09,c1,p23,l2,0.00
i02,e09,c1,p23,l3,0.00
i02,e09,c1,p24,l2,0.00
i02,e09,c1,p24,l3,0.00
i02,e09,c1,p25,l2,0.00
i02,e09,c1,p25,l3,0.00
i02,e09,c1,p26,l2,0.00
i02,e09,c1,p26,l3,0.00
i02,e09,c1,p28,l2,0.00
i02,e09,c1,p28,l3,1.35
i02,e09,c1,p29,l2,0.00
i02,e09,c1,p29,l3,4.34
i02,e09,c1,p30,l2,0.00
i02,e09,c1,p30,l3,0.00
i02,e09,c1,p31,l2,0.00
i02,e09,c1,p31,l3,0.00
i02,e09,c1,p32,l2,0.00
i02,e09,c1,p32,l3,1.22
i02,e09,c1,p33,l3,0.00
i02,e09,c1,p34,l3,0.00
i02,e09,c1,p35,l2,0.00
i02,e09,c1,p35,l3,6.00
i02,e09,c4,p02,l3,0.00
i02,e09,c4,p03,l2,0.00
i02,e09,c4,p03,l3,0.00
i02,e09,c4,p04,l2,0.00
i02,e09,c4,p04,l3,0.00
i02,e09,c4,p05,l3,0.00
i02,e09,c4,p07,l2,0.00
i02,e09,c4,p07,l3,1.11
i02,e09,c4,p08,l2,0.00
i02,e09,c4,p08,l3,0.00
i02,e09,c4,p09,l2,0.00
i02,e09,c4,p09,l3,0.00
i02,e09,c4,p10,l2,0.00
i02,e09,c4,p10,l3,0.00
i02,e09,c4,p11,l2,0.00
i02,e09,c4,p11,l3,0.00
i02,e09,c4,p12,l3,0.00
i02,e09,c4,p13,l3,0.00
i02,e09,c4,p14,l2,0.00
i02,e09,c4,p14,l3,0.00
i02,e09,c4,p15,l2,0.00
i02,e09,c4,p15,l3,0.00
i02,e09,c4,p16,l3,0.00
i02,e09,c4,p17,l2,0.00
i02,e09,c4,p17,l3,0.00
i02,e09,c4,p18,l2,0.00
i02,e09,c4,p18,l3,0.00
i02,e09,c4,p19,l2,0.00
i02,e09,c4,p19,l3,0.00
i02,e09,c4,p20,l3,0.00
i02,e09,c4,p22,l3,0.00
i02,e09,c4,p23,l2,0.00
i02,e09,c4,p23,l3,0.00
i02,e09,c4,p24,l3,0.00
i02,e09,c4,p25,l2,0.00
i02,e09,c4,p25,l3,0.00
i02,e09,c4,p28,l2,0.00
i02,e09,c4,p28,l3,0.00
i02,e09,c4,p29,l2,0.00
i02,e09,c4,p29,l3,0.00
i02,e09,c4,p32,l3,0.00
i02,e09,c4,p35,l2,0.00
i02,e09,c4,p35,l3,0.00
i02,e09,c7,p12,l2,0.00
i02,e09,c7,p12,l3,0.00
i02,e09,c7,p35,l3,0.00
i02,e11,c1,p01,l2,0.00
i02,e11,c1,p01,l3,2.17
i02,e11,c1,p02,l2,0.00
i02,e11,c1,p02,l3,0.00
i02,e11,c1,p03,l2,0.00
i02,e11,c1,p03,l3,2.34
i02,e11,c1,p04,l2,0.00
i02,e11,c1,p04,l3,2.76
i02,e11,c1,p05,l2,0.00
i02,e11,c1,p05,l3,1.06
i02,e11,c1,p06,l2,0.00
i02,e11,c1,p06,l3,0.00
i02,e11,c1,p07,l2,0.00
i02,e11,c1,p07,l3,0.00
i02,e11,c1,p08,l2,0.00
i02,e11,c1,p08,l3,0.00
i02,e11,c1,p09,l2,0.00
i02,e11,c1,p09,l3,0.00
i02,e11,c1,p10,l2,0.00
i02,e11,c1,p10,l3,0.00
i02,e11,c1,p11,l2,0.00
i02,e11,c1,p11,l3,0.00
i02,e11,c1,p12,l2,0.00
i02,e11,c1,p12,l3,1.30
i02,e11,c1,p13,l2,0.00
i02,e11,c1,p13,l3,0.00
i02,e11,c1,p14,l2,0.00
i02,e11,c1,p14,l3,0.00
i02,e11,c1,p15,l2,0.00
i02,e11,c1,p15,l3,0.00
i02,e11,c1,p16,l2,0.00
i02,e11,c1,p16,l3,0.00
i02,e11,c1,p17,l2,0.00
i02,e11,c1,p17,l3,1.51
i02,e11,c1,p18,l2,0.00
i02,e11,c1,p18,l3,0.00
i02,e11,c1,p19,l2,0.00
i02,e11,c1,p19,l3,5.33
i02,e11,c1,p20,l2,0.00
i02,e11,c1,p20,l3,0.00
i02,e11,c1,p21,l2,0.00
i02,e11,c1,p21,l3,1.19
i02,e11,c1,p22,l2,0.00
i02,e11,c1,p22,l3,0.00
i02,e11,c1,p23,l2,0.00
i02,e11,c1,p23,l3,0.00
i02,e11,c1,p24,l2,0.00
i02,e11,c1,p24,l3,0.00
i02,e11,c1,p25,l2,0.00
i02,e11,c1,p25,l3,0.00
i02,e11,c1,p26,l2,0.00
i02,e11,c1,p26,l3,0.00
i02,e11,c1,p28,l2,0.00
i02,e11,c1,p28,l3,0.00
i02,e11,c1,p29,l2,0.00
i02,e11,c1,p29,l3,2.10
i02,e11,c1,p30,l2,0.00
i02,e11,c1,p30,l3,0.00
i02,e11,c1,p31,l2,0.00
i02,e11,c1,p31,l3,0.00
i02,e11,c1,p32,l2,0.00
i02,e11,c1,p32,l3,0.00
i02,e11,c1,p33,l3,0.00
i02,e11,c1,p34,l3,0.00
i02,e11,c1,p35,l2,0.00
i02,e11,c1,p35,l3,0.00
i02,e11,c4,p04,l2,0.00
i02,e11,c4,p04,l3,0.00
i02,e11,c4,p05,l3,0.00
i02,e11,c4,p07,l2,0.00
i02,e11,c4,p07,l3,0.00
i02,e11,c4,p08,l3,0.00
i02,e11,c4,p09,l2,0.00
i02,e11,c4,p09,l3,0.00
i02,e11,c4,p10,l2,0.00
i02,e11,c4,p10,l3,0.00
i02,e11,c4,p11,l3,0.00
i02,e11,c4,p13,l3,0.00
i02,e11,c4,p14,l3,0.00
i02,e11,c4,p15,l3,0.00
i02,e11,c4,p16,l3,0.00
i02,e11,c4,p17,l2,0.00
i02,e11,c4,p17,l3,0.00
i02,e11,c4,p18,l2,0.00
i02,e11,c4,p18,l3,0.00
i02,e11,c4,p19,l3,0.00
i02,e11,c4,p22,l3,0.00
i02,e11,c4,p23,l2,0.00
i02,e11,c4,p23,l3,0.00
i02,e11,c4,p24,l3,0.00
i02,e11,c4,p25,l2,0.00
i02,e11,c4,p25,l3,0.00
i02,e11,c4,p28,l2,0.00
i02,e11,c4,p28,l3,0.00
i02,e11,c4,p29,l3,0.00
i02,e11,c4,p32,l3,0.00
i02,e11,c4,p35,l2,0.00
i02,e11,c4,p35,l3,0.00
i02,e12,c1,p01,l3,0.00
i02,e12,c1,p02,l3,0.00
i02,e12,c1,p03,l3,0.00
i02,e12,c1,p04,l3,0.00
i02,e12,c1,p06,l3,0.00
i02,e12,c1,p07,l3,0.00
i02,e12,c1,p09,l3,0.00
i02,e12,c1,p10,l3,0.00
i02,e12,c1,p11,l3,0.00
i02,e12,c1,p12,l3,0.00
i02,e12,c1,p13,l3,0.00
i02,e12,c1,p15,l3,0.00
i02,e12,c1,p16,l3,0.00
i02,e12,c1,p17,l3,0.00
i02,e12,c1,p19,l3,0.00
i02,e12,c1,p21,l3,0.00
i02,e12,c1,p23,l3,0.00
i02,e12,c1,p35,l3,0.00
i03,e01,c3,p01,l3,0.00
i03,e01,c3,p03,l3,0.00
i03,e01,c3,p04,l3,0.00
i03,e01,c3,p05,l3,0.00
i03,e01,c3,p06,l3,0.00
i03,e01,c3,p09,l3,0.00
i03,e01,c3,p10,l3,0.00
i03,e01,c3,p11,l3,0.00
i03,e01,c3,p12,l3,0.00
i03,e01,c3,p15,l3,0.00
i03,e01,c3,p16,l3,0.00
i03,e01,c3,p18,l3,0.00
i03,e01,c3,p19,l3,0.00
i03,e01,c3,p20,l3,0.00
i03,e01,c3,p21,l3,0.00
i03,e01,c3,p23,l3,0.00
i03,e01,c3,p29,l3,0.00
i03,e01,c3,p35,l3,0.00
i03,e01,c5,p01,l3,0.00
i03,e01,c5,p02,l3,0.00
i03,e01,c5,p03,l3,0.00
i03,e01,c5,p04,l3,0.00
i03,e01,c5,p05,l3,0.00
i03,e01,c5,p06,l3,0.00
i03,e01,c5,p07,l3,0.00
i03,e01,c5,p08,l3,0.00
i03,e01,c5,p09,l3,0.00
i03,e01,c5,p10,l3,0.00
i03,e01,c5,p11,l3,0.00
i03,e01,c5,p12,l3,0.00
i03,e01,c5,p13,l3,0.00
i03,e01,c5,p14,l3,0.00
i03,e01,c5,p15,l3,0.00
i03,e01,c5,p16,l3,0.00
i03,e01,c5,p17,l3,0.00
i03,e01,c5,p18,l3,0.00
i03,e01,c5,p19,l3,0.00
i03,e01,c5,p20,l3,0.00
i03,e01,c5,p21,l3,0.00
i03,e01,c5,p22,l3,0.00
i03,e01,c5,p23,l3,0.00
i03,e01,c5,p24,l3,0.00
i03,e01,c5,p25,l3,0.00
i03,e01,c5,p26,l3,0.00
i03,e01,c5,p28,l3,0.00
i03,e01,c5,p29,l3,0.00
i03,e01,c5,p30,l3,0.00
i03,e01,c5,p31,l3,0.00
i03,e01,c5,p32,l3,0.00
i03,e01,c5,p33,l3,0.00
i03,e01,c5,p35,l3,0.00
i03,e02,c3,p10,l3,0.00
i03,e02,c3,p11,l3,0.00
i03,e02,c3,p19,l3,0.00
i03,e02,c5,p01,l1,0.00
i03,e02,c5,p01,l3,0.00
i03,e02,c5,p02,l1,0.00
i03,e02,c5,p02,l3,0.00
i03,e02,c5,p03,l3,0.00
i03,e02,c5,p04,l3,0.00
i03,e02,c5,p05,l1,0.00
i03,e02,c5,p05,l3,0.00
i03,e02,c5,p06,l1,0.00
i03,e02,c5,p06,l3,0.00
i03,e02,c5,p07,l1,0.00
i03,e02,c5,p07,l3,0.00
i03,e02,c5,p10,l1,0.00
i03,e02,c5,p10,l3,0.00
i03,e02,c5,p11,l1,0.00
i03,e02,c5,p11,l3,0.00
i03,e02,c5,p12,l1,0.00
i03,e02,c5,p12,l3,0.00
i03,e02,c5,p13,l3,0.00
i03,e02,c5,p14,l1,0.00
i03,e02,c5,p14,l3,0.00
i03,e02,c5,p15,l1,0.00
i03,e02,c5,p15,l3,0.00
i03,e02,c5,p16,l1,0.00
i03,e02,c5,p16,l3,0.00
i03,e02,c5,p17,l1,0.00
i03,e02,c5,p17,l3,0.00
i03,e02,c5,p18,l1,0.00
i03,e02,c5,p18,l3,0.00
i03,e02,c5,p19,l1,0.00
i03,e02,c5,p19,l3,0.00
i03,e02,c5,p20,l3,0.00
i03,e02,c5,p21,l1,0.00
i03,e02,c5,p21,l3,0.00
i03,e02,c5,p22,l1,0.00
i03,e02,c5,p22,l3,0.00
i03,e02,c5,p24,l1,0.00
i03,e02,c5,p24,l3,0.00
i03,e02,c5,p29,l3,0.00
i03,e02,c5,p35,l1,0.00
i03,e02,c5,p35,l3,0.00
i03,e03,c5,p07,l3,0.00
i03,e03,c5,p12,l3,0.00
i03,e03,c5,p16,l3,0.00
i03,e03,c5,p35,l3,0.00
i03,e04,c3,p01,l1,0.00
i03,e04,c3,p01,l3,0.00
i03,e04,c3,p03,l1,0.00
i03,e04,c3,p03,l3,0.00
i03,e04,c3,p04,l3,0.00
i03,e04,c3,p05,l1,0.00
i03,e04,c3,p05,l3,0.00
i03,e04,c3,p06,l1,0.00
i03,e04,c3,p06,l3,0.00
i03,e04,c3,p07,l3,0.00
i03,e04,c3,p09,l3,0.00
i03,e04,c3,p10,l1,0.00
i03,e04,c3,p10,l3,0.00
i03,e04,c3,p11,l1,0.00
i03,e04,c3,p11,l3,0.00
i03,e04,c3,p12,l3,0.00
i03,e04,c3,p15,l3,0.00
i03,e04,c3,p16,l1,0.00
i03,e04,c3,p16,l3,0.00
i03,e04,c3,p18,l1,0.00
i03,e04,c3,p18,l3,0.00
i03,e04,c3,p19,l1,0.00
i03,e04,c3,p19,l3,0.00
i03,e04,c3,p20,l3,0.00
i03,e04,c3,p21,l1,0.00
i03,e04,c3,p21,l3,0.00
i03,e04,c3,p22,l3,0.00
i03,e04,c3,p23,l1,0.00
i03,e04,c3,p23,l3,0.00
i03,e04,c3,p24,l3,0.00
i03,e04,c3,p29,l1,0.00
i03,e04,c3,p29,l3,0.00
i03,e04,c3,p35,l3,0.00
i03,e04,c5,p01,l1,0.00
i03,e04,c5,p01,l3,0.00
i03,e04,c5,p02,l1,0.00
i03,e04,c5,p02,l3,0.00
i03,e04,c5,p03,l1,0.00
i03,e04,c5,p03,l3,0.00
i03,e04,c5,p04,l1,0.00
i03,e04,c5,p04,l3,0.00
i03,e04,c5,p05,l1,0.00
i03,e04,c5,p05,l3,0.00
i03,e04,c5,p06,l1,0.00
i03,e04,c5,p06,l3,0.00
i03,e04,c5,p07,l1,0.00
i03,e04,c5,p07,l3,0.00
i03,e04,c5,p08,l1,0.00
i03,e04,c5,p08,l3,0.00
i03,e04,c5,p09,l1,0.00
i03,e04,c5,p09,l3,0.00
i03,e04,c5,p10,l1,0.00
i03,e04,c5,p10,l3,0.00
i03,e04,c5,p11,l1,0.00
i03,e04,c5,p11,l3,0.00
i03,e04,c5,p12,l1,0.00
i03,e04,c5,p12,l3,0.00
i03,e04,c5,p13,l1,0.00
i03,e04,c5,p13,l3,0.00
i03,e04,c5,p14,l1,0.00
i03,e04,c5,p14,l3,0.00
i03,e04,c5,p15,l1,0.00
i03,e04,c5,p15,l3,0.00
i03,e04,c5,p16,l1,0.00
i03,e04,c5,p16,l3,0.00
i03,e04,c5,p17,l1,0.00
i03,e04,c5,p17,l3,0.00
i03,e04,c5,p18,l1,0.00
i03,e04,c5,p18,l3,0.00
i03,e04,c5,p19,l1,0.00
i03,e04,c5,p19,l3,1.12
i03,e04,c5,p20,l1,0.00
i03,e04,c5,p20,l3,0.00
i03,e04,c5,p21,l1,0.00
i03,e04,c5,p21,l3,0.00
i03,e04,c5,p22,l1,0.00
i03,e04,c5,p22,l3,0.00
i03,e04,c5,p23,l1,0.00
i03,e04,c5,p23,l3,0.00
i03,e04,c5,p24,l1,0.00
i03,e04,c5,p24,l3,0.00
i03,e04,c5,p25,l3,0.00
i03,e04,c5,p26,l3,0.00
i03,e04,c5,p28,l1,0.00
i03,e04,c5,p28,l3,0.00
i03,e04,c5,p29,l1,0.00
i03,e04,c5,p29,l3,4.34
i03,e04,c5,p30,l3,0.00
i03,e04,c5,p31,l1,0.00
i03,e04,c5,p31,l3,0.00
i03,e04,c5,p32,l1,0.00
i03,e04,c5,p32,l3,0.00
i03,e04,c5,p33,l3,0.00
i03,e04,c5,p35,l1,0.00
i03,e04,c5,p35,l3,0.00
i03,e05,c3,p03,l3,0.00
i03,e05,c3,p04,l3,0.00
i03,e05,c3,p09,l3,0.00
i03,e05,c3,p11,l3,0.00
i03,e05,c3,p19,l3,0.00
i03,e05,c3,p21,l3,0.00
i03,e05,c3,p29,l3,0.00
i03,e05,c5,p01,l1,0.00
i03,e05,c5,p01,l3,0.00
i03,e05,c5,p02,l1,0.00
i03,e05,c5,p02,l3,0.00
i03,e05,c5,p03,l1,0.00
i03,e05,c5,p03,l3,0.00
i03,e05,c5,p04,l1,0.00
i03,e05,c5,p04,l3,0.00
i03,e05,c5,p05,l1,0.00
i03,e05,c5,p05,l3,0.00
i03,e05,c5,p06,l1,0.00
i03,e05,c5,p06,l3,0.00
i03,e05,c5,p07,l1,0.00
i03,e05,c5,p07,l3,0.00
i03,e05,c5,p08,l1,0.00
i03,e05,c5,p08,l3,0.00
i03,e05,c5,p09,l1,0.00
i03,e05,c5,p09,l3,0.00
i03,e05,c5,p10,l1,0.00
i03,e05,c5,p10,l3,0.00
i03,e05,c5,p11,l1,0.00
i03,e05,c5,p11,l3,0.00
i03,e05,c5,p12,l1,0.00
i03,e05,c5,p12,l3,0.00
i03,e05,c5,p13,l1,0.00
i03,e05,c5,p13,l3,0.00
i03,e05,c5,p14,l1,0.00
i03,e05,c5,p14,l3,0.00
i03,e05,c5,p15,l1,0.00
i03,e05,c5,p15,l3,0.00
i03,e05,c5,p16,l1,0.00
i03,e05,c5,p16,l3,0.00
i03,e05,c5,p17,l1,0.00
i03,e05,c5,p17,l3,0.00
i03,e05,c5,p18,l1,0.00
i03,e05,c5,p18,l3,0.00
i03,e05,c5,p19,l1,0.00
i03,e05,c5,p19,l3,0.00
i03,e05,c5,p20,l3,0.00
i03,e05,c5,p21,l1,0.00
i03,e05,c5,p21,l3,0.00
i03,e05,c5,p22,l1,0.00
i03,e05,c5,p22,l3,0.00
i03,e05,c5,p23,l1,0.00
i03,e05,c5,p23,l3,0.00
i03,e05,c5,p24,l1,0.00
i03,e05,c5,p24,l3,0.00
i03,e05,c5,p25,l3,0.00
i03,e05,c5,p28,l1,0.00
i03,e05,c5,p28,l3,0.00
i03,e05,c5,p29,l1,0.00
i03,e05,c5,p29,l3,0.00
i03,e05,c5,p33,l3,0.00
i03,e05,c5,p35,l1,0.00
i03,e05,c5,p35,l3,0.00
i03,e07,c5,p01,l3,0.00
i03,e07,c5,p03,l3,0.00
i03,e07,c5,p04,l2,0.00
i03,e07,c5,p04,l3,0.00
i03,e07,c5,p05,l3,0.00
i03,e07,c5,p06,l3,0.00
i03,e07,c5,p07,l3,0.00
i03,e07,c5,p09,l3,0.00
i03,e07,c5,p10,l3,0.00
i03,e07,c5,p12,l3,0.00
i03,e07,c5,p13,l3,0.00
i03,e07,c5,p15,l3,0.00
i03,e07,c5,p16,l3,0.00
i03,e07,c5,p17,l3,0.00
i03,e07,c5,p19,l3,0.00
i03,e07,c5,p22,l3,0.00
i03,e07,c5,p23,l3,0.00
i03,e07,c5,p24,l3,0.00
i03,e07,c5,p35,l3,0.00
i03,e08,c3,p01,l2,0.00
i03,e08,c3,p01,l3,0.00
i03,e08,c3,p03,l2,0.00
i03,e08,c3,p03,l3,0.00
i03,e08,c3,p05,l3,0.00
i03,e08,c3,p06,l2,0.00
i03,e08,c3,p06,l3,0.00
i03,e08,c3,p07,l3,0.00
i03,e08,c3,p09,l3,0.00
i03,e08,c3,p10,l2,0.00
i03,e08,c3,p10,l3,0.00
i03,e08,c3,p11,l2,0.00
i03,e08,c3,p11,l3,0.00
i03,e08,c3,p15,l3,0.00
i03,e08,c3,p16,l2,0.00
i03,e08,c3,p16,l3,0.00
i03,e08,c3,p18,l2,0.00
i03,e08,c3,p18,l3,0.00
i03,e08,c3,p19,l2,0.00
i03,e08,c3,p19,l3,0.00
i03,e08,c3,p20,l3,0.00
i03,e08,c3,p21,l3,0.00
i03,e08,c3,p23,l2,0.00
i03,e08,c3,p23,l3,0.00
i03,e08,c3,p24,l3,0.00
i03,e08,c3,p29,l2,0.00
i03,e08,c3,p29,l3,0.00
i03,e08,c3,p35,l3,0.00
i03,e08,c5,p01,l2,0.00
i03,e08,c5,p01,l3,0.00
i03,e08,c5,p02,l2,0.00
i03,e08,c5,p02,l3,0.00
i03,e08,c5,p03,l2,0.00
i03,e08,c5,p03,l3,0.00
i03,e08,c5,p04,l2,0.00
i03,e08,c5,p04,l3,0.00
i03,e08,c5,p05,l2,0.00
i03,e08,c5,p05,l3,0.00
i03,e08,c5,p06,l2,0.00
i03,e08,c5,p06,l3,0.00
i03,e08,c5,p07,l2,0.00
i03,e08,c5,p07,l3,0.00
i03,e08,c5,p08,l2,0.00
i03,e08,c5,p08,l3,0.00
i03,e08,c5,p09,l2,0.00
i03,e08,c5,p09,l3,0.00
i03,e08,c5,p10,l2,0.00
i03,e08,c5,p10,l3,0.00
i03,e08,c5,p11,l2,0.00
i03,e08,c5,p11,l3,0.00
i03,e08,c5,p12,l2,0.00
i03,e08,c5,p12,l3,0.00
i03,e08,c5,p13,l2,0.00
i03,e08,c5,p13,l3,0.00
i03,e08,c5,p14,l2,0.00
i03,e08,c5,p14,l3,0.00
i03,e08,c5,p15,l2,0.00
i03,e08,c5,p15,l3,0.00
i03,e08,c5,p16,l2,0.00
i03,e08,c5,p16,l3,0.00
i03,e08,c5,p17,l2,0.00
i03,e08,c5,p17,l3,2.09
i03,e08,c5,p18,l2,0.00
i03,e08,c5,p18,l3,0.00
i03,e08,c5,p19,l2,0.00
i03,e08,c5,p19,l3,0.00
i03,e08,c5,p20,l2,0.00
i03,e08,c5,p20,l3,0.00
i03,e08,c5,p21,l2,0.00
i03,e08,c5,p21,l3,0.00
i03,e08,c5,p22,l2,0.00
i03,e08,c5,p22,l3,0.00
i03,e08,c5,p23,l2,0.00
i03,e08,c5,p23,l3,0.00
i03,e08,c5,p24,l2,0.00
i03,e08,c5,p24,l3,0.00
i03,e08,c5,p25,l3,0.00
i03,e08,c5,p26,l3,0.00
i03,e08,c5,p28,l2,0.00
i03,e08,c5,p28,l3,0.00
i03,e08,c5,p29,l2,0.00
i03,e08,c5,p29,l3,3.79
i03,e08,c5,p30,l2,0.00
i03,e08,c5,p30,l3,0.00
i03,e08,c5,p31,l3,0.00
i03,e08,c5,p32,l2,0.00
i03,e08,c5,p32,l3,0.00
i03,e08,c5,p33,l3,0.00
i03,e08,c5,p35,l2,0.00
i03,e08,c5,p35,l3,0.00
i03,e09,c3,p01,l3,0.00
i03,e09,c3,p03,l2,0.00
i03,e09,c3,p03,l3,0.00
i03,e09,c3,p04,l3,0.00
i03,e09,c3,p05,l2,0.00
i03,e09,c3,p05,l3,0.00
i03,e09,c3,p06,l2,0.00
i03,e09,c3,p06,l3,0.00
i03,e09,c3,p09,l3,0.00
i03,e09,c3,p10,l2,0.00
i03,e09,c3,p10,l3,0.00
i03,e09,c3,p11,l2,0.00
i03,e09,c3,p11,l3,0.00
i03,e09,c3,p12,l3,0.00
i03,e09,c3,p15,l3,0.00
i03,e09,c3,p16,l2,0.00
i03,e09,c3,p16,l3,0.00
i03,e09,c3,p18,l3,0.00
i03,e09,c3,p19,l2,0.00
i03,e09,c3,p19,l3,0.00
i03,e09,c3,p20,l3,0.00
i03,e09,c3,p21,l2,0.00
i03,e09,c3,p21,l3,0.00
i03,e09,c3,p23,l2,0.00
i03,e09,c3,p23,l3,0.00
i03,e09,c3,p29,l3,0.00
i03,e09,c3,p35,l3,0.00
i03,e09,c5,p01,l2,0.00
i03,e09,c5,p01,l3,0.00
i03,e09,c5,p02,l2,0.00
i03,e09,c5,p02,l3,0.00
i03,e09,c5,p03,l2,0.00
i03,e09,c5,p03,l3,0.00
i03,e09,c5,p04,l2,0.00
i03,e09,c5,p04,l3,0.00
i03,e09,c5,p05,l2,0.00
i03,e09,c5,p05,l3,0.00
i03,e09,c5,p06,l2,0.00
i03,e09,c5,p06,l3,0.00
i03,e09,c5,p07,l2,0.00
i03,e09,c5,p07,l3,0.00
i03,e09,c5,p08,l2,0.00
i03,e09,c5,p08,l3,0.00
i03,e09,c5,p09,l2,0.00
i03,e09,c5,p09,l3,0.00
i03,e09,c5,p10,l2,0.00
i03,e09,c5,p10,l3,0.00
i03,e09,c5,p11,l2,0.00
i03,e09,c5,p11,l3,0.00
i03,e09,c5,p12,l2,0.00
i03,e09,c5,p12,l3,0.00
i03,e09,c5,p13,l2,0.00
i03,e09,c5,p13,l3,0.00
i03,e09,c5,p14,l2,0.00
i03,e09,c5,p14,l3,0.00
i03,e09,c5,p15,l2,0.00
i03,e09,c5,p15,l3,0.00
i03,e09,c5,p16,l2,0.00
i03,e09,c5,p16,l3,0.00
i03,e09,c5,p17,l2,0.00
i03,e09,c5,p17,l3,0.00
i03,e09,c5,p18,l2,0.00
i03,e09,c5,p18,l3,0.00
i03,e09,c5,p19,l2,0.00
i03,e09,c5,p19,l3,0.00
i03,e09,c5,p20,l2,0.00
i03,e09,c5,p20,l3,0.00
i03,e09,c5,p21,l2,0.00
i03,e09,c5,p21,l3,0.00
i03,e09,c5,p22,l2,0.00
i03,e09,c5,p22,l3,0.00
i03,e09,c5,p23,l2,0.00
i03,e09,c5,p23,l3,0.00
i03,e09,c5,p24,l2,0.00
i03,e09,c5,p24,l3,0.00
i03,e09,c5,p25,l3,0.00
i03,e09,c5,p26,l3,0.00
i03,e09,c5,p28,l2,0.00
i03,e09,c5,p28,l3,0.00
i03,e09,c5,p29,l2,0.00
i03,e09,c5,p29,l3,0.00
i03,e09,c5,p30,l3,0.00
i03,e09,c5,p31,l2,0.00
i03,e09,c5,p31,l3,0.00
i03,e09,c5,p32,l2,0.00
i03,e09,c5,p32,l3,0.00
i03,e09,c5,p33,l3,0.00
i03,e09,c5,p35,l2,0.00
i03,e09,c5,p35,l3,0.00
i03,e10,c3,p01,l3,0.00
i03,e10,c3,p03,l1,0.00
i03,e10,c3,p03,l3,0.00
i03,e10,c3,p04,l3,0.00
i03,e10,c3,p05,l1,0.00
i03,e10,c3,p05,l3,0.00
i03,e10,c3,p06,l1,0.00
i03,e10,c3,p06,l3,0.00
i03,e10,c3,p07,l3,0.00
i03,e10,c3,p09,l3,0.00
i03,e10,c3,p10,l1,0.00
i03,e10,c3,p10,l3,0.00
i03,e10,c3,p11,l1,0.00
i03,e10,c3,p11,l3,0.00
i03,e10,c3,p12,l3,0.00
i03,e10,c3,p15,l1,0.00
i03,e10,c3,p15,l3,0.00
i03,e10,c3,p16,l1,0.00
i03,e10,c3,p16,l3,0.00
i03,e10,c3,p18,l1,0.00
i03,e10,c3,p18,l3,0.00
i03,e10,c3,p19,l1,0.00
i03,e10,c3,p19,l3,0.00
i03,e10,c3,p20,l1,0.00
i03,e10,c3,p20,l3,0.00
i03,e10,c3,p21,l1,0.00
i03,e10,c3,p21,l3,0.00
i03,e10,c3,p22,l3,0.00
i03,e10,c3,p23,l1,0.00
i03,e10,c3,p23,l3,0.00
i03,e10,c3,p29,l1,0.00
i03,e10,c3,p29,l3,0.00
i03,e10,c3,p35,l1,0.00
i03,e10,c3,p35,l3,0.00
i03,e10,c5,p01,l1,0.00
i03,e10,c5,p01,l2,0.00
i03,e10,c5,p01,l3,0.00
i03,e10,c5,p02,l1,0.00
i03,e10,c5,p02,l3,0.00
i03,e10,c5,p03,l1,0.00
i03,e10,c5,p03,l2,0.00
i03,e10,c5,p03,l3,0.00
i03,e10,c5,p04,l1,0.00
i03,e10,c5,p04,l3,0.00
i03,e10,c5,p05,l1,0.00
i03,e10,c5,p05,l2,0.00
i03,e10,c5,p05,l3,0.00
i03,e10,c5,p06,l1,0.00
i03,e10,c5,p06,l2,0.00
i03,e10,c5,p06,l3,0.00
i03,e10,c5,p07,l1,0.00
i03,e10,c5,p07,l2,0.00
i03,e10,c5,p07,l3,0.00
i03,e10,c5,p08,l1,0.00
i03,e10,c5,p08,l2,0.00
i03,e10,c5,p08,l3,0.00
i03,e10,c5,p09,l1,0.00
i03,e10,c5,p09,l3,0.00
i03,e10,c5,p10,l1,0.00
i03,e10,c5,p10,l2,0.00
i03,e10,c5,p10,l3,0.00
i03,e10,c5,p11,l1,0.00
i03,e10,c5,p11,l2,0.00
i03,e10,c5,p11,l3,0.00
i03,e10,c5,p12,l1,0.00
i03,e10,c5,p12,l2,0.00
i03,e10,c5,p12,l3,0.00
i03,e10,c5,p13,l1,0.00
i03,e10,c5,p13,l2,0.00
i03,e10,c5,p13,l3,0.00
i03,e10,c5,p14,l1,0.00
i03,e10,c5,p14,l2,0.00
i03,e10,c5,p14,l3,0.00
i03,e10,c5,p15,l1,0.00
i03,e10,c5,p15,l2,0.00
i03,e10,c5,p15,l3,0.00
i03,e10,c5,p16,l1,0.00
i03,e10,c5,p16,l2,0.00
i03,e10,c5,p16,l3,0.00
i03,e10,c5,p17,l1,0.00
i03,e10,c5,p17,l2,0.00
i03,e10,c5,p17,l3,0.00
i03,e10,c5,p18,l1,0.00
i03,e10,c5,p18,l2,0.00
i03,e10,c5,p18,l3,0.00
i03,e10,c5,p19,l1,0.00
i03,e10,c5,p19,l2,0.00
i03,e10,c5,p19,l3,0.00
i03,e10,c5,p20,l1,0.00
i03,e10,c5,p20,l3,0.00
i03,e10,c5,p21,l1,0.00
i03,e10,c5,p21,l2,0.00
i03,e10,c5,p21,l3,0.00
i03,e10,c5,p22,l1,0.00
i03,e10,c5,p22,l2,0.00
i03,e10,c5,p22,l3,0.00
i03,e10,c5,p23,l1,0.00
i03,e10,c5,p23,l2,0.00
i03,e10,c5,p23,l3,0.00
i03,e10,c5,p24,l1,0.00
i03,e10,c5,p24,l2,0.00
i03,e10,c5,p24,l3,0.00
i03,e10,c5,p25,l1,0.00
i03,e10,c5,p25,l3,0.00
i03,e10,c5,p26,l1,0.00
i03,e10,c5,p26,l3,0.00
i03,e10,c5,p28,l1,0.00
i03,e10,c5,p28,l3,0.00
i03,e10,c5,p29,l1,0.00
i03,e10,c5,p29,l2,0.00
i03,e10,c5,p29,l3,0.00
i03,e10,c5,p30,l3,0.00
i03,e10,c5,p31,l1,0.00
i03,e10,c5,p31,l3,0.00
i03,e10,c5,p32,l3,0.00
i03,e10,c5,p33,l1,0.00
i03,e10,c5,p33,l3,0.00
i03,e10,c5,p35,l1,0.00
i03,e10,c5,p35,l2,0.00
i03,e10,c5,p35,l3,0.00
i03,e11,c5,p01,l2,0.00
i03,e11,c5,p01,l3,0.00
i03,e11,c5,p02,l3,0.00
i03,e11,c5,p04,l3,0.00
i03,e11,c5,p05,l2,0.00
i03,e11,c5,p05,l3,0.00
i03,e11,c5,p06,l3,0.00
i03,e11,c5,p07,l2,0.00
i03,e11,c5,p07,l3,0.00
i03,e11,c5,p08,l3,0.00
i03,e11,c5,p10,l2,0.00
i03,e11,c5,p10,l3,0.00
i03,e11,c5,p11,l3,0.00
i03,e11,c5,p12,l2,0.00
i03,e11,c5,p12,l3,0.00
i03,e11,c5,p14,l3,0.00
i03,e11,c5,p15,l2,0.00
i03,e11,c5,p15,l3,0.00
i03,e11,c5,p16,l2,0.00
i03,e11,c5,p16,l3,0.00
i03,e11,c5,p17,l3,0.00
i03,e11,c5,p18,l2,0.00
i03,e11,c5,p18,l3,0.00
i03,e11,c5,p19,l2,0.00
i03,e11,c5,p19,l3,0.00
i03,e11,c5,p21,l2,0.00
i03,e11,c5,p21,l3,0.00
i03,e11,c5,p23,l2,0.00
i03,e11,c5,p23,l3,0.00
i03,e11,c5,p24,l3,0.00
i03,e11,c5,p29,l2,0.00
i03,e11,c5,p29,l3,0.00
i03,e11,c5,p35,l2,0.00
i03,e11,c5,p35,l3,0.00
i03,e12,c3,p29,l3,0.00
i03,e12,c5,p01,l3,0.00
i03,e12,c5,p02,l3,0.00
i03,e12,c5,p03,l3,0.00
i03,e12,c5,p04,l3,0.00
i03,e12,c5,p05,l3,0.00
i03,e12,c5,p06,l3,0.00
i03,e12,c5,p07,l3,0.00
i03,e12,c5,p08,l3,0.00
i03,e12,c5,p09,l3,0.00
i03,e12,c5,p10,l3,0.00
i03,e12,c5,p11,l3,0.00
i03,e12,c5,p12,l3,0.00
i03,e12,c5,p13,l3,0.00
i03,e12,c5,p14,l3,0.00
i03,e12,c5,p15,l3,0.00
i03,e12,c5,p16,l3,0.00
i03,e12,c5,p17,l3,0.00
i03,e12,c5,p18,l3,0.00
i03,e12,c5,p19,l3,0.00
i03,e12,c5,p20,l3,0.00
i03,e12,c5,p21,l3,0.00
i03,e12,c5,p22,l3,0.00
i03,e12,c5,p23,l3,0.00
i03,e12,c5,p24,l3,0.00
i03,e12,c5,p29,l3,0.00
i03,e12,c5,p32,l3,0.00
i03,e12,c5,p35,l3,0.00
i04,e01,c3,p03,l3,0.00
i04,e01,c3,p10,l3,0.00
i04,e01,c3,p21,l3,0.00
i04,e01,c3,p24,l3,0.00
i04,e01,c3,p35,l3,0.00
i04,e01,c5,p10,l3,0.00
i04,e02,c3,p10,l3,0.00
i04,e02,c3,p24,l3,0.00
i04,e04,c3,p03,l1,0.00
i04,e04,c3,p03,l3,0.00
i04,e04,c3,p10,l1,0.00
i04,e04,c3,p10,l3,0.00
i04,e04,c3,p21,l1,0.00
i04,e04,c3,p21,l3,0.00
i04,e04,c3,p24,l1,0.00
i04,e04,c3,p24,l3,0.00
i04,e04,c3,p35,l1,0.00
i04,e04,c3,p35,l3,0.00
i04,e04,c5,p10,l1,0.00
i04,e05,c3,p10,l3,0.00
i04,e05,c3,p24,l3,0.00
i04,e05,c3,p35,l3,0.00
i04,e08,c3,p03,l3,0.00
i04,e08,c3,p10,l2,0.00
i04,e08,c3,p10,l3,0.00
i04,e08,c3,p21,l2,0.00
i04,e08,c3,p21,l3,0.00
i04,e08,c3,p24,l2,0.00
i04,e08,c3,p24,l3,0.00
i04,e08,c3,p35,l3,0.00
i04,e08,c5,p10,l2,0.00
i04,e09,c3,p03,l2,0.00
i04,e09,c3,p03,l3,0.00
i04,e09,c3,p10,l2,0.00
i04,e09,c3,p10,l3,0.00
i04,e09,c3,p21,l2,0.00
i04,e09,c3,p21,l3,0.00
i04,e09,c3,p24,l2,0.00
i04,e09,c3,p24,l3,0.00
i04,e09,c3,p35,l2,0.00
i04,e09,c3,p35,l3,0.00
i04,e09,c5,p10,l2,0.00
i04,e11,c3,p03,l2,0.00
i04,e11,c3,p10,l2,0.00
i04,e11,c3,p10,l3,0.00
i04,e11,c3,p21,l3,0.00
i04,e11,c3,p24,l2,0.00
i04,e11,c3,p24,l3,0.00
i04,e11,c3,p35,l2,0.00
i04,e11,c3,p35,l3,0.00
i05,e01,c1,p01,l3,0.00
i05,e01,c1,p02,l3,0.00
i05,e01,c1,p03,l3,2.13
i05,e01,c1,p04,l3,0.00
i05,e01,c1,p05,l3,0.00
i05,e01,c1,p06,l3,0.00
i05,e01,c1,p07,l3,0.00
i05,e01,c1,p08,l3,0.00
i05,e01,c1,p09,l3,0.00
i05,e01,c1,p10,l3,0.00
i05,e01,c1,p11,l3,8.59
i05,e01,c1,p12,l3,0.00
i05,e01,c1,p13,l3,0.00
i05,e01,c1,p14,l3,0.00
i05,e01,c1,p15,l3,0.00
i05,e01,c1,p16,l3,0.00
i05,e01,c1,p17,l3,0.00
i05,e01,c1,p18,l3,0.00
i05,e01,c1,p19,l3,2.72
i05,e01,c1,p20,l3,0.00
i05,e01,c1,p21,l3,0.00
i05,e01,c1,p22,l3,0.00
i05,e01,c1,p23,l3,0.00
i05,e01,c1,p24,l3,0.00
i05,e01,c1,p25,l3,0.00
i05,e01,c1,p26,l3,0.00
i05,e01,c1,p27,l3,0.00
i05,e01,c1,p28,l3,0.00
i05,e01,c1,p29,l3,0.00
i05,e01,c1,p30,l3,0.00
i05,e01,c1,p31,l3,0.00
i05,e01,c1,p32,l3,0.00
i05,e01,c1,p33,l3,0.00
i05,e01,c1,p34,l3,0.00
i05,e01,c1,p35,l3,4.12
i05,e01,c4,p01,l3,0.00
i05,e01,c4,p02,l3,0.00
i05,e01,c4,p03,l3,0.00
i05,e01,c4,p04,l3,0.00
i05,e01,c4,p05,l3,0.00
i05,e01,c4,p06,l3,0.00
i05,e01,c4,p07,l3,0.00
i05,e01,c4,p08,l3,0.00
i05,e01,c4,p09,l3,0.00
i05,e01,c4,p10,l3,0.00
i05,e01,c4,p11,l3,0.00
i05,e01,c4,p12,l3,0.00
i05,e01,c4,p13,l3,0.00
i05,e01,c4,p14,l3,0.00
i05,e01,c4,p15,l3,0.00
i05,e01,c4,p16,l3,0.00
i05,e01,c4,p17,l3,0.00
i05,e01,c4,p18,l3,0.00
i05,e01,c4,p19,l3,0.00
i05,e01,c4,p20,l3,0.00
i05,e01,c4,p21,l3,0.00
i05,e01,c4,p22,l3,0.00
i05,e01,c4,p23,l3,0.00
i05,e01,c4,p24,l3,0.00
i05,e01,c4,p25,l3,0.00
i05,e01,c4,p26,l3,0.00
i05,e01,c4,p28,l3,0.00
i05,e01,c4,p29,l3,0.00
i05,e01,c4,p30,l3,0.00
i05,e01,c4,p31,l3,0.00
i05,e01,c4,p32,l3,0.00
i05,e01,c4,p33,l3,0.00
i05,e01,c4,p35,l3,0.00
i05,e01,c7,p01,l3,0.00
i05,e01,c7,p03,l3,0.00
i05,e01,c7,p05,l3,0.00
i05,e01,c7,p10,l3,0.00
i05,e01,c7,p11,l3,0.00
i05,e01,c7,p12,l3,0.00
i05,e01,c7,p14,l3,0.00
i05,e01,c7,p17,l3,0.00
i05,e01,c7,p19,l3,0.00
i05,e01,c7,p21,l3,0.00
i05,e01,c7,p24,l3,0.00
i05,e01,c7,p35,l3,0.00
i05,e03,c1,p01,l3,0.00
i05,e03,c1,p02,l3,0.00
i05,e03,c1,p03,l3,0.00
i05,e03,c1,p04,l3,0.00
i05,e03,c1,p05,l3,0.00
i05,e03,c1,p06,l3,0.00
i05,e03,c1,p07,l3,0.00
i05,e03,c1,p08,l3,0.00
i05,e03,c1,p09,l3,0.00
i05,e03,c1,p10,l3,0.00
i05,e03,c1,p11,l3,0.00
i05,e03,c1,p12,l3,0.00
i05,e03,c1,p13,l3,0.00
i05,e03,c1,p14,l3,0.00
i05,e03,c1,p15,l3,0.00
i05,e03,c1,p16,l3,0.00
i05,e03,c1,p17,l3,0.00
i05,e03,c1,p18,l3,1.47
i05,e03,c1,p19,l3,0.00
i05,e03,c1,p20,l3,0.00
i05,e03,c1,p21,l3,1.95
i05,e03,c1,p22,l3,0.00
i05,e03,c1,p23,l3,0.00
i05,e03,c1,p24,l3,0.00
i05,e03,c1,p25,l3,0.00
i05,e03,c1,p26,l3,0.00
i05,e03,c1,p27,l3,0.00
i05,e03,c1,p28,l3,0.00
i05,e03,c1,p29,l3,0.00
i05,e03,c1,p30,l3,0.00
i05,e03,c1,p31,l3,0.00
i05,e03,c1,p32,l3,0.00
i05,e03,c1,p33,l3,0.00
i05,e03,c1,p34,l3,0.00
i05,e03,c1,p35,l3,1.03
i05,e03,c4,p01,l3,0.00
i05,e03,c4,p02,l3,0.00
i05,e03,c4,p03,l3,0.00
i05,e03,c4,p04,l3,0.00
i05,e03,c4,p05,l3,0.00
i05,e03,c4,p06,l3,0.00
i05,e03,c4,p07,l3,0.00
i05,e03,c4,p08,l3,0.00
i05,e03,c4,p09,l3,0.00
i05,e03,c4,p10,l3,0.00
i05,e03,c4,p11,l3,0.00
i05,e03,c4,p12,l3,0.00
i05,e03,c4,p13,l3,0.00
i05,e03,c4,p14,l3,0.00
i05,e03,c4,p15,l3,0.00
i05,e03,c4,p16,l3,0.00
i05,e03,c4,p17,l3,0.00
i05,e03,c4,p18,l3,0.00
i05,e03,c4,p19,l3,0.00
i05,e03,c4,p20,l3,0.00
i05,e03,c4,p21,l3,0.00
i05,e03,c4,p22,l3,0.00
i05,e03,c4,p23,l3,0.00
i05,e03,c4,p24,l3,0.00
i05,e03,c4,p25,l3,0.00
i05,e03,c4,p26,l3,0.00
i05,e03,c4,p28,l3,0.00
i05,e03,c4,p29,l3,0.00
i05,e03,c4,p30,l3,0.00
i05,e03,c4,p31,l3,0.00
i05,e03,c4,p32,l3,0.00
i05,e03,c4,p33,l3,0.00
i05,e03,c4,p35,l3,0.00
i05,e03,c7,p01,l3,0.00
i05,e03,c7,p02,l3,0.00
i05,e03,c7,p03,l3,0.00
i05,e03,c7,p05,l3,0.00
i05,e03,c7,p06,l3,0.00
i05,e03,c7,p10,l3,0.00
i05,e03,c7,p11,l3,0.00
i05,e03,c7,p12,l3,0.00
i05,e03,c7,p13,l3,0.00
i05,e03,c7,p15,l3,0.00
i05,e03,c7,p17,l3,0.00
i05,e03,c7,p18,l3,0.00
i05,e03,c7,p19,l3,0.00
i05,e03,c7,p21,l3,0.00
i05,e03,c7,p24,l3,0.00
i05,e03,c7,p26,l3,0.00
i05,e03,c7,p29,l3,0.00
i05,e03,c7,p35,l3,0.00
i05,e03,c8,p35,l3,0.00
i05,e04,c1,p01,l1,0.00
i05,e04,c1,p01,l3,0.00
i05,e04,c1,p02,l1,0.00
i05,e04,c1,p02,l3,0.00
i05,e04,c1,p03,l1,0.00
i05,e04,c1,p03,l3,0.00
i05,e04,c1,p04,l1,0.00
i05,e04,c1,p04,l3,0.00
i05,e04,c1,p05,l1,0.00
i05,e04,c1,p05,l3,0.00
i05,e04,c1,p06,l1,0.00
i05,e04,c1,p06,l3,0.00
i05,e04,c1,p07,l1,0.00
i05,e04,c1,p07,l3,0.00
i05,e04,c1,p08,l1,0.00
i05,e04,c1,p08,l3,0.00
i05,e04,c1,p09,l1,0.00
i05,e04,c1,p09,l3,0.00
i05,e04,c1,p10,l1,0.00
i05,e04,c1,p10,l3,2.07
i05,e04,c1,p11,l1,0.00
i05,e04,c1,p11,l3,1.24
i05,e04,c1,p12,l1,0.00
i05,e04,c1,p12,l3,0.00
i05,e04,c1,p13,l1,0.00
i05,e04,c1,p13,l3,0.00
i05,e04,c1,p14,l1,0.00
i05,e04,c1,p14,l3,0.00
i05,e04,c1,p15,l1,0.00
i05,e04,c1,p15,l3,0.00
i05,e04,c1,p16,l1,0.00
i05,e04,c1,p16,l3,0.00
i05,e04,c1,p17,l1,0.00
i05,e04,c1,p17,l3,0.00
i05,e04,c1,p18,l1,0.00
i05,e04,c1,p18,l3,0.00
i05,e04,c1,p19,l1,0.00
i05,e04,c1,p19,l3,0.00
i05,e04,c1,p20,l1,0.00
i05,e04,c1,p20,l3,0.00
i05,e04,c1,p21,l1,0.00
i05,e04,c1,p21,l3,0.00
i05,e04,c1,p22,l1,0.00
i05,e04,c1,p22,l3,0.00
i05,e04,c1,p23,l1,0.00
i05,e04,c1,p23,l3,0.00
i05,e04,c1,p24,l1,0.00
i05,e04,c1,p24,l3,0.00
i05,e04,c1,p25,l1,0.00
i05,e04,c1,p25,l3,0.00
i05,e04,c1,p26,l1,0.00
i05,e04,c1,p26,l3,0.00
i05,e04,c1,p27,l1,0.00
i05,e04,c1,p27,l3,0.00
i05,e04,c1,p28,l1,0.00
i05,e04,c1,p28,l3,0.00
i05,e04,c1,p29,l1,0.00
i05,e04,c1,p29,l3,0.00
i05,e04,c1,p30,l1,0.00
i05,e04,c1,p30,l3,0.00
i05,e04,c1,p31,l1,0.00
i05,e04,c1,p31,l3,0.00
i05,e04,c1,p32,l1,0.00
i05,e04,c1,p32,l3,0.00
i05,e04,c1,p33,l1,0.00
i05,e04,c1,p33,l3,0.00
i05,e04,c1,p34,l1,0.00
i05,e04,c1,p34,l3,0.00
i05,e04,c1,p35,l1,0.00
i05,e04,c1,p35,l3,0.00
i05,e04,c4,p01,l1,0.00
i05,e04,c4,p01,l3,0.00
i05,e04,c4,p02,l1,0.00
i05,e04,c4,p02,l3,0.00
i05,e04,c4,p03,l1,0.00
i05,e04,c4,p03,l3,0.00
i05,e04,c4,p04,l1,0.00
i05,e04,c4,p04,l3,0.00
i05,e04,c4,p05,l1,0.00
i05,e04,c4,p05,l3,0.00
i05,e04,c4,p06,l3,0.00
i05,e04,c4,p07,l1,0.00
i05,e04,c4,p07,l3,0.00
i05,e04,c4,p08,l1,0.00
i05,e04,c4,p08,l3,0.00
i05,e04,c4,p09,l1,0.00
i05,e04,c4,p09,l3,0.00
i05,e04,c4,p10,l1,0.00
i05,e04,c4,p10,l3,0.00
i05,e04,c4,p11,l1,0.00
i05,e04,c4,p11,l3,0.00
i05,e04,c4,p12,l1,0.00
i05,e04,c4,p12,l3,0.00
i05,e04,c4,p13,l1,0.00
i05,e04,c4,p13,l3,0.00
i05,e04,c4,p14,l1,0.00
i05,e04,c4,p14,l3,0.00
i05,e04,c4,p15,l1,0.00
i05,e04,c4,p15,l3,0.00
i05,e04,c4,p16,l1,0.00
i05,e04,c4,p16,l3,0.00
i05,e04,c4,p17,l1,0.00
i05,e04,c4,p17,l3,0.00
i05,e04,c4,p18,l1,0.00
i05,e04,c4,p18,l3,0.00
i05,e04,c4,p19,l1,0.00
i05,e04,c4,p19,l3,0.00
i05,e04,c4,p20,l1,0.00
i05,e04,c4,p20,l3,0.00
i05,e04,c4,p21,l1,0.00
i05,e04,c4,p21,l3,0.00
i05,e04,c4,p22,l3,0.00
i05,e04,c4,p23,l1,0.00
i05,e04,c4,p23,l3,0.00
i05,e04,c4,p24,l1,0.00
i05,e04,c4,p24,l3,0.00
i05,e04,c4,p25,l3,0.00
i05,e04,c4,p26,l3,0.00
i05,e04,c4,p28,l3,0.00
i05,e04,c4,p29,l3,0.00
i05,e04,c4,p30,l3,0.00
i05,e04,c4,p31,l3,0.00
i05,e04,c4,p32,l1,0.00
i05,e04,c4,p32,l3,0.00
i05,e04,c4,p33,l3,0.00
i05,e04,c4,p35,l1,0.00
i05,e04,c4,p35,l3,0.00
i05,e04,c7,p01,l3,0.00
i05,e04,c7,p03,l3,0.00
i05,e04,c7,p05,l3,0.00
i05,e04,c7,p10,l1,0.00
i05,e04,c7,p10,l3,0.00
i05,e04,c7,p11,l3,0.00
i05,e04,c7,p12,l3,0.00
i05,e04,c7,p13,l3,0.00
i05,e04,c7,p14,l3,0.00
i05,e04,c7,p17,l1,0.00
i05,e04,c7,p17,l3,0.00
i05,e04,c7,p19,l3,0.00
i05,e04,c7,p24,l3,0.00
i05,e04,c7,p35,l1,0.00
i05,e04,c7,p35,l3,0.00
i05,e05,c1,p01,l1,0.00
i05,e05,c1,p01,l3,0.00
i05,e05,c1,p02,l1,0.00
i05,e05,c1,p02,l3,0.00
i05,e05,c1,p03,l1,0.00
i05,e05,c1,p03,l3,0.00
i05,e05,c1,p04,l1,0.00
i05,e05,c1,p04,l3,0.00
i05,e05,c1,p05,l1,0.00
i05,e05,c1,p05,l3,0.00
i05,e05,c1,p06,l1,0.00
i05,e05,c1,p06,l3,0.00
i05,e05,c1,p07,l1,0.00
i05,e05,c1,p07,l3,0.00
i05,e05,c1,p08,l1,0.00
i05,e05,c1,p08,l3,0.00
i05,e05,c1,p09,l1,0.00
i05,e05,c1,p09,l3,0.00
i05,e05,c1,p10,l1,0.00
i05,e05,c1,p10,l3,0.00
i05,e05,c1,p11,l1,0.00
i05,e05,c1,p11,l3,0.00
i05,e05,c1,p12,l1,0.00
i05,e05,c1,p12,l3,0.00
i05,e05,c1,p13,l1,0.00
i05,e05,c1,p13,l3,0.00
i05,e05,c1,p14,l1,0.00
i05,e05,c1,p14,l3,0.00
i05,e05,c1,p15,l1,0.00
i05,e05,c1,p15,l3,0.00
i05,e05,c1,p16,l1,0.00
i05,e05,c1,p16,l3,0.00
i05,e05,c1,p17,l1,0.00
i05,e05,c1,p17,l3,0.00
i05,e05,c1,p18,l1,0.00
i05,e05,c1,p18,l3,0.00
i05,e05,c1,p19,l1,0.00
i05,e05,c1,p19,l3,0.00
i05,e05,c1,p20,l1,0.00
i05,e05,c1,p20,l3,0.00
i05,e05,c1,p21,l1,0.00
i05,e05,c1,p21,l3,0.00
i05,e05,c1,p22,l1,0.00
i05,e05,c1,p22,l3,0.00
i05,e05,c1,p23,l1,0.00
i05,e05,c1,p23,l3,0.00
i05,e05,c1,p24,l1,0.00
i05,e05,c1,p24,l3,0.00
i05,e05,c1,p25,l1,0.00
i05,e05,c1,p25,l3,0.00
i05,e05,c1,p26,l1,0.00
i05,e05,c1,p26,l3,0.00
i05,e05,c1,p27,l3,0.00
i05,e05,c1,p28,l1,0.00
i05,e05,c1,p28,l3,0.00
i05,e05,c1,p29,l1,0.00
i05,e05,c1,p29,l3,0.00
i05,e05,c1,p30,l1,0.00
i05,e05,c1,p30,l3,0.00
i05,e05,c1,p31,l1,0.00
i05,e05,c1,p31,l3,0.00
i05,e05,c1,p32,l1,0.00
i05,e05,c1,p32,l3,0.00
i05,e05,c1,p33,l1,0.00
i05,e05,c1,p33,l3,0.00
i05,e05,c1,p34,l3,0.00
i05,e05,c1,p35,l1,0.00
i05,e05,c1,p35,l3,0.00
i05,e05,c4,p01,l3,0.00
i05,e05,c4,p02,l1,0.00
i05,e05,c4,p02,l3,0.00
i05,e05,c4,p03,l1,0.00
i05,e05,c4,p03,l3,0.00
i05,e05,c4,p04,l3,0.00
i05,e05,c4,p05,l1,0.00
i05,e05,c4,p05,l3,0.00
i05,e05,c4,p06,l3,0.00
i05,e05,c4,p07,l1,0.00
i05,e05,c4,p07,l3,0.00
i05,e05,c4,p08,l3,0.00
i05,e05,c4,p09,l1,0.00
i05,e05,c4,p09,l3,0.00
i05,e05,c4,p10,l1,0.00
i05,e05,c4,p10,l3,0.00
i05,e05,c4,p11,l3,0.00
i05,e05,c4,p12,l1,0.00
i05,e05,c4,p12,l3,0.00
i05,e05,c4,p13,l3,0.00
i05,e05,c4,p15,l1,0.00
i05,e05,c4,p15,l3,0.00
i05,e05,c4,p16,l3,0.00
i05,e05,c4,p17,l3,0.00
i05,e05,c4,p18,l3,0.00
i05,e05,c4,p19,l3,0.00
i05,e05,c4,p21,l3,0.00
i05,e05,c4,p22,l3,0.00
i05,e05,c4,p23,l3,0.00
i05,e05,c4,p24,l3,0.00
i05,e05,c4,p28,l3,0.00
i05,e05,c4,p29,l1,0.00
i05,e05,c4,p29,l3,0.00
i05,e05,c4,p35,l1,0.00
i05,e05,c4,p35,l3,0.00
i05,e05,c7,p05,l3,0.00
i05,e05,c7,p10,l1,0.00
i05,e05,c7,p10,l3,0.00
i05,e05,c7,p35,l1,0.00
i05,e05,c7,p35,l3,0.00
i05,e06,c1,p01,l3,1.23
i05,e06,c1,p02,l3,0.00
i05,e06,c1,p03,l3,0.00
i05,e06,c1,p04,l3,0.00
i05,e06,c1,p05,l3,0.00
i05,e06,c1,p06,l3,0.00
i05,e06,c1,p07,l3,0.00
i05,e06,c1,p08,l3,0.00
i05,e06,c1,p09,l3,0.00
i05,e06,c1,p10,l3,1.18
i05,e06,c1,p11,l3,2.09
i05,e06,c1,p12,l3,1.41
i05,e06,c1,p13,l3,1.13
i05,e06,c1,p14,l3,0.00
i05,e06,c1,p15,l3,2.01
i05,e06,c1,p16,l3,0.00
i05,e06,c1,p17,l3,1.54
i05,e06,c1,p18,l3,0.00
i05,e06,c1,p19,l3,1.27
i05,e06,c1,p20,l3,0.00
i05,e06,c1,p21,l3,1.12
i05,e06,c1,p22,l3,0.00
i05,e06,c1,p23,l3,0.00
i05,e06,c1,p24,l3,0.00
i05,e06,c1,p25,l3,0.00
i05,e06,c1,p26,l3,0.00
i05,e06,c1,p27,l3,0.00
i05,e06,c1,p28,l3,0.00
i05,e06,c1,p29,l3,0.00
i05,e06,c1,p30,l3,0.00
i05,e06,c1,p31,l3,0.00
i05,e06,c1,p32,l3,0.00
i05,e06,c1,p33,l3,0.00
i05,e06,c1,p34,l3,0.00
i05,e06,c1,p35,l3,4.01
i05,e06,c4,p01,l3,0.00
i05,e06,c4,p02,l3,0.00
i05,e06,c4,p03,l3,0.00
i05,e06,c4,p04,l3,0.00
i05,e06,c4,p05,l3,0.00
i05,e06,c4,p06,l3,0.00
i05,e06,c4,p07,l3,0.00
i05,e06,c4,p08,l3,0.00
i05,e06,c4,p09,l3,0.00
i05,e06,c4,p10,l3,0.00
i05,e06,c4,p11,l3,0.00
i05,e06,c4,p12,l3,0.00
i05,e06,c4,p13,l3,0.00
i05,e06,c4,p14,l3,0.00
i05,e06,c4,p15,l3,0.00
i05,e06,c4,p16,l3,0.00
i05,e06,c4,p17,l3,0.00
i05,e06,c4,p18,l3,0.00
i05,e06,c4,p19,l3,0.00
i05,e06,c4,p20,l3,0.00
i05,e06,c4,p21,l3,0.00
i05,e06,c4,p22,l3,0.00
i05,e06,c4,p23,l3,0.00
i05,e06,c4,p24,l3,0.00
i05,e06,c4,p25,l3,0.00
i05,e06,c4,p26,l3,0.00
i05,e06,c4,p28,l3,0.00
i05,e06,c4,p29,l3,0.00
i05,e06,c4,p30,l3,0.00
i05,e06,c4,p31,l3,0.00
i05,e06,c4,p32,l3,0.00
i05,e06,c4,p35,l3,0.00
i05,e06,c7,p01,l3,0.00
i05,e06,c7,p02,l3,0.00
i05,e06,c7,p03,l3,0.00
i05,e06,c7,p04,l3,0.00
i05,e06,c7,p05,l3,0.00
i05,e06,c7,p06,l3,0.00
i05,e06,c7,p09,l3,0.00
i05,e06,c7,p10,l3,0.00
i05,e06,c7,p11,l3,0.00
i05,e06,c7,p12,l3,0.00
i05,e06,c7,p13,l3,0.00
i05,e06,c7,p15,l3,0.00
i05,e06,c7,p16,l3,0.00
i05,e06,c7,p17,l3,0.00
i05,e06,c7,p18,l3,0.00
i05,e06,c7,p19,l3,0.00
i05,e06,c7,p21,l3,0.00
i05,e06,c7,p23,l3,0.00
i05,e06,c7,p26,l3,0.00
i05,e06,c7,p29,l3,0.00
i05,e06,c7,p35,l3,0.00
i05,e07,c1,p01,l2,0.00
i05,e07,c1,p01,l3,0.00
i05,e07,c1,p02,l2,0.00
i05,e07,c1,p02,l3,2.72
i05,e07,c1,p03,l2,0.00
i05,e07,c1,p03,l3,0.00
i05,e07,c1,p04,l2,0.00
i05,e07,c1,p04,l3,0.00
i05,e07,c1,p05,l2,0.00
i05,e07,c1,p05,l3,0.00
i05,e07,c1,p06,l2,0.00
i05,e07,c1,p06,l3,0.00
i05,e07,c1,p07,l2,0.00
i05,e07,c1,p07,l3,0.00
i05,e07,c1,p08,l2,0.00
i05,e07,c1,p08,l3,0.00
i05,e07,c1,p09,l2,0.00
i05,e07,c1,p09,l3,0.00
i05,e07,c1,p10,l2,0.00
i05,e07,c1,p10,l3,65.18
i05,e07,c1,p11,l2,0.00
i05,e07,c1,p11,l3,1.71
i05,e07,c1,p12,l2,0.00
i05,e07,c1,p12,l3,2.73
i05,e07,c1,p13,l2,0.00
i05,e07,c1,p13,l3,0.00
i05,e07,c1,p14,l2,0.00
i05,e07,c1,p14,l3,0.00
i05,e07,c1,p15,l2,0.00
i05,e07,c1,p15,l3,2.17
i05,e07,c1,p16,l2,0.00
i05,e07,c1,p16,l3,0.00
i05,e07,c1,p17,l2,0.00
i05,e07,c1,p17,l3,1.32
i05,e07,c1,p18,l2,0.00
i05,e07,c1,p18,l3,0.00
i05,e07,c1,p19,l2,0.00
i05,e07,c1,p19,l3,1.28
i05,e07,c1,p20,l2,0.00
i05,e07,c1,p20,l3,0.00
i05,e07,c1,p21,l2,0.00
i05,e07,c1,p21,l3,0.00
i05,e07,c1,p22,l2,0.00
i05,e07,c1,p22,l3,0.00
i05,e07,c1,p23,l2,0.00
i05,e07,c1,p23,l3,0.00
i05,e07,c1,p24,l2,0.00
i05,e07,c1,p24,l3,0.00
i05,e07,c1,p25,l2,0.00
i05,e07,c1,p25,l3,0.00
i05,e07,c1,p26,l2,0.00
i05,e07,c1,p26,l3,0.00
i05,e07,c1,p27,l2,0.00
i05,e07,c1,p27,l3,0.00
i05,e07,c1,p28,l2,0.00
i05,e07,c1,p28,l3,0.00
i05,e07,c1,p29,l2,0.00
i05,e07,c1,p29,l3,1.32
i05,e07,c1,p30,l2,0.00
i05,e07,c1,p30,l3,0.00
i05,e07,c1,p31,l2,0.00
i05,e07,c1,p31,l3,0.00
i05,e07,c1,p32,l2,0.00
i05,e07,c1,p32,l3,0.00
i05,e07,c1,p33,l2,0.00
i05,e07,c1,p33,l3,0.00
i05,e07,c1,p34,l2,0.00
i05,e07,c1,p34,l3,0.00
i05,e07,c1,p35,l2,0.00
i05,e07,c1,p35,l3,64.63
i05,e07,c4,p01,l2,0.00
i05,e07,c4,p01,l3,0.00
i05,e07,c4,p02,l2,0.00
i05,e07,c4,p02,l3,0.00
i05,e07,c4,p03,l2,0.00
i05,e07,c4,p03,l3,0.00
i05,e07,c4,p04,l2,0.00
i05,e07,c4,p04,l3,0.00
i05,e07,c4,p05,l2,0.00
i05,e07,c4,p05,l3,0.00
i05,e07,c4,p06,l2,0.00
i05,e07,c4,p06,l3,0.00
i05,e07,c4,p07,l2,0.00
i05,e07,c4,p07,l3,0.00
i05,e07,c4,p08,l2,0.00
i05,e07,c4,p08,l3,0.00
i05,e07,c4,p09,l2,0.00
i05,e07,c4,p09,l3,0.00
i05,e07,c4,p10,l2,0.00
i05,e07,c4,p10,l3,0.00
i05,e07,c4,p11,l2,0.00
i05,e07,c4,p11,l3,0.00
i05,e07,c4,p12,l2,0.00
i05,e07,c4,p12,l3,0.00
i05,e07,c4,p13,l2,0.00
i05,e07,c4,p13,l3,0.00
i05,e07,c4,p14,l2,0.00
i05,e07,c4,p14,l3,0.00
i05,e07,c4,p15,l2,0.00
i05,e07,c4,p15,l3,0.00
i05,e07,c4,p16,l2,0.00
i05,e07,c4,p16,l3,0.00
i05,e07,c4,p17,l2,0.00
i05,e07,c4,p17,l3,0.00
i05,e07,c4,p18,l2,0.00
i05,e07,c4,p18,l3,0.00
i05,e07,c4,p19,l2,0.00
i05,e07,c4,p19,l3,0.00
i05,e07,c4,p20,l2,0.00
i05,e07,c4,p20,l3,0.00
i05,e07,c4,p21,l2,0.00
i05,e07,c4,p21,l3,0.00
i05,e07,c4,p22,l2,0.00
i05,e07,c4,p22,l3,0.00
i05,e07,c4,p23,l2,0.00
i05,e07,c4,p23,l3,0.00
i05,e07,c4,p24,l2,0.00
i05,e07,c4,p24,l3,0.00
i05,e07,c4,p25,l2,0.00
i05,e07,c4,p25,l3,0.00
i05,e07,c4,p26,l3,0.00
i05,e07,c4,p28,l2,0.00
i05,e07,c4,p28,l3,0.00
i05,e07,c4,p29,l2,0.00
i05,e07,c4,p29,l3,0.00
i05,e07,c4,p30,l3,0.00
i05,e07,c4,p31,l3,0.00
i05,e07,c4,p32,l2,0.00
i05,e07,c4,p32,l3,0.00
i05,e07,c4,p35,l2,0.00
i05,e07,c4,p35,l3,0.00
i05,e07,c7,p01,l3,0.00
i05,e07,c7,p03,l3,0.00
i05,e07,c7,p04,l3,0.00
i05,e07,c7,p05,l3,0.00
i05,e07,c7,p10,l2,0.00
i05,e07,c7,p10,l3,0.00
i05,e07,c7,p11,l3,0.00
i05,e07,c7,p12,l3,0.00
i05,e07,c7,p17,l2,0.00
i05,e07,c7,p17,l3,0.00
i05,e07,c7,p18,l3,0.00
i05,e07,c7,p23,l2,0.00
i05,e07,c7,p24,l3,0.00
i05,e07,c7,p35,l2,0.00
i05,e07,c7,p35,l3,0.00
i05,e08,c1,p01,l2,0.00
i05,e08,c1,p01,l3,0.00
i05,e08,c1,p02,l2,0.00
i05,e08,c1,p02,l3,0.00
i05,e08,c1,p03,l2,0.00
i05,e08,c1,p03,l3,0.00
i05,e08,c1,p04,l2,0.00
i05,e08,c1,p04,l3,0.00
i05,e08,c1,p05,l2,0.00
i05,e08,c1,p05,l3,0.00
i05,e08,c1,p06,l2,0.00
i05,e08,c1,p06,l3,0.00
i05,e08,c1,p07,l2,0.00
i05,e08,c1,p07,l3,0.00
i05,e08,c1,p08,l2,0.00
i05,e08,c1,p08,l3,0.00
i05,e08,c1,p09,l2,0.00
i05,e08,c1,p09,l3,0.00
i05,e08,c1,p10,l2,0.00
i05,e08,c1,p10,l3,6.45
i05,e08,c1,p11,l2,0.00
i05,e08,c1,p11,l3,0.00
i05,e08,c1,p12,l2,0.00
i05,e08,c1,p12,l3,0.00
i05,e08,c1,p13,l2,0.00
i05,e08,c1,p13,l3,2.26
i05,e08,c1,p14,l2,0.00
i05,e08,c1,p14,l3,0.00
i05,e08,c1,p15,l2,0.00
i05,e08,c1,p15,l3,0.00
i05,e08,c1,p16,l2,0.00
i05,e08,c1,p16,l3,0.00
i05,e08,c1,p17,l2,0.00
i05,e08,c1,p17,l3,0.00
i05,e08,c1,p18,l2,0.00
i05,e08,c1,p18,l3,0.00
i05,e08,c1,p19,l2,0.00
i05,e08,c1,p19,l3,1.06
i05,e08,c1,p20,l2,0.00
i05,e08,c1,p20,l3,0.00
i05,e08,c1,p21,l2,0.00
i05,e08,c1,p21,l3,0.00
i05,e08,c1,p22,l2,0.00
i05,e08,c1,p22,l3,0.00
i05,e08,c1,p23,l2,0.00
i05,e08,c1,p23,l3,0.00
i05,e08,c1,p24,l2,0.00
i05,e08,c1,p24,l3,0.00
i05,e08,c1,p25,l2,0.00
i05,e08,c1,p25,l3,0.00
i05,e08,c1,p26,l2,0.00
i05,e08,c1,p26,l3,0.00
i05,e08,c1,p27,l2,0.00
i05,e08,c1,p27,l3,0.00
i05,e08,c1,p28,l2,0.00
i05,e08,c1,p28,l3,0.00
i05,e08,c1,p29,l2,0.00
i05,e08,c1,p29,l3,0.00
i05,e08,c1,p30,l2,0.00
i05,e08,c1,p30,l3,0.00
i05,e08,c1,p31,l2,0.00
i05,e08,c1,p31,l3,0.00
i05,e08,c1,p32,l2,0.00
i05,e08,c1,p32,l3,0.00
i05,e08,c1,p33,l2,0.00
i05,e08,c1,p33,l3,0.00
i05,e08,c1,p34,l2,0.00
i05,e08,c1,p34,l3,0.00
i05,e08,c1,p35,l2,0.00
i05,e08,c1,p35,l3,1.13
i05,e08,c4,p01,l2,0.00
i05,e08,c4,p01,l3,0.00
i05,e08,c4,p02,l2,0.00
i05,e08,c4,p02,l3,0.00
i05,e08,c4,p03,l2,0.00
i05,e08,c4,p03,l3,0.00
i05,e08,c4,p04,l2,0.00
i05,e08,c4,p04,l3,0.00
i05,e08,c4,p05,l2,0.00
i05,e08,c4,p05,l3,0.00
i05,e08,c4,p06,l2,0.00
i05,e08,c4,p06,l3,0.00
i05,e08,c4,p07,l2,0.00
i05,e08,c4,p07,l3,0.00
i05,e08,c4,p08,l2,0.00
i05,e08,c4,p08,l3,0.00
i05,e08,c4,p09,l2,0.00
i05,e08,c4,p09,l3,0.00
i05,e08,c4,p10,l2,0.00
i05,e08,c4,p10,l3,0.00
i05,e08,c4,p11,l2,0.00
i05,e08,c4,p11,l3,0.00
i05,e08,c4,p12,l2,0.00
i05,e08,c4,p12,l3,0.00
i05,e08,c4,p13,l2,0.00
i05,e08,c4,p13,l3,0.00
i05,e08,c4,p14,l2,0.00
i05,e08,c4,p14,l3,0.00
i05,e08,c4,p15,l2,0.00
i05,e08,c4,p15,l3,0.00
i05,e08,c4,p16,l2,0.00
i05,e08,c4,p16,l3,0.00
i05,e08,c4,p17,l2,0.00
i05,e08,c4,p17,l3,0.00
i05,e08,c4,p18,l2,0.00
i05,e08,c4,p18,l3,0.00
i05,e08,c4,p19,l2,0.00
i05,e08,c4,p19,l3,0.00
i05,e08,c4,p20,l2,0.00
i05,e08,c4,p20,l3,0.00
i05,e08,c4,p21,l2,0.00
i05,e08,c4,p21,l3,0.00
i05,e08,c4,p22,l2,0.00
i05,e08,c4,p22,l3,0.00
i05,e08,c4,p23,l2,0.00
i05,e08,c4,p23,l3,0.00
i05,e08,c4,p24,l2,0.00
i05,e08,c4,p24,l3,0.00
i05,e08,c4,p25,l3,0.00
i05,e08,c4,p26,l2,0.00
i05,e08,c4,p26,l3,0.00
i05,e08,c4,p28,l3,0.00
i05,e08,c4,p29,l2,0.00
i05,e08,c4,p29,l3,0.00
i05,e08,c4,p31,l2,0.00
i05,e08,c4,p32,l2,0.00
i05,e08,c4,p32,l3,0.00
i05,e08,c4,p35,l2,0.00
i05,e08,c4,p35,l3,0.00
i05,e08,c7,p01,l3,0.00
i05,e08,c7,p03,l2,0.00
i05,e08,c7,p03,l3,0.00
i05,e08,c7,p05,l3,0.00
i05,e08,c7,p10,l2,0.00
i05,e08,c7,p10,l3,0.00
i05,e08,c7,p11,l3,0.00
i05,e08,c7,p12,l2,0.00
i05,e08,c7,p12,l3,0.00
i05,e08,c7,p17,l2,0.00
i05,e08,c7,p17,l3,0.00
i05,e08,c7,p19,l3,0.00
i05,e08,c7,p24,l3,0.00
i05,e08,c7,p26,l3,0.00
i05,e08,c7,p29,l3,0.00
i05,e08,c7,p35,l2,0.00
i05,e08,c7,p35,l3,0.00
i05,e09,c1,p01,l2,0.00
i05,e09,c1,p01,l3,0.00
i05,e09,c1,p02,l2,0.00
i05,e09,c1,p02,l3,0.00
i05,e09,c1,p03,l2,0.00
i05,e09,c1,p03,l3,0.00
i05,e09,c1,p04,l2,0.00
i05,e09,c1,p04,l3,0.00
i05,e09,c1,p05,l2,0.00
i05,e09,c1,p05,l3,0.00
i05,e09,c1,p06,l2,0.00
i05,e09,c1,p06,l3,0.00
i05,e09,c1,p07,l2,0.00
i05,e09,c1,p07,l3,0.00
i05,e09,c1,p08,l2,0.00
i05,e09,c1,p08,l3,0.00
i05,e09,c1,p09,l2,0.00
i05,e09,c1,p09,l3,0.00
i05,e09,c1,p10,l2,0.00
i05,e09,c1,p10,l3,0.00
i05,e09,c1,p11,l2,0.00
i05,e09,c1,p11,l3,3.33
i05,e09,c1,p12,l2,0.00
i05,e09,c1,p12,l3,0.00
i05,e09,c1,p13,l2,0.00
i05,e09,c1,p13,l3,0.00
i05,e09,c1,p14,l2,0.00
i05,e09,c1,p14,l3,0.00
i05,e09,c1,p15,l2,0.00
i05,e09,c1,p15,l3,1.47
i05,e09,c1,p16,l2,0.00
i05,e09,c1,p16,l3,0.00
i05,e09,c1,p17,l2,0.00
i05,e09,c1,p17,l3,0.00
i05,e09,c1,p18,l2,0.00
i05,e09,c1,p18,l3,0.00
i05,e09,c1,p19,l2,0.00
i05,e09,c1,p19,l3,0.00
i05,e09,c1,p20,l2,0.00
i05,e09,c1,p20,l3,0.00
i05,e09,c1,p21,l2,0.00
i05,e09,c1,p21,l3,0.00
i05,e09,c1,p22,l2,0.00
i05,e09,c1,p22,l3,0.00
i05,e09,c1,p23,l2,0.00
i05,e09,c1,p23,l3,0.00
i05,e09,c1,p24,l2,0.00
i05,e09,c1,p24,l3,0.00
i05,e09,c1,p25,l2,0.00
i05,e09,c1,p25,l3,0.00
i05,e09,c1,p26,l2,0.00
i05,e09,c1,p26,l3,0.00
i05,e09,c1,p27,l2,0.00
i05,e09,c1,p27,l3,0.00
i05,e09,c1,p28,l2,0.00
i05,e09,c1,p28,l3,0.00
i05,e09,c1,p29,l2,0.00
i05,e09,c1,p29,l3,0.00
i05,e09,c1,p30,l2,0.00
i05,e09,c1,p30,l3,0.00
i05,e09,c1,p31,l2,0.00
i05,e09,c1,p31,l3,0.00
i05,e09,c1,p32,l2,0.00
i05,e09,c1,p32,l3,0.00
i05,e09,c1,p33,l2,0.00
i05,e09,c1,p33,l3,0.00
i05,e09,c1,p34,l2,0.00
i05,e09,c1,p34,l3,0.00
i05,e09,c1,p35,l2,0.00
i05,e09,c1,p35,l3,2.05
i05,e09,c4,p01,l2,0.00
i05,e09,c4,p01,l3,0.00
i05,e09,c4,p02,l2,0.00
i05,e09,c4,p02,l3,0.00
i05,e09,c4,p03,l2,0.00
i05,e09,c4,p03,l3,0.00
i05,e09,c4,p04,l2,0.00
i05,e09,c4,p04,l3,0.00
i05,e09,c4,p05,l2,0.00
i05,e09,c4,p05,l3,0.00
i05,e09,c4,p06,l3,0.00
i05,e09,c4,p07,l2,0.00
i05,e09,c4,p07,l3,0.00
i05,e09,c4,p08,l2,0.00
i05,e09,c4,p08,l3,0.00
i05,e09,c4,p09,l2,0.00
i05,e09,c4,p09,l3,0.00
i05,e09,c4,p10,l2,0.00
i05,e09,c4,p10,l3,0.00
i05,e09,c4,p11,l2,0.00
i05,e09,c4,p11,l3,0.00
i05,e09,c4,p12,l2,0.00
i05,e09,c4,p12,l3,0.00
i05,e09,c4,p13,l2,0.00
i05,e09,c4,p13,l3,0.00
i05,e09,c4,p14,l2,0.00
i05,e09,c4,p14,l3,0.00
i05,e09,c4,p15,l2,0.00
i05,e09,c4,p15,l3,0.00
i05,e09,c4,p16,l2,0.00
i05,e09,c4,p16,l3,0.00
i05,e09,c4,p17,l2,0.00
i05,e09,c4,p17,l3,0.00
i05,e09,c4,p18,l3,0.00
i05,e09,c4,p19,l2,0.00
i05,e09,c4,p19,l3,0.00
i05,e09,c4,p20,l2,0.00
i05,e09,c4,p20,l3,0.00
i05,e09,c4,p21,l2,0.00
i05,e09,c4,p21,l3,0.00
i05,e09,c4,p22,l2,0.00
i05,e09,c4,p22,l3,0.00
i05,e09,c4,p23,l2,0.00
i05,e09,c4,p23,l3,0.00
i05,e09,c4,p24,l2,0.00
i05,e09,c4,p24,l3,0.00
i05,e09,c4,p25,l3,0.00
i05,e09,c4,p26,l3,0.00
i05,e09,c4,p28,l2,0.00
i05,e09,c4,p28,l3,0.00
i05,e09,c4,p29,l2,0.00
i05,e09,c4,p29,l3,0.00
i05,e09,c4,p30,l3,0.00
i05,e09,c4,p31,l3,0.00
i05,e09,c4,p32,l2,0.00
i05,e09,c4,p32,l3,0.00
i05,e09,c4,p33,l3,0.00
i05,e09,c4,p35,l2,0.00
i05,e09,c4,p35,l3,0.00
i05,e09,c7,p01,l3,0.00
i05,e09,c7,p03,l3,0.00
i05,e09,c7,p04,l3,0.00
i05,e09,c7,p05,l3,0.00
i05,e09,c7,p10,l2,0.00
i05,e09,c7,p10,l3,0.00
i05,e09,c7,p11,l3,0.00
i05,e09,c7,p12,l3,0.00
i05,e09,c7,p14,l3,0.00
i05,e09,c7,p17,l3,0.00
i05,e09,c7,p19,l3,0.00
i05,e09,c7,p24,l3,0.00
i05,e09,c7,p35,l2,0.00
i05,e09,c7,p35,l3,0.00
i05,e11,c1,p01,l2,0.00
i05,e11,c1,p01,l3,0.00
i05,e11,c1,p02,l2,0.00
i05,e11,c1,p02,l3,0.00
i05,e11,c1,p03,l2,0.00
i05,e11,c1,p03,l3,0.00
i05,e11,c1,p04,l2,0.00
i05,e11,c1,p04,l3,0.00
i05,e11,c1,p05,l2,0.00
i05,e11,c1,p05,l3,0.00
i05,e11,c1,p06,l2,0.00
i05,e11,c1,p06,l3,0.00
i05,e11,c1,p07,l2,0.00
i05,e11,c1,p07,l3,0.00
i05,e11,c1,p08,l2,0.00
i05,e11,c1,p08,l3,0.00
i05,e11,c1,p09,l2,0.00
i05,e11,c1,p09,l3,0.00
i05,e11,c1,p10,l2,0.00
i05,e11,c1,p10,l3,0.00
i05,e11,c1,p11,l2,0.00
i05,e11,c1,p11,l3,0.00
i05,e11,c1,p12,l2,0.00
i05,e11,c1,p12,l3,0.00
i05,e11,c1,p13,l2,0.00
i05,e11,c1,p13,l3,0.00
i05,e11,c1,p14,l2,0.00
i05,e11,c1,p14,l3,0.00
i05,e11,c1,p15,l2,0.00
i05,e11,c1,p15,l3,0.00
i05,e11,c1,p16,l2,0.00
i05,e11,c1,p16,l3,0.00
i05,e11,c1,p17,l2,0.00
i05,e11,c1,p17,l3,0.00
i05,e11,c1,p18,l2,0.00
i05,e11,c1,p18,l3,0.00
i05,e11,c1,p19,l2,0.00
i05,e11,c1,p19,l3,0.00
i05,e11,c1,p20,l2,0.00
i05,e11,c1,p20,l3,0.00
i05,e11,c1,p21,l2,0.00
i05,e11,c1,p21,l3,0.00
i05,e11,c1,p22,l2,0.00
i05,e11,c1,p22,l3,0.00
i05,e11,c1,p23,l2,0.00
i05,e11,c1,p23,l3,0.00
i05,e11,c1,p24,l2,0.00
i05,e11,c1,p24,l3,0.00
i05,e11,c1,p25,l2,0.00
i05,e11,c1,p25,l3,0.00
i05,e11,c1,p26,l2,0.00
i05,e11,c1,p26,l3,0.00
i05,e11,c1,p27,l2,0.00
i05,e11,c1,p27,l3,0.00
i05,e11,c1,p28,l2,0.00
i05,e11,c1,p28,l3,0.00
i05,e11,c1,p29,l2,0.00
i05,e11,c1,p29,l3,0.00
i05,e11,c1,p30,l2,0.00
i05,e11,c1,p30,l3,0.00
i05,e11,c1,p31,l2,0.00
i05,e11,c1,p31,l3,0.00
i05,e11,c1,p32,l2,0.00
i05,e11,c1,p32,l3,0.00
i05,e11,c1,p33,l2,0.00
i05,e11,c1,p33,l3,0.00
i05,e11,c1,p34,l2,0.00
i05,e11,c1,p34,l3,0.00
i05,e11,c1,p35,l2,0.00
i05,e11,c1,p35,l3,0.00
i05,e11,c4,p01,l2,0.00
i05,e11,c4,p01,l3,0.00
i05,e11,c4,p02,l2,0.00
i05,e11,c4,p02,l3,0.00
i05,e11,c4,p03,l2,0.00
i05,e11,c4,p03,l3,0.00
i05,e11,c4,p04,l2,0.00
i05,e11,c4,p04,l3,0.00
i05,e11,c4,p05,l2,0.00
i05,e11,c4,p05,l3,0.00
i05,e11,c4,p06,l3,0.00
i05,e11,c4,p07,l3,0.00
i05,e11,c4,p08,l3,0.00
i05,e11,c4,p09,l3,0.00
i05,e11,c4,p10,l2,0.00
i05,e11,c4,p10,l3,0.00
i05,e11,c4,p11,l2,0.00
i05,e11,c4,p11,l3,0.00
i05,e11,c4,p12,l3,0.00
i05,e11,c4,p13,l3,0.00
i05,e11,c4,p14,l3,0.00
i05,e11,c4,p15,l2,0.00
i05,e11,c4,p15,l3,0.00
i05,e11,c4,p16,l3,0.00
i05,e11,c4,p17,l2,0.00
i05,e11,c4,p17,l3,0.00
i05,e11,c4,p18,l3,0.00
i05,e11,c4,p19,l2,0.00
i05,e11,c4,p19,l3,0.00
i05,e11,c4,p21,l3,0.00
i05,e11,c4,p22,l3,0.00
i05,e11,c4,p23,l3,0.00
i05,e11,c4,p24,l3,0.00
i05,e11,c4,p29,l3,0.00
i05,e11,c4,p32,l3,0.00
i05,e11,c4,p35,l2,0.00
i05,e11,c4,p35,l3,0.00
i05,e11,c7,p17,l3,0.00
i05,e11,c7,p35,l3,0.00
i05,e12,c1,p01,l3,0.00
i05,e12,c1,p02,l3,0.00
i05,e12,c1,p03,l3,0.00
i05,e12,c1,p04,l3,0.00
i05,e12,c1,p05,l3,0.00
i05,e12,c1,p06,l3,0.00
i05,e12,c1,p07,l3,0.00
i05,e12,c1,p08,l3,0.00
i05,e12,c1,p09,l3,0.00
i05,e12,c1,p10,l3,14.10
i05,e12,c1,p11,l3,6.24
i05,e12,c1,p12,l3,0.00
i05,e12,c1,p13,l3,1.58
i05,e12,c1,p14,l3,0.00
i05,e12,c1,p15,l3,0.00
i05,e12,c1,p16,l3,0.00
i05,e12,c1,p17,l3,0.00
i05,e12,c1,p18,l3,0.00
i05,e12,c1,p19,l3,2.34
i05,e12,c1,p20,l3,0.00
i05,e12,c1,p21,l3,0.00
i05,e12,c1,p22,l3,0.00
i05,e12,c1,p23,l3,0.00
i05,e12,c1,p24,l3,5.99
i05,e12,c1,p25,l3,0.00
i05,e12,c1,p26,l3,0.00
i05,e12,c1,p27,l3,0.00
i05,e12,c1,p28,l3,0.00
i05,e12,c1,p29,l3,0.00
i05,e12,c1,p30,l3,0.00
i05,e12,c1,p31,l3,0.00
i05,e12,c1,p32,l3,0.00
i05,e12,c1,p33,l3,0.00
i05,e12,c1,p34,l3,0.00
i05,e12,c1,p35,l3,20.45
i05,e12,c4,p01,l3,0.00
i05,e12,c4,p02,l3,0.00
i05,e12,c4,p03,l3,0.00
i05,e12,c4,p04,l3,0.00
i05,e12,c4,p05,l3,0.00
i05,e12,c4,p06,l3,0.00
i05,e12,c4,p07,l3,0.00
i05,e12,c4,p08,l3,0.00
i05,e12,c4,p09,l3,0.00
i05,e12,c4,p10,l3,0.00
i05,e12,c4,p11,l3,0.00
i05,e12,c4,p12,l3,0.00
i05,e12,c4,p13,l3,0.00
i05,e12,c4,p14,l3,0.00
i05,e12,c4,p15,l3,0.00
i05,e12,c4,p16,l3,0.00
i05,e12,c4,p17,l3,0.00
i05,e12,c4,p18,l3,0.00
i05,e12,c4,p19,l3,0.00
i05,e12,c4,p20,l3,0.00
i05,e12,c4,p21,l3,0.00
i05,e12,c4,p22,l3,0.00
i05,e12,c4,p23,l3,0.00
i05,e12,c4,p24,l3,0.00
i05,e12,c4,p25,l3,0.00
i05,e12,c4,p26,l3,0.00
i05,e12,c4,p28,l3,0.00
i05,e12,c4,p29,l3,0.00
i05,e12,c4,p31,l3,0.00
i05,e12,c4,p32,l3,0.00
i05,e12,c4,p33,l3,0.00
i05,e12,c4,p35,l3,0.00
i05,e12,c7,p01,l3,0.00
i05,e12,c7,p02,l3,0.00
i05,e12,c7,p03,l3,0.00
i05,e12,c7,p04,l3,0.00
i05,e12,c7,p05,l3,0.00
i05,e12,c7,p06,l3,0.00
i05,e12,c7,p10,l3,0.00
i05,e12,c7,p11,l3,0.00
i05,e12,c7,p12,l3,0.00
i05,e12,c7,p13,l3,0.00
i05,e12,c7,p15,l3,0.00
i05,e12,c7,p16,l3,0.00
i05,e12,c7,p17,l3,0.00
i05,e12,c7,p18,l3,0.00
i05,e12,c7,p19,l3,0.00
i05,e12,c7,p24,l3,0.00
i05,e12,c7,p26,l3,0.00
i05,e12,c7,p35,l3,0.00
i05,e13,c1,p01,l3,0.00
i05,e13,c1,p02,l3,0.00
i05,e13,c1,p03,l3,0.00
i05,e13,c1,p04,l3,0.00
i05,e13,c1,p05,l3,0.00
i05,e13,c1,p06,l3,0.00
i05,e13,c1,p07,l3,0.00
i05,e13,c1,p08,l3,0.00
i05,e13,c1,p09,l3,0.00
i05,e13,c1,p10,l3,0.00
i05,e13,c1,p11,l3,0.00
i05,e13,c1,p12,l3,0.00
i05,e13,c1,p13,l3,0.00
i05,e13,c1,p14,l3,0.00
i05,e13,c1,p15,l3,0.00
i05,e13,c1,p16,l3,0.00
i05,e13,c1,p17,l3,0.00
i05,e13,c1,p18,l3,0.00
i05,e13,c1,p19,l3,0.00
i05,e13,c1,p20,l3,0.00
i05,e13,c1,p21,l3,0.00
i05,e13,c1,p22,l3,0.00
i05,e13,c1,p23,l3,0.00
i05,e13,c1,p24,l3,0.00
i05,e13,c1,p25,l3,0.00
i05,e13,c1,p26,l3,0.00
i05,e13,c1,p27,l3,0.00
i05,e13,c1,p28,l3,0.00
i05,e13,c1,p29,l3,0.00
i05,e13,c1,p30,l3,0.00
i05,e13,c1,p31,l3,0.00
i05,e13,c1,p32,l3,0.00
i05,e13,c1,p33,l3,0.00
i05,e13,c1,p34,l3,0.00
i05,e13,c1,p35,l3,0.00
i05,e13,c4,p01,l3,0.00
i05,e13,c4,p02,l3,0.00
i05,e13,c4,p03,l3,0.00
i05,e13,c4,p04,l3,0.00
i05,e13,c4,p05,l3,0.00
i05,e13,c4,p06,l3,0.00
i05,e13,c4,p07,l3,0.00
i05,e13,c4,p08,l3,0.00
i05,e13,c4,p09,l3,0.00
i05,e13,c4,p10,l3,0.00
i05,e13,c4,p11,l3,0.00
i05,e13,c4,p12,l3,0.00
i05,e13,c4,p13,l3,0.00
i05,e13,c4,p14,l3,0.00
i05,e13,c4,p15,l3,0.00
i05,e13,c4,p16,l3,0.00
i05,e13,c4,p17,l3,0.00
i05,e13,c4,p18,l3,0.00
i05,e13,c4,p19,l3,0.00
i05,e13,c4,p20,l3,0.00
i05,e13,c4,p21,l3,0.00
i05,e13,c4,p22,l3,0.00
i05,e13,c4,p24,l3,0.00
i05,e13,c4,p25,l3,0.00
i05,e13,c4,p26,l3,0.00
i05,e13,c4,p28,l3,0.00
i05,e13,c4,p29,l3,0.00
i05,e13,c4,p32,l3,0.00
i05,e13,c4,p35,l3,0.00
i05,e13,c7,p06,l3,0.00
i05,e13,c7,p10,l3,0.00
i05,e13,c7,p12,l3,0.00
i05,e13,c7,p15,l3,0.00
i05,e13,c7,p17,l3,0.00
i05,e13,c7,p35,l3,0.00
i06,e01,c3,p01,l2,0.00
i06,e01,c3,p01,l3,0.00
i06,e01,c3,p02,l3,0.00
i06,e01,c3,p02,l4,0.00
i06,e01,c3,p03,l3,0.00
i06,e01,c3,p03,l4,0.00
i06,e01,c3,p04,l2,0.00
i06,e01,c3,p04,l3,0.00
i06,e01,c3,p04,l4,0.00
i06,e01,c3,p05,l3,0.00
i06,e01,c3,p05,l4,0.00
i06,e01,c3,p06,l3,0.00
i06,e01,c3,p06,l4,0.00
i06,e01,c3,p07,l3,0.00
i06,e01,c3,p07,l4,0.00
i06,e01,c3,p08,l3,0.00
i06,e01,c3,p09,l3,0.00
i06,e01,c3,p10,l2,0.00
i06,e01,c3,p10,l3,0.00
i06,e01,c3,p10,l4,0.00
i06,e01,c3,p11,l2,0.00
i06,e01,c3,p11,l3,0.00
i06,e01,c3,p12,l3,0.00
i06,e01,c3,p13,l3,0.00
i06,e01,c3,p14,l2,0.00
i06,e01,c3,p14,l3,0.00
i06,e01,c3,p15,l3,0.00
i06,e01,c3,p15,l4,0.00
i06,e01,c3,p16,l3,0.00
i06,e01,c3,p16,l4,0.00
i06,e01,c3,p17,l3,0.00
i06,e01,c3,p17,l4,0.00
i06,e01,c3,p18,l2,0.00
i06,e01,c3,p18,l3,0.00
i06,e01,c3,p18,l4,0.00
i06,e01,c3,p19,l2,0.00
i06,e01,c3,p19,l3,8.04
i06,e01,c3,p19,l4,0.00
i06,e01,c3,p20,l3,0.00
i06,e01,c3,p21,l2,0.00
i06,e01,c3,p21,l3,0.00
i06,e01,c3,p21,l4,0.00
i06,e01,c3,p22,l3,0.00
i06,e01,c3,p22,l4,0.00
i06,e01,c3,p23,l3,0.00
i06,e01,c3,p23,l4,0.00
i06,e01,c3,p24,l3,0.00
i06,e01,c3,p25,l3,0.00
i06,e01,c3,p25,l4,0.00
i06,e01,c3,p26,l3,0.00
i06,e01,c3,p27,l3,0.00
i06,e01,c3,p28,l3,0.00
i06,e01,c3,p29,l3,0.00
i06,e01,c3,p30,l3,0.00
i06,e01,c3,p31,l3,0.00
i06,e01,c3,p32,l3,0.00
i06,e01,c3,p32,l4,0.00
i06,e01,c3,p33,l3,0.00
i06,e01,c3,p35,l2,0.00
i06,e01,c3,p35,l3,0.00
i06,e01,c3,p35,l4,0.00
i06,e01,c5,p01,l2,0.00
i06,e01,c5,p01,l3,6.31
i06,e01,c5,p01,l4,0.00
i06,e01,c5,p02,l2,0.00
i06,e01,c5,p02,l3,0.00
i06,e01,c5,p02,l4,0.00
i06,e01,c5,p03,l2,0.00
i06,e01,c5,p03,l3,2.07
i06,e01,c5,p03,l4,0.00
i06,e01,c5,p04,l2,0.00
i06,e01,c5,p04,l3,0.00
i06,e01,c5,p04,l4,0.00
i06,e01,c5,p05,l2,0.00
i06,e01,c5,p05,l3,38.09
i06,e01,c5,p05,l4,0.00
i06,e01,c5,p06,l2,0.00
i06,e01,c5,p06,l3,0.00
i06,e01,c5,p06,l4,0.00
i06,e01,c5,p07,l2,0.00
i06,e01,c5,p07,l3,6.26
i06,e01,c5,p07,l4,0.00
i06,e01,c5,p08,l2,0.00
i06,e01,c5,p08,l3,1.03
i06,e01,c5,p08,l4,0.00
i06,e01,c5,p09,l2,0.00
i06,e01,c5,p09,l3,3.36
i06,e01,c5,p09,l4,0.00
i06,e01,c5,p10,l2,0.00
i06,e01,c5,p10,l3,8.41
i06,e01,c5,p10,l4,0.00
i06,e01,c5,p11,l2,0.00
i06,e01,c5,p11,l3,14.37
i06,e01,c5,p11,l4,0.00
i06,e01,c5,p12,l2,0.00
i06,e01,c5,p12,l3,5.12
i06,e01,c5,p12,l4,0.00
i06,e01,c5,p13,l2,0.00
i06,e01,c5,p13,l3,11.00
i06,e01,c5,p13,l4,0.00
i06,e01,c5,p14,l2,0.00
i06,e01,c5,p14,l3,0.00
i06,e01,c5,p14,l4,0.00
i06,e01,c5,p15,l2,0.00
i06,e01,c5,p15,l3,6.17
i06,e01,c5,p15,l4,0.00
i06,e01,c5,p16,l2,0.00
i06,e01,c5,p16,l3,4.16
i06,e01,c5,p16,l4,0.00
i06,e01,c5,p17,l2,0.00
i06,e01,c5,p17,l3,5.08
i06,e01,c5,p17,l4,0.00
i06,e01,c5,p18,l2,0.00
i06,e01,c5,p18,l3,1.38
i06,e01,c5,p18,l4,0.00
i06,e01,c5,p19,l2,0.00
i06,e01,c5,p19,l3,14.43
i06,e01,c5,p19,l4,0.00
i06,e01,c5,p20,l2,0.00
i06,e01,c5,p20,l3,0.00
i06,e01,c5,p20,l4,0.00
i06,e01,c5,p21,l2,0.00
i06,e01,c5,p21,l3,4.32
i06,e01,c5,p21,l4,0.00
i06,e01,c5,p22,l2,0.00
i06,e01,c5,p22,l3,5.30
i06,e01,c5,p22,l4,0.00
i06,e01,c5,p23,l2,0.00
i06,e01,c5,p23,l3,13.30
i06,e01,c5,p23,l4,0.00
i06,e01,c5,p24,l2,0.00
i06,e01,c5,p24,l3,3.13
i06,e01,c5,p24,l4,0.00
i06,e01,c5,p25,l2,0.00
i06,e01,c5,p25,l3,9.56
i06,e01,c5,p25,l4,0.00
i06,e01,c5,p26,l2,0.00
i06,e01,c5,p26,l3,0.00
i06,e01,c5,p26,l4,0.00
i06,e01,c5,p27,l3,0.00
i06,e01,c5,p28,l2,0.00
i06,e01,c5,p28,l3,1.48
i06,e01,c5,p28,l4,0.00
i06,e01,c5,p29,l2,0.00
i06,e01,c5,p29,l3,4.06
i06,e01,c5,p29,l4,0.00
i06,e01,c5,p30,l2,0.00
i06,e01,c5,p30,l3,0.00
i06,e01,c5,p30,l4,0.00
i06,e01,c5,p31,l2,0.00
i06,e01,c5,p31,l3,4.28
i06,e01,c5,p31,l4,0.00
i06,e01,c5,p32,l2,0.00
i06,e01,c5,p32,l3,2.29
i06,e01,c5,p32,l4,0.00
i06,e01,c5,p33,l2,0.00
i06,e01,c5,p33,l3,0.00
i06,e01,c5,p33,l4,0.00
i06,e01,c5,p34,l3,0.00
i06,e01,c5,p35,l2,0.00
i06,e01,c5,p35,l3,5.05
i06,e01,c5,p35,l4,0.00
i06,e01,c8,p35,l3,0.00
i06,e02,c3,p01,l1,0.00
i06,e02,c3,p01,l3,0.00
i06,e02,c3,p02,l1,0.00
i06,e02,c3,p02,l3,0.00
i06,e02,c3,p03,l1,0.00
i06,e02,c3,p03,l3,0.00
i06,e02,c3,p04,l1,0.00
i06,e02,c3,p04,l3,0.00
i06,e02,c3,p05,l1,0.00
i06,e02,c3,p05,l3,0.00
i06,e02,c3,p06,l1,0.00
i06,e02,c3,p06,l3,0.00
i06,e02,c3,p07,l1,0.00
i06,e02,c3,p07,l3,0.00
i06,e02,c3,p08,l1,0.00
i06,e02,c3,p08,l3,0.00
i06,e02,c3,p09,l1,0.00
i06,e02,c3,p09,l3,0.00
i06,e02,c3,p10,l1,0.00
i06,e02,c3,p10,l3,0.00
i06,e02,c3,p11,l1,0.00
i06,e02,c3,p11,l3,0.00
i06,e02,c3,p12,l1,0.00
i06,e02,c3,p12,l3,0.00
i06,e02,c3,p13,l1,0.00
i06,e02,c3,p13,l3,0.00
i06,e02,c3,p14,l1,0.00
i06,e02,c3,p14,l3,0.00
i06,e02,c3,p15,l1,0.00
i06,e02,c3,p15,l3,0.00
i06,e02,c3,p16,l1,0.00
i06,e02,c3,p16,l3,0.00
i06,e02,c3,p17,l1,0.00
i06,e02,c3,p17,l3,0.00
i06,e02,c3,p18,l1,0.00
i06,e02,c3,p18,l3,0.00
i06,e02,c3,p19,l1,0.00
i06,e02,c3,p19,l3,0.00
i06,e02,c3,p20,l1,0.00
i06,e02,c3,p20,l3,0.00
i06,e02,c3,p21,l1,0.00
i06,e02,c3,p21,l3,0.00
i06,e02,c3,p22,l1,0.00
i06,e02,c3,p22,l3,0.00
i06,e02,c3,p23,l1,0.00
i06,e02,c3,p23,l3,0.00
i06,e02,c3,p24,l1,0.00
i06,e02,c3,p24,l3,0.00
i06,e02,c3,p25,l1,0.00
i06,e02,c3,p25,l3,0.00
i06,e02,c3,p26,l1,0.00
i06,e02,c3,p28,l1,0.00
i06,e02,c3,p28,l3,0.00
i06,e02,c3,p29,l1,0.00
i06,e02,c3,p29,l3,0.00
i06,e02,c3,p30,l1,0.00
i06,e02,c3,p31,l1,0.00
i06,e02,c3,p31,l3,0.00
i06,e02,c3,p32,l1,0.00
i06,e02,c3,p32,l3,0.00
i06,e02,c3,p33,l1,0.00
i06,e02,c3,p35,l1,0.00
i06,e02,c3,p35,l3,0.00
i06,e02,c5,p01,l1,0.00
i06,e02,c5,p01,l3,0.00
i06,e02,c5,p02,l1,0.00
i06,e02,c5,p02,l3,0.00
i06,e02,c5,p03,l1,0.00
i06,e02,c5,p03,l3,0.00
i06,e02,c5,p04,l1,0.00
i06,e02,c5,p04,l3,0.00
i06,e02,c5,p05,l1,0.00
i06,e02,c5,p05,l3,0.00
i06,e02,c5,p06,l1,0.00
i06,e02,c5,p06,l3,0.00
i06,e02,c5,p07,l1,0.00
i06,e02,c5,p07,l3,2.51
i06,e02,c5,p08,l1,0.00
i06,e02,c5,p08,l3,0.00
i06,e02,c5,p09,l1,0.00
i06,e02,c5,p09,l3,0.00
i06,e02,c5,p10,l1,0.00
i06,e02,c5,p10,l3,1.48
i06,e02,c5,p11,l1,0.00
i06,e02,c5,p11,l3,0.00
i06,e02,c5,p12,l1,0.00
i06,e02,c5,p12,l3,0.00
i06,e02,c5,p13,l1,0.00
i06,e02,c5,p13,l3,0.00
i06,e02,c5,p14,l1,0.00
i06,e02,c5,p14,l3,0.00
i06,e02,c5,p15,l1,0.00
i06,e02,c5,p15,l3,0.00
i06,e02,c5,p16,l1,0.00
i06,e02,c5,p16,l3,0.00
i06,e02,c5,p17,l1,0.00
i06,e02,c5,p17,l3,0.00
i06,e02,c5,p18,l1,0.00
i06,e02,c5,p18,l3,0.00
i06,e02,c5,p19,l1,0.00
i06,e02,c5,p19,l3,0.00
i06,e02,c5,p20,l1,0.00
i06,e02,c5,p20,l3,0.00
i06,e02,c5,p21,l1,0.00
i06,e02,c5,p21,l3,0.00
i06,e02,c5,p22,l1,0.00
i06,e02,c5,p22,l3,0.00
i06,e02,c5,p23,l1,0.00
i06,e02,c5,p23,l3,0.00
i06,e02,c5,p24,l1,0.00
i06,e02,c5,p24,l3,0.00
i06,e02,c5,p25,l1,0.00
i06,e02,c5,p25,l3,0.00
i06,e02,c5,p26,l1,0.00
i06,e02,c5,p26,l3,0.00
i06,e02,c5,p28,l1,0.00
i06,e02,c5,p28,l3,0.00
i06,e02,c5,p29,l1,0.00
i06,e02,c5,p29,l3,1.01
i06,e02,c5,p30,l1,0.00
i06,e02,c5,p30,l3,0.00
i06,e02,c5,p31,l1,0.00
i06,e02,c5,p31,l3,0.00
i06,e02,c5,p32,l1,0.00
i06,e02,c5,p32,l3,0.00
i06,e02,c5,p33,l1,0.00
i06,e02,c5,p33,l3,0.00
i06,e02,c5,p35,l1,0.00
i06,e02,c5,p35,l3,0.00
i06,e02,c8,p35,l3,0.00
i06,e04,c3,p01,l1,0.00
i06,e04,c3,p01,l3,0.00
i06,e04,c3,p01,l4,0.00
i06,e04,c3,p02,l1,0.00
i06,e04,c3,p02,l3,0.00
i06,e04,c3,p02,l4,0.00
i06,e04,c3,p03,l1,0.00
i06,e04,c3,p03,l3,0.00
i06,e04,c3,p03,l4,0.00
i06,e04,c3,p04,l1,0.00
i06,e04,c3,p04,l2,0.00
i06,e04,c3,p04,l3,0.00
i06,e04,c3,p04,l4,0.00
i06,e04,c3,p05,l1,0.00
i06,e04,c3,p05,l3,0.00
i06,e04,c3,p05,l4,0.00
i06,e04,c3,p06,l1,0.00
i06,e04,c3,p06,l3,0.00
i06,e04,c3,p06,l4,0.00
i06,e04,c3,p07,l1,0.00
i06,e04,c3,p07,l2,0.00
i06,e04,c3,p07,l3,0.00
i06,e04,c3,p07,l4,0.00
i06,e04,c3,p08,l1,0.00
i06,e04,c3,p08,l3,0.00
i06,e04,c3,p08,l4,0.00
i06,e04,c3,p09,l1,0.00
i06,e04,c3,p09,l2,0.00
i06,e04,c3,p09,l3,0.00
i06,e04,c3,p09,l4,0.00
i06,e04,c3,p10,l1,0.00
i06,e04,c3,p10,l2,0.00
i06,e04,c3,p10,l3,0.00
i06,e04,c3,p10,l4,0.00
i06,e04,c3,p11,l1,0.00
i06,e04,c3,p11,l2,0.00
i06,e04,c3,p11,l3,0.00
i06,e04,c3,p11,l4,0.00
i06,e04,c3,p12,l1,0.00
i06,e04,c3,p12,l3,0.00
i06,e04,c3,p12,l4,0.00
i06,e04,c3,p13,l1,0.00
i06,e04,c3,p13,l2,0.00
i06,e04,c3,p13,l3,0.00
i06,e04,c3,p13,l4,0.00
i06,e04,c3,p14,l1,0.00
i06,e04,c3,p14,l3,0.00
i06,e04,c3,p14,l4,0.00
i06,e04,c3,p15,l1,0.00
i06,e04,c3,p15,l3,0.00
i06,e04,c3,p15,l4,0.00
i06,e04,c3,p16,l1,0.00
i06,e04,c3,p16,l3,0.00
i06,e04,c3,p16,l4,0.00
i06,e04,c3,p17,l1,0.00
i06,e04,c3,p17,l3,0.00
i06,e04,c3,p17,l4,0.00
i06,e04,c3,p18,l1,0.00
i06,e04,c3,p18,l3,0.00
i06,e04,c3,p18,l4,0.00
i06,e04,c3,p19,l1,0.00
i06,e04,c3,p19,l2,0.00
i06,e04,c3,p19,l3,0.00
i06,e04,c3,p19,l4,0.00
i06,e04,c3,p20,l1,0.00
i06,e04,c3,p20,l3,0.00
i06,e04,c3,p20,l4,0.00
i06,e04,c3,p21,l1,0.00
i06,e04,c3,p21,l2,0.00
i06,e04,c3,p21,l3,0.00
i06,e04,c3,p21,l4,0.00
i06,e04,c3,p22,l1,0.00
i06,e04,c3,p22,l3,0.00
i06,e04,c3,p22,l4,0.00
i06,e04,c3,p23,l1,0.00
i06,e04,c3,p23,l3,0.00
i06,e04,c3,p23,l4,0.00
i06,e04,c3,p24,l1,0.00
i06,e04,c3,p24,l3,0.00
i06,e04,c3,p24,l4,0.00
i06,e04,c3,p25,l1,0.00
i06,e04,c3,p25,l3,0.00
i06,e04,c3,p25,l4,0.00
i06,e04,c3,p26,l1,0.00
i06,e04,c3,p26,l3,0.00
i06,e04,c3,p26,l4,0.00
i06,e04,c3,p27,l1,0.00
i06,e04,c3,p27,l3,0.00
i06,e04,c3,p28,l1,0.00
i06,e04,c3,p28,l3,0.00
i06,e04,c3,p28,l4,0.00
i06,e04,c3,p29,l1,0.00
i06,e04,c3,p29,l3,2.34
i06,e04,c3,p29,l4,0.00
i06,e04,c3,p30,l1,0.00
i06,e04,c3,p30,l3,0.00
i06,e04,c3,p30,l4,0.00
i06,e04,c3,p31,l1,0.00
i06,e04,c3,p31,l3,0.00
i06,e04,c3,p31,l4,0.00
i06,e04,c3,p32,l1,0.00
i06,e04,c3,p32,l3,0.00
i06,e04,c3,p32,l4,0.00
i06,e04,c3,p33,l1,0.00
i06,e04,c3,p33,l3,0.00
i06,e04,c3,p35,l1,0.00
i06,e04,c3,p35,l2,0.00
i06,e04,c3,p35,l3,1.54
i06,e04,c3,p35,l4,0.00
i06,e04,c5,p01,l1,0.00
i06,e04,c5,p01,l2,0.00
i06,e04,c5,p01,l3,23.22
i06,e04,c5,p01,l4,0.00
i06,e04,c5,p02,l1,0.00
i06,e04,c5,p02,l2,0.00
i06,e04,c5,p02,l3,2.44
i06,e04,c5,p02,l4,0.00
i06,e04,c5,p03,l1,0.00
i06,e04,c5,p03,l2,0.00
i06,e04,c5,p03,l3,18.45
i06,e04,c5,p03,l4,0.00
i06,e04,c5,p04,l1,0.00
i06,e04,c5,p04,l2,0.00
i06,e04,c5,p04,l3,6.38
i06,e04,c5,p04,l4,0.00
i06,e04,c5,p05,l1,0.00
i06,e04,c5,p05,l2,0.00
i06,e04,c5,p05,l3,10.61
i06,e04,c5,p05,l4,0.00
i06,e04,c5,p06,l1,0.00
i06,e04,c5,p06,l2,0.00
i06,e04,c5,p06,l3,15.93
i06,e04,c5,p06,l4,0.00
i06,e04,c5,p07,l1,0.00
i06,e04,c5,p07,l2,0.00
i06,e04,c5,p07,l3,24.10
i06,e04,c5,p07,l4,0.00
i06,e04,c5,p08,l1,0.00
i06,e04,c5,p08,l2,0.00
i06,e04,c5,p08,l3,1.32
i06,e04,c5,p08,l4,0.00
i06,e04,c5,p09,l1,0.00
i06,e04,c5,p09,l2,0.00
i06,e04,c5,p09,l3,1.99
i06,e04,c5,p09,l4,0.00
i06,e04,c5,p10,l1,0.00
i06,e04,c5,p10,l2,0.00
i06,e04,c5,p10,l3,39.77
i06,e04,c5,p10,l4,0.00
i06,e04,c5,p11,l1,0.00
i06,e04,c5,p11,l2,0.00
i06,e04,c5,p11,l3,13.14
i06,e04,c5,p11,l4,0.00
i06,e04,c5,p12,l1,0.00
i06,e04,c5,p12,l2,0.00
i06,e04,c5,p12,l3,15.33
i06,e04,c5,p12,l4,0.00
i06,e04,c5,p13,l1,0.00
i06,e04,c5,p13,l2,0.00
i06,e04,c5,p13,l3,9.73
i06,e04,c5,p13,l4,0.00
i06,e04,c5,p14,l1,0.00
i06,e04,c5,p14,l2,0.00
i06,e04,c5,p14,l3,84.21
i06,e04,c5,p14,l4,0.00
i06,e04,c5,p15,l1,0.00
i06,e04,c5,p15,l2,0.00
i06,e04,c5,p15,l3,29.54
i06,e04,c5,p15,l4,0.00
i06,e04,c5,p16,l1,0.00
i06,e04,c5,p16,l2,0.00
i06,e04,c5,p16,l3,26.16
i06,e04,c5,p16,l4,0.00
i06,e04,c5,p17,l1,0.00
i06,e04,c5,p17,l2,0.00
i06,e04,c5,p17,l3,8.21
i06,e04,c5,p17,l4,0.00
i06,e04,c5,p18,l1,0.00
i06,e04,c5,p18,l2,0.00
i06,e04,c5,p18,l3,8.42
i06,e04,c5,p18,l4,0.00
i06,e04,c5,p19,l1,0.00
i06,e04,c5,p19,l2,0.00
i06,e04,c5,p19,l3,27.68
i06,e04,c5,p19,l4,0.00
i06,e04,c5,p20,l1,0.00
i06,e04,c5,p20,l2,0.00
i06,e04,c5,p20,l3,0.00
i06,e04,c5,p20,l4,0.00
i06,e04,c5,p21,l1,0.00
i06,e04,c5,p21,l2,0.00
i06,e04,c5,p21,l3,13.90
i06,e04,c5,p21,l4,0.00
i06,e04,c5,p22,l1,0.00
i06,e04,c5,p22,l2,0.00
i06,e04,c5,p22,l3,1.42
i06,e04,c5,p22,l4,0.00
i06,e04,c5,p23,l1,0.00
i06,e04,c5,p23,l2,0.00
i06,e04,c5,p23,l3,13.18
i06,e04,c5,p23,l4,0.00
i06,e04,c5,p24,l1,0.00
i06,e04,c5,p24,l2,0.00
i06,e04,c5,p24,l3,8.45
i06,e04,c5,p24,l4,0.00
i06,e04,c5,p25,l1,0.00
i06,e04,c5,p25,l2,0.00
i06,e04,c5,p25,l3,10.32
i06,e04,c5,p25,l4,0.00
i06,e04,c5,p26,l1,0.00
i06,e04,c5,p26,l2,0.00
i06,e04,c5,p26,l3,0.00
i06,e04,c5,p26,l4,0.00
i06,e04,c5,p27,l1,0.00
i06,e04,c5,p27,l3,0.00
i06,e04,c5,p27,l4,0.00
i06,e04,c5,p28,l1,0.00
i06,e04,c5,p28,l2,0.00
i06,e04,c5,p28,l3,2.32
i06,e04,c5,p28,l4,0.00
i06,e04,c5,p29,l1,0.00
i06,e04,c5,p29,l2,0.00
i06,e04,c5,p29,l3,19.26
i06,e04,c5,p29,l4,0.00
i06,e04,c5,p30,l1,0.00
i06,e04,c5,p30,l2,0.00
i06,e04,c5,p30,l3,0.00
i06,e04,c5,p30,l4,0.00
i06,e04,c5,p31,l1,0.00
i06,e04,c5,p31,l2,0.00
i06,e04,c5,p31,l3,0.00
i06,e04,c5,p31,l4,0.00
i06,e04,c5,p32,l1,0.00
i06,e04,c5,p32,l2,0.00
i06,e04,c5,p32,l3,5.61
i06,e04,c5,p32,l4,0.00
i06,e04,c5,p33,l1,0.00
i06,e04,c5,p33,l3,0.00
i06,e04,c5,p33,l4,0.00
i06,e04,c5,p34,l1,0.00
i06,e04,c5,p34,l3,0.00
i06,e04,c5,p35,l1,0.00
i06,e04,c5,p35,l2,0.00
i06,e04,c5,p35,l3,11.13
i06,e04,c5,p35,l4,0.00
i06,e04,c8,p10,l3,0.00
i06,e04,c8,p35,l1,0.00
i06,e04,c8,p35,l3,0.00
i06,e05,c3,p01,l1,0.00
i06,e05,c3,p01,l3,0.00
i06,e05,c3,p02,l1,0.00
i06,e05,c3,p02,l3,0.00
i06,e05,c3,p03,l1,0.00
i06,e05,c3,p03,l3,0.00
i06,e05,c3,p04,l1,0.00
i06,e05,c3,p04,l3,0.00
i06,e05,c3,p05,l1,0.00
i06,e05,c3,p05,l3,0.00
i06,e05,c3,p06,l1,0.00
i06,e05,c3,p06,l3,0.00
i06,e05,c3,p07,l1,0.00
i06,e05,c3,p07,l3,0.00
i06,e05,c3,p08,l1,0.00
i06,e05,c3,p08,l3,0.00
i06,e05,c3,p09,l1,0.00
i06,e05,c3,p09,l3,0.00
i06,e05,c3,p10,l1,0.00
i06,e05,c3,p10,l3,0.00
i06,e05,c3,p11,l1,0.00
i06,e05,c3,p11,l3,0.00
i06,e05,c3,p12,l1,0.00
i06,e05,c3,p12,l3,0.00
i06,e05,c3,p13,l1,0.00
i06,e05,c3,p13,l3,0.00
i06,e05,c3,p14,l1,0.00
i06,e05,c3,p14,l3,0.00
i06,e05,c3,p15,l1,0.00
i06,e05,c3,p15,l3,0.00
i06,e05,c3,p16,l1,0.00
i06,e05,c3,p16,l3,0.00
i06,e05,c3,p17,l1,0.00
i06,e05,c3,p17,l3,0.00
i06,e05,c3,p18,l1,0.00
i06,e05,c3,p18,l3,0.00
i06,e05,c3,p19,l1,0.00
i06,e05,c3,p19,l3,0.00
i06,e05,c3,p20,l1,0.00
i06,e05,c3,p20,l3,0.00
i06,e05,c3,p21,l1,0.00
i06,e05,c3,p21,l3,0.00
i06,e05,c3,p22,l1,0.00
i06,e05,c3,p22,l3,0.00
i06,e05,c3,p23,l1,0.00
i06,e05,c3,p23,l3,0.00
i06,e05,c3,p24,l1,0.00
i06,e05,c3,p24,l3,0.00
i06,e05,c3,p25,l1,0.00
i06,e05,c3,p25,l3,0.00
i06,e05,c3,p26,l1,0.00
i06,e05,c3,p26,l3,0.00
i06,e05,c3,p27,l1,0.00
i06,e05,c3,p28,l1,0.00
i06,e05,c3,p28,l3,0.00
i06,e05,c3,p29,l1,0.00
i06,e05,c3,p29,l3,0.00
i06,e05,c3,p30,l1,0.00
i06,e05,c3,p30,l3,0.00
i06,e05,c3,p31,l1,0.00
i06,e05,c3,p31,l3,0.00
i06,e05,c3,p32,l1,0.00
i06,e05,c3,p32,l3,0.00
i06,e05,c3,p33,l1,0.00
i06,e05,c3,p35,l1,0.00
i06,e05,c3,p35,l3,0.00
i06,e05,c5,p01,l1,0.00
i06,e05,c5,p01,l3,0.00
i06,e05,c5,p02,l1,0.00
i06,e05,c5,p02,l3,0.00
i06,e05,c5,p03,l1,0.00
i06,e05,c5,p03,l3,0.00
i06,e05,c5,p04,l1,0.00
i06,e05,c5,p04,l3,0.00
i06,e05,c5,p05,l1,0.00
i06,e05,c5,p05,l3,0.00
i06,e05,c5,p06,l1,1.11
i06,e05,c5,p06,l3,0.00
i06,e05,c5,p07,l1,1.26
i06,e05,c5,p07,l3,0.00
i06,e05,c5,p08,l1,0.00
i06,e05,c5,p08,l3,0.00
i06,e05,c5,p09,l1,0.00
i06,e05,c5,p09,l3,0.00
i06,e05,c5,p10,l1,2.58
i06,e05,c5,p10,l3,0.00
i06,e05,c5,p11,l1,0.00
i06,e05,c5,p11,l3,0.00
i06,e05,c5,p12,l1,0.00
i06,e05,c5,p12,l3,0.00
i06,e05,c5,p13,l1,0.00
i06,e05,c5,p13,l3,0.00
i06,e05,c5,p14,l1,0.00
i06,e05,c5,p14,l3,0.00
i06,e05,c5,p15,l1,0.00
i06,e05,c5,p15,l3,0.00
i06,e05,c5,p16,l1,0.00
i06,e05,c5,p16,l3,0.00
i06,e05,c5,p17,l1,0.00
i06,e05,c5,p17,l3,0.00
i06,e05,c5,p18,l1,0.00
i06,e05,c5,p18,l3,0.00
i06,e05,c5,p19,l1,0.00
i06,e05,c5,p19,l3,0.00
i06,e05,c5,p20,l1,0.00
i06,e05,c5,p20,l3,0.00
i06,e05,c5,p21,l1,2.52
i06,e05,c5,p21,l3,0.00
i06,e05,c5,p22,l1,0.00
i06,e05,c5,p22,l3,0.00
i06,e05,c5,p23,l1,0.00
i06,e05,c5,p23,l3,0.00
i06,e05,c5,p24,l1,0.00
i06,e05,c5,p24,l3,0.00
i06,e05,c5,p25,l1,0.00
i06,e05,c5,p25,l3,0.00
i06,e05,c5,p26,l1,0.00
i06,e05,c5,p26,l3,0.00
i06,e05,c5,p27,l1,0.00
i06,e05,c5,p28,l1,0.00
i06,e05,c5,p28,l3,0.00
i06,e05,c5,p29,l1,0.00
i06,e05,c5,p29,l3,0.00
i06,e05,c5,p30,l1,0.00
i06,e05,c5,p30,l3,0.00
i06,e05,c5,p31,l1,0.00
i06,e05,c5,p31,l3,0.00
i06,e05,c5,p32,l1,0.00
i06,e05,c5,p32,l3,0.00
i06,e05,c5,p33,l1,0.00
i06,e05,c5,p33,l3,0.00
i06,e05,c5,p34,l1,0.00
i06,e05,c5,p35,l1,1.25
i06,e05,c5,p35,l3,0.00
i06,e05,c8,p10,l1,0.00
i06,e05,c8,p10,l3,0.00
i06,e05,c8,p32,l3,0.00
i06,e05,c8,p35,l1,0.00
i06,e05,c8,p35,l3,0.00
i06,e06,c5,p01,l1,0.00
i06,e06,c5,p01,l3,0.00
i06,e06,c5,p03,l1,0.00
i06,e06,c5,p03,l3,0.00
i06,e06,c5,p04,l3,0.00
i06,e06,c5,p05,l1,0.00
i06,e06,c5,p05,l3,0.00
i06,e06,c5,p06,l1,0.00
i06,e06,c5,p06,l3,0.00
i06,e06,c5,p07,l1,0.00
i06,e06,c5,p07,l3,0.00
i06,e06,c5,p09,l3,0.00
i06,e06,c5,p10,l1,0.00
i06,e06,c5,p10,l3,0.00
i06,e06,c5,p11,l1,0.00
i06,e06,c5,p12,l1,0.00
i06,e06,c5,p15,l1,0.00
i06,e06,c5,p15,l3,0.00
i06,e06,c5,p16,l3,0.00
i06,e06,c5,p17,l1,0.00
i06,e06,c5,p17,l3,0.00
i06,e06,c5,p19,l1,0.00
i06,e06,c5,p19,l3,0.00
i06,e06,c5,p21,l1,0.00
i06,e06,c5,p21,l3,0.00
i06,e06,c5,p25,l3,0.00
i06,e06,c5,p32,l1,0.00
i06,e06,c5,p32,l3,0.00
i06,e06,c5,p35,l1,0.00
i06,e07,c3,p01,l2,0.00
i06,e07,c3,p01,l3,0.00
i06,e07,c3,p02,l2,0.00
i06,e07,c3,p02,l3,0.00
i06,e07,c3,p03,l2,0.00
i06,e07,c3,p03,l3,0.00
i06,e07,c3,p04,l2,0.00
i06,e07,c3,p04,l3,0.00
i06,e07,c3,p05,l2,0.00
i06,e07,c3,p05,l3,0.00
i06,e07,c3,p06,l2,0.00
i06,e07,c3,p06,l3,0.00
i06,e07,c3,p07,l2,0.00
i06,e07,c3,p07,l3,0.00
i06,e07,c3,p08,l2,0.00
i06,e07,c3,p08,l3,0.00
i06,e07,c3,p09,l2,0.00
i06,e07,c3,p09,l3,0.00
i06,e07,c3,p10,l2,0.00
i06,e07,c3,p10,l3,0.00
i06,e07,c3,p11,l2,0.00
i06,e07,c3,p11,l3,0.00
i06,e07,c3,p12,l2,0.00
i06,e07,c3,p12,l3,0.00
i06,e07,c3,p13,l2,0.00
i06,e07,c3,p13,l3,0.00
i06,e07,c3,p14,l2,0.00
i06,e07,c3,p14,l3,0.00
i06,e07,c3,p15,l2,0.00
i06,e07,c3,p15,l3,0.00
i06,e07,c3,p16,l2,0.00
i06,e07,c3,p16,l3,0.00
i06,e07,c3,p17,l2,0.00
i06,e07,c3,p17,l3,0.00
i06,e07,c3,p18,l2,0.00
i06,e07,c3,p18,l3,0.00
i06,e07,c3,p19,l2,0.00
i06,e07,c3,p19,l3,0.00
i06,e07,c3,p20,l2,0.00
i06,e07,c3,p20,l3,0.00
i06,e07,c3,p21,l2,0.00
i06,e07,c3,p21,l3,0.00
i06,e07,c3,p22,l2,0.00
i06,e07,c3,p22,l3,0.00
i06,e07,c3,p23,l2,0.00
i06,e07,c3,p23,l3,0.00
i06,e07,c3,p24,l2,0.00
i06,e07,c3,p24,l3,0.00
i06,e07,c3,p25,l2,0.00
i06,e07,c3,p25,l3,0.00
i06,e07,c3,p26,l2,0.00
i06,e07,c3,p26,l3,0.00
i06,e07,c3,p28,l2,0.00
i06,e07,c3,p28,l3,0.00
i06,e07,c3,p29,l2,0.00
i06,e07,c3,p29,l3,0.00
i06,e07,c3,p30,l3,0.00
i06,e07,c3,p31,l2,0.00
i06,e07,c3,p31,l3,0.00
i06,e07,c3,p32,l2,0.00
i06,e07,c3,p32,l3,0.00
i06,e07,c3,p35,l2,0.00
i06,e07,c3,p35,l3,0.00
i06,e07,c5,p01,l1,0.00
i06,e07,c5,p01,l2,0.00
i06,e07,c5,p01,l3,0.00
i06,e07,c5,p02,l2,0.00
i06,e07,c5,p02,l3,0.00
i06,e07,c5,p03,l1,0.00
i06,e07,c5,p03,l2,0.00
i06,e07,c5,p03,l3,2.24
i06,e07,c5,p04,l2,0.00
i06,e07,c5,p04,l3,0.00
i06,e07,c5,p05,l2,0.00
i06,e07,c5,p05,l3,0.00
i06,e07,c5,p06,l2,0.00
i06,e07,c5,p06,l3,0.00
i06,e07,c5,p07,l2,0.00
i06,e07,c5,p07,l3,1.63
i06,e07,c5,p08,l2,0.00
i06,e07,c5,p08,l3,0.00
i06,e07,c5,p09,l2,0.00
i06,e07,c5,p09,l3,0.00
i06,e07,c5,p10,l2,0.00
i06,e07,c5,p10,l3,2.63
i06,e07,c5,p11,l1,0.00
i06,e07,c5,p11,l2,0.00
i06,e07,c5,p11,l3,0.00
i06,e07,c5,p12,l2,0.00
i06,e07,c5,p12,l3,0.00
i06,e07,c5,p13,l2,0.00
i06,e07,c5,p13,l3,0.00
i06,e07,c5,p14,l2,0.00
i06,e07,c5,p14,l3,0.00
i06,e07,c5,p15,l2,0.00
i06,e07,c5,p15,l3,0.00
i06,e07,c5,p16,l2,0.00
i06,e07,c5,p16,l3,0.00
i06,e07,c5,p17,l2,0.00
i06,e07,c5,p17,l3,0.00
i06,e07,c5,p18,l2,0.00
i06,e07,c5,p18,l3,0.00
i06,e07,c5,p19,l1,0.00
i06,e07,c5,p19,l2,0.00
i06,e07,c5,p19,l3,8.08
i06,e07,c5,p20,l2,0.00
i06,e07,c5,p20,l3,0.00
i06,e07,c5,p21,l2,0.00
i06,e07,c5,p21,l3,0.00
i06,e07,c5,p22,l2,0.00
i06,e07,c5,p22,l3,0.00
i06,e07,c5,p23,l2,0.00
i06,e07,c5,p23,l3,0.00
i06,e07,c5,p24,l2,0.00
i06,e07,c5,p24,l3,0.00
i06,e07,c5,p25,l2,0.00
i06,e07,c5,p25,l3,0.00
i06,e07,c5,p26,l2,0.00
i06,e07,c5,p26,l3,0.00
i06,e07,c5,p28,l1,0.00
i06,e07,c5,p28,l2,0.00
i06,e07,c5,p28,l3,0.00
i06,e07,c5,p29,l2,0.00
i06,e07,c5,p29,l3,0.00
i06,e07,c5,p30,l2,0.00
i06,e07,c5,p30,l3,0.00
i06,e07,c5,p31,l2,0.00
i06,e07,c5,p31,l3,0.00
i06,e07,c5,p32,l2,0.00
i06,e07,c5,p32,l3,0.00
i06,e07,c5,p33,l2,0.00
i06,e07,c5,p33,l3,0.00
i06,e07,c5,p35,l1,0.00
i06,e07,c5,p35,l2,0.00
i06,e07,c5,p35,l3,0.00
i06,e08,c3,p01,l1,0.00
i06,e08,c3,p01,l2,0.00
i06,e08,c3,p01,l3,0.00
i06,e08,c3,p01,l4,0.00
i06,e08,c3,p02,l1,0.00
i06,e08,c3,p02,l2,0.00
i06,e08,c3,p02,l3,0.00
i06,e08,c3,p02,l4,0.00
i06,e08,c3,p03,l1,0.00
i06,e08,c3,p03,l2,0.00
i06,e08,c3,p03,l3,0.00
i06,e08,c3,p03,l4,0.00
i06,e08,c3,p04,l1,0.00
i06,e08,c3,p04,l2,0.00
i06,e08,c3,p04,l3,0.00
i06,e08,c3,p04,l4,0.00
i06,e08,c3,p05,l1,0.00
i06,e08,c3,p05,l2,0.00
i06,e08,c3,p05,l3,0.00
i06,e08,c3,p05,l4,0.00
i06,e08,c3,p06,l1,0.00
i06,e08,c3,p06,l2,0.00
i06,e08,c3,p06,l3,0.00
i06,e08,c3,p06,l4,0.00
i06,e08,c3,p07,l2,0.00
i06,e08,c3,p07,l3,0.00
i06,e08,c3,p07,l4,1.32
i06,e08,c3,p08,l2,0.00
i06,e08,c3,p08,l3,0.00
i06,e08,c3,p08,l4,0.00
i06,e08,c3,p09,l1,0.00
i06,e08,c3,p09,l2,0.00
i06,e08,c3,p09,l3,0.00
i06,e08,c3,p09,l4,0.00
i06,e08,c3,p10,l1,0.00
i06,e08,c3,p10,l2,0.00
i06,e08,c3,p10,l3,0.00
i06,e08,c3,p10,l4,3.35
i06,e08,c3,p11,l1,0.00
i06,e08,c3,p11,l2,0.00
i06,e08,c3,p11,l3,0.00
i06,e08,c3,p11,l4,0.00
i06,e08,c3,p12,l1,0.00
i06,e08,c3,p12,l2,0.00
i06,e08,c3,p12,l3,0.00
i06,e08,c3,p12,l4,0.00
i06,e08,c3,p13,l1,0.00
i06,e08,c3,p13,l2,0.00
i06,e08,c3,p13,l3,2.12
i06,e08,c3,p13,l4,1.28
i06,e08,c3,p14,l1,0.00
i06,e08,c3,p14,l2,0.00
i06,e08,c3,p14,l3,0.00
i06,e08,c3,p14,l4,0.00
i06,e08,c3,p15,l1,0.00
i06,e08,c3,p15,l2,0.00
i06,e08,c3,p15,l3,0.00
i06,e08,c3,p15,l4,0.00
i06,e08,c3,p16,l1,0.00
i06,e08,c3,p16,l2,0.00
i06,e08,c3,p16,l3,0.00
i06,e08,c3,p16,l4,0.00
i06,e08,c3,p17,l1,0.00
i06,e08,c3,p17,l2,0.00
i06,e08,c3,p17,l3,0.00
i06,e08,c3,p17,l4,0.00
i06,e08,c3,p18,l1,0.00
i06,e08,c3,p18,l2,0.00
i06,e08,c3,p18,l3,0.00
i06,e08,c3,p18,l4,0.00
i06,e08,c3,p19,l1,0.00
i06,e08,c3,p19,l2,0.00
i06,e08,c3,p19,l3,3.12
i06,e08,c3,p19,l4,1.55
i06,e08,c3,p20,l2,0.00
i06,e08,c3,p20,l3,0.00
i06,e08,c3,p20,l4,0.00
i06,e08,c3,p21,l1,0.00
i06,e08,c3,p21,l2,0.00
i06,e08,c3,p21,l3,0.00
i06,e08,c3,p21,l4,0.00
i06,e08,c3,p22,l1,0.00
i06,e08,c3,p22,l2,0.00
i06,e08,c3,p22,l3,0.00
i06,e08,c3,p22,l4,0.00
i06,e08,c3,p23,l1,0.00
i06,e08,c3,p23,l2,0.00
i06,e08,c3,p23,l3,0.00
i06,e08,c3,p23,l4,0.00
i06,e08,c3,p24,l1,0.00
i06,e08,c3,p24,l2,0.00
i06,e08,c3,p24,l3,0.00
i06,e08,c3,p24,l4,0.00
i06,e08,c3,p25,l2,0.00
i06,e08,c3,p25,l3,0.00
i06,e08,c3,p25,l4,0.00
i06,e08,c3,p26,l2,0.00
i06,e08,c3,p26,l3,0.00
i06,e08,c3,p26,l4,0.00
i06,e08,c3,p27,l2,0.00
i06,e08,c3,p27,l4,0.00
i06,e08,c3,p28,l2,0.00
i06,e08,c3,p28,l3,0.00
i06,e08,c3,p28,l4,0.00
i06,e08,c3,p29,l2,0.00
i06,e08,c3,p29,l3,0.00
i06,e08,c3,p29,l4,0.00
i06,e08,c3,p30,l2,0.00
i06,e08,c3,p30,l3,0.00
i06,e08,c3,p30,l4,0.00
i06,e08,c3,p31,l2,0.00
i06,e08,c3,p31,l3,0.00
i06,e08,c3,p31,l4,0.00
i06,e08,c3,p32,l2,0.00
i06,e08,c3,p32,l3,0.00
i06,e08,c3,p32,l4,0.00
i06,e08,c3,p33,l2,0.00
i06,e08,c3,p33,l3,0.00
i06,e08,c3,p33,l4,0.00
i06,e08,c3,p35,l1,0.00
i06,e08,c3,p35,l2,1.42
i06,e08,c3,p35,l3,0.00
i06,e08,c3,p35,l4,22.58
i06,e08,c5,p01,l1,0.00
i06,e08,c5,p01,l2,4.10
i06,e08,c5,p01,l3,5.07
i06,e08,c5,p01,l4,459.30
i06,e08,c5,p02,l1,0.00
i06,e08,c5,p02,l2,0.00
i06,e08,c5,p02,l3,10.07
i06,e08,c5,p02,l4,87.31
i06,e08,c5,p03,l1,0.00
i06,e08,c5,p03,l2,1.38
i06,e08,c5,p03,l3,37.80
i06,e08,c5,p03,l4,342.52
i06,e08,c5,p04,l1,0.00
i06,e08,c5,p04,l2,0.00
i06,e08,c5,p04,l3,14.38
i06,e08,c5,p04,l4,125.04
i06,e08,c5,p05,l1,0.00
i06,e08,c5,p05,l2,1.00
i06,e08,c5,p05,l3,60.29
i06,e08,c5,p05,l4,385.47
i06,e08,c5,p06,l1,0.00
i06,e08,c5,p06,l2,2.78
i06,e08,c5,p06,l3,33.41
i06,e08,c5,p06,l4,104.28
i06,e08,c5,p07,l1,0.00
i06,e08,c5,p07,l2,0.00
i06,e08,c5,p07,l3,472.02
i06,e08,c5,p07,l4,142.19
i06,e08,c5,p08,l1,0.00
i06,e08,c5,p08,l2,4.21
i06,e08,c5,p08,l3,123.42
i06,e08,c5,p08,l4,22.04
i06,e08,c5,p09,l1,0.00
i06,e08,c5,p09,l2,0.00
i06,e08,c5,p09,l3,32.02
i06,e08,c5,p09,l4,121.20
i06,e08,c5,p10,l1,0.00
i06,e08,c5,p10,l2,69.20
i06,e08,c5,p10,l3,600.07
i06,e08,c5,p10,l4,656.37
i06,e08,c5,p11,l1,0.00
i06,e08,c5,p11,l2,1.02
i06,e08,c5,p11,l3,19.31
i06,e08,c5,p11,l4,402.40
i06,e08,c5,p12,l1,0.00
i06,e08,c5,p12,l2,4.00
i06,e08,c5,p12,l3,2.71
i06,e08,c5,p12,l4,444.15
i06,e08,c5,p13,l1,0.00
i06,e08,c5,p13,l2,8.19
i06,e08,c5,p13,l3,34.52
i06,e08,c5,p13,l4,297.16
i06,e08,c5,p14,l1,0.00
i06,e08,c5,p14,l2,0.00
i06,e08,c5,p14,l3,30.78
i06,e08,c5,p14,l4,260.23
i06,e08,c5,p15,l1,0.00
i06,e08,c5,p15,l2,16.00
i06,e08,c5,p15,l3,21.30
i06,e08,c5,p15,l4,308.92
i06,e08,c5,p16,l1,0.00
i06,e08,c5,p16,l2,21.12
i06,e08,c5,p16,l3,29.33
i06,e08,c5,p16,l4,187.27
i06,e08,c5,p17,l1,0.00
i06,e08,c5,p17,l2,9.00
i06,e08,c5,p17,l3,45.29
i06,e08,c5,p17,l4,404.50
i06,e08,c5,p18,l1,0.00
i06,e08,c5,p18,l2,0.00
i06,e08,c5,p18,l3,8.09
i06,e08,c5,p18,l4,150.35
i06,e08,c5,p19,l1,0.00
i06,e08,c5,p19,l2,38.27
i06,e08,c5,p19,l3,55.00
i06,e08,c5,p19,l4,910.73
i06,e08,c5,p20,l1,0.00
i06,e08,c5,p20,l2,0.00
i06,e08,c5,p20,l3,2.25
i06,e08,c5,p20,l4,21.50
i06,e08,c5,p21,l1,0.00
i06,e08,c5,p21,l2,5.73
i06,e08,c5,p21,l3,42.99
i06,e08,c5,p21,l4,358.41
i06,e08,c5,p22,l1,0.00
i06,e08,c5,p22,l2,0.00
i06,e08,c5,p22,l3,0.00
i06,e08,c5,p22,l4,245.10
i06,e08,c5,p23,l1,0.00
i06,e08,c5,p23,l2,0.00
i06,e08,c5,p23,l3,4.62
i06,e08,c5,p23,l4,153.28
i06,e08,c5,p24,l1,0.00
i06,e08,c5,p24,l2,4.29
i06,e08,c5,p24,l3,2.93
i06,e08,c5,p24,l4,234.03
i06,e08,c5,p25,l1,0.00
i06,e08,c5,p25,l2,0.00
i06,e08,c5,p25,l3,29.29
i06,e08,c5,p25,l4,17.32
i06,e08,c5,p26,l1,0.00
i06,e08,c5,p26,l2,1.66
i06,e08,c5,p26,l3,1.38
i06,e08,c5,p26,l4,29.48
i06,e08,c5,p27,l2,0.00
i06,e08,c5,p27,l3,0.00
i06,e08,c5,p27,l4,0.00
i06,e08,c5,p28,l1,0.00
i06,e08,c5,p28,l2,0.00
i06,e08,c5,p28,l3,9.32
i06,e08,c5,p28,l4,17.80
i06,e08,c5,p29,l1,0.00
i06,e08,c5,p29,l2,1.15
i06,e08,c5,p29,l3,0.00
i06,e08,c5,p29,l4,254.63
i06,e08,c5,p30,l1,0.00
i06,e08,c5,p30,l2,0.00
i06,e08,c5,p30,l3,0.00
i06,e08,c5,p30,l4,1.48
i06,e08,c5,p31,l1,0.00
i06,e08,c5,p31,l2,0.00
i06,e08,c5,p31,l3,2.03
i06,e08,c5,p31,l4,1.08
i06,e08,c5,p32,l1,0.00
i06,e08,c5,p32,l2,1.15
i06,e08,c5,p32,l3,1.46
i06,e08,c5,p32,l4,97.45
i06,e08,c5,p33,l1,0.00
i06,e08,c5,p33,l2,0.00
i06,e08,c5,p33,l3,0.00
i06,e08,c5,p33,l4,0.00
i06,e08,c5,p34,l2,0.00
i06,e08,c5,p34,l3,0.00
i06,e08,c5,p34,l4,0.00
i06,e08,c5,p35,l1,0.00
i06,e08,c5,p35,l2,21.06
i06,e08,c5,p35,l3,10.26
i06,e08,c5,p35,l4,312.74
i06,e08,c8,p05,l3,0.00
i06,e08,c8,p07,l2,0.00
i06,e08,c8,p10,l2,0.00
i06,e08,c8,p10,l3,0.00
i06,e08,c8,p10,l4,0.00
i06,e08,c8,p13,l4,0.00
i06,e08,c8,p17,l2,0.00
i06,e08,c8,p29,l2,0.00
i06,e08,c8,p35,l2,0.00
i06,e08,c8,p35,l3,0.00
i06,e08,c8,p35,l4,0.00
i06,e09,c3,p01,l2,0.00
i06,e09,c3,p01,l3,0.00
i06,e09,c3,p02,l2,0.00
i06,e09,c3,p02,l3,0.00
i06,e09,c3,p03,l2,0.00
i06,e09,c3,p03,l3,0.00
i06,e09,c3,p03,l4,0.00
i06,e09,c3,p04,l2,0.00
i06,e09,c3,p04,l3,0.00
i06,e09,c3,p04,l4,0.00
i06,e09,c3,p05,l2,0.00
i06,e09,c3,p05,l3,0.00
i06,e09,c3,p05,l4,0.00
i06,e09,c3,p06,l2,0.00
i06,e09,c3,p06,l3,0.00
i06,e09,c3,p07,l2,0.00
i06,e09,c3,p07,l3,0.00
i06,e09,c3,p07,l4,0.00
i06,e09,c3,p08,l2,0.00
i06,e09,c3,p08,l3,0.00
i06,e09,c3,p09,l2,0.00
i06,e09,c3,p09,l3,0.00
i06,e09,c3,p10,l2,0.00
i06,e09,c3,p10,l3,0.00
i06,e09,c3,p10,l4,0.00
i06,e09,c3,p11,l2,0.00
i06,e09,c3,p11,l3,0.00
i06,e09,c3,p12,l2,0.00
i06,e09,c3,p12,l3,0.00
i06,e09,c3,p13,l2,0.00
i06,e09,c3,p13,l3,0.00
i06,e09,c3,p13,l4,0.00
i06,e09,c3,p14,l2,0.00
i06,e09,c3,p14,l3,0.00
i06,e09,c3,p14,l4,0.00
i06,e09,c3,p15,l2,0.00
i06,e09,c3,p15,l3,0.00
i06,e09,c3,p15,l4,0.00
i06,e09,c3,p16,l2,0.00
i06,e09,c3,p16,l3,0.00
i06,e09,c3,p16,l4,0.00
i06,e09,c3,p17,l2,0.00
i06,e09,c3,p17,l3,0.00
i06,e09,c3,p18,l2,0.00
i06,e09,c3,p18,l3,0.00
i06,e09,c3,p18,l4,0.00
i06,e09,c3,p19,l2,0.00
i06,e09,c3,p19,l3,0.00
i06,e09,c3,p19,l4,0.00
i06,e09,c3,p20,l2,0.00
i06,e09,c3,p20,l3,0.00
i06,e09,c3,p20,l4,0.00
i06,e09,c3,p21,l2,0.00
i06,e09,c3,p21,l3,0.00
i06,e09,c3,p22,l2,0.00
i06,e09,c3,p22,l3,0.00
i06,e09,c3,p23,l2,0.00
i06,e09,c3,p23,l3,0.00
i06,e09,c3,p24,l2,0.00
i06,e09,c3,p24,l3,0.00
i06,e09,c3,p24,l4,0.00
i06,e09,c3,p25,l2,0.00
i06,e09,c3,p25,l3,0.00
i06,e09,c3,p26,l2,0.00
i06,e09,c3,p26,l3,0.00
i06,e09,c3,p28,l2,0.00
i06,e09,c3,p28,l3,0.00
i06,e09,c3,p29,l2,0.00
i06,e09,c3,p29,l3,1.73
i06,e09,c3,p30,l2,0.00
i06,e09,c3,p30,l3,0.00
i06,e09,c3,p31,l2,0.00
i06,e09,c3,p31,l3,0.00
i06,e09,c3,p32,l2,0.00
i06,e09,c3,p32,l3,0.00
i06,e09,c3,p32,l4,0.00
i06,e09,c3,p33,l2,0.00
i06,e09,c3,p33,l3,0.00
i06,e09,c3,p35,l2,0.00
i06,e09,c3,p35,l3,0.00
i06,e09,c3,p35,l4,0.00
i06,e09,c5,p01,l2,0.00
i06,e09,c5,p01,l3,7.30
i06,e09,c5,p01,l4,0.00
i06,e09,c5,p02,l2,0.00
i06,e09,c5,p02,l3,2.21
i06,e09,c5,p02,l4,0.00
i06,e09,c5,p03,l2,0.00
i06,e09,c5,p03,l3,6.82
i06,e09,c5,p03,l4,0.00
i06,e09,c5,p04,l2,0.00
i06,e09,c5,p04,l3,0.00
i06,e09,c5,p04,l4,0.00
i06,e09,c5,p05,l2,0.00
i06,e09,c5,p05,l3,4.13
i06,e09,c5,p05,l4,0.00
i06,e09,c5,p06,l2,0.00
i06,e09,c5,p06,l3,4.17
i06,e09,c5,p06,l4,0.00
i06,e09,c5,p07,l2,0.00
i06,e09,c5,p07,l3,12.24
i06,e09,c5,p07,l4,0.00
i06,e09,c5,p08,l2,0.00
i06,e09,c5,p08,l3,1.10
i06,e09,c5,p08,l4,0.00
i06,e09,c5,p09,l2,0.00
i06,e09,c5,p09,l3,4.57
i06,e09,c5,p09,l4,0.00
i06,e09,c5,p10,l2,0.00
i06,e09,c5,p10,l3,18.77
i06,e09,c5,p10,l4,0.00
i06,e09,c5,p11,l2,0.00
i06,e09,c5,p11,l3,5.61
i06,e09,c5,p11,l4,0.00
i06,e09,c5,p12,l2,0.00
i06,e09,c5,p12,l3,1.32
i06,e09,c5,p12,l4,0.00
i06,e09,c5,p13,l2,0.00
i06,e09,c5,p13,l3,3.10
i06,e09,c5,p13,l4,0.00
i06,e09,c5,p14,l2,0.00
i06,e09,c5,p14,l3,0.00
i06,e09,c5,p14,l4,0.00
i06,e09,c5,p15,l2,0.00
i06,e09,c5,p15,l3,3.13
i06,e09,c5,p15,l4,0.00
i06,e09,c5,p16,l2,0.00
i06,e09,c5,p16,l3,12.27
i06,e09,c5,p16,l4,0.00
i06,e09,c5,p17,l2,0.00
i06,e09,c5,p17,l3,2.35
i06,e09,c5,p17,l4,0.00
i06,e09,c5,p18,l2,0.00
i06,e09,c5,p18,l3,3.27
i06,e09,c5,p18,l4,0.00
i06,e09,c5,p19,l2,0.00
i06,e09,c5,p19,l3,29.02
i06,e09,c5,p19,l4,0.00
i06,e09,c5,p20,l2,0.00
i06,e09,c5,p20,l3,0.00
i06,e09,c5,p20,l4,0.00
i06,e09,c5,p21,l2,0.00
i06,e09,c5,p21,l3,3.05
i06,e09,c5,p21,l4,0.00
i06,e09,c5,p22,l2,0.00
i06,e09,c5,p22,l3,6.52
i06,e09,c5,p22,l4,0.00
i06,e09,c5,p23,l2,0.00
i06,e09,c5,p23,l3,10.60
i06,e09,c5,p23,l4,0.00
i06,e09,c5,p24,l2,0.00
i06,e09,c5,p24,l3,3.51
i06,e09,c5,p24,l4,0.00
i06,e09,c5,p25,l2,0.00
i06,e09,c5,p25,l3,4.37
i06,e09,c5,p25,l4,0.00
i06,e09,c5,p26,l2,0.00
i06,e09,c5,p26,l3,0.00
i06,e09,c5,p26,l4,0.00
i06,e09,c5,p27,l2,0.00
i06,e09,c5,p27,l3,0.00
i06,e09,c5,p28,l2,0.00
i06,e09,c5,p28,l3,1.50
i06,e09,c5,p28,l4,0.00
i06,e09,c5,p29,l2,0.00
i06,e09,c5,p29,l3,1.07
i06,e09,c5,p29,l4,0.00
i06,e09,c5,p30,l2,0.00
i06,e09,c5,p30,l3,0.00
i06,e09,c5,p30,l4,0.00
i06,e09,c5,p31,l2,0.00
i06,e09,c5,p31,l3,0.00
i06,e09,c5,p31,l4,0.00
i06,e09,c5,p32,l2,0.00
i06,e09,c5,p32,l3,0.00
i06,e09,c5,p32,l4,0.00
i06,e09,c5,p33,l2,0.00
i06,e09,c5,p33,l3,0.00
i06,e09,c5,p33,l4,0.00
i06,e09,c5,p34,l2,0.00
i06,e09,c5,p34,l3,0.00
i06,e09,c5,p35,l2,0.00
i06,e09,c5,p35,l3,10.09
i06,e09,c5,p35,l4,0.00
i06,e09,c8,p07,l3,0.00
i06,e10,c3,p01,l1,0.00
i06,e10,c3,p01,l2,0.00
i06,e10,c3,p01,l3,0.00
i06,e10,c3,p01,l4,0.00
i06,e10,c3,p02,l1,0.00
i06,e10,c3,p02,l2,0.00
i06,e10,c3,p02,l3,3.55
i06,e10,c3,p02,l4,0.00
i06,e10,c3,p03,l1,0.00
i06,e10,c3,p03,l2,0.00
i06,e10,c3,p03,l3,2.31
i06,e10,c3,p03,l4,0.00
i06,e10,c3,p04,l1,0.00
i06,e10,c3,p04,l2,0.00
i06,e10,c3,p04,l3,0.00
i06,e10,c3,p04,l4,0.00
i06,e10,c3,p05,l1,0.00
i06,e10,c3,p05,l2,0.00
i06,e10,c3,p05,l3,0.00
i06,e10,c3,p05,l4,0.00
i06,e10,c3,p06,l1,0.00
i06,e10,c3,p06,l2,0.00
i06,e10,c3,p06,l3,0.00
i06,e10,c3,p06,l4,0.00
i06,e10,c3,p07,l1,0.00
i06,e10,c3,p07,l2,0.00
i06,e10,c3,p07,l3,8.57
i06,e10,c3,p07,l4,0.00
i06,e10,c3,p08,l1,0.00
i06,e10,c3,p08,l2,0.00
i06,e10,c3,p08,l3,0.00
i06,e10,c3,p08,l4,0.00
i06,e10,c3,p09,l1,1.44
i06,e10,c3,p09,l2,0.00
i06,e10,c3,p09,l3,22.02
i06,e10,c3,p09,l4,5.59
i06,e10,c3,p10,l1,0.00
i06,e10,c3,p10,l2,0.00
i06,e10,c3,p10,l3,67.37
i06,e10,c3,p10,l4,0.00
i06,e10,c3,p11,l1,0.00
i06,e10,c3,p11,l2,0.00
i06,e10,c3,p11,l3,25.69
i06,e10,c3,p11,l4,0.00
i06,e10,c3,p12,l1,0.00
i06,e10,c3,p12,l2,0.00
i06,e10,c3,p12,l3,8.20
i06,e10,c3,p12,l4,0.00
i06,e10,c3,p13,l1,0.00
i06,e10,c3,p13,l2,0.00
i06,e10,c3,p13,l3,3.29
i06,e10,c3,p13,l4,0.00
i06,e10,c3,p14,l1,0.00
i06,e10,c3,p14,l2,0.00
i06,e10,c3,p14,l3,0.00
i06,e10,c3,p14,l4,0.00
i06,e10,c3,p15,l1,0.00
i06,e10,c3,p15,l2,0.00
i06,e10,c3,p15,l3,36.82
i06,e10,c3,p15,l4,0.00
i06,e10,c3,p16,l1,0.00
i06,e10,c3,p16,l2,0.00
i06,e10,c3,p16,l3,19.19
i06,e10,c3,p16,l4,0.00
i06,e10,c3,p17,l1,0.00
i06,e10,c3,p17,l2,0.00
i06,e10,c3,p17,l3,0.00
i06,e10,c3,p17,l4,0.00
i06,e10,c3,p18,l1,0.00
i06,e10,c3,p18,l2,0.00
i06,e10,c3,p18,l3,0.00
i06,e10,c3,p18,l4,0.00
i06,e10,c3,p19,l1,1.89
i06,e10,c3,p19,l2,0.00
i06,e10,c3,p19,l3,244.17
i06,e10,c3,p19,l4,3.36
i06,e10,c3,p20,l1,0.00
i06,e10,c3,p20,l2,0.00
i06,e10,c3,p20,l3,0.00
i06,e10,c3,p20,l4,0.00
i06,e10,c3,p21,l1,0.00
i06,e10,c3,p21,l2,0.00
i06,e10,c3,p21,l3,0.00
i06,e10,c3,p21,l4,0.00
i06,e10,c3,p22,l1,0.00
i06,e10,c3,p22,l2,0.00
i06,e10,c3,p22,l3,0.00
i06,e10,c3,p22,l4,0.00
i06,e10,c3,p23,l1,0.00
i06,e10,c3,p23,l2,0.00
i06,e10,c3,p23,l3,0.00
i06,e10,c3,p23,l4,0.00
i06,e10,c3,p24,l1,0.00
i06,e10,c3,p24,l2,0.00
i06,e10,c3,p24,l3,12.16
i06,e10,c3,p24,l4,1.30
i06,e10,c3,p25,l1,0.00
i06,e10,c3,p25,l2,0.00
i06,e10,c3,p25,l3,0.00
i06,e10,c3,p25,l4,0.00
i06,e10,c3,p26,l1,0.00
i06,e10,c3,p26,l2,0.00
i06,e10,c3,p26,l3,0.00
i06,e10,c3,p26,l4,0.00
i06,e10,c3,p28,l1,0.00
i06,e10,c3,p28,l2,0.00
i06,e10,c3,p28,l3,0.00
i06,e10,c3,p28,l4,0.00
i06,e10,c3,p29,l1,0.00
i06,e10,c3,p29,l2,0.00
i06,e10,c3,p29,l3,0.00
i06,e10,c3,p29,l4,0.00
i06,e10,c3,p30,l1,0.00
i06,e10,c3,p30,l2,0.00
i06,e10,c3,p30,l3,0.00
i06,e10,c3,p30,l4,0.00
i06,e10,c3,p31,l1,0.00
i06,e10,c3,p31,l2,0.00
i06,e10,c3,p31,l3,0.00
i06,e10,c3,p31,l4,0.00
i06,e10,c3,p32,l1,0.00
i06,e10,c3,p32,l2,0.00
i06,e10,c3,p32,l3,0.00
i06,e10,c3,p32,l4,0.00
i06,e10,c3,p33,l1,0.00
i06,e10,c3,p33,l2,0.00
i06,e10,c3,p33,l3,0.00
i06,e10,c3,p33,l4,0.00
i06,e10,c3,p35,l1,0.00
i06,e10,c3,p35,l2,0.00
i06,e10,c3,p35,l3,20.06
i06,e10,c3,p35,l4,2.53
i06,e10,c5,p01,l1,4.15
i06,e10,c5,p01,l2,11.48
i06,e10,c5,p01,l3,4546.04
i06,e10,c5,p01,l4,347.10
i06,e10,c5,p02,l1,3.01
i06,e10,c5,p02,l2,0.00
i06,e10,c5,p02,l3,1486.92
i06,e10,c5,p02,l4,112.14
i06,e10,c5,p03,l1,12.67
i06,e10,c5,p03,l2,1.16
i06,e10,c5,p03,l3,4901.03
i06,e10,c5,p03,l4,412.01
i06,e10,c5,p04,l1,4.16
i06,e10,c5,p04,l2,0.00
i06,e10,c5,p04,l3,2327.57
i06,e10,c5,p04,l4,155.04
i06,e10,c5,p05,l1,14.20
i06,e10,c5,p05,l2,14.32
i06,e10,c5,p05,l3,6081.04
i06,e10,c5,p05,l4,344.44
i06,e10,c5,p06,l1,8.16
i06,e10,c5,p06,l2,0.00
i06,e10,c5,p06,l3,2273.77
i06,e10,c5,p06,l4,147.34
i06,e10,c5,p07,l1,6.18
i06,e10,c5,p07,l2,5.01
i06,e10,c5,p07,l3,3192.23
i06,e10,c5,p07,l4,290.16
i06,e10,c5,p08,l1,2.22
i06,e10,c5,p08,l2,0.00
i06,e10,c5,p08,l3,1260.01
i06,e10,c5,p08,l4,116.11
i06,e10,c5,p09,l1,3.03
i06,e10,c5,p09,l2,0.00
i06,e10,c5,p09,l3,1241.20
i06,e10,c5,p09,l4,190.15
i06,e10,c5,p10,l1,19.28
i06,e10,c5,p10,l2,14.17
i06,e10,c5,p10,l3,13462.09
i06,e10,c5,p10,l4,1037.17
i06,e10,c5,p11,l1,10.85
i06,e10,c5,p11,l2,7.01
i06,e10,c5,p11,l3,4114.06
i06,e10,c5,p11,l4,378.80
i06,e10,c5,p12,l1,9.00
i06,e10,c5,p12,l2,16.64
i06,e10,c5,p12,l3,4390.22
i06,e10,c5,p12,l4,279.89
i06,e10,c5,p13,l1,6.10
i06,e10,c5,p13,l2,14.62
i06,e10,c5,p13,l3,3294.07
i06,e10,c5,p13,l4,276.49
i06,e10,c5,p14,l1,2.23
i06,e10,c5,p14,l2,0.00
i06,e10,c5,p14,l3,2053.35
i06,e10,c5,p14,l4,175.19
i06,e10,c5,p15,l1,19.08
i06,e10,c5,p15,l2,19.35
i06,e10,c5,p15,l3,5538.84
i06,e10,c5,p15,l4,460.37
i06,e10,c5,p16,l1,13.13
i06,e10,c5,p16,l2,2.45
i06,e10,c5,p16,l3,4250.15
i06,e10,c5,p16,l4,297.32
i06,e10,c5,p17,l1,6.70
i06,e10,c5,p17,l2,4.54
i06,e10,c5,p17,l3,2844.32
i06,e10,c5,p17,l4,201.38
i06,e10,c5,p18,l1,13.66
i06,e10,c5,p18,l2,4.06
i06,e10,c5,p18,l3,2461.08
i06,e10,c5,p18,l4,222.34
i06,e10,c5,p19,l1,40.48
i06,e10,c5,p19,l2,29.12
i06,e10,c5,p19,l3,15812.47
i06,e10,c5,p19,l4,1270.16
i06,e10,c5,p20,l1,0.00
i06,e10,c5,p20,l2,4.36
i06,e10,c5,p20,l3,485.39
i06,e10,c5,p20,l4,16.12
i06,e10,c5,p21,l1,13.59
i06,e10,c5,p21,l2,1.43
i06,e10,c5,p21,l3,3808.19
i06,e10,c5,p21,l4,331.22
i06,e10,c5,p22,l1,2.05
i06,e10,c5,p22,l2,0.00
i06,e10,c5,p22,l3,1192.07
i06,e10,c5,p22,l4,94.43
i06,e10,c5,p23,l1,9.03
i06,e10,c5,p23,l2,7.18
i06,e10,c5,p23,l3,1813.40
i06,e10,c5,p23,l4,182.01
i06,e10,c5,p24,l1,3.95
i06,e10,c5,p24,l2,3.14
i06,e10,c5,p24,l3,2745.62
i06,e10,c5,p24,l4,241.00
i06,e10,c5,p25,l1,10.41
i06,e10,c5,p25,l2,1.09
i06,e10,c5,p25,l3,1211.45
i06,e10,c5,p25,l4,77.42
i06,e10,c5,p26,l1,0.00
i06,e10,c5,p26,l2,2.12
i06,e10,c5,p26,l3,206.00
i06,e10,c5,p26,l4,22.24
i06,e10,c5,p27,l1,0.00
i06,e10,c5,p27,l2,0.00
i06,e10,c5,p27,l3,0.00
i06,e10,c5,p27,l4,0.00
i06,e10,c5,p28,l1,4.31
i06,e10,c5,p28,l2,0.00
i06,e10,c5,p28,l3,789.22
i06,e10,c5,p28,l4,97.65
i06,e10,c5,p29,l1,1.10
i06,e10,c5,p29,l2,2.53
i06,e10,c5,p29,l3,2675.01
i06,e10,c5,p29,l4,224.08
i06,e10,c5,p30,l1,3.17
i06,e10,c5,p30,l2,0.00
i06,e10,c5,p30,l3,62.89
i06,e10,c5,p30,l4,11.33
i06,e10,c5,p31,l1,1.10
i06,e10,c5,p31,l2,13.34
i06,e10,c5,p31,l3,200.65
i06,e10,c5,p31,l4,17.05
i06,e10,c5,p32,l1,6.66
i06,e10,c5,p32,l2,22.15
i06,e10,c5,p32,l3,1602.33
i06,e10,c5,p32,l4,128.54
i06,e10,c5,p33,l1,0.00
i06,e10,c5,p33,l2,0.00
i06,e10,c5,p33,l3,3.53
i06,e10,c5,p33,l4,0.00
i06,e10,c5,p34,l1,0.00
i06,e10,c5,p34,l2,0.00
i06,e10,c5,p34,l3,0.00
i06,e10,c5,p34,l4,0.00
i06,e10,c5,p35,l1,5.07
i06,e10,c5,p35,l2,2.61
i06,e10,c5,p35,l3,4769.07
i06,e10,c5,p35,l4,535.45
i06,e10,c8,p10,l3,0.00
i06,e10,c8,p12,l3,0.00
i06,e10,c8,p12,l4,0.00
i06,e10,c8,p13,l3,0.00
i06,e10,c8,p13,l4,0.00
i06,e10,c8,p14,l3,0.00
i06,e10,c8,p14,l4,0.00
i06,e10,c8,p17,l3,0.00
i06,e10,c8,p18,l3,0.00
i06,e10,c8,p19,l3,0.00
i06,e10,c8,p21,l3,0.00
i06,e10,c8,p35,l3,0.00
i06,e10,c8,p35,l4,0.00
i06,e11,c3,p01,l2,0.00
i06,e11,c3,p01,l3,0.00
i06,e11,c3,p02,l2,0.00
i06,e11,c3,p03,l2,0.00
i06,e11,c3,p03,l3,0.00
i06,e11,c3,p04,l2,0.00
i06,e11,c3,p04,l3,0.00
i06,e11,c3,p05,l1,0.00
i06,e11,c3,p05,l2,0.00
i06,e11,c3,p05,l3,0.00
i06,e11,c3,p06,l2,0.00
i06,e11,c3,p06,l3,0.00
i06,e11,c3,p07,l2,0.00
i06,e11,c3,p07,l3,0.00
i06,e11,c3,p08,l2,0.00
i06,e11,c3,p08,l3,0.00
i06,e11,c3,p09,l2,9.65
i06,e11,c3,p09,l3,0.00
i06,e11,c3,p10,l1,0.00
i06,e11,c3,p10,l2,0.00
i06,e11,c3,p10,l3,0.00
i06,e11,c3,p11,l2,0.00
i06,e11,c3,p11,l3,0.00
i06,e11,c3,p12,l1,0.00
i06,e11,c3,p12,l2,0.00
i06,e11,c3,p12,l3,0.00
i06,e11,c3,p13,l2,0.00
i06,e11,c3,p13,l3,0.00
i06,e11,c3,p14,l2,0.00
i06,e11,c3,p14,l3,0.00
i06,e11,c3,p15,l2,0.00
i06,e11,c3,p15,l3,0.00
i06,e11,c3,p16,l2,5.38
i06,e11,c3,p16,l3,0.00
i06,e11,c3,p17,l2,0.00
i06,e11,c3,p17,l3,0.00
i06,e11,c3,p18,l2,0.00
i06,e11,c3,p18,l3,0.00
i06,e11,c3,p19,l1,0.00
i06,e11,c3,p19,l2,0.00
i06,e11,c3,p19,l3,0.00
i06,e11,c3,p20,l2,0.00
i06,e11,c3,p21,l2,0.00
i06,e11,c3,p21,l3,0.00
i06,e11,c3,p22,l2,0.00
i06,e11,c3,p22,l3,0.00
i06,e11,c3,p23,l2,0.00
i06,e11,c3,p23,l3,0.00
i06,e11,c3,p24,l2,0.00
i06,e11,c3,p24,l3,0.00
i06,e11,c3,p25,l2,0.00
i06,e11,c3,p25,l3,0.00
i06,e11,c3,p26,l2,0.00
i06,e11,c3,p28,l2,0.00
i06,e11,c3,p29,l2,0.00
i06,e11,c3,p29,l3,0.00
i06,e11,c3,p30,l2,0.00
i06,e11,c3,p31,l2,0.00
i06,e11,c3,p32,l2,0.00
i06,e11,c3,p32,l3,0.00
i06,e11,c3,p33,l2,0.00
i06,e11,c3,p35,l1,0.00
i06,e11,c3,p35,l2,0.00
i06,e11,c3,p35,l3,0.00
i06,e11,c5,p01,l1,0.00
i06,e11,c5,p01,l2,198.23
i06,e11,c5,p01,l3,0.00
i06,e11,c5,p02,l1,0.00
i06,e11,c5,p02,l2,206.27
i06,e11,c5,p02,l3,0.00
i06,e11,c5,p03,l1,0.00
i06,e11,c5,p03,l2,213.85
i06,e11,c5,p03,l3,0.00
i06,e11,c5,p04,l1,0.00
i06,e11,c5,p04,l2,54.03
i06,e11,c5,p04,l3,0.00
i06,e11,c5,p05,l1,0.00
i06,e11,c5,p05,l2,206.41
i06,e11,c5,p05,l3,0.00
i06,e11,c5,p06,l1,0.00
i06,e11,c5,p06,l2,73.18
i06,e11,c5,p06,l3,0.00
i06,e11,c5,p07,l1,0.00
i06,e11,c5,p07,l2,196.06
i06,e11,c5,p07,l3,0.00
i06,e11,c5,p08,l1,0.00
i06,e11,c5,p08,l2,18.49
i06,e11,c5,p08,l3,0.00
i06,e11,c5,p09,l1,0.00
i06,e11,c5,p09,l2,4.09
i06,e11,c5,p09,l3,0.00
i06,e11,c5,p10,l1,0.00
i06,e11,c5,p10,l2,672.09
i06,e11,c5,p10,l3,0.00
i06,e11,c5,p11,l1,0.00
i06,e11,c5,p11,l2,146.37
i06,e11,c5,p11,l3,0.00
i06,e11,c5,p12,l1,0.00
i06,e11,c5,p12,l2,98.30
i06,e11,c5,p12,l3,0.00
i06,e11,c5,p13,l1,0.00
i06,e11,c5,p13,l2,60.15
i06,e11,c5,p13,l3,0.00
i06,e11,c5,p14,l1,0.00
i06,e11,c5,p14,l2,57.37
i06,e11,c5,p14,l3,0.00
i06,e11,c5,p15,l1,0.00
i06,e11,c5,p15,l2,130.67
i06,e11,c5,p15,l3,0.00
i06,e11,c5,p16,l1,0.00
i06,e11,c5,p16,l2,156.39
i06,e11,c5,p16,l3,0.00
i06,e11,c5,p17,l1,0.00
i06,e11,c5,p17,l2,97.91
i06,e11,c5,p17,l3,0.00
i06,e11,c5,p18,l1,0.00
i06,e11,c5,p18,l2,37.86
i06,e11,c5,p18,l3,0.00
i06,e11,c5,p19,l1,0.00
i06,e11,c5,p19,l2,464.10
i06,e11,c5,p19,l3,0.00
i06,e11,c5,p20,l1,0.00
i06,e11,c5,p20,l2,2.15
i06,e11,c5,p20,l3,0.00
i06,e11,c5,p21,l1,0.00
i06,e11,c5,p21,l2,143.39
i06,e11,c5,p21,l3,0.00
i06,e11,c5,p22,l1,0.00
i06,e11,c5,p22,l2,9.98
i06,e11,c5,p22,l3,0.00
i06,e11,c5,p23,l1,0.00
i06,e11,c5,p23,l2,41.57
i06,e11,c5,p23,l3,0.00
i06,e11,c5,p24,l1,0.00
i06,e11,c5,p24,l2,66.18
i06,e11,c5,p24,l3,0.00
i06,e11,c5,p25,l1,0.00
i06,e11,c5,p25,l2,9.29
i06,e11,c5,p25,l3,0.00
i06,e11,c5,p26,l1,0.00
i06,e11,c5,p26,l2,0.00
i06,e11,c5,p26,l3,0.00
i06,e11,c5,p27,l2,0.00
i06,e11,c5,p27,l3,0.00
i06,e11,c5,p28,l1,0.00
i06,e11,c5,p28,l2,27.83
i06,e11,c5,p28,l3,0.00
i06,e11,c5,p29,l1,0.00
i06,e11,c5,p29,l2,42.24
i06,e11,c5,p29,l3,0.00
i06,e11,c5,p30,l1,0.00
i06,e11,c5,p30,l2,0.00
i06,e11,c5,p30,l3,0.00
i06,e11,c5,p31,l1,0.00
i06,e11,c5,p31,l2,3.73
i06,e11,c5,p31,l3,0.00
i06,e11,c5,p32,l1,0.00
i06,e11,c5,p32,l2,43.23
i06,e11,c5,p32,l3,0.00
i06,e11,c5,p33,l2,0.00
i06,e11,c5,p33,l3,0.00
i06,e11,c5,p34,l2,0.00
i06,e11,c5,p35,l1,0.00
i06,e11,c5,p35,l2,80.35
i06,e11,c5,p35,l3,0.00
i06,e11,c8,p13,l2,0.00
i06,e11,c8,p35,l2,0.00
i06,e12,c3,p01,l3,0.00
i06,e12,c3,p01,l4,0.00
i06,e12,c3,p02,l3,0.00
i06,e12,c3,p02,l4,0.00
i06,e12,c3,p03,l3,0.00
i06,e12,c3,p03,l4,0.00
i06,e12,c3,p04,l3,0.00
i06,e12,c3,p04,l4,0.00
i06,e12,c3,p05,l3,0.00
i06,e12,c3,p05,l4,0.00
i06,e12,c3,p06,l3,0.00
i06,e12,c3,p06,l4,0.00
i06,e12,c3,p07,l3,0.00
i06,e12,c3,p07,l4,0.00
i06,e12,c3,p08,l3,0.00
i06,e12,c3,p08,l4,0.00
i06,e12,c3,p09,l3,0.00
i06,e12,c3,p09,l4,0.00
i06,e12,c3,p10,l3,0.00
i06,e12,c3,p10,l4,0.00
i06,e12,c3,p11,l3,0.00
i06,e12,c3,p11,l4,0.00
i06,e12,c3,p12,l3,0.00
i06,e12,c3,p12,l4,0.00
i06,e12,c3,p13,l3,0.00
i06,e12,c3,p13,l4,0.00
i06,e12,c3,p14,l3,0.00
i06,e12,c3,p14,l4,0.00
i06,e12,c3,p15,l3,0.00
i06,e12,c3,p15,l4,0.00
i06,e12,c3,p16,l3,0.00
i06,e12,c3,p16,l4,0.00
i06,e12,c3,p17,l3,0.00
i06,e12,c3,p17,l4,0.00
i06,e12,c3,p18,l3,0.00
i06,e12,c3,p18,l4,0.00
i06,e12,c3,p19,l3,0.00
i06,e12,c3,p19,l4,0.00
i06,e12,c3,p20,l3,0.00
i06,e12,c3,p20,l4,0.00
i06,e12,c3,p21,l3,0.00
i06,e12,c3,p21,l4,0.00
i06,e12,c3,p22,l3,0.00
i06,e12,c3,p22,l4,0.00
i06,e12,c3,p23,l3,0.00
i06,e12,c3,p23,l4,0.00
i06,e12,c3,p24,l3,0.00
i06,e12,c3,p24,l4,0.00
i06,e12,c3,p25,l3,0.00
i06,e12,c3,p25,l4,0.00
i06,e12,c3,p26,l3,0.00
i06,e12,c3,p26,l4,0.00
i06,e12,c3,p27,l3,0.00
i06,e12,c3,p28,l3,0.00
i06,e12,c3,p28,l4,0.00
i06,e12,c3,p29,l3,0.00
i06,e12,c3,p29,l4,0.00
i06,e12,c3,p30,l3,0.00
i06,e12,c3,p30,l4,0.00
i06,e12,c3,p31,l3,0.00
i06,e12,c3,p31,l4,0.00
i06,e12,c3,p32,l3,0.00
i06,e12,c3,p32,l4,0.00
i06,e12,c3,p33,l3,0.00
i06,e12,c3,p33,l4,0.00
i06,e12,c3,p35,l3,0.00
i06,e12,c3,p35,l4,0.00
i06,e12,c5,p01,l3,29.62
i06,e12,c5,p01,l4,0.00
i06,e12,c5,p02,l3,5.57
i06,e12,c5,p02,l4,0.00
i06,e12,c5,p03,l3,44.59
i06,e12,c5,p03,l4,17.10
i06,e12,c5,p04,l3,29.34
i06,e12,c5,p04,l4,1.12
i06,e12,c5,p05,l3,26.22
i06,e12,c5,p05,l4,1.03
i06,e12,c5,p06,l3,36.14
i06,e12,c5,p06,l4,0.00
i06,e12,c5,p07,l3,35.13
i06,e12,c5,p07,l4,1.61
i06,e12,c5,p08,l3,8.37
i06,e12,c5,p08,l4,0.00
i06,e12,c5,p09,l3,1.55
i06,e12,c5,p09,l4,0.00
i06,e12,c5,p10,l3,121.98
i06,e12,c5,p10,l4,1.67
i06,e12,c5,p11,l3,14.57
i06,e12,c5,p11,l4,0.00
i06,e12,c5,p12,l3,26.36
i06,e12,c5,p12,l4,1.05
i06,e12,c5,p13,l3,60.08
i06,e12,c5,p13,l4,1.06
i06,e12,c5,p14,l3,8.42
i06,e12,c5,p14,l4,0.00
i06,e12,c5,p15,l3,25.08
i06,e12,c5,p15,l4,0.00
i06,e12,c5,p16,l3,47.47
i06,e12,c5,p16,l4,2.88
i06,e12,c5,p17,l3,21.19
i06,e12,c5,p17,l4,0.00
i06,e12,c5,p18,l3,5.89
i06,e12,c5,p18,l4,1.49
i06,e12,c5,p19,l3,83.19
i06,e12,c5,p19,l4,1.34
i06,e12,c5,p20,l3,2.42
i06,e12,c5,p20,l4,0.00
i06,e12,c5,p21,l3,40.01
i06,e12,c5,p21,l4,1.15
i06,e12,c5,p22,l3,11.39
i06,e12,c5,p22,l4,0.00
i06,e12,c5,p23,l3,28.31
i06,e12,c5,p23,l4,2.36
i06,e12,c5,p24,l3,15.01
i06,e12,c5,p24,l4,0.00
i06,e12,c5,p25,l3,4.06
i06,e12,c5,p25,l4,3.34
i06,e12,c5,p26,l3,0.00
i06,e12,c5,p26,l4,0.00
i06,e12,c5,p27,l3,0.00
i06,e12,c5,p27,l4,0.00
i06,e12,c5,p28,l3,2.95
i06,e12,c5,p28,l4,0.00
i06,e12,c5,p29,l3,32.29
i06,e12,c5,p29,l4,5.13
i06,e12,c5,p30,l3,0.00
i06,e12,c5,p30,l4,0.00
i06,e12,c5,p31,l3,3.47
i06,e12,c5,p31,l4,0.00
i06,e12,c5,p32,l3,10.30
i06,e12,c5,p32,l4,3.06
i06,e12,c5,p33,l3,0.00
i06,e12,c5,p33,l4,0.00
i06,e12,c5,p34,l3,0.00
i06,e12,c5,p34,l4,0.00
i06,e12,c5,p35,l3,64.40
i06,e12,c5,p35,l4,7.51
i06,e13,c3,p10,l3,0.00
i06,e13,c5,p01,l3,0.00
i06,e13,c5,p03,l3,0.00
i06,e13,c5,p10,l3,0.00
i06,e13,c5,p17,l3,0.00
i06,e13,c5,p35,l3,0.00
i07,e01,c3,p01,l3,0.00
i07,e01,c3,p03,l3,0.00
i07,e01,c3,p06,l3,0.00
i07,e01,c3,p10,l3,0.00
i07,e01,c3,p12,l3,0.00
i07,e01,c3,p13,l3,0.00
i07,e01,c3,p14,l3,0.00
i07,e01,c3,p15,l3,0.00
i07,e01,c3,p16,l3,0.00
i07,e01,c3,p17,l3,0.00
i07,e01,c3,p18,l3,0.00
i07,e01,c3,p19,l3,0.00
i07,e01,c3,p21,l3,0.00
i07,e01,c3,p24,l3,0.00
i07,e01,c3,p25,l3,0.00
i07,e01,c3,p28,l3,0.00
i07,e01,c3,p29,l3,0.00
i07,e01,c3,p35,l3,0.00
i07,e01,c5,p01,l3,0.00
i07,e01,c5,p02,l3,0.00
i07,e01,c5,p03,l3,0.00
i07,e01,c5,p04,l3,0.00
i07,e01,c5,p05,l3,0.00
i07,e01,c5,p06,l3,0.00
i07,e01,c5,p07,l3,1.18
i07,e01,c5,p08,l3,0.00
i07,e01,c5,p09,l3,0.00
i07,e01,c5,p10,l3,0.00
i07,e01,c5,p11,l3,0.00
i07,e01,c5,p12,l3,0.00
i07,e01,c5,p13,l3,0.00
i07,e01,c5,p14,l3,0.00
i07,e01,c5,p15,l3,1.09
i07,e01,c5,p16,l3,0.00
i07,e01,c5,p17,l3,0.00
i07,e01,c5,p18,l3,0.00
i07,e01,c5,p19,l3,0.00
i07,e01,c5,p20,l3,0.00
i07,e01,c5,p21,l3,0.00
i07,e01,c5,p22,l3,0.00
i07,e01,c5,p23,l3,0.00
i07,e01,c5,p24,l3,0.00
i07,e01,c5,p25,l3,0.00
i07,e01,c5,p26,l3,0.00
i07,e01,c5,p28,l3,0.00
i07,e01,c5,p29,l3,0.00
i07,e01,c5,p30,l3,0.00
i07,e01,c5,p31,l3,0.00
i07,e01,c5,p32,l3,0.00
i07,e01,c5,p33,l3,0.00
i07,e01,c5,p35,l3,0.00
i07,e02,c3,p10,l3,0.00
i07,e02,c3,p15,l3,0.00
i07,e02,c3,p19,l1,0.00
i07,e02,c3,p19,l3,0.00
i07,e02,c3,p35,l3,0.00
i07,e02,c5,p01,l1,0.00
i07,e02,c5,p01,l3,0.00
i07,e02,c5,p02,l1,0.00
i07,e02,c5,p02,l3,0.00
i07,e02,c5,p03,l1,0.00
i07,e02,c5,p03,l3,0.00
i07,e02,c5,p04,l1,0.00
i07,e02,c5,p04,l3,0.00
i07,e02,c5,p05,l1,0.00
i07,e02,c5,p05,l3,0.00
i07,e02,c5,p06,l1,0.00
i07,e02,c5,p06,l3,0.00
i07,e02,c5,p07,l1,0.00
i07,e02,c5,p07,l3,0.00
i07,e02,c5,p08,l1,0.00
i07,e02,c5,p08,l3,0.00
i07,e02,c5,p09,l3,0.00
i07,e02,c5,p10,l1,0.00
i07,e02,c5,p10,l3,0.00
i07,e02,c5,p11,l1,0.00
i07,e02,c5,p11,l3,0.00
i07,e02,c5,p12,l1,0.00
i07,e02,c5,p12,l3,0.00
i07,e02,c5,p13,l1,0.00
i07,e02,c5,p13,l3,0.00
i07,e02,c5,p14,l3,0.00
i07,e02,c5,p15,l1,0.00
i07,e02,c5,p15,l3,0.00
i07,e02,c5,p16,l1,0.00
i07,e02,c5,p16,l3,0.00
i07,e02,c5,p17,l1,0.00
i07,e02,c5,p17,l3,0.00
i07,e02,c5,p18,l1,0.00
i07,e02,c5,p18,l3,0.00
i07,e02,c5,p19,l1,0.00
i07,e02,c5,p19,l3,0.00
i07,e02,c5,p20,l3,0.00
i07,e02,c5,p21,l1,0.00
i07,e02,c5,p21,l3,0.00
i07,e02,c5,p22,l1,0.00
i07,e02,c5,p22,l3,0.00
i07,e02,c5,p23,l1,0.00
i07,e02,c5,p23,l3,0.00
i07,e02,c5,p24,l1,0.00
i07,e02,c5,p24,l3,0.00
i07,e02,c5,p25,l3,0.00
i07,e02,c5,p28,l3,0.00
i07,e02,c5,p29,l1,0.00
i07,e02,c5,p29,l3,0.00
i07,e02,c5,p31,l1,0.00
i07,e02,c5,p31,l3,0.00
i07,e02,c5,p32,l3,0.00
i07,e02,c5,p35,l1,0.00
i07,e02,c5,p35,l3,0.00
i07,e03,c3,p19,l3,0.00
i07,e03,c3,p25,l3,0.00
i07,e03,c3,p35,l3,0.00
i07,e03,c5,p01,l3,0.00
i07,e03,c5,p02,l3,0.00
i07,e03,c5,p03,l3,0.00
i07,e03,c5,p04,l3,0.00
i07,e03,c5,p05,l3,0.00
i07,e03,c5,p06,l3,0.00
i07,e03,c5,p07,l3,0.00
i07,e03,c5,p08,l3,0.00
i07,e03,c5,p09,l3,0.00
i07,e03,c5,p10,l3,0.00
i07,e03,c5,p11,l3,0.00
i07,e03,c5,p12,l3,0.00
i07,e03,c5,p13,l3,0.00
i07,e03,c5,p14,l3,0.00
i07,e03,c5,p15,l3,0.00
i07,e03,c5,p16,l3,0.00
i07,e03,c5,p17,l3,0.00
i07,e03,c5,p18,l3,0.00
i07,e03,c5,p19,l3,0.00
i07,e03,c5,p20,l3,0.00
i07,e03,c5,p21,l3,0.00
i07,e03,c5,p22,l3,0.00
i07,e03,c5,p23,l3,0.00
i07,e03,c5,p24,l3,0.00
i07,e03,c5,p25,l3,0.00
i07,e03,c5,p26,l3,0.00
i07,e03,c5,p28,l3,0.00
i07,e03,c5,p29,l3,0.00
i07,e03,c5,p31,l3,0.00
i07,e03,c5,p32,l3,0.00
i07,e03,c5,p35,l3,0.00
i07,e04,c3,p01,l1,0.00
i07,e04,c3,p01,l3,0.00
i07,e04,c3,p03,l3,0.00
i07,e04,c3,p05,l3,0.00
i07,e04,c3,p06,l1,0.00
i07,e04,c3,p07,l3,0.00
i07,e04,c3,p09,l3,0.00
i07,e04,c3,p10,l3,0.00
i07,e04,c3,p11,l3,0.00
i07,e04,c3,p12,l1,0.00
i07,e04,c3,p12,l3,0.00
i07,e04,c3,p14,l3,0.00
i07,e04,c3,p15,l3,0.00
i07,e04,c3,p16,l1,0.00
i07,e04,c3,p16,l3,0.00
i07,e04,c3,p17,l1,0.00
i07,e04,c3,p17,l3,0.00
i07,e04,c3,p18,l3,0.00
i07,e04,c3,p19,l1,0.00
i07,e04,c3,p19,l3,0.00
i07,e04,c3,p21,l3,0.00
i07,e04,c3,p24,l1,0.00
i07,e04,c3,p24,l3,0.00
i07,e04,c3,p25,l3,0.00
i07,e04,c3,p28,l3,0.00
i07,e04,c3,p29,l3,0.00
i07,e04,c3,p35,l3,0.00
i07,e04,c5,p01,l1,0.00
i07,e04,c5,p01,l3,0.00
i07,e04,c5,p02,l1,0.00
i07,e04,c5,p02,l3,0.00
i07,e04,c5,p03,l1,0.00
i07,e04,c5,p03,l3,0.00
i07,e04,c5,p04,l1,0.00
i07,e04,c5,p04,l3,0.00
i07,e04,c5,p05,l1,0.00
i07,e04,c5,p05,l3,4.22
i07,e04,c5,p06,l1,0.00
i07,e04,c5,p06,l3,0.00
i07,e04,c5,p07,l1,0.00
i07,e04,c5,p07,l3,6.28
i07,e04,c5,p08,l1,0.00
i07,e04,c5,p08,l3,0.00
i07,e04,c5,p09,l1,0.00
i07,e04,c5,p09,l3,0.00
i07,e04,c5,p10,l1,0.00
i07,e04,c5,p10,l3,0.00
i07,e04,c5,p11,l1,0.00
i07,e04,c5,p11,l3,0.00
i07,e04,c5,p12,l1,0.00
i07,e04,c5,p12,l3,0.00
i07,e04,c5,p13,l1,0.00
i07,e04,c5,p13,l3,0.00
i07,e04,c5,p14,l1,0.00
i07,e04,c5,p14,l3,0.00
i07,e04,c5,p15,l1,0.00
i07,e04,c5,p15,l3,1.42
i07,e04,c5,p16,l1,0.00
i07,e04,c5,p16,l3,0.00
i07,e04,c5,p17,l1,0.00
i07,e04,c5,p17,l3,0.00
i07,e04,c5,p18,l1,0.00
i07,e04,c5,p18,l3,0.00
i07,e04,c5,p19,l1,0.00
i07,e04,c5,p19,l3,3.28
i07,e04,c5,p20,l1,0.00
i07,e04,c5,p20,l3,0.00
i07,e04,c5,p21,l1,0.00
i07,e04,c5,p21,l3,0.00
i07,e04,c5,p22,l1,0.00
i07,e04,c5,p22,l3,0.00
i07,e04,c5,p23,l1,0.00
i07,e04,c5,p23,l3,0.00
i07,e04,c5,p24,l1,0.00
i07,e04,c5,p24,l3,0.00
i07,e04,c5,p25,l1,0.00
i07,e04,c5,p25,l3,0.00
i07,e04,c5,p26,l1,0.00
i07,e04,c5,p26,l3,0.00
i07,e04,c5,p28,l1,0.00
i07,e04,c5,p28,l3,0.00
i07,e04,c5,p29,l1,0.00
i07,e04,c5,p29,l3,0.00
i07,e04,c5,p30,l1,0.00
i07,e04,c5,p30,l3,0.00
i07,e04,c5,p31,l1,0.00
i07,e04,c5,p31,l3,0.00
i07,e04,c5,p32,l1,0.00
i07,e04,c5,p32,l3,0.00
i07,e04,c5,p33,l3,0.00
i07,e04,c5,p35,l1,0.00
i07,e04,c5,p35,l3,0.00
i07,e05,c3,p06,l3,0.00
i07,e05,c3,p12,l3,0.00
i07,e05,c3,p19,l3,0.00
i07,e05,c3,p35,l3,0.00
i07,e05,c5,p01,l1,0.00
i07,e05,c5,p01,l3,0.00
i07,e05,c5,p02,l1,0.00
i07,e05,c5,p02,l3,0.00
i07,e05,c5,p03,l1,0.00
i07,e05,c5,p03,l3,0.00
i07,e05,c5,p04,l1,0.00
i07,e05,c5,p04,l3,0.00
i07,e05,c5,p05,l1,0.00
i07,e05,c5,p05,l3,0.00
i07,e05,c5,p06,l1,0.00
i07,e05,c5,p06,l3,0.00
i07,e05,c5,p07,l1,0.00
i07,e05,c5,p07,l3,0.00
i07,e05,c5,p08,l3,0.00
i07,e05,c5,p09,l1,0.00
i07,e05,c5,p09,l3,0.00
i07,e05,c5,p10,l1,0.00
i07,e05,c5,p10,l3,0.00
i07,e05,c5,p11,l1,0.00
i07,e05,c5,p11,l3,0.00
i07,e05,c5,p12,l1,0.00
i07,e05,c5,p12,l3,0.00
i07,e05,c5,p13,l1,0.00
i07,e05,c5,p13,l3,0.00
i07,e05,c5,p14,l1,0.00
i07,e05,c5,p14,l3,0.00
i07,e05,c5,p15,l1,0.00
i07,e05,c5,p15,l3,0.00
i07,e05,c5,p16,l1,0.00
i07,e05,c5,p16,l3,0.00
i07,e05,c5,p17,l3,0.00
i07,e05,c5,p18,l1,0.00
i07,e05,c5,p18,l3,0.00
i07,e05,c5,p19,l1,0.00
i07,e05,c5,p19,l3,0.00
i07,e05,c5,p20,l3,0.00
i07,e05,c5,p21,l1,0.00
i07,e05,c5,p21,l3,0.00
i07,e05,c5,p22,l3,0.00
i07,e05,c5,p23,l1,0.00
i07,e05,c5,p23,l3,0.00
i07,e05,c5,p24,l1,0.00
i07,e05,c5,p24,l3,0.00
i07,e05,c5,p25,l1,0.00
i07,e05,c5,p25,l3,0.00
i07,e05,c5,p26,l3,0.00
i07,e05,c5,p28,l1,0.00
i07,e05,c5,p28,l3,0.00
i07,e05,c5,p29,l1,0.00
i07,e05,c5,p29,l3,0.00
i07,e05,c5,p31,l1,0.00
i07,e05,c5,p31,l3,0.00
i07,e05,c5,p32,l1,0.00
i07,e05,c5,p32,l3,0.00
i07,e05,c5,p35,l1,0.00
i07,e05,c5,p35,l3,0.00
i07,e07,c3,p04,l3,0.00
i07,e07,c3,p10,l3,0.00
i07,e07,c3,p35,l3,0.00
i07,e07,c5,p01,l3,0.00
i07,e07,c5,p02,l3,0.00
i07,e07,c5,p03,l2,0.00
i07,e07,c5,p03,l3,0.00
i07,e07,c5,p04,l2,0.00
i07,e07,c5,p04,l3,0.00
i07,e07,c5,p05,l2,0.00
i07,e07,c5,p05,l3,0.00
i07,e07,c5,p06,l3,0.00
i07,e07,c5,p07,l2,0.00
i07,e07,c5,p07,l3,0.00
i07,e07,c5,p08,l2,0.00
i07,e07,c5,p08,l3,0.00
i07,e07,c5,p09,l3,0.00
i07,e07,c5,p10,l2,0.00
i07,e07,c5,p10,l3,0.00
i07,e07,c5,p11,l2,0.00
i07,e07,c5,p11,l3,0.00
i07,e07,c5,p12,l3,0.00
i07,e07,c5,p13,l2,0.00
i07,e07,c5,p13,l3,0.00
i07,e07,c5,p14,l3,0.00
i07,e07,c5,p15,l2,0.00
i07,e07,c5,p15,l3,0.00
i07,e07,c5,p16,l3,0.00
i07,e07,c5,p17,l3,0.00
i07,e07,c5,p18,l3,0.00
i07,e07,c5,p19,l3,0.00
i07,e07,c5,p20,l3,0.00
i07,e07,c5,p21,l2,0.00
i07,e07,c5,p21,l3,0.00
i07,e07,c5,p22,l3,0.00
i07,e07,c5,p23,l3,0.00
i07,e07,c5,p24,l3,0.00
i07,e07,c5,p25,l3,0.00
i07,e07,c5,p26,l3,0.00
i07,e07,c5,p28,l2,0.00
i07,e07,c5,p28,l3,0.00
i07,e07,c5,p29,l3,0.00
i07,e07,c5,p31,l3,0.00
i07,e07,c5,p32,l3,0.00
i07,e07,c5,p35,l3,0.00
i07,e08,c3,p01,l2,0.00
i07,e08,c3,p01,l3,0.00
i07,e08,c3,p02,l2,0.00
i07,e08,c3,p02,l3,0.00
i07,e08,c3,p03,l3,0.00
i07,e08,c3,p05,l3,0.00
i07,e08,c3,p06,l2,0.00
i07,e08,c3,p06,l3,0.00
i07,e08,c3,p07,l2,0.00
i07,e08,c3,p07,l3,0.00
i07,e08,c3,p09,l3,0.00
i07,e08,c3,p10,l2,0.00
i07,e08,c3,p10,l3,0.00
i07,e08,c3,p11,l2,0.00
i07,e08,c3,p11,l3,0.00
i07,e08,c3,p12,l2,0.00
i07,e08,c3,p12,l3,0.00
i07,e08,c3,p13,l2,0.00
i07,e08,c3,p13,l3,0.00
i07,e08,c3,p14,l3,0.00
i07,e08,c3,p15,l3,0.00
i07,e08,c3,p16,l2,0.00
i07,e08,c3,p16,l3,0.00
i07,e08,c3,p17,l2,0.00
i07,e08,c3,p17,l3,0.00
i07,e08,c3,p18,l2,0.00
i07,e08,c3,p18,l3,0.00
i07,e08,c3,p19,l2,0.00
i07,e08,c3,p19,l3,0.00
i07,e08,c3,p21,l2,0.00
i07,e08,c3,p21,l3,0.00
i07,e08,c3,p22,l3,0.00
i07,e08,c3,p24,l2,0.00
i07,e08,c3,p24,l3,0.00
i07,e08,c3,p25,l3,0.00
i07,e08,c3,p28,l3,0.00
i07,e08,c3,p35,l2,0.00
i07,e08,c3,p35,l3,0.00
i07,e08,c5,p01,l2,0.00
i07,e08,c5,p01,l3,0.00
i07,e08,c5,p02,l2,0.00
i07,e08,c5,p02,l3,0.00
i07,e08,c5,p03,l2,0.00
i07,e08,c5,p03,l3,0.00
i07,e08,c5,p04,l2,0.00
i07,e08,c5,p04,l3,0.00
i07,e08,c5,p05,l2,0.00
i07,e08,c5,p05,l3,0.00
i07,e08,c5,p06,l2,0.00
i07,e08,c5,p06,l3,0.00
i07,e08,c5,p07,l2,0.00
i07,e08,c5,p07,l3,7.09
i07,e08,c5,p08,l2,0.00
i07,e08,c5,p08,l3,0.00
i07,e08,c5,p09,l2,0.00
i07,e08,c5,p09,l3,0.00
i07,e08,c5,p10,l2,0.00
i07,e08,c5,p10,l3,0.00
i07,e08,c5,p11,l2,0.00
i07,e08,c5,p11,l3,0.00
i07,e08,c5,p12,l2,0.00
i07,e08,c5,p12,l3,0.00
i07,e08,c5,p13,l2,0.00
i07,e08,c5,p13,l3,0.00
i07,e08,c5,p14,l2,0.00
i07,e08,c5,p14,l3,0.00
i07,e08,c5,p15,l2,0.00
i07,e08,c5,p15,l3,0.00
i07,e08,c5,p16,l2,0.00
i07,e08,c5,p16,l3,0.00
i07,e08,c5,p17,l2,0.00
i07,e08,c5,p17,l3,0.00
i07,e08,c5,p18,l2,0.00
i07,e08,c5,p18,l3,0.00
i07,e08,c5,p19,l2,0.00
i07,e08,c5,p19,l3,0.00
i07,e08,c5,p20,l2,0.00
i07,e08,c5,p20,l3,0.00
i07,e08,c5,p21,l2,0.00
i07,e08,c5,p21,l3,0.00
i07,e08,c5,p22,l2,0.00
i07,e08,c5,p22,l3,0.00
i07,e08,c5,p23,l2,0.00
i07,e08,c5,p23,l3,0.00
i07,e08,c5,p24,l2,0.00
i07,e08,c5,p24,l3,0.00
i07,e08,c5,p25,l2,0.00
i07,e08,c5,p25,l3,0.00
i07,e08,c5,p26,l2,0.00
i07,e08,c5,p26,l3,0.00
i07,e08,c5,p28,l2,0.00
i07,e08,c5,p28,l3,0.00
i07,e08,c5,p29,l2,0.00
i07,e08,c5,p29,l3,1.24
i07,e08,c5,p30,l3,0.00
i07,e08,c5,p31,l2,0.00
i07,e08,c5,p31,l3,0.00
i07,e08,c5,p32,l2,0.00
i07,e08,c5,p32,l3,0.00
i07,e08,c5,p33,l2,0.00
i07,e08,c5,p33,l3,0.00
i07,e08,c5,p35,l2,0.00
i07,e08,c5,p35,l3,0.00
i07,e09,c3,p01,l3,0.00
i07,e09,c3,p03,l3,0.00
i07,e09,c3,p05,l3,0.00
i07,e09,c3,p07,l3,0.00
i07,e09,c3,p09,l3,0.00
i07,e09,c3,p10,l3,0.00
i07,e09,c3,p11,l3,0.00
i07,e09,c3,p12,l2,0.00
i07,e09,c3,p12,l3,0.00
i07,e09,c3,p13,l3,0.00
i07,e09,c3,p14,l3,0.00
i07,e09,c3,p15,l2,0.00
i07,e09,c3,p17,l3,0.00
i07,e09,c3,p19,l2,0.00
i07,e09,c3,p19,l3,0.00
i07,e09,c3,p21,l3,0.00
i07,e09,c3,p24,l3,0.00
i07,e09,c3,p25,l3,0.00
i07,e09,c3,p35,l3,0.00
i07,e09,c5,p01,l2,0.00
i07,e09,c5,p01,l3,0.00
i07,e09,c5,p02,l2,0.00
i07,e09,c5,p02,l3,0.00
i07,e09,c5,p03,l2,0.00
i07,e09,c5,p03,l3,0.00
i07,e09,c5,p04,l2,0.00
i07,e09,c5,p04,l3,0.00
i07,e09,c5,p05,l2,0.00
i07,e09,c5,p05,l3,0.00
i07,e09,c5,p06,l2,0.00
i07,e09,c5,p06,l3,0.00
i07,e09,c5,p07,l2,0.00
i07,e09,c5,p07,l3,2.08
i07,e09,c5,p08,l2,0.00
i07,e09,c5,p08,l3,0.00
i07,e09,c5,p09,l2,0.00
i07,e09,c5,p09,l3,0.00
i07,e09,c5,p10,l2,0.00
i07,e09,c5,p10,l3,0.00
i07,e09,c5,p11,l2,0.00
i07,e09,c5,p11,l3,0.00
i07,e09,c5,p12,l2,0.00
i07,e09,c5,p12,l3,0.00
i07,e09,c5,p13,l2,0.00
i07,e09,c5,p13,l3,0.00
i07,e09,c5,p14,l2,0.00
i07,e09,c5,p14,l3,0.00
i07,e09,c5,p15,l2,0.00
i07,e09,c5,p15,l3,0.00
i07,e09,c5,p16,l2,0.00
i07,e09,c5,p16,l3,0.00
i07,e09,c5,p17,l2,0.00
i07,e09,c5,p17,l3,0.00
i07,e09,c5,p18,l2,0.00
i07,e09,c5,p18,l3,0.00
i07,e09,c5,p19,l2,0.00
i07,e09,c5,p19,l3,0.00
i07,e09,c5,p20,l2,0.00
i07,e09,c5,p20,l3,0.00
i07,e09,c5,p21,l2,0.00
i07,e09,c5,p21,l3,0.00
i07,e09,c5,p22,l2,0.00
i07,e09,c5,p22,l3,0.00
i07,e09,c5,p23,l2,0.00
i07,e09,c5,p23,l3,0.00
i07,e09,c5,p24,l2,0.00
i07,e09,c5,p24,l3,0.00
i07,e09,c5,p25,l2,0.00
i07,e09,c5,p25,l3,0.00
i07,e09,c5,p26,l2,0.00
i07,e09,c5,p26,l3,0.00
i07,e09,c5,p28,l2,0.00
i07,e09,c5,p28,l3,0.00
i07,e09,c5,p29,l2,0.00
i07,e09,c5,p29,l3,0.00
i07,e09,c5,p30,l3,0.00
i07,e09,c5,p31,l2,0.00
i07,e09,c5,p31,l3,0.00
i07,e09,c5,p32,l2,0.00
i07,e09,c5,p32,l3,0.00
i07,e09,c5,p33,l3,0.00
i07,e09,c5,p35,l2,0.00
i07,e09,c5,p35,l3,0.00
i07,e10,c3,p01,l3,0.00
i07,e10,c3,p06,l3,0.00
i07,e10,c3,p10,l3,0.00
i07,e10,c3,p11,l3,0.00
i07,e10,c3,p12,l3,0.00
i07,e10,c3,p19,l3,0.00
i07,e10,c5,p01,l3,0.00
i07,e10,c5,p02,l3,0.00
i07,e10,c5,p03,l3,0.00
i07,e10,c5,p04,l3,0.00
i07,e10,c5,p05,l3,0.00
i07,e10,c5,p06,l3,0.00
i07,e10,c5,p07,l3,0.00
i07,e10,c5,p08,l3,0.00
i07,e10,c5,p09,l3,0.00
i07,e10,c5,p10,l3,0.00
i07,e10,c5,p11,l3,0.00
i07,e10,c5,p12,l3,0.00
i07,e10,c5,p13,l3,0.00
i07,e10,c5,p14,l3,0.00
i07,e10,c5,p15,l3,0.00
i07,e10,c5,p16,l3,0.00
i07,e10,c5,p17,l3,0.00
i07,e10,c5,p18,l3,0.00
i07,e10,c5,p19,l3,0.00
i07,e10,c5,p20,l3,0.00
i07,e10,c5,p21,l3,0.00
i07,e10,c5,p22,l3,0.00
i07,e10,c5,p23,l3,0.00
i07,e10,c5,p24,l3,0.00
i07,e10,c5,p25,l3,0.00
i07,e10,c5,p26,l3,0.00
i07,e10,c5,p28,l3,0.00
i07,e10,c5,p29,l3,0.00
i07,e10,c5,p31,l3,0.00
i07,e10,c5,p32,l3,0.00
i07,e10,c5,p35,l3,0.00
i07,e11,c3,p05,l3,0.00
i07,e11,c3,p07,l2,0.00
i07,e11,c3,p10,l3,0.00
i07,e11,c3,p11,l2,0.00
i07,e11,c3,p11,l3,0.00
i07,e11,c3,p14,l3,0.00
i07,e11,c3,p15,l3,0.00
i07,e11,c3,p19,l3,0.00
i07,e11,c3,p21,l3,0.00
i07,e11,c3,p24,l3,0.00
i07,e11,c3,p28,l3,0.00
i07,e11,c3,p35,l2,0.00
i07,e11,c3,p35,l3,0.00
i07,e11,c5,p01,l2,0.00
i07,e11,c5,p01,l3,0.00
i07,e11,c5,p02,l2,0.00
i07,e11,c5,p02,l3,0.00
i07,e11,c5,p03,l2,0.00
i07,e11,c5,p03,l3,0.00
i07,e11,c5,p04,l2,0.00
i07,e11,c5,p04,l3,0.00
i07,e11,c5,p05,l2,0.00
i07,e11,c5,p05,l3,0.00
i07,e11,c5,p06,l2,0.00
i07,e11,c5,p06,l3,0.00
i07,e11,c5,p07,l2,0.00
i07,e11,c5,p07,l3,0.00
i07,e11,c5,p08,l2,0.00
i07,e11,c5,p08,l3,0.00
i07,e11,c5,p09,l2,0.00
i07,e11,c5,p09,l3,0.00
i07,e11,c5,p10,l2,0.00
i07,e11,c5,p10,l3,0.00
i07,e11,c5,p11,l2,0.00
i07,e11,c5,p11,l3,0.00
i07,e11,c5,p12,l2,0.00
i07,e11,c5,p12,l3,0.00
i07,e11,c5,p13,l2,0.00
i07,e11,c5,p13,l3,0.00
i07,e11,c5,p14,l2,0.00
i07,e11,c5,p14,l3,0.00
i07,e11,c5,p15,l2,0.00
i07,e11,c5,p15,l3,0.00
i07,e11,c5,p16,l2,0.00
i07,e11,c5,p16,l3,0.00
i07,e11,c5,p17,l2,0.00
i07,e11,c5,p17,l3,0.00
i07,e11,c5,p18,l2,0.00
i07,e11,c5,p18,l3,0.00
i07,e11,c5,p19,l2,0.00
i07,e11,c5,p19,l3,0.00
i07,e11,c5,p20,l2,0.00
i07,e11,c5,p20,l3,0.00
i07,e11,c5,p21,l2,0.00
i07,e11,c5,p21,l3,0.00
i07,e11,c5,p22,l2,0.00
i07,e11,c5,p22,l3,0.00
i07,e11,c5,p23,l2,0.00
i07,e11,c5,p23,l3,0.00
i07,e11,c5,p24,l2,0.00
i07,e11,c5,p24,l3,0.00
i07,e11,c5,p25,l2,0.00
i07,e11,c5,p25,l3,0.00
i07,e11,c5,p26,l3,0.00
i07,e11,c5,p28,l2,0.00
i07,e11,c5,p28,l3,0.00
i07,e11,c5,p29,l2,0.00
i07,e11,c5,p29,l3,0.00
i07,e11,c5,p30,l3,0.00
i07,e11,c5,p31,l2,0.00
i07,e11,c5,p31,l3,0.00
i07,e11,c5,p32,l2,0.00
i07,e11,c5,p32,l3,0.00
i07,e11,c5,p35,l2,0.00
i07,e11,c5,p35,l3,0.00
i07,e12,c3,p01,l3,0.00
i07,e12,c3,p02,l3,0.00
i07,e12,c3,p03,l3,0.00
i07,e12,c3,p04,l3,0.00
i07,e12,c3,p05,l3,0.00
i07,e12,c3,p06,l3,0.00
i07,e12,c3,p07,l3,0.00
i07,e12,c3,p09,l3,0.00
i07,e12,c3,p10,l3,0.00
i07,e12,c3,p11,l3,0.00
i07,e12,c3,p12,l3,0.00
i07,e12,c3,p13,l3,0.00
i07,e12,c3,p14,l3,0.00
i07,e12,c3,p15,l3,0.00
i07,e12,c3,p16,l3,0.00
i07,e12,c3,p17,l3,0.00
i07,e12,c3,p18,l3,0.00
i07,e12,c3,p19,l3,0.00
i07,e12,c3,p21,l3,0.00
i07,e12,c3,p24,l3,0.00
i07,e12,c3,p25,l3,0.00
i07,e12,c3,p28,l3,0.00
i07,e12,c3,p35,l3,0.00
i07,e12,c5,p01,l3,7.29
i07,e12,c5,p02,l3,0.00
i07,e12,c5,p03,l3,0.00
i07,e12,c5,p04,l3,8.26
i07,e12,c5,p05,l3,4.59
i07,e12,c5,p06,l3,0.00
i07,e12,c5,p07,l3,6.76
i07,e12,c5,p08,l3,0.00
i07,e12,c5,p09,l3,0.00
i07,e12,c5,p10,l3,8.18
i07,e12,c5,p11,l3,0.00
i07,e12,c5,p12,l3,0.00
i07,e12,c5,p13,l3,0.00
i07,e12,c5,p14,l3,0.00
i07,e12,c5,p15,l3,6.81
i07,e12,c5,p16,l3,0.00
i07,e12,c5,p17,l3,0.00
i07,e12,c5,p18,l3,0.00
i07,e12,c5,p19,l3,3.23
i07,e12,c5,p20,l3,0.00
i07,e12,c5,p21,l3,8.71
i07,e12,c5,p22,l3,0.00
i07,e12,c5,p23,l3,0.00
i07,e12,c5,p24,l3,0.00
i07,e12,c5,p25,l3,0.00
i07,e12,c5,p26,l3,0.00
i07,e12,c5,p28,l3,0.00
i07,e12,c5,p29,l3,2.10
i07,e12,c5,p30,l3,0.00
i07,e12,c5,p31,l3,0.00
i07,e12,c5,p32,l3,0.00
i07,e12,c5,p33,l3,0.00
i07,e12,c5,p35,l3,4.55
i08,e01,c1,p01,l3,0.00
i08,e01,c1,p03,l3,0.00
i08,e01,c1,p04,l3,0.00
i08,e01,c1,p10,l3,0.00
i08,e01,c1,p12,l3,0.00
i08,e01,c1,p19,l3,0.00
i08,e01,c1,p35,l3,0.00
i08,e04,c1,p01,l3,0.00
i08,e04,c1,p03,l3,0.00
i08,e04,c1,p04,l3,0.00
i08,e04,c1,p10,l3,0.00
i08,e04,c1,p12,l3,0.00
i08,e04,c1,p21,l3,0.00
i08,e04,c1,p35,l3,0.00
i08,e07,c1,p10,l3,0.00
i08,e08,c1,p01,l3,0.00
i08,e08,c1,p03,l3,0.00
i08,e08,c1,p04,l3,0.00
i08,e08,c1,p10,l3,0.00
i08,e08,c1,p12,l3,0.00
i08,e08,c1,p35,l3,0.00
i08,e09,c1,p01,l3,0.00
i08,e09,c1,p03,l3,0.00
i08,e09,c1,p04,l3,0.00
i08,e09,c1,p10,l3,0.00
i08,e09,c1,p12,l3,0.00
i08,e09,c1,p19,l3,0.00
i08,e09,c1,p35,l3,0.00
i08,e11,c1,p01,l3,0.00
i08,e11,c1,p03,l3,0.00
i08,e11,c1,p10,l3,0.00
i08,e11,c1,p35,l3,0.00
i08,e12,c1,p10,l3,0.00
i09,e01,c3,p01,l3,0.00
i09,e01,c3,p02,l3,0.00
i09,e01,c3,p03,l3,0.00
i09,e01,c3,p05,l3,0.00
i09,e01,c3,p06,l3,0.00
i09,e01,c3,p08,l3,0.00
i09,e01,c3,p10,l3,0.00
i09,e01,c3,p11,l3,0.00
i09,e01,c3,p12,l3,0.00
i09,e01,c3,p13,l3,0.00
i09,e01,c3,p14,l3,0.00
i09,e01,c3,p15,l3,0.00
i09,e01,c3,p16,l3,0.00
i09,e01,c3,p17,l3,0.00
i09,e01,c3,p18,l3,0.00
i09,e01,c3,p19,l3,0.00
i09,e01,c3,p21,l3,0.00
i09,e01,c3,p22,l3,0.00
i09,e01,c3,p23,l3,0.00
i09,e01,c3,p24,l3,0.00
i09,e01,c3,p25,l3,0.00
i09,e01,c3,p29,l3,0.00
i09,e01,c3,p32,l3,0.00
i09,e01,c3,p35,l3,0.00
i09,e01,c5,p01,l3,0.00
i09,e01,c5,p02,l3,0.00
i09,e01,c5,p03,l3,0.00
i09,e01,c5,p04,l3,0.00
i09,e01,c5,p05,l3,0.00
i09,e01,c5,p06,l3,0.00
i09,e01,c5,p07,l3,0.00
i09,e01,c5,p08,l3,0.00
i09,e01,c5,p09,l3,0.00
i09,e01,c5,p10,l3,0.00
i09,e01,c5,p11,l3,0.00
i09,e01,c5,p12,l3,0.00
i09,e01,c5,p13,l3,0.00
i09,e01,c5,p14,l3,0.00
i09,e01,c5,p15,l3,0.00
i09,e01,c5,p16,l3,0.00
i09,e01,c5,p17,l3,0.00
i09,e01,c5,p18,l3,0.00
i09,e01,c5,p19,l3,0.00
i09,e01,c5,p20,l3,0.00
i09,e01,c5,p21,l3,0.00
i09,e01,c5,p22,l3,0.00
i09,e01,c5,p23,l3,0.00
i09,e01,c5,p24,l3,0.00
i09,e01,c5,p25,l3,0.00
i09,e01,c5,p26,l3,0.00
i09,e01,c5,p28,l3,0.00
i09,e01,c5,p29,l3,0.00
i09,e01,c5,p30,l3,0.00
i09,e01,c5,p31,l3,0.00
i09,e01,c5,p32,l3,0.00
i09,e01,c5,p35,l3,0.00
i09,e04,c3,p01,l3,0.00
i09,e04,c3,p02,l3,0.00
i09,e04,c3,p03,l3,0.00
i09,e04,c3,p05,l1,0.00
i09,e04,c3,p05,l3,0.00
i09,e04,c3,p06,l3,0.00
i09,e04,c3,p08,l1,0.00
i09,e04,c3,p08,l3,0.00
i09,e04,c3,p10,l1,0.00
i09,e04,c3,p10,l3,0.00
i09,e04,c3,p11,l3,0.00
i09,e04,c3,p12,l3,0.00
i09,e04,c3,p13,l3,0.00
i09,e04,c3,p15,l1,0.00
i09,e04,c3,p15,l3,0.00
i09,e04,c3,p16,l3,0.00
i09,e04,c3,p17,l3,0.00
i09,e04,c3,p18,l3,0.00
i09,e04,c3,p19,l3,0.00
i09,e04,c3,p20,l1,0.00
i09,e04,c3,p20,l3,0.00
i09,e04,c3,p21,l3,0.00
i09,e04,c3,p23,l3,0.00
i09,e04,c3,p24,l3,0.00
i09,e04,c3,p25,l3,0.00
i09,e04,c3,p27,l1,0.00
i09,e04,c3,p27,l3,0.00
i09,e04,c3,p28,l3,0.00
i09,e04,c3,p29,l3,0.00
i09,e04,c3,p35,l1,0.00
i09,e04,c3,p35,l3,0.00
i09,e04,c5,p01,l1,0.00
i09,e04,c5,p01,l3,0.00
i09,e04,c5,p02,l1,0.00
i09,e04,c5,p02,l3,0.00
i09,e04,c5,p03,l1,0.00
i09,e04,c5,p03,l3,0.00
i09,e04,c5,p04,l1,0.00
i09,e04,c5,p04,l3,0.00
i09,e04,c5,p05,l1,0.00
i09,e04,c5,p05,l3,0.00
i09,e04,c5,p06,l1,0.00
i09,e04,c5,p06,l3,0.00
i09,e04,c5,p07,l1,0.00
i09,e04,c5,p07,l3,0.00
i09,e04,c5,p08,l1,0.00
i09,e04,c5,p08,l3,0.00
i09,e04,c5,p09,l1,0.00
i09,e04,c5,p09,l3,0.00
i09,e04,c5,p10,l1,0.00
i09,e04,c5,p10,l3,0.00
i09,e04,c5,p11,l1,0.00
i09,e04,c5,p11,l3,0.00
i09,e04,c5,p12,l1,0.00
i09,e04,c5,p12,l3,0.00
i09,e04,c5,p13,l1,0.00
i09,e04,c5,p13,l3,0.00
i09,e04,c5,p14,l1,0.00
i09,e04,c5,p14,l3,0.00
i09,e04,c5,p15,l1,0.00
i09,e04,c5,p15,l3,0.00
i09,e04,c5,p16,l1,0.00
i09,e04,c5,p16,l3,0.00
i09,e04,c5,p17,l1,0.00
i09,e04,c5,p17,l3,0.00
i09,e04,c5,p18,l1,0.00
i09,e04,c5,p18,l3,0.00
i09,e04,c5,p19,l1,0.00
i09,e04,c5,p19,l3,0.00
i09,e04,c5,p20,l1,0.00
i09,e04,c5,p20,l3,0.00
i09,e04,c5,p21,l1,0.00
i09,e04,c5,p21,l3,0.00
i09,e04,c5,p22,l1,0.00
i09,e04,c5,p22,l3,0.00
i09,e04,c5,p23,l1,0.00
i09,e04,c5,p23,l3,0.00
i09,e04,c5,p24,l1,0.00
i09,e04,c5,p24,l3,0.00
i09,e04,c5,p25,l1,0.00
i09,e04,c5,p25,l3,0.00
i09,e04,c5,p26,l1,0.00
i09,e04,c5,p26,l3,0.00
i09,e04,c5,p28,l1,0.00
i09,e04,c5,p28,l3,0.00
i09,e04,c5,p29,l1,0.00
i09,e04,c5,p29,l3,0.00
i09,e04,c5,p30,l3,0.00
i09,e04,c5,p31,l1,0.00
i09,e04,c5,p31,l3,0.00
i09,e04,c5,p32,l1,0.00
i09,e04,c5,p32,l3,0.00
i09,e04,c5,p35,l1,0.00
i09,e04,c5,p35,l3,0.00
i09,e05,c3,p01,l3,0.00
i09,e05,c3,p03,l3,0.00
i09,e05,c3,p05,l3,0.00
i09,e05,c3,p10,l1,0.00
i09,e05,c3,p10,l3,0.00
i09,e05,c3,p13,l3,0.00
i09,e05,c3,p17,l3,0.00
i09,e05,c3,p23,l3,0.00
i09,e05,c3,p24,l3,0.00
i09,e05,c3,p35,l1,0.00
i09,e05,c3,p35,l3,0.00
i09,e05,c5,p01,l1,0.00
i09,e05,c5,p01,l3,0.00
i09,e05,c5,p02,l3,0.00
i09,e05,c5,p03,l1,0.00
i09,e05,c5,p03,l3,0.00
i09,e05,c5,p04,l3,0.00
i09,e05,c5,p05,l1,0.00
i09,e05,c5,p05,l3,0.00
i09,e05,c5,p06,l1,0.00
i09,e05,c5,p06,l3,0.00
i09,e05,c5,p07,l3,0.00
i09,e05,c5,p08,l3,0.00
i09,e05,c5,p09,l3,0.00
i09,e05,c5,p10,l1,0.00
i09,e05,c5,p10,l3,0.00
i09,e05,c5,p11,l3,0.00
i09,e05,c5,p12,l1,0.00
i09,e05,c5,p12,l3,0.00
i09,e05,c5,p13,l1,0.00
i09,e05,c5,p13,l3,0.00
i09,e05,c5,p14,l1,0.00
i09,e05,c5,p14,l3,0.00
i09,e05,c5,p15,l1,0.00
i09,e05,c5,p15,l3,0.00
i09,e05,c5,p16,l1,0.00
i09,e05,c5,p16,l3,0.00
i09,e05,c5,p17,l1,0.00
i09,e05,c5,p17,l3,0.00
i09,e05,c5,p18,l1,0.00
i09,e05,c5,p18,l3,0.00
i09,e05,c5,p19,l1,0.00
i09,e05,c5,p19,l3,0.00
i09,e05,c5,p20,l3,0.00
i09,e05,c5,p21,l3,0.00
i09,e05,c5,p22,l3,0.00
i09,e05,c5,p23,l1,0.00
i09,e05,c5,p23,l3,0.00
i09,e05,c5,p24,l1,0.00
i09,e05,c5,p24,l3,0.00
i09,e05,c5,p25,l3,0.00
i09,e05,c5,p28,l1,0.00
i09,e05,c5,p28,l3,0.00
i09,e05,c5,p29,l3,0.00
i09,e05,c5,p32,l3,0.00
i09,e05,c5,p35,l1,0.00
i09,e05,c5,p35,l3,0.00
i09,e09,c3,p01,l3,0.00
i09,e09,c3,p02,l3,0.00
i09,e09,c3,p03,l2,0.00
i09,e09,c3,p03,l3,0.00
i09,e09,c3,p05,l2,0.00
i09,e09,c3,p05,l3,0.00
i09,e09,c3,p06,l3,0.00
i09,e09,c3,p10,l2,0.00
i09,e09,c3,p10,l3,0.00
i09,e09,c3,p11,l3,0.00
i09,e09,c3,p12,l3,0.00
i09,e09,c3,p13,l3,0.00
i09,e09,c3,p15,l2,0.00
i09,e09,c3,p15,l3,0.00
i09,e09,c3,p16,l3,0.00
i09,e09,c3,p17,l3,0.00
i09,e09,c3,p18,l3,0.00
i09,e09,c3,p19,l3,0.00
i09,e09,c3,p21,l2,0.00
i09,e09,c3,p21,l3,0.00
i09,e09,c3,p22,l3,0.00
i09,e09,c3,p23,l3,0.00
i09,e09,c3,p24,l3,0.00
i09,e09,c3,p25,l3,0.00
i09,e09,c3,p27,l3,0.00
i09,e09,c3,p29,l3,0.00
i09,e09,c3,p32,l3,0.00
i09,e09,c3,p35,l2,0.00
i09,e09,c3,p35,l3,0.00
i09,e09,c5,p01,l2,0.00
i09,e09,c5,p01,l3,0.00
i09,e09,c5,p02,l2,0.00
i09,e09,c5,p02,l3,0.00
i09,e09,c5,p03,l2,0.00
i09,e09,c5,p03,l3,0.00
i09,e09,c5,p04,l2,0.00
i09,e09,c5,p04,l3,0.00
i09,e09,c5,p05,l2,0.00
i09,e09,c5,p05,l3,0.00
i09,e09,c5,p06,l2,0.00
i09,e09,c5,p06,l3,0.00
i09,e09,c5,p07,l2,0.00
i09,e09,c5,p07,l3,0.00
i09,e09,c5,p08,l2,0.00
i09,e09,c5,p08,l3,0.00
i09,e09,c5,p09,l2,0.00
i09,e09,c5,p09,l3,0.00
i09,e09,c5,p10,l2,0.00
i09,e09,c5,p10,l3,0.00
i09,e09,c5,p11,l2,0.00
i09,e09,c5,p11,l3,0.00
i09,e09,c5,p12,l2,0.00
i09,e09,c5,p12,l3,0.00
i09,e09,c5,p13,l2,0.00
i09,e09,c5,p13,l3,0.00
i09,e09,c5,p14,l2,0.00
i09,e09,c5,p14,l3,0.00
i09,e09,c5,p15,l2,0.00
i09,e09,c5,p15,l3,0.00
i09,e09,c5,p16,l2,0.00
i09,e09,c5,p16,l3,0.00
i09,e09,c5,p17,l2,0.00
i09,e09,c5,p17,l3,0.00
i09,e09,c5,p18,l2,0.00
i09,e09,c5,p18,l3,0.00
i09,e09,c5,p19,l2,0.00
i09,e09,c5,p19,l3,0.00
i09,e09,c5,p20,l2,0.00
i09,e09,c5,p20,l3,0.00
i09,e09,c5,p21,l2,0.00
i09,e09,c5,p21,l3,0.00
i09,e09,c5,p22,l2,0.00
i09,e09,c5,p22,l3,0.00
i09,e09,c5,p23,l2,0.00
i09,e09,c5,p23,l3,0.00
i09,e09,c5,p24,l2,0.00
i09,e09,c5,p24,l3,0.00
i09,e09,c5,p25,l2,0.00
i09,e09,c5,p25,l3,0.00
i09,e09,c5,p26,l2,0.00
i09,e09,c5,p26,l3,0.00
i09,e09,c5,p28,l2,0.00
i09,e09,c5,p28,l3,0.00
i09,e09,c5,p29,l2,0.00
i09,e09,c5,p29,l3,0.00
i09,e09,c5,p30,l3,0.00
i09,e09,c5,p31,l3,0.00
i09,e09,c5,p32,l2,0.00
i09,e09,c5,p32,l3,0.00
i09,e09,c5,p35,l2,0.00
i09,e09,c5,p35,l3,0.00
i10,e02,c3,p01,l1,0.00
i10,e02,c3,p01,l3,0.00
i10,e02,c3,p02,l1,0.00
i10,e02,c3,p02,l3,0.00
i10,e02,c3,p03,l1,0.00
i10,e02,c3,p03,l3,0.00
i10,e02,c3,p04,l1,0.00
i10,e02,c3,p04,l3,0.00
i10,e02,c3,p05,l1,0.00
i10,e02,c3,p05,l3,0.00
i10,e02,c3,p06,l3,0.00
i10,e02,c3,p07,l1,0.00
i10,e02,c3,p07,l3,0.00
i10,e02,c3,p08,l1,0.00
i10,e02,c3,p08,l3,0.00
i10,e02,c3,p09,l1,0.00
i10,e02,c3,p09,l3,0.00
i10,e02,c3,p10,l1,0.00
i10,e02,c3,p10,l3,0.00
i10,e02,c3,p11,l1,0.00
i10,e02,c3,p11,l3,0.00
i10,e02,c3,p12,l1,0.00
i10,e02,c3,p12,l3,0.00
i10,e02,c3,p13,l1,0.00
i10,e02,c3,p13,l3,0.00
i10,e02,c3,p14,l1,0.00
i10,e02,c3,p14,l3,0.00
i10,e02,c3,p15,l1,0.00
i10,e02,c3,p15,l3,0.00
i10,e02,c3,p16,l1,0.00
i10,e02,c3,p16,l3,0.00
i10,e02,c3,p17,l1,0.00
i10,e02,c3,p17,l3,0.00
i10,e02,c3,p18,l1,0.00
i10,e02,c3,p18,l3,0.00
i10,e02,c3,p19,l1,0.00
i10,e02,c3,p19,l3,0.00
i10,e02,c3,p20,l3,0.00
i10,e02,c3,p21,l1,0.00
i10,e02,c3,p21,l3,0.00
i10,e02,c3,p22,l1,0.00
i10,e02,c3,p22,l3,0.00
i10,e02,c3,p23,l1,0.00
i10,e02,c3,p23,l3,0.00
i10,e02,c3,p24,l1,0.00
i10,e02,c3,p24,l3,0.00
i10,e02,c3,p25,l1,0.00
i10,e02,c3,p25,l3,0.00
i10,e02,c3,p26,l1,0.00
i10,e02,c3,p26,l3,0.00
i10,e02,c3,p28,l1,0.00
i10,e02,c3,p28,l3,0.00
i10,e02,c3,p29,l1,0.00
i10,e02,c3,p29,l3,0.00
i10,e02,c3,p30,l3,0.00
i10,e02,c3,p31,l3,0.00
i10,e02,c3,p32,l3,0.00
i10,e02,c3,p35,l1,0.00
i10,e02,c3,p35,l3,0.00
i10,e05,c3,p01,l1,0.00
i10,e05,c3,p01,l3,0.00
i10,e05,c3,p02,l1,0.00
i10,e05,c3,p02,l3,0.00
i10,e05,c3,p03,l1,0.00
i10,e05,c3,p03,l3,0.00
i10,e05,c3,p04,l1,0.00
i10,e05,c3,p04,l3,0.00
i10,e05,c3,p05,l1,0.00
i10,e05,c3,p05,l3,0.00
i10,e05,c3,p06,l1,0.00
i10,e05,c3,p06,l3,0.00
i10,e05,c3,p07,l1,0.00
i10,e05,c3,p07,l3,0.00
i10,e05,c3,p08,l1,0.00
i10,e05,c3,p08,l3,0.00
i10,e05,c3,p09,l1,0.00
i10,e05,c3,p09,l3,0.00
i10,e05,c3,p10,l1,0.00
i10,e05,c3,p10,l3,0.00
i10,e05,c3,p11,l1,0.00
i10,e05,c3,p11,l3,0.00
i10,e05,c3,p12,l1,0.00
i10,e05,c3,p12,l3,0.00
i10,e05,c3,p13,l1,0.00
i10,e05,c3,p13,l3,0.00
i10,e05,c3,p14,l1,0.00
i10,e05,c3,p14,l3,0.00
i10,e05,c3,p15,l1,0.00
i10,e05,c3,p15,l3,0.00
i10,e05,c3,p16,l1,0.00
i10,e05,c3,p16,l3,0.00
i10,e05,c3,p17,l1,0.00
i10,e05,c3,p17,l3,0.00
i10,e05,c3,p18,l1,0.00
i10,e05,c3,p18,l3,0.00
i10,e05,c3,p19,l1,0.00
i10,e05,c3,p19,l3,0.00
i10,e05,c3,p20,l1,0.00
i10,e05,c3,p20,l3,0.00
i10,e05,c3,p21,l1,0.00
i10,e05,c3,p21,l3,0.00
i10,e05,c3,p22,l1,0.00
i10,e05,c3,p22,l3,0.00
i10,e05,c3,p23,l1,0.00
i10,e05,c3,p23,l3,0.00
i10,e05,c3,p24,l1,0.00
i10,e05,c3,p24,l3,0.00
i10,e05,c3,p25,l1,0.00
i10,e05,c3,p25,l3,0.00
i10,e05,c3,p26,l1,0.00
i10,e05,c3,p26,l3,0.00
i10,e05,c3,p27,l3,0.00
i10,e05,c3,p28,l1,0.00
i10,e05,c3,p28,l3,0.00
i10,e05,c3,p29,l1,0.00
i10,e05,c3,p29,l3,0.00
i10,e05,c3,p30,l1,0.00
i10,e05,c3,p30,l3,0.00
i10,e05,c3,p31,l1,0.00
i10,e05,c3,p31,l3,0.00
i10,e05,c3,p32,l1,0.00
i10,e05,c3,p32,l3,0.00
i10,e05,c3,p35,l1,0.00
i10,e05,c3,p35,l3,0.00
i10,e05,c5,p01,l3,0.00
i10,e05,c5,p02,l3,0.00
i10,e05,c5,p03,l1,0.00
i10,e05,c5,p03,l3,0.00
i10,e05,c5,p05,l1,0.00
i10,e05,c5,p05,l3,0.00
i10,e05,c5,p06,l1,0.00
i10,e05,c5,p07,l3,0.00
i10,e05,c5,p08,l3,0.00
i10,e05,c5,p10,l3,0.00
i10,e05,c5,p11,l3,0.00
i10,e05,c5,p12,l1,0.00
i10,e05,c5,p13,l3,0.00
i10,e05,c5,p15,l1,0.00
i10,e05,c5,p15,l3,0.00
i10,e05,c5,p16,l3,0.00
i10,e05,c5,p19,l1,0.00
i10,e05,c5,p19,l3,0.00
i10,e05,c5,p23,l3,0.00
i10,e05,c5,p24,l3,0.00
i10,e05,c5,p28,l1,0.00
i10,e05,c5,p35,l1,0.00
i10,e05,c5,p35,l3,0.00
i10,e05,c8,p10,l3,0.00
i10,e05,c8,p35,l3,0.00
i10,e13,c3,p01,l3,0.00
i10,e13,c3,p02,l3,0.00
i10,e13,c3,p03,l3,0.00
i10,e13,c3,p04,l3,0.00
i10,e13,c3,p05,l3,0.00
i10,e13,c3,p06,l3,0.00
i10,e13,c3,p07,l3,0.00
i10,e13,c3,p08,l3,0.00
i10,e13,c3,p09,l3,0.00
i10,e13,c3,p10,l3,0.00
i10,e13,c3,p11,l3,0.00
i10,e13,c3,p12,l3,0.00
i10,e13,c3,p13,l3,0.00
i10,e13,c3,p14,l3,0.00
i10,e13,c3,p15,l3,0.00
i10,e13,c3,p16,l3,0.00
i10,e13,c3,p17,l3,0.00
i10,e13,c3,p18,l3,0.00
i10,e13,c3,p19,l3,0.00
i10,e13,c3,p20,l3,0.00
i10,e13,c3,p21,l3,0.00
i10,e13,c3,p22,l3,0.00
i10,e13,c3,p23,l3,0.00
i10,e13,c3,p24,l3,0.00
i10,e13,c3,p25,l3,0.00
i10,e13,c3,p26,l3,0.00
i10,e13,c3,p27,l3,0.00
i10,e13,c3,p28,l3,0.00
i10,e13,c3,p29,l3,0.00
i10,e13,c3,p30,l3,0.00
i10,e13,c3,p31,l3,0.00
i10,e13,c3,p32,l3,0.00
i10,e13,c3,p35,l3,0.00
i10,e13,c5,p15,l3,0.00
i10,e13,c5,p19,l3,0.00
i10,e13,c5,p35,l3,0.00
i100,e01,c3,p10,l3,0.00
i100,e01,c5,p01,l3,0.00
i100,e01,c5,p10,l3,0.00
i100,e01,c5,p35,l3,0.00
i100,e02,c5,p35,l3,0.00
i100,e04,c5,p10,l3,0.00
i100,e04,c5,p35,l3,0.00
i100,e05,c5,p10,l3,0.00
i100,e05,c5,p35,l3,0.00
i100,e08,c5,p10,l3,0.00
i100,e08,c5,p35,l3,0.00
i100,e09,c3,p10,l3,0.00
i100,e09,c5,p10,l3,0.00
i100,e09,c5,p35,l3,0.00
i100,e11,c3,p10,l3,0.00
i100,e11,c5,p10,l3,0.00
i100,e11,c5,p35,l3,0.00
i100,e13,c3,p10,l3,0.00
i100,e13,c5,p01,l3,0.00
i100,e13,c5,p10,l3,0.00
i100,e13,c5,p35,l3,0.00
i101,e01,c1,p01,l3,0.00
i101,e01,c1,p02,l3,0.00
i101,e01,c1,p03,l3,0.00
i101,e01,c1,p04,l3,0.00
i101,e01,c1,p08,l3,0.00
i101,e01,c1,p10,l3,0.00
i101,e01,c1,p11,l3,0.00
i101,e01,c1,p12,l3,0.00
i101,e01,c1,p13,l3,0.00
i101,e01,c1,p17,l3,0.00
i101,e01,c1,p19,l3,0.00
i101,e01,c1,p21,l3,0.00
i101,e01,c1,p24,l3,0.00
i101,e01,c1,p32,l3,0.00
i101,e01,c1,p35,l3,0.00
i101,e04,c1,p01,l3,0.00
i101,e04,c1,p03,l3,0.00
i101,e04,c1,p04,l1,0.00
i101,e04,c1,p04,l3,0.00
i101,e04,c1,p10,l1,0.00
i101,e04,c1,p10,l3,0.00
i101,e04,c1,p11,l3,0.00
i101,e04,c1,p12,l3,0.00
i101,e04,c1,p17,l3,0.00
i101,e04,c1,p19,l3,0.00
i101,e04,c1,p21,l3,0.00
i101,e04,c1,p25,l3,0.00
i101,e04,c1,p32,l3,0.00
i101,e04,c1,p35,l1,0.00
i101,e04,c1,p35,l3,0.00
i101,e05,c1,p10,l3,0.00
i101,e05,c1,p35,l3,0.00
i101,e07,c1,p10,l2,0.00
i101,e07,c1,p10,l3,0.00
i101,e07,c1,p35,l3,0.00
i101,e08,c1,p03,l3,0.00
i101,e08,c1,p04,l3,0.00
i101,e08,c1,p06,l3,0.00
i101,e08,c1,p10,l2,0.00
i101,e08,c1,p10,l3,0.00
i101,e08,c1,p11,l3,0.00
i101,e08,c1,p12,l3,0.00
i101,e08,c1,p17,l3,0.00
i101,e08,c1,p19,l2,0.00
i101,e08,c1,p19,l3,0.00
i101,e08,c1,p21,l3,0.00
i101,e08,c1,p24,l2,0.00
i101,e08,c1,p24,l3,0.00
i101,e08,c1,p25,l3,0.00
i101,e08,c1,p32,l3,0.00
i101,e08,c1,p35,l2,0.00
i101,e08,c1,p35,l3,0.00
i101,e09,c1,p01,l3,0.00
i101,e09,c1,p03,l3,0.00
i101,e09,c1,p04,l2,0.00
i101,e09,c1,p04,l3,0.00
i101,e09,c1,p08,l3,0.00
i101,e09,c1,p10,l2,0.00
i101,e09,c1,p10,l3,0.00
i101,e09,c1,p11,l2,0.00
i101,e09,c1,p11,l3,0.00
i101,e09,c1,p12,l3,0.00
i101,e09,c1,p14,l3,0.00
i101,e09,c1,p15,l3,0.00
i101,e09,c1,p17,l3,0.00
i101,e09,c1,p19,l3,0.00
i101,e09,c1,p21,l3,0.00
i101,e09,c1,p24,l2,0.00
i101,e09,c1,p24,l3,0.00
i101,e09,c1,p32,l3,0.00
i101,e09,c1,p35,l2,0.00
i101,e09,c1,p35,l3,0.00
i101,e12,c1,p01,l3,0.00
i101,e12,c1,p02,l3,0.00
i101,e12,c1,p03,l3,0.00
i101,e12,c1,p04,l3,0.00
i101,e12,c1,p05,l3,0.00
i101,e12,c1,p07,l3,0.00
i101,e12,c1,p10,l3,0.00
i101,e12,c1,p11,l3,0.00
i101,e12,c1,p12,l3,0.00
i101,e12,c1,p15,l3,0.00
i101,e12,c1,p16,l3,0.00
i101,e12,c1,p17,l3,0.00
i101,e12,c1,p18,l3,0.00
i101,e12,c1,p19,l3,0.00
i101,e12,c1,p21,l3,0.00
i101,e12,c1,p24,l3,0.00
i101,e12,c1,p32,l3,0.00
i101,e12,c1,p35,l3,0.00
i102,e01,c3,p18,l3,0.00
i102,e01,c5,p10,l3,0.00
i102,e01,c5,p18,l3,0.00
i102,e01,c5,p19,l3,0.00
i102,e01,c5,p35,l3,0.00
i102,e04,c3,p18,l3,0.00
i102,e04,c5,p18,l1,0.00
i102,e04,c5,p18,l3,0.00
i102,e04,c5,p19,l3,0.00
i102,e04,c5,p35,l3,0.00
i102,e05,c5,p18,l3,0.00
i102,e08,c3,p18,l3,0.00
i102,e08,c5,p10,l3,0.00
i102,e08,c5,p17,l3,0.00
i102,e08,c5,p18,l2,0.00
i102,e08,c5,p18,l3,0.00
i102,e08,c5,p19,l3,0.00
i102,e08,c5,p23,l3,0.00
i102,e08,c5,p35,l2,0.00
i102,e08,c5,p35,l3,0.00
i102,e09,c5,p18,l2,0.00
i102,e09,c5,p18,l3,0.00
i102,e09,c5,p19,l3,0.00
i102,e09,c5,p35,l3,0.00
i102,e11,c5,p18,l3,0.00
i103,e02,c5,p01,l3,0.00
i103,e02,c5,p04,l3,0.00
i103,e02,c5,p06,l3,0.00
i103,e02,c5,p10,l3,0.00
i103,e02,c5,p11,l3,0.00
i103,e02,c5,p13,l3,0.00
i103,e02,c5,p16,l3,0.00
i103,e02,c5,p19,l3,0.00
i103,e02,c5,p24,l3,0.00
i103,e02,c5,p35,l1,0.00
i103,e02,c5,p35,l3,0.00
i103,e05,c3,p19,l3,0.00
i103,e05,c3,p31,l3,0.00
i103,e05,c5,p01,l1,0.00
i103,e05,c5,p01,l3,0.00
i103,e05,c5,p02,l3,0.00
i103,e05,c5,p03,l3,0.00
i103,e05,c5,p04,l1,0.00
i103,e05,c5,p04,l3,0.00
i103,e05,c5,p05,l1,0.00
i103,e05,c5,p05,l3,0.00
i103,e05,c5,p06,l1,0.00
i103,e05,c5,p06,l3,0.00
i103,e05,c5,p07,l3,0.00
i103,e05,c5,p08,l3,0.00
i103,e05,c5,p09,l1,0.00
i103,e05,c5,p09,l3,0.00
i103,e05,c5,p10,l1,0.00
i103,e05,c5,p10,l3,0.00
i103,e05,c5,p11,l1,0.00
i103,e05,c5,p11,l3,0.00
i103,e05,c5,p12,l1,0.00
i103,e05,c5,p12,l3,0.00
i103,e05,c5,p13,l1,0.00
i103,e05,c5,p13,l3,0.00
i103,e05,c5,p14,l3,0.00
i103,e05,c5,p15,l1,0.00
i103,e05,c5,p15,l3,0.00
i103,e05,c5,p16,l1,0.00
i103,e05,c5,p16,l3,0.00
i103,e05,c5,p17,l1,0.00
i103,e05,c5,p17,l3,0.00
i103,e05,c5,p18,l1,0.00
i103,e05,c5,p18,l3,0.00
i103,e05,c5,p19,l1,0.00
i103,e05,c5,p19,l3,0.00
i103,e05,c5,p20,l3,0.00
i103,e05,c5,p21,l3,0.00
i103,e05,c5,p22,l3,0.00
i103,e05,c5,p23,l3,0.00
i103,e05,c5,p24,l3,0.00
i103,e05,c5,p25,l3,0.00
i103,e05,c5,p26,l3,0.00
i103,e05,c5,p28,l3,0.00
i103,e05,c5,p29,l1,0.00
i103,e05,c5,p29,l3,0.00
i103,e05,c5,p30,l3,0.00
i103,e05,c5,p32,l3,0.00
i103,e05,c5,p35,l1,0.00
i103,e05,c5,p35,l3,0.00
i104,e02,c5,p01,l3,0.00
i104,e02,c5,p03,l3,0.00
i104,e02,c5,p04,l3,0.00
i104,e02,c5,p05,l3,0.00
i104,e02,c5,p06,l3,0.00
i104,e02,c5,p08,l3,0.00
i104,e02,c5,p09,l3,0.00
i104,e02,c5,p10,l3,0.00
i104,e02,c5,p11,l3,0.00
i104,e02,c5,p12,l3,0.00
i104,e02,c5,p13,l3,0.00
i104,e02,c5,p14,l3,0.00
i104,e02,c5,p15,l3,0.00
i104,e02,c5,p17,l3,0.00
i104,e02,c5,p19,l3,0.00
i104,e02,c5,p21,l3,0.00
i104,e02,c5,p23,l3,0.00
i104,e02,c5,p24,l3,0.00
i104,e02,c5,p25,l3,0.00
i104,e02,c5,p35,l3,0.00
i104,e05,c5,p01,l3,0.00
i104,e05,c5,p02,l3,0.00
i104,e05,c5,p03,l3,0.00
i104,e05,c5,p04,l3,0.00
i104,e05,c5,p05,l3,0.00
i104,e05,c5,p07,l3,0.00
i104,e05,c5,p08,l3,0.00
i104,e05,c5,p09,l3,0.00
i104,e05,c5,p10,l3,0.00
i104,e05,c5,p11,l3,0.00
i104,e05,c5,p12,l3,0.00
i104,e05,c5,p13,l3,0.00
i104,e05,c5,p14,l3,0.00
i104,e05,c5,p15,l3,0.00
i104,e05,c5,p16,l3,0.00
i104,e05,c5,p17,l3,0.00
i104,e05,c5,p18,l3,0.00
i104,e05,c5,p19,l3,0.00
i104,e05,c5,p21,l3,0.00
i104,e05,c5,p23,l3,0.00
i104,e05,c5,p24,l3,0.00
i104,e05,c5,p25,l3,0.00
i104,e05,c5,p28,l3,0.00
i104,e05,c5,p29,l3,0.00
i104,e05,c5,p32,l3,0.00
i104,e05,c5,p35,l3,0.00
i104,e07,c5,p08,l3,0.00
i104,e07,c5,p10,l3,0.00
i104,e07,c5,p11,l3,0.00
i104,e07,c5,p15,l3,0.00
i104,e12,c5,p01,l3,0.00
i104,e12,c5,p17,l3,0.00
i104,e12,c5,p32,l3,0.00
i105,e01,c5,p10,l3,0.00
i105,e02,c5,p09,l3,0.00
i105,e02,c5,p10,l3,0.00
i105,e02,c5,p29,l3,0.00
i105,e04,c5,p01,l3,0.00
i105,e04,c5,p10,l3,0.00
i105,e05,c3,p10,l3,0.00
i105,e05,c5,p01,l3,0.00
i105,e05,c5,p02,l3,0.00
i105,e05,c5,p03,l3,0.00
i105,e05,c5,p04,l3,0.00
i105,e05,c5,p05,l3,0.00
i105,e05,c5,p07,l3,0.00
i105,e05,c5,p08,l3,0.00
i105,e05,c5,p09,l3,0.00
i105,e05,c5,p10,l3,0.00
i105,e05,c5,p11,l3,0.00
i105,e05,c5,p12,l3,0.00
i105,e05,c5,p13,l3,0.00
i105,e05,c5,p14,l3,0.00
i105,e05,c5,p15,l3,0.00
i105,e05,c5,p16,l3,0.00
i105,e05,c5,p17,l3,0.00
i105,e05,c5,p18,l3,0.00
i105,e05,c5,p19,l3,0.00
i105,e05,c5,p21,l3,0.00
i105,e05,c5,p23,l3,0.00
i105,e05,c5,p24,l3,0.00
i105,e05,c5,p25,l3,0.00
i105,e05,c5,p28,l3,0.00
i105,e05,c5,p29,l3,0.00
i105,e05,c5,p32,l3,0.00
i105,e05,c5,p35,l3,0.00
i105,e07,c5,p10,l3,0.00
i105,e08,c5,p01,l3,0.00
i105,e08,c5,p04,l3,0.00
i105,e08,c5,p10,l3,0.00
i105,e08,c5,p16,l3,0.00
i105,e08,c5,p19,l3,0.00
i105,e08,c5,p21,l3,0.00
i105,e08,c5,p35,l3,0.00
i105,e09,c5,p10,l3,0.00
i105,e12,c5,p01,l3,0.00
i105,e12,c5,p03,l3,0.00
i105,e12,c5,p04,l3,0.00
i105,e12,c5,p05,l3,0.00
i105,e12,c5,p10,l3,0.00
i105,e12,c5,p11,l3,0.00
i105,e12,c5,p14,l3,0.00
i105,e12,c5,p15,l3,0.00
i105,e12,c5,p21,l3,0.00
i105,e12,c5,p24,l3,0.00
i105,e12,c5,p28,l3,0.00
i105,e12,c5,p29,l3,0.00
i105,e12,c5,p32,l3,0.00
i105,e12,c5,p35,l3,0.00
i106,e01,c3,p35,l3,0.00
i106,e01,c5,p35,l3,0.00
i106,e04,c3,p35,l1,0.00
i106,e04,c3,p35,l3,0.00
i106,e04,c5,p35,l1,0.00
i106,e04,c5,p35,l3,0.00
i106,e05,c3,p35,l1,0.00
i106,e05,c3,p35,l3,0.00
i106,e05,c5,p35,l3,0.00
i106,e09,c3,p35,l3,0.00
i106,e09,c5,p35,l2,0.00
i106,e09,c5,p35,l3,0.00
i107,e01,c2,p35,l3,0.00
i107,e04,c2,p35,l3,0.00
i107,e09,c2,p35,l3,0.00
i108,e01,c5,p01,l3,0.00
i108,e01,c5,p03,l3,0.00
i108,e01,c5,p06,l3,0.00
i108,e01,c5,p07,l3,0.00
i108,e01,c5,p09,l3,0.00
i108,e01,c5,p10,l3,0.00
i108,e01,c5,p16,l3,0.00
i108,e01,c5,p18,l3,0.00
i108,e01,c5,p21,l3,0.00
i108,e02,c5,p18,l3,0.00
i108,e04,c5,p01,l3,0.00
i108,e04,c5,p03,l3,0.00
i108,e04,c5,p04,l3,0.00
i108,e04,c5,p06,l3,0.00
i108,e04,c5,p07,l3,0.00
i108,e04,c5,p09,l3,0.00
i108,e04,c5,p10,l3,0.00
i108,e04,c5,p12,l3,0.00
i108,e04,c5,p16,l3,0.00
i108,e04,c5,p19,l3,0.00
i108,e04,c5,p21,l3,0.00
i108,e04,c5,p25,l3,0.00
i108,e04,c5,p31,l3,0.00
i108,e05,c5,p01,l3,0.00
i108,e05,c5,p03,l3,0.00
i108,e05,c5,p04,l3,0.00
i108,e05,c5,p07,l3,0.00
i108,e05,c5,p10,l3,0.00
i108,e05,c5,p14,l3,0.00
i108,e05,c5,p17,l3,0.00
i108,e05,c5,p18,l3,0.00
i108,e08,c5,p01,l3,0.00
i108,e08,c5,p03,l3,0.00
i108,e08,c5,p04,l3,0.00
i108,e08,c5,p09,l3,0.00
i108,e08,c5,p10,l3,0.00
i108,e08,c5,p13,l3,0.00
i108,e08,c5,p25,l3,0.00
i108,e08,c5,p35,l3,0.00
i108,e09,c5,p01,l3,0.00
i108,e09,c5,p04,l3,0.00
i108,e09,c5,p05,l3,0.00
i108,e09,c5,p06,l3,0.00
i108,e09,c5,p07,l3,0.00
i108,e09,c5,p10,l3,0.00
i108,e09,c5,p21,l3,0.00
i108,e13,c5,p01,l3,0.00
i108,e13,c5,p02,l3,0.00
i108,e13,c5,p03,l3,0.00
i108,e13,c5,p04,l3,0.00
i108,e13,c5,p05,l3,0.00
i108,e13,c5,p06,l3,0.00
i108,e13,c5,p07,l3,0.00
i108,e13,c5,p08,l3,0.00
i108,e13,c5,p09,l3,0.00
i108,e13,c5,p10,l3,0.00
i108,e13,c5,p11,l3,0.00
i108,e13,c5,p12,l3,0.00
i108,e13,c5,p13,l3,0.00
i108,e13,c5,p14,l3,0.00
i108,e13,c5,p15,l3,0.00
i108,e13,c5,p16,l3,0.00
i108,e13,c5,p17,l3,0.00
i108,e13,c5,p18,l3,0.00
i108,e13,c5,p19,l3,0.00
i108,e13,c5,p21,l3,0.00
i108,e13,c5,p22,l3,0.00
i108,e13,c5,p23,l3,0.00
i108,e13,c5,p24,l3,0.00
i108,e13,c5,p25,l3,0.00
i108,e13,c5,p28,l3,0.00
i108,e13,c5,p29,l3,0.00
i108,e13,c5,p31,l3,0.00
i108,e13,c5,p35,l3,0.00
i109,e01,c3,p10,l3,0.00
i109,e01,c3,p35,l3,0.00
i109,e01,c5,p10,l3,0.00
i109,e04,c3,p10,l3,0.00
i109,e04,c3,p35,l3,0.00
i109,e04,c5,p10,l3,0.00
i109,e05,c3,p10,l3,0.00
i109,e08,c3,p10,l3,0.00
i109,e08,c3,p35,l3,0.00
i109,e08,c5,p10,l3,0.00
i109,e09,c3,p10,l3,0.00
i109,e09,c3,p35,l3,0.00
i109,e09,c5,p10,l3,0.00
i109,e11,c3,p10,l3,0.00
i109,e11,c3,p35,l3,0.00
i11,e01,c4,p01,l3,0.00
i11,e01,c4,p02,l3,0.00
i11,e01,c4,p03,l3,0.00
i11,e01,c4,p04,l3,0.00
i11,e01,c4,p05,l3,0.00
i11,e01,c4,p06,l3,0.00
i11,e01,c4,p07,l3,0.00
i11,e01,c4,p08,l3,0.00
i11,e01,c4,p09,l3,0.00
i11,e01,c4,p10,l3,0.00
i11,e01,c4,p11,l3,0.00
i11,e01,c4,p12,l3,0.00
i11,e01,c4,p13,l3,0.00
i11,e01,c4,p14,l3,0.00
i11,e01,c4,p15,l3,0.00
i11,e01,c4,p16,l3,0.00
i11,e01,c4,p17,l3,0.00
i11,e01,c4,p18,l3,0.00
i11,e01,c4,p19,l3,0.00
i11,e01,c4,p20,l3,0.00
i11,e01,c4,p21,l3,0.00
i11,e01,c4,p22,l3,0.00
i11,e01,c4,p23,l3,0.00
i11,e01,c4,p24,l3,0.00
i11,e01,c4,p25,l3,0.00
i11,e01,c4,p26,l3,0.00
i11,e01,c4,p28,l3,0.00
i11,e01,c4,p29,l3,0.00
i11,e01,c4,p30,l3,0.00
i11,e01,c4,p31,l3,0.00
i11,e01,c4,p32,l3,0.00
i11,e01,c4,p35,l3,0.00
i11,e04,c4,p01,l3,0.00
i11,e04,c4,p02,l3,0.00
i11,e04,c4,p03,l3,0.00
i11,e04,c4,p04,l3,0.00
i11,e04,c4,p05,l3,0.00
i11,e04,c4,p06,l3,0.00
i11,e04,c4,p07,l3,0.00
i11,e04,c4,p08,l3,0.00
i11,e04,c4,p09,l3,0.00
i11,e04,c4,p10,l3,0.00
i11,e04,c4,p11,l3,0.00
i11,e04,c4,p12,l3,0.00
i11,e04,c4,p13,l3,0.00
i11,e04,c4,p14,l3,0.00
i11,e04,c4,p15,l3,0.00
i11,e04,c4,p16,l3,0.00
i11,e04,c4,p17,l3,0.00
i11,e04,c4,p18,l3,0.00
i11,e04,c4,p19,l3,0.00
i11,e04,c4,p20,l3,0.00
i11,e04,c4,p21,l3,0.00
i11,e04,c4,p22,l3,0.00
i11,e04,c4,p23,l3,0.00
i11,e04,c4,p24,l3,0.00
i11,e04,c4,p25,l3,0.00
i11,e04,c4,p26,l3,0.00
i11,e04,c4,p28,l3,0.00
i11,e04,c4,p29,l3,0.00
i11,e04,c4,p30,l3,0.00
i11,e04,c4,p31,l3,0.00
i11,e04,c4,p32,l3,0.00
i11,e04,c4,p35,l3,0.00
i11,e05,c4,p01,l3,0.00
i11,e05,c4,p02,l3,0.00
i11,e05,c4,p03,l3,0.00
i11,e05,c4,p04,l3,0.00
i11,e05,c4,p05,l3,0.00
i11,e05,c4,p06,l3,0.00
i11,e05,c4,p07,l3,0.00
i11,e05,c4,p08,l3,0.00
i11,e05,c4,p09,l3,0.00
i11,e05,c4,p10,l3,0.00
i11,e05,c4,p11,l3,0.00
i11,e05,c4,p12,l3,0.00
i11,e05,c4,p13,l3,0.00
i11,e05,c4,p14,l3,0.00
i11,e05,c4,p15,l3,0.00
i11,e05,c4,p16,l3,0.00
i11,e05,c4,p17,l3,0.00
i11,e05,c4,p18,l3,0.00
i11,e05,c4,p19,l3,0.00
i11,e05,c4,p20,l3,0.00
i11,e05,c4,p21,l3,0.00
i11,e05,c4,p22,l3,0.00
i11,e05,c4,p23,l3,0.00
i11,e05,c4,p24,l3,0.00
i11,e05,c4,p25,l3,0.00
i11,e05,c4,p26,l3,0.00
i11,e05,c4,p28,l3,0.00
i11,e05,c4,p29,l3,0.00
i11,e05,c4,p30,l3,0.00
i11,e05,c4,p31,l3,0.00
i11,e05,c4,p32,l3,0.00
i11,e05,c4,p34,l3,0.00
i11,e05,c4,p35,l3,0.00
i11,e09,c4,p01,l3,0.00
i11,e09,c4,p02,l3,0.00
i11,e09,c4,p03,l3,0.00
i11,e09,c4,p04,l3,0.00
i11,e09,c4,p05,l3,0.00
i11,e09,c4,p06,l3,0.00
i11,e09,c4,p07,l3,0.00
i11,e09,c4,p08,l3,0.00
i11,e09,c4,p09,l3,0.00
i11,e09,c4,p10,l3,0.00
i11,e09,c4,p11,l3,0.00
i11,e09,c4,p12,l3,0.00
i11,e09,c4,p13,l3,0.00
i11,e09,c4,p14,l3,0.00
i11,e09,c4,p15,l3,0.00
i11,e09,c4,p16,l3,0.00
i11,e09,c4,p17,l3,0.00
i11,e09,c4,p18,l3,0.00
i11,e09,c4,p19,l3,0.00
i11,e09,c4,p20,l3,0.00
i11,e09,c4,p21,l3,0.00
i11,e09,c4,p22,l3,0.00
i11,e09,c4,p23,l3,0.00
i11,e09,c4,p24,l3,0.00
i11,e09,c4,p25,l3,0.00
i11,e09,c4,p26,l3,0.00
i11,e09,c4,p28,l3,0.00
i11,e09,c4,p29,l3,0.00
i11,e09,c4,p30,l3,0.00
i11,e09,c4,p31,l3,0.00
i11,e09,c4,p32,l3,0.00
i11,e09,c4,p35,l3,0.00
i110,e01,c1,p01,l3,0.00
i110,e01,c1,p10,l3,0.00
i110,e01,c1,p19,l3,0.00
i110,e01,c1,p33,l3,0.00
i110,e01,c1,p35,l3,0.00
i110,e01,c4,p33,l3,0.00
i110,e03,c1,p01,l3,0.00
i110,e03,c1,p10,l3,0.00
i110,e03,c1,p14,l3,0.00
i110,e03,c1,p19,l3,0.00
i110,e03,c1,p33,l3,0.00
i110,e03,c1,p35,l3,0.00
i110,e03,c4,p33,l3,0.00
i110,e04,c1,p01,l3,0.00
i110,e04,c1,p10,l3,0.00
i110,e04,c1,p14,l3,0.00
i110,e04,c1,p19,l3,0.00
i110,e04,c1,p33,l3,0.00
i110,e04,c4,p33,l3,0.00
i110,e05,c1,p10,l3,0.00
i110,e05,c1,p33,l3,0.00
i110,e06,c1,p01,l3,0.00
i110,e06,c1,p10,l3,0.00
i110,e06,c1,p14,l3,0.00
i110,e06,c1,p19,l3,0.00
i110,e06,c1,p33,l3,0.00
i110,e08,c1,p01,l3,0.00
i110,e08,c1,p10,l3,0.00
i110,e08,c1,p14,l3,0.00
i110,e08,c1,p19,l3,0.00
i110,e08,c1,p33,l3,0.00
i110,e08,c4,p33,l3,0.00
i110,e09,c1,p01,l3,0.00
i110,e09,c1,p10,l3,0.00
i110,e09,c1,p14,l3,0.00
i110,e09,c1,p19,l3,0.00
i110,e09,c1,p33,l3,0.00
i110,e09,c4,p33,l3,0.00
i110,e10,c1,p01,l3,0.00
i110,e10,c1,p10,l3,0.00
i110,e10,c1,p14,l3,0.00
i110,e10,c1,p15,l3,0.00
i110,e10,c1,p19,l3,0.00
i110,e10,c1,p33,l3,0.00
i110,e10,c1,p35,l3,0.00
i110,e10,c4,p33,l3,0.00
i110,e11,c1,p10,l3,0.00
i110,e11,c1,p14,l3,0.00
i110,e11,c1,p19,l3,0.00
i110,e11,c1,p33,l3,0.00
i110,e11,c4,p33,l3,0.00
i111,e01,c1,p01,l3,0.00
i111,e01,c1,p02,l3,0.00
i111,e01,c1,p03,l3,0.00
i111,e01,c1,p04,l3,0.00
i111,e01,c1,p05,l3,0.00
i111,e01,c1,p07,l3,0.00
i111,e01,c1,p08,l3,0.00
i111,e01,c1,p09,l3,0.00
i111,e01,c1,p10,l3,0.00
i111,e01,c1,p11,l3,0.00
i111,e01,c1,p12,l3,0.00
i111,e01,c1,p13,l3,0.00
i111,e01,c1,p14,l3,0.00
i111,e01,c1,p15,l3,0.00
i111,e01,c1,p17,l3,0.00
i111,e01,c1,p18,l3,0.00
i111,e01,c1,p19,l3,0.00
i111,e01,c1,p21,l3,0.00
i111,e01,c1,p22,l3,0.00
i111,e01,c1,p23,l3,0.00
i111,e01,c1,p24,l3,0.00
i111,e01,c1,p28,l3,0.00
i111,e01,c1,p29,l3,0.00
i111,e01,c1,p35,l3,0.00
i111,e01,c4,p07,l3,0.00
i111,e01,c4,p23,l3,0.00
i111,e04,c1,p01,l3,0.00
i111,e04,c1,p02,l1,0.00
i111,e04,c1,p02,l3,0.00
i111,e04,c1,p03,l3,0.00
i111,e04,c1,p04,l3,0.00
i111,e04,c1,p05,l3,0.00
i111,e04,c1,p07,l1,0.00
i111,e04,c1,p07,l3,0.00
i111,e04,c1,p08,l3,0.00
i111,e04,c1,p09,l1,0.00
i111,e04,c1,p09,l3,0.00
i111,e04,c1,p10,l1,0.00
i111,e04,c1,p10,l3,0.00
i111,e04,c1,p11,l1,0.00
i111,e04,c1,p11,l3,0.00
i111,e04,c1,p12,l1,0.00
i111,e04,c1,p12,l3,0.00
i111,e04,c1,p13,l3,0.00
i111,e04,c1,p14,l3,0.00
i111,e04,c1,p15,l1,0.00
i111,e04,c1,p15,l3,0.00
i111,e04,c1,p17,l3,0.00
i111,e04,c1,p18,l1,0.00
i111,e04,c1,p18,l3,0.00
i111,e04,c1,p19,l1,0.00
i111,e04,c1,p19,l3,0.00
i111,e04,c1,p21,l1,0.00
i111,e04,c1,p21,l3,0.00
i111,e04,c1,p22,l1,0.00
i111,e04,c1,p22,l3,0.00
i111,e04,c1,p23,l1,0.00
i111,e04,c1,p23,l3,0.00
i111,e04,c1,p25,l3,0.00
i111,e04,c1,p26,l3,0.00
i111,e04,c1,p28,l3,0.00
i111,e04,c1,p29,l1,0.00
i111,e04,c1,p29,l3,0.00
i111,e04,c1,p35,l1,0.00
i111,e04,c1,p35,l3,0.00
i111,e04,c4,p07,l3,0.00
i111,e04,c4,p23,l3,0.00
i111,e05,c1,p01,l3,0.00
i111,e05,c1,p07,l3,0.00
i111,e05,c1,p10,l3,0.00
i111,e05,c1,p11,l1,0.00
i111,e05,c1,p11,l3,0.00
i111,e05,c1,p12,l3,0.00
i111,e05,c1,p21,l3,0.00
i111,e05,c1,p22,l3,0.00
i111,e05,c1,p29,l3,0.00
i111,e05,c1,p35,l3,0.00
i111,e08,c1,p01,l3,0.00
i111,e08,c1,p02,l3,0.00
i111,e08,c1,p03,l3,0.00
i111,e08,c1,p04,l3,0.00
i111,e08,c1,p05,l3,0.00
i111,e08,c1,p07,l2,0.00
i111,e08,c1,p07,l3,0.00
i111,e08,c1,p08,l3,0.00
i111,e08,c1,p09,l2,0.00
i111,e08,c1,p09,l3,0.00
i111,e08,c1,p10,l2,0.00
i111,e08,c1,p10,l3,0.00
i111,e08,c1,p11,l2,0.00
i111,e08,c1,p11,l3,0.00
i111,e08,c1,p12,l2,0.00
i111,e08,c1,p12,l3,0.00
i111,e08,c1,p13,l3,0.00
i111,e08,c1,p14,l3,0.00
i111,e08,c1,p15,l3,0.00
i111,e08,c1,p17,l2,0.00
i111,e08,c1,p17,l3,0.00
i111,e08,c1,p18,l3,0.00
i111,e08,c1,p19,l2,0.00
i111,e08,c1,p19,l3,0.00
i111,e08,c1,p21,l2,0.00
i111,e08,c1,p21,l3,0.00
i111,e08,c1,p22,l2,0.00
i111,e08,c1,p22,l3,0.00
i111,e08,c1,p23,l3,0.00
i111,e08,c1,p24,l3,0.00
i111,e08,c1,p25,l3,0.00
i111,e08,c1,p29,l2,0.00
i111,e08,c1,p29,l3,0.00
i111,e08,c1,p35,l2,0.00
i111,e08,c1,p35,l3,0.00
i111,e08,c4,p07,l3,0.00
i111,e08,c4,p23,l3,0.00
i111,e09,c1,p01,l3,0.00
i111,e09,c1,p02,l3,0.00
i111,e09,c1,p03,l2,0.00
i111,e09,c1,p03,l3,0.00
i111,e09,c1,p04,l3,0.00
i111,e09,c1,p07,l2,0.00
i111,e09,c1,p07,l3,0.00
i111,e09,c1,p08,l3,0.00
i111,e09,c1,p09,l2,0.00
i111,e09,c1,p09,l3,0.00
i111,e09,c1,p10,l2,0.00
i111,e09,c1,p10,l3,0.00
i111,e09,c1,p11,l2,0.00
i111,e09,c1,p11,l3,0.00
i111,e09,c1,p12,l2,0.00
i111,e09,c1,p12,l3,0.00
i111,e09,c1,p13,l3,0.00
i111,e09,c1,p14,l3,0.00
i111,e09,c1,p15,l2,0.00
i111,e09,c1,p15,l3,0.00
i111,e09,c1,p17,l3,0.00
i111,e09,c1,p18,l2,0.00
i111,e09,c1,p18,l3,0.00
i111,e09,c1,p19,l2,0.00
i111,e09,c1,p19,l3,0.00
i111,e09,c1,p21,l2,0.00
i111,e09,c1,p21,l3,0.00
i111,e09,c1,p22,l2,0.00
i111,e09,c1,p22,l3,0.00
i111,e09,c1,p23,l2,0.00
i111,e09,c1,p23,l3,0.00
i111,e09,c1,p24,l3,0.00
i111,e09,c1,p25,l3,0.00
i111,e09,c1,p29,l2,0.00
i111,e09,c1,p29,l3,0.00
i111,e09,c1,p35,l2,0.00
i111,e09,c1,p35,l3,0.00
i111,e11,c1,p01,l3,0.00
i111,e11,c1,p02,l2,0.00
i111,e11,c1,p03,l3,0.00
i111,e11,c1,p07,l3,0.00
i111,e11,c1,p09,l3,0.00
i111,e11,c1,p10,l3,0.00
i111,e11,c1,p11,l2,0.00
i111,e11,c1,p11,l3,0.00
i111,e11,c1,p12,l3,0.00
i111,e11,c1,p15,l3,0.00
i111,e11,c1,p19,l2,0.00
i111,e11,c1,p19,l3,0.00
i111,e11,c1,p21,l2,0.00
i111,e11,c1,p23,l2,0.00
i111,e11,c1,p23,l3,0.00
i111,e11,c1,p24,l3,0.00
i111,e11,c1,p25,l3,0.00
i111,e11,c1,p29,l2,0.00
i111,e11,c1,p29,l3,0.00
i111,e11,c1,p35,l2,0.00
i112,e02,c3,p03,l3,0.00
i112,e02,c5,p01,l3,0.00
i112,e02,c5,p02,l3,0.00
i112,e02,c5,p03,l3,0.00
i112,e02,c5,p10,l3,0.00
i112,e02,c5,p12,l3,0.00
i112,e02,c5,p19,l3,0.00
i112,e02,c5,p21,l3,0.00
i112,e02,c5,p29,l3,0.00
i112,e05,c5,p01,l1,0.00
i112,e05,c5,p01,l3,0.00
i112,e05,c5,p02,l1,0.00
i112,e05,c5,p02,l3,0.00
i112,e05,c5,p03,l3,0.00
i112,e05,c5,p04,l3,0.00
i112,e05,c5,p05,l1,0.00
i112,e05,c5,p05,l3,0.00
i112,e05,c5,p06,l3,0.00
i112,e05,c5,p07,l3,0.00
i112,e05,c5,p08,l3,0.00
i112,e05,c5,p09,l1,0.00
i112,e05,c5,p09,l3,0.00
i112,e05,c5,p10,l1,0.00
i112,e05,c5,p10,l3,0.00
i112,e05,c5,p11,l1,0.00
i112,e05,c5,p11,l3,0.00
i112,e05,c5,p12,l1,0.00
i112,e05,c5,p12,l3,0.00
i112,e05,c5,p13,l3,0.00
i112,e05,c5,p14,l3,0.00
i112,e05,c5,p15,l1,0.00
i112,e05,c5,p15,l3,0.00
i112,e05,c5,p18,l3,0.00
i112,e05,c5,p19,l1,0.00
i112,e05,c5,p19,l3,0.00
i112,e05,c5,p21,l1,0.00
i112,e05,c5,p21,l3,0.00
i112,e05,c5,p22,l1,0.00
i112,e05,c5,p22,l3,0.00
i112,e05,c5,p23,l3,0.00
i112,e05,c5,p24,l1,0.00
i112,e05,c5,p24,l3,0.00
i112,e05,c5,p28,l3,0.00
i112,e05,c5,p29,l1,0.00
i112,e05,c5,p29,l3,0.00
i112,e05,c5,p35,l1,0.00
i112,e05,c5,p35,l3,0.00
i113,e01,c5,p10,l3,0.00
i113,e01,c5,p35,l3,0.00
i113,e04,c5,p01,l3,0.00
i113,e04,c5,p10,l3,0.00
i113,e04,c5,p11,l3,0.00
i113,e04,c5,p18,l3,0.00
i113,e04,c5,p35,l3,0.00
i113,e05,c5,p10,l3,0.00
i113,e05,c5,p18,l3,0.00
i113,e05,c5,p35,l3,0.00
i113,e08,c5,p01,l3,0.00
i113,e08,c5,p10,l3,0.00
i113,e08,c5,p35,l3,0.00
i113,e09,c5,p10,l3,0.00
i113,e09,c5,p11,l3,0.00
i113,e09,c5,p18,l3,0.00
i113,e09,c5,p35,l3,0.00
i113,e11,c5,p10,l3,0.00
i114,e01,c3,p35,l3,0.00
i114,e01,c5,p09,l3,0.00
i114,e01,c5,p10,l3,0.00
i114,e01,c5,p19,l3,0.00
i114,e01,c5,p35,l3,0.00
i114,e04,c3,p35,l3,0.00
i114,e04,c5,p10,l3,0.00
i114,e04,c5,p19,l3,0.00
i114,e04,c5,p35,l3,0.00
i114,e05,c5,p12,l3,0.00
i114,e05,c5,p35,l3,0.00
i114,e09,c3,p35,l3,0.00
i114,e09,c5,p10,l3,0.00
i114,e09,c5,p35,l3,0.00
i115,e02,c5,p35,l3,0.00
i115,e05,c5,p10,l3,0.00
i115,e05,c5,p35,l3,0.00
i115,e13,c5,p10,l3,0.00
i115,e13,c5,p35,l3,0.00
i116,e01,c1,p05,l3,0.00
i116,e01,c1,p10,l3,0.00
i116,e01,c1,p11,l3,0.00
i116,e01,c1,p19,l3,0.00
i116,e01,c1,p35,l3,0.00
i116,e01,c4,p10,l3,0.00
i116,e04,c1,p05,l3,0.00
i116,e04,c1,p10,l3,0.00
i116,e04,c1,p11,l3,0.00
i116,e04,c1,p29,l3,0.00
i116,e04,c1,p35,l3,0.00
i116,e04,c4,p10,l3,0.00
i116,e09,c1,p05,l3,0.00
i116,e09,c1,p10,l3,0.00
i116,e09,c1,p19,l3,0.00
i116,e09,c1,p35,l3,0.00
i116,e09,c4,p10,l3,0.00
i117,e01,c1,p10,l3,0.00
i117,e01,c1,p35,l3,0.00
i117,e04,c1,p10,l1,0.00
i117,e04,c1,p10,l3,0.00
i117,e04,c1,p35,l3,0.00
i117,e07,c1,p10,l2,0.00
i117,e07,c1,p10,l3,0.00
i117,e07,c1,p35,l3,0.00
i117,e08,c1,p10,l3,0.00
i117,e08,c1,p35,l3,0.00
i117,e09,c1,p10,l2,0.00
i117,e09,c1,p10,l3,0.00
i117,e09,c1,p35,l3,0.00
i117,e10,c1,p10,l2,0.00
i117,e10,c1,p10,l3,0.00
i117,e11,c1,p10,l2,0.00
i117,e11,c1,p10,l3,0.00
i117,e11,c1,p35,l3,0.00
i117,e12,c1,p10,l3,0.00
i118,e02,c5,p10,l3,0.00
i118,e02,c5,p12,l3,0.00
i118,e02,c5,p21,l3,0.00
i118,e02,c5,p35,l3,0.00
i118,e05,c5,p01,l3,0.00
i118,e05,c5,p08,l3,0.00
i118,e05,c5,p10,l3,0.00
i118,e05,c5,p11,l3,0.00
i118,e05,c5,p12,l3,0.00
i118,e05,c5,p21,l3,0.00
i118,e05,c5,p28,l3,0.00
i119,e01,c5,p10,l3,0.00
i119,e01,c5,p35,l3,0.00
i119,e04,c5,p35,l3,0.00
i119,e05,c3,p35,l3,0.00
i119,e05,c5,p01,l3,0.00
i119,e05,c5,p10,l3,0.00
i119,e05,c5,p21,l3,0.00
i119,e05,c5,p35,l3,0.00
i119,e09,c5,p10,l3,0.00
i119,e09,c5,p35,l3,0.00
i12,e01,c3,p01,l3,0.00
i12,e01,c3,p03,l3,0.00
i12,e01,c3,p05,l3,0.00
i12,e01,c3,p10,l3,0.00
i12,e01,c3,p12,l3,0.00
i12,e01,c3,p13,l3,0.00
i12,e01,c3,p14,l3,0.00
i12,e01,c3,p16,l3,0.00
i12,e01,c3,p17,l3,0.00
i12,e01,c3,p18,l3,0.00
i12,e01,c3,p19,l3,0.00
i12,e01,c3,p21,l3,0.00
i12,e01,c3,p22,l3,0.00
i12,e01,c3,p28,l3,0.00
i12,e01,c3,p29,l3,0.00
i12,e01,c3,p33,l3,0.00
i12,e01,c3,p35,l3,0.00
i12,e01,c5,p01,l3,3.30
i12,e01,c5,p02,l3,0.00
i12,e01,c5,p03,l3,0.00
i12,e01,c5,p04,l3,0.00
i12,e01,c5,p05,l3,0.00
i12,e01,c5,p06,l3,0.00
i12,e01,c5,p07,l3,0.00
i12,e01,c5,p08,l3,0.00
i12,e01,c5,p09,l3,0.00
i12,e01,c5,p10,l3,9.70
i12,e01,c5,p11,l3,0.00
i12,e01,c5,p12,l3,0.00
i12,e01,c5,p13,l3,0.00
i12,e01,c5,p14,l3,0.00
i12,e01,c5,p15,l3,0.00
i12,e01,c5,p16,l3,0.00
i12,e01,c5,p17,l3,1.28
i12,e01,c5,p18,l3,0.00
i12,e01,c5,p19,l3,0.00
i12,e01,c5,p20,l3,0.00
i12,e01,c5,p21,l3,0.00
i12,e01,c5,p22,l3,0.00
i12,e01,c5,p23,l3,0.00
i12,e01,c5,p24,l3,0.00
i12,e01,c5,p25,l3,0.00
i12,e01,c5,p26,l3,0.00
i12,e01,c5,p27,l3,0.00
i12,e01,c5,p28,l3,0.00
i12,e01,c5,p29,l3,0.00
i12,e01,c5,p30,l3,0.00
i12,e01,c5,p31,l3,0.00
i12,e01,c5,p32,l3,0.00
i12,e01,c5,p33,l3,0.00
i12,e01,c5,p35,l3,0.00
i12,e04,c3,p01,l1,0.00
i12,e04,c3,p01,l3,0.00
i12,e04,c3,p03,l1,0.00
i12,e04,c3,p03,l3,0.00
i12,e04,c3,p05,l3,0.00
i12,e04,c3,p10,l1,0.00
i12,e04,c3,p10,l3,0.00
i12,e04,c3,p11,l3,0.00
i12,e04,c3,p12,l3,0.00
i12,e04,c3,p13,l3,0.00
i12,e04,c3,p14,l3,0.00
i12,e04,c3,p16,l1,0.00
i12,e04,c3,p16,l3,0.00
i12,e04,c3,p17,l3,0.00
i12,e04,c3,p18,l1,0.00
i12,e04,c3,p18,l3,0.00
i12,e04,c3,p19,l1,0.00
i12,e04,c3,p19,l3,0.00
i12,e04,c3,p21,l1,0.00
i12,e04,c3,p21,l3,0.00
i12,e04,c3,p22,l3,0.00
i12,e04,c3,p24,l3,0.00
i12,e04,c3,p28,l3,0.00
i12,e04,c3,p29,l1,0.00
i12,e04,c3,p33,l3,0.00
i12,e04,c3,p35,l3,0.00
i12,e04,c5,p01,l1,0.00
i12,e04,c5,p01,l3,0.00
i12,e04,c5,p02,l1,0.00
i12,e04,c5,p02,l3,0.00
i12,e04,c5,p03,l1,0.00
i12,e04,c5,p03,l3,3.08
i12,e04,c5,p04,l1,0.00
i12,e04,c5,p04,l3,0.00
i12,e04,c5,p05,l1,0.00
i12,e04,c5,p05,l3,0.00
i12,e04,c5,p06,l1,0.00
i12,e04,c5,p06,l3,0.00
i12,e04,c5,p07,l1,0.00
i12,e04,c5,p07,l3,0.00
i12,e04,c5,p08,l1,0.00
i12,e04,c5,p08,l3,0.00
i12,e04,c5,p09,l1,0.00
i12,e04,c5,p09,l3,0.00
i12,e04,c5,p10,l1,0.00
i12,e04,c5,p10,l3,9.62
i12,e04,c5,p11,l1,0.00
i12,e04,c5,p11,l3,0.00
i12,e04,c5,p12,l1,0.00
i12,e04,c5,p12,l3,0.00
i12,e04,c5,p13,l1,0.00
i12,e04,c5,p13,l3,0.00
i12,e04,c5,p14,l1,0.00
i12,e04,c5,p14,l3,0.00
i12,e04,c5,p15,l1,0.00
i12,e04,c5,p15,l3,0.00
i12,e04,c5,p16,l1,0.00
i12,e04,c5,p16,l3,0.00
i12,e04,c5,p17,l1,0.00
i12,e04,c5,p17,l3,15.67
i12,e04,c5,p18,l1,0.00
i12,e04,c5,p18,l3,0.00
i12,e04,c5,p19,l1,0.00
i12,e04,c5,p19,l3,10.19
i12,e04,c5,p20,l1,0.00
i12,e04,c5,p20,l3,0.00
i12,e04,c5,p21,l1,0.00
i12,e04,c5,p21,l3,0.00
i12,e04,c5,p22,l1,0.00
i12,e04,c5,p22,l3,0.00
i12,e04,c5,p23,l1,0.00
i12,e04,c5,p23,l3,0.00
i12,e04,c5,p24,l1,0.00
i12,e04,c5,p24,l3,0.00
i12,e04,c5,p25,l1,0.00
i12,e04,c5,p25,l3,0.00
i12,e04,c5,p26,l1,0.00
i12,e04,c5,p26,l3,0.00
i12,e04,c5,p27,l1,0.00
i12,e04,c5,p27,l3,0.00
i12,e04,c5,p28,l1,0.00
i12,e04,c5,p28,l3,0.00
i12,e04,c5,p29,l1,0.00
i12,e04,c5,p29,l3,0.00
i12,e04,c5,p30,l3,0.00
i12,e04,c5,p31,l1,0.00
i12,e04,c5,p31,l3,0.00
i12,e04,c5,p32,l1,0.00
i12,e04,c5,p32,l3,0.00
i12,e04,c5,p33,l1,0.00
i12,e04,c5,p33,l3,0.00
i12,e04,c5,p35,l1,0.00
i12,e04,c5,p35,l3,1.27
i12,e05,c3,p10,l3,0.00
i12,e05,c3,p12,l3,0.00
i12,e05,c5,p01,l1,0.00
i12,e05,c5,p01,l3,0.00
i12,e05,c5,p03,l1,0.00
i12,e05,c5,p03,l3,0.00
i12,e05,c5,p04,l1,0.00
i12,e05,c5,p04,l3,0.00
i12,e05,c5,p05,l1,0.00
i12,e05,c5,p05,l3,0.00
i12,e05,c5,p06,l3,0.00
i12,e05,c5,p07,l3,0.00
i12,e05,c5,p08,l3,0.00
i12,e05,c5,p09,l3,0.00
i12,e05,c5,p10,l1,0.00
i12,e05,c5,p10,l3,0.00
i12,e05,c5,p11,l1,0.00
i12,e05,c5,p11,l3,0.00
i12,e05,c5,p12,l1,0.00
i12,e05,c5,p12,l3,0.00
i12,e05,c5,p13,l1,0.00
i12,e05,c5,p13,l3,0.00
i12,e05,c5,p14,l3,0.00
i12,e05,c5,p15,l1,0.00
i12,e05,c5,p15,l3,0.00
i12,e05,c5,p16,l1,0.00
i12,e05,c5,p16,l3,0.00
i12,e05,c5,p17,l1,0.00
i12,e05,c5,p17,l3,0.00
i12,e05,c5,p18,l1,0.00
i12,e05,c5,p18,l3,0.00
i12,e05,c5,p19,l1,0.00
i12,e05,c5,p19,l3,0.00
i12,e05,c5,p21,l1,0.00
i12,e05,c5,p21,l3,0.00
i12,e05,c5,p22,l1,0.00
i12,e05,c5,p22,l3,0.00
i12,e05,c5,p23,l3,0.00
i12,e05,c5,p24,l1,0.00
i12,e05,c5,p25,l3,0.00
i12,e05,c5,p28,l3,0.00
i12,e05,c5,p29,l3,0.00
i12,e05,c5,p32,l3,0.00
i12,e05,c5,p35,l1,0.00
i12,e05,c5,p35,l3,0.00
i12,e07,c5,p10,l3,0.00
i12,e07,c5,p13,l3,0.00
i12,e07,c5,p16,l3,0.00
i12,e07,c5,p19,l3,0.00
i12,e07,c5,p28,l2,0.00
i12,e08,c3,p01,l2,0.00
i12,e08,c3,p01,l3,0.00
i12,e08,c3,p03,l2,0.00
i12,e08,c3,p03,l3,0.00
i12,e08,c3,p05,l3,0.00
i12,e08,c3,p10,l2,0.00
i12,e08,c3,p10,l3,0.00
i12,e08,c3,p11,l3,0.00
i12,e08,c3,p12,l3,0.00
i12,e08,c3,p13,l3,0.00
i12,e08,c3,p14,l3,0.00
i12,e08,c3,p16,l2,0.00
i12,e08,c3,p16,l3,0.00
i12,e08,c3,p17,l3,0.00
i12,e08,c3,p18,l2,0.00
i12,e08,c3,p18,l3,0.00
i12,e08,c3,p19,l2,0.00
i12,e08,c3,p19,l3,0.00
i12,e08,c3,p21,l2,0.00
i12,e08,c3,p21,l3,0.00
i12,e08,c3,p22,l3,0.00
i12,e08,c3,p24,l3,0.00
i12,e08,c3,p28,l3,0.00
i12,e08,c3,p29,l2,0.00
i12,e08,c3,p31,l3,0.00
i12,e08,c3,p33,l3,0.00
i12,e08,c3,p35,l3,0.00
i12,e08,c5,p01,l2,0.00
i12,e08,c5,p01,l3,8.01
i12,e08,c5,p02,l2,0.00
i12,e08,c5,p02,l3,0.00
i12,e08,c5,p03,l2,0.00
i12,e08,c5,p03,l3,15.04
i12,e08,c5,p04,l2,0.00
i12,e08,c5,p04,l3,0.00
i12,e08,c5,p05,l2,0.00
i12,e08,c5,p05,l3,10.11
i12,e08,c5,p06,l2,0.00
i12,e08,c5,p06,l3,5.18
i12,e08,c5,p07,l2,0.00
i12,e08,c5,p07,l3,0.00
i12,e08,c5,p08,l2,0.00
i12,e08,c5,p08,l3,0.00
i12,e08,c5,p09,l2,0.00
i12,e08,c5,p09,l3,0.00
i12,e08,c5,p10,l2,0.00
i12,e08,c5,p10,l3,8.38
i12,e08,c5,p11,l2,0.00
i12,e08,c5,p11,l3,0.00
i12,e08,c5,p12,l2,0.00
i12,e08,c5,p12,l3,5.07
i12,e08,c5,p13,l2,0.00
i12,e08,c5,p13,l3,10.08
i12,e08,c5,p14,l2,0.00
i12,e08,c5,p14,l3,0.00
i12,e08,c5,p15,l2,0.00
i12,e08,c5,p15,l3,16.25
i12,e08,c5,p16,l2,0.00
i12,e08,c5,p16,l3,0.00
i12,e08,c5,p17,l2,0.00
i12,e08,c5,p17,l3,19.31
i12,e08,c5,p18,l2,0.00
i12,e08,c5,p18,l3,4.06
i12,e08,c5,p19,l2,0.00
i12,e08,c5,p19,l3,23.56
i12,e08,c5,p20,l2,0.00
i12,e08,c5,p20,l3,0.00
i12,e08,c5,p21,l2,0.00
i12,e08,c5,p21,l3,10.46
i12,e08,c5,p22,l2,0.00
i12,e08,c5,p22,l3,0.00
i12,e08,c5,p23,l2,0.00
i12,e08,c5,p23,l3,0.00
i12,e08,c5,p24,l2,0.00
i12,e08,c5,p24,l3,0.00
i12,e08,c5,p25,l2,0.00
i12,e08,c5,p25,l3,0.00
i12,e08,c5,p26,l2,0.00
i12,e08,c5,p26,l3,0.00
i12,e08,c5,p28,l2,0.00
i12,e08,c5,p28,l3,0.00
i12,e08,c5,p29,l2,0.00
i12,e08,c5,p29,l3,0.00
i12,e08,c5,p30,l3,0.00
i12,e08,c5,p31,l2,0.00
i12,e08,c5,p31,l3,0.00
i12,e08,c5,p32,l2,0.00
i12,e08,c5,p32,l3,5.04
i12,e08,c5,p33,l2,0.00
i12,e08,c5,p33,l3,0.00
i12,e08,c5,p35,l2,0.00
i12,e08,c5,p35,l3,0.00
i12,e09,c3,p01,l2,0.00
i12,e09,c3,p01,l3,0.00
i12,e09,c3,p03,l2,0.00
i12,e09,c3,p03,l3,0.00
i12,e09,c3,p05,l2,0.00
i12,e09,c3,p05,l3,0.00
i12,e09,c3,p10,l2,0.00
i12,e09,c3,p10,l3,0.00
i12,e09,c3,p12,l3,0.00
i12,e09,c3,p13,l3,0.00
i12,e09,c3,p14,l3,0.00
i12,e09,c3,p16,l2,0.00
i12,e09,c3,p16,l3,0.00
i12,e09,c3,p17,l3,0.00
i12,e09,c3,p18,l2,0.00
i12,e09,c3,p18,l3,0.00
i12,e09,c3,p19,l2,0.00
i12,e09,c3,p19,l3,0.00
i12,e09,c3,p21,l2,0.00
i12,e09,c3,p21,l3,0.00
i12,e09,c3,p22,l3,0.00
i12,e09,c3,p28,l3,0.00
i12,e09,c3,p29,l2,0.00
i12,e09,c3,p33,l3,0.00
i12,e09,c3,p35,l3,0.00
i12,e09,c5,p01,l2,0.00
i12,e09,c5,p01,l3,0.00
i12,e09,c5,p02,l2,0.00
i12,e09,c5,p02,l3,0.00
i12,e09,c5,p03,l2,0.00
i12,e09,c5,p03,l3,0.00
i12,e09,c5,p04,l2,0.00
i12,e09,c5,p04,l3,0.00
i12,e09,c5,p05,l2,0.00
i12,e09,c5,p05,l3,0.00
i12,e09,c5,p06,l2,0.00
i12,e09,c5,p06,l3,0.00
i12,e09,c5,p07,l2,0.00
i12,e09,c5,p07,l3,0.00
i12,e09,c5,p08,l2,0.00
i12,e09,c5,p08,l3,0.00
i12,e09,c5,p09,l2,0.00
i12,e09,c5,p09,l3,0.00
i12,e09,c5,p10,l2,0.00
i12,e09,c5,p10,l3,8.00
i12,e09,c5,p11,l2,0.00
i12,e09,c5,p11,l3,0.00
i12,e09,c5,p12,l2,0.00
i12,e09,c5,p12,l3,0.00
i12,e09,c5,p13,l2,0.00
i12,e09,c5,p13,l3,4.09
i12,e09,c5,p14,l2,0.00
i12,e09,c5,p14,l3,0.00
i12,e09,c5,p15,l2,0.00
i12,e09,c5,p15,l3,0.00
i12,e09,c5,p16,l2,0.00
i12,e09,c5,p16,l3,0.00
i12,e09,c5,p17,l2,0.00
i12,e09,c5,p17,l3,0.00
i12,e09,c5,p18,l2,0.00
i12,e09,c5,p18,l3,0.00
i12,e09,c5,p19,l2,0.00
i12,e09,c5,p19,l3,0.00
i12,e09,c5,p20,l2,0.00
i12,e09,c5,p20,l3,0.00
i12,e09,c5,p21,l2,0.00
i12,e09,c5,p21,l3,0.00
i12,e09,c5,p22,l2,0.00
i12,e09,c5,p22,l3,0.00
i12,e09,c5,p23,l2,0.00
i12,e09,c5,p23,l3,0.00
i12,e09,c5,p24,l2,0.00
i12,e09,c5,p24,l3,0.00
i12,e09,c5,p25,l2,0.00
i12,e09,c5,p25,l3,0.00
i12,e09,c5,p26,l2,0.00
i12,e09,c5,p26,l3,0.00
i12,e09,c5,p27,l2,0.00
i12,e09,c5,p27,l3,0.00
i12,e09,c5,p28,l2,0.00
i12,e09,c5,p28,l3,0.00
i12,e09,c5,p29,l2,0.00
i12,e09,c5,p29,l3,0.00
i12,e09,c5,p30,l3,0.00
i12,e09,c5,p31,l2,0.00
i12,e09,c5,p31,l3,0.00
i12,e09,c5,p32,l2,0.00
i12,e09,c5,p32,l3,0.00
i12,e09,c5,p33,l2,0.00
i12,e09,c5,p33,l3,0.00
i12,e09,c5,p35,l2,0.00
i12,e09,c5,p35,l3,0.00
i12,e11,c5,p01,l3,0.00
i12,e11,c5,p13,l3,0.00
i12,e12,c3,p01,l3,0.00
i12,e12,c3,p03,l3,0.00
i12,e12,c3,p10,l3,0.00
i12,e12,c3,p16,l3,0.00
i12,e12,c3,p19,l3,0.00
i12,e12,c3,p35,l3,0.00
i12,e12,c5,p01,l3,0.00
i12,e12,c5,p02,l3,0.00
i12,e12,c5,p03,l3,0.00
i12,e12,c5,p04,l3,0.00
i12,e12,c5,p05,l3,0.00
i12,e12,c5,p06,l3,0.00
i12,e12,c5,p07,l3,0.00
i12,e12,c5,p08,l3,0.00
i12,e12,c5,p09,l3,0.00
i12,e12,c5,p10,l3,0.00
i12,e12,c5,p11,l3,0.00
i12,e12,c5,p12,l3,0.00
i12,e12,c5,p13,l3,0.00
i12,e12,c5,p14,l3,0.00
i12,e12,c5,p15,l3,0.00
i12,e12,c5,p16,l3,0.00
i12,e12,c5,p17,l3,0.00
i12,e12,c5,p18,l3,0.00
i12,e12,c5,p19,l3,0.00
i12,e12,c5,p20,l3,0.00
i12,e12,c5,p21,l3,0.00
i12,e12,c5,p22,l3,0.00
i12,e12,c5,p23,l3,0.00
i12,e12,c5,p24,l3,0.00
i12,e12,c5,p25,l3,0.00
i12,e12,c5,p28,l3,0.00
i12,e12,c5,p29,l3,0.00
i12,e12,c5,p31,l3,0.00
i12,e12,c5,p32,l3,0.00
i12,e12,c5,p33,l3,0.00
i12,e12,c5,p35,l3,0.00
i120,e01,c5,p10,l3,0.00
i120,e01,c5,p35,l3,0.00
i120,e03,c5,p10,l3,0.00
i120,e03,c5,p35,l3,0.00
i120,e04,c5,p10,l3,0.00
i120,e04,c5,p35,l3,0.00
i120,e05,c5,p10,l3,0.00
i120,e05,c5,p35,l3,0.00
i120,e08,c5,p10,l3,0.00
i120,e08,c5,p35,l3,0.00
i120,e09,c5,p10,l3,0.00
i120,e12,c5,p10,l3,0.00
i120,e12,c5,p35,l3,0.00
i121,e01,c3,p01,l3,0.00
i121,e01,c5,p01,l3,0.00
i121,e01,c5,p02,l3,0.00
i121,e01,c5,p03,l3,0.00
i121,e01,c5,p07,l3,0.00
i121,e01,c5,p10,l3,0.00
i121,e01,c5,p11,l3,0.00
i121,e01,c5,p12,l3,0.00
i121,e01,c5,p14,l3,0.00
i121,e01,c5,p15,l3,0.00
i121,e01,c5,p17,l3,0.00
i121,e01,c5,p19,l3,0.00
i121,e01,c5,p21,l3,0.00
i121,e01,c5,p35,l3,0.00
i121,e04,c3,p01,l3,0.00
i121,e04,c5,p02,l3,0.00
i121,e04,c5,p03,l3,0.00
i121,e04,c5,p04,l1,0.00
i121,e04,c5,p05,l3,0.00
i121,e04,c5,p07,l3,0.00
i121,e04,c5,p09,l3,0.00
i121,e04,c5,p10,l1,0.00
i121,e04,c5,p10,l3,0.00
i121,e04,c5,p11,l1,0.00
i121,e04,c5,p11,l3,0.00
i121,e04,c5,p14,l3,0.00
i121,e04,c5,p15,l1,0.00
i121,e04,c5,p19,l3,0.00
i121,e04,c5,p21,l1,0.00
i121,e04,c5,p21,l3,0.00
i121,e04,c5,p22,l3,0.00
i121,e04,c5,p29,l3,0.00
i121,e04,c5,p35,l1,0.00
i121,e04,c5,p35,l3,0.00
i121,e05,c5,p01,l3,0.00
i121,e05,c5,p02,l1,0.00
i121,e05,c5,p02,l3,0.00
i121,e05,c5,p10,l3,0.00
i121,e05,c5,p14,l3,0.00
i121,e08,c3,p01,l3,0.00
i121,e08,c5,p01,l2,0.00
i121,e08,c5,p01,l3,0.00
i121,e08,c5,p02,l2,0.00
i121,e08,c5,p02,l3,0.00
i121,e08,c5,p03,l2,0.00
i121,e08,c5,p03,l3,0.00
i121,e08,c5,p04,l2,0.00
i121,e08,c5,p07,l3,0.00
i121,e08,c5,p09,l3,0.00
i121,e08,c5,p10,l2,0.00
i121,e08,c5,p10,l3,0.00
i121,e08,c5,p11,l2,0.00
i121,e08,c5,p11,l3,0.00
i121,e08,c5,p12,l3,0.00
i121,e08,c5,p13,l3,0.00
i121,e08,c5,p14,l2,0.00
i121,e08,c5,p14,l3,0.00
i121,e08,c5,p15,l2,0.00
i121,e08,c5,p17,l3,0.00
i121,e08,c5,p18,l3,0.00
i121,e08,c5,p19,l3,0.00
i121,e08,c5,p20,l3,0.00
i121,e08,c5,p21,l2,0.00
i121,e08,c5,p21,l3,0.00
i121,e08,c5,p22,l3,0.00
i121,e08,c5,p29,l3,0.00
i121,e08,c5,p35,l2,0.00
i121,e08,c5,p35,l3,0.00
i121,e09,c3,p01,l3,0.00
i121,e09,c5,p01,l2,0.00
i121,e09,c5,p01,l3,0.00
i121,e09,c5,p02,l3,0.00
i121,e09,c5,p03,l3,0.00
i121,e09,c5,p04,l2,0.00
i121,e09,c5,p05,l3,0.00
i121,e09,c5,p07,l3,0.00
i121,e09,c5,p10,l2,0.00
i121,e09,c5,p10,l3,0.00
i121,e09,c5,p11,l2,0.00
i121,e09,c5,p11,l3,0.00
i121,e09,c5,p12,l3,0.00
i121,e09,c5,p13,l3,0.00
i121,e09,c5,p14,l3,0.00
i121,e09,c5,p19,l3,0.00
i121,e09,c5,p22,l3,0.00
i121,e09,c5,p35,l3,0.00
i121,e12,c5,p01,l3,0.00
i121,e12,c5,p02,l3,0.00
i121,e12,c5,p03,l3,0.00
i121,e12,c5,p07,l3,0.00
i121,e12,c5,p09,l3,0.00
i121,e12,c5,p10,l3,0.00
i121,e12,c5,p11,l3,0.00
i121,e12,c5,p12,l3,0.00
i121,e12,c5,p13,l3,0.00
i121,e12,c5,p14,l3,0.00
i121,e12,c5,p17,l3,0.00
i121,e12,c5,p19,l3,0.00
i121,e12,c5,p20,l3,0.00
i121,e12,c5,p21,l3,0.00
i121,e12,c5,p22,l3,0.00
i121,e12,c5,p28,l3,0.00
i121,e12,c5,p29,l3,0.00
i121,e12,c5,p35,l3,0.00
i122,e05,c5,p05,l3,0.00
i122,e05,c5,p11,l3,0.00
i122,e05,c5,p15,l3,0.00
i122,e05,c5,p35,l3,0.00
i123,e01,c3,p02,l3,0.00
i123,e01,c3,p03,l3,0.00
i123,e01,c3,p11,l3,0.00
i123,e01,c3,p29,l3,0.00
i123,e01,c3,p35,l3,0.00
i123,e01,c5,p01,l3,0.00
i123,e01,c5,p02,l3,0.00
i123,e01,c5,p03,l3,0.00
i123,e01,c5,p04,l3,0.00
i123,e01,c5,p05,l3,0.00
i123,e01,c5,p06,l3,0.00
i123,e01,c5,p07,l3,0.00
i123,e01,c5,p08,l3,0.00
i123,e01,c5,p09,l3,0.00
i123,e01,c5,p10,l3,0.00
i123,e01,c5,p11,l3,0.00
i123,e01,c5,p12,l3,0.00
i123,e01,c5,p14,l3,0.00
i123,e01,c5,p15,l3,0.00
i123,e01,c5,p16,l3,0.00
i123,e01,c5,p17,l3,0.00
i123,e01,c5,p18,l3,0.00
i123,e01,c5,p19,l3,0.00
i123,e01,c5,p20,l3,0.00
i123,e01,c5,p21,l3,0.00
i123,e01,c5,p22,l3,0.00
i123,e01,c5,p23,l3,0.00
i123,e01,c5,p24,l3,0.00
i123,e01,c5,p25,l3,0.00
i123,e01,c5,p28,l3,0.00
i123,e01,c5,p29,l3,0.00
i123,e01,c5,p32,l3,0.00
i123,e01,c5,p35,l3,0.00
i123,e04,c3,p01,l3,0.00
i123,e04,c3,p02,l3,0.00
i123,e04,c3,p03,l3,0.00
i123,e04,c3,p07,l3,0.00
i123,e04,c3,p11,l3,0.00
i123,e04,c3,p29,l3,0.00
i123,e04,c3,p35,l3,0.00
i123,e04,c5,p01,l3,0.00
i123,e04,c5,p02,l3,0.00
i123,e04,c5,p03,l3,0.00
i123,e04,c5,p04,l3,0.00
i123,e04,c5,p05,l3,0.00
i123,e04,c5,p06,l3,0.00
i123,e04,c5,p07,l3,0.00
i123,e04,c5,p08,l3,0.00
i123,e04,c5,p09,l3,0.00
i123,e04,c5,p10,l3,0.00
i123,e04,c5,p11,l3,0.00
i123,e04,c5,p12,l3,0.00
i123,e04,c5,p14,l3,0.00
i123,e04,c5,p15,l3,0.00
i123,e04,c5,p16,l3,0.00
i123,e04,c5,p17,l3,0.00
i123,e04,c5,p19,l3,0.00
i123,e04,c5,p20,l3,0.00
i123,e04,c5,p21,l3,0.00
i123,e04,c5,p22,l3,0.00
i123,e04,c5,p23,l3,0.00
i123,e04,c5,p24,l3,0.00
i123,e04,c5,p25,l3,0.00
i123,e04,c5,p28,l3,0.00
i123,e04,c5,p29,l3,0.00
i123,e04,c5,p35,l3,0.00
i123,e09,c3,p01,l3,0.00
i123,e09,c3,p02,l3,0.00
i123,e09,c3,p03,l3,0.00
i123,e09,c3,p05,l3,0.00
i123,e09,c3,p11,l3,0.00
i123,e09,c3,p16,l3,0.00
i123,e09,c3,p29,l3,0.00
i123,e09,c3,p35,l3,0.00
i123,e09,c5,p01,l3,0.00
i123,e09,c5,p02,l3,0.00
i123,e09,c5,p03,l3,0.00
i123,e09,c5,p04,l3,0.00
i123,e09,c5,p05,l3,0.00
i123,e09,c5,p06,l3,0.00
i123,e09,c5,p07,l3,0.00
i123,e09,c5,p08,l3,0.00
i123,e09,c5,p09,l3,0.00
i123,e09,c5,p10,l3,0.00
i123,e09,c5,p11,l3,0.00
i123,e09,c5,p12,l3,0.00
i123,e09,c5,p14,l3,0.00
i123,e09,c5,p15,l3,0.00
i123,e09,c5,p16,l3,0.00
i123,e09,c5,p17,l3,0.00
i123,e09,c5,p18,l3,0.00
i123,e09,c5,p19,l3,0.00
i123,e09,c5,p20,l3,0.00
i123,e09,c5,p21,l3,0.00
i123,e09,c5,p22,l3,0.00
i123,e09,c5,p23,l3,0.00
i123,e09,c5,p24,l3,0.00
i123,e09,c5,p25,l3,0.00
i123,e09,c5,p28,l3,0.00
i123,e09,c5,p29,l3,0.00
i123,e09,c5,p32,l3,0.00
i123,e09,c5,p35,l3,0.00
i124,e05,c5,p10,l3,0.00
i124,e08,c3,p01,l3,0.00
i124,e08,c3,p04,l2,0.00
i124,e08,c3,p04,l3,0.00
i124,e08,c3,p05,l3,0.00
i124,e08,c3,p10,l2,0.00
i124,e08,c3,p10,l3,0.00
i124,e08,c3,p12,l2,0.00
i124,e08,c3,p12,l3,0.00
i124,e08,c3,p13,l2,0.00
i124,e08,c3,p15,l2,0.00
i124,e08,c3,p15,l3,0.00
i124,e08,c3,p16,l2,0.00
i124,e08,c3,p16,l3,0.00
i124,e08,c3,p19,l3,0.00
i124,e08,c3,p21,l2,0.00
i124,e08,c3,p21,l3,0.00
i124,e08,c3,p22,l2,0.00
i124,e08,c3,p22,l3,0.00
i124,e08,c3,p28,l2,0.00
i124,e08,c3,p28,l3,0.00
i124,e08,c3,p35,l3,0.00
i124,e08,c5,p10,l3,0.00
i124,e11,c3,p04,l3,0.00
i124,e11,c3,p16,l2,0.00
i124,e11,c3,p16,l3,0.00
i125,e02,c3,p10,l1,0.00
i125,e02,c3,p10,l3,0.00
i125,e02,c3,p35,l3,0.00
i125,e05,c3,p01,l3,0.00
i125,e05,c3,p08,l3,0.00
i125,e05,c3,p10,l1,0.00
i125,e05,c3,p10,l3,0.00
i125,e05,c3,p11,l3,0.00
i125,e05,c3,p16,l3,0.00
i125,e05,c3,p35,l1,0.00
i125,e05,c3,p35,l3,0.00
i125,e05,c5,p10,l3,0.00
i126,e01,c5,p10,l3,0.00
i126,e01,c5,p11,l3,0.00
i126,e01,c5,p35,l3,0.00
i126,e04,c5,p11,l3,0.00
i126,e04,c5,p12,l3,0.00
i126,e04,c5,p13,l3,0.00
i126,e04,c5,p35,l3,0.00
i126,e05,c5,p35,l3,0.00
i126,e08,c5,p04,l3,0.00
i126,e08,c5,p10,l3,0.00
i126,e08,c5,p11,l2,0.00
i126,e08,c5,p11,l3,0.00
i126,e08,c5,p12,l2,0.00
i126,e08,c5,p12,l3,0.00
i126,e08,c5,p13,l3,0.00
i126,e08,c5,p16,l3,0.00
i126,e08,c5,p19,l3,0.00
i126,e08,c5,p21,l3,0.00
i126,e08,c5,p35,l2,0.00
i126,e08,c5,p35,l3,0.00
i126,e09,c5,p10,l3,0.00
i126,e09,c5,p11,l3,0.00
i126,e09,c5,p13,l3,0.00
i126,e09,c5,p35,l3,0.00
i126,e12,c5,p10,l3,0.00
i127,e01,c5,p10,l3,0.00
i127,e01,c5,p13,l3,0.00
i127,e01,c5,p25,l3,0.00
i127,e01,c5,p35,l3,0.00
i127,e02,c5,p04,l3,0.00
i127,e02,c5,p06,l3,0.00
i127,e02,c5,p19,l1,0.00
i127,e02,c5,p19,l3,0.00
i127,e02,c5,p35,l1,0.00
i127,e02,c5,p35,l3,0.00
i127,e04,c5,p09,l3,0.00
i127,e04,c5,p24,l3,0.00
i127,e04,c5,p35,l3,0.00
i127,e05,c3,p19,l3,0.00
i127,e05,c5,p01,l3,0.00
i127,e05,c5,p06,l3,0.00
i127,e05,c5,p13,l3,0.00
i127,e05,c5,p16,l1,0.00
i127,e05,c5,p19,l1,0.00
i127,e05,c5,p19,l3,0.00
i127,e05,c5,p21,l3,0.00
i127,e05,c5,p28,l3,0.00
i127,e05,c5,p35,l1,0.00
i127,e05,c5,p35,l3,0.00
i127,e08,c5,p09,l3,0.00
i127,e08,c5,p10,l3,0.00
i127,e08,c5,p22,l3,0.00
i127,e08,c5,p24,l3,0.00
i127,e08,c5,p35,l3,0.00
i128,e05,c3,p10,l3,0.00
i128,e05,c3,p19,l3,0.00
i129,e01,c5,p01,l3,0.00
i129,e01,c5,p02,l3,0.00
i129,e01,c5,p03,l3,0.00
i129,e01,c5,p04,l3,0.00
i129,e01,c5,p05,l3,0.00
i129,e01,c5,p06,l3,0.00
i129,e01,c5,p09,l3,0.00
i129,e01,c5,p10,l3,0.00
i129,e01,c5,p15,l3,0.00
i129,e01,c5,p16,l3,0.00
i129,e01,c5,p23,l3,0.00
i129,e01,c5,p24,l3,0.00
i129,e01,c5,p29,l3,0.00
i129,e01,c5,p35,l3,0.00
i129,e04,c5,p01,l3,0.00
i129,e04,c5,p02,l3,0.00
i129,e04,c5,p03,l3,0.00
i129,e04,c5,p04,l3,0.00
i129,e04,c5,p05,l3,0.00
i129,e04,c5,p06,l3,0.00
i129,e04,c5,p09,l3,0.00
i129,e04,c5,p10,l3,0.00
i129,e04,c5,p15,l3,0.00
i129,e04,c5,p16,l3,0.00
i129,e04,c5,p23,l3,0.00
i129,e04,c5,p24,l3,0.00
i129,e04,c5,p35,l3,0.00
i129,e05,c5,p01,l3,0.00
i129,e05,c5,p16,l3,0.00
i129,e08,c5,p01,l3,0.00
i129,e08,c5,p02,l3,0.00
i129,e08,c5,p03,l3,0.00
i129,e08,c5,p04,l3,0.00
i129,e08,c5,p05,l3,0.00
i129,e08,c5,p06,l3,0.00
i129,e08,c5,p09,l3,0.00
i129,e08,c5,p10,l3,0.00
i129,e08,c5,p15,l3,0.00
i129,e08,c5,p16,l3,0.00
i129,e08,c5,p23,l3,0.00
i129,e08,c5,p24,l3,0.00
i129,e08,c5,p29,l3,0.00
i129,e08,c5,p35,l3,0.00
i129,e09,c5,p01,l3,0.00
i129,e09,c5,p04,l3,0.00
i129,e09,c5,p09,l3,0.00
i129,e09,c5,p10,l3,0.00
i129,e09,c5,p15,l3,0.00
i129,e09,c5,p16,l3,0.00
i129,e09,c5,p23,l3,0.00
i129,e09,c5,p24,l3,0.00
i129,e09,c5,p35,l3,0.00
i129,e11,c5,p02,l3,0.00
i13,e01,c3,p01,l3,0.00
i13,e01,c3,p02,l3,0.00
i13,e01,c3,p03,l3,0.00
i13,e01,c3,p04,l3,0.00
i13,e01,c3,p05,l3,0.00
i13,e01,c3,p10,l3,0.00
i13,e01,c3,p11,l3,0.00
i13,e01,c3,p13,l3,0.00
i13,e01,c3,p15,l3,0.00
i13,e01,c3,p16,l3,0.00
i13,e01,c3,p17,l3,0.00
i13,e01,c3,p19,l3,0.00
i13,e01,c3,p21,l3,0.00
i13,e01,c3,p29,l3,0.00
i13,e01,c3,p35,l3,0.00
i13,e01,c5,p01,l3,0.00
i13,e01,c5,p02,l3,0.00
i13,e01,c5,p03,l3,0.00
i13,e01,c5,p04,l3,0.00
i13,e01,c5,p05,l3,0.00
i13,e01,c5,p06,l3,0.00
i13,e01,c5,p07,l3,0.00
i13,e01,c5,p08,l3,0.00
i13,e01,c5,p09,l3,0.00
i13,e01,c5,p10,l3,0.00
i13,e01,c5,p11,l3,0.00
i13,e01,c5,p12,l3,0.00
i13,e01,c5,p13,l3,0.00
i13,e01,c5,p14,l3,0.00
i13,e01,c5,p15,l3,2.74
i13,e01,c5,p16,l3,0.00
i13,e01,c5,p17,l3,0.00
i13,e01,c5,p18,l3,0.00
i13,e01,c5,p19,l3,0.00
i13,e01,c5,p20,l3,0.00
i13,e01,c5,p21,l3,0.00
i13,e01,c5,p22,l3,0.00
i13,e01,c5,p23,l3,0.00
i13,e01,c5,p24,l3,0.00
i13,e01,c5,p25,l3,0.00
i13,e01,c5,p26,l3,0.00
i13,e01,c5,p28,l3,0.00
i13,e01,c5,p29,l3,0.00
i13,e01,c5,p30,l3,0.00
i13,e01,c5,p31,l3,0.00
i13,e01,c5,p32,l3,0.00
i13,e01,c5,p33,l3,0.00
i13,e01,c5,p35,l3,0.00
i13,e02,c3,p01,l3,0.00
i13,e02,c3,p24,l3,0.00
i13,e02,c5,p01,l3,0.00
i13,e02,c5,p02,l3,0.00
i13,e02,c5,p03,l3,0.00
i13,e02,c5,p04,l3,0.00
i13,e02,c5,p05,l3,0.00
i13,e02,c5,p06,l3,0.00
i13,e02,c5,p07,l3,0.00
i13,e02,c5,p08,l3,0.00
i13,e02,c5,p09,l3,0.00
i13,e02,c5,p10,l3,0.00
i13,e02,c5,p11,l3,0.00
i13,e02,c5,p12,l3,0.00
i13,e02,c5,p14,l3,0.00
i13,e02,c5,p15,l3,0.00
i13,e02,c5,p16,l3,0.00
i13,e02,c5,p17,l3,0.00
i13,e02,c5,p18,l3,0.00
i13,e02,c5,p19,l3,0.00
i13,e02,c5,p21,l3,0.00
i13,e02,c5,p22,l3,0.00
i13,e02,c5,p24,l3,0.00
i13,e02,c5,p29,l3,0.00
i13,e02,c5,p32,l3,0.00
i13,e02,c5,p35,l3,0.00
i13,e03,c3,p01,l3,0.00
i13,e03,c3,p02,l3,0.00
i13,e03,c3,p03,l3,0.00
i13,e03,c3,p04,l3,0.00
i13,e03,c3,p05,l3,0.00
i13,e03,c3,p06,l3,0.00
i13,e03,c3,p07,l3,0.00
i13,e03,c3,p08,l3,0.00
i13,e03,c3,p09,l3,0.00
i13,e03,c3,p10,l3,0.00
i13,e03,c3,p11,l3,0.00
i13,e03,c3,p12,l3,0.00
i13,e03,c3,p13,l3,0.00
i13,e03,c3,p14,l3,0.00
i13,e03,c3,p15,l3,0.00
i13,e03,c3,p16,l3,0.00
i13,e03,c3,p17,l3,0.00
i13,e03,c3,p18,l3,0.00
i13,e03,c3,p19,l3,0.00
i13,e03,c3,p20,l3,0.00
i13,e03,c3,p21,l3,0.00
i13,e03,c3,p23,l3,0.00
i13,e03,c3,p24,l3,0.00
i13,e03,c3,p28,l3,0.00
i13,e03,c3,p29,l3,0.00
i13,e03,c3,p31,l3,0.00
i13,e03,c3,p32,l3,0.00
i13,e03,c3,p35,l3,0.00
i13,e03,c5,p01,l3,0.00
i13,e03,c5,p02,l3,0.00
i13,e03,c5,p03,l3,0.00
i13,e03,c5,p04,l3,0.00
i13,e03,c5,p05,l3,0.00
i13,e03,c5,p06,l3,0.00
i13,e03,c5,p07,l3,0.00
i13,e03,c5,p08,l3,0.00
i13,e03,c5,p09,l3,0.00
i13,e03,c5,p10,l3,0.00
i13,e03,c5,p11,l3,0.00
i13,e03,c5,p12,l3,0.00
i13,e03,c5,p13,l3,0.00
i13,e03,c5,p14,l3,0.00
i13,e03,c5,p15,l3,0.00
i13,e03,c5,p16,l3,0.00
i13,e03,c5,p17,l3,0.00
i13,e03,c5,p18,l3,0.00
i13,e03,c5,p19,l3,0.00
i13,e03,c5,p20,l3,0.00
i13,e03,c5,p21,l3,1.11
i13,e03,c5,p22,l3,0.00
i13,e03,c5,p23,l3,0.00
i13,e03,c5,p24,l3,0.00
i13,e03,c5,p25,l3,0.00
i13,e03,c5,p26,l3,0.00
i13,e03,c5,p28,l3,0.00
i13,e03,c5,p29,l3,0.00
i13,e03,c5,p30,l3,0.00
i13,e03,c5,p31,l3,0.00
i13,e03,c5,p32,l3,0.00
i13,e03,c5,p33,l3,0.00
i13,e03,c5,p35,l3,0.00
i13,e04,c3,p01,l3,0.00
i13,e04,c3,p02,l3,0.00
i13,e04,c3,p03,l3,0.00
i13,e04,c3,p04,l3,0.00
i13,e04,c3,p08,l3,0.00
i13,e04,c3,p10,l3,0.00
i13,e04,c3,p12,l3,0.00
i13,e04,c3,p13,l3,0.00
i13,e04,c3,p14,l3,0.00
i13,e04,c3,p16,l3,0.00
i13,e04,c3,p17,l3,0.00
i13,e04,c3,p19,l3,0.00
i13,e04,c3,p21,l3,0.00
i13,e04,c3,p24,l3,0.00
i13,e04,c3,p29,l3,0.00
i13,e04,c3,p35,l3,0.00
i13,e04,c5,p01,l3,0.00
i13,e04,c5,p02,l3,0.00
i13,e04,c5,p03,l3,0.00
i13,e04,c5,p04,l3,0.00
i13,e04,c5,p05,l3,0.00
i13,e04,c5,p06,l3,0.00
i13,e04,c5,p07,l3,0.00
i13,e04,c5,p08,l3,0.00
i13,e04,c5,p09,l3,0.00
i13,e04,c5,p10,l3,0.00
i13,e04,c5,p11,l3,0.00
i13,e04,c5,p12,l3,0.00
i13,e04,c5,p13,l3,0.00
i13,e04,c5,p14,l3,0.00
i13,e04,c5,p15,l3,2.00
i13,e04,c5,p16,l3,0.00
i13,e04,c5,p17,l3,0.00
i13,e04,c5,p18,l3,0.00
i13,e04,c5,p19,l3,0.00
i13,e04,c5,p20,l3,0.00
i13,e04,c5,p21,l3,0.00
i13,e04,c5,p22,l3,0.00
i13,e04,c5,p23,l3,0.00
i13,e04,c5,p24,l3,0.00
i13,e04,c5,p25,l3,0.00
i13,e04,c5,p26,l3,0.00
i13,e04,c5,p28,l3,0.00
i13,e04,c5,p29,l3,0.00
i13,e04,c5,p30,l3,0.00
i13,e04,c5,p31,l3,0.00
i13,e04,c5,p32,l3,0.00
i13,e04,c5,p33,l3,0.00
i13,e04,c5,p35,l3,0.00
i13,e05,c3,p01,l3,0.00
i13,e05,c3,p07,l3,0.00
i13,e05,c3,p10,l3,0.00
i13,e05,c3,p13,l3,0.00
i13,e05,c3,p17,l3,0.00
i13,e05,c3,p19,l3,0.00
i13,e05,c3,p21,l3,0.00
i13,e05,c3,p24,l3,0.00
i13,e05,c3,p35,l3,0.00
i13,e05,c5,p01,l3,0.00
i13,e05,c5,p02,l3,0.00
i13,e05,c5,p03,l3,0.00
i13,e05,c5,p04,l3,0.00
i13,e05,c5,p05,l3,0.00
i13,e05,c5,p06,l3,0.00
i13,e05,c5,p07,l3,0.00
i13,e05,c5,p08,l3,0.00
i13,e05,c5,p09,l3,0.00
i13,e05,c5,p10,l3,0.00
i13,e05,c5,p11,l3,0.00
i13,e05,c5,p12,l3,0.00
i13,e05,c5,p13,l3,0.00
i13,e05,c5,p14,l3,0.00
i13,e05,c5,p15,l3,0.00
i13,e05,c5,p16,l3,0.00
i13,e05,c5,p17,l3,0.00
i13,e05,c5,p18,l3,0.00
i13,e05,c5,p19,l3,0.00
i13,e05,c5,p20,l3,0.00
i13,e05,c5,p21,l3,0.00
i13,e05,c5,p22,l3,0.00
i13,e05,c5,p23,l3,0.00
i13,e05,c5,p24,l3,0.00
i13,e05,c5,p25,l3,0.00
i13,e05,c5,p26,l3,0.00
i13,e05,c5,p28,l3,0.00
i13,e05,c5,p29,l3,0.00
i13,e05,c5,p30,l3,0.00
i13,e05,c5,p31,l3,0.00
i13,e05,c5,p32,l3,0.00
i13,e05,c5,p35,l3,0.00
i13,e07,c3,p35,l3,0.00
i13,e07,c5,p01,l3,0.00
i13,e07,c5,p03,l3,0.00
i13,e07,c5,p04,l3,0.00
i13,e07,c5,p05,l3,0.00
i13,e07,c5,p06,l3,0.00
i13,e07,c5,p07,l3,0.00
i13,e07,c5,p08,l3,0.00
i13,e07,c5,p09,l3,0.00
i13,e07,c5,p10,l3,0.00
i13,e07,c5,p11,l3,0.00
i13,e07,c5,p12,l3,0.00
i13,e07,c5,p13,l3,0.00
i13,e07,c5,p15,l3,0.00
i13,e07,c5,p16,l3,0.00
i13,e07,c5,p17,l3,0.00
i13,e07,c5,p19,l3,0.00
i13,e07,c5,p21,l3,0.00
i13,e07,c5,p24,l3,0.00
i13,e07,c5,p28,l3,0.00
i13,e07,c5,p31,l3,0.00
i13,e07,c5,p35,l3,0.00
i13,e08,c3,p01,l3,0.00
i13,e08,c3,p02,l3,0.00
i13,e08,c3,p03,l3,0.00
i13,e08,c3,p04,l3,0.00
i13,e08,c3,p05,l3,0.00
i13,e08,c3,p06,l3,0.00
i13,e08,c3,p07,l3,0.00
i13,e08,c3,p08,l3,0.00
i13,e08,c3,p09,l3,0.00
i13,e08,c3,p10,l3,0.00
i13,e08,c3,p11,l3,0.00
i13,e08,c3,p12,l3,0.00
i13,e08,c3,p13,l3,0.00
i13,e08,c3,p14,l3,0.00
i13,e08,c3,p15,l3,0.00
i13,e08,c3,p16,l3,0.00
i13,e08,c3,p17,l3,0.00
i13,e08,c3,p18,l3,0.00
i13,e08,c3,p19,l3,0.00
i13,e08,c3,p21,l3,0.00
i13,e08,c3,p23,l3,0.00
i13,e08,c3,p24,l3,0.00
i13,e08,c3,p28,l3,0.00
i13,e08,c3,p29,l3,0.00
i13,e08,c3,p31,l3,0.00
i13,e08,c3,p32,l3,0.00
i13,e08,c3,p35,l3,0.00
i13,e08,c5,p01,l3,0.00
i13,e08,c5,p02,l3,0.00
i13,e08,c5,p03,l3,1.64
i13,e08,c5,p04,l3,0.00
i13,e08,c5,p05,l3,0.00
i13,e08,c5,p06,l3,0.00
i13,e08,c5,p07,l3,0.00
i13,e08,c5,p08,l3,0.00
i13,e08,c5,p09,l3,0.00
i13,e08,c5,p10,l3,13.26
i13,e08,c5,p11,l3,4.94
i13,e08,c5,p12,l3,0.00
i13,e08,c5,p13,l3,0.00
i13,e08,c5,p14,l3,0.00
i13,e08,c5,p15,l3,0.00
i13,e08,c5,p16,l3,0.00
i13,e08,c5,p17,l3,0.00
i13,e08,c5,p18,l3,0.00
i13,e08,c5,p19,l3,17.25
i13,e08,c5,p20,l3,0.00
i13,e08,c5,p21,l3,0.00
i13,e08,c5,p22,l3,0.00
i13,e08,c5,p23,l3,0.00
i13,e08,c5,p24,l3,0.00
i13,e08,c5,p25,l3,0.00
i13,e08,c5,p26,l3,0.00
i13,e08,c5,p28,l3,0.00
i13,e08,c5,p29,l3,12.18
i13,e08,c5,p30,l3,0.00
i13,e08,c5,p31,l3,0.00
i13,e08,c5,p32,l3,0.00
i13,e08,c5,p33,l3,0.00
i13,e08,c5,p35,l3,0.00
i13,e09,c3,p01,l3,0.00
i13,e09,c3,p02,l3,0.00
i13,e09,c3,p03,l3,0.00
i13,e09,c3,p04,l3,0.00
i13,e09,c3,p08,l3,0.00
i13,e09,c3,p09,l3,0.00
i13,e09,c3,p10,l3,0.00
i13,e09,c3,p12,l3,0.00
i13,e09,c3,p13,l3,0.00
i13,e09,c3,p15,l3,0.00
i13,e09,c3,p17,l3,0.00
i13,e09,c3,p19,l3,0.00
i13,e09,c3,p21,l3,0.00
i13,e09,c3,p35,l3,0.00
i13,e09,c5,p01,l3,0.00
i13,e09,c5,p02,l3,0.00
i13,e09,c5,p03,l3,0.00
i13,e09,c5,p04,l3,0.00
i13,e09,c5,p05,l3,0.00
i13,e09,c5,p06,l3,0.00
i13,e09,c5,p07,l3,0.00
i13,e09,c5,p08,l3,0.00
i13,e09,c5,p09,l3,0.00
i13,e09,c5,p10,l3,0.00
i13,e09,c5,p11,l3,0.00
i13,e09,c5,p12,l3,0.00
i13,e09,c5,p13,l3,0.00
i13,e09,c5,p14,l3,0.00
i13,e09,c5,p15,l3,0.00
i13,e09,c5,p16,l3,0.00
i13,e09,c5,p17,l3,0.00
i13,e09,c5,p18,l3,0.00
i13,e09,c5,p19,l3,0.00
i13,e09,c5,p20,l3,0.00
i13,e09,c5,p21,l3,0.00
i13,e09,c5,p22,l3,0.00
i13,e09,c5,p23,l3,0.00
i13,e09,c5,p24,l3,0.00
i13,e09,c5,p25,l3,0.00
i13,e09,c5,p26,l3,0.00
i13,e09,c5,p28,l3,0.00
i13,e09,c5,p29,l3,0.00
i13,e09,c5,p30,l3,0.00
i13,e09,c5,p31,l3,0.00
i13,e09,c5,p32,l3,0.00
i13,e09,c5,p33,l3,0.00
i13,e09,c5,p35,l3,0.00
i13,e10,c3,p01,l3,0.00
i13,e10,c3,p02,l3,0.00
i13,e10,c3,p05,l3,0.00
i13,e10,c3,p06,l3,0.00
i13,e10,c3,p10,l3,0.00
i13,e10,c3,p13,l3,0.00
i13,e10,c3,p15,l3,0.00
i13,e10,c3,p19,l3,0.00
i13,e10,c3,p21,l3,0.00
i13,e10,c3,p35,l3,0.00
i13,e10,c5,p01,l3,0.00
i13,e10,c5,p02,l3,0.00
i13,e10,c5,p03,l3,0.00
i13,e10,c5,p04,l3,0.00
i13,e10,c5,p05,l3,0.00
i13,e10,c5,p06,l3,0.00
i13,e10,c5,p07,l3,0.00
i13,e10,c5,p08,l3,0.00
i13,e10,c5,p09,l3,0.00
i13,e10,c5,p10,l3,0.00
i13,e10,c5,p11,l3,0.00
i13,e10,c5,p12,l3,0.00
i13,e10,c5,p13,l3,0.00
i13,e10,c5,p14,l3,0.00
i13,e10,c5,p15,l3,0.00
i13,e10,c5,p16,l3,0.00
i13,e10,c5,p17,l3,0.00
i13,e10,c5,p18,l3,0.00
i13,e10,c5,p19,l3,0.00
i13,e10,c5,p20,l3,0.00
i13,e10,c5,p21,l3,0.00
i13,e10,c5,p22,l3,0.00
i13,e10,c5,p23,l3,0.00
i13,e10,c5,p24,l3,0.00
i13,e10,c5,p25,l3,0.00
i13,e10,c5,p26,l3,0.00
i13,e10,c5,p28,l3,0.00
i13,e10,c5,p29,l3,0.00
i13,e10,c5,p30,l3,0.00
i13,e10,c5,p31,l3,0.00
i13,e10,c5,p32,l3,0.00
i13,e10,c5,p33,l3,0.00
i13,e10,c5,p35,l3,0.00
i13,e11,c3,p01,l3,0.00
i13,e11,c3,p02,l3,0.00
i13,e11,c3,p03,l3,0.00
i13,e11,c3,p04,l3,0.00
i13,e11,c3,p05,l3,0.00
i13,e11,c3,p06,l3,0.00
i13,e11,c3,p07,l3,0.00
i13,e11,c3,p08,l3,0.00
i13,e11,c3,p09,l3,0.00
i13,e11,c3,p10,l3,0.00
i13,e11,c3,p11,l3,0.00
i13,e11,c3,p12,l3,0.00
i13,e11,c3,p13,l3,0.00
i13,e11,c3,p14,l3,0.00
i13,e11,c3,p15,l3,0.00
i13,e11,c3,p16,l3,0.00
i13,e11,c3,p17,l3,0.00
i13,e11,c3,p18,l3,0.00
i13,e11,c3,p19,l3,0.00
i13,e11,c3,p21,l3,0.00
i13,e11,c3,p23,l3,0.00
i13,e11,c3,p24,l3,0.00
i13,e11,c3,p28,l3,0.00
i13,e11,c3,p29,l3,0.00
i13,e11,c3,p32,l3,0.00
i13,e11,c3,p35,l3,0.00
i13,e11,c5,p01,l3,0.00
i13,e11,c5,p02,l3,0.00
i13,e11,c5,p03,l3,0.00
i13,e11,c5,p04,l3,0.00
i13,e11,c5,p05,l3,0.00
i13,e11,c5,p06,l3,0.00
i13,e11,c5,p07,l3,0.00
i13,e11,c5,p08,l3,0.00
i13,e11,c5,p09,l3,0.00
i13,e11,c5,p10,l3,5.72
i13,e11,c5,p11,l3,0.00
i13,e11,c5,p12,l3,0.00
i13,e11,c5,p13,l3,0.00
i13,e11,c5,p14,l3,0.00
i13,e11,c5,p15,l3,0.00
i13,e11,c5,p16,l3,0.00
i13,e11,c5,p17,l3,0.00
i13,e11,c5,p18,l3,0.00
i13,e11,c5,p19,l3,0.00
i13,e11,c5,p20,l3,0.00
i13,e11,c5,p21,l3,0.00
i13,e11,c5,p22,l3,0.00
i13,e11,c5,p23,l3,0.00
i13,e11,c5,p24,l3,0.00
i13,e11,c5,p25,l3,0.00
i13,e11,c5,p26,l3,0.00
i13,e11,c5,p28,l3,0.00
i13,e11,c5,p29,l3,0.00
i13,e11,c5,p30,l3,0.00
i13,e11,c5,p31,l3,0.00
i13,e11,c5,p32,l3,0.00
i13,e11,c5,p33,l3,0.00
i13,e11,c5,p35,l3,0.00
i13,e12,c3,p01,l3,0.00
i13,e12,c3,p02,l3,0.00
i13,e12,c3,p03,l3,0.00
i13,e12,c3,p05,l3,0.00
i13,e12,c3,p06,l3,0.00
i13,e12,c3,p10,l3,0.00
i13,e12,c3,p11,l3,0.00
i13,e12,c3,p12,l3,0.00
i13,e12,c3,p13,l3,0.00
i13,e12,c3,p14,l3,0.00
i13,e12,c3,p15,l3,0.00
i13,e12,c3,p16,l3,0.00
i13,e12,c3,p17,l3,0.00
i13,e12,c3,p19,l3,0.00
i13,e12,c3,p21,l3,0.00
i13,e12,c3,p24,l3,0.00
i13,e12,c3,p28,l3,0.00
i13,e12,c3,p29,l3,0.00
i13,e12,c3,p32,l3,0.00
i13,e12,c3,p35,l3,0.00
i13,e12,c5,p01,l3,0.00
i13,e12,c5,p02,l3,0.00
i13,e12,c5,p03,l3,0.00
i13,e12,c5,p04,l3,0.00
i13,e12,c5,p05,l3,0.00
i13,e12,c5,p06,l3,0.00
i13,e12,c5,p07,l3,0.00
i13,e12,c5,p08,l3,0.00
i13,e12,c5,p09,l3,0.00
i13,e12,c5,p10,l3,0.00
i13,e12,c5,p11,l3,0.00
i13,e12,c5,p12,l3,0.00
i13,e12,c5,p13,l3,0.00
i13,e12,c5,p14,l3,0.00
i13,e12,c5,p15,l3,0.00
i13,e12,c5,p16,l3,0.00
i13,e12,c5,p17,l3,0.00
i13,e12,c5,p18,l3,0.00
i13,e12,c5,p19,l3,0.00
i13,e12,c5,p20,l3,0.00
i13,e12,c5,p21,l3,0.00
i13,e12,c5,p22,l3,0.00
i13,e12,c5,p23,l3,0.00
i13,e12,c5,p24,l3,0.00
i13,e12,c5,p25,l3,0.00
i13,e12,c5,p26,l3,0.00
i13,e12,c5,p28,l3,0.00
i13,e12,c5,p29,l3,0.00
i13,e12,c5,p30,l3,0.00
i13,e12,c5,p31,l3,0.00
i13,e12,c5,p32,l3,0.00
i13,e12,c5,p33,l3,0.00
i13,e12,c5,p35,l3,0.00
i13,e13,c5,p07,l3,0.00
i13,e13,c5,p22,l3,0.00
i130,e01,c5,p01,l3,0.00
i130,e01,c5,p10,l3,0.00
i130,e01,c5,p21,l3,0.00
i130,e01,c5,p24,l3,0.00
i130,e01,c5,p26,l3,0.00
i130,e02,c5,p35,l3,0.00
i130,e04,c5,p01,l3,0.00
i130,e04,c5,p10,l3,0.00
i130,e04,c5,p21,l3,0.00
i130,e04,c5,p24,l3,0.00
i130,e04,c5,p26,l3,0.00
i130,e05,c5,p01,l3,0.00
i130,e05,c5,p10,l3,0.00
i130,e05,c5,p16,l3,0.00
i130,e05,c5,p26,l3,0.00
i130,e05,c5,p35,l3,0.00
i130,e08,c5,p01,l3,0.00
i130,e08,c5,p05,l3,0.00
i130,e08,c5,p10,l3,0.00
i130,e08,c5,p16,l3,0.00
i130,e08,c5,p17,l3,0.00
i130,e08,c5,p21,l3,0.00
i130,e08,c5,p24,l3,0.00
i130,e08,c5,p25,l3,0.00
i130,e08,c5,p26,l3,0.00
i130,e08,c5,p35,l3,0.00
i130,e09,c5,p24,l3,0.00
i130,e09,c5,p26,l3,0.00
i130,e09,c5,p35,l3,0.00
i130,e11,c5,p01,l3,0.00
i130,e11,c5,p10,l3,0.00
i130,e11,c5,p26,l3,0.00
i130,e11,c5,p35,l3,0.00
i130,e13,c5,p10,l3,0.00
i130,e13,c5,p35,l3,0.00
i131,e05,c3,p02,l3,0.00
i131,e05,c3,p05,l3,0.00
i131,e05,c3,p10,l3,0.00
i131,e05,c3,p11,l3,0.00
i131,e05,c3,p12,l1,0.00
i131,e05,c3,p12,l3,0.00
i131,e05,c3,p16,l1,0.00
i131,e05,c3,p16,l3,0.00
i131,e05,c3,p17,l3,0.00
i131,e05,c3,p19,l3,0.00
i131,e05,c3,p29,l1,0.00
i131,e05,c3,p29,l3,0.00
i131,e05,c3,p35,l1,0.00
i131,e05,c3,p35,l3,0.00
i131,e05,c5,p02,l3,0.00
i131,e05,c5,p05,l3,0.00
i131,e05,c5,p06,l3,0.00
i131,e05,c5,p07,l3,0.00
i131,e05,c5,p10,l3,0.00
i131,e05,c5,p12,l1,0.00
i131,e05,c5,p12,l3,0.00
i131,e05,c5,p14,l1,0.00
i131,e05,c5,p14,l3,0.00
i131,e05,c5,p15,l3,0.00
i131,e05,c5,p16,l1,0.00
i131,e05,c5,p16,l3,0.00
i131,e05,c5,p17,l3,0.00
i131,e05,c5,p19,l1,0.00
i131,e05,c5,p19,l3,0.00
i131,e05,c5,p21,l3,0.00
i131,e05,c5,p22,l3,0.00
i131,e05,c5,p23,l3,0.00
i131,e05,c5,p24,l3,0.00
i131,e05,c5,p25,l3,0.00
i131,e05,c5,p27,l1,0.00
i131,e05,c5,p29,l3,0.00
i131,e05,c5,p35,l1,0.00
i131,e05,c5,p35,l3,0.00
i132,e01,c1,p35,l3,0.00
i132,e01,c4,p35,l3,0.00
i132,e01,c7,p35,l3,0.00
i132,e04,c1,p35,l1,0.00
i132,e04,c1,p35,l3,0.00
i132,e04,c4,p35,l1,0.00
i132,e04,c4,p35,l3,0.00
i132,e04,c7,p35,l3,0.00
i132,e05,c1,p35,l1,0.00
i132,e05,c1,p35,l3,0.00
i132,e05,c4,p35,l3,0.00
i132,e09,c1,p35,l2,0.00
i132,e09,c1,p35,l3,0.00
i132,e09,c4,p35,l2,0.00
i132,e09,c4,p35,l3,0.00
i132,e09,c7,p35,l3,0.00
i132,e12,c1,p35,l3,0.00
i132,e12,c4,p35,l3,0.00
i133,e01,c3,p10,l3,0.00
i133,e01,c3,p35,l3,0.00
i133,e04,c3,p10,l1,0.00
i133,e04,c3,p10,l3,0.00
i133,e04,c3,p35,l3,0.00
i133,e09,c3,p10,l2,0.00
i133,e09,c3,p10,l3,0.00
i133,e09,c3,p35,l3,0.00
i134,e01,c1,p10,l3,0.00
i134,e04,c1,p10,l3,0.00
i134,e05,c1,p10,l3,0.00
i134,e08,c1,p10,l3,0.00
i134,e09,c1,p10,l3,0.00
i135,e02,c5,p35,l3,0.00
i135,e05,c5,p10,l3,0.00
i135,e05,c5,p35,l3,0.00
i136,e01,c1,p01,l3,0.00
i136,e01,c1,p02,l3,0.00
i136,e01,c1,p03,l3,0.00
i136,e01,c1,p04,l3,0.00
i136,e01,c1,p05,l3,0.00
i136,e01,c1,p07,l3,0.00
i136,e01,c1,p09,l3,0.00
i136,e01,c1,p10,l3,0.00
i136,e01,c1,p11,l3,0.00
i136,e01,c1,p12,l3,0.00
i136,e01,c1,p13,l3,0.00
i136,e01,c1,p14,l3,0.00
i136,e01,c1,p15,l3,0.00
i136,e01,c1,p17,l3,0.00
i136,e01,c1,p18,l3,0.00
i136,e01,c1,p19,l3,0.00
i136,e01,c1,p22,l3,0.00
i136,e01,c1,p23,l3,0.00
i136,e01,c1,p24,l3,0.00
i136,e01,c1,p28,l3,0.00
i136,e01,c1,p29,l3,0.00
i136,e01,c1,p32,l3,0.00
i136,e04,c1,p01,l3,0.00
i136,e04,c1,p02,l3,0.00
i136,e04,c1,p03,l3,0.00
i136,e04,c1,p07,l3,0.00
i136,e04,c1,p09,l3,0.00
i136,e04,c1,p10,l3,0.00
i136,e04,c1,p11,l3,0.00
i136,e04,c1,p12,l3,0.00
i136,e04,c1,p13,l3,0.00
i136,e04,c1,p14,l3,0.00
i136,e04,c1,p15,l3,0.00
i136,e04,c1,p17,l3,0.00
i136,e04,c1,p19,l3,0.00
i136,e04,c1,p22,l3,0.00
i136,e04,c1,p23,l3,0.00
i136,e04,c1,p24,l3,0.00
i136,e04,c1,p28,l3,0.00
i136,e04,c1,p29,l3,0.00
i136,e04,c1,p32,l3,0.00
i136,e04,c1,p35,l3,0.00
i136,e05,c1,p01,l3,0.00
i136,e05,c1,p02,l3,0.00
i136,e05,c1,p03,l3,0.00
i136,e05,c1,p04,l3,0.00
i136,e05,c1,p05,l3,0.00
i136,e05,c1,p07,l3,0.00
i136,e05,c1,p09,l3,0.00
i136,e05,c1,p10,l3,0.00
i136,e05,c1,p11,l3,0.00
i136,e05,c1,p12,l3,0.00
i136,e05,c1,p13,l3,0.00
i136,e05,c1,p14,l3,0.00
i136,e05,c1,p15,l3,0.00
i136,e05,c1,p17,l3,0.00
i136,e05,c1,p18,l3,0.00
i136,e05,c1,p19,l3,0.00
i136,e05,c1,p21,l3,0.00
i136,e05,c1,p22,l3,0.00
i136,e05,c1,p23,l3,0.00
i136,e05,c1,p24,l3,0.00
i136,e05,c1,p28,l3,0.00
i136,e05,c1,p29,l3,0.00
i136,e05,c1,p32,l3,0.00
i136,e05,c1,p35,l3,0.00
i136,e09,c1,p01,l3,0.00
i136,e09,c1,p02,l3,0.00
i136,e09,c1,p03,l3,0.00
i136,e09,c1,p05,l3,0.00
i136,e09,c1,p07,l3,0.00
i136,e09,c1,p09,l3,0.00
i136,e09,c1,p10,l3,0.00
i136,e09,c1,p11,l3,0.00
i136,e09,c1,p12,l3,0.00
i136,e09,c1,p13,l3,0.00
i136,e09,c1,p14,l3,0.00
i136,e09,c1,p15,l3,0.00
i136,e09,c1,p17,l3,0.00
i136,e09,c1,p18,l3,0.00
i136,e09,c1,p19,l3,0.00
i136,e09,c1,p22,l3,0.00
i136,e09,c1,p23,l3,0.00
i136,e09,c1,p24,l3,0.00
i136,e09,c1,p28,l3,0.00
i136,e09,c1,p29,l3,0.00
i136,e09,c1,p32,l3,0.00
i136,e09,c1,p35,l3,0.00
i136,e13,c1,p01,l3,0.00
i136,e13,c1,p03,l3,0.00
i136,e13,c1,p10,l3,0.00
i136,e13,c1,p11,l3,0.00
i136,e13,c1,p19,l3,0.00
i136,e13,c1,p28,l3,0.00
i137,e05,c3,p35,l3,0.00
i138,e05,c3,p35,l1,0.00
i138,e05,c3,p35,l3,0.00
i138,e11,c3,p35,l3,0.00
i139,e02,c3,p35,l1,0.00
i139,e02,c3,p35,l3,0.00
i139,e02,c5,p10,l3,0.00
i139,e02,c5,p35,l1,0.00
i139,e02,c5,p35,l3,0.00
i139,e05,c3,p35,l1,0.00
i139,e05,c3,p35,l3,0.00
i139,e05,c5,p01,l3,0.00
i139,e05,c5,p07,l3,0.00
i139,e05,c5,p10,l3,0.00
i139,e05,c5,p15,l3,0.00
i139,e05,c5,p19,l3,0.00
i139,e05,c5,p23,l3,0.00
i139,e05,c5,p24,l3,0.00
i139,e05,c5,p28,l3,0.00
i139,e05,c5,p35,l1,0.00
i139,e05,c5,p35,l3,0.00
i14,e01,c3,p01,l3,0.00
i14,e01,c3,p02,l3,0.00
i14,e01,c3,p03,l3,0.00
i14,e01,c3,p04,l3,0.00
i14,e01,c3,p05,l3,0.00
i14,e01,c3,p06,l3,0.00
i14,e01,c3,p07,l3,0.00
i14,e01,c3,p08,l3,0.00
i14,e01,c3,p09,l3,0.00
i14,e01,c3,p10,l3,0.00
i14,e01,c3,p11,l3,0.00
i14,e01,c3,p12,l3,0.00
i14,e01,c3,p13,l3,0.00
i14,e01,c3,p14,l3,0.00
i14,e01,c3,p15,l3,0.00
i14,e01,c3,p16,l3,0.00
i14,e01,c3,p17,l3,0.00
i14,e01,c3,p18,l3,0.00
i14,e01,c3,p19,l3,0.00
i14,e01,c3,p20,l3,0.00
i14,e01,c3,p21,l3,0.00
i14,e01,c3,p22,l3,0.00
i14,e01,c3,p23,l3,0.00
i14,e01,c3,p24,l3,0.00
i14,e01,c3,p25,l3,0.00
i14,e01,c3,p26,l3,0.00
i14,e01,c3,p28,l3,0.00
i14,e01,c3,p29,l3,0.00
i14,e01,c3,p30,l3,0.00
i14,e01,c3,p31,l3,0.00
i14,e01,c3,p32,l3,0.00
i14,e01,c3,p33,l3,0.00
i14,e01,c3,p34,l3,0.00
i14,e01,c3,p35,l3,0.00
i14,e01,c5,p01,l3,0.00
i14,e01,c5,p02,l3,0.00
i14,e01,c5,p03,l3,0.00
i14,e01,c5,p04,l3,0.00
i14,e01,c5,p05,l3,0.00
i14,e01,c5,p06,l3,0.00
i14,e01,c5,p07,l3,0.00
i14,e01,c5,p08,l3,0.00
i14,e01,c5,p09,l3,0.00
i14,e01,c5,p10,l3,0.00
i14,e01,c5,p11,l3,0.00
i14,e01,c5,p12,l3,0.00
i14,e01,c5,p13,l3,0.00
i14,e01,c5,p14,l3,0.00
i14,e01,c5,p15,l3,0.00
i14,e01,c5,p16,l3,1.10
i14,e01,c5,p17,l3,0.00
i14,e01,c5,p18,l3,0.00
i14,e01,c5,p19,l3,14.49
i14,e01,c5,p20,l3,0.00
i14,e01,c5,p21,l3,1.54
i14,e01,c5,p22,l3,0.00
i14,e01,c5,p23,l3,0.00
i14,e01,c5,p24,l3,0.00
i14,e01,c5,p25,l3,0.00
i14,e01,c5,p26,l3,0.00
i14,e01,c5,p27,l3,0.00
i14,e01,c5,p28,l3,0.00
i14,e01,c5,p29,l3,0.00
i14,e01,c5,p30,l3,0.00
i14,e01,c5,p31,l3,0.00
i14,e01,c5,p32,l3,1.42
i14,e01,c5,p33,l3,0.00
i14,e01,c5,p34,l3,0.00
i14,e01,c5,p35,l3,0.00
i14,e01,c8,p02,l3,0.00
i14,e01,c8,p03,l3,0.00
i14,e01,c8,p04,l3,0.00
i14,e01,c8,p07,l3,0.00
i14,e01,c8,p08,l3,0.00
i14,e01,c8,p10,l3,0.00
i14,e01,c8,p15,l3,0.00
i14,e01,c8,p17,l3,0.00
i14,e01,c8,p18,l3,0.00
i14,e01,c8,p19,l3,0.00
i14,e01,c8,p21,l3,0.00
i14,e01,c8,p22,l3,0.00
i14,e01,c8,p28,l3,0.00
i14,e01,c8,p35,l3,0.00
i14,e02,c3,p01,l1,0.00
i14,e02,c3,p01,l3,0.00
i14,e02,c3,p02,l1,0.00
i14,e02,c3,p02,l3,0.00
i14,e02,c3,p03,l1,0.00
i14,e02,c3,p03,l3,0.00
i14,e02,c3,p04,l1,0.00
i14,e02,c3,p04,l3,0.00
i14,e02,c3,p05,l1,0.00
i14,e02,c3,p05,l3,0.00
i14,e02,c3,p06,l1,0.00
i14,e02,c3,p06,l3,0.00
i14,e02,c3,p07,l1,0.00
i14,e02,c3,p07,l3,0.00
i14,e02,c3,p08,l1,0.00
i14,e02,c3,p08,l3,0.00
i14,e02,c3,p09,l1,0.00
i14,e02,c3,p09,l3,0.00
i14,e02,c3,p10,l1,0.00
i14,e02,c3,p10,l3,0.00
i14,e02,c3,p11,l1,0.00
i14,e02,c3,p11,l3,0.00
i14,e02,c3,p12,l1,0.00
i14,e02,c3,p12,l3,0.00
i14,e02,c3,p13,l1,0.00
i14,e02,c3,p13,l3,0.00
i14,e02,c3,p14,l3,0.00
i14,e02,c3,p15,l1,0.00
i14,e02,c3,p15,l3,0.00
i14,e02,c3,p16,l1,0.00
i14,e02,c3,p16,l3,0.00
i14,e02,c3,p17,l3,0.00
i14,e02,c3,p18,l1,0.00
i14,e02,c3,p18,l3,0.00
i14,e02,c3,p19,l1,0.00
i14,e02,c3,p19,l3,0.00
i14,e02,c3,p20,l1,0.00
i14,e02,c3,p20,l3,0.00
i14,e02,c3,p21,l1,0.00
i14,e02,c3,p21,l3,0.00
i14,e02,c3,p22,l1,0.00
i14,e02,c3,p22,l3,0.00
i14,e02,c3,p23,l3,0.00
i14,e02,c3,p24,l1,0.00
i14,e02,c3,p24,l3,0.00
i14,e02,c3,p25,l3,0.00
i14,e02,c3,p26,l3,0.00
i14,e02,c3,p28,l1,0.00
i14,e02,c3,p28,l3,0.00
i14,e02,c3,p29,l1,0.00
i14,e02,c3,p29,l3,0.00
i14,e02,c3,p30,l3,0.00
i14,e02,c3,p31,l3,0.00
i14,e02,c3,p32,l1,0.00
i14,e02,c3,p32,l3,0.00
i14,e02,c3,p33,l3,0.00
i14,e02,c3,p35,l1,0.00
i14,e02,c3,p35,l3,0.00
i14,e02,c5,p01,l1,0.00
i14,e02,c5,p01,l3,0.00
i14,e02,c5,p02,l1,0.00
i14,e02,c5,p02,l3,0.00
i14,e02,c5,p03,l1,0.00
i14,e02,c5,p03,l3,0.00
i14,e02,c5,p04,l1,0.00
i14,e02,c5,p04,l3,0.00
i14,e02,c5,p05,l1,0.00
i14,e02,c5,p05,l3,0.00
i14,e02,c5,p06,l1,0.00
i14,e02,c5,p06,l3,0.00
i14,e02,c5,p07,l1,0.00
i14,e02,c5,p07,l3,0.00
i14,e02,c5,p08,l1,0.00
i14,e02,c5,p08,l3,0.00
i14,e02,c5,p09,l1,0.00
i14,e02,c5,p09,l3,0.00
i14,e02,c5,p10,l1,0.00
i14,e02,c5,p10,l3,0.00
i14,e02,c5,p11,l1,0.00
i14,e02,c5,p11,l3,0.00
i14,e02,c5,p12,l1,0.00
i14,e02,c5,p12,l3,0.00
i14,e02,c5,p13,l1,0.00
i14,e02,c5,p13,l3,0.00
i14,e02,c5,p14,l1,0.00
i14,e02,c5,p14,l3,0.00
i14,e02,c5,p15,l1,0.00
i14,e02,c5,p15,l3,0.00
i14,e02,c5,p16,l1,0.00
i14,e02,c5,p16,l3,0.00
i14,e02,c5,p17,l1,0.00
i14,e02,c5,p17,l3,0.00
i14,e02,c5,p18,l1,0.00
i14,e02,c5,p18,l3,0.00
i14,e02,c5,p19,l1,0.00
i14,e02,c5,p19,l3,0.00
i14,e02,c5,p20,l1,0.00
i14,e02,c5,p20,l3,0.00
i14,e02,c5,p21,l1,0.00
i14,e02,c5,p21,l3,0.00
i14,e02,c5,p22,l1,0.00
i14,e02,c5,p22,l3,0.00
i14,e02,c5,p23,l1,0.00
i14,e02,c5,p23,l3,0.00
i14,e02,c5,p24,l1,0.00
i14,e02,c5,p24,l3,0.00
i14,e02,c5,p25,l1,0.00
i14,e02,c5,p25,l3,0.00
i14,e02,c5,p26,l1,0.00
i14,e02,c5,p26,l3,0.00
i14,e02,c5,p28,l1,0.00
i14,e02,c5,p28,l3,0.00
i14,e02,c5,p29,l1,0.00
i14,e02,c5,p29,l3,0.00
i14,e02,c5,p30,l1,0.00
i14,e02,c5,p30,l3,0.00
i14,e02,c5,p31,l1,0.00
i14,e02,c5,p31,l3,0.00
i14,e02,c5,p32,l1,0.00
i14,e02,c5,p32,l3,0.00
i14,e02,c5,p33,l1,0.00
i14,e02,c5,p33,l3,0.00
i14,e02,c5,p35,l1,0.00
i14,e02,c5,p35,l3,0.00
i14,e02,c8,p35,l3,0.00
i14,e04,c3,p01,l1,0.00
i14,e04,c3,p01,l3,0.00
i14,e04,c3,p02,l1,0.00
i14,e04,c3,p02,l3,0.00
i14,e04,c3,p03,l1,0.00
i14,e04,c3,p03,l3,2.38
i14,e04,c3,p04,l1,0.00
i14,e04,c3,p04,l3,0.00
i14,e04,c3,p05,l1,0.00
i14,e04,c3,p05,l3,0.00
i14,e04,c3,p06,l1,0.00
i14,e04,c3,p06,l3,0.00
i14,e04,c3,p07,l1,0.00
i14,e04,c3,p07,l3,0.00
i14,e04,c3,p08,l1,0.00
i14,e04,c3,p08,l3,0.00
i14,e04,c3,p09,l1,0.00
i14,e04,c3,p09,l3,0.00
i14,e04,c3,p10,l1,0.00
i14,e04,c3,p10,l3,0.00
i14,e04,c3,p11,l1,0.00
i14,e04,c3,p11,l3,0.00
i14,e04,c3,p12,l1,0.00
i14,e04,c3,p12,l3,0.00
i14,e04,c3,p13,l1,0.00
i14,e04,c3,p13,l3,0.00
i14,e04,c3,p14,l1,0.00
i14,e04,c3,p14,l3,0.00
i14,e04,c3,p15,l1,0.00
i14,e04,c3,p15,l3,0.00
i14,e04,c3,p16,l1,0.00
i14,e04,c3,p16,l3,0.00
i14,e04,c3,p17,l1,0.00
i14,e04,c3,p17,l3,0.00
i14,e04,c3,p18,l1,0.00
i14,e04,c3,p18,l3,0.00
i14,e04,c3,p19,l1,0.00
i14,e04,c3,p19,l3,0.00
i14,e04,c3,p20,l1,0.00
i14,e04,c3,p20,l3,0.00
i14,e04,c3,p21,l1,0.00
i14,e04,c3,p21,l3,0.00
i14,e04,c3,p22,l1,0.00
i14,e04,c3,p22,l3,0.00
i14,e04,c3,p23,l1,0.00
i14,e04,c3,p23,l3,0.00
i14,e04,c3,p24,l1,0.00
i14,e04,c3,p24,l3,0.00
i14,e04,c3,p25,l1,0.00
i14,e04,c3,p25,l3,0.00
i14,e04,c3,p26,l1,0.00
i14,e04,c3,p26,l3,0.00
i14,e04,c3,p28,l1,0.00
i14,e04,c3,p28,l3,0.00
i14,e04,c3,p29,l1,0.00
i14,e04,c3,p29,l3,0.00
i14,e04,c3,p30,l1,0.00
i14,e04,c3,p30,l3,0.00
i14,e04,c3,p31,l1,0.00
i14,e04,c3,p31,l3,0.00
i14,e04,c3,p32,l1,0.00
i14,e04,c3,p32,l3,0.00
i14,e04,c3,p33,l1,0.00
i14,e04,c3,p33,l3,0.00
i14,e04,c3,p34,l3,0.00
i14,e04,c3,p35,l1,0.00
i14,e04,c3,p35,l3,0.00
i14,e04,c5,p01,l1,0.00
i14,e04,c5,p01,l3,10.02
i14,e04,c5,p02,l1,0.00
i14,e04,c5,p02,l3,0.00
i14,e04,c5,p03,l1,0.00
i14,e04,c5,p03,l3,0.00
i14,e04,c5,p04,l1,0.00
i14,e04,c5,p04,l3,0.00
i14,e04,c5,p05,l1,0.00
i14,e04,c5,p05,l3,2.40
i14,e04,c5,p06,l1,0.00
i14,e04,c5,p06,l3,6.56
i14,e04,c5,p07,l1,0.00
i14,e04,c5,p07,l3,0.00
i14,e04,c5,p08,l1,0.00
i14,e04,c5,p08,l3,0.00
i14,e04,c5,p09,l1,0.00
i14,e04,c5,p09,l3,4.06
i14,e04,c5,p10,l1,0.00
i14,e04,c5,p10,l3,8.22
i14,e04,c5,p11,l1,0.00
i14,e04,c5,p11,l3,2.41
i14,e04,c5,p12,l1,0.00
i14,e04,c5,p12,l3,2.07
i14,e04,c5,p13,l1,0.00
i14,e04,c5,p13,l3,2.67
i14,e04,c5,p14,l1,0.00
i14,e04,c5,p14,l3,0.00
i14,e04,c5,p15,l1,0.00
i14,e04,c5,p15,l3,3.28
i14,e04,c5,p16,l1,0.00
i14,e04,c5,p16,l3,5.39
i14,e04,c5,p17,l1,0.00
i14,e04,c5,p17,l3,3.89
i14,e04,c5,p18,l1,0.00
i14,e04,c5,p18,l3,0.00
i14,e04,c5,p19,l1,0.00
i14,e04,c5,p19,l3,13.39
i14,e04,c5,p20,l1,0.00
i14,e04,c5,p20,l3,0.00
i14,e04,c5,p21,l1,0.00
i14,e04,c5,p21,l3,4.43
i14,e04,c5,p22,l1,0.00
i14,e04,c5,p22,l3,1.04
i14,e04,c5,p23,l1,0.00
i14,e04,c5,p23,l3,1.40
i14,e04,c5,p24,l1,0.00
i14,e04,c5,p24,l3,6.14
i14,e04,c5,p25,l1,0.00
i14,e04,c5,p25,l3,0.00
i14,e04,c5,p26,l1,0.00
i14,e04,c5,p26,l3,0.00
i14,e04,c5,p27,l3,0.00
i14,e04,c5,p28,l1,0.00
i14,e04,c5,p28,l3,0.00
i14,e04,c5,p29,l1,0.00
i14,e04,c5,p29,l3,0.00
i14,e04,c5,p30,l1,0.00
i14,e04,c5,p30,l3,0.00
i14,e04,c5,p31,l1,0.00
i14,e04,c5,p31,l3,0.00
i14,e04,c5,p32,l1,0.00
i14,e04,c5,p32,l3,0.00
i14,e04,c5,p33,l1,0.00
i14,e04,c5,p33,l3,0.00
i14,e04,c5,p34,l3,0.00
i14,e04,c5,p35,l1,0.00
i14,e04,c5,p35,l3,4.88
i14,e04,c8,p01,l3,0.00
i14,e04,c8,p02,l3,0.00
i14,e04,c8,p03,l3,0.00
i14,e04,c8,p04,l3,0.00
i14,e04,c8,p07,l3,0.00
i14,e04,c8,p08,l3,0.00
i14,e04,c8,p09,l3,0.00
i14,e04,c8,p10,l3,0.00
i14,e04,c8,p15,l3,0.00
i14,e04,c8,p17,l3,0.00
i14,e04,c8,p19,l1,0.00
i14,e04,c8,p19,l3,0.00
i14,e04,c8,p21,l3,0.00
i14,e04,c8,p22,l3,0.00
i14,e04,c8,p24,l3,0.00
i14,e04,c8,p29,l3,0.00
i14,e04,c8,p35,l3,0.00
i14,e05,c3,p01,l1,0.00
i14,e05,c3,p01,l3,0.00
i14,e05,c3,p02,l1,0.00
i14,e05,c3,p02,l3,0.00
i14,e05,c3,p03,l1,0.00
i14,e05,c3,p03,l3,0.00
i14,e05,c3,p04,l1,0.00
i14,e05,c3,p04,l3,0.00
i14,e05,c3,p05,l1,0.00
i14,e05,c3,p05,l3,0.00
i14,e05,c3,p06,l1,0.00
i14,e05,c3,p06,l3,0.00
i14,e05,c3,p07,l1,0.00
i14,e05,c3,p07,l3,0.00
i14,e05,c3,p08,l1,0.00
i14,e05,c3,p08,l3,0.00
i14,e05,c3,p09,l1,0.00
i14,e05,c3,p09,l3,0.00
i14,e05,c3,p10,l1,0.00
i14,e05,c3,p10,l3,0.00
i14,e05,c3,p11,l1,0.00
i14,e05,c3,p11,l3,0.00
i14,e05,c3,p12,l1,0.00
i14,e05,c3,p12,l3,0.00
i14,e05,c3,p13,l1,0.00
i14,e05,c3,p13,l3,0.00
i14,e05,c3,p14,l1,0.00
i14,e05,c3,p14,l3,0.00
i14,e05,c3,p15,l1,0.00
i14,e05,c3,p15,l3,0.00
i14,e05,c3,p16,l1,0.00
i14,e05,c3,p16,l3,0.00
i14,e05,c3,p17,l1,0.00
i14,e05,c3,p17,l3,0.00
i14,e05,c3,p18,l1,0.00
i14,e05,c3,p18,l3,0.00
i14,e05,c3,p19,l1,0.00
i14,e05,c3,p19,l3,0.00
i14,e05,c3,p20,l1,0.00
i14,e05,c3,p20,l3,0.00
i14,e05,c3,p21,l1,0.00
i14,e05,c3,p21,l3,0.00
i14,e05,c3,p22,l1,0.00
i14,e05,c3,p22,l3,0.00
i14,e05,c3,p23,l1,0.00
i14,e05,c3,p23,l3,0.00
i14,e05,c3,p24,l1,0.00
i14,e05,c3,p24,l3,0.00
i14,e05,c3,p25,l1,0.00
i14,e05,c3,p25,l3,0.00
i14,e05,c3,p26,l1,0.00
i14,e05,c3,p26,l3,0.00
i14,e05,c3,p27,l3,0.00
i14,e05,c3,p28,l1,0.00
i14,e05,c3,p28,l3,0.00
i14,e05,c3,p29,l1,0.00
i14,e05,c3,p29,l3,0.00
i14,e05,c3,p30,l3,0.00
i14,e05,c3,p31,l3,0.00
i14,e05,c3,p32,l1,0.00
i14,e05,c3,p32,l3,0.00
i14,e05,c3,p33,l1,0.00
i14,e05,c3,p33,l3,0.00
i14,e05,c3,p34,l3,0.00
i14,e05,c3,p35,l1,0.00
i14,e05,c3,p35,l3,0.00
i14,e05,c5,p01,l1,0.00
i14,e05,c5,p01,l3,0.00
i14,e05,c5,p02,l1,0.00
i14,e05,c5,p02,l3,0.00
i14,e05,c5,p03,l1,0.00
i14,e05,c5,p03,l3,0.00
i14,e05,c5,p04,l1,0.00
i14,e05,c5,p04,l3,0.00
i14,e05,c5,p05,l1,0.00
i14,e05,c5,p05,l3,0.00
i14,e05,c5,p06,l1,0.00
i14,e05,c5,p06,l3,0.00
i14,e05,c5,p07,l1,0.00
i14,e05,c5,p07,l3,0.00
i14,e05,c5,p08,l1,0.00
i14,e05,c5,p08,l3,0.00
i14,e05,c5,p09,l1,0.00
i14,e05,c5,p09,l3,0.00
i14,e05,c5,p10,l1,0.00
i14,e05,c5,p10,l3,0.00
i14,e05,c5,p11,l1,0.00
i14,e05,c5,p11,l3,0.00
i14,e05,c5,p12,l1,0.00
i14,e05,c5,p12,l3,0.00
i14,e05,c5,p13,l1,0.00
i14,e05,c5,p13,l3,0.00
i14,e05,c5,p14,l1,0.00
i14,e05,c5,p14,l3,0.00
i14,e05,c5,p15,l1,0.00
i14,e05,c5,p15,l3,0.00
i14,e05,c5,p16,l1,0.00
i14,e05,c5,p16,l3,0.00
i14,e05,c5,p17,l1,0.00
i14,e05,c5,p17,l3,0.00
i14,e05,c5,p18,l1,0.00
i14,e05,c5,p18,l3,0.00
i14,e05,c5,p19,l1,0.00
i14,e05,c5,p19,l3,0.00
i14,e05,c5,p20,l1,0.00
i14,e05,c5,p20,l3,0.00
i14,e05,c5,p21,l1,0.00
i14,e05,c5,p21,l3,0.00
i14,e05,c5,p22,l1,0.00
i14,e05,c5,p22,l3,0.00
i14,e05,c5,p23,l1,0.00
i14,e05,c5,p23,l3,0.00
i14,e05,c5,p24,l1,0.00
i14,e05,c5,p24,l3,0.00
i14,e05,c5,p25,l1,0.00
i14,e05,c5,p25,l3,0.00
i14,e05,c5,p26,l1,0.00
i14,e05,c5,p26,l3,0.00
i14,e05,c5,p27,l3,0.00
i14,e05,c5,p28,l1,0.00
i14,e05,c5,p28,l3,0.00
i14,e05,c5,p29,l1,0.00
i14,e05,c5,p29,l3,0.00
i14,e05,c5,p30,l1,0.00
i14,e05,c5,p30,l3,0.00
i14,e05,c5,p31,l1,0.00
i14,e05,c5,p31,l3,0.00
i14,e05,c5,p32,l1,0.00
i14,e05,c5,p32,l3,0.00
i14,e05,c5,p33,l1,0.00
i14,e05,c5,p33,l3,0.00
i14,e05,c5,p34,l3,0.00
i14,e05,c5,p35,l1,0.00
i14,e05,c5,p35,l3,32.28
i14,e05,c8,p01,l3,0.00
i14,e05,c8,p02,l3,0.00
i14,e05,c8,p03,l3,0.00
i14,e05,c8,p04,l3,0.00
i14,e05,c8,p05,l3,0.00
i14,e05,c8,p06,l3,0.00
i14,e05,c8,p07,l3,0.00
i14,e05,c8,p08,l3,0.00
i14,e05,c8,p09,l3,0.00
i14,e05,c8,p10,l3,0.00
i14,e05,c8,p11,l3,0.00
i14,e05,c8,p12,l3,0.00
i14,e05,c8,p13,l3,0.00
i14,e05,c8,p14,l3,0.00
i14,e05,c8,p15,l3,0.00
i14,e05,c8,p16,l3,0.00
i14,e05,c8,p17,l3,0.00
i14,e05,c8,p18,l3,0.00
i14,e05,c8,p19,l3,0.00
i14,e05,c8,p20,l3,0.00
i14,e05,c8,p21,l3,0.00
i14,e05,c8,p22,l3,0.00
i14,e05,c8,p23,l3,0.00
i14,e05,c8,p24,l3,0.00
i14,e05,c8,p25,l3,0.00
i14,e05,c8,p26,l3,0.00
i14,e05,c8,p28,l3,0.00
i14,e05,c8,p29,l3,0.00
i14,e05,c8,p30,l3,0.00
i14,e05,c8,p31,l3,0.00
i14,e05,c8,p32,l3,0.00
i14,e05,c8,p33,l3,0.00
i14,e05,c8,p35,l3,0.00
i14,e06,c5,p29,l3,0.00
i14,e07,c3,p01,l3,0.00
i14,e07,c3,p03,l3,0.00
i14,e07,c3,p07,l3,0.00
i14,e07,c3,p09,l3,0.00
i14,e07,c3,p10,l3,0.00
i14,e07,c3,p11,l3,0.00
i14,e07,c3,p15,l3,0.00
i14,e07,c3,p19,l2,0.00
i14,e07,c3,p19,l3,0.00
i14,e07,c3,p21,l3,0.00
i14,e07,c3,p23,l2,0.00
i14,e07,c3,p26,l2,0.00
i14,e07,c3,p28,l3,0.00
i14,e07,c3,p31,l3,0.00
i14,e07,c3,p35,l3,0.00
i14,e07,c5,p01,l2,0.00
i14,e07,c5,p01,l3,0.00
i14,e07,c5,p02,l2,0.00
i14,e07,c5,p02,l3,0.00
i14,e07,c5,p03,l2,0.00
i14,e07,c5,p03,l3,0.00
i14,e07,c5,p04,l2,0.00
i14,e07,c5,p04,l3,0.00
i14,e07,c5,p05,l2,0.00
i14,e07,c5,p05,l3,0.00
i14,e07,c5,p06,l2,0.00
i14,e07,c5,p06,l3,0.00
i14,e07,c5,p07,l2,0.00
i14,e07,c5,p07,l3,0.00
i14,e07,c5,p08,l2,0.00
i14,e07,c5,p08,l3,0.00
i14,e07,c5,p09,l2,0.00
i14,e07,c5,p09,l3,0.00
i14,e07,c5,p10,l2,0.00
i14,e07,c5,p10,l3,0.00
i14,e07,c5,p11,l2,0.00
i14,e07,c5,p11,l3,0.00
i14,e07,c5,p12,l2,0.00
i14,e07,c5,p12,l3,0.00
i14,e07,c5,p13,l2,0.00
i14,e07,c5,p13,l3,0.00
i14,e07,c5,p14,l2,0.00
i14,e07,c5,p14,l3,0.00
i14,e07,c5,p15,l2,0.00
i14,e07,c5,p15,l3,0.00
i14,e07,c5,p16,l2,0.00
i14,e07,c5,p16,l3,0.00
i14,e07,c5,p17,l2,0.00
i14,e07,c5,p17,l3,0.00
i14,e07,c5,p18,l2,0.00
i14,e07,c5,p18,l3,0.00
i14,e07,c5,p19,l2,0.00
i14,e07,c5,p19,l3,0.00
i14,e07,c5,p20,l2,0.00
i14,e07,c5,p20,l3,0.00
i14,e07,c5,p21,l2,0.00
i14,e07,c5,p21,l3,0.00
i14,e07,c5,p22,l2,0.00
i14,e07,c5,p22,l3,0.00
i14,e07,c5,p23,l2,0.00
i14,e07,c5,p23,l3,0.00
i14,e07,c5,p24,l2,0.00
i14,e07,c5,p24,l3,0.00
i14,e07,c5,p25,l2,0.00
i14,e07,c5,p25,l3,0.00
i14,e07,c5,p26,l2,0.00
i14,e07,c5,p26,l3,0.00
i14,e07,c5,p28,l2,0.00
i14,e07,c5,p28,l3,0.00
i14,e07,c5,p29,l2,0.00
i14,e07,c5,p29,l3,0.00
i14,e07,c5,p30,l3,0.00
i14,e07,c5,p31,l2,0.00
i14,e07,c5,p31,l3,0.00
i14,e07,c5,p32,l2,0.00
i14,e07,c5,p32,l3,0.00
i14,e07,c5,p33,l2,0.00
i14,e07,c5,p33,l3,0.00
i14,e07,c5,p35,l2,0.00
i14,e07,c5,p35,l3,0.00
i14,e08,c3,p01,l2,0.00
i14,e08,c3,p01,l3,0.00
i14,e08,c3,p02,l2,0.00
i14,e08,c3,p02,l3,1.06
i14,e08,c3,p03,l2,0.00
i14,e08,c3,p03,l3,3.80
i14,e08,c3,p04,l2,0.00
i14,e08,c3,p04,l3,0.00
i14,e08,c3,p05,l2,0.00
i14,e08,c3,p05,l3,0.00
i14,e08,c3,p06,l2,0.00
i14,e08,c3,p06,l3,0.00
i14,e08,c3,p07,l2,0.00
i14,e08,c3,p07,l3,0.00
i14,e08,c3,p08,l2,0.00
i14,e08,c3,p08,l3,48.05
i14,e08,c3,p09,l2,0.00
i14,e08,c3,p09,l3,0.00
i14,e08,c3,p10,l2,0.00
i14,e08,c3,p10,l3,1.62
i14,e08,c3,p11,l2,0.00
i14,e08,c3,p11,l3,2.25
i14,e08,c3,p12,l2,0.00
i14,e08,c3,p12,l3,1.98
i14,e08,c3,p13,l2,0.00
i14,e08,c3,p13,l3,0.00
i14,e08,c3,p14,l2,0.00
i14,e08,c3,p14,l3,0.00
i14,e08,c3,p15,l2,0.00
i14,e08,c3,p15,l3,1.49
i14,e08,c3,p16,l2,0.00
i14,e08,c3,p16,l3,1.31
i14,e08,c3,p17,l2,0.00
i14,e08,c3,p17,l3,1.03
i14,e08,c3,p18,l2,0.00
i14,e08,c3,p18,l3,0.00
i14,e08,c3,p19,l2,0.00
i14,e08,c3,p19,l3,2.37
i14,e08,c3,p20,l2,0.00
i14,e08,c3,p20,l3,0.00
i14,e08,c3,p21,l2,0.00
i14,e08,c3,p21,l3,0.00
i14,e08,c3,p22,l2,0.00
i14,e08,c3,p22,l3,2.04
i14,e08,c3,p23,l2,0.00
i14,e08,c3,p23,l3,0.00
i14,e08,c3,p24,l2,0.00
i14,e08,c3,p24,l3,0.00
i14,e08,c3,p25,l2,0.00
i14,e08,c3,p25,l3,0.00
i14,e08,c3,p26,l2,0.00
i14,e08,c3,p26,l3,0.00
i14,e08,c3,p27,l3,0.00
i14,e08,c3,p28,l2,0.00
i14,e08,c3,p28,l3,0.00
i14,e08,c3,p29,l2,0.00
i14,e08,c3,p29,l3,0.00
i14,e08,c3,p30,l2,0.00
i14,e08,c3,p30,l3,0.00
i14,e08,c3,p31,l2,0.00
i14,e08,c3,p31,l3,0.00
i14,e08,c3,p32,l2,0.00
i14,e08,c3,p32,l3,0.00
i14,e08,c3,p33,l2,0.00
i14,e08,c3,p33,l3,0.00
i14,e08,c3,p34,l3,0.00
i14,e08,c3,p35,l2,0.00
i14,e08,c3,p35,l3,0.00
i14,e08,c5,p01,l2,0.00
i14,e08,c5,p01,l3,54.25
i14,e08,c5,p02,l2,0.00
i14,e08,c5,p02,l3,9.05
i14,e08,c5,p03,l2,0.00
i14,e08,c5,p03,l3,52.48
i14,e08,c5,p04,l2,0.00
i14,e08,c5,p04,l3,19.19
i14,e08,c5,p05,l2,0.00
i14,e08,c5,p05,l3,23.23
i14,e08,c5,p06,l2,0.00
i14,e08,c5,p06,l3,35.33
i14,e08,c5,p07,l2,0.00
i14,e08,c5,p07,l3,26.20
i14,e08,c5,p08,l2,0.00
i14,e08,c5,p08,l3,21.11
i14,e08,c5,p09,l2,0.00
i14,e08,c5,p09,l3,13.92
i14,e08,c5,p10,l2,0.00
i14,e08,c5,p10,l3,144.88
i14,e08,c5,p11,l2,0.00
i14,e08,c5,p11,l3,51.60
i14,e08,c5,p12,l2,0.00
i14,e08,c5,p12,l3,39.64
i14,e08,c5,p13,l2,0.00
i14,e08,c5,p13,l3,20.16
i14,e08,c5,p14,l2,0.00
i14,e08,c5,p14,l3,40.46
i14,e08,c5,p15,l2,0.00
i14,e08,c5,p15,l3,126.10
i14,e08,c5,p16,l2,0.00
i14,e08,c5,p16,l3,48.62
i14,e08,c5,p17,l2,0.00
i14,e08,c5,p17,l3,23.11
i14,e08,c5,p18,l2,0.00
i14,e08,c5,p18,l3,25.35
i14,e08,c5,p19,l2,0.00
i14,e08,c5,p19,l3,140.18
i14,e08,c5,p20,l2,0.00
i14,e08,c5,p20,l3,3.10
i14,e08,c5,p21,l2,0.00
i14,e08,c5,p21,l3,94.23
i14,e08,c5,p22,l2,0.00
i14,e08,c5,p22,l3,20.78
i14,e08,c5,p23,l2,0.00
i14,e08,c5,p23,l3,12.50
i14,e08,c5,p24,l2,0.00
i14,e08,c5,p24,l3,29.72
i14,e08,c5,p25,l2,0.00
i14,e08,c5,p25,l3,10.27
i14,e08,c5,p26,l2,0.00
i14,e08,c5,p26,l3,1.39
i14,e08,c5,p27,l2,0.00
i14,e08,c5,p27,l3,0.00
i14,e08,c5,p28,l2,0.00
i14,e08,c5,p28,l3,9.44
i14,e08,c5,p29,l2,0.00
i14,e08,c5,p29,l3,38.44
i14,e08,c5,p30,l2,0.00
i14,e08,c5,p30,l3,1.12
i14,e08,c5,p31,l2,0.00
i14,e08,c5,p31,l3,0.00
i14,e08,c5,p32,l2,0.00
i14,e08,c5,p32,l3,8.50
i14,e08,c5,p33,l2,0.00
i14,e08,c5,p33,l3,2.07
i14,e08,c5,p34,l3,0.00
i14,e08,c5,p35,l2,0.00
i14,e08,c5,p35,l3,168.06
i14,e08,c8,p01,l2,0.00
i14,e08,c8,p01,l3,0.00
i14,e08,c8,p02,l3,0.00
i14,e08,c8,p03,l2,0.00
i14,e08,c8,p03,l3,0.00
i14,e08,c8,p04,l3,0.00
i14,e08,c8,p05,l2,0.00
i14,e08,c8,p05,l3,0.00
i14,e08,c8,p06,l3,0.00
i14,e08,c8,p07,l2,0.00
i14,e08,c8,p07,l3,0.00
i14,e08,c8,p08,l2,0.00
i14,e08,c8,p08,l3,0.00
i14,e08,c8,p09,l3,0.00
i14,e08,c8,p10,l2,0.00
i14,e08,c8,p10,l3,0.00
i14,e08,c8,p11,l2,0.00
i14,e08,c8,p11,l3,0.00
i14,e08,c8,p12,l2,0.00
i14,e08,c8,p12,l3,0.00
i14,e08,c8,p13,l2,0.00
i14,e08,c8,p13,l3,0.00
i14,e08,c8,p14,l2,0.00
i14,e08,c8,p14,l3,0.00
i14,e08,c8,p15,l2,0.00
i14,e08,c8,p15,l3,0.00
i14,e08,c8,p16,l2,0.00
i14,e08,c8,p16,l3,0.00
i14,e08,c8,p17,l2,0.00
i14,e08,c8,p17,l3,0.00
i14,e08,c8,p18,l2,0.00
i14,e08,c8,p18,l3,0.00
i14,e08,c8,p19,l2,0.00
i14,e08,c8,p19,l3,0.00
i14,e08,c8,p20,l3,0.00
i14,e08,c8,p21,l2,0.00
i14,e08,c8,p21,l3,0.00
i14,e08,c8,p22,l3,0.00
i14,e08,c8,p23,l2,0.00
i14,e08,c8,p23,l3,0.00
i14,e08,c8,p24,l2,0.00
i14,e08,c8,p24,l3,0.00
i14,e08,c8,p25,l3,0.00
i14,e08,c8,p26,l3,0.00
i14,e08,c8,p28,l3,0.00
i14,e08,c8,p29,l2,0.00
i14,e08,c8,p29,l3,0.00
i14,e08,c8,p30,l3,0.00
i14,e08,c8,p31,l3,0.00
i14,e08,c8,p32,l3,0.00
i14,e08,c8,p33,l3,0.00
i14,e08,c8,p35,l2,0.00
i14,e08,c8,p35,l3,12.76
i14,e09,c3,p01,l2,0.00
i14,e09,c3,p01,l3,0.00
i14,e09,c3,p02,l2,0.00
i14,e09,c3,p02,l3,0.00
i14,e09,c3,p03,l2,0.00
i14,e09,c3,p03,l3,0.00
i14,e09,c3,p04,l2,0.00
i14,e09,c3,p04,l3,0.00
i14,e09,c3,p05,l2,0.00
i14,e09,c3,p05,l3,0.00
i14,e09,c3,p06,l2,0.00
i14,e09,c3,p06,l3,0.00
i14,e09,c3,p07,l2,0.00
i14,e09,c3,p07,l3,0.00
i14,e09,c3,p08,l2,0.00
i14,e09,c3,p08,l3,0.00
i14,e09,c3,p09,l2,0.00
i14,e09,c3,p09,l3,0.00
i14,e09,c3,p10,l2,0.00
i14,e09,c3,p10,l3,0.00
i14,e09,c3,p11,l2,0.00
i14,e09,c3,p11,l3,0.00
i14,e09,c3,p12,l2,0.00
i14,e09,c3,p12,l3,0.00
i14,e09,c3,p13,l2,0.00
i14,e09,c3,p13,l3,0.00
i14,e09,c3,p14,l2,0.00
i14,e09,c3,p14,l3,0.00
i14,e09,c3,p15,l2,0.00
i14,e09,c3,p15,l3,0.00
i14,e09,c3,p16,l2,0.00
i14,e09,c3,p16,l3,0.00
i14,e09,c3,p17,l2,0.00
i14,e09,c3,p17,l3,0.00
i14,e09,c3,p18,l2,0.00
i14,e09,c3,p18,l3,0.00
i14,e09,c3,p19,l2,0.00
i14,e09,c3,p19,l3,0.00
i14,e09,c3,p20,l2,0.00
i14,e09,c3,p20,l3,0.00
i14,e09,c3,p21,l2,0.00
i14,e09,c3,p21,l3,0.00
i14,e09,c3,p22,l2,0.00
i14,e09,c3,p22,l3,0.00
i14,e09,c3,p23,l2,0.00
i14,e09,c3,p23,l3,0.00
i14,e09,c3,p24,l2,0.00
i14,e09,c3,p24,l3,0.00
i14,e09,c3,p25,l2,0.00
i14,e09,c3,p25,l3,0.00
i14,e09,c3,p26,l2,0.00
i14,e09,c3,p26,l3,0.00
i14,e09,c3,p28,l2,0.00
i14,e09,c3,p28,l3,0.00
i14,e09,c3,p29,l2,0.00
i14,e09,c3,p29,l3,0.00
i14,e09,c3,p30,l2,0.00
i14,e09,c3,p30,l3,0.00
i14,e09,c3,p31,l2,0.00
i14,e09,c3,p31,l3,0.00
i14,e09,c3,p32,l2,0.00
i14,e09,c3,p32,l3,0.00
i14,e09,c3,p33,l2,0.00
i14,e09,c3,p33,l3,0.00
i14,e09,c3,p34,l3,0.00
i14,e09,c3,p35,l2,0.00
i14,e09,c3,p35,l3,0.00
i14,e09,c5,p01,l2,0.00
i14,e09,c5,p01,l3,0.00
i14,e09,c5,p02,l2,0.00
i14,e09,c5,p02,l3,0.00
i14,e09,c5,p03,l2,0.00
i14,e09,c5,p03,l3,0.00
i14,e09,c5,p04,l2,0.00
i14,e09,c5,p04,l3,0.00
i14,e09,c5,p05,l2,0.00
i14,e09,c5,p05,l3,0.00
i14,e09,c5,p06,l2,0.00
i14,e09,c5,p06,l3,0.00
i14,e09,c5,p07,l2,0.00
i14,e09,c5,p07,l3,0.00
i14,e09,c5,p08,l2,0.00
i14,e09,c5,p08,l3,0.00
i14,e09,c5,p09,l2,0.00
i14,e09,c5,p09,l3,0.00
i14,e09,c5,p10,l2,0.00
i14,e09,c5,p10,l3,1.08
i14,e09,c5,p11,l2,0.00
i14,e09,c5,p11,l3,0.00
i14,e09,c5,p12,l2,0.00
i14,e09,c5,p12,l3,0.00
i14,e09,c5,p13,l2,0.00
i14,e09,c5,p13,l3,0.00
i14,e09,c5,p14,l2,0.00
i14,e09,c5,p14,l3,0.00
i14,e09,c5,p15,l2,0.00
i14,e09,c5,p15,l3,0.00
i14,e09,c5,p16,l2,0.00
i14,e09,c5,p16,l3,0.00
i14,e09,c5,p17,l2,0.00
i14,e09,c5,p17,l3,0.00
i14,e09,c5,p18,l2,0.00
i14,e09,c5,p18,l3,0.00
i14,e09,c5,p19,l2,0.00
i14,e09,c5,p19,l3,5.51
i14,e09,c5,p20,l2,0.00
i14,e09,c5,p20,l3,0.00
i14,e09,c5,p21,l2,0.00
i14,e09,c5,p21,l3,0.00
i14,e09,c5,p22,l2,0.00
i14,e09,c5,p22,l3,0.00
i14,e09,c5,p23,l2,0.00
i14,e09,c5,p23,l3,0.00
i14,e09,c5,p24,l2,0.00
i14,e09,c5,p24,l3,0.00
i14,e09,c5,p25,l2,0.00
i14,e09,c5,p25,l3,0.00
i14,e09,c5,p26,l2,0.00
i14,e09,c5,p26,l3,0.00
i14,e09,c5,p27,l3,0.00
i14,e09,c5,p28,l2,0.00
i14,e09,c5,p28,l3,0.00
i14,e09,c5,p29,l2,0.00
i14,e09,c5,p29,l3,0.00
i14,e09,c5,p30,l2,0.00
i14,e09,c5,p30,l3,0.00
i14,e09,c5,p31,l2,0.00
i14,e09,c5,p31,l3,0.00
i14,e09,c5,p32,l2,0.00
i14,e09,c5,p32,l3,0.00
i14,e09,c5,p33,l2,0.00
i14,e09,c5,p33,l3,0.00
i14,e09,c5,p34,l3,0.00
i14,e09,c5,p35,l2,0.00
i14,e09,c5,p35,l3,1.05
i14,e09,c8,p03,l3,0.00
i14,e09,c8,p05,l3,0.00
i14,e09,c8,p08,l3,0.00
i14,e09,c8,p09,l3,0.00
i14,e09,c8,p10,l3,0.00
i14,e09,c8,p19,l2,0.00
i14,e09,c8,p19,l3,0.00
i14,e09,c8,p35,l3,0.00
i14,e11,c3,p01,l2,0.00
i14,e11,c3,p01,l3,0.00
i14,e11,c3,p02,l2,0.00
i14,e11,c3,p02,l3,0.00
i14,e11,c3,p03,l2,0.00
i14,e11,c3,p03,l3,0.00
i14,e11,c3,p04,l2,0.00
i14,e11,c3,p04,l3,0.00
i14,e11,c3,p05,l2,0.00
i14,e11,c3,p05,l3,0.00
i14,e11,c3,p06,l2,0.00
i14,e11,c3,p06,l3,0.00
i14,e11,c3,p07,l2,0.00
i14,e11,c3,p07,l3,0.00
i14,e11,c3,p08,l2,0.00
i14,e11,c3,p08,l3,0.00
i14,e11,c3,p09,l2,0.00
i14,e11,c3,p09,l3,0.00
i14,e11,c3,p10,l2,0.00
i14,e11,c3,p10,l3,0.00
i14,e11,c3,p11,l2,0.00
i14,e11,c3,p11,l3,0.00
i14,e11,c3,p12,l2,0.00
i14,e11,c3,p12,l3,0.00
i14,e11,c3,p13,l2,0.00
i14,e11,c3,p13,l3,0.00
i14,e11,c3,p14,l2,0.00
i14,e11,c3,p14,l3,0.00
i14,e11,c3,p15,l2,0.00
i14,e11,c3,p15,l3,0.00
i14,e11,c3,p16,l2,0.00
i14,e11,c3,p16,l3,0.00
i14,e11,c3,p17,l2,0.00
i14,e11,c3,p17,l3,0.00
i14,e11,c3,p18,l2,0.00
i14,e11,c3,p18,l3,0.00
i14,e11,c3,p19,l2,0.00
i14,e11,c3,p19,l3,0.00
i14,e11,c3,p20,l2,0.00
i14,e11,c3,p20,l3,0.00
i14,e11,c3,p21,l2,0.00
i14,e11,c3,p21,l3,0.00
i14,e11,c3,p22,l2,0.00
i14,e11,c3,p22,l3,0.00
i14,e11,c3,p23,l2,0.00
i14,e11,c3,p23,l3,0.00
i14,e11,c3,p24,l2,0.00
i14,e11,c3,p24,l3,0.00
i14,e11,c3,p25,l2,0.00
i14,e11,c3,p25,l3,0.00
i14,e11,c3,p26,l2,0.00
i14,e11,c3,p26,l3,0.00
i14,e11,c3,p28,l2,0.00
i14,e11,c3,p28,l3,0.00
i14,e11,c3,p29,l2,0.00
i14,e11,c3,p29,l3,0.00
i14,e11,c3,p30,l2,0.00
i14,e11,c3,p30,l3,0.00
i14,e11,c3,p31,l2,0.00
i14,e11,c3,p31,l3,0.00
i14,e11,c3,p32,l2,0.00
i14,e11,c3,p32,l3,0.00
i14,e11,c3,p33,l2,0.00
i14,e11,c3,p33,l3,0.00
i14,e11,c3,p34,l3,0.00
i14,e11,c3,p35,l2,0.00
i14,e11,c3,p35,l3,0.00
i14,e11,c5,p01,l2,0.00
i14,e11,c5,p01,l3,0.00
i14,e11,c5,p02,l2,0.00
i14,e11,c5,p02,l3,0.00
i14,e11,c5,p03,l2,0.00
i14,e11,c5,p03,l3,0.00
i14,e11,c5,p04,l2,0.00
i14,e11,c5,p04,l3,0.00
i14,e11,c5,p05,l2,0.00
i14,e11,c5,p05,l3,0.00
i14,e11,c5,p06,l2,0.00
i14,e11,c5,p06,l3,0.00
i14,e11,c5,p07,l2,0.00
i14,e11,c5,p07,l3,0.00
i14,e11,c5,p08,l2,0.00
i14,e11,c5,p08,l3,0.00
i14,e11,c5,p09,l2,0.00
i14,e11,c5,p09,l3,0.00
i14,e11,c5,p10,l2,0.00
i14,e11,c5,p10,l3,1.06
i14,e11,c5,p11,l2,0.00
i14,e11,c5,p11,l3,0.00
i14,e11,c5,p12,l2,0.00
i14,e11,c5,p12,l3,0.00
i14,e11,c5,p13,l2,0.00
i14,e11,c5,p13,l3,0.00
i14,e11,c5,p14,l2,0.00
i14,e11,c5,p14,l3,0.00
i14,e11,c5,p15,l2,0.00
i14,e11,c5,p15,l3,0.00
i14,e11,c5,p16,l2,0.00
i14,e11,c5,p16,l3,0.00
i14,e11,c5,p17,l2,0.00
i14,e11,c5,p17,l3,0.00
i14,e11,c5,p18,l2,0.00
i14,e11,c5,p18,l3,0.00
i14,e11,c5,p19,l2,0.00
i14,e11,c5,p19,l3,1.60
i14,e11,c5,p20,l2,0.00
i14,e11,c5,p20,l3,0.00
i14,e11,c5,p21,l2,0.00
i14,e11,c5,p21,l3,0.00
i14,e11,c5,p22,l2,0.00
i14,e11,c5,p22,l3,0.00
i14,e11,c5,p23,l2,0.00
i14,e11,c5,p23,l3,0.00
i14,e11,c5,p24,l2,0.00
i14,e11,c5,p24,l3,0.00
i14,e11,c5,p25,l2,0.00
i14,e11,c5,p25,l3,0.00
i14,e11,c5,p26,l2,0.00
i14,e11,c5,p26,l3,0.00
i14,e11,c5,p27,l3,0.00
i14,e11,c5,p28,l2,0.00
i14,e11,c5,p28,l3,0.00
i14,e11,c5,p29,l2,0.00
i14,e11,c5,p29,l3,0.00
i14,e11,c5,p30,l2,0.00
i14,e11,c5,p30,l3,0.00
i14,e11,c5,p31,l2,0.00
i14,e11,c5,p31,l3,0.00
i14,e11,c5,p32,l2,0.00
i14,e11,c5,p32,l3,0.00
i14,e11,c5,p33,l2,0.00
i14,e11,c5,p33,l3,0.00
i14,e11,c5,p34,l3,0.00
i14,e11,c5,p35,l2,0.00
i14,e11,c5,p35,l3,0.00
i14,e11,c8,p01,l3,0.00
i14,e11,c8,p02,l3,0.00
i14,e11,c8,p03,l2,0.00
i14,e11,c8,p03,l3,0.00
i14,e11,c8,p04,l3,0.00
i14,e11,c8,p05,l3,0.00
i14,e11,c8,p06,l3,0.00
i14,e11,c8,p07,l3,0.00
i14,e11,c8,p08,l3,0.00
i14,e11,c8,p09,l3,0.00
i14,e11,c8,p10,l3,0.00
i14,e11,c8,p11,l2,0.00
i14,e11,c8,p11,l3,0.00
i14,e11,c8,p12,l3,0.00
i14,e11,c8,p13,l3,0.00
i14,e11,c8,p14,l3,0.00
i14,e11,c8,p15,l3,0.00
i14,e11,c8,p16,l3,0.00
i14,e11,c8,p17,l2,0.00
i14,e11,c8,p17,l3,0.00
i14,e11,c8,p18,l3,0.00
i14,e11,c8,p19,l3,0.00
i14,e11,c8,p20,l3,0.00
i14,e11,c8,p21,l2,0.00
i14,e11,c8,p21,l3,0.00
i14,e11,c8,p22,l3,0.00
i14,e11,c8,p23,l3,0.00
i14,e11,c8,p24,l3,0.00
i14,e11,c8,p25,l3,0.00
i14,e11,c8,p28,l3,0.00
i14,e11,c8,p29,l3,0.00
i14,e11,c8,p31,l3,0.00
i14,e11,c8,p32,l3,0.00
i14,e11,c8,p35,l2,0.00
i14,e11,c8,p35,l3,0.00
i14,e12,c3,p01,l3,0.00
i14,e12,c3,p02,l3,0.00
i14,e12,c3,p03,l3,0.00
i14,e12,c3,p04,l3,0.00
i14,e12,c3,p05,l3,0.00
i14,e12,c3,p06,l3,0.00
i14,e12,c3,p07,l3,0.00
i14,e12,c3,p08,l3,0.00
i14,e12,c3,p09,l3,0.00
i14,e12,c3,p10,l3,0.00
i14,e12,c3,p11,l3,0.00
i14,e12,c3,p12,l3,0.00
i14,e12,c3,p13,l3,0.00
i14,e12,c3,p14,l3,0.00
i14,e12,c3,p15,l3,0.00
i14,e12,c3,p16,l3,0.00
i14,e12,c3,p17,l3,0.00
i14,e12,c3,p18,l3,0.00
i14,e12,c3,p19,l3,0.00
i14,e12,c3,p20,l3,0.00
i14,e12,c3,p21,l3,0.00
i14,e12,c3,p22,l3,0.00
i14,e12,c3,p23,l3,0.00
i14,e12,c3,p24,l3,0.00
i14,e12,c3,p25,l3,0.00
i14,e12,c3,p26,l3,0.00
i14,e12,c3,p28,l3,0.00
i14,e12,c3,p29,l3,0.00
i14,e12,c3,p30,l3,0.00
i14,e12,c3,p31,l3,0.00
i14,e12,c3,p32,l3,0.00
i14,e12,c3,p33,l3,0.00
i14,e12,c3,p35,l3,0.00
i14,e12,c5,p01,l3,0.00
i14,e12,c5,p02,l3,300.21
i14,e12,c5,p03,l3,0.00
i14,e12,c5,p04,l3,0.00
i14,e12,c5,p05,l3,2249.57
i14,e12,c5,p06,l3,0.00
i14,e12,c5,p07,l3,0.00
i14,e12,c5,p08,l3,0.00
i14,e12,c5,p09,l3,0.00
i14,e12,c5,p10,l3,0.00
i14,e12,c5,p11,l3,0.00
i14,e12,c5,p12,l3,0.00
i14,e12,c5,p13,l3,0.00
i14,e12,c5,p14,l3,0.00
i14,e12,c5,p15,l3,0.00
i14,e12,c5,p16,l3,0.00
i14,e12,c5,p17,l3,1.19
i14,e12,c5,p18,l3,0.00
i14,e12,c5,p19,l3,0.00
i14,e12,c5,p20,l3,0.00
i14,e12,c5,p21,l3,0.00
i14,e12,c5,p22,l3,0.00
i14,e12,c5,p23,l3,0.00
i14,e12,c5,p24,l3,0.00
i14,e12,c5,p25,l3,0.00
i14,e12,c5,p26,l3,0.00
i14,e12,c5,p27,l3,0.00
i14,e12,c5,p28,l3,0.00
i14,e12,c5,p29,l3,0.00
i14,e12,c5,p30,l3,0.00
i14,e12,c5,p31,l3,0.00
i14,e12,c5,p32,l3,0.00
i14,e12,c5,p33,l3,0.00
i14,e12,c5,p35,l3,0.00
i14,e12,c8,p02,l3,0.00
i14,e12,c8,p04,l3,0.00
i14,e12,c8,p07,l3,0.00
i14,e12,c8,p08,l3,0.00
i14,e12,c8,p10,l3,0.00
i14,e12,c8,p13,l3,0.00
i14,e12,c8,p15,l3,0.00
i14,e12,c8,p17,l3,0.00
i14,e12,c8,p19,l3,0.00
i14,e12,c8,p20,l3,0.00
i14,e12,c8,p21,l3,0.00
i14,e12,c8,p28,l3,0.00
i14,e12,c8,p29,l3,0.00
i14,e12,c8,p35,l3,0.00
i14,e13,c3,p01,l3,0.00
i14,e13,c3,p02,l3,0.00
i14,e13,c3,p03,l3,0.00
i14,e13,c3,p04,l3,0.00
i14,e13,c3,p05,l3,0.00
i14,e13,c3,p06,l3,0.00
i14,e13,c3,p07,l3,0.00
i14,e13,c3,p08,l3,0.00
i14,e13,c3,p09,l3,0.00
i14,e13,c3,p10,l3,0.00
i14,e13,c3,p11,l3,0.00
i14,e13,c3,p12,l3,0.00
i14,e13,c3,p13,l3,0.00
i14,e13,c3,p14,l3,0.00
i14,e13,c3,p15,l3,0.00
i14,e13,c3,p16,l3,0.00
i14,e13,c3,p17,l3,0.00
i14,e13,c3,p18,l3,0.00
i14,e13,c3,p19,l3,0.00
i14,e13,c3,p20,l3,0.00
i14,e13,c3,p21,l3,0.00
i14,e13,c3,p22,l3,0.00
i14,e13,c3,p23,l3,0.00
i14,e13,c3,p24,l3,0.00
i14,e13,c3,p25,l3,0.00
i14,e13,c3,p26,l3,0.00
i14,e13,c3,p27,l3,0.00
i14,e13,c3,p28,l3,0.00
i14,e13,c3,p29,l3,0.00
i14,e13,c3,p30,l3,0.00
i14,e13,c3,p31,l3,0.00
i14,e13,c3,p32,l3,0.00
i14,e13,c3,p33,l3,0.00
i14,e13,c3,p34,l3,0.00
i14,e13,c3,p35,l3,0.00
i14,e13,c5,p01,l3,1.38
i14,e13,c5,p02,l3,0.00
i14,e13,c5,p03,l3,1.57
i14,e13,c5,p04,l3,0.00
i14,e13,c5,p05,l3,0.00
i14,e13,c5,p06,l3,0.00
i14,e13,c5,p07,l3,3.67
i14,e13,c5,p08,l3,0.00
i14,e13,c5,p09,l3,0.00
i14,e13,c5,p10,l3,1.25
i14,e13,c5,p11,l3,2.24
i14,e13,c5,p12,l3,2.20
i14,e13,c5,p13,l3,0.00
i14,e13,c5,p14,l3,0.00
i14,e13,c5,p15,l3,2.44
i14,e13,c5,p16,l3,1.12
i14,e13,c5,p17,l3,0.00
i14,e13,c5,p18,l3,0.00
i14,e13,c5,p19,l3,4.33
i14,e13,c5,p20,l3,0.00
i14,e13,c5,p21,l3,2.14
i14,e13,c5,p22,l3,0.00
i14,e13,c5,p23,l3,1.23
i14,e13,c5,p24,l3,0.00
i14,e13,c5,p25,l3,0.00
i14,e13,c5,p26,l3,0.00
i14,e13,c5,p27,l3,0.00
i14,e13,c5,p28,l3,1.25
i14,e13,c5,p29,l3,1.20
i14,e13,c5,p30,l3,1.90
i14,e13,c5,p31,l3,0.00
i14,e13,c5,p32,l3,3.11
i14,e13,c5,p33,l3,0.00
i14,e13,c5,p34,l3,0.00
i14,e13,c5,p35,l3,2.34
i14,e13,c8,p02,l3,0.00
i14,e13,c8,p04,l3,0.00
i14,e13,c8,p05,l3,0.00
i14,e13,c8,p07,l3,0.00
i14,e13,c8,p10,l3,0.00
i14,e13,c8,p12,l3,0.00
i14,e13,c8,p13,l3,0.00
i14,e13,c8,p15,l3,0.00
i14,e13,c8,p16,l3,0.00
i14,e13,c8,p19,l3,0.00
i14,e13,c8,p20,l3,0.00
i14,e13,c8,p21,l3,0.00
i14,e13,c8,p35,l3,0.00
i140,e01,c5,p35,l3,0.00
i140,e04,c5,p19,l3,0.00
i140,e04,c5,p35,l3,0.00
i140,e09,c5,p35,l3,0.00
i141,e01,c5,p01,l3,0.00
i141,e01,c5,p03,l3,0.00
i141,e01,c5,p10,l3,0.00
i141,e01,c5,p35,l3,0.00
i141,e04,c5,p01,l3,0.00
i141,e04,c5,p03,l3,0.00
i141,e04,c5,p10,l3,0.00
i141,e04,c5,p35,l3,0.00
i141,e05,c5,p10,l3,0.00
i141,e05,c5,p12,l3,0.00
i141,e05,c5,p35,l3,0.00
i141,e08,c5,p01,l3,0.00
i141,e08,c5,p03,l3,0.00
i141,e08,c5,p04,l3,0.00
i141,e08,c5,p10,l3,0.00
i141,e08,c5,p35,l3,0.00
i141,e09,c5,p01,l3,0.00
i141,e09,c5,p03,l3,0.00
i141,e09,c5,p10,l3,0.00
i141,e09,c5,p12,l3,0.00
i141,e09,c5,p35,l3,0.00
i141,e11,c5,p10,l3,0.00
i141,e11,c5,p35,l3,0.00
i141,e13,c5,p01,l3,0.00
i141,e13,c5,p03,l3,0.00
i141,e13,c5,p04,l3,0.00
i141,e13,c5,p07,l3,0.00
i141,e13,c5,p10,l3,0.00
i141,e13,c5,p12,l3,0.00
i141,e13,c5,p35,l3,0.00
i142,e01,c2,p35,l3,0.00
i142,e04,c2,p35,l3,0.00
i142,e09,c2,p35,l2,0.00
i142,e09,c2,p35,l3,0.00
i143,e08,c1,p10,l3,0.00
i144,e01,c5,p10,l3,0.00
i144,e01,c5,p35,l3,0.00
i144,e04,c5,p10,l3,0.00
i144,e04,c5,p35,l3,0.00
i144,e05,c5,p10,l3,0.00
i144,e05,c5,p35,l3,0.00
i144,e08,c5,p10,l3,0.00
i144,e08,c5,p35,l3,0.00
i144,e09,c5,p10,l3,0.00
i144,e09,c5,p35,l3,0.00
i144,e11,c3,p10,l3,0.00
i144,e11,c5,p01,l3,0.00
i144,e11,c5,p10,l3,0.00
i144,e11,c5,p35,l3,0.00
i145,e01,c5,p35,l3,0.00
i145,e03,c5,p35,l3,0.00
i145,e04,c5,p35,l3,0.00
i145,e05,c3,p35,l3,0.00
i145,e05,c5,p10,l3,0.00
i145,e05,c5,p35,l1,0.00
i145,e05,c5,p35,l3,0.00
i145,e08,c5,p35,l3,0.00
i145,e11,c5,p35,l3,0.00
i145,e12,c5,p35,l3,0.00
i147,e02,c5,p10,l3,0.00
i147,e05,c5,p10,l3,0.00
i147,e05,c5,p19,l3,0.00
i147,e05,c5,p35,l3,0.00
i148,e05,c5,p10,l3,0.00
i15,e01,c2,p35,l3,18.63
i15,e01,c6,p35,l3,4.57
i15,e01,c8,p35,l3,0.00
i15,e04,c2,p35,l1,0.00
i15,e04,c2,p35,l3,13.86
i15,e04,c6,p35,l1,0.00
i15,e04,c6,p35,l3,40.57
i15,e04,c8,p35,l3,0.00
i15,e09,c2,p35,l2,0.00
i15,e09,c2,p35,l3,13.29
i15,e09,c6,p35,l2,0.00
i15,e09,c6,p35,l3,9.00
i15,e09,c8,p35,l3,0.00
i16,e01,c3,p01,l3,0.00
i16,e01,c3,p02,l3,0.00
i16,e01,c3,p03,l3,0.00
i16,e01,c3,p04,l3,0.00
i16,e01,c3,p05,l3,0.00
i16,e01,c3,p07,l3,0.00
i16,e01,c3,p09,l3,0.00
i16,e01,c3,p10,l3,0.00
i16,e01,c3,p11,l3,0.00
i16,e01,c3,p12,l3,0.00
i16,e01,c3,p13,l3,0.00
i16,e01,c3,p15,l3,0.00
i16,e01,c3,p16,l3,0.00
i16,e01,c3,p17,l3,0.00
i16,e01,c3,p20,l3,0.00
i16,e01,c3,p21,l3,0.00
i16,e01,c3,p22,l3,0.00
i16,e01,c3,p24,l3,0.00
i16,e01,c3,p25,l3,0.00
i16,e01,c3,p35,l3,0.00
i16,e01,c5,p01,l3,7.04
i16,e01,c5,p02,l3,0.00
i16,e01,c5,p03,l3,0.00
i16,e01,c5,p04,l3,0.00
i16,e01,c5,p05,l3,0.00
i16,e01,c5,p06,l3,0.00
i16,e01,c5,p07,l3,0.00
i16,e01,c5,p08,l3,0.00
i16,e01,c5,p09,l3,0.00
i16,e01,c5,p10,l3,0.00
i16,e01,c5,p11,l3,0.00
i16,e01,c5,p12,l3,0.00
i16,e01,c5,p13,l3,0.00
i16,e01,c5,p14,l3,0.00
i16,e01,c5,p15,l3,0.00
i16,e01,c5,p16,l3,0.00
i16,e01,c5,p17,l3,0.00
i16,e01,c5,p18,l3,0.00
i16,e01,c5,p19,l3,7.01
i16,e01,c5,p20,l3,0.00
i16,e01,c5,p21,l3,0.00
i16,e01,c5,p22,l3,1.26
i16,e01,c5,p23,l3,0.00
i16,e01,c5,p24,l3,0.00
i16,e01,c5,p25,l3,0.00
i16,e01,c5,p26,l3,0.00
i16,e01,c5,p28,l3,0.00
i16,e01,c5,p29,l3,1.71
i16,e01,c5,p30,l3,0.00
i16,e01,c5,p31,l3,0.00
i16,e01,c5,p32,l3,0.00
i16,e01,c5,p35,l3,0.00
i16,e04,c3,p01,l3,0.00
i16,e04,c3,p02,l1,0.00
i16,e04,c3,p02,l3,0.00
i16,e04,c3,p03,l3,0.00
i16,e04,c3,p04,l1,0.00
i16,e04,c3,p04,l3,0.00
i16,e04,c3,p05,l1,0.00
i16,e04,c3,p05,l3,0.00
i16,e04,c3,p06,l3,0.00
i16,e04,c3,p07,l3,0.00
i16,e04,c3,p09,l1,0.00
i16,e04,c3,p09,l3,0.00
i16,e04,c3,p10,l1,0.00
i16,e04,c3,p10,l3,0.00
i16,e04,c3,p11,l3,0.00
i16,e04,c3,p12,l1,0.00
i16,e04,c3,p12,l3,0.00
i16,e04,c3,p13,l1,0.00
i16,e04,c3,p13,l3,0.00
i16,e04,c3,p15,l1,0.00
i16,e04,c3,p15,l3,0.00
i16,e04,c3,p16,l1,0.00
i16,e04,c3,p16,l3,0.00
i16,e04,c3,p17,l3,0.00
i16,e04,c3,p20,l1,0.00
i16,e04,c3,p21,l1,0.00
i16,e04,c3,p21,l3,0.00
i16,e04,c3,p22,l3,0.00
i16,e04,c3,p24,l3,0.00
i16,e04,c3,p25,l1,0.00
i16,e04,c3,p25,l3,0.00
i16,e04,c3,p35,l3,0.00
i16,e04,c5,p01,l1,0.00
i16,e04,c5,p01,l3,2.39
i16,e04,c5,p02,l1,0.00
i16,e04,c5,p02,l3,0.00
i16,e04,c5,p03,l1,0.00
i16,e04,c5,p03,l3,0.00
i16,e04,c5,p04,l1,0.00
i16,e04,c5,p04,l3,0.00
i16,e04,c5,p05,l1,0.00
i16,e04,c5,p05,l3,0.00
i16,e04,c5,p06,l1,0.00
i16,e04,c5,p06,l3,0.00
i16,e04,c5,p07,l1,0.00
i16,e04,c5,p07,l3,0.00
i16,e04,c5,p08,l1,0.00
i16,e04,c5,p08,l3,0.00
i16,e04,c5,p09,l1,0.00
i16,e04,c5,p09,l3,0.00
i16,e04,c5,p10,l1,0.00
i16,e04,c5,p10,l3,1.13
i16,e04,c5,p11,l1,0.00
i16,e04,c5,p11,l3,0.00
i16,e04,c5,p12,l1,0.00
i16,e04,c5,p12,l3,0.00
i16,e04,c5,p13,l1,0.00
i16,e04,c5,p13,l3,0.00
i16,e04,c5,p14,l1,0.00
i16,e04,c5,p14,l3,0.00
i16,e04,c5,p15,l1,0.00
i16,e04,c5,p15,l3,1.67
i16,e04,c5,p16,l1,0.00
i16,e04,c5,p16,l3,0.00
i16,e04,c5,p17,l1,0.00
i16,e04,c5,p17,l3,0.00
i16,e04,c5,p18,l1,0.00
i16,e04,c5,p18,l3,0.00
i16,e04,c5,p19,l1,0.00
i16,e04,c5,p19,l3,4.32
i16,e04,c5,p20,l1,0.00
i16,e04,c5,p20,l3,0.00
i16,e04,c5,p21,l1,0.00
i16,e04,c5,p21,l3,0.00
i16,e04,c5,p22,l1,0.00
i16,e04,c5,p22,l3,0.00
i16,e04,c5,p23,l1,0.00
i16,e04,c5,p23,l3,0.00
i16,e04,c5,p24,l1,0.00
i16,e04,c5,p24,l3,1.41
i16,e04,c5,p25,l1,0.00
i16,e04,c5,p25,l3,0.00
i16,e04,c5,p26,l1,0.00
i16,e04,c5,p26,l3,0.00
i16,e04,c5,p28,l1,0.00
i16,e04,c5,p28,l3,0.00
i16,e04,c5,p29,l1,0.00
i16,e04,c5,p29,l3,0.00
i16,e04,c5,p30,l1,0.00
i16,e04,c5,p30,l3,0.00
i16,e04,c5,p31,l1,0.00
i16,e04,c5,p31,l3,0.00
i16,e04,c5,p32,l1,0.00
i16,e04,c5,p32,l3,0.00
i16,e04,c5,p33,l3,0.00
i16,e04,c5,p35,l1,0.00
i16,e04,c5,p35,l3,0.00
i16,e05,c3,p02,l3,0.00
i16,e05,c3,p03,l3,0.00
i16,e05,c3,p04,l1,0.00
i16,e05,c3,p04,l3,0.00
i16,e05,c3,p05,l3,0.00
i16,e05,c3,p09,l1,0.00
i16,e05,c3,p09,l3,0.00
i16,e05,c3,p10,l3,0.00
i16,e05,c3,p11,l3,0.00
i16,e05,c3,p12,l3,0.00
i16,e05,c3,p13,l3,0.00
i16,e05,c3,p15,l3,0.00
i16,e05,c3,p16,l1,0.00
i16,e05,c3,p16,l3,0.00
i16,e05,c3,p20,l1,0.00
i16,e05,c3,p21,l3,0.00
i16,e05,c5,p01,l1,0.00
i16,e05,c5,p01,l3,0.00
i16,e05,c5,p02,l1,0.00
i16,e05,c5,p02,l3,0.00
i16,e05,c5,p03,l1,0.00
i16,e05,c5,p03,l3,0.00
i16,e05,c5,p04,l1,0.00
i16,e05,c5,p04,l3,0.00
i16,e05,c5,p05,l1,0.00
i16,e05,c5,p05,l3,0.00
i16,e05,c5,p06,l1,0.00
i16,e05,c5,p06,l3,0.00
i16,e05,c5,p07,l1,0.00
i16,e05,c5,p07,l3,0.00
i16,e05,c5,p08,l1,0.00
i16,e05,c5,p08,l3,0.00
i16,e05,c5,p09,l1,0.00
i16,e05,c5,p09,l3,0.00
i16,e05,c5,p10,l1,0.00
i16,e05,c5,p10,l3,0.00
i16,e05,c5,p11,l1,0.00
i16,e05,c5,p11,l3,0.00
i16,e05,c5,p12,l1,0.00
i16,e05,c5,p12,l3,0.00
i16,e05,c5,p13,l1,0.00
i16,e05,c5,p13,l3,0.00
i16,e05,c5,p14,l1,0.00
i16,e05,c5,p14,l3,0.00
i16,e05,c5,p15,l1,0.00
i16,e05,c5,p15,l3,0.00
i16,e05,c5,p16,l1,0.00
i16,e05,c5,p16,l3,0.00
i16,e05,c5,p17,l1,0.00
i16,e05,c5,p17,l3,0.00
i16,e05,c5,p18,l1,0.00
i16,e05,c5,p18,l3,0.00
i16,e05,c5,p19,l1,0.00
i16,e05,c5,p19,l3,0.00
i16,e05,c5,p20,l1,0.00
i16,e05,c5,p20,l3,0.00
i16,e05,c5,p21,l1,0.00
i16,e05,c5,p21,l3,0.00
i16,e05,c5,p22,l1,0.00
i16,e05,c5,p22,l3,0.00
i16,e05,c5,p23,l1,0.00
i16,e05,c5,p23,l3,0.00
i16,e05,c5,p24,l1,0.00
i16,e05,c5,p24,l3,0.00
i16,e05,c5,p25,l1,0.00
i16,e05,c5,p25,l3,0.00
i16,e05,c5,p26,l1,0.00
i16,e05,c5,p26,l3,0.00
i16,e05,c5,p28,l1,0.00
i16,e05,c5,p28,l3,0.00
i16,e05,c5,p29,l1,0.00
i16,e05,c5,p29,l3,0.00
i16,e05,c5,p30,l3,0.00
i16,e05,c5,p31,l1,0.00
i16,e05,c5,p31,l3,0.00
i16,e05,c5,p32,l1,0.00
i16,e05,c5,p32,l3,0.00
i16,e05,c5,p35,l3,0.00
i16,e08,c3,p01,l3,0.00
i16,e08,c3,p02,l3,0.00
i16,e08,c3,p03,l3,0.00
i16,e08,c3,p04,l2,0.00
i16,e08,c3,p04,l3,0.00
i16,e08,c3,p05,l2,0.00
i16,e08,c3,p05,l3,0.00
i16,e08,c3,p07,l3,0.00
i16,e08,c3,p09,l3,0.00
i16,e08,c3,p10,l2,0.00
i16,e08,c3,p10,l3,0.00
i16,e08,c3,p11,l2,0.00
i16,e08,c3,p11,l3,0.00
i16,e08,c3,p12,l2,0.00
i16,e08,c3,p12,l3,0.00
i16,e08,c3,p13,l2,0.00
i16,e08,c3,p13,l3,0.00
i16,e08,c3,p15,l2,0.00
i16,e08,c3,p15,l3,0.00
i16,e08,c3,p16,l2,0.00
i16,e08,c3,p16,l3,0.00
i16,e08,c3,p20,l2,0.00
i16,e08,c3,p21,l2,0.00
i16,e08,c3,p21,l3,0.00
i16,e08,c3,p22,l3,0.00
i16,e08,c3,p24,l3,0.00
i16,e08,c3,p25,l2,0.00
i16,e08,c3,p25,l3,0.00
i16,e08,c3,p35,l3,0.00
i16,e08,c5,p01,l2,0.00
i16,e08,c5,p01,l3,37.37
i16,e08,c5,p02,l2,0.00
i16,e08,c5,p02,l3,0.00
i16,e08,c5,p03,l2,0.00
i16,e08,c5,p03,l3,0.00
i16,e08,c5,p04,l2,0.00
i16,e08,c5,p04,l3,0.00
i16,e08,c5,p05,l2,0.00
i16,e08,c5,p05,l3,1.01
i16,e08,c5,p06,l2,0.00
i16,e08,c5,p06,l3,0.00
i16,e08,c5,p07,l2,0.00
i16,e08,c5,p07,l3,37.54
i16,e08,c5,p08,l2,0.00
i16,e08,c5,p08,l3,0.00
i16,e08,c5,p09,l2,0.00
i16,e08,c5,p09,l3,0.00
i16,e08,c5,p10,l2,0.00
i16,e08,c5,p10,l3,14.31
i16,e08,c5,p11,l2,0.00
i16,e08,c5,p11,l3,2.15
i16,e08,c5,p12,l2,0.00
i16,e08,c5,p12,l3,5.33
i16,e08,c5,p13,l2,0.00
i16,e08,c5,p13,l3,5.41
i16,e08,c5,p14,l2,0.00
i16,e08,c5,p14,l3,10.80
i16,e08,c5,p15,l2,0.00
i16,e08,c5,p15,l3,0.00
i16,e08,c5,p16,l2,0.00
i16,e08,c5,p16,l3,0.00
i16,e08,c5,p17,l2,0.00
i16,e08,c5,p17,l3,0.00
i16,e08,c5,p18,l2,0.00
i16,e08,c5,p18,l3,0.00
i16,e08,c5,p19,l2,0.00
i16,e08,c5,p19,l3,42.75
i16,e08,c5,p20,l2,0.00
i16,e08,c5,p20,l3,0.00
i16,e08,c5,p21,l2,0.00
i16,e08,c5,p21,l3,2.34
i16,e08,c5,p22,l2,0.00
i16,e08,c5,p22,l3,2.25
i16,e08,c5,p23,l2,0.00
i16,e08,c5,p23,l3,0.00
i16,e08,c5,p24,l2,0.00
i16,e08,c5,p24,l3,10.08
i16,e08,c5,p25,l2,0.00
i16,e08,c5,p25,l3,0.00
i16,e08,c5,p26,l2,0.00
i16,e08,c5,p26,l3,0.00
i16,e08,c5,p28,l2,0.00
i16,e08,c5,p28,l3,0.00
i16,e08,c5,p29,l2,0.00
i16,e08,c5,p29,l3,0.00
i16,e08,c5,p30,l2,0.00
i16,e08,c5,p30,l3,0.00
i16,e08,c5,p31,l2,0.00
i16,e08,c5,p31,l3,0.00
i16,e08,c5,p32,l2,0.00
i16,e08,c5,p32,l3,9.42
i16,e08,c5,p33,l3,0.00
i16,e08,c5,p35,l2,0.00
i16,e08,c5,p35,l3,0.00
i16,e09,c3,p01,l3,0.00
i16,e09,c3,p02,l3,0.00
i16,e09,c3,p03,l3,0.00
i16,e09,c3,p04,l2,0.00
i16,e09,c3,p04,l3,0.00
i16,e09,c3,p05,l2,0.00
i16,e09,c3,p05,l3,0.00
i16,e09,c3,p09,l3,0.00
i16,e09,c3,p10,l3,0.00
i16,e09,c3,p11,l2,0.00
i16,e09,c3,p11,l3,0.00
i16,e09,c3,p12,l2,0.00
i16,e09,c3,p12,l3,0.00
i16,e09,c3,p13,l2,0.00
i16,e09,c3,p13,l3,0.00
i16,e09,c3,p15,l2,0.00
i16,e09,c3,p15,l3,0.00
i16,e09,c3,p16,l2,0.00
i16,e09,c3,p16,l3,0.00
i16,e09,c3,p17,l3,0.00
i16,e09,c3,p21,l3,0.00
i16,e09,c3,p22,l3,0.00
i16,e09,c3,p24,l3,0.00
i16,e09,c3,p25,l3,0.00
i16,e09,c3,p35,l3,0.00
i16,e09,c5,p01,l2,0.00
i16,e09,c5,p01,l3,0.00
i16,e09,c5,p02,l2,0.00
i16,e09,c5,p02,l3,0.00
i16,e09,c5,p03,l2,0.00
i16,e09,c5,p03,l3,0.00
i16,e09,c5,p04,l2,0.00
i16,e09,c5,p04,l3,0.00
i16,e09,c5,p05,l2,0.00
i16,e09,c5,p05,l3,0.00
i16,e09,c5,p06,l2,0.00
i16,e09,c5,p06,l3,0.00
i16,e09,c5,p07,l2,0.00
i16,e09,c5,p07,l3,0.00
i16,e09,c5,p08,l2,0.00
i16,e09,c5,p08,l3,0.00
i16,e09,c5,p09,l2,0.00
i16,e09,c5,p09,l3,0.00
i16,e09,c5,p10,l2,0.00
i16,e09,c5,p10,l3,0.00
i16,e09,c5,p11,l2,0.00
i16,e09,c5,p11,l3,0.00
i16,e09,c5,p12,l2,0.00
i16,e09,c5,p12,l3,0.00
i16,e09,c5,p13,l2,0.00
i16,e09,c5,p13,l3,0.00
i16,e09,c5,p14,l2,0.00
i16,e09,c5,p14,l3,0.00
i16,e09,c5,p15,l2,0.00
i16,e09,c5,p15,l3,0.00
i16,e09,c5,p16,l2,0.00
i16,e09,c5,p16,l3,0.00
i16,e09,c5,p17,l2,0.00
i16,e09,c5,p17,l3,0.00
i16,e09,c5,p18,l2,0.00
i16,e09,c5,p18,l3,0.00
i16,e09,c5,p19,l2,0.00
i16,e09,c5,p19,l3,0.00
i16,e09,c5,p20,l2,0.00
i16,e09,c5,p20,l3,0.00
i16,e09,c5,p21,l2,0.00
i16,e09,c5,p21,l3,0.00
i16,e09,c5,p22,l2,0.00
i16,e09,c5,p22,l3,0.00
i16,e09,c5,p23,l2,0.00
i16,e09,c5,p23,l3,0.00
i16,e09,c5,p24,l2,0.00
i16,e09,c5,p24,l3,0.00
i16,e09,c5,p25,l2,0.00
i16,e09,c5,p25,l3,0.00
i16,e09,c5,p26,l2,0.00
i16,e09,c5,p26,l3,0.00
i16,e09,c5,p28,l2,0.00
i16,e09,c5,p28,l3,0.00
i16,e09,c5,p29,l2,0.00
i16,e09,c5,p29,l3,0.00
i16,e09,c5,p30,l2,0.00
i16,e09,c5,p30,l3,0.00
i16,e09,c5,p31,l2,0.00
i16,e09,c5,p31,l3,0.00
i16,e09,c5,p32,l2,0.00
i16,e09,c5,p32,l3,0.00
i16,e09,c5,p33,l3,0.00
i16,e09,c5,p35,l2,0.00
i16,e09,c5,p35,l3,0.00
i16,e11,c3,p01,l3,0.00
i16,e11,c3,p02,l3,0.00
i16,e11,c3,p04,l3,0.00
i16,e11,c3,p05,l3,0.00
i16,e11,c3,p09,l3,0.00
i16,e11,c3,p10,l3,0.00
i16,e11,c3,p11,l3,0.00
i16,e11,c3,p13,l3,0.00
i16,e11,c3,p15,l3,0.00
i16,e11,c3,p16,l2,0.00
i16,e11,c3,p16,l3,0.00
i16,e11,c3,p21,l3,0.00
i16,e11,c3,p25,l3,0.00
i16,e11,c5,p01,l2,0.00
i16,e11,c5,p01,l3,0.00
i16,e11,c5,p02,l2,0.00
i16,e11,c5,p02,l3,0.00
i16,e11,c5,p03,l2,0.00
i16,e11,c5,p03,l3,0.00
i16,e11,c5,p04,l2,0.00
i16,e11,c5,p04,l3,0.00
i16,e11,c5,p05,l2,0.00
i16,e11,c5,p05,l3,0.00
i16,e11,c5,p06,l2,0.00
i16,e11,c5,p06,l3,0.00
i16,e11,c5,p07,l2,0.00
i16,e11,c5,p07,l3,0.00
i16,e11,c5,p08,l2,0.00
i16,e11,c5,p08,l3,0.00
i16,e11,c5,p09,l2,0.00
i16,e11,c5,p09,l3,0.00
i16,e11,c5,p10,l2,0.00
i16,e11,c5,p10,l3,0.00
i16,e11,c5,p11,l2,0.00
i16,e11,c5,p11,l3,0.00
i16,e11,c5,p12,l2,0.00
i16,e11,c5,p12,l3,0.00
i16,e11,c5,p13,l2,0.00
i16,e11,c5,p13,l3,0.00
i16,e11,c5,p14,l2,0.00
i16,e11,c5,p14,l3,0.00
i16,e11,c5,p15,l2,0.00
i16,e11,c5,p15,l3,0.00
i16,e11,c5,p16,l2,0.00
i16,e11,c5,p16,l3,0.00
i16,e11,c5,p17,l2,0.00
i16,e11,c5,p17,l3,0.00
i16,e11,c5,p18,l2,0.00
i16,e11,c5,p18,l3,0.00
i16,e11,c5,p19,l2,0.00
i16,e11,c5,p19,l3,0.00
i16,e11,c5,p20,l2,0.00
i16,e11,c5,p20,l3,0.00
i16,e11,c5,p21,l2,0.00
i16,e11,c5,p21,l3,0.00
i16,e11,c5,p22,l2,0.00
i16,e11,c5,p22,l3,0.00
i16,e11,c5,p23,l2,0.00
i16,e11,c5,p23,l3,0.00
i16,e11,c5,p24,l2,0.00
i16,e11,c5,p24,l3,0.00
i16,e11,c5,p25,l2,0.00
i16,e11,c5,p25,l3,0.00
i16,e11,c5,p26,l2,0.00
i16,e11,c5,p26,l3,0.00
i16,e11,c5,p28,l2,0.00
i16,e11,c5,p28,l3,0.00
i16,e11,c5,p29,l2,0.00
i16,e11,c5,p29,l3,0.00
i16,e11,c5,p30,l2,0.00
i16,e11,c5,p30,l3,0.00
i16,e11,c5,p31,l3,0.00
i16,e11,c5,p32,l2,0.00
i16,e11,c5,p32,l3,0.00
i16,e11,c5,p33,l3,0.00
i16,e11,c5,p35,l2,0.00
i16,e11,c5,p35,l3,0.00
i17,e01,c3,p01,l3,0.00
i17,e01,c3,p02,l3,0.00
i17,e01,c3,p03,l3,0.00
i17,e01,c3,p04,l3,0.00
i17,e01,c3,p05,l3,0.00
i17,e01,c3,p06,l3,0.00
i17,e01,c3,p07,l3,0.00
i17,e01,c3,p08,l3,0.00
i17,e01,c3,p09,l3,0.00
i17,e01,c3,p10,l3,0.00
i17,e01,c3,p10,l4,0.00
i17,e01,c3,p11,l3,0.00
i17,e01,c3,p12,l3,0.00
i17,e01,c3,p13,l3,0.00
i17,e01,c3,p14,l3,0.00
i17,e01,c3,p15,l3,0.00
i17,e01,c3,p16,l3,0.00
i17,e01,c3,p17,l3,0.00
i17,e01,c3,p18,l3,0.00
i17,e01,c3,p19,l3,0.00
i17,e01,c3,p21,l3,0.00
i17,e01,c3,p22,l3,0.00
i17,e01,c3,p24,l3,0.00
i17,e01,c3,p25,l3,0.00
i17,e01,c3,p26,l3,0.00
i17,e01,c3,p28,l3,0.00
i17,e01,c3,p29,l3,0.00
i17,e01,c3,p30,l3,0.00
i17,e01,c3,p35,l3,0.00
i17,e01,c5,p01,l3,23.61
i17,e01,c5,p01,l4,0.00
i17,e01,c5,p02,l3,0.00
i17,e01,c5,p02,l4,0.00
i17,e01,c5,p03,l3,2.41
i17,e01,c5,p03,l4,0.00
i17,e01,c5,p04,l3,8.66
i17,e01,c5,p04,l4,0.00
i17,e01,c5,p05,l3,3.21
i17,e01,c5,p05,l4,0.00
i17,e01,c5,p06,l3,0.00
i17,e01,c5,p06,l4,0.00
i17,e01,c5,p07,l3,0.00
i17,e01,c5,p07,l4,0.00
i17,e01,c5,p08,l3,3.22
i17,e01,c5,p08,l4,0.00
i17,e01,c5,p09,l3,3.22
i17,e01,c5,p09,l4,0.00
i17,e01,c5,p10,l3,34.20
i17,e01,c5,p10,l4,0.00
i17,e01,c5,p11,l3,1.11
i17,e01,c5,p11,l4,0.00
i17,e01,c5,p12,l3,0.00
i17,e01,c5,p12,l4,0.00
i17,e01,c5,p13,l3,0.00
i17,e01,c5,p13,l4,0.00
i17,e01,c5,p14,l3,35.78
i17,e01,c5,p14,l4,0.00
i17,e01,c5,p15,l3,0.00
i17,e01,c5,p15,l4,0.00
i17,e01,c5,p16,l3,2.92
i17,e01,c5,p16,l4,0.00
i17,e01,c5,p17,l3,2.22
i17,e01,c5,p17,l4,0.00
i17,e01,c5,p18,l3,0.00
i17,e01,c5,p18,l4,0.00
i17,e01,c5,p19,l3,2.23
i17,e01,c5,p19,l4,0.00
i17,e01,c5,p20,l3,0.00
i17,e01,c5,p20,l4,0.00
i17,e01,c5,p21,l3,1.36
i17,e01,c5,p21,l4,0.00
i17,e01,c5,p22,l3,6.16
i17,e01,c5,p22,l4,0.00
i17,e01,c5,p23,l3,0.00
i17,e01,c5,p23,l4,0.00
i17,e01,c5,p24,l3,0.00
i17,e01,c5,p24,l4,0.00
i17,e01,c5,p25,l3,0.00
i17,e01,c5,p25,l4,0.00
i17,e01,c5,p26,l3,0.00
i17,e01,c5,p26,l4,0.00
i17,e01,c5,p28,l3,1.66
i17,e01,c5,p28,l4,0.00
i17,e01,c5,p29,l3,3.13
i17,e01,c5,p29,l4,0.00
i17,e01,c5,p30,l3,0.00
i17,e01,c5,p31,l3,0.00
i17,e01,c5,p31,l4,0.00
i17,e01,c5,p32,l3,0.00
i17,e01,c5,p32,l4,0.00
i17,e01,c5,p33,l3,0.00
i17,e01,c5,p33,l4,0.00
i17,e01,c5,p35,l3,0.00
i17,e01,c5,p35,l4,0.00
i17,e04,c3,p01,l1,0.00
i17,e04,c3,p01,l3,0.00
i17,e04,c3,p02,l1,0.00
i17,e04,c3,p02,l3,0.00
i17,e04,c3,p03,l1,0.00
i17,e04,c3,p03,l3,0.00
i17,e04,c3,p04,l1,0.00
i17,e04,c3,p04,l3,0.00
i17,e04,c3,p05,l1,0.00
i17,e04,c3,p05,l3,0.00
i17,e04,c3,p06,l1,0.00
i17,e04,c3,p06,l3,0.00
i17,e04,c3,p07,l1,0.00
i17,e04,c3,p07,l3,0.00
i17,e04,c3,p08,l3,0.00
i17,e04,c3,p09,l1,0.00
i17,e04,c3,p09,l3,0.00
i17,e04,c3,p10,l1,0.00
i17,e04,c3,p10,l3,0.00
i17,e04,c3,p10,l4,0.00
i17,e04,c3,p11,l1,0.00
i17,e04,c3,p11,l3,0.00
i17,e04,c3,p12,l1,0.00
i17,e04,c3,p12,l3,0.00
i17,e04,c3,p13,l3,0.00
i17,e04,c3,p14,l1,0.00
i17,e04,c3,p14,l3,0.00
i17,e04,c3,p15,l1,0.00
i17,e04,c3,p15,l3,0.00
i17,e04,c3,p16,l3,0.00
i17,e04,c3,p17,l1,0.00
i17,e04,c3,p17,l3,0.00
i17,e04,c3,p18,l1,0.00
i17,e04,c3,p18,l3,0.00
i17,e04,c3,p19,l1,0.00
i17,e04,c3,p19,l3,0.00
i17,e04,c3,p21,l1,0.00
i17,e04,c3,p21,l3,0.00
i17,e04,c3,p22,l3,0.00
i17,e04,c3,p24,l1,0.00
i17,e04,c3,p24,l3,0.00
i17,e04,c3,p25,l1,0.00
i17,e04,c3,p25,l3,0.00
i17,e04,c3,p26,l3,0.00
i17,e04,c3,p28,l3,0.00
i17,e04,c3,p29,l1,0.00
i17,e04,c3,p29,l3,0.00
i17,e04,c3,p30,l3,0.00
i17,e04,c3,p35,l1,0.00
i17,e04,c3,p35,l3,0.00
i17,e04,c5,p01,l1,0.00
i17,e04,c5,p01,l3,45.32
i17,e04,c5,p01,l4,0.00
i17,e04,c5,p02,l1,0.00
i17,e04,c5,p02,l3,1.30
i17,e04,c5,p02,l4,0.00
i17,e04,c5,p03,l1,0.00
i17,e04,c5,p03,l3,9.19
i17,e04,c5,p03,l4,0.00
i17,e04,c5,p04,l1,0.00
i17,e04,c5,p04,l3,10.08
i17,e04,c5,p04,l4,0.00
i17,e04,c5,p05,l1,0.00
i17,e04,c5,p05,l3,8.28
i17,e04,c5,p05,l4,0.00
i17,e04,c5,p06,l1,0.00
i17,e04,c5,p06,l3,1.18
i17,e04,c5,p06,l4,0.00
i17,e04,c5,p07,l1,0.00
i17,e04,c5,p07,l3,5.19
i17,e04,c5,p07,l4,0.00
i17,e04,c5,p08,l1,0.00
i17,e04,c5,p08,l3,3.06
i17,e04,c5,p08,l4,0.00
i17,e04,c5,p09,l1,0.00
i17,e04,c5,p09,l3,7.30
i17,e04,c5,p09,l4,0.00
i17,e04,c5,p10,l1,0.00
i17,e04,c5,p10,l3,53.03
i17,e04,c5,p10,l4,0.00
i17,e04,c5,p11,l1,0.00
i17,e04,c5,p11,l3,19.07
i17,e04,c5,p11,l4,0.00
i17,e04,c5,p12,l1,0.00
i17,e04,c5,p12,l3,12.57
i17,e04,c5,p12,l4,0.00
i17,e04,c5,p13,l1,0.00
i17,e04,c5,p13,l3,12.13
i17,e04,c5,p13,l4,0.00
i17,e04,c5,p14,l1,0.00
i17,e04,c5,p14,l3,1.14
i17,e04,c5,p14,l4,0.00
i17,e04,c5,p15,l1,0.00
i17,e04,c5,p15,l3,18.08
i17,e04,c5,p15,l4,0.00
i17,e04,c5,p16,l1,0.00
i17,e04,c5,p16,l3,2.13
i17,e04,c5,p16,l4,0.00
i17,e04,c5,p17,l1,0.00
i17,e04,c5,p17,l3,15.06
i17,e04,c5,p17,l4,0.00
i17,e04,c5,p18,l1,0.00
i17,e04,c5,p18,l3,5.43
i17,e04,c5,p18,l4,0.00
i17,e04,c5,p19,l1,0.00
i17,e04,c5,p19,l3,8.33
i17,e04,c5,p19,l4,0.00
i17,e04,c5,p20,l1,0.00
i17,e04,c5,p20,l3,0.00
i17,e04,c5,p20,l4,0.00
i17,e04,c5,p21,l1,0.00
i17,e04,c5,p21,l3,4.40
i17,e04,c5,p21,l4,0.00
i17,e04,c5,p22,l1,0.00
i17,e04,c5,p22,l3,11.07
i17,e04,c5,p22,l4,0.00
i17,e04,c5,p23,l1,0.00
i17,e04,c5,p23,l3,0.00
i17,e04,c5,p23,l4,0.00
i17,e04,c5,p24,l1,0.00
i17,e04,c5,p24,l3,2.10
i17,e04,c5,p24,l4,0.00
i17,e04,c5,p25,l1,0.00
i17,e04,c5,p25,l3,0.00
i17,e04,c5,p25,l4,0.00
i17,e04,c5,p26,l1,0.00
i17,e04,c5,p26,l3,0.00
i17,e04,c5,p26,l4,0.00
i17,e04,c5,p28,l1,0.00
i17,e04,c5,p28,l3,6.07
i17,e04,c5,p28,l4,0.00
i17,e04,c5,p29,l1,0.00
i17,e04,c5,p29,l3,27.39
i17,e04,c5,p29,l4,0.00
i17,e04,c5,p30,l1,0.00
i17,e04,c5,p30,l3,0.00
i17,e04,c5,p31,l1,0.00
i17,e04,c5,p31,l3,0.00
i17,e04,c5,p31,l4,0.00
i17,e04,c5,p32,l1,0.00
i17,e04,c5,p32,l3,6.23
i17,e04,c5,p32,l4,0.00
i17,e04,c5,p33,l1,0.00
i17,e04,c5,p33,l3,0.00
i17,e04,c5,p33,l4,0.00
i17,e04,c5,p35,l1,0.00
i17,e04,c5,p35,l3,12.14
i17,e05,c3,p01,l3,0.00
i17,e05,c3,p04,l3,0.00
i17,e05,c3,p09,l3,0.00
i17,e05,c3,p10,l3,0.00
i17,e05,c3,p19,l3,0.00
i17,e05,c3,p25,l3,0.00
i17,e05,c3,p35,l1,0.00
i17,e05,c3,p35,l3,0.00
i17,e05,c5,p01,l1,0.00
i17,e05,c5,p01,l3,0.00
i17,e05,c5,p02,l1,0.00
i17,e05,c5,p02,l3,0.00
i17,e05,c5,p03,l1,0.00
i17,e05,c5,p03,l3,0.00
i17,e05,c5,p04,l1,0.00
i17,e05,c5,p04,l3,0.00
i17,e05,c5,p05,l1,0.00
i17,e05,c5,p05,l3,0.00
i17,e05,c5,p06,l1,0.00
i17,e05,c5,p06,l3,0.00
i17,e05,c5,p07,l1,0.00
i17,e05,c5,p07,l3,0.00
i17,e05,c5,p08,l1,0.00
i17,e05,c5,p08,l3,0.00
i17,e05,c5,p09,l1,0.00
i17,e05,c5,p09,l3,0.00
i17,e05,c5,p10,l1,0.00
i17,e05,c5,p10,l3,0.00
i17,e05,c5,p11,l1,0.00
i17,e05,c5,p11,l3,0.00
i17,e05,c5,p12,l1,0.00
i17,e05,c5,p12,l3,0.00
i17,e05,c5,p13,l1,0.00
i17,e05,c5,p13,l3,0.00
i17,e05,c5,p14,l1,0.00
i17,e05,c5,p14,l3,0.00
i17,e05,c5,p15,l1,0.00
i17,e05,c5,p15,l3,0.00
i17,e05,c5,p16,l1,0.00
i17,e05,c5,p16,l3,0.00
i17,e05,c5,p17,l1,0.00
i17,e05,c5,p17,l3,0.00
i17,e05,c5,p18,l1,0.00
i17,e05,c5,p18,l3,0.00
i17,e05,c5,p19,l1,0.00
i17,e05,c5,p19,l3,0.00
i17,e05,c5,p20,l1,0.00
i17,e05,c5,p20,l3,0.00
i17,e05,c5,p21,l1,0.00
i17,e05,c5,p21,l3,0.00
i17,e05,c5,p22,l1,0.00
i17,e05,c5,p22,l3,0.00
i17,e05,c5,p23,l1,0.00
i17,e05,c5,p23,l3,0.00
i17,e05,c5,p24,l1,0.00
i17,e05,c5,p24,l3,0.00
i17,e05,c5,p25,l1,0.00
i17,e05,c5,p25,l3,0.00
i17,e05,c5,p26,l3,0.00
i17,e05,c5,p28,l1,0.00
i17,e05,c5,p28,l3,0.00
i17,e05,c5,p29,l1,0.00
i17,e05,c5,p29,l3,0.00
i17,e05,c5,p30,l3,0.00
i17,e05,c5,p31,l1,0.00
i17,e05,c5,p31,l3,0.00
i17,e05,c5,p32,l1,0.00
i17,e05,c5,p32,l3,0.00
i17,e05,c5,p33,l3,0.00
i17,e05,c5,p35,l1,0.00
i17,e05,c5,p35,l3,0.00
i17,e08,c3,p01,l2,0.00
i17,e08,c3,p01,l3,0.00
i17,e08,c3,p02,l3,0.00
i17,e08,c3,p03,l2,0.00
i17,e08,c3,p03,l3,0.00
i17,e08,c3,p04,l2,0.00
i17,e08,c3,p04,l3,0.00
i17,e08,c3,p05,l3,0.00
i17,e08,c3,p06,l2,0.00
i17,e08,c3,p06,l3,0.00
i17,e08,c3,p07,l3,0.00
i17,e08,c3,p08,l3,0.00
i17,e08,c3,p09,l2,0.00
i17,e08,c3,p09,l3,0.00
i17,e08,c3,p10,l2,0.00
i17,e08,c3,p10,l3,0.00
i17,e08,c3,p11,l2,0.00
i17,e08,c3,p11,l3,0.00
i17,e08,c3,p12,l3,0.00
i17,e08,c3,p13,l3,0.00
i17,e08,c3,p14,l2,0.00
i17,e08,c3,p14,l3,0.00
i17,e08,c3,p15,l2,0.00
i17,e08,c3,p15,l3,0.00
i17,e08,c3,p16,l3,0.00
i17,e08,c3,p17,l3,0.00
i17,e08,c3,p18,l2,0.00
i17,e08,c3,p18,l3,0.00
i17,e08,c3,p19,l2,0.00
i17,e08,c3,p19,l3,0.00
i17,e08,c3,p21,l2,0.00
i17,e08,c3,p21,l3,0.00
i17,e08,c3,p22,l3,0.00
i17,e08,c3,p23,l2,0.00
i17,e08,c3,p24,l2,0.00
i17,e08,c3,p24,l3,0.00
i17,e08,c3,p25,l3,0.00
i17,e08,c3,p26,l3,0.00
i17,e08,c3,p29,l2,0.00
i17,e08,c3,p29,l3,0.00
i17,e08,c3,p30,l3,0.00
i17,e08,c3,p35,l2,0.00
i17,e08,c3,p35,l3,0.00
i17,e08,c5,p01,l2,0.00
i17,e08,c5,p01,l3,70.58
i17,e08,c5,p02,l2,0.00
i17,e08,c5,p02,l3,0.00
i17,e08,c5,p03,l2,0.00
i17,e08,c5,p03,l3,5.04
i17,e08,c5,p04,l2,0.00
i17,e08,c5,p04,l3,5.47
i17,e08,c5,p05,l2,0.00
i17,e08,c5,p05,l3,11.38
i17,e08,c5,p06,l2,0.00
i17,e08,c5,p06,l3,0.00
i17,e08,c5,p07,l2,0.00
i17,e08,c5,p07,l3,3.14
i17,e08,c5,p08,l2,0.00
i17,e08,c5,p08,l3,2.57
i17,e08,c5,p09,l2,0.00
i17,e08,c5,p09,l3,5.07
i17,e08,c5,p10,l2,0.00
i17,e08,c5,p10,l3,81.03
i17,e08,c5,p11,l2,0.00
i17,e08,c5,p11,l3,32.20
i17,e08,c5,p12,l2,0.00
i17,e08,c5,p12,l3,12.06
i17,e08,c5,p13,l2,0.00
i17,e08,c5,p13,l3,7.78
i17,e08,c5,p14,l2,0.00
i17,e08,c5,p14,l3,61.06
i17,e08,c5,p15,l2,0.00
i17,e08,c5,p15,l3,17.05
i17,e08,c5,p16,l2,0.00
i17,e08,c5,p16,l3,31.15
i17,e08,c5,p17,l2,0.00
i17,e08,c5,p17,l3,13.54
i17,e08,c5,p18,l2,0.00
i17,e08,c5,p18,l3,5.62
i17,e08,c5,p19,l2,0.00
i17,e08,c5,p19,l3,10.51
i17,e08,c5,p20,l2,0.00
i17,e08,c5,p20,l3,0.00
i17,e08,c5,p21,l2,0.00
i17,e08,c5,p21,l3,11.02
i17,e08,c5,p22,l2,0.00
i17,e08,c5,p22,l3,9.44
i17,e08,c5,p23,l2,0.00
i17,e08,c5,p23,l3,0.00
i17,e08,c5,p24,l2,0.00
i17,e08,c5,p24,l3,0.00
i17,e08,c5,p25,l2,0.00
i17,e08,c5,p25,l3,0.00
i17,e08,c5,p26,l2,0.00
i17,e08,c5,p26,l3,0.00
i17,e08,c5,p28,l2,0.00
i17,e08,c5,p28,l3,0.00
i17,e08,c5,p29,l2,0.00
i17,e08,c5,p29,l3,14.04
i17,e08,c5,p30,l2,0.00
i17,e08,c5,p30,l3,0.00
i17,e08,c5,p31,l2,0.00
i17,e08,c5,p31,l3,0.00
i17,e08,c5,p32,l2,0.00
i17,e08,c5,p32,l3,6.20
i17,e08,c5,p33,l2,0.00
i17,e08,c5,p33,l3,0.00
i17,e08,c5,p35,l2,0.00
i17,e08,c5,p35,l3,0.00
i17,e09,c3,p01,l2,0.00
i17,e09,c3,p01,l3,0.00
i17,e09,c3,p02,l2,0.00
i17,e09,c3,p02,l3,0.00
i17,e09,c3,p03,l2,0.00
i17,e09,c3,p03,l3,0.00
i17,e09,c3,p04,l2,0.00
i17,e09,c3,p04,l3,0.00
i17,e09,c3,p05,l2,0.00
i17,e09,c3,p05,l3,0.00
i17,e09,c3,p06,l2,0.00
i17,e09,c3,p06,l3,0.00
i17,e09,c3,p07,l2,0.00
i17,e09,c3,p07,l3,0.00
i17,e09,c3,p08,l2,0.00
i17,e09,c3,p08,l3,0.00
i17,e09,c3,p09,l2,0.00
i17,e09,c3,p09,l3,0.00
i17,e09,c3,p10,l2,0.00
i17,e09,c3,p10,l3,0.00
i17,e09,c3,p11,l2,0.00
i17,e09,c3,p11,l3,0.00
i17,e09,c3,p12,l2,0.00
i17,e09,c3,p12,l3,0.00
i17,e09,c3,p13,l3,0.00
i17,e09,c3,p14,l2,0.00
i17,e09,c3,p14,l3,0.00
i17,e09,c3,p15,l2,0.00
i17,e09,c3,p15,l3,0.00
i17,e09,c3,p16,l3,0.00
i17,e09,c3,p17,l3,0.00
i17,e09,c3,p18,l2,0.00
i17,e09,c3,p18,l3,0.00
i17,e09,c3,p19,l2,0.00
i17,e09,c3,p19,l3,0.00
i17,e09,c3,p20,l3,0.00
i17,e09,c3,p21,l2,0.00
i17,e09,c3,p21,l3,0.00
i17,e09,c3,p22,l3,0.00
i17,e09,c3,p23,l3,0.00
i17,e09,c3,p24,l2,0.00
i17,e09,c3,p24,l3,0.00
i17,e09,c3,p25,l2,0.00
i17,e09,c3,p25,l3,0.00
i17,e09,c3,p26,l3,0.00
i17,e09,c3,p29,l2,0.00
i17,e09,c3,p29,l3,0.00
i17,e09,c3,p30,l3,0.00
i17,e09,c3,p35,l2,0.00
i17,e09,c3,p35,l3,0.00
i17,e09,c5,p01,l2,0.00
i17,e09,c5,p01,l3,27.14
i17,e09,c5,p01,l4,0.00
i17,e09,c5,p02,l2,0.00
i17,e09,c5,p02,l3,0.00
i17,e09,c5,p02,l4,0.00
i17,e09,c5,p03,l2,0.00
i17,e09,c5,p03,l3,1.33
i17,e09,c5,p03,l4,0.00
i17,e09,c5,p04,l2,0.00
i17,e09,c5,p04,l3,0.00
i17,e09,c5,p04,l4,0.00
i17,e09,c5,p05,l2,0.00
i17,e09,c5,p05,l3,0.00
i17,e09,c5,p05,l4,0.00
i17,e09,c5,p06,l2,0.00
i17,e09,c5,p06,l3,0.00
i17,e09,c5,p06,l4,0.00
i17,e09,c5,p07,l2,0.00
i17,e09,c5,p07,l3,0.00
i17,e09,c5,p07,l4,0.00
i17,e09,c5,p08,l2,0.00
i17,e09,c5,p08,l3,0.00
i17,e09,c5,p08,l4,0.00
i17,e09,c5,p09,l2,0.00
i17,e09,c5,p09,l3,0.00
i17,e09,c5,p09,l4,0.00
i17,e09,c5,p10,l2,0.00
i17,e09,c5,p10,l3,12.46
i17,e09,c5,p10,l4,0.00
i17,e09,c5,p11,l2,0.00
i17,e09,c5,p11,l3,1.04
i17,e09,c5,p11,l4,0.00
i17,e09,c5,p12,l2,0.00
i17,e09,c5,p12,l3,0.00
i17,e09,c5,p12,l4,0.00
i17,e09,c5,p13,l2,0.00
i17,e09,c5,p13,l3,1.11
i17,e09,c5,p13,l4,0.00
i17,e09,c5,p14,l2,0.00
i17,e09,c5,p14,l3,0.00
i17,e09,c5,p14,l4,0.00
i17,e09,c5,p15,l2,0.00
i17,e09,c5,p15,l3,0.00
i17,e09,c5,p15,l4,0.00
i17,e09,c5,p16,l2,0.00
i17,e09,c5,p16,l3,0.00
i17,e09,c5,p16,l4,0.00
i17,e09,c5,p17,l2,0.00
i17,e09,c5,p17,l3,1.06
i17,e09,c5,p17,l4,0.00
i17,e09,c5,p18,l2,0.00
i17,e09,c5,p18,l3,0.00
i17,e09,c5,p18,l4,0.00
i17,e09,c5,p19,l2,0.00
i17,e09,c5,p19,l3,1.11
i17,e09,c5,p19,l4,0.00
i17,e09,c5,p20,l2,0.00
i17,e09,c5,p20,l3,0.00
i17,e09,c5,p20,l4,0.00
i17,e09,c5,p21,l2,0.00
i17,e09,c5,p21,l3,0.00
i17,e09,c5,p21,l4,0.00
i17,e09,c5,p22,l2,0.00
i17,e09,c5,p22,l3,0.00
i17,e09,c5,p22,l4,0.00
i17,e09,c5,p23,l2,0.00
i17,e09,c5,p23,l3,0.00
i17,e09,c5,p23,l4,0.00
i17,e09,c5,p24,l2,0.00
i17,e09,c5,p24,l3,0.00
i17,e09,c5,p24,l4,0.00
i17,e09,c5,p25,l2,0.00
i17,e09,c5,p25,l3,0.00
i17,e09,c5,p25,l4,0.00
i17,e09,c5,p26,l2,0.00
i17,e09,c5,p26,l3,0.00
i17,e09,c5,p26,l4,0.00
i17,e09,c5,p28,l2,0.00
i17,e09,c5,p28,l3,3.06
i17,e09,c5,p28,l4,0.00
i17,e09,c5,p29,l2,0.00
i17,e09,c5,p29,l3,2.16
i17,e09,c5,p29,l4,0.00
i17,e09,c5,p30,l2,0.00
i17,e09,c5,p30,l3,0.00
i17,e09,c5,p31,l2,0.00
i17,e09,c5,p31,l3,0.00
i17,e09,c5,p31,l4,0.00
i17,e09,c5,p32,l2,0.00
i17,e09,c5,p32,l3,0.00
i17,e09,c5,p32,l4,0.00
i17,e09,c5,p33,l2,0.00
i17,e09,c5,p33,l3,0.00
i17,e09,c5,p33,l4,0.00
i17,e09,c5,p35,l2,0.00
i17,e09,c5,p35,l3,0.00
i17,e09,c5,p35,l4,0.00
i17,e10,c3,p03,l3,0.00
i17,e10,c3,p10,l3,0.00
i17,e10,c3,p21,l3,0.00
i17,e10,c3,p29,l3,0.00
i17,e10,c3,p35,l3,0.00
i17,e10,c5,p01,l3,0.00
i17,e10,c5,p02,l2,0.00
i17,e10,c5,p02,l3,0.00
i17,e10,c5,p03,l2,0.00
i17,e10,c5,p03,l3,0.00
i17,e10,c5,p04,l2,0.00
i17,e10,c5,p04,l3,0.00
i17,e10,c5,p05,l2,0.00
i17,e10,c5,p05,l3,0.00
i17,e10,c5,p06,l2,0.00
i17,e10,c5,p06,l3,0.00
i17,e10,c5,p07,l3,0.00
i17,e10,c5,p08,l2,0.00
i17,e10,c5,p08,l3,0.00
i17,e10,c5,p09,l3,0.00
i17,e10,c5,p10,l2,0.00
i17,e10,c5,p10,l3,0.00
i17,e10,c5,p11,l2,0.00
i17,e10,c5,p11,l3,0.00
i17,e10,c5,p12,l3,0.00
i17,e10,c5,p13,l3,0.00
i17,e10,c5,p14,l2,0.00
i17,e10,c5,p14,l3,0.00
i17,e10,c5,p15,l3,0.00
i17,e10,c5,p16,l2,0.00
i17,e10,c5,p16,l3,0.00
i17,e10,c5,p17,l2,0.00
i17,e10,c5,p17,l3,0.00
i17,e10,c5,p18,l2,0.00
i17,e10,c5,p18,l3,0.00
i17,e10,c5,p19,l2,0.00
i17,e10,c5,p19,l3,0.00
i17,e10,c5,p20,l3,0.00
i17,e10,c5,p21,l2,0.00
i17,e10,c5,p21,l3,0.00
i17,e10,c5,p22,l3,0.00
i17,e10,c5,p23,l3,0.00
i17,e10,c5,p24,l3,0.00
i17,e10,c5,p25,l3,0.00
i17,e10,c5,p26,l3,0.00
i17,e10,c5,p28,l3,0.00
i17,e10,c5,p29,l3,0.00
i17,e10,c5,p31,l3,0.00
i17,e10,c5,p32,l3,0.00
i17,e10,c5,p35,l3,0.00
i17,e11,c3,p01,l2,0.00
i17,e11,c3,p01,l3,0.00
i17,e11,c3,p01,l4,0.00
i17,e11,c3,p02,l3,0.00
i17,e11,c3,p02,l4,0.00
i17,e11,c3,p03,l2,0.00
i17,e11,c3,p03,l3,0.00
i17,e11,c3,p03,l4,0.00
i17,e11,c3,p04,l2,0.00
i17,e11,c3,p04,l3,0.00
i17,e11,c3,p04,l4,0.00
i17,e11,c3,p05,l3,0.00
i17,e11,c3,p05,l4,0.00
i17,e11,c3,p06,l3,0.00
i17,e11,c3,p07,l3,0.00
i17,e11,c3,p08,l3,0.00
i17,e11,c3,p08,l4,0.00
i17,e11,c3,p09,l2,0.00
i17,e11,c3,p09,l3,0.00
i17,e11,c3,p09,l4,0.00
i17,e11,c3,p10,l2,0.00
i17,e11,c3,p10,l3,0.00
i17,e11,c3,p10,l4,0.00
i17,e11,c3,p11,l2,0.00
i17,e11,c3,p11,l3,0.00
i17,e11,c3,p11,l4,0.00
i17,e11,c3,p12,l3,0.00
i17,e11,c3,p12,l4,0.00
i17,e11,c3,p13,l3,0.00
i17,e11,c3,p13,l4,0.00
i17,e11,c3,p14,l2,0.00
i17,e11,c3,p14,l3,0.00
i17,e11,c3,p14,l4,0.00
i17,e11,c3,p15,l2,0.00
i17,e11,c3,p15,l3,0.00
i17,e11,c3,p15,l4,0.00
i17,e11,c3,p16,l3,0.00
i17,e11,c3,p16,l4,0.00
i17,e11,c3,p17,l3,0.00
i17,e11,c3,p17,l4,0.00
i17,e11,c3,p18,l3,0.00
i17,e11,c3,p19,l2,0.00
i17,e11,c3,p19,l3,0.00
i17,e11,c3,p19,l4,0.00
i17,e11,c3,p21,l2,0.00
i17,e11,c3,p21,l3,0.00
i17,e11,c3,p21,l4,0.00
i17,e11,c3,p22,l4,0.00
i17,e11,c3,p23,l4,0.00
i17,e11,c3,p24,l2,0.00
i17,e11,c3,p24,l3,0.00
i17,e11,c3,p24,l4,0.00
i17,e11,c3,p25,l3,0.00
i17,e11,c3,p25,l4,0.00
i17,e11,c3,p26,l4,0.00
i17,e11,c3,p29,l3,0.00
i17,e11,c3,p29,l4,0.00
i17,e11,c3,p30,l3,0.00
i17,e11,c3,p30,l4,0.00
i17,e11,c3,p33,l3,0.00
i17,e11,c3,p35,l3,0.00
i17,e11,c3,p35,l4,0.00
i17,e11,c5,p01,l2,0.00
i17,e11,c5,p01,l3,1.68
i17,e11,c5,p01,l4,0.00
i17,e11,c5,p02,l2,0.00
i17,e11,c5,p02,l3,0.00
i17,e11,c5,p02,l4,0.00
i17,e11,c5,p03,l2,0.00
i17,e11,c5,p03,l3,0.00
i17,e11,c5,p03,l4,0.00
i17,e11,c5,p04,l2,0.00
i17,e11,c5,p04,l3,0.00
i17,e11,c5,p04,l4,0.00
i17,e11,c5,p05,l2,0.00
i17,e11,c5,p05,l3,0.00
i17,e11,c5,p05,l4,3.29
i17,e11,c5,p06,l2,0.00
i17,e11,c5,p06,l3,0.00
i17,e11,c5,p06,l4,0.00
i17,e11,c5,p07,l2,0.00
i17,e11,c5,p07,l3,0.00
i17,e11,c5,p07,l4,0.00
i17,e11,c5,p08,l2,0.00
i17,e11,c5,p08,l3,1.29
i17,e11,c5,p08,l4,0.00
i17,e11,c5,p09,l2,0.00
i17,e11,c5,p09,l3,0.00
i17,e11,c5,p09,l4,0.00
i17,e11,c5,p10,l2,0.00
i17,e11,c5,p10,l3,0.00
i17,e11,c5,p10,l4,2.03
i17,e11,c5,p11,l2,0.00
i17,e11,c5,p11,l3,0.00
i17,e11,c5,p11,l4,0.00
i17,e11,c5,p12,l2,0.00
i17,e11,c5,p12,l3,0.00
i17,e11,c5,p12,l4,0.00
i17,e11,c5,p13,l2,0.00
i17,e11,c5,p13,l3,0.00
i17,e11,c5,p13,l4,0.00
i17,e11,c5,p14,l2,0.00
i17,e11,c5,p14,l3,0.00
i17,e11,c5,p14,l4,0.00
i17,e11,c5,p15,l2,0.00
i17,e11,c5,p15,l3,0.00
i17,e11,c5,p15,l4,0.00
i17,e11,c5,p16,l2,0.00
i17,e11,c5,p16,l3,0.00
i17,e11,c5,p16,l4,0.00
i17,e11,c5,p17,l2,0.00
i17,e11,c5,p17,l3,1.50
i17,e11,c5,p17,l4,0.00
i17,e11,c5,p18,l2,0.00
i17,e11,c5,p18,l3,0.00
i17,e11,c5,p18,l4,2.96
i17,e11,c5,p19,l2,0.00
i17,e11,c5,p19,l3,0.00
i17,e11,c5,p19,l4,0.00
i17,e11,c5,p20,l2,0.00
i17,e11,c5,p20,l3,0.00
i17,e11,c5,p20,l4,0.00
i17,e11,c5,p21,l2,0.00
i17,e11,c5,p21,l3,1.59
i17,e11,c5,p21,l4,0.00
i17,e11,c5,p22,l2,0.00
i17,e11,c5,p22,l3,0.00
i17,e11,c5,p22,l4,0.00
i17,e11,c5,p23,l2,0.00
i17,e11,c5,p23,l3,0.00
i17,e11,c5,p23,l4,0.00
i17,e11,c5,p24,l2,0.00
i17,e11,c5,p24,l3,0.00
i17,e11,c5,p24,l4,0.00
i17,e11,c5,p25,l2,0.00
i17,e11,c5,p25,l3,0.00
i17,e11,c5,p25,l4,0.00
i17,e11,c5,p26,l2,0.00
i17,e11,c5,p26,l3,0.00
i17,e11,c5,p26,l4,0.00
i17,e11,c5,p28,l2,0.00
i17,e11,c5,p28,l3,0.00
i17,e11,c5,p28,l4,0.00
i17,e11,c5,p29,l2,0.00
i17,e11,c5,p29,l3,0.00
i17,e11,c5,p29,l4,0.00
i17,e11,c5,p30,l2,0.00
i17,e11,c5,p30,l3,0.00
i17,e11,c5,p30,l4,0.00
i17,e11,c5,p31,l2,0.00
i17,e11,c5,p31,l3,0.00
i17,e11,c5,p31,l4,0.00
i17,e11,c5,p32,l2,0.00
i17,e11,c5,p32,l3,0.00
i17,e11,c5,p32,l4,0.00
i17,e11,c5,p33,l2,0.00
i17,e11,c5,p33,l3,0.00
i17,e11,c5,p33,l4,0.00
i17,e11,c5,p35,l2,0.00
i17,e11,c5,p35,l3,0.00
i17,e11,c5,p35,l4,0.00
i18,e01,c1,p35,l3,0.00
i18,e01,c4,p35,l3,0.00
i18,e04,c1,p35,l1,0.00
i18,e04,c1,p35,l3,0.00
i18,e04,c4,p35,l1,0.00
i18,e04,c4,p35,l3,0.00
i18,e05,c1,p35,l1,0.00
i18,e05,c1,p35,l3,0.00
i18,e05,c4,p35,l3,0.00
i18,e06,c1,p35,l3,0.00
i18,e07,c1,p35,l2,0.00
i18,e07,c1,p35,l3,0.00
i18,e07,c4,p35,l2,0.00
i18,e07,c4,p35,l3,0.00
i18,e08,c1,p35,l2,0.00
i18,e08,c1,p35,l3,0.00
i18,e08,c4,p35,l2,0.00
i18,e08,c4,p35,l3,0.00
i18,e09,c1,p35,l2,0.00
i18,e09,c1,p35,l3,0.00
i18,e09,c4,p35,l2,0.00
i18,e09,c4,p35,l3,0.00
i18,e11,c1,p35,l2,0.00
i18,e11,c1,p35,l3,0.00
i18,e11,c4,p35,l3,0.00
i18,e12,c1,p35,l3,0.00
i18,e12,c4,p35,l3,0.00
i18,e13,c1,p35,l3,0.00
i19,e01,c3,p10,l3,0.00
i19,e01,c3,p35,l3,0.00
i19,e01,c5,p01,l3,0.00
i19,e01,c5,p03,l3,0.00
i19,e01,c5,p05,l3,0.00
i19,e01,c5,p07,l3,0.00
i19,e01,c5,p10,l3,0.00
i19,e01,c5,p11,l3,0.00
i19,e01,c5,p12,l3,0.00
i19,e01,c5,p15,l3,0.00
i19,e01,c5,p16,l3,0.00
i19,e01,c5,p17,l3,0.00
i19,e01,c5,p18,l3,0.00
i19,e01,c5,p19,l3,0.00
i19,e01,c5,p24,l3,0.00
i19,e01,c5,p35,l3,0.00
i19,e02,c3,p10,l3,0.00
i19,e02,c3,p35,l3,0.00
i19,e02,c5,p01,l3,0.00
i19,e02,c5,p03,l3,0.00
i19,e02,c5,p10,l3,0.00
i19,e02,c5,p18,l3,0.00
i19,e02,c5,p35,l3,0.00
i19,e03,c3,p10,l3,0.00
i19,e03,c3,p35,l3,0.00
i19,e03,c5,p01,l3,0.00
i19,e03,c5,p02,l3,0.00
i19,e03,c5,p03,l3,0.00
i19,e03,c5,p05,l3,0.00
i19,e03,c5,p07,l3,0.00
i19,e03,c5,p10,l3,0.00
i19,e03,c5,p11,l3,0.00
i19,e03,c5,p12,l3,0.00
i19,e03,c5,p13,l3,0.00
i19,e03,c5,p15,l3,0.00
i19,e03,c5,p16,l3,0.00
i19,e03,c5,p17,l3,0.00
i19,e03,c5,p18,l3,0.00
i19,e03,c5,p19,l3,0.00
i19,e03,c5,p24,l3,0.00
i19,e03,c5,p33,l3,0.00
i19,e03,c5,p35,l3,0.00
i19,e04,c3,p10,l3,0.00
i19,e04,c3,p35,l3,0.00
i19,e04,c5,p01,l3,0.00
i19,e04,c5,p03,l3,0.00
i19,e04,c5,p05,l3,0.00
i19,e04,c5,p07,l3,0.00
i19,e04,c5,p10,l3,9.41
i19,e04,c5,p11,l3,0.00
i19,e04,c5,p12,l3,0.00
i19,e04,c5,p13,l3,0.00
i19,e04,c5,p15,l3,0.00
i19,e04,c5,p16,l3,0.00
i19,e04,c5,p17,l3,0.00
i19,e04,c5,p18,l3,0.00
i19,e04,c5,p19,l3,0.00
i19,e04,c5,p33,l3,0.00
i19,e04,c5,p35,l3,0.00
i19,e05,c3,p10,l3,0.00
i19,e05,c3,p35,l3,0.00
i19,e05,c5,p01,l3,0.00
i19,e05,c5,p03,l3,0.00
i19,e05,c5,p07,l3,0.00
i19,e05,c5,p10,l3,0.00
i19,e05,c5,p12,l3,0.00
i19,e05,c5,p15,l3,0.00
i19,e05,c5,p17,l3,0.00
i19,e05,c5,p18,l3,0.00
i19,e05,c5,p35,l3,0.00
i19,e07,c3,p10,l3,0.00
i19,e07,c5,p03,l3,0.00
i19,e07,c5,p10,l3,0.00
i19,e07,c5,p35,l3,0.00
i19,e08,c3,p10,l3,0.00
i19,e08,c3,p35,l3,0.00
i19,e08,c5,p01,l3,0.00
i19,e08,c5,p03,l3,0.00
i19,e08,c5,p05,l3,0.00
i19,e08,c5,p07,l3,0.00
i19,e08,c5,p10,l3,10.23
i19,e08,c5,p11,l3,0.00
i19,e08,c5,p12,l3,0.00
i19,e08,c5,p13,l3,0.00
i19,e08,c5,p15,l3,0.00
i19,e08,c5,p16,l3,0.00
i19,e08,c5,p17,l3,0.00
i19,e08,c5,p19,l3,0.00
i19,e08,c5,p24,l3,0.00
i19,e08,c5,p33,l3,0.00
i19,e08,c5,p35,l3,0.00
i19,e09,c3,p10,l3,0.00
i19,e09,c3,p35,l3,0.00
i19,e09,c5,p01,l3,0.00
i19,e09,c5,p03,l3,0.00
i19,e09,c5,p05,l3,0.00
i19,e09,c5,p07,l3,0.00
i19,e09,c5,p10,l3,0.00
i19,e09,c5,p11,l3,0.00
i19,e09,c5,p12,l3,0.00
i19,e09,c5,p15,l3,0.00
i19,e09,c5,p16,l3,0.00
i19,e09,c5,p17,l3,0.00
i19,e09,c5,p18,l3,0.00
i19,e09,c5,p19,l3,0.00
i19,e09,c5,p35,l3,0.00
i19,e10,c3,p10,l1,0.00
i19,e10,c3,p10,l2,0.00
i19,e10,c3,p10,l3,0.00
i19,e10,c3,p10,l4,0.00
i19,e10,c3,p35,l1,0.00
i19,e10,c3,p35,l2,0.00
i19,e10,c3,p35,l3,0.00
i19,e10,c3,p35,l4,0.00
i19,e10,c5,p01,l1,0.00
i19,e10,c5,p01,l2,0.00
i19,e10,c5,p01,l3,0.00
i19,e10,c5,p01,l4,0.00
i19,e10,c5,p03,l1,0.00
i19,e10,c5,p03,l2,0.00
i19,e10,c5,p03,l3,0.00
i19,e10,c5,p03,l4,0.00
i19,e10,c5,p05,l3,0.00
i19,e10,c5,p05,l4,0.00
i19,e10,c5,p07,l1,0.00
i19,e10,c5,p07,l2,0.00
i19,e10,c5,p07,l3,0.00
i19,e10,c5,p07,l4,0.00
i19,e10,c5,p10,l1,0.00
i19,e10,c5,p10,l2,0.00
i19,e10,c5,p10,l3,0.00
i19,e10,c5,p10,l4,0.00
i19,e10,c5,p11,l3,0.00
i19,e10,c5,p11,l4,0.00
i19,e10,c5,p12,l2,0.00
i19,e10,c5,p12,l3,0.00
i19,e10,c5,p12,l4,0.00
i19,e10,c5,p15,l2,0.00
i19,e10,c5,p15,l3,0.00
i19,e10,c5,p15,l4,0.00
i19,e10,c5,p16,l1,0.00
i19,e10,c5,p16,l3,0.00
i19,e10,c5,p16,l4,0.00
i19,e10,c5,p17,l1,0.00
i19,e10,c5,p17,l2,0.00
i19,e10,c5,p17,l3,0.00
i19,e10,c5,p17,l4,0.00
i19,e10,c5,p18,l1,0.00
i19,e10,c5,p18,l3,0.00
i19,e10,c5,p18,l4,0.00
i19,e10,c5,p19,l2,0.00
i19,e10,c5,p19,l3,0.00
i19,e10,c5,p23,l3,0.00
i19,e10,c5,p23,l4,0.00
i19,e10,c5,p24,l3,0.00
i19,e10,c5,p24,l4,0.00
i19,e10,c5,p35,l1,0.00
i19,e10,c5,p35,l2,0.00
i19,e10,c5,p35,l3,0.00
i19,e10,c5,p35,l4,0.00
i19,e11,c3,p10,l3,0.00
i19,e11,c3,p35,l3,0.00
i19,e11,c5,p01,l3,0.00
i19,e11,c5,p02,l3,0.00
i19,e11,c5,p03,l3,0.00
i19,e11,c5,p05,l3,0.00
i19,e11,c5,p07,l3,0.00
i19,e11,c5,p10,l3,53.45
i19,e11,c5,p11,l3,0.00
i19,e11,c5,p12,l3,0.00
i19,e11,c5,p13,l3,0.00
i19,e11,c5,p15,l3,0.00
i19,e11,c5,p16,l3,0.00
i19,e11,c5,p17,l3,0.00
i19,e11,c5,p19,l3,0.00
i19,e11,c5,p24,l3,0.00
i19,e11,c5,p35,l3,0.00
i19,e12,c3,p10,l3,0.00
i19,e12,c5,p01,l3,0.00
i19,e12,c5,p03,l3,0.00
i19,e12,c5,p07,l3,0.00
i19,e12,c5,p10,l3,0.00
i19,e12,c5,p12,l3,0.00
i19,e12,c5,p15,l3,0.00
i19,e12,c5,p16,l3,0.00
i19,e12,c5,p17,l3,0.00
i19,e12,c5,p19,l3,0.00
i19,e12,c5,p35,l3,2.73
i19,e13,c3,p10,l3,0.00
i19,e13,c3,p35,l3,0.00
i19,e13,c5,p01,l3,0.00
i19,e13,c5,p02,l3,0.00
i19,e13,c5,p03,l3,0.00
i19,e13,c5,p05,l3,0.00
i19,e13,c5,p07,l3,0.00
i19,e13,c5,p10,l3,0.00
i19,e13,c5,p11,l3,0.00
i19,e13,c5,p12,l3,0.00
i19,e13,c5,p13,l3,0.00
i19,e13,c5,p15,l3,0.00
i19,e13,c5,p16,l3,0.00
i19,e13,c5,p17,l3,0.00
i19,e13,c5,p18,l3,0.00
i19,e13,c5,p19,l3,0.00
i19,e13,c5,p23,l3,0.00
i19,e13,c5,p24,l3,0.00
i19,e13,c5,p35,l3,0.00
i20,e01,c3,p10,l3,0.00
i20,e01,c5,p01,l3,0.00
i20,e01,c5,p02,l3,0.00
i20,e01,c5,p03,l3,0.00
i20,e01,c5,p04,l3,0.00
i20,e01,c5,p05,l3,0.00
i20,e01,c5,p06,l3,0.00
i20,e01,c5,p07,l3,0.00
i20,e01,c5,p08,l3,0.00
i20,e01,c5,p09,l3,0.00
i20,e01,c5,p10,l3,0.00
i20,e01,c5,p11,l3,0.00
i20,e01,c5,p12,l3,0.00
i20,e01,c5,p13,l3,0.00
i20,e01,c5,p14,l3,0.00
i20,e01,c5,p15,l3,0.00
i20,e01,c5,p16,l3,0.00
i20,e01,c5,p17,l3,0.00
i20,e01,c5,p18,l3,0.00
i20,e01,c5,p19,l3,0.00
i20,e01,c5,p20,l3,0.00
i20,e01,c5,p21,l3,0.00
i20,e01,c5,p22,l3,0.00
i20,e01,c5,p23,l3,0.00
i20,e01,c5,p24,l3,0.00
i20,e01,c5,p25,l3,0.00
i20,e01,c5,p26,l3,0.00
i20,e01,c5,p28,l3,0.00
i20,e01,c5,p29,l3,0.00
i20,e01,c5,p31,l3,0.00
i20,e01,c5,p32,l3,0.00
i20,e01,c5,p35,l3,0.00
i20,e02,c3,p10,l3,0.00
i20,e02,c5,p01,l1,0.00
i20,e02,c5,p01,l3,0.00
i20,e02,c5,p02,l3,0.00
i20,e02,c5,p03,l1,0.00
i20,e02,c5,p03,l3,0.00
i20,e02,c5,p04,l1,0.00
i20,e02,c5,p04,l3,0.00
i20,e02,c5,p05,l1,0.00
i20,e02,c5,p05,l3,0.00
i20,e02,c5,p06,l1,0.00
i20,e02,c5,p06,l3,0.00
i20,e02,c5,p07,l1,0.00
i20,e02,c5,p07,l3,0.00
i20,e02,c5,p08,l3,0.00
i20,e02,c5,p09,l1,0.00
i20,e02,c5,p09,l3,0.00
i20,e02,c5,p10,l1,0.00
i20,e02,c5,p10,l3,0.00
i20,e02,c5,p11,l1,0.00
i20,e02,c5,p11,l3,0.00
i20,e02,c5,p12,l1,0.00
i20,e02,c5,p12,l3,0.00
i20,e02,c5,p13,l1,0.00
i20,e02,c5,p13,l3,0.00
i20,e02,c5,p14,l3,0.00
i20,e02,c5,p15,l1,0.00
i20,e02,c5,p15,l3,0.00
i20,e02,c5,p16,l1,0.00
i20,e02,c5,p16,l3,0.00
i20,e02,c5,p17,l1,0.00
i20,e02,c5,p17,l3,0.00
i20,e02,c5,p18,l1,0.00
i20,e02,c5,p18,l3,0.00
i20,e02,c5,p19,l1,0.00
i20,e02,c5,p19,l3,0.00
i20,e02,c5,p20,l3,0.00
i20,e02,c5,p21,l1,0.00
i20,e02,c5,p21,l3,0.00
i20,e02,c5,p22,l3,0.00
i20,e02,c5,p23,l1,0.00
i20,e02,c5,p23,l3,0.00
i20,e02,c5,p24,l1,0.00
i20,e02,c5,p24,l3,0.00
i20,e02,c5,p25,l1,0.00
i20,e02,c5,p25,l3,0.00
i20,e02,c5,p26,l3,0.00
i20,e02,c5,p29,l1,0.00
i20,e02,c5,p29,l3,0.00
i20,e02,c5,p31,l3,0.00
i20,e02,c5,p35,l1,0.00
i20,e02,c5,p35,l3,0.00
i20,e04,c3,p07,l1,0.00
i20,e04,c3,p07,l3,0.00
i20,e04,c3,p10,l3,0.00
i20,e04,c3,p35,l1,0.00
i20,e04,c5,p01,l1,0.00
i20,e04,c5,p01,l3,0.00
i20,e04,c5,p02,l1,0.00
i20,e04,c5,p02,l3,0.00
i20,e04,c5,p03,l1,0.00
i20,e04,c5,p03,l3,0.00
i20,e04,c5,p04,l1,0.00
i20,e04,c5,p04,l3,0.00
i20,e04,c5,p05,l1,0.00
i20,e04,c5,p05,l3,0.00
i20,e04,c5,p06,l1,0.00
i20,e04,c5,p06,l3,0.00
i20,e04,c5,p07,l1,0.00
i20,e04,c5,p07,l3,0.00
i20,e04,c5,p08,l1,0.00
i20,e04,c5,p08,l3,0.00
i20,e04,c5,p09,l1,0.00
i20,e04,c5,p09,l3,0.00
i20,e04,c5,p10,l1,0.00
i20,e04,c5,p10,l3,0.00
i20,e04,c5,p11,l1,0.00
i20,e04,c5,p11,l3,0.00
i20,e04,c5,p12,l1,0.00
i20,e04,c5,p12,l3,0.00
i20,e04,c5,p13,l1,0.00
i20,e04,c5,p13,l3,0.00
i20,e04,c5,p14,l1,0.00
i20,e04,c5,p14,l3,0.00
i20,e04,c5,p15,l1,0.00
i20,e04,c5,p15,l3,0.00
i20,e04,c5,p16,l1,0.00
i20,e04,c5,p16,l3,0.00
i20,e04,c5,p17,l1,0.00
i20,e04,c5,p17,l3,1.10
i20,e04,c5,p18,l1,0.00
i20,e04,c5,p18,l3,0.00
i20,e04,c5,p19,l1,0.00
i20,e04,c5,p19,l3,0.00
i20,e04,c5,p20,l1,0.00
i20,e04,c5,p20,l3,0.00
i20,e04,c5,p21,l1,0.00
i20,e04,c5,p21,l3,0.00
i20,e04,c5,p22,l1,0.00
i20,e04,c5,p22,l3,0.00
i20,e04,c5,p23,l1,0.00
i20,e04,c5,p23,l3,0.00
i20,e04,c5,p24,l1,0.00
i20,e04,c5,p24,l3,0.00
i20,e04,c5,p25,l1,0.00
i20,e04,c5,p25,l3,0.00
i20,e04,c5,p26,l3,0.00
i20,e04,c5,p28,l1,0.00
i20,e04,c5,p28,l3,0.00
i20,e04,c5,p29,l1,0.00
i20,e04,c5,p29,l3,0.00
i20,e04,c5,p30,l1,0.00
i20,e04,c5,p30,l3,0.00
i20,e04,c5,p31,l1,0.00
i20,e04,c5,p31,l3,0.00
i20,e04,c5,p32,l1,0.00
i20,e04,c5,p32,l3,0.00
i20,e04,c5,p35,l1,0.00
i20,e04,c5,p35,l3,0.00
i20,e05,c3,p07,l3,0.00
i20,e05,c3,p10,l3,0.00
i20,e05,c5,p01,l1,0.00
i20,e05,c5,p01,l3,0.00
i20,e05,c5,p02,l1,0.00
i20,e05,c5,p02,l3,0.00
i20,e05,c5,p03,l1,0.00
i20,e05,c5,p03,l3,2.31
i20,e05,c5,p04,l1,0.00
i20,e05,c5,p04,l3,0.00
i20,e05,c5,p05,l1,0.00
i20,e05,c5,p05,l3,1.25
i20,e05,c5,p06,l1,0.00
i20,e05,c5,p06,l3,0.00
i20,e05,c5,p07,l1,0.00
i20,e05,c5,p07,l3,0.00
i20,e05,c5,p08,l1,0.00
i20,e05,c5,p08,l3,0.00
i20,e05,c5,p09,l1,0.00
i20,e05,c5,p09,l3,0.00
i20,e05,c5,p10,l1,0.00
i20,e05,c5,p10,l3,0.00
i20,e05,c5,p11,l1,0.00
i20,e05,c5,p11,l3,0.00
i20,e05,c5,p12,l1,0.00
i20,e05,c5,p12,l3,0.00
i20,e05,c5,p13,l1,0.00
i20,e05,c5,p13,l3,0.00
i20,e05,c5,p14,l1,0.00
i20,e05,c5,p14,l3,0.00
i20,e05,c5,p15,l1,0.00
i20,e05,c5,p15,l3,0.00
i20,e05,c5,p16,l1,0.00
i20,e05,c5,p16,l3,0.00
i20,e05,c5,p17,l1,0.00
i20,e05,c5,p17,l3,0.00
i20,e05,c5,p18,l1,0.00
i20,e05,c5,p18,l3,0.00
i20,e05,c5,p19,l1,0.00
i20,e05,c5,p19,l3,0.00
i20,e05,c5,p20,l3,0.00
i20,e05,c5,p21,l1,0.00
i20,e05,c5,p21,l3,0.00
i20,e05,c5,p22,l1,0.00
i20,e05,c5,p22,l3,0.00
i20,e05,c5,p23,l1,0.00
i20,e05,c5,p23,l3,0.00
i20,e05,c5,p24,l1,0.00
i20,e05,c5,p24,l3,0.00
i20,e05,c5,p25,l1,0.00
i20,e05,c5,p25,l3,0.00
i20,e05,c5,p26,l3,0.00
i20,e05,c5,p28,l1,0.00
i20,e05,c5,p28,l3,0.00
i20,e05,c5,p29,l1,0.00
i20,e05,c5,p29,l3,0.00
i20,e05,c5,p31,l3,0.00
i20,e05,c5,p32,l1,0.00
i20,e05,c5,p32,l3,0.00
i20,e05,c5,p35,l1,0.00
i20,e05,c5,p35,l3,0.00
i20,e08,c3,p07,l2,0.00
i20,e08,c3,p07,l3,0.00
i20,e08,c3,p10,l2,0.00
i20,e08,c3,p10,l3,0.00
i20,e08,c3,p35,l2,0.00
i20,e08,c5,p01,l2,0.00
i20,e08,c5,p01,l3,0.00
i20,e08,c5,p02,l2,0.00
i20,e08,c5,p02,l3,0.00
i20,e08,c5,p03,l2,0.00
i20,e08,c5,p03,l3,0.00
i20,e08,c5,p04,l2,0.00
i20,e08,c5,p04,l3,0.00
i20,e08,c5,p05,l2,0.00
i20,e08,c5,p05,l3,0.00
i20,e08,c5,p06,l2,0.00
i20,e08,c5,p06,l3,0.00
i20,e08,c5,p07,l2,0.00
i20,e08,c5,p07,l3,0.00
i20,e08,c5,p08,l2,0.00
i20,e08,c5,p08,l3,0.00
i20,e08,c5,p09,l2,0.00
i20,e08,c5,p09,l3,0.00
i20,e08,c5,p10,l2,0.00
i20,e08,c5,p10,l3,0.00
i20,e08,c5,p11,l2,0.00
i20,e08,c5,p11,l3,0.00
i20,e08,c5,p12,l2,0.00
i20,e08,c5,p12,l3,0.00
i20,e08,c5,p13,l2,0.00
i20,e08,c5,p13,l3,0.00
i20,e08,c5,p14,l2,0.00
i20,e08,c5,p14,l3,0.00
i20,e08,c5,p15,l2,0.00
i20,e08,c5,p15,l3,0.00
i20,e08,c5,p16,l2,0.00
i20,e08,c5,p16,l3,0.00
i20,e08,c5,p17,l2,0.00
i20,e08,c5,p17,l3,0.00
i20,e08,c5,p18,l2,0.00
i20,e08,c5,p18,l3,0.00
i20,e08,c5,p19,l2,0.00
i20,e08,c5,p19,l3,0.00
i20,e08,c5,p20,l2,0.00
i20,e08,c5,p20,l3,0.00
i20,e08,c5,p21,l2,0.00
i20,e08,c5,p21,l3,0.00
i20,e08,c5,p22,l2,0.00
i20,e08,c5,p22,l3,0.00
i20,e08,c5,p23,l2,0.00
i20,e08,c5,p23,l3,0.00
i20,e08,c5,p24,l2,0.00
i20,e08,c5,p24,l3,0.00
i20,e08,c5,p25,l2,0.00
i20,e08,c5,p25,l3,0.00
i20,e08,c5,p26,l3,0.00
i20,e08,c5,p28,l2,0.00
i20,e08,c5,p28,l3,0.00
i20,e08,c5,p29,l2,0.00
i20,e08,c5,p29,l3,0.00
i20,e08,c5,p30,l2,0.00
i20,e08,c5,p30,l3,0.00
i20,e08,c5,p31,l2,0.00
i20,e08,c5,p31,l3,0.00
i20,e08,c5,p32,l2,0.00
i20,e08,c5,p32,l3,0.00
i20,e08,c5,p35,l2,0.00
i20,e08,c5,p35,l3,0.00
i20,e09,c3,p10,l3,0.00
i20,e09,c5,p01,l2,0.00
i20,e09,c5,p01,l3,0.00
i20,e09,c5,p02,l2,0.00
i20,e09,c5,p02,l3,0.00
i20,e09,c5,p03,l2,0.00
i20,e09,c5,p03,l3,0.00
i20,e09,c5,p04,l2,0.00
i20,e09,c5,p04,l3,0.00
i20,e09,c5,p05,l2,0.00
i20,e09,c5,p05,l3,0.00
i20,e09,c5,p06,l2,0.00
i20,e09,c5,p06,l3,0.00
i20,e09,c5,p07,l2,0.00
i20,e09,c5,p07,l3,0.00
i20,e09,c5,p08,l2,0.00
i20,e09,c5,p08,l3,0.00
i20,e09,c5,p09,l2,0.00
i20,e09,c5,p09,l3,0.00
i20,e09,c5,p10,l2,0.00
i20,e09,c5,p10,l3,0.00
i20,e09,c5,p11,l2,0.00
i20,e09,c5,p11,l3,0.00
i20,e09,c5,p12,l2,0.00
i20,e09,c5,p12,l3,0.00
i20,e09,c5,p13,l2,0.00
i20,e09,c5,p13,l3,0.00
i20,e09,c5,p14,l2,0.00
i20,e09,c5,p14,l3,0.00
i20,e09,c5,p15,l2,0.00
i20,e09,c5,p15,l3,0.00
i20,e09,c5,p16,l2,0.00
i20,e09,c5,p16,l3,0.00
i20,e09,c5,p17,l2,0.00
i20,e09,c5,p17,l3,0.00
i20,e09,c5,p18,l2,0.00
i20,e09,c5,p18,l3,0.00
i20,e09,c5,p19,l2,0.00
i20,e09,c5,p19,l3,0.00
i20,e09,c5,p20,l2,0.00
i20,e09,c5,p20,l3,0.00
i20,e09,c5,p21,l2,0.00
i20,e09,c5,p21,l3,0.00
i20,e09,c5,p22,l2,0.00
i20,e09,c5,p22,l3,0.00
i20,e09,c5,p23,l2,0.00
i20,e09,c5,p23,l3,0.00
i20,e09,c5,p24,l2,0.00
i20,e09,c5,p24,l3,0.00
i20,e09,c5,p25,l2,0.00
i20,e09,c5,p25,l3,0.00
i20,e09,c5,p26,l3,0.00
i20,e09,c5,p28,l2,0.00
i20,e09,c5,p28,l3,0.00
i20,e09,c5,p29,l2,0.00
i20,e09,c5,p29,l3,0.00
i20,e09,c5,p31,l3,0.00
i20,e09,c5,p32,l2,0.00
i20,e09,c5,p32,l3,0.00
i20,e09,c5,p35,l2,0.00
i20,e09,c5,p35,l3,0.00
i20,e11,c5,p01,l3,0.00
i20,e11,c5,p02,l3,0.00
i20,e11,c5,p03,l2,0.00
i20,e11,c5,p03,l3,0.00
i20,e11,c5,p04,l3,0.00
i20,e11,c5,p05,l2,0.00
i20,e11,c5,p05,l3,0.00
i20,e11,c5,p06,l3,0.00
i20,e11,c5,p07,l2,0.00
i20,e11,c5,p07,l3,0.00
i20,e11,c5,p08,l3,0.00
i20,e11,c5,p09,l3,0.00
i20,e11,c5,p10,l3,0.00
i20,e11,c5,p11,l3,0.00
i20,e11,c5,p12,l3,0.00
i20,e11,c5,p13,l3,0.00
i20,e11,c5,p14,l3,0.00
i20,e11,c5,p15,l3,0.00
i20,e11,c5,p16,l2,0.00
i20,e11,c5,p16,l3,0.00
i20,e11,c5,p17,l2,0.00
i20,e11,c5,p17,l3,0.00
i20,e11,c5,p18,l3,0.00
i20,e11,c5,p19,l2,0.00
i20,e11,c5,p19,l3,0.00
i20,e11,c5,p21,l3,0.00
i20,e11,c5,p22,l3,0.00
i20,e11,c5,p23,l3,0.00
i20,e11,c5,p24,l2,0.00
i20,e11,c5,p24,l3,0.00
i20,e11,c5,p25,l3,0.00
i20,e11,c5,p28,l3,0.00
i20,e11,c5,p29,l3,0.00
i20,e11,c5,p30,l3,0.00
i20,e11,c5,p31,l3,0.00
i20,e11,c5,p32,l2,0.00
i20,e11,c5,p32,l3,0.00
i20,e11,c5,p35,l3,0.00
i21,e01,c1,p01,l3,0.00
i21,e01,c1,p02,l3,1.37
i21,e01,c1,p03,l3,0.00
i21,e01,c1,p04,l3,0.00
i21,e01,c1,p05,l3,0.00
i21,e01,c1,p06,l3,0.00
i21,e01,c1,p07,l3,0.00
i21,e01,c1,p08,l3,0.00
i21,e01,c1,p09,l3,0.00
i21,e01,c1,p10,l3,0.00
i21,e01,c1,p11,l3,0.00
i21,e01,c1,p12,l3,0.00
i21,e01,c1,p13,l3,0.00
i21,e01,c1,p14,l3,0.00
i21,e01,c1,p15,l3,0.00
i21,e01,c1,p16,l3,0.00
i21,e01,c1,p17,l3,0.00
i21,e01,c1,p18,l3,0.00
i21,e01,c1,p19,l3,0.00
i21,e01,c1,p20,l3,0.00
i21,e01,c1,p21,l3,0.00
i21,e01,c1,p22,l3,0.00
i21,e01,c1,p23,l3,0.00
i21,e01,c1,p24,l3,0.00
i21,e01,c1,p25,l3,0.00
i21,e01,c1,p26,l3,0.00
i21,e01,c1,p28,l3,0.00
i21,e01,c1,p29,l3,0.00
i21,e01,c1,p30,l3,0.00
i21,e01,c1,p31,l3,0.00
i21,e01,c1,p32,l3,0.00
i21,e01,c1,p33,l3,0.00
i21,e01,c1,p34,l3,0.00
i21,e01,c1,p35,l3,0.00
i21,e01,c4,p01,l3,0.00
i21,e01,c4,p02,l3,0.00
i21,e01,c4,p03,l3,0.00
i21,e01,c4,p04,l3,0.00
i21,e01,c4,p05,l3,0.00
i21,e01,c4,p07,l3,0.00
i21,e01,c4,p08,l3,0.00
i21,e01,c4,p10,l3,0.00
i21,e01,c4,p11,l3,0.00
i21,e01,c4,p13,l3,0.00
i21,e01,c4,p14,l3,0.00
i21,e01,c4,p15,l3,0.00
i21,e01,c4,p16,l3,0.00
i21,e01,c4,p17,l3,0.00
i21,e01,c4,p18,l3,0.00
i21,e01,c4,p19,l3,0.00
i21,e01,c4,p21,l3,0.00
i21,e01,c4,p23,l3,0.00
i21,e01,c4,p25,l3,0.00
i21,e01,c4,p28,l3,0.00
i21,e01,c4,p29,l3,0.00
i21,e01,c4,p32,l3,0.00
i21,e01,c7,p01,l3,0.00
i21,e01,c7,p10,l3,0.00
i21,e03,c1,p01,l3,0.00
i21,e03,c1,p02,l3,0.00
i21,e03,c1,p03,l3,0.00
i21,e03,c1,p04,l3,0.00
i21,e03,c1,p05,l3,0.00
i21,e03,c1,p06,l3,0.00
i21,e03,c1,p07,l3,0.00
i21,e03,c1,p08,l3,2.22
i21,e03,c1,p09,l3,0.00
i21,e03,c1,p10,l3,3.15
i21,e03,c1,p11,l3,0.00
i21,e03,c1,p12,l3,0.00
i21,e03,c1,p13,l3,0.00
i21,e03,c1,p14,l3,0.00
i21,e03,c1,p15,l3,0.00
i21,e03,c1,p16,l3,0.00
i21,e03,c1,p17,l3,0.00
i21,e03,c1,p18,l3,0.00
i21,e03,c1,p19,l3,3.38
i21,e03,c1,p20,l3,0.00
i21,e03,c1,p21,l3,0.00
i21,e03,c1,p22,l3,0.00
i21,e03,c1,p23,l3,0.00
i21,e03,c1,p24,l3,0.00
i21,e03,c1,p25,l3,0.00
i21,e03,c1,p26,l3,0.00
i21,e03,c1,p28,l3,0.00
i21,e03,c1,p29,l3,0.00
i21,e03,c1,p30,l3,0.00
i21,e03,c1,p31,l3,0.00
i21,e03,c1,p32,l3,0.00
i21,e03,c1,p33,l3,0.00
i21,e03,c1,p34,l3,0.00
i21,e03,c1,p35,l3,0.00
i21,e03,c4,p01,l3,0.00
i21,e03,c4,p02,l3,0.00
i21,e03,c4,p03,l3,0.00
i21,e03,c4,p04,l3,0.00
i21,e03,c4,p05,l3,0.00
i21,e03,c4,p06,l3,0.00
i21,e03,c4,p07,l3,0.00
i21,e03,c4,p08,l3,0.00
i21,e03,c4,p09,l3,0.00
i21,e03,c4,p10,l3,0.00
i21,e03,c4,p11,l3,0.00
i21,e03,c4,p12,l3,0.00
i21,e03,c4,p13,l3,0.00
i21,e03,c4,p14,l3,0.00
i21,e03,c4,p15,l3,0.00
i21,e03,c4,p16,l3,0.00
i21,e03,c4,p17,l3,0.00
i21,e03,c4,p18,l3,0.00
i21,e03,c4,p19,l3,0.00
i21,e03,c4,p20,l3,0.00
i21,e03,c4,p21,l3,0.00
i21,e03,c4,p22,l3,0.00
i21,e03,c4,p23,l3,0.00
i21,e03,c4,p24,l3,0.00
i21,e03,c4,p25,l3,0.00
i21,e03,c4,p28,l3,0.00
i21,e03,c4,p29,l3,0.00
i21,e03,c7,p29,l3,0.00
i21,e04,c1,p01,l1,0.00
i21,e04,c1,p01,l3,0.00
i21,e04,c1,p02,l1,0.00
i21,e04,c1,p02,l3,0.00
i21,e04,c1,p03,l1,0.00
i21,e04,c1,p03,l3,0.00
i21,e04,c1,p04,l1,0.00
i21,e04,c1,p04,l3,0.00
i21,e04,c1,p05,l1,0.00
i21,e04,c1,p05,l3,0.00
i21,e04,c1,p06,l1,0.00
i21,e04,c1,p06,l3,0.00
i21,e04,c1,p07,l1,0.00
i21,e04,c1,p07,l3,0.00
i21,e04,c1,p08,l1,0.00
i21,e04,c1,p08,l3,0.00
i21,e04,c1,p09,l1,0.00
i21,e04,c1,p09,l3,0.00
i21,e04,c1,p10,l1,0.00
i21,e04,c1,p10,l3,0.00
i21,e04,c1,p11,l1,0.00
i21,e04,c1,p11,l3,0.00
i21,e04,c1,p12,l1,0.00
i21,e04,c1,p12,l3,0.00
i21,e04,c1,p13,l1,0.00
i21,e04,c1,p13,l3,0.00
i21,e04,c1,p14,l1,0.00
i21,e04,c1,p14,l3,0.00
i21,e04,c1,p15,l1,0.00
i21,e04,c1,p15,l3,0.00
i21,e04,c1,p16,l1,0.00
i21,e04,c1,p16,l3,0.00
i21,e04,c1,p17,l1,0.00
i21,e04,c1,p17,l3,0.00
i21,e04,c1,p18,l1,0.00
i21,e04,c1,p18,l3,0.00
i21,e04,c1,p19,l1,0.00
i21,e04,c1,p19,l3,0.00
i21,e04,c1,p20,l1,0.00
i21,e04,c1,p20,l3,0.00
i21,e04,c1,p21,l1,0.00
i21,e04,c1,p21,l3,0.00
i21,e04,c1,p22,l1,0.00
i21,e04,c1,p22,l3,0.00
i21,e04,c1,p23,l1,0.00
i21,e04,c1,p23,l3,0.00
i21,e04,c1,p24,l1,0.00
i21,e04,c1,p24,l3,0.00
i21,e04,c1,p25,l1,0.00
i21,e04,c1,p25,l3,0.00
i21,e04,c1,p26,l1,0.00
i21,e04,c1,p26,l3,0.00
i21,e04,c1,p28,l1,0.00
i21,e04,c1,p28,l3,0.00
i21,e04,c1,p29,l1,0.00
i21,e04,c1,p29,l3,0.00
i21,e04,c1,p30,l3,0.00
i21,e04,c1,p31,l1,0.00
i21,e04,c1,p31,l3,0.00
i21,e04,c1,p32,l1,0.00
i21,e04,c1,p32,l3,0.00
i21,e04,c1,p33,l1,0.00
i21,e04,c1,p33,l3,0.00
i21,e04,c1,p35,l1,0.00
i21,e04,c1,p35,l3,0.00
i21,e04,c4,p01,l3,0.00
i21,e04,c4,p02,l1,0.00
i21,e04,c4,p02,l3,0.00
i21,e04,c4,p03,l3,0.00
i21,e04,c4,p04,l1,0.00
i21,e04,c4,p04,l3,0.00
i21,e04,c4,p05,l1,0.00
i21,e04,c4,p05,l3,0.00
i21,e04,c4,p06,l3,0.00
i21,e04,c4,p07,l3,0.00
i21,e04,c4,p08,l3,0.00
i21,e04,c4,p09,l3,0.00
i21,e04,c4,p10,l1,0.00
i21,e04,c4,p10,l3,0.00
i21,e04,c4,p11,l3,0.00
i21,e04,c4,p12,l3,0.00
i21,e04,c4,p13,l3,0.00
i21,e04,c4,p14,l3,0.00
i21,e04,c4,p15,l3,0.00
i21,e04,c4,p16,l1,0.00
i21,e04,c4,p16,l3,0.00
i21,e04,c4,p17,l3,0.00
i21,e04,c4,p18,l1,0.00
i21,e04,c4,p18,l3,0.00
i21,e04,c4,p19,l3,0.00
i21,e04,c4,p20,l3,0.00
i21,e04,c4,p21,l3,0.00
i21,e04,c4,p23,l3,0.00
i21,e04,c4,p24,l3,0.00
i21,e04,c4,p29,l3,0.00
i21,e04,c4,p32,l3,0.00
i21,e05,c1,p01,l1,0.00
i21,e05,c1,p01,l3,0.00
i21,e05,c1,p02,l1,0.00
i21,e05,c1,p02,l3,0.00
i21,e05,c1,p03,l1,0.00
i21,e05,c1,p03,l3,0.00
i21,e05,c1,p04,l1,0.00
i21,e05,c1,p04,l3,0.00
i21,e05,c1,p05,l1,0.00
i21,e05,c1,p05,l3,0.00
i21,e05,c1,p06,l1,0.00
i21,e05,c1,p06,l3,0.00
i21,e05,c1,p07,l1,0.00
i21,e05,c1,p07,l3,0.00
i21,e05,c1,p08,l1,0.00
i21,e05,c1,p08,l3,0.00
i21,e05,c1,p09,l1,0.00
i21,e05,c1,p09,l3,0.00
i21,e05,c1,p10,l1,0.00
i21,e05,c1,p10,l3,1.19
i21,e05,c1,p11,l1,0.00
i21,e05,c1,p11,l3,0.00
i21,e05,c1,p12,l1,0.00
i21,e05,c1,p12,l3,0.00
i21,e05,c1,p13,l1,0.00
i21,e05,c1,p13,l3,0.00
i21,e05,c1,p14,l1,0.00
i21,e05,c1,p14,l3,0.00
i21,e05,c1,p15,l1,0.00
i21,e05,c1,p15,l3,0.00
i21,e05,c1,p16,l1,0.00
i21,e05,c1,p16,l3,0.00
i21,e05,c1,p17,l1,0.00
i21,e05,c1,p17,l3,0.00
i21,e05,c1,p18,l1,0.00
i21,e05,c1,p18,l3,0.00
i21,e05,c1,p19,l1,0.00
i21,e05,c1,p19,l3,0.00
i21,e05,c1,p20,l1,0.00
i21,e05,c1,p20,l3,0.00
i21,e05,c1,p21,l1,0.00
i21,e05,c1,p21,l3,0.00
i21,e05,c1,p22,l1,0.00
i21,e05,c1,p22,l3,0.00
i21,e05,c1,p23,l1,0.00
i21,e05,c1,p23,l3,0.00
i21,e05,c1,p24,l1,0.00
i21,e05,c1,p24,l3,0.00
i21,e05,c1,p25,l1,0.00
i21,e05,c1,p25,l3,0.00
i21,e05,c1,p26,l1,0.00
i21,e05,c1,p26,l3,0.00
i21,e05,c1,p28,l1,0.00
i21,e05,c1,p28,l3,0.00
i21,e05,c1,p29,l1,0.00
i21,e05,c1,p29,l3,0.00
i21,e05,c1,p30,l3,0.00
i21,e05,c1,p31,l1,0.00
i21,e05,c1,p31,l3,0.00
i21,e05,c1,p32,l1,0.00
i21,e05,c1,p32,l3,0.00
i21,e05,c1,p35,l1,0.00
i21,e05,c1,p35,l3,0.00
i21,e05,c4,p01,l3,0.00
i21,e05,c4,p02,l3,0.00
i21,e05,c4,p04,l3,0.00
i21,e05,c4,p05,l3,0.00
i21,e05,c4,p10,l3,0.00
i21,e05,c4,p11,l3,0.00
i21,e05,c4,p13,l3,0.00
i21,e05,c4,p14,l3,0.00
i21,e05,c4,p15,l3,0.00
i21,e05,c4,p17,l3,0.00
i21,e05,c4,p18,l3,0.00
i21,e05,c4,p21,l3,0.00
i21,e05,c4,p29,l3,0.00
i21,e07,c1,p05,l2,0.00
i21,e07,c1,p05,l3,0.00
i21,e07,c1,p07,l2,0.00
i21,e07,c1,p07,l3,0.00
i21,e07,c1,p10,l2,0.00
i21,e07,c1,p10,l3,0.00
i21,e07,c1,p15,l2,0.00
i21,e07,c1,p19,l2,0.00
i21,e07,c1,p19,l3,0.00
i21,e08,c1,p05,l2,0.00
i21,e08,c1,p05,l3,0.00
i21,e08,c1,p07,l2,0.00
i21,e08,c1,p07,l3,0.00
i21,e08,c1,p10,l2,0.00
i21,e08,c1,p10,l3,0.00
i21,e08,c1,p15,l2,0.00
i21,e08,c1,p19,l2,0.00
i21,e08,c1,p19,l3,0.00
i21,e09,c1,p01,l2,0.00
i21,e09,c1,p01,l3,0.00
i21,e09,c1,p02,l2,0.00
i21,e09,c1,p02,l3,0.00
i21,e09,c1,p03,l2,0.00
i21,e09,c1,p03,l3,0.00
i21,e09,c1,p04,l2,0.00
i21,e09,c1,p04,l3,0.00
i21,e09,c1,p05,l2,0.00
i21,e09,c1,p05,l3,0.00
i21,e09,c1,p06,l2,0.00
i21,e09,c1,p06,l3,0.00
i21,e09,c1,p07,l2,0.00
i21,e09,c1,p07,l3,0.00
i21,e09,c1,p08,l2,0.00
i21,e09,c1,p08,l3,0.00
i21,e09,c1,p09,l2,0.00
i21,e09,c1,p09,l3,0.00
i21,e09,c1,p10,l2,0.00
i21,e09,c1,p10,l3,0.00
i21,e09,c1,p11,l2,0.00
i21,e09,c1,p11,l3,0.00
i21,e09,c1,p12,l2,0.00
i21,e09,c1,p12,l3,0.00
i21,e09,c1,p13,l2,0.00
i21,e09,c1,p13,l3,0.00
i21,e09,c1,p14,l2,0.00
i21,e09,c1,p14,l3,0.00
i21,e09,c1,p15,l2,0.00
i21,e09,c1,p15,l3,0.00
i21,e09,c1,p16,l2,0.00
i21,e09,c1,p16,l3,0.00
i21,e09,c1,p17,l2,0.00
i21,e09,c1,p17,l3,0.00
i21,e09,c1,p18,l2,0.00
i21,e09,c1,p18,l3,0.00
i21,e09,c1,p19,l2,0.00
i21,e09,c1,p19,l3,0.00
i21,e09,c1,p20,l2,0.00
i21,e09,c1,p20,l3,0.00
i21,e09,c1,p21,l2,0.00
i21,e09,c1,p21,l3,0.00
i21,e09,c1,p22,l2,0.00
i21,e09,c1,p22,l3,0.00
i21,e09,c1,p23,l2,0.00
i21,e09,c1,p23,l3,0.00
i21,e09,c1,p24,l2,0.00
i21,e09,c1,p24,l3,0.00
i21,e09,c1,p25,l2,0.00
i21,e09,c1,p25,l3,0.00
i21,e09,c1,p26,l2,0.00
i21,e09,c1,p26,l3,0.00
i21,e09,c1,p27,l3,0.00
i21,e09,c1,p28,l2,0.00
i21,e09,c1,p28,l3,0.00
i21,e09,c1,p29,l2,0.00
i21,e09,c1,p29,l3,0.00
i21,e09,c1,p30,l2,0.00
i21,e09,c1,p30,l3,0.00
i21,e09,c1,p31,l2,0.00
i21,e09,c1,p31,l3,0.00
i21,e09,c1,p32,l2,0.00
i21,e09,c1,p32,l3,0.00
i21,e09,c1,p33,l3,0.00
i21,e09,c1,p34,l3,0.00
i21,e09,c1,p35,l2,0.00
i21,e09,c1,p35,l3,0.00
i21,e09,c4,p01,l3,0.00
i21,e09,c4,p02,l3,0.00
i21,e09,c4,p03,l3,0.00
i21,e09,c4,p04,l2,0.00
i21,e09,c4,p04,l3,0.00
i21,e09,c4,p05,l3,0.00
i21,e09,c4,p06,l3,0.00
i21,e09,c4,p07,l3,0.00
i21,e09,c4,p08,l3,0.00
i21,e09,c4,p09,l3,0.00
i21,e09,c4,p10,l2,0.00
i21,e09,c4,p10,l3,0.00
i21,e09,c4,p11,l3,0.00
i21,e09,c4,p12,l3,0.00
i21,e09,c4,p13,l3,0.00
i21,e09,c4,p14,l3,0.00
i21,e09,c4,p15,l3,0.00
i21,e09,c4,p16,l3,0.00
i21,e09,c4,p17,l3,0.00
i21,e09,c4,p18,l2,0.00
i21,e09,c4,p18,l3,0.00
i21,e09,c4,p19,l3,0.00
i21,e09,c4,p20,l3,0.00
i21,e09,c4,p21,l2,0.00
i21,e09,c4,p21,l3,0.00
i21,e09,c4,p23,l3,0.00
i21,e09,c4,p24,l3,0.00
i21,e09,c4,p25,l3,0.00
i21,e09,c4,p29,l3,0.00
i21,e09,c4,p32,l3,0.00
i21,e10,c1,p07,l3,0.00
i21,e10,c1,p08,l3,0.00
i21,e10,c1,p10,l3,0.00
i21,e10,c1,p15,l3,0.00
i21,e10,c4,p10,l3,0.00
i21,e11,c1,p07,l2,0.00
i21,e11,c1,p10,l3,0.00
i21,e11,c1,p19,l2,0.00
i21,e11,c1,p19,l3,0.00
i21,e11,c4,p10,l2,0.00
i21,e12,c1,p01,l3,0.00
i21,e12,c1,p02,l3,0.00
i21,e12,c1,p03,l3,0.00
i21,e12,c1,p04,l3,0.00
i21,e12,c1,p05,l3,0.00
i21,e12,c1,p06,l3,0.00
i21,e12,c1,p07,l3,0.00
i21,e12,c1,p08,l3,0.00
i21,e12,c1,p09,l3,0.00
i21,e12,c1,p10,l3,12.26
i21,e12,c1,p11,l3,0.00
i21,e12,c1,p12,l3,0.00
i21,e12,c1,p13,l3,4.62
i21,e12,c1,p14,l3,0.00
i21,e12,c1,p15,l3,0.00
i21,e12,c1,p16,l3,0.00
i21,e12,c1,p17,l3,0.00
i21,e12,c1,p18,l3,0.00
i21,e12,c1,p19,l3,0.00
i21,e12,c1,p20,l3,0.00
i21,e12,c1,p21,l3,0.00
i21,e12,c1,p22,l3,0.00
i21,e12,c1,p23,l3,0.00
i21,e12,c1,p24,l3,0.00
i21,e12,c1,p25,l3,0.00
i21,e12,c1,p26,l3,0.00
i21,e12,c1,p28,l3,0.00
i21,e12,c1,p29,l3,0.00
i21,e12,c1,p30,l3,0.00
i21,e12,c1,p31,l3,0.00
i21,e12,c1,p32,l3,0.00
i21,e12,c1,p33,l3,0.00
i21,e12,c1,p35,l3,0.00
i21,e12,c4,p01,l3,0.00
i21,e12,c4,p02,l3,0.00
i21,e12,c4,p03,l3,0.00
i21,e12,c4,p04,l3,0.00
i21,e12,c4,p05,l3,0.00
i21,e12,c4,p07,l3,0.00
i21,e12,c4,p08,l3,0.00
i21,e12,c4,p09,l3,0.00
i21,e12,c4,p10,l3,0.00
i21,e12,c4,p11,l3,0.00
i21,e12,c4,p12,l3,0.00
i21,e12,c4,p13,l3,0.00
i21,e12,c4,p14,l3,0.00
i21,e12,c4,p15,l3,0.00
i21,e12,c4,p16,l3,0.00
i21,e12,c4,p17,l3,0.00
i21,e12,c4,p18,l3,0.00
i21,e12,c4,p19,l3,0.00
i21,e12,c4,p21,l3,0.00
i21,e12,c4,p22,l3,0.00
i21,e12,c4,p23,l3,0.00
i21,e12,c4,p24,l3,0.00
i21,e12,c4,p29,l3,0.00
i21,e12,c7,p01,l3,0.00
i21,e12,c7,p03,l3,0.00
i21,e12,c7,p10,l3,0.00
i22,e01,c3,p01,l3,0.00
i22,e01,c3,p02,l3,0.00
i22,e01,c3,p04,l3,0.00
i22,e01,c3,p05,l3,0.00
i22,e01,c3,p06,l3,0.00
i22,e01,c3,p07,l3,0.00
i22,e01,c3,p08,l3,0.00
i22,e01,c3,p09,l3,0.00
i22,e01,c3,p10,l3,0.00
i22,e01,c3,p11,l3,0.00
i22,e01,c3,p12,l3,0.00
i22,e01,c3,p13,l3,0.00
i22,e01,c3,p15,l3,0.00
i22,e01,c3,p16,l3,0.00
i22,e01,c3,p17,l3,0.00
i22,e01,c3,p18,l3,0.00
i22,e01,c3,p19,l3,0.00
i22,e01,c3,p20,l3,0.00
i22,e01,c3,p21,l3,0.00
i22,e01,c3,p22,l3,0.00
i22,e01,c3,p23,l3,0.00
i22,e01,c3,p25,l3,0.00
i22,e01,c3,p29,l3,0.00
i22,e01,c3,p35,l3,0.00
i22,e01,c5,p01,l3,0.00
i22,e01,c5,p02,l3,0.00
i22,e01,c5,p03,l3,0.00
i22,e01,c5,p04,l3,0.00
i22,e01,c5,p05,l3,0.00
i22,e01,c5,p06,l3,0.00
i22,e01,c5,p07,l3,0.00
i22,e01,c5,p08,l3,0.00
i22,e01,c5,p09,l3,0.00
i22,e01,c5,p10,l3,0.00
i22,e01,c5,p11,l3,0.00
i22,e01,c5,p12,l3,0.00
i22,e01,c5,p13,l3,0.00
i22,e01,c5,p14,l3,0.00
i22,e01,c5,p15,l3,0.00
i22,e01,c5,p16,l3,0.00
i22,e01,c5,p17,l3,0.00
i22,e01,c5,p18,l3,0.00
i22,e01,c5,p19,l3,0.00
i22,e01,c5,p20,l3,0.00
i22,e01,c5,p21,l3,0.00
i22,e01,c5,p22,l3,0.00
i22,e01,c5,p23,l3,0.00
i22,e01,c5,p24,l3,0.00
i22,e01,c5,p25,l3,0.00
i22,e01,c5,p26,l3,0.00
i22,e01,c5,p28,l3,0.00
i22,e01,c5,p29,l3,0.00
i22,e01,c5,p30,l3,0.00
i22,e01,c5,p31,l3,0.00
i22,e01,c5,p32,l3,0.00
i22,e01,c5,p33,l3,0.00
i22,e01,c5,p35,l3,0.00
i22,e02,c3,p02,l3,0.00
i22,e02,c3,p03,l3,0.00
i22,e02,c3,p05,l3,0.00
i22,e02,c3,p07,l3,0.00
i22,e02,c3,p08,l1,0.00
i22,e02,c3,p08,l3,0.00
i22,e02,c3,p09,l1,0.00
i22,e02,c3,p09,l3,0.00
i22,e02,c3,p10,l1,0.00
i22,e02,c3,p10,l3,0.00
i22,e02,c3,p11,l3,0.00
i22,e02,c3,p12,l1,0.00
i22,e02,c3,p12,l3,0.00
i22,e02,c3,p13,l1,0.00
i22,e02,c3,p13,l3,0.00
i22,e02,c3,p15,l1,0.00
i22,e02,c3,p15,l3,0.00
i22,e02,c3,p16,l1,0.00
i22,e02,c3,p16,l3,0.00
i22,e02,c3,p18,l1,0.00
i22,e02,c3,p19,l1,0.00
i22,e02,c3,p22,l1,0.00
i22,e02,c3,p22,l3,0.00
i22,e02,c3,p23,l3,0.00
i22,e02,c3,p25,l3,0.00
i22,e02,c3,p28,l1,0.00
i22,e02,c3,p28,l3,0.00
i22,e02,c3,p35,l1,0.00
i22,e02,c3,p35,l3,0.00
i22,e02,c5,p01,l1,0.00
i22,e02,c5,p01,l3,0.00
i22,e02,c5,p02,l1,0.00
i22,e02,c5,p02,l3,0.00
i22,e02,c5,p03,l1,0.00
i22,e02,c5,p03,l3,0.00
i22,e02,c5,p04,l1,0.00
i22,e02,c5,p04,l3,0.00
i22,e02,c5,p05,l1,0.00
i22,e02,c5,p05,l3,0.00
i22,e02,c5,p06,l1,0.00
i22,e02,c5,p06,l3,0.00
i22,e02,c5,p07,l1,0.00
i22,e02,c5,p07,l3,0.00
i22,e02,c5,p08,l1,0.00
i22,e02,c5,p08,l3,0.00
i22,e02,c5,p09,l1,0.00
i22,e02,c5,p09,l3,0.00
i22,e02,c5,p10,l1,0.00
i22,e02,c5,p10,l3,0.00
i22,e02,c5,p11,l1,0.00
i22,e02,c5,p11,l3,0.00
i22,e02,c5,p12,l1,0.00
i22,e02,c5,p12,l3,0.00
i22,e02,c5,p13,l1,0.00
i22,e02,c5,p13,l3,0.00
i22,e02,c5,p14,l1,0.00
i22,e02,c5,p14,l3,0.00
i22,e02,c5,p15,l1,0.00
i22,e02,c5,p15,l3,0.00
i22,e02,c5,p16,l1,0.00
i22,e02,c5,p16,l3,0.00
i22,e02,c5,p17,l1,0.00
i22,e02,c5,p17,l3,0.00
i22,e02,c5,p18,l1,0.00
i22,e02,c5,p18,l3,0.00
i22,e02,c5,p19,l1,0.00
i22,e02,c5,p19,l3,0.00
i22,e02,c5,p20,l1,0.00
i22,e02,c5,p20,l3,0.00
i22,e02,c5,p21,l1,0.00
i22,e02,c5,p21,l3,0.00
i22,e02,c5,p22,l1,0.00
i22,e02,c5,p22,l3,0.00
i22,e02,c5,p23,l1,0.00
i22,e02,c5,p23,l3,0.00
i22,e02,c5,p24,l1,0.00
i22,e02,c5,p24,l3,0.00
i22,e02,c5,p25,l1,0.00
i22,e02,c5,p25,l3,0.00
i22,e02,c5,p26,l1,0.00
i22,e02,c5,p26,l3,0.00
i22,e02,c5,p28,l1,0.00
i22,e02,c5,p28,l3,0.00
i22,e02,c5,p29,l1,0.00
i22,e02,c5,p29,l3,0.00
i22,e02,c5,p31,l1,0.00
i22,e02,c5,p31,l3,0.00
i22,e02,c5,p32,l1,0.00
i22,e02,c5,p32,l3,0.00
i22,e02,c5,p35,l1,0.00
i22,e02,c5,p35,l3,0.00
i22,e04,c3,p01,l1,0.00
i22,e04,c3,p01,l3,0.00
i22,e04,c3,p02,l1,0.00
i22,e04,c3,p02,l3,0.00
i22,e04,c3,p04,l1,0.00
i22,e04,c3,p04,l3,0.00
i22,e04,c3,p05,l1,0.00
i22,e04,c3,p05,l3,0.00
i22,e04,c3,p06,l1,0.00
i22,e04,c3,p06,l3,0.00
i22,e04,c3,p07,l1,0.00
i22,e04,c3,p07,l3,0.00
i22,e04,c3,p08,l1,0.00
i22,e04,c3,p08,l3,0.00
i22,e04,c3,p09,l1,0.00
i22,e04,c3,p09,l3,0.00
i22,e04,c3,p10,l1,0.00
i22,e04,c3,p10,l3,0.00
i22,e04,c3,p11,l1,0.00
i22,e04,c3,p11,l3,0.00
i22,e04,c3,p12,l1,0.00
i22,e04,c3,p12,l3,0.00
i22,e04,c3,p13,l1,0.00
i22,e04,c3,p13,l3,0.00
i22,e04,c3,p15,l1,0.00
i22,e04,c3,p15,l3,0.00
i22,e04,c3,p16,l1,0.00
i22,e04,c3,p16,l3,0.00
i22,e04,c3,p17,l1,0.00
i22,e04,c3,p17,l3,0.00
i22,e04,c3,p18,l1,0.00
i22,e04,c3,p18,l3,0.00
i22,e04,c3,p19,l1,0.00
i22,e04,c3,p19,l3,0.00
i22,e04,c3,p20,l1,0.00
i22,e04,c3,p20,l3,0.00
i22,e04,c3,p21,l1,0.00
i22,e04,c3,p21,l3,0.00
i22,e04,c3,p22,l1,0.00
i22,e04,c3,p22,l3,0.00
i22,e04,c3,p23,l1,0.00
i22,e04,c3,p23,l3,0.00
i22,e04,c3,p25,l1,0.00
i22,e04,c3,p25,l3,0.00
i22,e04,c3,p26,l3,0.00
i22,e04,c3,p28,l1,0.00
i22,e04,c3,p28,l3,0.00
i22,e04,c3,p29,l1,0.00
i22,e04,c3,p29,l3,0.00
i22,e04,c3,p35,l1,0.00
i22,e04,c3,p35,l3,0.00
i22,e04,c5,p01,l1,0.00
i22,e04,c5,p01,l3,0.00
i22,e04,c5,p02,l1,0.00
i22,e04,c5,p02,l3,0.00
i22,e04,c5,p03,l1,0.00
i22,e04,c5,p03,l3,0.00
i22,e04,c5,p04,l1,0.00
i22,e04,c5,p04,l3,0.00
i22,e04,c5,p05,l1,0.00
i22,e04,c5,p05,l3,0.00
i22,e04,c5,p06,l1,0.00
i22,e04,c5,p06,l3,0.00
i22,e04,c5,p07,l1,0.00
i22,e04,c5,p07,l3,0.00
i22,e04,c5,p08,l1,0.00
i22,e04,c5,p08,l3,0.00
i22,e04,c5,p09,l1,0.00
i22,e04,c5,p09,l3,0.00
i22,e04,c5,p10,l1,0.00
i22,e04,c5,p10,l3,0.00
i22,e04,c5,p11,l1,0.00
i22,e04,c5,p11,l3,0.00
i22,e04,c5,p12,l1,0.00
i22,e04,c5,p12,l3,0.00
i22,e04,c5,p13,l1,0.00
i22,e04,c5,p13,l3,0.00
i22,e04,c5,p14,l1,0.00
i22,e04,c5,p14,l3,0.00
i22,e04,c5,p15,l1,0.00
i22,e04,c5,p15,l3,0.00
i22,e04,c5,p16,l1,0.00
i22,e04,c5,p16,l3,0.00
i22,e04,c5,p17,l1,0.00
i22,e04,c5,p17,l3,0.00
i22,e04,c5,p18,l1,0.00
i22,e04,c5,p18,l3,0.00
i22,e04,c5,p19,l1,0.00
i22,e04,c5,p19,l3,0.00
i22,e04,c5,p20,l1,0.00
i22,e04,c5,p20,l3,0.00
i22,e04,c5,p21,l1,0.00
i22,e04,c5,p21,l3,0.00
i22,e04,c5,p22,l1,0.00
i22,e04,c5,p22,l3,0.00
i22,e04,c5,p23,l1,0.00
i22,e04,c5,p23,l3,0.00
i22,e04,c5,p24,l1,0.00
i22,e04,c5,p24,l3,0.00
i22,e04,c5,p25,l1,0.00
i22,e04,c5,p25,l3,0.00
i22,e04,c5,p26,l1,0.00
i22,e04,c5,p26,l3,0.00
i22,e04,c5,p28,l1,0.00
i22,e04,c5,p28,l3,0.00
i22,e04,c5,p29,l1,0.00
i22,e04,c5,p29,l3,0.00
i22,e04,c5,p30,l1,0.00
i22,e04,c5,p30,l3,0.00
i22,e04,c5,p31,l1,0.00
i22,e04,c5,p31,l3,0.00
i22,e04,c5,p32,l1,0.00
i22,e04,c5,p32,l3,0.00
i22,e04,c5,p33,l1,0.00
i22,e04,c5,p33,l3,0.00
i22,e04,c5,p35,l1,0.00
i22,e04,c5,p35,l3,0.00
i22,e04,c8,p18,l3,0.00
i22,e05,c3,p01,l3,0.00
i22,e05,c3,p04,l1,0.00
i22,e05,c3,p05,l1,0.00
i22,e05,c3,p05,l3,0.00
i22,e05,c3,p06,l3,0.00
i22,e05,c3,p07,l1,0.00
i22,e05,c3,p08,l3,0.00
i22,e05,c3,p09,l1,0.00
i22,e05,c3,p09,l3,0.00
i22,e05,c3,p10,l1,0.00
i22,e05,c3,p10,l3,0.00
i22,e05,c3,p12,l3,0.00
i22,e05,c3,p15,l1,0.00
i22,e05,c3,p16,l3,0.00
i22,e05,c3,p18,l1,0.00
i22,e05,c3,p18,l3,0.00
i22,e05,c3,p19,l3,0.00
i22,e05,c3,p25,l1,0.00
i22,e05,c3,p25,l3,0.00
i22,e05,c3,p28,l1,0.00
i22,e05,c3,p28,l3,0.00
i22,e05,c3,p29,l3,0.00
i22,e05,c3,p35,l1,0.00
i22,e05,c3,p35,l3,0.00
i22,e05,c5,p01,l1,0.00
i22,e05,c5,p01,l3,0.00
i22,e05,c5,p02,l1,0.00
i22,e05,c5,p02,l3,0.00
i22,e05,c5,p03,l1,0.00
i22,e05,c5,p03,l3,0.00
i22,e05,c5,p04,l1,0.00
i22,e05,c5,p04,l3,0.00
i22,e05,c5,p05,l1,0.00
i22,e05,c5,p05,l3,0.00
i22,e05,c5,p06,l1,0.00
i22,e05,c5,p06,l3,0.00
i22,e05,c5,p07,l1,0.00
i22,e05,c5,p07,l3,0.00
i22,e05,c5,p08,l1,0.00
i22,e05,c5,p08,l3,0.00
i22,e05,c5,p09,l1,0.00
i22,e05,c5,p09,l3,0.00
i22,e05,c5,p10,l1,0.00
i22,e05,c5,p10,l3,0.00
i22,e05,c5,p11,l1,0.00
i22,e05,c5,p11,l3,0.00
i22,e05,c5,p12,l1,0.00
i22,e05,c5,p12,l3,0.00
i22,e05,c5,p13,l1,0.00
i22,e05,c5,p13,l3,0.00
i22,e05,c5,p14,l1,0.00
i22,e05,c5,p14,l3,0.00
i22,e05,c5,p15,l1,0.00
i22,e05,c5,p15,l3,0.00
i22,e05,c5,p16,l1,0.00
i22,e05,c5,p16,l3,0.00
i22,e05,c5,p17,l1,0.00
i22,e05,c5,p17,l3,0.00
i22,e05,c5,p18,l1,0.00
i22,e05,c5,p18,l3,0.00
i22,e05,c5,p19,l1,0.00
i22,e05,c5,p19,l3,0.00
i22,e05,c5,p20,l1,0.00
i22,e05,c5,p20,l3,0.00
i22,e05,c5,p21,l1,0.00
i22,e05,c5,p21,l3,0.00
i22,e05,c5,p22,l1,0.00
i22,e05,c5,p22,l3,0.00
i22,e05,c5,p23,l1,0.00
i22,e05,c5,p23,l3,0.00
i22,e05,c5,p24,l1,0.00
i22,e05,c5,p24,l3,0.00
i22,e05,c5,p25,l1,0.00
i22,e05,c5,p25,l3,0.00
i22,e05,c5,p26,l1,0.00
i22,e05,c5,p26,l3,0.00
i22,e05,c5,p28,l1,0.00
i22,e05,c5,p28,l3,0.00
i22,e05,c5,p29,l1,0.00
i22,e05,c5,p29,l3,0.00
i22,e05,c5,p30,l1,0.00
i22,e05,c5,p30,l3,0.00
i22,e05,c5,p31,l1,0.00
i22,e05,c5,p31,l3,0.00
i22,e05,c5,p32,l1,0.00
i22,e05,c5,p32,l3,0.00
i22,e05,c5,p35,l1,0.00
i22,e05,c5,p35,l3,1.22
i22,e08,c3,p01,l2,0.00
i22,e08,c3,p01,l3,0.00
i22,e08,c3,p02,l2,0.00
i22,e08,c3,p04,l3,0.00
i22,e08,c3,p05,l2,0.00
i22,e08,c3,p05,l3,0.00
i22,e08,c3,p06,l2,0.00
i22,e08,c3,p06,l3,0.00
i22,e08,c3,p07,l2,0.00
i22,e08,c3,p07,l3,0.00
i22,e08,c3,p08,l2,0.00
i22,e08,c3,p08,l3,0.00
i22,e08,c3,p09,l2,0.00
i22,e08,c3,p09,l3,0.00
i22,e08,c3,p10,l2,0.00
i22,e08,c3,p10,l3,0.00
i22,e08,c3,p11,l2,0.00
i22,e08,c3,p11,l3,0.00
i22,e08,c3,p12,l2,0.00
i22,e08,c3,p12,l3,0.00
i22,e08,c3,p13,l2,0.00
i22,e08,c3,p13,l3,0.00
i22,e08,c3,p15,l2,0.00
i22,e08,c3,p15,l3,0.00
i22,e08,c3,p16,l2,0.00
i22,e08,c3,p16,l3,0.00
i22,e08,c3,p17,l3,0.00
i22,e08,c3,p18,l2,0.00
i22,e08,c3,p18,l3,0.00
i22,e08,c3,p19,l2,0.00
i22,e08,c3,p19,l3,0.00
i22,e08,c3,p20,l2,0.00
i22,e08,c3,p21,l2,0.00
i22,e08,c3,p21,l3,0.00
i22,e08,c3,p22,l2,0.00
i22,e08,c3,p22,l3,0.00
i22,e08,c3,p23,l2,0.00
i22,e08,c3,p23,l3,0.00
i22,e08,c3,p25,l2,0.00
i22,e08,c3,p25,l3,0.00
i22,e08,c3,p26,l3,0.00
i22,e08,c3,p29,l2,0.00
i22,e08,c3,p29,l3,0.00
i22,e08,c3,p35,l2,0.00
i22,e08,c3,p35,l3,0.00
i22,e08,c5,p01,l2,0.00
i22,e08,c5,p01,l3,0.00
i22,e08,c5,p02,l2,0.00
i22,e08,c5,p02,l3,0.00
i22,e08,c5,p03,l2,0.00
i22,e08,c5,p03,l3,0.00
i22,e08,c5,p04,l2,0.00
i22,e08,c5,p04,l3,0.00
i22,e08,c5,p05,l2,0.00
i22,e08,c5,p05,l3,0.00
i22,e08,c5,p06,l2,0.00
i22,e08,c5,p06,l3,0.00
i22,e08,c5,p07,l2,0.00
i22,e08,c5,p07,l3,0.00
i22,e08,c5,p08,l2,0.00
i22,e08,c5,p08,l3,0.00
i22,e08,c5,p09,l2,0.00
i22,e08,c5,p09,l3,0.00
i22,e08,c5,p10,l2,0.00
i22,e08,c5,p10,l3,0.00
i22,e08,c5,p11,l2,0.00
i22,e08,c5,p11,l3,0.00
i22,e08,c5,p12,l2,0.00
i22,e08,c5,p12,l3,0.00
i22,e08,c5,p13,l2,0.00
i22,e08,c5,p13,l3,0.00
i22,e08,c5,p14,l2,0.00
i22,e08,c5,p14,l3,0.00
i22,e08,c5,p15,l2,0.00
i22,e08,c5,p15,l3,0.00
i22,e08,c5,p16,l2,0.00
i22,e08,c5,p16,l3,0.00
i22,e08,c5,p17,l2,0.00
i22,e08,c5,p17,l3,0.00
i22,e08,c5,p18,l2,0.00
i22,e08,c5,p18,l3,0.00
i22,e08,c5,p19,l2,0.00
i22,e08,c5,p19,l3,0.00
i22,e08,c5,p20,l2,0.00
i22,e08,c5,p20,l3,0.00
i22,e08,c5,p21,l2,0.00
i22,e08,c5,p21,l3,0.00
i22,e08,c5,p22,l2,0.00
i22,e08,c5,p22,l3,0.00
i22,e08,c5,p23,l2,0.00
i22,e08,c5,p23,l3,0.00
i22,e08,c5,p24,l2,0.00
i22,e08,c5,p24,l3,0.00
i22,e08,c5,p25,l2,0.00
i22,e08,c5,p25,l3,0.00
i22,e08,c5,p26,l2,0.00
i22,e08,c5,p26,l3,0.00
i22,e08,c5,p28,l2,0.00
i22,e08,c5,p28,l3,0.00
i22,e08,c5,p29,l2,0.00
i22,e08,c5,p29,l3,0.00
i22,e08,c5,p30,l2,0.00
i22,e08,c5,p30,l3,0.00
i22,e08,c5,p31,l2,0.00
i22,e08,c5,p31,l3,0.00
i22,e08,c5,p32,l2,0.00
i22,e08,c5,p32,l3,0.00
i22,e08,c5,p33,l2,0.00
i22,e08,c5,p33,l3,0.00
i22,e08,c5,p35,l2,0.00
i22,e08,c5,p35,l3,0.00
i22,e09,c3,p01,l2,0.00
i22,e09,c3,p01,l3,0.00
i22,e09,c3,p02,l2,0.00
i22,e09,c3,p02,l3,0.00
i22,e09,c3,p04,l2,0.00
i22,e09,c3,p04,l3,0.00
i22,e09,c3,p05,l2,0.00
i22,e09,c3,p05,l3,0.00
i22,e09,c3,p06,l2,0.00
i22,e09,c3,p06,l3,0.00
i22,e09,c3,p07,l2,0.00
i22,e09,c3,p07,l3,0.00
i22,e09,c3,p08,l2,0.00
i22,e09,c3,p08,l3,0.00
i22,e09,c3,p09,l2,0.00
i22,e09,c3,p09,l3,0.00
i22,e09,c3,p10,l2,0.00
i22,e09,c3,p10,l3,0.00
i22,e09,c3,p11,l2,0.00
i22,e09,c3,p11,l3,0.00
i22,e09,c3,p12,l2,0.00
i22,e09,c3,p12,l3,0.00
i22,e09,c3,p13,l2,0.00
i22,e09,c3,p13,l3,0.00
i22,e09,c3,p15,l2,0.00
i22,e09,c3,p15,l3,0.00
i22,e09,c3,p16,l2,0.00
i22,e09,c3,p16,l3,0.00
i22,e09,c3,p17,l2,0.00
i22,e09,c3,p17,l3,0.00
i22,e09,c3,p18,l2,0.00
i22,e09,c3,p18,l3,0.00
i22,e09,c3,p19,l2,0.00
i22,e09,c3,p19,l3,0.00
i22,e09,c3,p20,l3,0.00
i22,e09,c3,p21,l2,0.00
i22,e09,c3,p21,l3,0.00
i22,e09,c3,p22,l2,0.00
i22,e09,c3,p22,l3,0.00
i22,e09,c3,p23,l2,0.00
i22,e09,c3,p23,l3,0.00
i22,e09,c3,p25,l2,0.00
i22,e09,c3,p28,l2,0.00
i22,e09,c3,p28,l3,0.00
i22,e09,c3,p29,l2,0.00
i22,e09,c3,p29,l3,0.00
i22,e09,c3,p35,l2,0.00
i22,e09,c3,p35,l3,0.00
i22,e09,c5,p01,l2,0.00
i22,e09,c5,p01,l3,0.00
i22,e09,c5,p02,l2,0.00
i22,e09,c5,p02,l3,0.00
i22,e09,c5,p03,l2,0.00
i22,e09,c5,p03,l3,0.00
i22,e09,c5,p04,l2,0.00
i22,e09,c5,p04,l3,0.00
i22,e09,c5,p05,l2,0.00
i22,e09,c5,p05,l3,0.00
i22,e09,c5,p06,l2,0.00
i22,e09,c5,p06,l3,0.00
i22,e09,c5,p07,l2,0.00
i22,e09,c5,p07,l3,0.00
i22,e09,c5,p08,l2,0.00
i22,e09,c5,p08,l3,0.00
i22,e09,c5,p09,l2,0.00
i22,e09,c5,p09,l3,0.00
i22,e09,c5,p10,l2,0.00
i22,e09,c5,p10,l3,0.00
i22,e09,c5,p11,l2,0.00
i22,e09,c5,p11,l3,0.00
i22,e09,c5,p12,l2,0.00
i22,e09,c5,p12,l3,0.00
i22,e09,c5,p13,l2,0.00
i22,e09,c5,p13,l3,0.00
i22,e09,c5,p14,l2,0.00
i22,e09,c5,p14,l3,0.00
i22,e09,c5,p15,l2,0.00
i22,e09,c5,p15,l3,0.00
i22,e09,c5,p16,l2,0.00
i22,e09,c5,p16,l3,0.00
i22,e09,c5,p17,l2,0.00
i22,e09,c5,p17,l3,0.00
i22,e09,c5,p18,l2,0.00
i22,e09,c5,p18,l3,0.00
i22,e09,c5,p19,l2,0.00
i22,e09,c5,p19,l3,0.00
i22,e09,c5,p20,l2,0.00
i22,e09,c5,p20,l3,0.00
i22,e09,c5,p21,l2,0.00
i22,e09,c5,p21,l3,0.00
i22,e09,c5,p22,l2,0.00
i22,e09,c5,p22,l3,0.00
i22,e09,c5,p23,l2,0.00
i22,e09,c5,p23,l3,0.00
i22,e09,c5,p24,l2,0.00
i22,e09,c5,p24,l3,0.00
i22,e09,c5,p25,l2,0.00
i22,e09,c5,p25,l3,0.00
i22,e09,c5,p26,l2,0.00
i22,e09,c5,p26,l3,0.00
i22,e09,c5,p28,l2,0.00
i22,e09,c5,p28,l3,0.00
i22,e09,c5,p29,l2,0.00
i22,e09,c5,p29,l3,0.00
i22,e09,c5,p30,l2,0.00
i22,e09,c5,p30,l3,0.00
i22,e09,c5,p31,l2,0.00
i22,e09,c5,p31,l3,0.00
i22,e09,c5,p32,l2,0.00
i22,e09,c5,p32,l3,0.00
i22,e09,c5,p33,l2,0.00
i22,e09,c5,p33,l3,0.00
i22,e09,c5,p35,l2,0.00
i22,e09,c5,p35,l3,0.00
i22,e11,c3,p02,l2,0.00
i22,e11,c3,p06,l2,0.00
i22,e11,c3,p06,l3,0.00
i22,e11,c3,p07,l2,0.00
i22,e11,c3,p07,l3,0.00
i22,e11,c3,p08,l2,0.00
i22,e11,c3,p08,l3,0.00
i22,e11,c3,p09,l2,0.00
i22,e11,c3,p09,l3,0.00
i22,e11,c3,p10,l2,0.00
i22,e11,c3,p10,l3,0.00
i22,e11,c3,p13,l2,0.00
i22,e11,c3,p13,l3,0.00
i22,e11,c3,p15,l3,0.00
i22,e11,c3,p16,l2,0.00
i22,e11,c3,p16,l3,0.00
i22,e11,c3,p18,l3,0.00
i22,e11,c3,p19,l2,0.00
i22,e11,c3,p19,l3,0.00
i22,e11,c3,p20,l2,0.00
i22,e11,c3,p21,l2,0.00
i22,e11,c3,p22,l2,0.00
i22,e11,c3,p22,l3,0.00
i22,e11,c3,p23,l2,0.00
i22,e11,c3,p23,l3,0.00
i22,e11,c3,p25,l2,0.00
i22,e11,c3,p25,l3,0.00
i22,e11,c3,p28,l2,0.00
i22,e11,c3,p28,l3,0.00
i22,e11,c3,p29,l2,0.00
i22,e11,c3,p29,l3,0.00
i22,e11,c3,p35,l2,0.00
i22,e11,c3,p35,l3,0.00
i22,e11,c5,p01,l2,0.00
i22,e11,c5,p01,l3,0.00
i22,e11,c5,p02,l2,0.00
i22,e11,c5,p02,l3,0.00
i22,e11,c5,p03,l2,0.00
i22,e11,c5,p03,l3,0.00
i22,e11,c5,p04,l2,0.00
i22,e11,c5,p04,l3,0.00
i22,e11,c5,p05,l2,0.00
i22,e11,c5,p05,l3,0.00
i22,e11,c5,p06,l2,0.00
i22,e11,c5,p06,l3,0.00
i22,e11,c5,p07,l2,0.00
i22,e11,c5,p07,l3,0.00
i22,e11,c5,p08,l2,0.00
i22,e11,c5,p08,l3,0.00
i22,e11,c5,p09,l2,0.00
i22,e11,c5,p09,l3,0.00
i22,e11,c5,p10,l2,0.00
i22,e11,c5,p10,l3,0.00
i22,e11,c5,p11,l2,0.00
i22,e11,c5,p11,l3,0.00
i22,e11,c5,p12,l2,0.00
i22,e11,c5,p12,l3,0.00
i22,e11,c5,p13,l2,0.00
i22,e11,c5,p13,l3,0.00
i22,e11,c5,p14,l2,0.00
i22,e11,c5,p14,l3,0.00
i22,e11,c5,p15,l2,0.00
i22,e11,c5,p15,l3,0.00
i22,e11,c5,p16,l2,0.00
i22,e11,c5,p16,l3,0.00
i22,e11,c5,p17,l2,0.00
i22,e11,c5,p17,l3,0.00
i22,e11,c5,p18,l2,0.00
i22,e11,c5,p18,l3,0.00
i22,e11,c5,p19,l2,0.00
i22,e11,c5,p19,l3,0.00
i22,e11,c5,p20,l2,0.00
i22,e11,c5,p20,l3,0.00
i22,e11,c5,p21,l2,0.00
i22,e11,c5,p21,l3,0.00
i22,e11,c5,p22,l2,0.00
i22,e11,c5,p22,l3,0.00
i22,e11,c5,p23,l2,0.00
i22,e11,c5,p23,l3,0.00
i22,e11,c5,p24,l2,0.00
i22,e11,c5,p24,l3,0.00
i22,e11,c5,p25,l2,0.00
i22,e11,c5,p25,l3,0.00
i22,e11,c5,p26,l2,0.00
i22,e11,c5,p26,l3,0.00
i22,e11,c5,p28,l2,0.00
i22,e11,c5,p28,l3,0.00
i22,e11,c5,p29,l2,0.00
i22,e11,c5,p29,l3,0.00
i22,e11,c5,p30,l2,0.00
i22,e11,c5,p30,l3,0.00
i22,e11,c5,p31,l2,0.00
i22,e11,c5,p31,l3,0.00
i22,e11,c5,p32,l2,0.00
i22,e11,c5,p32,l3,0.00
i22,e11,c5,p33,l2,0.00
i22,e11,c5,p33,l3,0.00
i22,e11,c5,p35,l2,0.00
i22,e11,c5,p35,l3,0.00
i23,e01,c3,p01,l3,0.00
i23,e01,c3,p02,l3,0.00
i23,e01,c3,p03,l3,0.00
i23,e01,c3,p04,l3,0.00
i23,e01,c3,p05,l3,0.00
i23,e01,c3,p06,l3,0.00
i23,e01,c3,p07,l3,0.00
i23,e01,c3,p08,l3,0.00
i23,e01,c3,p09,l3,0.00
i23,e01,c3,p10,l3,0.00
i23,e01,c3,p11,l3,0.00
i23,e01,c3,p12,l3,0.00
i23,e01,c3,p13,l3,0.00
i23,e01,c3,p14,l3,0.00
i23,e01,c3,p15,l3,0.00
i23,e01,c3,p16,l3,0.00
i23,e01,c3,p17,l3,0.00
i23,e01,c3,p18,l3,0.00
i23,e01,c3,p19,l3,0.00
i23,e01,c3,p20,l3,0.00
i23,e01,c3,p21,l3,0.00
i23,e01,c3,p22,l3,0.00
i23,e01,c3,p23,l3,0.00
i23,e01,c3,p24,l3,0.00
i23,e01,c3,p26,l3,0.00
i23,e01,c3,p28,l3,0.00
i23,e01,c3,p29,l3,0.00
i23,e01,c3,p31,l3,0.00
i23,e01,c3,p35,l3,0.00
i23,e01,c5,p01,l3,0.00
i23,e01,c5,p02,l3,0.00
i23,e01,c5,p03,l3,0.00
i23,e01,c5,p04,l3,0.00
i23,e01,c5,p05,l3,0.00
i23,e01,c5,p06,l3,0.00
i23,e01,c5,p07,l3,0.00
i23,e01,c5,p08,l3,0.00
i23,e01,c5,p09,l3,0.00
i23,e01,c5,p10,l3,0.00
i23,e01,c5,p11,l3,0.00
i23,e01,c5,p12,l3,5.74
i23,e01,c5,p13,l3,0.00
i23,e01,c5,p14,l3,0.00
i23,e01,c5,p15,l3,0.00
i23,e01,c5,p16,l3,0.00
i23,e01,c5,p17,l3,0.00
i23,e01,c5,p18,l3,0.00
i23,e01,c5,p19,l3,0.00
i23,e01,c5,p20,l3,0.00
i23,e01,c5,p21,l3,0.00
i23,e01,c5,p22,l3,0.00
i23,e01,c5,p23,l3,0.00
i23,e01,c5,p24,l3,0.00
i23,e01,c5,p25,l3,0.00
i23,e01,c5,p26,l3,0.00
i23,e01,c5,p28,l3,0.00
i23,e01,c5,p29,l3,0.00
i23,e01,c5,p30,l3,0.00
i23,e01,c5,p31,l3,0.00
i23,e01,c5,p32,l3,0.00
i23,e01,c5,p33,l3,0.00
i23,e01,c5,p35,l3,0.00
i23,e02,c3,p06,l1,0.00
i23,e02,c3,p07,l3,0.00
i23,e02,c3,p10,l3,0.00
i23,e02,c3,p12,l1,0.00
i23,e02,c3,p14,l3,0.00
i23,e02,c3,p15,l3,0.00
i23,e02,c3,p24,l1,0.00
i23,e02,c3,p29,l3,0.00
i23,e02,c3,p35,l1,0.00
i23,e02,c5,p01,l1,0.00
i23,e02,c5,p01,l3,0.00
i23,e02,c5,p02,l1,0.00
i23,e02,c5,p02,l3,0.00
i23,e02,c5,p03,l1,0.00
i23,e02,c5,p03,l3,0.00
i23,e02,c5,p04,l1,0.00
i23,e02,c5,p04,l3,0.00
i23,e02,c5,p05,l1,0.00
i23,e02,c5,p05,l3,0.00
i23,e02,c5,p06,l1,0.00
i23,e02,c5,p06,l3,0.00
i23,e02,c5,p07,l1,0.00
i23,e02,c5,p07,l3,0.00
i23,e02,c5,p08,l1,0.00
i23,e02,c5,p08,l3,0.00
i23,e02,c5,p09,l1,0.00
i23,e02,c5,p09,l3,0.00
i23,e02,c5,p10,l1,0.00
i23,e02,c5,p10,l3,0.00
i23,e02,c5,p11,l1,0.00
i23,e02,c5,p11,l3,0.00
i23,e02,c5,p12,l1,0.00
i23,e02,c5,p12,l3,0.00
i23,e02,c5,p13,l1,0.00
i23,e02,c5,p13,l3,0.00
i23,e02,c5,p14,l1,0.00
i23,e02,c5,p14,l3,0.00
i23,e02,c5,p15,l1,0.00
i23,e02,c5,p15,l3,0.00
i23,e02,c5,p16,l1,0.00
i23,e02,c5,p16,l3,0.00
i23,e02,c5,p17,l1,0.00
i23,e02,c5,p17,l3,0.00
i23,e02,c5,p18,l1,0.00
i23,e02,c5,p18,l3,0.00
i23,e02,c5,p19,l1,0.00
i23,e02,c5,p19,l3,0.00
i23,e02,c5,p20,l1,0.00
i23,e02,c5,p20,l3,0.00
i23,e02,c5,p21,l1,0.00
i23,e02,c5,p21,l3,0.00
i23,e02,c5,p22,l1,0.00
i23,e02,c5,p22,l3,0.00
i23,e02,c5,p23,l1,0.00
i23,e02,c5,p23,l3,0.00
i23,e02,c5,p24,l1,0.00
i23,e02,c5,p24,l3,0.00
i23,e02,c5,p25,l1,0.00
i23,e02,c5,p25,l3,0.00
i23,e02,c5,p26,l3,0.00
i23,e02,c5,p28,l1,0.00
i23,e02,c5,p28,l3,0.00
i23,e02,c5,p29,l1,0.00
i23,e02,c5,p29,l3,0.00
i23,e02,c5,p31,l3,0.00
i23,e02,c5,p32,l1,0.00
i23,e02,c5,p32,l3,0.00
i23,e02,c5,p35,l1,0.00
i23,e02,c5,p35,l3,0.00
i23,e03,c3,p01,l3,0.00
i23,e03,c3,p02,l3,0.00
i23,e03,c3,p03,l3,0.00
i23,e03,c3,p04,l3,0.00
i23,e03,c3,p05,l3,0.00
i23,e03,c3,p06,l3,0.00
i23,e03,c3,p07,l3,0.00
i23,e03,c3,p08,l3,0.00
i23,e03,c3,p09,l3,0.00
i23,e03,c3,p10,l3,0.00
i23,e03,c3,p11,l3,0.00
i23,e03,c3,p12,l3,0.00
i23,e03,c3,p13,l3,0.00
i23,e03,c3,p14,l3,0.00
i23,e03,c3,p15,l3,0.00
i23,e03,c3,p16,l3,0.00
i23,e03,c3,p17,l3,0.00
i23,e03,c3,p18,l3,0.00
i23,e03,c3,p19,l3,0.00
i23,e03,c3,p20,l3,0.00
i23,e03,c3,p21,l3,0.00
i23,e03,c3,p22,l3,0.00
i23,e03,c3,p23,l3,0.00
i23,e03,c3,p24,l3,0.00
i23,e03,c3,p26,l3,0.00
i23,e03,c3,p28,l3,0.00
i23,e03,c3,p29,l3,0.00
i23,e03,c3,p35,l3,0.00
i23,e03,c5,p01,l3,0.00
i23,e03,c5,p02,l3,0.00
i23,e03,c5,p03,l3,1.10
i23,e03,c5,p04,l3,0.00
i23,e03,c5,p05,l3,0.00
i23,e03,c5,p06,l3,0.00
i23,e03,c5,p07,l3,3.06
i23,e03,c5,p08,l3,0.00
i23,e03,c5,p09,l3,0.00
i23,e03,c5,p10,l3,0.00
i23,e03,c5,p11,l3,0.00
i23,e03,c5,p12,l3,4.88
i23,e03,c5,p13,l3,2.75
i23,e03,c5,p14,l3,0.00
i23,e03,c5,p15,l3,0.00
i23,e03,c5,p16,l3,0.00
i23,e03,c5,p17,l3,0.00
i23,e03,c5,p18,l3,0.00
i23,e03,c5,p19,l3,0.00
i23,e03,c5,p20,l3,0.00
i23,e03,c5,p21,l3,0.00
i23,e03,c5,p22,l3,0.00
i23,e03,c5,p23,l3,0.00
i23,e03,c5,p24,l3,0.00
i23,e03,c5,p25,l3,4.42
i23,e03,c5,p26,l3,0.00
i23,e03,c5,p28,l3,0.00
i23,e03,c5,p29,l3,0.00
i23,e03,c5,p30,l3,0.00
i23,e03,c5,p31,l3,0.00
i23,e03,c5,p32,l3,0.00
i23,e03,c5,p33,l3,0.00
i23,e03,c5,p35,l3,0.00
i23,e04,c3,p01,l1,0.00
i23,e04,c3,p01,l3,0.00
i23,e04,c3,p02,l1,0.00
i23,e04,c3,p02,l3,0.00
i23,e04,c3,p03,l1,0.00
i23,e04,c3,p03,l3,0.00
i23,e04,c3,p04,l1,0.00
i23,e04,c3,p04,l3,0.00
i23,e04,c3,p05,l1,0.00
i23,e04,c3,p05,l3,0.00
i23,e04,c3,p06,l1,0.00
i23,e04,c3,p06,l3,0.00
i23,e04,c3,p07,l1,0.00
i23,e04,c3,p07,l3,0.00
i23,e04,c3,p08,l3,0.00
i23,e04,c3,p09,l1,0.00
i23,e04,c3,p09,l3,0.00
i23,e04,c3,p10,l1,0.00
i23,e04,c3,p10,l3,0.00
i23,e04,c3,p11,l1,0.00
i23,e04,c3,p11,l3,0.00
i23,e04,c3,p12,l1,0.00
i23,e04,c3,p12,l3,0.00
i23,e04,c3,p13,l1,0.00
i23,e04,c3,p13,l3,0.00
i23,e04,c3,p14,l3,0.00
i23,e04,c3,p15,l1,0.00
i23,e04,c3,p15,l3,0.00
i23,e04,c3,p16,l3,0.00
i23,e04,c3,p17,l1,0.00
i23,e04,c3,p17,l3,0.00
i23,e04,c3,p18,l3,0.00
i23,e04,c3,p19,l1,0.00
i23,e04,c3,p19,l3,0.00
i23,e04,c3,p21,l1,0.00
i23,e04,c3,p21,l3,0.00
i23,e04,c3,p22,l3,0.00
i23,e04,c3,p23,l1,0.00
i23,e04,c3,p23,l3,0.00
i23,e04,c3,p24,l1,0.00
i23,e04,c3,p24,l3,0.00
i23,e04,c3,p26,l3,0.00
i23,e04,c3,p28,l3,0.00
i23,e04,c3,p29,l1,0.00
i23,e04,c3,p29,l3,0.00
i23,e04,c3,p31,l1,0.00
i23,e04,c3,p35,l1,0.00
i23,e04,c3,p35,l3,0.00
i23,e04,c5,p01,l1,0.00
i23,e04,c5,p01,l3,1.50
i23,e04,c5,p02,l1,0.00
i23,e04,c5,p02,l3,0.00
i23,e04,c5,p03,l1,0.00
i23,e04,c5,p03,l3,0.00
i23,e04,c5,p04,l1,0.00
i23,e04,c5,p04,l3,0.00
i23,e04,c5,p05,l1,0.00
i23,e04,c5,p05,l3,0.00
i23,e04,c5,p06,l1,0.00
i23,e04,c5,p06,l3,0.00
i23,e04,c5,p07,l1,0.00
i23,e04,c5,p07,l3,0.00
i23,e04,c5,p08,l1,0.00
i23,e04,c5,p08,l3,2.31
i23,e04,c5,p09,l1,0.00
i23,e04,c5,p09,l3,2.13
i23,e04,c5,p10,l1,0.00
i23,e04,c5,p10,l3,1.18
i23,e04,c5,p11,l1,0.00
i23,e04,c5,p11,l3,0.00
i23,e04,c5,p12,l1,0.00
i23,e04,c5,p12,l3,4.44
i23,e04,c5,p13,l1,0.00
i23,e04,c5,p13,l3,0.00
i23,e04,c5,p14,l1,0.00
i23,e04,c5,p14,l3,0.00
i23,e04,c5,p15,l1,0.00
i23,e04,c5,p15,l3,0.00
i23,e04,c5,p16,l1,0.00
i23,e04,c5,p16,l3,0.00
i23,e04,c5,p17,l1,0.00
i23,e04,c5,p17,l3,0.00
i23,e04,c5,p18,l1,0.00
i23,e04,c5,p18,l3,0.00
i23,e04,c5,p19,l1,0.00
i23,e04,c5,p19,l3,0.00
i23,e04,c5,p20,l1,0.00
i23,e04,c5,p20,l3,0.00
i23,e04,c5,p21,l1,0.00
i23,e04,c5,p21,l3,0.00
i23,e04,c5,p22,l1,0.00
i23,e04,c5,p22,l3,0.00
i23,e04,c5,p23,l1,0.00
i23,e04,c5,p23,l3,0.00
i23,e04,c5,p24,l1,0.00
i23,e04,c5,p24,l3,0.00
i23,e04,c5,p25,l1,0.00
i23,e04,c5,p25,l3,4.27
i23,e04,c5,p26,l1,0.00
i23,e04,c5,p26,l3,0.00
i23,e04,c5,p28,l1,0.00
i23,e04,c5,p28,l3,0.00
i23,e04,c5,p29,l1,0.00
i23,e04,c5,p29,l3,0.00
i23,e04,c5,p30,l1,0.00
i23,e04,c5,p30,l3,0.00
i23,e04,c5,p31,l1,0.00
i23,e04,c5,p31,l3,0.00
i23,e04,c5,p32,l1,0.00
i23,e04,c5,p32,l3,0.00
i23,e04,c5,p33,l1,0.00
i23,e04,c5,p33,l3,0.00
i23,e04,c5,p35,l1,0.00
i23,e04,c5,p35,l3,0.00
i23,e05,c3,p01,l3,0.00
i23,e05,c3,p02,l3,0.00
i23,e05,c3,p03,l1,0.00
i23,e05,c3,p03,l3,0.00
i23,e05,c3,p04,l3,0.00
i23,e05,c3,p05,l3,0.00
i23,e05,c3,p06,l3,0.00
i23,e05,c3,p07,l3,0.00
i23,e05,c3,p09,l3,0.00
i23,e05,c3,p10,l3,0.00
i23,e05,c3,p14,l3,0.00
i23,e05,c3,p15,l3,0.00
i23,e05,c3,p23,l3,0.00
i23,e05,c3,p24,l3,0.00
i23,e05,c3,p29,l3,0.00
i23,e05,c3,p35,l3,0.00
i23,e05,c5,p01,l1,0.00
i23,e05,c5,p01,l3,0.00
i23,e05,c5,p02,l1,0.00
i23,e05,c5,p02,l3,0.00
i23,e05,c5,p03,l1,0.00
i23,e05,c5,p03,l3,0.00
i23,e05,c5,p04,l1,0.00
i23,e05,c5,p04,l3,0.00
i23,e05,c5,p05,l1,0.00
i23,e05,c5,p05,l3,0.00
i23,e05,c5,p06,l1,0.00
i23,e05,c5,p06,l3,0.00
i23,e05,c5,p07,l1,0.00
i23,e05,c5,p07,l3,0.00
i23,e05,c5,p08,l1,0.00
i23,e05,c5,p08,l3,0.00
i23,e05,c5,p09,l1,0.00
i23,e05,c5,p09,l3,0.00
i23,e05,c5,p10,l1,0.00
i23,e05,c5,p10,l3,0.00
i23,e05,c5,p11,l1,0.00
i23,e05,c5,p11,l3,0.00
i23,e05,c5,p12,l1,0.00
i23,e05,c5,p12,l3,0.00
i23,e05,c5,p13,l1,0.00
i23,e05,c5,p13,l3,0.00
i23,e05,c5,p14,l1,0.00
i23,e05,c5,p14,l3,0.00
i23,e05,c5,p15,l1,0.00
i23,e05,c5,p15,l3,0.00
i23,e05,c5,p16,l1,0.00
i23,e05,c5,p16,l3,0.00
i23,e05,c5,p17,l1,0.00
i23,e05,c5,p17,l3,0.00
i23,e05,c5,p18,l1,0.00
i23,e05,c5,p18,l3,0.00
i23,e05,c5,p19,l1,0.00
i23,e05,c5,p19,l3,0.00
i23,e05,c5,p20,l1,0.00
i23,e05,c5,p20,l3,0.00
i23,e05,c5,p21,l1,0.00
i23,e05,c5,p21,l3,0.00
i23,e05,c5,p22,l1,0.00
i23,e05,c5,p22,l3,0.00
i23,e05,c5,p23,l1,0.00
i23,e05,c5,p23,l3,0.00
i23,e05,c5,p24,l1,0.00
i23,e05,c5,p24,l3,0.00
i23,e05,c5,p25,l1,0.00
i23,e05,c5,p25,l3,0.00
i23,e05,c5,p26,l1,0.00
i23,e05,c5,p26,l3,0.00
i23,e05,c5,p28,l1,0.00
i23,e05,c5,p28,l3,0.00
i23,e05,c5,p29,l1,0.00
i23,e05,c5,p29,l3,0.00
i23,e05,c5,p31,l1,0.00
i23,e05,c5,p31,l3,0.00
i23,e05,c5,p32,l1,0.00
i23,e05,c5,p32,l3,0.00
i23,e05,c5,p35,l1,0.00
i23,e05,c5,p35,l3,0.00
i23,e07,c3,p02,l3,0.00
i23,e07,c3,p16,l2,0.00
i23,e07,c3,p35,l2,0.00
i23,e07,c5,p01,l2,0.00
i23,e07,c5,p01,l3,0.00
i23,e07,c5,p02,l2,0.00
i23,e07,c5,p02,l3,0.00
i23,e07,c5,p03,l2,0.00
i23,e07,c5,p03,l3,0.00
i23,e07,c5,p04,l2,0.00
i23,e07,c5,p04,l3,0.00
i23,e07,c5,p05,l2,0.00
i23,e07,c5,p05,l3,0.00
i23,e07,c5,p06,l2,0.00
i23,e07,c5,p06,l3,0.00
i23,e07,c5,p07,l2,0.00
i23,e07,c5,p07,l3,0.00
i23,e07,c5,p08,l2,0.00
i23,e07,c5,p08,l3,0.00
i23,e07,c5,p09,l2,0.00
i23,e07,c5,p09,l3,0.00
i23,e07,c5,p10,l2,0.00
i23,e07,c5,p10,l3,0.00
i23,e07,c5,p11,l2,0.00
i23,e07,c5,p11,l3,0.00
i23,e07,c5,p12,l2,0.00
i23,e07,c5,p12,l3,0.00
i23,e07,c5,p13,l2,0.00
i23,e07,c5,p13,l3,0.00
i23,e07,c5,p14,l2,0.00
i23,e07,c5,p14,l3,0.00
i23,e07,c5,p15,l2,0.00
i23,e07,c5,p15,l3,0.00
i23,e07,c5,p16,l2,0.00
i23,e07,c5,p16,l3,0.00
i23,e07,c5,p17,l2,0.00
i23,e07,c5,p17,l3,0.00
i23,e07,c5,p18,l2,0.00
i23,e07,c5,p18,l3,0.00
i23,e07,c5,p19,l2,0.00
i23,e07,c5,p19,l3,0.00
i23,e07,c5,p20,l2,0.00
i23,e07,c5,p20,l3,0.00
i23,e07,c5,p21,l2,0.00
i23,e07,c5,p21,l3,0.00
i23,e07,c5,p22,l2,0.00
i23,e07,c5,p22,l3,0.00
i23,e07,c5,p23,l2,0.00
i23,e07,c5,p23,l3,0.00
i23,e07,c5,p24,l2,0.00
i23,e07,c5,p24,l3,0.00
i23,e07,c5,p25,l2,0.00
i23,e07,c5,p28,l2,0.00
i23,e07,c5,p28,l3,0.00
i23,e07,c5,p29,l2,0.00
i23,e07,c5,p29,l3,0.00
i23,e07,c5,p31,l2,0.00
i23,e07,c5,p31,l3,0.00
i23,e07,c5,p32,l2,0.00
i23,e07,c5,p32,l3,0.00
i23,e07,c5,p35,l2,0.00
i23,e07,c5,p35,l3,0.00
i23,e08,c3,p01,l3,0.00
i23,e08,c3,p02,l2,0.00
i23,e08,c3,p02,l3,0.00
i23,e08,c3,p03,l2,0.00
i23,e08,c3,p03,l3,0.00
i23,e08,c3,p04,l3,0.00
i23,e08,c3,p05,l3,0.00
i23,e08,c3,p06,l2,0.00
i23,e08,c3,p06,l3,0.00
i23,e08,c3,p07,l2,0.00
i23,e08,c3,p07,l3,0.00
i23,e08,c3,p09,l2,0.00
i23,e08,c3,p09,l3,0.00
i23,e08,c3,p10,l2,0.00
i23,e08,c3,p10,l3,0.00
i23,e08,c3,p11,l2,0.00
i23,e08,c3,p11,l3,0.00
i23,e08,c3,p12,l2,0.00
i23,e08,c3,p12,l3,0.00
i23,e08,c3,p13,l2,0.00
i23,e08,c3,p13,l3,0.00
i23,e08,c3,p14,l3,0.00
i23,e08,c3,p15,l2,0.00
i23,e08,c3,p15,l3,0.00
i23,e08,c3,p16,l3,0.00
i23,e08,c3,p17,l2,0.00
i23,e08,c3,p17,l3,0.00
i23,e08,c3,p18,l3,0.00
i23,e08,c3,p19,l3,0.00
i23,e08,c3,p21,l2,0.00
i23,e08,c3,p21,l3,0.00
i23,e08,c3,p22,l2,0.00
i23,e08,c3,p22,l3,0.00
i23,e08,c3,p23,l2,0.00
i23,e08,c3,p23,l3,0.00
i23,e08,c3,p24,l2,0.00
i23,e08,c3,p24,l3,0.00
i23,e08,c3,p26,l3,0.00
i23,e08,c3,p28,l3,0.00
i23,e08,c3,p29,l2,0.00
i23,e08,c3,p29,l3,0.00
i23,e08,c3,p31,l2,0.00
i23,e08,c3,p35,l2,0.00
i23,e08,c3,p35,l3,0.00
i23,e08,c5,p01,l2,0.00
i23,e08,c5,p01,l3,0.00
i23,e08,c5,p02,l2,0.00
i23,e08,c5,p02,l3,0.00
i23,e08,c5,p03,l2,0.00
i23,e08,c5,p03,l3,0.00
i23,e08,c5,p04,l2,0.00
i23,e08,c5,p04,l3,0.00
i23,e08,c5,p05,l2,0.00
i23,e08,c5,p05,l3,0.00
i23,e08,c5,p06,l2,0.00
i23,e08,c5,p06,l3,0.00
i23,e08,c5,p07,l2,0.00
i23,e08,c5,p07,l3,0.00
i23,e08,c5,p08,l2,0.00
i23,e08,c5,p08,l3,0.00
i23,e08,c5,p09,l2,0.00
i23,e08,c5,p09,l3,0.00
i23,e08,c5,p10,l2,0.00
i23,e08,c5,p10,l3,0.00
i23,e08,c5,p11,l2,0.00
i23,e08,c5,p11,l3,0.00
i23,e08,c5,p12,l2,0.00
i23,e08,c5,p12,l3,6.47
i23,e08,c5,p13,l2,0.00
i23,e08,c5,p13,l3,0.00
i23,e08,c5,p14,l2,0.00
i23,e08,c5,p14,l3,0.00
i23,e08,c5,p15,l2,0.00
i23,e08,c5,p15,l3,0.00
i23,e08,c5,p16,l2,0.00
i23,e08,c5,p16,l3,0.00
i23,e08,c5,p17,l2,0.00
i23,e08,c5,p17,l3,0.00
i23,e08,c5,p18,l2,0.00
i23,e08,c5,p18,l3,0.00
i23,e08,c5,p19,l2,0.00
i23,e08,c5,p19,l3,0.00
i23,e08,c5,p20,l2,0.00
i23,e08,c5,p20,l3,0.00
i23,e08,c5,p21,l2,0.00
i23,e08,c5,p21,l3,0.00
i23,e08,c5,p22,l2,0.00
i23,e08,c5,p22,l3,0.00
i23,e08,c5,p23,l2,0.00
i23,e08,c5,p23,l3,0.00
i23,e08,c5,p24,l2,0.00
i23,e08,c5,p24,l3,0.00
i23,e08,c5,p25,l2,0.00
i23,e08,c5,p25,l3,19.11
i23,e08,c5,p26,l2,0.00
i23,e08,c5,p26,l3,0.00
i23,e08,c5,p28,l2,0.00
i23,e08,c5,p28,l3,0.00
i23,e08,c5,p29,l2,0.00
i23,e08,c5,p29,l3,0.00
i23,e08,c5,p30,l2,0.00
i23,e08,c5,p30,l3,0.00
i23,e08,c5,p31,l2,0.00
i23,e08,c5,p31,l3,0.00
i23,e08,c5,p32,l2,0.00
i23,e08,c5,p32,l3,0.00
i23,e08,c5,p33,l3,0.00
i23,e08,c5,p35,l2,0.00
i23,e08,c5,p35,l3,0.00
i23,e09,c3,p01,l2,0.00
i23,e09,c3,p01,l3,0.00
i23,e09,c3,p02,l2,0.00
i23,e09,c3,p02,l3,0.00
i23,e09,c3,p03,l2,0.00
i23,e09,c3,p03,l3,0.00
i23,e09,c3,p04,l3,0.00
i23,e09,c3,p05,l3,0.00
i23,e09,c3,p06,l2,0.00
i23,e09,c3,p06,l3,0.00
i23,e09,c3,p07,l2,0.00
i23,e09,c3,p07,l3,0.00
i23,e09,c3,p08,l3,0.00
i23,e09,c3,p09,l2,0.00
i23,e09,c3,p09,l3,0.00
i23,e09,c3,p10,l2,0.00
i23,e09,c3,p10,l3,0.00
i23,e09,c3,p11,l2,0.00
i23,e09,c3,p11,l3,0.00
i23,e09,c3,p12,l2,0.00
i23,e09,c3,p12,l3,0.00
i23,e09,c3,p13,l2,0.00
i23,e09,c3,p13,l3,0.00
i23,e09,c3,p14,l2,0.00
i23,e09,c3,p14,l3,0.00
i23,e09,c3,p15,l2,0.00
i23,e09,c3,p15,l3,0.00
i23,e09,c3,p16,l2,0.00
i23,e09,c3,p16,l3,0.00
i23,e09,c3,p17,l2,0.00
i23,e09,c3,p17,l3,0.00
i23,e09,c3,p18,l2,0.00
i23,e09,c3,p18,l3,0.00
i23,e09,c3,p19,l2,0.00
i23,e09,c3,p19,l3,0.00
i23,e09,c3,p20,l3,0.00
i23,e09,c3,p21,l2,0.00
i23,e09,c3,p21,l3,0.00
i23,e09,c3,p22,l2,0.00
i23,e09,c3,p22,l3,0.00
i23,e09,c3,p23,l2,0.00
i23,e09,c3,p23,l3,0.00
i23,e09,c3,p24,l2,0.00
i23,e09,c3,p24,l3,0.00
i23,e09,c3,p26,l3,0.00
i23,e09,c3,p28,l3,0.00
i23,e09,c3,p29,l2,0.00
i23,e09,c3,p29,l3,0.00
i23,e09,c3,p31,l2,0.00
i23,e09,c3,p35,l2,0.00
i23,e09,c3,p35,l3,0.00
i23,e09,c5,p01,l2,0.00
i23,e09,c5,p01,l3,1.26
i23,e09,c5,p02,l2,0.00
i23,e09,c5,p02,l3,0.00
i23,e09,c5,p03,l2,0.00
i23,e09,c5,p03,l3,0.00
i23,e09,c5,p04,l2,0.00
i23,e09,c5,p04,l3,0.00
i23,e09,c5,p05,l2,0.00
i23,e09,c5,p05,l3,2.20
i23,e09,c5,p06,l2,0.00
i23,e09,c5,p06,l3,0.00
i23,e09,c5,p07,l2,0.00
i23,e09,c5,p07,l3,0.00
i23,e09,c5,p08,l2,0.00
i23,e09,c5,p08,l3,0.00
i23,e09,c5,p09,l2,0.00
i23,e09,c5,p09,l3,0.00
i23,e09,c5,p10,l2,0.00
i23,e09,c5,p10,l3,0.00
i23,e09,c5,p11,l2,0.00
i23,e09,c5,p11,l3,0.00
i23,e09,c5,p12,l2,0.00
i23,e09,c5,p12,l3,1.18
i23,e09,c5,p13,l2,0.00
i23,e09,c5,p13,l3,0.00
i23,e09,c5,p14,l2,0.00
i23,e09,c5,p14,l3,0.00
i23,e09,c5,p15,l2,0.00
i23,e09,c5,p15,l3,0.00
i23,e09,c5,p16,l2,0.00
i23,e09,c5,p16,l3,0.00
i23,e09,c5,p17,l2,0.00
i23,e09,c5,p17,l3,0.00
i23,e09,c5,p18,l2,0.00
i23,e09,c5,p18,l3,0.00
i23,e09,c5,p19,l2,0.00
i23,e09,c5,p19,l3,0.00
i23,e09,c5,p20,l2,0.00
i23,e09,c5,p20,l3,0.00
i23,e09,c5,p21,l2,0.00
i23,e09,c5,p21,l3,0.00
i23,e09,c5,p22,l2,0.00
i23,e09,c5,p22,l3,0.00
i23,e09,c5,p23,l2,0.00
i23,e09,c5,p23,l3,0.00
i23,e09,c5,p24,l2,0.00
i23,e09,c5,p24,l3,0.00
i23,e09,c5,p25,l2,0.00
i23,e09,c5,p25,l3,0.00
i23,e09,c5,p26,l2,0.00
i23,e09,c5,p26,l3,0.00
i23,e09,c5,p28,l2,0.00
i23,e09,c5,p28,l3,0.00
i23,e09,c5,p29,l2,0.00
i23,e09,c5,p29,l3,0.00
i23,e09,c5,p30,l2,0.00
i23,e09,c5,p30,l3,0.00
i23,e09,c5,p31,l2,0.00
i23,e09,c5,p31,l3,0.00
i23,e09,c5,p32,l2,0.00
i23,e09,c5,p32,l3,0.00
i23,e09,c5,p33,l3,0.00
i23,e09,c5,p35,l2,0.00
i23,e09,c5,p35,l3,0.00
i23,e10,c3,p01,l2,0.00
i23,e10,c3,p01,l3,0.00
i23,e10,c3,p02,l3,0.00
i23,e10,c3,p03,l2,0.00
i23,e10,c3,p03,l3,0.00
i23,e10,c3,p04,l3,0.00
i23,e10,c3,p05,l3,0.00
i23,e10,c3,p07,l2,0.00
i23,e10,c3,p07,l3,0.00
i23,e10,c3,p09,l3,0.00
i23,e10,c3,p10,l2,0.00
i23,e10,c3,p10,l3,0.00
i23,e10,c3,p11,l3,0.00
i23,e10,c3,p12,l3,0.00
i23,e10,c3,p13,l3,0.00
i23,e10,c3,p14,l3,0.00
i23,e10,c3,p15,l3,0.00
i23,e10,c3,p16,l3,0.00
i23,e10,c3,p17,l3,0.00
i23,e10,c3,p19,l3,0.00
i23,e10,c3,p21,l3,0.00
i23,e10,c3,p22,l3,0.00
i23,e10,c3,p24,l3,0.00
i23,e10,c3,p26,l3,0.00
i23,e10,c3,p35,l3,0.00
i23,e10,c5,p01,l2,0.00
i23,e10,c5,p01,l3,0.00
i23,e10,c5,p01,l4,0.00
i23,e10,c5,p02,l2,0.00
i23,e10,c5,p02,l3,0.00
i23,e10,c5,p02,l4,0.00
i23,e10,c5,p03,l2,0.00
i23,e10,c5,p03,l3,0.00
i23,e10,c5,p03,l4,0.00
i23,e10,c5,p04,l2,0.00
i23,e10,c5,p04,l3,0.00
i23,e10,c5,p04,l4,0.00
i23,e10,c5,p05,l2,0.00
i23,e10,c5,p05,l3,0.00
i23,e10,c5,p05,l4,0.00
i23,e10,c5,p06,l2,0.00
i23,e10,c5,p06,l3,0.00
i23,e10,c5,p06,l4,0.00
i23,e10,c5,p07,l2,0.00
i23,e10,c5,p07,l3,0.00
i23,e10,c5,p07,l4,0.00
i23,e10,c5,p08,l2,0.00
i23,e10,c5,p08,l3,0.00
i23,e10,c5,p09,l2,0.00
i23,e10,c5,p09,l3,0.00
i23,e10,c5,p09,l4,0.00
i23,e10,c5,p10,l2,0.00
i23,e10,c5,p10,l3,0.00
i23,e10,c5,p10,l4,0.00
i23,e10,c5,p11,l2,0.00
i23,e10,c5,p11,l3,0.00
i23,e10,c5,p11,l4,0.00
i23,e10,c5,p12,l2,0.00
i23,e10,c5,p12,l3,0.00
i23,e10,c5,p12,l4,0.00
i23,e10,c5,p13,l2,0.00
i23,e10,c5,p13,l3,0.00
i23,e10,c5,p13,l4,0.00
i23,e10,c5,p14,l2,0.00
i23,e10,c5,p14,l3,0.00
i23,e10,c5,p15,l2,0.00
i23,e10,c5,p15,l3,0.00
i23,e10,c5,p15,l4,0.00
i23,e10,c5,p16,l2,0.00
i23,e10,c5,p16,l3,0.00
i23,e10,c5,p16,l4,0.00
i23,e10,c5,p17,l2,0.00
i23,e10,c5,p17,l3,0.00
i23,e10,c5,p17,l4,0.00
i23,e10,c5,p18,l2,0.00
i23,e10,c5,p18,l3,0.00
i23,e10,c5,p18,l4,0.00
i23,e10,c5,p19,l2,0.00
i23,e10,c5,p19,l3,0.00
i23,e10,c5,p19,l4,0.00
i23,e10,c5,p20,l2,0.00
i23,e10,c5,p20,l3,0.00
i23,e10,c5,p21,l2,0.00
i23,e10,c5,p21,l3,0.00
i23,e10,c5,p21,l4,0.00
i23,e10,c5,p22,l2,0.00
i23,e10,c5,p22,l3,0.00
i23,e10,c5,p22,l4,0.00
i23,e10,c5,p23,l2,0.00
i23,e10,c5,p23,l3,0.00
i23,e10,c5,p23,l4,0.00
i23,e10,c5,p24,l2,0.00
i23,e10,c5,p24,l3,0.00
i23,e10,c5,p24,l4,0.00
i23,e10,c5,p25,l2,0.00
i23,e10,c5,p25,l3,0.00
i23,e10,c5,p25,l4,0.00
i23,e10,c5,p26,l2,0.00
i23,e10,c5,p26,l3,0.00
i23,e10,c5,p28,l2,0.00
i23,e10,c5,p28,l3,0.00
i23,e10,c5,p29,l2,0.00
i23,e10,c5,p29,l3,0.00
i23,e10,c5,p29,l4,0.00
i23,e10,c5,p30,l3,0.00
i23,e10,c5,p31,l2,0.00
i23,e10,c5,p31,l3,0.00
i23,e10,c5,p32,l2,0.00
i23,e10,c5,p32,l3,0.00
i23,e10,c5,p32,l4,0.00
i23,e10,c5,p33,l3,0.00
i23,e10,c5,p35,l2,0.00
i23,e10,c5,p35,l3,0.00
i23,e10,c5,p35,l4,0.00
i23,e11,c3,p02,l2,0.00
i23,e11,c3,p03,l2,0.00
i23,e11,c3,p03,l3,0.00
i23,e11,c3,p04,l2,0.00
i23,e11,c3,p04,l3,0.00
i23,e11,c3,p10,l2,0.00
i23,e11,c3,p10,l3,0.00
i23,e11,c3,p13,l3,0.00
i23,e11,c3,p14,l3,0.00
i23,e11,c3,p17,l2,0.00
i23,e11,c3,p19,l2,0.00
i23,e11,c3,p22,l3,0.00
i23,e11,c3,p23,l2,0.00
i23,e11,c3,p23,l3,0.00
i23,e11,c3,p24,l2,0.00
i23,e11,c3,p31,l2,0.00
i23,e11,c3,p35,l2,0.00
i23,e11,c3,p35,l3,0.00
i23,e11,c5,p01,l2,0.00
i23,e11,c5,p01,l3,0.00
i23,e11,c5,p02,l2,0.00
i23,e11,c5,p02,l3,0.00
i23,e11,c5,p03,l2,0.00
i23,e11,c5,p03,l3,0.00
i23,e11,c5,p04,l2,0.00
i23,e11,c5,p04,l3,0.00
i23,e11,c5,p05,l2,0.00
i23,e11,c5,p05,l3,0.00
i23,e11,c5,p06,l2,0.00
i23,e11,c5,p06,l3,0.00
i23,e11,c5,p07,l2,0.00
i23,e11,c5,p07,l3,0.00
i23,e11,c5,p08,l2,0.00
i23,e11,c5,p08,l3,0.00
i23,e11,c5,p09,l2,0.00
i23,e11,c5,p09,l3,0.00
i23,e11,c5,p10,l2,0.00
i23,e11,c5,p10,l3,0.00
i23,e11,c5,p11,l2,0.00
i23,e11,c5,p11,l3,0.00
i23,e11,c5,p12,l2,0.00
i23,e11,c5,p12,l3,2.00
i23,e11,c5,p13,l2,0.00
i23,e11,c5,p13,l3,0.00
i23,e11,c5,p14,l2,0.00
i23,e11,c5,p14,l3,0.00
i23,e11,c5,p15,l2,0.00
i23,e11,c5,p15,l3,0.00
i23,e11,c5,p16,l2,0.00
i23,e11,c5,p16,l3,0.00
i23,e11,c5,p17,l2,0.00
i23,e11,c5,p17,l3,0.00
i23,e11,c5,p18,l2,0.00
i23,e11,c5,p18,l3,0.00
i23,e11,c5,p19,l2,0.00
i23,e11,c5,p19,l3,0.00
i23,e11,c5,p20,l2,0.00
i23,e11,c5,p20,l3,0.00
i23,e11,c5,p21,l2,0.00
i23,e11,c5,p21,l3,0.00
i23,e11,c5,p22,l2,0.00
i23,e11,c5,p22,l3,0.00
i23,e11,c5,p23,l2,0.00
i23,e11,c5,p23,l3,0.00
i23,e11,c5,p24,l2,0.00
i23,e11,c5,p24,l3,0.00
i23,e11,c5,p25,l2,0.00
i23,e11,c5,p25,l3,0.00
i23,e11,c5,p26,l2,0.00
i23,e11,c5,p26,l3,0.00
i23,e11,c5,p28,l2,0.00
i23,e11,c5,p28,l3,0.00
i23,e11,c5,p29,l2,0.00
i23,e11,c5,p29,l3,0.00
i23,e11,c5,p30,l2,0.00
i23,e11,c5,p31,l2,0.00
i23,e11,c5,p31,l3,0.00
i23,e11,c5,p32,l2,0.00
i23,e11,c5,p32,l3,0.00
i23,e11,c5,p35,l2,0.00
i23,e11,c5,p35,l3,0.00
i23,e12,c3,p01,l3,0.00
i23,e12,c3,p02,l3,0.00
i23,e12,c3,p03,l3,0.00
i23,e12,c3,p04,l3,0.00
i23,e12,c3,p05,l3,0.00
i23,e12,c3,p06,l3,0.00
i23,e12,c3,p07,l3,0.00
i23,e12,c3,p09,l3,0.00
i23,e12,c3,p10,l3,0.00
i23,e12,c3,p11,l3,0.00
i23,e12,c3,p12,l3,0.00
i23,e12,c3,p13,l3,0.00
i23,e12,c3,p14,l3,0.00
i23,e12,c3,p15,l3,0.00
i23,e12,c3,p16,l3,0.00
i23,e12,c3,p17,l3,0.00
i23,e12,c3,p19,l3,0.00
i23,e12,c3,p21,l3,0.00
i23,e12,c3,p22,l3,0.00
i23,e12,c3,p23,l3,0.00
i23,e12,c3,p26,l3,0.00
i23,e12,c3,p31,l3,0.00
i23,e12,c3,p35,l3,0.00
i23,e12,c5,p01,l3,0.00
i23,e12,c5,p02,l3,0.00
i23,e12,c5,p03,l3,0.00
i23,e12,c5,p04,l3,0.00
i23,e12,c5,p05,l3,0.00
i23,e12,c5,p06,l3,0.00
i23,e12,c5,p07,l3,0.00
i23,e12,c5,p08,l3,0.00
i23,e12,c5,p09,l3,0.00
i23,e12,c5,p10,l3,0.00
i23,e12,c5,p11,l3,0.00
i23,e12,c5,p12,l3,0.00
i23,e12,c5,p13,l3,0.00
i23,e12,c5,p14,l3,0.00
i23,e12,c5,p15,l3,0.00
i23,e12,c5,p16,l3,0.00
i23,e12,c5,p17,l3,0.00
i23,e12,c5,p18,l3,0.00
i23,e12,c5,p19,l3,0.00
i23,e12,c5,p20,l3,0.00
i23,e12,c5,p21,l3,0.00
i23,e12,c5,p22,l3,0.00
i23,e12,c5,p23,l3,0.00
i23,e12,c5,p24,l3,0.00
i23,e12,c5,p25,l3,0.00
i23,e12,c5,p26,l3,0.00
i23,e12,c5,p28,l3,0.00
i23,e12,c5,p29,l3,0.00
i23,e12,c5,p30,l3,0.00
i23,e12,c5,p31,l3,0.00
i23,e12,c5,p32,l3,0.00
i23,e12,c5,p33,l3,0.00
i23,e12,c5,p35,l3,0.00
i23,e13,c3,p01,l3,0.00
i23,e13,c3,p02,l3,0.00
i23,e13,c3,p03,l3,0.00
i23,e13,c3,p04,l3,0.00
i23,e13,c3,p05,l3,0.00
i23,e13,c3,p06,l3,0.00
i23,e13,c3,p07,l3,0.00
i23,e13,c3,p08,l3,0.00
i23,e13,c3,p09,l3,0.00
i23,e13,c3,p10,l3,0.00
i23,e13,c3,p11,l3,0.00
i23,e13,c3,p12,l3,0.00
i23,e13,c3,p13,l3,0.00
i23,e13,c3,p14,l3,0.00
i23,e13,c3,p15,l3,0.00
i23,e13,c3,p16,l3,0.00
i23,e13,c3,p17,l3,0.00
i23,e13,c3,p18,l3,0.00
i23,e13,c3,p19,l3,0.00
i23,e13,c3,p20,l3,0.00
i23,e13,c3,p21,l3,0.00
i23,e13,c3,p22,l3,0.00
i23,e13,c3,p23,l3,0.00
i23,e13,c3,p24,l3,0.00
i23,e13,c3,p26,l3,0.00
i23,e13,c3,p28,l3,0.00
i23,e13,c3,p29,l3,0.00
i23,e13,c3,p31,l3,0.00
i23,e13,c3,p35,l3,0.00
i23,e13,c5,p01,l3,2.23
i23,e13,c5,p02,l3,0.00
i23,e13,c5,p03,l3,0.00
i23,e13,c5,p04,l3,0.00
i23,e13,c5,p05,l3,0.00
i23,e13,c5,p06,l3,0.00
i23,e13,c5,p07,l3,3.09
i23,e13,c5,p08,l3,0.00
i23,e13,c5,p09,l3,0.00
i23,e13,c5,p10,l3,0.00
i23,e13,c5,p11,l3,0.00
i23,e13,c5,p12,l3,1.46
i23,e13,c5,p13,l3,0.00
i23,e13,c5,p14,l3,0.00
i23,e13,c5,p15,l3,0.00
i23,e13,c5,p16,l3,0.00
i23,e13,c5,p17,l3,0.00
i23,e13,c5,p18,l3,0.00
i23,e13,c5,p19,l3,0.00
i23,e13,c5,p20,l3,0.00
i23,e13,c5,p21,l3,0.00
i23,e13,c5,p22,l3,0.00
i23,e13,c5,p23,l3,0.00
i23,e13,c5,p24,l3,0.00
i23,e13,c5,p25,l3,0.00
i23,e13,c5,p26,l3,0.00
i23,e13,c5,p28,l3,0.00
i23,e13,c5,p29,l3,0.00
i23,e13,c5,p30,l3,0.00
i23,e13,c5,p31,l3,0.00
i23,e13,c5,p32,l3,0.00
i23,e13,c5,p33,l3,0.00
i23,e13,c5,p35,l3,0.00
i24,e01,c1,p01,l3,0.00
i24,e01,c1,p02,l3,0.00
i24,e01,c1,p03,l3,0.00
i24,e01,c1,p04,l3,0.00
i24,e01,c1,p05,l3,0.00
i24,e01,c1,p06,l3,0.00
i24,e01,c1,p07,l3,0.00
i24,e01,c1,p08,l3,0.00
i24,e01,c1,p09,l3,0.00
i24,e01,c1,p10,l3,0.00
i24,e01,c1,p11,l3,0.00
i24,e01,c1,p12,l3,0.00
i24,e01,c1,p13,l3,0.00
i24,e01,c1,p14,l3,0.00
i24,e01,c1,p15,l3,0.00
i24,e01,c1,p16,l3,0.00
i24,e01,c1,p17,l3,0.00
i24,e01,c1,p18,l3,0.00
i24,e01,c1,p19,l3,0.00
i24,e01,c1,p20,l3,0.00
i24,e01,c1,p21,l3,0.00
i24,e01,c1,p22,l3,0.00
i24,e01,c1,p23,l3,0.00
i24,e01,c1,p24,l3,0.00
i24,e01,c1,p25,l3,0.00
i24,e01,c1,p28,l3,0.00
i24,e01,c1,p29,l3,0.00
i24,e01,c1,p32,l3,0.00
i24,e01,c1,p33,l3,0.00
i24,e01,c1,p34,l3,0.00
i24,e01,c1,p35,l3,3.31
i24,e01,c4,p01,l3,0.00
i24,e01,c4,p06,l3,0.00
i24,e01,c4,p10,l3,0.00
i24,e01,c4,p16,l3,0.00
i24,e01,c4,p17,l3,0.00
i24,e01,c4,p19,l3,0.00
i24,e01,c4,p21,l3,0.00
i24,e01,c4,p35,l3,0.00
i24,e01,c7,p17,l3,0.00
i24,e01,c7,p35,l3,0.00
i24,e04,c1,p01,l1,0.00
i24,e04,c1,p01,l3,0.00
i24,e04,c1,p02,l3,0.00
i24,e04,c1,p03,l3,0.00
i24,e04,c1,p04,l3,0.00
i24,e04,c1,p05,l1,0.00
i24,e04,c1,p05,l3,0.00
i24,e04,c1,p06,l1,0.00
i24,e04,c1,p06,l3,0.00
i24,e04,c1,p07,l1,0.00
i24,e04,c1,p07,l3,0.00
i24,e04,c1,p08,l1,0.00
i24,e04,c1,p08,l3,0.00
i24,e04,c1,p09,l1,0.00
i24,e04,c1,p09,l3,0.00
i24,e04,c1,p10,l1,0.00
i24,e04,c1,p10,l3,0.00
i24,e04,c1,p11,l1,0.00
i24,e04,c1,p11,l3,0.00
i24,e04,c1,p12,l1,0.00
i24,e04,c1,p12,l3,0.00
i24,e04,c1,p13,l3,0.00
i24,e04,c1,p14,l3,0.00
i24,e04,c1,p15,l1,0.00
i24,e04,c1,p15,l3,0.00
i24,e04,c1,p16,l1,0.00
i24,e04,c1,p16,l3,0.00
i24,e04,c1,p17,l3,0.00
i24,e04,c1,p18,l1,0.00
i24,e04,c1,p18,l3,0.00
i24,e04,c1,p19,l1,0.00
i24,e04,c1,p19,l3,0.00
i24,e04,c1,p20,l3,0.00
i24,e04,c1,p21,l1,0.00
i24,e04,c1,p21,l3,0.00
i24,e04,c1,p22,l1,0.00
i24,e04,c1,p22,l3,0.00
i24,e04,c1,p23,l1,0.00
i24,e04,c1,p23,l3,0.00
i24,e04,c1,p24,l1,0.00
i24,e04,c1,p24,l3,0.00
i24,e04,c1,p25,l3,0.00
i24,e04,c1,p28,l3,0.00
i24,e04,c1,p29,l3,0.00
i24,e04,c1,p32,l1,0.00
i24,e04,c1,p32,l3,0.00
i24,e04,c1,p33,l3,0.00
i24,e04,c1,p35,l1,0.00
i24,e04,c1,p35,l3,0.00
i24,e04,c4,p01,l3,0.00
i24,e04,c4,p06,l3,0.00
i24,e04,c4,p10,l3,0.00
i24,e04,c4,p17,l3,0.00
i24,e04,c4,p19,l1,0.00
i24,e04,c4,p19,l3,0.00
i24,e04,c4,p21,l3,0.00
i24,e04,c4,p22,l3,0.00
i24,e04,c4,p35,l1,0.00
i24,e04,c4,p35,l3,0.00
i24,e04,c7,p17,l3,0.00
i24,e05,c1,p01,l1,0.00
i24,e05,c1,p01,l3,0.00
i24,e05,c1,p05,l3,0.00
i24,e05,c1,p06,l1,0.00
i24,e05,c1,p10,l3,0.00
i24,e05,c1,p15,l3,0.00
i24,e05,c1,p18,l3,0.00
i24,e05,c1,p19,l1,0.00
i24,e05,c1,p19,l3,0.00
i24,e05,c1,p35,l1,0.00
i24,e05,c1,p35,l3,0.00
i24,e05,c4,p19,l1,0.00
i24,e05,c4,p19,l3,0.00
i24,e06,c1,p01,l3,0.00
i24,e06,c1,p03,l3,0.00
i24,e06,c1,p06,l3,0.00
i24,e06,c1,p10,l3,0.00
i24,e06,c1,p14,l3,0.00
i24,e06,c1,p15,l3,0.00
i24,e06,c1,p18,l3,0.00
i24,e06,c1,p19,l3,0.00
i24,e06,c1,p25,l3,0.00
i24,e06,c1,p29,l3,0.00
i24,e06,c1,p35,l3,0.00
i24,e06,c4,p35,l3,0.00
i24,e07,c1,p01,l2,0.00
i24,e07,c1,p01,l3,0.00
i24,e07,c1,p03,l2,0.00
i24,e07,c1,p03,l3,0.00
i24,e07,c1,p04,l3,0.00
i24,e07,c1,p05,l3,0.00
i24,e07,c1,p06,l2,0.00
i24,e07,c1,p06,l3,0.00
i24,e07,c1,p07,l2,0.00
i24,e07,c1,p07,l3,0.00
i24,e07,c1,p08,l3,0.00
i24,e07,c1,p09,l2,0.00
i24,e07,c1,p09,l3,0.00
i24,e07,c1,p10,l2,0.00
i24,e07,c1,p10,l3,0.00
i24,e07,c1,p11,l2,0.00
i24,e07,c1,p11,l3,0.00
i24,e07,c1,p12,l2,0.00
i24,e07,c1,p12,l3,0.00
i24,e07,c1,p13,l3,0.00
i24,e07,c1,p14,l3,0.00
i24,e07,c1,p15,l2,0.00
i24,e07,c1,p15,l3,0.00
i24,e07,c1,p16,l3,0.00
i24,e07,c1,p17,l3,0.00
i24,e07,c1,p18,l2,0.00
i24,e07,c1,p18,l3,0.00
i24,e07,c1,p19,l2,0.00
i24,e07,c1,p19,l3,0.00
i24,e07,c1,p20,l2,0.00
i24,e07,c1,p20,l3,0.00
i24,e07,c1,p21,l2,0.00
i24,e07,c1,p21,l3,0.00
i24,e07,c1,p22,l3,0.00
i24,e07,c1,p23,l2,0.00
i24,e07,c1,p24,l2,0.00
i24,e07,c1,p24,l3,0.00
i24,e07,c1,p25,l2,0.00
i24,e07,c1,p25,l3,0.00
i24,e07,c1,p28,l3,0.00
i24,e07,c1,p29,l3,0.00
i24,e07,c1,p30,l3,0.00
i24,e07,c1,p32,l3,0.00
i24,e07,c1,p35,l2,0.00
i24,e07,c1,p35,l3,0.00
i24,e07,c4,p01,l3,0.00
i24,e07,c4,p06,l3,0.00
i24,e07,c4,p17,l3,0.00
i24,e07,c4,p18,l3,0.00
i24,e07,c4,p19,l2,0.00
i24,e07,c4,p19,l3,0.00
i24,e07,c4,p21,l3,0.00
i24,e07,c4,p35,l2,0.00
i24,e07,c4,p35,l3,0.00
i24,e07,c7,p35,l3,0.00
i24,e08,c1,p01,l2,0.00
i24,e08,c1,p01,l3,0.00
i24,e08,c1,p02,l2,0.00
i24,e08,c1,p02,l3,0.00
i24,e08,c1,p03,l2,0.00
i24,e08,c1,p03,l3,0.00
i24,e08,c1,p04,l3,0.00
i24,e08,c1,p05,l2,0.00
i24,e08,c1,p05,l3,0.00
i24,e08,c1,p06,l2,0.00
i24,e08,c1,p06,l3,0.00
i24,e08,c1,p07,l2,0.00
i24,e08,c1,p07,l3,0.00
i24,e08,c1,p08,l2,0.00
i24,e08,c1,p08,l3,0.00
i24,e08,c1,p09,l2,0.00
i24,e08,c1,p09,l3,0.00
i24,e08,c1,p10,l2,0.00
i24,e08,c1,p10,l3,0.00
i24,e08,c1,p11,l2,0.00
i24,e08,c1,p11,l3,0.00
i24,e08,c1,p12,l2,0.00
i24,e08,c1,p12,l3,0.00
i24,e08,c1,p13,l2,0.00
i24,e08,c1,p13,l3,0.00
i24,e08,c1,p14,l2,0.00
i24,e08,c1,p14,l3,0.00
i24,e08,c1,p15,l2,0.00
i24,e08,c1,p15,l3,0.00
i24,e08,c1,p16,l2,0.00
i24,e08,c1,p16,l3,0.00
i24,e08,c1,p17,l2,0.00
i24,e08,c1,p17,l3,0.00
i24,e08,c1,p18,l2,0.00
i24,e08,c1,p18,l3,0.00
i24,e08,c1,p19,l2,0.00
i24,e08,c1,p19,l3,0.00
i24,e08,c1,p20,l2,0.00
i24,e08,c1,p20,l3,0.00
i24,e08,c1,p21,l2,0.00
i24,e08,c1,p21,l3,0.00
i24,e08,c1,p22,l2,0.00
i24,e08,c1,p22,l3,0.00
i24,e08,c1,p23,l2,0.00
i24,e08,c1,p23,l3,0.00
i24,e08,c1,p24,l2,0.00
i24,e08,c1,p24,l3,0.00
i24,e08,c1,p25,l2,0.00
i24,e08,c1,p25,l3,0.00
i24,e08,c1,p26,l3,0.00
i24,e08,c1,p28,l2,0.00
i24,e08,c1,p28,l3,0.00
i24,e08,c1,p29,l2,0.00
i24,e08,c1,p29,l3,0.00
i24,e08,c1,p30,l3,0.00
i24,e08,c1,p31,l3,0.00
i24,e08,c1,p32,l2,0.00
i24,e08,c1,p32,l3,0.00
i24,e08,c1,p33,l3,0.00
i24,e08,c1,p34,l3,0.00
i24,e08,c1,p35,l2,0.00
i24,e08,c1,p35,l3,9.27
i24,e08,c4,p01,l3,0.00
i24,e08,c4,p06,l3,0.00
i24,e08,c4,p08,l3,0.00
i24,e08,c4,p09,l3,0.00
i24,e08,c4,p10,l3,0.00
i24,e08,c4,p15,l3,0.00
i24,e08,c4,p16,l2,0.00
i24,e08,c4,p17,l3,0.00
i24,e08,c4,p18,l3,0.00
i24,e08,c4,p19,l2,0.00
i24,e08,c4,p19,l3,0.00
i24,e08,c4,p21,l3,0.00
i24,e08,c4,p25,l2,0.00
i24,e08,c4,p25,l3,0.00
i24,e08,c4,p35,l2,0.00
i24,e08,c4,p35,l3,0.00
i24,e08,c7,p17,l3,0.00
i24,e08,c7,p19,l3,0.00
i24,e08,c7,p35,l3,0.00
i24,e09,c1,p01,l2,0.00
i24,e09,c1,p01,l3,0.00
i24,e09,c1,p02,l3,0.00
i24,e09,c1,p03,l3,0.00
i24,e09,c1,p04,l3,0.00
i24,e09,c1,p05,l2,0.00
i24,e09,c1,p05,l3,0.00
i24,e09,c1,p06,l2,0.00
i24,e09,c1,p06,l3,0.00
i24,e09,c1,p07,l2,0.00
i24,e09,c1,p07,l3,0.00
i24,e09,c1,p08,l2,0.00
i24,e09,c1,p08,l3,0.00
i24,e09,c1,p09,l2,0.00
i24,e09,c1,p09,l3,0.00
i24,e09,c1,p10,l2,0.00
i24,e09,c1,p10,l3,0.00
i24,e09,c1,p11,l2,0.00
i24,e09,c1,p11,l3,0.00
i24,e09,c1,p12,l2,0.00
i24,e09,c1,p12,l3,0.00
i24,e09,c1,p13,l2,0.00
i24,e09,c1,p13,l3,0.00
i24,e09,c1,p14,l3,0.00
i24,e09,c1,p15,l2,0.00
i24,e09,c1,p15,l3,0.00
i24,e09,c1,p16,l2,0.00
i24,e09,c1,p16,l3,0.00
i24,e09,c1,p17,l3,0.00
i24,e09,c1,p18,l2,0.00
i24,e09,c1,p18,l3,0.00
i24,e09,c1,p19,l2,0.00
i24,e09,c1,p19,l3,0.00
i24,e09,c1,p20,l3,0.00
i24,e09,c1,p21,l3,0.00
i24,e09,c1,p22,l2,0.00
i24,e09,c1,p22,l3,0.00
i24,e09,c1,p23,l3,0.00
i24,e09,c1,p24,l3,0.00
i24,e09,c1,p25,l2,0.00
i24,e09,c1,p25,l3,0.00
i24,e09,c1,p26,l3,0.00
i24,e09,c1,p28,l3,0.00
i24,e09,c1,p29,l3,0.00
i24,e09,c1,p30,l3,0.00
i24,e09,c1,p32,l2,0.00
i24,e09,c1,p32,l3,0.00
i24,e09,c1,p33,l3,0.00
i24,e09,c1,p35,l2,0.00
i24,e09,c1,p35,l3,4.41
i24,e09,c4,p01,l3,0.00
i24,e09,c4,p05,l3,0.00
i24,e09,c4,p06,l3,0.00
i24,e09,c4,p09,l3,0.00
i24,e09,c4,p17,l3,0.00
i24,e09,c4,p19,l2,0.00
i24,e09,c4,p19,l3,0.00
i24,e09,c4,p21,l3,0.00
i24,e09,c4,p35,l2,0.00
i24,e09,c4,p35,l3,0.00
i24,e09,c7,p19,l3,0.00
i24,e09,c7,p35,l3,0.00
i24,e11,c1,p01,l2,0.00
i24,e11,c1,p01,l3,0.00
i24,e11,c1,p02,l3,0.00
i24,e11,c1,p03,l2,0.00
i24,e11,c1,p03,l3,0.00
i24,e11,c1,p04,l3,0.00
i24,e11,c1,p05,l3,0.00
i24,e11,c1,p06,l2,0.00
i24,e11,c1,p06,l3,0.00
i24,e11,c1,p07,l2,0.00
i24,e11,c1,p07,l3,0.00
i24,e11,c1,p10,l2,0.00
i24,e11,c1,p10,l3,0.00
i24,e11,c1,p11,l2,0.00
i24,e11,c1,p11,l3,0.00
i24,e11,c1,p12,l3,0.00
i24,e11,c1,p14,l3,0.00
i24,e11,c1,p15,l2,0.00
i24,e11,c1,p15,l3,0.00
i24,e11,c1,p17,l2,0.00
i24,e11,c1,p17,l3,0.00
i24,e11,c1,p18,l2,0.00
i24,e11,c1,p18,l3,0.00
i24,e11,c1,p19,l2,0.00
i24,e11,c1,p19,l3,0.00
i24,e11,c1,p20,l3,0.00
i24,e11,c1,p21,l3,0.00
i24,e11,c1,p22,l2,0.00
i24,e11,c1,p22,l3,0.00
i24,e11,c1,p24,l3,0.00
i24,e11,c1,p25,l2,0.00
i24,e11,c1,p25,l3,0.00
i24,e11,c1,p28,l3,0.00
i24,e11,c1,p29,l3,0.00
i24,e11,c1,p32,l3,0.00
i24,e11,c1,p33,l3,0.00
i24,e11,c1,p35,l2,0.00
i24,e11,c1,p35,l3,0.00
i24,e11,c4,p15,l3,0.00
i24,e11,c4,p19,l2,0.00
i24,e11,c4,p19,l3,0.00
i24,e11,c4,p35,l3,0.00
i24,e12,c1,p01,l3,0.00
i24,e12,c1,p03,l3,0.00
i24,e12,c1,p06,l3,0.00
i24,e12,c1,p07,l3,0.00
i24,e12,c1,p09,l3,0.00
i24,e12,c1,p10,l3,0.00
i24,e12,c1,p14,l3,0.00
i24,e12,c1,p15,l3,0.00
i24,e12,c1,p18,l3,0.00
i24,e12,c1,p19,l3,0.00
i24,e12,c1,p20,l3,0.00
i24,e12,c1,p21,l3,0.00
i24,e12,c1,p22,l3,0.00
i24,e12,c1,p23,l3,0.00
i24,e12,c1,p24,l3,0.00
i24,e12,c1,p25,l3,0.00
i24,e12,c1,p28,l3,0.00
i24,e12,c1,p35,l3,0.00
i24,e12,c4,p19,l3,0.00
i24,e12,c4,p35,l3,0.00
i24,e12,c7,p35,l3,0.00
i25,e01,c3,p03,l3,0.00
i25,e01,c3,p14,l3,0.00
i25,e01,c3,p19,l3,0.00
i25,e01,c3,p35,l3,0.00
i25,e01,c5,p01,l3,0.00
i25,e01,c5,p02,l3,0.00
i25,e01,c5,p03,l3,0.00
i25,e01,c5,p04,l3,0.00
i25,e01,c5,p05,l3,0.00
i25,e01,c5,p06,l3,0.00
i25,e01,c5,p07,l3,0.00
i25,e01,c5,p08,l3,0.00
i25,e01,c5,p09,l3,0.00
i25,e01,c5,p10,l3,0.00
i25,e01,c5,p11,l3,0.00
i25,e01,c5,p12,l3,0.00
i25,e01,c5,p13,l3,0.00
i25,e01,c5,p14,l3,0.00
i25,e01,c5,p15,l3,0.00
i25,e01,c5,p16,l3,0.00
i25,e01,c5,p17,l3,0.00
i25,e01,c5,p18,l3,0.00
i25,e01,c5,p19,l3,0.00
i25,e01,c5,p20,l3,0.00
i25,e01,c5,p21,l3,0.00
i25,e01,c5,p22,l3,0.00
i25,e01,c5,p23,l3,0.00
i25,e01,c5,p24,l3,0.00
i25,e01,c5,p25,l3,0.00
i25,e01,c5,p26,l3,0.00
i25,e01,c5,p28,l3,0.00
i25,e01,c5,p29,l3,0.00
i25,e01,c5,p31,l3,0.00
i25,e01,c5,p32,l3,0.00
i25,e01,c5,p35,l3,0.00
i25,e03,c3,p03,l3,0.00
i25,e03,c3,p06,l3,0.00
i25,e03,c3,p10,l3,0.00
i25,e03,c3,p12,l3,0.00
i25,e03,c3,p14,l3,0.00
i25,e03,c3,p16,l3,0.00
i25,e03,c3,p19,l3,0.00
i25,e03,c3,p21,l3,0.00
i25,e03,c3,p35,l3,0.00
i25,e03,c5,p01,l3,0.00
i25,e03,c5,p02,l3,0.00
i25,e03,c5,p03,l3,0.00
i25,e03,c5,p04,l3,0.00
i25,e03,c5,p05,l3,0.00
i25,e03,c5,p06,l3,0.00
i25,e03,c5,p07,l3,0.00
i25,e03,c5,p08,l3,0.00
i25,e03,c5,p09,l3,0.00
i25,e03,c5,p10,l3,0.00
i25,e03,c5,p11,l3,0.00
i25,e03,c5,p12,l3,0.00
i25,e03,c5,p13,l3,0.00
i25,e03,c5,p14,l3,0.00
i25,e03,c5,p15,l3,0.00
i25,e03,c5,p16,l3,0.00
i25,e03,c5,p17,l3,0.00
i25,e03,c5,p18,l3,0.00
i25,e03,c5,p19,l3,0.00
i25,e03,c5,p20,l3,0.00
i25,e03,c5,p21,l3,0.00
i25,e03,c5,p22,l3,0.00
i25,e03,c5,p23,l3,0.00
i25,e03,c5,p24,l3,0.00
i25,e03,c5,p25,l3,0.00
i25,e03,c5,p26,l3,0.00
i25,e03,c5,p28,l3,0.00
i25,e03,c5,p29,l3,0.00
i25,e03,c5,p31,l3,0.00
i25,e03,c5,p32,l3,0.00
i25,e03,c5,p33,l3,0.00
i25,e03,c5,p35,l3,0.00
i25,e04,c3,p12,l3,0.00
i25,e04,c3,p14,l3,0.00
i25,e04,c3,p21,l3,0.00
i25,e04,c5,p01,l3,0.00
i25,e04,c5,p02,l3,0.00
i25,e04,c5,p03,l3,0.00
i25,e04,c5,p04,l3,0.00
i25,e04,c5,p05,l3,0.00
i25,e04,c5,p06,l3,0.00
i25,e04,c5,p07,l3,0.00
i25,e04,c5,p08,l3,0.00
i25,e04,c5,p09,l3,0.00
i25,e04,c5,p10,l3,0.00
i25,e04,c5,p11,l3,0.00
i25,e04,c5,p12,l3,0.00
i25,e04,c5,p13,l3,0.00
i25,e04,c5,p14,l3,0.00
i25,e04,c5,p15,l3,0.00
i25,e04,c5,p16,l3,0.00
i25,e04,c5,p17,l3,0.00
i25,e04,c5,p18,l3,0.00
i25,e04,c5,p19,l3,0.00
i25,e04,c5,p20,l3,0.00
i25,e04,c5,p21,l3,0.00
i25,e04,c5,p22,l3,0.00
i25,e04,c5,p23,l3,0.00
i25,e04,c5,p24,l3,0.00
i25,e04,c5,p25,l3,0.00
i25,e04,c5,p28,l3,0.00
i25,e04,c5,p29,l3,0.00
i25,e04,c5,p31,l3,0.00
i25,e04,c5,p32,l3,0.00
i25,e04,c5,p35,l3,0.00
i25,e05,c5,p01,l3,0.00
i25,e05,c5,p02,l3,0.00
i25,e05,c5,p03,l3,0.00
i25,e05,c5,p04,l3,0.00
i25,e05,c5,p05,l3,0.00
i25,e05,c5,p07,l3,0.00
i25,e05,c5,p09,l3,0.00
i25,e05,c5,p10,l3,0.00
i25,e05,c5,p11,l3,0.00
i25,e05,c5,p12,l3,0.00
i25,e05,c5,p13,l3,0.00
i25,e05,c5,p15,l3,0.00
i25,e05,c5,p16,l3,0.00
i25,e05,c5,p17,l3,0.00
i25,e05,c5,p18,l3,0.00
i25,e05,c5,p19,l3,0.00
i25,e05,c5,p21,l3,0.00
i25,e05,c5,p22,l3,0.00
i25,e05,c5,p23,l3,0.00
i25,e05,c5,p24,l3,0.00
i25,e05,c5,p25,l3,0.00
i25,e05,c5,p28,l3,0.00
i25,e05,c5,p29,l3,0.00
i25,e05,c5,p31,l3,0.00
i25,e05,c5,p35,l3,0.00
i25,e07,c3,p02,l3,0.00
i25,e07,c3,p03,l3,0.00
i25,e07,c5,p01,l3,0.00
i25,e07,c5,p02,l3,0.00
i25,e07,c5,p03,l3,0.00
i25,e07,c5,p04,l3,0.00
i25,e07,c5,p06,l3,0.00
i25,e07,c5,p07,l3,0.00
i25,e07,c5,p09,l3,0.00
i25,e07,c5,p10,l3,0.00
i25,e07,c5,p11,l3,0.00
i25,e07,c5,p12,l3,0.00
i25,e07,c5,p15,l3,0.00
i25,e07,c5,p16,l3,0.00
i25,e07,c5,p17,l3,0.00
i25,e07,c5,p18,l3,0.00
i25,e07,c5,p19,l3,0.00
i25,e07,c5,p21,l3,0.00
i25,e07,c5,p24,l3,0.00
i25,e07,c5,p25,l3,0.00
i25,e07,c5,p28,l3,0.00
i25,e07,c5,p29,l3,0.00
i25,e07,c5,p35,l3,0.00
i25,e08,c3,p01,l3,0.00
i25,e08,c3,p02,l3,0.00
i25,e08,c3,p03,l3,0.00
i25,e08,c3,p04,l3,0.00
i25,e08,c3,p06,l3,0.00
i25,e08,c3,p10,l3,0.00
i25,e08,c3,p12,l3,0.00
i25,e08,c3,p13,l3,0.00
i25,e08,c3,p14,l3,0.00
i25,e08,c3,p16,l3,0.00
i25,e08,c3,p17,l3,0.00
i25,e08,c3,p19,l3,0.00
i25,e08,c3,p21,l3,0.00
i25,e08,c3,p28,l3,0.00
i25,e08,c3,p35,l3,0.00
i25,e08,c5,p01,l3,0.00
i25,e08,c5,p02,l3,0.00
i25,e08,c5,p03,l3,0.00
i25,e08,c5,p04,l3,0.00
i25,e08,c5,p05,l3,0.00
i25,e08,c5,p06,l3,0.00
i25,e08,c5,p07,l3,0.00
i25,e08,c5,p08,l3,0.00
i25,e08,c5,p09,l3,0.00
i25,e08,c5,p10,l3,0.00
i25,e08,c5,p11,l3,0.00
i25,e08,c5,p12,l3,0.00
i25,e08,c5,p13,l3,0.00
i25,e08,c5,p14,l3,0.00
i25,e08,c5,p15,l3,2.16
i25,e08,c5,p16,l3,0.00
i25,e08,c5,p17,l3,0.00
i25,e08,c5,p18,l3,0.00
i25,e08,c5,p19,l3,0.00
i25,e08,c5,p20,l3,0.00
i25,e08,c5,p21,l3,0.00
i25,e08,c5,p22,l3,0.00
i25,e08,c5,p23,l3,0.00
i25,e08,c5,p24,l3,0.00
i25,e08,c5,p25,l3,0.00
i25,e08,c5,p26,l3,0.00
i25,e08,c5,p28,l3,0.00
i25,e08,c5,p29,l3,0.00
i25,e08,c5,p31,l3,0.00
i25,e08,c5,p32,l3,0.00
i25,e08,c5,p33,l3,0.00
i25,e08,c5,p35,l3,0.00
i25,e09,c3,p03,l3,0.00
i25,e09,c3,p10,l3,0.00
i25,e09,c3,p14,l3,0.00
i25,e09,c3,p17,l3,0.00
i25,e09,c3,p19,l3,0.00
i25,e09,c3,p21,l3,0.00
i25,e09,c3,p35,l3,0.00
i25,e09,c5,p01,l3,0.00
i25,e09,c5,p02,l3,0.00
i25,e09,c5,p03,l3,0.00
i25,e09,c5,p04,l3,0.00
i25,e09,c5,p05,l3,0.00
i25,e09,c5,p06,l3,0.00
i25,e09,c5,p07,l3,0.00
i25,e09,c5,p08,l3,0.00
i25,e09,c5,p09,l3,0.00
i25,e09,c5,p10,l3,0.00
i25,e09,c5,p11,l3,0.00
i25,e09,c5,p12,l3,0.00
i25,e09,c5,p13,l3,0.00
i25,e09,c5,p14,l3,0.00
i25,e09,c5,p15,l3,0.00
i25,e09,c5,p16,l3,0.00
i25,e09,c5,p17,l3,0.00
i25,e09,c5,p18,l3,0.00
i25,e09,c5,p19,l3,0.00
i25,e09,c5,p20,l3,0.00
i25,e09,c5,p21,l3,0.00
i25,e09,c5,p22,l3,0.00
i25,e09,c5,p23,l3,0.00
i25,e09,c5,p24,l3,0.00
i25,e09,c5,p25,l3,0.00
i25,e09,c5,p26,l3,0.00
i25,e09,c5,p28,l3,0.00
i25,e09,c5,p29,l3,0.00
i25,e09,c5,p31,l3,0.00
i25,e09,c5,p32,l3,0.00
i25,e09,c5,p35,l3,0.00
i25,e10,c3,p01,l4,0.00
i25,e10,c3,p02,l4,0.00
i25,e10,c3,p03,l4,0.00
i25,e10,c3,p04,l4,0.00
i25,e10,c3,p06,l3,0.00
i25,e10,c3,p06,l4,0.00
i25,e10,c3,p07,l4,0.00
i25,e10,c3,p10,l3,0.00
i25,e10,c3,p10,l4,0.00
i25,e10,c3,p12,l3,0.00
i25,e10,c3,p12,l4,0.00
i25,e10,c3,p13,l4,0.00
i25,e10,c3,p14,l3,0.00
i25,e10,c3,p14,l4,0.00
i25,e10,c3,p15,l3,0.00
i25,e10,c3,p15,l4,0.00
i25,e10,c3,p16,l4,0.00
i25,e10,c3,p17,l3,0.00
i25,e10,c3,p17,l4,0.00
i25,e10,c3,p19,l4,0.00
i25,e10,c3,p21,l4,0.00
i25,e10,c3,p28,l4,0.00
i25,e10,c3,p35,l3,0.00
i25,e10,c3,p35,l4,0.00
i25,e10,c5,p01,l3,0.00
i25,e10,c5,p01,l4,0.00
i25,e10,c5,p02,l3,0.00
i25,e10,c5,p02,l4,0.00
i25,e10,c5,p03,l3,0.00
i25,e10,c5,p03,l4,0.00
i25,e10,c5,p04,l3,0.00
i25,e10,c5,p04,l4,0.00
i25,e10,c5,p05,l3,0.00
i25,e10,c5,p05,l4,0.00
i25,e10,c5,p06,l3,0.00
i25,e10,c5,p06,l4,0.00
i25,e10,c5,p07,l3,0.00
i25,e10,c5,p07,l4,0.00
i25,e10,c5,p08,l3,0.00
i25,e10,c5,p08,l4,0.00
i25,e10,c5,p09,l3,0.00
i25,e10,c5,p09,l4,0.00
i25,e10,c5,p10,l3,0.00
i25,e10,c5,p10,l4,0.00
i25,e10,c5,p11,l3,0.00
i25,e10,c5,p11,l4,0.00
i25,e10,c5,p12,l3,0.00
i25,e10,c5,p12,l4,0.00
i25,e10,c5,p13,l3,0.00
i25,e10,c5,p13,l4,0.00
i25,e10,c5,p14,l3,0.00
i25,e10,c5,p14,l4,0.00
i25,e10,c5,p15,l3,0.00
i25,e10,c5,p15,l4,0.00
i25,e10,c5,p16,l3,0.00
i25,e10,c5,p16,l4,0.00
i25,e10,c5,p17,l3,0.00
i25,e10,c5,p17,l4,0.00
i25,e10,c5,p18,l3,0.00
i25,e10,c5,p18,l4,0.00
i25,e10,c5,p19,l3,0.00
i25,e10,c5,p19,l4,0.00
i25,e10,c5,p20,l3,0.00
i25,e10,c5,p20,l4,0.00
i25,e10,c5,p21,l3,0.00
i25,e10,c5,p21,l4,0.00
i25,e10,c5,p22,l3,0.00
i25,e10,c5,p22,l4,0.00
i25,e10,c5,p23,l3,0.00
i25,e10,c5,p23,l4,0.00
i25,e10,c5,p24,l3,0.00
i25,e10,c5,p24,l4,0.00
i25,e10,c5,p25,l3,0.00
i25,e10,c5,p25,l4,0.00
i25,e10,c5,p26,l3,0.00
i25,e10,c5,p26,l4,0.00
i25,e10,c5,p28,l3,0.00
i25,e10,c5,p28,l4,0.00
i25,e10,c5,p29,l3,0.00
i25,e10,c5,p29,l4,0.00
i25,e10,c5,p30,l4,0.00
i25,e10,c5,p31,l3,0.00
i25,e10,c5,p31,l4,0.00
i25,e10,c5,p32,l3,0.00
i25,e10,c5,p32,l4,0.00
i25,e10,c5,p33,l3,0.00
i25,e10,c5,p33,l4,0.00
i25,e10,c5,p35,l3,0.00
i25,e10,c5,p35,l4,0.00
i25,e11,c3,p06,l3,0.00
i25,e11,c3,p10,l3,0.00
i25,e11,c3,p14,l3,0.00
i25,e11,c5,p01,l3,0.00
i25,e11,c5,p02,l3,0.00
i25,e11,c5,p03,l3,0.00
i25,e11,c5,p04,l3,0.00
i25,e11,c5,p05,l3,0.00
i25,e11,c5,p06,l3,0.00
i25,e11,c5,p07,l3,0.00
i25,e11,c5,p08,l3,0.00
i25,e11,c5,p09,l3,0.00
i25,e11,c5,p10,l3,0.00
i25,e11,c5,p11,l3,0.00
i25,e11,c5,p12,l3,0.00
i25,e11,c5,p13,l3,0.00
i25,e11,c5,p14,l3,0.00
i25,e11,c5,p15,l3,1.64
i25,e11,c5,p16,l3,0.00
i25,e11,c5,p17,l3,0.00
i25,e11,c5,p18,l3,0.00
i25,e11,c5,p19,l3,0.00
i25,e11,c5,p20,l3,0.00
i25,e11,c5,p21,l3,0.00
i25,e11,c5,p22,l3,0.00
i25,e11,c5,p23,l3,0.00
i25,e11,c5,p24,l3,0.00
i25,e11,c5,p25,l3,0.00
i25,e11,c5,p28,l3,0.00
i25,e11,c5,p29,l3,0.00
i25,e11,c5,p31,l3,0.00
i25,e11,c5,p32,l3,0.00
i25,e11,c5,p33,l3,0.00
i25,e11,c5,p35,l3,0.00
i25,e12,c3,p01,l3,0.00
i25,e12,c3,p03,l3,0.00
i25,e12,c3,p04,l3,0.00
i25,e12,c3,p10,l3,0.00
i25,e12,c3,p14,l3,0.00
i25,e12,c3,p16,l3,0.00
i25,e12,c3,p19,l3,0.00
i25,e12,c3,p35,l3,0.00
i25,e12,c5,p01,l3,0.00
i25,e12,c5,p02,l3,0.00
i25,e12,c5,p03,l3,0.00
i25,e12,c5,p04,l3,0.00
i25,e12,c5,p05,l3,0.00
i25,e12,c5,p06,l3,0.00
i25,e12,c5,p07,l3,0.00
i25,e12,c5,p08,l3,0.00
i25,e12,c5,p09,l3,0.00
i25,e12,c5,p10,l3,0.00
i25,e12,c5,p11,l3,0.00
i25,e12,c5,p12,l3,0.00
i25,e12,c5,p13,l3,0.00
i25,e12,c5,p14,l3,0.00
i25,e12,c5,p15,l3,0.00
i25,e12,c5,p16,l3,0.00
i25,e12,c5,p17,l3,0.00
i25,e12,c5,p18,l3,0.00
i25,e12,c5,p19,l3,0.00
i25,e12,c5,p20,l3,0.00
i25,e12,c5,p21,l3,0.00
i25,e12,c5,p22,l3,0.00
i25,e12,c5,p23,l3,0.00
i25,e12,c5,p24,l3,0.00
i25,e12,c5,p25,l3,0.00
i25,e12,c5,p26,l3,0.00
i25,e12,c5,p28,l3,0.00
i25,e12,c5,p29,l3,0.00
i25,e12,c5,p31,l3,0.00
i25,e12,c5,p32,l3,0.00
i25,e12,c5,p33,l3,0.00
i25,e12,c5,p35,l3,0.00
i26,e01,c1,p35,l3,2.02
i26,e01,c4,p35,l3,0.00
i26,e04,c1,p35,l1,0.00
i26,e04,c1,p35,l3,1.97
i26,e04,c4,p35,l1,0.00
i26,e04,c4,p35,l3,0.00
i26,e04,c7,p35,l3,0.00
i26,e05,c1,p35,l1,0.00
i26,e05,c1,p35,l3,0.00
i26,e05,c7,p35,l3,0.00
i26,e08,c1,p35,l2,0.00
i26,e08,c1,p35,l3,0.00
i26,e08,c4,p35,l2,0.00
i26,e08,c4,p35,l3,0.00
i26,e09,c1,p35,l2,0.00
i26,e09,c1,p35,l3,0.00
i26,e09,c4,p35,l2,0.00
i26,e09,c4,p35,l3,0.00
i26,e09,c7,p35,l3,0.00
i26,e11,c1,p35,l2,0.00
i26,e11,c1,p35,l3,2.54
i26,e11,c4,p35,l2,0.00
i26,e11,c4,p35,l3,0.00
i26,e11,c7,p35,l3,0.00
i27,e01,c3,p01,l3,0.00
i27,e01,c3,p03,l3,0.00
i27,e01,c3,p04,l3,0.00
i27,e01,c3,p05,l3,0.00
i27,e01,c3,p06,l3,0.00
i27,e01,c3,p07,l3,0.00
i27,e01,c3,p08,l3,0.00
i27,e01,c3,p10,l3,0.00
i27,e01,c3,p11,l3,0.00
i27,e01,c3,p15,l3,0.00
i27,e01,c3,p16,l3,0.00
i27,e01,c3,p17,l3,0.00
i27,e01,c3,p18,l3,0.00
i27,e01,c3,p19,l3,0.00
i27,e01,c3,p21,l3,0.00
i27,e01,c3,p22,l3,0.00
i27,e01,c3,p23,l3,0.00
i27,e01,c3,p24,l3,0.00
i27,e01,c3,p29,l3,0.00
i27,e01,c3,p35,l3,0.00
i27,e01,c5,p01,l3,0.00
i27,e01,c5,p02,l3,0.00
i27,e01,c5,p03,l3,0.00
i27,e01,c5,p04,l3,0.00
i27,e01,c5,p05,l3,0.00
i27,e01,c5,p06,l3,0.00
i27,e01,c5,p07,l3,0.00
i27,e01,c5,p08,l3,0.00
i27,e01,c5,p09,l3,0.00
i27,e01,c5,p10,l3,0.00
i27,e01,c5,p11,l3,0.00
i27,e01,c5,p12,l3,0.00
i27,e01,c5,p13,l3,0.00
i27,e01,c5,p14,l3,0.00
i27,e01,c5,p15,l3,0.00
i27,e01,c5,p16,l3,0.00
i27,e01,c5,p17,l3,0.00
i27,e01,c5,p18,l3,0.00
i27,e01,c5,p19,l3,0.00
i27,e01,c5,p20,l3,0.00
i27,e01,c5,p21,l3,0.00
i27,e01,c5,p22,l3,0.00
i27,e01,c5,p23,l3,0.00
i27,e01,c5,p24,l3,0.00
i27,e01,c5,p25,l3,0.00
i27,e01,c5,p26,l3,0.00
i27,e01,c5,p28,l3,0.00
i27,e01,c5,p29,l3,0.00
i27,e01,c5,p31,l3,0.00
i27,e01,c5,p32,l3,0.00
i27,e01,c5,p35,l3,0.00
i27,e02,c3,p17,l1,0.00
i27,e02,c5,p01,l1,0.00
i27,e02,c5,p01,l3,0.00
i27,e02,c5,p02,l1,0.00
i27,e02,c5,p02,l3,0.00
i27,e02,c5,p03,l1,0.00
i27,e02,c5,p03,l3,0.00
i27,e02,c5,p04,l1,0.00
i27,e02,c5,p04,l3,0.00
i27,e02,c5,p05,l1,0.00
i27,e02,c5,p05,l3,0.00
i27,e02,c5,p06,l1,0.00
i27,e02,c5,p06,l3,0.00
i27,e02,c5,p07,l1,0.00
i27,e02,c5,p07,l3,0.00
i27,e02,c5,p10,l1,0.00
i27,e02,c5,p10,l3,0.00
i27,e02,c5,p11,l3,0.00
i27,e02,c5,p12,l3,0.00
i27,e02,c5,p13,l1,0.00
i27,e02,c5,p13,l3,0.00
i27,e02,c5,p14,l1,0.00
i27,e02,c5,p14,l3,0.00
i27,e02,c5,p15,l1,0.00
i27,e02,c5,p15,l3,0.00
i27,e02,c5,p16,l1,0.00
i27,e02,c5,p16,l3,0.00
i27,e02,c5,p17,l3,0.00
i27,e02,c5,p18,l1,0.00
i27,e02,c5,p18,l3,0.00
i27,e02,c5,p19,l1,0.00
i27,e02,c5,p19,l3,0.00
i27,e02,c5,p20,l3,0.00
i27,e02,c5,p21,l1,0.00
i27,e02,c5,p21,l3,0.00
i27,e02,c5,p22,l1,0.00
i27,e02,c5,p22,l3,0.00
i27,e02,c5,p24,l1,0.00
i27,e02,c5,p24,l3,0.00
i27,e02,c5,p28,l3,0.00
i27,e02,c5,p29,l1,0.00
i27,e02,c5,p29,l3,0.00
i27,e02,c5,p35,l1,0.00
i27,e02,c5,p35,l3,0.00
i27,e04,c3,p01,l3,0.00
i27,e04,c3,p03,l1,0.00
i27,e04,c3,p03,l3,0.00
i27,e04,c3,p04,l3,0.00
i27,e04,c3,p05,l1,0.00
i27,e04,c3,p05,l3,0.00
i27,e04,c3,p06,l3,0.00
i27,e04,c3,p07,l1,0.00
i27,e04,c3,p07,l3,0.00
i27,e04,c3,p08,l1,0.00
i27,e04,c3,p08,l3,0.00
i27,e04,c3,p10,l1,0.00
i27,e04,c3,p10,l3,0.00
i27,e04,c3,p11,l1,0.00
i27,e04,c3,p11,l3,0.00
i27,e04,c3,p15,l1,0.00
i27,e04,c3,p15,l3,0.00
i27,e04,c3,p16,l1,0.00
i27,e04,c3,p16,l3,0.00
i27,e04,c3,p17,l3,0.00
i27,e04,c3,p18,l3,0.00
i27,e04,c3,p19,l1,0.00
i27,e04,c3,p19,l3,0.00
i27,e04,c3,p21,l3,0.00
i27,e04,c3,p22,l1,0.00
i27,e04,c3,p22,l3,0.00
i27,e04,c3,p23,l3,0.00
i27,e04,c3,p24,l1,0.00
i27,e04,c3,p24,l3,0.00
i27,e04,c3,p29,l1,0.00
i27,e04,c3,p29,l3,0.00
i27,e04,c3,p35,l1,0.00
i27,e04,c3,p35,l3,0.00
i27,e04,c5,p01,l1,0.00
i27,e04,c5,p01,l3,0.00
i27,e04,c5,p02,l1,0.00
i27,e04,c5,p02,l3,0.00
i27,e04,c5,p03,l1,0.00
i27,e04,c5,p03,l3,0.00
i27,e04,c5,p04,l1,0.00
i27,e04,c5,p04,l3,0.00
i27,e04,c5,p05,l1,0.00
i27,e04,c5,p05,l3,0.00
i27,e04,c5,p06,l1,0.00
i27,e04,c5,p06,l3,0.00
i27,e04,c5,p07,l1,0.00
i27,e04,c5,p07,l3,0.00
i27,e04,c5,p08,l1,0.00
i27,e04,c5,p08,l3,0.00
i27,e04,c5,p09,l1,0.00
i27,e04,c5,p09,l3,0.00
i27,e04,c5,p10,l1,0.00
i27,e04,c5,p10,l3,0.00
i27,e04,c5,p11,l1,0.00
i27,e04,c5,p11,l3,0.00
i27,e04,c5,p12,l1,0.00
i27,e04,c5,p12,l3,0.00
i27,e04,c5,p13,l1,0.00
i27,e04,c5,p13,l3,0.00
i27,e04,c5,p14,l1,0.00
i27,e04,c5,p14,l3,0.00
i27,e04,c5,p15,l1,0.00
i27,e04,c5,p15,l3,0.00
i27,e04,c5,p16,l1,0.00
i27,e04,c5,p16,l3,0.00
i27,e04,c5,p17,l1,0.00
i27,e04,c5,p17,l3,0.00
i27,e04,c5,p18,l1,0.00
i27,e04,c5,p18,l3,0.00
i27,e04,c5,p19,l1,0.00
i27,e04,c5,p19,l3,0.00
i27,e04,c5,p20,l1,0.00
i27,e04,c5,p20,l3,0.00
i27,e04,c5,p21,l1,0.00
i27,e04,c5,p21,l3,0.00
i27,e04,c5,p22,l1,0.00
i27,e04,c5,p22,l3,0.00
i27,e04,c5,p23,l1,0.00
i27,e04,c5,p23,l3,0.00
i27,e04,c5,p24,l1,0.00
i27,e04,c5,p24,l3,0.00
i27,e04,c5,p25,l1,0.00
i27,e04,c5,p25,l3,0.00
i27,e04,c5,p26,l3,0.00
i27,e04,c5,p28,l1,0.00
i27,e04,c5,p28,l3,0.00
i27,e04,c5,p29,l1,0.00
i27,e04,c5,p29,l3,0.00
i27,e04,c5,p31,l3,0.00
i27,e04,c5,p32,l1,0.00
i27,e04,c5,p32,l3,0.00
i27,e04,c5,p33,l3,0.00
i27,e04,c5,p35,l1,0.00
i27,e04,c5,p35,l3,0.00
i27,e05,c3,p03,l3,0.00
i27,e05,c3,p05,l3,0.00
i27,e05,c3,p06,l1,0.00
i27,e05,c3,p06,l3,0.00
i27,e05,c3,p10,l1,0.00
i27,e05,c3,p10,l3,0.00
i27,e05,c3,p11,l3,0.00
i27,e05,c3,p19,l3,0.00
i27,e05,c3,p21,l3,0.00
i27,e05,c3,p22,l3,0.00
i27,e05,c3,p35,l3,0.00
i27,e05,c5,p01,l1,0.00
i27,e05,c5,p01,l3,0.00
i27,e05,c5,p02,l1,0.00
i27,e05,c5,p02,l3,0.00
i27,e05,c5,p03,l1,0.00
i27,e05,c5,p03,l3,0.00
i27,e05,c5,p04,l1,0.00
i27,e05,c5,p04,l3,0.00
i27,e05,c5,p05,l1,0.00
i27,e05,c5,p05,l3,0.00
i27,e05,c5,p06,l1,0.00
i27,e05,c5,p06,l3,0.00
i27,e05,c5,p07,l1,0.00
i27,e05,c5,p07,l3,0.00
i27,e05,c5,p08,l3,0.00
i27,e05,c5,p09,l1,0.00
i27,e05,c5,p09,l3,0.00
i27,e05,c5,p10,l1,0.00
i27,e05,c5,p10,l3,0.00
i27,e05,c5,p11,l1,0.00
i27,e05,c5,p11,l3,0.00
i27,e05,c5,p12,l1,0.00
i27,e05,c5,p12,l3,0.00
i27,e05,c5,p13,l1,0.00
i27,e05,c5,p13,l3,0.00
i27,e05,c5,p14,l1,0.00
i27,e05,c5,p14,l3,0.00
i27,e05,c5,p15,l1,0.00
i27,e05,c5,p15,l3,0.00
i27,e05,c5,p16,l1,0.00
i27,e05,c5,p16,l3,0.00
i27,e05,c5,p17,l1,0.00
i27,e05,c5,p17,l3,0.00
i27,e05,c5,p18,l1,0.00
i27,e05,c5,p18,l3,0.00
i27,e05,c5,p19,l1,0.00
i27,e05,c5,p19,l3,0.00
i27,e05,c5,p20,l1,0.00
i27,e05,c5,p20,l3,0.00
i27,e05,c5,p21,l1,0.00
i27,e05,c5,p21,l3,0.00
i27,e05,c5,p22,l1,0.00
i27,e05,c5,p22,l3,0.00
i27,e05,c5,p23,l1,0.00
i27,e05,c5,p23,l3,0.00
i27,e05,c5,p24,l1,0.00
i27,e05,c5,p24,l3,0.00
i27,e05,c5,p28,l3,0.00
i27,e05,c5,p29,l1,0.00
i27,e05,c5,p29,l3,0.00
i27,e05,c5,p35,l1,0.00
i27,e05,c5,p35,l3,0.00
i27,e07,c5,p01,l3,0.00
i27,e07,c5,p10,l3,0.00
i27,e07,c5,p29,l3,0.00
i27,e08,c3,p01,l3,0.00
i27,e08,c3,p03,l2,0.00
i27,e08,c3,p03,l3,0.00
i27,e08,c3,p04,l3,0.00
i27,e08,c3,p05,l2,0.00
i27,e08,c3,p05,l3,0.00
i27,e08,c3,p07,l2,0.00
i27,e08,c3,p07,l3,0.00
i27,e08,c3,p08,l2,0.00
i27,e08,c3,p08,l3,0.00
i27,e08,c3,p10,l3,0.00
i27,e08,c3,p11,l2,0.00
i27,e08,c3,p11,l3,0.00
i27,e08,c3,p15,l2,0.00
i27,e08,c3,p15,l3,0.00
i27,e08,c3,p16,l2,0.00
i27,e08,c3,p16,l3,0.00
i27,e08,c3,p17,l3,0.00
i27,e08,c3,p18,l3,0.00
i27,e08,c3,p19,l2,0.00
i27,e08,c3,p19,l3,0.00
i27,e08,c3,p21,l2,0.00
i27,e08,c3,p21,l3,0.00
i27,e08,c3,p22,l2,0.00
i27,e08,c3,p22,l3,0.00
i27,e08,c3,p24,l3,0.00
i27,e08,c3,p29,l2,0.00
i27,e08,c3,p29,l3,0.00
i27,e08,c3,p35,l2,0.00
i27,e08,c3,p35,l3,0.00
i27,e08,c5,p01,l2,0.00
i27,e08,c5,p01,l3,0.00
i27,e08,c5,p02,l2,0.00
i27,e08,c5,p02,l3,0.00
i27,e08,c5,p03,l2,0.00
i27,e08,c5,p03,l3,0.00
i27,e08,c5,p04,l2,0.00
i27,e08,c5,p04,l3,0.00
i27,e08,c5,p05,l2,0.00
i27,e08,c5,p05,l3,0.00
i27,e08,c5,p06,l2,0.00
i27,e08,c5,p06,l3,0.00
i27,e08,c5,p07,l2,0.00
i27,e08,c5,p07,l3,0.00
i27,e08,c5,p08,l2,0.00
i27,e08,c5,p08,l3,0.00
i27,e08,c5,p09,l2,0.00
i27,e08,c5,p09,l3,0.00
i27,e08,c5,p10,l2,0.00
i27,e08,c5,p10,l3,0.00
i27,e08,c5,p11,l2,0.00
i27,e08,c5,p11,l3,0.00
i27,e08,c5,p12,l2,0.00
i27,e08,c5,p12,l3,0.00
i27,e08,c5,p13,l2,0.00
i27,e08,c5,p13,l3,0.00
i27,e08,c5,p14,l2,0.00
i27,e08,c5,p14,l3,0.00
i27,e08,c5,p15,l2,0.00
i27,e08,c5,p15,l3,0.00
i27,e08,c5,p16,l2,0.00
i27,e08,c5,p16,l3,0.00
i27,e08,c5,p17,l2,0.00
i27,e08,c5,p17,l3,0.00
i27,e08,c5,p18,l2,0.00
i27,e08,c5,p18,l3,0.00
i27,e08,c5,p19,l2,0.00
i27,e08,c5,p19,l3,0.00
i27,e08,c5,p20,l2,0.00
i27,e08,c5,p20,l3,0.00
i27,e08,c5,p21,l2,0.00
i27,e08,c5,p21,l3,0.00
i27,e08,c5,p22,l2,0.00
i27,e08,c5,p22,l3,0.00
i27,e08,c5,p23,l2,0.00
i27,e08,c5,p23,l3,0.00
i27,e08,c5,p24,l2,0.00
i27,e08,c5,p24,l3,0.00
i27,e08,c5,p25,l2,0.00
i27,e08,c5,p25,l3,0.00
i27,e08,c5,p26,l3,0.00
i27,e08,c5,p28,l2,0.00
i27,e08,c5,p28,l3,0.00
i27,e08,c5,p29,l2,0.00
i27,e08,c5,p29,l3,0.00
i27,e08,c5,p32,l2,0.00
i27,e08,c5,p32,l3,0.00
i27,e08,c5,p35,l2,0.00
i27,e08,c5,p35,l3,0.00
i27,e09,c3,p01,l2,0.00
i27,e09,c3,p01,l3,0.00
i27,e09,c3,p03,l2,0.00
i27,e09,c3,p03,l3,0.00
i27,e09,c3,p04,l2,0.00
i27,e09,c3,p04,l3,0.00
i27,e09,c3,p05,l2,0.00
i27,e09,c3,p05,l3,0.00
i27,e09,c3,p06,l2,0.00
i27,e09,c3,p06,l3,0.00
i27,e09,c3,p07,l2,0.00
i27,e09,c3,p07,l3,0.00
i27,e09,c3,p08,l2,0.00
i27,e09,c3,p08,l3,0.00
i27,e09,c3,p10,l2,0.00
i27,e09,c3,p10,l3,0.00
i27,e09,c3,p11,l2,0.00
i27,e09,c3,p11,l3,0.00
i27,e09,c3,p15,l2,0.00
i27,e09,c3,p15,l3,0.00
i27,e09,c3,p16,l3,0.00
i27,e09,c3,p17,l2,0.00
i27,e09,c3,p17,l3,0.00
i27,e09,c3,p18,l3,0.00
i27,e09,c3,p19,l2,0.00
i27,e09,c3,p19,l3,0.00
i27,e09,c3,p21,l2,0.00
i27,e09,c3,p21,l3,0.00
i27,e09,c3,p22,l2,0.00
i27,e09,c3,p22,l3,0.00
i27,e09,c3,p23,l3,0.00
i27,e09,c3,p24,l3,0.00
i27,e09,c3,p29,l2,0.00
i27,e09,c3,p29,l3,0.00
i27,e09,c3,p35,l2,0.00
i27,e09,c3,p35,l3,0.00
i27,e09,c5,p01,l2,0.00
i27,e09,c5,p01,l3,0.00
i27,e09,c5,p02,l2,0.00
i27,e09,c5,p02,l3,0.00
i27,e09,c5,p03,l2,0.00
i27,e09,c5,p03,l3,0.00
i27,e09,c5,p04,l2,0.00
i27,e09,c5,p04,l3,1.41
i27,e09,c5,p05,l2,0.00
i27,e09,c5,p05,l3,0.00
i27,e09,c5,p06,l2,0.00
i27,e09,c5,p06,l3,0.00
i27,e09,c5,p07,l2,0.00
i27,e09,c5,p07,l3,0.00
i27,e09,c5,p08,l2,0.00
i27,e09,c5,p08,l3,0.00
i27,e09,c5,p09,l2,0.00
i27,e09,c5,p09,l3,0.00
i27,e09,c5,p10,l2,0.00
i27,e09,c5,p10,l3,0.00
i27,e09,c5,p11,l2,0.00
i27,e09,c5,p11,l3,0.00
i27,e09,c5,p12,l2,0.00
i27,e09,c5,p12,l3,0.00
i27,e09,c5,p13,l2,0.00
i27,e09,c5,p13,l3,0.00
i27,e09,c5,p14,l2,0.00
i27,e09,c5,p14,l3,0.00
i27,e09,c5,p15,l2,0.00
i27,e09,c5,p15,l3,0.00
i27,e09,c5,p16,l2,0.00
i27,e09,c5,p16,l3,0.00
i27,e09,c5,p17,l2,0.00
i27,e09,c5,p17,l3,0.00
i27,e09,c5,p18,l2,0.00
i27,e09,c5,p18,l3,0.00
i27,e09,c5,p19,l2,0.00
i27,e09,c5,p19,l3,0.00
i27,e09,c5,p20,l2,0.00
i27,e09,c5,p20,l3,0.00
i27,e09,c5,p21,l2,0.00
i27,e09,c5,p21,l3,0.00
i27,e09,c5,p22,l2,0.00
i27,e09,c5,p22,l3,0.00
i27,e09,c5,p23,l2,0.00
i27,e09,c5,p23,l3,0.00
i27,e09,c5,p24,l2,0.00
i27,e09,c5,p24,l3,0.00
i27,e09,c5,p25,l2,0.00
i27,e09,c5,p25,l3,0.00
i27,e09,c5,p26,l3,0.00
i27,e09,c5,p28,l2,0.00
i27,e09,c5,p28,l3,0.00
i27,e09,c5,p29,l2,0.00
i27,e09,c5,p29,l3,0.00
i27,e09,c5,p32,l2,0.00
i27,e09,c5,p32,l3,0.00
i27,e09,c5,p35,l2,0.00
i27,e09,c5,p35,l3,0.00
i27,e10,c3,p01,l3,0.00
i27,e10,c3,p03,l3,0.00
i27,e10,c3,p04,l3,0.00
i27,e10,c3,p05,l1,0.00
i27,e10,c3,p05,l3,0.00
i27,e10,c3,p06,l3,0.00
i27,e10,c3,p07,l1,0.00
i27,e10,c3,p07,l3,0.00
i27,e10,c3,p08,l3,0.00
i27,e10,c3,p10,l1,0.00
i27,e10,c3,p10,l3,0.00
i27,e10,c3,p11,l3,0.00
i27,e10,c3,p15,l3,0.00
i27,e10,c3,p16,l3,0.00
i27,e10,c3,p17,l3,0.00
i27,e10,c3,p18,l3,0.00
i27,e10,c3,p19,l1,0.00
i27,e10,c3,p19,l3,0.00
i27,e10,c3,p21,l3,0.00
i27,e10,c3,p22,l3,0.00
i27,e10,c3,p24,l3,0.00
i27,e10,c3,p29,l3,0.00
i27,e10,c3,p35,l1,0.00
i27,e10,c3,p35,l3,0.00
i27,e10,c5,p01,l1,0.00
i27,e10,c5,p01,l3,0.00
i27,e10,c5,p02,l1,0.00
i27,e10,c5,p02,l3,0.00
i27,e10,c5,p03,l1,0.00
i27,e10,c5,p03,l3,0.00
i27,e10,c5,p04,l1,0.00
i27,e10,c5,p04,l3,0.00
i27,e10,c5,p05,l1,0.00
i27,e10,c5,p05,l3,0.00
i27,e10,c5,p06,l1,0.00
i27,e10,c5,p06,l3,0.00
i27,e10,c5,p07,l1,0.00
i27,e10,c5,p07,l3,0.00
i27,e10,c5,p08,l3,0.00
i27,e10,c5,p09,l1,0.00
i27,e10,c5,p09,l3,0.00
i27,e10,c5,p10,l1,0.00
i27,e10,c5,p10,l3,0.00
i27,e10,c5,p11,l1,0.00
i27,e10,c5,p11,l3,0.00
i27,e10,c5,p12,l1,0.00
i27,e10,c5,p12,l3,0.00
i27,e10,c5,p13,l1,0.00
i27,e10,c5,p13,l3,0.00
i27,e10,c5,p14,l1,0.00
i27,e10,c5,p14,l3,0.00
i27,e10,c5,p15,l1,0.00
i27,e10,c5,p15,l3,0.00
i27,e10,c5,p16,l1,0.00
i27,e10,c5,p16,l3,0.00
i27,e10,c5,p17,l1,0.00
i27,e10,c5,p17,l3,0.00
i27,e10,c5,p18,l1,0.00
i27,e10,c5,p18,l3,0.00
i27,e10,c5,p19,l1,0.00
i27,e10,c5,p19,l3,0.00
i27,e10,c5,p20,l1,0.00
i27,e10,c5,p20,l3,0.00
i27,e10,c5,p21,l1,0.00
i27,e10,c5,p21,l3,0.00
i27,e10,c5,p22,l1,0.00
i27,e10,c5,p22,l3,0.00
i27,e10,c5,p23,l1,0.00
i27,e10,c5,p23,l3,0.00
i27,e10,c5,p24,l1,0.00
i27,e10,c5,p24,l3,0.00
i27,e10,c5,p25,l3,0.00
i27,e10,c5,p28,l3,0.00
i27,e10,c5,p29,l1,0.00
i27,e10,c5,p29,l3,0.00
i27,e10,c5,p35,l1,0.00
i27,e10,c5,p35,l3,0.00
i27,e11,c3,p05,l3,0.00
i27,e11,c5,p01,l3,0.00
i27,e11,c5,p04,l3,0.00
i27,e11,c5,p05,l3,0.00
i27,e11,c5,p07,l3,0.00
i27,e11,c5,p10,l3,0.00
i27,e11,c5,p11,l3,0.00
i27,e11,c5,p12,l3,0.00
i27,e11,c5,p13,l3,0.00
i27,e11,c5,p14,l3,0.00
i27,e11,c5,p15,l3,0.00
i27,e11,c5,p16,l3,0.00
i27,e11,c5,p17,l3,0.00
i27,e11,c5,p18,l3,0.00
i27,e11,c5,p19,l3,0.00
i27,e11,c5,p20,l3,0.00
i27,e11,c5,p21,l3,0.00
i27,e11,c5,p22,l3,0.00
i27,e11,c5,p23,l3,0.00
i27,e11,c5,p24,l3,0.00
i27,e11,c5,p29,l3,0.00
i27,e11,c5,p35,l3,0.00
i27,e12,c3,p05,l3,0.00
i27,e12,c5,p01,l3,0.00
i27,e12,c5,p02,l3,0.00
i27,e12,c5,p03,l3,0.00
i27,e12,c5,p04,l3,0.00
i27,e12,c5,p05,l3,0.00
i27,e12,c5,p06,l3,0.00
i27,e12,c5,p07,l3,0.00
i27,e12,c5,p08,l3,0.00
i27,e12,c5,p09,l3,0.00
i27,e12,c5,p10,l3,0.00
i27,e12,c5,p11,l3,0.00
i27,e12,c5,p12,l3,0.00
i27,e12,c5,p13,l3,0.00
i27,e12,c5,p15,l3,0.00
i27,e12,c5,p16,l3,0.00
i27,e12,c5,p17,l3,0.00
i27,e12,c5,p18,l3,0.00
i27,e12,c5,p19,l3,0.00
i27,e12,c5,p20,l3,0.00
i27,e12,c5,p21,l3,0.00
i27,e12,c5,p22,l3,0.00
i27,e12,c5,p24,l3,0.00
i27,e12,c5,p28,l3,0.00
i27,e12,c5,p29,l3,0.00
i27,e12,c5,p35,l3,0.00
i28,e01,c1,p35,l3,0.00
i28,e01,c4,p35,l3,0.00
i28,e04,c1,p35,l1,0.00
i28,e04,c1,p35,l3,0.00
i28,e04,c4,p35,l1,0.00
i28,e04,c4,p35,l3,0.00
i28,e05,c1,p35,l1,0.00
i28,e05,c1,p35,l3,0.00
i28,e05,c4,p35,l3,0.00
i28,e07,c1,p35,l3,0.00
i28,e08,c1,p35,l2,0.00
i28,e08,c1,p35,l3,0.00
i28,e08,c4,p35,l2,0.00
i28,e08,c4,p35,l3,0.00
i28,e09,c1,p35,l2,0.00
i28,e09,c1,p35,l3,0.00
i28,e09,c4,p35,l2,0.00
i28,e09,c4,p35,l3,0.00
i28,e10,c1,p35,l1,0.00
i28,e10,c1,p35,l3,0.00
i28,e10,c4,p35,l1,0.00
i28,e10,c4,p35,l3,0.00
i28,e11,c1,p35,l2,0.00
i28,e11,c1,p35,l3,0.00
i28,e11,c4,p35,l3,0.00
i28,e12,c1,p35,l3,0.00
i28,e12,c4,p35,l3,0.00
i29,e01,c5,p01,l3,0.00
i29,e01,c5,p02,l3,0.00
i29,e01,c5,p03,l3,0.00
i29,e01,c5,p04,l3,0.00
i29,e01,c5,p05,l3,0.00
i29,e01,c5,p06,l3,0.00
i29,e01,c5,p07,l3,0.00
i29,e01,c5,p08,l3,0.00
i29,e01,c5,p10,l3,0.00
i29,e01,c5,p11,l3,0.00
i29,e01,c5,p12,l3,0.00
i29,e01,c5,p13,l3,0.00
i29,e01,c5,p15,l3,0.00
i29,e01,c5,p16,l3,0.00
i29,e01,c5,p17,l3,0.00
i29,e01,c5,p18,l3,0.00
i29,e01,c5,p19,l3,0.00
i29,e01,c5,p21,l3,0.00
i29,e01,c5,p22,l3,0.00
i29,e01,c5,p23,l3,0.00
i29,e01,c5,p24,l3,0.00
i29,e01,c5,p29,l3,0.00
i29,e01,c5,p31,l3,0.00
i29,e01,c5,p32,l3,0.00
i29,e01,c5,p35,l3,5.13
i29,e04,c5,p01,l3,0.00
i29,e04,c5,p02,l3,0.00
i29,e04,c5,p03,l3,0.00
i29,e04,c5,p04,l3,0.00
i29,e04,c5,p05,l3,0.00
i29,e04,c5,p06,l3,0.00
i29,e04,c5,p07,l3,0.00
i29,e04,c5,p08,l3,0.00
i29,e04,c5,p10,l3,0.00
i29,e04,c5,p11,l3,0.00
i29,e04,c5,p12,l3,0.00
i29,e04,c5,p13,l3,0.00
i29,e04,c5,p14,l3,0.00
i29,e04,c5,p15,l3,0.00
i29,e04,c5,p16,l3,0.00
i29,e04,c5,p17,l3,0.00
i29,e04,c5,p18,l3,0.00
i29,e04,c5,p19,l3,0.00
i29,e04,c5,p21,l3,0.00
i29,e04,c5,p22,l3,0.00
i29,e04,c5,p23,l3,0.00
i29,e04,c5,p24,l3,0.00
i29,e04,c5,p29,l3,0.00
i29,e04,c5,p31,l3,0.00
i29,e04,c5,p32,l3,0.00
i29,e04,c5,p35,l3,5.17
i29,e09,c5,p01,l3,0.00
i29,e09,c5,p02,l3,0.00
i29,e09,c5,p03,l3,0.00
i29,e09,c5,p04,l3,0.00
i29,e09,c5,p05,l3,0.00
i29,e09,c5,p06,l3,0.00
i29,e09,c5,p07,l3,0.00
i29,e09,c5,p08,l3,0.00
i29,e09,c5,p10,l3,0.00
i29,e09,c5,p11,l3,0.00
i29,e09,c5,p12,l3,0.00
i29,e09,c5,p13,l3,0.00
i29,e09,c5,p15,l3,0.00
i29,e09,c5,p16,l3,0.00
i29,e09,c5,p17,l3,0.00
i29,e09,c5,p18,l3,0.00
i29,e09,c5,p19,l3,0.00
i29,e09,c5,p21,l3,0.00
i29,e09,c5,p22,l3,0.00
i29,e09,c5,p23,l3,0.00
i29,e09,c5,p24,l3,0.00
i29,e09,c5,p29,l3,0.00
i29,e09,c5,p31,l3,0.00
i29,e09,c5,p32,l3,0.00
i29,e09,c5,p35,l3,2.89
i30,e01,c1,p01,l3,0.00
i30,e01,c1,p02,l3,0.00
i30,e01,c1,p03,l3,0.00
i30,e01,c1,p04,l3,0.00
i30,e01,c1,p05,l3,0.00
i30,e01,c1,p06,l3,0.00
i30,e01,c1,p07,l3,3.07
i30,e01,c1,p08,l3,1.09
i30,e01,c1,p09,l3,0.00
i30,e01,c1,p10,l3,4.35
i30,e01,c1,p11,l3,0.00
i30,e01,c1,p12,l3,0.00
i30,e01,c1,p13,l3,0.00
i30,e01,c1,p14,l3,0.00
i30,e01,c1,p15,l3,0.00
i30,e01,c1,p16,l3,0.00
i30,e01,c1,p17,l3,0.00
i30,e01,c1,p18,l3,0.00
i30,e01,c1,p19,l3,4.51
i30,e01,c1,p20,l3,0.00
i30,e01,c1,p21,l3,1.35
i30,e01,c1,p22,l3,0.00
i30,e01,c1,p23,l3,0.00
i30,e01,c1,p24,l3,0.00
i30,e01,c1,p25,l3,0.00
i30,e01,c1,p26,l3,0.00
i30,e01,c1,p28,l3,0.00
i30,e01,c1,p29,l3,3.06
i30,e01,c1,p31,l3,0.00
i30,e01,c1,p32,l3,0.00
i30,e01,c1,p34,l3,0.00
i30,e01,c1,p35,l3,0.00
i30,e01,c4,p02,l3,0.00
i30,e01,c4,p04,l3,0.00
i30,e01,c4,p07,l3,0.00
i30,e01,c4,p10,l3,0.00
i30,e01,c4,p13,l3,0.00
i30,e01,c4,p17,l3,0.00
i30,e01,c4,p23,l3,0.00
i30,e01,c4,p35,l3,0.00
i30,e04,c1,p01,l3,1.06
i30,e04,c1,p02,l3,0.00
i30,e04,c1,p03,l3,1.28
i30,e04,c1,p04,l3,0.00
i30,e04,c1,p05,l3,0.00
i30,e04,c1,p06,l3,0.00
i30,e04,c1,p07,l3,0.00
i30,e04,c1,p08,l3,0.00
i30,e04,c1,p09,l3,0.00
i30,e04,c1,p10,l3,2.49
i30,e04,c1,p11,l3,0.00
i30,e04,c1,p12,l3,2.25
i30,e04,c1,p13,l3,0.00
i30,e04,c1,p14,l3,0.00
i30,e04,c1,p15,l3,0.00
i30,e04,c1,p16,l3,0.00
i30,e04,c1,p17,l3,0.00
i30,e04,c1,p18,l3,0.00
i30,e04,c1,p19,l3,1.09
i30,e04,c1,p20,l3,0.00
i30,e04,c1,p21,l3,0.00
i30,e04,c1,p22,l3,0.00
i30,e04,c1,p23,l3,0.00
i30,e04,c1,p24,l3,0.00
i30,e04,c1,p25,l3,0.00
i30,e04,c1,p26,l3,0.00
i30,e04,c1,p28,l3,0.00
i30,e04,c1,p29,l3,0.00
i30,e04,c1,p31,l3,0.00
i30,e04,c1,p32,l3,0.00
i30,e04,c1,p35,l3,0.00
i30,e04,c4,p04,l3,0.00
i30,e04,c4,p07,l3,0.00
i30,e04,c4,p10,l3,0.00
i30,e04,c4,p13,l3,0.00
i30,e04,c4,p17,l3,0.00
i30,e04,c4,p23,l3,0.00
i30,e04,c4,p35,l3,0.00
i30,e05,c1,p35,l3,0.00
i30,e09,c1,p01,l3,0.00
i30,e09,c1,p02,l3,0.00
i30,e09,c1,p03,l3,0.00
i30,e09,c1,p04,l3,0.00
i30,e09,c1,p05,l3,0.00
i30,e09,c1,p06,l3,0.00
i30,e09,c1,p07,l3,3.97
i30,e09,c1,p08,l3,0.00
i30,e09,c1,p09,l3,0.00
i30,e09,c1,p10,l3,1.35
i30,e09,c1,p11,l3,1.12
i30,e09,c1,p12,l3,0.00
i30,e09,c1,p13,l3,0.00
i30,e09,c1,p14,l3,0.00
i30,e09,c1,p15,l3,0.00
i30,e09,c1,p16,l3,0.00
i30,e09,c1,p17,l3,0.00
i30,e09,c1,p18,l3,0.00
i30,e09,c1,p19,l3,8.66
i30,e09,c1,p20,l3,0.00
i30,e09,c1,p21,l3,0.00
i30,e09,c1,p22,l3,0.00
i30,e09,c1,p23,l3,0.00
i30,e09,c1,p24,l3,0.00
i30,e09,c1,p25,l3,0.00
i30,e09,c1,p26,l3,0.00
i30,e09,c1,p28,l3,0.00
i30,e09,c1,p29,l3,1.12
i30,e09,c1,p31,l3,0.00
i30,e09,c1,p32,l3,0.00
i30,e09,c1,p35,l3,1.20
i30,e09,c4,p02,l3,0.00
i30,e09,c4,p04,l3,0.00
i30,e09,c4,p07,l3,0.00
i30,e09,c4,p10,l3,0.00
i30,e09,c4,p13,l3,0.00
i30,e09,c4,p17,l3,0.00
i30,e09,c4,p23,l3,0.00
i30,e09,c4,p35,l3,0.00
i31,e01,c1,p01,l3,0.00
i31,e01,c1,p02,l3,0.00
i31,e01,c1,p03,l3,0.00
i31,e01,c1,p04,l3,0.00
i31,e01,c1,p05,l3,0.00
i31,e01,c1,p06,l3,0.00
i31,e01,c1,p07,l3,0.00
i31,e01,c1,p08,l3,0.00
i31,e01,c1,p09,l3,0.00
i31,e01,c1,p10,l3,0.00
i31,e01,c1,p11,l3,0.00
i31,e01,c1,p12,l3,0.00
i31,e01,c1,p13,l3,0.00
i31,e01,c1,p14,l3,0.00
i31,e01,c1,p15,l3,0.00
i31,e01,c1,p16,l3,0.00
i31,e01,c1,p17,l3,0.00
i31,e01,c1,p18,l3,0.00
i31,e01,c1,p19,l3,0.00
i31,e01,c1,p20,l3,0.00
i31,e01,c1,p21,l3,0.00
i31,e01,c1,p22,l3,0.00
i31,e01,c1,p23,l3,0.00
i31,e01,c1,p24,l3,0.00
i31,e01,c1,p25,l3,0.00
i31,e01,c1,p27,l3,0.00
i31,e01,c1,p28,l3,0.00
i31,e01,c1,p29,l3,0.00
i31,e01,c1,p32,l3,0.00
i31,e01,c1,p35,l3,0.00
i31,e01,c4,p03,l3,0.00
i31,e01,c4,p04,l3,0.00
i31,e01,c4,p06,l3,0.00
i31,e01,c4,p07,l3,0.00
i31,e01,c4,p10,l3,0.00
i31,e01,c4,p11,l3,0.00
i31,e01,c4,p13,l3,0.00
i31,e01,c4,p14,l3,0.00
i31,e01,c4,p15,l3,0.00
i31,e01,c4,p16,l3,0.00
i31,e01,c4,p17,l3,0.00
i31,e01,c4,p18,l3,0.00
i31,e01,c4,p19,l3,0.00
i31,e01,c4,p20,l3,0.00
i31,e01,c4,p24,l3,0.00
i31,e01,c4,p29,l3,0.00
i31,e01,c4,p35,l3,0.00
i31,e04,c1,p01,l1,0.00
i31,e04,c1,p01,l3,0.00
i31,e04,c1,p02,l1,0.00
i31,e04,c1,p02,l3,0.00
i31,e04,c1,p03,l1,0.00
i31,e04,c1,p03,l3,0.00
i31,e04,c1,p04,l1,0.00
i31,e04,c1,p04,l3,0.00
i31,e04,c1,p05,l1,0.00
i31,e04,c1,p05,l3,0.00
i31,e04,c1,p06,l1,0.00
i31,e04,c1,p06,l3,0.00
i31,e04,c1,p07,l1,0.00
i31,e04,c1,p07,l3,0.00
i31,e04,c1,p08,l1,0.00
i31,e04,c1,p08,l3,0.00
i31,e04,c1,p09,l1,0.00
i31,e04,c1,p09,l3,0.00
i31,e04,c1,p10,l1,0.00
i31,e04,c1,p10,l3,0.00
i31,e04,c1,p11,l1,0.00
i31,e04,c1,p11,l3,0.00
i31,e04,c1,p12,l1,0.00
i31,e04,c1,p12,l3,0.00
i31,e04,c1,p13,l1,0.00
i31,e04,c1,p13,l3,0.00
i31,e04,c1,p14,l1,0.00
i31,e04,c1,p14,l3,0.00
i31,e04,c1,p15,l1,0.00
i31,e04,c1,p15,l3,0.00
i31,e04,c1,p16,l1,0.00
i31,e04,c1,p16,l3,0.00
i31,e04,c1,p17,l1,0.00
i31,e04,c1,p17,l3,0.00
i31,e04,c1,p18,l1,0.00
i31,e04,c1,p18,l3,0.00
i31,e04,c1,p19,l1,0.00
i31,e04,c1,p19,l3,0.00
i31,e04,c1,p20,l1,0.00
i31,e04,c1,p20,l3,0.00
i31,e04,c1,p21,l1,0.00
i31,e04,c1,p21,l3,0.00
i31,e04,c1,p22,l1,0.00
i31,e04,c1,p22,l3,0.00
i31,e04,c1,p23,l1,0.00
i31,e04,c1,p23,l3,0.00
i31,e04,c1,p24,l1,0.00
i31,e04,c1,p24,l3,0.00
i31,e04,c1,p25,l3,0.00
i31,e04,c1,p28,l1,0.00
i31,e04,c1,p28,l3,0.00
i31,e04,c1,p29,l1,0.00
i31,e04,c1,p29,l3,0.00
i31,e04,c1,p32,l3,0.00
i31,e04,c1,p35,l1,0.00
i31,e04,c1,p35,l3,0.00
i31,e04,c4,p03,l1,0.00
i31,e04,c4,p03,l3,0.00
i31,e04,c4,p04,l3,0.00
i31,e04,c4,p07,l3,0.00
i31,e04,c4,p08,l3,0.00
i31,e04,c4,p10,l3,0.00
i31,e04,c4,p11,l1,0.00
i31,e04,c4,p11,l3,0.00
i31,e04,c4,p13,l3,0.00
i31,e04,c4,p14,l3,0.00
i31,e04,c4,p15,l1,0.00
i31,e04,c4,p15,l3,0.00
i31,e04,c4,p16,l1,0.00
i31,e04,c4,p16,l3,0.00
i31,e04,c4,p17,l1,0.00
i31,e04,c4,p17,l3,0.00
i31,e04,c4,p19,l1,0.00
i31,e04,c4,p19,l3,0.00
i31,e04,c4,p20,l3,0.00
i31,e04,c4,p21,l1,0.00
i31,e04,c4,p21,l3,0.00
i31,e04,c4,p24,l3,0.00
i31,e04,c4,p35,l1,0.00
i31,e04,c4,p35,l3,0.00
i31,e05,c1,p01,l3,0.00
i31,e05,c1,p02,l1,0.00
i31,e05,c1,p02,l3,0.00
i31,e05,c1,p03,l1,0.00
i31,e05,c1,p03,l3,0.00
i31,e05,c1,p04,l1,0.00
i31,e05,c1,p04,l3,0.00
i31,e05,c1,p05,l1,0.00
i31,e05,c1,p05,l3,0.00
i31,e05,c1,p06,l1,0.00
i31,e05,c1,p06,l3,0.00
i31,e05,c1,p07,l1,0.00
i31,e05,c1,p07,l3,0.00
i31,e05,c1,p08,l3,0.00
i31,e05,c1,p09,l3,0.00
i31,e05,c1,p10,l1,0.00
i31,e05,c1,p10,l3,0.00
i31,e05,c1,p11,l1,0.00
i31,e05,c1,p11,l3,0.00
i31,e05,c1,p12,l1,0.00
i31,e05,c1,p12,l3,0.00
i31,e05,c1,p13,l1,0.00
i31,e05,c1,p13,l3,0.00
i31,e05,c1,p14,l1,0.00
i31,e05,c1,p14,l3,0.00
i31,e05,c1,p15,l1,0.00
i31,e05,c1,p15,l3,0.00
i31,e05,c1,p16,l1,0.00
i31,e05,c1,p16,l3,0.00
i31,e05,c1,p17,l1,0.00
i31,e05,c1,p17,l3,0.00
i31,e05,c1,p18,l1,0.00
i31,e05,c1,p18,l3,0.00
i31,e05,c1,p19,l1,0.00
i31,e05,c1,p19,l3,0.00
i31,e05,c1,p20,l1,0.00
i31,e05,c1,p21,l1,0.00
i31,e05,c1,p21,l3,0.00
i31,e05,c1,p22,l1,0.00
i31,e05,c1,p22,l3,0.00
i31,e05,c1,p23,l1,0.00
i31,e05,c1,p23,l3,0.00
i31,e05,c1,p24,l1,0.00
i31,e05,c1,p24,l3,0.00
i31,e05,c1,p28,l1,0.00
i31,e05,c1,p28,l3,0.00
i31,e05,c1,p29,l1,0.00
i31,e05,c1,p29,l3,0.00
i31,e05,c1,p35,l1,0.00
i31,e05,c1,p35,l3,0.00
i31,e05,c4,p03,l3,0.00
i31,e05,c4,p06,l3,0.00
i31,e05,c4,p10,l3,0.00
i31,e05,c4,p13,l3,0.00
i31,e05,c4,p16,l3,0.00
i31,e05,c4,p19,l3,0.00
i31,e05,c4,p20,l3,0.00
i31,e05,c4,p35,l3,0.00
i31,e06,c1,p07,l3,0.00
i31,e06,c1,p19,l3,0.00
i31,e06,c1,p21,l3,0.00
i31,e06,c1,p35,l3,0.00
i31,e07,c1,p01,l2,0.00
i31,e07,c1,p01,l3,0.00
i31,e07,c1,p02,l2,0.00
i31,e07,c1,p02,l3,0.00
i31,e07,c1,p03,l2,0.00
i31,e07,c1,p03,l3,0.00
i31,e07,c1,p04,l2,0.00
i31,e07,c1,p04,l3,0.00
i31,e07,c1,p05,l2,0.00
i31,e07,c1,p05,l3,0.00
i31,e07,c1,p06,l2,0.00
i31,e07,c1,p06,l3,0.00
i31,e07,c1,p07,l2,0.00
i31,e07,c1,p07,l3,0.00
i31,e07,c1,p08,l3,0.00
i31,e07,c1,p09,l2,0.00
i31,e07,c1,p09,l3,0.00
i31,e07,c1,p10,l2,0.00
i31,e07,c1,p10,l3,0.00
i31,e07,c1,p11,l2,0.00
i31,e07,c1,p11,l3,0.00
i31,e07,c1,p12,l2,0.00
i31,e07,c1,p12,l3,0.00
i31,e07,c1,p13,l2,0.00
i31,e07,c1,p13,l3,0.00
i31,e07,c1,p14,l2,0.00
i31,e07,c1,p14,l3,0.00
i31,e07,c1,p15,l2,0.00
i31,e07,c1,p15,l3,0.00
i31,e07,c1,p16,l2,0.00
i31,e07,c1,p16,l3,0.00
i31,e07,c1,p17,l2,0.00
i31,e07,c1,p17,l3,0.00
i31,e07,c1,p18,l2,0.00
i31,e07,c1,p18,l3,0.00
i31,e07,c1,p19,l2,0.00
i31,e07,c1,p19,l3,0.00
i31,e07,c1,p20,l2,0.00
i31,e07,c1,p20,l3,0.00
i31,e07,c1,p21,l2,0.00
i31,e07,c1,p21,l3,0.00
i31,e07,c1,p22,l2,0.00
i31,e07,c1,p22,l3,0.00
i31,e07,c1,p23,l2,0.00
i31,e07,c1,p23,l3,0.00
i31,e07,c1,p24,l2,0.00
i31,e07,c1,p24,l3,0.00
i31,e07,c1,p28,l2,0.00
i31,e07,c1,p28,l3,0.00
i31,e07,c1,p29,l2,0.00
i31,e07,c1,p29,l3,0.00
i31,e07,c1,p35,l2,0.00
i31,e07,c1,p35,l3,0.00
i31,e07,c4,p03,l3,0.00
i31,e07,c4,p07,l3,0.00
i31,e07,c4,p10,l3,0.00
i31,e07,c4,p11,l3,0.00
i31,e07,c4,p13,l2,0.00
i31,e07,c4,p13,l3,0.00
i31,e07,c4,p15,l2,0.00
i31,e07,c4,p16,l2,0.00
i31,e07,c4,p16,l3,0.00
i31,e07,c4,p17,l2,0.00
i31,e07,c4,p17,l3,0.00
i31,e07,c4,p19,l2,0.00
i31,e07,c4,p19,l3,0.00
i31,e07,c4,p20,l2,0.00
i31,e07,c4,p20,l3,0.00
i31,e07,c4,p28,l3,0.00
i31,e07,c4,p35,l2,0.00
i31,e07,c4,p35,l3,0.00
i31,e08,c1,p01,l2,0.00
i31,e08,c1,p01,l3,0.00
i31,e08,c1,p02,l2,0.00
i31,e08,c1,p02,l3,0.00
i31,e08,c1,p03,l2,0.00
i31,e08,c1,p03,l3,0.00
i31,e08,c1,p04,l2,0.00
i31,e08,c1,p04,l3,0.00
i31,e08,c1,p05,l2,0.00
i31,e08,c1,p05,l3,0.00
i31,e08,c1,p06,l2,0.00
i31,e08,c1,p06,l3,0.00
i31,e08,c1,p07,l2,0.00
i31,e08,c1,p07,l3,0.00
i31,e08,c1,p08,l2,0.00
i31,e08,c1,p08,l3,0.00
i31,e08,c1,p09,l2,0.00
i31,e08,c1,p09,l3,0.00
i31,e08,c1,p10,l2,0.00
i31,e08,c1,p10,l3,0.00
i31,e08,c1,p11,l2,0.00
i31,e08,c1,p11,l3,0.00
i31,e08,c1,p12,l2,0.00
i31,e08,c1,p12,l3,0.00
i31,e08,c1,p13,l2,0.00
i31,e08,c1,p13,l3,0.00
i31,e08,c1,p14,l2,0.00
i31,e08,c1,p14,l3,0.00
i31,e08,c1,p15,l2,0.00
i31,e08,c1,p15,l3,0.00
i31,e08,c1,p16,l2,0.00
i31,e08,c1,p16,l3,0.00
i31,e08,c1,p17,l2,0.00
i31,e08,c1,p17,l3,0.00
i31,e08,c1,p18,l2,0.00
i31,e08,c1,p18,l3,0.00
i31,e08,c1,p19,l2,0.00
i31,e08,c1,p19,l3,0.00
i31,e08,c1,p20,l2,0.00
i31,e08,c1,p20,l3,0.00
i31,e08,c1,p21,l2,0.00
i31,e08,c1,p21,l3,0.00
i31,e08,c1,p22,l2,0.00
i31,e08,c1,p22,l3,0.00
i31,e08,c1,p23,l2,0.00
i31,e08,c1,p23,l3,0.00
i31,e08,c1,p24,l2,0.00
i31,e08,c1,p24,l3,0.00
i31,e08,c1,p25,l2,0.00
i31,e08,c1,p25,l3,0.00
i31,e08,c1,p26,l3,0.00
i31,e08,c1,p27,l3,0.00
i31,e08,c1,p28,l2,0.00
i31,e08,c1,p28,l3,0.00
i31,e08,c1,p29,l2,0.00
i31,e08,c1,p29,l3,0.00
i31,e08,c1,p32,l2,0.00
i31,e08,c1,p32,l3,0.00
i31,e08,c1,p33,l3,0.00
i31,e08,c1,p35,l2,0.00
i31,e08,c1,p35,l3,0.00
i31,e08,c4,p03,l2,0.00
i31,e08,c4,p03,l3,0.00
i31,e08,c4,p04,l2,0.00
i31,e08,c4,p04,l3,0.00
i31,e08,c4,p05,l2,0.00
i31,e08,c4,p05,l3,0.00
i31,e08,c4,p06,l2,0.00
i31,e08,c4,p06,l3,0.00
i31,e08,c4,p07,l2,0.00
i31,e08,c4,p07,l3,0.00
i31,e08,c4,p08,l2,0.00
i31,e08,c4,p08,l3,0.00
i31,e08,c4,p10,l2,0.00
i31,e08,c4,p10,l3,0.00
i31,e08,c4,p11,l2,0.00
i31,e08,c4,p11,l3,0.00
i31,e08,c4,p12,l2,0.00
i31,e08,c4,p12,l3,0.00
i31,e08,c4,p13,l2,0.00
i31,e08,c4,p13,l3,0.00
i31,e08,c4,p14,l2,0.00
i31,e08,c4,p14,l3,0.00
i31,e08,c4,p15,l2,0.00
i31,e08,c4,p15,l3,0.00
i31,e08,c4,p16,l2,0.00
i31,e08,c4,p16,l3,0.00
i31,e08,c4,p17,l2,0.00
i31,e08,c4,p17,l3,0.00
i31,e08,c4,p18,l3,0.00
i31,e08,c4,p19,l2,0.00
i31,e08,c4,p19,l3,0.00
i31,e08,c4,p20,l2,0.00
i31,e08,c4,p20,l3,0.00
i31,e08,c4,p21,l2,0.00
i31,e08,c4,p21,l3,0.00
i31,e08,c4,p23,l2,0.00
i31,e08,c4,p24,l3,0.00
i31,e08,c4,p28,l3,0.00
i31,e08,c4,p29,l2,0.00
i31,e08,c4,p29,l3,0.00
i31,e08,c4,p35,l2,0.00
i31,e08,c4,p35,l3,0.00
i31,e09,c1,p01,l2,0.00
i31,e09,c1,p01,l3,0.00
i31,e09,c1,p02,l2,0.00
i31,e09,c1,p02,l3,0.00
i31,e09,c1,p03,l2,0.00
i31,e09,c1,p03,l3,0.00
i31,e09,c1,p04,l2,0.00
i31,e09,c1,p04,l3,0.00
i31,e09,c1,p05,l2,0.00
i31,e09,c1,p05,l3,0.00
i31,e09,c1,p06,l2,0.00
i31,e09,c1,p06,l3,0.00
i31,e09,c1,p07,l2,0.00
i31,e09,c1,p07,l3,0.00
i31,e09,c1,p08,l2,0.00
i31,e09,c1,p08,l3,0.00
i31,e09,c1,p09,l2,0.00
i31,e09,c1,p09,l3,0.00
i31,e09,c1,p10,l2,0.00
i31,e09,c1,p10,l3,0.00
i31,e09,c1,p11,l2,0.00
i31,e09,c1,p11,l3,0.00
i31,e09,c1,p12,l2,0.00
i31,e09,c1,p12,l3,0.00
i31,e09,c1,p13,l2,0.00
i31,e09,c1,p13,l3,0.00
i31,e09,c1,p14,l2,0.00
i31,e09,c1,p14,l3,0.00
i31,e09,c1,p15,l2,0.00
i31,e09,c1,p15,l3,0.00
i31,e09,c1,p16,l2,0.00
i31,e09,c1,p16,l3,0.00
i31,e09,c1,p17,l2,0.00
i31,e09,c1,p17,l3,0.00
i31,e09,c1,p18,l2,0.00
i31,e09,c1,p18,l3,0.00
i31,e09,c1,p19,l2,0.00
i31,e09,c1,p19,l3,0.00
i31,e09,c1,p20,l2,0.00
i31,e09,c1,p20,l3,0.00
i31,e09,c1,p21,l2,0.00
i31,e09,c1,p21,l3,0.00
i31,e09,c1,p22,l2,0.00
i31,e09,c1,p22,l3,0.00
i31,e09,c1,p23,l2,0.00
i31,e09,c1,p23,l3,0.00
i31,e09,c1,p24,l2,0.00
i31,e09,c1,p24,l3,0.00
i31,e09,c1,p25,l3,0.00
i31,e09,c1,p28,l2,0.00
i31,e09,c1,p28,l3,0.00
i31,e09,c1,p29,l2,0.00
i31,e09,c1,p29,l3,0.00
i31,e09,c1,p35,l2,0.00
i31,e09,c1,p35,l3,0.00
i31,e09,c4,p03,l2,0.00
i31,e09,c4,p03,l3,0.00
i31,e09,c4,p04,l2,0.00
i31,e09,c4,p07,l2,0.00
i31,e09,c4,p07,l3,0.00
i31,e09,c4,p08,l3,0.00
i31,e09,c4,p10,l3,0.00
i31,e09,c4,p11,l2,0.00
i31,e09,c4,p11,l3,0.00
i31,e09,c4,p12,l3,0.00
i31,e09,c4,p13,l3,0.00
i31,e09,c4,p14,l3,0.00
i31,e09,c4,p15,l2,0.00
i31,e09,c4,p15,l3,0.00
i31,e09,c4,p16,l2,0.00
i31,e09,c4,p16,l3,0.00
i31,e09,c4,p17,l2,0.00
i31,e09,c4,p17,l3,0.00
i31,e09,c4,p19,l2,0.00
i31,e09,c4,p19,l3,0.00
i31,e09,c4,p20,l2,0.00
i31,e09,c4,p20,l3,0.00
i31,e09,c4,p21,l3,0.00
i31,e09,c4,p24,l3,0.00
i31,e09,c4,p29,l3,0.00
i31,e09,c4,p35,l2,0.00
i31,e09,c4,p35,l3,0.00
i31,e10,c1,p01,l1,0.00
i31,e10,c1,p01,l2,0.00
i31,e10,c1,p01,l3,0.00
i31,e10,c1,p02,l1,0.00
i31,e10,c1,p02,l2,0.00
i31,e10,c1,p02,l3,0.00
i31,e10,c1,p03,l1,0.00
i31,e10,c1,p03,l2,0.00
i31,e10,c1,p03,l3,0.00
i31,e10,c1,p04,l1,0.00
i31,e10,c1,p04,l2,0.00
i31,e10,c1,p04,l3,0.00
i31,e10,c1,p05,l1,0.00
i31,e10,c1,p05,l2,0.00
i31,e10,c1,p05,l3,0.00
i31,e10,c1,p06,l1,0.00
i31,e10,c1,p06,l2,0.00
i31,e10,c1,p06,l3,0.00
i31,e10,c1,p07,l1,0.00
i31,e10,c1,p07,l2,0.00
i31,e10,c1,p07,l3,0.00
i31,e10,c1,p08,l1,0.00
i31,e10,c1,p08,l2,0.00
i31,e10,c1,p08,l3,0.00
i31,e10,c1,p09,l1,0.00
i31,e10,c1,p09,l2,0.00
i31,e10,c1,p09,l3,0.00
i31,e10,c1,p10,l1,0.00
i31,e10,c1,p10,l2,0.00
i31,e10,c1,p10,l3,0.00
i31,e10,c1,p11,l1,0.00
i31,e10,c1,p11,l2,0.00
i31,e10,c1,p11,l3,0.00
i31,e10,c1,p12,l1,0.00
i31,e10,c1,p12,l2,0.00
i31,e10,c1,p12,l3,0.00
i31,e10,c1,p13,l1,0.00
i31,e10,c1,p13,l2,0.00
i31,e10,c1,p13,l3,0.00
i31,e10,c1,p14,l1,0.00
i31,e10,c1,p14,l2,0.00
i31,e10,c1,p14,l3,0.00
i31,e10,c1,p15,l1,0.00
i31,e10,c1,p15,l2,0.00
i31,e10,c1,p15,l3,0.00
i31,e10,c1,p16,l1,0.00
i31,e10,c1,p16,l2,0.00
i31,e10,c1,p16,l3,0.00
i31,e10,c1,p17,l1,0.00
i31,e10,c1,p17,l2,0.00
i31,e10,c1,p17,l3,0.00
i31,e10,c1,p18,l1,0.00
i31,e10,c1,p18,l2,0.00
i31,e10,c1,p18,l3,0.00
i31,e10,c1,p19,l1,0.00
i31,e10,c1,p19,l2,0.00
i31,e10,c1,p19,l3,0.00
i31,e10,c1,p20,l1,0.00
i31,e10,c1,p20,l2,0.00
i31,e10,c1,p20,l3,0.00
i31,e10,c1,p21,l1,0.00
i31,e10,c1,p21,l2,0.00
i31,e10,c1,p21,l3,0.00
i31,e10,c1,p22,l1,0.00
i31,e10,c1,p22,l2,0.00
i31,e10,c1,p22,l3,0.00
i31,e10,c1,p23,l1,0.00
i31,e10,c1,p23,l2,0.00
i31,e10,c1,p23,l3,0.00
i31,e10,c1,p24,l1,0.00
i31,e10,c1,p24,l2,0.00
i31,e10,c1,p24,l3,0.00
i31,e10,c1,p25,l1,0.00
i31,e10,c1,p25,l2,0.00
i31,e10,c1,p25,l3,0.00
i31,e10,c1,p27,l1,0.00
i31,e10,c1,p27,l2,0.00
i31,e10,c1,p27,l3,0.00
i31,e10,c1,p28,l1,0.00
i31,e10,c1,p28,l2,0.00
i31,e10,c1,p28,l3,0.00
i31,e10,c1,p29,l1,0.00
i31,e10,c1,p29,l2,0.00
i31,e10,c1,p29,l3,0.00
i31,e10,c1,p35,l1,0.00
i31,e10,c1,p35,l2,0.00
i31,e10,c1,p35,l3,0.00
i31,e10,c4,p03,l1,0.00
i31,e10,c4,p03,l2,0.00
i31,e10,c4,p03,l3,0.00
i31,e10,c4,p04,l1,0.00
i31,e10,c4,p04,l2,0.00
i31,e10,c4,p04,l3,0.00
i31,e10,c4,p06,l1,0.00
i31,e10,c4,p06,l2,0.00
i31,e10,c4,p06,l3,0.00
i31,e10,c4,p07,l1,0.00
i31,e10,c4,p07,l2,0.00
i31,e10,c4,p07,l3,0.00
i31,e10,c4,p08,l1,0.00
i31,e10,c4,p08,l2,0.00
i31,e10,c4,p08,l3,0.00
i31,e10,c4,p10,l1,0.00
i31,e10,c4,p10,l2,0.00
i31,e10,c4,p10,l3,0.00
i31,e10,c4,p11,l1,0.00
i31,e10,c4,p11,l2,0.00
i31,e10,c4,p11,l3,0.00
i31,e10,c4,p12,l1,0.00
i31,e10,c4,p12,l2,0.00
i31,e10,c4,p12,l3,0.00
i31,e10,c4,p13,l1,0.00
i31,e10,c4,p13,l2,0.00
i31,e10,c4,p13,l3,0.00
i31,e10,c4,p14,l1,0.00
i31,e10,c4,p14,l2,0.00
i31,e10,c4,p14,l3,0.00
i31,e10,c4,p15,l1,0.00
i31,e10,c4,p15,l2,0.00
i31,e10,c4,p15,l3,0.00
i31,e10,c4,p16,l1,0.00
i31,e10,c4,p16,l2,0.00
i31,e10,c4,p16,l3,0.00
i31,e10,c4,p17,l1,0.00
i31,e10,c4,p17,l2,0.00
i31,e10,c4,p17,l3,0.00
i31,e10,c4,p18,l2,0.00
i31,e10,c4,p18,l3,0.00
i31,e10,c4,p19,l1,0.00
i31,e10,c4,p19,l2,0.00
i31,e10,c4,p19,l3,0.00
i31,e10,c4,p20,l1,0.00
i31,e10,c4,p20,l2,0.00
i31,e10,c4,p20,l3,0.00
i31,e10,c4,p21,l1,0.00
i31,e10,c4,p21,l2,0.00
i31,e10,c4,p21,l3,0.00
i31,e10,c4,p23,l1,0.00
i31,e10,c4,p23,l2,0.00
i31,e10,c4,p23,l3,0.00
i31,e10,c4,p24,l2,0.00
i31,e10,c4,p24,l3,0.00
i31,e10,c4,p28,l1,0.00
i31,e10,c4,p28,l2,0.00
i31,e10,c4,p28,l3,0.00
i31,e10,c4,p29,l1,0.00
i31,e10,c4,p29,l2,0.00
i31,e10,c4,p29,l3,0.00
i31,e10,c4,p35,l1,0.00
i31,e10,c4,p35,l2,0.00
i31,e10,c4,p35,l3,0.00
i31,e11,c1,p01,l2,0.00
i31,e11,c1,p01,l3,0.00
i31,e11,c1,p02,l2,0.00
i31,e11,c1,p02,l3,0.00
i31,e11,c1,p03,l2,0.00
i31,e11,c1,p03,l3,0.00
i31,e11,c1,p04,l2,0.00
i31,e11,c1,p04,l3,0.00
i31,e11,c1,p05,l2,0.00
i31,e11,c1,p05,l3,0.00
i31,e11,c1,p06,l2,0.00
i31,e11,c1,p06,l3,0.00
i31,e11,c1,p07,l2,0.00
i31,e11,c1,p07,l3,0.00
i31,e11,c1,p08,l2,0.00
i31,e11,c1,p08,l3,0.00
i31,e11,c1,p09,l2,0.00
i31,e11,c1,p09,l3,0.00
i31,e11,c1,p10,l2,0.00
i31,e11,c1,p10,l3,0.00
i31,e11,c1,p11,l2,0.00
i31,e11,c1,p11,l3,0.00
i31,e11,c1,p12,l2,0.00
i31,e11,c1,p12,l3,0.00
i31,e11,c1,p13,l2,0.00
i31,e11,c1,p13,l3,0.00
i31,e11,c1,p14,l2,0.00
i31,e11,c1,p14,l3,0.00
i31,e11,c1,p15,l2,0.00
i31,e11,c1,p15,l3,0.00
i31,e11,c1,p16,l2,0.00
i31,e11,c1,p16,l3,0.00
i31,e11,c1,p17,l2,0.00
i31,e11,c1,p17,l3,0.00
i31,e11,c1,p18,l2,0.00
i31,e11,c1,p18,l3,0.00
i31,e11,c1,p19,l2,0.00
i31,e11,c1,p19,l3,0.00
i31,e11,c1,p20,l2,0.00
i31,e11,c1,p20,l3,0.00
i31,e11,c1,p21,l2,0.00
i31,e11,c1,p21,l3,0.00
i31,e11,c1,p22,l2,0.00
i31,e11,c1,p22,l3,0.00
i31,e11,c1,p23,l2,0.00
i31,e11,c1,p23,l3,0.00
i31,e11,c1,p24,l2,0.00
i31,e11,c1,p24,l3,0.00
i31,e11,c1,p25,l3,0.00
i31,e11,c1,p26,l3,0.00
i31,e11,c1,p27,l3,0.00
i31,e11,c1,p28,l2,0.00
i31,e11,c1,p28,l3,0.00
i31,e11,c1,p29,l2,0.00
i31,e11,c1,p29,l3,0.00
i31,e11,c1,p32,l2,0.00
i31,e11,c1,p32,l3,0.00
i31,e11,c1,p33,l3,0.00
i31,e11,c1,p35,l2,0.00
i31,e11,c1,p35,l3,0.00
i31,e11,c4,p03,l2,0.00
i31,e11,c4,p03,l3,0.00
i31,e11,c4,p04,l3,0.00
i31,e11,c4,p06,l3,0.00
i31,e11,c4,p07,l2,0.00
i31,e11,c4,p07,l3,0.00
i31,e11,c4,p08,l3,0.00
i31,e11,c4,p10,l2,0.00
i31,e11,c4,p10,l3,0.00
i31,e11,c4,p11,l2,0.00
i31,e11,c4,p11,l3,0.00
i31,e11,c4,p12,l3,0.00
i31,e11,c4,p13,l2,0.00
i31,e11,c4,p13,l3,0.00
i31,e11,c4,p14,l2,0.00
i31,e11,c4,p14,l3,0.00
i31,e11,c4,p15,l2,0.00
i31,e11,c4,p15,l3,0.00
i31,e11,c4,p16,l2,0.00
i31,e11,c4,p16,l3,0.00
i31,e11,c4,p17,l2,0.00
i31,e11,c4,p17,l3,0.00
i31,e11,c4,p19,l2,0.00
i31,e11,c4,p19,l3,0.00
i31,e11,c4,p20,l2,0.00
i31,e11,c4,p20,l3,0.00
i31,e11,c4,p21,l2,0.00
i31,e11,c4,p21,l3,0.00
i31,e11,c4,p23,l3,0.00
i31,e11,c4,p24,l3,0.00
i31,e11,c4,p28,l3,0.00
i31,e11,c4,p29,l3,0.00
i31,e11,c4,p35,l2,0.00
i31,e11,c4,p35,l3,0.00
i31,e12,c1,p01,l3,0.00
i31,e12,c1,p02,l3,0.00
i31,e12,c1,p03,l3,0.00
i31,e12,c1,p04,l3,0.00
i31,e12,c1,p05,l3,0.00
i31,e12,c1,p06,l3,0.00
i31,e12,c1,p07,l3,0.00
i31,e12,c1,p08,l3,0.00
i31,e12,c1,p09,l3,0.00
i31,e12,c1,p10,l3,0.00
i31,e12,c1,p11,l3,0.00
i31,e12,c1,p12,l3,0.00
i31,e12,c1,p13,l3,0.00
i31,e12,c1,p14,l3,0.00
i31,e12,c1,p15,l3,0.00
i31,e12,c1,p16,l3,0.00
i31,e12,c1,p17,l3,0.00
i31,e12,c1,p18,l3,0.00
i31,e12,c1,p19,l3,0.00
i31,e12,c1,p20,l3,0.00
i31,e12,c1,p21,l3,0.00
i31,e12,c1,p22,l3,0.00
i31,e12,c1,p23,l3,0.00
i31,e12,c1,p24,l3,0.00
i31,e12,c1,p28,l3,0.00
i31,e12,c1,p29,l3,0.00
i31,e12,c1,p35,l3,0.00
i31,e12,c4,p03,l3,0.00
i31,e12,c4,p05,l3,0.00
i31,e12,c4,p07,l3,0.00
i31,e12,c4,p11,l3,0.00
i31,e12,c4,p13,l3,0.00
i31,e12,c4,p14,l3,0.00
i31,e12,c4,p16,l3,0.00
i31,e12,c4,p17,l3,0.00
i31,e12,c4,p19,l3,0.00
i31,e12,c4,p20,l3,0.00
i31,e12,c4,p21,l3,0.00
i31,e12,c4,p24,l3,0.00
i31,e12,c4,p35,l3,0.00
i32,e01,c3,p02,l3,0.00
i32,e01,c3,p04,l3,0.00
i32,e01,c3,p35,l3,0.00
i32,e01,c5,p01,l3,0.00
i32,e01,c5,p02,l3,0.00
i32,e01,c5,p03,l3,0.00
i32,e01,c5,p04,l3,0.00
i32,e01,c5,p05,l3,0.00
i32,e01,c5,p06,l3,0.00
i32,e01,c5,p07,l3,0.00
i32,e01,c5,p08,l3,0.00
i32,e01,c5,p09,l3,0.00
i32,e01,c5,p10,l3,0.00
i32,e01,c5,p11,l3,0.00
i32,e01,c5,p12,l3,0.00
i32,e01,c5,p13,l3,0.00
i32,e01,c5,p14,l3,0.00
i32,e01,c5,p15,l3,0.00
i32,e01,c5,p16,l3,0.00
i32,e01,c5,p17,l3,0.00
i32,e01,c5,p18,l3,0.00
i32,e01,c5,p19,l3,0.00
i32,e01,c5,p20,l3,0.00
i32,e01,c5,p21,l3,0.00
i32,e01,c5,p22,l3,0.00
i32,e01,c5,p23,l3,0.00
i32,e01,c5,p24,l3,0.00
i32,e01,c5,p25,l3,0.00
i32,e01,c5,p26,l3,0.00
i32,e01,c5,p28,l3,0.00
i32,e01,c5,p29,l3,0.00
i32,e01,c5,p31,l3,0.00
i32,e01,c5,p32,l3,0.00
i32,e01,c5,p35,l3,0.00
i32,e03,c5,p11,l3,0.00
i32,e03,c5,p35,l3,0.00
i32,e04,c3,p02,l1,0.00
i32,e04,c3,p02,l3,0.00
i32,e04,c3,p04,l1,0.00
i32,e04,c3,p04,l3,0.00
i32,e04,c3,p35,l1,0.00
i32,e04,c3,p35,l3,0.00
i32,e04,c5,p01,l1,0.00
i32,e04,c5,p01,l3,0.00
i32,e04,c5,p02,l1,0.00
i32,e04,c5,p02,l3,0.00
i32,e04,c5,p03,l1,0.00
i32,e04,c5,p03,l3,0.00
i32,e04,c5,p04,l1,0.00
i32,e04,c5,p04,l3,0.00
i32,e04,c5,p05,l1,0.00
i32,e04,c5,p05,l3,0.00
i32,e04,c5,p06,l1,0.00
i32,e04,c5,p06,l3,0.00
i32,e04,c5,p07,l1,0.00
i32,e04,c5,p07,l3,0.00
i32,e04,c5,p08,l1,0.00
i32,e04,c5,p08,l3,0.00
i32,e04,c5,p09,l1,0.00
i32,e04,c5,p09,l3,0.00
i32,e04,c5,p10,l1,0.00
i32,e04,c5,p10,l3,0.00
i32,e04,c5,p11,l1,0.00
i32,e04,c5,p11,l3,0.00
i32,e04,c5,p12,l1,0.00
i32,e04,c5,p12,l3,0.00
i32,e04,c5,p13,l1,0.00
i32,e04,c5,p13,l3,0.00
i32,e04,c5,p14,l1,0.00
i32,e04,c5,p14,l3,0.00
i32,e04,c5,p15,l1,0.00
i32,e04,c5,p15,l3,0.00
i32,e04,c5,p16,l1,0.00
i32,e04,c5,p16,l3,0.00
i32,e04,c5,p17,l1,0.00
i32,e04,c5,p17,l3,0.00
i32,e04,c5,p18,l1,0.00
i32,e04,c5,p18,l3,0.00
i32,e04,c5,p19,l1,0.00
i32,e04,c5,p19,l3,0.00
i32,e04,c5,p20,l1,0.00
i32,e04,c5,p20,l3,0.00
i32,e04,c5,p21,l1,0.00
i32,e04,c5,p21,l3,0.00
i32,e04,c5,p22,l3,0.00
i32,e04,c5,p23,l1,0.00
i32,e04,c5,p23,l3,0.00
i32,e04,c5,p24,l1,0.00
i32,e04,c5,p24,l3,0.00
i32,e04,c5,p25,l1,0.00
i32,e04,c5,p25,l3,0.00
i32,e04,c5,p26,l1,0.00
i32,e04,c5,p26,l3,0.00
i32,e04,c5,p28,l1,0.00
i32,e04,c5,p28,l3,0.00
i32,e04,c5,p29,l1,0.00
i32,e04,c5,p29,l3,0.00
i32,e04,c5,p31,l3,0.00
i32,e04,c5,p32,l3,0.00
i32,e04,c5,p35,l1,0.00
i32,e04,c5,p35,l3,0.00
i32,e05,c3,p03,l1,0.00
i32,e05,c3,p03,l3,0.00
i32,e05,c3,p04,l1,0.00
i32,e05,c3,p04,l3,0.00
i32,e05,c3,p35,l3,0.00
i32,e05,c5,p01,l3,0.00
i32,e05,c5,p02,l3,0.00
i32,e05,c5,p03,l3,0.00
i32,e05,c5,p04,l1,0.00
i32,e05,c5,p04,l3,0.00
i32,e05,c5,p05,l1,0.00
i32,e05,c5,p05,l3,0.00
i32,e05,c5,p06,l3,0.00
i32,e05,c5,p07,l3,0.00
i32,e05,c5,p08,l3,0.00
i32,e05,c5,p09,l3,0.00
i32,e05,c5,p10,l1,0.00
i32,e05,c5,p10,l3,0.00
i32,e05,c5,p11,l3,0.00
i32,e05,c5,p12,l3,0.00
i32,e05,c5,p13,l1,0.00
i32,e05,c5,p13,l3,0.00
i32,e05,c5,p14,l3,0.00
i32,e05,c5,p15,l3,0.00
i32,e05,c5,p16,l1,0.00
i32,e05,c5,p16,l3,0.00
i32,e05,c5,p17,l1,0.00
i32,e05,c5,p17,l3,0.00
i32,e05,c5,p18,l3,0.00
i32,e05,c5,p19,l3,0.00
i32,e05,c5,p21,l1,0.00
i32,e05,c5,p21,l3,0.00
i32,e05,c5,p22,l3,0.00
i32,e05,c5,p23,l3,0.00
i32,e05,c5,p24,l3,0.00
i32,e05,c5,p25,l3,0.00
i32,e05,c5,p26,l3,0.00
i32,e05,c5,p28,l3,0.00
i32,e05,c5,p29,l3,0.00
i32,e05,c5,p32,l1,0.00
i32,e05,c5,p32,l3,0.00
i32,e05,c5,p35,l1,0.00
i32,e05,c5,p35,l3,0.00
i32,e08,c3,p02,l2,0.00
i32,e08,c3,p02,l3,0.00
i32,e08,c3,p04,l2,0.00
i32,e08,c3,p04,l3,0.00
i32,e08,c3,p35,l2,0.00
i32,e08,c3,p35,l3,0.00
i32,e08,c5,p01,l2,0.00
i32,e08,c5,p01,l3,0.00
i32,e08,c5,p02,l2,0.00
i32,e08,c5,p02,l3,0.00
i32,e08,c5,p03,l2,0.00
i32,e08,c5,p03,l3,0.00
i32,e08,c5,p04,l2,0.00
i32,e08,c5,p04,l3,0.00
i32,e08,c5,p05,l2,0.00
i32,e08,c5,p05,l3,0.00
i32,e08,c5,p06,l2,0.00
i32,e08,c5,p06,l3,0.00
i32,e08,c5,p07,l2,0.00
i32,e08,c5,p07,l3,0.00
i32,e08,c5,p08,l2,0.00
i32,e08,c5,p08,l3,0.00
i32,e08,c5,p09,l2,0.00
i32,e08,c5,p09,l3,0.00
i32,e08,c5,p10,l2,0.00
i32,e08,c5,p10,l3,0.00
i32,e08,c5,p11,l2,0.00
i32,e08,c5,p11,l3,0.00
i32,e08,c5,p12,l2,0.00
i32,e08,c5,p12,l3,0.00
i32,e08,c5,p13,l2,0.00
i32,e08,c5,p13,l3,0.00
i32,e08,c5,p14,l2,0.00
i32,e08,c5,p14,l3,0.00
i32,e08,c5,p15,l2,0.00
i32,e08,c5,p15,l3,0.00
i32,e08,c5,p16,l2,0.00
i32,e08,c5,p16,l3,0.00
i32,e08,c5,p17,l2,0.00
i32,e08,c5,p17,l3,0.00
i32,e08,c5,p18,l2,0.00
i32,e08,c5,p18,l3,0.00
i32,e08,c5,p19,l2,0.00
i32,e08,c5,p19,l3,0.00
i32,e08,c5,p20,l3,0.00
i32,e08,c5,p21,l2,0.00
i32,e08,c5,p21,l3,0.00
i32,e08,c5,p22,l2,0.00
i32,e08,c5,p22,l3,0.00
i32,e08,c5,p23,l2,0.00
i32,e08,c5,p23,l3,0.00
i32,e08,c5,p24,l2,0.00
i32,e08,c5,p24,l3,0.00
i32,e08,c5,p25,l2,0.00
i32,e08,c5,p25,l3,0.00
i32,e08,c5,p26,l2,0.00
i32,e08,c5,p26,l3,0.00
i32,e08,c5,p28,l2,0.00
i32,e08,c5,p28,l3,0.00
i32,e08,c5,p29,l2,0.00
i32,e08,c5,p29,l3,0.00
i32,e08,c5,p31,l2,0.00
i32,e08,c5,p31,l3,0.00
i32,e08,c5,p32,l2,0.00
i32,e08,c5,p32,l3,0.00
i32,e08,c5,p35,l2,0.00
i32,e08,c5,p35,l3,0.00
i32,e09,c3,p02,l2,0.00
i32,e09,c3,p02,l3,0.00
i32,e09,c3,p04,l3,0.00
i32,e09,c3,p35,l3,0.00
i32,e09,c5,p01,l2,0.00
i32,e09,c5,p01,l3,0.00
i32,e09,c5,p02,l2,0.00
i32,e09,c5,p02,l3,0.00
i32,e09,c5,p03,l2,0.00
i32,e09,c5,p03,l3,0.00
i32,e09,c5,p04,l2,0.00
i32,e09,c5,p04,l3,0.00
i32,e09,c5,p05,l2,0.00
i32,e09,c5,p05,l3,0.00
i32,e09,c5,p06,l3,0.00
i32,e09,c5,p07,l2,0.00
i32,e09,c5,p07,l3,0.00
i32,e09,c5,p08,l2,0.00
i32,e09,c5,p08,l3,0.00
i32,e09,c5,p09,l2,0.00
i32,e09,c5,p09,l3,0.00
i32,e09,c5,p10,l2,0.00
i32,e09,c5,p10,l3,0.00
i32,e09,c5,p11,l2,0.00
i32,e09,c5,p11,l3,0.00
i32,e09,c5,p12,l2,0.00
i32,e09,c5,p12,l3,0.00
i32,e09,c5,p13,l2,0.00
i32,e09,c5,p13,l3,0.00
i32,e09,c5,p14,l2,0.00
i32,e09,c5,p14,l3,0.00
i32,e09,c5,p15,l2,0.00
i32,e09,c5,p15,l3,0.00
i32,e09,c5,p16,l2,0.00
i32,e09,c5,p16,l3,0.00
i32,e09,c5,p17,l2,0.00
i32,e09,c5,p17,l3,0.00
i32,e09,c5,p18,l2,0.00
i32,e09,c5,p18,l3,0.00
i32,e09,c5,p19,l2,0.00
i32,e09,c5,p19,l3,0.00
i32,e09,c5,p20,l2,0.00
i32,e09,c5,p20,l3,0.00
i32,e09,c5,p21,l2,0.00
i32,e09,c5,p21,l3,0.00
i32,e09,c5,p22,l3,0.00
i32,e09,c5,p23,l3,0.00
i32,e09,c5,p24,l2,0.00
i32,e09,c5,p24,l3,0.00
i32,e09,c5,p25,l2,0.00
i32,e09,c5,p25,l3,0.00
i32,e09,c5,p26,l2,0.00
i32,e09,c5,p26,l3,0.00
i32,e09,c5,p28,l2,0.00
i32,e09,c5,p28,l3,0.00
i32,e09,c5,p29,l2,0.00
i32,e09,c5,p29,l3,0.00
i32,e09,c5,p31,l3,0.00
i32,e09,c5,p32,l2,0.00
i32,e09,c5,p32,l3,0.00
i32,e09,c5,p35,l2,0.00
i32,e09,c5,p35,l3,0.00
i32,e11,c3,p02,l2,0.00
i32,e11,c3,p02,l3,0.00
i32,e11,c3,p04,l2,0.00
i32,e11,c3,p04,l3,0.00
i32,e11,c3,p10,l2,0.00
i32,e11,c3,p10,l3,0.00
i32,e11,c3,p35,l2,0.00
i32,e11,c3,p35,l3,0.00
i32,e11,c5,p01,l2,0.00
i32,e11,c5,p01,l3,0.00
i32,e11,c5,p02,l2,0.00
i32,e11,c5,p02,l3,0.00
i32,e11,c5,p03,l2,0.00
i32,e11,c5,p03,l3,0.00
i32,e11,c5,p04,l2,0.00
i32,e11,c5,p04,l3,0.00
i32,e11,c5,p05,l2,0.00
i32,e11,c5,p05,l3,0.00
i32,e11,c5,p06,l2,0.00
i32,e11,c5,p06,l3,0.00
i32,e11,c5,p07,l2,0.00
i32,e11,c5,p07,l3,0.00
i32,e11,c5,p08,l2,0.00
i32,e11,c5,p08,l3,0.00
i32,e11,c5,p09,l2,0.00
i32,e11,c5,p09,l3,0.00
i32,e11,c5,p10,l2,0.00
i32,e11,c5,p10,l3,0.00
i32,e11,c5,p11,l2,0.00
i32,e11,c5,p11,l3,0.00
i32,e11,c5,p12,l2,0.00
i32,e11,c5,p12,l3,0.00
i32,e11,c5,p13,l2,0.00
i32,e11,c5,p13,l3,0.00
i32,e11,c5,p14,l2,0.00
i32,e11,c5,p14,l3,0.00
i32,e11,c5,p15,l2,0.00
i32,e11,c5,p15,l3,0.00
i32,e11,c5,p16,l2,0.00
i32,e11,c5,p16,l3,0.00
i32,e11,c5,p17,l2,0.00
i32,e11,c5,p17,l3,0.00
i32,e11,c5,p18,l2,0.00
i32,e11,c5,p18,l3,0.00
i32,e11,c5,p19,l2,0.00
i32,e11,c5,p19,l3,0.00
i32,e11,c5,p20,l2,0.00
i32,e11,c5,p20,l3,0.00
i32,e11,c5,p21,l2,0.00
i32,e11,c5,p21,l3,0.00
i32,e11,c5,p22,l2,0.00
i32,e11,c5,p22,l3,0.00
i32,e11,c5,p23,l2,0.00
i32,e11,c5,p23,l3,0.00
i32,e11,c5,p24,l2,0.00
i32,e11,c5,p24,l3,0.00
i32,e11,c5,p25,l2,0.00
i32,e11,c5,p25,l3,0.00
i32,e11,c5,p26,l2,0.00
i32,e11,c5,p26,l3,0.00
i32,e11,c5,p28,l2,0.00
i32,e11,c5,p28,l3,0.00
i32,e11,c5,p29,l2,0.00
i32,e11,c5,p29,l3,0.00
i32,e11,c5,p31,l2,0.00
i32,e11,c5,p31,l3,0.00
i32,e11,c5,p32,l2,0.00
i32,e11,c5,p32,l3,0.00
i32,e11,c5,p35,l2,0.00
i32,e11,c5,p35,l3,0.00
i32,e12,c3,p02,l3,0.00
i32,e12,c3,p04,l3,0.00
i32,e12,c3,p35,l3,0.00
i32,e12,c5,p01,l3,0.00
i32,e12,c5,p02,l3,0.00
i32,e12,c5,p03,l3,0.00
i32,e12,c5,p04,l3,0.00
i32,e12,c5,p05,l3,0.00
i32,e12,c5,p06,l3,0.00
i32,e12,c5,p07,l3,0.00
i32,e12,c5,p08,l3,0.00
i32,e12,c5,p09,l3,0.00
i32,e12,c5,p10,l3,0.00
i32,e12,c5,p11,l3,0.00
i32,e12,c5,p12,l3,0.00
i32,e12,c5,p13,l3,0.00
i32,e12,c5,p14,l3,0.00
i32,e12,c5,p15,l3,0.00
i32,e12,c5,p16,l3,0.00
i32,e12,c5,p17,l3,0.00
i32,e12,c5,p18,l3,0.00
i32,e12,c5,p19,l3,0.00
i32,e12,c5,p20,l3,0.00
i32,e12,c5,p21,l3,0.00
i32,e12,c5,p22,l3,0.00
i32,e12,c5,p23,l3,0.00
i32,e12,c5,p24,l3,0.00
i32,e12,c5,p25,l3,0.00
i32,e12,c5,p26,l3,0.00
i32,e12,c5,p28,l3,0.00
i32,e12,c5,p29,l3,0.00
i32,e12,c5,p31,l3,0.00
i32,e12,c5,p32,l3,0.00
i32,e12,c5,p35,l3,0.00
i33,e01,c1,p01,l3,0.00
i33,e01,c1,p02,l3,0.00
i33,e01,c1,p03,l3,0.00
i33,e01,c1,p04,l3,0.00
i33,e01,c1,p05,l3,0.00
i33,e01,c1,p06,l3,0.00
i33,e01,c1,p07,l3,0.00
i33,e01,c1,p08,l3,0.00
i33,e01,c1,p09,l3,0.00
i33,e01,c1,p10,l3,0.00
i33,e01,c1,p11,l3,0.00
i33,e01,c1,p12,l3,0.00
i33,e01,c1,p13,l3,2.47
i33,e01,c1,p14,l3,0.00
i33,e01,c1,p15,l3,0.00
i33,e01,c1,p16,l3,0.00
i33,e01,c1,p17,l3,0.00
i33,e01,c1,p18,l3,0.00
i33,e01,c1,p19,l3,0.00
i33,e01,c1,p20,l3,0.00
i33,e01,c1,p21,l3,0.00
i33,e01,c1,p22,l3,0.00
i33,e01,c1,p23,l3,0.00
i33,e01,c1,p24,l3,0.00
i33,e01,c1,p25,l3,0.00
i33,e01,c1,p26,l3,0.00
i33,e01,c1,p28,l3,0.00
i33,e01,c1,p29,l3,0.00
i33,e01,c1,p31,l3,0.00
i33,e01,c1,p32,l3,0.00
i33,e01,c1,p35,l3,0.00
i33,e01,c4,p01,l3,0.00
i33,e01,c4,p03,l3,0.00
i33,e01,c4,p04,l3,0.00
i33,e01,c4,p05,l3,0.00
i33,e01,c4,p08,l3,0.00
i33,e01,c4,p10,l3,0.00
i33,e01,c4,p11,l3,0.00
i33,e01,c4,p12,l3,0.00
i33,e01,c4,p13,l3,0.00
i33,e01,c4,p15,l3,0.00
i33,e01,c4,p16,l3,0.00
i33,e01,c4,p17,l3,0.00
i33,e01,c4,p18,l3,0.00
i33,e01,c4,p19,l3,0.00
i33,e01,c4,p21,l3,0.00
i33,e03,c1,p01,l3,0.00
i33,e03,c1,p02,l3,0.00
i33,e03,c1,p03,l3,0.00
i33,e03,c1,p04,l3,0.00
i33,e03,c1,p05,l3,0.00
i33,e03,c1,p06,l3,0.00
i33,e03,c1,p07,l3,0.00
i33,e03,c1,p08,l3,0.00
i33,e03,c1,p09,l3,0.00
i33,e03,c1,p10,l3,0.00
i33,e03,c1,p11,l3,0.00
i33,e03,c1,p12,l3,0.00
i33,e03,c1,p13,l3,2.35
i33,e03,c1,p14,l3,0.00
i33,e03,c1,p15,l3,0.00
i33,e03,c1,p16,l3,0.00
i33,e03,c1,p17,l3,0.00
i33,e03,c1,p18,l3,0.00
i33,e03,c1,p19,l3,0.00
i33,e03,c1,p20,l3,0.00
i33,e03,c1,p21,l3,0.00
i33,e03,c1,p22,l3,0.00
i33,e03,c1,p23,l3,0.00
i33,e03,c1,p24,l3,0.00
i33,e03,c1,p25,l3,0.00
i33,e03,c1,p26,l3,0.00
i33,e03,c1,p28,l3,0.00
i33,e03,c1,p29,l3,0.00
i33,e03,c1,p30,l3,0.00
i33,e03,c1,p31,l3,0.00
i33,e03,c1,p32,l3,0.00
i33,e03,c1,p33,l3,0.00
i33,e03,c1,p34,l3,0.00
i33,e03,c1,p35,l3,0.00
i33,e03,c4,p01,l3,0.00
i33,e03,c4,p03,l3,0.00
i33,e03,c4,p04,l3,0.00
i33,e03,c4,p05,l3,0.00
i33,e03,c4,p07,l3,0.00
i33,e03,c4,p08,l3,0.00
i33,e03,c4,p09,l3,0.00
i33,e03,c4,p10,l3,0.00
i33,e03,c4,p11,l3,0.00
i33,e03,c4,p13,l3,0.00
i33,e03,c4,p14,l3,0.00
i33,e03,c4,p15,l3,0.00
i33,e03,c4,p16,l3,0.00
i33,e03,c4,p17,l3,0.00
i33,e03,c4,p18,l3,0.00
i33,e03,c4,p19,l3,0.00
i33,e03,c4,p21,l3,0.00
i33,e03,c4,p24,l3,0.00
i33,e03,c4,p35,l3,0.00
i33,e03,c7,p10,l3,0.00
i33,e04,c1,p01,l3,0.00
i33,e04,c1,p02,l3,0.00
i33,e04,c1,p03,l3,0.00
i33,e04,c1,p04,l3,0.00
i33,e04,c1,p05,l3,0.00
i33,e04,c1,p06,l3,0.00
i33,e04,c1,p07,l3,0.00
i33,e04,c1,p08,l3,0.00
i33,e04,c1,p09,l3,0.00
i33,e04,c1,p10,l3,0.00
i33,e04,c1,p11,l3,0.00
i33,e04,c1,p12,l3,0.00
i33,e04,c1,p13,l3,1.57
i33,e04,c1,p14,l3,0.00
i33,e04,c1,p15,l3,0.00
i33,e04,c1,p16,l3,0.00
i33,e04,c1,p17,l3,0.00
i33,e04,c1,p18,l3,0.00
i33,e04,c1,p19,l3,0.00
i33,e04,c1,p20,l3,0.00
i33,e04,c1,p21,l3,0.00
i33,e04,c1,p22,l3,0.00
i33,e04,c1,p23,l3,0.00
i33,e04,c1,p24,l3,0.00
i33,e04,c1,p25,l3,0.00
i33,e04,c1,p26,l3,0.00
i33,e04,c1,p28,l3,0.00
i33,e04,c1,p29,l3,0.00
i33,e04,c1,p31,l3,0.00
i33,e04,c1,p32,l3,0.00
i33,e04,c1,p33,l3,0.00
i33,e04,c1,p35,l3,0.00
i33,e04,c4,p01,l3,0.00
i33,e04,c4,p03,l3,0.00
i33,e04,c4,p05,l3,0.00
i33,e04,c4,p07,l3,0.00
i33,e04,c4,p08,l3,0.00
i33,e04,c4,p09,l3,0.00
i33,e04,c4,p10,l3,0.00
i33,e04,c4,p11,l3,0.00
i33,e04,c4,p13,l3,0.00
i33,e04,c4,p15,l3,0.00
i33,e04,c4,p16,l3,0.00
i33,e04,c4,p19,l3,0.00
i33,e04,c7,p10,l3,0.00
i33,e05,c1,p01,l3,0.00
i33,e05,c1,p02,l3,0.00
i33,e05,c1,p03,l3,0.00
i33,e05,c1,p04,l3,0.00
i33,e05,c1,p05,l3,0.00
i33,e05,c1,p06,l3,0.00
i33,e05,c1,p07,l3,0.00
i33,e05,c1,p08,l3,0.00
i33,e05,c1,p10,l3,0.00
i33,e05,c1,p11,l3,0.00
i33,e05,c1,p12,l3,0.00
i33,e05,c1,p13,l3,0.00
i33,e05,c1,p14,l3,0.00
i33,e05,c1,p15,l3,0.00
i33,e05,c1,p16,l3,0.00
i33,e05,c1,p17,l3,0.00
i33,e05,c1,p18,l3,0.00
i33,e05,c1,p19,l3,0.00
i33,e05,c1,p21,l3,0.00
i33,e05,c1,p22,l3,0.00
i33,e05,c1,p24,l3,0.00
i33,e05,c1,p25,l3,0.00
i33,e05,c1,p26,l3,0.00
i33,e05,c1,p28,l3,0.00
i33,e05,c1,p29,l3,0.00
i33,e05,c1,p32,l3,0.00
i33,e05,c1,p35,l3,0.00
i33,e05,c4,p03,l3,0.00
i33,e05,c4,p10,l3,0.00
i33,e05,c4,p19,l3,0.00
i33,e05,c4,p35,l3,0.00
i33,e08,c1,p01,l3,0.00
i33,e08,c1,p02,l3,0.00
i33,e08,c1,p03,l3,0.00
i33,e08,c1,p04,l3,0.00
i33,e08,c1,p05,l3,0.00
i33,e08,c1,p06,l3,0.00
i33,e08,c1,p07,l3,0.00
i33,e08,c1,p08,l3,0.00
i33,e08,c1,p09,l3,0.00
i33,e08,c1,p10,l3,0.00
i33,e08,c1,p11,l3,0.00
i33,e08,c1,p12,l3,0.00
i33,e08,c1,p13,l3,32.87
i33,e08,c1,p14,l3,0.00
i33,e08,c1,p15,l3,0.00
i33,e08,c1,p16,l3,0.00
i33,e08,c1,p17,l3,0.00
i33,e08,c1,p18,l3,0.00
i33,e08,c1,p19,l3,0.00
i33,e08,c1,p20,l3,0.00
i33,e08,c1,p21,l3,0.00
i33,e08,c1,p22,l3,0.00
i33,e08,c1,p23,l3,0.00
i33,e08,c1,p24,l3,0.00
i33,e08,c1,p25,l3,0.00
i33,e08,c1,p26,l3,0.00
i33,e08,c1,p28,l3,0.00
i33,e08,c1,p29,l3,0.00
i33,e08,c1,p30,l3,0.00
i33,e08,c1,p31,l3,0.00
i33,e08,c1,p32,l3,0.00
i33,e08,c1,p33,l3,0.00
i33,e08,c1,p34,l3,0.00
i33,e08,c1,p35,l3,0.00
i33,e08,c4,p01,l3,0.00
i33,e08,c4,p02,l3,0.00
i33,e08,c4,p03,l3,0.00
i33,e08,c4,p04,l3,0.00
i33,e08,c4,p05,l3,0.00
i33,e08,c4,p07,l3,0.00
i33,e08,c4,p08,l3,0.00
i33,e08,c4,p09,l3,0.00
i33,e08,c4,p10,l3,0.00
i33,e08,c4,p11,l3,0.00
i33,e08,c4,p12,l3,0.00
i33,e08,c4,p13,l3,0.00
i33,e08,c4,p15,l3,0.00
i33,e08,c4,p16,l3,0.00
i33,e08,c4,p17,l3,0.00
i33,e08,c4,p18,l3,0.00
i33,e08,c4,p19,l3,0.00
i33,e08,c4,p21,l3,0.00
i33,e08,c4,p24,l3,0.00
i33,e08,c4,p31,l3,0.00
i33,e08,c4,p32,l3,0.00
i33,e09,c1,p01,l3,0.00
i33,e09,c1,p02,l3,0.00
i33,e09,c1,p03,l3,0.00
i33,e09,c1,p04,l3,0.00
i33,e09,c1,p05,l3,0.00
i33,e09,c1,p06,l3,0.00
i33,e09,c1,p07,l3,0.00
i33,e09,c1,p08,l3,0.00
i33,e09,c1,p09,l3,0.00
i33,e09,c1,p10,l3,0.00
i33,e09,c1,p11,l3,0.00
i33,e09,c1,p12,l3,0.00
i33,e09,c1,p13,l3,1.66
i33,e09,c1,p14,l3,0.00
i33,e09,c1,p15,l3,0.00
i33,e09,c1,p16,l3,0.00
i33,e09,c1,p17,l3,0.00
i33,e09,c1,p18,l3,0.00
i33,e09,c1,p19,l3,0.00
i33,e09,c1,p20,l3,0.00
i33,e09,c1,p21,l3,0.00
i33,e09,c1,p22,l3,0.00
i33,e09,c1,p23,l3,0.00
i33,e09,c1,p24,l3,0.00
i33,e09,c1,p25,l3,0.00
i33,e09,c1,p26,l3,0.00
i33,e09,c1,p28,l3,0.00
i33,e09,c1,p29,l3,0.00
i33,e09,c1,p31,l3,0.00
i33,e09,c1,p32,l3,0.00
i33,e09,c1,p33,l3,0.00
i33,e09,c1,p35,l3,0.00
i33,e09,c4,p01,l3,0.00
i33,e09,c4,p03,l3,0.00
i33,e09,c4,p05,l3,0.00
i33,e09,c4,p08,l3,0.00
i33,e09,c4,p10,l3,0.00
i33,e09,c4,p13,l3,0.00
i33,e09,c4,p15,l3,0.00
i33,e09,c4,p16,l3,0.00
i33,e09,c4,p17,l3,0.00
i33,e09,c4,p19,l3,0.00
i33,e09,c4,p21,l3,0.00
i33,e10,c1,p01,l3,0.00
i33,e10,c1,p02,l3,0.00
i33,e10,c1,p03,l3,0.00
i33,e10,c1,p04,l3,0.00
i33,e10,c1,p05,l3,0.00
i33,e10,c1,p06,l3,0.00
i33,e10,c1,p07,l3,0.00
i33,e10,c1,p08,l3,0.00
i33,e10,c1,p09,l3,0.00
i33,e10,c1,p10,l3,1.26
i33,e10,c1,p11,l3,0.00
i33,e10,c1,p12,l3,0.00
i33,e10,c1,p13,l3,0.00
i33,e10,c1,p14,l3,0.00
i33,e10,c1,p15,l3,0.00
i33,e10,c1,p16,l3,0.00
i33,e10,c1,p17,l3,0.00
i33,e10,c1,p18,l3,0.00
i33,e10,c1,p19,l3,0.00
i33,e10,c1,p20,l3,0.00
i33,e10,c1,p21,l3,0.00
i33,e10,c1,p22,l3,0.00
i33,e10,c1,p23,l3,0.00
i33,e10,c1,p24,l3,0.00
i33,e10,c1,p25,l3,0.00
i33,e10,c1,p26,l3,0.00
i33,e10,c1,p28,l3,0.00
i33,e10,c1,p29,l3,0.00
i33,e10,c1,p30,l3,0.00
i33,e10,c1,p31,l3,0.00
i33,e10,c1,p32,l3,0.00
i33,e10,c1,p33,l3,0.00
i33,e10,c1,p34,l3,0.00
i33,e10,c1,p35,l3,0.00
i33,e10,c4,p01,l3,0.00
i33,e10,c4,p03,l3,0.00
i33,e10,c4,p05,l3,0.00
i33,e10,c4,p07,l3,0.00
i33,e10,c4,p10,l3,0.00
i33,e10,c4,p11,l3,0.00
i33,e10,c4,p16,l3,0.00
i33,e10,c4,p17,l3,0.00
i33,e10,c4,p18,l3,0.00
i33,e10,c4,p19,l3,0.00
i33,e10,c4,p21,l3,0.00
i33,e11,c1,p01,l3,0.00
i33,e11,c1,p02,l3,0.00
i33,e11,c1,p03,l3,0.00
i33,e11,c1,p04,l3,0.00
i33,e11,c1,p05,l3,0.00
i33,e11,c1,p06,l3,0.00
i33,e11,c1,p07,l3,0.00
i33,e11,c1,p08,l3,0.00
i33,e11,c1,p09,l3,0.00
i33,e11,c1,p10,l3,0.00
i33,e11,c1,p11,l3,0.00
i33,e11,c1,p12,l3,0.00
i33,e11,c1,p13,l3,0.00
i33,e11,c1,p14,l3,0.00
i33,e11,c1,p15,l3,0.00
i33,e11,c1,p16,l3,0.00
i33,e11,c1,p17,l3,0.00
i33,e11,c1,p18,l3,0.00
i33,e11,c1,p19,l3,0.00
i33,e11,c1,p21,l3,0.00
i33,e11,c1,p22,l3,0.00
i33,e11,c1,p23,l3,0.00
i33,e11,c1,p24,l3,0.00
i33,e11,c1,p25,l3,0.00
i33,e11,c1,p26,l3,0.00
i33,e11,c1,p28,l3,0.00
i33,e11,c1,p29,l3,0.00
i33,e11,c1,p32,l3,0.00
i33,e11,c1,p35,l3,0.00
i33,e11,c4,p05,l3,0.00
i33,e11,c4,p07,l3,0.00
i33,e11,c4,p10,l3,0.00
i34,e01,c3,p01,l3,0.00
i34,e01,c3,p02,l3,0.00
i34,e01,c3,p03,l3,0.00
i34,e01,c3,p04,l3,0.00
i34,e01,c3,p05,l3,0.00
i34,e01,c3,p06,l3,0.00
i34,e01,c3,p07,l3,0.00
i34,e01,c3,p08,l3,0.00
i34,e01,c3,p09,l3,0.00
i34,e01,c3,p10,l3,0.00
i34,e01,c3,p11,l3,0.00
i34,e01,c3,p12,l3,0.00
i34,e01,c3,p13,l3,0.00
i34,e01,c3,p14,l3,0.00
i34,e01,c3,p15,l3,0.00
i34,e01,c3,p16,l3,0.00
i34,e01,c3,p17,l3,0.00
i34,e01,c3,p18,l3,0.00
i34,e01,c3,p19,l3,0.00
i34,e01,c3,p20,l3,0.00
i34,e01,c3,p21,l3,0.00
i34,e01,c3,p22,l3,0.00
i34,e01,c3,p23,l3,0.00
i34,e01,c3,p24,l3,0.00
i34,e01,c3,p25,l3,0.00
i34,e01,c3,p26,l3,0.00
i34,e01,c3,p28,l3,0.00
i34,e01,c3,p29,l3,0.00
i34,e01,c3,p31,l3,0.00
i34,e01,c3,p32,l3,0.00
i34,e01,c3,p33,l3,0.00
i34,e01,c3,p35,l3,0.00
i34,e01,c5,p01,l3,0.00
i34,e01,c5,p02,l3,0.00
i34,e01,c5,p03,l3,0.00
i34,e01,c5,p04,l3,0.00
i34,e01,c5,p05,l3,0.00
i34,e01,c5,p06,l3,0.00
i34,e01,c5,p07,l3,0.00
i34,e01,c5,p08,l3,0.00
i34,e01,c5,p09,l3,0.00
i34,e01,c5,p10,l3,3.29
i34,e01,c5,p11,l3,0.00
i34,e01,c5,p12,l3,0.00
i34,e01,c5,p13,l3,8.42
i34,e01,c5,p14,l3,0.00
i34,e01,c5,p15,l3,0.00
i34,e01,c5,p16,l3,0.00
i34,e01,c5,p17,l3,0.00
i34,e01,c5,p18,l3,0.00
i34,e01,c5,p19,l3,0.00
i34,e01,c5,p20,l3,0.00
i34,e01,c5,p21,l3,1.32
i34,e01,c5,p22,l3,0.00
i34,e01,c5,p23,l3,0.00
i34,e01,c5,p24,l3,1.65
i34,e01,c5,p25,l3,0.00
i34,e01,c5,p26,l3,0.00
i34,e01,c5,p27,l3,0.00
i34,e01,c5,p28,l3,0.00
i34,e01,c5,p29,l3,0.00
i34,e01,c5,p30,l3,0.00
i34,e01,c5,p31,l3,0.00
i34,e01,c5,p32,l3,0.00
i34,e01,c5,p33,l3,0.00
i34,e01,c5,p35,l3,3.36
i34,e02,c3,p01,l1,0.00
i34,e02,c3,p01,l3,0.00
i34,e02,c3,p02,l3,0.00
i34,e02,c3,p03,l1,0.00
i34,e02,c3,p03,l3,0.00
i34,e02,c3,p07,l1,0.00
i34,e02,c3,p07,l3,0.00
i34,e02,c3,p10,l1,0.00
i34,e02,c3,p10,l3,0.00
i34,e02,c3,p11,l3,0.00
i34,e02,c3,p12,l1,0.00
i34,e02,c3,p12,l3,0.00
i34,e02,c3,p13,l1,0.00
i34,e02,c3,p13,l3,0.00
i34,e02,c3,p14,l3,0.00
i34,e02,c3,p15,l3,0.00
i34,e02,c3,p16,l1,0.00
i34,e02,c3,p17,l1,0.00
i34,e02,c3,p17,l3,0.00
i34,e02,c3,p18,l3,0.00
i34,e02,c3,p19,l1,0.00
i34,e02,c3,p19,l3,0.00
i34,e02,c3,p21,l1,0.00
i34,e02,c3,p21,l3,0.00
i34,e02,c3,p23,l1,0.00
i34,e02,c3,p24,l3,0.00
i34,e02,c3,p29,l1,0.00
i34,e02,c3,p29,l3,0.00
i34,e02,c3,p35,l1,0.00
i34,e02,c3,p35,l3,0.00
i34,e02,c5,p01,l1,0.00
i34,e02,c5,p01,l3,0.00
i34,e02,c5,p02,l1,0.00
i34,e02,c5,p02,l3,0.00
i34,e02,c5,p03,l1,0.00
i34,e02,c5,p03,l3,0.00
i34,e02,c5,p04,l1,0.00
i34,e02,c5,p04,l3,0.00
i34,e02,c5,p05,l1,0.00
i34,e02,c5,p05,l3,0.00
i34,e02,c5,p06,l1,0.00
i34,e02,c5,p06,l3,0.00
i34,e02,c5,p07,l1,0.00
i34,e02,c5,p07,l3,0.00
i34,e02,c5,p08,l1,0.00
i34,e02,c5,p08,l3,0.00
i34,e02,c5,p09,l1,0.00
i34,e02,c5,p09,l3,0.00
i34,e02,c5,p10,l1,0.00
i34,e02,c5,p10,l3,0.00
i34,e02,c5,p11,l1,0.00
i34,e02,c5,p11,l3,0.00
i34,e02,c5,p12,l1,0.00
i34,e02,c5,p12,l3,0.00
i34,e02,c5,p13,l1,0.00
i34,e02,c5,p13,l3,0.00
i34,e02,c5,p14,l1,0.00
i34,e02,c5,p14,l3,0.00
i34,e02,c5,p15,l1,0.00
i34,e02,c5,p15,l3,0.00
i34,e02,c5,p16,l1,0.00
i34,e02,c5,p16,l3,0.00
i34,e02,c5,p17,l1,0.00
i34,e02,c5,p17,l3,0.00
i34,e02,c5,p18,l1,0.00
i34,e02,c5,p18,l3,0.00
i34,e02,c5,p19,l1,0.00
i34,e02,c5,p19,l3,0.00
i34,e02,c5,p20,l1,0.00
i34,e02,c5,p20,l3,0.00
i34,e02,c5,p21,l1,0.00
i34,e02,c5,p21,l3,0.00
i34,e02,c5,p22,l1,0.00
i34,e02,c5,p22,l3,0.00
i34,e02,c5,p23,l1,0.00
i34,e02,c5,p23,l3,0.00
i34,e02,c5,p24,l1,0.00
i34,e02,c5,p24,l3,0.00
i34,e02,c5,p25,l1,0.00
i34,e02,c5,p25,l3,0.00
i34,e02,c5,p26,l3,0.00
i34,e02,c5,p28,l1,0.00
i34,e02,c5,p28,l3,0.00
i34,e02,c5,p29,l1,0.00
i34,e02,c5,p29,l3,0.00
i34,e02,c5,p30,l3,0.00
i34,e02,c5,p31,l1,0.00
i34,e02,c5,p31,l3,0.00
i34,e02,c5,p32,l1,0.00
i34,e02,c5,p32,l3,0.00
i34,e02,c5,p35,l1,0.00
i34,e02,c5,p35,l3,0.00
i34,e03,c3,p01,l3,1.18
i34,e03,c3,p02,l3,0.00
i34,e03,c3,p03,l3,0.00
i34,e03,c3,p04,l3,0.00
i34,e03,c3,p05,l3,0.00
i34,e03,c3,p06,l3,0.00
i34,e03,c3,p07,l3,0.00
i34,e03,c3,p08,l3,0.00
i34,e03,c3,p09,l3,0.00
i34,e03,c3,p10,l3,0.00
i34,e03,c3,p11,l3,0.00
i34,e03,c3,p12,l3,0.00
i34,e03,c3,p13,l3,0.00
i34,e03,c3,p14,l3,0.00
i34,e03,c3,p15,l3,0.00
i34,e03,c3,p16,l3,0.00
i34,e03,c3,p17,l3,0.00
i34,e03,c3,p18,l3,0.00
i34,e03,c3,p19,l3,1.40
i34,e03,c3,p20,l3,0.00
i34,e03,c3,p21,l3,0.00
i34,e03,c3,p22,l3,0.00
i34,e03,c3,p23,l3,0.00
i34,e03,c3,p24,l3,0.00
i34,e03,c3,p25,l3,0.00
i34,e03,c3,p26,l3,0.00
i34,e03,c3,p28,l3,0.00
i34,e03,c3,p29,l3,0.00
i34,e03,c3,p30,l3,0.00
i34,e03,c3,p31,l3,0.00
i34,e03,c3,p32,l3,0.00
i34,e03,c3,p33,l3,0.00
i34,e03,c3,p35,l3,0.00
i34,e03,c5,p01,l3,1.64
i34,e03,c5,p02,l3,7.73
i34,e03,c5,p03,l3,4.24
i34,e03,c5,p04,l3,4.18
i34,e03,c5,p05,l3,20.05
i34,e03,c5,p06,l3,0.00
i34,e03,c5,p07,l3,2.34
i34,e03,c5,p08,l3,2.20
i34,e03,c5,p09,l3,2.04
i34,e03,c5,p10,l3,15.43
i34,e03,c5,p11,l3,1.33
i34,e03,c5,p12,l3,6.36
i34,e03,c5,p13,l3,1.23
i34,e03,c5,p14,l3,0.00
i34,e03,c5,p15,l3,8.10
i34,e03,c5,p16,l3,1.15
i34,e03,c5,p17,l3,0.00
i34,e03,c5,p18,l3,0.00
i34,e03,c5,p19,l3,33.19
i34,e03,c5,p20,l3,0.00
i34,e03,c5,p21,l3,15.45
i34,e03,c5,p22,l3,0.00
i34,e03,c5,p23,l3,1.77
i34,e03,c5,p24,l3,4.24
i34,e03,c5,p25,l3,0.00
i34,e03,c5,p26,l3,1.52
i34,e03,c5,p27,l3,0.00
i34,e03,c5,p28,l3,0.00
i34,e03,c5,p29,l3,1.23
i34,e03,c5,p30,l3,0.00
i34,e03,c5,p31,l3,0.00
i34,e03,c5,p32,l3,3.24
i34,e03,c5,p33,l3,0.00
i34,e03,c5,p35,l3,14.46
i34,e03,c8,p35,l3,0.00
i34,e04,c3,p01,l1,0.00
i34,e04,c3,p01,l3,0.00
i34,e04,c3,p02,l1,0.00
i34,e04,c3,p02,l3,0.00
i34,e04,c3,p03,l1,0.00
i34,e04,c3,p03,l3,0.00
i34,e04,c3,p04,l1,0.00
i34,e04,c3,p04,l3,0.00
i34,e04,c3,p05,l1,0.00
i34,e04,c3,p05,l3,0.00
i34,e04,c3,p06,l1,0.00
i34,e04,c3,p06,l3,0.00
i34,e04,c3,p07,l1,0.00
i34,e04,c3,p07,l3,0.00
i34,e04,c3,p08,l1,0.00
i34,e04,c3,p08,l3,0.00
i34,e04,c3,p09,l1,0.00
i34,e04,c3,p09,l3,0.00
i34,e04,c3,p10,l1,0.00
i34,e04,c3,p10,l3,0.00
i34,e04,c3,p11,l1,0.00
i34,e04,c3,p11,l3,0.00
i34,e04,c3,p12,l1,0.00
i34,e04,c3,p12,l3,0.00
i34,e04,c3,p13,l1,0.00
i34,e04,c3,p13,l3,0.00
i34,e04,c3,p14,l1,0.00
i34,e04,c3,p14,l3,0.00
i34,e04,c3,p15,l1,0.00
i34,e04,c3,p15,l3,0.00
i34,e04,c3,p16,l1,0.00
i34,e04,c3,p16,l3,0.00
i34,e04,c3,p17,l1,0.00
i34,e04,c3,p17,l3,0.00
i34,e04,c3,p18,l1,0.00
i34,e04,c3,p18,l3,0.00
i34,e04,c3,p19,l1,0.00
i34,e04,c3,p19,l3,0.00
i34,e04,c3,p20,l1,0.00
i34,e04,c3,p20,l3,0.00
i34,e04,c3,p21,l1,0.00
i34,e04,c3,p21,l3,0.00
i34,e04,c3,p22,l1,0.00
i34,e04,c3,p22,l3,0.00
i34,e04,c3,p23,l1,0.00
i34,e04,c3,p23,l3,0.00
i34,e04,c3,p24,l1,0.00
i34,e04,c3,p24,l3,0.00
i34,e04,c3,p25,l3,0.00
i34,e04,c3,p26,l1,0.00
i34,e04,c3,p26,l3,0.00
i34,e04,c3,p28,l1,0.00
i34,e04,c3,p28,l3,0.00
i34,e04,c3,p29,l1,0.00
i34,e04,c3,p29,l3,0.00
i34,e04,c3,p31,l1,0.00
i34,e04,c3,p31,l3,0.00
i34,e04,c3,p32,l1,0.00
i34,e04,c3,p32,l3,0.00
i34,e04,c3,p33,l3,0.00
i34,e04,c3,p35,l1,0.00
i34,e04,c3,p35,l3,0.00
i34,e04,c5,p01,l1,0.00
i34,e04,c5,p01,l3,0.00
i34,e04,c5,p02,l1,0.00
i34,e04,c5,p02,l3,0.00
i34,e04,c5,p03,l1,0.00
i34,e04,c5,p03,l3,0.00
i34,e04,c5,p04,l1,0.00
i34,e04,c5,p04,l3,1.59
i34,e04,c5,p05,l1,0.00
i34,e04,c5,p05,l3,4.56
i34,e04,c5,p06,l1,0.00
i34,e04,c5,p06,l3,1.54
i34,e04,c5,p07,l1,0.00
i34,e04,c5,p07,l3,0.00
i34,e04,c5,p08,l1,0.00
i34,e04,c5,p08,l3,1.01
i34,e04,c5,p09,l1,0.00
i34,e04,c5,p09,l3,0.00
i34,e04,c5,p10,l1,0.00
i34,e04,c5,p10,l3,2.15
i34,e04,c5,p11,l1,0.00
i34,e04,c5,p11,l3,0.00
i34,e04,c5,p12,l1,0.00
i34,e04,c5,p12,l3,0.00
i34,e04,c5,p13,l1,0.00
i34,e04,c5,p13,l3,3.74
i34,e04,c5,p14,l1,0.00
i34,e04,c5,p14,l3,0.00
i34,e04,c5,p15,l1,0.00
i34,e04,c5,p15,l3,2.31
i34,e04,c5,p16,l1,0.00
i34,e04,c5,p16,l3,0.00
i34,e04,c5,p17,l1,0.00
i34,e04,c5,p17,l3,0.00
i34,e04,c5,p18,l1,0.00
i34,e04,c5,p18,l3,0.00
i34,e04,c5,p19,l1,0.00
i34,e04,c5,p19,l3,4.81
i34,e04,c5,p20,l1,0.00
i34,e04,c5,p20,l3,0.00
i34,e04,c5,p21,l1,0.00
i34,e04,c5,p21,l3,2.71
i34,e04,c5,p22,l1,0.00
i34,e04,c5,p22,l3,0.00
i34,e04,c5,p23,l1,0.00
i34,e04,c5,p23,l3,0.00
i34,e04,c5,p24,l1,0.00
i34,e04,c5,p24,l3,1.77
i34,e04,c5,p25,l1,0.00
i34,e04,c5,p25,l3,1.05
i34,e04,c5,p26,l1,0.00
i34,e04,c5,p26,l3,0.00
i34,e04,c5,p27,l3,0.00
i34,e04,c5,p28,l1,0.00
i34,e04,c5,p28,l3,0.00
i34,e04,c5,p29,l1,0.00
i34,e04,c5,p29,l3,1.53
i34,e04,c5,p30,l1,0.00
i34,e04,c5,p30,l3,0.00
i34,e04,c5,p31,l1,0.00
i34,e04,c5,p31,l3,0.00
i34,e04,c5,p32,l1,0.00
i34,e04,c5,p32,l3,0.00
i34,e04,c5,p33,l1,0.00
i34,e04,c5,p33,l3,0.00
i34,e04,c5,p35,l1,0.00
i34,e04,c5,p35,l3,1.14
i34,e05,c3,p01,l3,0.00
i34,e05,c3,p02,l3,0.00
i34,e05,c3,p03,l3,0.00
i34,e05,c3,p04,l3,0.00
i34,e05,c3,p05,l1,0.00
i34,e05,c3,p05,l3,0.00
i34,e05,c3,p06,l3,0.00
i34,e05,c3,p07,l3,0.00
i34,e05,c3,p08,l1,0.00
i34,e05,c3,p08,l3,0.00
i34,e05,c3,p09,l3,0.00
i34,e05,c3,p10,l1,0.00
i34,e05,c3,p10,l3,0.00
i34,e05,c3,p11,l3,0.00
i34,e05,c3,p12,l1,0.00
i34,e05,c3,p12,l3,0.00
i34,e05,c3,p13,l3,0.00
i34,e05,c3,p14,l3,0.00
i34,e05,c3,p15,l3,0.00
i34,e05,c3,p16,l3,0.00
i34,e05,c3,p17,l3,0.00
i34,e05,c3,p18,l1,0.00
i34,e05,c3,p18,l3,0.00
i34,e05,c3,p19,l1,0.00
i34,e05,c3,p19,l3,0.00
i34,e05,c3,p21,l3,0.00
i34,e05,c3,p22,l3,0.00
i34,e05,c3,p24,l3,0.00
i34,e05,c3,p25,l3,0.00
i34,e05,c3,p28,l3,0.00
i34,e05,c3,p29,l3,0.00
i34,e05,c3,p32,l1,0.00
i34,e05,c3,p32,l3,0.00
i34,e05,c3,p35,l1,0.00
i34,e05,c3,p35,l3,0.00
i34,e05,c5,p01,l1,0.00
i34,e05,c5,p01,l3,0.00
i34,e05,c5,p02,l1,0.00
i34,e05,c5,p02,l3,0.00
i34,e05,c5,p03,l1,0.00
i34,e05,c5,p03,l3,0.00
i34,e05,c5,p04,l1,0.00
i34,e05,c5,p04,l3,0.00
i34,e05,c5,p05,l1,0.00
i34,e05,c5,p05,l3,0.00
i34,e05,c5,p06,l1,0.00
i34,e05,c5,p06,l3,0.00
i34,e05,c5,p07,l1,0.00
i34,e05,c5,p07,l3,0.00
i34,e05,c5,p08,l1,0.00
i34,e05,c5,p08,l3,0.00
i34,e05,c5,p09,l1,0.00
i34,e05,c5,p09,l3,0.00
i34,e05,c5,p10,l1,0.00
i34,e05,c5,p10,l3,0.00
i34,e05,c5,p11,l1,0.00
i34,e05,c5,p11,l3,0.00
i34,e05,c5,p12,l1,0.00
i34,e05,c5,p12,l3,0.00
i34,e05,c5,p13,l1,0.00
i34,e05,c5,p13,l3,0.00
i34,e05,c5,p14,l1,0.00
i34,e05,c5,p14,l3,1.75
i34,e05,c5,p15,l1,0.00
i34,e05,c5,p15,l3,0.00
i34,e05,c5,p16,l1,0.00
i34,e05,c5,p16,l3,0.00
i34,e05,c5,p17,l1,0.00
i34,e05,c5,p17,l3,0.00
i34,e05,c5,p18,l1,0.00
i34,e05,c5,p18,l3,0.00
i34,e05,c5,p19,l1,0.00
i34,e05,c5,p19,l3,0.00
i34,e05,c5,p20,l1,0.00
i34,e05,c5,p20,l3,0.00
i34,e05,c5,p21,l1,0.00
i34,e05,c5,p21,l3,0.00
i34,e05,c5,p22,l1,0.00
i34,e05,c5,p22,l3,0.00
i34,e05,c5,p23,l1,0.00
i34,e05,c5,p23,l3,0.00
i34,e05,c5,p24,l1,0.00
i34,e05,c5,p24,l3,0.00
i34,e05,c5,p25,l1,0.00
i34,e05,c5,p25,l3,0.00
i34,e05,c5,p26,l1,0.00
i34,e05,c5,p26,l3,0.00
i34,e05,c5,p28,l1,0.00
i34,e05,c5,p28,l3,0.00
i34,e05,c5,p29,l1,0.00
i34,e05,c5,p29,l3,0.00
i34,e05,c5,p30,l1,0.00
i34,e05,c5,p30,l3,0.00
i34,e05,c5,p31,l1,0.00
i34,e05,c5,p31,l3,0.00
i34,e05,c5,p32,l1,0.00
i34,e05,c5,p32,l3,0.00
i34,e05,c5,p33,l3,0.00
i34,e05,c5,p35,l1,0.00
i34,e05,c5,p35,l3,0.00
i34,e06,c5,p24,l3,0.00
i34,e07,c5,p10,l3,0.00
i34,e07,c5,p17,l3,0.00
i34,e07,c5,p19,l3,0.00
i34,e07,c5,p23,l3,0.00
i34,e07,c5,p35,l2,0.00
i34,e07,c5,p35,l3,0.00
i34,e08,c3,p01,l2,0.00
i34,e08,c3,p01,l3,0.00
i34,e08,c3,p02,l2,0.00
i34,e08,c3,p02,l3,0.00
i34,e08,c3,p03,l2,0.00
i34,e08,c3,p03,l3,0.00
i34,e08,c3,p04,l2,0.00
i34,e08,c3,p04,l3,0.00
i34,e08,c3,p05,l2,0.00
i34,e08,c3,p05,l3,0.00
i34,e08,c3,p06,l2,0.00
i34,e08,c3,p06,l3,0.00
i34,e08,c3,p07,l2,0.00
i34,e08,c3,p07,l3,0.00
i34,e08,c3,p08,l2,0.00
i34,e08,c3,p08,l3,0.00
i34,e08,c3,p09,l2,0.00
i34,e08,c3,p09,l3,0.00
i34,e08,c3,p10,l2,0.00
i34,e08,c3,p10,l3,0.00
i34,e08,c3,p11,l2,0.00
i34,e08,c3,p11,l3,0.00
i34,e08,c3,p12,l2,0.00
i34,e08,c3,p12,l3,0.00
i34,e08,c3,p13,l2,0.00
i34,e08,c3,p13,l3,0.00
i34,e08,c3,p14,l2,0.00
i34,e08,c3,p14,l3,0.00
i34,e08,c3,p15,l2,0.00
i34,e08,c3,p15,l3,0.00
i34,e08,c3,p16,l2,0.00
i34,e08,c3,p16,l3,0.00
i34,e08,c3,p17,l2,0.00
i34,e08,c3,p17,l3,0.00
i34,e08,c3,p18,l2,0.00
i34,e08,c3,p18,l3,0.00
i34,e08,c3,p19,l2,0.00
i34,e08,c3,p19,l3,0.00
i34,e08,c3,p20,l2,0.00
i34,e08,c3,p20,l3,0.00
i34,e08,c3,p21,l2,0.00
i34,e08,c3,p21,l3,0.00
i34,e08,c3,p22,l2,0.00
i34,e08,c3,p22,l3,0.00
i34,e08,c3,p23,l2,0.00
i34,e08,c3,p23,l3,0.00
i34,e08,c3,p24,l2,0.00
i34,e08,c3,p24,l3,0.00
i34,e08,c3,p25,l3,0.00
i34,e08,c3,p26,l3,0.00
i34,e08,c3,p28,l2,0.00
i34,e08,c3,p28,l3,0.00
i34,e08,c3,p29,l2,0.00
i34,e08,c3,p29,l3,0.00
i34,e08,c3,p31,l2,0.00
i34,e08,c3,p31,l3,0.00
i34,e08,c3,p32,l2,0.00
i34,e08,c3,p32,l3,0.00
i34,e08,c3,p33,l3,0.00
i34,e08,c3,p35,l2,0.00
i34,e08,c3,p35,l3,0.00
i34,e08,c5,p01,l2,0.00
i34,e08,c5,p01,l3,0.00
i34,e08,c5,p02,l2,0.00
i34,e08,c5,p02,l3,0.00
i34,e08,c5,p03,l2,0.00
i34,e08,c5,p03,l3,0.00
i34,e08,c5,p04,l2,0.00
i34,e08,c5,p04,l3,0.00
i34,e08,c5,p05,l2,0.00
i34,e08,c5,p05,l3,5.27
i34,e08,c5,p06,l2,0.00
i34,e08,c5,p06,l3,3.60
i34,e08,c5,p07,l2,0.00
i34,e08,c5,p07,l3,1.56
i34,e08,c5,p08,l2,0.00
i34,e08,c5,p08,l3,2.05
i34,e08,c5,p09,l2,0.00
i34,e08,c5,p09,l3,0.00
i34,e08,c5,p10,l2,0.00
i34,e08,c5,p10,l3,10.43
i34,e08,c5,p11,l2,0.00
i34,e08,c5,p11,l3,0.00
i34,e08,c5,p12,l2,0.00
i34,e08,c5,p12,l3,0.00
i34,e08,c5,p13,l2,0.00
i34,e08,c5,p13,l3,0.00
i34,e08,c5,p14,l2,0.00
i34,e08,c5,p14,l3,0.00
i34,e08,c5,p15,l2,0.00
i34,e08,c5,p15,l3,1.16
i34,e08,c5,p16,l2,0.00
i34,e08,c5,p16,l3,0.00
i34,e08,c5,p17,l2,0.00
i34,e08,c5,p17,l3,0.00
i34,e08,c5,p18,l2,0.00
i34,e08,c5,p18,l3,0.00
i34,e08,c5,p19,l2,0.00
i34,e08,c5,p19,l3,2.37
i34,e08,c5,p20,l2,0.00
i34,e08,c5,p20,l3,0.00
i34,e08,c5,p21,l2,0.00
i34,e08,c5,p21,l3,2.75
i34,e08,c5,p22,l2,0.00
i34,e08,c5,p22,l3,0.00
i34,e08,c5,p23,l2,0.00
i34,e08,c5,p23,l3,0.00
i34,e08,c5,p24,l2,0.00
i34,e08,c5,p24,l3,4.01
i34,e08,c5,p25,l2,0.00
i34,e08,c5,p25,l3,0.00
i34,e08,c5,p26,l2,0.00
i34,e08,c5,p26,l3,0.00
i34,e08,c5,p27,l3,0.00
i34,e08,c5,p28,l2,0.00
i34,e08,c5,p28,l3,0.00
i34,e08,c5,p29,l2,0.00
i34,e08,c5,p29,l3,1.45
i34,e08,c5,p30,l2,0.00
i34,e08,c5,p30,l3,0.00
i34,e08,c5,p31,l2,0.00
i34,e08,c5,p31,l3,0.00
i34,e08,c5,p32,l2,0.00
i34,e08,c5,p32,l3,2.01
i34,e08,c5,p33,l2,0.00
i34,e08,c5,p33,l3,0.00
i34,e08,c5,p35,l2,0.00
i34,e08,c5,p35,l3,2.13
i34,e09,c3,p01,l2,0.00
i34,e09,c3,p01,l3,0.00
i34,e09,c3,p02,l2,0.00
i34,e09,c3,p02,l3,0.00
i34,e09,c3,p03,l2,0.00
i34,e09,c3,p03,l3,0.00
i34,e09,c3,p04,l2,0.00
i34,e09,c3,p04,l3,0.00
i34,e09,c3,p05,l2,0.00
i34,e09,c3,p05,l3,0.00
i34,e09,c3,p06,l2,0.00
i34,e09,c3,p06,l3,0.00
i34,e09,c3,p07,l2,0.00
i34,e09,c3,p07,l3,0.00
i34,e09,c3,p08,l2,0.00
i34,e09,c3,p08,l3,0.00
i34,e09,c3,p09,l2,0.00
i34,e09,c3,p09,l3,0.00
i34,e09,c3,p10,l2,0.00
i34,e09,c3,p10,l3,0.00
i34,e09,c3,p11,l2,0.00
i34,e09,c3,p11,l3,0.00
i34,e09,c3,p12,l2,0.00
i34,e09,c3,p12,l3,0.00
i34,e09,c3,p13,l2,0.00
i34,e09,c3,p13,l3,0.00
i34,e09,c3,p14,l2,0.00
i34,e09,c3,p14,l3,0.00
i34,e09,c3,p15,l2,0.00
i34,e09,c3,p15,l3,0.00
i34,e09,c3,p16,l2,0.00
i34,e09,c3,p16,l3,0.00
i34,e09,c3,p17,l2,0.00
i34,e09,c3,p17,l3,0.00
i34,e09,c3,p18,l2,0.00
i34,e09,c3,p18,l3,0.00
i34,e09,c3,p19,l2,0.00
i34,e09,c3,p19,l3,0.00
i34,e09,c3,p20,l3,0.00
i34,e09,c3,p21,l2,0.00
i34,e09,c3,p21,l3,0.00
i34,e09,c3,p22,l2,0.00
i34,e09,c3,p22,l3,0.00
i34,e09,c3,p23,l2,0.00
i34,e09,c3,p23,l3,0.00
i34,e09,c3,p24,l2,0.00
i34,e09,c3,p24,l3,0.00
i34,e09,c3,p25,l3,0.00
i34,e09,c3,p26,l3,0.00
i34,e09,c3,p28,l2,0.00
i34,e09,c3,p28,l3,0.00
i34,e09,c3,p29,l2,0.00
i34,e09,c3,p29,l3,0.00
i34,e09,c3,p31,l3,0.00
i34,e09,c3,p32,l2,0.00
i34,e09,c3,p32,l3,0.00
i34,e09,c3,p33,l3,0.00
i34,e09,c3,p35,l2,0.00
i34,e09,c3,p35,l3,0.00
i34,e09,c5,p01,l2,0.00
i34,e09,c5,p01,l3,0.00
i34,e09,c5,p02,l2,0.00
i34,e09,c5,p02,l3,0.00
i34,e09,c5,p03,l2,0.00
i34,e09,c5,p03,l3,0.00
i34,e09,c5,p04,l2,0.00
i34,e09,c5,p04,l3,0.00
i34,e09,c5,p05,l2,0.00
i34,e09,c5,p05,l3,0.00
i34,e09,c5,p06,l2,0.00
i34,e09,c5,p06,l3,0.00
i34,e09,c5,p07,l2,0.00
i34,e09,c5,p07,l3,0.00
i34,e09,c5,p08,l2,0.00
i34,e09,c5,p08,l3,0.00
i34,e09,c5,p09,l2,0.00
i34,e09,c5,p09,l3,0.00
i34,e09,c5,p10,l2,0.00
i34,e09,c5,p10,l3,0.00
i34,e09,c5,p11,l2,0.00
i34,e09,c5,p11,l3,0.00
i34,e09,c5,p12,l2,0.00
i34,e09,c5,p12,l3,0.00
i34,e09,c5,p13,l2,0.00
i34,e09,c5,p13,l3,1.22
i34,e09,c5,p14,l2,0.00
i34,e09,c5,p14,l3,0.00
i34,e09,c5,p15,l2,0.00
i34,e09,c5,p15,l3,0.00
i34,e09,c5,p16,l2,0.00
i34,e09,c5,p16,l3,0.00
i34,e09,c5,p17,l2,0.00
i34,e09,c5,p17,l3,0.00
i34,e09,c5,p18,l2,0.00
i34,e09,c5,p18,l3,1.33
i34,e09,c5,p19,l2,0.00
i34,e09,c5,p19,l3,0.00
i34,e09,c5,p20,l2,0.00
i34,e09,c5,p20,l3,0.00
i34,e09,c5,p21,l2,0.00
i34,e09,c5,p21,l3,0.00
i34,e09,c5,p22,l2,0.00
i34,e09,c5,p22,l3,0.00
i34,e09,c5,p23,l2,0.00
i34,e09,c5,p23,l3,0.00
i34,e09,c5,p24,l2,0.00
i34,e09,c5,p24,l3,0.00
i34,e09,c5,p25,l2,0.00
i34,e09,c5,p25,l3,0.00
i34,e09,c5,p26,l2,0.00
i34,e09,c5,p26,l3,0.00
i34,e09,c5,p27,l3,0.00
i34,e09,c5,p28,l2,0.00
i34,e09,c5,p28,l3,0.00
i34,e09,c5,p29,l2,0.00
i34,e09,c5,p29,l3,0.00
i34,e09,c5,p30,l2,0.00
i34,e09,c5,p30,l3,0.00
i34,e09,c5,p31,l2,0.00
i34,e09,c5,p31,l3,0.00
i34,e09,c5,p32,l2,0.00
i34,e09,c5,p32,l3,0.00
i34,e09,c5,p33,l2,0.00
i34,e09,c5,p33,l3,0.00
i34,e09,c5,p35,l2,0.00
i34,e09,c5,p35,l3,1.36
i34,e11,c3,p07,l3,0.00
i34,e11,c3,p11,l3,0.00
i34,e11,c3,p12,l3,0.00
i34,e11,c3,p14,l3,0.00
i34,e11,c3,p15,l3,0.00
i34,e11,c3,p23,l3,0.00
i34,e11,c3,p25,l3,0.00
i34,e11,c3,p35,l3,0.00
i34,e11,c5,p01,l2,0.00
i34,e11,c5,p01,l3,0.00
i34,e11,c5,p02,l2,0.00
i34,e11,c5,p02,l3,0.00
i34,e11,c5,p03,l2,0.00
i34,e11,c5,p03,l3,0.00
i34,e11,c5,p04,l3,0.00
i34,e11,c5,p05,l3,0.00
i34,e11,c5,p06,l3,0.00
i34,e11,c5,p07,l3,0.00
i34,e11,c5,p08,l3,0.00
i34,e11,c5,p09,l3,0.00
i34,e11,c5,p10,l2,0.00
i34,e11,c5,p10,l3,0.00
i34,e11,c5,p11,l2,0.00
i34,e11,c5,p11,l3,0.00
i34,e11,c5,p12,l3,0.00
i34,e11,c5,p13,l2,0.00
i34,e11,c5,p13,l3,0.00
i34,e11,c5,p14,l3,0.00
i34,e11,c5,p15,l3,0.00
i34,e11,c5,p16,l3,0.00
i34,e11,c5,p17,l3,0.00
i34,e11,c5,p18,l3,0.00
i34,e11,c5,p19,l2,0.00
i34,e11,c5,p19,l3,0.00
i34,e11,c5,p20,l3,0.00
i34,e11,c5,p21,l2,0.00
i34,e11,c5,p21,l3,0.00
i34,e11,c5,p22,l3,0.00
i34,e11,c5,p23,l3,0.00
i34,e11,c5,p24,l3,0.00
i34,e11,c5,p29,l3,0.00
i34,e11,c5,p31,l2,0.00
i34,e11,c5,p31,l3,0.00
i34,e11,c5,p32,l3,0.00
i34,e11,c5,p35,l2,0.00
i34,e11,c5,p35,l3,0.00
i34,e12,c3,p11,l3,0.00
i34,e12,c3,p14,l3,0.00
i34,e12,c3,p16,l3,0.00
i34,e12,c3,p24,l3,0.00
i34,e12,c3,p35,l3,0.00
i34,e12,c5,p01,l3,0.00
i34,e12,c5,p02,l3,0.00
i34,e12,c5,p03,l3,0.00
i34,e12,c5,p04,l3,0.00
i34,e12,c5,p05,l3,0.00
i34,e12,c5,p06,l3,0.00
i34,e12,c5,p07,l3,0.00
i34,e12,c5,p08,l3,0.00
i34,e12,c5,p09,l3,0.00
i34,e12,c5,p10,l3,0.00
i34,e12,c5,p11,l3,0.00
i34,e12,c5,p12,l3,0.00
i34,e12,c5,p13,l3,0.00
i34,e12,c5,p14,l3,0.00
i34,e12,c5,p15,l3,0.00
i34,e12,c5,p16,l3,0.00
i34,e12,c5,p17,l3,0.00
i34,e12,c5,p18,l3,0.00
i34,e12,c5,p19,l3,0.00
i34,e12,c5,p21,l3,0.00
i34,e12,c5,p22,l3,0.00
i34,e12,c5,p23,l3,0.00
i34,e12,c5,p24,l3,0.00
i34,e12,c5,p25,l3,0.00
i34,e12,c5,p26,l3,0.00
i34,e12,c5,p28,l3,0.00
i34,e12,c5,p29,l3,0.00
i34,e12,c5,p31,l3,0.00
i34,e12,c5,p32,l3,0.00
i34,e12,c5,p35,l3,0.00
i34,e13,c3,p01,l3,0.00
i34,e13,c3,p02,l3,0.00
i34,e13,c3,p03,l3,0.00
i34,e13,c3,p04,l3,0.00
i34,e13,c3,p05,l3,0.00
i34,e13,c3,p06,l3,0.00
i34,e13,c3,p07,l3,0.00
i34,e13,c3,p08,l3,0.00
i34,e13,c3,p09,l3,0.00
i34,e13,c3,p10,l3,0.00
i34,e13,c3,p11,l3,0.00
i34,e13,c3,p12,l3,0.00
i34,e13,c3,p13,l3,0.00
i34,e13,c3,p14,l3,0.00
i34,e13,c3,p15,l3,0.00
i34,e13,c3,p16,l3,0.00
i34,e13,c3,p17,l3,0.00
i34,e13,c3,p18,l3,0.00
i34,e13,c3,p19,l3,0.00
i34,e13,c3,p20,l3,0.00
i34,e13,c3,p21,l3,0.00
i34,e13,c3,p22,l3,0.00
i34,e13,c3,p23,l3,0.00
i34,e13,c3,p24,l3,0.00
i34,e13,c3,p25,l3,0.00
i34,e13,c3,p26,l3,0.00
i34,e13,c3,p28,l3,0.00
i34,e13,c3,p29,l3,0.00
i34,e13,c3,p31,l3,0.00
i34,e13,c3,p32,l3,0.00
i34,e13,c3,p35,l3,0.00
i34,e13,c5,p01,l3,0.00
i34,e13,c5,p02,l3,0.00
i34,e13,c5,p03,l3,0.00
i34,e13,c5,p04,l3,0.00
i34,e13,c5,p05,l3,0.00
i34,e13,c5,p06,l3,0.00
i34,e13,c5,p07,l3,0.00
i34,e13,c5,p08,l3,0.00
i34,e13,c5,p09,l3,0.00
i34,e13,c5,p10,l3,0.00
i34,e13,c5,p11,l3,0.00
i34,e13,c5,p12,l3,0.00
i34,e13,c5,p13,l3,0.00
i34,e13,c5,p14,l3,0.00
i34,e13,c5,p15,l3,0.00
i34,e13,c5,p16,l3,0.00
i34,e13,c5,p17,l3,0.00
i34,e13,c5,p18,l3,0.00
i34,e13,c5,p19,l3,0.00
i34,e13,c5,p20,l3,0.00
i34,e13,c5,p21,l3,0.00
i34,e13,c5,p22,l3,0.00
i34,e13,c5,p23,l3,0.00
i34,e13,c5,p24,l3,0.00
i34,e13,c5,p25,l3,0.00
i34,e13,c5,p26,l3,0.00
i34,e13,c5,p27,l3,0.00
i34,e13,c5,p28,l3,0.00
i34,e13,c5,p29,l3,0.00
i34,e13,c5,p30,l3,0.00
i34,e13,c5,p31,l3,0.00
i34,e13,c5,p32,l3,0.00
i34,e13,c5,p33,l3,0.00
i34,e13,c5,p35,l3,0.00
i35,e01,c2,p35,l3,0.00
i35,e04,c2,p35,l1,0.00
i35,e04,c2,p35,l3,0.00
i35,e09,c2,p35,l2,0.00
i35,e09,c2,p35,l3,0.00
i36,e01,c3,p35,l3,0.00
i36,e01,c5,p03,l3,0.00
i36,e01,c5,p10,l3,0.00
i36,e01,c5,p22,l3,0.00
i36,e01,c5,p25,l3,0.00
i36,e01,c5,p35,l3,0.00
i36,e02,c3,p35,l3,0.00
i36,e02,c5,p10,l3,0.00
i36,e02,c5,p35,l1,0.00
i36,e02,c5,p35,l3,0.00
i36,e03,c3,p35,l3,0.00
i36,e03,c5,p10,l3,0.00
i36,e03,c5,p35,l3,0.00
i36,e04,c3,p35,l1,0.00
i36,e04,c3,p35,l3,0.00
i36,e04,c5,p03,l3,0.00
i36,e04,c5,p10,l3,0.00
i36,e04,c5,p22,l3,0.00
i36,e04,c5,p25,l3,0.00
i36,e04,c5,p35,l1,0.00
i36,e04,c5,p35,l3,1.45
i36,e05,c3,p35,l1,0.00
i36,e05,c3,p35,l3,0.00
i36,e05,c5,p35,l1,0.00
i36,e05,c5,p35,l3,0.00
i36,e07,c5,p35,l3,0.00
i36,e08,c3,p35,l2,0.00
i36,e08,c3,p35,l3,0.00
i36,e08,c5,p03,l3,0.00
i36,e08,c5,p10,l3,0.00
i36,e08,c5,p12,l3,0.00
i36,e08,c5,p22,l3,0.00
i36,e08,c5,p25,l2,0.00
i36,e08,c5,p25,l3,0.00
i36,e08,c5,p35,l2,0.00
i36,e08,c5,p35,l3,0.00
i36,e09,c3,p35,l2,0.00
i36,e09,c3,p35,l3,0.00
i36,e09,c5,p03,l3,0.00
i36,e09,c5,p10,l3,0.00
i36,e09,c5,p12,l3,0.00
i36,e09,c5,p22,l3,0.00
i36,e09,c5,p25,l2,0.00
i36,e09,c5,p25,l3,0.00
i36,e09,c5,p35,l2,0.00
i36,e09,c5,p35,l3,0.00
i36,e11,c3,p35,l2,0.00
i36,e11,c3,p35,l3,0.00
i36,e11,c5,p03,l3,0.00
i36,e11,c5,p12,l3,0.00
i36,e11,c5,p25,l2,0.00
i36,e11,c5,p25,l3,0.00
i36,e11,c5,p35,l2,0.00
i36,e11,c5,p35,l3,0.00
i36,e12,c3,p35,l3,0.00
i36,e12,c5,p22,l3,0.00
i36,e12,c5,p25,l3,0.00
i36,e12,c5,p35,l3,0.00
i36,e13,c5,p10,l3,0.00
i36,e13,c5,p35,l3,0.00
i37,e01,c3,p33,l3,0.00
i37,e01,c3,p35,l3,0.00
i37,e01,c5,p09,l3,0.00
i37,e01,c5,p10,l3,0.00
i37,e01,c5,p11,l3,0.00
i37,e01,c5,p13,l3,0.00
i37,e01,c5,p15,l3,0.00
i37,e01,c5,p19,l3,0.00
i37,e01,c5,p33,l3,0.00
i37,e01,c5,p35,l3,0.00
i37,e02,c5,p33,l3,0.00
i37,e03,c3,p33,l3,0.00
i37,e03,c5,p01,l3,0.00
i37,e03,c5,p10,l3,0.00
i37,e03,c5,p11,l3,0.00
i37,e03,c5,p13,l3,0.00
i37,e03,c5,p15,l3,0.00
i37,e03,c5,p17,l3,0.00
i37,e03,c5,p18,l3,0.00
i37,e03,c5,p19,l3,0.00
i37,e03,c5,p33,l3,0.00
i37,e03,c5,p35,l3,0.00
i37,e04,c3,p19,l3,0.00
i37,e04,c3,p33,l3,0.00
i37,e04,c5,p09,l3,0.00
i37,e04,c5,p10,l3,0.00
i37,e04,c5,p11,l3,0.00
i37,e04,c5,p13,l3,0.00
i37,e04,c5,p18,l3,0.00
i37,e04,c5,p19,l3,0.00
i37,e04,c5,p33,l3,0.00
i37,e04,c5,p35,l3,0.00
i37,e05,c3,p35,l3,0.00
i37,e05,c5,p01,l3,0.00
i37,e05,c5,p10,l3,0.00
i37,e05,c5,p11,l3,0.00
i37,e05,c5,p13,l3,0.00
i37,e05,c5,p17,l3,0.00
i37,e05,c5,p19,l3,0.00
i37,e05,c5,p33,l3,0.00
i37,e05,c5,p35,l3,0.00
i37,e07,c5,p33,l3,0.00
i37,e08,c3,p19,l3,0.00
i37,e08,c3,p33,l3,0.00
i37,e08,c3,p35,l3,0.00
i37,e08,c5,p01,l3,0.00
i37,e08,c5,p03,l3,0.00
i37,e08,c5,p08,l3,0.00
i37,e08,c5,p09,l3,0.00
i37,e08,c5,p10,l3,0.00
i37,e08,c5,p11,l3,0.00
i37,e08,c5,p13,l3,0.00
i37,e08,c5,p15,l3,0.00
i37,e08,c5,p17,l3,0.00
i37,e08,c5,p19,l3,0.00
i37,e08,c5,p29,l3,0.00
i37,e08,c5,p33,l3,0.00
i37,e08,c5,p35,l3,0.00
i37,e09,c3,p19,l3,0.00
i37,e09,c3,p33,l3,0.00
i37,e09,c3,p35,l3,0.00
i37,e09,c5,p09,l3,0.00
i37,e09,c5,p10,l3,0.00
i37,e09,c5,p11,l3,0.00
i37,e09,c5,p13,l3,0.00
i37,e09,c5,p15,l3,0.00
i37,e09,c5,p17,l3,0.00
i37,e09,c5,p18,l3,0.00
i37,e09,c5,p19,l3,0.00
i37,e09,c5,p33,l3,0.00
i37,e09,c5,p35,l3,0.00
i37,e10,c3,p19,l3,0.00
i37,e10,c3,p33,l3,0.00
i37,e10,c3,p35,l3,0.00
i37,e10,c5,p01,l3,0.00
i37,e10,c5,p03,l3,0.00
i37,e10,c5,p08,l3,0.00
i37,e10,c5,p09,l3,0.00
i37,e10,c5,p10,l3,0.00
i37,e10,c5,p11,l3,0.00
i37,e10,c5,p13,l3,0.00
i37,e10,c5,p15,l3,0.00
i37,e10,c5,p17,l3,0.00
i37,e10,c5,p18,l3,0.00
i37,e10,c5,p19,l3,0.00
i37,e10,c5,p21,l3,0.00
i37,e10,c5,p29,l3,0.00
i37,e10,c5,p33,l3,0.00
i37,e10,c5,p35,l3,0.00
i37,e11,c3,p33,l3,0.00
i37,e11,c5,p01,l3,0.00
i37,e11,c5,p10,l3,0.00
i37,e11,c5,p11,l3,0.00
i37,e11,c5,p19,l3,0.00
i37,e11,c5,p33,l3,0.00
i37,e11,c5,p35,l3,0.00
i37,e12,c3,p33,l3,0.00
i37,e12,c5,p10,l3,0.00
i37,e12,c5,p19,l3,0.00
i37,e12,c5,p33,l3,0.00
i37,e12,c5,p35,l3,0.00
i38,e01,c1,p01,l2,0.00
i38,e01,c1,p01,l3,6.22
i38,e01,c1,p01,l4,0.00
i38,e01,c1,p02,l2,0.00
i38,e01,c1,p02,l3,0.00
i38,e01,c1,p02,l4,0.00
i38,e01,c1,p03,l2,0.00
i38,e01,c1,p03,l3,4.09
i38,e01,c1,p03,l4,0.00
i38,e01,c1,p04,l2,0.00
i38,e01,c1,p04,l3,0.00
i38,e01,c1,p04,l4,0.00
i38,e01,c1,p05,l2,0.00
i38,e01,c1,p05,l3,0.00
i38,e01,c1,p05,l4,0.00
i38,e01,c1,p06,l2,0.00
i38,e01,c1,p06,l3,0.00
i38,e01,c1,p06,l4,0.00
i38,e01,c1,p07,l2,0.00
i38,e01,c1,p07,l3,0.00
i38,e01,c1,p07,l4,0.00
i38,e01,c1,p08,l2,0.00
i38,e01,c1,p08,l3,0.00
i38,e01,c1,p08,l4,0.00
i38,e01,c1,p09,l2,0.00
i38,e01,c1,p09,l3,1.41
i38,e01,c1,p09,l4,0.00
i38,e01,c1,p10,l2,0.00
i38,e01,c1,p10,l3,90.41
i38,e01,c1,p10,l4,0.00
i38,e01,c1,p11,l2,0.00
i38,e01,c1,p11,l3,14.34
i38,e01,c1,p11,l4,0.00
i38,e01,c1,p12,l2,0.00
i38,e01,c1,p12,l3,1.07
i38,e01,c1,p12,l4,0.00
i38,e01,c1,p13,l2,0.00
i38,e01,c1,p13,l3,1.56
i38,e01,c1,p13,l4,0.00
i38,e01,c1,p14,l2,0.00
i38,e01,c1,p14,l3,0.00
i38,e01,c1,p14,l4,0.00
i38,e01,c1,p15,l2,0.00
i38,e01,c1,p15,l3,2.13
i38,e01,c1,p15,l4,0.00
i38,e01,c1,p16,l2,0.00
i38,e01,c1,p16,l3,0.00
i38,e01,c1,p16,l4,0.00
i38,e01,c1,p17,l2,0.00
i38,e01,c1,p17,l3,1.96
i38,e01,c1,p17,l4,0.00
i38,e01,c1,p18,l2,0.00
i38,e01,c1,p18,l3,2.23
i38,e01,c1,p18,l4,0.00
i38,e01,c1,p19,l2,0.00
i38,e01,c1,p19,l3,19.46
i38,e01,c1,p19,l4,0.00
i38,e01,c1,p20,l2,0.00
i38,e01,c1,p20,l3,1.21
i38,e01,c1,p20,l4,0.00
i38,e01,c1,p21,l2,0.00
i38,e01,c1,p21,l3,0.00
i38,e01,c1,p21,l4,0.00
i38,e01,c1,p22,l2,0.00
i38,e01,c1,p22,l3,0.00
i38,e01,c1,p22,l4,0.00
i38,e01,c1,p23,l2,0.00
i38,e01,c1,p23,l3,0.00
i38,e01,c1,p23,l4,0.00
i38,e01,c1,p24,l2,0.00
i38,e01,c1,p24,l3,2.05
i38,e01,c1,p24,l4,0.00
i38,e01,c1,p25,l2,0.00
i38,e01,c1,p25,l3,0.00
i38,e01,c1,p25,l4,0.00
i38,e01,c1,p26,l2,0.00
i38,e01,c1,p26,l3,1.54
i38,e01,c1,p26,l4,0.00
i38,e01,c1,p27,l3,0.00
i38,e01,c1,p28,l2,0.00
i38,e01,c1,p28,l3,0.00
i38,e01,c1,p28,l4,0.00
i38,e01,c1,p29,l2,0.00
i38,e01,c1,p29,l3,0.00
i38,e01,c1,p29,l4,0.00
i38,e01,c1,p30,l2,0.00
i38,e01,c1,p30,l3,0.00
i38,e01,c1,p30,l4,0.00
i38,e01,c1,p31,l2,0.00
i38,e01,c1,p31,l3,0.00
i38,e01,c1,p31,l4,0.00
i38,e01,c1,p32,l2,0.00
i38,e01,c1,p32,l3,1.04
i38,e01,c1,p32,l4,0.00
i38,e01,c1,p33,l2,0.00
i38,e01,c1,p33,l3,0.00
i38,e01,c1,p33,l4,0.00
i38,e01,c1,p34,l3,0.00
i38,e01,c1,p34,l4,0.00
i38,e01,c1,p35,l2,0.00
i38,e01,c1,p35,l3,1.00
i38,e01,c1,p35,l4,0.00
i38,e01,c4,p01,l2,0.00
i38,e01,c4,p01,l3,0.00
i38,e01,c4,p01,l4,0.00
i38,e01,c4,p02,l2,0.00
i38,e01,c4,p02,l3,0.00
i38,e01,c4,p02,l4,0.00
i38,e01,c4,p03,l2,0.00
i38,e01,c4,p03,l3,0.00
i38,e01,c4,p03,l4,0.00
i38,e01,c4,p04,l2,0.00
i38,e01,c4,p04,l3,0.00
i38,e01,c4,p04,l4,0.00
i38,e01,c4,p05,l2,0.00
i38,e01,c4,p05,l3,0.00
i38,e01,c4,p05,l4,0.00
i38,e01,c4,p06,l2,0.00
i38,e01,c4,p06,l3,0.00
i38,e01,c4,p06,l4,0.00
i38,e01,c4,p07,l2,0.00
i38,e01,c4,p07,l3,0.00
i38,e01,c4,p07,l4,0.00
i38,e01,c4,p08,l3,0.00
i38,e01,c4,p08,l4,0.00
i38,e01,c4,p09,l3,0.00
i38,e01,c4,p09,l4,0.00
i38,e01,c4,p10,l2,0.00
i38,e01,c4,p10,l3,2.05
i38,e01,c4,p10,l4,0.00
i38,e01,c4,p11,l2,0.00
i38,e01,c4,p11,l3,0.00
i38,e01,c4,p11,l4,0.00
i38,e01,c4,p12,l2,0.00
i38,e01,c4,p12,l3,0.00
i38,e01,c4,p12,l4,0.00
i38,e01,c4,p13,l2,0.00
i38,e01,c4,p13,l3,0.00
i38,e01,c4,p13,l4,0.00
i38,e01,c4,p14,l3,0.00
i38,e01,c4,p14,l4,0.00
i38,e01,c4,p15,l2,0.00
i38,e01,c4,p15,l3,0.00
i38,e01,c4,p15,l4,0.00
i38,e01,c4,p16,l3,0.00
i38,e01,c4,p16,l4,0.00
i38,e01,c4,p17,l2,0.00
i38,e01,c4,p17,l3,0.00
i38,e01,c4,p17,l4,0.00
i38,e01,c4,p18,l2,0.00
i38,e01,c4,p18,l3,0.00
i38,e01,c4,p18,l4,0.00
i38,e01,c4,p19,l2,0.00
i38,e01,c4,p19,l3,0.00
i38,e01,c4,p19,l4,0.00
i38,e01,c4,p20,l2,0.00
i38,e01,c4,p20,l3,0.00
i38,e01,c4,p20,l4,0.00
i38,e01,c4,p21,l2,0.00
i38,e01,c4,p21,l3,0.00
i38,e01,c4,p21,l4,0.00
i38,e01,c4,p22,l2,0.00
i38,e01,c4,p22,l3,0.00
i38,e01,c4,p22,l4,0.00
i38,e01,c4,p23,l2,0.00
i38,e01,c4,p23,l3,0.00
i38,e01,c4,p23,l4,0.00
i38,e01,c4,p24,l3,0.00
i38,e01,c4,p24,l4,0.00
i38,e01,c4,p25,l2,0.00
i38,e01,c4,p25,l3,0.00
i38,e01,c4,p25,l4,0.00
i38,e01,c4,p26,l3,0.00
i38,e01,c4,p26,l4,0.00
i38,e01,c4,p27,l3,0.00
i38,e01,c4,p28,l2,0.00
i38,e01,c4,p28,l3,0.00
i38,e01,c4,p28,l4,0.00
i38,e01,c4,p29,l2,0.00
i38,e01,c4,p29,l3,0.00
i38,e01,c4,p29,l4,0.00
i38,e01,c4,p30,l3,0.00
i38,e01,c4,p31,l3,0.00
i38,e01,c4,p31,l4,0.00
i38,e01,c4,p32,l3,0.00
i38,e01,c4,p32,l4,0.00
i38,e01,c4,p33,l3,0.00
i38,e01,c4,p33,l4,0.00
i38,e01,c4,p34,l3,0.00
i38,e01,c4,p35,l3,0.00
i38,e01,c4,p35,l4,0.00
i38,e01,c7,p01,l3,0.00
i38,e01,c7,p02,l3,0.00
i38,e01,c7,p03,l3,0.00
i38,e01,c7,p04,l3,0.00
i38,e01,c7,p05,l3,0.00
i38,e01,c7,p06,l3,0.00
i38,e01,c7,p07,l3,0.00
i38,e01,c7,p07,l4,0.00
i38,e01,c7,p08,l3,0.00
i38,e01,c7,p09,l3,0.00
i38,e01,c7,p10,l3,0.00
i38,e01,c7,p10,l4,0.00
i38,e01,c7,p11,l3,0.00
i38,e01,c7,p12,l3,0.00
i38,e01,c7,p13,l3,0.00
i38,e01,c7,p14,l3,0.00
i38,e01,c7,p15,l3,0.00
i38,e01,c7,p16,l3,0.00
i38,e01,c7,p17,l3,0.00
i38,e01,c7,p18,l3,0.00
i38,e01,c7,p19,l3,0.00
i38,e01,c7,p20,l3,0.00
i38,e01,c7,p21,l3,0.00
i38,e01,c7,p21,l4,0.00
i38,e01,c7,p22,l3,0.00
i38,e01,c7,p23,l3,0.00
i38,e01,c7,p24,l3,0.00
i38,e01,c7,p25,l3,0.00
i38,e01,c7,p26,l3,0.00
i38,e01,c7,p28,l3,0.00
i38,e01,c7,p28,l4,0.00
i38,e01,c7,p29,l3,0.00
i38,e01,c7,p31,l3,0.00
i38,e01,c7,p32,l3,0.00
i38,e01,c7,p34,l3,0.00
i38,e01,c7,p35,l3,0.00
i38,e01,c8,p01,l3,0.00
i38,e01,c8,p01,l4,0.00
i38,e01,c8,p02,l3,0.00
i38,e01,c8,p05,l3,0.00
i38,e01,c8,p06,l3,0.00
i38,e01,c8,p06,l4,0.00
i38,e01,c8,p07,l3,0.00
i38,e01,c8,p07,l4,0.00
i38,e01,c8,p09,l3,0.00
i38,e01,c8,p10,l2,0.00
i38,e01,c8,p10,l3,0.00
i38,e01,c8,p10,l4,0.00
i38,e01,c8,p11,l3,0.00
i38,e01,c8,p11,l4,0.00
i38,e01,c8,p12,l3,0.00
i38,e01,c8,p12,l4,0.00
i38,e01,c8,p13,l3,0.00
i38,e01,c8,p14,l3,0.00
i38,e01,c8,p15,l3,0.00
i38,e01,c8,p15,l4,0.00
i38,e01,c8,p16,l3,0.00
i38,e01,c8,p16,l4,0.00
i38,e01,c8,p19,l3,0.00
i38,e01,c8,p20,l3,0.00
i38,e01,c8,p21,l3,0.00
i38,e01,c8,p23,l3,0.00
i38,e01,c8,p23,l4,0.00
i38,e01,c8,p24,l3,0.00
i38,e01,c8,p28,l3,0.00
i38,e01,c8,p28,l4,0.00
i38,e01,c8,p29,l3,0.00
i38,e01,c8,p31,l3,0.00
i38,e04,c1,p01,l1,0.00
i38,e04,c1,p01,l2,0.00
i38,e04,c1,p01,l3,15.01
i38,e04,c1,p01,l4,0.00
i38,e04,c1,p02,l1,0.00
i38,e04,c1,p02,l2,0.00
i38,e04,c1,p02,l3,2.03
i38,e04,c1,p02,l4,0.00
i38,e04,c1,p03,l1,0.00
i38,e04,c1,p03,l2,0.00
i38,e04,c1,p03,l3,60.09
i38,e04,c1,p03,l4,0.00
i38,e04,c1,p04,l1,0.00
i38,e04,c1,p04,l2,0.00
i38,e04,c1,p04,l3,4.15
i38,e04,c1,p04,l4,0.00
i38,e04,c1,p05,l1,0.00
i38,e04,c1,p05,l2,0.00
i38,e04,c1,p05,l3,2.85
i38,e04,c1,p05,l4,0.00
i38,e04,c1,p06,l1,0.00
i38,e04,c1,p06,l2,0.00
i38,e04,c1,p06,l3,0.00
i38,e04,c1,p06,l4,0.00
i38,e04,c1,p07,l1,0.00
i38,e04,c1,p07,l2,0.00
i38,e04,c1,p07,l3,5.19
i38,e04,c1,p07,l4,0.00
i38,e04,c1,p08,l1,0.00
i38,e04,c1,p08,l2,0.00
i38,e04,c1,p08,l3,0.00
i38,e04,c1,p08,l4,0.00
i38,e04,c1,p09,l1,0.00
i38,e04,c1,p09,l2,0.00
i38,e04,c1,p09,l3,1.46
i38,e04,c1,p09,l4,0.00
i38,e04,c1,p10,l1,0.00
i38,e04,c1,p10,l2,0.00
i38,e04,c1,p10,l3,196.33
i38,e04,c1,p10,l4,0.00
i38,e04,c1,p11,l1,0.00
i38,e04,c1,p11,l2,0.00
i38,e04,c1,p11,l3,1.07
i38,e04,c1,p11,l4,0.00
i38,e04,c1,p12,l1,0.00
i38,e04,c1,p12,l2,0.00
i38,e04,c1,p12,l3,2.00
i38,e04,c1,p12,l4,0.00
i38,e04,c1,p13,l1,0.00
i38,e04,c1,p13,l2,0.00
i38,e04,c1,p13,l3,0.00
i38,e04,c1,p13,l4,0.00
i38,e04,c1,p14,l1,0.00
i38,e04,c1,p14,l2,0.00
i38,e04,c1,p14,l3,0.00
i38,e04,c1,p14,l4,0.00
i38,e04,c1,p15,l1,0.00
i38,e04,c1,p15,l2,0.00
i38,e04,c1,p15,l3,1.46
i38,e04,c1,p15,l4,0.00
i38,e04,c1,p16,l1,0.00
i38,e04,c1,p16,l2,0.00
i38,e04,c1,p16,l3,0.00
i38,e04,c1,p16,l4,0.00
i38,e04,c1,p17,l1,0.00
i38,e04,c1,p17,l2,0.00
i38,e04,c1,p17,l3,1.07
i38,e04,c1,p17,l4,0.00
i38,e04,c1,p18,l1,0.00
i38,e04,c1,p18,l2,0.00
i38,e04,c1,p18,l3,4.11
i38,e04,c1,p18,l4,0.00
i38,e04,c1,p19,l1,0.00
i38,e04,c1,p19,l2,0.00
i38,e04,c1,p19,l3,5.19
i38,e04,c1,p19,l4,0.00
i38,e04,c1,p20,l1,0.00
i38,e04,c1,p20,l2,0.00
i38,e04,c1,p20,l3,0.00
i38,e04,c1,p20,l4,0.00
i38,e04,c1,p21,l1,0.00
i38,e04,c1,p21,l2,0.00
i38,e04,c1,p21,l3,0.00
i38,e04,c1,p21,l4,0.00
i38,e04,c1,p22,l1,0.00
i38,e04,c1,p22,l2,0.00
i38,e04,c1,p22,l3,0.00
i38,e04,c1,p22,l4,0.00
i38,e04,c1,p23,l1,0.00
i38,e04,c1,p23,l2,0.00
i38,e04,c1,p23,l3,1.07
i38,e04,c1,p23,l4,0.00
i38,e04,c1,p24,l1,0.00
i38,e04,c1,p24,l2,0.00
i38,e04,c1,p24,l3,0.00
i38,e04,c1,p24,l4,0.00
i38,e04,c1,p25,l1,0.00
i38,e04,c1,p25,l2,0.00
i38,e04,c1,p25,l3,0.00
i38,e04,c1,p25,l4,0.00
i38,e04,c1,p26,l1,0.00
i38,e04,c1,p26,l2,0.00
i38,e04,c1,p26,l3,0.00
i38,e04,c1,p26,l4,0.00
i38,e04,c1,p27,l1,0.00
i38,e04,c1,p27,l3,0.00
i38,e04,c1,p27,l4,0.00
i38,e04,c1,p28,l1,0.00
i38,e04,c1,p28,l2,0.00
i38,e04,c1,p28,l3,0.00
i38,e04,c1,p28,l4,0.00
i38,e04,c1,p29,l1,0.00
i38,e04,c1,p29,l2,0.00
i38,e04,c1,p29,l3,0.00
i38,e04,c1,p29,l4,0.00
i38,e04,c1,p30,l1,0.00
i38,e04,c1,p30,l2,0.00
i38,e04,c1,p30,l3,0.00
i38,e04,c1,p30,l4,0.00
i38,e04,c1,p31,l1,0.00
i38,e04,c1,p31,l2,0.00
i38,e04,c1,p31,l3,0.00
i38,e04,c1,p31,l4,0.00
i38,e04,c1,p32,l1,0.00
i38,e04,c1,p32,l2,0.00
i38,e04,c1,p32,l3,0.00
i38,e04,c1,p32,l4,0.00
i38,e04,c1,p33,l1,0.00
i38,e04,c1,p33,l2,0.00
i38,e04,c1,p33,l3,0.00
i38,e04,c1,p33,l4,0.00
i38,e04,c1,p34,l1,0.00
i38,e04,c1,p34,l3,0.00
i38,e04,c1,p34,l4,0.00
i38,e04,c1,p35,l1,0.00
i38,e04,c1,p35,l2,0.00
i38,e04,c1,p35,l3,0.00
i38,e04,c1,p35,l4,0.00
i38,e04,c4,p01,l1,0.00
i38,e04,c4,p01,l2,0.00
i38,e04,c4,p01,l3,0.00
i38,e04,c4,p01,l4,0.00
i38,e04,c4,p02,l1,0.00
i38,e04,c4,p02,l3,0.00
i38,e04,c4,p02,l4,0.00
i38,e04,c4,p03,l1,0.00
i38,e04,c4,p03,l2,0.00
i38,e04,c4,p03,l3,0.00
i38,e04,c4,p03,l4,0.00
i38,e04,c4,p04,l1,0.00
i38,e04,c4,p04,l2,0.00
i38,e04,c4,p04,l3,0.00
i38,e04,c4,p04,l4,0.00
i38,e04,c4,p05,l1,0.00
i38,e04,c4,p05,l2,0.00
i38,e04,c4,p05,l3,0.00
i38,e04,c4,p05,l4,0.00
i38,e04,c4,p06,l1,0.00
i38,e04,c4,p06,l2,0.00
i38,e04,c4,p06,l3,0.00
i38,e04,c4,p06,l4,0.00
i38,e04,c4,p07,l1,0.00
i38,e04,c4,p07,l2,0.00
i38,e04,c4,p07,l3,0.00
i38,e04,c4,p07,l4,0.00
i38,e04,c4,p08,l1,0.00
i38,e04,c4,p08,l2,0.00
i38,e04,c4,p08,l3,0.00
i38,e04,c4,p08,l4,0.00
i38,e04,c4,p09,l1,0.00
i38,e04,c4,p09,l2,0.00
i38,e04,c4,p09,l3,0.00
i38,e04,c4,p09,l4,0.00
i38,e04,c4,p10,l1,0.00
i38,e04,c4,p10,l2,0.00
i38,e04,c4,p10,l3,0.00
i38,e04,c4,p10,l4,0.00
i38,e04,c4,p11,l1,0.00
i38,e04,c4,p11,l2,0.00
i38,e04,c4,p11,l3,0.00
i38,e04,c4,p11,l4,0.00
i38,e04,c4,p12,l1,0.00
i38,e04,c4,p12,l2,0.00
i38,e04,c4,p12,l3,0.00
i38,e04,c4,p12,l4,0.00
i38,e04,c4,p13,l1,0.00
i38,e04,c4,p13,l2,0.00
i38,e04,c4,p13,l3,0.00
i38,e04,c4,p13,l4,0.00
i38,e04,c4,p14,l1,0.00
i38,e04,c4,p14,l2,0.00
i38,e04,c4,p14,l3,0.00
i38,e04,c4,p14,l4,0.00
i38,e04,c4,p15,l1,0.00
i38,e04,c4,p15,l2,0.00
i38,e04,c4,p15,l3,0.00
i38,e04,c4,p15,l4,0.00
i38,e04,c4,p16,l1,0.00
i38,e04,c4,p16,l3,0.00
i38,e04,c4,p16,l4,0.00
i38,e04,c4,p17,l1,0.00
i38,e04,c4,p17,l2,0.00
i38,e04,c4,p17,l3,0.00
i38,e04,c4,p17,l4,0.00
i38,e04,c4,p18,l1,0.00
i38,e04,c4,p18,l2,0.00
i38,e04,c4,p18,l3,0.00
i38,e04,c4,p18,l4,0.00
i38,e04,c4,p19,l1,0.00
i38,e04,c4,p19,l2,0.00
i38,e04,c4,p19,l3,0.00
i38,e04,c4,p19,l4,0.00
i38,e04,c4,p20,l1,0.00
i38,e04,c4,p20,l2,0.00
i38,e04,c4,p20,l3,0.00
i38,e04,c4,p20,l4,0.00
i38,e04,c4,p21,l1,0.00
i38,e04,c4,p21,l2,0.00
i38,e04,c4,p21,l3,0.00
i38,e04,c4,p21,l4,0.00
i38,e04,c4,p22,l1,0.00
i38,e04,c4,p22,l3,0.00
i38,e04,c4,p22,l4,0.00
i38,e04,c4,p23,l1,0.00
i38,e04,c4,p23,l3,0.00
i38,e04,c4,p23,l4,0.00
i38,e04,c4,p24,l1,0.00
i38,e04,c4,p24,l2,0.00
i38,e04,c4,p24,l3,0.00
i38,e04,c4,p24,l4,0.00
i38,e04,c4,p25,l1,0.00
i38,e04,c4,p25,l2,0.00
i38,e04,c4,p25,l3,0.00
i38,e04,c4,p25,l4,0.00
i38,e04,c4,p26,l1,0.00
i38,e04,c4,p26,l3,0.00
i38,e04,c4,p26,l4,0.00
i38,e04,c4,p27,l1,0.00
i38,e04,c4,p27,l3,0.00
i38,e04,c4,p27,l4,0.00
i38,e04,c4,p28,l1,0.00
i38,e04,c4,p28,l3,0.00
i38,e04,c4,p28,l4,0.00
i38,e04,c4,p29,l1,0.00
i38,e04,c4,p29,l2,0.00
i38,e04,c4,p29,l3,0.00
i38,e04,c4,p29,l4,0.00
i38,e04,c4,p30,l1,0.00
i38,e04,c4,p30,l2,0.00
i38,e04,c4,p30,l3,0.00
i38,e04,c4,p30,l4,0.00
i38,e04,c4,p31,l1,0.00
i38,e04,c4,p31,l3,0.00
i38,e04,c4,p31,l4,0.00
i38,e04,c4,p32,l1,0.00
i38,e04,c4,p32,l3,0.00
i38,e04,c4,p32,l4,0.00
i38,e04,c4,p33,l1,0.00
i38,e04,c4,p33,l3,0.00
i38,e04,c4,p33,l4,0.00
i38,e04,c4,p34,l1,0.00
i38,e04,c4,p34,l3,0.00
i38,e04,c4,p35,l1,0.00
i38,e04,c4,p35,l3,0.00
i38,e04,c4,p35,l4,0.00
i38,e04,c7,p01,l1,0.00
i38,e04,c7,p01,l3,0.00
i38,e04,c7,p01,l4,0.00
i38,e04,c7,p02,l1,0.00
i38,e04,c7,p02,l3,0.00
i38,e04,c7,p03,l1,0.00
i38,e04,c7,p03,l3,0.00
i38,e04,c7,p03,l4,0.00
i38,e04,c7,p04,l1,0.00
i38,e04,c7,p04,l3,0.00
i38,e04,c7,p04,l4,0.00
i38,e04,c7,p05,l1,0.00
i38,e04,c7,p05,l3,0.00
i38,e04,c7,p05,l4,0.00
i38,e04,c7,p06,l1,0.00
i38,e04,c7,p06,l3,0.00
i38,e04,c7,p07,l1,0.00
i38,e04,c7,p07,l3,0.00
i38,e04,c7,p07,l4,0.00
i38,e04,c7,p08,l1,0.00
i38,e04,c7,p08,l3,0.00
i38,e04,c7,p09,l1,0.00
i38,e04,c7,p09,l3,0.00
i38,e04,c7,p10,l1,0.00
i38,e04,c7,p10,l3,0.00
i38,e04,c7,p10,l4,0.00
i38,e04,c7,p11,l1,0.00
i38,e04,c7,p11,l3,0.00
i38,e04,c7,p11,l4,0.00
i38,e04,c7,p12,l1,0.00
i38,e04,c7,p12,l3,0.00
i38,e04,c7,p12,l4,0.00
i38,e04,c7,p13,l1,0.00
i38,e04,c7,p13,l3,0.00
i38,e04,c7,p14,l1,0.00
i38,e04,c7,p14,l3,0.00
i38,e04,c7,p15,l1,0.00
i38,e04,c7,p15,l3,0.00
i38,e04,c7,p16,l1,0.00
i38,e04,c7,p16,l3,0.00
i38,e04,c7,p17,l1,0.00
i38,e04,c7,p17,l3,0.00
i38,e04,c7,p18,l1,0.00
i38,e04,c7,p18,l3,0.00
i38,e04,c7,p19,l1,0.00
i38,e04,c7,p19,l3,0.00
i38,e04,c7,p19,l4,0.00
i38,e04,c7,p20,l1,0.00
i38,e04,c7,p20,l3,0.00
i38,e04,c7,p21,l1,0.00
i38,e04,c7,p21,l3,0.00
i38,e04,c7,p21,l4,0.00
i38,e04,c7,p22,l1,0.00
i38,e04,c7,p23,l1,0.00
i38,e04,c7,p23,l3,0.00
i38,e04,c7,p23,l4,0.00
i38,e04,c7,p24,l1,0.00
i38,e04,c7,p24,l3,0.00
i38,e04,c7,p24,l4,0.00
i38,e04,c7,p25,l1,0.00
i38,e04,c7,p25,l3,0.00
i38,e04,c7,p25,l4,0.00
i38,e04,c7,p26,l1,0.00
i38,e04,c7,p28,l1,0.00
i38,e04,c7,p28,l3,0.00
i38,e04,c7,p29,l1,0.00
i38,e04,c7,p29,l3,0.00
i38,e04,c7,p31,l1,0.00
i38,e04,c7,p32,l1,0.00
i38,e04,c7,p32,l3,0.00
i38,e04,c7,p34,l3,0.00
i38,e04,c7,p35,l1,0.00
i38,e04,c7,p35,l3,0.00
i38,e04,c8,p01,l1,0.00
i38,e04,c8,p01,l3,0.00
i38,e04,c8,p02,l1,0.00
i38,e04,c8,p05,l1,0.00
i38,e04,c8,p06,l1,0.00
i38,e04,c8,p07,l1,0.00
i38,e04,c8,p09,l1,0.00
i38,e04,c8,p10,l1,0.00
i38,e04,c8,p10,l2,0.00
i38,e04,c8,p10,l3,0.00
i38,e04,c8,p10,l4,0.00
i38,e04,c8,p11,l1,0.00
i38,e04,c8,p11,l4,0.00
i38,e04,c8,p12,l1,0.00
i38,e04,c8,p13,l1,0.00
i38,e04,c8,p14,l1,0.00
i38,e04,c8,p14,l3,0.00
i38,e04,c8,p14,l4,0.00
i38,e04,c8,p15,l1,0.00
i38,e04,c8,p15,l3,0.00
i38,e04,c8,p16,l1,0.00
i38,e04,c8,p16,l4,0.00
i38,e04,c8,p19,l1,0.00
i38,e04,c8,p19,l4,0.00
i38,e04,c8,p20,l1,0.00
i38,e04,c8,p20,l3,0.00
i38,e04,c8,p21,l1,0.00
i38,e04,c8,p23,l1,0.00
i38,e04,c8,p23,l3,0.00
i38,e04,c8,p24,l1,0.00
i38,e04,c8,p28,l1,0.00
i38,e04,c8,p28,l3,0.00
i38,e04,c8,p29,l1,0.00
i38,e04,c8,p29,l3,0.00
i38,e04,c8,p31,l1,0.00
i38,e05,c1,p01,l1,0.00
i38,e05,c1,p01,l3,0.00
i38,e05,c1,p02,l1,0.00
i38,e05,c1,p02,l3,0.00
i38,e05,c1,p03,l1,0.00
i38,e05,c1,p03,l3,0.00
i38,e05,c1,p04,l1,0.00
i38,e05,c1,p04,l3,0.00
i38,e05,c1,p05,l1,0.00
i38,e05,c1,p05,l3,0.00
i38,e05,c1,p06,l1,0.00
i38,e05,c1,p06,l3,0.00
i38,e05,c1,p07,l1,0.00
i38,e05,c1,p07,l3,0.00
i38,e05,c1,p08,l1,0.00
i38,e05,c1,p08,l3,0.00
i38,e05,c1,p09,l1,0.00
i38,e05,c1,p10,l1,0.00
i38,e05,c1,p10,l3,0.00
i38,e05,c1,p11,l1,0.00
i38,e05,c1,p11,l3,0.00
i38,e05,c1,p12,l1,0.00
i38,e05,c1,p12,l3,0.00
i38,e05,c1,p13,l1,1.30
i38,e05,c1,p13,l3,0.00
i38,e05,c1,p14,l1,0.00
i38,e05,c1,p14,l3,0.00
i38,e05,c1,p15,l1,0.00
i38,e05,c1,p15,l3,0.00
i38,e05,c1,p16,l1,0.00
i38,e05,c1,p16,l3,0.00
i38,e05,c1,p17,l1,0.00
i38,e05,c1,p17,l3,0.00
i38,e05,c1,p18,l1,0.00
i38,e05,c1,p18,l3,0.00
i38,e05,c1,p19,l1,1.12
i38,e05,c1,p19,l3,0.00
i38,e05,c1,p20,l1,0.00
i38,e05,c1,p21,l1,2.04
i38,e05,c1,p21,l3,0.00
i38,e05,c1,p22,l1,0.00
i38,e05,c1,p22,l3,0.00
i38,e05,c1,p23,l1,0.00
i38,e05,c1,p23,l3,0.00
i38,e05,c1,p24,l1,0.00
i38,e05,c1,p24,l3,0.00
i38,e05,c1,p25,l1,0.00
i38,e05,c1,p25,l3,0.00
i38,e05,c1,p26,l1,0.00
i38,e05,c1,p27,l1,0.00
i38,e05,c1,p28,l1,0.00
i38,e05,c1,p28,l3,0.00
i38,e05,c1,p29,l1,0.00
i38,e05,c1,p30,l1,0.00
i38,e05,c1,p30,l3,0.00
i38,e05,c1,p31,l1,0.00
i38,e05,c1,p31,l3,0.00
i38,e05,c1,p32,l1,0.00
i38,e05,c1,p32,l3,0.00
i38,e05,c1,p33,l1,0.00
i38,e05,c1,p34,l1,0.00
i38,e05,c1,p35,l1,1.49
i38,e05,c1,p35,l3,0.00
i38,e05,c4,p01,l1,0.00
i38,e05,c4,p01,l3,0.00
i38,e05,c4,p02,l1,0.00
i38,e05,c4,p03,l1,0.00
i38,e05,c4,p03,l3,0.00
i38,e05,c4,p04,l1,0.00
i38,e05,c4,p05,l1,0.00
i38,e05,c4,p06,l1,0.00
i38,e05,c4,p07,l1,0.00
i38,e05,c4,p08,l1,0.00
i38,e05,c4,p09,l1,0.00
i38,e05,c4,p10,l1,0.00
i38,e05,c4,p10,l3,0.00
i38,e05,c4,p11,l1,0.00
i38,e05,c4,p12,l1,0.00
i38,e05,c4,p13,l1,0.00
i38,e05,c4,p14,l1,0.00
i38,e05,c4,p15,l1,0.00
i38,e05,c4,p15,l3,0.00
i38,e05,c4,p16,l1,0.00
i38,e05,c4,p16,l3,0.00
i38,e05,c4,p17,l1,0.00
i38,e05,c4,p18,l1,0.00
i38,e05,c4,p19,l1,0.00
i38,e05,c4,p20,l1,0.00
i38,e05,c4,p21,l1,0.00
i38,e05,c4,p22,l1,0.00
i38,e05,c4,p23,l1,0.00
i38,e05,c4,p24,l1,0.00
i38,e05,c4,p24,l3,0.00
i38,e05,c4,p25,l1,0.00
i38,e05,c4,p26,l1,0.00
i38,e05,c4,p28,l1,0.00
i38,e05,c4,p28,l3,0.00
i38,e05,c4,p29,l1,0.00
i38,e05,c4,p30,l1,0.00
i38,e05,c4,p31,l1,0.00
i38,e05,c4,p32,l1,0.00
i38,e05,c4,p33,l1,0.00
i38,e05,c4,p35,l1,0.00
i38,e05,c7,p01,l1,0.00
i38,e05,c7,p02,l1,0.00
i38,e05,c7,p03,l1,0.00
i38,e05,c7,p04,l1,0.00
i38,e05,c7,p07,l1,0.00
i38,e05,c7,p08,l1,0.00
i38,e05,c7,p10,l1,0.00
i38,e05,c7,p11,l1,0.00
i38,e05,c7,p12,l1,0.00
i38,e05,c7,p13,l1,0.00
i38,e05,c7,p14,l1,0.00
i38,e05,c7,p15,l1,0.00
i38,e05,c7,p16,l1,0.00
i38,e05,c7,p17,l1,0.00
i38,e05,c7,p19,l1,0.00
i38,e05,c7,p21,l1,0.00
i38,e05,c7,p22,l1,0.00
i38,e05,c7,p23,l1,0.00
i38,e05,c7,p24,l1,0.00
i38,e05,c7,p28,l1,0.00
i38,e05,c7,p29,l1,0.00
i38,e05,c7,p32,l1,0.00
i38,e05,c7,p35,l1,0.00
i38,e05,c8,p10,l3,0.00
i38,e06,c1,p01,l3,45.44
i38,e06,c1,p02,l3,36.01
i38,e06,c1,p03,l3,18.89
i38,e06,c1,p04,l3,4.03
i38,e06,c1,p05,l3,43.04
i38,e06,c1,p06,l3,0.00
i38,e06,c1,p07,l3,6.30
i38,e06,c1,p08,l3,4.94
i38,e06,c1,p09,l3,4.06
i38,e06,c1,p10,l3,987.50
i38,e06,c1,p11,l3,72.25
i38,e06,c1,p12,l3,30.60
i38,e06,c1,p13,l3,7.45
i38,e06,c1,p14,l3,23.02
i38,e06,c1,p15,l3,28.02
i38,e06,c1,p16,l3,23.09
i38,e06,c1,p17,l3,42.41
i38,e06,c1,p18,l3,59.41
i38,e06,c1,p19,l3,187.54
i38,e06,c1,p20,l3,0.00
i38,e06,c1,p21,l3,16.45
i38,e06,c1,p22,l3,21.65
i38,e06,c1,p23,l3,2.68
i38,e06,c1,p24,l3,6.03
i38,e06,c1,p25,l3,0.00
i38,e06,c1,p26,l3,0.00
i38,e06,c1,p27,l3,0.00
i38,e06,c1,p28,l3,0.00
i38,e06,c1,p29,l3,19.24
i38,e06,c1,p30,l3,0.00
i38,e06,c1,p31,l3,0.00
i38,e06,c1,p32,l3,17.10
i38,e06,c1,p33,l3,0.00
i38,e06,c1,p34,l3,0.00
i38,e06,c1,p35,l3,7.18
i38,e06,c4,p01,l3,3.33
i38,e06,c4,p02,l3,0.00
i38,e06,c4,p03,l3,4.53
i38,e06,c4,p04,l3,0.00
i38,e06,c4,p05,l3,0.00
i38,e06,c4,p06,l3,0.00
i38,e06,c4,p07,l3,0.00
i38,e06,c4,p08,l3,0.00
i38,e06,c4,p09,l3,0.00
i38,e06,c4,p10,l3,35.21
i38,e06,c4,p11,l3,0.00
i38,e06,c4,p12,l3,0.00
i38,e06,c4,p13,l3,0.00
i38,e06,c4,p14,l3,0.00
i38,e06,c4,p15,l3,0.00
i38,e06,c4,p16,l3,2.34
i38,e06,c4,p17,l3,2.21
i38,e06,c4,p18,l3,0.00
i38,e06,c4,p19,l3,4.18
i38,e06,c4,p20,l3,0.00
i38,e06,c4,p21,l3,0.00
i38,e06,c4,p22,l3,0.00
i38,e06,c4,p23,l3,0.00
i38,e06,c4,p24,l3,0.00
i38,e06,c4,p25,l3,0.00
i38,e06,c4,p26,l3,0.00
i38,e06,c4,p27,l3,0.00
i38,e06,c4,p28,l3,0.00
i38,e06,c4,p29,l3,0.00
i38,e06,c4,p30,l3,0.00
i38,e06,c4,p31,l3,0.00
i38,e06,c4,p32,l3,0.00
i38,e06,c4,p33,l3,0.00
i38,e06,c4,p34,l3,0.00
i38,e06,c4,p35,l3,0.00
i38,e06,c7,p01,l3,0.00
i38,e06,c7,p02,l3,0.00
i38,e06,c7,p03,l3,0.00
i38,e06,c7,p04,l3,0.00
i38,e06,c7,p05,l3,0.00
i38,e06,c7,p06,l3,0.00
i38,e06,c7,p07,l3,0.00
i38,e06,c7,p08,l3,0.00
i38,e06,c7,p09,l3,0.00
i38,e06,c7,p10,l3,0.00
i38,e06,c7,p11,l3,0.00
i38,e06,c7,p12,l3,0.00
i38,e06,c7,p13,l3,0.00
i38,e06,c7,p14,l3,0.00
i38,e06,c7,p15,l3,0.00
i38,e06,c7,p16,l3,0.00
i38,e06,c7,p17,l3,0.00
i38,e06,c7,p18,l3,0.00
i38,e06,c7,p19,l3,0.00
i38,e06,c7,p20,l3,0.00
i38,e06,c7,p21,l3,0.00
i38,e06,c7,p22,l3,0.00
i38,e06,c7,p23,l3,0.00
i38,e06,c7,p24,l3,0.00
i38,e06,c7,p25,l3,0.00
i38,e06,c7,p26,l3,0.00
i38,e06,c7,p28,l3,0.00
i38,e06,c7,p29,l3,0.00
i38,e06,c7,p31,l3,0.00
i38,e06,c7,p32,l3,0.00
i38,e06,c7,p34,l3,0.00
i38,e06,c7,p35,l3,0.00
i38,e06,c8,p13,l3,0.00
i38,e06,c8,p14,l3,0.00
i38,e06,c8,p18,l3,0.00
i38,e07,c1,p01,l2,0.00
i38,e07,c1,p01,l3,10.99
i38,e07,c1,p02,l2,0.00
i38,e07,c1,p02,l3,0.00
i38,e07,c1,p03,l2,0.00
i38,e07,c1,p03,l3,0.00
i38,e07,c1,p04,l2,0.00
i38,e07,c1,p04,l3,0.00
i38,e07,c1,p05,l2,0.00
i38,e07,c1,p05,l3,0.00
i38,e07,c1,p06,l2,0.00
i38,e07,c1,p06,l3,0.00
i38,e07,c1,p07,l2,0.00
i38,e07,c1,p07,l3,0.00
i38,e07,c1,p08,l2,0.00
i38,e07,c1,p08,l3,0.00
i38,e07,c1,p09,l2,0.00
i38,e07,c1,p09,l3,0.00
i38,e07,c1,p10,l2,0.00
i38,e07,c1,p10,l3,3.07
i38,e07,c1,p11,l2,0.00
i38,e07,c1,p11,l3,2.77
i38,e07,c1,p12,l2,0.00
i38,e07,c1,p12,l3,0.00
i38,e07,c1,p13,l2,0.00
i38,e07,c1,p13,l3,0.00
i38,e07,c1,p14,l2,0.00
i38,e07,c1,p14,l3,0.00
i38,e07,c1,p15,l2,0.00
i38,e07,c1,p15,l3,1.15
i38,e07,c1,p16,l2,0.00
i38,e07,c1,p16,l3,0.00
i38,e07,c1,p17,l2,0.00
i38,e07,c1,p17,l3,0.00
i38,e07,c1,p18,l2,0.00
i38,e07,c1,p18,l3,0.00
i38,e07,c1,p19,l2,0.00
i38,e07,c1,p19,l3,8.71
i38,e07,c1,p20,l2,0.00
i38,e07,c1,p20,l3,0.00
i38,e07,c1,p21,l2,0.00
i38,e07,c1,p21,l3,0.00
i38,e07,c1,p22,l2,0.00
i38,e07,c1,p22,l3,0.00
i38,e07,c1,p23,l2,0.00
i38,e07,c1,p23,l3,0.00
i38,e07,c1,p24,l2,0.00
i38,e07,c1,p24,l3,0.00
i38,e07,c1,p25,l2,0.00
i38,e07,c1,p25,l3,0.00
i38,e07,c1,p26,l2,0.00
i38,e07,c1,p26,l3,0.00
i38,e07,c1,p27,l2,0.00
i38,e07,c1,p27,l3,0.00
i38,e07,c1,p28,l2,0.00
i38,e07,c1,p28,l3,0.00
i38,e07,c1,p29,l2,0.00
i38,e07,c1,p29,l3,1.30
i38,e07,c1,p30,l2,0.00
i38,e07,c1,p30,l3,0.00
i38,e07,c1,p31,l2,0.00
i38,e07,c1,p31,l3,0.00
i38,e07,c1,p32,l2,0.00
i38,e07,c1,p32,l3,0.00
i38,e07,c1,p33,l2,0.00
i38,e07,c1,p33,l3,0.00
i38,e07,c1,p34,l2,0.00
i38,e07,c1,p34,l3,0.00
i38,e07,c1,p35,l2,0.00
i38,e07,c1,p35,l3,0.00
i38,e07,c4,p01,l2,0.00
i38,e07,c4,p01,l3,0.00
i38,e07,c4,p02,l2,0.00
i38,e07,c4,p02,l3,0.00
i38,e07,c4,p03,l2,0.00
i38,e07,c4,p03,l3,0.00
i38,e07,c4,p04,l2,0.00
i38,e07,c4,p04,l3,0.00
i38,e07,c4,p05,l2,0.00
i38,e07,c4,p05,l3,0.00
i38,e07,c4,p06,l2,0.00
i38,e07,c4,p06,l3,0.00
i38,e07,c4,p07,l2,0.00
i38,e07,c4,p07,l3,0.00
i38,e07,c4,p08,l2,0.00
i38,e07,c4,p08,l3,0.00
i38,e07,c4,p09,l2,0.00
i38,e07,c4,p09,l3,0.00
i38,e07,c4,p10,l2,0.00
i38,e07,c4,p10,l3,0.00
i38,e07,c4,p11,l2,0.00
i38,e07,c4,p11,l3,0.00
i38,e07,c4,p12,l2,0.00
i38,e07,c4,p12,l3,0.00
i38,e07,c4,p13,l2,0.00
i38,e07,c4,p13,l3,0.00
i38,e07,c4,p14,l2,0.00
i38,e07,c4,p14,l3,0.00
i38,e07,c4,p15,l2,0.00
i38,e07,c4,p15,l3,0.00
i38,e07,c4,p16,l2,0.00
i38,e07,c4,p16,l3,0.00
i38,e07,c4,p17,l2,0.00
i38,e07,c4,p17,l3,1.86
i38,e07,c4,p18,l2,0.00
i38,e07,c4,p18,l3,0.00
i38,e07,c4,p19,l2,0.00
i38,e07,c4,p19,l3,0.00
i38,e07,c4,p20,l2,0.00
i38,e07,c4,p20,l3,0.00
i38,e07,c4,p21,l2,0.00
i38,e07,c4,p21,l3,0.00
i38,e07,c4,p22,l2,0.00
i38,e07,c4,p22,l3,0.00
i38,e07,c4,p23,l2,0.00
i38,e07,c4,p23,l3,0.00
i38,e07,c4,p24,l2,0.00
i38,e07,c4,p24,l3,0.00
i38,e07,c4,p25,l2,0.00
i38,e07,c4,p25,l3,0.00
i38,e07,c4,p26,l2,0.00
i38,e07,c4,p26,l3,0.00
i38,e07,c4,p28,l2,0.00
i38,e07,c4,p28,l3,0.00
i38,e07,c4,p29,l2,0.00
i38,e07,c4,p29,l3,0.00
i38,e07,c4,p30,l2,0.00
i38,e07,c4,p30,l3,0.00
i38,e07,c4,p31,l2,0.00
i38,e07,c4,p31,l3,0.00
i38,e07,c4,p32,l2,0.00
i38,e07,c4,p32,l3,0.00
i38,e07,c4,p33,l2,0.00
i38,e07,c4,p33,l3,0.00
i38,e07,c4,p34,l2,0.00
i38,e07,c4,p35,l2,0.00
i38,e07,c4,p35,l3,0.00
i38,e07,c7,p01,l3,0.00
i38,e07,c7,p02,l2,0.00
i38,e07,c7,p02,l3,0.00
i38,e07,c7,p03,l2,0.00
i38,e07,c7,p03,l3,0.00
i38,e07,c7,p06,l3,0.00
i38,e07,c7,p07,l3,0.00
i38,e07,c7,p09,l2,0.00
i38,e07,c7,p09,l3,0.00
i38,e07,c7,p10,l2,0.00
i38,e07,c7,p10,l3,0.00
i38,e07,c7,p11,l2,0.00
i38,e07,c7,p11,l3,0.00
i38,e07,c7,p12,l2,0.00
i38,e07,c7,p13,l2,0.00
i38,e07,c7,p15,l2,0.00
i38,e07,c7,p16,l2,0.00
i38,e07,c7,p17,l2,0.00
i38,e07,c7,p17,l3,0.00
i38,e07,c7,p18,l3,0.00
i38,e07,c7,p19,l2,0.00
i38,e07,c7,p19,l3,0.00
i38,e07,c7,p21,l2,0.00
i38,e07,c7,p22,l2,0.00
i38,e07,c7,p24,l2,0.00
i38,e07,c7,p29,l2,0.00
i38,e08,c1,p01,l2,14.35
i38,e08,c1,p01,l3,0.00
i38,e08,c1,p01,l4,66.33
i38,e08,c1,p02,l2,0.00
i38,e08,c1,p02,l3,0.00
i38,e08,c1,p02,l4,16.11
i38,e08,c1,p03,l2,4.78
i38,e08,c1,p03,l3,0.00
i38,e08,c1,p03,l4,105.36
i38,e08,c1,p04,l2,3.29
i38,e08,c1,p04,l3,0.00
i38,e08,c1,p04,l4,22.45
i38,e08,c1,p05,l2,6.65
i38,e08,c1,p05,l3,0.00
i38,e08,c1,p05,l4,24.56
i38,e08,c1,p06,l2,9.75
i38,e08,c1,p06,l3,0.00
i38,e08,c1,p06,l4,5.36
i38,e08,c1,p07,l2,12.21
i38,e08,c1,p07,l3,0.00
i38,e08,c1,p07,l4,12.60
i38,e08,c1,p08,l2,4.51
i38,e08,c1,p08,l3,0.00
i38,e08,c1,p08,l4,7.71
i38,e08,c1,p09,l2,48.53
i38,e08,c1,p09,l3,0.00
i38,e08,c1,p09,l4,2.28
i38,e08,c1,p10,l2,50.13
i38,e08,c1,p10,l3,0.00
i38,e08,c1,p10,l4,177.25
i38,e08,c1,p11,l2,6.30
i38,e08,c1,p11,l3,0.00
i38,e08,c1,p11,l4,48.86
i38,e08,c1,p12,l2,6.89
i38,e08,c1,p12,l3,0.00
i38,e08,c1,p12,l4,4.60
i38,e08,c1,p13,l2,20.41
i38,e08,c1,p13,l3,0.00
i38,e08,c1,p13,l4,1.38
i38,e08,c1,p14,l2,9.06
i38,e08,c1,p14,l3,0.00
i38,e08,c1,p14,l4,1.12
i38,e08,c1,p15,l2,6.06
i38,e08,c1,p15,l3,0.00
i38,e08,c1,p15,l4,9.44
i38,e08,c1,p16,l2,12.74
i38,e08,c1,p16,l3,0.00
i38,e08,c1,p16,l4,11.63
i38,e08,c1,p17,l2,2.42
i38,e08,c1,p17,l3,0.00
i38,e08,c1,p17,l4,58.23
i38,e08,c1,p18,l2,6.49
i38,e08,c1,p18,l3,0.00
i38,e08,c1,p18,l4,2.38
i38,e08,c1,p19,l2,16.09
i38,e08,c1,p19,l3,0.00
i38,e08,c1,p19,l4,43.07
i38,e08,c1,p20,l2,0.00
i38,e08,c1,p20,l3,0.00
i38,e08,c1,p20,l4,0.00
i38,e08,c1,p21,l2,4.53
i38,e08,c1,p21,l3,0.00
i38,e08,c1,p21,l4,1.72
i38,e08,c1,p22,l2,0.00
i38,e08,c1,p22,l3,0.00
i38,e08,c1,p22,l4,1.40
i38,e08,c1,p23,l2,0.00
i38,e08,c1,p23,l3,0.00
i38,e08,c1,p23,l4,4.07
i38,e08,c1,p24,l2,8.49
i38,e08,c1,p24,l3,0.00
i38,e08,c1,p24,l4,3.05
i38,e08,c1,p25,l2,0.00
i38,e08,c1,p25,l3,0.00
i38,e08,c1,p25,l4,0.00
i38,e08,c1,p26,l2,0.00
i38,e08,c1,p26,l3,0.00
i38,e08,c1,p26,l4,2.18
i38,e08,c1,p27,l2,0.00
i38,e08,c1,p27,l3,0.00
i38,e08,c1,p27,l4,0.00
i38,e08,c1,p28,l2,0.00
i38,e08,c1,p28,l3,0.00
i38,e08,c1,p28,l4,0.00
i38,e08,c1,p29,l2,5.53
i38,e08,c1,p29,l3,0.00
i38,e08,c1,p29,l4,8.62
i38,e08,c1,p30,l2,0.00
i38,e08,c1,p30,l3,0.00
i38,e08,c1,p30,l4,0.00
i38,e08,c1,p31,l2,0.00
i38,e08,c1,p31,l3,0.00
i38,e08,c1,p31,l4,0.00
i38,e08,c1,p32,l2,0.00
i38,e08,c1,p32,l3,0.00
i38,e08,c1,p32,l4,0.00
i38,e08,c1,p33,l2,0.00
i38,e08,c1,p33,l3,0.00
i38,e08,c1,p33,l4,0.00
i38,e08,c1,p34,l2,0.00
i38,e08,c1,p34,l3,0.00
i38,e08,c1,p34,l4,0.00
i38,e08,c1,p35,l2,0.00
i38,e08,c1,p35,l3,0.00
i38,e08,c1,p35,l4,22.02
i38,e08,c4,p01,l2,0.00
i38,e08,c4,p01,l3,0.00
i38,e08,c4,p01,l4,0.00
i38,e08,c4,p02,l2,0.00
i38,e08,c4,p02,l3,0.00
i38,e08,c4,p02,l4,0.00
i38,e08,c4,p03,l2,0.00
i38,e08,c4,p03,l3,0.00
i38,e08,c4,p03,l4,10.08
i38,e08,c4,p04,l2,0.00
i38,e08,c4,p04,l3,0.00
i38,e08,c4,p04,l4,0.00
i38,e08,c4,p05,l2,0.00
i38,e08,c4,p05,l3,0.00
i38,e08,c4,p05,l4,0.00
i38,e08,c4,p06,l2,0.00
i38,e08,c4,p06,l3,0.00
i38,e08,c4,p06,l4,0.00
i38,e08,c4,p07,l2,0.00
i38,e08,c4,p07,l3,0.00
i38,e08,c4,p07,l4,2.79
i38,e08,c4,p08,l2,0.00
i38,e08,c4,p08,l3,0.00
i38,e08,c4,p08,l4,0.00
i38,e08,c4,p09,l2,0.00
i38,e08,c4,p09,l3,0.00
i38,e08,c4,p09,l4,0.00
i38,e08,c4,p10,l2,0.00
i38,e08,c4,p10,l3,0.00
i38,e08,c4,p10,l4,0.00
i38,e08,c4,p11,l2,0.00
i38,e08,c4,p11,l3,0.00
i38,e08,c4,p11,l4,0.00
i38,e08,c4,p12,l2,0.00
i38,e08,c4,p12,l3,0.00
i38,e08,c4,p12,l4,0.00
i38,e08,c4,p13,l2,0.00
i38,e08,c4,p13,l3,0.00
i38,e08,c4,p13,l4,0.00
i38,e08,c4,p14,l2,0.00
i38,e08,c4,p14,l3,0.00
i38,e08,c4,p14,l4,0.00
i38,e08,c4,p15,l2,0.00
i38,e08,c4,p15,l3,0.00
i38,e08,c4,p15,l4,8.57
i38,e08,c4,p16,l2,0.00
i38,e08,c4,p16,l3,0.00
i38,e08,c4,p16,l4,0.00
i38,e08,c4,p17,l2,0.00
i38,e08,c4,p17,l3,0.00
i38,e08,c4,p17,l4,0.00
i38,e08,c4,p18,l2,0.00
i38,e08,c4,p18,l3,0.00
i38,e08,c4,p18,l4,0.00
i38,e08,c4,p19,l2,0.00
i38,e08,c4,p19,l3,0.00
i38,e08,c4,p19,l4,0.00
i38,e08,c4,p20,l2,0.00
i38,e08,c4,p20,l3,0.00
i38,e08,c4,p20,l4,0.00
i38,e08,c4,p21,l2,0.00
i38,e08,c4,p21,l3,0.00
i38,e08,c4,p21,l4,0.00
i38,e08,c4,p22,l2,0.00
i38,e08,c4,p22,l3,0.00
i38,e08,c4,p22,l4,0.00
i38,e08,c4,p23,l2,0.00
i38,e08,c4,p23,l3,0.00
i38,e08,c4,p23,l4,0.00
i38,e08,c4,p24,l2,0.00
i38,e08,c4,p24,l3,0.00
i38,e08,c4,p24,l4,0.00
i38,e08,c4,p25,l2,0.00
i38,e08,c4,p25,l3,0.00
i38,e08,c4,p25,l4,0.00
i38,e08,c4,p26,l2,0.00
i38,e08,c4,p26,l3,0.00
i38,e08,c4,p26,l4,0.00
i38,e08,c4,p27,l2,0.00
i38,e08,c4,p27,l4,0.00
i38,e08,c4,p28,l2,0.00
i38,e08,c4,p28,l3,0.00
i38,e08,c4,p28,l4,0.00
i38,e08,c4,p29,l2,1.27
i38,e08,c4,p29,l3,0.00
i38,e08,c4,p29,l4,0.00
i38,e08,c4,p30,l2,0.00
i38,e08,c4,p30,l3,0.00
i38,e08,c4,p30,l4,0.00
i38,e08,c4,p31,l2,0.00
i38,e08,c4,p31,l3,0.00
i38,e08,c4,p31,l4,0.00
i38,e08,c4,p32,l2,0.00
i38,e08,c4,p32,l3,0.00
i38,e08,c4,p32,l4,0.00
i38,e08,c4,p33,l2,0.00
i38,e08,c4,p33,l4,0.00
i38,e08,c4,p34,l2,0.00
i38,e08,c4,p34,l3,0.00
i38,e08,c4,p34,l4,0.00
i38,e08,c4,p35,l2,0.00
i38,e08,c4,p35,l3,0.00
i38,e08,c4,p35,l4,0.00
i38,e08,c7,p01,l2,0.00
i38,e08,c7,p01,l3,0.00
i38,e08,c7,p01,l4,0.00
i38,e08,c7,p02,l2,0.00
i38,e08,c7,p02,l4,0.00
i38,e08,c7,p03,l2,0.00
i38,e08,c7,p03,l3,0.00
i38,e08,c7,p03,l4,0.00
i38,e08,c7,p04,l2,0.00
i38,e08,c7,p04,l3,0.00
i38,e08,c7,p04,l4,0.00
i38,e08,c7,p05,l2,0.00
i38,e08,c7,p05,l4,0.00
i38,e08,c7,p06,l2,0.00
i38,e08,c7,p06,l4,0.00
i38,e08,c7,p07,l2,0.00
i38,e08,c7,p07,l4,0.00
i38,e08,c7,p08,l2,0.00
i38,e08,c7,p08,l4,0.00
i38,e08,c7,p09,l2,0.00
i38,e08,c7,p09,l4,0.00
i38,e08,c7,p10,l2,0.00
i38,e08,c7,p10,l3,0.00
i38,e08,c7,p10,l4,0.00
i38,e08,c7,p11,l2,0.00
i38,e08,c7,p11,l4,0.00
i38,e08,c7,p12,l2,0.00
i38,e08,c7,p12,l4,0.00
i38,e08,c7,p13,l2,0.00
i38,e08,c7,p13,l3,0.00
i38,e08,c7,p13,l4,0.00
i38,e08,c7,p14,l2,0.00
i38,e08,c7,p14,l3,0.00
i38,e08,c7,p14,l4,0.00
i38,e08,c7,p15,l2,0.00
i38,e08,c7,p15,l3,0.00
i38,e08,c7,p15,l4,0.00
i38,e08,c7,p16,l2,0.00
i38,e08,c7,p16,l3,0.00
i38,e08,c7,p16,l4,0.00
i38,e08,c7,p17,l2,0.00
i38,e08,c7,p17,l3,0.00
i38,e08,c7,p17,l4,0.00
i38,e08,c7,p18,l2,0.00
i38,e08,c7,p18,l4,0.00
i38,e08,c7,p19,l2,0.00
i38,e08,c7,p19,l3,0.00
i38,e08,c7,p19,l4,0.00
i38,e08,c7,p20,l2,0.00
i38,e08,c7,p20,l4,0.00
i38,e08,c7,p21,l2,0.00
i38,e08,c7,p21,l3,0.00
i38,e08,c7,p21,l4,0.00
i38,e08,c7,p22,l2,0.00
i38,e08,c7,p22,l4,0.00
i38,e08,c7,p23,l2,0.00
i38,e08,c7,p23,l4,0.00
i38,e08,c7,p24,l2,0.00
i38,e08,c7,p24,l3,0.00
i38,e08,c7,p24,l4,0.00
i38,e08,c7,p25,l2,0.00
i38,e08,c7,p25,l4,0.00
i38,e08,c7,p26,l2,0.00
i38,e08,c7,p26,l4,0.00
i38,e08,c7,p28,l2,0.00
i38,e08,c7,p28,l4,0.00
i38,e08,c7,p29,l2,0.00
i38,e08,c7,p29,l4,0.00
i38,e08,c7,p31,l2,0.00
i38,e08,c7,p32,l2,0.00
i38,e08,c7,p32,l3,0.00
i38,e08,c7,p32,l4,0.00
i38,e08,c7,p34,l2,0.00
i38,e08,c7,p34,l3,0.00
i38,e08,c7,p34,l4,0.00
i38,e08,c7,p35,l2,0.00
i38,e08,c7,p35,l4,0.00
i38,e08,c8,p01,l2,0.00
i38,e08,c8,p01,l4,0.00
i38,e08,c8,p02,l4,0.00
i38,e08,c8,p03,l4,0.00
i38,e08,c8,p05,l2,0.00
i38,e08,c8,p05,l4,0.00
i38,e08,c8,p06,l4,0.00
i38,e08,c8,p07,l2,0.00
i38,e08,c8,p07,l4,0.00
i38,e08,c8,p09,l2,0.00
i38,e08,c8,p09,l4,0.00
i38,e08,c8,p10,l2,0.00
i38,e08,c8,p10,l3,0.00
i38,e08,c8,p10,l4,0.00
i38,e08,c8,p11,l2,0.00
i38,e08,c8,p11,l4,0.00
i38,e08,c8,p12,l2,0.00
i38,e08,c8,p12,l4,0.00
i38,e08,c8,p13,l2,0.00
i38,e08,c8,p13,l4,0.00
i38,e08,c8,p14,l2,0.00
i38,e08,c8,p14,l3,0.00
i38,e08,c8,p14,l4,0.00
i38,e08,c8,p15,l2,0.00
i38,e08,c8,p15,l4,0.00
i38,e08,c8,p16,l2,0.00
i38,e08,c8,p16,l4,0.00
i38,e08,c8,p17,l2,0.00
i38,e08,c8,p17,l4,0.00
i38,e08,c8,p18,l4,0.00
i38,e08,c8,p19,l2,0.00
i38,e08,c8,p19,l4,0.00
i38,e08,c8,p20,l2,0.00
i38,e08,c8,p20,l4,0.00
i38,e08,c8,p21,l2,0.00
i38,e08,c8,p21,l4,0.00
i38,e08,c8,p23,l2,0.00
i38,e08,c8,p23,l4,0.00
i38,e08,c8,p24,l2,0.00
i38,e08,c8,p24,l4,0.00
i38,e08,c8,p26,l2,0.00
i38,e08,c8,p26,l4,0.00
i38,e08,c8,p28,l2,0.00
i38,e08,c8,p28,l4,0.00
i38,e08,c8,p29,l2,0.00
i38,e08,c8,p29,l4,0.00
i38,e08,c8,p31,l2,0.00
i38,e08,c8,p31,l4,0.00
i38,e09,c1,p01,l2,0.00
i38,e09,c1,p01,l3,6.18
i38,e09,c1,p01,l4,0.00
i38,e09,c1,p02,l2,0.00
i38,e09,c1,p02,l3,0.00
i38,e09,c1,p02,l4,0.00
i38,e09,c1,p03,l2,0.00
i38,e09,c1,p03,l3,9.01
i38,e09,c1,p03,l4,0.00
i38,e09,c1,p04,l2,0.00
i38,e09,c1,p04,l3,1.85
i38,e09,c1,p04,l4,0.00
i38,e09,c1,p05,l2,0.00
i38,e09,c1,p05,l3,0.00
i38,e09,c1,p05,l4,0.00
i38,e09,c1,p06,l2,0.00
i38,e09,c1,p06,l3,0.00
i38,e09,c1,p06,l4,0.00
i38,e09,c1,p07,l2,0.00
i38,e09,c1,p07,l3,0.00
i38,e09,c1,p07,l4,0.00
i38,e09,c1,p08,l2,0.00
i38,e09,c1,p08,l3,5.45
i38,e09,c1,p08,l4,0.00
i38,e09,c1,p09,l2,0.00
i38,e09,c1,p09,l3,1.07
i38,e09,c1,p09,l4,0.00
i38,e09,c1,p10,l2,0.00
i38,e09,c1,p10,l3,73.02
i38,e09,c1,p10,l4,0.00
i38,e09,c1,p11,l2,0.00
i38,e09,c1,p11,l3,13.57
i38,e09,c1,p11,l4,0.00
i38,e09,c1,p12,l2,0.00
i38,e09,c1,p12,l3,1.01
i38,e09,c1,p12,l4,0.00
i38,e09,c1,p13,l2,0.00
i38,e09,c1,p13,l3,1.28
i38,e09,c1,p13,l4,0.00
i38,e09,c1,p14,l2,0.00
i38,e09,c1,p14,l3,2.36
i38,e09,c1,p14,l4,0.00
i38,e09,c1,p15,l2,0.00
i38,e09,c1,p15,l3,1.24
i38,e09,c1,p15,l4,0.00
i38,e09,c1,p16,l2,0.00
i38,e09,c1,p16,l3,0.00
i38,e09,c1,p16,l4,0.00
i38,e09,c1,p17,l2,0.00
i38,e09,c1,p17,l3,0.00
i38,e09,c1,p17,l4,0.00
i38,e09,c1,p18,l2,0.00
i38,e09,c1,p18,l3,10.34
i38,e09,c1,p18,l4,0.00
i38,e09,c1,p19,l2,0.00
i38,e09,c1,p19,l3,11.54
i38,e09,c1,p19,l4,0.00
i38,e09,c1,p20,l2,0.00
i38,e09,c1,p20,l3,1.58
i38,e09,c1,p20,l4,0.00
i38,e09,c1,p21,l2,0.00
i38,e09,c1,p21,l3,6.50
i38,e09,c1,p21,l4,0.00
i38,e09,c1,p22,l2,0.00
i38,e09,c1,p22,l3,2.13
i38,e09,c1,p22,l4,0.00
i38,e09,c1,p23,l2,0.00
i38,e09,c1,p23,l3,0.00
i38,e09,c1,p23,l4,0.00
i38,e09,c1,p24,l2,0.00
i38,e09,c1,p24,l3,0.00
i38,e09,c1,p24,l4,0.00
i38,e09,c1,p25,l2,0.00
i38,e09,c1,p25,l3,0.00
i38,e09,c1,p25,l4,0.00
i38,e09,c1,p26,l2,0.00
i38,e09,c1,p26,l3,0.00
i38,e09,c1,p26,l4,0.00
i38,e09,c1,p27,l2,0.00
i38,e09,c1,p27,l3,0.00
i38,e09,c1,p28,l2,0.00
i38,e09,c1,p28,l3,0.00
i38,e09,c1,p28,l4,0.00
i38,e09,c1,p29,l2,0.00
i38,e09,c1,p29,l3,1.26
i38,e09,c1,p29,l4,0.00
i38,e09,c1,p30,l2,0.00
i38,e09,c1,p30,l3,0.00
i38,e09,c1,p30,l4,0.00
i38,e09,c1,p31,l2,0.00
i38,e09,c1,p31,l3,0.00
i38,e09,c1,p31,l4,0.00
i38,e09,c1,p32,l2,0.00
i38,e09,c1,p32,l3,0.00
i38,e09,c1,p32,l4,0.00
i38,e09,c1,p33,l2,0.00
i38,e09,c1,p33,l3,0.00
i38,e09,c1,p33,l4,0.00
i38,e09,c1,p34,l2,0.00
i38,e09,c1,p34,l3,0.00
i38,e09,c1,p34,l4,0.00
i38,e09,c1,p35,l2,0.00
i38,e09,c1,p35,l3,1.39
i38,e09,c1,p35,l4,0.00
i38,e09,c4,p01,l2,0.00
i38,e09,c4,p01,l3,0.00
i38,e09,c4,p01,l4,0.00
i38,e09,c4,p02,l2,0.00
i38,e09,c4,p02,l3,0.00
i38,e09,c4,p02,l4,0.00
i38,e09,c4,p03,l2,0.00
i38,e09,c4,p03,l3,0.00
i38,e09,c4,p03,l4,0.00
i38,e09,c4,p04,l2,0.00
i38,e09,c4,p04,l3,0.00
i38,e09,c4,p04,l4,0.00
i38,e09,c4,p05,l2,0.00
i38,e09,c4,p05,l3,0.00
i38,e09,c4,p05,l4,0.00
i38,e09,c4,p06,l2,0.00
i38,e09,c4,p06,l3,0.00
i38,e09,c4,p06,l4,0.00
i38,e09,c4,p07,l2,0.00
i38,e09,c4,p07,l3,0.00
i38,e09,c4,p07,l4,0.00
i38,e09,c4,p08,l2,0.00
i38,e09,c4,p08,l3,0.00
i38,e09,c4,p08,l4,0.00
i38,e09,c4,p09,l2,0.00
i38,e09,c4,p09,l3,0.00
i38,e09,c4,p09,l4,0.00
i38,e09,c4,p10,l2,0.00
i38,e09,c4,p10,l3,13.30
i38,e09,c4,p10,l4,0.00
i38,e09,c4,p11,l2,0.00
i38,e09,c4,p11,l3,0.00
i38,e09,c4,p11,l4,0.00
i38,e09,c4,p12,l2,0.00
i38,e09,c4,p12,l3,0.00
i38,e09,c4,p12,l4,0.00
i38,e09,c4,p13,l2,0.00
i38,e09,c4,p13,l3,0.00
i38,e09,c4,p13,l4,0.00
i38,e09,c4,p14,l2,0.00
i38,e09,c4,p14,l3,0.00
i38,e09,c4,p14,l4,0.00
i38,e09,c4,p15,l2,0.00
i38,e09,c4,p15,l3,0.00
i38,e09,c4,p15,l4,0.00
i38,e09,c4,p16,l2,0.00
i38,e09,c4,p16,l3,0.00
i38,e09,c4,p16,l4,0.00
i38,e09,c4,p17,l2,0.00
i38,e09,c4,p17,l3,0.00
i38,e09,c4,p17,l4,0.00
i38,e09,c4,p18,l2,0.00
i38,e09,c4,p18,l3,0.00
i38,e09,c4,p18,l4,0.00
i38,e09,c4,p19,l2,0.00
i38,e09,c4,p19,l3,0.00
i38,e09,c4,p19,l4,0.00
i38,e09,c4,p20,l2,0.00
i38,e09,c4,p20,l3,0.00
i38,e09,c4,p20,l4,0.00
i38,e09,c4,p21,l2,0.00
i38,e09,c4,p21,l3,0.00
i38,e09,c4,p21,l4,0.00
i38,e09,c4,p22,l2,0.00
i38,e09,c4,p22,l3,0.00
i38,e09,c4,p22,l4,0.00
i38,e09,c4,p23,l2,0.00
i38,e09,c4,p23,l3,0.00
i38,e09,c4,p23,l4,0.00
i38,e09,c4,p24,l2,0.00
i38,e09,c4,p24,l3,0.00
i38,e09,c4,p24,l4,0.00
i38,e09,c4,p25,l2,0.00
i38,e09,c4,p25,l3,0.00
i38,e09,c4,p25,l4,0.00
i38,e09,c4,p26,l2,0.00
i38,e09,c4,p26,l3,0.00
i38,e09,c4,p26,l4,0.00
i38,e09,c4,p27,l2,0.00
i38,e09,c4,p27,l3,0.00
i38,e09,c4,p28,l2,0.00
i38,e09,c4,p28,l3,0.00
i38,e09,c4,p28,l4,0.00
i38,e09,c4,p29,l2,0.00
i38,e09,c4,p29,l3,0.00
i38,e09,c4,p29,l4,0.00
i38,e09,c4,p30,l2,0.00
i38,e09,c4,p30,l3,0.00
i38,e09,c4,p30,l4,0.00
i38,e09,c4,p31,l2,0.00
i38,e09,c4,p31,l3,0.00
i38,e09,c4,p31,l4,0.00
i38,e09,c4,p32,l2,0.00
i38,e09,c4,p32,l3,0.00
i38,e09,c4,p32,l4,0.00
i38,e09,c4,p33,l2,0.00
i38,e09,c4,p33,l3,0.00
i38,e09,c4,p34,l3,0.00
i38,e09,c4,p35,l2,0.00
i38,e09,c4,p35,l3,0.00
i38,e09,c4,p35,l4,0.00
i38,e09,c7,p01,l2,0.00
i38,e09,c7,p01,l3,0.00
i38,e09,c7,p01,l4,0.00
i38,e09,c7,p02,l2,0.00
i38,e09,c7,p02,l3,0.00
i38,e09,c7,p03,l2,0.00
i38,e09,c7,p03,l3,0.00
i38,e09,c7,p04,l2,0.00
i38,e09,c7,p04,l3,0.00
i38,e09,c7,p04,l4,0.00
i38,e09,c7,p05,l2,0.00
i38,e09,c7,p05,l3,0.00
i38,e09,c7,p06,l2,0.00
i38,e09,c7,p06,l3,0.00
i38,e09,c7,p07,l2,0.00
i38,e09,c7,p07,l3,0.00
i38,e09,c7,p08,l2,0.00
i38,e09,c7,p08,l3,0.00
i38,e09,c7,p09,l2,0.00
i38,e09,c7,p09,l3,0.00
i38,e09,c7,p10,l2,0.00
i38,e09,c7,p10,l3,0.00
i38,e09,c7,p10,l4,0.00
i38,e09,c7,p11,l2,0.00
i38,e09,c7,p11,l3,0.00
i38,e09,c7,p12,l2,0.00
i38,e09,c7,p12,l3,0.00
i38,e09,c7,p13,l2,0.00
i38,e09,c7,p13,l3,0.00
i38,e09,c7,p14,l2,0.00
i38,e09,c7,p14,l3,0.00
i38,e09,c7,p15,l2,0.00
i38,e09,c7,p15,l3,0.00
i38,e09,c7,p16,l2,0.00
i38,e09,c7,p16,l3,0.00
i38,e09,c7,p17,l2,0.00
i38,e09,c7,p17,l3,0.00
i38,e09,c7,p18,l2,0.00
i38,e09,c7,p18,l3,0.00
i38,e09,c7,p19,l2,0.00
i38,e09,c7,p19,l3,0.00
i38,e09,c7,p19,l4,0.00
i38,e09,c7,p20,l2,0.00
i38,e09,c7,p20,l3,0.00
i38,e09,c7,p21,l2,0.00
i38,e09,c7,p21,l3,0.00
i38,e09,c7,p21,l4,0.00
i38,e09,c7,p22,l2,0.00
i38,e09,c7,p23,l2,0.00
i38,e09,c7,p23,l3,0.00
i38,e09,c7,p24,l2,0.00
i38,e09,c7,p24,l3,0.00
i38,e09,c7,p25,l2,0.00
i38,e09,c7,p25,l3,0.00
i38,e09,c7,p26,l2,0.00
i38,e09,c7,p28,l2,0.00
i38,e09,c7,p28,l3,0.00
i38,e09,c7,p29,l2,0.00
i38,e09,c7,p29,l3,0.00
i38,e09,c7,p31,l2,0.00
i38,e09,c7,p32,l2,0.00
i38,e09,c7,p32,l3,0.00
i38,e09,c7,p34,l3,0.00
i38,e09,c7,p35,l2,0.00
i38,e09,c8,p01,l2,0.00
i38,e09,c8,p01,l3,0.00
i38,e09,c8,p01,l4,0.00
i38,e09,c8,p02,l2,0.00
i38,e09,c8,p05,l2,0.00
i38,e09,c8,p05,l4,0.00
i38,e09,c8,p06,l2,0.00
i38,e09,c8,p06,l4,0.00
i38,e09,c8,p07,l2,0.00
i38,e09,c8,p09,l2,0.00
i38,e09,c8,p10,l2,0.00
i38,e09,c8,p10,l3,0.00
i38,e09,c8,p10,l4,0.00
i38,e09,c8,p11,l2,0.00
i38,e09,c8,p12,l2,0.00
i38,e09,c8,p13,l2,0.00
i38,e09,c8,p14,l2,0.00
i38,e09,c8,p14,l3,0.00
i38,e09,c8,p15,l2,0.00
i38,e09,c8,p15,l3,0.00
i38,e09,c8,p15,l4,0.00
i38,e09,c8,p16,l2,0.00
i38,e09,c8,p19,l2,0.00
i38,e09,c8,p20,l2,0.00
i38,e09,c8,p20,l3,0.00
i38,e09,c8,p21,l2,0.00
i38,e09,c8,p23,l2,0.00
i38,e09,c8,p23,l3,0.00
i38,e09,c8,p23,l4,0.00
i38,e09,c8,p24,l2,0.00
i38,e09,c8,p28,l2,0.00
i38,e09,c8,p28,l3,0.00
i38,e09,c8,p29,l2,0.00
i38,e09,c8,p29,l3,0.00
i38,e09,c8,p31,l2,0.00
i38,e10,c1,p01,l1,1.54
i38,e10,c1,p01,l2,18.30
i38,e10,c1,p01,l3,1623.04
i38,e10,c1,p01,l4,301.14
i38,e10,c1,p02,l1,0.00
i38,e10,c1,p02,l2,3.40
i38,e10,c1,p02,l3,763.36
i38,e10,c1,p02,l4,150.15
i38,e10,c1,p03,l1,2.19
i38,e10,c1,p03,l2,2.05
i38,e10,c1,p03,l3,1429.12
i38,e10,c1,p03,l4,253.07
i38,e10,c1,p04,l1,3.97
i38,e10,c1,p04,l2,0.00
i38,e10,c1,p04,l3,599.12
i38,e10,c1,p04,l4,88.69
i38,e10,c1,p05,l1,1.24
i38,e10,c1,p05,l2,1.07
i38,e10,c1,p05,l3,947.10
i38,e10,c1,p05,l4,201.42
i38,e10,c1,p06,l1,0.00
i38,e10,c1,p06,l2,4.41
i38,e10,c1,p06,l3,950.72
i38,e10,c1,p06,l4,109.33
i38,e10,c1,p07,l1,9.96
i38,e10,c1,p07,l2,0.00
i38,e10,c1,p07,l3,934.21
i38,e10,c1,p07,l4,147.17
i38,e10,c1,p08,l1,0.00
i38,e10,c1,p08,l2,1.56
i38,e10,c1,p08,l3,346.75
i38,e10,c1,p08,l4,45.47
i38,e10,c1,p09,l1,3.56
i38,e10,c1,p09,l2,2.41
i38,e10,c1,p09,l3,519.27
i38,e10,c1,p09,l4,55.14
i38,e10,c1,p10,l1,12.13
i38,e10,c1,p10,l2,11.36
i38,e10,c1,p10,l3,8381.02
i38,e10,c1,p10,l4,2150.69
i38,e10,c1,p11,l1,2.21
i38,e10,c1,p11,l2,1.15
i38,e10,c1,p11,l3,1690.35
i38,e10,c1,p11,l4,254.44
i38,e10,c1,p12,l1,9.22
i38,e10,c1,p12,l2,0.00
i38,e10,c1,p12,l3,946.57
i38,e10,c1,p12,l4,194.41
i38,e10,c1,p13,l1,0.00
i38,e10,c1,p13,l2,2.55
i38,e10,c1,p13,l3,1244.26
i38,e10,c1,p13,l4,265.12
i38,e10,c1,p14,l1,2.40
i38,e10,c1,p14,l2,0.00
i38,e10,c1,p14,l3,708.07
i38,e10,c1,p14,l4,103.12
i38,e10,c1,p15,l1,4.25
i38,e10,c1,p15,l2,1.43
i38,e10,c1,p15,l3,1311.72
i38,e10,c1,p15,l4,163.34
i38,e10,c1,p16,l1,0.00
i38,e10,c1,p16,l2,0.00
i38,e10,c1,p16,l3,710.58
i38,e10,c1,p16,l4,122.61
i38,e10,c1,p17,l1,1.51
i38,e10,c1,p17,l2,3.61
i38,e10,c1,p17,l3,695.03
i38,e10,c1,p17,l4,170.49
i38,e10,c1,p18,l1,0.00
i38,e10,c1,p18,l2,2.25
i38,e10,c1,p18,l3,893.67
i38,e10,c1,p18,l4,205.06
i38,e10,c1,p19,l1,13.10
i38,e10,c1,p19,l2,15.05
i38,e10,c1,p19,l3,6510.23
i38,e10,c1,p19,l4,1093.23
i38,e10,c1,p20,l1,0.00
i38,e10,c1,p20,l2,0.00
i38,e10,c1,p20,l3,672.08
i38,e10,c1,p20,l4,72.04
i38,e10,c1,p21,l1,1.04
i38,e10,c1,p21,l2,1.36
i38,e10,c1,p21,l3,2034.02
i38,e10,c1,p21,l4,284.47
i38,e10,c1,p22,l1,2.12
i38,e10,c1,p22,l2,0.00
i38,e10,c1,p22,l3,111.04
i38,e10,c1,p22,l4,21.22
i38,e10,c1,p23,l1,0.00
i38,e10,c1,p23,l2,0.00
i38,e10,c1,p23,l3,369.01
i38,e10,c1,p23,l4,71.02
i38,e10,c1,p24,l1,0.00
i38,e10,c1,p24,l2,6.13
i38,e10,c1,p24,l3,692.03
i38,e10,c1,p24,l4,120.38
i38,e10,c1,p25,l1,0.00
i38,e10,c1,p25,l2,0.00
i38,e10,c1,p25,l3,152.99
i38,e10,c1,p25,l4,19.12
i38,e10,c1,p26,l1,0.00
i38,e10,c1,p26,l2,0.00
i38,e10,c1,p26,l3,3.59
i38,e10,c1,p26,l4,0.00
i38,e10,c1,p27,l1,0.00
i38,e10,c1,p27,l2,0.00
i38,e10,c1,p27,l3,0.00
i38,e10,c1,p27,l4,0.00
i38,e10,c1,p28,l1,0.00
i38,e10,c1,p28,l2,0.00
i38,e10,c1,p28,l3,54.64
i38,e10,c1,p28,l4,8.48
i38,e10,c1,p29,l1,2.76
i38,e10,c1,p29,l2,1.02
i38,e10,c1,p29,l3,1252.68
i38,e10,c1,p29,l4,232.06
i38,e10,c1,p30,l1,0.00
i38,e10,c1,p30,l2,0.00
i38,e10,c1,p30,l3,0.00
i38,e10,c1,p30,l4,0.00
i38,e10,c1,p31,l1,0.00
i38,e10,c1,p31,l2,0.00
i38,e10,c1,p31,l3,2.02
i38,e10,c1,p31,l4,0.00
i38,e10,c1,p32,l1,0.00
i38,e10,c1,p32,l2,1.45
i38,e10,c1,p32,l3,150.72
i38,e10,c1,p32,l4,35.77
i38,e10,c1,p33,l1,0.00
i38,e10,c1,p33,l2,0.00
i38,e10,c1,p33,l3,0.00
i38,e10,c1,p33,l4,0.00
i38,e10,c1,p34,l1,0.00
i38,e10,c1,p34,l2,0.00
i38,e10,c1,p34,l3,0.00
i38,e10,c1,p34,l4,0.00
i38,e10,c1,p35,l1,0.00
i38,e10,c1,p35,l2,0.00
i38,e10,c1,p35,l3,221.53
i38,e10,c1,p35,l4,196.20
i38,e10,c4,p01,l1,1.43
i38,e10,c4,p01,l2,0.00
i38,e10,c4,p01,l3,10.09
i38,e10,c4,p01,l4,9.42
i38,e10,c4,p02,l1,0.00
i38,e10,c4,p02,l2,0.00
i38,e10,c4,p02,l3,0.00
i38,e10,c4,p02,l4,0.00
i38,e10,c4,p03,l1,1.18
i38,e10,c4,p03,l2,0.00
i38,e10,c4,p03,l3,87.12
i38,e10,c4,p03,l4,18.14
i38,e10,c4,p04,l1,0.00
i38,e10,c4,p04,l2,0.00
i38,e10,c4,p04,l3,26.34
i38,e10,c4,p04,l4,0.00
i38,e10,c4,p05,l1,0.00
i38,e10,c4,p05,l2,0.00
i38,e10,c4,p05,l3,6.49
i38,e10,c4,p05,l4,3.80
i38,e10,c4,p06,l1,0.00
i38,e10,c4,p06,l2,0.00
i38,e10,c4,p06,l3,8.62
i38,e10,c4,p06,l4,0.00
i38,e10,c4,p07,l1,2.04
i38,e10,c4,p07,l2,0.00
i38,e10,c4,p07,l3,5.47
i38,e10,c4,p07,l4,0.00
i38,e10,c4,p08,l1,0.00
i38,e10,c4,p08,l2,0.00
i38,e10,c4,p08,l3,18.14
i38,e10,c4,p08,l4,3.30
i38,e10,c4,p09,l1,0.00
i38,e10,c4,p09,l2,0.00
i38,e10,c4,p09,l3,0.00
i38,e10,c4,p09,l4,0.00
i38,e10,c4,p10,l1,0.00
i38,e10,c4,p10,l2,0.00
i38,e10,c4,p10,l3,473.17
i38,e10,c4,p10,l4,61.17
i38,e10,c4,p11,l1,0.00
i38,e10,c4,p11,l2,0.00
i38,e10,c4,p11,l3,0.00
i38,e10,c4,p11,l4,0.00
i38,e10,c4,p12,l1,0.00
i38,e10,c4,p12,l2,0.00
i38,e10,c4,p12,l3,0.00
i38,e10,c4,p12,l4,0.00
i38,e10,c4,p13,l1,0.00
i38,e10,c4,p13,l2,0.00
i38,e10,c4,p13,l3,6.15
i38,e10,c4,p13,l4,0.00
i38,e10,c4,p14,l1,0.00
i38,e10,c4,p14,l2,0.00
i38,e10,c4,p14,l3,4.55
i38,e10,c4,p14,l4,8.19
i38,e10,c4,p15,l1,0.00
i38,e10,c4,p15,l2,0.00
i38,e10,c4,p15,l3,0.00
i38,e10,c4,p15,l4,0.00
i38,e10,c4,p16,l1,2.86
i38,e10,c4,p16,l2,0.00
i38,e10,c4,p16,l3,20.74
i38,e10,c4,p16,l4,10.30
i38,e10,c4,p17,l1,0.00
i38,e10,c4,p17,l2,0.00
i38,e10,c4,p17,l3,34.21
i38,e10,c4,p17,l4,22.08
i38,e10,c4,p18,l1,0.00
i38,e10,c4,p18,l2,0.00
i38,e10,c4,p18,l3,42.22
i38,e10,c4,p18,l4,8.23
i38,e10,c4,p19,l1,0.00
i38,e10,c4,p19,l2,0.00
i38,e10,c4,p19,l3,4.14
i38,e10,c4,p19,l4,9.01
i38,e10,c4,p20,l1,0.00
i38,e10,c4,p20,l2,0.00
i38,e10,c4,p20,l3,232.54
i38,e10,c4,p20,l4,17.59
i38,e10,c4,p21,l1,0.00
i38,e10,c4,p21,l2,0.00
i38,e10,c4,p21,l3,10.43
i38,e10,c4,p21,l4,0.00
i38,e10,c4,p22,l1,0.00
i38,e10,c4,p22,l2,0.00
i38,e10,c4,p22,l3,0.00
i38,e10,c4,p22,l4,0.00
i38,e10,c4,p23,l1,0.00
i38,e10,c4,p23,l2,0.00
i38,e10,c4,p23,l3,0.00
i38,e10,c4,p23,l4,0.00
i38,e10,c4,p24,l1,0.00
i38,e10,c4,p24,l2,0.00
i38,e10,c4,p24,l3,0.00
i38,e10,c4,p24,l4,0.00
i38,e10,c4,p25,l1,0.00
i38,e10,c4,p25,l2,0.00
i38,e10,c4,p25,l3,0.00
i38,e10,c4,p25,l4,0.00
i38,e10,c4,p26,l1,0.00
i38,e10,c4,p26,l2,0.00
i38,e10,c4,p26,l3,0.00
i38,e10,c4,p26,l4,0.00
i38,e10,c4,p27,l2,0.00
i38,e10,c4,p27,l3,0.00
i38,e10,c4,p27,l4,0.00
i38,e10,c4,p28,l1,0.00
i38,e10,c4,p28,l2,0.00
i38,e10,c4,p28,l3,0.00
i38,e10,c4,p28,l4,0.00
i38,e10,c4,p29,l1,0.00
i38,e10,c4,p29,l2,0.00
i38,e10,c4,p29,l3,4.32
i38,e10,c4,p29,l4,5.69
i38,e10,c4,p30,l1,0.00
i38,e10,c4,p30,l2,0.00
i38,e10,c4,p30,l3,0.00
i38,e10,c4,p30,l4,0.00
i38,e10,c4,p31,l1,0.00
i38,e10,c4,p31,l2,0.00
i38,e10,c4,p31,l3,0.00
i38,e10,c4,p31,l4,0.00
i38,e10,c4,p32,l1,0.00
i38,e10,c4,p32,l2,0.00
i38,e10,c4,p32,l3,0.00
i38,e10,c4,p32,l4,0.00
i38,e10,c4,p33,l1,0.00
i38,e10,c4,p33,l2,0.00
i38,e10,c4,p33,l3,0.00
i38,e10,c4,p33,l4,0.00
i38,e10,c4,p34,l1,0.00
i38,e10,c4,p34,l2,0.00
i38,e10,c4,p34,l3,0.00
i38,e10,c4,p34,l4,0.00
i38,e10,c4,p35,l1,0.00
i38,e10,c4,p35,l2,0.00
i38,e10,c4,p35,l3,5.16
i38,e10,c4,p35,l4,9.00
i38,e10,c7,p01,l1,0.00
i38,e10,c7,p01,l2,0.00
i38,e10,c7,p01,l3,0.00
i38,e10,c7,p01,l4,0.00
i38,e10,c7,p02,l1,0.00
i38,e10,c7,p02,l2,0.00
i38,e10,c7,p02,l3,0.00
i38,e10,c7,p02,l4,0.00
i38,e10,c7,p03,l1,0.00
i38,e10,c7,p03,l2,0.00
i38,e10,c7,p03,l3,0.00
i38,e10,c7,p03,l4,0.00
i38,e10,c7,p04,l1,0.00
i38,e10,c7,p04,l2,0.00
i38,e10,c7,p04,l3,0.00
i38,e10,c7,p04,l4,0.00
i38,e10,c7,p05,l1,0.00
i38,e10,c7,p05,l2,0.00
i38,e10,c7,p05,l3,0.00
i38,e10,c7,p05,l4,0.00
i38,e10,c7,p06,l1,0.00
i38,e10,c7,p06,l2,0.00
i38,e10,c7,p06,l3,0.00
i38,e10,c7,p06,l4,0.00
i38,e10,c7,p07,l1,0.00
i38,e10,c7,p07,l2,0.00
i38,e10,c7,p07,l3,0.00
i38,e10,c7,p07,l4,0.00
i38,e10,c7,p08,l1,0.00
i38,e10,c7,p08,l2,0.00
i38,e10,c7,p08,l3,0.00
i38,e10,c7,p08,l4,0.00
i38,e10,c7,p09,l1,0.00
i38,e10,c7,p09,l2,0.00
i38,e10,c7,p09,l3,0.00
i38,e10,c7,p09,l4,0.00
i38,e10,c7,p10,l1,0.00
i38,e10,c7,p10,l2,0.00
i38,e10,c7,p10,l3,0.00
i38,e10,c7,p10,l4,0.00
i38,e10,c7,p11,l1,0.00
i38,e10,c7,p11,l2,0.00
i38,e10,c7,p11,l3,0.00
i38,e10,c7,p11,l4,0.00
i38,e10,c7,p12,l1,0.00
i38,e10,c7,p12,l2,0.00
i38,e10,c7,p12,l3,0.00
i38,e10,c7,p12,l4,0.00
i38,e10,c7,p13,l1,0.00
i38,e10,c7,p13,l2,0.00
i38,e10,c7,p13,l3,0.00
i38,e10,c7,p13,l4,0.00
i38,e10,c7,p14,l1,0.00
i38,e10,c7,p14,l2,0.00
i38,e10,c7,p14,l3,0.00
i38,e10,c7,p14,l4,0.00
i38,e10,c7,p15,l1,0.00
i38,e10,c7,p15,l2,0.00
i38,e10,c7,p15,l3,0.00
i38,e10,c7,p15,l4,0.00
i38,e10,c7,p16,l1,0.00
i38,e10,c7,p16,l2,0.00
i38,e10,c7,p16,l3,0.00
i38,e10,c7,p16,l4,0.00
i38,e10,c7,p17,l1,0.00
i38,e10,c7,p17,l2,0.00
i38,e10,c7,p17,l3,0.00
i38,e10,c7,p17,l4,0.00
i38,e10,c7,p18,l1,0.00
i38,e10,c7,p18,l2,0.00
i38,e10,c7,p18,l3,0.00
i38,e10,c7,p18,l4,0.00
i38,e10,c7,p19,l1,0.00
i38,e10,c7,p19,l2,0.00
i38,e10,c7,p19,l3,0.00
i38,e10,c7,p19,l4,0.00
i38,e10,c7,p20,l1,0.00
i38,e10,c7,p20,l2,0.00
i38,e10,c7,p20,l3,0.00
i38,e10,c7,p20,l4,0.00
i38,e10,c7,p21,l1,0.00
i38,e10,c7,p21,l2,0.00
i38,e10,c7,p21,l3,0.00
i38,e10,c7,p21,l4,0.00
i38,e10,c7,p22,l1,0.00
i38,e10,c7,p22,l2,0.00
i38,e10,c7,p22,l3,0.00
i38,e10,c7,p22,l4,0.00
i38,e10,c7,p23,l1,0.00
i38,e10,c7,p23,l2,0.00
i38,e10,c7,p23,l3,0.00
i38,e10,c7,p23,l4,0.00
i38,e10,c7,p24,l1,0.00
i38,e10,c7,p24,l2,0.00
i38,e10,c7,p24,l3,0.00
i38,e10,c7,p24,l4,0.00
i38,e10,c7,p25,l1,0.00
i38,e10,c7,p25,l2,0.00
i38,e10,c7,p25,l3,0.00
i38,e10,c7,p25,l4,0.00
i38,e10,c7,p26,l1,0.00
i38,e10,c7,p26,l2,0.00
i38,e10,c7,p26,l3,0.00
i38,e10,c7,p26,l4,0.00
i38,e10,c7,p28,l1,0.00
i38,e10,c7,p28,l2,0.00
i38,e10,c7,p28,l3,0.00
i38,e10,c7,p28,l4,0.00
i38,e10,c7,p29,l1,0.00
i38,e10,c7,p29,l2,0.00
i38,e10,c7,p29,l3,0.00
i38,e10,c7,p29,l4,0.00
i38,e10,c7,p31,l2,0.00
i38,e10,c7,p31,l3,0.00
i38,e10,c7,p31,l4,0.00
i38,e10,c7,p32,l1,0.00
i38,e10,c7,p32,l2,0.00
i38,e10,c7,p32,l3,0.00
i38,e10,c7,p32,l4,0.00
i38,e10,c7,p34,l1,0.00
i38,e10,c7,p34,l2,0.00
i38,e10,c7,p34,l3,0.00
i38,e10,c7,p34,l4,0.00
i38,e10,c7,p35,l1,0.00
i38,e10,c7,p35,l2,0.00
i38,e10,c7,p35,l3,0.00
i38,e10,c7,p35,l4,0.00
i38,e10,c8,p01,l2,0.00
i38,e10,c8,p01,l3,0.00
i38,e10,c8,p01,l4,0.00
i38,e10,c8,p02,l2,0.00
i38,e10,c8,p02,l3,0.00
i38,e10,c8,p02,l4,0.00
i38,e10,c8,p03,l3,0.00
i38,e10,c8,p03,l4,0.00
i38,e10,c8,p05,l2,0.00
i38,e10,c8,p05,l3,0.00
i38,e10,c8,p05,l4,0.00
i38,e10,c8,p06,l3,0.00
i38,e10,c8,p06,l4,0.00
i38,e10,c8,p07,l2,0.00
i38,e10,c8,p07,l3,0.00
i38,e10,c8,p07,l4,0.00
i38,e10,c8,p09,l3,0.00
i38,e10,c8,p09,l4,0.00
i38,e10,c8,p10,l2,0.00
i38,e10,c8,p10,l3,0.00
i38,e10,c8,p10,l4,0.00
i38,e10,c8,p11,l2,0.00
i38,e10,c8,p11,l3,0.00
i38,e10,c8,p11,l4,0.00
i38,e10,c8,p12,l2,0.00
i38,e10,c8,p12,l3,0.00
i38,e10,c8,p12,l4,0.00
i38,e10,c8,p13,l1,0.00
i38,e10,c8,p13,l3,0.00
i38,e10,c8,p13,l4,0.00
i38,e10,c8,p14,l2,0.00
i38,e10,c8,p14,l3,0.00
i38,e10,c8,p14,l4,0.00
i38,e10,c8,p15,l2,0.00
i38,e10,c8,p15,l3,0.00
i38,e10,c8,p15,l4,0.00
i38,e10,c8,p16,l3,0.00
i38,e10,c8,p16,l4,0.00
i38,e10,c8,p17,l2,0.00
i38,e10,c8,p17,l3,0.00
i38,e10,c8,p17,l4,0.00
i38,e10,c8,p18,l2,0.00
i38,e10,c8,p18,l3,0.00
i38,e10,c8,p18,l4,0.00
i38,e10,c8,p19,l3,0.00
i38,e10,c8,p19,l4,0.00
i38,e10,c8,p20,l3,0.00
i38,e10,c8,p20,l4,0.00
i38,e10,c8,p21,l3,0.00
i38,e10,c8,p21,l4,0.00
i38,e10,c8,p23,l2,0.00
i38,e10,c8,p23,l3,0.00
i38,e10,c8,p23,l4,0.00
i38,e10,c8,p24,l3,0.00
i38,e10,c8,p24,l4,0.00
i38,e10,c8,p26,l3,0.00
i38,e10,c8,p26,l4,0.00
i38,e10,c8,p28,l2,0.00
i38,e10,c8,p28,l3,0.00
i38,e10,c8,p28,l4,0.00
i38,e10,c8,p29,l3,0.00
i38,e10,c8,p29,l4,0.00
i38,e10,c8,p31,l3,0.00
i38,e10,c8,p31,l4,0.00
i38,e11,c1,p01,l2,8.06
i38,e11,c1,p01,l3,0.00
i38,e11,c1,p01,l4,28.08
i38,e11,c1,p02,l2,3.43
i38,e11,c1,p02,l3,0.00
i38,e11,c1,p02,l4,13.11
i38,e11,c1,p03,l2,8.24
i38,e11,c1,p03,l3,0.00
i38,e11,c1,p03,l4,28.15
i38,e11,c1,p04,l2,1.14
i38,e11,c1,p04,l3,0.00
i38,e11,c1,p04,l4,8.45
i38,e11,c1,p05,l2,10.36
i38,e11,c1,p05,l3,0.00
i38,e11,c1,p05,l4,15.22
i38,e11,c1,p06,l2,0.00
i38,e11,c1,p06,l3,0.00
i38,e11,c1,p06,l4,5.79
i38,e11,c1,p07,l2,2.31
i38,e11,c1,p07,l3,0.00
i38,e11,c1,p07,l4,15.14
i38,e11,c1,p08,l2,0.00
i38,e11,c1,p08,l3,0.00
i38,e11,c1,p08,l4,3.59
i38,e11,c1,p09,l2,0.00
i38,e11,c1,p09,l3,0.00
i38,e11,c1,p09,l4,6.12
i38,e11,c1,p10,l2,8.37
i38,e11,c1,p10,l3,0.00
i38,e11,c1,p10,l4,167.27
i38,e11,c1,p11,l2,5.66
i38,e11,c1,p11,l3,0.00
i38,e11,c1,p11,l4,22.28
i38,e11,c1,p12,l2,0.00
i38,e11,c1,p12,l3,0.00
i38,e11,c1,p12,l4,17.50
i38,e11,c1,p13,l2,1.91
i38,e11,c1,p13,l3,0.00
i38,e11,c1,p13,l4,22.03
i38,e11,c1,p14,l2,0.00
i38,e11,c1,p14,l3,0.00
i38,e11,c1,p14,l4,5.15
i38,e11,c1,p15,l2,3.55
i38,e11,c1,p15,l3,0.00
i38,e11,c1,p15,l4,19.87
i38,e11,c1,p16,l2,3.23
i38,e11,c1,p16,l3,0.00
i38,e11,c1,p16,l4,11.06
i38,e11,c1,p17,l2,3.15
i38,e11,c1,p17,l3,0.00
i38,e11,c1,p17,l4,16.11
i38,e11,c1,p18,l2,0.00
i38,e11,c1,p18,l3,0.00
i38,e11,c1,p18,l4,14.26
i38,e11,c1,p19,l2,13.07
i38,e11,c1,p19,l3,0.00
i38,e11,c1,p19,l4,88.28
i38,e11,c1,p20,l2,0.00
i38,e11,c1,p20,l3,0.00
i38,e11,c1,p20,l4,3.02
i38,e11,c1,p21,l2,8.80
i38,e11,c1,p21,l3,0.00
i38,e11,c1,p21,l4,25.01
i38,e11,c1,p22,l2,0.00
i38,e11,c1,p22,l3,0.00
i38,e11,c1,p22,l4,3.64
i38,e11,c1,p23,l2,0.00
i38,e11,c1,p23,l3,0.00
i38,e11,c1,p23,l4,4.40
i38,e11,c1,p24,l2,0.00
i38,e11,c1,p24,l3,0.00
i38,e11,c1,p24,l4,10.57
i38,e11,c1,p25,l2,0.00
i38,e11,c1,p25,l3,0.00
i38,e11,c1,p25,l4,1.35
i38,e11,c1,p26,l2,0.00
i38,e11,c1,p26,l3,0.00
i38,e11,c1,p26,l4,0.00
i38,e11,c1,p27,l2,0.00
i38,e11,c1,p27,l3,0.00
i38,e11,c1,p27,l4,0.00
i38,e11,c1,p28,l2,0.00
i38,e11,c1,p28,l3,0.00
i38,e11,c1,p28,l4,0.00
i38,e11,c1,p29,l2,1.36
i38,e11,c1,p29,l3,0.00
i38,e11,c1,p29,l4,20.29
i38,e11,c1,p30,l2,0.00
i38,e11,c1,p30,l3,0.00
i38,e11,c1,p30,l4,0.00
i38,e11,c1,p31,l2,0.00
i38,e11,c1,p31,l3,0.00
i38,e11,c1,p31,l4,0.00
i38,e11,c1,p32,l2,0.00
i38,e11,c1,p32,l3,0.00
i38,e11,c1,p32,l4,2.54
i38,e11,c1,p33,l2,0.00
i38,e11,c1,p33,l3,0.00
i38,e11,c1,p33,l4,0.00
i38,e11,c1,p34,l2,0.00
i38,e11,c1,p34,l3,0.00
i38,e11,c1,p34,l4,0.00
i38,e11,c1,p35,l2,2.04
i38,e11,c1,p35,l3,0.00
i38,e11,c1,p35,l4,8.04
i38,e11,c4,p01,l2,0.00
i38,e11,c4,p01,l3,0.00
i38,e11,c4,p01,l4,1.31
i38,e11,c4,p02,l2,0.00
i38,e11,c4,p02,l3,0.00
i38,e11,c4,p02,l4,0.00
i38,e11,c4,p03,l2,0.00
i38,e11,c4,p03,l3,0.00
i38,e11,c4,p03,l4,3.23
i38,e11,c4,p04,l2,0.00
i38,e11,c4,p04,l3,0.00
i38,e11,c4,p04,l4,0.00
i38,e11,c4,p05,l2,0.00
i38,e11,c4,p05,l3,0.00
i38,e11,c4,p05,l4,0.00
i38,e11,c4,p06,l2,0.00
i38,e11,c4,p06,l3,0.00
i38,e11,c4,p06,l4,0.00
i38,e11,c4,p07,l2,0.00
i38,e11,c4,p07,l3,0.00
i38,e11,c4,p07,l4,0.00
i38,e11,c4,p08,l2,0.00
i38,e11,c4,p08,l3,0.00
i38,e11,c4,p08,l4,0.00
i38,e11,c4,p09,l2,0.00
i38,e11,c4,p09,l3,0.00
i38,e11,c4,p09,l4,0.00
i38,e11,c4,p10,l2,0.00
i38,e11,c4,p10,l3,0.00
i38,e11,c4,p10,l4,3.96
i38,e11,c4,p11,l2,0.00
i38,e11,c4,p11,l3,0.00
i38,e11,c4,p11,l4,0.00
i38,e11,c4,p12,l2,0.00
i38,e11,c4,p12,l3,0.00
i38,e11,c4,p12,l4,0.00
i38,e11,c4,p13,l2,0.00
i38,e11,c4,p13,l3,0.00
i38,e11,c4,p13,l4,0.00
i38,e11,c4,p14,l2,0.00
i38,e11,c4,p14,l3,0.00
i38,e11,c4,p14,l4,1.73
i38,e11,c4,p15,l2,0.00
i38,e11,c4,p15,l3,0.00
i38,e11,c4,p15,l4,0.00
i38,e11,c4,p16,l2,0.00
i38,e11,c4,p16,l3,0.00
i38,e11,c4,p16,l4,1.63
i38,e11,c4,p17,l2,0.00
i38,e11,c4,p17,l3,0.00
i38,e11,c4,p17,l4,1.44
i38,e11,c4,p18,l2,0.00
i38,e11,c4,p18,l3,0.00
i38,e11,c4,p18,l4,1.71
i38,e11,c4,p19,l2,0.00
i38,e11,c4,p19,l3,0.00
i38,e11,c4,p19,l4,1.50
i38,e11,c4,p20,l2,0.00
i38,e11,c4,p20,l3,0.00
i38,e11,c4,p20,l4,1.43
i38,e11,c4,p21,l2,0.00
i38,e11,c4,p21,l3,0.00
i38,e11,c4,p21,l4,0.00
i38,e11,c4,p22,l2,0.00
i38,e11,c4,p22,l3,0.00
i38,e11,c4,p22,l4,0.00
i38,e11,c4,p23,l2,0.00
i38,e11,c4,p23,l3,0.00
i38,e11,c4,p23,l4,0.00
i38,e11,c4,p24,l2,0.00
i38,e11,c4,p24,l3,0.00
i38,e11,c4,p24,l4,0.00
i38,e11,c4,p25,l2,0.00
i38,e11,c4,p25,l3,0.00
i38,e11,c4,p25,l4,0.00
i38,e11,c4,p26,l2,0.00
i38,e11,c4,p26,l4,0.00
i38,e11,c4,p27,l2,0.00
i38,e11,c4,p27,l4,0.00
i38,e11,c4,p28,l2,0.00
i38,e11,c4,p28,l3,0.00
i38,e11,c4,p28,l4,0.00
i38,e11,c4,p29,l2,0.00
i38,e11,c4,p29,l3,0.00
i38,e11,c4,p29,l4,2.42
i38,e11,c4,p30,l2,0.00
i38,e11,c4,p30,l3,0.00
i38,e11,c4,p30,l4,0.00
i38,e11,c4,p31,l2,0.00
i38,e11,c4,p31,l3,0.00
i38,e11,c4,p31,l4,0.00
i38,e11,c4,p32,l2,0.00
i38,e11,c4,p32,l3,0.00
i38,e11,c4,p32,l4,0.00
i38,e11,c4,p33,l2,0.00
i38,e11,c4,p33,l4,0.00
i38,e11,c4,p34,l2,0.00
i38,e11,c4,p34,l4,0.00
i38,e11,c4,p35,l2,0.00
i38,e11,c4,p35,l3,0.00
i38,e11,c4,p35,l4,2.99
i38,e11,c7,p01,l2,0.00
i38,e11,c7,p01,l4,0.00
i38,e11,c7,p02,l2,0.00
i38,e11,c7,p02,l4,0.00
i38,e11,c7,p03,l2,0.00
i38,e11,c7,p03,l4,0.00
i38,e11,c7,p04,l2,0.00
i38,e11,c7,p04,l4,0.00
i38,e11,c7,p05,l2,0.00
i38,e11,c7,p05,l3,0.00
i38,e11,c7,p05,l4,0.00
i38,e11,c7,p06,l2,0.00
i38,e11,c7,p06,l4,0.00
i38,e11,c7,p07,l2,0.00
i38,e11,c7,p07,l4,0.00
i38,e11,c7,p08,l2,0.00
i38,e11,c7,p08,l4,0.00
i38,e11,c7,p09,l2,0.00
i38,e11,c7,p09,l4,0.00
i38,e11,c7,p10,l2,0.00
i38,e11,c7,p10,l3,0.00
i38,e11,c7,p10,l4,0.00
i38,e11,c7,p11,l2,0.00
i38,e11,c7,p11,l4,0.00
i38,e11,c7,p12,l2,0.00
i38,e11,c7,p12,l3,0.00
i38,e11,c7,p12,l4,0.00
i38,e11,c7,p13,l2,0.00
i38,e11,c7,p13,l4,0.00
i38,e11,c7,p14,l2,0.00
i38,e11,c7,p14,l4,0.00
i38,e11,c7,p15,l2,0.00
i38,e11,c7,p15,l4,0.00
i38,e11,c7,p16,l2,0.00
i38,e11,c7,p16,l3,0.00
i38,e11,c7,p16,l4,0.00
i38,e11,c7,p17,l2,0.00
i38,e11,c7,p17,l3,0.00
i38,e11,c7,p17,l4,0.00
i38,e11,c7,p18,l2,0.00
i38,e11,c7,p18,l4,0.00
i38,e11,c7,p19,l2,0.00
i38,e11,c7,p19,l3,0.00
i38,e11,c7,p19,l4,0.00
i38,e11,c7,p20,l2,0.00
i38,e11,c7,p20,l4,0.00
i38,e11,c7,p21,l2,0.00
i38,e11,c7,p21,l3,0.00
i38,e11,c7,p21,l4,0.00
i38,e11,c7,p22,l2,0.00
i38,e11,c7,p22,l4,0.00
i38,e11,c7,p23,l2,0.00
i38,e11,c7,p23,l4,0.00
i38,e11,c7,p24,l2,0.00
i38,e11,c7,p24,l4,0.00
i38,e11,c7,p25,l2,0.00
i38,e11,c7,p25,l4,0.00
i38,e11,c7,p26,l2,0.00
i38,e11,c7,p26,l4,0.00
i38,e11,c7,p28,l2,0.00
i38,e11,c7,p28,l4,0.00
i38,e11,c7,p29,l2,0.00
i38,e11,c7,p29,l4,0.00
i38,e11,c7,p31,l2,0.00
i38,e11,c7,p32,l2,0.00
i38,e11,c7,p32,l4,0.00
i38,e11,c7,p34,l2,0.00
i38,e11,c7,p34,l4,0.00
i38,e11,c7,p35,l2,0.00
i38,e11,c7,p35,l4,0.00
i38,e11,c8,p01,l4,0.00
i38,e11,c8,p02,l4,0.00
i38,e11,c8,p03,l4,0.00
i38,e11,c8,p05,l4,0.00
i38,e11,c8,p06,l4,0.00
i38,e11,c8,p07,l4,0.00
i38,e11,c8,p09,l4,0.00
i38,e11,c8,p10,l2,0.00
i38,e11,c8,p10,l4,0.00
i38,e11,c8,p11,l4,0.00
i38,e11,c8,p12,l2,0.00
i38,e11,c8,p12,l4,0.00
i38,e11,c8,p13,l2,0.00
i38,e11,c8,p13,l4,0.00
i38,e11,c8,p14,l4,0.00
i38,e11,c8,p15,l4,0.00
i38,e11,c8,p16,l4,0.00
i38,e11,c8,p17,l4,0.00
i38,e11,c8,p19,l2,0.00
i38,e11,c8,p19,l4,0.00
i38,e11,c8,p20,l4,0.00
i38,e11,c8,p21,l4,0.00
i38,e11,c8,p23,l4,0.00
i38,e11,c8,p24,l4,0.00
i38,e11,c8,p26,l4,0.00
i38,e11,c8,p28,l2,0.00
i38,e11,c8,p28,l4,0.00
i38,e11,c8,p29,l4,0.00
i38,e11,c8,p31,l4,0.00
i38,e12,c1,p01,l3,0.00
i38,e12,c1,p02,l3,0.00
i38,e12,c1,p03,l3,1.17
i38,e12,c1,p04,l3,0.00
i38,e12,c1,p05,l3,2.40
i38,e12,c1,p06,l3,0.00
i38,e12,c1,p07,l3,0.00
i38,e12,c1,p08,l3,0.00
i38,e12,c1,p09,l3,0.00
i38,e12,c1,p10,l3,2.13
i38,e12,c1,p11,l3,1.90
i38,e12,c1,p12,l3,1.92
i38,e12,c1,p13,l3,1.09
i38,e12,c1,p14,l3,0.00
i38,e12,c1,p15,l3,2.27
i38,e12,c1,p16,l3,0.00
i38,e12,c1,p17,l3,0.00
i38,e12,c1,p18,l3,0.00
i38,e12,c1,p19,l3,5.42
i38,e12,c1,p20,l3,1.19
i38,e12,c1,p21,l3,4.85
i38,e12,c1,p22,l3,0.00
i38,e12,c1,p23,l3,0.00
i38,e12,c1,p24,l3,0.00
i38,e12,c1,p25,l3,0.00
i38,e12,c1,p26,l3,0.00
i38,e12,c1,p27,l3,0.00
i38,e12,c1,p28,l3,0.00
i38,e12,c1,p29,l3,0.00
i38,e12,c1,p30,l3,0.00
i38,e12,c1,p31,l3,0.00
i38,e12,c1,p32,l3,0.00
i38,e12,c1,p33,l3,0.00
i38,e12,c1,p34,l3,0.00
i38,e12,c1,p35,l3,0.00
i38,e12,c4,p01,l3,0.00
i38,e12,c4,p02,l3,0.00
i38,e12,c4,p03,l3,0.00
i38,e12,c4,p04,l3,0.00
i38,e12,c4,p05,l3,0.00
i38,e12,c4,p06,l3,0.00
i38,e12,c4,p07,l3,0.00
i38,e12,c4,p08,l3,0.00
i38,e12,c4,p09,l3,0.00
i38,e12,c4,p10,l3,0.00
i38,e12,c4,p11,l3,0.00
i38,e12,c4,p12,l3,0.00
i38,e12,c4,p13,l3,0.00
i38,e12,c4,p14,l3,0.00
i38,e12,c4,p15,l3,0.00
i38,e12,c4,p16,l3,0.00
i38,e12,c4,p17,l3,1.60
i38,e12,c4,p18,l3,0.00
i38,e12,c4,p19,l3,0.00
i38,e12,c4,p20,l3,0.00
i38,e12,c4,p21,l3,0.00
i38,e12,c4,p22,l3,0.00
i38,e12,c4,p23,l3,0.00
i38,e12,c4,p24,l3,0.00
i38,e12,c4,p25,l3,0.00
i38,e12,c4,p26,l3,0.00
i38,e12,c4,p28,l3,0.00
i38,e12,c4,p29,l3,0.00
i38,e12,c4,p30,l3,0.00
i38,e12,c4,p31,l3,0.00
i38,e12,c4,p32,l3,0.00
i38,e12,c4,p33,l3,0.00
i38,e12,c4,p35,l3,0.00
i38,e12,c7,p01,l3,0.00
i38,e12,c7,p02,l3,0.00
i38,e12,c7,p03,l3,0.00
i38,e12,c7,p04,l3,0.00
i38,e12,c7,p05,l3,0.00
i38,e12,c7,p07,l3,0.00
i38,e12,c7,p09,l3,0.00
i38,e12,c7,p10,l3,0.00
i38,e12,c7,p11,l3,0.00
i38,e12,c7,p12,l3,0.00
i38,e12,c7,p13,l3,0.00
i38,e12,c7,p15,l3,0.00
i38,e12,c7,p16,l3,0.00
i38,e12,c7,p17,l3,0.00
i38,e12,c7,p18,l3,0.00
i38,e12,c7,p19,l3,0.00
i38,e12,c7,p21,l3,0.00
i38,e12,c7,p22,l3,0.00
i38,e12,c7,p23,l3,0.00
i38,e12,c7,p24,l3,0.00
i38,e12,c7,p28,l3,0.00
i38,e12,c7,p29,l3,0.00
i38,e12,c7,p35,l3,0.00
i39,e01,c3,p01,l3,0.00
i39,e01,c3,p02,l3,0.00
i39,e01,c3,p03,l3,0.00
i39,e01,c3,p04,l3,0.00
i39,e01,c3,p07,l3,0.00
i39,e01,c3,p10,l3,0.00
i39,e01,c3,p12,l3,0.00
i39,e01,c3,p15,l3,0.00
i39,e01,c3,p17,l3,0.00
i39,e01,c3,p19,l3,0.00
i39,e01,c3,p20,l3,0.00
i39,e01,c3,p21,l3,0.00
i39,e01,c3,p25,l3,0.00
i39,e01,c3,p29,l3,0.00
i39,e01,c3,p35,l3,0.00
i39,e01,c5,p01,l3,0.00
i39,e01,c5,p02,l3,0.00
i39,e01,c5,p03,l3,0.00
i39,e01,c5,p04,l3,0.00
i39,e01,c5,p05,l3,0.00
i39,e01,c5,p06,l3,0.00
i39,e01,c5,p07,l3,0.00
i39,e01,c5,p08,l3,0.00
i39,e01,c5,p09,l3,0.00
i39,e01,c5,p10,l3,0.00
i39,e01,c5,p11,l3,0.00
i39,e01,c5,p12,l3,0.00
i39,e01,c5,p13,l3,0.00
i39,e01,c5,p14,l3,0.00
i39,e01,c5,p15,l3,0.00
i39,e01,c5,p16,l3,0.00
i39,e01,c5,p17,l3,0.00
i39,e01,c5,p18,l3,0.00
i39,e01,c5,p19,l3,0.00
i39,e01,c5,p20,l3,0.00
i39,e01,c5,p21,l3,0.00
i39,e01,c5,p22,l3,0.00
i39,e01,c5,p23,l3,0.00
i39,e01,c5,p24,l3,0.00
i39,e01,c5,p25,l3,0.00
i39,e01,c5,p26,l3,0.00
i39,e01,c5,p28,l3,0.00
i39,e01,c5,p29,l3,0.00
i39,e01,c5,p30,l3,0.00
i39,e01,c5,p31,l3,0.00
i39,e01,c5,p32,l3,0.00
i39,e01,c5,p35,l3,0.00
i39,e04,c3,p01,l1,0.00
i39,e04,c3,p01,l3,0.00
i39,e04,c3,p02,l1,0.00
i39,e04,c3,p02,l3,0.00
i39,e04,c3,p03,l1,0.00
i39,e04,c3,p03,l3,0.00
i39,e04,c3,p04,l3,0.00
i39,e04,c3,p07,l1,0.00
i39,e04,c3,p07,l3,0.00
i39,e04,c3,p10,l1,0.00
i39,e04,c3,p10,l3,0.00
i39,e04,c3,p12,l1,0.00
i39,e04,c3,p12,l3,0.00
i39,e04,c3,p15,l3,0.00
i39,e04,c3,p17,l1,0.00
i39,e04,c3,p17,l3,0.00
i39,e04,c3,p19,l1,0.00
i39,e04,c3,p19,l3,0.00
i39,e04,c3,p20,l3,0.00
i39,e04,c3,p21,l1,0.00
i39,e04,c3,p21,l3,0.00
i39,e04,c3,p23,l1,0.00
i39,e04,c3,p23,l3,0.00
i39,e04,c3,p25,l1,0.00
i39,e04,c3,p25,l3,0.00
i39,e04,c3,p29,l3,0.00
i39,e04,c3,p35,l1,0.00
i39,e04,c3,p35,l3,0.00
i39,e04,c5,p01,l1,0.00
i39,e04,c5,p01,l3,2.14
i39,e04,c5,p02,l1,0.00
i39,e04,c5,p02,l3,0.00
i39,e04,c5,p03,l1,0.00
i39,e04,c5,p03,l3,0.00
i39,e04,c5,p04,l1,0.00
i39,e04,c5,p04,l3,0.00
i39,e04,c5,p05,l1,0.00
i39,e04,c5,p05,l3,0.00
i39,e04,c5,p06,l1,0.00
i39,e04,c5,p06,l3,0.00
i39,e04,c5,p07,l1,0.00
i39,e04,c5,p07,l3,0.00
i39,e04,c5,p08,l1,0.00
i39,e04,c5,p08,l3,0.00
i39,e04,c5,p09,l1,0.00
i39,e04,c5,p09,l3,0.00
i39,e04,c5,p10,l1,0.00
i39,e04,c5,p10,l3,6.69
i39,e04,c5,p11,l1,0.00
i39,e04,c5,p11,l3,0.00
i39,e04,c5,p12,l1,0.00
i39,e04,c5,p12,l3,0.00
i39,e04,c5,p13,l1,0.00
i39,e04,c5,p13,l3,1.86
i39,e04,c5,p14,l1,0.00
i39,e04,c5,p14,l3,0.00
i39,e04,c5,p15,l1,0.00
i39,e04,c5,p15,l3,1.29
i39,e04,c5,p16,l1,0.00
i39,e04,c5,p16,l3,0.00
i39,e04,c5,p17,l1,0.00
i39,e04,c5,p17,l3,0.00
i39,e04,c5,p18,l1,0.00
i39,e04,c5,p18,l3,0.00
i39,e04,c5,p19,l1,0.00
i39,e04,c5,p19,l3,1.13
i39,e04,c5,p20,l1,0.00
i39,e04,c5,p20,l3,0.00
i39,e04,c5,p21,l1,0.00
i39,e04,c5,p21,l3,2.88
i39,e04,c5,p22,l1,0.00
i39,e04,c5,p22,l3,0.00
i39,e04,c5,p23,l1,0.00
i39,e04,c5,p23,l3,0.00
i39,e04,c5,p24,l1,0.00
i39,e04,c5,p24,l3,0.00
i39,e04,c5,p25,l1,0.00
i39,e04,c5,p25,l3,0.00
i39,e04,c5,p26,l1,0.00
i39,e04,c5,p26,l3,0.00
i39,e04,c5,p28,l1,0.00
i39,e04,c5,p28,l3,0.00
i39,e04,c5,p29,l1,0.00
i39,e04,c5,p29,l3,2.19
i39,e04,c5,p30,l1,0.00
i39,e04,c5,p30,l3,0.00
i39,e04,c5,p31,l1,0.00
i39,e04,c5,p31,l3,0.00
i39,e04,c5,p32,l1,0.00
i39,e04,c5,p32,l3,1.75
i39,e04,c5,p35,l1,0.00
i39,e04,c5,p35,l3,4.60
i39,e05,c3,p02,l1,0.00
i39,e05,c3,p02,l3,0.00
i39,e05,c3,p03,l3,0.00
i39,e05,c3,p12,l3,0.00
i39,e05,c3,p35,l1,0.00
i39,e05,c3,p35,l3,0.00
i39,e05,c5,p01,l1,0.00
i39,e05,c5,p01,l3,0.00
i39,e05,c5,p02,l1,0.00
i39,e05,c5,p02,l3,0.00
i39,e05,c5,p03,l1,0.00
i39,e05,c5,p03,l3,0.00
i39,e05,c5,p04,l1,0.00
i39,e05,c5,p04,l3,0.00
i39,e05,c5,p05,l1,0.00
i39,e05,c5,p05,l3,0.00
i39,e05,c5,p06,l1,0.00
i39,e05,c5,p06,l3,0.00
i39,e05,c5,p07,l1,0.00
i39,e05,c5,p07,l3,0.00
i39,e05,c5,p08,l1,0.00
i39,e05,c5,p08,l3,0.00
i39,e05,c5,p09,l1,0.00
i39,e05,c5,p09,l3,0.00
i39,e05,c5,p10,l1,0.00
i39,e05,c5,p10,l3,0.00
i39,e05,c5,p11,l1,0.00
i39,e05,c5,p11,l3,0.00
i39,e05,c5,p12,l1,0.00
i39,e05,c5,p12,l3,0.00
i39,e05,c5,p13,l1,0.00
i39,e05,c5,p13,l3,0.00
i39,e05,c5,p14,l1,0.00
i39,e05,c5,p14,l3,0.00
i39,e05,c5,p15,l1,0.00
i39,e05,c5,p15,l3,0.00
i39,e05,c5,p16,l1,0.00
i39,e05,c5,p16,l3,0.00
i39,e05,c5,p17,l1,0.00
i39,e05,c5,p17,l3,0.00
i39,e05,c5,p18,l1,0.00
i39,e05,c5,p18,l3,0.00
i39,e05,c5,p19,l1,0.00
i39,e05,c5,p19,l3,0.00
i39,e05,c5,p20,l1,0.00
i39,e05,c5,p20,l3,0.00
i39,e05,c5,p21,l1,0.00
i39,e05,c5,p21,l3,0.00
i39,e05,c5,p22,l1,0.00
i39,e05,c5,p22,l3,0.00
i39,e05,c5,p23,l1,0.00
i39,e05,c5,p23,l3,0.00
i39,e05,c5,p24,l1,0.00
i39,e05,c5,p24,l3,0.00
i39,e05,c5,p25,l1,0.00
i39,e05,c5,p25,l3,0.00
i39,e05,c5,p26,l1,0.00
i39,e05,c5,p26,l3,0.00
i39,e05,c5,p28,l1,0.00
i39,e05,c5,p28,l3,0.00
i39,e05,c5,p29,l1,0.00
i39,e05,c5,p29,l3,0.00
i39,e05,c5,p31,l1,0.00
i39,e05,c5,p31,l3,0.00
i39,e05,c5,p32,l3,0.00
i39,e05,c5,p35,l1,0.00
i39,e05,c5,p35,l3,0.00
i39,e09,c3,p01,l2,0.00
i39,e09,c3,p01,l3,0.00
i39,e09,c3,p02,l2,0.00
i39,e09,c3,p02,l3,0.00
i39,e09,c3,p03,l2,0.00
i39,e09,c3,p03,l3,0.00
i39,e09,c3,p04,l3,0.00
i39,e09,c3,p07,l2,0.00
i39,e09,c3,p07,l3,0.00
i39,e09,c3,p10,l2,0.00
i39,e09,c3,p10,l3,0.00
i39,e09,c3,p12,l2,0.00
i39,e09,c3,p12,l3,0.00
i39,e09,c3,p15,l3,0.00
i39,e09,c3,p17,l2,0.00
i39,e09,c3,p17,l3,0.00
i39,e09,c3,p19,l2,0.00
i39,e09,c3,p19,l3,0.00
i39,e09,c3,p20,l3,0.00
i39,e09,c3,p21,l2,0.00
i39,e09,c3,p21,l3,0.00
i39,e09,c3,p25,l2,0.00
i39,e09,c3,p25,l3,0.00
i39,e09,c3,p35,l2,0.00
i39,e09,c3,p35,l3,0.00
i39,e09,c5,p01,l2,0.00
i39,e09,c5,p01,l3,0.00
i39,e09,c5,p02,l2,0.00
i39,e09,c5,p02,l3,0.00
i39,e09,c5,p03,l2,0.00
i39,e09,c5,p03,l3,0.00
i39,e09,c5,p04,l2,0.00
i39,e09,c5,p04,l3,0.00
i39,e09,c5,p05,l2,0.00
i39,e09,c5,p05,l3,0.00
i39,e09,c5,p06,l2,0.00
i39,e09,c5,p06,l3,0.00
i39,e09,c5,p07,l2,0.00
i39,e09,c5,p07,l3,0.00
i39,e09,c5,p08,l2,0.00
i39,e09,c5,p08,l3,0.00
i39,e09,c5,p09,l2,0.00
i39,e09,c5,p09,l3,0.00
i39,e09,c5,p10,l2,0.00
i39,e09,c5,p10,l3,0.00
i39,e09,c5,p11,l2,0.00
i39,e09,c5,p11,l3,0.00
i39,e09,c5,p12,l2,0.00
i39,e09,c5,p12,l3,0.00
i39,e09,c5,p13,l2,0.00
i39,e09,c5,p13,l3,0.00
i39,e09,c5,p14,l2,0.00
i39,e09,c5,p14,l3,0.00
i39,e09,c5,p15,l2,0.00
i39,e09,c5,p15,l3,0.00
i39,e09,c5,p16,l2,0.00
i39,e09,c5,p16,l3,0.00
i39,e09,c5,p17,l2,0.00
i39,e09,c5,p17,l3,0.00
i39,e09,c5,p18,l2,0.00
i39,e09,c5,p18,l3,0.00
i39,e09,c5,p19,l2,0.00
i39,e09,c5,p19,l3,0.00
i39,e09,c5,p20,l2,0.00
i39,e09,c5,p20,l3,0.00
i39,e09,c5,p21,l2,0.00
i39,e09,c5,p21,l3,0.00
i39,e09,c5,p22,l2,0.00
i39,e09,c5,p22,l3,0.00
i39,e09,c5,p23,l2,0.00
i39,e09,c5,p23,l3,0.00
i39,e09,c5,p24,l2,0.00
i39,e09,c5,p24,l3,0.00
i39,e09,c5,p25,l2,0.00
i39,e09,c5,p25,l3,0.00
i39,e09,c5,p26,l2,0.00
i39,e09,c5,p26,l3,0.00
i39,e09,c5,p28,l2,0.00
i39,e09,c5,p28,l3,0.00
i39,e09,c5,p29,l2,0.00
i39,e09,c5,p29,l3,0.00
i39,e09,c5,p30,l2,0.00
i39,e09,c5,p30,l3,0.00
i39,e09,c5,p31,l2,0.00
i39,e09,c5,p31,l3,0.00
i39,e09,c5,p32,l2,0.00
i39,e09,c5,p32,l3,0.00
i39,e09,c5,p35,l2,0.00
i39,e09,c5,p35,l3,1.08
i40,e02,c5,p35,l3,0.00
i40,e05,c5,p35,l1,0.00
i40,e05,c5,p35,l3,0.00
i40,e13,c5,p35,l3,0.00
i41,e01,c1,p01,l3,1.33
i41,e01,c1,p02,l3,0.00
i41,e01,c1,p03,l3,0.00
i41,e01,c1,p04,l3,0.00
i41,e01,c1,p05,l3,0.00
i41,e01,c1,p06,l3,0.00
i41,e01,c1,p07,l3,0.00
i41,e01,c1,p08,l3,0.00
i41,e01,c1,p09,l3,0.00
i41,e01,c1,p10,l3,0.00
i41,e01,c1,p11,l3,0.00
i41,e01,c1,p12,l3,0.00
i41,e01,c1,p13,l3,0.00
i41,e01,c1,p14,l3,0.00
i41,e01,c1,p15,l3,0.00
i41,e01,c1,p16,l3,0.00
i41,e01,c1,p17,l3,0.00
i41,e01,c1,p18,l3,0.00
i41,e01,c1,p19,l3,0.00
i41,e01,c1,p20,l3,0.00
i41,e01,c1,p21,l3,0.00
i41,e01,c1,p22,l3,1.23
i41,e01,c1,p23,l3,0.00
i41,e01,c1,p24,l3,0.00
i41,e01,c1,p25,l3,0.00
i41,e01,c1,p26,l3,0.00
i41,e01,c1,p27,l3,0.00
i41,e01,c1,p28,l3,0.00
i41,e01,c1,p29,l3,0.00
i41,e01,c1,p30,l3,0.00
i41,e01,c1,p31,l3,0.00
i41,e01,c1,p32,l3,0.00
i41,e01,c1,p33,l3,0.00
i41,e01,c1,p34,l3,0.00
i41,e01,c1,p35,l3,0.00
i41,e01,c4,p01,l3,0.00
i41,e01,c4,p02,l3,0.00
i41,e01,c4,p04,l3,0.00
i41,e01,c4,p07,l3,0.00
i41,e01,c4,p10,l3,0.00
i41,e01,c4,p16,l3,0.00
i41,e01,c4,p19,l3,0.00
i41,e01,c4,p21,l3,0.00
i41,e01,c4,p22,l3,0.00
i41,e01,c4,p23,l3,0.00
i41,e01,c4,p28,l3,0.00
i41,e01,c4,p35,l3,0.00
i41,e01,c7,p10,l3,0.00
i41,e01,c7,p35,l3,0.00
i41,e04,c1,p01,l1,0.00
i41,e04,c1,p01,l3,0.00
i41,e04,c1,p02,l1,0.00
i41,e04,c1,p02,l3,0.00
i41,e04,c1,p03,l1,0.00
i41,e04,c1,p03,l3,0.00
i41,e04,c1,p04,l1,0.00
i41,e04,c1,p04,l3,0.00
i41,e04,c1,p05,l1,0.00
i41,e04,c1,p05,l3,0.00
i41,e04,c1,p06,l1,0.00
i41,e04,c1,p06,l3,0.00
i41,e04,c1,p07,l1,0.00
i41,e04,c1,p07,l3,0.00
i41,e04,c1,p08,l1,0.00
i41,e04,c1,p08,l3,0.00
i41,e04,c1,p09,l1,0.00
i41,e04,c1,p09,l3,0.00
i41,e04,c1,p10,l1,0.00
i41,e04,c1,p10,l3,0.00
i41,e04,c1,p11,l1,0.00
i41,e04,c1,p11,l3,0.00
i41,e04,c1,p12,l1,0.00
i41,e04,c1,p12,l3,0.00
i41,e04,c1,p13,l1,0.00
i41,e04,c1,p13,l3,0.00
i41,e04,c1,p14,l1,0.00
i41,e04,c1,p14,l3,0.00
i41,e04,c1,p15,l1,0.00
i41,e04,c1,p15,l3,0.00
i41,e04,c1,p16,l1,0.00
i41,e04,c1,p16,l3,0.00
i41,e04,c1,p17,l1,0.00
i41,e04,c1,p17,l3,0.00
i41,e04,c1,p18,l1,0.00
i41,e04,c1,p18,l3,0.00
i41,e04,c1,p19,l1,0.00
i41,e04,c1,p19,l3,0.00
i41,e04,c1,p20,l1,0.00
i41,e04,c1,p20,l3,0.00
i41,e04,c1,p21,l1,0.00
i41,e04,c1,p21,l3,0.00
i41,e04,c1,p22,l1,0.00
i41,e04,c1,p22,l3,0.00
i41,e04,c1,p23,l1,0.00
i41,e04,c1,p23,l3,0.00
i41,e04,c1,p24,l1,0.00
i41,e04,c1,p24,l3,0.00
i41,e04,c1,p25,l1,0.00
i41,e04,c1,p25,l3,0.00
i41,e04,c1,p26,l1,0.00
i41,e04,c1,p26,l3,0.00
i41,e04,c1,p28,l1,0.00
i41,e04,c1,p28,l3,0.00
i41,e04,c1,p29,l1,0.00
i41,e04,c1,p29,l3,0.00
i41,e04,c1,p30,l1,0.00
i41,e04,c1,p30,l3,0.00
i41,e04,c1,p31,l1,0.00
i41,e04,c1,p31,l3,0.00
i41,e04,c1,p32,l1,0.00
i41,e04,c1,p32,l3,0.00
i41,e04,c1,p33,l1,0.00
i41,e04,c1,p33,l3,0.00
i41,e04,c1,p34,l3,0.00
i41,e04,c1,p35,l1,0.00
i41,e04,c1,p35,l3,0.00
i41,e04,c4,p01,l3,0.00
i41,e04,c4,p02,l1,0.00
i41,e04,c4,p02,l3,0.00
i41,e04,c4,p04,l3,0.00
i41,e04,c4,p07,l3,0.00
i41,e04,c4,p10,l3,0.00
i41,e04,c4,p15,l3,0.00
i41,e04,c4,p16,l3,0.00
i41,e04,c4,p19,l3,0.00
i41,e04,c4,p21,l3,0.00
i41,e04,c4,p22,l3,0.00
i41,e04,c4,p23,l3,0.00
i41,e04,c4,p28,l3,0.00
i41,e04,c4,p35,l1,0.00
i41,e04,c4,p35,l3,0.00
i41,e04,c7,p35,l3,0.00
i41,e05,c1,p01,l1,0.00
i41,e05,c1,p01,l3,0.00
i41,e05,c1,p02,l1,0.00
i41,e05,c1,p02,l3,0.00
i41,e05,c1,p03,l1,0.00
i41,e05,c1,p03,l3,0.00
i41,e05,c1,p04,l1,0.00
i41,e05,c1,p04,l3,0.00
i41,e05,c1,p05,l1,0.00
i41,e05,c1,p05,l3,0.00
i41,e05,c1,p06,l1,0.00
i41,e05,c1,p06,l3,0.00
i41,e05,c1,p07,l1,0.00
i41,e05,c1,p07,l3,0.00
i41,e05,c1,p08,l1,0.00
i41,e05,c1,p08,l3,0.00
i41,e05,c1,p09,l1,0.00
i41,e05,c1,p09,l3,0.00
i41,e05,c1,p10,l1,0.00
i41,e05,c1,p10,l3,0.00
i41,e05,c1,p11,l1,0.00
i41,e05,c1,p11,l3,0.00
i41,e05,c1,p12,l1,0.00
i41,e05,c1,p12,l3,0.00
i41,e05,c1,p13,l1,0.00
i41,e05,c1,p13,l3,0.00
i41,e05,c1,p14,l1,0.00
i41,e05,c1,p14,l3,0.00
i41,e05,c1,p15,l1,0.00
i41,e05,c1,p15,l3,0.00
i41,e05,c1,p16,l1,0.00
i41,e05,c1,p16,l3,0.00
i41,e05,c1,p17,l1,0.00
i41,e05,c1,p17,l3,0.00
i41,e05,c1,p18,l1,0.00
i41,e05,c1,p18,l3,0.00
i41,e05,c1,p19,l1,0.00
i41,e05,c1,p19,l3,0.00
i41,e05,c1,p20,l1,0.00
i41,e05,c1,p20,l3,0.00
i41,e05,c1,p21,l1,0.00
i41,e05,c1,p21,l3,0.00
i41,e05,c1,p22,l1,0.00
i41,e05,c1,p22,l3,0.00
i41,e05,c1,p23,l1,0.00
i41,e05,c1,p23,l3,0.00
i41,e05,c1,p24,l1,0.00
i41,e05,c1,p24,l3,0.00
i41,e05,c1,p25,l1,0.00
i41,e05,c1,p25,l3,0.00
i41,e05,c1,p26,l1,0.00
i41,e05,c1,p26,l3,0.00
i41,e05,c1,p28,l1,0.00
i41,e05,c1,p28,l3,0.00
i41,e05,c1,p29,l1,0.00
i41,e05,c1,p29,l3,0.00
i41,e05,c1,p30,l3,0.00
i41,e05,c1,p31,l1,0.00
i41,e05,c1,p31,l3,0.00
i41,e05,c1,p32,l1,0.00
i41,e05,c1,p32,l3,0.00
i41,e05,c1,p35,l1,0.00
i41,e05,c1,p35,l3,0.00
i41,e05,c7,p35,l3,0.00
i41,e07,c1,p01,l2,0.00
i41,e07,c1,p01,l3,3.16
i41,e07,c1,p02,l2,0.00
i41,e07,c1,p02,l3,0.00
i41,e07,c1,p03,l2,0.00
i41,e07,c1,p03,l3,0.00
i41,e07,c1,p04,l2,0.00
i41,e07,c1,p04,l3,0.00
i41,e07,c1,p05,l2,0.00
i41,e07,c1,p05,l3,0.00
i41,e07,c1,p06,l2,0.00
i41,e07,c1,p06,l3,0.00
i41,e07,c1,p07,l2,0.00
i41,e07,c1,p07,l3,0.00
i41,e07,c1,p08,l2,0.00
i41,e07,c1,p08,l3,0.00
i41,e07,c1,p09,l2,0.00
i41,e07,c1,p09,l3,0.00
i41,e07,c1,p10,l2,0.00
i41,e07,c1,p10,l3,0.00
i41,e07,c1,p11,l2,0.00
i41,e07,c1,p11,l3,0.00
i41,e07,c1,p12,l2,0.00
i41,e07,c1,p12,l3,0.00
i41,e07,c1,p13,l2,0.00
i41,e07,c1,p13,l3,0.00
i41,e07,c1,p14,l2,0.00
i41,e07,c1,p14,l3,0.00
i41,e07,c1,p15,l2,0.00
i41,e07,c1,p15,l3,0.00
i41,e07,c1,p16,l2,0.00
i41,e07,c1,p16,l3,0.00
i41,e07,c1,p17,l2,0.00
i41,e07,c1,p17,l3,0.00
i41,e07,c1,p18,l2,0.00
i41,e07,c1,p18,l3,0.00
i41,e07,c1,p19,l2,0.00
i41,e07,c1,p19,l3,3.36
i41,e07,c1,p20,l2,0.00
i41,e07,c1,p20,l3,0.00
i41,e07,c1,p21,l2,0.00
i41,e07,c1,p21,l3,0.00
i41,e07,c1,p22,l2,0.00
i41,e07,c1,p22,l3,0.00
i41,e07,c1,p23,l2,0.00
i41,e07,c1,p23,l3,3.78
i41,e07,c1,p24,l2,0.00
i41,e07,c1,p24,l3,0.00
i41,e07,c1,p25,l2,0.00
i41,e07,c1,p25,l3,0.00
i41,e07,c1,p26,l2,0.00
i41,e07,c1,p26,l3,0.00
i41,e07,c1,p27,l3,0.00
i41,e07,c1,p28,l2,0.00
i41,e07,c1,p28,l3,0.00
i41,e07,c1,p29,l2,0.00
i41,e07,c1,p29,l3,0.00
i41,e07,c1,p30,l3,0.00
i41,e07,c1,p31,l2,0.00
i41,e07,c1,p31,l3,0.00
i41,e07,c1,p32,l2,0.00
i41,e07,c1,p32,l3,0.00
i41,e07,c1,p33,l3,0.00
i41,e07,c1,p34,l3,0.00
i41,e07,c1,p35,l2,0.00
i41,e07,c1,p35,l3,1.40
i41,e07,c4,p01,l3,0.00
i41,e07,c4,p02,l3,0.00
i41,e07,c4,p04,l3,0.00
i41,e07,c4,p05,l3,0.00
i41,e07,c4,p10,l3,0.00
i41,e07,c4,p15,l3,0.00
i41,e07,c4,p16,l3,0.00
i41,e07,c4,p19,l2,0.00
i41,e07,c4,p19,l3,0.00
i41,e07,c4,p21,l3,0.00
i41,e07,c4,p22,l3,0.00
i41,e07,c4,p35,l3,0.00
i41,e07,c7,p35,l3,0.00
i41,e08,c1,p01,l2,0.00
i41,e08,c1,p01,l3,0.00
i41,e08,c1,p02,l2,0.00
i41,e08,c1,p02,l3,0.00
i41,e08,c1,p03,l2,0.00
i41,e08,c1,p03,l3,0.00
i41,e08,c1,p04,l2,0.00
i41,e08,c1,p04,l3,0.00
i41,e08,c1,p05,l2,0.00
i41,e08,c1,p05,l3,0.00
i41,e08,c1,p06,l2,0.00
i41,e08,c1,p06,l3,0.00
i41,e08,c1,p07,l2,0.00
i41,e08,c1,p07,l3,0.00
i41,e08,c1,p08,l2,0.00
i41,e08,c1,p08,l3,0.00
i41,e08,c1,p09,l2,0.00
i41,e08,c1,p09,l3,0.00
i41,e08,c1,p10,l2,0.00
i41,e08,c1,p10,l3,0.00
i41,e08,c1,p11,l2,0.00
i41,e08,c1,p11,l3,0.00
i41,e08,c1,p12,l2,0.00
i41,e08,c1,p12,l3,0.00
i41,e08,c1,p13,l2,0.00
i41,e08,c1,p13,l3,0.00
i41,e08,c1,p14,l2,0.00
i41,e08,c1,p14,l3,0.00
i41,e08,c1,p15,l2,0.00
i41,e08,c1,p15,l3,0.00
i41,e08,c1,p16,l2,0.00
i41,e08,c1,p16,l3,0.00
i41,e08,c1,p17,l2,0.00
i41,e08,c1,p17,l3,0.00
i41,e08,c1,p18,l2,0.00
i41,e08,c1,p18,l3,0.00
i41,e08,c1,p19,l2,0.00
i41,e08,c1,p19,l3,0.00
i41,e08,c1,p20,l2,0.00
i41,e08,c1,p20,l3,0.00
i41,e08,c1,p21,l2,0.00
i41,e08,c1,p21,l3,0.00
i41,e08,c1,p22,l2,0.00
i41,e08,c1,p22,l3,0.00
i41,e08,c1,p23,l2,0.00
i41,e08,c1,p23,l3,0.00
i41,e08,c1,p24,l2,0.00
i41,e08,c1,p24,l3,0.00
i41,e08,c1,p25,l2,0.00
i41,e08,c1,p25,l3,0.00
i41,e08,c1,p26,l2,0.00
i41,e08,c1,p26,l3,0.00
i41,e08,c1,p28,l2,0.00
i41,e08,c1,p28,l3,0.00
i41,e08,c1,p29,l2,0.00
i41,e08,c1,p29,l3,0.00
i41,e08,c1,p30,l2,0.00
i41,e08,c1,p30,l3,0.00
i41,e08,c1,p31,l2,0.00
i41,e08,c1,p31,l3,0.00
i41,e08,c1,p32,l2,0.00
i41,e08,c1,p32,l3,0.00
i41,e08,c1,p33,l3,0.00
i41,e08,c1,p34,l3,0.00
i41,e08,c1,p35,l2,0.00
i41,e08,c1,p35,l3,0.00
i41,e08,c4,p01,l3,0.00
i41,e08,c4,p02,l3,0.00
i41,e08,c4,p04,l3,0.00
i41,e08,c4,p07,l3,0.00
i41,e08,c4,p10,l3,0.00
i41,e08,c4,p19,l3,0.00
i41,e08,c4,p21,l2,0.00
i41,e08,c4,p21,l3,0.00
i41,e08,c4,p22,l3,0.00
i41,e08,c4,p23,l2,0.00
i41,e08,c4,p23,l3,0.00
i41,e08,c4,p28,l3,0.00
i41,e08,c4,p35,l2,0.00
i41,e08,c4,p35,l3,0.00
i41,e08,c7,p35,l3,0.00
i41,e09,c1,p01,l2,0.00
i41,e09,c1,p01,l3,0.00
i41,e09,c1,p02,l2,0.00
i41,e09,c1,p02,l3,0.00
i41,e09,c1,p03,l2,0.00
i41,e09,c1,p03,l3,0.00
i41,e09,c1,p04,l2,0.00
i41,e09,c1,p04,l3,0.00
i41,e09,c1,p05,l2,0.00
i41,e09,c1,p05,l3,0.00
i41,e09,c1,p06,l2,0.00
i41,e09,c1,p06,l3,0.00
i41,e09,c1,p07,l2,0.00
i41,e09,c1,p07,l3,0.00
i41,e09,c1,p08,l2,0.00
i41,e09,c1,p08,l3,0.00
i41,e09,c1,p09,l2,0.00
i41,e09,c1,p09,l3,0.00
i41,e09,c1,p10,l2,0.00
i41,e09,c1,p10,l3,0.00
i41,e09,c1,p11,l2,0.00
i41,e09,c1,p11,l3,0.00
i41,e09,c1,p12,l2,0.00
i41,e09,c1,p12,l3,0.00
i41,e09,c1,p13,l2,0.00
i41,e09,c1,p13,l3,0.00
i41,e09,c1,p14,l2,0.00
i41,e09,c1,p14,l3,0.00
i41,e09,c1,p15,l2,0.00
i41,e09,c1,p15,l3,0.00
i41,e09,c1,p16,l2,0.00
i41,e09,c1,p16,l3,0.00
i41,e09,c1,p17,l2,0.00
i41,e09,c1,p17,l3,0.00
i41,e09,c1,p18,l2,0.00
i41,e09,c1,p18,l3,0.00
i41,e09,c1,p19,l2,0.00
i41,e09,c1,p19,l3,0.00
i41,e09,c1,p20,l2,0.00
i41,e09,c1,p20,l3,0.00
i41,e09,c1,p21,l2,0.00
i41,e09,c1,p21,l3,0.00
i41,e09,c1,p22,l2,0.00
i41,e09,c1,p22,l3,0.00
i41,e09,c1,p23,l2,0.00
i41,e09,c1,p23,l3,0.00
i41,e09,c1,p24,l2,0.00
i41,e09,c1,p24,l3,0.00
i41,e09,c1,p25,l2,0.00
i41,e09,c1,p25,l3,0.00
i41,e09,c1,p26,l2,0.00
i41,e09,c1,p26,l3,0.00
i41,e09,c1,p27,l3,0.00
i41,e09,c1,p28,l2,0.00
i41,e09,c1,p28,l3,0.00
i41,e09,c1,p29,l2,0.00
i41,e09,c1,p29,l3,0.00
i41,e09,c1,p30,l2,0.00
i41,e09,c1,p30,l3,0.00
i41,e09,c1,p31,l2,0.00
i41,e09,c1,p31,l3,0.00
i41,e09,c1,p32,l2,0.00
i41,e09,c1,p32,l3,0.00
i41,e09,c1,p33,l2,0.00
i41,e09,c1,p33,l3,0.00
i41,e09,c1,p34,l3,0.00
i41,e09,c1,p35,l2,0.00
i41,e09,c1,p35,l3,0.00
i41,e09,c4,p01,l3,0.00
i41,e09,c4,p02,l2,0.00
i41,e09,c4,p02,l3,0.00
i41,e09,c4,p03,l3,0.00
i41,e09,c4,p04,l3,0.00
i41,e09,c4,p07,l3,0.00
i41,e09,c4,p10,l3,0.00
i41,e09,c4,p15,l3,0.00
i41,e09,c4,p16,l3,0.00
i41,e09,c4,p19,l2,0.00
i41,e09,c4,p19,l3,0.00
i41,e09,c4,p21,l3,0.00
i41,e09,c4,p22,l3,0.00
i41,e09,c4,p23,l3,0.00
i41,e09,c4,p28,l3,0.00
i41,e09,c4,p35,l2,0.00
i41,e09,c4,p35,l3,0.00
i41,e09,c7,p35,l3,0.00
i41,e11,c1,p01,l2,0.00
i41,e11,c1,p01,l3,0.00
i41,e11,c1,p02,l2,0.00
i41,e11,c1,p02,l3,0.00
i41,e11,c1,p03,l2,0.00
i41,e11,c1,p03,l3,0.00
i41,e11,c1,p04,l2,0.00
i41,e11,c1,p04,l3,0.00
i41,e11,c1,p05,l2,0.00
i41,e11,c1,p05,l3,0.00
i41,e11,c1,p06,l2,0.00
i41,e11,c1,p06,l3,0.00
i41,e11,c1,p07,l2,0.00
i41,e11,c1,p07,l3,0.00
i41,e11,c1,p08,l2,0.00
i41,e11,c1,p08,l3,0.00
i41,e11,c1,p09,l2,0.00
i41,e11,c1,p09,l3,0.00
i41,e11,c1,p10,l2,0.00
i41,e11,c1,p10,l3,0.00
i41,e11,c1,p11,l2,0.00
i41,e11,c1,p11,l3,0.00
i41,e11,c1,p12,l2,0.00
i41,e11,c1,p12,l3,0.00
i41,e11,c1,p13,l2,0.00
i41,e11,c1,p13,l3,0.00
i41,e11,c1,p14,l2,0.00
i41,e11,c1,p14,l3,0.00
i41,e11,c1,p15,l2,0.00
i41,e11,c1,p15,l3,0.00
i41,e11,c1,p16,l2,0.00
i41,e11,c1,p16,l3,0.00
i41,e11,c1,p17,l2,0.00
i41,e11,c1,p17,l3,0.00
i41,e11,c1,p18,l2,0.00
i41,e11,c1,p18,l3,0.00
i41,e11,c1,p19,l2,0.00
i41,e11,c1,p19,l3,0.00
i41,e11,c1,p20,l2,0.00
i41,e11,c1,p20,l3,0.00
i41,e11,c1,p21,l2,0.00
i41,e11,c1,p21,l3,0.00
i41,e11,c1,p22,l2,0.00
i41,e11,c1,p22,l3,0.00
i41,e11,c1,p23,l2,0.00
i41,e11,c1,p23,l3,0.00
i41,e11,c1,p24,l2,0.00
i41,e11,c1,p24,l3,0.00
i41,e11,c1,p25,l2,0.00
i41,e11,c1,p25,l3,0.00
i41,e11,c1,p26,l2,0.00
i41,e11,c1,p26,l3,0.00
i41,e11,c1,p27,l3,0.00
i41,e11,c1,p28,l2,0.00
i41,e11,c1,p28,l3,0.00
i41,e11,c1,p29,l2,0.00
i41,e11,c1,p29,l3,0.00
i41,e11,c1,p30,l3,0.00
i41,e11,c1,p31,l2,0.00
i41,e11,c1,p31,l3,0.00
i41,e11,c1,p32,l2,0.00
i41,e11,c1,p32,l3,0.00
i41,e11,c1,p33,l2,0.00
i41,e11,c1,p33,l3,0.00
i41,e11,c1,p35,l2,0.00
i41,e11,c1,p35,l3,0.00
i41,e11,c4,p01,l3,0.00
i41,e11,c4,p02,l2,0.00
i41,e11,c4,p02,l3,0.00
i41,e11,c4,p10,l2,0.00
i41,e11,c4,p10,l3,0.00
i41,e11,c4,p19,l2,0.00
i41,e11,c4,p19,l3,0.00
i41,e11,c4,p21,l3,0.00
i41,e11,c4,p23,l3,0.00
i41,e11,c4,p35,l2,0.00
i41,e11,c4,p35,l3,0.00
i41,e11,c7,p35,l3,0.00
i41,e12,c1,p01,l3,0.00
i41,e12,c1,p02,l3,0.00
i41,e12,c1,p03,l3,0.00
i41,e12,c1,p04,l3,0.00
i41,e12,c1,p05,l3,0.00
i41,e12,c1,p06,l3,0.00
i41,e12,c1,p07,l3,0.00
i41,e12,c1,p08,l3,0.00
i41,e12,c1,p09,l3,0.00
i41,e12,c1,p10,l3,0.00
i41,e12,c1,p11,l3,0.00
i41,e12,c1,p12,l3,0.00
i41,e12,c1,p13,l3,0.00
i41,e12,c1,p14,l3,0.00
i41,e12,c1,p15,l3,0.00
i41,e12,c1,p16,l3,0.00
i41,e12,c1,p17,l3,0.00
i41,e12,c1,p18,l3,0.00
i41,e12,c1,p19,l3,0.00
i41,e12,c1,p20,l3,0.00
i41,e12,c1,p21,l3,0.00
i41,e12,c1,p22,l3,0.00
i41,e12,c1,p23,l3,0.00
i41,e12,c1,p24,l3,0.00
i41,e12,c1,p25,l3,0.00
i41,e12,c1,p26,l3,0.00
i41,e12,c1,p28,l3,0.00
i41,e12,c1,p29,l3,0.00
i41,e12,c1,p31,l3,0.00
i41,e12,c1,p32,l3,0.00
i41,e12,c1,p35,l3,0.00
i41,e12,c4,p01,l3,0.00
i41,e12,c4,p10,l3,0.00
i41,e12,c4,p16,l3,0.00
i41,e12,c4,p35,l3,0.00
i41,e13,c1,p01,l3,0.00
i41,e13,c1,p02,l3,0.00
i41,e13,c1,p03,l3,0.00
i41,e13,c1,p04,l3,0.00
i41,e13,c1,p05,l3,0.00
i41,e13,c1,p06,l3,0.00
i41,e13,c1,p07,l3,0.00
i41,e13,c1,p08,l3,0.00
i41,e13,c1,p09,l3,0.00
i41,e13,c1,p10,l3,0.00
i41,e13,c1,p11,l3,0.00
i41,e13,c1,p12,l3,0.00
i41,e13,c1,p13,l3,0.00
i41,e13,c1,p14,l3,0.00
i41,e13,c1,p15,l3,0.00
i41,e13,c1,p16,l3,0.00
i41,e13,c1,p17,l3,0.00
i41,e13,c1,p18,l3,0.00
i41,e13,c1,p19,l3,0.00
i41,e13,c1,p20,l3,0.00
i41,e13,c1,p21,l3,0.00
i41,e13,c1,p22,l3,0.00
i41,e13,c1,p23,l3,0.00
i41,e13,c1,p24,l3,0.00
i41,e13,c1,p25,l3,0.00
i41,e13,c1,p26,l3,0.00
i41,e13,c1,p28,l3,0.00
i41,e13,c1,p29,l3,0.00
i41,e13,c1,p30,l3,0.00
i41,e13,c1,p31,l3,0.00
i41,e13,c1,p32,l3,0.00
i41,e13,c1,p33,l3,0.00
i41,e13,c1,p34,l3,0.00
i41,e13,c1,p35,l3,0.00
i41,e13,c4,p01,l3,0.00
i41,e13,c4,p02,l3,0.00
i41,e13,c4,p19,l3,0.00
i41,e13,c4,p35,l3,0.00
i41,e13,c7,p35,l3,0.00
i42,e01,c3,p01,l3,0.00
i42,e01,c3,p04,l3,0.00
i42,e01,c3,p11,l3,0.00
i42,e01,c3,p19,l3,0.00
i42,e01,c5,p01,l3,0.00
i42,e01,c5,p02,l3,0.00
i42,e01,c5,p03,l3,0.00
i42,e01,c5,p04,l3,0.00
i42,e01,c5,p05,l3,0.00
i42,e01,c5,p06,l3,0.00
i42,e01,c5,p07,l3,0.00
i42,e01,c5,p08,l3,0.00
i42,e01,c5,p09,l3,0.00
i42,e01,c5,p10,l3,0.00
i42,e01,c5,p11,l3,0.00
i42,e01,c5,p13,l3,0.00
i42,e01,c5,p14,l3,0.00
i42,e01,c5,p15,l3,0.00
i42,e01,c5,p16,l3,0.00
i42,e01,c5,p17,l3,0.00
i42,e01,c5,p18,l3,0.00
i42,e01,c5,p19,l3,0.00
i42,e01,c5,p20,l3,0.00
i42,e01,c5,p21,l3,0.00
i42,e01,c5,p23,l3,0.00
i42,e01,c5,p24,l3,0.00
i42,e01,c5,p25,l3,0.00
i42,e01,c5,p26,l3,0.00
i42,e01,c5,p28,l3,0.00
i42,e01,c5,p29,l3,0.00
i42,e01,c5,p31,l3,0.00
i42,e01,c5,p32,l3,0.00
i42,e01,c5,p35,l3,0.00
i42,e02,c3,p01,l1,0.00
i42,e02,c3,p01,l3,0.00
i42,e02,c3,p02,l1,0.00
i42,e02,c3,p02,l3,0.00
i42,e02,c3,p03,l1,0.00
i42,e02,c3,p03,l3,0.00
i42,e02,c3,p04,l1,0.00
i42,e02,c3,p04,l3,0.00
i42,e02,c3,p05,l1,0.00
i42,e02,c3,p05,l3,0.00
i42,e02,c3,p06,l1,0.00
i42,e02,c3,p06,l3,0.00
i42,e02,c3,p07,l1,0.00
i42,e02,c3,p07,l3,0.00
i42,e02,c3,p08,l1,0.00
i42,e02,c3,p08,l3,0.00
i42,e02,c3,p09,l1,0.00
i42,e02,c3,p09,l3,0.00
i42,e02,c3,p10,l1,0.00
i42,e02,c3,p10,l3,0.00
i42,e02,c3,p11,l1,0.00
i42,e02,c3,p11,l3,0.00
i42,e02,c3,p12,l1,0.00
i42,e02,c3,p12,l3,0.00
i42,e02,c3,p13,l1,0.00
i42,e02,c3,p13,l3,0.00
i42,e02,c3,p14,l1,0.00
i42,e02,c3,p14,l3,0.00
i42,e02,c3,p15,l1,0.00
i42,e02,c3,p15,l3,0.00
i42,e02,c3,p16,l1,0.00
i42,e02,c3,p16,l3,0.00
i42,e02,c3,p17,l1,0.00
i42,e02,c3,p17,l3,0.00
i42,e02,c3,p18,l1,0.00
i42,e02,c3,p18,l3,0.00
i42,e02,c3,p19,l1,0.00
i42,e02,c3,p19,l3,0.00
i42,e02,c3,p20,l1,0.00
i42,e02,c3,p20,l3,0.00
i42,e02,c3,p21,l1,0.00
i42,e02,c3,p21,l3,0.00
i42,e02,c3,p22,l1,0.00
i42,e02,c3,p22,l3,0.00
i42,e02,c3,p23,l1,0.00
i42,e02,c3,p23,l3,0.00
i42,e02,c3,p24,l1,0.00
i42,e02,c3,p24,l3,0.00
i42,e02,c3,p25,l1,0.00
i42,e02,c3,p25,l3,0.00
i42,e02,c3,p26,l1,0.00
i42,e02,c3,p26,l3,0.00
i42,e02,c3,p27,l3,0.00
i42,e02,c3,p28,l1,0.00
i42,e02,c3,p28,l3,0.00
i42,e02,c3,p29,l1,0.00
i42,e02,c3,p29,l3,0.00
i42,e02,c3,p30,l1,0.00
i42,e02,c3,p30,l3,0.00
i42,e02,c3,p31,l1,0.00
i42,e02,c3,p31,l3,0.00
i42,e02,c3,p32,l1,0.00
i42,e02,c3,p32,l3,0.00
i42,e02,c3,p33,l1,0.00
i42,e02,c3,p33,l3,0.00
i42,e02,c3,p35,l1,0.00
i42,e02,c3,p35,l3,0.00
i42,e02,c5,p01,l1,0.00
i42,e02,c5,p01,l3,0.00
i42,e02,c5,p02,l1,0.00
i42,e02,c5,p02,l3,0.00
i42,e02,c5,p03,l1,0.00
i42,e02,c5,p03,l3,0.00
i42,e02,c5,p04,l1,0.00
i42,e02,c5,p04,l3,0.00
i42,e02,c5,p05,l1,0.00
i42,e02,c5,p05,l3,0.00
i42,e02,c5,p06,l1,0.00
i42,e02,c5,p06,l3,0.00
i42,e02,c5,p07,l1,0.00
i42,e02,c5,p07,l3,0.00
i42,e02,c5,p08,l1,0.00
i42,e02,c5,p08,l3,0.00
i42,e02,c5,p09,l1,0.00
i42,e02,c5,p09,l3,0.00
i42,e02,c5,p10,l1,0.00
i42,e02,c5,p10,l3,1.41
i42,e02,c5,p11,l1,0.00
i42,e02,c5,p11,l3,0.00
i42,e02,c5,p12,l1,0.00
i42,e02,c5,p12,l3,0.00
i42,e02,c5,p13,l1,0.00
i42,e02,c5,p13,l3,1.38
i42,e02,c5,p14,l1,0.00
i42,e02,c5,p14,l3,0.00
i42,e02,c5,p15,l1,0.00
i42,e02,c5,p15,l3,0.00
i42,e02,c5,p16,l1,0.00
i42,e02,c5,p16,l3,0.00
i42,e02,c5,p17,l1,0.00
i42,e02,c5,p17,l3,0.00
i42,e02,c5,p18,l1,0.00
i42,e02,c5,p18,l3,0.00
i42,e02,c5,p19,l1,0.00
i42,e02,c5,p19,l3,1.57
i42,e02,c5,p20,l1,0.00
i42,e02,c5,p20,l3,0.00
i42,e02,c5,p21,l1,0.00
i42,e02,c5,p21,l3,0.00
i42,e02,c5,p22,l1,0.00
i42,e02,c5,p22,l3,0.00
i42,e02,c5,p23,l1,0.00
i42,e02,c5,p23,l3,0.00
i42,e02,c5,p24,l1,0.00
i42,e02,c5,p24,l3,0.00
i42,e02,c5,p25,l1,0.00
i42,e02,c5,p25,l3,0.00
i42,e02,c5,p26,l1,0.00
i42,e02,c5,p26,l3,0.00
i42,e02,c5,p27,l1,0.00
i42,e02,c5,p27,l3,0.00
i42,e02,c5,p28,l1,0.00
i42,e02,c5,p28,l3,0.00
i42,e02,c5,p29,l1,0.00
i42,e02,c5,p29,l3,0.00
i42,e02,c5,p30,l1,0.00
i42,e02,c5,p30,l3,0.00
i42,e02,c5,p31,l1,0.00
i42,e02,c5,p31,l3,0.00
i42,e02,c5,p32,l1,0.00
i42,e02,c5,p32,l3,0.00
i42,e02,c5,p33,l1,0.00
i42,e02,c5,p33,l3,0.00
i42,e02,c5,p35,l1,0.00
i42,e02,c5,p35,l3,0.00
i42,e04,c3,p01,l1,0.00
i42,e04,c3,p09,l3,0.00
i42,e04,c3,p11,l3,0.00
i42,e04,c3,p14,l3,0.00
i42,e04,c3,p15,l3,0.00
i42,e04,c3,p16,l3,0.00
i42,e04,c3,p17,l1,0.00
i42,e04,c3,p19,l3,0.00
i42,e04,c3,p21,l3,0.00
i42,e04,c5,p01,l1,0.00
i42,e04,c5,p01,l3,0.00
i42,e04,c5,p02,l3,0.00
i42,e04,c5,p03,l3,0.00
i42,e04,c5,p04,l1,0.00
i42,e04,c5,p04,l3,0.00
i42,e04,c5,p05,l3,0.00
i42,e04,c5,p06,l1,0.00
i42,e04,c5,p06,l3,0.00
i42,e04,c5,p07,l3,0.00
i42,e04,c5,p08,l3,0.00
i42,e04,c5,p09,l1,0.00
i42,e04,c5,p09,l3,0.00
i42,e04,c5,p10,l1,0.00
i42,e04,c5,p10,l3,0.00
i42,e04,c5,p11,l3,0.00
i42,e04,c5,p12,l3,0.00
i42,e04,c5,p13,l3,0.00
i42,e04,c5,p14,l3,0.00
i42,e04,c5,p15,l1,0.00
i42,e04,c5,p15,l3,0.00
i42,e04,c5,p16,l1,0.00
i42,e04,c5,p16,l3,0.00
i42,e04,c5,p17,l3,0.00
i42,e04,c5,p18,l1,0.00
i42,e04,c5,p18,l3,0.00
i42,e04,c5,p19,l1,0.00
i42,e04,c5,p19,l3,0.00
i42,e04,c5,p20,l3,0.00
i42,e04,c5,p21,l1,0.00
i42,e04,c5,p21,l3,0.00
i42,e04,c5,p22,l3,0.00
i42,e04,c5,p23,l3,0.00
i42,e04,c5,p24,l3,0.00
i42,e04,c5,p25,l3,0.00
i42,e04,c5,p26,l1,0.00
i42,e04,c5,p26,l3,0.00
i42,e04,c5,p28,l1,0.00
i42,e04,c5,p28,l3,0.00
i42,e04,c5,p29,l1,0.00
i42,e04,c5,p29,l3,0.00
i42,e04,c5,p31,l1,0.00
i42,e04,c5,p31,l3,0.00
i42,e04,c5,p32,l3,0.00
i42,e04,c5,p35,l1,0.00
i42,e04,c5,p35,l3,0.00
i42,e05,c3,p01,l1,0.00
i42,e05,c3,p01,l3,0.00
i42,e05,c3,p02,l1,0.00
i42,e05,c3,p02,l3,0.00
i42,e05,c3,p03,l1,0.00
i42,e05,c3,p03,l3,0.00
i42,e05,c3,p04,l1,0.00
i42,e05,c3,p04,l3,0.00
i42,e05,c3,p05,l1,0.00
i42,e05,c3,p05,l3,0.00
i42,e05,c3,p06,l1,0.00
i42,e05,c3,p06,l3,0.00
i42,e05,c3,p07,l1,0.00
i42,e05,c3,p07,l3,0.00
i42,e05,c3,p08,l1,0.00
i42,e05,c3,p08,l3,0.00
i42,e05,c3,p09,l1,0.00
i42,e05,c3,p09,l3,0.00
i42,e05,c3,p10,l1,0.00
i42,e05,c3,p10,l3,0.00
i42,e05,c3,p11,l1,0.00
i42,e05,c3,p11,l3,0.00
i42,e05,c3,p12,l1,0.00
i42,e05,c3,p12,l3,0.00
i42,e05,c3,p13,l1,0.00
i42,e05,c3,p13,l3,0.00
i42,e05,c3,p14,l1,0.00
i42,e05,c3,p14,l3,0.00
i42,e05,c3,p15,l1,0.00
i42,e05,c3,p15,l3,0.00
i42,e05,c3,p16,l1,0.00
i42,e05,c3,p16,l3,0.00
i42,e05,c3,p17,l1,0.00
i42,e05,c3,p17,l3,0.00
i42,e05,c3,p18,l1,0.00
i42,e05,c3,p18,l3,0.00
i42,e05,c3,p19,l1,0.00
i42,e05,c3,p19,l3,0.00
i42,e05,c3,p20,l1,0.00
i42,e05,c3,p20,l3,0.00
i42,e05,c3,p21,l1,0.00
i42,e05,c3,p21,l3,0.00
i42,e05,c3,p22,l1,0.00
i42,e05,c3,p22,l3,0.00
i42,e05,c3,p23,l1,0.00
i42,e05,c3,p23,l3,0.00
i42,e05,c3,p24,l1,0.00
i42,e05,c3,p24,l3,0.00
i42,e05,c3,p25,l1,0.00
i42,e05,c3,p25,l3,0.00
i42,e05,c3,p26,l1,0.00
i42,e05,c3,p26,l3,0.00
i42,e05,c3,p27,l1,0.00
i42,e05,c3,p27,l3,0.00
i42,e05,c3,p28,l1,0.00
i42,e05,c3,p28,l3,0.00
i42,e05,c3,p29,l1,0.00
i42,e05,c3,p29,l3,0.00
i42,e05,c3,p30,l1,0.00
i42,e05,c3,p30,l3,0.00
i42,e05,c3,p31,l1,0.00
i42,e05,c3,p31,l3,0.00
i42,e05,c3,p32,l1,0.00
i42,e05,c3,p32,l3,0.00
i42,e05,c3,p33,l1,0.00
i42,e05,c3,p33,l3,0.00
i42,e05,c3,p35,l1,0.00
i42,e05,c3,p35,l3,0.00
i42,e05,c5,p01,l1,0.00
i42,e05,c5,p01,l3,0.00
i42,e05,c5,p02,l1,0.00
i42,e05,c5,p02,l3,0.00
i42,e05,c5,p03,l1,0.00
i42,e05,c5,p03,l3,0.00
i42,e05,c5,p04,l1,0.00
i42,e05,c5,p04,l3,0.00
i42,e05,c5,p05,l1,0.00
i42,e05,c5,p05,l3,0.00
i42,e05,c5,p06,l1,0.00
i42,e05,c5,p06,l3,0.00
i42,e05,c5,p07,l1,0.00
i42,e05,c5,p07,l3,0.00
i42,e05,c5,p08,l1,0.00
i42,e05,c5,p08,l3,0.00
i42,e05,c5,p09,l1,0.00
i42,e05,c5,p09,l3,0.00
i42,e05,c5,p10,l1,0.00
i42,e05,c5,p10,l3,1.21
i42,e05,c5,p11,l1,0.00
i42,e05,c5,p11,l3,0.00
i42,e05,c5,p12,l1,0.00
i42,e05,c5,p12,l3,3.06
i42,e05,c5,p13,l1,0.00
i42,e05,c5,p13,l3,0.00
i42,e05,c5,p14,l1,0.00
i42,e05,c5,p14,l3,0.00
i42,e05,c5,p15,l1,0.00
i42,e05,c5,p15,l3,5.16
i42,e05,c5,p16,l1,0.00
i42,e05,c5,p16,l3,0.00
i42,e05,c5,p17,l1,0.00
i42,e05,c5,p17,l3,3.18
i42,e05,c5,p18,l1,0.00
i42,e05,c5,p18,l3,1.03
i42,e05,c5,p19,l1,0.00
i42,e05,c5,p19,l3,2.35
i42,e05,c5,p20,l1,0.00
i42,e05,c5,p20,l3,0.00
i42,e05,c5,p21,l1,0.00
i42,e05,c5,p21,l3,0.00
i42,e05,c5,p22,l1,0.00
i42,e05,c5,p22,l3,1.10
i42,e05,c5,p23,l1,0.00
i42,e05,c5,p23,l3,3.51
i42,e05,c5,p24,l1,0.00
i42,e05,c5,p24,l3,0.00
i42,e05,c5,p25,l1,0.00
i42,e05,c5,p25,l3,0.00
i42,e05,c5,p26,l1,0.00
i42,e05,c5,p26,l3,0.00
i42,e05,c5,p27,l1,0.00
i42,e05,c5,p27,l3,0.00
i42,e05,c5,p28,l1,0.00
i42,e05,c5,p28,l3,2.26
i42,e05,c5,p29,l1,0.00
i42,e05,c5,p29,l3,0.00
i42,e05,c5,p30,l1,0.00
i42,e05,c5,p30,l3,0.00
i42,e05,c5,p31,l1,0.00
i42,e05,c5,p31,l3,0.00
i42,e05,c5,p32,l1,0.00
i42,e05,c5,p32,l3,0.00
i42,e05,c5,p33,l1,0.00
i42,e05,c5,p33,l3,0.00
i42,e05,c5,p35,l1,0.00
i42,e05,c5,p35,l3,8.60
i42,e05,c8,p10,l3,0.00
i42,e05,c8,p11,l3,0.00
i42,e05,c8,p15,l3,0.00
i42,e05,c8,p21,l3,0.00
i42,e05,c8,p22,l3,0.00
i42,e05,c8,p32,l3,0.00
i42,e05,c8,p35,l3,0.00
i42,e07,c5,p07,l2,0.00
i42,e07,c5,p07,l3,0.00
i42,e07,c5,p18,l2,0.00
i42,e08,c3,p09,l3,0.00
i42,e08,c3,p19,l3,0.00
i42,e08,c5,p01,l2,0.00
i42,e08,c5,p01,l3,0.00
i42,e08,c5,p02,l3,0.00
i42,e08,c5,p03,l2,0.00
i42,e08,c5,p03,l3,0.00
i42,e08,c5,p04,l2,0.00
i42,e08,c5,p04,l3,0.00
i42,e08,c5,p05,l2,0.00
i42,e08,c5,p05,l3,0.00
i42,e08,c5,p06,l3,0.00
i42,e08,c5,p07,l2,0.00
i42,e08,c5,p07,l3,0.00
i42,e08,c5,p08,l3,0.00
i42,e08,c5,p09,l3,0.00
i42,e08,c5,p10,l2,0.00
i42,e08,c5,p10,l3,0.00
i42,e08,c5,p11,l2,0.00
i42,e08,c5,p11,l3,0.00
i42,e08,c5,p12,l3,0.00
i42,e08,c5,p13,l2,0.00
i42,e08,c5,p13,l3,0.00
i42,e08,c5,p14,l2,0.00
i42,e08,c5,p14,l3,0.00
i42,e08,c5,p15,l3,0.00
i42,e08,c5,p16,l2,0.00
i42,e08,c5,p16,l3,0.00
i42,e08,c5,p17,l3,0.00
i42,e08,c5,p18,l3,0.00
i42,e08,c5,p19,l2,0.00
i42,e08,c5,p19,l3,0.00
i42,e08,c5,p20,l3,0.00
i42,e08,c5,p21,l2,0.00
i42,e08,c5,p21,l3,0.00
i42,e08,c5,p22,l3,0.00
i42,e08,c5,p23,l2,0.00
i42,e08,c5,p23,l3,0.00
i42,e08,c5,p24,l3,0.00
i42,e08,c5,p25,l3,0.00
i42,e08,c5,p26,l3,0.00
i42,e08,c5,p28,l2,0.00
i42,e08,c5,p28,l3,0.00
i42,e08,c5,p29,l3,0.00
i42,e08,c5,p31,l3,0.00
i42,e08,c5,p32,l3,0.00
i42,e08,c5,p35,l2,0.00
i42,e08,c5,p35,l3,0.00
i42,e09,c3,p01,l2,0.00
i42,e09,c3,p03,l3,0.00
i42,e09,c3,p04,l2,0.00
i42,e09,c3,p15,l2,0.00
i42,e09,c3,p15,l3,0.00
i42,e09,c3,p21,l3,0.00
i42,e09,c3,p29,l3,0.00
i42,e09,c3,p35,l3,0.00
i42,e09,c5,p01,l3,0.00
i42,e09,c5,p02,l3,0.00
i42,e09,c5,p04,l2,0.00
i42,e09,c5,p04,l3,0.00
i42,e09,c5,p05,l3,0.00
i42,e09,c5,p06,l2,0.00
i42,e09,c5,p06,l3,0.00
i42,e09,c5,p07,l3,0.00
i42,e09,c5,p08,l3,0.00
i42,e09,c5,p09,l2,0.00
i42,e09,c5,p10,l3,0.00
i42,e09,c5,p11,l3,0.00
i42,e09,c5,p12,l3,0.00
i42,e09,c5,p13,l3,0.00
i42,e09,c5,p14,l3,0.00
i42,e09,c5,p15,l2,0.00
i42,e09,c5,p15,l3,0.00
i42,e09,c5,p16,l2,0.00
i42,e09,c5,p16,l3,0.00
i42,e09,c5,p17,l3,0.00
i42,e09,c5,p18,l2,0.00
i42,e09,c5,p18,l3,0.00
i42,e09,c5,p19,l2,0.00
i42,e09,c5,p19,l3,0.00
i42,e09,c5,p20,l2,0.00
i42,e09,c5,p20,l3,0.00
i42,e09,c5,p21,l2,0.00
i42,e09,c5,p21,l3,0.00
i42,e09,c5,p22,l3,0.00
i42,e09,c5,p23,l3,0.00
i42,e09,c5,p24,l3,0.00
i42,e09,c5,p25,l3,0.00
i42,e09,c5,p26,l2,0.00
i42,e09,c5,p28,l2,0.00
i42,e09,c5,p29,l2,0.00
i42,e09,c5,p29,l3,0.00
i42,e09,c5,p31,l3,0.00
i42,e09,c5,p32,l3,0.00
i42,e09,c5,p35,l3,0.00
i42,e12,c3,p01,l3,0.00
i42,e12,c3,p02,l3,0.00
i42,e12,c3,p03,l3,0.00
i42,e12,c3,p04,l3,0.00
i42,e12,c3,p05,l3,0.00
i42,e12,c3,p06,l3,0.00
i42,e12,c3,p07,l3,0.00
i42,e12,c3,p08,l3,0.00
i42,e12,c3,p09,l3,0.00
i42,e12,c3,p10,l3,0.00
i42,e12,c3,p11,l3,0.00
i42,e12,c3,p12,l3,0.00
i42,e12,c3,p13,l3,0.00
i42,e12,c3,p14,l3,0.00
i42,e12,c3,p15,l3,0.00
i42,e12,c3,p16,l3,0.00
i42,e12,c3,p17,l3,0.00
i42,e12,c3,p18,l3,0.00
i42,e12,c3,p19,l3,0.00
i42,e12,c3,p20,l3,0.00
i42,e12,c3,p21,l3,0.00
i42,e12,c3,p22,l3,0.00
i42,e12,c3,p23,l3,0.00
i42,e12,c3,p24,l3,0.00
i42,e12,c3,p25,l3,0.00
i42,e12,c3,p26,l3,0.00
i42,e12,c3,p28,l3,0.00
i42,e12,c3,p29,l3,0.00
i42,e12,c3,p30,l3,0.00
i42,e12,c3,p31,l3,0.00
i42,e12,c3,p32,l3,0.00
i42,e12,c3,p33,l3,0.00
i42,e12,c3,p35,l3,0.00
i42,e12,c5,p01,l3,0.00
i42,e12,c5,p02,l3,0.00
i42,e12,c5,p03,l3,0.00
i42,e12,c5,p04,l3,0.00
i42,e12,c5,p05,l3,0.00
i42,e12,c5,p06,l3,0.00
i42,e12,c5,p07,l3,0.00
i42,e12,c5,p08,l3,0.00
i42,e12,c5,p09,l3,0.00
i42,e12,c5,p10,l3,0.00
i42,e12,c5,p11,l3,0.00
i42,e12,c5,p12,l3,0.00
i42,e12,c5,p13,l3,0.00
i42,e12,c5,p14,l3,0.00
i42,e12,c5,p15,l3,0.00
i42,e12,c5,p16,l3,0.00
i42,e12,c5,p17,l3,0.00
i42,e12,c5,p18,l3,0.00
i42,e12,c5,p19,l3,0.00
i42,e12,c5,p20,l3,0.00
i42,e12,c5,p21,l3,0.00
i42,e12,c5,p22,l3,0.00
i42,e12,c5,p23,l3,0.00
i42,e12,c5,p24,l3,0.00
i42,e12,c5,p25,l3,0.00
i42,e12,c5,p26,l3,0.00
i42,e12,c5,p28,l3,0.00
i42,e12,c5,p29,l3,0.00
i42,e12,c5,p30,l3,0.00
i42,e12,c5,p31,l3,0.00
i42,e12,c5,p32,l3,0.00
i42,e12,c5,p33,l3,0.00
i42,e12,c5,p35,l3,0.00
i42,e12,c8,p35,l3,0.00
i43,e01,c1,p01,l3,0.00
i43,e01,c1,p02,l3,0.00
i43,e01,c1,p03,l3,0.00
i43,e01,c1,p04,l3,0.00
i43,e01,c1,p05,l3,0.00
i43,e01,c1,p06,l3,0.00
i43,e01,c1,p07,l3,0.00
i43,e01,c1,p08,l3,0.00
i43,e01,c1,p09,l3,2.26
i43,e01,c1,p10,l3,0.00
i43,e01,c1,p11,l3,0.00
i43,e01,c1,p12,l3,0.00
i43,e01,c1,p13,l3,0.00
i43,e01,c1,p14,l3,0.00
i43,e01,c1,p15,l3,0.00
i43,e01,c1,p16,l3,0.00
i43,e01,c1,p17,l3,0.00
i43,e01,c1,p18,l3,0.00
i43,e01,c1,p19,l3,0.00
i43,e01,c1,p20,l3,0.00
i43,e01,c1,p21,l3,0.00
i43,e01,c1,p22,l3,0.00
i43,e01,c1,p23,l3,0.00
i43,e01,c1,p24,l3,0.00
i43,e01,c1,p25,l3,0.00
i43,e01,c1,p26,l3,0.00
i43,e01,c1,p27,l3,0.00
i43,e01,c1,p28,l3,0.00
i43,e01,c1,p29,l3,0.00
i43,e01,c1,p30,l3,0.00
i43,e01,c1,p31,l3,0.00
i43,e01,c1,p32,l3,0.00
i43,e01,c1,p33,l3,0.00
i43,e01,c1,p34,l3,0.00
i43,e01,c1,p35,l3,0.00
i43,e01,c4,p01,l3,0.00
i43,e01,c4,p02,l3,0.00
i43,e01,c4,p03,l3,0.00
i43,e01,c4,p04,l3,0.00
i43,e01,c4,p05,l3,0.00
i43,e01,c4,p06,l3,0.00
i43,e01,c4,p07,l3,0.00
i43,e01,c4,p08,l3,0.00
i43,e01,c4,p09,l3,0.00
i43,e01,c4,p10,l3,0.00
i43,e01,c4,p11,l3,0.00
i43,e01,c4,p12,l3,0.00
i43,e01,c4,p13,l3,0.00
i43,e01,c4,p14,l3,0.00
i43,e01,c4,p15,l3,0.00
i43,e01,c4,p16,l3,0.00
i43,e01,c4,p17,l3,0.00
i43,e01,c4,p18,l3,0.00
i43,e01,c4,p19,l3,0.00
i43,e01,c4,p20,l3,0.00
i43,e01,c4,p21,l3,0.00
i43,e01,c4,p22,l3,0.00
i43,e01,c4,p23,l3,0.00
i43,e01,c4,p24,l3,0.00
i43,e01,c4,p25,l3,0.00
i43,e01,c4,p26,l3,0.00
i43,e01,c4,p28,l3,0.00
i43,e01,c4,p29,l3,0.00
i43,e01,c4,p31,l3,0.00
i43,e01,c4,p32,l3,0.00
i43,e01,c4,p35,l3,0.00
i43,e01,c7,p01,l3,0.00
i43,e01,c7,p03,l3,0.00
i43,e01,c7,p07,l3,0.00
i43,e01,c7,p12,l3,0.00
i43,e01,c7,p13,l3,0.00
i43,e01,c7,p17,l3,0.00
i43,e01,c7,p19,l3,0.00
i43,e01,c7,p35,l3,0.00
i43,e03,c1,p01,l3,0.00
i43,e03,c1,p02,l3,0.00
i43,e03,c1,p03,l3,0.00
i43,e03,c1,p04,l3,0.00
i43,e03,c1,p05,l3,0.00
i43,e03,c1,p06,l3,0.00
i43,e03,c1,p07,l3,0.00
i43,e03,c1,p08,l3,0.00
i43,e03,c1,p09,l3,0.00
i43,e03,c1,p10,l3,0.00
i43,e03,c1,p11,l3,0.00
i43,e03,c1,p12,l3,0.00
i43,e03,c1,p13,l3,0.00
i43,e03,c1,p14,l3,0.00
i43,e03,c1,p15,l3,0.00
i43,e03,c1,p16,l3,0.00
i43,e03,c1,p17,l3,0.00
i43,e03,c1,p18,l3,0.00
i43,e03,c1,p19,l3,0.00
i43,e03,c1,p20,l3,0.00
i43,e03,c1,p21,l3,0.00
i43,e03,c1,p22,l3,0.00
i43,e03,c1,p23,l3,0.00
i43,e03,c1,p24,l3,0.00
i43,e03,c1,p25,l3,0.00
i43,e03,c1,p26,l3,0.00
i43,e03,c1,p28,l3,0.00
i43,e03,c1,p29,l3,0.00
i43,e03,c1,p30,l3,0.00
i43,e03,c1,p31,l3,0.00
i43,e03,c1,p32,l3,0.00
i43,e03,c1,p35,l3,0.00
i43,e03,c4,p01,l3,0.00
i43,e03,c4,p02,l3,0.00
i43,e03,c4,p03,l3,0.00
i43,e03,c4,p04,l3,0.00
i43,e03,c4,p05,l3,0.00
i43,e03,c4,p06,l3,0.00
i43,e03,c4,p07,l3,0.00
i43,e03,c4,p08,l3,0.00
i43,e03,c4,p09,l3,0.00
i43,e03,c4,p10,l3,0.00
i43,e03,c4,p11,l3,0.00
i43,e03,c4,p12,l3,0.00
i43,e03,c4,p13,l3,0.00
i43,e03,c4,p14,l3,0.00
i43,e03,c4,p15,l3,0.00
i43,e03,c4,p16,l3,0.00
i43,e03,c4,p17,l3,0.00
i43,e03,c4,p18,l3,0.00
i43,e03,c4,p19,l3,0.00
i43,e03,c4,p21,l3,0.00
i43,e03,c4,p23,l3,0.00
i43,e03,c4,p24,l3,0.00
i43,e03,c4,p25,l3,0.00
i43,e03,c4,p28,l3,0.00
i43,e03,c4,p29,l3,0.00
i43,e03,c4,p32,l3,0.00
i43,e03,c4,p35,l3,0.00
i43,e03,c7,p13,l3,0.00
i43,e03,c7,p17,l3,0.00
i43,e04,c1,p01,l1,0.00
i43,e04,c1,p01,l3,0.00
i43,e04,c1,p02,l1,0.00
i43,e04,c1,p02,l3,0.00
i43,e04,c1,p03,l1,0.00
i43,e04,c1,p03,l3,0.00
i43,e04,c1,p04,l1,0.00
i43,e04,c1,p04,l3,0.00
i43,e04,c1,p05,l1,0.00
i43,e04,c1,p05,l3,0.00
i43,e04,c1,p06,l1,0.00
i43,e04,c1,p06,l3,0.00
i43,e04,c1,p07,l1,0.00
i43,e04,c1,p07,l3,0.00
i43,e04,c1,p08,l1,0.00
i43,e04,c1,p08,l3,0.00
i43,e04,c1,p09,l1,0.00
i43,e04,c1,p09,l3,1.49
i43,e04,c1,p10,l1,0.00
i43,e04,c1,p10,l3,0.00
i43,e04,c1,p11,l1,0.00
i43,e04,c1,p11,l3,0.00
i43,e04,c1,p12,l1,0.00
i43,e04,c1,p12,l3,0.00
i43,e04,c1,p13,l1,0.00
i43,e04,c1,p13,l3,0.00
i43,e04,c1,p14,l1,0.00
i43,e04,c1,p14,l3,0.00
i43,e04,c1,p15,l1,0.00
i43,e04,c1,p15,l3,0.00
i43,e04,c1,p16,l1,0.00
i43,e04,c1,p16,l3,0.00
i43,e04,c1,p17,l1,0.00
i43,e04,c1,p17,l3,0.00
i43,e04,c1,p18,l1,0.00
i43,e04,c1,p18,l3,0.00
i43,e04,c1,p19,l1,0.00
i43,e04,c1,p19,l3,0.00
i43,e04,c1,p20,l1,0.00
i43,e04,c1,p20,l3,0.00
i43,e04,c1,p21,l1,0.00
i43,e04,c1,p21,l3,0.00
i43,e04,c1,p22,l1,0.00
i43,e04,c1,p22,l3,0.00
i43,e04,c1,p23,l1,0.00
i43,e04,c1,p23,l3,0.00
i43,e04,c1,p24,l1,0.00
i43,e04,c1,p24,l3,0.00
i43,e04,c1,p25,l1,0.00
i43,e04,c1,p25,l3,0.00
i43,e04,c1,p26,l1,0.00
i43,e04,c1,p26,l3,0.00
i43,e04,c1,p27,l3,0.00
i43,e04,c1,p28,l1,0.00
i43,e04,c1,p28,l3,0.00
i43,e04,c1,p29,l1,0.00
i43,e04,c1,p29,l3,0.00
i43,e04,c1,p30,l1,0.00
i43,e04,c1,p30,l3,0.00
i43,e04,c1,p31,l1,0.00
i43,e04,c1,p31,l3,0.00
i43,e04,c1,p32,l1,0.00
i43,e04,c1,p32,l3,0.00
i43,e04,c1,p33,l1,0.00
i43,e04,c1,p33,l3,0.00
i43,e04,c1,p34,l3,0.00
i43,e04,c1,p35,l1,0.00
i43,e04,c1,p35,l3,0.00
i43,e04,c4,p01,l1,0.00
i43,e04,c4,p01,l3,0.00
i43,e04,c4,p02,l3,0.00
i43,e04,c4,p03,l1,0.00
i43,e04,c4,p03,l3,0.00
i43,e04,c4,p04,l1,0.00
i43,e04,c4,p04,l3,0.00
i43,e04,c4,p05,l1,0.00
i43,e04,c4,p05,l3,0.00
i43,e04,c4,p06,l1,0.00
i43,e04,c4,p06,l3,0.00
i43,e04,c4,p07,l1,0.00
i43,e04,c4,p07,l3,0.00
i43,e04,c4,p08,l3,0.00
i43,e04,c4,p09,l1,0.00
i43,e04,c4,p09,l3,0.00
i43,e04,c4,p10,l1,0.00
i43,e04,c4,p10,l3,0.00
i43,e04,c4,p11,l1,0.00
i43,e04,c4,p11,l3,0.00
i43,e04,c4,p12,l1,0.00
i43,e04,c4,p12,l3,0.00
i43,e04,c4,p13,l3,0.00
i43,e04,c4,p14,l3,0.00
i43,e04,c4,p15,l3,0.00
i43,e04,c4,p16,l3,0.00
i43,e04,c4,p17,l3,0.00
i43,e04,c4,p18,l3,0.00
i43,e04,c4,p19,l1,0.00
i43,e04,c4,p19,l3,0.00
i43,e04,c4,p20,l3,0.00
i43,e04,c4,p21,l3,0.00
i43,e04,c4,p22,l3,0.00
i43,e04,c4,p23,l3,0.00
i43,e04,c4,p24,l3,0.00
i43,e04,c4,p25,l3,0.00
i43,e04,c4,p26,l1,0.00
i43,e04,c4,p28,l3,0.00
i43,e04,c4,p29,l1,0.00
i43,e04,c4,p29,l3,0.00
i43,e04,c4,p31,l3,0.00
i43,e04,c4,p32,l3,0.00
i43,e04,c4,p35,l1,0.00
i43,e04,c4,p35,l3,0.00
i43,e04,c7,p03,l1,0.00
i43,e04,c7,p06,l3,0.00
i43,e04,c7,p07,l3,0.00
i43,e04,c7,p12,l3,0.00
i43,e04,c7,p13,l3,0.00
i43,e04,c7,p17,l3,0.00
i43,e04,c7,p19,l3,0.00
i43,e04,c7,p35,l3,0.00
i43,e05,c1,p01,l1,0.00
i43,e05,c1,p01,l3,0.00
i43,e05,c1,p02,l1,0.00
i43,e05,c1,p02,l3,0.00
i43,e05,c1,p03,l1,0.00
i43,e05,c1,p03,l3,0.00
i43,e05,c1,p04,l1,0.00
i43,e05,c1,p04,l3,0.00
i43,e05,c1,p05,l1,0.00
i43,e05,c1,p05,l3,0.00
i43,e05,c1,p06,l1,0.00
i43,e05,c1,p06,l3,0.00
i43,e05,c1,p07,l1,0.00
i43,e05,c1,p07,l3,0.00
i43,e05,c1,p08,l1,0.00
i43,e05,c1,p08,l3,0.00
i43,e05,c1,p09,l1,0.00
i43,e05,c1,p09,l3,0.00
i43,e05,c1,p10,l1,0.00
i43,e05,c1,p10,l3,0.00
i43,e05,c1,p11,l1,0.00
i43,e05,c1,p11,l3,0.00
i43,e05,c1,p12,l1,0.00
i43,e05,c1,p12,l3,0.00
i43,e05,c1,p13,l1,0.00
i43,e05,c1,p13,l3,0.00
i43,e05,c1,p14,l1,0.00
i43,e05,c1,p14,l3,0.00
i43,e05,c1,p15,l1,0.00
i43,e05,c1,p15,l3,0.00
i43,e05,c1,p16,l1,0.00
i43,e05,c1,p16,l3,0.00
i43,e05,c1,p17,l1,0.00
i43,e05,c1,p17,l3,0.00
i43,e05,c1,p18,l1,0.00
i43,e05,c1,p18,l3,0.00
i43,e05,c1,p19,l1,0.00
i43,e05,c1,p19,l3,0.00
i43,e05,c1,p20,l1,0.00
i43,e05,c1,p20,l3,0.00
i43,e05,c1,p21,l1,0.00
i43,e05,c1,p21,l3,0.00
i43,e05,c1,p22,l1,0.00
i43,e05,c1,p22,l3,0.00
i43,e05,c1,p23,l1,0.00
i43,e05,c1,p23,l3,0.00
i43,e05,c1,p24,l1,0.00
i43,e05,c1,p24,l3,0.00
i43,e05,c1,p25,l1,0.00
i43,e05,c1,p25,l3,0.00
i43,e05,c1,p26,l1,0.00
i43,e05,c1,p26,l3,0.00
i43,e05,c1,p28,l1,0.00
i43,e05,c1,p28,l3,0.00
i43,e05,c1,p29,l1,0.00
i43,e05,c1,p29,l3,0.00
i43,e05,c1,p30,l1,0.00
i43,e05,c1,p31,l1,0.00
i43,e05,c1,p31,l3,0.00
i43,e05,c1,p32,l1,0.00
i43,e05,c1,p32,l3,0.00
i43,e05,c1,p35,l1,0.00
i43,e05,c1,p35,l3,0.00
i43,e05,c4,p03,l3,0.00
i43,e05,c4,p04,l3,0.00
i43,e05,c4,p05,l3,0.00
i43,e05,c4,p06,l1,0.00
i43,e05,c4,p07,l3,0.00
i43,e05,c4,p11,l3,0.00
i43,e05,c4,p12,l1,0.00
i43,e05,c4,p17,l3,0.00
i43,e05,c4,p23,l3,0.00
i43,e05,c4,p24,l3,0.00
i43,e05,c4,p29,l1,0.00
i43,e05,c4,p35,l1,0.00
i43,e05,c4,p35,l3,0.00
i43,e06,c1,p01,l3,0.00
i43,e06,c1,p10,l3,0.00
i43,e07,c1,p01,l2,0.00
i43,e07,c1,p01,l3,0.00
i43,e07,c1,p02,l2,0.00
i43,e07,c1,p02,l3,0.00
i43,e07,c1,p03,l2,0.00
i43,e07,c1,p03,l3,0.00
i43,e07,c1,p04,l2,0.00
i43,e07,c1,p04,l3,0.00
i43,e07,c1,p05,l2,0.00
i43,e07,c1,p05,l3,0.00
i43,e07,c1,p06,l2,0.00
i43,e07,c1,p06,l3,0.00
i43,e07,c1,p07,l2,0.00
i43,e07,c1,p07,l3,0.00
i43,e07,c1,p08,l2,0.00
i43,e07,c1,p08,l3,0.00
i43,e07,c1,p09,l2,0.00
i43,e07,c1,p09,l3,0.00
i43,e07,c1,p10,l2,0.00
i43,e07,c1,p10,l3,0.00
i43,e07,c1,p11,l2,0.00
i43,e07,c1,p11,l3,0.00
i43,e07,c1,p12,l2,0.00
i43,e07,c1,p12,l3,0.00
i43,e07,c1,p13,l2,0.00
i43,e07,c1,p13,l3,0.00
i43,e07,c1,p14,l2,0.00
i43,e07,c1,p14,l3,0.00
i43,e07,c1,p15,l2,0.00
i43,e07,c1,p15,l3,0.00
i43,e07,c1,p16,l2,0.00
i43,e07,c1,p16,l3,0.00
i43,e07,c1,p17,l2,0.00
i43,e07,c1,p17,l3,0.00
i43,e07,c1,p18,l2,0.00
i43,e07,c1,p18,l3,0.00
i43,e07,c1,p19,l2,0.00
i43,e07,c1,p19,l3,0.00
i43,e07,c1,p20,l2,0.00
i43,e07,c1,p20,l3,0.00
i43,e07,c1,p21,l2,0.00
i43,e07,c1,p21,l3,0.00
i43,e07,c1,p22,l2,0.00
i43,e07,c1,p22,l3,0.00
i43,e07,c1,p23,l2,0.00
i43,e07,c1,p23,l3,0.00
i43,e07,c1,p24,l2,0.00
i43,e07,c1,p24,l3,0.00
i43,e07,c1,p25,l2,0.00
i43,e07,c1,p25,l3,0.00
i43,e07,c1,p26,l2,0.00
i43,e07,c1,p26,l3,0.00
i43,e07,c1,p28,l2,0.00
i43,e07,c1,p28,l3,0.00
i43,e07,c1,p29,l2,0.00
i43,e07,c1,p29,l3,0.00
i43,e07,c1,p30,l2,0.00
i43,e07,c1,p31,l2,0.00
i43,e07,c1,p31,l3,0.00
i43,e07,c1,p32,l2,0.00
i43,e07,c1,p32,l3,0.00
i43,e07,c1,p33,l2,0.00
i43,e07,c1,p33,l3,0.00
i43,e07,c1,p35,l2,0.00
i43,e07,c1,p35,l3,0.00
i43,e07,c4,p01,l2,0.00
i43,e07,c4,p01,l3,0.00
i43,e07,c4,p02,l2,0.00
i43,e07,c4,p02,l3,0.00
i43,e07,c4,p03,l2,0.00
i43,e07,c4,p03,l3,0.00
i43,e07,c4,p04,l2,0.00
i43,e07,c4,p04,l3,0.00
i43,e07,c4,p05,l2,0.00
i43,e07,c4,p05,l3,0.00
i43,e07,c4,p06,l2,0.00
i43,e07,c4,p06,l3,0.00
i43,e07,c4,p07,l2,0.00
i43,e07,c4,p07,l3,0.00
i43,e07,c4,p08,l2,0.00
i43,e07,c4,p08,l3,0.00
i43,e07,c4,p09,l2,0.00
i43,e07,c4,p09,l3,0.00
i43,e07,c4,p10,l2,0.00
i43,e07,c4,p10,l3,0.00
i43,e07,c4,p11,l2,0.00
i43,e07,c4,p11,l3,0.00
i43,e07,c4,p12,l2,0.00
i43,e07,c4,p12,l3,0.00
i43,e07,c4,p13,l2,0.00
i43,e07,c4,p13,l3,0.00
i43,e07,c4,p14,l2,0.00
i43,e07,c4,p14,l3,0.00
i43,e07,c4,p15,l2,0.00
i43,e07,c4,p17,l2,0.00
i43,e07,c4,p17,l3,0.00
i43,e07,c4,p18,l3,0.00
i43,e07,c4,p19,l2,0.00
i43,e07,c4,p19,l3,0.00
i43,e07,c4,p20,l2,0.00
i43,e07,c4,p21,l2,0.00
i43,e07,c4,p21,l3,0.00
i43,e07,c4,p24,l2,0.00
i43,e07,c4,p26,l2,0.00
i43,e07,c4,p28,l2,0.00
i43,e07,c4,p28,l3,0.00
i43,e07,c4,p29,l2,0.00
i43,e07,c4,p29,l3,0.00
i43,e07,c4,p31,l2,0.00
i43,e07,c4,p32,l2,0.00
i43,e07,c4,p35,l2,0.00
i43,e07,c4,p35,l3,0.00
i43,e07,c7,p03,l2,0.00
i43,e07,c7,p17,l2,0.00
i43,e07,c7,p17,l3,0.00
i43,e07,c7,p18,l2,0.00
i43,e08,c1,p01,l2,0.00
i43,e08,c1,p01,l3,0.00
i43,e08,c1,p02,l2,0.00
i43,e08,c1,p02,l3,0.00
i43,e08,c1,p03,l2,0.00
i43,e08,c1,p03,l3,0.00
i43,e08,c1,p04,l2,0.00
i43,e08,c1,p04,l3,0.00
i43,e08,c1,p05,l2,0.00
i43,e08,c1,p05,l3,0.00
i43,e08,c1,p06,l2,0.00
i43,e08,c1,p06,l3,0.00
i43,e08,c1,p07,l2,0.00
i43,e08,c1,p07,l3,0.00
i43,e08,c1,p08,l2,0.00
i43,e08,c1,p08,l3,0.00
i43,e08,c1,p09,l2,0.00
i43,e08,c1,p09,l3,1.88
i43,e08,c1,p10,l2,0.00
i43,e08,c1,p10,l3,0.00
i43,e08,c1,p11,l2,0.00
i43,e08,c1,p11,l3,0.00
i43,e08,c1,p12,l2,0.00
i43,e08,c1,p12,l3,0.00
i43,e08,c1,p13,l2,0.00
i43,e08,c1,p13,l3,0.00
i43,e08,c1,p14,l2,0.00
i43,e08,c1,p14,l3,0.00
i43,e08,c1,p15,l2,0.00
i43,e08,c1,p15,l3,0.00
i43,e08,c1,p16,l2,0.00
i43,e08,c1,p16,l3,0.00
i43,e08,c1,p17,l2,0.00
i43,e08,c1,p17,l3,0.00
i43,e08,c1,p18,l2,0.00
i43,e08,c1,p18,l3,0.00
i43,e08,c1,p19,l2,0.00
i43,e08,c1,p19,l3,0.00
i43,e08,c1,p20,l2,0.00
i43,e08,c1,p20,l3,0.00
i43,e08,c1,p21,l2,0.00
i43,e08,c1,p21,l3,0.00
i43,e08,c1,p22,l2,0.00
i43,e08,c1,p22,l3,0.00
i43,e08,c1,p23,l2,0.00
i43,e08,c1,p23,l3,0.00
i43,e08,c1,p24,l2,0.00
i43,e08,c1,p24,l3,0.00
i43,e08,c1,p25,l2,0.00
i43,e08,c1,p25,l3,0.00
i43,e08,c1,p26,l2,0.00
i43,e08,c1,p26,l3,0.00
i43,e08,c1,p27,l3,0.00
i43,e08,c1,p28,l2,0.00
i43,e08,c1,p28,l3,0.00
i43,e08,c1,p29,l2,0.00
i43,e08,c1,p29,l3,0.00
i43,e08,c1,p30,l3,0.00
i43,e08,c1,p31,l2,0.00
i43,e08,c1,p31,l3,0.00
i43,e08,c1,p32,l2,0.00
i43,e08,c1,p32,l3,0.00
i43,e08,c1,p33,l2,0.00
i43,e08,c1,p33,l3,0.00
i43,e08,c1,p34,l3,0.00
i43,e08,c1,p35,l2,0.00
i43,e08,c1,p35,l3,0.00
i43,e08,c4,p01,l2,0.00
i43,e08,c4,p01,l3,0.00
i43,e08,c4,p02,l2,0.00
i43,e08,c4,p02,l3,0.00
i43,e08,c4,p03,l2,0.00
i43,e08,c4,p03,l3,0.00
i43,e08,c4,p04,l2,0.00
i43,e08,c4,p04,l3,0.00
i43,e08,c4,p05,l2,0.00
i43,e08,c4,p05,l3,0.00
i43,e08,c4,p06,l2,0.00
i43,e08,c4,p06,l3,0.00
i43,e08,c4,p07,l2,0.00
i43,e08,c4,p07,l3,0.00
i43,e08,c4,p08,l3,0.00
i43,e08,c4,p09,l2,0.00
i43,e08,c4,p09,l3,0.00
i43,e08,c4,p10,l2,0.00
i43,e08,c4,p10,l3,0.00
i43,e08,c4,p11,l2,0.00
i43,e08,c4,p11,l3,0.00
i43,e08,c4,p12,l2,0.00
i43,e08,c4,p12,l3,0.00
i43,e08,c4,p13,l2,0.00
i43,e08,c4,p13,l3,0.00
i43,e08,c4,p14,l3,0.00
i43,e08,c4,p15,l2,0.00
i43,e08,c4,p15,l3,0.00
i43,e08,c4,p16,l3,0.00
i43,e08,c4,p17,l3,0.00
i43,e08,c4,p18,l3,0.00
i43,e08,c4,p19,l2,0.00
i43,e08,c4,p19,l3,0.00
i43,e08,c4,p20,l3,0.00
i43,e08,c4,p21,l3,0.00
i43,e08,c4,p22,l3,0.00
i43,e08,c4,p23,l2,0.00
i43,e08,c4,p23,l3,0.00
i43,e08,c4,p24,l3,0.00
i43,e08,c4,p25,l3,0.00
i43,e08,c4,p26,l2,0.00
i43,e08,c4,p28,l2,0.00
i43,e08,c4,p28,l3,0.00
i43,e08,c4,p29,l2,0.00
i43,e08,c4,p29,l3,0.00
i43,e08,c4,p31,l2,0.00
i43,e08,c4,p31,l3,0.00
i43,e08,c4,p32,l2,0.00
i43,e08,c4,p32,l3,0.00
i43,e08,c4,p35,l2,0.00
i43,e08,c4,p35,l3,0.00
i43,e08,c7,p01,l3,0.00
i43,e08,c7,p03,l2,0.00
i43,e08,c7,p13,l3,0.00
i43,e08,c7,p17,l3,0.00
i43,e08,c7,p19,l3,0.00
i43,e08,c7,p35,l3,0.00
i43,e09,c1,p01,l2,0.00
i43,e09,c1,p01,l3,0.00
i43,e09,c1,p02,l2,0.00
i43,e09,c1,p02,l3,0.00
i43,e09,c1,p03,l2,0.00
i43,e09,c1,p03,l3,0.00
i43,e09,c1,p04,l2,0.00
i43,e09,c1,p04,l3,0.00
i43,e09,c1,p05,l2,0.00
i43,e09,c1,p05,l3,0.00
i43,e09,c1,p06,l2,0.00
i43,e09,c1,p06,l3,0.00
i43,e09,c1,p07,l2,0.00
i43,e09,c1,p07,l3,0.00
i43,e09,c1,p08,l2,0.00
i43,e09,c1,p08,l3,0.00
i43,e09,c1,p09,l2,0.00
i43,e09,c1,p09,l3,1.31
i43,e09,c1,p10,l2,0.00
i43,e09,c1,p10,l3,0.00
i43,e09,c1,p11,l2,0.00
i43,e09,c1,p11,l3,0.00
i43,e09,c1,p12,l2,0.00
i43,e09,c1,p12,l3,0.00
i43,e09,c1,p13,l2,0.00
i43,e09,c1,p13,l3,0.00
i43,e09,c1,p14,l2,0.00
i43,e09,c1,p14,l3,0.00
i43,e09,c1,p15,l2,0.00
i43,e09,c1,p15,l3,0.00
i43,e09,c1,p16,l2,0.00
i43,e09,c1,p16,l3,0.00
i43,e09,c1,p17,l2,0.00
i43,e09,c1,p17,l3,0.00
i43,e09,c1,p18,l2,0.00
i43,e09,c1,p18,l3,0.00
i43,e09,c1,p19,l2,0.00
i43,e09,c1,p19,l3,0.00
i43,e09,c1,p20,l2,0.00
i43,e09,c1,p20,l3,0.00
i43,e09,c1,p21,l2,0.00
i43,e09,c1,p21,l3,0.00
i43,e09,c1,p22,l2,0.00
i43,e09,c1,p22,l3,0.00
i43,e09,c1,p23,l2,0.00
i43,e09,c1,p23,l3,0.00
i43,e09,c1,p24,l2,0.00
i43,e09,c1,p24,l3,0.00
i43,e09,c1,p25,l2,0.00
i43,e09,c1,p25,l3,0.00
i43,e09,c1,p26,l2,0.00
i43,e09,c1,p26,l3,0.00
i43,e09,c1,p27,l3,0.00
i43,e09,c1,p28,l2,0.00
i43,e09,c1,p28,l3,0.00
i43,e09,c1,p29,l2,0.00
i43,e09,c1,p29,l3,0.00
i43,e09,c1,p30,l2,0.00
i43,e09,c1,p30,l3,0.00
i43,e09,c1,p31,l2,0.00
i43,e09,c1,p31,l3,0.00
i43,e09,c1,p32,l2,0.00
i43,e09,c1,p32,l3,0.00
i43,e09,c1,p33,l2,0.00
i43,e09,c1,p33,l3,0.00
i43,e09,c1,p34,l3,0.00
i43,e09,c1,p35,l2,0.00
i43,e09,c1,p35,l3,0.00
i43,e09,c4,p01,l2,0.00
i43,e09,c4,p01,l3,0.00
i43,e09,c4,p02,l2,0.00
i43,e09,c4,p02,l3,0.00
i43,e09,c4,p03,l2,0.00
i43,e09,c4,p03,l3,0.00
i43,e09,c4,p04,l2,0.00
i43,e09,c4,p04,l3,0.00
i43,e09,c4,p05,l2,0.00
i43,e09,c4,p05,l3,0.00
i43,e09,c4,p06,l2,0.00
i43,e09,c4,p06,l3,0.00
i43,e09,c4,p07,l2,0.00
i43,e09,c4,p07,l3,0.00
i43,e09,c4,p08,l2,0.00
i43,e09,c4,p08,l3,0.00
i43,e09,c4,p09,l2,0.00
i43,e09,c4,p09,l3,0.00
i43,e09,c4,p10,l2,0.00
i43,e09,c4,p10,l3,0.00
i43,e09,c4,p11,l2,0.00
i43,e09,c4,p11,l3,0.00
i43,e09,c4,p12,l2,0.00
i43,e09,c4,p12,l3,0.00
i43,e09,c4,p13,l2,0.00
i43,e09,c4,p13,l3,0.00
i43,e09,c4,p14,l3,0.00
i43,e09,c4,p15,l2,0.00
i43,e09,c4,p15,l3,0.00
i43,e09,c4,p16,l3,0.00
i43,e09,c4,p17,l2,0.00
i43,e09,c4,p17,l3,0.00
i43,e09,c4,p18,l3,0.00
i43,e09,c4,p19,l2,0.00
i43,e09,c4,p19,l3,0.00
i43,e09,c4,p20,l3,0.00
i43,e09,c4,p21,l2,0.00
i43,e09,c4,p21,l3,0.00
i43,e09,c4,p22,l3,0.00
i43,e09,c4,p23,l2,0.00
i43,e09,c4,p23,l3,0.00
i43,e09,c4,p24,l2,0.00
i43,e09,c4,p24,l3,0.00
i43,e09,c4,p25,l2,0.00
i43,e09,c4,p25,l3,0.00
i43,e09,c4,p26,l2,0.00
i43,e09,c4,p26,l3,0.00
i43,e09,c4,p28,l2,0.00
i43,e09,c4,p28,l3,0.00
i43,e09,c4,p29,l2,0.00
i43,e09,c4,p29,l3,0.00
i43,e09,c4,p31,l2,0.00
i43,e09,c4,p31,l3,0.00
i43,e09,c4,p32,l3,0.00
i43,e09,c4,p35,l2,0.00
i43,e09,c4,p35,l3,0.00
i43,e09,c7,p03,l2,0.00
i43,e09,c7,p03,l3,0.00
i43,e09,c7,p06,l3,0.00
i43,e09,c7,p07,l3,0.00
i43,e09,c7,p11,l3,0.00
i43,e09,c7,p12,l3,0.00
i43,e09,c7,p13,l3,0.00
i43,e09,c7,p17,l3,0.00
i43,e09,c7,p19,l3,0.00
i43,e09,c7,p35,l3,0.00
i43,e10,c1,p01,l3,0.00
i43,e10,c1,p01,l4,0.00
i43,e10,c1,p10,l2,0.00
i43,e10,c1,p10,l3,0.00
i43,e10,c1,p10,l4,0.00
i43,e11,c1,p01,l2,0.00
i43,e11,c1,p01,l3,0.00
i43,e11,c1,p02,l2,0.00
i43,e11,c1,p02,l3,0.00
i43,e11,c1,p03,l2,0.00
i43,e11,c1,p03,l3,0.00
i43,e11,c1,p04,l2,0.00
i43,e11,c1,p04,l3,0.00
i43,e11,c1,p05,l2,0.00
i43,e11,c1,p05,l3,0.00
i43,e11,c1,p06,l2,0.00
i43,e11,c1,p06,l3,0.00
i43,e11,c1,p07,l2,0.00
i43,e11,c1,p07,l3,0.00
i43,e11,c1,p08,l2,0.00
i43,e11,c1,p08,l3,0.00
i43,e11,c1,p09,l2,0.00
i43,e11,c1,p09,l3,0.00
i43,e11,c1,p10,l2,0.00
i43,e11,c1,p10,l3,0.00
i43,e11,c1,p11,l2,0.00
i43,e11,c1,p11,l3,0.00
i43,e11,c1,p12,l2,0.00
i43,e11,c1,p12,l3,0.00
i43,e11,c1,p13,l2,0.00
i43,e11,c1,p13,l3,0.00
i43,e11,c1,p14,l2,0.00
i43,e11,c1,p14,l3,0.00
i43,e11,c1,p15,l2,0.00
i43,e11,c1,p15,l3,0.00
i43,e11,c1,p16,l2,0.00
i43,e11,c1,p16,l3,0.00
i43,e11,c1,p17,l2,0.00
i43,e11,c1,p17,l3,0.00
i43,e11,c1,p18,l2,0.00
i43,e11,c1,p18,l3,0.00
i43,e11,c1,p19,l2,0.00
i43,e11,c1,p19,l3,0.00
i43,e11,c1,p20,l2,0.00
i43,e11,c1,p20,l3,0.00
i43,e11,c1,p21,l2,0.00
i43,e11,c1,p21,l3,0.00
i43,e11,c1,p22,l2,0.00
i43,e11,c1,p22,l3,0.00
i43,e11,c1,p23,l2,0.00
i43,e11,c1,p23,l3,0.00
i43,e11,c1,p24,l2,0.00
i43,e11,c1,p24,l3,0.00
i43,e11,c1,p25,l2,0.00
i43,e11,c1,p25,l3,0.00
i43,e11,c1,p26,l2,0.00
i43,e11,c1,p26,l3,0.00
i43,e11,c1,p28,l2,0.00
i43,e11,c1,p28,l3,0.00
i43,e11,c1,p29,l2,0.00
i43,e11,c1,p29,l3,0.00
i43,e11,c1,p30,l2,0.00
i43,e11,c1,p31,l2,0.00
i43,e11,c1,p31,l3,0.00
i43,e11,c1,p32,l2,0.00
i43,e11,c1,p32,l3,0.00
i43,e11,c1,p33,l2,0.00
i43,e11,c1,p33,l3,0.00
i43,e11,c1,p35,l2,0.00
i43,e11,c1,p35,l3,0.00
i43,e11,c4,p01,l2,0.00
i43,e11,c4,p01,l3,0.00
i43,e11,c4,p02,l3,0.00
i43,e11,c4,p03,l2,0.00
i43,e11,c4,p03,l3,0.00
i43,e11,c4,p04,l2,0.00
i43,e11,c4,p05,l3,0.00
i43,e11,c4,p06,l3,0.00
i43,e11,c4,p07,l2,0.00
i43,e11,c4,p07,l3,0.00
i43,e11,c4,p08,l3,0.00
i43,e11,c4,p09,l2,0.00
i43,e11,c4,p09,l3,0.00
i43,e11,c4,p10,l2,0.00
i43,e11,c4,p10,l3,0.00
i43,e11,c4,p11,l2,0.00
i43,e11,c4,p11,l3,0.00
i43,e11,c4,p17,l3,0.00
i43,e11,c4,p18,l3,0.00
i43,e11,c4,p19,l2,0.00
i43,e11,c4,p21,l3,0.00
i43,e11,c4,p22,l3,0.00
i43,e11,c4,p24,l2,0.00
i43,e11,c4,p25,l2,0.00
i43,e11,c4,p25,l3,0.00
i43,e11,c4,p28,l3,0.00
i43,e11,c4,p31,l2,0.00
i43,e11,c4,p31,l3,0.00
i43,e11,c4,p35,l2,0.00
i43,e11,c4,p35,l3,0.00
i43,e11,c7,p17,l3,0.00
i43,e12,c1,p01,l3,0.00
i43,e12,c1,p02,l3,0.00
i43,e12,c1,p03,l3,0.00
i43,e12,c1,p04,l3,0.00
i43,e12,c1,p05,l3,0.00
i43,e12,c1,p06,l3,0.00
i43,e12,c1,p07,l3,0.00
i43,e12,c1,p08,l3,0.00
i43,e12,c1,p09,l3,0.00
i43,e12,c1,p10,l3,0.00
i43,e12,c1,p11,l3,0.00
i43,e12,c1,p12,l3,0.00
i43,e12,c1,p13,l3,0.00
i43,e12,c1,p14,l3,0.00
i43,e12,c1,p15,l3,0.00
i43,e12,c1,p16,l3,0.00
i43,e12,c1,p17,l3,0.00
i43,e12,c1,p18,l3,0.00
i43,e12,c1,p19,l3,0.00
i43,e12,c1,p20,l3,0.00
i43,e12,c1,p21,l3,0.00
i43,e12,c1,p22,l3,0.00
i43,e12,c1,p23,l3,0.00
i43,e12,c1,p24,l3,0.00
i43,e12,c1,p25,l3,0.00
i43,e12,c1,p26,l3,0.00
i43,e12,c1,p28,l3,0.00
i43,e12,c1,p29,l3,0.00
i43,e12,c1,p31,l3,0.00
i43,e12,c1,p32,l3,0.00
i43,e12,c1,p33,l3,0.00
i43,e12,c1,p35,l3,0.00
i43,e12,c4,p01,l3,0.00
i43,e12,c4,p02,l3,0.00
i43,e12,c4,p03,l3,0.00
i43,e12,c4,p04,l3,0.00
i43,e12,c4,p05,l3,0.00
i43,e12,c4,p06,l3,0.00
i43,e12,c4,p07,l3,0.00
i43,e12,c4,p08,l3,0.00
i43,e12,c4,p09,l3,0.00
i43,e12,c4,p10,l3,0.00
i43,e12,c4,p11,l3,0.00
i43,e12,c4,p12,l3,0.00
i43,e12,c4,p13,l3,0.00
i43,e12,c4,p14,l3,0.00
i43,e12,c4,p15,l3,0.00
i43,e12,c4,p17,l3,0.00
i43,e12,c4,p18,l3,0.00
i43,e12,c4,p19,l3,0.00
i43,e12,c4,p21,l3,0.00
i43,e12,c4,p24,l3,0.00
i43,e12,c4,p26,l3,0.00
i43,e12,c4,p29,l3,0.00
i43,e12,c4,p31,l3,0.00
i43,e12,c4,p32,l3,0.00
i43,e12,c4,p35,l3,0.00
i43,e12,c7,p17,l3,0.00
i43,e12,c7,p18,l3,0.00
i43,e12,c7,p21,l3,0.00
i43,e12,c7,p35,l3,0.00
i44,e01,c3,p01,l3,0.00
i44,e01,c3,p02,l3,0.00
i44,e01,c3,p03,l3,0.00
i44,e01,c3,p04,l3,0.00
i44,e01,c3,p05,l3,0.00
i44,e01,c3,p06,l3,0.00
i44,e01,c3,p07,l3,0.00
i44,e01,c3,p08,l3,0.00
i44,e01,c3,p09,l3,0.00
i44,e01,c3,p10,l3,0.00
i44,e01,c3,p11,l3,0.00
i44,e01,c3,p12,l3,0.00
i44,e01,c3,p13,l3,0.00
i44,e01,c3,p14,l3,0.00
i44,e01,c3,p15,l3,0.00
i44,e01,c3,p16,l3,0.00
i44,e01,c3,p17,l3,0.00
i44,e01,c3,p18,l3,0.00
i44,e01,c3,p19,l3,0.00
i44,e01,c3,p20,l3,0.00
i44,e01,c3,p21,l3,0.00
i44,e01,c3,p22,l3,0.00
i44,e01,c3,p23,l3,0.00
i44,e01,c3,p24,l3,0.00
i44,e01,c3,p25,l3,0.00
i44,e01,c3,p28,l3,0.00
i44,e01,c3,p29,l3,0.00
i44,e01,c3,p32,l3,0.00
i44,e01,c3,p35,l3,0.00
i44,e01,c5,p01,l3,0.00
i44,e01,c5,p10,l3,0.00
i44,e02,c3,p03,l1,0.00
i44,e02,c3,p04,l1,0.00
i44,e02,c3,p05,l1,0.00
i44,e02,c3,p06,l1,0.00
i44,e02,c3,p10,l1,0.00
i44,e02,c3,p10,l3,0.00
i44,e02,c3,p14,l1,0.00
i44,e02,c3,p15,l1,0.00
i44,e02,c3,p16,l1,0.00
i44,e02,c3,p21,l1,0.00
i44,e02,c3,p24,l1,0.00
i44,e02,c3,p28,l1,0.00
i44,e02,c3,p35,l1,0.00
i44,e02,c3,p35,l3,0.00
i44,e04,c3,p01,l1,0.00
i44,e04,c3,p01,l3,0.00
i44,e04,c3,p02,l1,0.00
i44,e04,c3,p02,l3,0.00
i44,e04,c3,p03,l1,0.00
i44,e04,c3,p03,l3,0.00
i44,e04,c3,p04,l1,0.00
i44,e04,c3,p04,l3,0.00
i44,e04,c3,p05,l1,0.00
i44,e04,c3,p05,l3,0.00
i44,e04,c3,p06,l1,0.00
i44,e04,c3,p06,l3,0.00
i44,e04,c3,p07,l1,0.00
i44,e04,c3,p07,l3,0.00
i44,e04,c3,p08,l1,0.00
i44,e04,c3,p08,l3,0.00
i44,e04,c3,p09,l1,0.00
i44,e04,c3,p09,l3,0.00
i44,e04,c3,p10,l1,0.00
i44,e04,c3,p10,l3,0.00
i44,e04,c3,p11,l1,0.00
i44,e04,c3,p11,l3,0.00
i44,e04,c3,p12,l1,0.00
i44,e04,c3,p12,l3,0.00
i44,e04,c3,p13,l1,0.00
i44,e04,c3,p13,l3,0.00
i44,e04,c3,p14,l1,0.00
i44,e04,c3,p14,l3,0.00
i44,e04,c3,p15,l1,0.00
i44,e04,c3,p15,l3,0.00
i44,e04,c3,p16,l1,0.00
i44,e04,c3,p16,l3,0.00
i44,e04,c3,p17,l1,0.00
i44,e04,c3,p17,l3,0.00
i44,e04,c3,p18,l1,0.00
i44,e04,c3,p18,l3,0.00
i44,e04,c3,p19,l1,0.00
i44,e04,c3,p19,l3,0.00
i44,e04,c3,p20,l1,0.00
i44,e04,c3,p21,l1,0.00
i44,e04,c3,p21,l3,0.00
i44,e04,c3,p22,l1,0.00
i44,e04,c3,p23,l1,0.00
i44,e04,c3,p23,l3,0.00
i44,e04,c3,p24,l1,0.00
i44,e04,c3,p24,l3,0.00
i44,e04,c3,p25,l1,0.00
i44,e04,c3,p28,l1,0.00
i44,e04,c3,p28,l3,0.00
i44,e04,c3,p29,l1,0.00
i44,e04,c3,p29,l3,0.00
i44,e04,c3,p32,l1,0.00
i44,e04,c3,p32,l3,0.00
i44,e04,c3,p35,l1,0.00
i44,e04,c3,p35,l3,0.00
i44,e04,c5,p01,l1,0.00
i44,e04,c5,p01,l3,0.00
i44,e04,c5,p06,l1,0.00
i44,e04,c5,p10,l3,0.00
i44,e04,c5,p13,l3,0.00
i44,e04,c5,p16,l1,0.00
i44,e05,c3,p10,l3,0.00
i44,e05,c3,p15,l3,0.00
i44,e05,c3,p24,l1,0.00
i44,e05,c3,p24,l3,0.00
i44,e05,c3,p35,l1,0.00
i44,e05,c3,p35,l3,0.00
i44,e05,c5,p10,l3,0.00
i44,e05,c5,p35,l3,0.00
i44,e05,c8,p24,l3,0.00
i44,e05,c8,p35,l3,0.00
i44,e08,c3,p01,l2,0.00
i44,e08,c3,p01,l3,0.00
i44,e08,c3,p02,l2,0.00
i44,e08,c3,p02,l3,0.00
i44,e08,c3,p03,l2,0.00
i44,e08,c3,p03,l3,0.00
i44,e08,c3,p04,l2,0.00
i44,e08,c3,p04,l3,0.00
i44,e08,c3,p05,l2,0.00
i44,e08,c3,p06,l2,0.00
i44,e08,c3,p06,l3,0.00
i44,e08,c3,p07,l2,0.00
i44,e08,c3,p07,l3,0.00
i44,e08,c3,p08,l2,0.00
i44,e08,c3,p08,l3,0.00
i44,e08,c3,p09,l2,0.00
i44,e08,c3,p09,l3,0.00
i44,e08,c3,p10,l2,0.00
i44,e08,c3,p10,l3,0.00
i44,e08,c3,p11,l2,0.00
i44,e08,c3,p11,l3,0.00
i44,e08,c3,p12,l2,0.00
i44,e08,c3,p12,l3,0.00
i44,e08,c3,p13,l2,0.00
i44,e08,c3,p13,l3,0.00
i44,e08,c3,p14,l2,0.00
i44,e08,c3,p14,l3,0.00
i44,e08,c3,p15,l2,0.00
i44,e08,c3,p15,l3,0.00
i44,e08,c3,p16,l2,0.00
i44,e08,c3,p16,l3,0.00
i44,e08,c3,p17,l2,0.00
i44,e08,c3,p17,l3,0.00
i44,e08,c3,p18,l2,0.00
i44,e08,c3,p18,l3,0.00
i44,e08,c3,p19,l2,0.00
i44,e08,c3,p19,l3,0.00
i44,e08,c3,p20,l2,0.00
i44,e08,c3,p21,l2,0.00
i44,e08,c3,p21,l3,0.00
i44,e08,c3,p22,l2,0.00
i44,e08,c3,p23,l2,0.00
i44,e08,c3,p23,l3,0.00
i44,e08,c3,p24,l2,0.00
i44,e08,c3,p24,l3,0.00
i44,e08,c3,p25,l2,0.00
i44,e08,c3,p28,l2,0.00
i44,e08,c3,p28,l3,0.00
i44,e08,c3,p29,l2,0.00
i44,e08,c3,p29,l3,0.00
i44,e08,c3,p32,l2,0.00
i44,e08,c3,p35,l2,0.00
i44,e08,c3,p35,l3,0.00
i44,e08,c5,p01,l2,0.00
i44,e08,c5,p10,l3,0.00
i44,e08,c5,p13,l3,0.00
i44,e08,c5,p35,l2,0.00
i44,e08,c5,p35,l3,0.00
i44,e08,c8,p10,l3,0.00
i44,e08,c8,p35,l3,0.00
i44,e09,c3,p01,l2,0.00
i44,e09,c3,p02,l2,0.00
i44,e09,c3,p02,l3,0.00
i44,e09,c3,p03,l2,0.00
i44,e09,c3,p03,l3,0.00
i44,e09,c3,p04,l2,0.00
i44,e09,c3,p04,l3,0.00
i44,e09,c3,p05,l2,0.00
i44,e09,c3,p06,l2,0.00
i44,e09,c3,p06,l3,0.00
i44,e09,c3,p07,l2,0.00
i44,e09,c3,p07,l3,0.00
i44,e09,c3,p08,l2,0.00
i44,e09,c3,p08,l3,0.00
i44,e09,c3,p09,l2,0.00
i44,e09,c3,p09,l3,0.00
i44,e09,c3,p10,l2,0.00
i44,e09,c3,p10,l3,0.00
i44,e09,c3,p11,l2,0.00
i44,e09,c3,p11,l3,0.00
i44,e09,c3,p12,l2,0.00
i44,e09,c3,p12,l3,0.00
i44,e09,c3,p13,l2,0.00
i44,e09,c3,p13,l3,0.00
i44,e09,c3,p14,l2,0.00
i44,e09,c3,p14,l3,0.00
i44,e09,c3,p15,l2,0.00
i44,e09,c3,p15,l3,0.00
i44,e09,c3,p16,l2,0.00
i44,e09,c3,p16,l3,0.00
i44,e09,c3,p17,l2,0.00
i44,e09,c3,p17,l3,0.00
i44,e09,c3,p18,l2,0.00
i44,e09,c3,p18,l3,0.00
i44,e09,c3,p19,l2,0.00
i44,e09,c3,p19,l3,0.00
i44,e09,c3,p20,l2,0.00
i44,e09,c3,p21,l2,0.00
i44,e09,c3,p21,l3,0.00
i44,e09,c3,p22,l2,0.00
i44,e09,c3,p23,l2,0.00
i44,e09,c3,p23,l3,0.00
i44,e09,c3,p24,l2,0.00
i44,e09,c3,p24,l3,0.00
i44,e09,c3,p25,l2,0.00
i44,e09,c3,p28,l2,0.00
i44,e09,c3,p28,l3,0.00
i44,e09,c3,p29,l2,0.00
i44,e09,c3,p29,l3,0.00
i44,e09,c3,p32,l2,0.00
i44,e09,c3,p32,l3,0.00
i44,e09,c3,p35,l2,0.00
i44,e09,c3,p35,l3,0.00
i44,e09,c5,p01,l2,0.00
i44,e09,c5,p01,l3,0.00
i44,e09,c5,p10,l3,0.00
i44,e09,c8,p10,l3,0.00
i44,e11,c3,p01,l2,0.00
i44,e11,c3,p02,l2,0.00
i44,e11,c3,p02,l3,0.00
i44,e11,c3,p03,l2,0.00
i44,e11,c3,p03,l3,0.00
i44,e11,c3,p04,l2,0.00
i44,e11,c3,p04,l3,0.00
i44,e11,c3,p05,l2,0.00
i44,e11,c3,p06,l2,0.00
i44,e11,c3,p06,l3,0.00
i44,e11,c3,p07,l2,0.00
i44,e11,c3,p07,l3,0.00
i44,e11,c3,p08,l2,0.00
i44,e11,c3,p08,l3,0.00
i44,e11,c3,p09,l2,0.00
i44,e11,c3,p09,l3,0.00
i44,e11,c3,p10,l2,0.00
i44,e11,c3,p10,l3,0.00
i44,e11,c3,p11,l2,0.00
i44,e11,c3,p11,l3,0.00
i44,e11,c3,p12,l2,0.00
i44,e11,c3,p12,l3,0.00
i44,e11,c3,p13,l2,0.00
i44,e11,c3,p13,l3,0.00
i44,e11,c3,p14,l2,0.00
i44,e11,c3,p15,l2,0.00
i44,e11,c3,p15,l3,0.00
i44,e11,c3,p17,l2,0.00
i44,e11,c3,p18,l2,0.00
i44,e11,c3,p18,l3,0.00
i44,e11,c3,p19,l2,0.00
i44,e11,c3,p19,l3,0.00
i44,e11,c3,p20,l2,0.00
i44,e11,c3,p21,l2,0.00
i44,e11,c3,p21,l3,0.00
i44,e11,c3,p22,l2,0.00
i44,e11,c3,p23,l2,0.00
i44,e11,c3,p23,l3,0.00
i44,e11,c3,p24,l2,0.00
i44,e11,c3,p25,l2,0.00
i44,e11,c3,p28,l2,0.00
i44,e11,c3,p29,l2,0.00
i44,e11,c3,p32,l2,0.00
i44,e11,c3,p32,l3,0.00
i44,e11,c3,p35,l2,0.00
i44,e11,c3,p35,l3,0.00
i45,e01,c1,p01,l3,0.00
i45,e01,c1,p03,l3,0.00
i45,e01,c1,p04,l3,0.00
i45,e01,c1,p05,l3,0.00
i45,e01,c1,p06,l3,0.00
i45,e01,c1,p07,l3,0.00
i45,e01,c1,p08,l3,0.00
i45,e01,c1,p09,l3,0.00
i45,e01,c1,p10,l3,0.00
i45,e01,c1,p11,l3,0.00
i45,e01,c1,p12,l3,0.00
i45,e01,c1,p13,l3,0.00
i45,e01,c1,p14,l3,0.00
i45,e01,c1,p15,l3,0.00
i45,e01,c1,p16,l3,0.00
i45,e01,c1,p17,l3,0.00
i45,e01,c1,p18,l3,0.00
i45,e01,c1,p19,l3,0.00
i45,e01,c1,p20,l3,0.00
i45,e01,c1,p21,l3,0.00
i45,e01,c1,p22,l3,0.00
i45,e01,c1,p23,l3,0.00
i45,e01,c1,p24,l3,0.00
i45,e01,c1,p25,l3,0.00
i45,e01,c1,p26,l3,0.00
i45,e01,c1,p28,l3,0.00
i45,e01,c1,p29,l3,0.00
i45,e01,c1,p30,l3,0.00
i45,e01,c1,p32,l3,0.00
i45,e01,c1,p35,l3,0.00
i45,e04,c1,p01,l1,0.00
i45,e04,c1,p01,l3,0.00
i45,e04,c1,p02,l1,0.00
i45,e04,c1,p02,l3,0.00
i45,e04,c1,p03,l1,0.00
i45,e04,c1,p03,l3,0.00
i45,e04,c1,p04,l1,0.00
i45,e04,c1,p04,l3,0.00
i45,e04,c1,p05,l1,0.00
i45,e04,c1,p05,l3,0.00
i45,e04,c1,p06,l3,0.00
i45,e04,c1,p07,l1,0.00
i45,e04,c1,p07,l3,0.00
i45,e04,c1,p08,l3,0.00
i45,e04,c1,p09,l1,0.00
i45,e04,c1,p09,l3,0.00
i45,e04,c1,p10,l1,0.00
i45,e04,c1,p10,l3,0.00
i45,e04,c1,p11,l1,0.00
i45,e04,c1,p11,l3,0.00
i45,e04,c1,p12,l1,0.00
i45,e04,c1,p12,l3,0.00
i45,e04,c1,p13,l1,0.00
i45,e04,c1,p13,l3,0.00
i45,e04,c1,p14,l1,0.00
i45,e04,c1,p14,l3,0.00
i45,e04,c1,p15,l1,0.00
i45,e04,c1,p15,l3,0.00
i45,e04,c1,p16,l1,0.00
i45,e04,c1,p16,l3,0.00
i45,e04,c1,p17,l1,0.00
i45,e04,c1,p17,l3,0.00
i45,e04,c1,p18,l1,0.00
i45,e04,c1,p18,l3,0.00
i45,e04,c1,p19,l1,0.00
i45,e04,c1,p19,l3,0.00
i45,e04,c1,p20,l3,0.00
i45,e04,c1,p21,l1,0.00
i45,e04,c1,p21,l3,0.00
i45,e04,c1,p22,l1,0.00
i45,e04,c1,p22,l3,0.00
i45,e04,c1,p23,l1,0.00
i45,e04,c1,p23,l3,0.00
i45,e04,c1,p24,l3,0.00
i45,e04,c1,p25,l1,0.00
i45,e04,c1,p25,l3,0.00
i45,e04,c1,p26,l1,0.00
i45,e04,c1,p28,l3,0.00
i45,e04,c1,p29,l1,0.00
i45,e04,c1,p29,l3,0.00
i45,e04,c1,p32,l1,0.00
i45,e04,c1,p32,l3,0.00
i45,e04,c1,p35,l1,0.00
i45,e04,c1,p35,l3,0.00
i45,e05,c1,p35,l1,0.00
i45,e05,c1,p35,l3,0.00
i45,e09,c1,p01,l2,0.00
i45,e09,c1,p01,l3,0.00
i45,e09,c1,p02,l2,0.00
i45,e09,c1,p02,l3,0.00
i45,e09,c1,p03,l2,0.00
i45,e09,c1,p03,l3,0.00
i45,e09,c1,p04,l2,0.00
i45,e09,c1,p04,l3,0.00
i45,e09,c1,p05,l2,0.00
i45,e09,c1,p05,l3,0.00
i45,e09,c1,p06,l3,0.00
i45,e09,c1,p07,l2,0.00
i45,e09,c1,p07,l3,0.00
i45,e09,c1,p08,l2,0.00
i45,e09,c1,p08,l3,0.00
i45,e09,c1,p09,l2,0.00
i45,e09,c1,p09,l3,0.00
i45,e09,c1,p10,l2,0.00
i45,e09,c1,p10,l3,0.00
i45,e09,c1,p11,l2,0.00
i45,e09,c1,p11,l3,0.00
i45,e09,c1,p12,l2,0.00
i45,e09,c1,p12,l3,0.00
i45,e09,c1,p13,l2,0.00
i45,e09,c1,p13,l3,0.00
i45,e09,c1,p14,l2,0.00
i45,e09,c1,p14,l3,0.00
i45,e09,c1,p15,l2,0.00
i45,e09,c1,p15,l3,0.00
i45,e09,c1,p16,l2,0.00
i45,e09,c1,p16,l3,0.00
i45,e09,c1,p17,l2,0.00
i45,e09,c1,p17,l3,0.00
i45,e09,c1,p18,l2,0.00
i45,e09,c1,p18,l3,0.00
i45,e09,c1,p19,l2,0.00
i45,e09,c1,p19,l3,0.00
i45,e09,c1,p20,l2,0.00
i45,e09,c1,p20,l3,0.00
i45,e09,c1,p21,l2,0.00
i45,e09,c1,p21,l3,0.00
i45,e09,c1,p22,l2,0.00
i45,e09,c1,p22,l3,0.00
i45,e09,c1,p23,l2,0.00
i45,e09,c1,p23,l3,0.00
i45,e09,c1,p24,l2,0.00
i45,e09,c1,p24,l3,0.00
i45,e09,c1,p25,l3,0.00
i45,e09,c1,p26,l2,0.00
i45,e09,c1,p28,l2,0.00
i45,e09,c1,p28,l3,0.00
i45,e09,c1,p29,l2,0.00
i45,e09,c1,p29,l3,0.00
i45,e09,c1,p30,l3,0.00
i45,e09,c1,p32,l2,0.00
i45,e09,c1,p32,l3,0.00
i45,e09,c1,p35,l2,0.00
i45,e09,c1,p35,l3,0.00
i46,e01,c1,p01,l3,0.00
i46,e01,c1,p02,l3,0.00
i46,e01,c1,p03,l3,0.00
i46,e01,c1,p04,l3,0.00
i46,e01,c1,p05,l3,0.00
i46,e01,c1,p06,l3,0.00
i46,e01,c1,p07,l3,0.00
i46,e01,c1,p08,l3,0.00
i46,e01,c1,p09,l3,0.00
i46,e01,c1,p10,l3,0.00
i46,e01,c1,p11,l3,0.00
i46,e01,c1,p12,l3,0.00
i46,e01,c1,p13,l3,0.00
i46,e01,c1,p14,l3,0.00
i46,e01,c1,p15,l3,0.00
i46,e01,c1,p16,l3,0.00
i46,e01,c1,p17,l3,0.00
i46,e01,c1,p18,l3,0.00
i46,e01,c1,p19,l3,2.15
i46,e01,c1,p20,l3,0.00
i46,e01,c1,p21,l3,0.00
i46,e01,c1,p22,l3,0.00
i46,e01,c1,p23,l3,0.00
i46,e01,c1,p24,l3,0.00
i46,e01,c1,p25,l3,0.00
i46,e01,c1,p26,l3,0.00
i46,e01,c1,p27,l3,0.00
i46,e01,c1,p28,l3,0.00
i46,e01,c1,p29,l3,0.00
i46,e01,c1,p30,l3,0.00
i46,e01,c1,p31,l3,0.00
i46,e01,c1,p32,l3,0.00
i46,e01,c1,p33,l3,0.00
i46,e01,c1,p34,l3,0.00
i46,e01,c1,p35,l3,6.28
i46,e01,c4,p01,l3,0.00
i46,e01,c4,p02,l3,0.00
i46,e01,c4,p03,l3,0.00
i46,e01,c4,p04,l3,0.00
i46,e01,c4,p05,l3,0.00
i46,e01,c4,p06,l3,0.00
i46,e01,c4,p07,l3,0.00
i46,e01,c4,p08,l3,0.00
i46,e01,c4,p09,l3,0.00
i46,e01,c4,p10,l3,0.00
i46,e01,c4,p11,l3,0.00
i46,e01,c4,p12,l3,0.00
i46,e01,c4,p13,l3,0.00
i46,e01,c4,p14,l3,0.00
i46,e01,c4,p15,l3,0.00
i46,e01,c4,p16,l3,0.00
i46,e01,c4,p17,l3,0.00
i46,e01,c4,p18,l3,0.00
i46,e01,c4,p19,l3,0.00
i46,e01,c4,p20,l3,0.00
i46,e01,c4,p21,l3,0.00
i46,e01,c4,p22,l3,0.00
i46,e01,c4,p23,l3,0.00
i46,e01,c4,p24,l3,0.00
i46,e01,c4,p25,l3,0.00
i46,e01,c4,p26,l3,0.00
i46,e01,c4,p27,l3,0.00
i46,e01,c4,p28,l3,0.00
i46,e01,c4,p29,l3,0.00
i46,e01,c4,p30,l3,0.00
i46,e01,c4,p31,l3,0.00
i46,e01,c4,p32,l3,0.00
i46,e01,c4,p33,l3,0.00
i46,e01,c4,p34,l3,0.00
i46,e01,c4,p35,l3,4.43
i46,e01,c7,p01,l3,0.00
i46,e01,c7,p02,l3,0.00
i46,e01,c7,p03,l3,0.00
i46,e01,c7,p04,l3,0.00
i46,e01,c7,p05,l3,0.00
i46,e01,c7,p10,l3,0.00
i46,e01,c7,p11,l3,0.00
i46,e01,c7,p12,l3,0.00
i46,e01,c7,p13,l3,0.00
i46,e01,c7,p14,l3,0.00
i46,e01,c7,p15,l3,0.00
i46,e01,c7,p16,l3,0.00
i46,e01,c7,p18,l3,0.00
i46,e01,c7,p19,l3,0.00
i46,e01,c7,p22,l3,0.00
i46,e01,c7,p24,l3,0.00
i46,e01,c7,p35,l3,0.00
i46,e04,c1,p01,l1,0.00
i46,e04,c1,p01,l3,0.00
i46,e04,c1,p02,l1,0.00
i46,e04,c1,p02,l3,0.00
i46,e04,c1,p03,l1,0.00
i46,e04,c1,p03,l3,0.00
i46,e04,c1,p04,l1,0.00
i46,e04,c1,p04,l3,0.00
i46,e04,c1,p05,l1,0.00
i46,e04,c1,p05,l3,0.00
i46,e04,c1,p06,l1,0.00
i46,e04,c1,p06,l3,0.00
i46,e04,c1,p07,l1,0.00
i46,e04,c1,p07,l3,0.00
i46,e04,c1,p08,l1,0.00
i46,e04,c1,p08,l3,0.00
i46,e04,c1,p09,l1,0.00
i46,e04,c1,p09,l3,0.00
i46,e04,c1,p10,l1,0.00
i46,e04,c1,p10,l3,0.00
i46,e04,c1,p11,l1,0.00
i46,e04,c1,p11,l3,0.00
i46,e04,c1,p12,l1,0.00
i46,e04,c1,p12,l3,0.00
i46,e04,c1,p13,l1,0.00
i46,e04,c1,p13,l3,0.00
i46,e04,c1,p14,l1,0.00
i46,e04,c1,p14,l3,0.00
i46,e04,c1,p15,l1,0.00
i46,e04,c1,p15,l3,0.00
i46,e04,c1,p16,l1,0.00
i46,e04,c1,p16,l3,0.00
i46,e04,c1,p17,l1,0.00
i46,e04,c1,p17,l3,1.09
i46,e04,c1,p18,l1,0.00
i46,e04,c1,p18,l3,0.00
i46,e04,c1,p19,l1,0.00
i46,e04,c1,p19,l3,2.38
i46,e04,c1,p20,l1,0.00
i46,e04,c1,p20,l3,0.00
i46,e04,c1,p21,l1,0.00
i46,e04,c1,p21,l3,0.00
i46,e04,c1,p22,l1,0.00
i46,e04,c1,p22,l3,0.00
i46,e04,c1,p23,l1,0.00
i46,e04,c1,p23,l3,0.00
i46,e04,c1,p24,l1,0.00
i46,e04,c1,p24,l3,0.00
i46,e04,c1,p25,l1,0.00
i46,e04,c1,p25,l3,0.00
i46,e04,c1,p26,l1,0.00
i46,e04,c1,p26,l3,0.00
i46,e04,c1,p27,l3,0.00
i46,e04,c1,p28,l1,0.00
i46,e04,c1,p28,l3,0.00
i46,e04,c1,p29,l1,0.00
i46,e04,c1,p29,l3,0.00
i46,e04,c1,p30,l1,0.00
i46,e04,c1,p30,l3,0.00
i46,e04,c1,p31,l1,0.00
i46,e04,c1,p31,l3,0.00
i46,e04,c1,p32,l1,0.00
i46,e04,c1,p32,l3,0.00
i46,e04,c1,p33,l1,0.00
i46,e04,c1,p33,l3,0.00
i46,e04,c1,p34,l1,0.00
i46,e04,c1,p34,l3,0.00
i46,e04,c1,p35,l1,0.00
i46,e04,c1,p35,l3,14.01
i46,e04,c4,p01,l1,0.00
i46,e04,c4,p01,l3,0.00
i46,e04,c4,p02,l1,0.00
i46,e04,c4,p02,l3,0.00
i46,e04,c4,p03,l1,0.00
i46,e04,c4,p03,l3,0.00
i46,e04,c4,p04,l1,0.00
i46,e04,c4,p04,l3,0.00
i46,e04,c4,p05,l1,0.00
i46,e04,c4,p05,l3,0.00
i46,e04,c4,p06,l1,0.00
i46,e04,c4,p06,l3,2.85
i46,e04,c4,p07,l1,0.00
i46,e04,c4,p07,l3,0.00
i46,e04,c4,p08,l1,0.00
i46,e04,c4,p08,l3,0.00
i46,e04,c4,p09,l1,0.00
i46,e04,c4,p09,l3,0.00
i46,e04,c4,p10,l1,0.00
i46,e04,c4,p10,l3,0.00
i46,e04,c4,p11,l1,0.00
i46,e04,c4,p11,l3,0.00
i46,e04,c4,p12,l1,0.00
i46,e04,c4,p12,l3,0.00
i46,e04,c4,p13,l1,0.00
i46,e04,c4,p13,l3,0.00
i46,e04,c4,p14,l1,0.00
i46,e04,c4,p14,l3,0.00
i46,e04,c4,p15,l1,0.00
i46,e04,c4,p15,l3,0.00
i46,e04,c4,p16,l1,0.00
i46,e04,c4,p16,l3,0.00
i46,e04,c4,p17,l1,0.00
i46,e04,c4,p17,l3,0.00
i46,e04,c4,p18,l1,0.00
i46,e04,c4,p18,l3,0.00
i46,e04,c4,p19,l1,0.00
i46,e04,c4,p19,l3,0.00
i46,e04,c4,p20,l1,0.00
i46,e04,c4,p20,l3,0.00
i46,e04,c4,p21,l1,0.00
i46,e04,c4,p21,l3,0.00
i46,e04,c4,p22,l1,0.00
i46,e04,c4,p22,l3,0.00
i46,e04,c4,p23,l1,0.00
i46,e04,c4,p23,l3,0.00
i46,e04,c4,p24,l1,0.00
i46,e04,c4,p24,l3,0.00
i46,e04,c4,p25,l1,0.00
i46,e04,c4,p25,l3,0.00
i46,e04,c4,p26,l1,0.00
i46,e04,c4,p26,l3,0.00
i46,e04,c4,p27,l3,0.00
i46,e04,c4,p28,l1,0.00
i46,e04,c4,p28,l3,0.00
i46,e04,c4,p29,l1,0.00
i46,e04,c4,p29,l3,0.00
i46,e04,c4,p30,l1,0.00
i46,e04,c4,p30,l3,0.00
i46,e04,c4,p31,l1,0.00
i46,e04,c4,p31,l3,0.00
i46,e04,c4,p32,l1,0.00
i46,e04,c4,p32,l3,0.00
i46,e04,c4,p33,l1,0.00
i46,e04,c4,p33,l3,0.00
i46,e04,c4,p34,l3,0.00
i46,e04,c4,p35,l1,0.00
i46,e04,c4,p35,l3,0.00
i46,e04,c7,p01,l3,0.00
i46,e04,c7,p02,l3,0.00
i46,e04,c7,p03,l3,0.00
i46,e04,c7,p04,l1,0.00
i46,e04,c7,p04,l3,0.00
i46,e04,c7,p05,l3,0.00
i46,e04,c7,p10,l3,0.00
i46,e04,c7,p11,l1,0.00
i46,e04,c7,p11,l3,0.00
i46,e04,c7,p12,l1,0.00
i46,e04,c7,p13,l3,0.00
i46,e04,c7,p14,l3,0.00
i46,e04,c7,p15,l3,0.00
i46,e04,c7,p16,l3,0.00
i46,e04,c7,p18,l3,0.00
i46,e04,c7,p19,l3,0.00
i46,e04,c7,p21,l3,0.00
i46,e04,c7,p24,l3,0.00
i46,e04,c7,p35,l1,0.00
i46,e04,c7,p35,l3,0.00
i46,e05,c1,p01,l1,0.00
i46,e05,c1,p01,l3,0.00
i46,e05,c1,p02,l1,0.00
i46,e05,c1,p02,l3,0.00
i46,e05,c1,p03,l1,0.00
i46,e05,c1,p03,l3,0.00
i46,e05,c1,p04,l1,0.00
i46,e05,c1,p04,l3,0.00
i46,e05,c1,p05,l1,0.00
i46,e05,c1,p05,l3,0.00
i46,e05,c1,p06,l1,0.00
i46,e05,c1,p06,l3,0.00
i46,e05,c1,p07,l1,0.00
i46,e05,c1,p07,l3,0.00
i46,e05,c1,p08,l1,0.00
i46,e05,c1,p08,l3,0.00
i46,e05,c1,p09,l1,0.00
i46,e05,c1,p09,l3,0.00
i46,e05,c1,p10,l1,0.00
i46,e05,c1,p10,l3,0.00
i46,e05,c1,p11,l1,0.00
i46,e05,c1,p11,l3,0.00
i46,e05,c1,p12,l1,0.00
i46,e05,c1,p12,l3,0.00
i46,e05,c1,p13,l1,0.00
i46,e05,c1,p13,l3,0.00
i46,e05,c1,p14,l1,0.00
i46,e05,c1,p14,l3,0.00
i46,e05,c1,p15,l1,0.00
i46,e05,c1,p15,l3,0.00
i46,e05,c1,p16,l1,0.00
i46,e05,c1,p16,l3,0.00
i46,e05,c1,p17,l1,0.00
i46,e05,c1,p17,l3,0.00
i46,e05,c1,p18,l1,0.00
i46,e05,c1,p18,l3,0.00
i46,e05,c1,p19,l1,0.00
i46,e05,c1,p19,l3,0.00
i46,e05,c1,p20,l1,0.00
i46,e05,c1,p20,l3,0.00
i46,e05,c1,p21,l1,0.00
i46,e05,c1,p21,l3,0.00
i46,e05,c1,p22,l1,0.00
i46,e05,c1,p22,l3,0.00
i46,e05,c1,p23,l1,0.00
i46,e05,c1,p23,l3,0.00
i46,e05,c1,p24,l1,0.00
i46,e05,c1,p24,l3,0.00
i46,e05,c1,p25,l1,0.00
i46,e05,c1,p25,l3,0.00
i46,e05,c1,p26,l1,0.00
i46,e05,c1,p26,l3,0.00
i46,e05,c1,p27,l3,0.00
i46,e05,c1,p28,l1,0.00
i46,e05,c1,p28,l3,0.00
i46,e05,c1,p29,l1,0.00
i46,e05,c1,p29,l3,0.00
i46,e05,c1,p30,l1,0.00
i46,e05,c1,p30,l3,0.00
i46,e05,c1,p31,l1,0.00
i46,e05,c1,p31,l3,0.00
i46,e05,c1,p32,l1,0.00
i46,e05,c1,p32,l3,0.00
i46,e05,c1,p33,l1,0.00
i46,e05,c1,p33,l3,0.00
i46,e05,c1,p34,l1,0.00
i46,e05,c1,p34,l3,0.00
i46,e05,c1,p35,l1,0.00
i46,e05,c1,p35,l3,0.00
i46,e05,c4,p01,l1,0.00
i46,e05,c4,p01,l3,0.00
i46,e05,c4,p02,l1,0.00
i46,e05,c4,p02,l3,0.00
i46,e05,c4,p03,l1,0.00
i46,e05,c4,p03,l3,0.00
i46,e05,c4,p04,l1,0.00
i46,e05,c4,p04,l3,0.00
i46,e05,c4,p05,l1,0.00
i46,e05,c4,p05,l3,0.00
i46,e05,c4,p06,l1,0.00
i46,e05,c4,p06,l3,0.00
i46,e05,c4,p07,l1,0.00
i46,e05,c4,p07,l3,0.00
i46,e05,c4,p08,l1,0.00
i46,e05,c4,p08,l3,0.00
i46,e05,c4,p09,l1,0.00
i46,e05,c4,p09,l3,0.00
i46,e05,c4,p10,l1,0.00
i46,e05,c4,p10,l3,0.00
i46,e05,c4,p11,l1,0.00
i46,e05,c4,p11,l3,0.00
i46,e05,c4,p12,l1,0.00
i46,e05,c4,p12,l3,0.00
i46,e05,c4,p13,l1,0.00
i46,e05,c4,p13,l3,0.00
i46,e05,c4,p14,l1,0.00
i46,e05,c4,p14,l3,0.00
i46,e05,c4,p15,l1,0.00
i46,e05,c4,p15,l3,0.00
i46,e05,c4,p16,l1,0.00
i46,e05,c4,p16,l3,0.00
i46,e05,c4,p17,l1,0.00
i46,e05,c4,p17,l3,0.00
i46,e05,c4,p18,l1,0.00
i46,e05,c4,p18,l3,0.00
i46,e05,c4,p19,l1,0.00
i46,e05,c4,p19,l3,0.00
i46,e05,c4,p20,l1,0.00
i46,e05,c4,p20,l3,0.00
i46,e05,c4,p21,l1,0.00
i46,e05,c4,p21,l3,0.00
i46,e05,c4,p22,l1,0.00
i46,e05,c4,p22,l3,0.00
i46,e05,c4,p23,l1,0.00
i46,e05,c4,p23,l3,0.00
i46,e05,c4,p24,l1,0.00
i46,e05,c4,p24,l3,0.00
i46,e05,c4,p25,l1,0.00
i46,e05,c4,p25,l3,0.00
i46,e05,c4,p26,l1,0.00
i46,e05,c4,p26,l3,0.00
i46,e05,c4,p27,l1,0.00
i46,e05,c4,p28,l1,0.00
i46,e05,c4,p28,l3,0.00
i46,e05,c4,p29,l1,0.00
i46,e05,c4,p29,l3,0.00
i46,e05,c4,p30,l1,0.00
i46,e05,c4,p30,l3,0.00
i46,e05,c4,p31,l3,0.00
i46,e05,c4,p32,l1,0.00
i46,e05,c4,p32,l3,0.00
i46,e05,c4,p33,l1,0.00
i46,e05,c4,p33,l3,0.00
i46,e05,c4,p35,l1,0.00
i46,e05,c4,p35,l3,0.00
i46,e05,c7,p03,l3,0.00
i46,e05,c7,p04,l3,0.00
i46,e05,c7,p11,l1,0.00
i46,e05,c7,p11,l3,0.00
i46,e05,c7,p13,l3,0.00
i46,e05,c7,p18,l1,0.00
i46,e05,c7,p18,l3,0.00
i46,e05,c7,p35,l1,0.00
i46,e05,c7,p35,l3,0.00
i46,e06,c1,p01,l3,0.00
i46,e06,c1,p02,l3,0.00
i46,e06,c1,p03,l3,0.00
i46,e06,c1,p04,l3,0.00
i46,e06,c1,p05,l3,0.00
i46,e06,c1,p06,l3,0.00
i46,e06,c1,p07,l3,0.00
i46,e06,c1,p08,l3,0.00
i46,e06,c1,p09,l3,0.00
i46,e06,c1,p10,l3,0.00
i46,e06,c1,p11,l3,0.00
i46,e06,c1,p12,l3,0.00
i46,e06,c1,p13,l3,0.00
i46,e06,c1,p14,l3,0.00
i46,e06,c1,p15,l3,0.00
i46,e06,c1,p16,l3,0.00
i46,e06,c1,p17,l3,0.00
i46,e06,c1,p18,l3,0.00
i46,e06,c1,p19,l3,0.00
i46,e06,c1,p20,l3,0.00
i46,e06,c1,p21,l3,0.00
i46,e06,c1,p22,l3,0.00
i46,e06,c1,p23,l3,0.00
i46,e06,c1,p24,l3,0.00
i46,e06,c1,p25,l3,0.00
i46,e06,c1,p26,l3,0.00
i46,e06,c1,p27,l3,0.00
i46,e06,c1,p28,l3,0.00
i46,e06,c1,p29,l3,0.00
i46,e06,c1,p30,l3,0.00
i46,e06,c1,p31,l3,0.00
i46,e06,c1,p32,l3,0.00
i46,e06,c1,p33,l3,0.00
i46,e06,c1,p34,l3,0.00
i46,e06,c1,p35,l3,0.00
i46,e06,c4,p01,l3,0.00
i46,e06,c4,p02,l3,0.00
i46,e06,c4,p03,l3,0.00
i46,e06,c4,p04,l3,0.00
i46,e06,c4,p05,l3,0.00
i46,e06,c4,p06,l3,0.00
i46,e06,c4,p07,l3,0.00
i46,e06,c4,p08,l3,0.00
i46,e06,c4,p09,l3,0.00
i46,e06,c4,p10,l3,0.00
i46,e06,c4,p11,l3,0.00
i46,e06,c4,p12,l3,0.00
i46,e06,c4,p13,l3,0.00
i46,e06,c4,p14,l3,0.00
i46,e06,c4,p15,l3,0.00
i46,e06,c4,p16,l3,0.00
i46,e06,c4,p17,l3,0.00
i46,e06,c4,p18,l3,0.00
i46,e06,c4,p19,l3,0.00
i46,e06,c4,p20,l3,0.00
i46,e06,c4,p21,l3,0.00
i46,e06,c4,p22,l3,0.00
i46,e06,c4,p23,l3,0.00
i46,e06,c4,p24,l3,0.00
i46,e06,c4,p25,l3,0.00
i46,e06,c4,p26,l3,0.00
i46,e06,c4,p28,l3,0.00
i46,e06,c4,p29,l3,0.00
i46,e06,c4,p30,l3,0.00
i46,e06,c4,p31,l3,0.00
i46,e06,c4,p32,l3,0.00
i46,e06,c4,p33,l3,0.00
i46,e06,c4,p34,l3,0.00
i46,e06,c4,p35,l3,0.00
i46,e06,c7,p03,l3,0.00
i46,e06,c7,p11,l3,0.00
i46,e06,c7,p13,l3,0.00
i46,e06,c7,p35,l3,0.00
i46,e07,c1,p01,l2,0.00
i46,e07,c1,p01,l3,0.00
i46,e07,c1,p02,l2,0.00
i46,e07,c1,p02,l3,0.00
i46,e07,c1,p03,l2,0.00
i46,e07,c1,p03,l3,0.00
i46,e07,c1,p04,l2,0.00
i46,e07,c1,p04,l3,0.00
i46,e07,c1,p05,l2,0.00
i46,e07,c1,p05,l3,0.00
i46,e07,c1,p06,l2,0.00
i46,e07,c1,p06,l3,0.00
i46,e07,c1,p07,l2,0.00
i46,e07,c1,p07,l3,0.00
i46,e07,c1,p08,l2,0.00
i46,e07,c1,p08,l3,0.00
i46,e07,c1,p09,l2,0.00
i46,e07,c1,p09,l3,0.00
i46,e07,c1,p10,l2,0.00
i46,e07,c1,p10,l3,0.00
i46,e07,c1,p11,l2,0.00
i46,e07,c1,p11,l3,0.00
i46,e07,c1,p12,l2,0.00
i46,e07,c1,p12,l3,0.00
i46,e07,c1,p13,l2,0.00
i46,e07,c1,p13,l3,0.00
i46,e07,c1,p14,l2,0.00
i46,e07,c1,p14,l3,0.00
i46,e07,c1,p15,l2,0.00
i46,e07,c1,p15,l3,0.00
i46,e07,c1,p16,l2,0.00
i46,e07,c1,p16,l3,0.00
i46,e07,c1,p17,l2,0.00
i46,e07,c1,p17,l3,0.00
i46,e07,c1,p18,l2,0.00
i46,e07,c1,p18,l3,0.00
i46,e07,c1,p19,l2,0.00
i46,e07,c1,p19,l3,0.00
i46,e07,c1,p20,l2,0.00
i46,e07,c1,p20,l3,0.00
i46,e07,c1,p21,l2,0.00
i46,e07,c1,p21,l3,0.00
i46,e07,c1,p22,l2,0.00
i46,e07,c1,p22,l3,0.00
i46,e07,c1,p23,l2,0.00
i46,e07,c1,p23,l3,0.00
i46,e07,c1,p24,l2,0.00
i46,e07,c1,p24,l3,0.00
i46,e07,c1,p25,l2,0.00
i46,e07,c1,p25,l3,0.00
i46,e07,c1,p26,l2,0.00
i46,e07,c1,p26,l3,0.00
i46,e07,c1,p27,l2,0.00
i46,e07,c1,p27,l3,0.00
i46,e07,c1,p28,l2,0.00
i46,e07,c1,p28,l3,0.00
i46,e07,c1,p29,l2,0.00
i46,e07,c1,p29,l3,0.00
i46,e07,c1,p30,l2,0.00
i46,e07,c1,p30,l3,0.00
i46,e07,c1,p31,l3,0.00
i46,e07,c1,p32,l2,0.00
i46,e07,c1,p32,l3,0.00
i46,e07,c1,p33,l3,0.00
i46,e07,c1,p35,l2,0.00
i46,e07,c1,p35,l3,0.00
i46,e07,c4,p01,l3,0.00
i46,e07,c4,p02,l2,0.00
i46,e07,c4,p02,l3,0.00
i46,e07,c4,p03,l2,0.00
i46,e07,c4,p03,l3,0.00
i46,e07,c4,p04,l2,0.00
i46,e07,c4,p04,l3,0.00
i46,e07,c4,p05,l2,0.00
i46,e07,c4,p05,l3,0.00
i46,e07,c4,p06,l3,0.00
i46,e07,c4,p07,l2,0.00
i46,e07,c4,p07,l3,0.00
i46,e07,c4,p08,l2,0.00
i46,e07,c4,p08,l3,0.00
i46,e07,c4,p09,l3,0.00
i46,e07,c4,p10,l2,0.00
i46,e07,c4,p10,l3,0.00
i46,e07,c4,p11,l3,0.00
i46,e07,c4,p12,l2,0.00
i46,e07,c4,p12,l3,0.00
i46,e07,c4,p13,l2,0.00
i46,e07,c4,p13,l3,0.00
i46,e07,c4,p14,l2,0.00
i46,e07,c4,p14,l3,0.00
i46,e07,c4,p15,l3,0.00
i46,e07,c4,p16,l2,0.00
i46,e07,c4,p16,l3,0.00
i46,e07,c4,p17,l3,0.00
i46,e07,c4,p18,l3,0.00
i46,e07,c4,p19,l2,0.00
i46,e07,c4,p19,l3,0.00
i46,e07,c4,p21,l2,0.00
i46,e07,c4,p21,l3,0.00
i46,e07,c4,p23,l3,0.00
i46,e07,c4,p24,l2,0.00
i46,e07,c4,p24,l3,0.00
i46,e07,c4,p28,l3,0.00
i46,e07,c4,p29,l3,0.00
i46,e07,c4,p30,l2,0.00
i46,e07,c4,p30,l3,0.00
i46,e07,c4,p31,l3,0.00
i46,e07,c4,p32,l3,0.00
i46,e07,c4,p35,l2,0.00
i46,e07,c4,p35,l3,0.00
i46,e08,c1,p01,l2,0.00
i46,e08,c1,p01,l3,2.67
i46,e08,c1,p02,l2,0.00
i46,e08,c1,p02,l3,8.03
i46,e08,c1,p03,l2,0.00
i46,e08,c1,p03,l3,2.79
i46,e08,c1,p04,l2,0.00
i46,e08,c1,p04,l3,13.33
i46,e08,c1,p05,l2,0.00
i46,e08,c1,p05,l3,0.00
i46,e08,c1,p06,l2,0.00
i46,e08,c1,p06,l3,0.00
i46,e08,c1,p07,l2,0.00
i46,e08,c1,p07,l3,0.00
i46,e08,c1,p08,l2,0.00
i46,e08,c1,p08,l3,0.00
i46,e08,c1,p09,l2,0.00
i46,e08,c1,p09,l3,0.00
i46,e08,c1,p10,l2,0.00
i46,e08,c1,p10,l3,3.13
i46,e08,c1,p11,l2,0.00
i46,e08,c1,p11,l3,1.90
i46,e08,c1,p12,l2,0.00
i46,e08,c1,p12,l3,0.00
i46,e08,c1,p13,l2,0.00
i46,e08,c1,p13,l3,0.00
i46,e08,c1,p14,l2,0.00
i46,e08,c1,p14,l3,0.00
i46,e08,c1,p15,l2,0.00
i46,e08,c1,p15,l3,3.09
i46,e08,c1,p16,l2,0.00
i46,e08,c1,p16,l3,0.00
i46,e08,c1,p17,l2,0.00
i46,e08,c1,p17,l3,0.00
i46,e08,c1,p18,l2,0.00
i46,e08,c1,p18,l3,1.00
i46,e08,c1,p19,l2,0.00
i46,e08,c1,p19,l3,20.38
i46,e08,c1,p20,l2,0.00
i46,e08,c1,p20,l3,0.00
i46,e08,c1,p21,l2,0.00
i46,e08,c1,p21,l3,2.77
i46,e08,c1,p22,l2,0.00
i46,e08,c1,p22,l3,2.06
i46,e08,c1,p23,l2,0.00
i46,e08,c1,p23,l3,0.00
i46,e08,c1,p24,l2,0.00
i46,e08,c1,p24,l3,0.00
i46,e08,c1,p25,l2,0.00
i46,e08,c1,p25,l3,1.89
i46,e08,c1,p26,l2,0.00
i46,e08,c1,p26,l3,0.00
i46,e08,c1,p27,l2,0.00
i46,e08,c1,p27,l3,0.00
i46,e08,c1,p28,l2,0.00
i46,e08,c1,p28,l3,0.00
i46,e08,c1,p29,l2,0.00
i46,e08,c1,p29,l3,0.00
i46,e08,c1,p30,l2,0.00
i46,e08,c1,p30,l3,0.00
i46,e08,c1,p31,l2,0.00
i46,e08,c1,p31,l3,0.00
i46,e08,c1,p32,l2,0.00
i46,e08,c1,p32,l3,0.00
i46,e08,c1,p33,l2,0.00
i46,e08,c1,p33,l3,0.00
i46,e08,c1,p34,l2,0.00
i46,e08,c1,p34,l3,0.00
i46,e08,c1,p35,l2,0.00
i46,e08,c1,p35,l3,237.16
i46,e08,c4,p01,l2,0.00
i46,e08,c4,p01,l3,5.25
i46,e08,c4,p02,l2,0.00
i46,e08,c4,p02,l3,0.00
i46,e08,c4,p03,l2,0.00
i46,e08,c4,p03,l3,0.00
i46,e08,c4,p04,l2,0.00
i46,e08,c4,p04,l3,0.00
i46,e08,c4,p05,l2,0.00
i46,e08,c4,p05,l3,0.00
i46,e08,c4,p06,l2,0.00
i46,e08,c4,p06,l3,0.00
i46,e08,c4,p07,l2,0.00
i46,e08,c4,p07,l3,1.49
i46,e08,c4,p08,l2,0.00
i46,e08,c4,p08,l3,0.00
i46,e08,c4,p09,l2,0.00
i46,e08,c4,p09,l3,0.00
i46,e08,c4,p10,l2,0.00
i46,e08,c4,p10,l3,3.02
i46,e08,c4,p11,l2,0.00
i46,e08,c4,p11,l3,1.73
i46,e08,c4,p12,l2,0.00
i46,e08,c4,p12,l3,0.00
i46,e08,c4,p13,l2,0.00
i46,e08,c4,p13,l3,0.00
i46,e08,c4,p14,l2,0.00
i46,e08,c4,p14,l3,0.00
i46,e08,c4,p15,l2,0.00
i46,e08,c4,p15,l3,0.00
i46,e08,c4,p16,l2,0.00
i46,e08,c4,p16,l3,0.00
i46,e08,c4,p17,l2,0.00
i46,e08,c4,p17,l3,0.00
i46,e08,c4,p18,l2,0.00
i46,e08,c4,p18,l3,0.00
i46,e08,c4,p19,l2,0.00
i46,e08,c4,p19,l3,2.25
i46,e08,c4,p20,l2,0.00
i46,e08,c4,p20,l3,0.00
i46,e08,c4,p21,l2,0.00
i46,e08,c4,p21,l3,0.00
i46,e08,c4,p22,l2,0.00
i46,e08,c4,p22,l3,0.00
i46,e08,c4,p23,l2,0.00
i46,e08,c4,p23,l3,0.00
i46,e08,c4,p24,l2,0.00
i46,e08,c4,p24,l3,0.00
i46,e08,c4,p25,l2,0.00
i46,e08,c4,p25,l3,0.00
i46,e08,c4,p26,l2,0.00
i46,e08,c4,p26,l3,0.00
i46,e08,c4,p27,l3,0.00
i46,e08,c4,p28,l2,0.00
i46,e08,c4,p28,l3,0.00
i46,e08,c4,p29,l2,0.00
i46,e08,c4,p29,l3,0.00
i46,e08,c4,p30,l2,0.00
i46,e08,c4,p30,l3,0.00
i46,e08,c4,p31,l2,0.00
i46,e08,c4,p31,l3,0.00
i46,e08,c4,p32,l2,0.00
i46,e08,c4,p32,l3,0.00
i46,e08,c4,p33,l2,0.00
i46,e08,c4,p33,l3,0.00
i46,e08,c4,p34,l2,0.00
i46,e08,c4,p34,l3,0.00
i46,e08,c4,p35,l2,0.00
i46,e08,c4,p35,l3,33.17
i46,e08,c7,p01,l2,0.00
i46,e08,c7,p01,l3,0.00
i46,e08,c7,p02,l2,0.00
i46,e08,c7,p02,l3,0.00
i46,e08,c7,p03,l2,0.00
i46,e08,c7,p03,l3,0.00
i46,e08,c7,p04,l2,0.00
i46,e08,c7,p04,l3,0.00
i46,e08,c7,p05,l3,0.00
i46,e08,c7,p07,l2,0.00
i46,e08,c7,p07,l3,0.00
i46,e08,c7,p10,l3,0.00
i46,e08,c7,p11,l2,0.00
i46,e08,c7,p11,l3,0.00
i46,e08,c7,p12,l2,0.00
i46,e08,c7,p12,l3,0.00
i46,e08,c7,p13,l3,0.00
i46,e08,c7,p14,l3,0.00
i46,e08,c7,p15,l2,0.00
i46,e08,c7,p15,l3,0.00
i46,e08,c7,p16,l3,0.00
i46,e08,c7,p17,l3,0.00
i46,e08,c7,p18,l2,0.00
i46,e08,c7,p18,l3,0.00
i46,e08,c7,p19,l2,0.00
i46,e08,c7,p19,l3,0.00
i46,e08,c7,p21,l3,0.00
i46,e08,c7,p24,l3,0.00
i46,e08,c7,p28,l2,0.00
i46,e08,c7,p28,l3,0.00
i46,e08,c7,p29,l3,0.00
i46,e08,c7,p32,l3,0.00
i46,e08,c7,p33,l3,0.00
i46,e08,c7,p35,l2,0.00
i46,e08,c7,p35,l3,0.00
i46,e09,c1,p01,l2,0.00
i46,e09,c1,p01,l3,0.00
i46,e09,c1,p02,l2,0.00
i46,e09,c1,p02,l3,0.00
i46,e09,c1,p03,l2,0.00
i46,e09,c1,p03,l3,0.00
i46,e09,c1,p04,l2,0.00
i46,e09,c1,p04,l3,0.00
i46,e09,c1,p05,l2,0.00
i46,e09,c1,p05,l3,1.31
i46,e09,c1,p06,l2,0.00
i46,e09,c1,p06,l3,0.00
i46,e09,c1,p07,l2,0.00
i46,e09,c1,p07,l3,0.00
i46,e09,c1,p08,l2,0.00
i46,e09,c1,p08,l3,0.00
i46,e09,c1,p09,l2,0.00
i46,e09,c1,p09,l3,0.00
i46,e09,c1,p10,l2,0.00
i46,e09,c1,p10,l3,1.58
i46,e09,c1,p11,l2,0.00
i46,e09,c1,p11,l3,0.00
i46,e09,c1,p12,l2,0.00
i46,e09,c1,p12,l3,0.00
i46,e09,c1,p13,l2,0.00
i46,e09,c1,p13,l3,0.00
i46,e09,c1,p14,l2,0.00
i46,e09,c1,p14,l3,0.00
i46,e09,c1,p15,l2,0.00
i46,e09,c1,p15,l3,0.00
i46,e09,c1,p16,l2,0.00
i46,e09,c1,p16,l3,0.00
i46,e09,c1,p17,l2,0.00
i46,e09,c1,p17,l3,0.00
i46,e09,c1,p18,l2,0.00
i46,e09,c1,p18,l3,0.00
i46,e09,c1,p19,l2,0.00
i46,e09,c1,p19,l3,0.00
i46,e09,c1,p20,l2,0.00
i46,e09,c1,p20,l3,0.00
i46,e09,c1,p21,l2,0.00
i46,e09,c1,p21,l3,0.00
i46,e09,c1,p22,l2,0.00
i46,e09,c1,p22,l3,0.00
i46,e09,c1,p23,l2,0.00
i46,e09,c1,p23,l3,0.00
i46,e09,c1,p24,l2,0.00
i46,e09,c1,p24,l3,0.00
i46,e09,c1,p25,l2,0.00
i46,e09,c1,p25,l3,0.00
i46,e09,c1,p26,l2,0.00
i46,e09,c1,p26,l3,0.00
i46,e09,c1,p27,l2,0.00
i46,e09,c1,p27,l3,0.00
i46,e09,c1,p28,l2,0.00
i46,e09,c1,p28,l3,0.00
i46,e09,c1,p29,l2,0.00
i46,e09,c1,p29,l3,0.00
i46,e09,c1,p30,l2,0.00
i46,e09,c1,p30,l3,0.00
i46,e09,c1,p31,l2,0.00
i46,e09,c1,p31,l3,0.00
i46,e09,c1,p32,l2,0.00
i46,e09,c1,p32,l3,0.00
i46,e09,c1,p33,l2,0.00
i46,e09,c1,p33,l3,0.00
i46,e09,c1,p34,l2,0.00
i46,e09,c1,p34,l3,0.00
i46,e09,c1,p35,l2,0.00
i46,e09,c1,p35,l3,7.16
i46,e09,c4,p01,l2,0.00
i46,e09,c4,p01,l3,0.00
i46,e09,c4,p02,l2,0.00
i46,e09,c4,p02,l3,0.00
i46,e09,c4,p03,l2,0.00
i46,e09,c4,p03,l3,0.00
i46,e09,c4,p04,l2,0.00
i46,e09,c4,p04,l3,0.00
i46,e09,c4,p05,l2,0.00
i46,e09,c4,p05,l3,0.00
i46,e09,c4,p06,l2,0.00
i46,e09,c4,p06,l3,0.00
i46,e09,c4,p07,l2,0.00
i46,e09,c4,p07,l3,0.00
i46,e09,c4,p08,l2,0.00
i46,e09,c4,p08,l3,0.00
i46,e09,c4,p09,l2,0.00
i46,e09,c4,p09,l3,0.00
i46,e09,c4,p10,l2,0.00
i46,e09,c4,p10,l3,0.00
i46,e09,c4,p11,l2,0.00
i46,e09,c4,p11,l3,0.00
i46,e09,c4,p12,l2,0.00
i46,e09,c4,p12,l3,0.00
i46,e09,c4,p13,l2,0.00
i46,e09,c4,p13,l3,0.00
i46,e09,c4,p14,l2,0.00
i46,e09,c4,p14,l3,0.00
i46,e09,c4,p15,l2,0.00
i46,e09,c4,p15,l3,0.00
i46,e09,c4,p16,l2,0.00
i46,e09,c4,p16,l3,0.00
i46,e09,c4,p17,l2,0.00
i46,e09,c4,p17,l3,0.00
i46,e09,c4,p18,l2,0.00
i46,e09,c4,p18,l3,0.00
i46,e09,c4,p19,l2,0.00
i46,e09,c4,p19,l3,0.00
i46,e09,c4,p20,l2,0.00
i46,e09,c4,p20,l3,0.00
i46,e09,c4,p21,l2,0.00
i46,e09,c4,p21,l3,0.00
i46,e09,c4,p22,l2,0.00
i46,e09,c4,p22,l3,0.00
i46,e09,c4,p23,l2,0.00
i46,e09,c4,p23,l3,0.00
i46,e09,c4,p24,l2,0.00
i46,e09,c4,p24,l3,0.00
i46,e09,c4,p25,l2,0.00
i46,e09,c4,p25,l3,0.00
i46,e09,c4,p26,l2,0.00
i46,e09,c4,p26,l3,0.00
i46,e09,c4,p28,l2,0.00
i46,e09,c4,p28,l3,0.00
i46,e09,c4,p29,l2,0.00
i46,e09,c4,p29,l3,0.00
i46,e09,c4,p30,l2,0.00
i46,e09,c4,p30,l3,0.00
i46,e09,c4,p31,l2,0.00
i46,e09,c4,p31,l3,0.00
i46,e09,c4,p32,l2,0.00
i46,e09,c4,p32,l3,0.00
i46,e09,c4,p33,l2,0.00
i46,e09,c4,p33,l3,0.00
i46,e09,c4,p34,l3,0.00
i46,e09,c4,p35,l2,0.00
i46,e09,c4,p35,l3,0.00
i46,e09,c7,p01,l2,0.00
i46,e09,c7,p01,l3,0.00
i46,e09,c7,p02,l3,0.00
i46,e09,c7,p03,l2,0.00
i46,e09,c7,p03,l3,0.00
i46,e09,c7,p04,l2,0.00
i46,e09,c7,p04,l3,0.00
i46,e09,c7,p05,l3,0.00
i46,e09,c7,p10,l3,0.00
i46,e09,c7,p11,l2,0.00
i46,e09,c7,p11,l3,0.00
i46,e09,c7,p13,l3,0.00
i46,e09,c7,p14,l3,0.00
i46,e09,c7,p15,l2,0.00
i46,e09,c7,p15,l3,0.00
i46,e09,c7,p16,l3,0.00
i46,e09,c7,p18,l3,0.00
i46,e09,c7,p19,l3,0.00
i46,e09,c7,p24,l3,0.00
i46,e09,c7,p35,l2,0.00
i46,e09,c7,p35,l3,0.00
i46,e11,c1,p01,l2,0.00
i46,e11,c1,p01,l3,0.00
i46,e11,c1,p02,l2,0.00
i46,e11,c1,p02,l3,50.06
i46,e11,c1,p03,l2,0.00
i46,e11,c1,p03,l3,0.00
i46,e11,c1,p04,l2,0.00
i46,e11,c1,p04,l3,50.38
i46,e11,c1,p05,l2,0.00
i46,e11,c1,p05,l3,0.00
i46,e11,c1,p06,l2,0.00
i46,e11,c1,p06,l3,0.00
i46,e11,c1,p07,l2,0.00
i46,e11,c1,p07,l3,2.14
i46,e11,c1,p08,l2,0.00
i46,e11,c1,p08,l3,0.00
i46,e11,c1,p09,l2,0.00
i46,e11,c1,p09,l3,0.00
i46,e11,c1,p10,l2,0.00
i46,e11,c1,p10,l3,64.05
i46,e11,c1,p11,l2,0.00
i46,e11,c1,p11,l3,0.00
i46,e11,c1,p12,l2,0.00
i46,e11,c1,p12,l3,0.00
i46,e11,c1,p13,l2,0.00
i46,e11,c1,p13,l3,30.59
i46,e11,c1,p14,l2,0.00
i46,e11,c1,p14,l3,0.00
i46,e11,c1,p15,l2,0.00
i46,e11,c1,p15,l3,1.59
i46,e11,c1,p16,l2,0.00
i46,e11,c1,p16,l3,0.00
i46,e11,c1,p17,l2,0.00
i46,e11,c1,p17,l3,0.00
i46,e11,c1,p18,l2,0.00
i46,e11,c1,p18,l3,0.00
i46,e11,c1,p19,l2,0.00
i46,e11,c1,p19,l3,30.29
i46,e11,c1,p20,l2,0.00
i46,e11,c1,p20,l3,0.00
i46,e11,c1,p21,l2,0.00
i46,e11,c1,p21,l3,0.00
i46,e11,c1,p22,l2,0.00
i46,e11,c1,p22,l3,0.00
i46,e11,c1,p23,l2,0.00
i46,e11,c1,p23,l3,0.00
i46,e11,c1,p24,l2,0.00
i46,e11,c1,p24,l3,0.00
i46,e11,c1,p25,l2,0.00
i46,e11,c1,p25,l3,0.00
i46,e11,c1,p26,l2,0.00
i46,e11,c1,p26,l3,0.00
i46,e11,c1,p27,l2,0.00
i46,e11,c1,p27,l3,0.00
i46,e11,c1,p28,l2,0.00
i46,e11,c1,p28,l3,2.28
i46,e11,c1,p29,l2,0.00
i46,e11,c1,p29,l3,0.00
i46,e11,c1,p30,l2,0.00
i46,e11,c1,p30,l3,0.00
i46,e11,c1,p31,l2,0.00
i46,e11,c1,p31,l3,0.00
i46,e11,c1,p32,l2,0.00
i46,e11,c1,p32,l3,0.00
i46,e11,c1,p33,l2,0.00
i46,e11,c1,p33,l3,0.00
i46,e11,c1,p34,l2,0.00
i46,e11,c1,p34,l3,0.00
i46,e11,c1,p35,l2,0.00
i46,e11,c1,p35,l3,950.46
i46,e11,c4,p01,l2,0.00
i46,e11,c4,p01,l3,0.00
i46,e11,c4,p02,l2,0.00
i46,e11,c4,p02,l3,0.00
i46,e11,c4,p03,l2,0.00
i46,e11,c4,p03,l3,0.00
i46,e11,c4,p04,l2,0.00
i46,e11,c4,p04,l3,0.00
i46,e11,c4,p05,l2,0.00
i46,e11,c4,p05,l3,0.00
i46,e11,c4,p06,l2,0.00
i46,e11,c4,p06,l3,0.00
i46,e11,c4,p07,l2,0.00
i46,e11,c4,p07,l3,0.00
i46,e11,c4,p08,l2,0.00
i46,e11,c4,p08,l3,0.00
i46,e11,c4,p09,l2,0.00
i46,e11,c4,p09,l3,0.00
i46,e11,c4,p10,l2,0.00
i46,e11,c4,p10,l3,0.00
i46,e11,c4,p11,l2,0.00
i46,e11,c4,p11,l3,0.00
i46,e11,c4,p12,l2,0.00
i46,e11,c4,p12,l3,0.00
i46,e11,c4,p13,l2,0.00
i46,e11,c4,p13,l3,0.00
i46,e11,c4,p14,l2,0.00
i46,e11,c4,p14,l3,0.00
i46,e11,c4,p15,l2,0.00
i46,e11,c4,p15,l3,0.00
i46,e11,c4,p16,l2,0.00
i46,e11,c4,p16,l3,0.00
i46,e11,c4,p17,l2,0.00
i46,e11,c4,p17,l3,60.65
i46,e11,c4,p18,l2,0.00
i46,e11,c4,p18,l3,0.00
i46,e11,c4,p19,l2,0.00
i46,e11,c4,p19,l3,0.00
i46,e11,c4,p20,l2,0.00
i46,e11,c4,p20,l3,0.00
i46,e11,c4,p21,l2,0.00
i46,e11,c4,p21,l3,0.00
i46,e11,c4,p22,l2,0.00
i46,e11,c4,p22,l3,0.00
i46,e11,c4,p23,l2,0.00
i46,e11,c4,p23,l3,0.00
i46,e11,c4,p24,l2,0.00
i46,e11,c4,p24,l3,0.00
i46,e11,c4,p25,l2,0.00
i46,e11,c4,p25,l3,0.00
i46,e11,c4,p26,l2,0.00
i46,e11,c4,p26,l3,0.00
i46,e11,c4,p27,l3,0.00
i46,e11,c4,p28,l2,0.00
i46,e11,c4,p28,l3,0.00
i46,e11,c4,p29,l2,0.00
i46,e11,c4,p29,l3,0.00
i46,e11,c4,p30,l2,0.00
i46,e11,c4,p30,l3,0.00
i46,e11,c4,p31,l2,0.00
i46,e11,c4,p31,l3,0.00
i46,e11,c4,p32,l2,0.00
i46,e11,c4,p32,l3,0.00
i46,e11,c4,p33,l2,0.00
i46,e11,c4,p33,l3,0.00
i46,e11,c4,p34,l2,0.00
i46,e11,c4,p34,l3,0.00
i46,e11,c4,p35,l2,0.00
i46,e11,c4,p35,l3,431.30
i46,e11,c7,p01,l2,0.00
i46,e11,c7,p01,l3,0.00
i46,e11,c7,p02,l3,0.00
i46,e11,c7,p03,l3,0.00
i46,e11,c7,p04,l3,0.00
i46,e11,c7,p05,l3,0.00
i46,e11,c7,p07,l2,0.00
i46,e11,c7,p07,l3,0.00
i46,e11,c7,p09,l3,0.00
i46,e11,c7,p10,l3,0.00
i46,e11,c7,p11,l2,0.00
i46,e11,c7,p11,l3,0.00
i46,e11,c7,p13,l2,0.00
i46,e11,c7,p13,l3,0.00
i46,e11,c7,p14,l3,0.00
i46,e11,c7,p15,l3,0.00
i46,e11,c7,p16,l3,0.00
i46,e11,c7,p18,l2,0.00
i46,e11,c7,p18,l3,0.00
i46,e11,c7,p19,l2,0.00
i46,e11,c7,p19,l3,0.00
i46,e11,c7,p21,l3,0.00
i46,e11,c7,p24,l3,0.00
i46,e11,c7,p25,l3,0.00
i46,e11,c7,p29,l3,0.00
i46,e11,c7,p35,l2,0.00
i46,e11,c7,p35,l3,0.00
i46,e12,c1,p01,l3,0.00
i46,e12,c1,p02,l3,0.00
i46,e12,c1,p03,l3,0.00
i46,e12,c1,p04,l3,0.00
i46,e12,c1,p05,l3,0.00
i46,e12,c1,p06,l3,0.00
i46,e12,c1,p07,l3,0.00
i46,e12,c1,p08,l3,0.00
i46,e12,c1,p09,l3,0.00
i46,e12,c1,p10,l3,0.00
i46,e12,c1,p11,l3,0.00
i46,e12,c1,p12,l3,0.00
i46,e12,c1,p13,l3,0.00
i46,e12,c1,p14,l3,0.00
i46,e12,c1,p15,l3,0.00
i46,e12,c1,p16,l3,0.00
i46,e12,c1,p17,l3,0.00
i46,e12,c1,p18,l3,0.00
i46,e12,c1,p19,l3,0.00
i46,e12,c1,p20,l3,0.00
i46,e12,c1,p21,l3,0.00
i46,e12,c1,p22,l3,0.00
i46,e12,c1,p23,l3,0.00
i46,e12,c1,p24,l3,0.00
i46,e12,c1,p25,l3,0.00
i46,e12,c1,p26,l3,0.00
i46,e12,c1,p27,l3,0.00
i46,e12,c1,p28,l3,0.00
i46,e12,c1,p29,l3,0.00
i46,e12,c1,p30,l3,0.00
i46,e12,c1,p31,l3,0.00
i46,e12,c1,p32,l3,0.00
i46,e12,c1,p33,l3,0.00
i46,e12,c1,p35,l3,0.00
i46,e12,c4,p01,l3,0.00
i46,e12,c4,p02,l3,0.00
i46,e12,c4,p03,l3,0.00
i46,e12,c4,p04,l3,0.00
i46,e12,c4,p05,l3,0.00
i46,e12,c4,p06,l3,0.00
i46,e12,c4,p07,l3,0.00
i46,e12,c4,p08,l3,0.00
i46,e12,c4,p09,l3,0.00
i46,e12,c4,p10,l3,0.00
i46,e12,c4,p11,l3,0.00
i46,e12,c4,p12,l3,0.00
i46,e12,c4,p13,l3,0.00
i46,e12,c4,p14,l3,0.00
i46,e12,c4,p15,l3,0.00
i46,e12,c4,p16,l3,0.00
i46,e12,c4,p17,l3,0.00
i46,e12,c4,p18,l3,0.00
i46,e12,c4,p19,l3,0.00
i46,e12,c4,p20,l3,0.00
i46,e12,c4,p21,l3,0.00
i46,e12,c4,p23,l3,0.00
i46,e12,c4,p24,l3,0.00
i46,e12,c4,p25,l3,0.00
i46,e12,c4,p29,l3,0.00
i46,e12,c4,p30,l3,0.00
i46,e12,c4,p31,l3,0.00
i46,e12,c4,p32,l3,0.00
i46,e12,c4,p35,l3,0.00
i46,e12,c7,p35,l3,0.00
i46,e13,c1,p01,l3,0.00
i46,e13,c1,p02,l3,0.00
i46,e13,c1,p03,l3,0.00
i46,e13,c1,p04,l3,0.00
i46,e13,c1,p05,l3,0.00
i46,e13,c1,p06,l3,0.00
i46,e13,c1,p07,l3,0.00
i46,e13,c1,p08,l3,0.00
i46,e13,c1,p09,l3,0.00
i46,e13,c1,p10,l3,0.00
i46,e13,c1,p11,l3,0.00
i46,e13,c1,p12,l3,0.00
i46,e13,c1,p13,l3,0.00
i46,e13,c1,p14,l3,0.00
i46,e13,c1,p15,l3,0.00
i46,e13,c1,p16,l3,0.00
i46,e13,c1,p17,l3,0.00
i46,e13,c1,p18,l3,0.00
i46,e13,c1,p19,l3,0.00
i46,e13,c1,p20,l3,0.00
i46,e13,c1,p21,l3,0.00
i46,e13,c1,p22,l3,0.00
i46,e13,c1,p23,l3,0.00
i46,e13,c1,p24,l3,0.00
i46,e13,c1,p25,l3,0.00
i46,e13,c1,p26,l3,0.00
i46,e13,c1,p27,l3,0.00
i46,e13,c1,p28,l3,0.00
i46,e13,c1,p29,l3,0.00
i46,e13,c1,p30,l3,0.00
i46,e13,c1,p31,l3,0.00
i46,e13,c1,p32,l3,0.00
i46,e13,c1,p33,l3,0.00
i46,e13,c1,p34,l3,0.00
i46,e13,c1,p35,l3,2.07
i46,e13,c4,p01,l3,0.00
i46,e13,c4,p02,l3,0.00
i46,e13,c4,p03,l3,0.00
i46,e13,c4,p04,l3,0.00
i46,e13,c4,p05,l3,0.00
i46,e13,c4,p06,l3,0.00
i46,e13,c4,p07,l3,0.00
i46,e13,c4,p08,l3,0.00
i46,e13,c4,p09,l3,0.00
i46,e13,c4,p10,l3,0.00
i46,e13,c4,p11,l3,0.00
i46,e13,c4,p12,l3,0.00
i46,e13,c4,p13,l3,0.00
i46,e13,c4,p14,l3,0.00
i46,e13,c4,p15,l3,0.00
i46,e13,c4,p16,l3,0.00
i46,e13,c4,p17,l3,0.00
i46,e13,c4,p18,l3,0.00
i46,e13,c4,p19,l3,0.00
i46,e13,c4,p20,l3,0.00
i46,e13,c4,p21,l3,0.00
i46,e13,c4,p22,l3,0.00
i46,e13,c4,p23,l3,0.00
i46,e13,c4,p24,l3,0.00
i46,e13,c4,p25,l3,0.00
i46,e13,c4,p26,l3,0.00
i46,e13,c4,p28,l3,0.00
i46,e13,c4,p29,l3,0.00
i46,e13,c4,p30,l3,0.00
i46,e13,c4,p31,l3,0.00
i46,e13,c4,p32,l3,0.00
i46,e13,c4,p33,l3,0.00
i46,e13,c4,p34,l3,0.00
i46,e13,c4,p35,l3,0.00
i46,e13,c7,p01,l3,0.00
i46,e13,c7,p02,l3,0.00
i46,e13,c7,p03,l3,0.00
i46,e13,c7,p04,l3,0.00
i46,e13,c7,p11,l3,0.00
i46,e13,c7,p13,l3,0.00
i46,e13,c7,p15,l3,0.00
i46,e13,c7,p18,l3,0.00
i46,e13,c7,p24,l3,0.00
i46,e13,c7,p35,l3,0.00
i47,e01,c1,p01,l3,0.00
i47,e01,c1,p02,l3,0.00
i47,e01,c1,p03,l3,0.00
i47,e01,c1,p04,l3,0.00
i47,e01,c1,p05,l3,0.00
i47,e01,c1,p06,l3,0.00
i47,e01,c1,p07,l3,0.00
i47,e01,c1,p08,l3,0.00
i47,e01,c1,p09,l3,0.00
i47,e01,c1,p10,l3,0.00
i47,e01,c1,p11,l3,0.00
i47,e01,c1,p12,l3,0.00
i47,e01,c1,p13,l3,0.00
i47,e01,c1,p14,l3,0.00
i47,e01,c1,p15,l3,0.00
i47,e01,c1,p16,l3,0.00
i47,e01,c1,p17,l3,0.00
i47,e01,c1,p18,l3,0.00
i47,e01,c1,p19,l3,0.00
i47,e01,c1,p20,l3,0.00
i47,e01,c1,p21,l3,0.00
i47,e01,c1,p22,l3,0.00
i47,e01,c1,p23,l3,0.00
i47,e01,c1,p24,l3,0.00
i47,e01,c1,p25,l3,0.00
i47,e01,c1,p26,l3,0.00
i47,e01,c1,p27,l3,0.00
i47,e01,c1,p28,l3,0.00
i47,e01,c1,p29,l3,0.00
i47,e01,c1,p30,l3,0.00
i47,e01,c1,p31,l3,0.00
i47,e01,c1,p32,l3,0.00
i47,e01,c1,p33,l3,0.00
i47,e01,c1,p34,l3,0.00
i47,e01,c1,p35,l3,222.47
i47,e01,c4,p01,l3,0.00
i47,e01,c4,p02,l3,0.00
i47,e01,c4,p03,l3,0.00
i47,e01,c4,p05,l3,0.00
i47,e01,c4,p07,l3,0.00
i47,e01,c4,p08,l3,0.00
i47,e01,c4,p10,l3,0.00
i47,e01,c4,p11,l3,0.00
i47,e01,c4,p12,l3,0.00
i47,e01,c4,p14,l3,0.00
i47,e01,c4,p15,l3,0.00
i47,e01,c4,p16,l3,0.00
i47,e01,c4,p17,l3,0.00
i47,e01,c4,p18,l3,0.00
i47,e01,c4,p19,l3,0.00
i47,e01,c4,p21,l3,0.00
i47,e01,c4,p24,l3,0.00
i47,e01,c4,p25,l3,0.00
i47,e01,c4,p32,l3,0.00
i47,e01,c4,p35,l3,0.00
i47,e01,c7,p09,l3,0.00
i47,e01,c7,p35,l3,0.00
i47,e04,c1,p01,l1,0.00
i47,e04,c1,p01,l3,0.00
i47,e04,c1,p02,l1,0.00
i47,e04,c1,p02,l3,0.00
i47,e04,c1,p03,l1,0.00
i47,e04,c1,p03,l3,0.00
i47,e04,c1,p04,l1,0.00
i47,e04,c1,p04,l3,0.00
i47,e04,c1,p05,l1,0.00
i47,e04,c1,p05,l3,0.00
i47,e04,c1,p06,l1,0.00
i47,e04,c1,p06,l3,0.00
i47,e04,c1,p07,l1,0.00
i47,e04,c1,p07,l3,0.00
i47,e04,c1,p08,l1,0.00
i47,e04,c1,p08,l3,0.00
i47,e04,c1,p09,l3,0.00
i47,e04,c1,p10,l1,0.00
i47,e04,c1,p10,l3,0.00
i47,e04,c1,p11,l1,0.00
i47,e04,c1,p11,l3,0.00
i47,e04,c1,p12,l1,0.00
i47,e04,c1,p12,l3,0.00
i47,e04,c1,p13,l1,0.00
i47,e04,c1,p13,l3,0.00
i47,e04,c1,p14,l1,0.00
i47,e04,c1,p14,l3,0.00
i47,e04,c1,p15,l1,0.00
i47,e04,c1,p15,l3,0.00
i47,e04,c1,p16,l1,0.00
i47,e04,c1,p16,l3,0.00
i47,e04,c1,p17,l1,0.00
i47,e04,c1,p17,l3,0.00
i47,e04,c1,p18,l1,0.00
i47,e04,c1,p18,l3,0.00
i47,e04,c1,p19,l1,0.00
i47,e04,c1,p19,l3,0.00
i47,e04,c1,p20,l1,0.00
i47,e04,c1,p20,l3,0.00
i47,e04,c1,p21,l1,0.00
i47,e04,c1,p21,l3,0.00
i47,e04,c1,p22,l1,0.00
i47,e04,c1,p22,l3,0.00
i47,e04,c1,p23,l1,0.00
i47,e04,c1,p23,l3,0.00
i47,e04,c1,p24,l1,0.00
i47,e04,c1,p24,l3,0.00
i47,e04,c1,p25,l1,0.00
i47,e04,c1,p25,l3,0.00
i47,e04,c1,p26,l1,0.00
i47,e04,c1,p26,l3,0.00
i47,e04,c1,p27,l3,0.00
i47,e04,c1,p28,l1,0.00
i47,e04,c1,p28,l3,0.00
i47,e04,c1,p29,l1,0.00
i47,e04,c1,p29,l3,0.00
i47,e04,c1,p30,l3,0.00
i47,e04,c1,p31,l3,0.00
i47,e04,c1,p32,l1,0.00
i47,e04,c1,p32,l3,0.00
i47,e04,c1,p33,l1,0.00
i47,e04,c1,p33,l3,0.00
i47,e04,c1,p34,l3,0.00
i47,e04,c1,p35,l1,0.00
i47,e04,c1,p35,l3,76.41
i47,e04,c4,p02,l3,0.00
i47,e04,c4,p03,l1,0.00
i47,e04,c4,p05,l3,0.00
i47,e04,c4,p08,l1,0.00
i47,e04,c4,p11,l3,0.00
i47,e04,c4,p13,l3,0.00
i47,e04,c4,p14,l3,0.00
i47,e04,c4,p15,l3,0.00
i47,e04,c4,p16,l3,0.00
i47,e04,c4,p19,l1,0.00
i47,e04,c4,p19,l3,0.00
i47,e04,c4,p21,l3,0.00
i47,e04,c4,p24,l3,0.00
i47,e04,c4,p32,l3,0.00
i47,e04,c4,p35,l1,0.00
i47,e04,c4,p35,l3,0.00
i47,e04,c7,p09,l1,0.00
i47,e04,c7,p35,l1,0.00
i47,e04,c7,p35,l3,0.00
i47,e09,c1,p01,l2,0.00
i47,e09,c1,p01,l3,0.00
i47,e09,c1,p02,l3,0.00
i47,e09,c1,p03,l2,0.00
i47,e09,c1,p03,l3,0.00
i47,e09,c1,p04,l2,0.00
i47,e09,c1,p04,l3,0.00
i47,e09,c1,p05,l2,0.00
i47,e09,c1,p05,l3,0.00
i47,e09,c1,p06,l2,0.00
i47,e09,c1,p06,l3,0.00
i47,e09,c1,p07,l2,0.00
i47,e09,c1,p07,l3,0.00
i47,e09,c1,p08,l2,0.00
i47,e09,c1,p08,l3,0.00
i47,e09,c1,p09,l3,0.00
i47,e09,c1,p10,l2,0.00
i47,e09,c1,p10,l3,0.00
i47,e09,c1,p11,l2,0.00
i47,e09,c1,p11,l3,0.00
i47,e09,c1,p12,l2,0.00
i47,e09,c1,p12,l3,0.00
i47,e09,c1,p13,l2,0.00
i47,e09,c1,p13,l3,0.00
i47,e09,c1,p14,l2,0.00
i47,e09,c1,p14,l3,0.00
i47,e09,c1,p15,l2,0.00
i47,e09,c1,p15,l3,0.00
i47,e09,c1,p16,l2,0.00
i47,e09,c1,p16,l3,0.00
i47,e09,c1,p17,l2,0.00
i47,e09,c1,p17,l3,0.00
i47,e09,c1,p18,l2,0.00
i47,e09,c1,p18,l3,0.00
i47,e09,c1,p19,l2,0.00
i47,e09,c1,p19,l3,0.00
i47,e09,c1,p20,l2,0.00
i47,e09,c1,p20,l3,0.00
i47,e09,c1,p21,l2,0.00
i47,e09,c1,p21,l3,0.00
i47,e09,c1,p22,l2,0.00
i47,e09,c1,p22,l3,0.00
i47,e09,c1,p23,l2,0.00
i47,e09,c1,p23,l3,0.00
i47,e09,c1,p24,l2,0.00
i47,e09,c1,p24,l3,0.00
i47,e09,c1,p25,l2,0.00
i47,e09,c1,p25,l3,0.00
i47,e09,c1,p26,l2,0.00
i47,e09,c1,p26,l3,0.00
i47,e09,c1,p27,l3,0.00
i47,e09,c1,p28,l3,0.00
i47,e09,c1,p29,l2,0.00
i47,e09,c1,p29,l3,0.00
i47,e09,c1,p30,l3,0.00
i47,e09,c1,p31,l3,0.00
i47,e09,c1,p32,l2,0.00
i47,e09,c1,p32,l3,0.00
i47,e09,c1,p33,l3,0.00
i47,e09,c1,p34,l3,0.00
i47,e09,c1,p35,l2,0.00
i47,e09,c1,p35,l3,148.43
i47,e09,c4,p01,l3,0.00
i47,e09,c4,p03,l2,0.00
i47,e09,c4,p03,l3,0.00
i47,e09,c4,p04,l3,0.00
i47,e09,c4,p08,l2,0.00
i47,e09,c4,p08,l3,0.00
i47,e09,c4,p10,l3,0.00
i47,e09,c4,p11,l3,0.00
i47,e09,c4,p12,l3,0.00
i47,e09,c4,p13,l3,0.00
i47,e09,c4,p15,l3,0.00
i47,e09,c4,p16,l3,0.00
i47,e09,c4,p17,l3,0.00
i47,e09,c4,p19,l2,0.00
i47,e09,c4,p19,l3,0.00
i47,e09,c4,p21,l2,0.00
i47,e09,c4,p21,l3,0.00
i47,e09,c4,p24,l3,0.00
i47,e09,c4,p32,l3,0.00
i47,e09,c4,p35,l2,0.00
i47,e09,c4,p35,l3,0.00
i47,e09,c7,p09,l2,0.00
i47,e09,c7,p35,l2,0.00
i47,e09,c7,p35,l3,0.00
i48,e01,c1,p01,l3,0.00
i48,e01,c1,p02,l3,0.00
i48,e01,c1,p03,l3,0.00
i48,e01,c1,p04,l3,0.00
i48,e01,c1,p05,l3,0.00
i48,e01,c1,p06,l3,0.00
i48,e01,c1,p07,l3,0.00
i48,e01,c1,p08,l3,0.00
i48,e01,c1,p09,l3,0.00
i48,e01,c1,p10,l3,0.00
i48,e01,c1,p11,l3,0.00
i48,e01,c1,p12,l3,0.00
i48,e01,c1,p13,l3,0.00
i48,e01,c1,p14,l3,0.00
i48,e01,c1,p15,l3,0.00
i48,e01,c1,p16,l3,0.00
i48,e01,c1,p17,l3,0.00
i48,e01,c1,p18,l3,0.00
i48,e01,c1,p19,l3,0.00
i48,e01,c1,p20,l3,0.00
i48,e01,c1,p21,l3,0.00
i48,e01,c1,p22,l3,0.00
i48,e01,c1,p23,l3,0.00
i48,e01,c1,p24,l3,0.00
i48,e01,c1,p25,l3,0.00
i48,e01,c1,p26,l3,0.00
i48,e01,c1,p28,l3,0.00
i48,e01,c1,p29,l3,0.00
i48,e01,c1,p30,l3,0.00
i48,e01,c1,p31,l3,0.00
i48,e01,c1,p32,l3,0.00
i48,e01,c1,p35,l3,0.00
i48,e01,c4,p01,l3,0.00
i48,e01,c4,p03,l3,0.00
i48,e01,c4,p05,l3,0.00
i48,e01,c4,p06,l3,0.00
i48,e01,c4,p09,l3,0.00
i48,e01,c4,p11,l3,0.00
i48,e01,c4,p12,l3,0.00
i48,e01,c4,p18,l3,0.00
i48,e01,c4,p19,l3,0.00
i48,e01,c4,p22,l3,0.00
i48,e01,c4,p24,l3,0.00
i48,e01,c4,p29,l3,0.00
i48,e01,c4,p35,l3,0.00
i48,e04,c1,p01,l1,0.00
i48,e04,c1,p01,l3,0.00
i48,e04,c1,p02,l1,0.00
i48,e04,c1,p02,l3,0.00
i48,e04,c1,p03,l1,0.00
i48,e04,c1,p03,l3,0.00
i48,e04,c1,p04,l1,0.00
i48,e04,c1,p04,l3,0.00
i48,e04,c1,p05,l1,0.00
i48,e04,c1,p05,l3,0.00
i48,e04,c1,p06,l1,0.00
i48,e04,c1,p06,l3,0.00
i48,e04,c1,p07,l1,0.00
i48,e04,c1,p07,l3,0.00
i48,e04,c1,p08,l1,0.00
i48,e04,c1,p08,l3,0.00
i48,e04,c1,p09,l1,0.00
i48,e04,c1,p09,l3,0.00
i48,e04,c1,p10,l1,0.00
i48,e04,c1,p10,l3,0.00
i48,e04,c1,p11,l1,0.00
i48,e04,c1,p11,l3,0.00
i48,e04,c1,p12,l1,0.00
i48,e04,c1,p12,l3,0.00
i48,e04,c1,p13,l1,0.00
i48,e04,c1,p13,l3,0.00
i48,e04,c1,p14,l1,0.00
i48,e04,c1,p14,l3,0.00
i48,e04,c1,p15,l1,0.00
i48,e04,c1,p15,l3,0.00
i48,e04,c1,p16,l1,0.00
i48,e04,c1,p16,l3,0.00
i48,e04,c1,p17,l1,0.00
i48,e04,c1,p17,l3,0.00
i48,e04,c1,p18,l1,0.00
i48,e04,c1,p18,l3,0.00
i48,e04,c1,p19,l1,0.00
i48,e04,c1,p19,l3,0.00
i48,e04,c1,p20,l3,0.00
i48,e04,c1,p21,l1,0.00
i48,e04,c1,p21,l3,0.00
i48,e04,c1,p22,l1,0.00
i48,e04,c1,p22,l3,0.00
i48,e04,c1,p23,l1,0.00
i48,e04,c1,p23,l3,0.00
i48,e04,c1,p24,l1,0.00
i48,e04,c1,p24,l3,0.00
i48,e04,c1,p25,l3,0.00
i48,e04,c1,p26,l3,0.00
i48,e04,c1,p28,l1,0.00
i48,e04,c1,p28,l3,0.00
i48,e04,c1,p29,l1,0.00
i48,e04,c1,p29,l3,0.00
i48,e04,c1,p31,l1,0.00
i48,e04,c1,p31,l3,0.00
i48,e04,c1,p32,l1,0.00
i48,e04,c1,p32,l3,0.00
i48,e04,c1,p33,l3,0.00
i48,e04,c1,p35,l1,0.00
i48,e04,c1,p35,l3,0.00
i48,e04,c4,p01,l3,0.00
i48,e04,c4,p03,l1,0.00
i48,e04,c4,p03,l3,0.00
i48,e04,c4,p05,l3,0.00
i48,e04,c4,p06,l3,0.00
i48,e04,c4,p08,l3,0.00
i48,e04,c4,p10,l3,0.00
i48,e04,c4,p11,l1,0.00
i48,e04,c4,p11,l3,0.00
i48,e04,c4,p12,l3,0.00
i48,e04,c4,p18,l3,0.00
i48,e04,c4,p19,l3,0.00
i48,e04,c4,p21,l3,0.00
i48,e04,c4,p23,l3,0.00
i48,e04,c4,p24,l3,0.00
i48,e04,c4,p31,l3,0.00
i48,e04,c4,p35,l1,0.00
i48,e04,c4,p35,l3,0.00
i48,e05,c1,p01,l3,0.00
i48,e05,c1,p02,l3,0.00
i48,e05,c1,p03,l1,0.00
i48,e05,c1,p03,l3,0.00
i48,e05,c1,p05,l3,0.00
i48,e05,c1,p06,l3,0.00
i48,e05,c1,p07,l3,0.00
i48,e05,c1,p08,l1,0.00
i48,e05,c1,p08,l3,0.00
i48,e05,c1,p09,l3,0.00
i48,e05,c1,p10,l1,0.00
i48,e05,c1,p10,l3,0.00
i48,e05,c1,p11,l1,0.00
i48,e05,c1,p11,l3,0.00
i48,e05,c1,p12,l3,0.00
i48,e05,c1,p13,l1,0.00
i48,e05,c1,p13,l3,0.00
i48,e05,c1,p14,l3,0.00
i48,e05,c1,p15,l1,0.00
i48,e05,c1,p15,l3,0.00
i48,e05,c1,p16,l1,0.00
i48,e05,c1,p16,l3,0.00
i48,e05,c1,p17,l1,0.00
i48,e05,c1,p17,l3,0.00
i48,e05,c1,p19,l1,0.00
i48,e05,c1,p19,l3,0.00
i48,e05,c1,p21,l1,0.00
i48,e05,c1,p21,l3,0.00
i48,e05,c1,p22,l3,0.00
i48,e05,c1,p24,l3,0.00
i48,e05,c1,p29,l3,0.00
i48,e05,c1,p32,l3,0.00
i48,e05,c1,p35,l1,0.00
i48,e05,c1,p35,l3,0.00
i48,e05,c4,p03,l3,0.00
i48,e05,c4,p11,l3,0.00
i48,e05,c4,p13,l3,0.00
i48,e05,c4,p19,l1,0.00
i48,e05,c4,p35,l3,0.00
i48,e08,c1,p01,l2,0.00
i48,e08,c1,p01,l3,0.00
i48,e08,c1,p02,l2,0.00
i48,e08,c1,p02,l3,0.00
i48,e08,c1,p03,l2,0.00
i48,e08,c1,p03,l3,0.00
i48,e08,c1,p04,l2,0.00
i48,e08,c1,p04,l3,0.00
i48,e08,c1,p05,l2,0.00
i48,e08,c1,p05,l3,0.00
i48,e08,c1,p06,l2,0.00
i48,e08,c1,p06,l3,0.00
i48,e08,c1,p07,l2,0.00
i48,e08,c1,p07,l3,0.00
i48,e08,c1,p08,l2,0.00
i48,e08,c1,p08,l3,0.00
i48,e08,c1,p09,l2,0.00
i48,e08,c1,p09,l3,0.00
i48,e08,c1,p10,l2,0.00
i48,e08,c1,p10,l3,1.54
i48,e08,c1,p11,l2,0.00
i48,e08,c1,p11,l3,0.00
i48,e08,c1,p12,l2,0.00
i48,e08,c1,p12,l3,0.00
i48,e08,c1,p13,l2,0.00
i48,e08,c1,p13,l3,0.00
i48,e08,c1,p14,l2,0.00
i48,e08,c1,p14,l3,0.00
i48,e08,c1,p15,l2,0.00
i48,e08,c1,p15,l3,0.00
i48,e08,c1,p16,l2,0.00
i48,e08,c1,p16,l3,0.00
i48,e08,c1,p17,l2,0.00
i48,e08,c1,p17,l3,0.00
i48,e08,c1,p18,l2,0.00
i48,e08,c1,p18,l3,0.00
i48,e08,c1,p19,l2,0.00
i48,e08,c1,p19,l3,0.00
i48,e08,c1,p20,l3,0.00
i48,e08,c1,p21,l2,0.00
i48,e08,c1,p21,l3,0.00
i48,e08,c1,p22,l2,0.00
i48,e08,c1,p22,l3,0.00
i48,e08,c1,p23,l2,0.00
i48,e08,c1,p23,l3,0.00
i48,e08,c1,p24,l2,0.00
i48,e08,c1,p24,l3,0.00
i48,e08,c1,p25,l2,0.00
i48,e08,c1,p25,l3,0.00
i48,e08,c1,p26,l3,0.00
i48,e08,c1,p28,l2,0.00
i48,e08,c1,p28,l3,0.00
i48,e08,c1,p29,l2,0.00
i48,e08,c1,p29,l3,0.00
i48,e08,c1,p30,l3,0.00
i48,e08,c1,p31,l2,0.00
i48,e08,c1,p31,l3,0.00
i48,e08,c1,p32,l2,0.00
i48,e08,c1,p32,l3,0.00
i48,e08,c1,p33,l3,0.00
i48,e08,c1,p35,l2,0.00
i48,e08,c1,p35,l3,0.00
i48,e08,c4,p01,l3,0.00
i48,e08,c4,p03,l3,0.00
i48,e08,c4,p05,l3,0.00
i48,e08,c4,p06,l3,0.00
i48,e08,c4,p08,l3,0.00
i48,e08,c4,p09,l3,0.00
i48,e08,c4,p10,l3,0.00
i48,e08,c4,p11,l3,0.00
i48,e08,c4,p12,l3,0.00
i48,e08,c4,p13,l3,0.00
i48,e08,c4,p15,l3,0.00
i48,e08,c4,p16,l3,0.00
i48,e08,c4,p17,l3,0.00
i48,e08,c4,p18,l2,0.00
i48,e08,c4,p18,l3,0.00
i48,e08,c4,p19,l3,0.00
i48,e08,c4,p21,l3,0.00
i48,e08,c4,p22,l2,0.00
i48,e08,c4,p22,l3,0.00
i48,e08,c4,p24,l3,0.00
i48,e08,c4,p29,l2,0.00
i48,e08,c4,p29,l3,0.00
i48,e08,c4,p35,l2,0.00
i48,e08,c4,p35,l3,0.00
i48,e08,c7,p13,l3,0.00
i48,e09,c1,p01,l2,0.00
i48,e09,c1,p01,l3,0.00
i48,e09,c1,p02,l2,0.00
i48,e09,c1,p02,l3,0.00
i48,e09,c1,p03,l2,0.00
i48,e09,c1,p03,l3,0.00
i48,e09,c1,p04,l2,0.00
i48,e09,c1,p04,l3,0.00
i48,e09,c1,p05,l2,0.00
i48,e09,c1,p05,l3,0.00
i48,e09,c1,p06,l2,0.00
i48,e09,c1,p06,l3,0.00
i48,e09,c1,p07,l2,0.00
i48,e09,c1,p07,l3,0.00
i48,e09,c1,p08,l2,0.00
i48,e09,c1,p08,l3,0.00
i48,e09,c1,p09,l2,0.00
i48,e09,c1,p09,l3,0.00
i48,e09,c1,p10,l2,0.00
i48,e09,c1,p10,l3,0.00
i48,e09,c1,p11,l2,0.00
i48,e09,c1,p11,l3,0.00
i48,e09,c1,p12,l2,0.00
i48,e09,c1,p12,l3,0.00
i48,e09,c1,p13,l2,0.00
i48,e09,c1,p13,l3,0.00
i48,e09,c1,p14,l2,0.00
i48,e09,c1,p14,l3,0.00
i48,e09,c1,p15,l2,0.00
i48,e09,c1,p15,l3,0.00
i48,e09,c1,p16,l2,0.00
i48,e09,c1,p16,l3,0.00
i48,e09,c1,p17,l2,0.00
i48,e09,c1,p17,l3,0.00
i48,e09,c1,p18,l2,0.00
i48,e09,c1,p18,l3,0.00
i48,e09,c1,p19,l2,0.00
i48,e09,c1,p19,l3,0.00
i48,e09,c1,p20,l3,0.00
i48,e09,c1,p21,l2,0.00
i48,e09,c1,p21,l3,0.00
i48,e09,c1,p22,l2,0.00
i48,e09,c1,p22,l3,0.00
i48,e09,c1,p23,l3,0.00
i48,e09,c1,p24,l2,0.00
i48,e09,c1,p24,l3,0.00
i48,e09,c1,p25,l3,0.00
i48,e09,c1,p26,l3,0.00
i48,e09,c1,p28,l2,0.00
i48,e09,c1,p28,l3,0.00
i48,e09,c1,p29,l2,0.00
i48,e09,c1,p29,l3,0.00
i48,e09,c1,p31,l2,0.00
i48,e09,c1,p31,l3,0.00
i48,e09,c1,p32,l2,0.00
i48,e09,c1,p32,l3,0.00
i48,e09,c1,p35,l2,0.00
i48,e09,c1,p35,l3,0.00
i48,e09,c4,p01,l3,0.00
i48,e09,c4,p03,l3,0.00
i48,e09,c4,p05,l3,0.00
i48,e09,c4,p06,l3,0.00
i48,e09,c4,p08,l3,0.00
i48,e09,c4,p09,l3,0.00
i48,e09,c4,p10,l3,0.00
i48,e09,c4,p11,l3,0.00
i48,e09,c4,p12,l3,0.00
i48,e09,c4,p15,l3,0.00
i48,e09,c4,p17,l2,0.00
i48,e09,c4,p17,l3,0.00
i48,e09,c4,p18,l3,0.00
i48,e09,c4,p19,l3,0.00
i48,e09,c4,p24,l3,0.00
i48,e09,c4,p29,l3,0.00
i48,e09,c4,p35,l2,0.00
i48,e09,c4,p35,l3,0.00
i48,e11,c1,p01,l2,0.00
i48,e11,c1,p01,l3,0.00
i48,e11,c1,p02,l2,0.00
i48,e11,c1,p02,l3,0.00
i48,e11,c1,p03,l2,0.00
i48,e11,c1,p03,l3,0.00
i48,e11,c1,p04,l2,0.00
i48,e11,c1,p04,l3,0.00
i48,e11,c1,p05,l2,0.00
i48,e11,c1,p05,l3,0.00
i48,e11,c1,p06,l2,0.00
i48,e11,c1,p06,l3,0.00
i48,e11,c1,p07,l2,0.00
i48,e11,c1,p07,l3,0.00
i48,e11,c1,p08,l2,0.00
i48,e11,c1,p08,l3,0.00
i48,e11,c1,p09,l2,0.00
i48,e11,c1,p09,l3,0.00
i48,e11,c1,p10,l2,0.00
i48,e11,c1,p10,l3,1.32
i48,e11,c1,p11,l2,0.00
i48,e11,c1,p11,l3,0.00
i48,e11,c1,p12,l2,0.00
i48,e11,c1,p12,l3,0.00
i48,e11,c1,p13,l2,0.00
i48,e11,c1,p13,l3,1.34
i48,e11,c1,p14,l2,0.00
i48,e11,c1,p14,l3,0.00
i48,e11,c1,p15,l2,0.00
i48,e11,c1,p15,l3,0.00
i48,e11,c1,p16,l2,0.00
i48,e11,c1,p16,l3,0.00
i48,e11,c1,p17,l2,0.00
i48,e11,c1,p17,l3,0.00
i48,e11,c1,p18,l2,0.00
i48,e11,c1,p18,l3,0.00
i48,e11,c1,p19,l2,0.00
i48,e11,c1,p19,l3,0.00
i48,e11,c1,p20,l2,0.00
i48,e11,c1,p20,l3,0.00
i48,e11,c1,p21,l2,0.00
i48,e11,c1,p21,l3,0.00
i48,e11,c1,p22,l2,0.00
i48,e11,c1,p22,l3,0.00
i48,e11,c1,p23,l2,0.00
i48,e11,c1,p23,l3,0.00
i48,e11,c1,p24,l2,0.00
i48,e11,c1,p24,l3,0.00
i48,e11,c1,p25,l2,0.00
i48,e11,c1,p25,l3,0.00
i48,e11,c1,p26,l2,0.00
i48,e11,c1,p26,l3,0.00
i48,e11,c1,p28,l2,0.00
i48,e11,c1,p28,l3,0.00
i48,e11,c1,p29,l2,0.00
i48,e11,c1,p29,l3,0.00
i48,e11,c1,p30,l3,0.00
i48,e11,c1,p31,l2,0.00
i48,e11,c1,p31,l3,0.00
i48,e11,c1,p32,l2,0.00
i48,e11,c1,p32,l3,0.00
i48,e11,c1,p33,l3,0.00
i48,e11,c1,p34,l3,0.00
i48,e11,c1,p35,l2,0.00
i48,e11,c1,p35,l3,0.00
i48,e11,c4,p01,l2,0.00
i48,e11,c4,p01,l3,0.00
i48,e11,c4,p02,l2,0.00
i48,e11,c4,p02,l3,0.00
i48,e11,c4,p03,l2,0.00
i48,e11,c4,p03,l3,0.00
i48,e11,c4,p04,l3,0.00
i48,e11,c4,p05,l3,0.00
i48,e11,c4,p06,l3,0.00
i48,e11,c4,p07,l3,0.00
i48,e11,c4,p08,l3,0.00
i48,e11,c4,p09,l3,0.00
i48,e11,c4,p10,l2,0.00
i48,e11,c4,p10,l3,0.00
i48,e11,c4,p11,l2,0.00
i48,e11,c4,p11,l3,0.00
i48,e11,c4,p12,l2,0.00
i48,e11,c4,p12,l3,0.00
i48,e11,c4,p13,l3,0.00
i48,e11,c4,p14,l3,0.00
i48,e11,c4,p15,l3,0.00
i48,e11,c4,p16,l3,0.00
i48,e11,c4,p17,l2,0.00
i48,e11,c4,p17,l3,0.00
i48,e11,c4,p18,l2,0.00
i48,e11,c4,p18,l3,0.00
i48,e11,c4,p19,l2,0.00
i48,e11,c4,p19,l3,0.00
i48,e11,c4,p20,l3,0.00
i48,e11,c4,p21,l3,0.00
i48,e11,c4,p22,l2,0.00
i48,e11,c4,p22,l3,0.00
i48,e11,c4,p23,l3,0.00
i48,e11,c4,p24,l3,0.00
i48,e11,c4,p25,l3,0.00
i48,e11,c4,p26,l3,0.00
i48,e11,c4,p28,l3,0.00
i48,e11,c4,p29,l2,0.00
i48,e11,c4,p29,l3,0.00
i48,e11,c4,p30,l3,0.00
i48,e11,c4,p31,l3,0.00
i48,e11,c4,p32,l3,0.00
i48,e11,c4,p35,l2,0.00
i48,e11,c4,p35,l3,0.00
i48,e11,c7,p06,l3,0.00
i48,e11,c7,p10,l3,0.00
i48,e11,c7,p13,l3,0.00
i48,e11,c7,p35,l3,0.00
i49,e01,c1,p01,l3,0.00
i49,e01,c1,p02,l3,0.00
i49,e01,c1,p03,l3,0.00
i49,e01,c1,p04,l3,0.00
i49,e01,c1,p05,l3,0.00
i49,e01,c1,p06,l3,0.00
i49,e01,c1,p09,l3,0.00
i49,e01,c1,p10,l3,0.00
i49,e01,c1,p11,l3,0.00
i49,e01,c1,p12,l3,0.00
i49,e01,c1,p13,l3,0.00
i49,e01,c1,p15,l3,0.00
i49,e01,c1,p16,l3,0.00
i49,e01,c1,p17,l3,0.00
i49,e01,c1,p18,l3,0.00
i49,e01,c1,p19,l3,0.00
i49,e01,c1,p20,l3,0.00
i49,e01,c1,p22,l3,0.00
i49,e01,c1,p24,l3,0.00
i49,e01,c1,p25,l3,0.00
i49,e01,c1,p27,l3,0.00
i49,e01,c1,p29,l3,0.00
i49,e01,c1,p33,l3,0.00
i49,e01,c1,p35,l3,0.00
i49,e01,c4,p01,l3,0.00
i49,e01,c4,p03,l3,0.00
i49,e01,c4,p05,l3,0.00
i49,e01,c4,p07,l3,0.00
i49,e01,c4,p10,l3,0.00
i49,e01,c4,p12,l3,0.00
i49,e01,c4,p19,l3,0.00
i49,e01,c4,p33,l3,0.00
i49,e01,c4,p35,l3,0.00
i49,e03,c1,p01,l3,0.00
i49,e03,c1,p02,l3,0.00
i49,e03,c1,p03,l3,0.00
i49,e03,c1,p04,l3,0.00
i49,e03,c1,p05,l3,0.00
i49,e03,c1,p06,l3,0.00
i49,e03,c1,p07,l3,0.00
i49,e03,c1,p08,l3,0.00
i49,e03,c1,p09,l3,0.00
i49,e03,c1,p10,l3,0.00
i49,e03,c1,p11,l3,0.00
i49,e03,c1,p12,l3,0.00
i49,e03,c1,p13,l3,0.00
i49,e03,c1,p14,l3,0.00
i49,e03,c1,p15,l3,0.00
i49,e03,c1,p16,l3,0.00
i49,e03,c1,p17,l3,0.00
i49,e03,c1,p18,l3,0.00
i49,e03,c1,p19,l3,0.00
i49,e03,c1,p20,l3,0.00
i49,e03,c1,p21,l3,0.00
i49,e03,c1,p24,l3,0.00
i49,e03,c1,p25,l3,0.00
i49,e03,c1,p27,l3,0.00
i49,e03,c1,p28,l3,0.00
i49,e03,c1,p29,l3,0.00
i49,e03,c1,p32,l3,0.00
i49,e03,c1,p33,l3,0.00
i49,e03,c1,p34,l3,0.00
i49,e03,c1,p35,l3,0.00
i49,e03,c4,p01,l3,0.00
i49,e03,c4,p03,l3,0.00
i49,e03,c4,p05,l3,0.00
i49,e03,c4,p07,l3,0.00
i49,e03,c4,p10,l3,0.00
i49,e03,c4,p11,l3,0.00
i49,e03,c4,p14,l3,0.00
i49,e03,c4,p19,l3,0.00
i49,e03,c4,p21,l3,0.00
i49,e03,c4,p33,l3,0.00
i49,e03,c4,p35,l3,0.00
i49,e04,c1,p01,l1,0.00
i49,e04,c1,p01,l3,0.00
i49,e04,c1,p02,l3,0.00
i49,e04,c1,p03,l1,0.00
i49,e04,c1,p03,l3,0.00
i49,e04,c1,p04,l3,0.00
i49,e04,c1,p05,l3,0.00
i49,e04,c1,p06,l3,0.00
i49,e04,c1,p09,l1,0.00
i49,e04,c1,p09,l3,0.00
i49,e04,c1,p10,l1,0.00
i49,e04,c1,p10,l3,0.00
i49,e04,c1,p11,l3,0.00
i49,e04,c1,p12,l3,0.00
i49,e04,c1,p13,l3,0.00
i49,e04,c1,p14,l3,0.00
i49,e04,c1,p15,l1,0.00
i49,e04,c1,p15,l3,0.00
i49,e04,c1,p16,l1,0.00
i49,e04,c1,p16,l3,0.00
i49,e04,c1,p17,l1,0.00
i49,e04,c1,p17,l3,0.00
i49,e04,c1,p18,l3,0.00
i49,e04,c1,p19,l1,0.00
i49,e04,c1,p19,l3,0.00
i49,e04,c1,p20,l3,0.00
i49,e04,c1,p21,l3,0.00
i49,e04,c1,p22,l3,0.00
i49,e04,c1,p24,l3,0.00
i49,e04,c1,p25,l3,0.00
i49,e04,c1,p27,l3,0.00
i49,e04,c1,p28,l3,0.00
i49,e04,c1,p29,l3,0.00
i49,e04,c1,p30,l1,0.00
i49,e04,c1,p33,l1,0.00
i49,e04,c1,p33,l3,0.00
i49,e04,c1,p35,l1,0.00
i49,e04,c1,p35,l3,0.00
i49,e04,c4,p01,l1,0.00
i49,e04,c4,p01,l3,0.00
i49,e04,c4,p03,l3,0.00
i49,e04,c4,p05,l3,0.00
i49,e04,c4,p07,l3,0.00
i49,e04,c4,p10,l3,0.00
i49,e04,c4,p11,l3,0.00
i49,e04,c4,p12,l3,0.00
i49,e04,c4,p14,l3,0.00
i49,e04,c4,p19,l1,0.00
i49,e04,c4,p19,l3,0.00
i49,e04,c4,p33,l1,0.00
i49,e04,c4,p33,l3,0.00
i49,e04,c4,p35,l3,0.00
i49,e05,c1,p01,l1,0.00
i49,e05,c1,p01,l3,0.00
i49,e05,c1,p03,l3,0.00
i49,e05,c1,p19,l3,0.00
i49,e05,c1,p33,l1,0.00
i49,e05,c1,p33,l3,0.00
i49,e05,c1,p35,l3,0.00
i49,e06,c1,p01,l3,0.00
i49,e06,c1,p02,l3,0.00
i49,e06,c1,p03,l3,0.00
i49,e06,c1,p04,l3,0.00
i49,e06,c1,p05,l3,0.00
i49,e06,c1,p06,l3,0.00
i49,e06,c1,p07,l3,0.00
i49,e06,c1,p08,l3,0.00
i49,e06,c1,p09,l3,0.00
i49,e06,c1,p10,l3,0.00
i49,e06,c1,p11,l3,0.00
i49,e06,c1,p12,l3,0.00
i49,e06,c1,p13,l3,0.00
i49,e06,c1,p14,l3,0.00
i49,e06,c1,p15,l3,0.00
i49,e06,c1,p16,l3,0.00
i49,e06,c1,p17,l3,0.00
i49,e06,c1,p18,l3,0.00
i49,e06,c1,p19,l3,0.00
i49,e06,c1,p20,l3,0.00
i49,e06,c1,p21,l3,0.00
i49,e06,c1,p22,l3,0.00
i49,e06,c1,p23,l3,0.00
i49,e06,c1,p24,l3,0.00
i49,e06,c1,p25,l3,0.00
i49,e06,c1,p27,l3,0.00
i49,e06,c1,p28,l3,0.00
i49,e06,c1,p29,l3,0.00
i49,e06,c1,p32,l3,0.00
i49,e06,c1,p33,l3,0.00
i49,e06,c1,p34,l3,0.00
i49,e06,c1,p35,l3,0.00
i49,e06,c4,p01,l3,0.00
i49,e06,c4,p02,l3,0.00
i49,e06,c4,p03,l3,0.00
i49,e06,c4,p04,l3,0.00
i49,e06,c4,p05,l3,0.00
i49,e06,c4,p07,l3,0.00
i49,e06,c4,p10,l3,0.00
i49,e06,c4,p11,l3,0.00
i49,e06,c4,p12,l3,0.00
i49,e06,c4,p13,l3,0.00
i49,e06,c4,p14,l3,0.00
i49,e06,c4,p16,l3,0.00
i49,e06,c4,p19,l3,0.00
i49,e06,c4,p21,l3,0.00
i49,e06,c4,p33,l3,0.00
i49,e06,c4,p35,l3,0.00
i49,e07,c1,p01,l3,0.00
i49,e07,c1,p33,l3,0.00
i49,e08,c1,p01,l2,0.00
i49,e08,c1,p01,l3,0.00
i49,e08,c1,p02,l2,0.00
i49,e08,c1,p02,l3,0.00
i49,e08,c1,p03,l2,0.00
i49,e08,c1,p03,l3,0.00
i49,e08,c1,p04,l3,0.00
i49,e08,c1,p05,l3,0.00
i49,e08,c1,p06,l3,0.00
i49,e08,c1,p07,l3,0.00
i49,e08,c1,p08,l3,0.00
i49,e08,c1,p09,l2,0.00
i49,e08,c1,p09,l3,0.00
i49,e08,c1,p10,l2,0.00
i49,e08,c1,p10,l3,0.00
i49,e08,c1,p11,l2,0.00
i49,e08,c1,p11,l3,0.00
i49,e08,c1,p12,l3,0.00
i49,e08,c1,p13,l2,0.00
i49,e08,c1,p13,l3,0.00
i49,e08,c1,p14,l3,0.00
i49,e08,c1,p15,l2,0.00
i49,e08,c1,p15,l3,0.00
i49,e08,c1,p16,l2,0.00
i49,e08,c1,p16,l3,0.00
i49,e08,c1,p17,l2,0.00
i49,e08,c1,p17,l3,0.00
i49,e08,c1,p18,l3,0.00
i49,e08,c1,p19,l2,0.00
i49,e08,c1,p19,l3,0.00
i49,e08,c1,p20,l3,0.00
i49,e08,c1,p21,l2,0.00
i49,e08,c1,p21,l3,0.00
i49,e08,c1,p22,l3,0.00
i49,e08,c1,p23,l3,0.00
i49,e08,c1,p24,l3,0.00
i49,e08,c1,p25,l3,0.00
i49,e08,c1,p27,l3,0.00
i49,e08,c1,p28,l2,0.00
i49,e08,c1,p28,l3,0.00
i49,e08,c1,p29,l3,0.00
i49,e08,c1,p30,l2,0.00
i49,e08,c1,p33,l2,0.00
i49,e08,c1,p33,l3,0.00
i49,e08,c1,p34,l3,0.00
i49,e08,c1,p35,l2,0.00
i49,e08,c1,p35,l3,0.00
i49,e08,c4,p01,l2,0.00
i49,e08,c4,p01,l3,0.00
i49,e08,c4,p02,l3,0.00
i49,e08,c4,p03,l3,0.00
i49,e08,c4,p04,l3,0.00
i49,e08,c4,p05,l3,0.00
i49,e08,c4,p07,l3,0.00
i49,e08,c4,p10,l3,0.00
i49,e08,c4,p11,l3,0.00
i49,e08,c4,p12,l3,0.00
i49,e08,c4,p13,l3,0.00
i49,e08,c4,p14,l3,0.00
i49,e08,c4,p16,l3,0.00
i49,e08,c4,p19,l2,0.00
i49,e08,c4,p19,l3,0.00
i49,e08,c4,p33,l2,0.00
i49,e08,c4,p33,l3,0.00
i49,e08,c4,p35,l3,0.00
i49,e09,c1,p01,l2,0.00
i49,e09,c1,p01,l3,0.00
i49,e09,c1,p02,l3,0.00
i49,e09,c1,p03,l3,0.00
i49,e09,c1,p04,l3,0.00
i49,e09,c1,p06,l3,0.00
i49,e09,c1,p09,l2,0.00
i49,e09,c1,p10,l2,0.00
i49,e09,c1,p10,l3,0.00
i49,e09,c1,p11,l3,0.00
i49,e09,c1,p12,l3,0.00
i49,e09,c1,p13,l3,0.00
i49,e09,c1,p15,l2,0.00
i49,e09,c1,p16,l2,0.00
i49,e09,c1,p16,l3,0.00
i49,e09,c1,p17,l2,0.00
i49,e09,c1,p17,l3,0.00
i49,e09,c1,p18,l3,0.00
i49,e09,c1,p19,l2,0.00
i49,e09,c1,p19,l3,0.00
i49,e09,c1,p20,l3,0.00
i49,e09,c1,p21,l3,0.00
i49,e09,c1,p22,l3,0.00
i49,e09,c1,p24,l3,0.00
i49,e09,c1,p25,l3,0.00
i49,e09,c1,p27,l3,0.00
i49,e09,c1,p28,l3,0.00
i49,e09,c1,p29,l3,0.00
i49,e09,c1,p33,l2,0.00
i49,e09,c1,p33,l3,0.00
i49,e09,c1,p35,l2,0.00
i49,e09,c1,p35,l3,0.00
i49,e09,c4,p01,l2,0.00
i49,e09,c4,p01,l3,0.00
i49,e09,c4,p07,l3,0.00
i49,e09,c4,p10,l3,0.00
i49,e09,c4,p14,l3,0.00
i49,e09,c4,p33,l2,0.00
i49,e09,c4,p33,l3,0.00
i49,e09,c4,p35,l2,0.00
i49,e09,c4,p35,l3,0.00
i49,e10,c1,p01,l3,0.00
i49,e10,c1,p02,l3,0.00
i49,e10,c1,p03,l3,0.00
i49,e10,c1,p04,l3,0.00
i49,e10,c1,p05,l3,0.00
i49,e10,c1,p06,l3,0.00
i49,e10,c1,p07,l3,0.00
i49,e10,c1,p08,l3,0.00
i49,e10,c1,p09,l3,0.00
i49,e10,c1,p10,l3,0.00
i49,e10,c1,p11,l3,0.00
i49,e10,c1,p12,l3,0.00
i49,e10,c1,p13,l3,0.00
i49,e10,c1,p14,l3,0.00
i49,e10,c1,p15,l3,0.00
i49,e10,c1,p16,l3,0.00
i49,e10,c1,p17,l3,0.00
i49,e10,c1,p18,l3,0.00
i49,e10,c1,p19,l3,0.00
i49,e10,c1,p20,l3,0.00
i49,e10,c1,p21,l3,0.00
i49,e10,c1,p22,l3,0.00
i49,e10,c1,p23,l3,0.00
i49,e10,c1,p24,l3,0.00
i49,e10,c1,p25,l3,0.00
i49,e10,c1,p27,l3,0.00
i49,e10,c1,p28,l3,0.00
i49,e10,c1,p29,l3,0.00
i49,e10,c1,p32,l3,0.00
i49,e10,c1,p33,l3,0.00
i49,e10,c1,p34,l3,0.00
i49,e10,c1,p35,l3,58.08
i49,e10,c4,p01,l3,0.00
i49,e10,c4,p02,l3,0.00
i49,e10,c4,p03,l3,0.00
i49,e10,c4,p04,l3,0.00
i49,e10,c4,p05,l3,0.00
i49,e10,c4,p07,l3,0.00
i49,e10,c4,p10,l3,0.00
i49,e10,c4,p11,l3,0.00
i49,e10,c4,p12,l3,0.00
i49,e10,c4,p13,l3,0.00
i49,e10,c4,p14,l3,0.00
i49,e10,c4,p16,l3,0.00
i49,e10,c4,p19,l3,0.00
i49,e10,c4,p21,l3,0.00
i49,e10,c4,p33,l3,0.00
i49,e10,c4,p35,l3,0.00
i49,e11,c1,p01,l2,0.00
i49,e11,c1,p01,l3,0.00
i49,e11,c1,p03,l3,0.00
i49,e11,c1,p09,l2,0.00
i49,e11,c1,p10,l3,0.00
i49,e11,c1,p13,l2,0.00
i49,e11,c1,p13,l3,0.00
i49,e11,c1,p14,l3,0.00
i49,e11,c1,p17,l2,0.00
i49,e11,c1,p17,l3,0.00
i49,e11,c1,p18,l2,0.00
i49,e11,c1,p18,l3,0.00
i49,e11,c1,p19,l2,0.00
i49,e11,c1,p19,l3,0.00
i49,e11,c1,p20,l3,0.00
i49,e11,c1,p21,l2,0.00
i49,e11,c1,p21,l3,0.00
i49,e11,c1,p23,l3,0.00
i49,e11,c1,p29,l3,0.00
i49,e11,c1,p33,l2,0.00
i49,e11,c1,p33,l3,0.00
i49,e11,c1,p35,l2,0.00
i49,e11,c1,p35,l3,0.00
i49,e11,c4,p01,l2,0.00
i49,e11,c4,p01,l3,0.00
i49,e11,c4,p05,l3,0.00
i49,e11,c4,p33,l2,0.00
i49,e11,c4,p33,l3,0.00
i49,e11,c4,p35,l3,0.00
i49,e12,c1,p01,l3,0.00
i49,e12,c1,p33,l3,0.00
i49,e12,c1,p35,l3,0.00
i49,e12,c4,p33,l3,0.00
i50,e01,c1,p05,l3,0.00
i50,e01,c1,p06,l3,0.00
i50,e01,c1,p07,l3,0.00
i50,e01,c1,p08,l3,0.00
i50,e01,c1,p09,l3,0.00
i50,e01,c1,p10,l3,0.00
i50,e01,c1,p11,l3,0.00
i50,e01,c1,p12,l3,0.00
i50,e01,c1,p13,l3,0.00
i50,e01,c1,p14,l3,0.00
i50,e01,c1,p15,l3,0.00
i50,e01,c1,p16,l3,0.00
i50,e01,c1,p17,l3,0.00
i50,e01,c1,p18,l3,0.00
i50,e01,c1,p19,l3,0.00
i50,e01,c1,p20,l3,0.00
i50,e01,c1,p21,l3,0.00
i50,e01,c1,p22,l3,0.00
i50,e01,c1,p23,l3,0.00
i50,e01,c1,p24,l3,0.00
i50,e01,c1,p25,l3,0.00
i50,e01,c1,p26,l3,0.00
i50,e01,c1,p28,l3,0.00
i50,e01,c1,p29,l3,0.00
i50,e01,c1,p31,l3,0.00
i50,e01,c1,p32,l3,0.00
i50,e01,c1,p33,l3,0.00
i50,e01,c1,p34,l3,0.00
i50,e01,c1,p35,l3,0.00
i50,e04,c1,p03,l3,0.00
i50,e04,c1,p05,l1,0.00
i50,e04,c1,p05,l3,0.00
i50,e04,c1,p06,l1,0.00
i50,e04,c1,p06,l3,0.00
i50,e04,c1,p07,l1,0.00
i50,e04,c1,p07,l3,0.00
i50,e04,c1,p08,l1,0.00
i50,e04,c1,p08,l3,0.00
i50,e04,c1,p09,l1,0.00
i50,e04,c1,p09,l3,0.00
i50,e04,c1,p10,l1,0.00
i50,e04,c1,p10,l3,0.00
i50,e04,c1,p11,l1,0.00
i50,e04,c1,p11,l3,0.00
i50,e04,c1,p12,l1,0.00
i50,e04,c1,p12,l3,0.00
i50,e04,c1,p13,l1,0.00
i50,e04,c1,p13,l3,0.00
i50,e04,c1,p14,l1,0.00
i50,e04,c1,p14,l3,0.00
i50,e04,c1,p15,l1,0.00
i50,e04,c1,p15,l3,0.00
i50,e04,c1,p16,l1,0.00
i50,e04,c1,p16,l3,0.00
i50,e04,c1,p17,l3,0.00
i50,e04,c1,p18,l1,0.00
i50,e04,c1,p18,l3,0.00
i50,e04,c1,p19,l1,0.00
i50,e04,c1,p19,l3,0.00
i50,e04,c1,p20,l1,0.00
i50,e04,c1,p20,l3,0.00
i50,e04,c1,p21,l1,0.00
i50,e04,c1,p21,l3,0.00
i50,e04,c1,p22,l1,0.00
i50,e04,c1,p22,l3,0.00
i50,e04,c1,p23,l1,0.00
i50,e04,c1,p23,l3,0.00
i50,e04,c1,p24,l1,0.00
i50,e04,c1,p24,l3,0.00
i50,e04,c1,p25,l1,0.00
i50,e04,c1,p25,l3,0.00
i50,e04,c1,p26,l1,0.00
i50,e04,c1,p26,l3,0.00
i50,e04,c1,p28,l1,0.00
i50,e04,c1,p28,l3,0.00
i50,e04,c1,p29,l1,0.00
i50,e04,c1,p29,l3,0.00
i50,e04,c1,p31,l3,0.00
i50,e04,c1,p32,l1,0.00
i50,e04,c1,p32,l3,0.00
i50,e04,c1,p33,l3,0.00
i50,e04,c1,p34,l3,0.00
i50,e04,c1,p35,l1,0.00
i50,e04,c1,p35,l3,0.00
i50,e05,c1,p05,l3,0.00
i50,e05,c1,p06,l3,0.00
i50,e05,c1,p09,l1,0.00
i50,e05,c1,p10,l1,0.00
i50,e05,c1,p10,l3,0.00
i50,e05,c1,p15,l1,0.00
i50,e05,c1,p15,l3,0.00
i50,e05,c1,p18,l3,0.00
i50,e05,c1,p19,l1,0.00
i50,e05,c1,p23,l3,0.00
i50,e05,c1,p25,l3,0.00
i50,e05,c1,p26,l3,0.00
i50,e05,c1,p35,l1,0.00
i50,e05,c1,p35,l3,0.00
i50,e09,c1,p05,l2,0.00
i50,e09,c1,p05,l3,0.00
i50,e09,c1,p06,l2,0.00
i50,e09,c1,p06,l3,0.00
i50,e09,c1,p07,l2,0.00
i50,e09,c1,p07,l3,0.00
i50,e09,c1,p08,l2,0.00
i50,e09,c1,p08,l3,0.00
i50,e09,c1,p09,l2,0.00
i50,e09,c1,p09,l3,0.00
i50,e09,c1,p10,l2,0.00
i50,e09,c1,p10,l3,0.00
i50,e09,c1,p11,l2,0.00
i50,e09,c1,p11,l3,0.00
i50,e09,c1,p12,l2,0.00
i50,e09,c1,p12,l3,0.00
i50,e09,c1,p13,l2,0.00
i50,e09,c1,p13,l3,0.00
i50,e09,c1,p14,l2,0.00
i50,e09,c1,p14,l3,0.00
i50,e09,c1,p15,l2,0.00
i50,e09,c1,p15,l3,0.00
i50,e09,c1,p16,l2,0.00
i50,e09,c1,p16,l3,0.00
i50,e09,c1,p17,l3,0.00
i50,e09,c1,p18,l2,0.00
i50,e09,c1,p18,l3,0.00
i50,e09,c1,p19,l2,0.00
i50,e09,c1,p19,l3,0.00
i50,e09,c1,p20,l2,0.00
i50,e09,c1,p20,l3,0.00
i50,e09,c1,p21,l2,0.00
i50,e09,c1,p21,l3,0.00
i50,e09,c1,p22,l2,0.00
i50,e09,c1,p22,l3,0.00
i50,e09,c1,p23,l2,0.00
i50,e09,c1,p23,l3,0.00
i50,e09,c1,p24,l2,0.00
i50,e09,c1,p24,l3,0.00
i50,e09,c1,p25,l2,0.00
i50,e09,c1,p25,l3,0.00
i50,e09,c1,p26,l2,0.00
i50,e09,c1,p26,l3,0.00
i50,e09,c1,p28,l2,0.00
i50,e09,c1,p28,l3,0.00
i50,e09,c1,p29,l2,0.00
i50,e09,c1,p29,l3,0.00
i50,e09,c1,p31,l3,0.00
i50,e09,c1,p32,l2,0.00
i50,e09,c1,p32,l3,0.00
i50,e09,c1,p33,l3,0.00
i50,e09,c1,p34,l3,0.00
i50,e09,c1,p35,l2,0.00
i50,e09,c1,p35,l3,0.00
i50,e12,c1,p35,l3,0.00
i51,e01,c4,p35,l3,0.00
i51,e04,c4,p35,l1,0.00
i51,e04,c4,p35,l3,0.00
i51,e05,c4,p35,l3,0.00
i51,e08,c4,p35,l2,0.00
i51,e08,c4,p35,l3,0.00
i51,e09,c4,p35,l2,0.00
i51,e09,c4,p35,l3,0.00
i51,e10,c4,p35,l1,0.00
i51,e10,c4,p35,l3,0.00
i51,e11,c4,p35,l3,0.00
i52,e01,c3,p01,l3,0.00
i52,e01,c3,p10,l3,0.00
i52,e01,c3,p35,l3,0.00
i52,e01,c5,p10,l3,0.00
i52,e01,c5,p35,l3,0.00
i52,e02,c3,p10,l3,0.00
i52,e02,c3,p35,l3,0.00
i52,e02,c5,p35,l3,0.00
i52,e04,c3,p01,l3,0.00
i52,e04,c3,p10,l1,0.00
i52,e04,c3,p10,l3,0.00
i52,e04,c3,p35,l1,0.00
i52,e04,c3,p35,l3,0.00
i52,e04,c5,p10,l3,0.00
i52,e04,c5,p35,l3,0.00
i52,e05,c3,p10,l3,0.00
i52,e05,c3,p35,l3,0.00
i52,e08,c3,p01,l3,0.00
i52,e08,c3,p10,l3,0.00
i52,e08,c3,p35,l3,0.00
i52,e08,c5,p10,l3,0.00
i52,e08,c5,p35,l3,0.00
i52,e09,c3,p01,l3,0.00
i52,e09,c3,p10,l3,0.00
i52,e09,c3,p35,l2,0.00
i52,e09,c3,p35,l3,0.00
i52,e09,c5,p10,l3,0.00
i52,e09,c5,p35,l3,0.00
i52,e11,c3,p01,l3,0.00
i52,e11,c3,p10,l3,0.00
i52,e11,c3,p35,l3,0.00
i53,e01,c5,p35,l3,0.00
i53,e02,c5,p35,l3,0.00
i53,e03,c5,p35,l3,0.00
i53,e04,c5,p35,l3,0.00
i53,e05,c5,p35,l3,0.00
i53,e08,c5,p35,l3,0.00
i53,e09,c5,p35,l3,0.00
i53,e11,c5,p35,l3,0.00
i53,e12,c5,p35,l3,0.00
i53,e13,c5,p10,l3,0.00
i53,e13,c5,p35,l3,0.00
i54,e01,c1,p35,l3,0.00
i54,e01,c4,p35,l3,0.00
i54,e04,c1,p35,l3,0.00
i54,e04,c4,p35,l3,0.00
i54,e05,c1,p35,l3,0.00
i54,e09,c1,p35,l3,0.00
i54,e09,c4,p35,l3,0.00
i54,e12,c1,p35,l3,0.00
i55,e01,c3,p10,l3,0.00
i55,e01,c5,p01,l3,0.00
i55,e01,c5,p03,l3,0.00
i55,e01,c5,p06,l3,0.00
i55,e01,c5,p10,l3,0.00
i55,e01,c5,p33,l3,0.00
i55,e01,c5,p35,l3,0.00
i55,e02,c5,p03,l3,0.00
i55,e02,c5,p10,l3,0.00
i55,e02,c5,p35,l3,0.00
i55,e03,c3,p10,l3,0.00
i55,e03,c5,p01,l3,0.00
i55,e03,c5,p03,l3,0.00
i55,e03,c5,p06,l3,0.00
i55,e03,c5,p10,l3,0.00
i55,e03,c5,p19,l3,0.00
i55,e03,c5,p24,l3,0.00
i55,e03,c5,p33,l3,0.00
i55,e03,c5,p35,l3,0.00
i55,e04,c3,p10,l3,0.00
i55,e04,c5,p01,l3,0.00
i55,e04,c5,p03,l3,0.00
i55,e04,c5,p06,l3,0.00
i55,e04,c5,p10,l3,0.00
i55,e04,c5,p19,l3,0.00
i55,e04,c5,p33,l3,0.00
i55,e04,c5,p35,l3,0.00
i55,e05,c3,p10,l3,0.00
i55,e05,c5,p01,l3,0.00
i55,e05,c5,p03,l3,0.00
i55,e05,c5,p10,l3,0.00
i55,e05,c5,p24,l3,0.00
i55,e05,c5,p33,l3,0.00
i55,e05,c5,p35,l3,0.00
i55,e07,c5,p01,l3,0.00
i55,e07,c5,p06,l3,0.00
i55,e07,c5,p10,l3,0.00
i55,e07,c5,p35,l3,0.00
i55,e08,c3,p10,l3,0.00
i55,e08,c5,p01,l3,0.00
i55,e08,c5,p03,l3,0.00
i55,e08,c5,p06,l3,0.00
i55,e08,c5,p10,l3,0.00
i55,e08,c5,p19,l3,0.00
i55,e08,c5,p33,l3,0.00
i55,e08,c5,p35,l3,0.00
i55,e09,c3,p10,l3,0.00
i55,e09,c5,p01,l3,0.00
i55,e09,c5,p03,l3,0.00
i55,e09,c5,p06,l3,0.00
i55,e09,c5,p10,l3,0.00
i55,e09,c5,p33,l3,0.00
i55,e09,c5,p35,l3,0.00
i55,e12,c3,p10,l3,0.00
i55,e12,c5,p01,l3,0.00
i55,e12,c5,p03,l3,0.00
i55,e12,c5,p06,l3,0.00
i55,e12,c5,p10,l3,0.00
i55,e12,c5,p35,l3,0.00
i55,e13,c3,p10,l3,0.00
i55,e13,c5,p01,l3,0.00
i55,e13,c5,p03,l3,0.00
i55,e13,c5,p06,l3,0.00
i55,e13,c5,p10,l3,0.00
i55,e13,c5,p19,l3,0.00
i55,e13,c5,p24,l3,0.00
i55,e13,c5,p35,l3,0.00
i56,e01,c5,p10,l3,0.00
i56,e01,c5,p35,l3,0.00
i56,e02,c3,p10,l3,0.00
i56,e02,c5,p10,l3,0.00
i56,e04,c5,p01,l3,0.00
i56,e04,c5,p10,l3,0.00
i56,e04,c5,p35,l3,0.00
i56,e05,c3,p10,l3,0.00
i56,e05,c5,p01,l3,0.00
i56,e05,c5,p10,l3,0.00
i56,e05,c5,p35,l3,0.00
i56,e07,c3,p10,l3,0.00
i56,e07,c5,p10,l3,0.00
i56,e07,c5,p35,l3,0.00
i56,e08,c5,p01,l3,0.00
i56,e08,c5,p10,l3,0.00
i56,e08,c5,p16,l3,0.00
i56,e08,c5,p35,l3,0.00
i56,e09,c3,p10,l3,0.00
i56,e09,c5,p10,l3,0.00
i56,e09,c5,p35,l3,0.00
i56,e11,c3,p10,l3,0.00
i56,e11,c5,p03,l3,0.00
i56,e11,c5,p10,l3,0.00
i56,e11,c5,p35,l3,0.00
i56,e12,c5,p10,l3,0.00
i56,e12,c5,p35,l3,0.00
i57,e12,c2,p10,l3,0.00
i57,e12,c8,p01,l3,0.00
i57,e12,c8,p03,l3,0.00
i57,e12,c8,p04,l3,0.00
i57,e12,c8,p05,l3,0.00
i57,e12,c8,p07,l3,0.00
i57,e12,c8,p10,l3,0.00
i57,e12,c8,p11,l3,0.00
i57,e12,c8,p15,l3,0.00
i57,e12,c8,p16,l3,0.00
i57,e12,c8,p19,l3,0.00
i57,e12,c8,p20,l3,0.00
i57,e12,c8,p21,l3,0.00
i57,e12,c8,p22,l3,0.00
i57,e12,c8,p33,l3,0.00
i58,e01,c5,p10,l3,0.00
i58,e01,c5,p35,l3,0.00
i58,e03,c5,p10,l3,0.00
i58,e03,c5,p35,l3,0.00
i58,e04,c5,p10,l3,0.00
i58,e04,c5,p35,l3,0.00
i58,e05,c3,p35,l3,0.00
i58,e05,c5,p10,l3,0.00
i58,e05,c5,p35,l3,0.00
i58,e07,c5,p35,l3,0.00
i58,e08,c3,p35,l3,0.00
i58,e08,c5,p10,l3,0.00
i58,e08,c5,p35,l3,0.00
i58,e09,c5,p10,l3,0.00
i58,e09,c5,p35,l3,0.00
i58,e11,c5,p10,l3,0.00
i58,e11,c5,p35,l3,0.00
i58,e12,c5,p10,l3,0.00
i58,e12,c5,p35,l3,0.00
i59,e01,c3,p01,l3,0.00
i59,e01,c3,p10,l3,0.00
i59,e01,c3,p16,l3,0.00
i59,e01,c3,p21,l3,0.00
i59,e01,c3,p35,l3,0.00
i59,e01,c5,p01,l3,0.00
i59,e01,c5,p02,l3,0.00
i59,e01,c5,p03,l3,0.00
i59,e01,c5,p04,l3,0.00
i59,e01,c5,p05,l3,0.00
i59,e01,c5,p06,l3,0.00
i59,e01,c5,p07,l3,0.00
i59,e01,c5,p08,l3,0.00
i59,e01,c5,p10,l3,0.00
i59,e01,c5,p11,l3,0.00
i59,e01,c5,p12,l3,0.00
i59,e01,c5,p13,l3,0.00
i59,e01,c5,p14,l3,0.00
i59,e01,c5,p15,l3,0.00
i59,e01,c5,p16,l3,0.00
i59,e01,c5,p17,l3,0.00
i59,e01,c5,p18,l3,0.00
i59,e01,c5,p19,l3,0.00
i59,e01,c5,p20,l3,0.00
i59,e01,c5,p21,l3,0.00
i59,e01,c5,p22,l3,0.00
i59,e01,c5,p23,l3,0.00
i59,e01,c5,p24,l3,0.00
i59,e01,c5,p25,l3,0.00
i59,e01,c5,p28,l3,0.00
i59,e01,c5,p29,l3,0.00
i59,e01,c5,p32,l3,0.00
i59,e01,c5,p33,l3,0.00
i59,e01,c5,p35,l3,0.00
i59,e02,c3,p10,l3,0.00
i59,e02,c5,p01,l1,0.00
i59,e02,c5,p01,l3,0.00
i59,e02,c5,p10,l1,0.00
i59,e02,c5,p10,l3,0.00
i59,e02,c5,p12,l1,0.00
i59,e02,c5,p12,l3,0.00
i59,e02,c5,p19,l3,0.00
i59,e02,c5,p21,l3,0.00
i59,e02,c5,p35,l3,0.00
i59,e04,c3,p01,l3,0.00
i59,e04,c3,p10,l3,0.00
i59,e04,c3,p11,l3,0.00
i59,e04,c3,p35,l3,0.00
i59,e04,c5,p01,l1,0.00
i59,e04,c5,p01,l3,0.00
i59,e04,c5,p02,l3,0.00
i59,e04,c5,p03,l3,0.00
i59,e04,c5,p04,l3,0.00
i59,e04,c5,p05,l3,0.00
i59,e04,c5,p06,l1,0.00
i59,e04,c5,p06,l3,0.00
i59,e04,c5,p07,l3,0.00
i59,e04,c5,p08,l3,0.00
i59,e04,c5,p09,l3,0.00
i59,e04,c5,p10,l1,0.00
i59,e04,c5,p10,l3,0.00
i59,e04,c5,p11,l3,0.00
i59,e04,c5,p12,l1,0.00
i59,e04,c5,p12,l3,0.00
i59,e04,c5,p13,l3,0.00
i59,e04,c5,p14,l3,0.00
i59,e04,c5,p15,l1,0.00
i59,e04,c5,p15,l3,0.00
i59,e04,c5,p16,l3,0.00
i59,e04,c5,p17,l3,0.00
i59,e04,c5,p18,l3,0.00
i59,e04,c5,p19,l1,0.00
i59,e04,c5,p19,l3,0.00
i59,e04,c5,p20,l3,0.00
i59,e04,c5,p21,l1,0.00
i59,e04,c5,p21,l3,0.00
i59,e04,c5,p22,l3,0.00
i59,e04,c5,p23,l3,0.00
i59,e04,c5,p24,l3,0.00
i59,e04,c5,p25,l3,0.00
i59,e04,c5,p28,l1,0.00
i59,e04,c5,p28,l3,0.00
i59,e04,c5,p29,l3,0.00
i59,e04,c5,p30,l3,0.00
i59,e04,c5,p32,l3,0.00
i59,e04,c5,p33,l3,0.00
i59,e04,c5,p35,l1,0.00
i59,e04,c5,p35,l3,0.00
i59,e05,c3,p01,l3,0.00
i59,e05,c3,p10,l1,0.00
i59,e05,c3,p10,l3,0.00
i59,e05,c3,p35,l1,0.00
i59,e05,c3,p35,l3,0.00
i59,e05,c5,p01,l1,0.00
i59,e05,c5,p01,l3,0.00
i59,e05,c5,p02,l3,0.00
i59,e05,c5,p03,l3,0.00
i59,e05,c5,p04,l3,0.00
i59,e05,c5,p05,l3,0.00
i59,e05,c5,p06,l3,0.00
i59,e05,c5,p10,l1,0.00
i59,e05,c5,p10,l3,0.00
i59,e05,c5,p11,l3,0.00
i59,e05,c5,p12,l1,0.00
i59,e05,c5,p12,l3,0.00
i59,e05,c5,p13,l1,0.00
i59,e05,c5,p13,l3,0.00
i59,e05,c5,p15,l1,0.00
i59,e05,c5,p15,l3,0.00
i59,e05,c5,p16,l3,0.00
i59,e05,c5,p17,l3,0.00
i59,e05,c5,p19,l1,0.00
i59,e05,c5,p19,l3,0.00
i59,e05,c5,p21,l1,0.00
i59,e05,c5,p21,l3,0.00
i59,e05,c5,p23,l3,0.00
i59,e05,c5,p24,l3,0.00
i59,e05,c5,p25,l3,0.00
i59,e05,c5,p26,l1,0.00
i59,e05,c5,p28,l3,0.00
i59,e05,c5,p30,l3,0.00
i59,e05,c5,p33,l3,0.00
i59,e05,c5,p35,l1,0.00
i59,e05,c5,p35,l3,0.00
i59,e07,c3,p35,l3,0.00
i59,e07,c5,p01,l3,0.00
i59,e07,c5,p05,l3,0.00
i59,e07,c5,p06,l3,0.00
i59,e07,c5,p07,l2,0.00
i59,e07,c5,p07,l3,0.00
i59,e07,c5,p08,l3,0.00
i59,e07,c5,p10,l2,0.00
i59,e07,c5,p10,l3,0.00
i59,e07,c5,p11,l3,0.00
i59,e07,c5,p12,l2,0.00
i59,e07,c5,p12,l3,0.00
i59,e07,c5,p15,l3,0.00
i59,e07,c5,p18,l3,0.00
i59,e07,c5,p19,l3,0.00
i59,e07,c5,p21,l3,0.00
i59,e07,c5,p28,l3,0.00
i59,e07,c5,p31,l3,0.00
i59,e07,c5,p35,l3,0.00
i59,e08,c3,p10,l2,0.00
i59,e08,c3,p10,l3,0.00
i59,e08,c3,p19,l3,0.00
i59,e08,c3,p21,l3,0.00
i59,e08,c3,p35,l2,0.00
i59,e08,c3,p35,l3,0.00
i59,e08,c5,p01,l2,0.00
i59,e08,c5,p01,l3,0.00
i59,e08,c5,p02,l3,0.00
i59,e08,c5,p03,l3,0.00
i59,e08,c5,p04,l2,0.00
i59,e08,c5,p04,l3,0.00
i59,e08,c5,p05,l3,0.00
i59,e08,c5,p06,l2,0.00
i59,e08,c5,p06,l3,0.00
i59,e08,c5,p07,l2,0.00
i59,e08,c5,p07,l3,0.00
i59,e08,c5,p08,l2,0.00
i59,e08,c5,p08,l3,0.00
i59,e08,c5,p09,l3,0.00
i59,e08,c5,p10,l2,0.00
i59,e08,c5,p10,l3,0.00
i59,e08,c5,p11,l2,0.00
i59,e08,c5,p11,l3,0.00
i59,e08,c5,p12,l2,0.00
i59,e08,c5,p12,l3,0.00
i59,e08,c5,p13,l3,0.00
i59,e08,c5,p14,l2,0.00
i59,e08,c5,p14,l3,0.00
i59,e08,c5,p15,l2,0.00
i59,e08,c5,p15,l3,0.00
i59,e08,c5,p16,l2,0.00
i59,e08,c5,p16,l3,0.00
i59,e08,c5,p17,l2,0.00
i59,e08,c5,p17,l3,0.00
i59,e08,c5,p18,l3,0.00
i59,e08,c5,p19,l2,0.00
i59,e08,c5,p19,l3,0.00
i59,e08,c5,p20,l3,0.00
i59,e08,c5,p21,l2,0.00
i59,e08,c5,p21,l3,0.00
i59,e08,c5,p22,l3,0.00
i59,e08,c5,p23,l2,0.00
i59,e08,c5,p23,l3,0.00
i59,e08,c5,p24,l2,0.00
i59,e08,c5,p24,l3,0.00
i59,e08,c5,p25,l2,0.00
i59,e08,c5,p25,l3,0.00
i59,e08,c5,p26,l2,0.00
i59,e08,c5,p28,l2,0.00
i59,e08,c5,p28,l3,0.00
i59,e08,c5,p29,l3,0.00
i59,e08,c5,p30,l3,0.00
i59,e08,c5,p31,l3,0.00
i59,e08,c5,p32,l3,0.00
i59,e08,c5,p33,l3,0.00
i59,e08,c5,p35,l2,0.00
i59,e08,c5,p35,l3,0.00
i59,e09,c3,p01,l3,0.00
i59,e09,c3,p10,l3,0.00
i59,e09,c3,p35,l3,0.00
i59,e09,c5,p01,l2,0.00
i59,e09,c5,p01,l3,0.00
i59,e09,c5,p02,l3,0.00
i59,e09,c5,p03,l3,0.00
i59,e09,c5,p04,l3,0.00
i59,e09,c5,p05,l3,0.00
i59,e09,c5,p06,l3,0.00
i59,e09,c5,p07,l3,0.00
i59,e09,c5,p08,l3,0.00
i59,e09,c5,p10,l2,0.00
i59,e09,c5,p10,l3,0.00
i59,e09,c5,p11,l3,0.00
i59,e09,c5,p12,l2,0.00
i59,e09,c5,p12,l3,0.00
i59,e09,c5,p13,l3,0.00
i59,e09,c5,p14,l3,0.00
i59,e09,c5,p15,l2,0.00
i59,e09,c5,p15,l3,0.00
i59,e09,c5,p16,l3,0.00
i59,e09,c5,p17,l3,0.00
i59,e09,c5,p18,l3,0.00
i59,e09,c5,p19,l2,0.00
i59,e09,c5,p19,l3,0.00
i59,e09,c5,p21,l2,0.00
i59,e09,c5,p21,l3,0.00
i59,e09,c5,p22,l3,0.00
i59,e09,c5,p23,l3,0.00
i59,e09,c5,p24,l3,0.00
i59,e09,c5,p25,l3,0.00
i59,e09,c5,p28,l2,0.00
i59,e09,c5,p28,l3,0.00
i59,e09,c5,p29,l3,0.00
i59,e09,c5,p30,l3,0.00
i59,e09,c5,p32,l3,0.00
i59,e09,c5,p33,l3,0.00
i59,e09,c5,p35,l2,0.00
i59,e09,c5,p35,l3,0.00
i59,e11,c3,p10,l2,0.00
i59,e11,c3,p10,l3,0.00
i59,e11,c5,p01,l2,0.00
i59,e11,c5,p01,l3,0.00
i59,e11,c5,p03,l3,0.00
i59,e11,c5,p04,l3,0.00
i59,e11,c5,p05,l3,0.00
i59,e11,c5,p07,l3,0.00
i59,e11,c5,p08,l3,0.00
i59,e11,c5,p10,l2,0.00
i59,e11,c5,p10,l3,0.00
i59,e11,c5,p11,l2,0.00
i59,e11,c5,p11,l3,0.00
i59,e11,c5,p12,l2,0.00
i59,e11,c5,p12,l3,0.00
i59,e11,c5,p14,l3,0.00
i59,e11,c5,p15,l2,0.00
i59,e11,c5,p15,l3,0.00
i59,e11,c5,p16,l3,0.00
i59,e11,c5,p18,l3,0.00
i59,e11,c5,p19,l2,0.00
i59,e11,c5,p19,l3,0.00
i59,e11,c5,p21,l2,0.00
i59,e11,c5,p21,l3,0.00
i59,e11,c5,p22,l3,0.00
i59,e11,c5,p23,l3,0.00
i59,e11,c5,p25,l2,0.00
i59,e11,c5,p28,l2,0.00
i59,e11,c5,p28,l3,0.00
i59,e11,c5,p35,l2,0.00
i59,e11,c5,p35,l3,0.00
i59,e12,c3,p13,l3,0.00
i59,e12,c3,p16,l3,0.00
i59,e12,c5,p01,l3,0.00
i59,e12,c5,p03,l3,0.00
i59,e12,c5,p04,l3,0.00
i59,e12,c5,p05,l3,0.00
i59,e12,c5,p06,l3,0.00
i59,e12,c5,p07,l3,0.00
i59,e12,c5,p10,l3,0.00
i59,e12,c5,p11,l3,0.00
i59,e12,c5,p12,l3,0.00
i59,e12,c5,p13,l3,0.00
i59,e12,c5,p14,l3,0.00
i59,e12,c5,p15,l3,0.00
i59,e12,c5,p16,l3,0.00
i59,e12,c5,p19,l3,0.00
i59,e12,c5,p20,l3,0.00
i59,e12,c5,p21,l3,0.00
i59,e12,c5,p25,l3,0.00
i59,e12,c5,p26,l3,0.00
i59,e12,c5,p28,l3,0.00
i59,e12,c5,p29,l3,0.00
i59,e12,c5,p35,l3,0.00
i60,e01,c3,p10,l3,0.00
i60,e01,c5,p10,l3,0.00
i60,e01,c5,p35,l3,0.00
i60,e02,c3,p10,l3,0.00
i60,e02,c5,p10,l3,0.00
i60,e04,c3,p10,l3,0.00
i60,e04,c5,p10,l3,0.00
i60,e04,c5,p35,l3,0.00
i60,e05,c3,p10,l3,0.00
i60,e05,c5,p10,l3,0.00
i60,e05,c5,p35,l3,0.00
i60,e08,c3,p10,l3,0.00
i60,e08,c5,p10,l3,0.00
i60,e08,c5,p35,l3,0.00
i60,e09,c3,p10,l3,0.00
i60,e09,c5,p10,l3,0.00
i60,e09,c5,p35,l3,0.00
i60,e11,c3,p10,l3,0.00
i60,e11,c5,p10,l3,0.00
i61,e01,c1,p06,l3,0.00
i61,e01,c1,p12,l3,0.00
i61,e01,c1,p35,l3,0.00
i61,e01,c4,p35,l3,0.00
i61,e04,c1,p06,l3,0.00
i61,e04,c1,p12,l1,0.00
i61,e04,c1,p12,l3,0.00
i61,e04,c1,p35,l1,0.00
i61,e04,c1,p35,l3,0.00
i61,e04,c4,p35,l1,0.00
i61,e04,c4,p35,l3,0.00
i61,e05,c1,p35,l1,0.00
i61,e05,c1,p35,l3,0.00
i61,e05,c4,p35,l1,0.00
i61,e05,c4,p35,l3,0.00
i61,e06,c1,p35,l3,0.00
i61,e07,c1,p35,l2,0.00
i61,e07,c1,p35,l3,0.00
i61,e07,c4,p35,l2,0.00
i61,e07,c4,p35,l3,0.00
i61,e08,c1,p02,l3,0.00
i61,e08,c1,p05,l3,0.00
i61,e08,c1,p06,l3,0.00
i61,e08,c1,p12,l2,0.00
i61,e08,c1,p12,l3,0.00
i61,e08,c1,p21,l3,0.00
i61,e08,c1,p35,l2,0.00
i61,e08,c1,p35,l3,0.00
i61,e08,c4,p35,l2,0.00
i61,e08,c4,p35,l3,0.00
i61,e09,c1,p02,l3,0.00
i61,e09,c1,p06,l3,0.00
i61,e09,c1,p12,l3,0.00
i61,e09,c1,p35,l2,0.00
i61,e09,c1,p35,l3,0.00
i61,e09,c4,p35,l2,0.00
i61,e09,c4,p35,l3,0.00
i61,e10,c1,p35,l1,0.00
i61,e10,c1,p35,l3,0.00
i61,e10,c4,p35,l1,0.00
i61,e10,c4,p35,l3,0.00
i61,e11,c1,p35,l2,0.00
i61,e11,c1,p35,l3,0.00
i61,e11,c4,p35,l2,0.00
i61,e11,c4,p35,l3,0.00
i61,e12,c1,p35,l3,0.00
i61,e12,c4,p35,l3,0.00
i62,e01,c1,p35,l3,0.00
i62,e01,c4,p35,l3,0.00
i62,e04,c1,p35,l1,0.00
i62,e04,c1,p35,l3,0.00
i62,e04,c4,p35,l3,0.00
i62,e09,c1,p35,l2,0.00
i62,e09,c1,p35,l3,0.00
i62,e09,c4,p35,l3,0.00
i63,e01,c1,p01,l3,0.00
i63,e01,c1,p02,l3,0.00
i63,e01,c1,p03,l3,0.00
i63,e01,c1,p05,l3,0.00
i63,e01,c1,p10,l3,0.00
i63,e01,c1,p12,l3,0.00
i63,e01,c1,p24,l3,0.00
i63,e01,c1,p26,l3,0.00
i63,e01,c1,p30,l3,0.00
i63,e01,c1,p32,l3,0.00
i63,e01,c1,p35,l3,0.00
i63,e01,c4,p01,l3,0.00
i63,e01,c4,p10,l3,0.00
i63,e01,c7,p10,l3,0.00
i63,e03,c1,p01,l3,0.00
i63,e03,c1,p02,l3,0.00
i63,e03,c1,p03,l3,0.00
i63,e03,c1,p04,l3,0.00
i63,e03,c1,p05,l3,0.00
i63,e03,c1,p08,l3,0.00
i63,e03,c1,p10,l3,0.00
i63,e03,c1,p12,l3,0.00
i63,e03,c1,p15,l3,0.00
i63,e03,c1,p19,l3,0.00
i63,e03,c1,p24,l3,0.00
i63,e03,c1,p26,l3,0.00
i63,e03,c1,p28,l3,0.00
i63,e03,c1,p30,l3,0.00
i63,e03,c1,p32,l3,0.00
i63,e03,c1,p35,l3,0.00
i63,e03,c4,p01,l3,0.00
i63,e03,c4,p03,l3,0.00
i63,e03,c4,p10,l3,0.00
i63,e03,c4,p35,l3,0.00
i63,e03,c7,p01,l3,0.00
i63,e03,c7,p10,l3,0.00
i63,e03,c7,p15,l3,0.00
i63,e04,c1,p01,l3,0.00
i63,e04,c1,p02,l3,0.00
i63,e04,c1,p03,l3,0.00
i63,e04,c1,p05,l3,0.00
i63,e04,c1,p09,l3,0.00
i63,e04,c1,p10,l3,0.00
i63,e04,c1,p12,l3,0.00
i63,e04,c1,p15,l3,0.00
i63,e04,c1,p19,l3,0.00
i63,e04,c1,p26,l3,0.00
i63,e04,c1,p28,l3,0.00
i63,e04,c1,p30,l3,0.00
i63,e04,c1,p32,l3,0.00
i63,e04,c1,p35,l3,0.00
i63,e04,c4,p01,l3,0.00
i63,e04,c4,p10,l3,0.00
i63,e04,c7,p01,l3,0.00
i63,e04,c7,p10,l3,0.00
i63,e04,c7,p15,l3,0.00
i63,e05,c1,p01,l3,0.00
i63,e05,c1,p03,l3,0.00
i63,e05,c1,p10,l3,0.00
i63,e05,c1,p35,l3,0.00
i63,e05,c4,p01,l3,0.00
i63,e05,c4,p10,l3,0.00
i63,e06,c1,p01,l3,0.00
i63,e06,c1,p03,l3,0.00
i63,e06,c1,p05,l3,0.00
i63,e06,c1,p10,l3,0.00
i63,e06,c1,p12,l3,0.00
i63,e06,c1,p35,l3,0.00
i63,e06,c4,p10,l3,0.00
i63,e06,c7,p01,l3,0.00
i63,e06,c7,p10,l3,0.00
i63,e07,c1,p01,l3,0.00
i63,e07,c1,p10,l3,0.00
i63,e08,c1,p01,l3,0.00
i63,e08,c1,p02,l3,0.00
i63,e08,c1,p03,l3,0.00
i63,e08,c1,p04,l3,0.00
i63,e08,c1,p05,l3,0.00
i63,e08,c1,p06,l3,0.00
i63,e08,c1,p08,l3,0.00
i63,e08,c1,p09,l3,0.00
i63,e08,c1,p10,l3,0.00
i63,e08,c1,p12,l3,0.00
i63,e08,c1,p15,l3,0.00
i63,e08,c1,p19,l3,0.00
i63,e08,c1,p24,l3,0.00
i63,e08,c1,p26,l3,0.00
i63,e08,c1,p28,l3,0.00
i63,e08,c1,p30,l3,0.00
i63,e08,c1,p32,l3,0.00
i63,e08,c1,p35,l3,0.00
i63,e08,c4,p01,l3,0.00
i63,e08,c4,p03,l3,0.00
i63,e08,c4,p10,l3,0.00
i63,e08,c4,p35,l3,0.00
i63,e08,c7,p01,l3,0.00
i63,e08,c7,p10,l3,0.00
i63,e08,c7,p15,l3,0.00
i63,e09,c1,p01,l3,0.00
i63,e09,c1,p03,l3,0.00
i63,e09,c1,p10,l3,0.00
i63,e09,c1,p12,l3,0.00
i63,e09,c1,p24,l3,0.00
i63,e09,c1,p26,l3,0.00
i63,e09,c1,p30,l3,0.00
i63,e09,c1,p32,l3,0.00
i63,e09,c1,p35,l3,0.00
i63,e09,c4,p10,l3,0.00
i63,e09,c7,p10,l3,0.00
i63,e10,c1,p01,l1,0.00
i63,e10,c1,p01,l2,0.00
i63,e10,c1,p01,l3,0.00
i63,e10,c1,p01,l4,0.00
i63,e10,c1,p02,l3,0.00
i63,e10,c1,p02,l4,0.00
i63,e10,c1,p03,l1,0.00
i63,e10,c1,p03,l2,0.00
i63,e10,c1,p03,l3,0.00
i63,e10,c1,p03,l4,0.00
i63,e10,c1,p04,l1,0.00
i63,e10,c1,p04,l3,0.00
i63,e10,c1,p04,l4,0.00
i63,e10,c1,p05,l1,0.00
i63,e10,c1,p05,l2,0.00
i63,e10,c1,p05,l3,0.00
i63,e10,c1,p05,l4,0.00
i63,e10,c1,p06,l3,0.00
i63,e10,c1,p06,l4,0.00
i63,e10,c1,p08,l1,0.00
i63,e10,c1,p08,l2,0.00
i63,e10,c1,p08,l3,0.00
i63,e10,c1,p08,l4,0.00
i63,e10,c1,p09,l2,0.00
i63,e10,c1,p09,l3,0.00
i63,e10,c1,p09,l4,0.00
i63,e10,c1,p10,l1,0.00
i63,e10,c1,p10,l2,0.00
i63,e10,c1,p10,l3,0.00
i63,e10,c1,p10,l4,0.00
i63,e10,c1,p11,l3,0.00
i63,e10,c1,p11,l4,0.00
i63,e10,c1,p12,l1,0.00
i63,e10,c1,p12,l2,0.00
i63,e10,c1,p12,l3,0.00
i63,e10,c1,p12,l4,0.00
i63,e10,c1,p15,l3,0.00
i63,e10,c1,p15,l4,0.00
i63,e10,c1,p19,l3,0.00
i63,e10,c1,p19,l4,0.00
i63,e10,c1,p24,l3,0.00
i63,e10,c1,p24,l4,0.00
i63,e10,c1,p26,l1,0.00
i63,e10,c1,p26,l2,0.00
i63,e10,c1,p26,l3,0.00
i63,e10,c1,p26,l4,0.00
i63,e10,c1,p28,l1,0.00
i63,e10,c1,p28,l2,0.00
i63,e10,c1,p28,l3,0.00
i63,e10,c1,p28,l4,0.00
i63,e10,c1,p30,l1,0.00
i63,e10,c1,p30,l2,0.00
i63,e10,c1,p30,l3,0.00
i63,e10,c1,p30,l4,0.00
i63,e10,c1,p32,l2,0.00
i63,e10,c1,p32,l3,0.00
i63,e10,c1,p32,l4,0.00
i63,e10,c1,p35,l1,0.00
i63,e10,c1,p35,l2,0.00
i63,e10,c1,p35,l3,0.00
i63,e10,c1,p35,l4,0.00
i63,e10,c4,p01,l2,0.00
i63,e10,c4,p01,l3,0.00
i63,e10,c4,p01,l4,0.00
i63,e10,c4,p03,l2,0.00
i63,e10,c4,p03,l3,0.00
i63,e10,c4,p03,l4,0.00
i63,e10,c4,p10,l1,0.00
i63,e10,c4,p10,l2,0.00
i63,e10,c4,p10,l3,0.00
i63,e10,c4,p10,l4,0.00
i63,e10,c4,p35,l2,0.00
i63,e10,c4,p35,l3,0.00
i63,e10,c4,p35,l4,0.00
i63,e10,c7,p01,l1,0.00
i63,e10,c7,p01,l2,0.00
i63,e10,c7,p01,l3,0.00
i63,e10,c7,p01,l4,0.00
i63,e10,c7,p10,l1,0.00
i63,e10,c7,p10,l2,0.00
i63,e10,c7,p10,l3,0.00
i63,e10,c7,p10,l4,0.00
i63,e10,c7,p15,l1,0.00
i63,e10,c7,p15,l3,0.00
i63,e10,c7,p15,l4,0.00
i63,e11,c1,p01,l3,0.00
i63,e11,c1,p02,l3,0.00
i63,e11,c1,p03,l3,0.00
i63,e11,c1,p04,l3,0.00
i63,e11,c1,p05,l3,0.00
i63,e11,c1,p06,l3,0.00
i63,e11,c1,p08,l3,0.00
i63,e11,c1,p09,l3,0.00
i63,e11,c1,p10,l3,0.00
i63,e11,c1,p12,l3,0.00
i63,e11,c1,p15,l3,0.00
i63,e11,c1,p19,l3,0.00
i63,e11,c1,p24,l3,0.00
i63,e11,c1,p26,l3,0.00
i63,e11,c1,p28,l3,0.00
i63,e11,c1,p30,l3,0.00
i63,e11,c1,p32,l3,0.00
i63,e11,c1,p35,l3,0.00
i63,e11,c4,p01,l3,0.00
i63,e11,c4,p03,l3,0.00
i63,e11,c4,p10,l3,0.00
i63,e11,c4,p35,l3,0.00
i63,e11,c7,p01,l3,0.00
i63,e11,c7,p10,l3,0.00
i63,e11,c7,p15,l3,0.00
i63,e12,c1,p01,l3,0.00
i63,e12,c1,p10,l3,0.00
i63,e12,c1,p35,l3,0.00
i64,e01,c3,p01,l3,0.00
i64,e01,c3,p02,l3,0.00
i64,e01,c3,p03,l3,0.00
i64,e01,c3,p04,l3,0.00
i64,e01,c3,p05,l3,0.00
i64,e01,c3,p06,l3,0.00
i64,e01,c3,p07,l3,0.00
i64,e01,c3,p08,l3,0.00
i64,e01,c3,p09,l3,0.00
i64,e01,c3,p10,l3,0.00
i64,e01,c3,p11,l3,0.00
i64,e01,c3,p12,l3,0.00
i64,e01,c3,p13,l3,0.00
i64,e01,c3,p14,l3,0.00
i64,e01,c3,p15,l3,0.00
i64,e01,c3,p16,l3,0.00
i64,e01,c3,p17,l3,0.00
i64,e01,c3,p18,l3,0.00
i64,e01,c3,p19,l3,0.00
i64,e01,c3,p20,l3,0.00
i64,e01,c3,p21,l3,0.00
i64,e01,c3,p22,l3,0.00
i64,e01,c3,p23,l3,0.00
i64,e01,c3,p24,l3,0.00
i64,e01,c3,p28,l3,0.00
i64,e01,c3,p29,l3,0.00
i64,e01,c3,p35,l3,0.00
i64,e01,c5,p01,l3,0.00
i64,e01,c5,p03,l3,0.00
i64,e01,c5,p04,l3,0.00
i64,e01,c5,p05,l3,0.00
i64,e01,c5,p06,l3,0.00
i64,e01,c5,p10,l3,0.00
i64,e01,c5,p11,l3,0.00
i64,e01,c5,p12,l3,0.00
i64,e01,c5,p13,l3,0.00
i64,e01,c5,p14,l3,0.00
i64,e01,c5,p15,l3,0.00
i64,e01,c5,p16,l3,0.00
i64,e01,c5,p17,l3,0.00
i64,e01,c5,p18,l3,0.00
i64,e01,c5,p19,l3,0.00
i64,e01,c5,p20,l3,0.00
i64,e01,c5,p21,l3,0.00
i64,e01,c5,p22,l3,0.00
i64,e01,c5,p24,l3,0.00
i64,e01,c5,p29,l3,0.00
i64,e01,c5,p35,l3,0.00
i64,e02,c3,p02,l1,0.00
i64,e02,c3,p02,l3,0.00
i64,e02,c3,p04,l1,0.00
i64,e02,c3,p05,l3,0.00
i64,e02,c3,p07,l3,0.00
i64,e02,c3,p10,l1,0.00
i64,e02,c3,p10,l3,0.00
i64,e02,c3,p11,l3,0.00
i64,e02,c3,p12,l3,0.00
i64,e02,c3,p15,l3,0.00
i64,e02,c3,p16,l3,0.00
i64,e02,c3,p17,l3,0.00
i64,e02,c3,p19,l3,0.00
i64,e02,c3,p21,l3,0.00
i64,e02,c3,p35,l3,0.00
i64,e02,c5,p17,l3,0.00
i64,e04,c3,p01,l3,0.00
i64,e04,c3,p02,l1,0.00
i64,e04,c3,p02,l3,0.00
i64,e04,c3,p03,l1,0.00
i64,e04,c3,p03,l3,0.00
i64,e04,c3,p04,l1,0.00
i64,e04,c3,p04,l3,0.00
i64,e04,c3,p05,l1,0.00
i64,e04,c3,p05,l3,0.00
i64,e04,c3,p06,l1,0.00
i64,e04,c3,p06,l3,0.00
i64,e04,c3,p07,l1,0.00
i64,e04,c3,p07,l3,0.00
i64,e04,c3,p09,l3,0.00
i64,e04,c3,p10,l1,0.00
i64,e04,c3,p10,l3,0.00
i64,e04,c3,p11,l1,0.00
i64,e04,c3,p11,l3,0.00
i64,e04,c3,p12,l1,0.00
i64,e04,c3,p12,l3,0.00
i64,e04,c3,p13,l1,0.00
i64,e04,c3,p13,l3,0.00
i64,e04,c3,p14,l1,0.00
i64,e04,c3,p14,l3,0.00
i64,e04,c3,p15,l1,0.00
i64,e04,c3,p15,l3,0.00
i64,e04,c3,p16,l1,0.00
i64,e04,c3,p16,l3,0.00
i64,e04,c3,p17,l1,0.00
i64,e04,c3,p17,l3,0.00
i64,e04,c3,p18,l1,0.00
i64,e04,c3,p18,l3,0.00
i64,e04,c3,p19,l1,0.00
i64,e04,c3,p19,l3,0.00
i64,e04,c3,p20,l1,0.00
i64,e04,c3,p20,l3,0.00
i64,e04,c3,p21,l1,0.00
i64,e04,c3,p21,l3,0.00
i64,e04,c3,p22,l1,0.00
i64,e04,c3,p22,l3,0.00
i64,e04,c3,p23,l1,0.00
i64,e04,c3,p23,l3,0.00
i64,e04,c3,p24,l1,0.00
i64,e04,c3,p24,l3,0.00
i64,e04,c3,p28,l3,0.00
i64,e04,c3,p29,l1,0.00
i64,e04,c3,p29,l3,0.00
i64,e04,c3,p35,l1,0.00
i64,e04,c3,p35,l3,0.00
i64,e04,c5,p01,l3,0.00
i64,e04,c5,p03,l3,0.00
i64,e04,c5,p04,l3,0.00
i64,e04,c5,p05,l3,0.00
i64,e04,c5,p06,l3,0.00
i64,e04,c5,p07,l3,0.00
i64,e04,c5,p10,l1,0.00
i64,e04,c5,p10,l3,0.00
i64,e04,c5,p11,l3,0.00
i64,e04,c5,p12,l3,0.00
i64,e04,c5,p13,l1,0.00
i64,e04,c5,p13,l3,0.00
i64,e04,c5,p15,l3,0.00
i64,e04,c5,p17,l1,0.00
i64,e04,c5,p17,l3,0.00
i64,e04,c5,p18,l3,0.00
i64,e04,c5,p19,l3,0.00
i64,e04,c5,p20,l1,0.00
i64,e04,c5,p20,l3,0.00
i64,e04,c5,p21,l1,0.00
i64,e04,c5,p21,l3,0.00
i64,e04,c5,p22,l3,0.00
i64,e04,c5,p24,l3,0.00
i64,e04,c5,p29,l1,0.00
i64,e04,c5,p35,l1,0.00
i64,e04,c5,p35,l3,0.00
i64,e05,c3,p01,l3,0.00
i64,e05,c3,p02,l1,0.00
i64,e05,c3,p02,l3,0.00
i64,e05,c3,p03,l3,0.00
i64,e05,c3,p04,l1,0.00
i64,e05,c3,p04,l3,0.00
i64,e05,c3,p05,l1,0.00
i64,e05,c3,p05,l3,0.00
i64,e05,c3,p06,l1,0.00
i64,e05,c3,p06,l3,0.00
i64,e05,c3,p07,l1,0.00
i64,e05,c3,p07,l3,0.00
i64,e05,c3,p10,l1,0.00
i64,e05,c3,p10,l3,0.00
i64,e05,c3,p11,l1,0.00
i64,e05,c3,p11,l3,0.00
i64,e05,c3,p12,l1,0.00
i64,e05,c3,p12,l3,0.00
i64,e05,c3,p13,l1,0.00
i64,e05,c3,p13,l3,0.00
i64,e05,c3,p14,l3,0.00
i64,e05,c3,p15,l1,0.00
i64,e05,c3,p15,l3,0.00
i64,e05,c3,p16,l1,0.00
i64,e05,c3,p16,l3,0.00
i64,e05,c3,p17,l1,0.00
i64,e05,c3,p17,l3,0.00
i64,e05,c3,p18,l3,0.00
i64,e05,c3,p19,l1,0.00
i64,e05,c3,p19,l3,0.00
i64,e05,c3,p21,l1,0.00
i64,e05,c3,p21,l3,0.00
i64,e05,c3,p22,l1,0.00
i64,e05,c3,p22,l3,0.00
i64,e05,c3,p23,l1,0.00
i64,e05,c3,p23,l3,0.00
i64,e05,c3,p24,l3,0.00
i64,e05,c3,p28,l3,0.00
i64,e05,c3,p29,l1,0.00
i64,e05,c3,p29,l3,0.00
i64,e05,c3,p35,l1,0.00
i64,e05,c3,p35,l3,0.00
i64,e05,c5,p05,l3,0.00
i64,e05,c5,p10,l1,0.00
i64,e05,c5,p10,l3,0.00
i64,e05,c5,p11,l3,0.00
i64,e05,c5,p13,l3,0.00
i64,e05,c5,p16,l3,0.00
i64,e05,c5,p19,l3,0.00
i64,e05,c5,p20,l3,0.00
i64,e05,c5,p22,l3,0.00
i64,e05,c5,p24,l3,0.00
i64,e05,c5,p29,l3,0.00
i64,e05,c5,p35,l1,0.00
i64,e05,c5,p35,l3,0.00
i64,e08,c3,p01,l2,0.00
i64,e08,c3,p01,l3,0.00
i64,e08,c3,p02,l2,0.00
i64,e08,c3,p02,l3,0.00
i64,e08,c3,p03,l2,0.00
i64,e08,c3,p03,l3,0.00
i64,e08,c3,p04,l2,0.00
i64,e08,c3,p04,l3,0.00
i64,e08,c3,p05,l2,0.00
i64,e08,c3,p05,l3,0.00
i64,e08,c3,p06,l2,0.00
i64,e08,c3,p06,l3,0.00
i64,e08,c3,p07,l2,0.00
i64,e08,c3,p07,l3,0.00
i64,e08,c3,p09,l3,0.00
i64,e08,c3,p10,l2,0.00
i64,e08,c3,p10,l3,0.00
i64,e08,c3,p11,l2,0.00
i64,e08,c3,p11,l3,0.00
i64,e08,c3,p12,l2,0.00
i64,e08,c3,p12,l3,0.00
i64,e08,c3,p13,l2,0.00
i64,e08,c3,p13,l3,0.00
i64,e08,c3,p14,l2,0.00
i64,e08,c3,p14,l3,0.00
i64,e08,c3,p15,l2,0.00
i64,e08,c3,p15,l3,0.00
i64,e08,c3,p16,l2,0.00
i64,e08,c3,p16,l3,0.00
i64,e08,c3,p17,l2,0.00
i64,e08,c3,p17,l3,0.00
i64,e08,c3,p18,l2,0.00
i64,e08,c3,p18,l3,0.00
i64,e08,c3,p19,l2,0.00
i64,e08,c3,p19,l3,0.00
i64,e08,c3,p20,l2,0.00
i64,e08,c3,p20,l3,0.00
i64,e08,c3,p21,l2,0.00
i64,e08,c3,p21,l3,0.00
i64,e08,c3,p22,l2,0.00
i64,e08,c3,p22,l3,0.00
i64,e08,c3,p23,l2,0.00
i64,e08,c3,p23,l3,0.00
i64,e08,c3,p24,l2,0.00
i64,e08,c3,p24,l3,0.00
i64,e08,c3,p28,l3,0.00
i64,e08,c3,p29,l2,0.00
i64,e08,c3,p29,l3,0.00
i64,e08,c3,p35,l2,0.00
i64,e08,c3,p35,l3,0.00
i64,e08,c5,p01,l3,0.00
i64,e08,c5,p03,l3,0.00
i64,e08,c5,p04,l3,0.00
i64,e08,c5,p05,l2,0.00
i64,e08,c5,p05,l3,0.00
i64,e08,c5,p06,l3,0.00
i64,e08,c5,p10,l2,0.00
i64,e08,c5,p10,l3,0.00
i64,e08,c5,p11,l2,0.00
i64,e08,c5,p11,l3,0.00
i64,e08,c5,p12,l3,0.00
i64,e08,c5,p13,l3,0.00
i64,e08,c5,p15,l3,0.00
i64,e08,c5,p16,l2,0.00
i64,e08,c5,p16,l3,0.00
i64,e08,c5,p17,l2,0.00
i64,e08,c5,p17,l3,0.00
i64,e08,c5,p18,l3,0.00
i64,e08,c5,p19,l3,0.00
i64,e08,c5,p20,l3,0.00
i64,e08,c5,p21,l2,0.00
i64,e08,c5,p21,l3,0.00
i64,e08,c5,p22,l3,0.00
i64,e08,c5,p23,l2,0.00
i64,e08,c5,p23,l3,0.00
i64,e08,c5,p24,l2,0.00
i64,e08,c5,p24,l3,0.00
i64,e08,c5,p28,l3,0.00
i64,e08,c5,p35,l2,0.00
i64,e08,c5,p35,l3,0.00
i64,e09,c3,p01,l3,0.00
i64,e09,c3,p02,l2,0.00
i64,e09,c3,p02,l3,0.00
i64,e09,c3,p03,l2,0.00
i64,e09,c3,p03,l3,0.00
i64,e09,c3,p04,l2,0.00
i64,e09,c3,p04,l3,0.00
i64,e09,c3,p05,l2,0.00
i64,e09,c3,p05,l3,0.00
i64,e09,c3,p06,l2,0.00
i64,e09,c3,p06,l3,0.00
i64,e09,c3,p07,l2,0.00
i64,e09,c3,p07,l3,0.00
i64,e09,c3,p08,l3,0.00
i64,e09,c3,p09,l3,0.00
i64,e09,c3,p10,l2,0.00
i64,e09,c3,p10,l3,0.00
i64,e09,c3,p11,l2,0.00
i64,e09,c3,p11,l3,0.00
i64,e09,c3,p12,l2,0.00
i64,e09,c3,p12,l3,0.00
i64,e09,c3,p13,l2,0.00
i64,e09,c3,p13,l3,0.00
i64,e09,c3,p14,l2,0.00
i64,e09,c3,p14,l3,0.00
i64,e09,c3,p15,l2,0.00
i64,e09,c3,p15,l3,0.00
i64,e09,c3,p16,l2,0.00
i64,e09,c3,p16,l3,0.00
i64,e09,c3,p17,l2,0.00
i64,e09,c3,p17,l3,0.00
i64,e09,c3,p18,l2,0.00
i64,e09,c3,p18,l3,0.00
i64,e09,c3,p19,l2,0.00
i64,e09,c3,p19,l3,0.00
i64,e09,c3,p20,l2,0.00
i64,e09,c3,p20,l3,0.00
i64,e09,c3,p21,l2,0.00
i64,e09,c3,p21,l3,0.00
i64,e09,c3,p22,l3,0.00
i64,e09,c3,p23,l2,0.00
i64,e09,c3,p23,l3,0.00
i64,e09,c3,p24,l2,0.00
i64,e09,c3,p24,l3,0.00
i64,e09,c3,p28,l3,0.00
i64,e09,c3,p29,l3,0.00
i64,e09,c3,p35,l2,0.00
i64,e09,c3,p35,l3,0.00
i64,e09,c5,p01,l3,0.00
i64,e09,c5,p03,l3,0.00
i64,e09,c5,p05,l2,0.00
i64,e09,c5,p05,l3,0.00
i64,e09,c5,p07,l3,0.00
i64,e09,c5,p10,l2,0.00
i64,e09,c5,p10,l3,0.00
i64,e09,c5,p11,l3,0.00
i64,e09,c5,p12,l3,0.00
i64,e09,c5,p15,l3,0.00
i64,e09,c5,p16,l2,0.00
i64,e09,c5,p16,l3,0.00
i64,e09,c5,p17,l2,0.00
i64,e09,c5,p17,l3,0.00
i64,e09,c5,p18,l3,0.00
i64,e09,c5,p19,l3,0.00
i64,e09,c5,p20,l3,0.00
i64,e09,c5,p21,l3,0.00
i64,e09,c5,p24,l2,0.00
i64,e09,c5,p24,l3,0.00
i64,e09,c5,p28,l3,0.00
i64,e09,c5,p35,l2,0.00
i64,e09,c5,p35,l3,0.00
i64,e10,c3,p05,l1,0.00
i64,e10,c3,p06,l1,0.00
i64,e10,c3,p07,l1,0.00
i64,e10,c3,p10,l1,0.00
i64,e10,c3,p10,l3,0.00
i64,e10,c3,p11,l1,0.00
i64,e10,c3,p15,l1,0.00
i64,e10,c3,p19,l1,0.00
i64,e10,c3,p21,l1,0.00
i64,e10,c3,p35,l1,0.00
i64,e10,c5,p03,l1,0.00
i64,e10,c5,p06,l1,0.00
i64,e10,c5,p10,l1,0.00
i64,e10,c5,p11,l1,0.00
i64,e10,c5,p17,l1,0.00
i64,e10,c5,p19,l1,0.00
i64,e10,c5,p35,l1,0.00
i64,e11,c3,p04,l3,0.00
i64,e11,c3,p05,l3,0.00
i64,e11,c3,p07,l3,0.00
i64,e11,c3,p10,l3,0.00
i64,e11,c3,p12,l3,0.00
i64,e11,c3,p15,l3,0.00
i64,e11,c3,p17,l3,0.00
i64,e11,c3,p18,l3,0.00
i64,e11,c3,p19,l3,0.00
i64,e11,c3,p21,l3,0.00
i64,e11,c3,p35,l2,0.00
i64,e11,c3,p35,l3,0.00
i64,e11,c5,p01,l3,0.00
i64,e11,c5,p10,l3,0.00
i64,e11,c5,p11,l3,0.00
i64,e11,c5,p21,l3,0.00
i64,e11,c5,p35,l3,0.00
i65,e01,c3,p03,l3,0.00
i65,e01,c3,p10,l3,0.00
i65,e01,c3,p35,l3,0.00
i65,e01,c5,p10,l3,0.00
i65,e02,c3,p10,l3,0.00
i65,e02,c5,p35,l3,0.00
i65,e04,c3,p01,l3,0.00
i65,e04,c3,p03,l3,0.00
i65,e04,c3,p10,l1,0.00
i65,e04,c3,p10,l3,0.00
i65,e04,c3,p17,l3,0.00
i65,e04,c3,p35,l1,0.00
i65,e04,c3,p35,l3,0.00
i65,e04,c5,p10,l3,0.00
i65,e04,c5,p24,l3,0.00
i65,e05,c3,p10,l1,0.00
i65,e05,c3,p10,l3,0.00
i65,e05,c3,p35,l3,0.00
i65,e05,c5,p10,l3,0.00
i65,e05,c5,p35,l3,0.00
i65,e08,c3,p01,l2,0.00
i65,e08,c3,p01,l3,0.00
i65,e08,c3,p03,l3,0.00
i65,e08,c3,p10,l2,0.00
i65,e08,c3,p10,l3,0.00
i65,e08,c3,p17,l3,0.00
i65,e08,c3,p35,l2,0.00
i65,e08,c3,p35,l3,0.00
i65,e08,c5,p10,l3,0.00
i65,e08,c5,p35,l3,0.00
i65,e09,c3,p10,l2,0.00
i65,e09,c3,p10,l3,0.00
i65,e09,c3,p35,l2,0.00
i65,e09,c3,p35,l3,0.00
i65,e09,c5,p10,l3,0.00
i65,e11,c3,p10,l3,0.00
i65,e11,c3,p35,l3,0.00
i65,e11,c5,p10,l3,0.00
i65,e11,c5,p24,l3,0.00
i66,e01,c3,p01,l3,0.00
i66,e01,c3,p02,l3,0.00
i66,e01,c3,p03,l3,0.00
i66,e01,c3,p04,l3,0.00
i66,e01,c3,p05,l3,0.00
i66,e01,c3,p06,l3,0.00
i66,e01,c3,p07,l3,0.00
i66,e01,c3,p08,l3,0.00
i66,e01,c3,p09,l3,0.00
i66,e01,c3,p10,l3,0.00
i66,e01,c3,p11,l3,0.00
i66,e01,c3,p12,l3,0.00
i66,e01,c3,p13,l3,0.00
i66,e01,c3,p14,l3,0.00
i66,e01,c3,p15,l3,0.00
i66,e01,c3,p16,l3,0.00
i66,e01,c3,p17,l3,0.00
i66,e01,c3,p18,l3,0.00
i66,e01,c3,p19,l3,0.00
i66,e01,c3,p20,l3,0.00
i66,e01,c3,p21,l3,0.00
i66,e01,c3,p22,l3,0.00
i66,e01,c3,p23,l3,0.00
i66,e01,c3,p24,l3,0.00
i66,e01,c3,p25,l3,0.00
i66,e01,c3,p26,l3,0.00
i66,e01,c3,p28,l3,0.00
i66,e01,c3,p29,l3,0.00
i66,e01,c3,p31,l3,0.00
i66,e01,c3,p32,l3,0.00
i66,e01,c3,p35,l3,0.00
i66,e04,c3,p01,l3,0.00
i66,e04,c3,p02,l3,0.00
i66,e04,c3,p03,l3,0.00
i66,e04,c3,p04,l3,0.00
i66,e04,c3,p05,l3,0.00
i66,e04,c3,p06,l3,0.00
i66,e04,c3,p07,l3,0.00
i66,e04,c3,p08,l3,0.00
i66,e04,c3,p09,l3,0.00
i66,e04,c3,p10,l3,0.00
i66,e04,c3,p11,l3,0.00
i66,e04,c3,p12,l3,0.00
i66,e04,c3,p13,l3,0.00
i66,e04,c3,p14,l3,0.00
i66,e04,c3,p15,l3,0.00
i66,e04,c3,p16,l3,0.00
i66,e04,c3,p17,l3,0.00
i66,e04,c3,p18,l3,0.00
i66,e04,c3,p19,l3,0.00
i66,e04,c3,p20,l3,0.00
i66,e04,c3,p21,l3,0.00
i66,e04,c3,p22,l3,0.00
i66,e04,c3,p23,l3,0.00
i66,e04,c3,p24,l3,0.00
i66,e04,c3,p25,l3,0.00
i66,e04,c3,p26,l3,0.00
i66,e04,c3,p28,l3,0.00
i66,e04,c3,p29,l3,0.00
i66,e04,c3,p31,l3,0.00
i66,e04,c3,p32,l3,0.00
i66,e04,c3,p35,l3,0.00
i66,e09,c3,p01,l3,0.00
i66,e09,c3,p02,l3,0.00
i66,e09,c3,p03,l3,0.00
i66,e09,c3,p04,l3,0.00
i66,e09,c3,p05,l3,0.00
i66,e09,c3,p06,l3,0.00
i66,e09,c3,p07,l3,0.00
i66,e09,c3,p08,l3,0.00
i66,e09,c3,p09,l3,0.00
i66,e09,c3,p10,l3,0.00
i66,e09,c3,p11,l3,0.00
i66,e09,c3,p12,l3,0.00
i66,e09,c3,p13,l3,0.00
i66,e09,c3,p14,l3,0.00
i66,e09,c3,p15,l3,0.00
i66,e09,c3,p16,l3,0.00
i66,e09,c3,p17,l3,0.00
i66,e09,c3,p18,l3,0.00
i66,e09,c3,p19,l3,0.00
i66,e09,c3,p20,l3,0.00
i66,e09,c3,p21,l3,0.00
i66,e09,c3,p22,l3,0.00
i66,e09,c3,p23,l3,0.00
i66,e09,c3,p24,l3,0.00
i66,e09,c3,p25,l3,0.00
i66,e09,c3,p26,l3,0.00
i66,e09,c3,p28,l3,0.00
i66,e09,c3,p29,l3,0.00
i66,e09,c3,p32,l3,0.00
i66,e09,c3,p35,l3,0.00
i67,e01,c3,p04,l3,0.00
i67,e01,c3,p05,l3,0.00
i67,e01,c3,p10,l3,0.00
i67,e01,c3,p11,l3,0.00
i67,e01,c3,p12,l3,0.00
i67,e01,c3,p15,l3,0.00
i67,e01,c3,p16,l3,0.00
i67,e01,c3,p19,l3,0.00
i67,e01,c3,p21,l3,0.00
i67,e01,c3,p23,l3,0.00
i67,e01,c3,p29,l3,0.00
i67,e01,c3,p35,l3,0.00
i67,e01,c5,p01,l3,0.00
i67,e01,c5,p02,l3,0.00
i67,e01,c5,p03,l3,0.00
i67,e01,c5,p04,l3,0.00
i67,e01,c5,p05,l3,0.00
i67,e01,c5,p06,l3,0.00
i67,e01,c5,p07,l3,0.00
i67,e01,c5,p08,l3,0.00
i67,e01,c5,p09,l3,0.00
i67,e01,c5,p10,l3,0.00
i67,e01,c5,p11,l3,0.00
i67,e01,c5,p12,l3,0.00
i67,e01,c5,p13,l3,0.00
i67,e01,c5,p14,l3,0.00
i67,e01,c5,p15,l3,0.00
i67,e01,c5,p16,l3,0.00
i67,e01,c5,p17,l3,0.00
i67,e01,c5,p18,l3,0.00
i67,e01,c5,p19,l3,0.00
i67,e01,c5,p20,l3,0.00
i67,e01,c5,p21,l3,0.00
i67,e01,c5,p22,l3,0.00
i67,e01,c5,p23,l3,0.00
i67,e01,c5,p24,l3,0.00
i67,e01,c5,p26,l3,0.00
i67,e01,c5,p28,l3,0.00
i67,e01,c5,p29,l3,0.00
i67,e01,c5,p32,l3,0.00
i67,e01,c5,p33,l3,0.00
i67,e01,c5,p35,l3,0.00
i67,e02,c3,p11,l3,0.00
i67,e02,c3,p19,l3,0.00
i67,e02,c5,p01,l3,0.00
i67,e02,c5,p02,l3,0.00
i67,e02,c5,p04,l3,0.00
i67,e02,c5,p05,l1,0.00
i67,e02,c5,p05,l3,0.00
i67,e02,c5,p06,l3,0.00
i67,e02,c5,p07,l3,0.00
i67,e02,c5,p10,l3,0.00
i67,e02,c5,p11,l3,0.00
i67,e02,c5,p12,l3,0.00
i67,e02,c5,p14,l1,0.00
i67,e02,c5,p14,l3,0.00
i67,e02,c5,p15,l3,0.00
i67,e02,c5,p16,l3,0.00
i67,e02,c5,p17,l3,0.00
i67,e02,c5,p18,l3,0.00
i67,e02,c5,p19,l1,0.00
i67,e02,c5,p19,l3,0.00
i67,e02,c5,p21,l3,0.00
i67,e02,c5,p22,l1,0.00
i67,e02,c5,p24,l3,0.00
i67,e02,c5,p28,l3,0.00
i67,e02,c5,p29,l3,0.00
i67,e02,c5,p35,l3,0.00
i67,e03,c5,p35,l3,0.00
i67,e04,c3,p05,l3,0.00
i67,e04,c3,p10,l1,0.00
i67,e04,c3,p10,l3,0.00
i67,e04,c3,p11,l3,0.00
i67,e04,c3,p12,l3,0.00
i67,e04,c3,p15,l3,0.00
i67,e04,c3,p16,l3,0.00
i67,e04,c3,p19,l1,0.00
i67,e04,c3,p19,l3,0.00
i67,e04,c3,p21,l3,0.00
i67,e04,c3,p23,l1,0.00
i67,e04,c3,p23,l3,0.00
i67,e04,c3,p29,l1,0.00
i67,e04,c3,p29,l3,0.00
i67,e04,c3,p35,l3,0.00
i67,e04,c5,p01,l1,0.00
i67,e04,c5,p01,l3,0.00
i67,e04,c5,p02,l1,0.00
i67,e04,c5,p02,l3,0.00
i67,e04,c5,p03,l1,0.00
i67,e04,c5,p03,l3,0.00
i67,e04,c5,p04,l1,0.00
i67,e04,c5,p04,l3,0.00
i67,e04,c5,p05,l1,0.00
i67,e04,c5,p05,l3,0.00
i67,e04,c5,p06,l1,0.00
i67,e04,c5,p06,l3,0.00
i67,e04,c5,p07,l1,0.00
i67,e04,c5,p07,l3,0.00
i67,e04,c5,p08,l1,0.00
i67,e04,c5,p08,l3,0.00
i67,e04,c5,p09,l1,0.00
i67,e04,c5,p09,l3,0.00
i67,e04,c5,p10,l1,0.00
i67,e04,c5,p10,l3,0.00
i67,e04,c5,p11,l1,0.00
i67,e04,c5,p11,l3,0.00
i67,e04,c5,p12,l1,0.00
i67,e04,c5,p12,l3,0.00
i67,e04,c5,p13,l1,0.00
i67,e04,c5,p13,l3,0.00
i67,e04,c5,p14,l1,0.00
i67,e04,c5,p14,l3,0.00
i67,e04,c5,p15,l1,0.00
i67,e04,c5,p15,l3,0.00
i67,e04,c5,p16,l1,0.00
i67,e04,c5,p16,l3,0.00
i67,e04,c5,p17,l1,0.00
i67,e04,c5,p17,l3,0.00
i67,e04,c5,p18,l1,0.00
i67,e04,c5,p18,l3,0.00
i67,e04,c5,p19,l1,0.00
i67,e04,c5,p19,l3,0.00
i67,e04,c5,p20,l1,0.00
i67,e04,c5,p20,l3,0.00
i67,e04,c5,p21,l1,0.00
i67,e04,c5,p21,l3,0.00
i67,e04,c5,p22,l1,0.00
i67,e04,c5,p22,l3,0.00
i67,e04,c5,p23,l1,0.00
i67,e04,c5,p23,l3,0.00
i67,e04,c5,p24,l1,0.00
i67,e04,c5,p24,l3,0.00
i67,e04,c5,p25,l3,0.00
i67,e04,c5,p28,l1,0.00
i67,e04,c5,p28,l3,0.00
i67,e04,c5,p29,l1,0.00
i67,e04,c5,p29,l3,0.00
i67,e04,c5,p32,l3,0.00
i67,e04,c5,p33,l3,0.00
i67,e04,c5,p35,l1,0.00
i67,e04,c5,p35,l3,0.00
i67,e05,c5,p01,l1,0.00
i67,e05,c5,p01,l3,0.00
i67,e05,c5,p02,l1,0.00
i67,e05,c5,p02,l3,0.00
i67,e05,c5,p03,l3,0.00
i67,e05,c5,p04,l1,0.00
i67,e05,c5,p04,l3,0.00
i67,e05,c5,p05,l1,0.00
i67,e05,c5,p05,l3,0.00
i67,e05,c5,p06,l1,0.00
i67,e05,c5,p06,l3,0.00
i67,e05,c5,p07,l1,0.00
i67,e05,c5,p07,l3,0.00
i67,e05,c5,p08,l1,0.00
i67,e05,c5,p08,l3,0.00
i67,e05,c5,p09,l3,0.00
i67,e05,c5,p10,l1,0.00
i67,e05,c5,p10,l3,0.00
i67,e05,c5,p11,l1,0.00
i67,e05,c5,p11,l3,0.00
i67,e05,c5,p12,l1,0.00
i67,e05,c5,p12,l3,0.00
i67,e05,c5,p13,l1,0.00
i67,e05,c5,p13,l3,0.00
i67,e05,c5,p14,l1,0.00
i67,e05,c5,p14,l3,0.00
i67,e05,c5,p15,l1,0.00
i67,e05,c5,p15,l3,0.00
i67,e05,c5,p16,l1,0.00
i67,e05,c5,p16,l3,0.00
i67,e05,c5,p17,l3,0.00
i67,e05,c5,p18,l1,0.00
i67,e05,c5,p18,l3,0.00
i67,e05,c5,p19,l1,0.00
i67,e05,c5,p19,l3,0.00
i67,e05,c5,p21,l1,0.00
i67,e05,c5,p21,l3,0.00
i67,e05,c5,p22,l1,0.00
i67,e05,c5,p22,l3,0.00
i67,e05,c5,p23,l1,0.00
i67,e05,c5,p24,l1,0.00
i67,e05,c5,p24,l3,0.00
i67,e05,c5,p28,l3,0.00
i67,e05,c5,p29,l3,0.00
i67,e05,c5,p35,l3,0.00
i67,e07,c5,p07,l3,0.00
i67,e08,c3,p05,l3,0.00
i67,e08,c3,p10,l2,0.00
i67,e08,c3,p10,l3,0.00
i67,e08,c3,p11,l3,0.00
i67,e08,c3,p12,l3,0.00
i67,e08,c3,p15,l3,0.00
i67,e08,c3,p19,l2,0.00
i67,e08,c3,p19,l3,0.00
i67,e08,c3,p21,l3,0.00
i67,e08,c3,p23,l3,0.00
i67,e08,c3,p24,l3,0.00
i67,e08,c3,p29,l3,0.00
i67,e08,c5,p01,l2,0.00
i67,e08,c5,p01,l3,0.00
i67,e08,c5,p02,l2,0.00
i67,e08,c5,p02,l3,0.00
i67,e08,c5,p03,l2,0.00
i67,e08,c5,p03,l3,0.00
i67,e08,c5,p04,l2,0.00
i67,e08,c5,p04,l3,0.00
i67,e08,c5,p05,l2,0.00
i67,e08,c5,p05,l3,0.00
i67,e08,c5,p06,l2,0.00
i67,e08,c5,p06,l3,0.00
i67,e08,c5,p07,l2,0.00
i67,e08,c5,p07,l3,0.00
i67,e08,c5,p08,l2,0.00
i67,e08,c5,p08,l3,0.00
i67,e08,c5,p09,l2,0.00
i67,e08,c5,p09,l3,0.00
i67,e08,c5,p10,l2,0.00
i67,e08,c5,p10,l3,0.00
i67,e08,c5,p11,l2,0.00
i67,e08,c5,p11,l3,0.00
i67,e08,c5,p12,l2,0.00
i67,e08,c5,p12,l3,0.00
i67,e08,c5,p13,l2,0.00
i67,e08,c5,p13,l3,0.00
i67,e08,c5,p14,l2,0.00
i67,e08,c5,p14,l3,0.00
i67,e08,c5,p15,l2,0.00
i67,e08,c5,p15,l3,0.00
i67,e08,c5,p16,l2,0.00
i67,e08,c5,p16,l3,0.00
i67,e08,c5,p17,l2,0.00
i67,e08,c5,p17,l3,0.00
i67,e08,c5,p18,l2,0.00
i67,e08,c5,p18,l3,0.00
i67,e08,c5,p19,l2,0.00
i67,e08,c5,p19,l3,0.00
i67,e08,c5,p20,l2,0.00
i67,e08,c5,p20,l3,0.00
i67,e08,c5,p21,l2,0.00
i67,e08,c5,p21,l3,0.00
i67,e08,c5,p22,l2,0.00
i67,e08,c5,p22,l3,0.00
i67,e08,c5,p23,l2,0.00
i67,e08,c5,p23,l3,0.00
i67,e08,c5,p24,l2,0.00
i67,e08,c5,p24,l3,0.00
i67,e08,c5,p25,l3,0.00
i67,e08,c5,p26,l3,0.00
i67,e08,c5,p28,l2,0.00
i67,e08,c5,p28,l3,0.00
i67,e08,c5,p29,l2,0.00
i67,e08,c5,p29,l3,0.00
i67,e08,c5,p32,l3,0.00
i67,e08,c5,p35,l2,0.00
i67,e08,c5,p35,l3,0.00
i67,e09,c3,p01,l3,0.00
i67,e09,c3,p05,l3,0.00
i67,e09,c3,p10,l3,0.00
i67,e09,c3,p11,l3,0.00
i67,e09,c3,p12,l3,0.00
i67,e09,c3,p15,l3,0.00
i67,e09,c3,p19,l2,0.00
i67,e09,c3,p19,l3,0.00
i67,e09,c3,p21,l3,0.00
i67,e09,c3,p29,l2,0.00
i67,e09,c3,p29,l3,0.00
i67,e09,c3,p35,l3,0.00
i67,e09,c5,p01,l2,0.00
i67,e09,c5,p01,l3,0.00
i67,e09,c5,p02,l2,0.00
i67,e09,c5,p02,l3,0.00
i67,e09,c5,p03,l2,0.00
i67,e09,c5,p03,l3,0.00
i67,e09,c5,p04,l2,0.00
i67,e09,c5,p04,l3,0.00
i67,e09,c5,p05,l2,0.00
i67,e09,c5,p05,l3,0.00
i67,e09,c5,p06,l2,0.00
i67,e09,c5,p06,l3,0.00
i67,e09,c5,p07,l2,0.00
i67,e09,c5,p07,l3,0.00
i67,e09,c5,p08,l2,0.00
i67,e09,c5,p08,l3,0.00
i67,e09,c5,p09,l2,0.00
i67,e09,c5,p09,l3,0.00
i67,e09,c5,p10,l2,0.00
i67,e09,c5,p10,l3,0.00
i67,e09,c5,p11,l2,0.00
i67,e09,c5,p11,l3,0.00
i67,e09,c5,p12,l2,0.00
i67,e09,c5,p12,l3,0.00
i67,e09,c5,p13,l2,0.00
i67,e09,c5,p13,l3,0.00
i67,e09,c5,p14,l2,0.00
i67,e09,c5,p14,l3,0.00
i67,e09,c5,p15,l2,0.00
i67,e09,c5,p15,l3,0.00
i67,e09,c5,p16,l2,0.00
i67,e09,c5,p16,l3,0.00
i67,e09,c5,p17,l2,0.00
i67,e09,c5,p17,l3,0.00
i67,e09,c5,p18,l2,0.00
i67,e09,c5,p18,l3,0.00
i67,e09,c5,p19,l2,0.00
i67,e09,c5,p19,l3,0.00
i67,e09,c5,p20,l2,0.00
i67,e09,c5,p20,l3,0.00
i67,e09,c5,p21,l2,0.00
i67,e09,c5,p21,l3,0.00
i67,e09,c5,p22,l2,0.00
i67,e09,c5,p22,l3,0.00
i67,e09,c5,p23,l2,0.00
i67,e09,c5,p23,l3,0.00
i67,e09,c5,p24,l2,0.00
i67,e09,c5,p24,l3,0.00
i67,e09,c5,p25,l3,0.00
i67,e09,c5,p26,l3,0.00
i67,e09,c5,p28,l2,0.00
i67,e09,c5,p28,l3,0.00
i67,e09,c5,p29,l2,0.00
i67,e09,c5,p29,l3,0.00
i67,e09,c5,p32,l3,0.00
i67,e09,c5,p35,l2,0.00
i67,e09,c5,p35,l3,0.00
i67,e10,c3,p01,l1,0.00
i67,e10,c3,p01,l3,0.00
i67,e10,c3,p05,l1,0.00
i67,e10,c3,p05,l3,0.00
i67,e10,c3,p10,l1,0.00
i67,e10,c3,p10,l3,0.00
i67,e10,c3,p11,l3,0.00
i67,e10,c3,p12,l3,0.00
i67,e10,c3,p15,l1,0.00
i67,e10,c3,p15,l3,0.00
i67,e10,c3,p16,l1,0.00
i67,e10,c3,p16,l3,0.00
i67,e10,c3,p19,l1,0.00
i67,e10,c3,p19,l3,0.00
i67,e10,c3,p21,l1,0.00
i67,e10,c3,p21,l3,0.00
i67,e10,c3,p23,l3,0.00
i67,e10,c3,p24,l3,0.00
i67,e10,c3,p29,l3,0.00
i67,e10,c3,p35,l1,0.00
i67,e10,c3,p35,l3,0.00
i67,e10,c5,p01,l1,0.00
i67,e10,c5,p01,l3,0.00
i67,e10,c5,p02,l1,0.00
i67,e10,c5,p02,l3,0.00
i67,e10,c5,p03,l1,0.00
i67,e10,c5,p03,l3,0.00
i67,e10,c5,p04,l1,0.00
i67,e10,c5,p04,l3,0.00
i67,e10,c5,p05,l1,0.00
i67,e10,c5,p05,l3,0.00
i67,e10,c5,p06,l1,0.00
i67,e10,c5,p06,l3,0.00
i67,e10,c5,p07,l1,0.00
i67,e10,c5,p07,l3,0.00
i67,e10,c5,p08,l1,0.00
i67,e10,c5,p08,l3,0.00
i67,e10,c5,p09,l1,0.00
i67,e10,c5,p09,l3,0.00
i67,e10,c5,p10,l1,0.00
i67,e10,c5,p10,l3,0.00
i67,e10,c5,p11,l1,0.00
i67,e10,c5,p11,l3,0.00
i67,e10,c5,p12,l1,0.00
i67,e10,c5,p12,l3,0.00
i67,e10,c5,p13,l1,0.00
i67,e10,c5,p13,l3,0.00
i67,e10,c5,p14,l1,0.00
i67,e10,c5,p14,l3,0.00
i67,e10,c5,p15,l1,0.00
i67,e10,c5,p15,l3,0.00
i67,e10,c5,p16,l1,0.00
i67,e10,c5,p16,l3,0.00
i67,e10,c5,p17,l1,0.00
i67,e10,c5,p17,l3,0.00
i67,e10,c5,p18,l1,0.00
i67,e10,c5,p18,l3,0.00
i67,e10,c5,p19,l1,0.00
i67,e10,c5,p19,l3,0.00
i67,e10,c5,p20,l1,0.00
i67,e10,c5,p20,l3,0.00
i67,e10,c5,p21,l1,0.00
i67,e10,c5,p21,l3,0.00
i67,e10,c5,p22,l1,0.00
i67,e10,c5,p22,l3,0.00
i67,e10,c5,p23,l1,0.00
i67,e10,c5,p23,l3,0.00
i67,e10,c5,p24,l1,0.00
i67,e10,c5,p24,l3,0.00
i67,e10,c5,p25,l3,0.00
i67,e10,c5,p26,l1,0.00
i67,e10,c5,p26,l3,0.00
i67,e10,c5,p28,l1,0.00
i67,e10,c5,p28,l3,0.00
i67,e10,c5,p29,l1,0.00
i67,e10,c5,p29,l3,0.00
i67,e10,c5,p31,l1,0.00
i67,e10,c5,p31,l3,0.00
i67,e10,c5,p32,l3,0.00
i67,e10,c5,p33,l3,0.00
i67,e10,c5,p35,l1,0.00
i67,e10,c5,p35,l3,0.00
i67,e11,c5,p01,l3,0.00
i67,e11,c5,p05,l3,0.00
i67,e11,c5,p10,l2,0.00
i67,e11,c5,p10,l3,0.00
i67,e11,c5,p11,l3,0.00
i67,e11,c5,p12,l3,0.00
i67,e11,c5,p15,l3,0.00
i67,e11,c5,p19,l3,0.00
i67,e11,c5,p21,l3,0.00
i67,e11,c5,p35,l2,0.00
i67,e11,c5,p35,l3,0.00
i67,e12,c5,p01,l3,0.00
i67,e12,c5,p02,l3,0.00
i67,e12,c5,p03,l3,0.00
i67,e12,c5,p05,l3,0.00
i67,e12,c5,p08,l3,0.00
i67,e12,c5,p10,l3,0.00
i67,e12,c5,p11,l3,0.00
i67,e12,c5,p13,l3,0.00
i67,e12,c5,p14,l3,0.00
i67,e12,c5,p15,l3,0.00
i67,e12,c5,p17,l3,0.00
i67,e12,c5,p18,l3,0.00
i67,e12,c5,p19,l3,0.00
i67,e12,c5,p20,l3,0.00
i67,e12,c5,p21,l3,0.00
i67,e12,c5,p24,l3,0.00
i67,e12,c5,p29,l3,0.00
i67,e12,c5,p35,l3,0.00
i68,e01,c1,p06,l3,0.00
i68,e01,c1,p09,l3,0.00
i68,e01,c1,p10,l3,0.00
i68,e01,c1,p11,l3,0.00
i68,e01,c1,p12,l3,0.00
i68,e01,c1,p13,l3,0.00
i68,e01,c1,p15,l3,0.00
i68,e01,c1,p16,l3,0.00
i68,e01,c1,p17,l3,0.00
i68,e01,c1,p18,l3,0.00
i68,e01,c1,p19,l3,0.00
i68,e01,c1,p21,l3,0.00
i68,e01,c1,p25,l3,0.00
i68,e01,c1,p27,l3,0.00
i68,e01,c1,p28,l3,0.00
i68,e01,c1,p29,l3,0.00
i68,e01,c1,p35,l3,0.00
i68,e01,c4,p10,l3,0.00
i68,e01,c4,p12,l3,0.00
i68,e01,c4,p35,l3,0.00
i68,e04,c1,p05,l3,0.00
i68,e04,c1,p06,l3,0.00
i68,e04,c1,p07,l3,0.00
i68,e04,c1,p08,l3,0.00
i68,e04,c1,p09,l3,0.00
i68,e04,c1,p10,l3,0.00
i68,e04,c1,p11,l3,0.00
i68,e04,c1,p12,l3,0.00
i68,e04,c1,p13,l3,0.00
i68,e04,c1,p15,l3,0.00
i68,e04,c1,p16,l3,0.00
i68,e04,c1,p17,l3,0.00
i68,e04,c1,p18,l3,0.00
i68,e04,c1,p19,l3,0.00
i68,e04,c1,p21,l3,0.00
i68,e04,c1,p24,l3,0.00
i68,e04,c1,p25,l3,0.00
i68,e04,c1,p28,l3,0.00
i68,e04,c1,p29,l3,0.00
i68,e04,c1,p35,l3,0.00
i68,e04,c4,p10,l3,0.00
i68,e04,c4,p12,l3,0.00
i68,e04,c4,p15,l3,0.00
i68,e04,c4,p35,l3,0.00
i68,e05,c1,p10,l3,0.00
i68,e05,c1,p11,l3,0.00
i68,e05,c1,p12,l3,0.00
i68,e05,c1,p15,l3,0.00
i68,e05,c1,p16,l3,0.00
i68,e05,c1,p19,l3,0.00
i68,e05,c1,p21,l3,0.00
i68,e05,c1,p35,l3,0.00
i68,e05,c4,p10,l3,0.00
i68,e05,c4,p35,l3,0.00
i68,e09,c1,p06,l3,0.00
i68,e09,c1,p08,l3,0.00
i68,e09,c1,p10,l3,0.00
i68,e09,c1,p11,l3,0.00
i68,e09,c1,p12,l3,0.00
i68,e09,c1,p13,l3,0.00
i68,e09,c1,p15,l3,0.00
i68,e09,c1,p16,l3,0.00
i68,e09,c1,p17,l3,0.00
i68,e09,c1,p18,l3,0.00
i68,e09,c1,p19,l3,0.00
i68,e09,c1,p21,l3,0.00
i68,e09,c1,p23,l3,0.00
i68,e09,c1,p24,l3,0.00
i68,e09,c1,p25,l3,0.00
i68,e09,c1,p27,l3,0.00
i68,e09,c1,p28,l3,0.00
i68,e09,c1,p35,l3,0.00
i68,e09,c4,p10,l3,0.00
i68,e09,c4,p12,l3,0.00
i68,e09,c4,p35,l3,0.00
i68,e12,c1,p05,l3,0.00
i68,e12,c1,p10,l3,0.00
i68,e12,c1,p11,l3,0.00
i68,e12,c1,p12,l3,0.00
i68,e12,c1,p13,l3,0.00
i68,e12,c1,p15,l3,0.00
i68,e12,c1,p16,l3,0.00
i68,e12,c1,p19,l3,0.00
i68,e12,c1,p21,l3,0.00
i68,e12,c1,p22,l3,0.00
i68,e12,c1,p24,l3,0.00
i68,e12,c1,p28,l3,0.00
i68,e12,c1,p35,l3,0.00
i68,e12,c4,p10,l3,0.00
i68,e12,c4,p12,l3,0.00
i68,e12,c4,p35,l3,0.00
i69,e01,c3,p01,l3,0.00
i69,e01,c3,p03,l3,0.00
i69,e01,c3,p10,l3,0.00
i69,e01,c3,p17,l3,0.00
i69,e01,c3,p19,l3,0.00
i69,e01,c3,p23,l3,0.00
i69,e01,c3,p24,l3,0.00
i69,e01,c3,p35,l3,0.00
i69,e01,c5,p10,l3,0.00
i69,e01,c5,p35,l3,0.00
i69,e02,c3,p10,l3,0.00
i69,e02,c3,p35,l3,0.00
i69,e02,c5,p10,l3,0.00
i69,e02,c5,p35,l3,0.00
i69,e04,c3,p01,l3,0.00
i69,e04,c3,p03,l3,0.00
i69,e04,c3,p10,l3,0.00
i69,e04,c3,p17,l3,0.00
i69,e04,c3,p19,l3,0.00
i69,e04,c3,p21,l3,0.00
i69,e04,c3,p23,l3,0.00
i69,e04,c3,p24,l3,0.00
i69,e04,c3,p35,l3,0.00
i69,e04,c5,p10,l3,0.00
i69,e04,c5,p35,l3,0.00
i69,e05,c3,p10,l3,0.00
i69,e05,c3,p17,l3,0.00
i69,e05,c3,p24,l3,0.00
i69,e05,c5,p10,l3,0.00
i69,e05,c5,p35,l3,0.00
i69,e08,c3,p01,l3,0.00
i69,e08,c3,p03,l3,0.00
i69,e08,c3,p10,l3,0.00
i69,e08,c3,p17,l3,0.00
i69,e08,c3,p19,l3,0.00
i69,e08,c3,p21,l3,0.00
i69,e08,c3,p24,l3,0.00
i69,e08,c3,p35,l3,0.00
i69,e08,c5,p10,l3,0.00
i69,e08,c5,p17,l3,0.00
i69,e08,c5,p35,l3,0.00
i69,e09,c3,p01,l3,0.00
i69,e09,c3,p03,l3,0.00
i69,e09,c3,p10,l3,0.00
i69,e09,c3,p17,l3,0.00
i69,e09,c3,p19,l3,0.00
i69,e09,c3,p23,l3,0.00
i69,e09,c3,p24,l3,0.00
i69,e09,c3,p35,l3,0.00
i69,e09,c5,p10,l3,0.00
i69,e09,c5,p35,l3,0.00
i69,e11,c3,p03,l3,0.00
i69,e11,c3,p10,l3,0.00
i69,e11,c3,p17,l3,0.00
i69,e11,c3,p19,l3,0.00
i69,e11,c3,p23,l3,0.00
i69,e11,c3,p24,l3,0.00
i69,e11,c3,p35,l3,0.00
i69,e11,c5,p01,l3,0.00
i69,e11,c5,p10,l3,0.00
i70,e01,c1,p35,l3,0.00
i70,e04,c1,p35,l3,0.00
i70,e05,c1,p35,l3,0.00
i70,e09,c1,p35,l3,0.00
i71,e01,c1,p10,l3,0.00
i71,e01,c1,p35,l3,0.00
i71,e04,c1,p10,l3,0.00
i71,e04,c1,p35,l3,0.00
i71,e05,c1,p35,l3,0.00
i71,e09,c1,p10,l3,0.00
i71,e09,c1,p35,l3,0.00
i72,e01,c1,p10,l3,0.00
i72,e01,c1,p35,l3,0.00
i72,e04,c1,p10,l3,0.00
i72,e04,c1,p35,l3,0.00
i72,e05,c1,p10,l3,0.00
i72,e05,c1,p35,l3,0.00
i72,e08,c1,p10,l3,0.00
i72,e08,c1,p35,l3,12.22
i72,e09,c1,p10,l3,0.00
i72,e09,c1,p35,l3,0.00
i72,e11,c1,p10,l3,0.00
i72,e11,c1,p35,l3,0.00
i73,e01,c3,p01,l3,0.00
i73,e01,c3,p04,l3,0.00
i73,e01,c3,p10,l3,0.00
i73,e01,c3,p12,l3,0.00
i73,e01,c3,p17,l3,0.00
i73,e01,c3,p19,l3,0.00
i73,e01,c3,p21,l3,0.00
i73,e01,c3,p24,l3,0.00
i73,e01,c3,p35,l3,0.00
i73,e02,c3,p12,l3,0.00
i73,e02,c3,p35,l1,0.00
i73,e02,c3,p35,l3,0.00
i73,e04,c3,p01,l1,0.00
i73,e04,c3,p01,l3,0.00
i73,e04,c3,p04,l1,0.00
i73,e04,c3,p04,l3,0.00
i73,e04,c3,p10,l1,0.00
i73,e04,c3,p10,l3,0.00
i73,e04,c3,p12,l1,0.00
i73,e04,c3,p12,l3,0.00
i73,e04,c3,p17,l1,0.00
i73,e04,c3,p17,l3,0.00
i73,e04,c3,p19,l1,0.00
i73,e04,c3,p19,l3,0.00
i73,e04,c3,p21,l3,0.00
i73,e04,c3,p24,l1,0.00
i73,e04,c3,p24,l3,0.00
i73,e04,c3,p35,l1,0.00
i73,e04,c3,p35,l3,0.00
i73,e05,c3,p01,l3,0.00
i73,e05,c3,p04,l3,0.00
i73,e05,c3,p10,l3,0.00
i73,e05,c3,p12,l3,0.00
i73,e05,c3,p17,l3,0.00
i73,e05,c3,p19,l3,0.00
i73,e05,c3,p24,l3,0.00
i73,e05,c3,p35,l1,0.00
i73,e05,c3,p35,l3,0.00
i73,e09,c3,p01,l3,0.00
i73,e09,c3,p04,l2,0.00
i73,e09,c3,p04,l3,0.00
i73,e09,c3,p10,l2,0.00
i73,e09,c3,p10,l3,0.00
i73,e09,c3,p12,l2,0.00
i73,e09,c3,p12,l3,0.00
i73,e09,c3,p17,l2,0.00
i73,e09,c3,p17,l3,0.00
i73,e09,c3,p19,l2,0.00
i73,e09,c3,p19,l3,0.00
i73,e09,c3,p21,l3,0.00
i73,e09,c3,p24,l3,0.00
i73,e09,c3,p35,l2,0.00
i73,e09,c3,p35,l3,0.00
i74,e01,c3,p04,l3,0.00
i74,e01,c3,p10,l3,0.00
i74,e01,c3,p11,l3,0.00
i74,e01,c3,p13,l3,0.00
i74,e01,c3,p15,l3,0.00
i74,e01,c3,p17,l3,0.00
i74,e01,c3,p22,l3,0.00
i74,e01,c3,p23,l3,0.00
i74,e01,c3,p29,l3,0.00
i74,e01,c5,p01,l3,0.00
i74,e01,c5,p02,l3,0.00
i74,e01,c5,p03,l3,0.00
i74,e01,c5,p04,l3,0.00
i74,e01,c5,p05,l3,0.00
i74,e01,c5,p06,l3,0.00
i74,e01,c5,p07,l3,0.00
i74,e01,c5,p08,l3,0.00
i74,e01,c5,p09,l3,0.00
i74,e01,c5,p10,l3,0.00
i74,e01,c5,p11,l3,0.00
i74,e01,c5,p12,l3,0.00
i74,e01,c5,p13,l3,0.00
i74,e01,c5,p14,l3,0.00
i74,e01,c5,p15,l3,0.00
i74,e01,c5,p16,l3,0.00
i74,e01,c5,p17,l3,0.00
i74,e01,c5,p18,l3,0.00
i74,e01,c5,p19,l3,0.00
i74,e01,c5,p20,l3,0.00
i74,e01,c5,p21,l3,2.95
i74,e01,c5,p22,l3,0.00
i74,e01,c5,p23,l3,0.00
i74,e01,c5,p24,l3,0.00
i74,e01,c5,p25,l3,0.00
i74,e01,c5,p26,l3,0.00
i74,e01,c5,p28,l3,0.00
i74,e01,c5,p29,l3,0.00
i74,e01,c5,p30,l3,0.00
i74,e01,c5,p31,l3,0.00
i74,e01,c5,p32,l3,0.00
i74,e01,c5,p33,l3,0.00
i74,e01,c5,p35,l3,0.00
i74,e02,c3,p03,l3,0.00
i74,e02,c3,p10,l3,0.00
i74,e02,c3,p11,l1,0.00
i74,e02,c3,p11,l3,0.00
i74,e02,c3,p15,l3,0.00
i74,e02,c3,p19,l3,0.00
i74,e02,c5,p01,l1,0.00
i74,e02,c5,p01,l3,0.00
i74,e02,c5,p02,l3,0.00
i74,e02,c5,p03,l3,0.00
i74,e02,c5,p04,l3,0.00
i74,e02,c5,p05,l3,0.00
i74,e02,c5,p06,l3,0.00
i74,e02,c5,p07,l1,0.00
i74,e02,c5,p07,l3,0.00
i74,e02,c5,p08,l3,0.00
i74,e02,c5,p09,l3,0.00
i74,e02,c5,p10,l1,0.00
i74,e02,c5,p10,l3,0.00
i74,e02,c5,p11,l3,0.00
i74,e02,c5,p12,l3,0.00
i74,e02,c5,p13,l1,0.00
i74,e02,c5,p13,l3,0.00
i74,e02,c5,p14,l3,0.00
i74,e02,c5,p15,l1,0.00
i74,e02,c5,p15,l3,0.00
i74,e02,c5,p16,l3,0.00
i74,e02,c5,p17,l3,0.00
i74,e02,c5,p18,l3,0.00
i74,e02,c5,p19,l1,0.00
i74,e02,c5,p19,l3,0.00
i74,e02,c5,p21,l1,0.00
i74,e02,c5,p21,l3,0.00
i74,e02,c5,p22,l1,0.00
i74,e02,c5,p22,l3,0.00
i74,e02,c5,p23,l3,0.00
i74,e02,c5,p24,l3,0.00
i74,e02,c5,p25,l3,0.00
i74,e02,c5,p28,l1,0.00
i74,e02,c5,p29,l1,0.00
i74,e02,c5,p29,l3,0.00
i74,e02,c5,p30,l3,0.00
i74,e02,c5,p35,l3,0.00
i74,e04,c3,p01,l3,0.00
i74,e04,c3,p09,l3,0.00
i74,e04,c3,p10,l3,0.00
i74,e04,c3,p11,l1,0.00
i74,e04,c3,p11,l3,0.00
i74,e04,c3,p14,l3,0.00
i74,e04,c3,p15,l3,0.00
i74,e04,c3,p16,l3,0.00
i74,e04,c3,p18,l3,0.00
i74,e04,c3,p19,l3,0.00
i74,e04,c3,p21,l1,0.00
i74,e04,c3,p21,l3,0.00
i74,e04,c3,p23,l3,0.00
i74,e04,c3,p29,l3,0.00
i74,e04,c3,p35,l3,0.00
i74,e04,c5,p01,l1,0.00
i74,e04,c5,p01,l3,0.00
i74,e04,c5,p02,l1,0.00
i74,e04,c5,p02,l3,0.00
i74,e04,c5,p03,l1,0.00
i74,e04,c5,p03,l3,0.00
i74,e04,c5,p04,l1,0.00
i74,e04,c5,p04,l3,0.00
i74,e04,c5,p05,l1,0.00
i74,e04,c5,p05,l3,0.00
i74,e04,c5,p06,l1,0.00
i74,e04,c5,p06,l3,0.00
i74,e04,c5,p07,l1,0.00
i74,e04,c5,p07,l3,0.00
i74,e04,c5,p08,l1,0.00
i74,e04,c5,p08,l3,0.00
i74,e04,c5,p09,l1,0.00
i74,e04,c5,p09,l3,0.00
i74,e04,c5,p10,l1,0.00
i74,e04,c5,p10,l3,0.00
i74,e04,c5,p11,l1,0.00
i74,e04,c5,p11,l3,0.00
i74,e04,c5,p12,l1,0.00
i74,e04,c5,p12,l3,0.00
i74,e04,c5,p13,l1,0.00
i74,e04,c5,p13,l3,0.00
i74,e04,c5,p14,l1,0.00
i74,e04,c5,p14,l3,0.00
i74,e04,c5,p15,l1,0.00
i74,e04,c5,p15,l3,0.00
i74,e04,c5,p16,l1,0.00
i74,e04,c5,p16,l3,0.00
i74,e04,c5,p17,l1,0.00
i74,e04,c5,p17,l3,0.00
i74,e04,c5,p18,l1,0.00
i74,e04,c5,p18,l3,0.00
i74,e04,c5,p19,l1,0.00
i74,e04,c5,p19,l3,0.00
i74,e04,c5,p20,l1,0.00
i74,e04,c5,p20,l3,0.00
i74,e04,c5,p21,l1,0.00
i74,e04,c5,p21,l3,0.00
i74,e04,c5,p22,l1,0.00
i74,e04,c5,p22,l3,0.00
i74,e04,c5,p23,l1,0.00
i74,e04,c5,p23,l3,0.00
i74,e04,c5,p24,l1,0.00
i74,e04,c5,p24,l3,0.00
i74,e04,c5,p25,l1,0.00
i74,e04,c5,p25,l3,0.00
i74,e04,c5,p26,l3,0.00
i74,e04,c5,p28,l1,0.00
i74,e04,c5,p28,l3,0.00
i74,e04,c5,p29,l1,0.00
i74,e04,c5,p29,l3,0.00
i74,e04,c5,p30,l3,0.00
i74,e04,c5,p31,l1,0.00
i74,e04,c5,p31,l3,0.00
i74,e04,c5,p32,l1,0.00
i74,e04,c5,p32,l3,0.00
i74,e04,c5,p33,l3,0.00
i74,e04,c5,p35,l1,0.00
i74,e04,c5,p35,l3,0.00
i74,e05,c3,p03,l3,0.00
i74,e05,c3,p07,l3,0.00
i74,e05,c3,p10,l3,0.00
i74,e05,c3,p11,l1,0.00
i74,e05,c3,p11,l3,0.00
i74,e05,c3,p15,l3,0.00
i74,e05,c3,p16,l3,0.00
i74,e05,c3,p18,l1,0.00
i74,e05,c3,p18,l3,0.00
i74,e05,c3,p24,l3,0.00
i74,e05,c3,p35,l3,0.00
i74,e05,c5,p01,l1,0.00
i74,e05,c5,p01,l3,0.00
i74,e05,c5,p02,l1,0.00
i74,e05,c5,p02,l3,0.00
i74,e05,c5,p03,l1,0.00
i74,e05,c5,p03,l3,0.00
i74,e05,c5,p04,l1,0.00
i74,e05,c5,p04,l3,0.00
i74,e05,c5,p05,l1,0.00
i74,e05,c5,p05,l3,0.00
i74,e05,c5,p06,l1,0.00
i74,e05,c5,p06,l3,0.00
i74,e05,c5,p07,l1,0.00
i74,e05,c5,p07,l3,0.00
i74,e05,c5,p08,l1,0.00
i74,e05,c5,p08,l3,1.06
i74,e05,c5,p09,l1,0.00
i74,e05,c5,p09,l3,0.00
i74,e05,c5,p10,l1,0.00
i74,e05,c5,p10,l3,0.00
i74,e05,c5,p11,l1,0.00
i74,e05,c5,p11,l3,0.00
i74,e05,c5,p12,l1,0.00
i74,e05,c5,p12,l3,0.00
i74,e05,c5,p13,l1,0.00
i74,e05,c5,p13,l3,0.00
i74,e05,c5,p14,l1,0.00
i74,e05,c5,p14,l3,0.00
i74,e05,c5,p15,l1,0.00
i74,e05,c5,p15,l3,0.00
i74,e05,c5,p16,l1,0.00
i74,e05,c5,p16,l3,0.00
i74,e05,c5,p17,l1,0.00
i74,e05,c5,p17,l3,0.00
i74,e05,c5,p18,l1,0.00
i74,e05,c5,p18,l3,0.00
i74,e05,c5,p19,l1,0.00
i74,e05,c5,p19,l3,0.00
i74,e05,c5,p20,l1,0.00
i74,e05,c5,p20,l3,0.00
i74,e05,c5,p21,l1,0.00
i74,e05,c5,p21,l3,0.00
i74,e05,c5,p22,l1,0.00
i74,e05,c5,p22,l3,0.00
i74,e05,c5,p23,l1,0.00
i74,e05,c5,p23,l3,0.00
i74,e05,c5,p24,l1,0.00
i74,e05,c5,p24,l3,0.00
i74,e05,c5,p25,l1,0.00
i74,e05,c5,p25,l3,0.00
i74,e05,c5,p28,l1,0.00
i74,e05,c5,p28,l3,0.00
i74,e05,c5,p29,l1,0.00
i74,e05,c5,p29,l3,0.00
i74,e05,c5,p30,l3,0.00
i74,e05,c5,p31,l1,0.00
i74,e05,c5,p31,l3,0.00
i74,e05,c5,p32,l1,0.00
i74,e05,c5,p32,l3,0.00
i74,e05,c5,p33,l1,0.00
i74,e05,c5,p33,l3,0.00
i74,e05,c5,p35,l1,0.00
i74,e05,c5,p35,l3,0.00
i74,e07,c5,p01,l3,0.00
i74,e07,c5,p02,l3,0.00
i74,e07,c5,p03,l3,0.00
i74,e07,c5,p04,l3,0.00
i74,e07,c5,p05,l3,0.00
i74,e07,c5,p06,l3,0.00
i74,e07,c5,p07,l2,0.00
i74,e07,c5,p07,l3,0.00
i74,e07,c5,p08,l2,0.00
i74,e07,c5,p09,l2,0.00
i74,e07,c5,p09,l3,0.00
i74,e07,c5,p10,l2,0.00
i74,e07,c5,p10,l3,0.00
i74,e07,c5,p11,l3,0.00
i74,e07,c5,p12,l3,0.00
i74,e07,c5,p13,l2,0.00
i74,e07,c5,p13,l3,0.00
i74,e07,c5,p14,l3,0.00
i74,e07,c5,p15,l2,0.00
i74,e07,c5,p15,l3,0.00
i74,e07,c5,p16,l2,0.00
i74,e07,c5,p16,l3,0.00
i74,e07,c5,p17,l3,0.00
i74,e07,c5,p18,l3,0.00
i74,e07,c5,p19,l2,0.00
i74,e07,c5,p19,l3,0.00
i74,e07,c5,p20,l2,0.00
i74,e07,c5,p20,l3,0.00
i74,e07,c5,p21,l2,0.00
i74,e07,c5,p21,l3,0.00
i74,e07,c5,p22,l3,0.00
i74,e07,c5,p23,l3,0.00
i74,e07,c5,p28,l3,0.00
i74,e07,c5,p29,l3,0.00
i74,e07,c5,p31,l2,0.00
i74,e07,c5,p35,l2,0.00
i74,e07,c5,p35,l3,0.00
i74,e08,c3,p01,l3,0.00
i74,e08,c3,p05,l3,0.00
i74,e08,c3,p06,l3,0.00
i74,e08,c3,p07,l3,0.00
i74,e08,c3,p09,l3,0.00
i74,e08,c3,p10,l3,0.00
i74,e08,c3,p14,l3,0.00
i74,e08,c3,p15,l3,0.00
i74,e08,c3,p16,l3,0.00
i74,e08,c3,p17,l3,0.00
i74,e08,c3,p18,l3,0.00
i74,e08,c3,p19,l3,0.00
i74,e08,c3,p21,l3,0.00
i74,e08,c3,p23,l3,0.00
i74,e08,c3,p24,l2,0.00
i74,e08,c3,p29,l3,0.00
i74,e08,c3,p35,l3,0.00
i74,e08,c5,p01,l2,0.00
i74,e08,c5,p01,l3,0.00
i74,e08,c5,p02,l2,0.00
i74,e08,c5,p02,l3,0.00
i74,e08,c5,p03,l2,0.00
i74,e08,c5,p03,l3,0.00
i74,e08,c5,p04,l2,0.00
i74,e08,c5,p04,l3,0.00
i74,e08,c5,p05,l2,0.00
i74,e08,c5,p05,l3,0.00
i74,e08,c5,p06,l2,0.00
i74,e08,c5,p06,l3,0.00
i74,e08,c5,p07,l2,0.00
i74,e08,c5,p07,l3,0.00
i74,e08,c5,p08,l2,0.00
i74,e08,c5,p08,l3,0.00
i74,e08,c5,p09,l2,0.00
i74,e08,c5,p09,l3,0.00
i74,e08,c5,p10,l2,0.00
i74,e08,c5,p10,l3,0.00
i74,e08,c5,p11,l2,0.00
i74,e08,c5,p11,l3,0.00
i74,e08,c5,p12,l2,0.00
i74,e08,c5,p12,l3,12.13
i74,e08,c5,p13,l2,0.00
i74,e08,c5,p13,l3,0.00
i74,e08,c5,p14,l2,0.00
i74,e08,c5,p14,l3,0.00
i74,e08,c5,p15,l2,0.00
i74,e08,c5,p15,l3,0.00
i74,e08,c5,p16,l2,0.00
i74,e08,c5,p16,l3,0.00
i74,e08,c5,p17,l2,0.00
i74,e08,c5,p17,l3,0.00
i74,e08,c5,p18,l2,0.00
i74,e08,c5,p18,l3,0.00
i74,e08,c5,p19,l2,0.00
i74,e08,c5,p19,l3,0.00
i74,e08,c5,p20,l2,0.00
i74,e08,c5,p20,l3,0.00
i74,e08,c5,p21,l2,0.00
i74,e08,c5,p21,l3,0.00
i74,e08,c5,p22,l2,0.00
i74,e08,c5,p22,l3,0.00
i74,e08,c5,p23,l2,0.00
i74,e08,c5,p23,l3,0.00
i74,e08,c5,p24,l2,0.00
i74,e08,c5,p24,l3,0.00
i74,e08,c5,p25,l2,0.00
i74,e08,c5,p25,l3,0.00
i74,e08,c5,p26,l3,0.00
i74,e08,c5,p28,l2,0.00
i74,e08,c5,p28,l3,0.00
i74,e08,c5,p29,l2,0.00
i74,e08,c5,p29,l3,0.00
i74,e08,c5,p30,l3,0.00
i74,e08,c5,p31,l2,0.00
i74,e08,c5,p31,l3,0.00
i74,e08,c5,p32,l2,0.00
i74,e08,c5,p32,l3,0.00
i74,e08,c5,p33,l3,0.00
i74,e08,c5,p35,l2,0.00
i74,e08,c5,p35,l3,0.00
i74,e09,c3,p03,l3,0.00
i74,e09,c3,p09,l3,0.00
i74,e09,c3,p10,l3,0.00
i74,e09,c3,p11,l3,0.00
i74,e09,c3,p13,l3,0.00
i74,e09,c3,p15,l3,0.00
i74,e09,c3,p16,l3,0.00
i74,e09,c3,p18,l3,0.00
i74,e09,c3,p21,l3,0.00
i74,e09,c3,p23,l3,0.00
i74,e09,c3,p29,l3,0.00
i74,e09,c3,p35,l3,0.00
i74,e09,c5,p01,l2,0.00
i74,e09,c5,p01,l3,0.00
i74,e09,c5,p02,l2,0.00
i74,e09,c5,p02,l3,0.00
i74,e09,c5,p03,l2,0.00
i74,e09,c5,p03,l3,0.00
i74,e09,c5,p04,l2,0.00
i74,e09,c5,p04,l3,0.00
i74,e09,c5,p05,l2,0.00
i74,e09,c5,p05,l3,0.00
i74,e09,c5,p06,l2,0.00
i74,e09,c5,p06,l3,0.00
i74,e09,c5,p07,l2,0.00
i74,e09,c5,p07,l3,0.00
i74,e09,c5,p08,l2,0.00
i74,e09,c5,p08,l3,0.00
i74,e09,c5,p09,l2,0.00
i74,e09,c5,p09,l3,0.00
i74,e09,c5,p10,l2,0.00
i74,e09,c5,p10,l3,0.00
i74,e09,c5,p11,l2,0.00
i74,e09,c5,p11,l3,0.00
i74,e09,c5,p12,l2,0.00
i74,e09,c5,p12,l3,0.00
i74,e09,c5,p13,l2,0.00
i74,e09,c5,p13,l3,0.00
i74,e09,c5,p14,l2,0.00
i74,e09,c5,p14,l3,0.00
i74,e09,c5,p15,l2,0.00
i74,e09,c5,p15,l3,0.00
i74,e09,c5,p16,l2,0.00
i74,e09,c5,p16,l3,0.00
i74,e09,c5,p17,l2,0.00
i74,e09,c5,p17,l3,0.00
i74,e09,c5,p18,l2,0.00
i74,e09,c5,p18,l3,0.00
i74,e09,c5,p19,l2,0.00
i74,e09,c5,p19,l3,0.00
i74,e09,c5,p20,l2,0.00
i74,e09,c5,p20,l3,0.00
i74,e09,c5,p21,l2,0.00
i74,e09,c5,p21,l3,0.00
i74,e09,c5,p22,l2,0.00
i74,e09,c5,p22,l3,0.00
i74,e09,c5,p23,l2,0.00
i74,e09,c5,p23,l3,0.00
i74,e09,c5,p24,l2,0.00
i74,e09,c5,p24,l3,0.00
i74,e09,c5,p25,l2,0.00
i74,e09,c5,p25,l3,0.00
i74,e09,c5,p26,l3,0.00
i74,e09,c5,p28,l2,0.00
i74,e09,c5,p28,l3,0.00
i74,e09,c5,p29,l2,0.00
i74,e09,c5,p29,l3,0.00
i74,e09,c5,p31,l2,0.00
i74,e09,c5,p31,l3,0.00
i74,e09,c5,p32,l2,0.00
i74,e09,c5,p32,l3,0.00
i74,e09,c5,p33,l3,0.00
i74,e09,c5,p35,l2,0.00
i74,e09,c5,p35,l3,0.00
i74,e11,c3,p05,l2,0.00
i74,e11,c3,p07,l3,0.00
i74,e11,c3,p09,l3,0.00
i74,e11,c3,p10,l3,0.00
i74,e11,c3,p15,l3,0.00
i74,e11,c3,p18,l3,0.00
i74,e11,c3,p21,l3,0.00
i74,e11,c3,p25,l3,0.00
i74,e11,c5,p01,l2,0.00
i74,e11,c5,p01,l3,0.00
i74,e11,c5,p02,l3,0.00
i74,e11,c5,p03,l2,0.00
i74,e11,c5,p03,l3,0.00
i74,e11,c5,p04,l2,0.00
i74,e11,c5,p04,l3,0.00
i74,e11,c5,p05,l2,0.00
i74,e11,c5,p05,l3,0.00
i74,e11,c5,p06,l2,0.00
i74,e11,c5,p06,l3,0.00
i74,e11,c5,p07,l2,0.00
i74,e11,c5,p07,l3,0.00
i74,e11,c5,p08,l2,0.00
i74,e11,c5,p08,l3,0.00
i74,e11,c5,p09,l2,0.00
i74,e11,c5,p09,l3,0.00
i74,e11,c5,p10,l2,0.00
i74,e11,c5,p10,l3,0.00
i74,e11,c5,p11,l2,0.00
i74,e11,c5,p11,l3,0.00
i74,e11,c5,p12,l2,0.00
i74,e11,c5,p12,l3,0.00
i74,e11,c5,p13,l2,0.00
i74,e11,c5,p13,l3,0.00
i74,e11,c5,p14,l3,0.00
i74,e11,c5,p15,l2,0.00
i74,e11,c5,p15,l3,0.00
i74,e11,c5,p16,l2,0.00
i74,e11,c5,p16,l3,0.00
i74,e11,c5,p17,l2,0.00
i74,e11,c5,p17,l3,0.00
i74,e11,c5,p18,l2,0.00
i74,e11,c5,p18,l3,0.00
i74,e11,c5,p19,l2,0.00
i74,e11,c5,p19,l3,0.00
i74,e11,c5,p21,l3,2.01
i74,e11,c5,p22,l2,0.00
i74,e11,c5,p22,l3,0.00
i74,e11,c5,p23,l3,0.00
i74,e11,c5,p24,l3,0.00
i74,e11,c5,p25,l3,0.00
i74,e11,c5,p26,l3,0.00
i74,e11,c5,p28,l2,0.00
i74,e11,c5,p28,l3,0.00
i74,e11,c5,p29,l2,0.00
i74,e11,c5,p29,l3,0.00
i74,e11,c5,p31,l3,0.00
i74,e11,c5,p32,l2,0.00
i74,e11,c5,p32,l3,0.00
i74,e11,c5,p33,l3,0.00
i74,e11,c5,p35,l2,0.00
i74,e11,c5,p35,l3,0.00
i74,e12,c3,p10,l3,0.00
i74,e12,c3,p15,l3,0.00
i74,e12,c5,p01,l3,0.00
i74,e12,c5,p02,l3,0.00
i74,e12,c5,p03,l3,0.00
i74,e12,c5,p04,l3,0.00
i74,e12,c5,p05,l3,0.00
i74,e12,c5,p06,l3,0.00
i74,e12,c5,p07,l3,0.00
i74,e12,c5,p08,l3,0.00
i74,e12,c5,p09,l3,0.00
i74,e12,c5,p10,l3,0.00
i74,e12,c5,p11,l3,0.00
i74,e12,c5,p12,l3,0.00
i74,e12,c5,p13,l3,0.00
i74,e12,c5,p14,l3,0.00
i74,e12,c5,p15,l3,0.00
i74,e12,c5,p16,l3,0.00
i74,e12,c5,p17,l3,0.00
i74,e12,c5,p18,l3,0.00
i74,e12,c5,p19,l3,0.00
i74,e12,c5,p20,l3,0.00
i74,e12,c5,p21,l3,0.00
i74,e12,c5,p22,l3,0.00
i74,e12,c5,p23,l3,0.00
i74,e12,c5,p24,l3,0.00
i74,e12,c5,p25,l3,0.00
i74,e12,c5,p28,l3,0.00
i74,e12,c5,p29,l3,0.00
i74,e12,c5,p31,l3,0.00
i74,e12,c5,p32,l3,0.00
i74,e12,c5,p35,l3,0.00
i75,e01,c1,p35,l3,0.00
i75,e04,c1,p35,l3,0.00
i75,e05,c1,p35,l3,0.00
i75,e08,c1,p35,l3,0.00
i75,e09,c1,p35,l3,0.00
i75,e11,c1,p35,l3,0.00
i76,e01,c3,p35,l3,0.00
i76,e01,c5,p01,l3,0.00
i76,e01,c5,p03,l3,0.00
i76,e01,c5,p04,l3,0.00
i76,e01,c5,p05,l3,0.00
i76,e01,c5,p06,l3,0.00
i76,e01,c5,p09,l3,0.00
i76,e01,c5,p10,l3,0.00
i76,e01,c5,p16,l3,0.00
i76,e01,c5,p18,l3,0.00
i76,e01,c5,p19,l3,0.00
i76,e01,c5,p21,l3,0.00
i76,e01,c5,p22,l3,0.00
i76,e01,c5,p23,l3,0.00
i76,e01,c5,p25,l3,0.00
i76,e01,c5,p35,l3,0.00
i76,e04,c3,p35,l3,0.00
i76,e04,c5,p01,l1,0.00
i76,e04,c5,p01,l3,0.00
i76,e04,c5,p03,l3,0.00
i76,e04,c5,p04,l1,0.00
i76,e04,c5,p04,l3,0.00
i76,e04,c5,p05,l3,0.00
i76,e04,c5,p06,l1,0.00
i76,e04,c5,p06,l3,0.00
i76,e04,c5,p09,l3,0.00
i76,e04,c5,p10,l1,0.00
i76,e04,c5,p10,l3,0.00
i76,e04,c5,p15,l3,0.00
i76,e04,c5,p16,l1,0.00
i76,e04,c5,p16,l3,0.00
i76,e04,c5,p18,l1,0.00
i76,e04,c5,p18,l3,0.00
i76,e04,c5,p19,l3,0.00
i76,e04,c5,p21,l1,0.00
i76,e04,c5,p21,l3,0.00
i76,e04,c5,p22,l1,0.00
i76,e04,c5,p22,l3,0.00
i76,e04,c5,p23,l3,0.00
i76,e04,c5,p25,l3,0.00
i76,e04,c5,p35,l1,0.00
i76,e04,c5,p35,l3,0.00
i76,e05,c5,p01,l3,0.00
i76,e05,c5,p06,l1,0.00
i76,e05,c5,p06,l3,0.00
i76,e05,c5,p19,l3,0.00
i76,e05,c5,p21,l1,0.00
i76,e05,c5,p21,l3,0.00
i76,e05,c5,p35,l1,0.00
i76,e05,c5,p35,l3,0.00
i76,e09,c3,p35,l3,0.00
i76,e09,c5,p01,l3,0.00
i76,e09,c5,p03,l3,0.00
i76,e09,c5,p04,l2,0.00
i76,e09,c5,p04,l3,0.00
i76,e09,c5,p06,l3,0.00
i76,e09,c5,p09,l3,0.00
i76,e09,c5,p10,l3,0.00
i76,e09,c5,p15,l3,0.00
i76,e09,c5,p16,l3,0.00
i76,e09,c5,p18,l2,0.00
i76,e09,c5,p18,l3,0.00
i76,e09,c5,p19,l3,0.00
i76,e09,c5,p21,l2,0.00
i76,e09,c5,p21,l3,0.00
i76,e09,c5,p25,l3,0.00
i76,e09,c5,p35,l2,0.00
i76,e09,c5,p35,l3,0.00
i77,e01,c5,p03,l3,0.00
i77,e01,c5,p04,l3,0.00
i77,e01,c5,p10,l3,0.00
i77,e01,c5,p17,l3,0.00
i77,e01,c5,p19,l3,0.00
i77,e01,c5,p35,l3,0.00
i77,e03,c5,p01,l3,0.00
i77,e03,c5,p03,l3,0.00
i77,e03,c5,p04,l3,0.00
i77,e03,c5,p07,l3,0.00
i77,e03,c5,p10,l3,0.00
i77,e03,c5,p12,l3,0.00
i77,e03,c5,p17,l3,0.00
i77,e03,c5,p19,l3,0.00
i77,e03,c5,p21,l3,0.00
i77,e03,c5,p24,l3,0.00
i77,e03,c5,p25,l3,0.00
i77,e03,c5,p32,l3,0.00
i77,e03,c5,p35,l3,0.00
i77,e04,c5,p01,l3,0.00
i77,e04,c5,p02,l3,0.00
i77,e04,c5,p04,l3,0.00
i77,e04,c5,p10,l3,0.00
i77,e04,c5,p11,l3,0.00
i77,e04,c5,p17,l3,0.00
i77,e04,c5,p19,l3,0.00
i77,e04,c5,p35,l3,0.00
i77,e05,c5,p01,l3,0.00
i77,e05,c5,p10,l1,0.00
i77,e05,c5,p10,l3,0.00
i77,e05,c5,p21,l3,0.00
i77,e05,c5,p35,l3,0.00
i77,e08,c5,p01,l3,0.00
i77,e08,c5,p02,l3,0.00
i77,e08,c5,p03,l3,0.00
i77,e08,c5,p04,l3,0.00
i77,e08,c5,p05,l3,0.00
i77,e08,c5,p10,l2,0.00
i77,e08,c5,p10,l3,0.00
i77,e08,c5,p11,l3,0.00
i77,e08,c5,p17,l3,0.00
i77,e08,c5,p18,l3,0.00
i77,e08,c5,p19,l3,0.00
i77,e08,c5,p24,l3,0.00
i77,e08,c5,p35,l3,0.00
i77,e09,c5,p01,l2,0.00
i77,e09,c5,p04,l3,0.00
i77,e09,c5,p10,l3,0.00
i77,e09,c5,p17,l3,0.00
i77,e09,c5,p19,l3,0.00
i77,e09,c5,p35,l3,0.00
i77,e12,c5,p01,l3,0.00
i77,e12,c5,p03,l3,0.00
i77,e12,c5,p10,l3,0.00
i77,e12,c5,p19,l3,0.00
i77,e12,c5,p21,l3,0.00
i77,e12,c5,p24,l3,0.00
i77,e12,c5,p35,l3,0.00
i78,e01,c1,p10,l3,0.00
i78,e01,c1,p11,l3,0.00
i78,e01,c1,p12,l3,0.00
i78,e01,c1,p13,l3,0.00
i78,e01,c1,p15,l3,0.00
i78,e01,c1,p18,l3,0.00
i78,e01,c1,p19,l3,0.00
i78,e01,c1,p20,l3,0.00
i78,e01,c1,p21,l3,0.00
i78,e01,c1,p23,l3,0.00
i78,e01,c1,p35,l3,0.00
i78,e01,c4,p12,l3,0.00
i78,e01,c4,p17,l3,0.00
i78,e01,c4,p19,l3,0.00
i78,e01,c4,p35,l3,0.00
i78,e01,c7,p35,l3,0.00
i78,e04,c1,p10,l3,0.00
i78,e04,c1,p12,l3,0.00
i78,e04,c1,p13,l3,0.00
i78,e04,c1,p15,l3,0.00
i78,e04,c1,p20,l3,0.00
i78,e04,c1,p21,l3,0.00
i78,e04,c1,p23,l3,0.00
i78,e04,c1,p35,l3,0.00
i78,e04,c4,p12,l3,0.00
i78,e04,c4,p17,l3,0.00
i78,e04,c4,p19,l3,0.00
i78,e04,c4,p35,l3,0.00
i78,e09,c1,p10,l3,0.00
i78,e09,c1,p11,l3,0.00
i78,e09,c1,p12,l3,0.00
i78,e09,c1,p13,l3,0.00
i78,e09,c1,p15,l3,0.00
i78,e09,c1,p20,l3,0.00
i78,e09,c1,p21,l3,0.00
i78,e09,c1,p23,l3,0.00
i78,e09,c1,p35,l3,0.00
i78,e09,c4,p12,l3,0.00
i78,e09,c4,p17,l3,0.00
i78,e09,c4,p19,l3,0.00
i78,e09,c4,p35,l3,0.00
i78,e09,c7,p35,l3,0.00
i79,e01,c1,p01,l3,0.00
i79,e01,c1,p02,l3,0.00
i79,e01,c1,p03,l3,0.00
i79,e01,c1,p04,l3,0.00
i79,e01,c1,p05,l3,0.00
i79,e01,c1,p07,l3,0.00
i79,e01,c1,p08,l3,0.00
i79,e01,c1,p10,l3,0.00
i79,e01,c1,p12,l3,0.00
i79,e01,c1,p19,l3,0.00
i79,e01,c1,p20,l3,0.00
i79,e01,c1,p21,l3,0.00
i79,e01,c1,p23,l3,0.00
i79,e01,c1,p24,l3,0.00
i79,e01,c1,p29,l3,0.00
i79,e01,c4,p12,l3,0.00
i79,e01,c4,p14,l3,0.00
i79,e03,c1,p01,l3,0.00
i79,e03,c1,p02,l3,0.00
i79,e03,c1,p03,l3,0.00
i79,e03,c1,p04,l3,0.00
i79,e03,c1,p05,l3,0.00
i79,e03,c1,p06,l3,0.00
i79,e03,c1,p07,l3,0.00
i79,e03,c1,p08,l3,0.00
i79,e03,c1,p10,l3,0.00
i79,e03,c1,p11,l3,0.00
i79,e03,c1,p12,l3,0.00
i79,e03,c1,p13,l3,0.00
i79,e03,c1,p14,l3,0.00
i79,e03,c1,p15,l3,0.00
i79,e03,c1,p16,l3,0.00
i79,e03,c1,p17,l3,0.00
i79,e03,c1,p19,l3,0.00
i79,e03,c1,p20,l3,0.00
i79,e03,c1,p21,l3,0.00
i79,e03,c1,p22,l3,0.00
i79,e03,c1,p24,l3,0.00
i79,e03,c1,p25,l3,0.00
i79,e03,c1,p29,l3,0.00
i79,e03,c1,p35,l3,0.00
i79,e03,c4,p01,l3,0.00
i79,e03,c4,p05,l3,0.00
i79,e03,c4,p12,l3,0.00
i79,e03,c4,p15,l3,0.00
i79,e03,c4,p21,l3,0.00
i79,e04,c1,p01,l3,0.00
i79,e04,c1,p02,l3,0.00
i79,e04,c1,p04,l3,0.00
i79,e04,c1,p07,l3,0.00
i79,e04,c1,p10,l3,0.00
i79,e04,c1,p12,l3,0.00
i79,e04,c1,p18,l3,0.00
i79,e04,c1,p19,l3,0.00
i79,e04,c1,p21,l3,0.00
i79,e04,c1,p24,l3,0.00
i79,e04,c1,p29,l3,0.00
i79,e04,c4,p10,l3,0.00
i79,e04,c4,p12,l3,0.00
i79,e04,c4,p14,l3,0.00
i79,e05,c1,p07,l3,0.00
i79,e05,c1,p10,l3,0.00
i79,e05,c1,p16,l3,0.00
i79,e05,c1,p35,l3,0.00
i79,e06,c1,p01,l3,0.00
i79,e07,c1,p01,l3,0.00
i79,e07,c1,p02,l3,0.00
i79,e07,c1,p03,l3,0.00
i79,e07,c1,p04,l3,0.00
i79,e07,c1,p05,l3,0.00
i79,e07,c1,p07,l3,0.00
i79,e07,c1,p10,l3,0.00
i79,e07,c1,p11,l3,0.00
i79,e07,c1,p12,l3,0.00
i79,e07,c1,p13,l3,0.00
i79,e07,c1,p14,l3,0.00
i79,e07,c1,p15,l3,0.00
i79,e07,c1,p16,l3,0.00
i79,e07,c1,p17,l3,0.00
i79,e07,c1,p18,l3,0.00
i79,e07,c1,p19,l3,0.00
i79,e07,c1,p21,l3,0.00
i79,e07,c1,p23,l3,0.00
i79,e07,c1,p24,l3,0.00
i79,e07,c1,p25,l3,0.00
i79,e07,c1,p29,l3,0.00
i79,e07,c1,p35,l3,0.00
i79,e07,c4,p05,l3,0.00
i79,e07,c4,p12,l3,0.00
i79,e07,c4,p17,l3,0.00
i79,e08,c1,p01,l3,0.00
i79,e08,c1,p02,l3,0.00
i79,e08,c1,p03,l3,0.00
i79,e08,c1,p04,l3,0.00
i79,e08,c1,p05,l3,0.00
i79,e08,c1,p07,l3,0.00
i79,e08,c1,p10,l3,0.00
i79,e08,c1,p11,l3,0.00
i79,e08,c1,p12,l3,0.00
i79,e08,c1,p13,l3,0.00
i79,e08,c1,p15,l3,0.00
i79,e08,c1,p17,l3,0.00
i79,e08,c1,p19,l3,0.00
i79,e08,c1,p21,l3,0.00
i79,e08,c1,p24,l3,0.00
i79,e08,c1,p29,l3,0.00
i79,e08,c1,p35,l3,0.00
i79,e08,c4,p05,l3,0.00
i79,e08,c4,p12,l3,0.00
i79,e09,c1,p01,l3,0.00
i79,e09,c1,p02,l3,0.00
i79,e09,c1,p03,l3,0.00
i79,e09,c1,p05,l3,0.00
i79,e09,c1,p07,l3,0.00
i79,e09,c1,p10,l3,0.00
i79,e09,c1,p12,l3,0.00
i79,e09,c1,p13,l3,0.00
i79,e09,c1,p18,l3,0.00
i79,e09,c1,p19,l3,0.00
i79,e09,c1,p20,l3,0.00
i79,e09,c1,p21,l3,0.00
i79,e09,c1,p23,l3,0.00
i79,e09,c1,p24,l3,0.00
i79,e09,c1,p29,l3,0.00
i79,e09,c1,p35,l3,0.00
i79,e09,c4,p10,l3,0.00
i79,e09,c4,p12,l3,0.00
i79,e09,c4,p14,l3,0.00
i79,e11,c1,p01,l3,0.00
i79,e11,c1,p02,l3,0.00
i79,e11,c1,p03,l3,0.00
i79,e11,c1,p04,l3,0.00
i79,e11,c1,p05,l3,0.00
i79,e11,c1,p06,l3,0.00
i79,e11,c1,p07,l3,0.00
i79,e11,c1,p10,l3,0.00
i79,e11,c1,p11,l3,0.00
i79,e11,c1,p12,l3,0.00
i79,e11,c1,p13,l3,0.00
i79,e11,c1,p15,l3,0.00
i79,e11,c1,p16,l3,0.00
i79,e11,c1,p17,l3,0.00
i79,e11,c1,p18,l3,0.00
i79,e11,c1,p19,l3,0.00
i79,e11,c1,p21,l3,0.00
i79,e11,c1,p23,l3,0.00
i79,e11,c1,p24,l3,0.00
i79,e11,c1,p25,l3,0.00
i79,e11,c1,p29,l3,0.00
i79,e11,c1,p35,l3,0.00
i79,e11,c4,p12,l3,0.00
i79,e12,c1,p01,l3,0.00
i79,e12,c1,p02,l3,0.00
i79,e12,c1,p03,l3,0.00
i79,e12,c1,p04,l3,0.00
i79,e12,c1,p05,l3,0.00
i79,e12,c1,p07,l3,0.00
i79,e12,c1,p10,l3,0.00
i79,e12,c1,p11,l3,0.00
i79,e12,c1,p12,l3,0.00
i79,e12,c1,p13,l3,0.00
i79,e12,c1,p19,l3,0.00
i79,e12,c1,p21,l3,0.00
i79,e12,c1,p24,l3,0.00
i79,e12,c1,p29,l3,0.00
i79,e12,c4,p12,l3,0.00
i80,e01,c3,p35,l3,2.19
i80,e01,c5,p35,l3,0.00
i80,e04,c3,p35,l1,0.00
i80,e04,c3,p35,l3,1.50
i80,e05,c3,p10,l3,0.00
i80,e05,c3,p35,l1,0.00
i80,e05,c3,p35,l3,0.00
i80,e09,c3,p35,l2,0.00
i80,e09,c3,p35,l3,0.00
i80,e09,c5,p35,l3,0.00
i81,e01,c5,p01,l3,0.00
i81,e01,c5,p03,l3,0.00
i81,e01,c5,p04,l3,0.00
i81,e01,c5,p10,l3,0.00
i81,e01,c5,p15,l3,0.00
i81,e01,c5,p16,l3,0.00
i81,e01,c5,p18,l3,0.00
i81,e01,c5,p19,l3,0.00
i81,e01,c5,p21,l3,0.00
i81,e01,c5,p22,l3,0.00
i81,e01,c5,p23,l3,0.00
i81,e01,c5,p35,l3,0.00
i81,e04,c5,p01,l3,0.00
i81,e04,c5,p03,l3,0.00
i81,e04,c5,p04,l3,0.00
i81,e04,c5,p06,l3,0.00
i81,e04,c5,p07,l3,0.00
i81,e04,c5,p09,l3,0.00
i81,e04,c5,p10,l3,0.00
i81,e04,c5,p12,l3,0.00
i81,e04,c5,p15,l3,0.00
i81,e04,c5,p16,l3,0.00
i81,e04,c5,p18,l3,0.00
i81,e04,c5,p19,l3,0.00
i81,e04,c5,p21,l3,0.00
i81,e04,c5,p22,l3,0.00
i81,e04,c5,p23,l3,0.00
i81,e04,c5,p35,l3,0.00
i81,e05,c5,p01,l3,0.00
i81,e05,c5,p03,l3,0.00
i81,e05,c5,p04,l3,0.00
i81,e05,c5,p10,l3,0.00
i81,e05,c5,p13,l3,0.00
i81,e05,c5,p16,l3,0.00
i81,e05,c5,p17,l3,0.00
i81,e05,c5,p19,l3,0.00
i81,e05,c5,p21,l3,0.00
i81,e05,c5,p22,l3,0.00
i81,e05,c5,p23,l3,0.00
i81,e05,c5,p35,l3,0.00
i81,e09,c5,p03,l3,0.00
i81,e09,c5,p04,l3,0.00
i81,e09,c5,p10,l3,0.00
i81,e09,c5,p15,l3,0.00
i81,e09,c5,p16,l3,0.00
i81,e09,c5,p18,l3,0.00
i81,e09,c5,p19,l3,0.00
i81,e09,c5,p21,l3,0.00
i81,e09,c5,p22,l3,0.00
i81,e09,c5,p23,l3,0.00
i81,e09,c5,p35,l3,0.00
i82,e01,c1,p35,l3,0.00
i82,e01,c4,p35,l3,0.00
i82,e04,c1,p35,l1,0.00
i82,e04,c1,p35,l3,0.00
i82,e04,c4,p35,l1,0.00
i82,e04,c4,p35,l3,0.00
i82,e05,c1,p35,l1,0.00
i82,e05,c1,p35,l3,0.00
i82,e05,c4,p35,l3,0.00
i82,e09,c1,p35,l2,0.00
i82,e09,c1,p35,l3,0.00
i82,e09,c4,p35,l2,0.00
i82,e09,c4,p35,l3,0.00
i83,e01,c3,p03,l3,0.00
i83,e01,c3,p10,l3,0.00
i83,e01,c3,p35,l3,0.00
i83,e04,c3,p03,l3,0.00
i83,e04,c3,p10,l1,0.00
i83,e04,c3,p10,l3,0.00
i83,e04,c3,p35,l1,0.00
i83,e04,c3,p35,l3,0.00
i83,e05,c3,p10,l3,0.00
i83,e05,c3,p35,l3,0.00
i83,e09,c3,p03,l3,0.00
i83,e09,c3,p10,l2,0.00
i83,e09,c3,p10,l3,0.00
i83,e09,c3,p35,l2,0.00
i83,e09,c3,p35,l3,0.00
i84,e01,c1,p35,l3,0.00
i84,e04,c1,p35,l3,0.00
i84,e05,c1,p35,l3,0.00
i84,e08,c1,p35,l3,0.00
i84,e09,c1,p35,l3,0.00
i84,e11,c1,p35,l3,0.00
i85,e01,c3,p01,l3,0.00
i85,e01,c3,p05,l3,0.00
i85,e01,c3,p06,l3,0.00
i85,e01,c3,p07,l3,0.00
i85,e01,c3,p10,l3,0.00
i85,e01,c3,p11,l3,0.00
i85,e01,c3,p12,l3,0.00
i85,e01,c3,p13,l3,0.00
i85,e01,c3,p14,l3,0.00
i85,e01,c3,p15,l3,0.00
i85,e01,c3,p16,l3,0.00
i85,e01,c3,p17,l3,0.00
i85,e01,c3,p18,l3,0.00
i85,e01,c3,p19,l3,0.00
i85,e01,c3,p21,l3,0.00
i85,e01,c3,p24,l3,0.00
i85,e01,c3,p29,l3,0.00
i85,e01,c3,p30,l3,0.00
i85,e01,c3,p35,l3,0.00
i85,e01,c5,p01,l3,0.00
i85,e01,c5,p02,l3,0.00
i85,e01,c5,p03,l3,0.00
i85,e01,c5,p04,l3,0.00
i85,e01,c5,p05,l3,0.00
i85,e01,c5,p06,l3,0.00
i85,e01,c5,p07,l3,0.00
i85,e01,c5,p08,l3,0.00
i85,e01,c5,p09,l3,0.00
i85,e01,c5,p10,l3,0.00
i85,e01,c5,p11,l3,0.00
i85,e01,c5,p12,l3,0.00
i85,e01,c5,p13,l3,0.00
i85,e01,c5,p14,l3,0.00
i85,e01,c5,p15,l3,0.00
i85,e01,c5,p16,l3,0.00
i85,e01,c5,p17,l3,0.00
i85,e01,c5,p18,l3,0.00
i85,e01,c5,p19,l3,0.00
i85,e01,c5,p21,l3,0.00
i85,e01,c5,p22,l3,0.00
i85,e01,c5,p23,l3,0.00
i85,e01,c5,p24,l3,0.00
i85,e01,c5,p25,l3,0.00
i85,e01,c5,p26,l3,0.00
i85,e01,c5,p28,l3,0.00
i85,e01,c5,p29,l3,0.00
i85,e01,c5,p35,l3,0.00
i85,e04,c3,p01,l3,0.00
i85,e04,c3,p02,l1,0.00
i85,e04,c3,p02,l3,0.00
i85,e04,c3,p03,l1,0.00
i85,e04,c3,p03,l3,0.00
i85,e04,c3,p04,l1,0.00
i85,e04,c3,p04,l3,0.00
i85,e04,c3,p05,l3,0.00
i85,e04,c3,p06,l3,0.00
i85,e04,c3,p07,l1,0.00
i85,e04,c3,p07,l3,0.00
i85,e04,c3,p08,l3,0.00
i85,e04,c3,p09,l1,0.00
i85,e04,c3,p09,l3,0.00
i85,e04,c3,p10,l1,0.00
i85,e04,c3,p10,l3,0.00
i85,e04,c3,p11,l1,0.00
i85,e04,c3,p11,l3,0.00
i85,e04,c3,p12,l1,0.00
i85,e04,c3,p12,l3,0.00
i85,e04,c3,p13,l1,0.00
i85,e04,c3,p13,l3,0.00
i85,e04,c3,p14,l1,0.00
i85,e04,c3,p14,l3,0.00
i85,e04,c3,p15,l1,0.00
i85,e04,c3,p15,l3,0.00
i85,e04,c3,p16,l1,0.00
i85,e04,c3,p17,l1,0.00
i85,e04,c3,p17,l3,0.00
i85,e04,c3,p18,l1,0.00
i85,e04,c3,p19,l1,0.00
i85,e04,c3,p19,l3,0.00
i85,e04,c3,p21,l1,0.00
i85,e04,c3,p21,l3,0.00
i85,e04,c3,p22,l1,0.00
i85,e04,c3,p22,l3,0.00
i85,e04,c3,p24,l1,0.00
i85,e04,c3,p24,l3,0.00
i85,e04,c3,p28,l1,0.00
i85,e04,c3,p28,l3,0.00
i85,e04,c3,p29,l1,0.00
i85,e04,c3,p29,l3,0.00
i85,e04,c3,p35,l1,0.00
i85,e04,c3,p35,l3,0.00
i85,e04,c5,p01,l1,0.00
i85,e04,c5,p01,l3,0.00
i85,e04,c5,p02,l1,0.00
i85,e04,c5,p02,l3,0.00
i85,e04,c5,p03,l1,0.00
i85,e04,c5,p03,l3,0.00
i85,e04,c5,p04,l1,0.00
i85,e04,c5,p04,l3,0.00
i85,e04,c5,p05,l1,0.00
i85,e04,c5,p05,l3,0.00
i85,e04,c5,p06,l1,0.00
i85,e04,c5,p07,l1,0.00
i85,e04,c5,p07,l3,0.00
i85,e04,c5,p09,l1,0.00
i85,e04,c5,p09,l3,0.00
i85,e04,c5,p10,l1,0.00
i85,e04,c5,p10,l3,0.00
i85,e04,c5,p11,l1,0.00
i85,e04,c5,p11,l3,0.00
i85,e04,c5,p12,l1,0.00
i85,e04,c5,p12,l3,0.00
i85,e04,c5,p13,l1,0.00
i85,e04,c5,p13,l3,0.00
i85,e04,c5,p14,l1,0.00
i85,e04,c5,p14,l3,0.00
i85,e04,c5,p15,l1,0.00
i85,e04,c5,p15,l3,0.00
i85,e04,c5,p16,l1,0.00
i85,e04,c5,p16,l3,0.00
i85,e04,c5,p17,l1,0.00
i85,e04,c5,p17,l3,0.00
i85,e04,c5,p18,l1,0.00
i85,e04,c5,p18,l3,0.00
i85,e04,c5,p19,l1,0.00
i85,e04,c5,p19,l3,0.00
i85,e04,c5,p20,l1,0.00
i85,e04,c5,p21,l1,0.00
i85,e04,c5,p21,l3,0.00
i85,e04,c5,p22,l1,0.00
i85,e04,c5,p22,l3,0.00
i85,e04,c5,p23,l1,0.00
i85,e04,c5,p24,l1,0.00
i85,e04,c5,p24,l3,0.00
i85,e04,c5,p25,l3,0.00
i85,e04,c5,p28,l1,0.00
i85,e04,c5,p28,l3,0.00
i85,e04,c5,p29,l1,0.00
i85,e04,c5,p29,l3,0.00
i85,e04,c5,p31,l1,0.00
i85,e04,c5,p32,l1,0.00
i85,e04,c5,p32,l3,0.00
i85,e04,c5,p35,l1,0.00
i85,e04,c5,p35,l3,0.00
i85,e09,c3,p01,l2,0.00
i85,e09,c3,p07,l2,0.00
i85,e09,c3,p07,l3,0.00
i85,e09,c3,p08,l3,0.00
i85,e09,c3,p10,l2,0.00
i85,e09,c3,p10,l3,0.00
i85,e09,c3,p11,l2,0.00
i85,e09,c3,p11,l3,0.00
i85,e09,c3,p13,l2,0.00
i85,e09,c3,p15,l2,0.00
i85,e09,c3,p15,l3,0.00
i85,e09,c3,p16,l2,0.00
i85,e09,c3,p16,l3,0.00
i85,e09,c3,p17,l3,0.00
i85,e09,c3,p18,l2,0.00
i85,e09,c3,p19,l2,0.00
i85,e09,c3,p21,l2,0.00
i85,e09,c3,p21,l3,0.00
i85,e09,c3,p22,l2,0.00
i85,e09,c3,p23,l3,0.00
i85,e09,c3,p24,l3,0.00
i85,e09,c3,p29,l2,0.00
i85,e09,c3,p29,l3,0.00
i85,e09,c3,p35,l2,0.00
i85,e09,c3,p35,l3,0.00
i85,e09,c5,p01,l3,0.00
i85,e09,c5,p04,l2,0.00
i85,e09,c5,p05,l2,0.00
i85,e09,c5,p05,l3,0.00
i85,e09,c5,p06,l2,0.00
i85,e09,c5,p06,l3,0.00
i85,e09,c5,p07,l2,0.00
i85,e09,c5,p07,l3,0.00
i85,e09,c5,p08,l3,0.00
i85,e09,c5,p09,l2,0.00
i85,e09,c5,p09,l3,0.00
i85,e09,c5,p10,l2,0.00
i85,e09,c5,p10,l3,0.00
i85,e09,c5,p11,l2,0.00
i85,e09,c5,p11,l3,0.00
i85,e09,c5,p12,l2,0.00
i85,e09,c5,p12,l3,0.00
i85,e09,c5,p13,l2,0.00
i85,e09,c5,p13,l3,0.00
i85,e09,c5,p14,l2,0.00
i85,e09,c5,p14,l3,0.00
i85,e09,c5,p15,l3,0.00
i85,e09,c5,p16,l2,0.00
i85,e09,c5,p16,l3,0.00
i85,e09,c5,p17,l2,0.00
i85,e09,c5,p17,l3,0.00
i85,e09,c5,p18,l2,0.00
i85,e09,c5,p18,l3,0.00
i85,e09,c5,p19,l2,0.00
i85,e09,c5,p19,l3,0.00
i85,e09,c5,p21,l2,0.00
i85,e09,c5,p21,l3,0.00
i85,e09,c5,p22,l2,0.00
i85,e09,c5,p22,l3,0.00
i85,e09,c5,p23,l2,0.00
i85,e09,c5,p23,l3,0.00
i85,e09,c5,p24,l2,0.00
i85,e09,c5,p24,l3,0.00
i85,e09,c5,p29,l3,0.00
i85,e09,c5,p31,l2,0.00
i85,e09,c5,p35,l2,0.00
i85,e09,c5,p35,l3,0.00
i86,e01,c5,p01,l3,0.00
i86,e01,c5,p02,l3,0.00
i86,e01,c5,p03,l3,0.00
i86,e01,c5,p04,l3,0.00
i86,e01,c5,p05,l3,0.00
i86,e01,c5,p06,l3,0.00
i86,e01,c5,p07,l3,0.00
i86,e01,c5,p08,l3,0.00
i86,e01,c5,p09,l3,0.00
i86,e01,c5,p10,l3,0.00
i86,e01,c5,p11,l3,0.00
i86,e01,c5,p12,l3,0.00
i86,e01,c5,p13,l3,0.00
i86,e01,c5,p16,l3,0.00
i86,e01,c5,p17,l3,0.00
i86,e01,c5,p18,l3,0.00
i86,e01,c5,p19,l3,0.00
i86,e01,c5,p21,l3,0.00
i86,e01,c5,p23,l3,0.00
i86,e01,c5,p24,l3,0.00
i86,e01,c5,p25,l3,0.00
i86,e01,c5,p28,l3,0.00
i86,e02,c5,p03,l3,0.00
i86,e02,c5,p10,l3,0.00
i86,e02,c5,p18,l3,0.00
i86,e04,c5,p01,l3,0.00
i86,e04,c5,p02,l3,0.00
i86,e04,c5,p03,l3,0.00
i86,e04,c5,p04,l3,0.00
i86,e04,c5,p05,l3,0.00
i86,e04,c5,p06,l3,0.00
i86,e04,c5,p07,l3,0.00
i86,e04,c5,p08,l3,0.00
i86,e04,c5,p10,l3,0.00
i86,e04,c5,p11,l3,0.00
i86,e04,c5,p12,l3,0.00
i86,e04,c5,p13,l3,0.00
i86,e04,c5,p14,l3,0.00
i86,e04,c5,p16,l3,0.00
i86,e04,c5,p17,l3,0.00
i86,e04,c5,p18,l3,0.00
i86,e04,c5,p19,l3,0.00
i86,e04,c5,p21,l3,0.00
i86,e04,c5,p22,l3,0.00
i86,e04,c5,p23,l3,0.00
i86,e04,c5,p24,l3,0.00
i86,e04,c5,p25,l3,0.00
i86,e04,c5,p28,l3,0.00
i86,e04,c5,p31,l3,0.00
i86,e04,c5,p35,l3,0.00
i86,e05,c5,p21,l3,0.00
i86,e08,c5,p01,l3,0.00
i86,e08,c5,p02,l3,0.00
i86,e08,c5,p03,l3,0.00
i86,e08,c5,p04,l3,0.00
i86,e08,c5,p05,l3,0.00
i86,e08,c5,p06,l3,0.00
i86,e08,c5,p07,l3,0.00
i86,e08,c5,p08,l3,0.00
i86,e08,c5,p10,l3,0.00
i86,e08,c5,p11,l3,0.00
i86,e08,c5,p12,l3,0.00
i86,e08,c5,p13,l3,0.00
i86,e08,c5,p16,l3,0.00
i86,e08,c5,p17,l3,0.00
i86,e08,c5,p19,l3,0.00
i86,e08,c5,p21,l3,0.00
i86,e08,c5,p23,l3,0.00
i86,e08,c5,p24,l3,0.00
i86,e08,c5,p25,l3,0.00
i86,e08,c5,p31,l3,0.00
i86,e08,c5,p35,l3,0.00
i86,e09,c5,p01,l3,0.00
i86,e09,c5,p02,l3,0.00
i86,e09,c5,p03,l3,0.00
i86,e09,c5,p04,l3,0.00
i86,e09,c5,p05,l3,0.00
i86,e09,c5,p07,l3,0.00
i86,e09,c5,p08,l3,0.00
i86,e09,c5,p10,l3,0.00
i86,e09,c5,p11,l3,0.00
i86,e09,c5,p12,l3,0.00
i86,e09,c5,p13,l3,0.00
i86,e09,c5,p16,l3,0.00
i86,e09,c5,p17,l3,0.00
i86,e09,c5,p18,l3,0.00
i86,e09,c5,p19,l3,0.00
i86,e09,c5,p21,l3,0.00
i86,e09,c5,p23,l3,0.00
i86,e09,c5,p24,l3,0.00
i86,e09,c5,p25,l3,0.00
i86,e11,c5,p01,l3,0.00
i86,e11,c5,p02,l3,0.00
i86,e11,c5,p04,l3,0.00
i86,e11,c5,p10,l3,0.00
i86,e11,c5,p19,l3,0.00
i86,e11,c5,p21,l3,0.00
i86,e13,c5,p01,l3,0.00
i86,e13,c5,p03,l3,0.00
i86,e13,c5,p04,l3,0.00
i86,e13,c5,p05,l3,0.00
i86,e13,c5,p06,l3,0.00
i86,e13,c5,p07,l3,0.00
i86,e13,c5,p09,l3,0.00
i86,e13,c5,p10,l3,0.00
i86,e13,c5,p11,l3,0.00
i86,e13,c5,p12,l3,0.00
i86,e13,c5,p13,l3,0.00
i86,e13,c5,p14,l3,0.00
i86,e13,c5,p15,l3,0.00
i86,e13,c5,p16,l3,0.00
i86,e13,c5,p17,l3,0.00
i86,e13,c5,p18,l3,0.00
i86,e13,c5,p19,l3,0.00
i86,e13,c5,p21,l3,0.00
i86,e13,c5,p22,l3,0.00
i86,e13,c5,p23,l3,0.00
i86,e13,c5,p24,l3,0.00
i86,e13,c5,p25,l3,0.00
i86,e13,c5,p28,l3,0.00
i86,e13,c5,p31,l3,0.00
i87,e01,c3,p35,l3,0.00
i87,e01,c5,p01,l3,0.00
i87,e01,c5,p02,l3,0.00
i87,e01,c5,p03,l3,0.00
i87,e01,c5,p05,l3,0.00
i87,e01,c5,p06,l3,0.00
i87,e01,c5,p07,l3,0.00
i87,e01,c5,p08,l3,0.00
i87,e01,c5,p09,l3,0.00
i87,e01,c5,p10,l3,0.00
i87,e01,c5,p11,l3,0.00
i87,e01,c5,p12,l3,0.00
i87,e01,c5,p13,l3,0.00
i87,e01,c5,p15,l3,0.00
i87,e01,c5,p16,l3,0.00
i87,e01,c5,p17,l3,0.00
i87,e01,c5,p18,l3,0.00
i87,e01,c5,p19,l3,0.00
i87,e01,c5,p20,l3,0.00
i87,e01,c5,p21,l3,0.00
i87,e01,c5,p22,l3,0.00
i87,e01,c5,p23,l3,0.00
i87,e01,c5,p24,l3,0.00
i87,e01,c5,p25,l3,0.00
i87,e01,c5,p28,l3,0.00
i87,e01,c5,p29,l3,0.00
i87,e01,c5,p31,l3,0.00
i87,e01,c5,p32,l3,0.00
i87,e01,c5,p35,l3,0.00
i87,e04,c3,p35,l3,0.00
i87,e04,c5,p01,l3,0.00
i87,e04,c5,p02,l3,0.00
i87,e04,c5,p03,l3,0.00
i87,e04,c5,p04,l3,0.00
i87,e04,c5,p05,l3,0.00
i87,e04,c5,p06,l3,0.00
i87,e04,c5,p07,l3,0.00
i87,e04,c5,p08,l3,0.00
i87,e04,c5,p10,l3,0.00
i87,e04,c5,p11,l3,0.00
i87,e04,c5,p12,l3,0.00
i87,e04,c5,p13,l3,0.00
i87,e04,c5,p14,l3,0.00
i87,e04,c5,p15,l3,0.00
i87,e04,c5,p16,l3,0.00
i87,e04,c5,p17,l3,0.00
i87,e04,c5,p18,l3,0.00
i87,e04,c5,p19,l3,0.00
i87,e04,c5,p20,l3,0.00
i87,e04,c5,p21,l3,0.00
i87,e04,c5,p22,l3,0.00
i87,e04,c5,p23,l3,0.00
i87,e04,c5,p24,l3,0.00
i87,e04,c5,p25,l3,0.00
i87,e04,c5,p28,l3,0.00
i87,e04,c5,p29,l3,0.00
i87,e04,c5,p32,l3,0.00
i87,e04,c5,p35,l3,0.00
i87,e05,c5,p01,l3,0.00
i87,e05,c5,p03,l3,0.00
i87,e05,c5,p06,l3,0.00
i87,e05,c5,p07,l3,0.00
i87,e05,c5,p08,l3,0.00
i87,e05,c5,p10,l3,0.00
i87,e05,c5,p11,l3,0.00
i87,e05,c5,p12,l3,0.00
i87,e05,c5,p14,l3,0.00
i87,e05,c5,p15,l3,0.00
i87,e05,c5,p16,l3,0.00
i87,e05,c5,p17,l3,0.00
i87,e05,c5,p18,l3,0.00
i87,e05,c5,p19,l3,0.00
i87,e05,c5,p20,l3,0.00
i87,e05,c5,p21,l3,0.00
i87,e05,c5,p22,l3,0.00
i87,e05,c5,p23,l3,0.00
i87,e05,c5,p24,l3,0.00
i87,e05,c5,p28,l3,0.00
i87,e05,c5,p29,l3,0.00
i87,e05,c5,p35,l3,0.00
i87,e09,c5,p01,l3,0.00
i87,e09,c5,p03,l3,0.00
i87,e09,c5,p05,l3,0.00
i87,e09,c5,p06,l3,0.00
i87,e09,c5,p07,l3,0.00
i87,e09,c5,p08,l3,0.00
i87,e09,c5,p10,l3,0.00
i87,e09,c5,p11,l3,0.00
i87,e09,c5,p12,l3,0.00
i87,e09,c5,p14,l3,0.00
i87,e09,c5,p15,l3,0.00
i87,e09,c5,p16,l3,0.00
i87,e09,c5,p17,l3,0.00
i87,e09,c5,p18,l3,0.00
i87,e09,c5,p19,l3,0.00
i87,e09,c5,p20,l3,0.00
i87,e09,c5,p21,l3,0.00
i87,e09,c5,p22,l3,0.00
i87,e09,c5,p23,l3,0.00
i87,e09,c5,p24,l3,0.00
i87,e09,c5,p25,l3,0.00
i87,e09,c5,p28,l3,0.00
i87,e09,c5,p29,l3,0.00
i87,e09,c5,p32,l3,0.00
i87,e09,c5,p35,l3,0.00
i88,e01,c1,p35,l3,0.00
i88,e01,c4,p35,l3,0.00
i88,e04,c1,p35,l3,0.00
i88,e05,c1,p35,l3,0.00
i88,e08,c1,p35,l3,0.00
i88,e09,c1,p35,l3,0.00
i88,e09,c4,p35,l3,0.00
i88,e11,c1,p35,l3,0.00
i88,e11,c4,p35,l3,0.00
i89,e01,c1,p01,l3,0.00
i89,e01,c1,p02,l3,0.00
i89,e01,c1,p03,l3,0.00
i89,e01,c1,p04,l3,0.00
i89,e01,c1,p05,l3,0.00
i89,e01,c1,p06,l3,0.00
i89,e01,c1,p07,l3,0.00
i89,e01,c1,p08,l3,0.00
i89,e01,c1,p09,l3,0.00
i89,e01,c1,p10,l3,0.00
i89,e01,c1,p11,l3,0.00
i89,e01,c1,p12,l3,0.00
i89,e01,c1,p13,l3,0.00
i89,e01,c1,p14,l3,0.00
i89,e01,c1,p15,l3,0.00
i89,e01,c1,p16,l3,0.00
i89,e01,c1,p17,l3,0.00
i89,e01,c1,p18,l3,0.00
i89,e01,c1,p19,l3,0.00
i89,e01,c1,p20,l3,0.00
i89,e01,c1,p21,l3,0.00
i89,e01,c1,p22,l3,0.00
i89,e01,c1,p23,l3,0.00
i89,e01,c1,p24,l3,0.00
i89,e01,c1,p25,l3,0.00
i89,e01,c1,p26,l3,0.00
i89,e01,c1,p28,l3,0.00
i89,e01,c1,p29,l3,0.00
i89,e01,c1,p30,l3,0.00
i89,e01,c1,p31,l3,0.00
i89,e01,c1,p32,l3,0.00
i89,e01,c1,p33,l3,0.00
i89,e01,c1,p35,l3,0.00
i89,e01,c4,p01,l3,0.00
i89,e01,c4,p02,l3,0.00
i89,e01,c4,p03,l3,0.00
i89,e01,c4,p04,l3,0.00
i89,e01,c4,p05,l3,0.00
i89,e01,c4,p07,l3,0.00
i89,e01,c4,p09,l3,0.00
i89,e01,c4,p10,l3,0.00
i89,e01,c4,p13,l3,0.00
i89,e01,c4,p14,l3,0.00
i89,e01,c4,p15,l3,0.00
i89,e01,c4,p18,l3,0.00
i89,e01,c4,p19,l3,0.00
i89,e01,c4,p21,l3,0.00
i89,e01,c4,p22,l3,0.00
i89,e01,c4,p23,l3,0.00
i89,e01,c4,p24,l3,0.00
i89,e01,c4,p25,l3,0.00
i89,e01,c4,p32,l3,0.00
i89,e01,c4,p35,l3,0.00
i89,e01,c7,p19,l3,0.00
i89,e04,c1,p01,l1,0.00
i89,e04,c1,p01,l3,0.00
i89,e04,c1,p02,l1,0.00
i89,e04,c1,p02,l3,0.00
i89,e04,c1,p03,l1,0.00
i89,e04,c1,p03,l3,0.00
i89,e04,c1,p04,l1,0.00
i89,e04,c1,p04,l3,0.00
i89,e04,c1,p05,l1,0.00
i89,e04,c1,p05,l3,0.00
i89,e04,c1,p06,l3,0.00
i89,e04,c1,p07,l1,0.00
i89,e04,c1,p07,l3,0.00
i89,e04,c1,p08,l1,0.00
i89,e04,c1,p08,l3,0.00
i89,e04,c1,p09,l1,0.00
i89,e04,c1,p09,l3,0.00
i89,e04,c1,p10,l1,0.00
i89,e04,c1,p10,l3,0.00
i89,e04,c1,p11,l1,0.00
i89,e04,c1,p11,l3,0.00
i89,e04,c1,p12,l1,0.00
i89,e04,c1,p12,l3,0.00
i89,e04,c1,p13,l1,0.00
i89,e04,c1,p13,l3,0.00
i89,e04,c1,p14,l1,0.00
i89,e04,c1,p14,l3,0.00
i89,e04,c1,p15,l1,0.00
i89,e04,c1,p15,l3,0.00
i89,e04,c1,p16,l1,0.00
i89,e04,c1,p16,l3,0.00
i89,e04,c1,p17,l1,0.00
i89,e04,c1,p17,l3,0.00
i89,e04,c1,p18,l1,0.00
i89,e04,c1,p18,l3,0.00
i89,e04,c1,p19,l1,0.00
i89,e04,c1,p19,l3,0.00
i89,e04,c1,p20,l1,0.00
i89,e04,c1,p20,l3,0.00
i89,e04,c1,p21,l1,0.00
i89,e04,c1,p21,l3,0.00
i89,e04,c1,p22,l1,0.00
i89,e04,c1,p22,l3,0.00
i89,e04,c1,p23,l1,0.00
i89,e04,c1,p23,l3,0.00
i89,e04,c1,p24,l1,0.00
i89,e04,c1,p24,l3,0.00
i89,e04,c1,p25,l1,0.00
i89,e04,c1,p25,l3,0.00
i89,e04,c1,p26,l3,0.00
i89,e04,c1,p28,l1,0.00
i89,e04,c1,p28,l3,0.00
i89,e04,c1,p29,l1,0.00
i89,e04,c1,p29,l3,0.00
i89,e04,c1,p30,l3,0.00
i89,e04,c1,p31,l1,0.00
i89,e04,c1,p31,l3,0.00
i89,e04,c1,p32,l1,0.00
i89,e04,c1,p32,l3,0.00
i89,e04,c1,p33,l3,0.00
i89,e04,c1,p35,l1,0.00
i89,e04,c1,p35,l3,0.00
i89,e04,c4,p01,l3,0.00
i89,e04,c4,p02,l1,0.00
i89,e04,c4,p03,l1,0.00
i89,e04,c4,p07,l3,0.00
i89,e04,c4,p08,l1,0.00
i89,e04,c4,p09,l3,0.00
i89,e04,c4,p10,l1,0.00
i89,e04,c4,p10,l3,0.00
i89,e04,c4,p13,l3,0.00
i89,e04,c4,p14,l3,0.00
i89,e04,c4,p15,l1,0.00
i89,e04,c4,p15,l3,0.00
i89,e04,c4,p18,l3,0.00
i89,e04,c4,p19,l3,0.00
i89,e04,c4,p21,l3,0.00
i89,e04,c4,p22,l3,0.00
i89,e04,c4,p23,l3,0.00
i89,e04,c4,p24,l3,0.00
i89,e04,c4,p25,l1,0.00
i89,e04,c4,p35,l1,0.00
i89,e04,c4,p35,l3,0.00
i89,e04,c7,p19,l3,0.00
i89,e05,c1,p01,l3,0.00
i89,e05,c1,p02,l3,0.00
i89,e05,c1,p03,l3,0.00
i89,e05,c1,p04,l3,0.00
i89,e05,c1,p05,l3,0.00
i89,e05,c1,p06,l3,0.00
i89,e05,c1,p07,l3,0.00
i89,e05,c1,p10,l3,0.00
i89,e05,c1,p11,l1,0.00
i89,e05,c1,p11,l3,0.00
i89,e05,c1,p12,l3,0.00
i89,e05,c1,p13,l3,0.00
i89,e05,c1,p14,l3,0.00
i89,e05,c1,p15,l3,0.00
i89,e05,c1,p16,l1,0.00
i89,e05,c1,p16,l3,0.00
i89,e05,c1,p17,l3,0.00
i89,e05,c1,p18,l3,0.00
i89,e05,c1,p19,l1,0.00
i89,e05,c1,p19,l3,0.00
i89,e05,c1,p21,l3,0.00
i89,e05,c1,p22,l3,0.00
i89,e05,c1,p23,l3,0.00
i89,e05,c1,p24,l1,0.00
i89,e05,c1,p24,l3,0.00
i89,e05,c1,p25,l3,0.00
i89,e05,c1,p28,l1,0.00
i89,e05,c1,p29,l3,0.00
i89,e05,c1,p32,l3,0.00
i89,e05,c1,p35,l1,0.00
i89,e05,c1,p35,l3,0.00
i89,e05,c4,p09,l3,0.00
i89,e05,c4,p23,l3,0.00
i89,e05,c4,p35,l3,0.00
i89,e09,c1,p01,l2,0.00
i89,e09,c1,p01,l3,0.00
i89,e09,c1,p02,l2,0.00
i89,e09,c1,p02,l3,0.00
i89,e09,c1,p03,l2,0.00
i89,e09,c1,p03,l3,0.00
i89,e09,c1,p04,l2,0.00
i89,e09,c1,p04,l3,0.00
i89,e09,c1,p05,l2,0.00
i89,e09,c1,p05,l3,0.00
i89,e09,c1,p06,l2,0.00
i89,e09,c1,p06,l3,0.00
i89,e09,c1,p07,l2,0.00
i89,e09,c1,p07,l3,0.00
i89,e09,c1,p08,l2,0.00
i89,e09,c1,p08,l3,0.00
i89,e09,c1,p09,l2,0.00
i89,e09,c1,p09,l3,0.00
i89,e09,c1,p10,l2,0.00
i89,e09,c1,p10,l3,0.00
i89,e09,c1,p11,l2,0.00
i89,e09,c1,p11,l3,0.00
i89,e09,c1,p12,l2,0.00
i89,e09,c1,p12,l3,0.00
i89,e09,c1,p13,l2,0.00
i89,e09,c1,p13,l3,0.00
i89,e09,c1,p14,l2,0.00
i89,e09,c1,p14,l3,0.00
i89,e09,c1,p15,l2,0.00
i89,e09,c1,p15,l3,0.00
i89,e09,c1,p16,l2,0.00
i89,e09,c1,p16,l3,0.00
i89,e09,c1,p17,l2,0.00
i89,e09,c1,p17,l3,0.00
i89,e09,c1,p18,l2,0.00
i89,e09,c1,p18,l3,0.00
i89,e09,c1,p19,l2,0.00
i89,e09,c1,p19,l3,0.00
i89,e09,c1,p20,l2,0.00
i89,e09,c1,p20,l3,0.00
i89,e09,c1,p21,l2,0.00
i89,e09,c1,p21,l3,0.00
i89,e09,c1,p22,l2,0.00
i89,e09,c1,p22,l3,0.00
i89,e09,c1,p23,l2,0.00
i89,e09,c1,p23,l3,0.00
i89,e09,c1,p24,l2,0.00
i89,e09,c1,p24,l3,0.00
i89,e09,c1,p25,l2,0.00
i89,e09,c1,p25,l3,0.00
i89,e09,c1,p26,l3,0.00
i89,e09,c1,p28,l3,0.00
i89,e09,c1,p29,l2,0.00
i89,e09,c1,p29,l3,0.00
i89,e09,c1,p30,l3,0.00
i89,e09,c1,p31,l3,0.00
i89,e09,c1,p32,l2,0.00
i89,e09,c1,p32,l3,0.00
i89,e09,c1,p33,l3,0.00
i89,e09,c1,p35,l2,0.00
i89,e09,c1,p35,l3,0.00
i89,e09,c4,p01,l2,0.00
i89,e09,c4,p01,l3,0.00
i89,e09,c4,p02,l2,0.00
i89,e09,c4,p03,l2,0.00
i89,e09,c4,p03,l3,0.00
i89,e09,c4,p05,l3,0.00
i89,e09,c4,p06,l2,0.00
i89,e09,c4,p07,l3,0.00
i89,e09,c4,p08,l3,0.00
i89,e09,c4,p09,l3,0.00
i89,e09,c4,p10,l2,0.00
i89,e09,c4,p10,l3,0.00
i89,e09,c4,p13,l2,0.00
i89,e09,c4,p13,l3,0.00
i89,e09,c4,p14,l3,0.00
i89,e09,c4,p15,l3,0.00
i89,e09,c4,p17,l3,0.00
i89,e09,c4,p18,l3,0.00
i89,e09,c4,p19,l3,0.00
i89,e09,c4,p21,l3,0.00
i89,e09,c4,p22,l3,0.00
i89,e09,c4,p35,l2,0.00
i89,e09,c4,p35,l3,0.00
i89,e09,c7,p19,l3,0.00
i89,e09,c7,p35,l3,0.00
i90,e01,c1,p01,l3,0.00
i90,e01,c1,p10,l3,0.00
i90,e01,c1,p11,l3,0.00
i90,e01,c1,p12,l3,0.00
i90,e01,c1,p14,l3,0.00
i90,e01,c1,p19,l3,0.00
i90,e01,c1,p23,l3,0.00
i90,e01,c1,p24,l3,0.00
i90,e01,c1,p26,l3,0.00
i90,e01,c1,p32,l3,0.00
i90,e03,c1,p01,l3,0.00
i90,e03,c1,p02,l3,0.00
i90,e03,c1,p03,l3,0.00
i90,e03,c1,p04,l3,0.00
i90,e03,c1,p05,l3,0.00
i90,e03,c1,p06,l3,0.00
i90,e03,c1,p08,l3,0.00
i90,e03,c1,p09,l3,0.00
i90,e03,c1,p10,l3,0.00
i90,e03,c1,p11,l3,0.00
i90,e03,c1,p12,l3,0.00
i90,e03,c1,p15,l3,0.00
i90,e03,c1,p16,l3,0.00
i90,e03,c1,p17,l3,0.00
i90,e03,c1,p18,l3,0.00
i90,e03,c1,p19,l3,0.00
i90,e03,c1,p20,l3,0.00
i90,e03,c1,p21,l3,0.00
i90,e03,c1,p23,l3,0.00
i90,e03,c1,p25,l3,0.00
i90,e03,c1,p26,l3,0.00
i90,e03,c1,p28,l3,0.00
i90,e03,c1,p32,l3,0.00
i90,e03,c1,p35,l3,0.00
i90,e03,c4,p01,l3,0.00
i90,e03,c4,p19,l3,0.00
i90,e04,c1,p04,l3,0.00
i90,e04,c1,p10,l3,0.00
i90,e04,c1,p11,l3,0.00
i90,e04,c1,p12,l3,0.00
i90,e04,c1,p15,l3,0.00
i90,e04,c1,p19,l3,0.00
i90,e04,c1,p23,l3,0.00
i90,e04,c1,p24,l3,0.00
i90,e04,c1,p26,l3,0.00
i90,e04,c1,p32,l3,0.00
i90,e08,c1,p01,l3,0.00
i90,e08,c1,p04,l3,0.00
i90,e08,c1,p05,l3,0.00
i90,e08,c1,p10,l3,0.00
i90,e08,c1,p11,l3,0.00
i90,e08,c1,p12,l2,0.00
i90,e08,c1,p19,l3,0.00
i90,e08,c1,p20,l3,0.00
i90,e08,c1,p21,l3,0.00
i90,e08,c1,p23,l3,0.00
i90,e08,c1,p26,l3,0.00
i90,e08,c1,p32,l3,0.00
i90,e08,c1,p35,l3,0.00
i90,e08,c4,p01,l3,0.00
i90,e09,c1,p10,l3,0.00
i90,e09,c1,p11,l3,0.00
i90,e09,c1,p12,l3,0.00
i90,e09,c1,p19,l3,0.00
i90,e09,c1,p23,l3,0.00
i90,e09,c1,p24,l3,0.00
i90,e09,c1,p25,l3,0.00
i90,e09,c1,p26,l3,0.00
i90,e09,c1,p32,l3,0.00
i90,e09,c4,p01,l3,0.00
i90,e11,c1,p01,l3,0.00
i90,e11,c1,p05,l3,0.00
i90,e11,c1,p10,l2,0.00
i90,e11,c1,p10,l3,0.00
i90,e11,c1,p11,l3,0.00
i90,e11,c1,p12,l3,0.00
i90,e11,c1,p23,l3,0.00
i91,e01,c1,p10,l3,0.00
i91,e04,c1,p10,l3,0.00
i91,e05,c1,p10,l3,0.00
i91,e08,c1,p10,l3,0.00
i91,e09,c1,p10,l3,0.00
i91,e13,c1,p10,l3,0.00
i93,e01,c5,p10,l3,0.00
i93,e01,c5,p35,l3,0.00
i93,e02,c5,p35,l3,0.00
i93,e03,c5,p10,l3,0.00
i93,e03,c5,p35,l3,0.00
i93,e04,c5,p10,l3,0.00
i93,e04,c5,p35,l3,0.00
i93,e05,c5,p01,l3,0.00
i93,e05,c5,p10,l3,0.00
i93,e05,c5,p35,l3,0.00
i93,e08,c5,p01,l3,0.00
i93,e08,c5,p10,l3,0.00
i93,e08,c5,p35,l3,0.00
i93,e09,c5,p10,l3,0.00
i93,e10,c5,p10,l3,0.00
i93,e10,c5,p35,l3,0.00
i93,e11,c5,p01,l3,0.00
i93,e11,c5,p10,l3,0.00
i93,e11,c5,p35,l3,0.00
i93,e12,c5,p10,l3,0.00
i93,e12,c5,p35,l3,0.00
i94,e01,c1,p35,l3,0.00
i94,e04,c1,p35,l3,0.00
i94,e05,c1,p35,l3,0.00
i94,e08,c1,p35,l3,0.00
i94,e09,c1,p35,l3,0.00
i94,e11,c1,p35,l3,0.00
i94,e13,c1,p35,l3,0.00
i95,e01,c3,p35,l3,0.00
i95,e01,c5,p35,l3,0.00
i95,e02,c3,p35,l3,0.00
i95,e02,c5,p35,l3,0.00
i95,e04,c3,p35,l3,0.00
i95,e04,c5,p35,l3,0.00
i95,e05,c3,p35,l3,0.00
i95,e05,c5,p35,l3,0.00
i95,e09,c3,p35,l3,0.00
i95,e09,c5,p35,l3,0.00
i96,e01,c3,p35,l3,0.00
i96,e01,c5,p01,l3,0.00
i96,e01,c5,p03,l3,0.00
i96,e01,c5,p06,l3,0.00
i96,e01,c5,p10,l3,0.00
i96,e01,c5,p13,l3,0.00
i96,e01,c5,p14,l3,0.00
i96,e01,c5,p19,l3,0.00
i96,e01,c5,p29,l3,0.00
i96,e01,c5,p35,l3,1.59
i96,e02,c5,p21,l3,0.00
i96,e04,c3,p35,l3,0.00
i96,e04,c5,p01,l3,0.00
i96,e04,c5,p03,l3,0.00
i96,e04,c5,p05,l3,0.00
i96,e04,c5,p06,l3,0.00
i96,e04,c5,p10,l3,0.00
i96,e04,c5,p11,l3,0.00
i96,e04,c5,p12,l3,0.00
i96,e04,c5,p13,l3,0.00
i96,e04,c5,p16,l3,0.00
i96,e04,c5,p18,l3,0.00
i96,e04,c5,p19,l3,0.00
i96,e04,c5,p28,l3,0.00
i96,e04,c5,p29,l3,0.00
i96,e04,c5,p35,l3,0.00
i96,e09,c3,p35,l3,0.00
i96,e09,c5,p01,l3,0.00
i96,e09,c5,p03,l3,0.00
i96,e09,c5,p10,l3,0.00
i96,e09,c5,p12,l3,0.00
i96,e09,c5,p13,l3,0.00
i96,e09,c5,p17,l3,0.00
i96,e09,c5,p18,l3,0.00
i96,e09,c5,p19,l3,0.00
i96,e09,c5,p29,l3,0.00
i96,e09,c5,p35,l3,0.00
i97,e01,c1,p10,l3,0.00
i97,e01,c1,p12,l3,0.00
i97,e01,c1,p35,l3,0.00
i97,e04,c1,p05,l3,0.00
i97,e04,c1,p10,l1,0.00
i97,e04,c1,p10,l3,0.00
i97,e04,c1,p12,l3,0.00
i97,e04,c1,p35,l1,0.00
i97,e04,c1,p35,l3,0.00
i97,e05,c1,p10,l3,0.00
i97,e05,c1,p35,l3,0.00
i97,e08,c1,p10,l2,0.00
i97,e08,c1,p10,l3,0.00
i97,e08,c1,p12,l3,0.00
i97,e08,c1,p35,l2,0.00
i97,e08,c1,p35,l3,0.00
i97,e09,c1,p10,l2,0.00
i97,e09,c1,p10,l3,0.00
i97,e09,c1,p12,l3,0.00
i97,e09,c1,p35,l2,0.00
i97,e09,c1,p35,l3,0.00
i97,e11,c1,p10,l2,0.00
i97,e11,c1,p10,l3,0.00
i97,e11,c1,p35,l2,0.00
i97,e11,c1,p35,l3,0.00
i98,e01,c1,p10,l3,0.00
i98,e01,c1,p21,l3,0.00
i98,e04,c1,p10,l1,0.00
i98,e04,c1,p10,l3,0.00
i98,e04,c1,p11,l1,0.00
i98,e04,c1,p28,l3,0.00
i98,e05,c1,p10,l1,0.00
i98,e05,c1,p10,l3,0.00
i98,e05,c1,p35,l1,0.00
i98,e05,c1,p35,l3,0.00
i98,e09,c1,p10,l2,0.00
i98,e09,c1,p10,l3,0.00
i98,e09,c1,p11,l2,0.00
i98,e12,c1,p03,l3,0.00
i98,e12,c1,p10,l3,0.00
i98,e12,c1,p11,l3,0.00
i98,e12,c1,p12,l3,0.00
i98,e12,c1,p28,l3,0.00
i99,e01,c5,p05,l3,0.00
i99,e01,c5,p07,l3,0.00
i99,e01,c5,p10,l3,0.00
i99,e01,c5,p19,l3,0.00
i99,e01,c5,p20,l3,0.00
i99,e01,c5,p23,l3,0.00
i99,e01,c5,p24,l3,0.00
i99,e01,c5,p35,l3,0.00
i99,e04,c3,p35,l3,0.00
i99,e04,c5,p02,l3,0.00
i99,e04,c5,p05,l3,0.00
i99,e04,c5,p06,l3,0.00
i99,e04,c5,p07,l3,0.00
i99,e04,c5,p08,l3,0.00
i99,e04,c5,p10,l3,0.00
i99,e04,c5,p12,l3,0.00
i99,e04,c5,p14,l3,0.00
i99,e04,c5,p15,l3,0.00
i99,e04,c5,p18,l3,0.00
i99,e04,c5,p19,l3,0.00
i99,e04,c5,p22,l3,0.00
i99,e04,c5,p23,l3,0.00
i99,e04,c5,p24,l3,0.00
i99,e04,c5,p25,l3,0.00
i99,e04,c5,p29,l3,0.00
i99,e04,c5,p35,l3,0.00
i99,e05,c3,p03,l3,0.00
i99,e05,c3,p07,l1,0.00
i99,e05,c3,p19,l3,0.00
i99,e05,c3,p35,l1,0.00
i99,e05,c3,p35,l3,0.00
i99,e05,c5,p01,l3,0.00
i99,e05,c5,p02,l3,0.00
i99,e05,c5,p03,l1,0.00
i99,e05,c5,p03,l3,0.00
i99,e05,c5,p04,l1,0.00
i99,e05,c5,p04,l3,0.00
i99,e05,c5,p05,l1,0.00
i99,e05,c5,p05,l3,0.00
i99,e05,c5,p06,l3,0.00
i99,e05,c5,p07,l1,0.00
i99,e05,c5,p07,l3,0.00
i99,e05,c5,p08,l3,0.00
i99,e05,c5,p09,l3,0.00
i99,e05,c5,p10,l1,0.00
i99,e05,c5,p10,l3,0.00
i99,e05,c5,p11,l3,0.00
i99,e05,c5,p12,l3,0.00
i99,e05,c5,p13,l1,0.00
i99,e05,c5,p13,l3,0.00
i99,e05,c5,p14,l3,0.00
i99,e05,c5,p15,l1,0.00
i99,e05,c5,p15,l3,0.00
i99,e05,c5,p16,l1,0.00
i99,e05,c5,p16,l3,0.00
i99,e05,c5,p17,l3,0.00
i99,e05,c5,p18,l3,0.00
i99,e05,c5,p19,l3,0.00
i99,e05,c5,p20,l3,0.00
i99,e05,c5,p21,l1,0.00
i99,e05,c5,p21,l3,0.00
i99,e05,c5,p22,l3,0.00
i99,e05,c5,p23,l3,0.00
i99,e05,c5,p24,l1,0.00
i99,e05,c5,p24,l3,0.00
i99,e05,c5,p25,l1,0.00
i99,e05,c5,p25,l3,0.00
i99,e05,c5,p28,l3,0.00
i99,e05,c5,p29,l3,0.00
i99,e05,c5,p31,l3,0.00
i99,e05,c5,p32,l3,0.00
i99,e05,c5,p35,l1,0.00
i99,e05,c5,p35,l3,0.00
i99,e09,c5,p06,l3,0.00
i99,e09,c5,p19,l3,0.00
i99,e09,c5,p21,l3,0.00
i99,e09,c5,p22,l2,0.00
i99,e09,c5,p29,l3,0.00
i99,e09,c5,p35,l2,0.00
i99,e09,c5,p35,l3,0.00
unknown,e01,c1,p01,l3,0.00
unknown,e01,c1,p02,l3,0.00
unknown,e01,c1,p03,l3,0.00
unknown,e01,c1,p05,l3,0.00
unknown,e01,c1,p06,l3,0.00
unknown,e01,c1,p07,l3,0.00
unknown,e01,c1,p08,l3,0.00
unknown,e01,c1,p10,l3,0.00
unknown,e01,c1,p11,l3,0.00
unknown,e01,c1,p12,l3,0.00
unknown,e01,c1,p13,l3,0.00
unknown,e01,c1,p15,l3,0.00
unknown,e01,c1,p16,l3,0.00
unknown,e01,c1,p17,l3,0.00
unknown,e01,c1,p18,l3,0.00
unknown,e01,c1,p19,l3,0.00
unknown,e01,c1,p20,l3,0.00
unknown,e01,c1,p21,l3,0.00
unknown,e01,c1,p22,l3,0.00
unknown,e01,c1,p23,l3,0.00
unknown,e01,c1,p24,l3,0.00
unknown,e01,c1,p28,l3,0.00
unknown,e01,c1,p29,l3,0.00
unknown,e01,c1,p35,l3,0.00
unknown,e01,c2,p35,l3,0.00
unknown,e01,c3,p10,l3,0.00
unknown,e01,c3,p35,l3,0.00
unknown,e01,c4,p05,l3,0.00
unknown,e01,c4,p08,l3,0.00
unknown,e01,c4,p10,l3,0.00
unknown,e01,c4,p22,l3,0.00
unknown,e01,c4,p24,l3,0.00
unknown,e01,c4,p35,l3,0.00
unknown,e01,c5,p04,l3,0.00
unknown,e01,c5,p10,l3,0.00
unknown,e01,c5,p19,l3,0.00
unknown,e01,c5,p33,l3,0.00
unknown,e01,c5,p35,l3,0.00
unknown,e01,c8,p35,l3,0.00
unknown,e02,c3,p01,l3,0.00
unknown,e02,c3,p10,l1,0.00
unknown,e02,c3,p10,l3,0.00
unknown,e02,c3,p35,l1,0.00
unknown,e02,c3,p35,l3,0.00
unknown,e02,c5,p10,l3,0.00
unknown,e02,c5,p35,l3,0.00
unknown,e03,c1,p10,l3,0.00
unknown,e03,c1,p35,l3,0.00
unknown,e03,c3,p10,l3,0.00
unknown,e03,c3,p35,l3,0.00
unknown,e03,c5,p03,l3,0.00
unknown,e03,c5,p10,l3,0.00
unknown,e03,c5,p19,l3,0.00
unknown,e03,c5,p33,l3,0.00
unknown,e03,c5,p35,l3,0.00
unknown,e04,c1,p01,l3,0.00
unknown,e04,c1,p02,l3,0.00
unknown,e04,c1,p06,l3,0.00
unknown,e04,c1,p07,l3,0.00
unknown,e04,c1,p10,l3,0.00
unknown,e04,c1,p12,l3,0.00
unknown,e04,c1,p13,l3,0.00
unknown,e04,c1,p17,l3,0.00
unknown,e04,c1,p19,l3,0.00
unknown,e04,c1,p22,l1,0.00
unknown,e04,c1,p22,l3,0.00
unknown,e04,c1,p24,l3,0.00
unknown,e04,c1,p35,l3,0.00
unknown,e04,c2,p35,l3,0.00
unknown,e04,c3,p01,l3,0.00
unknown,e04,c3,p10,l1,0.00
unknown,e04,c3,p10,l3,0.00
unknown,e04,c3,p35,l1,0.00
unknown,e04,c3,p35,l3,0.00
unknown,e04,c4,p10,l3,0.00
unknown,e04,c5,p04,l3,0.00
unknown,e04,c5,p05,l3,0.00
unknown,e04,c5,p10,l3,0.00
unknown,e04,c5,p19,l3,0.00
unknown,e04,c5,p33,l3,0.00
unknown,e04,c5,p35,l3,0.00
unknown,e04,c8,p10,l3,0.00
unknown,e04,c8,p35,l3,0.00
unknown,e05,c1,p01,l3,0.00
unknown,e05,c1,p02,l1,0.00
unknown,e05,c1,p02,l3,0.00
unknown,e05,c1,p03,l3,0.00
unknown,e05,c1,p07,l1,0.00
unknown,e05,c1,p07,l3,0.00
unknown,e05,c1,p09,l3,0.00
unknown,e05,c1,p10,l1,0.00
unknown,e05,c1,p10,l3,0.00
unknown,e05,c1,p11,l3,0.00
unknown,e05,c1,p12,l3,0.00
unknown,e05,c1,p13,l3,0.00
unknown,e05,c1,p14,l3,0.00
unknown,e05,c1,p15,l3,0.00
unknown,e05,c1,p18,l3,0.00
unknown,e05,c1,p22,l3,0.00
unknown,e05,c1,p35,l1,0.00
unknown,e05,c1,p35,l3,0.00
unknown,e05,c3,p01,l3,0.00
unknown,e05,c3,p03,l3,0.00
unknown,e05,c3,p07,l3,0.00
unknown,e05,c3,p10,l1,0.00
unknown,e05,c3,p10,l3,0.00
unknown,e05,c3,p11,l3,0.00
unknown,e05,c3,p21,l1,0.00
unknown,e05,c3,p21,l3,0.00
unknown,e05,c3,p28,l3,0.00
unknown,e05,c3,p35,l1,0.00
unknown,e05,c3,p35,l3,0.00
unknown,e05,c4,p11,l3,0.00
unknown,e05,c4,p21,l3,0.00
unknown,e05,c5,p01,l3,0.00
unknown,e05,c5,p03,l3,0.00
unknown,e05,c5,p10,l3,0.00
unknown,e05,c5,p11,l3,0.00
unknown,e05,c5,p19,l3,0.00
unknown,e05,c5,p25,l3,0.00
unknown,e05,c5,p28,l3,0.00
unknown,e05,c5,p35,l3,0.00
unknown,e06,c1,p09,l3,0.00
unknown,e07,c1,p02,l3,0.00
unknown,e07,c1,p10,l3,0.00
unknown,e07,c1,p13,l3,0.00
unknown,e07,c1,p19,l3,0.00
unknown,e07,c1,p35,l3,0.00
unknown,e07,c5,p10,l3,0.00
unknown,e07,c5,p35,l3,0.00
unknown,e08,c1,p01,l3,0.00
unknown,e08,c1,p02,l3,0.00
unknown,e08,c1,p03,l3,0.00
unknown,e08,c1,p04,l3,0.00
unknown,e08,c1,p05,l3,0.00
unknown,e08,c1,p07,l2,0.00
unknown,e08,c1,p07,l3,0.00
unknown,e08,c1,p10,l2,0.00
unknown,e08,c1,p10,l3,0.00
unknown,e08,c1,p11,l3,0.00
unknown,e08,c1,p12,l2,0.00
unknown,e08,c1,p12,l3,0.00
unknown,e08,c1,p13,l3,0.00
unknown,e08,c1,p15,l3,0.00
unknown,e08,c1,p16,l3,0.00
unknown,e08,c1,p19,l3,0.00
unknown,e08,c1,p20,l3,0.00
unknown,e08,c1,p21,l3,0.00
unknown,e08,c1,p23,l3,0.00
unknown,e08,c1,p24,l3,0.00
unknown,e08,c1,p29,l3,0.00
unknown,e08,c1,p33,l3,0.00
unknown,e08,c1,p35,l2,0.00
unknown,e08,c1,p35,l3,0.00
unknown,e08,c3,p01,l3,0.00
unknown,e08,c3,p03,l3,0.00
unknown,e08,c3,p10,l2,0.00
unknown,e08,c3,p10,l3,0.00
unknown,e08,c3,p35,l2,0.00
unknown,e08,c3,p35,l3,0.00
unknown,e08,c4,p35,l3,0.00
unknown,e08,c5,p03,l3,0.00
unknown,e08,c5,p04,l3,0.00
unknown,e08,c5,p10,l3,0.00
unknown,e08,c5,p19,l3,0.00
unknown,e08,c5,p33,l3,0.00
unknown,e08,c5,p35,l3,0.00
unknown,e08,c8,p10,l3,0.00
unknown,e08,c8,p35,l3,0.00
unknown,e08,unknown,p35,unknown,0.00
unknown,e09,c1,p05,l3,0.00
unknown,e09,c1,p06,l3,0.00
unknown,e09,c1,p07,l3,0.00
unknown,e09,c1,p10,l2,0.00
unknown,e09,c1,p10,l3,0.00
unknown,e09,c1,p11,l3,0.00
unknown,e09,c1,p12,l3,0.00
unknown,e09,c1,p13,l3,0.00
unknown,e09,c1,p16,l3,0.00
unknown,e09,c1,p17,l3,0.00
unknown,e09,c1,p19,l3,0.00
unknown,e09,c1,p21,l3,0.00
unknown,e09,c1,p22,l2,0.00
unknown,e09,c1,p22,l3,0.00
unknown,e09,c1,p24,l3,0.00
unknown,e09,c1,p29,l3,0.00
unknown,e09,c1,p32,l3,0.00
unknown,e09,c1,p35,l3,0.00
unknown,e09,c3,p10,l2,0.00
unknown,e09,c3,p10,l3,0.00
unknown,e09,c3,p35,l3,0.00
unknown,e09,c5,p10,l3,0.00
unknown,e09,c5,p19,l3,0.00
unknown,e09,c5,p33,l3,0.00
unknown,e09,c5,p35,l3,0.00
unknown,e09,c8,p10,l3,0.00
unknown,e09,c8,p35,l3,0.00
unknown,e10,c1,p10,l3,0.00
unknown,e10,c1,p35,l3,0.00
unknown,e10,c3,p10,l3,0.00
unknown,e10,c3,p10,l4,0.00
unknown,e10,c3,p35,l3,0.00
unknown,e10,c3,p35,l4,0.00
unknown,e10,c5,p01,l3,0.00
unknown,e10,c5,p01,unknown,0.00
unknown,e10,c5,p10,l3,0.00
unknown,e10,c5,p10,l4,0.00
unknown,e10,c5,p16,l3,0.00
unknown,e10,c5,p16,unknown,0.00
unknown,e10,c5,p18,l3,0.00
unknown,e10,c5,p19,l3,0.00
unknown,e10,c5,p25,unknown,0.00
unknown,e10,c5,p33,l3,0.00
unknown,e10,c5,p35,l3,0.00
unknown,e10,c5,p35,l4,0.00
unknown,e10,c5,p35,unknown,0.00
unknown,e10,unknown,p35,unknown,0.00
unknown,e11,c1,p01,l3,0.00
unknown,e11,c1,p02,l3,0.00
unknown,e11,c1,p03,l3,0.00
unknown,e11,c1,p10,l3,0.00
unknown,e11,c1,p11,l3,0.00
unknown,e11,c1,p13,l3,0.00
unknown,e11,c1,p17,l3,0.00
unknown,e11,c1,p19,l3,0.00
unknown,e11,c1,p21,l3,0.00
unknown,e11,c1,p23,l3,0.00
unknown,e11,c1,p35,l3,0.00
unknown,e11,c3,p10,l3,0.00
unknown,e11,c3,p35,l3,0.00
unknown,e11,c5,p10,l3,0.00
unknown,e11,c5,p19,l3,0.00
unknown,e11,c5,p35,l3,0.00
unknown,e12,c1,p01,l3,0.00
unknown,e12,c1,p02,l3,0.00
unknown,e12,c1,p03,l3,0.00
unknown,e12,c1,p04,l3,0.00
unknown,e12,c1,p09,l3,0.00
unknown,e12,c1,p10,l3,0.00
unknown,e12,c1,p11,l3,0.00
unknown,e12,c1,p12,l3,0.00
unknown,e12,c1,p13,l3,0.00
unknown,e12,c1,p14,l3,0.00
unknown,e12,c1,p15,l3,0.00
unknown,e12,c1,p18,l3,0.00
unknown,e12,c1,p19,l3,0.00
unknown,e12,c1,p20,l3,0.00
unknown,e12,c1,p21,l3,0.00
unknown,e12,c1,p24,l3,0.00
unknown,e12,c1,p35,l3,0.00
unknown,e12,c3,p10,l3,0.00
unknown,e12,c3,p35,l3,0.00
unknown,e12,c5,p10,l3,0.00
unknown,e12,c5,p19,l3,0.00
unknown,e12,c5,p35,l3,0.00
unknown,e12,c5,p35,unknown,0.00
unknown,e12,unknown,p35,unknown,0.00
unknown,e13,c1,p10,l3,0.00
unknown,e13,c5,p04,l3,0.00
unknown,e13,c5,p10,l3,0.00
unknown,e13,c5,p21,l3,0.00
unknown,e13,c5,p35,l3,0.00
